~o
<STREAMINFO> 1 6
<VECSIZE> 6<NULLD><USER><DIAGC>
~h "SegundoPRIMARIA"
<BEGINHMM>
<NUMSTATES> 3
<STATE> 2
<NUMMIXES> 7
<MIXTURE> 1 5.043250e-03
<MEAN> 6
 3.248460e+01 -2.862646e+02 -6.810062e+00 6.161395e+01 -1.244883e+03 -2.092112e+03
<VARIANCE> 6
 9.368772e+03 7.867461e+05 8.858798e+05 1.092217e+06 5.892696e+08 8.509936e+11
<GCONST> 1.090102e+02
<MIXTURE> 2 1.406905e-01
<MEAN> 6
 9.236131e+01 8.395931e+01 5.235040e-01 -4.124181e+00 -2.742236e+01 -1.484245e+02
<VARIANCE> 6
 3.492566e+02 1.197304e+06 2.269984e+05 2.938911e+02 3.927927e+04 5.044783e+07
<GCONST> 7.720946e+01
<MIXTURE> 3 9.788115e-02
<MEAN> 6
 2.363818e+01 -9.566252e+01 -1.426249e+01 -6.035188e+01 1.553019e+02 3.662804e+03
<VARIANCE> 6
 4.682080e+03 6.200151e+06 1.710041e+06 5.795705e+04 3.513903e+06 1.574367e+09
<GCONST> 9.668768e+01
<MIXTURE> 4 2.678767e-01
<MEAN> 6
 -3.853426e+01 1.722738e+01 6.252272e+00 2.827155e+01 6.278124e+02 -9.432307e+02
<VARIANCE> 6
 5.843408e+02 1.903319e+05 1.818668e+05 2.515744e+04 3.685298e+05 9.578571e+07
<GCONST> 8.299311e+01
<MIXTURE> 5 1.727864e-01
<MEAN> 6
 6.521349e+01 6.740455e+01 1.040049e+02 2.328698e+01 -4.819951e+02 -8.084491e+02
<VARIANCE> 6
 9.700458e+02 1.761173e+05 2.471134e+05 4.080866e+04 3.214708e+05 8.955702e+07
<GCONST> 8.400881e+01
<MIXTURE> 6 1.743057e-01
<MEAN> 6
 7.867997e+01 -2.911463e+01 -8.493311e+01 -1.098934e+00 -1.639778e+01 -1.652511e+02
<VARIANCE> 6
 2.062628e+02 2.005556e+05 1.006346e+06 2.938911e+02 3.927927e+04 5.044783e+07
<GCONST> 7.638521e+01
<MIXTURE> 7 1.399817e-01
<MEAN> 6
 6.068559e+01 -8.675944e+01 -2.524829e+01 -3.513630e+01 -6.167938e+02 6.518457e+02
<VARIANCE> 6
 1.371035e+03 1.575890e+05 9.656196e+04 5.601405e+04 8.163751e+05 3.242316e+08
<GCONST> 8.583923e+01
<TRANSP> 3
 0.000000e+00 1.000000e+00 0.000000e+00
 0.000000e+00 9.999632e-01 3.678103e-05
 0.000000e+00 0.000000e+00 0.000000e+00
<ENDHMM>
~h "SegundoESO"
<BEGINHMM>
<NUMSTATES> 3
<STATE> 2
<NUMMIXES> 7
<MIXTURE> 1 5.027839e-02
<MEAN> 6
 7.083419e+01 -5.016409e+02 4.036396e+01 1.433840e+01 -2.226247e+02 -7.467901e+00
<VARIANCE> 6
 7.502037e+02 2.255286e+07 2.031133e+07 1.326069e+04 1.121775e+05 5.044783e+07
<GCONST> 9.026252e+01
<MIXTURE> 2 1.329332e-01
<MEAN> 6
 7.884930e+01 2.193298e+02 -5.212969e+02 -2.867094e+00 -2.298887e+01 -2.587247e+01
<VARIANCE> 6
 1.802657e+02 7.844654e+05 3.781079e+06 2.938911e+02 3.927927e+04 5.044783e+07
<GCONST> 7.893808e+01
<MIXTURE> 3 1.378171e-01
<MEAN> 6
 3.172670e+00 2.096017e+01 3.658625e+02 -5.426140e+01 1.377877e+02 1.705488e+03
<VARIANCE> 6
 2.983484e+03 3.199389e+06 3.433640e+06 4.272089e+04 1.495792e+06 4.254249e+08
<GCONST> 9.380492e+01
<MIXTURE> 4 2.489182e-01
<MEAN> 6
 -3.231940e+01 3.239106e+01 2.033783e+01 2.219896e+01 4.665666e+02 -7.010757e+02
<VARIANCE> 6
 5.695432e+02 3.624010e+05 2.634652e+05 2.110491e+04 2.290192e+05 6.596244e+07
<GCONST> 8.295770e+01
<MIXTURE> 5 1.292288e-01
<MEAN> 6
 4.898950e+01 9.037614e+01 1.107856e+02 5.443390e+01 -3.433666e+02 -6.159833e+02
<VARIANCE> 6
 6.312897e+02 6.283952e+05 3.177071e+05 2.585226e+04 1.117853e+05 5.044783e+07
<GCONST> 8.301577e+01
<MIXTURE> 6 1.733652e-01
<MEAN> 6
 7.107901e+01 -8.413197e+01 -2.642030e+01 -1.441629e+00 -2.350294e+01 -1.052679e+02
<VARIANCE> 6
 1.023005e+02 1.002312e+06 1.252340e+05 2.938911e+02 3.927927e+04 5.044783e+07
<GCONST> 7.520905e+01
<MIXTURE> 7 1.255127e-01
<MEAN> 6
 5.464423e+01 -9.484191e+01 1.455021e+01 -3.928814e+01 -5.713358e+02 3.315458e+02
<VARIANCE> 6
 6.989460e+02 5.712692e+05 1.713812e+05 2.963231e+04 2.497648e+05 7.691994e+07
<GCONST> 8.376726e+01
<TRANSP> 3
 0.000000e+00 1.000000e+00 0.000000e+00
 0.000000e+00 9.999635e-01 3.650646e-05
 0.000000e+00 0.000000e+00 0.000000e+00
<ENDHMM>
~h "QuintoPRIMARIA"
<BEGINHMM>
<NUMSTATES> 3
<STATE> 2
<NUMMIXES> 7
<MIXTURE> 1 1.130333e-01
<MEAN> 6
 8.422339e+01 1.035495e+02 3.039949e+02 -3.146215e+00 -2.109153e+01 -9.282813e+00
<VARIANCE> 6
 2.395320e+02 3.189097e+06 3.509540e+06 2.938911e+02 3.927927e+04 5.044783e+07
<GCONST> 8.055031e+01
<MIXTURE> 2 1.109639e-02
<MEAN> 6
 1.367582e+01 -9.440496e+02 -1.006841e+02 -8.957184e+00 -4.406010e+02 2.827193e+03
<VARIANCE> 6
 1.032687e+04 1.283930e+07 7.741873e+05 1.324337e+06 7.171881e+08 1.051983e+12
<GCONST> 1.123663e+02
<MIXTURE> 3 2.049066e-01
<MEAN> 6
 -3.804726e+01 -3.553268e+01 3.724141e+01 4.154976e+01 5.290458e+02 -8.142562e+02
<VARIANCE> 6
 6.627686e+02 1.617541e+05 2.170185e+05 2.090656e+04 2.460785e+05 5.925101e+07
<GCONST> 8.206378e+01
<MIXTURE> 4 1.260042e-01
<MEAN> 6
 5.959978e+00 2.918943e+02 1.454386e+02 -1.967618e+01 1.407038e+02 3.707505e+02
<VARIANCE> 6
 3.325681e+03 2.223556e+06 1.381718e+06 4.724866e+04 1.301426e+06 4.424801e+08
<GCONST> 9.264021e+01
<MIXTURE> 5 2.304584e-01
<MEAN> 6
 7.641760e+01 -2.495092e+01 1.503919e+01 -2.052656e+00 -1.893733e+01 -1.673222e+02
<VARIANCE> 6
 1.833199e+02 1.449516e+05 8.920738e+05 2.938911e+02 3.927927e+04 5.044783e+07
<GCONST> 7.582207e+01
<MIXTURE> 6 2.209634e-01
<MEAN> 6
 5.736421e+01 -1.426012e+01 -1.104736e+01 -4.566118e+00 -5.045464e+02 -2.665298e+02
<VARIANCE> 6
 7.951396e+02 2.071188e+05 1.233812e+05 3.403051e+04 2.822652e+05 9.219886e+07
<GCONST> 8.299493e+01
<MIXTURE> 7 9.225401e-02
<MEAN> 6
 1.754408e+01 -2.369313e+02 -6.504725e+02 -4.010278e+01 -3.035984e+01 2.053475e+03
<VARIANCE> 6
 3.630792e+03 1.008534e+06 8.144798e+06 4.544342e+04 1.690765e+06 5.522946e+08
<GCONST> 9.415588e+01
<TRANSP> 3
 0.000000e+00 1.000000e+00 0.000000e+00
 0.000000e+00 9.999639e-01 3.604029e-05
 0.000000e+00 0.000000e+00 0.000000e+00
<ENDHMM>
