~o
<STREAMINFO> 1 6
<VECSIZE> 6<NULLD><USER><DIAGC>
~h "SegundoPRIMARIA"
<BEGINHMM>
<NUMSTATES> 13
<STATE> 2
<NUMMIXES> 12
<MIXTURE> 1 1.190376e-01
<MEAN> 6
 2.049829e+01 8.124543e+01 5.576755e+00 2.523342e+02 5.312389e+01 -3.880848e+03
<VARIANCE> 6
 7.660471e+02 1.043823e+05 4.699416e+04 6.581212e+03 2.801123e+05 7.789280e+07
<GCONST> 7.948787e+01
<MIXTURE> 2 4.376877e-02
<MEAN> 6
 5.380118e+01 5.748249e+01 6.341812e+01 -4.148333e+01 -5.196738e+02 5.953396e+03
<VARIANCE> 6
 4.027394e+03 6.454108e+05 8.567957e+05 7.555670e+04 6.402052e+06 3.459966e+09
<GCONST> 9.523602e+01
<MIXTURE> 3 6.425017e-02
<MEAN> 6
 8.865030e+01 7.641921e+00 7.006341e+01 -1.965597e+00 -2.526039e+01 -3.749275e+02
<VARIANCE> 6
 1.699740e+02 1.568907e+05 9.657542e+04 3.003832e+02 4.056576e+04 5.205853e+07
<GCONST> 7.368791e+01
<MIXTURE> 4 5.882491e-02
<MEAN> 6
 5.808785e+01 3.031514e+01 2.112353e+02 1.666895e+01 -3.545566e+02 -4.778070e+02
<VARIANCE> 6
 6.709128e+02 6.331383e+04 4.578103e+05 4.157731e+04 1.941193e+05 5.205853e+07
<GCONST> 8.220540e+01
<MIXTURE> 5 9.929577e-02
<MEAN> 6
 -4.500364e+01 6.298165e+01 -1.322113e+01 -4.748769e+01 1.490640e+03 -2.353867e+03
<VARIANCE> 6
 3.593250e+02 9.622697e+04 1.069151e+05 4.190034e+04 6.993582e+05 5.009356e+08
<GCONST> 8.409870e+01
<MIXTURE> 6 1.018363e-01
<MEAN> 6
 8.880862e+01 2.697264e+01 5.352048e+01 3.946744e+01 -9.493043e+02 -3.252568e+03
<VARIANCE> 6
 3.969688e+02 1.133623e+05 8.494144e+04 2.910476e+04 1.172048e+06 5.106236e+08
<GCONST> 8.430324e+01
<MIXTURE> 7 1.005578e-01
<MEAN> 6
 6.696840e+01 -9.773483e+01 -2.369987e+02 9.128923e-01 -2.648888e+00 -1.005546e+02
<VARIANCE> 6
 6.205886e+01 1.722086e+05 1.059592e+05 3.003832e+02 4.056576e+04 5.205853e+07
<GCONST> 7.286623e+01
<MIXTURE> 8 9.407114e-02
<MEAN> 6
 -4.122720e+01 7.308260e+01 2.506291e+01 5.797805e+01 6.526846e+02 1.093352e+02
<VARIANCE> 6
 2.155253e+02 9.285743e+04 4.328785e+04 1.256636e+04 1.667344e+05 5.205853e+07
<GCONST> 7.774561e+01
<MIXTURE> 9 8.755318e-02
<MEAN> 6
 1.543328e+01 1.737224e+01 7.380917e+01 -3.066301e+02 -1.720361e+02 9.727641e+03
<VARIANCE> 6
 6.415928e+02 6.335858e+04 8.514986e+04 9.737228e+03 8.169687e+05 3.334269e+08
<GCONST> 8.232195e+01
<MIXTURE> 10 9.559764e-02
<MEAN> 6
 8.386873e+01 -3.298245e+01 3.207724e+01 -6.999516e+01 -7.962668e+02 -7.487775e+02
<VARIANCE> 6
 2.982990e+02 1.061585e+05 5.392067e+04 1.756707e+04 1.710010e+05 5.654748e+07
<GCONST> 7.886712e+01
<MIXTURE> 11 7.035821e-02
<MEAN> 6
 -5.818298e+01 6.964497e+01 -2.521304e+01 9.023196e+00 3.061729e+02 2.537205e+02
<VARIANCE> 6
 2.159068e+02 8.220855e+04 1.646729e+05 1.480936e+03 1.296248e+05 5.205853e+07
<GCONST> 7.657155e+01
<MIXTURE> 12 6.429087e-02
<MEAN> 6
 8.686530e+01 -1.582765e+02 -7.558627e+01 -3.624782e+00 -4.243237e+01 -4.013172e+02
<VARIANCE> 6
 1.732390e+02 1.457504e+05 1.091544e+05 3.003832e+02 4.056576e+04 5.205853e+07
<GCONST> 7.375572e+01
<STATE> 3
<NUMMIXES> 12
<MIXTURE> 1 1.024809e-01
<MEAN> 6
 1.001207e+02 1.330410e+02 1.689748e+01 -4.326823e+00 -6.682928e+00 3.275004e+02
<VARIANCE> 6
 3.171015e+01 1.281363e+04 1.155935e+04 3.003832e+02 4.056576e+04 5.205853e+07
<GCONST> 6.738103e+01
<MIXTURE> 2 7.247636e-02
<MEAN> 6
 1.019121e+02 6.404503e+02 -2.698613e+02 2.464457e+00 -7.051239e+01 -3.441370e+01
<VARIANCE> 6
 7.545715e+01 5.182402e+04 1.155935e+04 8.689492e+02 4.056576e+04 5.205853e+07
<GCONST> 7.070753e+01
<MIXTURE> 3 7.413388e-02
<MEAN> 6
 9.705297e+01 -3.889735e+00 -4.581803e+02 -2.193764e+00 -5.533425e+00 -3.998420e+01
<VARIANCE> 6
 3.171015e+01 1.281363e+04 1.155935e+04 3.003832e+02 4.056576e+04 5.205853e+07
<GCONST> 6.738103e+01
<MIXTURE> 4 6.584319e-02
<MEAN> 6
 1.061203e+02 7.025863e+01 1.483096e+02 3.931826e+00 -5.242265e+01 4.680130e+03
<VARIANCE> 6
 7.693642e+01 2.833279e+05 1.760183e+05 2.769360e+03 1.024743e+06 6.852445e+08
<GCONST> 8.211456e+01
<MIXTURE> 5 9.980617e-02
<MEAN> 6
 9.572196e+01 3.128466e+02 -1.974412e+02 -1.771522e+00 -1.514438e+01 2.782621e+02
<VARIANCE> 6
 3.171015e+01 4.099687e+04 1.155935e+04 3.003832e+02 4.056576e+04 5.205853e+07
<GCONST> 6.854402e+01
<MIXTURE> 6 7.261737e-02
<MEAN> 6
 1.054070e+02 -4.948629e+01 -3.632807e+01 -6.655366e+00 -4.052037e+01 6.154821e+02
<VARIANCE> 6
 3.171015e+01 1.281363e+04 1.850228e+04 3.003832e+02 4.056576e+04 5.205853e+07
<GCONST> 6.785143e+01
<MIXTURE> 7 9.264693e-02
<MEAN> 6
 9.285956e+01 2.740895e+02 -4.645446e+02 6.179531e-01 1.538222e+01 -8.752784e+01
<VARIANCE> 6
 3.171015e+01 1.281363e+04 1.346142e+04 3.003832e+02 4.056576e+04 5.205853e+07
<GCONST> 6.753337e+01
<MIXTURE> 8 7.184323e-02
<MEAN> 6
 1.041886e+02 5.602262e+00 -3.089347e+02 -8.447556e-01 -1.469074e+01 -3.270530e+02
<VARIANCE> 6
 3.171015e+01 1.281363e+04 1.155935e+04 3.003832e+02 4.056576e+04 5.205853e+07
<GCONST> 6.738103e+01
<MIXTURE> 9 1.031344e-01
<MEAN> 6
 9.490295e+01 2.583212e+02 -5.881771e+02 -2.123064e+00 2.546411e+00 9.463233e+00
<VARIANCE> 6
 3.171015e+01 1.281363e+04 1.613852e+04 3.003832e+02 4.056576e+04 5.205853e+07
<GCONST> 6.771475e+01
<MIXTURE> 10 1.106708e-01
<MEAN> 6
 9.351576e+01 1.310072e+02 -1.844089e+02 -2.247803e+00 3.680752e+01 -2.024539e+02
<VARIANCE> 6
 3.171015e+01 1.484825e+04 1.155935e+04 3.003832e+02 4.056576e+04 5.205853e+07
<GCONST> 6.752840e+01
<MIXTURE> 11 7.546621e-02
<MEAN> 6
 9.670885e+01 -1.427931e+01 -4.657195e+02 -2.608434e+00 -3.853699e+00 9.838633e+00
<VARIANCE> 6
 3.171015e+01 1.281363e+04 1.155935e+04 3.003832e+02 4.056576e+04 5.205853e+07
<GCONST> 6.738103e+01
<MIXTURE> 12 5.885411e-02
<MEAN> 6
 1.037527e+02 -2.284198e+02 -1.725810e+02 -1.447156e+00 -3.172569e+02 1.287792e+04
<VARIANCE> 6
 1.509995e+02 6.882692e+05 2.025575e+05 2.170941e+03 1.149290e+06 8.404066e+08
<GCONST> 8.389222e+01
<STATE> 4
<NUMMIXES> 12
<MIXTURE> 1 7.219639e-02
<MEAN> 6
 8.001688e+01 1.400775e+03 4.417814e+02 -1.589253e+00 -4.018147e+00 -1.595308e+02
<VARIANCE> 6
 3.171015e+01 3.893432e+04 1.155935e+04 3.003832e+02 4.056576e+04 5.205853e+07
<GCONST> 6.849240e+01
<MIXTURE> 2 6.152431e-02
<MEAN> 6
 9.124745e+01 8.839276e+02 2.870271e+02 -3.267685e+00 -1.352689e+00 3.590115e+01
<VARIANCE> 6
 6.207806e+01 1.281363e+04 1.155935e+04 3.003832e+02 4.056576e+04 5.205853e+07
<GCONST> 6.805279e+01
<MIXTURE> 3 9.231398e-02
<MEAN> 6
 9.316484e+01 9.339977e+01 1.651460e+02 -3.033837e+00 -4.682076e-01 -3.282515e+01
<VARIANCE> 6
 3.171015e+01 1.281363e+04 1.155935e+04 3.003832e+02 4.056576e+04 5.205853e+07
<GCONST> 6.738103e+01
<MIXTURE> 4 1.037331e-01
<MEAN> 6
 8.707723e+01 -3.502064e+02 1.177374e+02 -6.021108e+00 1.857169e+01 9.062939e+01
<VARIANCE> 6
 3.171015e+01 1.281363e+04 1.155935e+04 3.003832e+02 4.056576e+04 5.205853e+07
<GCONST> 6.738103e+01
<MIXTURE> 5 9.503929e-02
<MEAN> 6
 9.068690e+01 2.255884e+02 2.342515e+02 -2.174093e+00 -1.495431e+01 1.560382e+02
<VARIANCE> 6
 3.171015e+01 1.281363e+04 1.155935e+04 3.003832e+02 4.056576e+04 5.205853e+07
<GCONST> 6.738103e+01
<MIXTURE> 6 1.333238e-01
<MEAN> 6
 8.748820e+01 8.504332e+02 2.225674e+02 -1.500033e+00 -1.949400e-01 -7.491113e+01
<VARIANCE> 6
 3.171015e+01 5.349171e+04 1.155935e+04 3.003832e+02 4.056576e+04 5.205853e+07
<GCONST> 6.881005e+01
<MIXTURE> 7 2.107007e-02
<MEAN> 6
 8.966683e+01 3.312231e+02 1.988990e+02 -2.515924e+00 -3.431669e-01 4.234971e+01
<VARIANCE> 6
 3.171015e+01 3.513681e+05 2.980173e+04 3.003832e+02 4.056576e+04 5.205853e+07
<GCONST> 7.163943e+01
<MIXTURE> 8 6.905986e-02
<MEAN> 6
 9.329357e+01 -3.212261e+02 1.186718e+02 -1.733075e+00 -1.671623e+01 1.658226e+02
<VARIANCE> 6
 3.171015e+01 4.613510e+04 1.155935e+04 3.003832e+02 4.056576e+04 5.205853e+07
<GCONST> 6.866209e+01
<MIXTURE> 9 1.004113e-01
<MEAN> 6
 9.496943e+01 7.575318e+02 2.152149e+02 -3.700089e+00 -2.370423e+00 3.996375e+01
<VARIANCE> 6
 3.171015e+01 1.281363e+04 1.155935e+04 3.003832e+02 4.056576e+04 5.205853e+07
<GCONST> 6.738103e+01
<MIXTURE> 10 1.291876e-01
<MEAN> 6
 9.271947e+01 -8.705947e+01 9.014310e+01 -6.216978e-01 -4.298934e+00 -3.518377e+01
<VARIANCE> 6
 3.171015e+01 1.281363e+04 1.155935e+04 3.003832e+02 4.056576e+04 5.205853e+07
<GCONST> 6.738103e+01
<MIXTURE> 11 7.556076e-02
<MEAN> 6
 9.390298e+01 -3.882686e+02 1.270406e+02 -1.848557e+00 -2.433539e+01 2.491887e+02
<VARIANCE> 6
 3.171015e+01 3.774400e+04 1.155935e+04 3.003832e+02 4.056576e+04 5.205853e+07
<GCONST> 6.846135e+01
<MIXTURE> 12 4.656468e-02
<MEAN> 6
 8.124017e+01 1.382565e+03 2.084792e+02 -1.535362e+00 -4.410471e+00 -1.491502e+02
<VARIANCE> 6
 3.171015e+01 8.787546e+04 1.049208e+05 3.003832e+02 4.056576e+04 5.205853e+07
<GCONST> 7.151215e+01
<STATE> 5
<NUMMIXES> 12
<MIXTURE> 1 7.530714e-02
<MEAN> 6
 9.245584e+01 1.006193e+03 1.179679e+03 -4.072254e+00 6.370322e-02 9.776905e+01
<VARIANCE> 6
 3.171015e+01 2.456482e+04 1.155935e+04 3.003832e+02 4.056576e+04 5.205853e+07
<GCONST> 6.803184e+01
<MIXTURE> 2 9.596363e-02
<MEAN> 6
 1.001967e+02 -3.434320e+02 8.601506e+02 -3.199094e+00 -5.595434e+00 -2.423508e+02
<VARIANCE> 6
 3.171015e+01 1.281363e+04 4.845743e+04 3.003832e+02 4.056576e+04 5.205853e+07
<GCONST> 6.881422e+01
<MIXTURE> 3 7.305346e-02
<MEAN> 6
 9.052927e+01 -1.355332e+03 7.982706e+02 -1.840162e-01 1.546628e+00 -2.019394e+02
<VARIANCE> 6
 3.171015e+01 1.281363e+04 1.155935e+04 3.003832e+02 4.056576e+04 5.205853e+07
<GCONST> 6.738103e+01
<MIXTURE> 4 7.691494e-02
<MEAN> 6
 9.733372e+01 -6.225060e+02 5.806791e+02 -9.015449e-01 1.747442e+00 -1.986429e+02
<VARIANCE> 6
 3.171015e+01 1.281363e+04 1.155935e+04 3.003832e+02 4.056576e+04 5.205853e+07
<GCONST> 6.738103e+01
<MIXTURE> 5 9.489761e-02
<MEAN> 6
 8.137943e+01 5.977903e+02 1.030079e+03 -5.006157e+00 2.605210e+00 -1.008178e+00
<VARIANCE> 6
 3.171015e+01 1.281363e+04 1.155935e+04 3.003832e+02 4.056576e+04 5.205853e+07
<GCONST> 6.738103e+01
<MIXTURE> 6 1.155584e-01
<MEAN> 6
 8.976494e+01 -2.902125e+02 4.319656e+02 -2.709160e-01 -1.500896e+01 -1.035941e+02
<VARIANCE> 6
 3.171015e+01 5.052190e+04 1.155935e+04 3.003832e+02 4.056576e+04 5.205853e+07
<GCONST> 6.875293e+01
<MIXTURE> 7 1.559274e-01
<MEAN> 6
 7.344542e+01 3.550307e+02 7.260971e+02 -2.056735e+00 -9.605292e+00 3.721886e+01
<VARIANCE> 6
 3.171015e+01 1.281363e+04 1.489904e+04 3.003832e+02 4.056576e+04 5.205853e+07
<GCONST> 6.763483e+01
<MIXTURE> 8 3.392274e-03
<MEAN> 6
 9.033839e+01 -8.911886e+01 -6.939951e+01 -3.601019e+00 -8.778624e+01 8.181227e+01
<VARIANCE> 6
 5.472213e+02 1.376688e+06 8.877154e+05 1.328513e+03 6.720043e+04 5.205853e+07
<GCONST> 8.123885e+01
<MIXTURE> 9 8.084192e-02
<MEAN> 6
 9.021059e+01 -1.448331e+03 8.534407e+02 -1.393171e-01 2.342426e+00 6.198234e+01
<VARIANCE> 6
 3.171015e+01 1.281363e+04 1.155935e+04 3.003832e+02 4.056576e+04 5.205853e+07
<GCONST> 6.738103e+01
<MIXTURE> 10 5.115621e-02
<MEAN> 6
 7.349281e+01 4.409056e+01 6.166260e+02 8.663474e-01 1.850638e+00 1.438044e+02
<VARIANCE> 6
 3.171015e+01 2.291172e+04 1.155935e+04 3.003832e+02 4.056576e+04 5.205853e+07
<GCONST> 6.796217e+01
<MIXTURE> 11 1.001027e-01
<MEAN> 6
 9.845612e+01 -3.475956e+02 6.126877e+02 -9.079616e+00 -6.078523e-01 1.434234e+02
<VARIANCE> 6
 9.082539e+01 1.281363e+04 3.082068e+04 3.003832e+02 4.056576e+04 5.205853e+07
<GCONST> 6.941402e+01
<MIXTURE> 12 7.686546e-02
<MEAN> 6
 9.708773e+01 -6.230105e+02 5.471143e+02 -7.107036e-01 2.179645e-01 -1.541960e+02
<VARIANCE> 6
 3.171015e+01 1.281363e+04 1.179709e+04 3.003832e+02 4.056576e+04 5.205853e+07
<GCONST> 6.740139e+01
<STATE> 6
<NUMMIXES> 12
<MIXTURE> 1 1.177472e-02
<MEAN> 6
 7.135169e+01 -1.220827e+02 -2.181660e+03 6.401290e+01 -4.584119e+02 7.850695e+02
<VARIANCE> 6
 8.051170e+01 4.135518e+05 1.375173e+06 2.722079e+03 6.385400e+04 5.205853e+07
<GCONST> 7.922368e+01
<MIXTURE> 2 1.288773e-01
<MEAN> 6
 1.257377e+02 1.842582e+02 2.367108e+02 -4.985736e+00 -1.392243e+01 3.147475e+02
<VARIANCE> 6
 3.171015e+01 1.684638e+04 1.155935e+04 3.003832e+02 4.056576e+04 5.205853e+07
<GCONST> 6.765466e+01
<MIXTURE> 3 8.172175e-02
<MEAN> 6
 1.114706e+02 -6.376828e+02 -3.078897e+01 -3.309295e+00 -3.198316e+00 -2.529662e+01
<VARIANCE> 6
 3.171015e+01 1.281363e+04 1.357444e+04 3.003832e+02 4.056576e+04 5.205853e+07
<GCONST> 6.754173e+01
<MIXTURE> 4 8.488640e-02
<MEAN> 6
 1.083137e+02 3.517665e+01 3.816805e+02 -5.382893e-02 -4.294598e+00 -1.339859e+01
<VARIANCE> 6
 3.171015e+01 1.586242e+04 1.155935e+04 3.003832e+02 4.056576e+04 5.205853e+07
<GCONST> 6.759447e+01
<MIXTURE> 5 6.846961e-02
<MEAN> 6
 1.087818e+02 -7.386971e+02 1.886557e+02 -5.096745e+00 -6.337612e+00 -2.673063e+02
<VARIANCE> 6
 3.171015e+01 9.634452e+04 3.469837e+04 3.003832e+02 4.056576e+04 5.205853e+07
<GCONST> 7.049765e+01
<MIXTURE> 6 8.311249e-02
<MEAN> 6
 1.088583e+02 -4.116332e+01 3.020197e+02 -2.543380e+00 6.594635e-01 5.352705e+01
<VARIANCE> 6
 3.171015e+01 1.281363e+04 1.155935e+04 3.003832e+02 4.056576e+04 5.205853e+07
<GCONST> 6.738103e+01
<MIXTURE> 7 6.064447e-02
<MEAN> 6
 1.135674e+02 -6.587667e+02 1.448105e+02 -3.030475e+00 -2.456736e+01 -2.872180e+02
<VARIANCE> 6
 3.171015e+01 1.281363e+04 2.383327e+04 3.003832e+02 4.056576e+04 5.205853e+07
<GCONST> 6.810462e+01
<MIXTURE> 8 9.480646e-02
<MEAN> 6
 1.088965e+02 -3.582271e+01 3.028102e+02 -2.672352e+00 1.189554e+00 7.092165e+01
<VARIANCE> 6
 3.171015e+01 1.281363e+04 1.155935e+04 3.003832e+02 4.056576e+04 5.205853e+07
<GCONST> 6.738103e+01
<MIXTURE> 9 1.259482e-01
<MEAN> 6
 1.044236e+02 -3.116436e+02 1.942975e+02 -6.505573e+00 6.043880e+00 4.146203e+02
<VARIANCE> 6
 3.171015e+01 1.281363e+04 1.155935e+04 3.003832e+02 4.056576e+04 5.205853e+07
<GCONST> 6.738103e+01
<MIXTURE> 10 9.862294e-02
<MEAN> 6
 1.122180e+02 -4.026126e+01 2.385509e+02 -4.378718e+00 8.966364e+00 8.031753e+01
<VARIANCE> 6
 3.171015e+01 1.281363e+04 1.155935e+04 3.003832e+02 4.056576e+04 5.205853e+07
<GCONST> 6.738103e+01
<MIXTURE> 11 9.215502e-02
<MEAN> 6
 1.079014e+02 -1.319317e+01 3.324375e+02 -1.968166e+00 2.666644e+00 5.920937e+01
<VARIANCE> 6
 3.171015e+01 1.281363e+04 1.155935e+04 3.003832e+02 4.056576e+04 5.205853e+07
<GCONST> 6.738103e+01
<MIXTURE> 12 6.897224e-02
<MEAN> 6
 1.083565e+02 -8.535078e+02 1.720628e+02 -7.757351e+00 -2.829660e+01 -7.409875e+01
<VARIANCE> 6
 3.171015e+01 6.618342e+04 4.492425e+04 3.003832e+02 4.056576e+04 5.205853e+07
<GCONST> 7.038043e+01
<STATE> 7
<NUMMIXES> 12
<MIXTURE> 1 8.879544e-02
<MEAN> 6
 1.138592e+02 -1.609699e+02 -4.501948e+02 -4.249621e+00 -5.622648e+00 -1.435707e+01
<VARIANCE> 6
 3.171015e+01 1.407482e+05 1.155935e+04 3.003832e+02 4.056576e+04 5.205853e+07
<GCONST> 6.977750e+01
<MIXTURE> 2 7.355990e-02
<MEAN> 6
 7.011200e+01 -1.000585e+03 4.893145e+02 4.756453e-01 2.721234e+01 -2.885441e+02
<VARIANCE> 6
 3.967952e+01 1.281363e+04 4.254088e+04 3.003832e+02 4.056576e+04 5.205853e+07
<GCONST> 6.890820e+01
<MIXTURE> 3 8.111840e-02
<MEAN> 6
 1.017538e+02 -8.127453e+02 -1.318342e+02 -2.411002e+00 -1.960378e+00 2.167165e+01
<VARIANCE> 6
 3.171015e+01 1.625034e+04 2.221199e+04 3.003832e+02 4.056576e+04 5.205853e+07
<GCONST> 6.827177e+01
<MIXTURE> 4 5.898438e-02
<MEAN> 6
 1.095978e+02 -1.199359e+03 -8.699561e+02 -2.205298e+00 -3.359138e+01 -5.032861e+02
<VARIANCE> 6
 3.171015e+01 1.281363e+04 1.155935e+04 3.003832e+02 4.056576e+04 5.205853e+07
<GCONST> 6.738103e+01
<MIXTURE> 5 7.845052e-02
<MEAN> 6
 9.734650e+01 -4.108768e+02 -5.233300e+02 8.548213e-01 -3.668615e+00 -5.948078e+01
<VARIANCE> 6
 3.171015e+01 1.281363e+04 1.155935e+04 3.003832e+02 4.056576e+04 5.205853e+07
<GCONST> 6.738103e+01
<MIXTURE> 6 8.741362e-02
<MEAN> 6
 8.267329e+01 -3.761076e+02 -3.996832e+02 -2.307628e+00 -3.185952e+00 -2.370733e+02
<VARIANCE> 6
 3.171015e+01 5.723694e+04 1.155935e+04 3.003832e+02 4.056576e+04 5.205853e+07
<GCONST> 6.887772e+01
<MIXTURE> 7 7.539877e-02
<MEAN> 6
 9.387879e+01 -6.195175e+02 -1.935311e+02 -3.419717e+00 -3.189868e+00 1.728228e+02
<VARIANCE> 6
 3.171015e+01 1.281363e+04 1.155935e+04 3.003832e+02 4.056576e+04 5.205853e+07
<GCONST> 6.738103e+01
<MIXTURE> 8 1.375107e-01
<MEAN> 6
 7.542956e+01 -1.009753e+03 5.431456e+01 -9.037781e-01 6.058640e+00 1.323017e+02
<VARIANCE> 6
 3.171015e+01 2.225129e+04 1.139811e+05 3.003832e+02 4.056576e+04 5.205853e+07
<GCONST> 7.022146e+01
<MIXTURE> 9 7.343701e-02
<MEAN> 6
 7.788041e+01 -1.790737e+03 -7.902850e+02 8.027617e-01 -2.195780e+00 -2.034705e+02
<VARIANCE> 6
 3.171015e+01 4.581200e+04 1.155935e+04 3.003832e+02 4.056576e+04 5.205853e+07
<GCONST> 6.865507e+01
<MIXTURE> 10 8.631817e-02
<MEAN> 6
 8.478490e+01 -9.975483e+02 -4.116113e+02 -3.394052e+00 4.587523e-01 -1.390266e+01
<VARIANCE> 6
 3.171015e+01 2.166708e+05 1.155935e+04 3.003832e+02 4.056576e+04 5.205853e+07
<GCONST> 7.020890e+01
<MIXTURE> 11 7.815725e-02
<MEAN> 6
 9.737256e+01 -4.144151e+02 -5.235302e+02 1.045539e+00 -4.226924e+00 -7.223750e+01
<VARIANCE> 6
 3.171015e+01 1.281363e+04 1.155935e+04 3.003832e+02 4.056576e+04 5.205853e+07
<GCONST> 6.738103e+01
<MIXTURE> 12 8.083139e-02
<MEAN> 6
 1.016804e+02 -8.483453e+02 -1.373389e+02 -2.259562e+00 -2.395569e+00 1.888852e+01
<VARIANCE> 6
 3.171015e+01 1.728975e+04 2.030024e+04 3.003832e+02 4.056576e+04 5.205853e+07
<GCONST> 6.824377e+01
<STATE> 8
<NUMMIXES> 12
<MIXTURE> 1 6.259678e-02
<MEAN> 6
 8.457683e+01 7.417006e+02 -5.745335e+02 3.450406e+00 1.179516e+01 -1.456185e+02
<VARIANCE> 6
 3.171015e+01 1.921278e+05 4.551037e+04 3.003832e+02 4.056576e+04 5.205853e+07
<GCONST> 7.145913e+01
<MIXTURE> 2 3.246084e-02
<MEAN> 6
 7.424268e+01 -2.963335e+02 -5.689042e+02 3.698306e+00 3.205483e+00 -3.212194e+01
<VARIANCE> 6
 3.171015e+01 1.281363e+04 2.065402e+04 3.003832e+02 4.056576e+04 5.205853e+07
<GCONST> 6.796145e+01
<MIXTURE> 3 6.621619e-02
<MEAN> 6
 7.558574e+01 1.759081e+02 -1.355807e+03 1.017819e+00 1.386253e+01 -2.827449e+01
<VARIANCE> 6
 3.171015e+01 1.281363e+04 1.995158e+04 3.003832e+02 4.056576e+04 5.205853e+07
<GCONST> 6.792685e+01
<MIXTURE> 4 1.010522e-01
<MEAN> 6
 6.915944e+01 2.699562e+01 -8.603608e+02 -7.319727e-01 -3.668679e+00 -1.592030e+02
<VARIANCE> 6
 3.171015e+01 1.281363e+04 2.288947e+04 3.003832e+02 4.056576e+04 5.205853e+07
<GCONST> 6.806422e+01
<MIXTURE> 5 9.930145e-02
<MEAN> 6
 7.606949e+01 4.403273e+02 -2.099965e+03 2.133849e+00 -4.479010e+00 -5.032699e+01
<VARIANCE> 6
 3.171015e+01 1.281363e+04 1.155935e+04 3.003832e+02 4.056576e+04 5.205853e+07
<GCONST> 6.738103e+01
<MIXTURE> 6 1.064429e-01
<MEAN> 6
 7.960566e+01 -2.234976e+02 -9.835643e+02 -1.273718e+00 -9.775811e-01 -1.179489e+02
<VARIANCE> 6
 3.171015e+01 1.281363e+04 1.155935e+04 3.003832e+02 4.056576e+04 5.205853e+07
<GCONST> 6.738103e+01
<MIXTURE> 7 7.103920e-02
<MEAN> 6
 8.184591e+01 1.939201e+02 -2.371998e+03 5.002525e-01 -1.243594e+00 1.081544e+01
<VARIANCE> 6
 3.171015e+01 1.281363e+04 1.155935e+04 3.003832e+02 4.056576e+04 5.205853e+07
<GCONST> 6.738103e+01
<MIXTURE> 8 1.252096e-01
<MEAN> 6
 7.203638e+01 -4.306402e+02 -7.735651e+02 -1.111952e+00 -5.737309e+00 -4.429499e+01
<VARIANCE> 6
 3.171015e+01 1.281363e+04 1.155935e+04 3.003832e+02 4.056576e+04 5.205853e+07
<GCONST> 6.738103e+01
<MIXTURE> 9 1.030432e-01
<MEAN> 6
 7.000896e+01 2.577897e+01 -9.707675e+02 -1.539979e+00 3.552835e-02 -4.193365e+01
<VARIANCE> 6
 3.171015e+01 1.281363e+04 1.884216e+04 3.003832e+02 4.056576e+04 5.205853e+07
<GCONST> 6.786964e+01
<MIXTURE> 10 1.005587e-01
<MEAN> 6
 7.141476e+01 1.313769e+03 -1.119937e+03 6.961738e-01 -3.980794e+00 -1.051711e+02
<VARIANCE> 6
 3.171015e+01 1.281363e+04 1.155935e+04 3.003832e+02 4.056576e+04 5.205853e+07
<GCONST> 6.738103e+01
<MIXTURE> 11 7.209142e-02
<MEAN> 6
 8.034879e+01 5.870779e+01 -2.186181e+03 -9.685847e-01 -1.692543e+01 -6.640659e+01
<VARIANCE> 6
 3.171015e+01 1.281363e+04 2.613938e+04 3.003832e+02 4.056576e+04 5.205853e+07
<GCONST> 6.819698e+01
<MIXTURE> 12 5.998071e-02
<MEAN> 6
 7.489580e+01 8.885309e+01 -1.528147e+03 4.718280e-01 1.197132e+01 -1.307700e+02
<VARIANCE> 6
 3.171015e+01 1.281363e+04 6.942349e+04 3.003832e+02 4.056576e+04 5.205853e+07
<GCONST> 6.917377e+01
<STATE> 9
<NUMMIXES> 12
<MIXTURE> 1 7.514047e-02
<MEAN> 6
 7.799415e+01 4.718996e+01 1.533250e+02 -2.954014e+00 -4.112464e+01 1.382322e+02
<VARIANCE> 6
 3.171015e+01 1.564570e+04 1.155935e+04 3.003832e+02 4.056576e+04 5.205853e+07
<GCONST> 6.758072e+01
<MIXTURE> 2 6.520453e-02
<MEAN> 6
 7.013421e+01 1.599883e+02 -1.521699e+02 -2.293652e+00 4.939323e+00 7.885061e+01
<VARIANCE> 6
 3.171015e+01 1.281363e+04 1.155935e+04 3.003832e+02 4.056576e+04 5.205853e+07
<GCONST> 6.738103e+01
<MIXTURE> 3 1.437268e-02
<MEAN> 6
 7.716447e+01 -6.403811e+01 -3.204619e+02 2.382533e+01 1.649874e+02 -4.428803e+03
<VARIANCE> 6
 8.715674e+01 3.499064e+05 3.510934e+05 1.209849e+03 1.688535e+05 7.317172e+07
<GCONST> 7.827255e+01
<MIXTURE> 4 1.186030e-01
<MEAN> 6
 7.280494e+01 -2.128090e+01 1.648411e+02 -2.795019e+00 -4.979477e+00 -3.134290e+01
<VARIANCE> 6
 3.171015e+01 1.281363e+04 1.155935e+04 3.003832e+02 4.056576e+04 5.205853e+07
<GCONST> 6.738103e+01
<MIXTURE> 5 1.049114e-01
<MEAN> 6
 7.434615e+01 -1.327790e+01 1.620475e+02 -2.916451e+00 -8.222509e+00 3.024810e+00
<VARIANCE> 6
 3.171015e+01 1.281363e+04 1.155935e+04 3.003832e+02 4.056576e+04 5.205853e+07
<GCONST> 6.738103e+01
<MIXTURE> 6 7.021081e-02
<MEAN> 6
 7.285622e+01 -4.736044e+01 1.605871e+02 -2.643258e+00 -4.494367e+00 -6.834658e+01
<VARIANCE> 6
 3.171015e+01 1.281363e+04 1.155935e+04 3.003832e+02 4.056576e+04 5.205853e+07
<GCONST> 6.738103e+01
<MIXTURE> 7 1.246172e-01
<MEAN> 6
 7.110448e+01 9.098468e+01 -4.529357e+02 6.918497e-01 3.252801e+00 2.443907e+00
<VARIANCE> 6
 3.171015e+01 1.281363e+04 1.155935e+04 3.003832e+02 4.056576e+04 5.205853e+07
<GCONST> 6.738103e+01
<MIXTURE> 8 1.156578e-01
<MEAN> 6
 7.222043e+01 -2.392496e+01 1.650697e+02 -2.808266e+00 -4.281978e+00 -4.089803e+01
<VARIANCE> 6
 3.171015e+01 1.281363e+04 1.155935e+04 3.003832e+02 4.056576e+04 5.205853e+07
<GCONST> 6.738103e+01
<MIXTURE> 9 1.052808e-01
<MEAN> 6
 7.248905e+01 -2.330767e+01 1.649869e+02 -2.790956e+00 -4.562629e+00 -3.797905e+01
<VARIANCE> 6
 3.171015e+01 1.281363e+04 1.155935e+04 3.003832e+02 4.056576e+04 5.205853e+07
<GCONST> 6.738103e+01
<MIXTURE> 10 7.232174e-02
<MEAN> 6
 7.865149e+01 1.060279e+00 2.307568e+01 -2.114091e+00 -4.012286e+01 -1.220489e+02
<VARIANCE> 6
 3.171015e+01 1.281363e+04 1.577289e+04 3.003832e+02 4.056576e+04 5.205853e+07
<GCONST> 6.769183e+01
<MIXTURE> 11 6.858183e-02
<MEAN> 6
 7.093818e+01 -1.657274e+02 1.227317e+02 -3.637008e+00 1.545252e+00 -1.914173e+01
<VARIANCE> 6
 3.171015e+01 1.537461e+04 1.155935e+04 3.003832e+02 4.056576e+04 5.205853e+07
<GCONST> 6.756324e+01
<MIXTURE> 12 6.508709e-02
<MEAN> 6
 7.027275e+01 1.543887e+02 -1.824781e+02 -1.978604e+00 -7.145156e+00 6.995837e+01
<VARIANCE> 6
 3.171015e+01 1.281363e+04 1.155935e+04 3.003832e+02 4.056576e+04 5.205853e+07
<GCONST> 6.738103e+01
<STATE> 10
<NUMMIXES> 12
<MIXTURE> 1 8.716289e-02
<MEAN> 6
 8.029612e+01 1.314755e+02 -3.521934e+02 -3.505012e+01 -9.503673e+02 -1.315123e+04
<VARIANCE> 6
 1.641565e+02 6.475702e+05 3.776241e+05 1.317767e+03 1.278261e+05 5.229328e+07
<GCONST> 7.906522e+01
<MIXTURE> 2 8.540656e-02
<MEAN> 6
 6.531681e+01 9.394150e+02 -1.458744e+02 -7.415222e-02 4.953234e-01 -1.212749e+02
<VARIANCE> 6
 3.171015e+01 1.281363e+04 1.155935e+04 3.003832e+02 4.056576e+04 5.205853e+07
<GCONST> 6.738103e+01
<MIXTURE> 3 1.271378e-01
<MEAN> 6
 4.662812e+01 4.467495e+02 -8.783270e+01 5.206147e+00 4.125398e+01 -2.123107e+02
<VARIANCE> 6
 3.171015e+01 1.281363e+04 1.155935e+04 3.003832e+02 4.056576e+04 5.205853e+07
<GCONST> 6.738103e+01
<MIXTURE> 4 7.360479e-02
<MEAN> 6
 6.531625e+01 9.397540e+02 -1.457611e+02 -7.288477e-02 5.132037e-01 -1.214827e+02
<VARIANCE> 6
 3.171015e+01 1.281363e+04 1.155935e+04 3.003832e+02 4.056576e+04 5.205853e+07
<GCONST> 6.738103e+01
<MIXTURE> 5 8.507602e-02
<MEAN> 6
 6.531548e+01 9.402027e+02 -1.456098e+02 -7.119985e-02 5.369954e-01 -1.217611e+02
<VARIANCE> 6
 3.171015e+01 1.281363e+04 1.155935e+04 3.003832e+02 4.056576e+04 5.205853e+07
<GCONST> 6.738103e+01
<MIXTURE> 6 6.486558e-02
<MEAN> 6
 6.514260e+01 8.123612e+02 -1.619683e+02 -6.351399e-01 -6.932609e+00 -1.992042e+02
<VARIANCE> 6
 3.171015e+01 1.326162e+04 1.155935e+04 3.003832e+02 4.056576e+04 5.205853e+07
<GCONST> 6.741540e+01
<MIXTURE> 7 7.507563e-02
<MEAN> 6
 5.720645e+01 3.872457e+02 -1.212918e+03 -2.188408e+02 -1.370141e+03 -6.078277e+01
<VARIANCE> 6
 1.133741e+02 1.694578e+05 6.721222e+05 3.324130e+03 1.654054e+05 6.012849e+07
<GCONST> 7.925362e+01
<MIXTURE> 8 8.718050e-02
<MEAN> 6
 6.532220e+01 9.359415e+02 -1.470047e+02 -8.725531e-02 3.139861e-01 -1.192980e+02
<VARIANCE> 6
 3.171015e+01 1.281363e+04 1.155935e+04 3.003832e+02 4.056576e+04 5.205853e+07
<GCONST> 6.738103e+01
<MIXTURE> 9 8.552749e-02
<MEAN> 6
 6.532620e+01 9.329760e+02 -1.479240e+02 -9.854866e-02 1.619663e-01 -1.178268e+02
<VARIANCE> 6
 3.171015e+01 1.281363e+04 1.155935e+04 3.003832e+02 4.056576e+04 5.205853e+07
<GCONST> 6.738103e+01
<MIXTURE> 10 7.153516e-02
<MEAN> 6
 6.533616e+01 9.223169e+02 -1.509022e+02 -1.399550e-01 -3.684477e-01 -1.141539e+02
<VARIANCE> 6
 3.171015e+01 1.281363e+04 1.155935e+04 3.003832e+02 4.056576e+04 5.205853e+07
<GCONST> 6.738103e+01
<MIXTURE> 11 9.192365e-02
<MEAN> 6
 7.896004e+01 1.130188e+02 -7.694615e+02 -9.924900e+01 -1.313039e+03 -6.656983e+03
<VARIANCE> 6
 1.150780e+02 3.638122e+04 5.776484e+05 2.561890e+03 2.348437e+05 8.174131e+07
<GCONST> 7.797565e+01
<MIXTURE> 12 6.549968e-02
<MEAN> 6
 6.496779e+01 7.667398e+02 -1.605216e+02 -9.041574e-01 -1.238775e+01 -2.981447e+02
<VARIANCE> 6
 3.171015e+01 1.281363e+04 1.155935e+04 3.003832e+02 4.056576e+04 5.205853e+07
<GCONST> 6.738103e+01
<STATE> 11
<NUMMIXES> 12
<MIXTURE> 1 9.940961e-02
<MEAN> 6
 7.919267e+01 -8.217189e+02 4.013514e+03 -1.630803e+00 -8.018239e+00 -6.388847e+01
<VARIANCE> 6
 3.171015e+01 1.461914e+05 5.753516e+05 3.003832e+02 4.056576e+04 5.205853e+07
<GCONST> 7.372293e+01
<MIXTURE> 2 9.832045e-02
<MEAN> 6
 7.522045e+01 -8.923931e+03 1.476122e+03 -2.575735e+00 -5.354451e+00 -4.261288e+01
<VARIANCE> 6
 3.171015e+01 1.957462e+04 1.768012e+05 3.003832e+02 4.056576e+04 5.205853e+07
<GCONST> 7.053229e+01
<MIXTURE> 3 1.090805e-01
<MEAN> 6
 7.268971e+01 -7.772267e+02 1.850979e+03 -1.674636e+00 -1.745230e+00 -1.068827e+02
<VARIANCE> 6
 3.171015e+01 3.020403e+04 2.428807e+04 3.316719e+02 4.056576e+04 5.205853e+07
<GCONST> 6.908008e+01
<MIXTURE> 4 6.946884e-02
<MEAN> 6
 6.450815e+01 2.687255e+02 7.776594e+02 -1.902462e+00 2.127035e+00 5.226999e+01
<VARIANCE> 6
 3.171015e+01 1.281363e+04 3.715845e+05 3.003832e+02 4.056576e+04 5.205853e+07
<GCONST> 7.085132e+01
<MIXTURE> 5 9.947607e-02
<MEAN> 6
 5.337466e+01 -4.740949e+02 2.577224e+03 2.807886e-01 -7.272343e+00 -1.085217e+02
<VARIANCE> 6
 3.171015e+01 1.281363e+04 2.450928e+04 3.003832e+02 4.056576e+04 5.205853e+07
<GCONST> 6.813259e+01
<MIXTURE> 6 6.619308e-02
<MEAN> 6
 6.209803e+01 2.277431e+02 -3.283285e+02 -1.389815e+00 8.420261e+00 1.679199e+02
<VARIANCE> 6
 3.171015e+01 1.300248e+04 1.155935e+04 3.003832e+02 4.056576e+04 5.205853e+07
<GCONST> 6.739566e+01
<MIXTURE> 7 7.214896e-02
<MEAN> 6
 6.451656e+01 -9.797812e+02 1.281248e+03 8.790176e-01 -1.337482e+00 -2.167864e+02
<VARIANCE> 6
 3.171015e+01 1.281363e+04 1.619026e+04 3.003832e+02 4.056576e+04 5.205853e+07
<GCONST> 6.771795e+01
<MIXTURE> 8 7.958399e-02
<MEAN> 6
 7.577351e+01 2.860892e+03 4.590436e+02 -2.377464e+00 -1.581288e+01 -5.634720e+01
<VARIANCE> 6
 3.171015e+01 1.281363e+04 1.155935e+04 3.003832e+02 4.056576e+04 5.205853e+07
<GCONST> 6.738103e+01
<MIXTURE> 9 7.175352e-02
<MEAN> 6
 6.536031e+01 -5.197455e+02 1.473912e+03 -9.481791e-01 -5.841598e+00 -1.931962e+02
<VARIANCE> 6
 3.171015e+01 1.281363e+04 1.155935e+04 3.003832e+02 4.056576e+04 5.205853e+07
<GCONST> 6.738103e+01
<MIXTURE> 10 6.738280e-02
<MEAN> 6
 5.900274e+01 1.725503e+02 9.671595e+02 -1.901824e-02 4.663208e-01 -6.654052e+01
<VARIANCE> 6
 3.171015e+01 1.281363e+04 1.155935e+04 3.003832e+02 4.056576e+04 5.205853e+07
<GCONST> 6.738103e+01
<MIXTURE> 11 9.795243e-02
<MEAN> 6
 6.336558e+01 -8.702341e+02 1.101890e+03 -2.086322e+00 -4.407176e+00 -1.325212e+02
<VARIANCE> 6
 3.337965e+01 1.281363e+04 1.155935e+04 3.003832e+02 4.056576e+04 5.205853e+07
<GCONST> 6.743234e+01
<MIXTURE> 12 6.922161e-02
<MEAN> 6
 5.933426e+01 1.790958e+02 9.343404e+02 1.525321e-02 1.144971e+00 -4.498759e+01
<VARIANCE> 6
 3.171015e+01 1.281363e+04 1.480739e+04 3.003832e+02 4.056576e+04 5.205853e+07
<GCONST> 6.762866e+01
<STATE> 12
<NUMMIXES> 12
<MIXTURE> 1 8.967587e-03
<MEAN> 6
 4.837411e+00 -4.436246e+02 1.075234e+01 1.582951e+01 -1.955031e+02 9.703854e+03
<VARIANCE> 6
 9.580522e+03 6.654519e+05 1.121826e+06 1.527461e+06 8.328992e+08 1.204915e+12
<GCONST> 1.101304e+02
<MIXTURE> 2 1.073369e-01
<MEAN> 6
 1.079251e+02 1.929233e+02 4.041502e+02 -7.553017e+00 -4.404912e+01 -2.534373e+02
<VARIANCE> 6
 2.550861e+02 1.273825e+06 8.102312e+05 3.003832e+02 4.056576e+04 5.205853e+07
<GCONST> 7.831509e+01
<MIXTURE> 3 3.872641e-02
<MEAN> 6
 4.890951e+01 8.796771e+02 -3.663386e+02 1.093766e+01 -6.762429e+02 -5.186422e+02
<VARIANCE> 6
 5.736172e+03 2.128655e+07 1.439366e+06 6.122940e+04 4.839052e+06 4.160937e+09
<GCONST> 9.929872e+01
<MIXTURE> 4 6.977942e-02
<MEAN> 6
 -3.547269e+01 2.272414e+01 1.355061e+02 1.387498e+02 7.801595e+02 -2.166356e+03
<VARIANCE> 6
 5.304137e+02 3.512301e+05 3.629412e+05 2.127946e+04 2.255046e+05 7.829586e+07
<GCONST> 8.333971e+01
<MIXTURE> 5 9.952610e-02
<MEAN> 6
 -4.162757e+01 -5.746072e+01 -1.722546e+01 -1.241853e+02 1.326511e+03 3.284039e+03
<VARIANCE> 6
 7.391716e+02 4.948333e+05 1.744224e+06 5.111286e+04 1.265833e+06 8.566947e+08
<GCONST> 9.057822e+01
<MIXTURE> 6 1.404831e-01
<MEAN> 6
 4.657390e+01 -6.679804e+01 4.462047e+01 9.375523e+01 -2.072585e+02 -1.630878e+03
<VARIANCE> 6
 1.252838e+03 2.514432e+05 3.097104e+05 4.112209e+04 1.497288e+05 5.205853e+07
<GCONST> 8.354756e+01
<MIXTURE> 7 1.138000e-01
<MEAN> 6
 7.968085e+01 2.330030e+02 -5.715298e+02 -4.697439e-02 -3.083508e+01 -2.170939e+02
<VARIANCE> 6
 1.646626e+02 5.591966e+05 1.071978e+06 3.003832e+02 4.056576e+04 5.205853e+07
<GCONST> 7.733405e+01
<MIXTURE> 8 8.526289e-02
<MEAN> 6
 9.923667e+01 -2.910378e+01 4.611982e+01 3.212633e+01 -7.875511e+02 -2.089195e+03
<VARIANCE> 6
 5.352333e+02 7.584278e+05 4.684968e+05 2.345306e+04 1.570364e+06 6.707375e+08
<GCONST> 8.855972e+01
<MIXTURE> 9 9.972642e-02
<MEAN> 6
 -6.521356e+01 1.476222e+01 -1.677237e+02 1.304811e+00 1.917105e+02 5.161208e+02
<VARIANCE> 6
 3.290927e+02 3.638949e+05 8.986601e+05 1.054737e+03 8.569534e+04 5.205853e+07
<GCONST> 7.942436e+01
<MIXTURE> 10 9.356989e-02
<MEAN> 6
 6.586356e+01 -2.967852e+01 8.944831e+01 -3.852341e+01 -6.785334e+02 -4.228589e+02
<VARIANCE> 6
 9.317911e+02 2.386466e+05 1.929563e+06 4.270555e+04 2.629426e+05 7.042214e+07
<GCONST> 8.593172e+01
<MIXTURE> 11 7.089449e-02
<MEAN> 6
 4.913382e+01 -1.627128e+02 1.554545e+01 -1.766713e+02 -7.916127e+02 5.968432e+03
<VARIANCE> 6
 1.167697e+03 4.121621e+05 4.139648e+05 5.184762e+04 5.669666e+05 2.969516e+08
<GCONST> 8.756596e+01
<MIXTURE> 12 7.141049e-02
<MEAN> 6
 -4.394239e+01 -1.171460e+02 -7.074420e+01 5.248217e+01 7.194655e+02 -2.481570e+03
<VARIANCE> 6
 5.789361e+02 2.380372e+05 3.503947e+05 2.541696e+04 2.052708e+05 1.002591e+08
<GCONST> 8.333398e+01
<TRANSP> 13
 0.000000e+00 1.000000e+00 0.000000e+00 0.000000e+00 0.000000e+00 0.000000e+00 0.000000e+00 0.000000e+00 0.000000e+00 0.000000e+00 0.000000e+00 0.000000e+00 0.000000e+00
 0.000000e+00 9.999231e-01 7.686520e-05 0.000000e+00 0.000000e+00 0.000000e+00 0.000000e+00 0.000000e+00 0.000000e+00 0.000000e+00 0.000000e+00 0.000000e+00 0.000000e+00
 0.000000e+00 0.000000e+00 9.977421e-01 2.257875e-03 0.000000e+00 0.000000e+00 0.000000e+00 0.000000e+00 0.000000e+00 0.000000e+00 0.000000e+00 0.000000e+00 0.000000e+00
 0.000000e+00 0.000000e+00 0.000000e+00 9.977207e-01 2.279271e-03 0.000000e+00 0.000000e+00 0.000000e+00 0.000000e+00 0.000000e+00 0.000000e+00 0.000000e+00 0.000000e+00
 0.000000e+00 0.000000e+00 0.000000e+00 0.000000e+00 9.961767e-01 3.823329e-03 0.000000e+00 0.000000e+00 0.000000e+00 0.000000e+00 0.000000e+00 0.000000e+00 0.000000e+00
 0.000000e+00 0.000000e+00 0.000000e+00 0.000000e+00 0.000000e+00 9.959152e-01 4.084844e-03 0.000000e+00 0.000000e+00 0.000000e+00 0.000000e+00 0.000000e+00 0.000000e+00
 0.000000e+00 0.000000e+00 0.000000e+00 0.000000e+00 0.000000e+00 0.000000e+00 9.974490e-01 2.550902e-03 0.000000e+00 0.000000e+00 0.000000e+00 0.000000e+00 0.000000e+00
 0.000000e+00 0.000000e+00 0.000000e+00 0.000000e+00 0.000000e+00 0.000000e+00 0.000000e+00 9.981920e-01 1.807991e-03 0.000000e+00 0.000000e+00 0.000000e+00 0.000000e+00
 0.000000e+00 0.000000e+00 0.000000e+00 0.000000e+00 0.000000e+00 0.000000e+00 0.000000e+00 0.000000e+00 9.974073e-01 2.592680e-03 0.000000e+00 0.000000e+00 0.000000e+00
 0.000000e+00 0.000000e+00 0.000000e+00 0.000000e+00 0.000000e+00 0.000000e+00 0.000000e+00 0.000000e+00 0.000000e+00 9.928378e-01 7.162211e-03 0.000000e+00 0.000000e+00
 0.000000e+00 0.000000e+00 0.000000e+00 0.000000e+00 0.000000e+00 0.000000e+00 0.000000e+00 0.000000e+00 0.000000e+00 0.000000e+00 9.982718e-01 1.728231e-03 0.000000e+00
 0.000000e+00 0.000000e+00 0.000000e+00 0.000000e+00 0.000000e+00 0.000000e+00 0.000000e+00 0.000000e+00 0.000000e+00 0.000000e+00 0.000000e+00 9.999035e-01 9.651460e-05
 0.000000e+00 0.000000e+00 0.000000e+00 0.000000e+00 0.000000e+00 0.000000e+00 0.000000e+00 0.000000e+00 0.000000e+00 0.000000e+00 0.000000e+00 0.000000e+00 0.000000e+00
<ENDHMM>
~h "SegundoESO"
<BEGINHMM>
<NUMSTATES> 13
<STATE> 2
<NUMMIXES> 12
<MIXTURE> 1 8.635335e-02
<MEAN> 6
 7.851475e+01 1.431898e+03 1.658691e+03 -3.323122e-01 4.023512e-01 -4.432803e+00
<VARIANCE> 6
 3.171015e+01 1.348577e+05 1.625416e+05 3.003832e+02 4.056576e+04 5.205853e+07
<GCONST> 7.237818e+01
<MIXTURE> 2 9.680171e-02
<MEAN> 6
 7.174870e+01 1.320487e+04 -1.200209e+03 -6.899891e-01 -3.666186e+00 -1.666848e+02
<VARIANCE> 6
 3.171015e+01 1.281363e+04 1.157716e+04 3.003832e+02 4.056576e+04 5.205853e+07
<GCONST> 6.738257e+01
<MIXTURE> 3 7.681294e-02
<MEAN> 6
 6.722290e+01 3.331950e+03 -1.134131e+03 -5.876336e-02 -1.265332e+01 -1.211914e+02
<VARIANCE> 6
 3.171015e+01 3.807807e+05 1.547493e+05 3.003832e+02 4.056576e+04 5.205853e+07
<GCONST> 7.336706e+01
<MIXTURE> 4 1.100523e-01
<MEAN> 6
 7.725416e+01 -3.344458e+03 3.388667e+03 -3.080935e+00 -1.412689e+01 7.417315e+01
<VARIANCE> 6
 3.171015e+01 4.062864e+06 1.275661e+07 3.003832e+02 4.056576e+04 5.205853e+07
<GCONST> 8.014648e+01
<MIXTURE> 5 9.456339e-02
<MEAN> 6
 7.431680e+01 6.811832e+02 -2.150281e+03 -2.117735e-03 -2.040600e+00 -1.751361e+02
<VARIANCE> 6
 3.171015e+01 6.495978e+05 3.452373e+04 3.003832e+02 4.056576e+04 5.205853e+07
<GCONST> 7.240103e+01
<MIXTURE> 6 7.571075e-02
<MEAN> 6
 8.013255e+01 -4.386868e+01 3.136235e+03 3.411374e-01 -2.696702e+00 -1.041423e+02
<VARIANCE> 6
 3.171015e+01 3.668947e+05 2.666900e+04 3.003832e+02 4.056576e+04 5.205853e+07
<GCONST> 7.157161e+01
<MIXTURE> 7 7.265104e-02
<MEAN> 6
 7.211289e+01 -1.673574e+03 2.663888e+03 3.205048e+00 1.186920e+01 -4.102302e+02
<VARIANCE> 6
 3.171015e+01 1.507329e+05 1.865205e+05 3.003832e+02 4.056576e+04 5.205853e+07
<GCONST> 7.262708e+01
<MIXTURE> 8 5.690966e-02
<MEAN> 6
 7.761565e+01 2.357300e+03 9.504844e+02 2.800483e-01 9.782390e+00 -1.717532e+02
<VARIANCE> 6
 3.171015e+01 5.795256e+04 5.363412e+04 3.003832e+02 4.056576e+04 5.205853e+07
<GCONST> 7.042484e+01
<MIXTURE> 9 9.631026e-02
<MEAN> 6
 7.469656e+01 6.930995e+02 -2.900760e+03 -8.121910e-03 4.161333e-01 -4.937185e+00
<VARIANCE> 6
 3.171015e+01 4.638856e+05 1.601398e+05 3.003832e+02 4.056576e+04 5.205853e+07
<GCONST> 7.359871e+01
<MIXTURE> 10 6.606474e-02
<MEAN> 6
 7.770633e+01 -1.927322e+01 1.841484e+03 -1.078871e-01 -2.156433e+00 -9.599850e+01
<VARIANCE> 6
 3.171015e+01 7.800059e+04 8.598866e+04 3.003832e+02 4.056576e+04 5.205853e+07
<GCONST> 7.119396e+01
<MIXTURE> 11 1.044733e-01
<MEAN> 6
 5.984770e+01 1.737331e+03 -1.085696e+03 3.427400e-01 5.009745e-01 -1.916248e+01
<VARIANCE> 6
 3.171015e+01 1.022854e+05 1.071011e+05 3.003832e+02 4.056576e+04 5.205853e+07
<GCONST> 7.168457e+01
<MIXTURE> 12 6.328856e-02
<MEAN> 6
 7.834969e+01 -5.833189e+01 1.755619e+03 -9.868421e-02 -3.350679e+00 -1.322236e+02
<VARIANCE> 6
 3.171015e+01 7.742876e+04 5.268105e+04 3.003832e+02 4.056576e+04 5.205853e+07
<GCONST> 7.069664e+01
<STATE> 3
<NUMMIXES> 12
<MIXTURE> 1 1.254165e-01
<MEAN> 6
 7.801583e+01 2.817276e+02 2.014027e+02 -1.505675e+00 -3.898257e+00 -1.103713e+02
<VARIANCE> 6
 3.171015e+01 1.281363e+04 1.470790e+05 3.003832e+02 4.056576e+04 5.205853e+07
<GCONST> 6.992451e+01
<MIXTURE> 2 5.302984e-02
<MEAN> 6
 7.623238e+01 5.754417e+02 6.859018e+02 1.836797e+00 -1.738648e+00 1.674841e+00
<VARIANCE> 6
 3.171015e+01 1.310714e+04 3.299362e+04 3.003832e+02 4.056576e+04 5.205853e+07
<GCONST> 6.845250e+01
<MIXTURE> 3 1.224577e-01
<MEAN> 6
 6.805244e+01 -3.950791e+02 3.535358e+02 -1.198451e-01 -2.205349e+00 -6.756300e+01
<VARIANCE> 6
 3.171015e+01 1.281363e+04 1.155935e+04 3.003832e+02 4.056576e+04 5.205853e+07
<GCONST> 6.738103e+01
<MIXTURE> 4 2.416416e-02
<MEAN> 6
 7.284062e+01 -3.869912e+02 4.480099e+02 -1.966862e+00 6.793245e+00 1.154124e+02
<VARIANCE> 6
 7.054687e+01 6.162917e+05 1.319768e+06 3.003832e+02 4.056576e+04 5.205853e+07
<GCONST> 7.679160e+01
<MIXTURE> 5 6.665292e-02
<MEAN> 6
 6.249740e+01 -4.712052e+02 8.230462e+01 -4.707038e-01 -2.773975e+00 -1.043000e+02
<VARIANCE> 6
 3.171015e+01 4.428522e+04 1.155935e+04 3.003832e+02 4.056576e+04 5.205853e+07
<GCONST> 6.862117e+01
<MIXTURE> 6 9.463403e-02
<MEAN> 6
 7.333935e+01 6.341106e+02 3.481521e+02 -4.191728e-01 -1.360289e+00 -9.351860e+01
<VARIANCE> 6
 3.171015e+01 2.224028e+04 1.155935e+04 3.003832e+02 4.056576e+04 5.205853e+07
<GCONST> 6.793243e+01
<MIXTURE> 7 7.393629e-02
<MEAN> 6
 6.497724e+01 9.687290e+01 3.186343e+02 -5.811074e-01 -8.088895e+00 -1.706014e+02
<VARIANCE> 6
 3.171015e+01 1.281363e+04 1.297285e+04 3.003832e+02 4.056576e+04 5.205853e+07
<GCONST> 6.749640e+01
<MIXTURE> 8 1.295207e-01
<MEAN> 6
 7.440089e+01 2.309691e+02 -7.045072e+02 -6.870161e-01 -3.554061e+00 -9.447815e+01
<VARIANCE> 6
 3.171015e+01 3.041469e+04 1.638235e+04 3.003832e+02 4.056576e+04 5.205853e+07
<GCONST> 6.859416e+01
<MIXTURE> 9 8.402988e-02
<MEAN> 6
 7.096084e+01 2.889003e+02 1.611618e+02 5.215995e-02 -7.167377e+00 -2.195710e+02
<VARIANCE> 6
 3.171015e+01 3.390395e+04 1.155935e+04 3.003832e+02 4.056576e+04 5.205853e+07
<GCONST> 6.835406e+01
<MIXTURE> 10 8.830676e-02
<MEAN> 6
 7.413615e+01 -3.437982e+02 8.250149e+02 -1.202894e+00 2.050656e+00 -1.021192e+02
<VARIANCE> 6
 3.171015e+01 5.875874e+04 4.026725e+04 3.003832e+02 4.056576e+04 5.205853e+07
<GCONST> 7.015201e+01
<MIXTURE> 11 7.390312e-02
<MEAN> 6
 6.462363e+01 -7.634282e+01 2.012675e+02 -2.181857e-01 -4.563534e+00 -1.028232e+02
<VARIANCE> 6
 3.171015e+01 1.346465e+04 1.155935e+04 3.003832e+02 4.056576e+04 5.205853e+07
<GCONST> 6.743059e+01
<MIXTURE> 12 6.388631e-02
<MEAN> 6
 6.195518e+01 -6.200319e+02 7.228353e+01 -1.692494e-01 -1.044399e+00 -8.114449e+01
<VARIANCE> 6
 3.171015e+01 9.308758e+04 1.155935e+04 3.003832e+02 4.056576e+04 5.205853e+07
<GCONST> 6.936406e+01
<STATE> 4
<NUMMIXES> 12
<MIXTURE> 1 9.660795e-02
<MEAN> 6
 8.845779e+01 -2.593925e+03 6.438590e+03 -9.188533e-01 -3.166514e+01 -2.794835e+02
<VARIANCE> 6
 1.252941e+02 1.051967e+07 4.973232e+07 1.127389e+03 8.415005e+04 5.205853e+07
<GCONST> 8.588475e+01
<MIXTURE> 2 8.735482e-02
<MEAN> 6
 8.643717e+01 4.018417e+03 4.461291e+02 -1.307186e+01 -9.613730e+02 3.704767e+02
<VARIANCE> 6
 4.439353e+02 3.923293e+07 4.448618e+06 2.411028e+04 8.127131e+05 3.410425e+08
<GCONST> 9.326212e+01
<MIXTURE> 3 6.775469e-02
<MEAN> 6
 -3.690519e+01 3.155312e+03 9.167946e+02 -4.362252e+01 1.032043e+03 4.807252e+02
<VARIANCE> 6
 3.910671e+02 3.208838e+07 4.555014e+06 3.678188e+04 4.301578e+05 3.288144e+08
<GCONST> 9.270755e+01
<MIXTURE> 4 8.897083e-02
<MEAN> 6
 4.468945e+01 3.059169e+03 -4.364192e+03 1.938597e+01 -9.438480e+01 -9.492390e+01
<VARIANCE> 6
 1.110186e+03 1.653176e+06 8.379566e+05 1.041684e+04 4.056576e+04 5.205853e+07
<GCONST> 8.362622e+01
<MIXTURE> 5 9.638330e-02
<MEAN> 6
 9.259044e+01 -5.061019e+03 3.531547e+02 7.762042e+00 -2.026321e+02 -5.547699e+01
<VARIANCE> 6
 7.914993e+01 6.384247e+06 1.899149e+05 3.291691e+03 5.787048e+04 5.205853e+07
<GCONST> 8.005528e+01
<MIXTURE> 6 7.072813e-02
<MEAN> 6
 -1.597653e+00 1.684350e+03 -2.805957e+02 -5.377654e+01 2.550253e+02 1.084032e+03
<VARIANCE> 6
 5.740484e+02 4.010367e+06 8.372304e+06 4.886538e+04 1.078011e+05 9.698154e+07
<GCONST> 8.929971e+01
<MIXTURE> 7 9.338689e-02
<MEAN> 6
 -5.959460e+01 -7.179982e+02 8.729597e+02 5.455669e+00 1.024135e+02 2.019170e+01
<VARIANCE> 6
 6.141766e+01 2.224092e+07 1.696240e+06 3.003832e+02 4.056576e+04 5.205853e+07
<GCONST> 8.048994e+01
<MIXTURE> 8 8.471090e-02
<MEAN> 6
 6.819215e+01 5.977350e+02 4.917924e+02 4.448135e+01 -4.506424e+02 3.316435e+01
<VARIANCE> 6
 4.385071e+02 6.027004e+06 5.661782e+06 3.409692e+04 9.377691e+04 5.205853e+07
<GCONST> 8.792516e+01
<MIXTURE> 9 7.382131e-02
<MEAN> 6
 6.685055e+00 -3.115010e+03 5.044320e+02 4.418672e+01 9.898349e+01 -1.874101e+03
<VARIANCE> 6
 6.028898e+02 1.945495e+07 3.137639e+05 4.384379e+04 9.843616e+04 5.205853e+07
<GCONST> 8.682243e+01
<MIXTURE> 10 8.162282e-02
<MEAN> 6
 -4.622532e+01 -1.476851e+03 6.229843e+02 4.111664e+01 1.038734e+03 1.469290e+01
<VARIANCE> 6
 8.894206e+01 9.645924e+06 2.586471e+06 1.436043e+04 2.204462e+05 5.870248e+07
<GCONST> 8.612673e+01
<MIXTURE> 11 8.805528e-02
<MEAN> 6
 5.985075e+01 -1.271285e+03 3.381752e+02 3.248714e+00 -5.418401e+02 6.446519e+02
<VARIANCE> 6
 4.075543e+02 1.194238e+07 2.749841e+06 4.139361e+04 9.076295e+04 5.205853e+07
<GCONST> 8.797485e+01
<MIXTURE> 12 7.056764e-02
<MEAN> 6
 -9.319277e+00 1.082298e+03 -1.630230e+03 -1.711298e+01 1.727222e+02 -7.998191e+02
<VARIANCE> 6
 3.196233e+02 5.289122e+06 5.375218e+06 3.776187e+04 9.669405e+04 8.571534e+07
<GCONST> 8.805779e+01
<STATE> 5
<NUMMIXES> 12
<MIXTURE> 1 6.399668e-02
<MEAN> 6
 6.887279e+01 1.248591e+03 6.718964e+01 -1.179122e+00 -5.783110e+00 -5.934864e+01
<VARIANCE> 6
 3.171015e+01 1.506069e+05 1.155935e+04 3.003832e+02 4.056576e+04 5.205853e+07
<GCONST> 6.984520e+01
<MIXTURE> 2 1.070538e-01
<MEAN> 6
 6.938060e+01 -7.039101e+01 1.531842e+03 -1.546531e+00 -5.639111e+00 -1.402196e+02
<VARIANCE> 6
 3.331201e+01 2.930011e+05 1.247165e+05 3.003832e+02 4.056576e+04 5.205853e+07
<GCONST> 7.293853e+01
<MIXTURE> 3 1.059006e-01
<MEAN> 6
 5.939649e+01 2.284967e+03 -2.779425e+02 3.580162e-01 -5.083229e+00 -1.951609e+02
<VARIANCE> 6
 3.171015e+01 1.699419e+05 1.155935e+04 3.003832e+02 4.056576e+04 5.205853e+07
<GCONST> 6.996598e+01
<MIXTURE> 4 1.113984e-01
<MEAN> 6
 5.694720e+01 4.893405e+02 -3.664925e+03 2.275503e+00 -3.464642e+00 -4.834142e+01
<VARIANCE> 6
 3.171015e+01 6.938585e+04 1.369896e+06 3.003832e+02 4.056576e+04 5.205853e+07
<GCONST> 7.384520e+01
<MIXTURE> 5 1.143135e-01
<MEAN> 6
 7.008882e+01 9.236088e+02 -9.292044e+02 2.567567e-01 -7.997031e+00 -9.035413e+01
<VARIANCE> 6
 3.171015e+01 6.214079e+04 8.842109e+04 3.003832e+02 4.056576e+04 5.205853e+07
<GCONST> 7.099454e+01
<MIXTURE> 6 9.336483e-02
<MEAN> 6
 6.255178e+01 6.342837e+01 -1.671022e+03 1.256020e+00 -3.400321e+00 -1.837270e+02
<VARIANCE> 6
 3.171015e+01 5.274372e+04 6.277319e+04 3.003832e+02 4.056576e+04 5.205853e+07
<GCONST> 7.048801e+01
<MIXTURE> 7 1.022021e-01
<MEAN> 6
 6.767755e+01 5.208976e+02 -2.562159e+02 4.115012e-02 -5.467210e-01 -1.136234e+02
<VARIANCE> 6
 3.171015e+01 1.896804e+04 1.155935e+04 3.003832e+02 4.056576e+04 5.205853e+07
<GCONST> 6.777328e+01
<MIXTURE> 8 1.073194e-02
<MEAN> 6
 5.894057e+01 1.004353e+03 -4.894734e+02 5.718432e-01 3.624830e+00 -6.014943e+01
<VARIANCE> 6
 3.171015e+01 5.233695e+05 1.155935e+04 3.003832e+02 4.056576e+04 5.205853e+07
<GCONST> 7.109081e+01
<MIXTURE> 9 7.269935e-02
<MEAN> 6
 6.323637e+01 -2.697101e+02 -3.726558e+02 5.498514e-01 -4.535991e-01 -6.822654e+01
<VARIANCE> 6
 3.171015e+01 1.492847e+05 1.588824e+04 3.003832e+02 4.056576e+04 5.205853e+07
<GCONST> 7.015446e+01
<MIXTURE> 10 9.200960e-02
<MEAN> 6
 6.730602e+01 1.390808e+02 -2.084177e+02 -2.331421e-01 -8.830209e+00 -2.001826e+02
<VARIANCE> 6
 3.171015e+01 9.225927e+04 1.155935e+04 3.003832e+02 4.056576e+04 5.205853e+07
<GCONST> 6.935513e+01
<MIXTURE> 11 6.205843e-02
<MEAN> 6
 6.001896e+01 -2.996749e+02 -6.192949e+02 6.085145e-02 -6.929963e-01 -8.611106e+01
<VARIANCE> 6
 3.171015e+01 1.531892e+05 5.171735e+04 3.003832e+02 4.056576e+04 5.205853e+07
<GCONST> 7.136050e+01
<MIXTURE> 12 6.421205e-02
<MEAN> 6
 6.881951e+01 1.141600e+03 7.513925e+01 -1.086761e+00 -6.358479e+00 -9.367471e+01
<VARIANCE> 6
 3.171015e+01 8.155825e+04 1.155935e+04 3.003832e+02 4.056576e+04 5.205853e+07
<GCONST> 6.923184e+01
<STATE> 6
<NUMMIXES> 12
<MIXTURE> 1 7.287595e-02
<MEAN> 6
 8.493670e+01 -7.726738e+02 4.004616e+02 -1.587585e+00 -9.027486e+00 -2.694831e+01
<VARIANCE> 6
 5.888443e+01 1.719210e+04 1.155935e+04 3.003832e+02 4.056576e+04 5.205853e+07
<GCONST> 6.829391e+01
<MIXTURE> 2 7.349192e-02
<MEAN> 6
 8.794512e+01 -1.630520e+03 4.420440e+02 5.777764e-01 -3.987539e+00 -2.001090e+02
<VARIANCE> 6
 3.171015e+01 1.281363e+04 1.976339e+04 3.003832e+02 4.056576e+04 5.205853e+07
<GCONST> 6.791737e+01
<MIXTURE> 3 5.963691e-02
<MEAN> 6
 6.821706e+01 -8.851854e+02 -3.527709e+01 3.399369e-01 -9.058648e-01 -2.953523e+02
<VARIANCE> 6
 3.171015e+01 6.428285e+04 1.610948e+04 3.003832e+02 4.056576e+04 5.205853e+07
<GCONST> 6.932573e+01
<MIXTURE> 4 9.131330e-02
<MEAN> 6
 6.917976e+01 -2.162811e+03 2.020951e+02 1.008373e+00 -2.914400e+00 -4.182669e+01
<VARIANCE> 6
 3.171015e+01 1.394003e+05 1.933700e+05 3.003832e+02 4.056576e+04 5.205853e+07
<GCONST> 7.258498e+01
<MIXTURE> 5 1.236059e-01
<MEAN> 6
 8.322449e+01 -7.884826e+02 1.319242e+02 -1.314625e-01 -3.455490e+00 -1.259083e+02
<VARIANCE> 6
 3.171015e+01 1.281363e+04 1.155935e+04 3.003832e+02 4.056576e+04 5.205853e+07
<GCONST> 6.738103e+01
<MIXTURE> 6 6.746261e-02
<MEAN> 6
 9.036745e+01 -2.356778e+03 6.711226e+00 -3.943147e+00 8.401319e+00 -5.111789e+01
<VARIANCE> 6
 3.171015e+01 1.362042e+06 7.367355e+04 3.003832e+02 4.056576e+04 5.205853e+07
<GCONST> 7.389941e+01
<MIXTURE> 7 7.354075e-02
<MEAN> 6
 7.828623e+01 -1.491176e+03 -5.935602e+01 -2.224976e+00 -6.291928e+00 -1.962503e+02
<VARIANCE> 6
 3.171015e+01 6.137902e+04 1.155935e+04 3.003832e+02 4.056576e+04 5.205853e+07
<GCONST> 6.894759e+01
<MIXTURE> 8 1.201855e-01
<MEAN> 6
 8.304985e+01 -7.982925e+02 1.395564e+02 -1.174968e-01 -3.120249e+00 -1.318238e+02
<VARIANCE> 6
 3.171015e+01 1.281363e+04 1.155935e+04 3.003832e+02 4.056576e+04 5.205853e+07
<GCONST> 6.738103e+01
<MIXTURE> 9 9.643915e-02
<MEAN> 6
 6.498618e+01 -2.127334e+03 -4.546711e+02 4.319270e-02 -3.996861e+00 -1.864628e+02
<VARIANCE> 6
 3.171015e+01 1.161971e+05 1.899443e+04 3.003832e+02 4.056576e+04 5.205853e+07
<GCONST> 7.008246e+01
<MIXTURE> 10 7.922798e-02
<MEAN> 6
 8.481862e+01 -8.679047e+02 -9.674915e+00 -1.738057e+00 -6.727235e+00 -4.479652e+01
<VARIANCE> 6
 3.171015e+01 3.555639e+04 1.323942e+05 3.003832e+02 4.056576e+04 5.205853e+07
<GCONST> 7.083994e+01
<MIXTURE> 11 8.213229e-02
<MEAN> 6
 8.937120e+01 -3.575550e+03 -5.967848e+02 -3.997909e+00 -1.451469e+01 -2.416650e+02
<VARIANCE> 6
 4.375433e+01 8.099532e+06 6.612124e+04 3.003832e+02 4.056576e+04 5.205853e+07
<GCONST> 7.589603e+01
<MIXTURE> 12 6.004488e-02
<MEAN> 6
 6.819700e+01 -9.155779e+02 -4.853564e+01 -6.449278e-02 -6.410061e+00 -2.391784e+02
<VARIANCE> 6
 3.171015e+01 5.881811e+04 1.411302e+04 3.003832e+02 4.056576e+04 5.205853e+07
<GCONST> 6.910458e+01
<STATE> 7
<NUMMIXES> 12
<MIXTURE> 1 8.214033e-02
<MEAN> 6
 1.014646e+02 -3.169079e+03 1.259457e+04 -1.491448e+00 -3.913695e+00 8.618351e+01
<VARIANCE> 6
 3.171015e+01 2.121478e+05 1.121068e+06 3.003832e+02 4.056576e+04 5.205853e+07
<GCONST> 7.476235e+01
<MIXTURE> 2 5.402242e-02
<MEAN> 6
 7.179186e+01 -2.682211e+03 2.405590e+03 1.823459e+00 -3.327509e+01 3.814919e+02
<VARIANCE> 6
 3.171015e+01 1.622568e+05 1.485253e+05 3.003832e+02 4.056576e+04 5.205853e+07
<GCONST> 7.247296e+01
<MIXTURE> 3 1.015070e-01
<MEAN> 6
 9.661995e+01 -3.937187e+03 8.612586e+03 -4.971941e+00 1.980677e+00 6.555509e+00
<VARIANCE> 6
 3.171015e+01 1.281363e+04 1.807890e+06 3.003832e+02 4.056576e+04 5.205853e+07
<GCONST> 7.243346e+01
<MIXTURE> 4 5.175076e-02
<MEAN> 6
 1.039203e+02 -1.218773e+03 1.081537e+03 -5.471815e+00 -2.433802e+02 -2.200593e+03
<VARIANCE> 6
 3.297435e+02 5.494456e+05 4.060776e+05 3.003832e+02 1.099345e+05 5.492756e+07
<GCONST> 7.809077e+01
<MIXTURE> 5 5.832725e-02
<MEAN> 6
 7.025792e+01 -3.556380e+03 3.155497e+03 -3.603408e+00 -5.060349e+00 -1.513992e+02
<VARIANCE> 6
 3.171015e+01 2.507142e+04 1.913242e+04 3.003832e+02 4.056576e+04 5.205853e+07
<GCONST> 6.855614e+01
<MIXTURE> 6 7.181825e-02
<MEAN> 6
 9.190905e+01 -4.249287e+03 5.593743e+03 -1.670256e+00 1.834767e+00 -1.152699e-01
<VARIANCE> 6
 3.171015e+01 1.281363e+04 8.856316e+05 3.003832e+02 4.056576e+04 5.205853e+07
<GCONST> 7.171984e+01
<MIXTURE> 7 8.248362e-02
<MEAN> 6
 6.716278e+01 -4.273999e+03 3.375383e+03 -3.887486e-01 -7.768205e+00 -1.565863e+02
<VARIANCE> 6
 3.171015e+01 1.281363e+04 1.155935e+04 3.003832e+02 4.056576e+04 5.205853e+07
<GCONST> 6.738103e+01
<MIXTURE> 8 1.067659e-01
<MEAN> 6
 6.805876e+01 -4.031563e+03 3.472413e+03 -9.341551e-01 -2.728200e+00 -9.031508e+01
<VARIANCE> 6
 3.171015e+01 1.826996e+04 1.155935e+04 3.003832e+02 4.056576e+04 5.205853e+07
<GCONST> 6.773578e+01
<MIXTURE> 9 1.381420e-01
<MEAN> 6
 9.074262e+01 -4.471949e+03 2.589410e+03 -1.497541e+00 -2.322584e+01 -4.574977e+02
<VARIANCE> 6
 3.171015e+01 1.281363e+04 3.471881e+05 3.003832e+02 4.056576e+04 5.205853e+07
<GCONST> 7.078340e+01
<MIXTURE> 10 8.376937e-02
<MEAN> 6
 6.713505e+01 -4.279604e+03 3.349447e+03 -5.151384e-01 -1.070056e+01 -2.251080e+02
<VARIANCE> 6
 3.171015e+01 1.281363e+04 1.155935e+04 3.003832e+02 4.056576e+04 5.205853e+07
<GCONST> 6.738103e+01
<MIXTURE> 11 9.865656e-02
<MEAN> 6
 6.778821e+01 -4.096829e+03 3.492399e+03 -7.181559e-01 -2.158807e+00 -5.879343e+01
<VARIANCE> 6
 3.171015e+01 1.281363e+04 1.155935e+04 3.003832e+02 4.056576e+04 5.205853e+07
<GCONST> 6.738103e+01
<MIXTURE> 12 7.060986e-02
<MEAN> 6
 9.123537e+01 -4.334809e+03 4.379498e+03 -4.838328e-01 9.979041e-01 -8.299687e-01
<VARIANCE> 6
 3.171015e+01 1.281363e+04 7.787719e+05 3.003832e+02 4.056576e+04 5.205853e+07
<GCONST> 7.159126e+01
<STATE> 8
<NUMMIXES> 12
<MIXTURE> 1 8.582296e-02
<MEAN> 6
 -4.241318e+01 3.838297e+00 6.859279e+01 1.556109e+02 1.006192e+03 -5.978593e+01
<VARIANCE> 6
 1.101597e+02 6.294152e+05 1.943333e+05 6.028977e+03 1.238186e+05 5.205853e+07
<GCONST> 7.945786e+01
<MIXTURE> 2 6.985404e-02
<MEAN> 6
 -3.529998e+01 3.430046e+02 1.523854e+02 -2.476700e+02 1.160897e+03 1.380313e+04
<VARIANCE> 6
 2.245251e+02 1.260474e+06 7.896188e+05 8.051130e+03 1.063935e+06 5.499979e+08
<GCONST> 8.706403e+01
<MIXTURE> 3 7.333695e-02
<MEAN> 6
 3.971510e+01 2.202427e+02 1.069999e+02 2.259405e+02 -3.264052e+02 -4.436252e+02
<VARIANCE> 6
 6.006133e+02 1.280651e+06 4.380733e+05 2.616645e+03 1.437397e+05 5.792882e+07
<GCONST> 8.209837e+01
<MIXTURE> 4 1.032214e-01
<MEAN> 6
 9.134472e+01 -7.974690e+01 1.125012e+02 -7.517378e+00 -2.840186e+02 -2.419895e+02
<VARIANCE> 6
 1.258893e+02 9.912460e+05 4.905798e+05 2.567015e+03 1.218902e+05 5.205853e+07
<GCONST> 8.010198e+01
<MIXTURE> 5 5.478868e-02
<MEAN> 6
 -1.227249e+01 -1.578699e+01 -3.460721e+01 2.684250e+02 4.486689e+02 -1.011552e+04
<VARIANCE> 6
 1.295043e+02 8.109211e+05 3.705095e+05 6.770627e+03 1.439891e+05 8.461686e+07
<GCONST> 8.127103e+01
<MIXTURE> 6 1.254508e-01
<MEAN> 6
 1.454254e+01 3.942707e+02 -2.958439e+00 -2.780665e+02 -1.506718e+02 3.869458e+03
<VARIANCE> 6
 6.079750e+02 7.595221e+05 9.952713e+05 3.114255e+03 2.546782e+05 1.093674e+08
<GCONST> 8.379034e+01
<MIXTURE> 7 1.354456e-01
<MEAN> 6
 7.197665e+01 -7.611445e+00 1.211105e+02 -5.886435e+01 -8.215782e+02 -2.530526e+02
<VARIANCE> 6
 1.626398e+02 5.593893e+05 2.581237e+05 2.034231e+04 1.562770e+05 6.192546e+07
<GCONST> 8.163588e+01
<MIXTURE> 8 9.832510e-02
<MEAN> 6
 -6.006995e+01 -5.770953e+01 1.440600e+01 2.222253e+01 3.466948e+02 2.989345e+02
<VARIANCE> 6
 8.357421e+01 8.061100e+05 4.095597e+05 1.030080e+03 1.142787e+05 5.205853e+07
<GCONST> 7.832748e+01
<MIXTURE> 9 2.906991e-02
<MEAN> 6
 4.177293e+01 -1.094042e+03 9.129897e+01 -2.547692e+02 -8.193510e+02 6.980203e+03
<VARIANCE> 6
 5.216555e+02 6.842548e+06 2.949089e+05 8.129311e+03 4.176865e+05 1.792368e+08
<GCONST> 8.656730e+01
<MIXTURE> 10 7.658947e-02
<MEAN> 6
 8.791380e+01 1.201751e+01 -4.098137e+01 4.778078e+01 -1.155152e+03 -2.067817e+03
<VARIANCE> 6
 2.834315e+02 2.303925e+06 8.235377e+05 1.693687e+04 1.041852e+06 7.612463e+08
<GCONST> 8.898995e+01
<MIXTURE> 11 7.579504e-02
<MEAN> 6
 -5.743627e+01 1.586728e+01 -8.146272e-01 -3.625383e+01 1.345121e+03 -7.284418e+03
<VARIANCE> 6
 1.039357e+02 8.626017e+05 7.571658e+05 1.025940e+04 3.790878e+05 2.483286e+08
<GCONST> 8.428782e+01
<MIXTURE> 12 7.209101e-02
<MEAN> 6
 3.434669e+01 -5.362344e+01 -5.701574e+01 2.543544e+02 -4.168191e+02 -3.812171e+03
<VARIANCE> 6
 5.001107e+02 1.178166e+06 6.155273e+05 3.594469e+03 1.385720e+05 5.616368e+07
<GCONST> 8.242188e+01
<STATE> 9
<NUMMIXES> 12
<MIXTURE> 1 6.356690e-02
<MEAN> 6
 -8.465667e+00 1.235864e+02 1.962806e+02 1.084087e+02 1.846589e+02 -1.422136e+03
<VARIANCE> 6
 2.532246e+02 2.301697e+05 5.358641e+05 6.749512e+03 7.348171e+04 5.205853e+07
<GCONST> 7.988965e+01
<MIXTURE> 2 7.244292e-02
<MEAN> 6
 -1.587953e+01 -6.429134e+01 1.655928e+02 -1.668533e+02 5.131122e+02 4.767101e+03
<VARIANCE> 6
 5.958272e+02 6.278836e+05 2.098009e+06 4.874155e+03 5.036823e+05 2.101040e+08
<GCONST> 8.610834e+01
<MIXTURE> 3 9.956319e-02
<MEAN> 6
 7.724621e+01 -1.858525e+02 3.188346e+02 -2.845834e+00 -8.307413e+01 -3.793436e+02
<VARIANCE> 6
 6.237831e+01 1.898898e+05 1.045446e+06 3.342639e+02 4.056576e+04 5.205853e+07
<GCONST> 7.536513e+01
<MIXTURE> 4 1.018155e-01
<MEAN> 6
 4.053616e+01 3.376207e+02 -1.259055e+03 9.846231e+00 -1.870203e+02 1.989861e+02
<VARIANCE> 6
 1.043782e+03 3.640742e+06 4.280848e+06 2.600901e+04 9.646234e+04 5.205853e+07
<GCONST> 8.776622e+01
<MIXTURE> 5 6.487517e-02
<MEAN> 6
 4.697149e+01 5.382935e+02 4.646380e+02 1.031346e+02 -1.383834e+02 -6.275787e+02
<VARIANCE> 6
 3.235590e+02 2.858431e+05 8.099318e+05 2.073494e+03 4.056576e+04 5.205853e+07
<GCONST> 7.899010e+01
<MIXTURE> 6 1.197045e-01
<MEAN> 6
 -4.160463e+01 1.360605e+02 -1.260783e+02 3.335272e+01 6.408741e+02 -1.215017e+03
<VARIANCE> 6
 1.463883e+02 8.343209e+05 1.611162e+06 9.019188e+03 1.067532e+05 5.205853e+07
<GCONST> 8.239363e+01
<MIXTURE> 7 5.278397e-02
<MEAN> 6
 8.018962e+01 -4.757319e+02 3.236133e+02 1.867263e+01 -6.387747e+02 -3.533223e+02
<VARIANCE> 6
 9.861352e+01 2.911341e+06 4.205093e+06 6.483123e+03 4.520941e+05 2.087596e+08
<GCONST> 8.670970e+01
<MIXTURE> 8 9.962019e-02
<MEAN> 6
 5.489254e+00 -3.801226e+02 -8.417988e+01 -8.005792e+01 5.024001e+01 9.252554e+02
<VARIANCE> 6
 4.623825e+02 7.986841e+05 3.650605e+05 1.959149e+04 6.459554e+04 5.205853e+07
<GCONST> 8.228883e+01
<MIXTURE> 9 8.233526e-02
<MEAN> 6
 -5.451228e+01 5.179013e+01 7.475271e+01 4.076750e+00 1.272151e+02 -3.331537e+01
<VARIANCE> 6
 1.088727e+02 2.661042e+05 2.377888e+06 4.197566e+02 4.056576e+04 5.205853e+07
<GCONST> 7.730904e+01
<MIXTURE> 10 1.151241e-01
<MEAN> 6
 6.320166e+01 -1.048699e+02 -2.682439e+00 -6.945157e+01 -5.399858e+02 6.577651e+02
<VARIANCE> 6
 1.380226e+02 6.850168e+05 7.892864e+05 8.008064e+03 1.107211e+05 5.205853e+07
<GCONST> 8.134161e+01
<MIXTURE> 11 6.343321e-02
<MEAN> 6
 4.491221e+01 -1.649805e+02 -2.679250e+02 1.480061e+02 -2.783222e+02 -1.601104e+03
<VARIANCE> 6
 3.075026e+02 4.326102e+05 5.481227e+05 2.200378e+03 7.019166e+04 5.205853e+07
<GCONST> 7.957085e+01
<MIXTURE> 12 6.444966e-02
<MEAN> 6
 -1.762270e+01 -1.793793e+00 -1.527004e+01 5.834252e+01 1.251603e+02 -1.850579e+03
<VARIANCE> 6
 1.844726e+02 2.696912e+05 4.016235e+05 1.022683e+04 6.779067e+04 5.205853e+07
<GCONST> 7.977789e+01
<STATE> 10
<NUMMIXES> 12
<MIXTURE> 1 9.835628e-02
<MEAN> 6
 1.072583e+02 9.336535e+02 -7.774294e+02 -6.994044e+00 2.381644e-01 3.816965e+02
<VARIANCE> 6
 3.660855e+01 4.126774e+05 1.152566e+05 3.003832e+02 4.056576e+04 5.205853e+07
<GCONST> 7.329650e+01
<MIXTURE> 2 1.126008e-01
<MEAN> 6
 9.352692e+01 -2.892141e+03 -2.367320e+03 -6.407665e+00 1.117825e+01 1.524257e+02
<VARIANCE> 6
 1.538750e+02 8.728215e+06 1.162293e+07 3.003832e+02 4.056576e+04 5.205853e+07
<GCONST> 8.239758e+01
<MIXTURE> 3 7.558893e-02
<MEAN> 6
 9.014560e+01 5.068496e+02 5.000107e+02 -3.697039e+00 -4.968327e+00 2.380062e+02
<VARIANCE> 6
 3.171015e+01 2.680968e+05 2.222207e+06 3.003832e+02 4.056576e+04 5.205853e+07
<GCONST> 7.568063e+01
<MIXTURE> 4 6.302737e-02
<MEAN> 6
 7.643857e+01 -5.961367e+02 2.231013e+03 -3.500080e+00 -1.164621e+00 1.149129e+02
<VARIANCE> 6
 7.777400e+01 1.133071e+05 1.221765e+06 3.003832e+02 4.056576e+04 5.205853e+07
<GCONST> 7.511835e+01
<MIXTURE> 5 1.337498e-01
<MEAN> 6
 7.827756e+01 2.024931e+03 -6.009189e+02 -3.252795e+00 -3.972749e-01 1.627846e+02
<VARIANCE> 6
 2.964837e+02 2.532247e+05 2.351412e+06 3.003832e+02 4.056576e+04 5.205853e+07
<GCONST> 7.791544e+01
<MIXTURE> 6 7.079583e-02
<MEAN> 6
 9.575689e+01 1.715239e+02 -1.536574e+02 -3.845446e+00 -3.402526e+00 9.347858e+01
<VARIANCE> 6
 3.171015e+01 1.275559e+05 6.060905e+04 3.003832e+02 4.056576e+04 5.205853e+07
<GCONST> 7.133603e+01
<MIXTURE> 7 4.100995e-02
<MEAN> 6
 7.259006e+01 4.028779e+02 -3.431148e+03 -2.483466e+00 -1.842613e+00 1.057218e+02
<VARIANCE> 6
 3.171015e+01 7.728149e+04 1.028262e+06 3.003832e+02 4.056576e+04 5.205853e+07
<GCONST> 7.366611e+01
<MIXTURE> 8 3.515230e-02
<MEAN> 6
 6.540130e+01 -1.789445e+03 3.014104e+02 -1.513418e+00 -5.309884e+00 2.493480e+02
<VARIANCE> 6
 5.026438e+01 1.281627e+05 3.603730e+05 3.003832e+02 4.056576e+04 5.205853e+07
<GCONST> 7.358413e+01
<MIXTURE> 9 1.025836e-01
<MEAN> 6
 8.886555e+01 -3.665432e+02 -1.741826e+03 -4.613621e+00 3.774006e-01 2.834217e+01
<VARIANCE> 6
 8.364263e+01 9.164330e+04 1.558321e+05 3.003832e+02 4.056576e+04 5.205853e+07
<GCONST> 7.291963e+01
<MIXTURE> 10 6.740473e-02
<MEAN> 6
 9.024279e+01 4.974810e+02 -2.507352e+02 -3.949932e+00 -6.228140e+00 2.205785e+02
<VARIANCE> 6
 3.171015e+01 4.024720e+05 2.182964e+06 3.003832e+02 4.056576e+04 5.205853e+07
<GCONST> 7.606909e+01
<MIXTURE> 11 1.276548e-01
<MEAN> 6
 8.432590e+01 -9.794498e+02 4.315046e+02 -3.749707e+00 -6.359450e+00 1.880163e+02
<VARIANCE> 6
 3.811193e+01 6.767920e+04 9.451994e+05 3.003832e+02 4.056576e+04 5.205853e+07
<GCONST> 7.363309e+01
<MIXTURE> 12 7.202167e-02
<MEAN> 6
 9.399673e+01 1.749081e+02 -2.338388e+02 -3.925556e+00 -3.852111e+00 1.162469e+02
<VARIANCE> 6
 3.171015e+01 7.418001e+04 5.745049e+04 3.003832e+02 4.056576e+04 5.205853e+07
<GCONST> 7.074045e+01
<STATE> 11
<NUMMIXES> 12
<MIXTURE> 1 8.180522e-02
<MEAN> 6
 7.403030e+01 4.769462e+02 6.099592e+02 -4.818792e+00 -4.589176e+00 1.057841e+02
<VARIANCE> 6
 3.947656e+01 6.099080e+04 1.948483e+04 3.003832e+02 4.056576e+04 5.205853e+07
<GCONST> 6.968246e+01
<MIXTURE> 2 6.880596e-02
<MEAN> 6
 5.954365e+01 4.830819e+02 1.118373e+02 -1.308714e-01 -9.551585e-02 -1.253739e+02
<VARIANCE> 6
 3.171015e+01 1.281363e+04 1.155935e+04 3.003832e+02 4.056576e+04 5.205853e+07
<GCONST> 6.738103e+01
<MIXTURE> 3 1.064410e-01
<MEAN> 6
 6.362212e+01 3.586480e+02 -1.732562e+02 6.843393e-01 -7.908783e+00 -1.245778e+02
<VARIANCE> 6
 3.171015e+01 1.281363e+04 1.155935e+04 3.003832e+02 4.056576e+04 5.205853e+07
<GCONST> 6.738103e+01
<MIXTURE> 4 1.251926e-01
<MEAN> 6
 6.092534e+01 5.628910e+01 -4.267669e+01 -1.369975e-01 -3.587028e+00 -1.505301e+02
<VARIANCE> 6
 3.171015e+01 1.281363e+04 1.155935e+04 3.003832e+02 4.056576e+04 5.205853e+07
<GCONST> 6.738103e+01
<MIXTURE> 5 1.156119e-01
<MEAN> 6
 7.490154e+01 7.790709e+02 -2.882262e+02 -2.115220e+00 -5.438543e+00 9.514792e+01
<VARIANCE> 6
 3.171015e+01 1.400244e+05 1.387460e+05 3.003832e+02 4.056576e+04 5.205853e+07
<GCONST> 7.225749e+01
<MIXTURE> 6 5.088923e-02
<MEAN> 6
 7.495835e+01 8.216283e+02 -5.045475e+02 -1.805396e+00 -2.086968e+00 5.760163e+01
<VARIANCE> 6
 3.171015e+01 4.303198e+05 1.110228e+05 3.003832e+02 4.056576e+04 5.205853e+07
<GCONST> 7.315730e+01
<MIXTURE> 7 1.176226e-01
<MEAN> 6
 7.779944e+01 -2.275945e+02 1.645293e+01 -1.506061e+00 -4.392327e+00 -9.074831e+00
<VARIANCE> 6
 3.171015e+01 1.413431e+04 4.270894e+04 3.003832e+02 4.056576e+04 5.205853e+07
<GCONST> 6.878604e+01
<MIXTURE> 8 6.609946e-02
<MEAN> 6
 5.866037e+01 2.280402e+01 -1.175815e+02 1.761585e-01 -1.695963e+00 -1.527794e+02
<VARIANCE> 6
 3.171015e+01 1.281363e+04 1.155935e+04 3.003832e+02 4.056576e+04 5.205853e+07
<GCONST> 6.738103e+01
<MIXTURE> 9 5.110793e-02
<MEAN> 6
 5.460178e+01 8.403616e+02 -3.784207e-01 1.330186e+00 5.323403e+00 -1.361842e+02
<VARIANCE> 6
 3.171015e+01 1.281363e+04 1.155935e+04 3.003832e+02 4.056576e+04 5.205853e+07
<GCONST> 6.738103e+01
<MIXTURE> 10 7.928912e-02
<MEAN> 6
 7.828609e+01 -9.051990e+01 -4.347454e+02 -2.363394e+00 -8.502242e+00 -1.094598e+01
<VARIANCE> 6
 3.171015e+01 2.062939e+04 2.935664e+05 3.003832e+02 4.056576e+04 5.205853e+07
<GCONST> 7.109185e+01
<MIXTURE> 11 6.801386e-02
<MEAN> 6
 5.802172e+01 1.772170e+01 -1.349202e+02 2.928273e-01 -9.954171e-01 -1.525490e+02
<VARIANCE> 6
 3.171015e+01 1.281363e+04 1.155935e+04 3.003832e+02 4.056576e+04 5.205853e+07
<GCONST> 6.738103e+01
<MIXTURE> 12 6.906684e-02
<MEAN> 6
 5.932740e+01 4.779899e+02 1.031701e+02 -1.526754e-01 5.136989e-01 -1.204178e+02
<VARIANCE> 6
 3.171015e+01 1.281363e+04 1.155935e+04 3.003832e+02 4.056576e+04 5.205853e+07
<GCONST> 6.738103e+01
<STATE> 12
<NUMMIXES> 12
<MIXTURE> 1 5.792126e-02
<MEAN> 6
 -4.151833e+01 4.596679e+01 1.604851e+01 -4.590053e+01 1.154816e+03 7.536166e+02
<VARIANCE> 6
 2.093721e+02 1.151181e+05 2.780920e+05 2.359757e+04 4.371579e+05 3.281467e+08
<GCONST> 8.322672e+01
<MIXTURE> 2 5.205723e-02
<MEAN> 6
 7.847791e+01 -2.998030e+02 -2.693061e+01 3.358894e+01 -9.068677e+02 -2.434406e+03
<VARIANCE> 6
 1.734945e+02 6.980841e+05 9.409438e+04 1.098114e+04 6.351087e+05 3.189953e+08
<GCONST> 8.333773e+01
<MIXTURE> 3 7.713890e-02
<MEAN> 6
 1.799419e+01 7.436292e+01 7.051311e+01 2.048279e+02 -1.858000e+02 -2.637731e+03
<VARIANCE> 6
 4.457460e+02 7.152766e+04 8.323580e+04 2.843673e+03 1.280341e+05 6.148716e+07
<GCONST> 7.728152e+01
<MIXTURE> 4 1.192220e-01
<MEAN> 6
 7.237640e+01 -2.236819e+02 5.202290e+00 -5.948108e+00 -3.516511e+01 9.984608e+01
<VARIANCE> 6
 1.071827e+02 2.394585e+05 7.648157e+04 3.003832e+02 4.056576e+04 5.205853e+07
<GCONST> 7.341635e+01
<MIXTURE> 5 1.047144e-01
<MEAN> 6
 -1.890011e+01 -4.900628e+01 1.763493e+01 1.901050e+01 2.189780e+02 -2.541403e+03
<VARIANCE> 6
 1.284608e+02 6.179323e+04 1.837057e+04 2.243020e+04 1.062714e+05 7.816874e+07
<GCONST> 7.649924e+01
<MIXTURE> 6 1.270939e-01
<MEAN> 6
 5.947677e+01 -3.462057e+01 -5.291702e+00 3.708809e+01 -3.358094e+02 -3.770445e+02
<VARIANCE> 6
 1.033063e+02 9.155132e+04 5.584470e+04 9.518285e+03 5.737041e+04 5.205853e+07
<GCONST> 7.590607e+01
<MIXTURE> 7 6.839031e-02
<MEAN> 6
 1.501810e+01 1.379209e+02 1.089429e+02 -2.013333e+02 -1.332462e+01 5.312665e+03
<VARIANCE> 6
 5.451301e+02 1.112187e+05 5.936081e+04 3.947229e+03 2.570489e+05 1.343346e+08
<GCONST> 7.939256e+01
<MIXTURE> 8 8.568364e-02
<MEAN> 6
 -4.600494e+01 2.238874e+01 -1.610296e+00 3.560653e+01 8.176247e+02 -5.744386e+02
<VARIANCE> 6
 1.005404e+02 5.709843e+04 2.993928e+04 9.857634e+03 1.307023e+05 5.205853e+07
<GCONST> 7.564185e+01
<MIXTURE> 9 8.534697e-02
<MEAN> 6
 6.655777e+01 -9.943369e+00 1.627592e+01 -8.293468e+01 -7.789982e+02 4.015917e+02
<VARIANCE> 6
 2.174859e+02 1.315298e+05 1.452171e+04 1.032564e+04 1.691211e+05 5.284254e+07
<GCONST> 7.684337e+01
<MIXTURE> 10 8.386317e-02
<MEAN> 6
 2.323646e+01 -1.876762e+02 -9.010458e+01 1.337905e+02 -2.229519e+01 -1.818156e+02
<VARIANCE> 6
 4.925048e+02 1.240116e+05 5.694668e+04 1.403047e+03 4.628749e+04 5.205853e+07
<GCONST> 7.566168e+01
<MIXTURE> 11 6.880338e-02
<MEAN> 6
 -3.981373e+01 2.107483e+01 -1.225037e+02 6.915468e+00 2.720864e+02 8.630851e+01
<VARIANCE> 6
 1.431488e+02 7.974502e+04 8.413773e+04 2.587684e+03 5.855941e+04 5.205853e+07
<GCONST> 7.522214e+01
<MIXTURE> 12 6.955972e-02
<MEAN> 6
 1.164800e+01 2.172969e+01 3.757611e+01 -2.054337e+02 -2.447247e+00 3.908845e+03
<VARIANCE> 6
 5.386478e+02 9.794396e+04 6.228645e+04 4.051801e+03 2.623772e+05 1.526366e+08
<GCONST> 7.947600e+01
<TRANSP> 13
 0.000000e+00 1.000000e+00 0.000000e+00 0.000000e+00 0.000000e+00 0.000000e+00 0.000000e+00 0.000000e+00 0.000000e+00 0.000000e+00 0.000000e+00 0.000000e+00 0.000000e+00
 0.000000e+00 9.980884e-01 1.911647e-03 0.000000e+00 0.000000e+00 0.000000e+00 0.000000e+00 0.000000e+00 0.000000e+00 0.000000e+00 0.000000e+00 0.000000e+00 0.000000e+00
 0.000000e+00 0.000000e+00 9.992352e-01 7.648528e-04 0.000000e+00 0.000000e+00 0.000000e+00 0.000000e+00 0.000000e+00 0.000000e+00 0.000000e+00 0.000000e+00 0.000000e+00
 0.000000e+00 0.000000e+00 0.000000e+00 9.990563e-01 9.436249e-04 0.000000e+00 0.000000e+00 0.000000e+00 0.000000e+00 0.000000e+00 0.000000e+00 0.000000e+00 0.000000e+00
 0.000000e+00 0.000000e+00 0.000000e+00 0.000000e+00 9.992638e-01 7.362119e-04 0.000000e+00 0.000000e+00 0.000000e+00 0.000000e+00 0.000000e+00 0.000000e+00 0.000000e+00
 0.000000e+00 0.000000e+00 0.000000e+00 0.000000e+00 0.000000e+00 9.986783e-01 1.321790e-03 0.000000e+00 0.000000e+00 0.000000e+00 0.000000e+00 0.000000e+00 0.000000e+00
 0.000000e+00 0.000000e+00 0.000000e+00 0.000000e+00 0.000000e+00 0.000000e+00 9.924346e-01 7.565366e-03 0.000000e+00 0.000000e+00 0.000000e+00 0.000000e+00 0.000000e+00
 0.000000e+00 0.000000e+00 0.000000e+00 0.000000e+00 0.000000e+00 0.000000e+00 0.000000e+00 9.998726e-01 1.274286e-04 0.000000e+00 0.000000e+00 0.000000e+00 0.000000e+00
 0.000000e+00 0.000000e+00 0.000000e+00 0.000000e+00 0.000000e+00 0.000000e+00 0.000000e+00 0.000000e+00 9.998256e-01 1.744114e-04 0.000000e+00 0.000000e+00 0.000000e+00
 0.000000e+00 0.000000e+00 0.000000e+00 0.000000e+00 0.000000e+00 0.000000e+00 0.000000e+00 0.000000e+00 0.000000e+00 9.992081e-01 7.919094e-04 0.000000e+00 0.000000e+00
 0.000000e+00 0.000000e+00 0.000000e+00 0.000000e+00 0.000000e+00 0.000000e+00 0.000000e+00 0.000000e+00 0.000000e+00 0.000000e+00 9.991081e-01 8.919010e-04 0.000000e+00
 0.000000e+00 0.000000e+00 0.000000e+00 0.000000e+00 0.000000e+00 0.000000e+00 0.000000e+00 0.000000e+00 0.000000e+00 0.000000e+00 0.000000e+00 9.998297e-01 1.703132e-04
 0.000000e+00 0.000000e+00 0.000000e+00 0.000000e+00 0.000000e+00 0.000000e+00 0.000000e+00 0.000000e+00 0.000000e+00 0.000000e+00 0.000000e+00 0.000000e+00 0.000000e+00
<ENDHMM>
~h "QuintoPRIMARIA"
<BEGINHMM>
<NUMSTATES> 13
<STATE> 2
<NUMMIXES> 12
<MIXTURE> 1 7.485035e-02
<MEAN> 6
 -3.490214e+01 -1.490645e+01 -4.276968e+01 -1.385312e+02 1.207787e+03 5.475503e+03
<VARIANCE> 6
 2.821179e+02 2.919550e+04 7.753854e+04 2.046512e+04 8.923774e+05 6.820893e+08
<GCONST> 8.217868e+01
<MIXTURE> 2 2.790815e-02
<MEAN> 6
 -6.654363e+00 -7.164282e+02 -2.707954e+02 -3.709983e+01 3.207212e+02 1.983589e+02
<VARIANCE> 6
 1.579606e+03 9.442139e+05 2.320995e+06 6.471260e+04 1.729936e+06 4.767250e+08
<GCONST> 9.223156e+01
<MIXTURE> 3 9.316190e-02
<MEAN> 6
 7.504560e+01 2.761402e+01 1.116201e+02 -5.836627e+00 -4.609147e+01 -3.132619e+02
<VARIANCE> 6
 1.603602e+02 1.784930e+04 5.798907e+04 3.003832e+02 4.056576e+04 5.205853e+07
<GCONST> 7.094603e+01
<MIXTURE> 4 1.369686e-01
<MEAN> 6
 6.526926e+01 4.898326e+01 6.805489e+00 1.926248e+01 -4.183144e+02 -6.340153e+02
<VARIANCE> 6
 4.374230e+02 3.914379e+04 2.307719e+04 1.995415e+04 1.464900e+05 5.205853e+07
<GCONST> 7.729355e+01
<MIXTURE> 5 1.231553e-01
<MEAN> 6
 -3.510844e+01 -5.337735e+01 2.925778e+01 8.848331e+01 7.301334e+02 -1.277812e+03
<VARIANCE> 6
 3.054352e+02 8.990843e+04 1.200452e+05 1.273937e+04 1.454120e+05 5.205853e+07
<GCONST> 7.895883e+01
<MIXTURE> 6 5.664282e-02
<MEAN> 6
 7.486008e+01 1.018797e+02 -1.212562e+01 2.901615e+01 -1.161458e+03 -3.294451e+02
<VARIANCE> 6
 7.142899e+02 9.689519e+04 3.562047e+04 3.253285e+04 1.026180e+06 6.955214e+08
<GCONST> 8.415215e+01
<MIXTURE> 7 5.527677e-02
<MEAN> 6
 6.010239e+01 -2.958956e+02 1.918607e+01 -4.611728e-01 -1.083538e+01 -8.804256e+01
<VARIANCE> 6
 6.634331e+01 3.439010e+05 1.155935e+04 3.003832e+02 4.056576e+04 5.205853e+07
<GCONST> 7.140908e+01
<MIXTURE> 8 8.007773e-02
<MEAN> 6
 1.686274e+01 3.972153e+01 5.223793e+01 -6.966401e+00 -1.584954e+00 6.799839e+02
<VARIANCE> 6
 3.701390e+02 4.142814e+04 9.460763e+04 4.860576e+04 2.020606e+05 1.294305e+08
<GCONST> 8.071683e+01
<MIXTURE> 9 9.138830e-02
<MEAN> 6
 6.106020e+01 8.966272e+00 -5.916577e+01 -4.094779e+01 -6.733720e+02 1.289924e+02
<VARIANCE> 6
 3.051546e+02 1.528466e+05 1.551877e+05 2.232040e+04 2.240100e+05 5.205853e+07
<GCONST> 8.073825e+01
<MIXTURE> 10 9.124020e-02
<MEAN> 6
 -4.558935e+01 -1.016537e+01 -2.012559e+01 1.726464e+01 2.050791e+02 5.085324e+01
<VARIANCE> 6
 1.819221e+02 3.658780e+04 6.698823e+04 6.652979e+02 6.006997e+04 5.205853e+07
<GCONST> 7.312196e+01
<MIXTURE> 11 8.879384e-02
<MEAN> 6
 6.152036e+01 -5.730965e+01 1.049690e+02 -2.269351e-01 -2.625692e+01 -1.505271e+02
<VARIANCE> 6
 4.684440e+01 2.550021e+04 2.028083e+05 3.003832e+02 4.056576e+04 5.205853e+07
<GCONST> 7.132417e+01
<MIXTURE> 12 8.018982e-02
<MEAN> 6
 8.130072e+00 -2.767752e+01 -7.352573e+01 -5.411251e+01 -1.150364e+02 -1.718289e+03
<VARIANCE> 6
 3.525140e+02 3.165493e+04 8.629456e+04 4.648975e+04 2.425162e+05 1.353576e+08
<GCONST> 8.048976e+01
<STATE> 3
<NUMMIXES> 12
<MIXTURE> 1 6.291398e-02
<MEAN> 6
 9.031269e+01 1.508310e+02 -3.731105e+00 4.142297e+01 -5.505745e+02 3.977853e+03
<VARIANCE> 6
 3.908726e+02 1.428334e+04 1.155935e+04 3.917670e+03 3.202400e+05 5.205853e+07
<GCONST> 7.463570e+01
<MIXTURE> 2 9.212016e-02
<MEAN> 6
 9.179751e+01 1.087900e+02 -8.213332e+01 6.155022e+01 -1.094620e+03 5.153261e+03
<VARIANCE> 6
 1.308280e+02 9.471319e+04 7.492794e+04 1.521831e+04 2.165682e+06 1.218018e+09
<GCONST> 8.372303e+01
<MIXTURE> 3 9.807667e-02
<MEAN> 6
 2.012420e+01 -1.895849e+02 3.629359e+02 2.810443e+02 -1.323754e+02 -1.108012e+04
<VARIANCE> 6
 6.398964e+02 2.216393e+05 2.175674e+05 4.209668e+03 6.615364e+05 2.225505e+08
<GCONST> 8.305576e+01
<MIXTURE> 4 5.770702e-02
<MEAN> 6
 -2.557453e+01 -1.752872e+02 7.354886e+02 2.158104e+02 8.399897e+02 -3.094211e+03
<VARIANCE> 6
 1.699631e+02 1.513771e+05 9.225643e+04 1.953748e+03 2.380046e+05 5.205853e+07
<GCONST> 7.724812e+01
<MIXTURE> 5 6.037426e-02
<MEAN> 6
 8.136286e+01 2.543343e+02 2.423752e+01 1.151109e+02 -4.410692e+02 -4.061270e+03
<VARIANCE> 6
 2.097988e+02 5.380196e+04 1.212589e+05 2.176915e+03 2.315537e+05 5.205853e+07
<GCONST> 7.677827e+01
<MIXTURE> 6 1.215326e-01
<MEAN> 6
 4.307874e+01 6.696324e+00 -1.101885e+02 1.091061e+02 -1.435134e+02 8.512566e+02
<VARIANCE> 6
 2.508571e+02 6.010918e+04 1.496495e+05 9.550383e+02 5.993606e+04 5.205853e+07
<GCONST> 7.510278e+01
<MIXTURE> 7 9.729190e-02
<MEAN> 6
 3.666815e+01 9.678107e+01 3.668295e+01 1.983337e+02 -1.768472e+02 -4.003435e+02
<VARIANCE> 6
 4.470038e+02 2.045482e+04 9.537972e+04 7.108575e+02 6.423525e+04 5.205853e+07
<GCONST> 7.392609e+01
<MIXTURE> 8 1.179611e-01
<MEAN> 6
 -7.125593e+00 -6.333075e+01 -1.590250e+02 1.827731e+02 4.311436e+02 -3.283509e+03
<VARIANCE> 6
 1.361307e+02 6.140736e+04 3.567847e+04 2.107648e+03 7.354325e+04 5.205853e+07
<GCONST> 7.407530e+01
<MIXTURE> 9 6.336177e-02
<MEAN> 6
 5.742225e+01 -7.745778e+01 -2.483344e+02 7.355627e+01 -3.304081e+02 1.323224e+03
<VARIANCE> 6
 1.478370e+02 1.171339e+06 1.841795e+05 1.922345e+03 5.145228e+05 7.898393e+07
<GCONST> 8.101775e+01
<MIXTURE> 10 1.112942e-01
<MEAN> 6
 4.056949e+01 -1.286374e+02 -6.499359e+01 2.240651e+02 -3.933965e+02 -3.464718e+03
<VARIANCE> 6
 3.964370e+02 4.791898e+04 2.545546e+04 2.917030e+03 3.269392e+05 7.622255e+07
<GCONST> 7.675675e+01
<MIXTURE> 11 5.745966e-02
<MEAN> 6
 1.084364e+01 -2.356511e+02 -5.536085e+02 1.009727e+02 8.618854e+00 -1.949015e+02
<VARIANCE> 6
 6.399252e+02 1.825527e+05 5.380078e+05 5.723300e+02 6.310489e+04 5.205853e+07
<GCONST> 7.796918e+01
<MIXTURE> 12 5.989235e-02
<MEAN> 6
 7.662461e+01 1.165093e+02 -1.483226e+02 1.006502e+02 -6.697471e+02 -2.258236e+03
<VARIANCE> 6
 2.467786e+02 9.986280e+04 9.679370e+04 1.871443e+03 2.150591e+05 5.205853e+07
<GCONST> 7.710866e+01
<STATE> 4
<NUMMIXES> 12
<MIXTURE> 1 9.893931e-02
<MEAN> 6
 7.160735e+01 -3.567114e+01 3.324575e+03 3.490199e-01 -2.374723e+00 -7.689598e+01
<VARIANCE> 6
 3.171015e+01 1.281363e+04 1.155935e+04 3.003832e+02 4.056576e+04 5.205853e+07
<GCONST> 6.738103e+01
<MIXTURE> 2 4.147948e-02
<MEAN> 6
 9.432551e+01 2.401866e+02 4.423075e+02 -4.667771e+00 3.297339e+01 -2.085817e+01
<VARIANCE> 6
 3.171015e+01 1.281363e+04 1.155935e+04 3.003832e+02 4.056576e+04 5.205853e+07
<GCONST> 6.738103e+01
<MIXTURE> 3 5.774746e-02
<MEAN> 6
 8.823375e+01 -4.071703e+02 -1.735043e+02 -2.687165e+00 -4.164708e+00 2.450544e+01
<VARIANCE> 6
 3.171015e+01 1.281363e+04 1.155935e+04 3.003832e+02 4.056576e+04 5.205853e+07
<GCONST> 6.738103e+01
<MIXTURE> 4 1.043714e-01
<MEAN> 6
 8.106760e+01 -3.913978e+02 2.507839e+03 -3.726864e-01 -6.384613e+00 -1.103487e+02
<VARIANCE> 6
 3.171015e+01 1.281363e+04 3.190263e+04 3.003832e+02 4.056576e+04 5.205853e+07
<GCONST> 6.839622e+01
<MIXTURE> 5 2.232000e-02
<MEAN> 6
 8.065192e+01 -5.491387e+02 -1.538582e+02 -6.639076e+00 9.637603e+00 1.596274e+03
<VARIANCE> 6
 1.327104e+02 2.184148e+05 2.051021e+06 3.003832e+02 4.056576e+04 5.205853e+07
<GCONST> 7.682705e+01
<MIXTURE> 6 6.701210e-02
<MEAN> 6
 9.203836e+01 -3.266660e+02 -2.309901e+02 -6.514373e+00 -1.530447e+01 9.618166e+01
<VARIANCE> 6
 4.035526e+01 4.153039e+05 1.155935e+04 3.003832e+02 4.056576e+04 5.205853e+07
<GCONST> 7.110062e+01
<MIXTURE> 7 9.919078e-02
<MEAN> 6
 7.372040e+01 -4.334774e+02 1.058881e+03 -1.564266e-01 -7.647486e-01 -1.976918e+02
<VARIANCE> 6
 3.171015e+01 1.281363e+04 1.842739e+04 3.003832e+02 4.056576e+04 5.205853e+07
<GCONST> 6.784738e+01
<MIXTURE> 8 1.226896e-01
<MEAN> 6
 9.837779e+01 -4.969431e+02 -5.399186e+02 -1.192264e+00 -2.268405e+00 -5.692064e+01
<VARIANCE> 6
 3.266431e+01 1.281363e+04 1.155935e+04 3.003832e+02 4.056576e+04 5.205853e+07
<GCONST> 6.741068e+01
<MIXTURE> 9 7.915759e-02
<MEAN> 6
 7.391630e+01 -4.254972e+02 8.815131e+02 -6.919041e-01 -7.281419e+00 -9.286298e+01
<VARIANCE> 6
 3.171015e+01 1.281363e+04 1.155935e+04 3.003832e+02 4.056576e+04 5.205853e+07
<GCONST> 6.738103e+01
<MIXTURE> 10 1.230502e-01
<MEAN> 6
 9.663951e+01 -4.963083e+02 -5.405817e+02 -8.112686e-01 -2.594184e+00 -7.245401e+01
<VARIANCE> 6
 3.171015e+01 1.281363e+04 1.155935e+04 3.003832e+02 4.056576e+04 5.205853e+07
<GCONST> 6.738103e+01
<MIXTURE> 11 1.056954e-01
<MEAN> 6
 8.174009e+01 -7.128680e+02 1.507164e+03 -3.212335e-01 -1.610851e+00 -8.021107e+01
<VARIANCE> 6
 3.171015e+01 1.281363e+04 2.172108e+04 3.003832e+02 4.056576e+04 5.205853e+07
<GCONST> 6.801183e+01
<MIXTURE> 12 7.834381e-02
<MEAN> 6
 7.392480e+01 -4.291496e+02 8.596882e+02 -1.130063e+00 -1.251650e+01 -1.327076e+02
<VARIANCE> 6
 3.171015e+01 1.281363e+04 1.155935e+04 3.003832e+02 4.056576e+04 5.205853e+07
<GCONST> 6.738103e+01
<STATE> 5
<NUMMIXES> 12
<MIXTURE> 1 8.688188e-02
<MEAN> 6
 7.050089e+01 -1.124000e+03 -3.511678e+02 1.759793e+00 -1.749434e+01 -5.273855e+01
<VARIANCE> 6
 3.171015e+01 1.281363e+04 1.155935e+04 3.003832e+02 4.056576e+04 5.205853e+07
<GCONST> 6.738103e+01
<MIXTURE> 2 8.578865e-02
<MEAN> 6
 5.943488e+01 -3.317160e+02 -1.257421e+03 1.870645e+00 -3.494433e+00 -1.383071e+02
<VARIANCE> 6
 3.171015e+01 1.281363e+04 2.061291e+04 3.003832e+02 4.056576e+04 5.205853e+07
<GCONST> 6.795946e+01
<MIXTURE> 3 1.103787e-01
<MEAN> 6
 5.721846e+01 -6.040653e+03 -1.885099e+03 -6.589113e-01 -1.538438e+01 -1.714436e+02
<VARIANCE> 6
 3.171015e+01 3.504466e+06 1.423597e+04 3.003832e+02 4.056576e+04 5.205853e+07
<GCONST> 7.320059e+01
<MIXTURE> 4 9.494332e-02
<MEAN> 6
 7.107863e+01 -7.756744e+02 -1.462788e+03 -3.686140e-01 -6.935312e-01 3.894915e+01
<VARIANCE> 6
 3.171015e+01 1.281363e+04 1.155935e+04 3.003832e+02 4.056576e+04 5.205853e+07
<GCONST> 6.738103e+01
<MIXTURE> 5 5.834956e-02
<MEAN> 6
 5.717053e+01 -3.997325e+02 -1.558724e+03 4.361977e+00 2.253945e+00 -1.578280e+02
<VARIANCE> 6
 3.171015e+01 1.281363e+04 1.317504e+04 3.003832e+02 4.056576e+04 5.205853e+07
<GCONST> 6.751186e+01
<MIXTURE> 6 1.121651e-01
<MEAN> 6
 6.965362e+01 -6.563485e+02 -1.717852e+03 -8.682414e-01 -1.315076e+01 -1.506126e+02
<VARIANCE> 6
 3.171015e+01 1.281363e+04 1.155935e+04 3.003832e+02 4.056576e+04 5.205853e+07
<GCONST> 6.738103e+01
<MIXTURE> 7 6.361768e-02
<MEAN> 6
 7.117567e+01 -1.613258e+03 -1.076749e+03 2.628438e+00 -1.082502e+01 -4.709323e+00
<VARIANCE> 6
 3.171015e+01 6.048327e+05 1.988962e+05 3.003832e+02 4.056576e+04 5.205853e+07
<GCONST> 7.408076e+01
<MIXTURE> 8 1.103848e-01
<MEAN> 6
 7.229417e+01 -7.324034e+02 -6.470899e+02 -1.532742e+00 -1.574038e+01 6.002089e+01
<VARIANCE> 6
 3.171015e+01 3.734635e+04 1.155935e+04 3.003832e+02 4.056576e+04 5.205853e+07
<GCONST> 6.845076e+01
<MIXTURE> 9 5.893227e-02
<MEAN> 6
 7.071591e+01 -9.861055e+02 -4.254064e+02 2.376068e-03 -1.815112e+00 1.173406e+01
<VARIANCE> 6
 3.171015e+01 1.281363e+04 1.155935e+04 3.003832e+02 4.056576e+04 5.205853e+07
<GCONST> 6.738103e+01
<MIXTURE> 10 7.062067e-02
<MEAN> 6
 7.131234e+01 -1.422154e+03 -6.859771e+02 -8.142151e-01 1.546363e+00 -5.368143e+01
<VARIANCE> 6
 3.171015e+01 8.149426e+04 1.155935e+04 3.003832e+02 4.056576e+04 5.205853e+07
<GCONST> 6.923106e+01
<MIXTURE> 11 6.148695e-02
<MEAN> 6
 5.685003e+01 -1.373633e+04 -2.175972e+03 -7.003713e-01 5.605454e+00 5.517043e+01
<VARIANCE> 6
 3.171015e+01 1.356747e+07 1.155935e+04 3.003832e+02 4.056576e+04 5.205853e+07
<GCONST> 7.434595e+01
<MIXTURE> 12 8.644222e-02
<MEAN> 6
 5.966690e+01 -3.431795e+02 -1.302466e+03 2.127923e+00 -1.129959e+00 -5.770425e+01
<VARIANCE> 6
 3.171015e+01 1.281363e+04 1.738311e+04 3.003832e+02 4.056576e+04 5.205853e+07
<GCONST> 6.778904e+01
<STATE> 6
<NUMMIXES> 12
<MIXTURE> 1 6.141734e-02
<MEAN> 6
 6.750043e+01 4.703582e+03 -6.875972e+02 -8.644772e-01 5.879114e-01 -4.853009e+00
<VARIANCE> 6
 3.171015e+01 9.317425e+04 1.155935e+04 3.003832e+02 4.056576e+04 5.205853e+07
<GCONST> 6.936499e+01
<MIXTURE> 2 6.198642e-02
<MEAN> 6
 6.919605e+01 2.234682e+03 1.251742e+03 -9.701997e-01 -5.310700e+00 -2.332862e+02
<VARIANCE> 6
 3.171015e+01 1.281363e+04 1.294970e+04 3.003832e+02 4.056576e+04 5.205853e+07
<GCONST> 6.749461e+01
<MIXTURE> 3 1.419217e-01
<MEAN> 6
 6.676730e+01 1.358118e+03 1.191788e+03 1.244612e+00 -3.847811e+00 -1.004996e+02
<VARIANCE> 6
 7.390614e+01 1.550857e+04 1.647568e+04 3.003832e+02 4.056576e+04 5.205853e+07
<GCONST> 6.877246e+01
<MIXTURE> 4 5.135380e-02
<MEAN> 6
 7.027061e+01 1.422444e+03 -1.070061e+03 1.148603e+00 -7.663933e+00 -1.938347e+02
<VARIANCE> 6
 3.171015e+01 5.732808e+04 2.936170e+05 3.003832e+02 4.056576e+04 5.205853e+07
<GCONST> 7.211409e+01
<MIXTURE> 5 7.688136e-02
<MEAN> 6
 8.139906e+01 1.712647e+03 -2.262310e+02 -1.764268e+00 -1.224109e+01 -2.434288e+02
<VARIANCE> 6
 3.171015e+01 1.255616e+05 4.647587e+04 3.003832e+02 4.056576e+04 5.205853e+07
<GCONST> 7.105476e+01
<MIXTURE> 6 7.114998e-02
<MEAN> 6
 6.511759e+01 1.086446e+03 -1.389204e+03 6.958359e-01 1.376743e+00 -7.383812e+01
<VARIANCE> 6
 4.107618e+01 1.281363e+04 1.184140e+05 3.003832e+02 4.056576e+04 5.205853e+07
<GCONST> 6.996651e+01
<MIXTURE> 7 9.274463e-02
<MEAN> 6
 6.728747e+01 1.241925e+03 -4.754804e+02 -2.929346e-01 -4.056472e+00 -1.324234e+02
<VARIANCE> 6
 3.171015e+01 1.281363e+04 1.155935e+04 3.003832e+02 4.056576e+04 5.205853e+07
<GCONST> 6.738103e+01
<MIXTURE> 8 1.060992e-01
<MEAN> 6
 7.147685e+01 9.589254e+02 -2.697935e+02 -5.051813e-01 -6.277342e+00 4.306937e+01
<VARIANCE> 6
 3.171015e+01 1.346748e+04 1.155935e+04 3.003832e+02 4.056576e+04 5.205853e+07
<GCONST> 6.743080e+01
<MIXTURE> 9 8.305588e-02
<MEAN> 6
 6.585839e+01 9.427995e+02 -2.864420e+02 1.041100e+00 -7.399625e-02 -9.540228e+01
<VARIANCE> 6
 3.171015e+01 2.527478e+05 1.155935e+04 3.003832e+02 4.056576e+04 5.205853e+07
<GCONST> 7.036292e+01
<MIXTURE> 10 1.016326e-01
<MEAN> 6
 6.657716e+01 1.356642e+03 -6.918810e+02 -1.185303e+00 1.963830e-01 -2.742853e+01
<VARIANCE> 6
 3.171015e+01 1.281363e+04 1.155935e+04 3.003832e+02 4.056576e+04 5.205853e+07
<GCONST> 6.738103e+01
<MIXTURE> 11 8.049710e-02
<MEAN> 6
 7.431544e+01 2.227227e+03 -5.944221e+02 -3.486186e+00 -3.873620e+00 -6.349031e+01
<VARIANCE> 6
 3.171015e+01 6.439131e+05 2.210938e+04 3.003832e+02 4.056576e+04 5.205853e+07
<GCONST> 7.194659e+01
<MIXTURE> 12 7.124777e-02
<MEAN> 6
 6.213840e+01 1.023452e+03 -1.255853e+03 -2.566150e-01 -4.678529e+00 -7.950300e+01
<VARIANCE> 6
 3.271106e+01 1.476879e+04 1.043686e+05 3.003832e+02 4.056576e+04 5.205853e+07
<GCONST> 6.975455e+01
<STATE> 7
<NUMMIXES> 12
<MIXTURE> 1 3.747832e-02
<MEAN> 6
 5.830598e+01 -6.826934e+01 2.890625e+02 2.638015e-01 -4.429620e+00 -1.458969e+02
<VARIANCE> 6
 3.171015e+01 1.281363e+04 1.155935e+04 3.003832e+02 4.056576e+04 5.205853e+07
<GCONST> 6.738103e+01
<MIXTURE> 2 8.872203e-02
<MEAN> 6
 6.442164e+01 1.071099e+02 1.017524e+02 -2.741647e+00 -1.685007e+00 6.154703e+01
<VARIANCE> 6
 3.171015e+01 1.281363e+04 1.155935e+04 3.003832e+02 4.056576e+04 5.205853e+07
<GCONST> 6.738103e+01
<MIXTURE> 3 3.554285e-02
<MEAN> 6
 7.055206e+01 3.210609e+02 -1.125536e+01 -4.396130e-02 -6.519957e+00 6.610031e+00
<VARIANCE> 6
 3.171015e+01 1.281363e+04 1.155935e+04 3.003832e+02 4.056576e+04 5.205853e+07
<GCONST> 6.738103e+01
<MIXTURE> 4 1.430110e-01
<MEAN> 6
 6.192255e+01 -1.012465e+02 -5.689609e+02 -9.073067e-01 -5.399378e+00 -8.182645e+01
<VARIANCE> 6
 3.171015e+01 1.281363e+04 2.312570e+04 3.003832e+02 4.056576e+04 5.205853e+07
<GCONST> 6.807448e+01
<MIXTURE> 5 1.227097e-01
<MEAN> 6
 6.200743e+01 8.082301e+01 -2.143131e+02 -7.605470e-01 -4.316106e+00 -2.215402e+01
<VARIANCE> 6
 3.860480e+01 4.011461e+04 1.155935e+04 3.003832e+02 4.056576e+04 5.205853e+07
<GCONST> 6.871900e+01
<MIXTURE> 6 1.390883e-03
<MEAN> 6
 6.653512e+01 -1.499617e+02 -1.203523e+02 -1.509529e+01 -6.558910e+01 3.608407e+03
<VARIANCE> 6
 6.282764e+02 1.235646e+06 1.913136e+06 3.728594e+02 1.747774e+05 2.718680e+08
<GCONST> 8.337490e+01
<MIXTURE> 7 4.988501e-02
<MEAN> 6
 6.419353e+01 1.043184e+02 1.029433e+02 -2.677290e+00 -1.386083e+00 5.848376e+01
<VARIANCE> 6
 3.171015e+01 1.281363e+04 1.155935e+04 3.003832e+02 4.056576e+04 5.205853e+07
<GCONST> 6.738103e+01
<MIXTURE> 8 1.449819e-01
<MEAN> 6
 6.245927e+01 -2.136019e+02 -2.032635e+02 -5.136487e-01 -2.705940e+00 -9.622910e+01
<VARIANCE> 6
 4.495954e+01 1.281363e+04 1.155935e+04 3.003832e+02 4.056576e+04 5.205853e+07
<GCONST> 6.773016e+01
<MIXTURE> 9 9.666567e-02
<MEAN> 6
 6.371999e+01 5.441060e+01 -3.478277e+02 -7.693541e-01 -4.791029e+00 -5.885580e+01
<VARIANCE> 6
 3.171015e+01 1.281363e+04 1.441020e+04 3.003832e+02 4.056576e+04 5.205853e+07
<GCONST> 6.760147e+01
<MIXTURE> 10 8.049398e-02
<MEAN> 6
 6.198706e+01 -1.486386e+02 -4.296582e+02 -5.183963e-01 -3.803426e+00 -8.911594e+01
<VARIANCE> 6
 3.171015e+01 1.281363e+04 4.307583e+04 3.003832e+02 4.056576e+04 5.205853e+07
<GCONST> 6.869650e+01
<MIXTURE> 11 1.088943e-01
<MEAN> 6
 6.261882e+01 9.004821e+00 -2.409968e+02 -6.815266e-01 -4.120994e+00 -6.133212e+01
<VARIANCE> 6
 3.171015e+01 3.180221e+04 1.155935e+04 3.003832e+02 4.056576e+04 5.205853e+07
<GCONST> 6.829005e+01
<MIXTURE> 12 9.018206e-02
<MEAN> 6
 6.376992e+01 1.349804e+01 -3.962316e+02 -7.911945e-01 -5.153497e+00 -6.143854e+01
<VARIANCE> 6
 3.171015e+01 1.281363e+04 1.682163e+04 3.003832e+02 4.056576e+04 5.205853e+07
<GCONST> 6.775620e+01
<STATE> 8
<NUMMIXES> 12
<MIXTURE> 1 9.735562e-02
<MEAN> 6
 9.151298e+01 6.233693e+01 5.228804e+01 -8.074187e+00 5.220963e+00 2.752011e+02
<VARIANCE> 6
 5.874469e+01 1.281363e+04 1.155935e+04 3.003832e+02 4.056576e+04 5.205853e+07
<GCONST> 6.799760e+01
<MIXTURE> 2 1.005435e-01
<MEAN> 6
 9.284313e+01 8.005773e+01 -1.554209e+02 -2.362293e+00 -1.031104e+01 1.107477e+02
<VARIANCE> 6
 4.018182e+01 1.281363e+04 1.155935e+04 3.003832e+02 4.056576e+04 5.205853e+07
<GCONST> 6.761781e+01
<MIXTURE> 3 9.608383e-04
<MEAN> 6
 6.811433e+01 1.581450e+02 -2.232556e+02 -1.537992e+01 -3.772220e+02 -6.711825e+03
<VARIANCE> 6
 1.086311e+03 1.297681e+06 3.681358e+06 5.063790e+02 1.156570e+05 1.553722e+08
<GCONST> 8.395969e+01
<MIXTURE> 4 4.479636e-02
<MEAN> 6
 7.676555e+01 9.716866e+01 -7.487252e+02 -2.809842e+00 -1.766820e+01 7.456277e+01
<VARIANCE> 6
 3.171015e+01 1.281363e+04 1.155935e+04 3.003832e+02 4.056576e+04 5.205853e+07
<GCONST> 6.738103e+01
<MIXTURE> 5 1.246097e-01
<MEAN> 6
 8.739170e+01 -1.171019e+02 3.771579e+01 -3.173023e+00 2.634099e+00 -1.825200e+01
<VARIANCE> 6
 3.171015e+01 1.281363e+04 1.155935e+04 3.003832e+02 4.056576e+04 5.205853e+07
<GCONST> 6.738103e+01
<MIXTURE> 6 9.740375e-02
<MEAN> 6
 8.156849e+01 -1.887594e+02 -3.405165e+02 -1.643763e-01 -4.443197e-02 7.862742e+01
<VARIANCE> 6
 3.171015e+01 1.281363e+04 1.155935e+04 3.003832e+02 4.056576e+04 5.205853e+07
<GCONST> 6.738103e+01
<MIXTURE> 7 6.143972e-02
<MEAN> 6
 8.769584e+01 -1.321689e+02 4.158092e+01 -3.345563e+00 3.457942e+00 -4.022936e+01
<VARIANCE> 6
 3.171015e+01 1.281363e+04 1.155935e+04 3.003832e+02 4.056576e+04 5.205853e+07
<GCONST> 6.738103e+01
<MIXTURE> 8 9.485842e-02
<MEAN> 6
 8.532626e+01 5.525794e+01 -2.252023e+02 3.012112e-01 -2.749025e+00 -9.416381e+00
<VARIANCE> 6
 3.171015e+01 1.281363e+04 1.155935e+04 3.003832e+02 4.056576e+04 5.205853e+07
<GCONST> 6.738103e+01
<MIXTURE> 9 1.081801e-01
<MEAN> 6
 7.903493e+01 8.115940e+01 5.101373e+01 -1.456082e+00 3.896982e+00 -9.562111e+01
<VARIANCE> 6
 3.171015e+01 1.281363e+04 1.155935e+04 3.003832e+02 4.056576e+04 5.205853e+07
<GCONST> 6.738103e+01
<MIXTURE> 10 1.158538e-01
<MEAN> 6
 7.900906e+01 8.151652e+01 5.090153e+01 -1.445354e+00 3.910648e+00 -9.642744e+01
<VARIANCE> 6
 3.171015e+01 1.281363e+04 1.155935e+04 3.003832e+02 4.056576e+04 5.205853e+07
<GCONST> 6.738103e+01
<MIXTURE> 11 9.283046e-02
<MEAN> 6
 8.483952e+01 4.950532e+01 -2.394081e+02 4.511994e-01 -3.201368e+00 6.741740e+00
<VARIANCE> 6
 3.171015e+01 1.281363e+04 1.155935e+04 3.003832e+02 4.056576e+04 5.205853e+07
<GCONST> 6.738103e+01
<MIXTURE> 12 6.114160e-02
<MEAN> 6
 8.742995e+01 -1.683027e+02 3.419142e+01 -3.093624e+00 2.730567e+00 -8.077073e+01
<VARIANCE> 6
 3.171015e+01 1.281363e+04 1.155935e+04 3.003832e+02 4.056576e+04 5.205853e+07
<GCONST> 6.738103e+01
<STATE> 9
<NUMMIXES> 12
<MIXTURE> 1 7.668483e-02
<MEAN> 6
 7.730894e+01 6.507892e+02 -8.731642e+02 -3.368686e-01 -5.073743e+00 -7.619782e+01
<VARIANCE> 6
 3.171015e+01 1.281363e+04 1.155935e+04 3.003832e+02 4.056576e+04 5.205853e+07
<GCONST> 6.738103e+01
<MIXTURE> 2 8.037306e-02
<MEAN> 6
 8.962171e+01 2.144463e+02 3.732673e+03 -1.166346e-01 -6.807448e+00 -1.591653e+02
<VARIANCE> 6
 3.171015e+01 1.281363e+04 1.155935e+04 3.003832e+02 4.056576e+04 5.205853e+07
<GCONST> 6.738103e+01
<MIXTURE> 3 7.889556e-02
<MEAN> 6
 6.369076e+01 7.702730e+02 -3.117630e+03 6.721158e-01 -5.932227e+00 -1.680906e+01
<VARIANCE> 6
 3.171015e+01 1.281363e+04 8.657733e+04 3.003832e+02 4.056576e+04 5.205853e+07
<GCONST> 6.939458e+01
<MIXTURE> 4 6.952868e-02
<MEAN> 6
 4.745836e+01 3.658792e+02 1.830906e+03 4.113452e-01 -7.202266e+00 -1.174174e+02
<VARIANCE> 6
 3.171015e+01 1.281363e+04 1.711027e+04 3.003832e+02 4.056576e+04 5.205853e+07
<GCONST> 6.777322e+01
<MIXTURE> 5 1.336274e-01
<MEAN> 6
 7.081153e+01 6.339625e+02 3.379927e+03 -3.177492e-01 -4.327305e+00 -1.234607e+02
<VARIANCE> 6
 3.171015e+01 1.281363e+04 1.339297e+06 3.003832e+02 4.056576e+04 5.205853e+07
<GCONST> 7.213344e+01
<MIXTURE> 6 1.367022e-02
<MEAN> 6
 5.174005e+01 2.070769e+02 -8.183547e+03 2.439452e+01 -7.859652e+01 -6.519228e+01
<VARIANCE> 6
 1.506847e+02 9.582646e+04 6.801286e+06 9.961556e+02 4.056576e+04 5.205853e+07
<GCONST> 7.852783e+01
<MIXTURE> 7 9.000861e-02
<MEAN> 6
 8.874484e+01 4.455639e+02 -1.337001e+03 -7.932298e-01 -4.880193e+00 -8.989587e+01
<VARIANCE> 6
 3.171015e+01 2.535080e+04 1.155935e+04 3.003832e+02 4.056576e+04 5.205853e+07
<GCONST> 6.806333e+01
<MIXTURE> 8 7.898705e-02
<MEAN> 6
 5.513323e+01 5.206732e+02 -1.203490e+03 1.930144e+00 -3.469865e+00 -1.287826e+02
<VARIANCE> 6
 3.171015e+01 1.281363e+04 1.797886e+06 3.003832e+02 4.056576e+04 5.205853e+07
<GCONST> 7.242790e+01
<MIXTURE> 9 1.078622e-01
<MEAN> 6
 6.985732e+01 4.802504e+02 -2.354057e+02 -1.709394e+00 -5.645204e+00 -1.345841e+02
<VARIANCE> 6
 3.171015e+01 1.281363e+04 1.155935e+04 3.003832e+02 4.056576e+04 5.205853e+07
<GCONST> 6.738103e+01
<MIXTURE> 10 1.138473e-01
<MEAN> 6
 6.160300e+01 1.569984e+02 -3.046360e+03 2.933199e-01 -3.473845e+00 -1.094236e+02
<VARIANCE> 6
 3.171015e+01 1.281363e+04 4.269630e+04 3.003832e+02 4.056576e+04 5.205853e+07
<GCONST> 6.868765e+01
<MIXTURE> 11 8.138108e-02
<MEAN> 6
 6.447318e+01 4.278322e+02 -6.110300e+02 -8.358400e-01 -6.860068e+00 -1.752651e+02
<VARIANCE> 6
 3.171015e+01 1.281363e+04 4.655548e+04 3.003832e+02 4.056576e+04 5.205853e+07
<GCONST> 6.877419e+01
<MIXTURE> 12 7.509492e-02
<MEAN> 6
 5.449195e+01 4.993127e+02 -2.698370e+03 -3.061197e-01 -3.582887e+00 -1.245901e+02
<VARIANCE> 6
 3.171015e+01 1.281363e+04 4.703518e+06 3.003832e+02 4.056576e+04 5.205853e+07
<GCONST> 7.338960e+01
<STATE> 10
<NUMMIXES> 12
<MIXTURE> 1 6.438420e-02
<MEAN> 6
 7.893370e+01 -2.360239e+02 4.312120e+02 -5.632840e-01 -1.654303e+01 1.797232e+02
<VARIANCE> 6
 3.171015e+01 1.281363e+04 1.155935e+04 3.003832e+02 4.056576e+04 5.205853e+07
<GCONST> 6.738103e+01
<MIXTURE> 2 9.059498e-02
<MEAN> 6
 5.604373e+01 -1.106982e+03 8.226844e+02 -6.322357e-01 -6.939455e+00 -1.846330e+02
<VARIANCE> 6
 3.171015e+01 1.281363e+04 1.155935e+04 3.003832e+02 4.056576e+04 5.205853e+07
<GCONST> 6.738103e+01
<MIXTURE> 3 7.155252e-02
<MEAN> 6
 6.418350e+01 2.838165e+02 -5.143163e+02 -5.666857e+01 -9.528995e+02 -1.133498e+04
<VARIANCE> 6
 9.420451e+01 4.619701e+05 1.669400e+06 6.553429e+02 9.117465e+04 8.379189e+07
<GCONST> 7.909350e+01
<MIXTURE> 4 6.237151e-02
<MEAN> 6
 7.743530e+01 -8.461028e+02 1.244294e+02 7.937329e-01 -5.273005e-01 -1.111126e+02
<VARIANCE> 6
 3.171015e+01 1.281363e+04 1.228728e+04 3.003832e+02 4.056576e+04 5.205853e+07
<GCONST> 6.744211e+01
<MIXTURE> 5 1.104118e-01
<MEAN> 6
 7.929687e+01 -3.261631e+02 1.476530e+02 -3.270799e+00 4.536643e-01 -3.439999e+01
<VARIANCE> 6
 3.171015e+01 1.281363e+04 1.155935e+04 3.003832e+02 4.056576e+04 5.205853e+07
<GCONST> 6.738103e+01
<MIXTURE> 6 1.233441e-01
<MEAN> 6
 7.563030e+01 -7.736108e+02 -7.278317e+01 -3.108887e-01 1.069251e+00 -8.860654e+01
<VARIANCE> 6
 3.171015e+01 1.281363e+04 1.155935e+04 3.003832e+02 4.056576e+04 5.205853e+07
<GCONST> 6.738103e+01
<MIXTURE> 7 1.124206e-01
<MEAN> 6
 7.380647e+01 -5.854570e+02 1.802314e+02 -1.211394e+00 -3.726427e+00 -6.468559e+01
<VARIANCE> 6
 3.171015e+01 1.281363e+04 1.155935e+04 3.003832e+02 4.056576e+04 5.205853e+07
<GCONST> 6.738103e+01
<MIXTURE> 8 1.467953e-02
<MEAN> 6
 8.028447e+01 -1.232467e+01 4.047533e+02 -1.905458e+00 -2.571003e+01 1.379255e+02
<VARIANCE> 6
 3.171015e+01 1.172517e+05 2.828933e+06 3.003832e+02 4.056576e+04 5.205853e+07
<GCONST> 7.509501e+01
<MIXTURE> 9 5.938720e-02
<MEAN> 6
 7.401640e+01 -1.279937e+03 -7.484187e+01 -2.068137e+00 -5.572001e+00 -2.936005e+02
<VARIANCE> 6
 3.171015e+01 1.281363e+04 1.155935e+04 3.003832e+02 4.056576e+04 5.205853e+07
<GCONST> 6.738103e+01
<MIXTURE> 10 1.092197e-01
<MEAN> 6
 7.774082e+01 -2.821505e+02 1.142301e+02 -4.131744e+00 -5.716757e-01 -5.126107e+01
<VARIANCE> 6
 3.171015e+01 2.399872e+04 1.155935e+04 3.003832e+02 4.056576e+04 5.205853e+07
<GCONST> 6.800852e+01
<MIXTURE> 11 1.130982e-01
<MEAN> 6
 7.352675e+01 -5.889807e+02 1.823024e+02 -1.163977e+00 -3.871383e+00 -6.290462e+01
<VARIANCE> 6
 3.171015e+01 1.281363e+04 1.155935e+04 3.003832e+02 4.056576e+04 5.205853e+07
<GCONST> 6.738103e+01
<MIXTURE> 12 6.852242e-02
<MEAN> 6
 7.909764e+01 -2.879708e+02 3.968560e+02 -4.267422e-01 -1.046518e+01 1.423225e+02
<VARIANCE> 6
 3.171015e+01 1.281363e+04 1.155935e+04 3.003832e+02 4.056576e+04 5.205853e+07
<GCONST> 6.738103e+01
<STATE> 11
<NUMMIXES> 12
<MIXTURE> 1 9.048326e-02
<MEAN> 6
 8.807317e+01 5.334478e+01 4.524479e-01 -9.400140e+00 -7.057368e+01 -9.290259e+02
<VARIANCE> 6
 8.622273e+01 3.947066e+05 5.909402e+05 3.359134e+02 4.569332e+04 5.205853e+07
<GCONST> 7.597400e+01
<MIXTURE> 2 8.649453e-02
<MEAN> 6
 8.811685e+01 7.091286e+01 -4.057973e+02 3.749672e+01 -1.114611e+03 -1.362007e+02
<VARIANCE> 6
 2.057061e+02 1.514332e+06 2.841424e+06 1.765326e+04 1.670996e+06 1.095231e+09
<GCONST> 9.036584e+01
<MIXTURE> 3 6.682750e-02
<MEAN> 6
 -5.220560e+01 -2.159766e+02 -5.326539e+02 -1.481358e+02 1.719744e+03 3.121376e+03
<VARIANCE> 6
 3.054207e+02 1.236648e+06 2.399422e+06 3.144748e+04 1.144851e+06 1.016186e+09
<GCONST> 9.051379e+01
<MIXTURE> 4 7.589311e-02
<MEAN> 6
 -3.160074e+01 -1.907424e+02 8.744929e+01 2.342234e+02 8.557172e+02 -3.481496e+03
<VARIANCE> 6
 1.831617e+02 5.540687e+05 3.313712e+05 5.007385e+03 1.979523e+05 5.220243e+07
<GCONST> 8.065876e+01
<MIXTURE> 5 9.203173e-02
<MEAN> 6
 1.034492e+00 -3.433583e+01 9.411009e+01 -2.815476e+02 2.743552e+01 4.140548e+03
<VARIANCE> 6
 6.579119e+02 5.345528e+05 3.812181e+05 5.466117e+03 3.290574e+05 1.455875e+08
<GCONST> 8.366325e+01
<MIXTURE> 6 1.153499e-01
<MEAN> 6
 2.443950e+01 -9.676594e+01 4.591420e+01 2.860052e+02 -2.854942e+02 -5.478222e+03
<VARIANCE> 6
 5.031855e+02 6.936701e+05 6.656230e+05 4.777342e+03 3.020026e+05 1.130829e+08
<GCONST> 8.373992e+01
<MIXTURE> 7 1.005834e-01
<MEAN> 6
 -6.688156e+01 2.744126e+01 -7.347222e+01 1.024631e+01 1.868710e+02 2.577522e+02
<VARIANCE> 6
 9.658961e+01 2.978792e+05 6.464611e+05 6.333741e+02 7.287811e+04 5.205853e+07
<GCONST> 7.699693e+01
<MIXTURE> 8 6.962574e-02
<MEAN> 6
 7.736430e+01 9.950903e+01 -1.890657e+00 6.347661e+01 -5.201910e+02 7.892363e+02
<VARIANCE> 6
 2.318227e+02 6.504844e+05 4.021317e+05 1.395463e+04 1.431838e+05 6.177721e+07
<GCONST> 8.211774e+01
<MIXTURE> 9 7.144146e-02
<MEAN> 6
 6.394036e+01 5.655662e+01 5.246197e+01 -1.994070e+02 -1.047103e+03 1.109527e+03
<VARIANCE> 6
 2.793954e+02 4.233614e+05 2.473854e+05 5.761618e+03 2.532049e+05 9.234463e+07
<GCONST> 8.147655e+01
<MIXTURE> 10 1.201343e-01
<MEAN> 6
 -6.096341e+01 -3.778073e+01 1.073025e+02 1.847367e+01 9.464336e+02 -4.592437e+02
<VARIANCE> 6
 1.077119e+02 2.531019e+05 4.006307e+05 1.273895e+04 2.213682e+05 1.235009e+08
<GCONST> 8.144083e+01
<MIXTURE> 11 4.217930e-02
<MEAN> 6
 1.278569e+01 1.782141e+02 -1.823710e+03 -3.305746e+02 -3.881533e+02 1.183240e+04
<VARIANCE> 6
 8.130159e+02 8.265408e+05 9.713557e+06 7.409005e+03 8.844192e+05 4.941631e+08
<GCONST> 9.006357e+01
<MIXTURE> 12 6.869674e-02
<MEAN> 6
 7.563656e+01 -1.220390e+02 -2.584560e+02 4.450571e+01 -6.543116e+02 -1.975588e+03
<VARIANCE> 6
 2.189320e+02 7.070259e+05 5.678804e+05 1.880366e+04 1.399518e+05 5.374554e+07
<GCONST> 8.262515e+01
<STATE> 12
<NUMMIXES> 12
<MIXTURE> 1 3.227222e-02
<MEAN> 6
 -6.213718e+00 1.628979e+02 1.101164e+02 -2.398318e+01 3.019283e+01 5.018589e+03
<VARIANCE> 6
 1.161246e+04 1.931899e+05 4.076778e+05 2.075462e+06 1.134939e+09 1.668135e+12
<GCONST> 1.090150e+02
<MIXTURE> 2 1.325225e-01
<MEAN> 6
 7.990826e+01 3.334122e+02 9.924742e+02 -2.549502e+00 -1.718802e+01 1.013199e+01
<VARIANCE> 6
 2.476758e+02 8.952501e+05 2.560022e+06 3.003832e+02 4.056576e+04 5.205853e+07
<GCONST> 7.908339e+01
<MIXTURE> 3 7.227033e-02
<MEAN> 6
 5.124391e+00 4.475337e+01 1.355951e+02 -2.074408e+01 2.132782e+01 -6.720270e+02
<VARIANCE> 6
 5.866342e+03 5.812482e+05 1.056100e+06 4.056818e+04 3.031028e+06 3.063059e+09
<GCONST> 9.422511e+01
<MIXTURE> 4 1.108924e-01
<MEAN> 6
 -4.289623e+01 -3.910782e+01 3.086563e+02 4.081537e+01 4.950987e+02 -8.268571e+02
<VARIANCE> 6
 3.738208e+02 1.772928e+06 1.714156e+06 1.609640e+04 1.563295e+05 5.332817e+07
<GCONST> 8.513166e+01
<MIXTURE> 5 7.335430e-02
<MEAN> 6
 4.243097e+01 7.678964e+02 7.464679e+02 2.832750e+01 -2.623831e+02 1.616361e+02
<VARIANCE> 6
 8.808378e+02 2.400456e+06 2.406820e+06 2.068273e+04 1.597707e+05 5.205853e+07
<GCONST> 8.687955e+01
<MIXTURE> 6 1.234912e-01
<MEAN> 6
 8.649857e+01 3.200276e+02 -9.464031e+00 -5.691077e+00 1.054137e+00 -7.895690e+01
<VARIANCE> 6
 1.428006e+02 3.298799e+05 5.856879e+04 3.003832e+02 4.056576e+04 5.205853e+07
<GCONST> 7.375677e+01
<MIXTURE> 7 7.121313e-02
<MEAN> 6
 6.328297e+01 -9.124595e+01 2.142122e+02 -1.371539e+01 -2.179455e+02 5.138636e+02
<VARIANCE> 6
 8.402611e+02 1.750281e+05 1.596975e+05 1.403454e+04 3.129505e+05 1.240605e+08
<GCONST> 8.265407e+01
<MIXTURE> 8 4.480734e-02
<MEAN> 6
 -6.613814e+01 1.351804e+01 3.187080e+02 3.136896e+00 7.656771e+01 5.829825e+02
<VARIANCE> 6
 6.077361e+02 1.818771e+05 1.878848e+06 5.661971e+02 8.711977e+04 5.205853e+07
<GCONST> 7.947612e+01
<MIXTURE> 9 6.776624e-02
<MEAN> 6
 7.691424e+01 -1.412705e+02 3.660111e+01 -1.649547e+00 6.834921e+00 -1.032513e+02
<VARIANCE> 6
 6.407189e+01 9.040966e+04 1.742053e+05 3.003832e+02 4.056576e+04 5.205853e+07
<GCONST> 7.275098e+01
<MIXTURE> 10 1.220477e-01
<MEAN> 6
 8.583495e+01 -1.521883e+02 3.889454e+02 -3.264531e+00 -1.016828e+01 1.123031e+01
<VARIANCE> 6
 2.787614e+02 1.319812e+06 2.161157e+06 3.003832e+02 4.056576e+04 5.205853e+07
<GCONST> 7.942039e+01
<MIXTURE> 11 6.592303e-02
<MEAN> 6
 7.256316e+01 -1.974969e+02 -2.028810e+02 5.262892e-01 -1.627532e+01 -5.048796e+01
<VARIANCE> 6
 2.031064e+02 6.956602e+04 6.490796e+05 3.003832e+02 4.056576e+04 5.205853e+07
<GCONST> 7.495795e+01
<MIXTURE> 12 8.303346e-02
<MEAN> 6
 3.095516e+01 -2.134527e+01 3.140063e+02 -3.754332e+00 -3.090735e+02 -7.269604e+02
<VARIANCE> 6
 9.457760e+02 6.079706e+05 3.769302e+06 2.645030e+04 1.676562e+05 5.205853e+07
<GCONST> 8.632013e+01
<TRANSP> 13
 0.000000e+00 1.000000e+00 0.000000e+00 0.000000e+00 0.000000e+00 0.000000e+00 0.000000e+00 0.000000e+00 0.000000e+00 0.000000e+00 0.000000e+00 0.000000e+00 0.000000e+00
 0.000000e+00 9.998729e-01 1.271116e-04 0.000000e+00 0.000000e+00 0.000000e+00 0.000000e+00 0.000000e+00 0.000000e+00 0.000000e+00 0.000000e+00 0.000000e+00 0.000000e+00
 0.000000e+00 0.000000e+00 9.958824e-01 4.117587e-03 0.000000e+00 0.000000e+00 0.000000e+00 0.000000e+00 0.000000e+00 0.000000e+00 0.000000e+00 0.000000e+00 0.000000e+00
 0.000000e+00 0.000000e+00 0.000000e+00 9.981351e-01 1.864904e-03 0.000000e+00 0.000000e+00 0.000000e+00 0.000000e+00 0.000000e+00 0.000000e+00 0.000000e+00 0.000000e+00
 0.000000e+00 0.000000e+00 0.000000e+00 0.000000e+00 9.970260e-01 2.974053e-03 0.000000e+00 0.000000e+00 0.000000e+00 0.000000e+00 0.000000e+00 0.000000e+00 0.000000e+00
 0.000000e+00 0.000000e+00 0.000000e+00 0.000000e+00 0.000000e+00 9.979870e-01 2.012989e-03 0.000000e+00 0.000000e+00 0.000000e+00 0.000000e+00 0.000000e+00 0.000000e+00
 0.000000e+00 0.000000e+00 0.000000e+00 0.000000e+00 0.000000e+00 0.000000e+00 9.988545e-01 1.145467e-03 0.000000e+00 0.000000e+00 0.000000e+00 0.000000e+00 0.000000e+00
 0.000000e+00 0.000000e+00 0.000000e+00 0.000000e+00 0.000000e+00 0.000000e+00 0.000000e+00 9.984586e-01 1.541377e-03 0.000000e+00 0.000000e+00 0.000000e+00 0.000000e+00
 0.000000e+00 0.000000e+00 0.000000e+00 0.000000e+00 0.000000e+00 0.000000e+00 0.000000e+00 0.000000e+00 9.987078e-01 1.292262e-03 0.000000e+00 0.000000e+00 0.000000e+00
 0.000000e+00 0.000000e+00 0.000000e+00 0.000000e+00 0.000000e+00 0.000000e+00 0.000000e+00 0.000000e+00 0.000000e+00 9.977309e-01 2.269074e-03 0.000000e+00 0.000000e+00
 0.000000e+00 0.000000e+00 0.000000e+00 0.000000e+00 0.000000e+00 0.000000e+00 0.000000e+00 0.000000e+00 0.000000e+00 0.000000e+00 9.998974e-01 1.026601e-04 0.000000e+00
 0.000000e+00 0.000000e+00 0.000000e+00 0.000000e+00 0.000000e+00 0.000000e+00 0.000000e+00 0.000000e+00 0.000000e+00 0.000000e+00 0.000000e+00 9.998275e-01 1.724858e-04
 0.000000e+00 0.000000e+00 0.000000e+00 0.000000e+00 0.000000e+00 0.000000e+00 0.000000e+00 0.000000e+00 0.000000e+00 0.000000e+00 0.000000e+00 0.000000e+00 0.000000e+00
<ENDHMM>
