~o
<STREAMINFO> 1 6
<VECSIZE> 6<NULLD><USER><DIAGC>
~h "SegundoPRIMARIA"
<BEGINHMM>
<NUMSTATES> 7
<STATE> 2
<NUMMIXES> 3
<MIXTURE> 1 3.397368e-01
<MEAN> 6
 2.654791e+01 3.936737e+01 7.322868e+01 3.940152e+01 6.502222e+01 -4.322401e+02
<VARIANCE> 6
 3.553525e+03 1.345772e+05 3.155581e+05 1.676442e+04 2.286602e+05 5.141442e+07
<GCONST> 8.349739e+01
<MIXTURE> 2 3.203582e-01
<MEAN> 6
 2.624531e+01 -3.210715e+01 2.282626e+01 -4.572633e+01 -5.176002e+01 1.025852e+03
<VARIANCE> 6
 3.610205e+03 4.348067e+05 1.354322e+06 5.244480e+04 1.894957e+06 5.249022e+08
<GCONST> 9.172119e+01
<MIXTURE> 3 3.400025e-01
<MEAN> 6
 2.945968e+01 -3.027818e+01 -9.656366e+01 6.220248e+00 -1.467935e+01 -5.708669e+02
<VARIANCE> 6
 3.699284e+03 1.054389e+05 3.148096e+05 1.639304e+04 3.031568e+05 5.141442e+07
<GCONST> 8.355081e+01
<STATE> 3
<NUMMIXES> 3
<MIXTURE> 1 3.244006e-01
<MEAN> 6
 7.511653e+01 1.188971e+01 7.239965e+01 -4.919391e-01 -3.523013e+00 -1.760065e+01
<VARIANCE> 6
 5.749583e+01 1.485183e+04 5.203691e+04 2.961042e+02 4.015795e+04 5.141442e+07
<GCONST> 6.959128e+01
<MIXTURE> 2 3.287013e-01
<MEAN> 6
 6.936479e+01 -1.988106e+02 -1.657091e+02 1.415410e+00 -1.609004e+00 -6.293433e+01
<VARIANCE> 6
 7.776261e+01 8.837076e+04 4.212736e+04 2.961042e+02 4.015795e+04 5.141442e+07
<GCONST> 7.146539e+01
<MIXTURE> 3 3.468992e-01
<MEAN> 6
 7.294254e+01 -1.333738e+01 -2.540954e+01 4.052371e-01 -1.749166e+00 -9.760116e+01
<VARIANCE> 6
 5.066228e+01 1.485183e+04 6.269424e+04 2.961042e+02 4.015795e+04 5.141442e+07
<GCONST> 6.965106e+01
<STATE> 4
<NUMMIXES> 3
<MIXTURE> 1 2.427761e-01
<MEAN> 6
 1.093263e+02 -1.433533e+02 6.885322e+02 -5.177059e+00 -7.615141e+00 2.587655e+01
<VARIANCE> 6
 1.789539e+02 2.628891e+05 8.998961e+05 2.961042e+02 4.015795e+04 5.141442e+07
<GCONST> 7.645062e+01
<MIXTURE> 2 3.896480e-01
<MEAN> 6
 9.448385e+01 6.452234e+01 9.127406e+01 -1.985706e+00 -2.957995e+00 1.547135e+01
<VARIANCE> 6
 3.118158e+01 5.394151e+05 2.330800e+05 2.961042e+02 4.015795e+04 5.141442e+07
<GCONST> 7.407118e+01
<MIXTURE> 3 3.675697e-01
<MEAN> 6
 9.565785e+01 -5.153508e+02 -8.556662e+01 -2.509367e+00 -1.501733e+00 -1.522098e+01
<VARIANCE> 6
 3.118158e+01 2.440557e+06 1.318910e+05 2.961042e+02 4.015795e+04 5.141442e+07
<GCONST> 7.501128e+01
<STATE> 5
<NUMMIXES> 3
<MIXTURE> 1 9.749965e-02
<MEAN> 6
 6.867877e+01 -5.756966e+03 1.140291e+03 -1.988944e+00 -2.186267e+00 -5.991485e+01
<VARIANCE> 6
 8.277277e+01 1.254582e+07 3.505196e+05 2.961042e+02 4.015795e+04 5.141442e+07
<GCONST> 7.860214e+01
<MIXTURE> 2 4.420328e-01
<MEAN> 6
 7.564191e+01 1.177245e+03 7.531430e+01 -1.271983e+00 -1.421726e+00 -9.299834e+01
<VARIANCE> 6
 3.480223e+01 1.610536e+06 4.215374e+05 2.961042e+02 4.015795e+04 5.141442e+07
<GCONST> 7.586740e+01
<MIXTURE> 3 4.604700e-01
<MEAN> 6
 7.391113e+01 4.884876e+02 -3.769722e+02 -2.334406e-01 -1.355232e+00 -6.874905e+01
<VARIANCE> 6
 7.840868e+01 1.501390e+06 6.731508e+05 2.961042e+02 4.015795e+04 5.141442e+07
<GCONST> 7.707754e+01
<STATE> 6
<NUMMIXES> 3
<MIXTURE> 1 5.345984e-02
<MEAN> 6
 4.099516e+01 3.437267e+02 -1.572473e+02 -3.613935e+01 -4.372393e+02 5.306680e+03
<VARIANCE> 6
 6.431386e+03 1.261330e+07 1.288127e+06 2.538391e+05 1.099816e+08 1.539825e+11
<GCONST> 1.069355e+02
<MIXTURE> 2 4.997959e-01
<MEAN> 6
 3.110352e+01 8.726095e+01 3.352826e+01 3.398755e+01 6.849324e+01 -5.596235e+02
<VARIANCE> 6
 4.062160e+03 5.337105e+05 1.164520e+05 2.763487e+04 4.778624e+05 9.770086e+07
<GCONST> 8.589091e+01
<MIXTURE> 3 4.466010e-01
<MEAN> 6
 3.419633e+01 -1.108608e+02 -3.920282e+01 -3.299065e+01 -2.378765e+01 2.706665e+01
<VARIANCE> 6
 3.970620e+03 5.016118e+05 2.057069e+05 4.284563e+04 1.465038e+06 3.726332e+08
<GCONST> 8.927259e+01
<TRANSP> 7
 0.000000e+00 1.000000e+00 0.000000e+00 0.000000e+00 0.000000e+00 0.000000e+00 0.000000e+00
 0.000000e+00 9.998905e-01 1.094631e-04 0.000000e+00 0.000000e+00 0.000000e+00 0.000000e+00
 0.000000e+00 0.000000e+00 9.991742e-01 8.258205e-04 0.000000e+00 0.000000e+00 0.000000e+00
 0.000000e+00 0.000000e+00 0.000000e+00 9.992141e-01 7.859342e-04 0.000000e+00 0.000000e+00
 0.000000e+00 0.000000e+00 0.000000e+00 0.000000e+00 9.991782e-01 8.218531e-04 0.000000e+00
 0.000000e+00 0.000000e+00 0.000000e+00 0.000000e+00 0.000000e+00 9.999287e-01 7.132052e-05
 0.000000e+00 0.000000e+00 0.000000e+00 0.000000e+00 0.000000e+00 0.000000e+00 0.000000e+00
<ENDHMM>
~h "SegundoESO"
<BEGINHMM>
<NUMSTATES> 7
<STATE> 2
<NUMMIXES> 3
<MIXTURE> 1 7.624074e-02
<MEAN> 6
 8.164467e+01 6.524657e+02 5.258873e+03 -7.112688e-01 -7.502001e+00 -9.380341e+01
<VARIANCE> 6
 1.115600e+02 5.703930e+07 4.114888e+07 4.652765e+02 4.015795e+04 5.141442e+07
<GCONST> 8.563242e+01
<MIXTURE> 2 5.461971e-01
<MEAN> 6
 7.130442e+01 3.060001e+02 -3.388443e+02 -5.179760e-01 -3.613842e+00 -1.130134e+02
<VARIANCE> 6
 6.582972e+01 1.330252e+06 9.028169e+05 2.961042e+02 4.015795e+04 5.141442e+07
<GCONST> 7.707520e+01
<MIXTURE> 3 3.776548e-01
<MEAN> 6
 7.088616e+01 2.614695e+02 -1.910646e+03 -5.660477e-01 -3.408199e+00 -1.054785e+02
<VARIANCE> 6
 5.707298e+01 7.587151e+05 8.702575e+06 2.961042e+02 4.015795e+04 5.141442e+07
<GCONST> 7.863683e+01
<STATE> 3
<NUMMIXES> 3
<MIXTURE> 1 3.251880e-01
<MEAN> 6
 2.032844e+01 -1.180070e+01 2.921849e+02 -3.221082e+01 3.415927e+01 1.132726e+03
<VARIANCE> 6
 3.310560e+03 9.503069e+06 5.324195e+06 4.026568e+04 1.420726e+06 4.093047e+08
<GCONST> 9.528694e+01
<MIXTURE> 2 3.416597e-01
<MEAN> 6
 8.388811e+00 1.607860e+02 1.394711e+02 4.079619e+01 1.011831e+02 -2.702860e+02
<VARIANCE> 6
 3.050008e+03 1.092271e+06 9.467111e+05 2.619455e+04 4.472854e+05 5.163195e+07
<GCONST> 8.765859e+01
<MIXTURE> 3 3.331311e-01
<MEAN> 6
 2.705599e+01 -9.619331e+01 4.025901e+01 -6.491452e+00 -1.348687e+02 -8.036917e+02
<VARIANCE> 6
 2.792458e+03 1.252706e+06 8.483444e+05 3.058733e+04 4.563981e+05 5.831299e+07
<GCONST> 8.789461e+01
<STATE> 4
<NUMMIXES> 3
<MIXTURE> 1 3.733855e-01
<MEAN> 6
 8.488794e+01 3.142479e+02 -3.904018e+02 -3.476690e+00 -7.442324e-01 4.997908e+01
<VARIANCE> 6
 1.112826e+02 3.790751e+05 1.130727e+06 2.961042e+02 4.015795e+04 5.141442e+07
<GCONST> 7.656992e+01
<MIXTURE> 2 3.257287e-01
<MEAN> 6
 8.415282e+01 -2.112706e+03 -4.126278e+02 -4.517051e+00 -6.512959e-01 1.765890e+02
<VARIANCE> 6
 5.501179e+01 7.203874e+06 1.349427e+07 2.961042e+02 4.015795e+04 5.141442e+07
<GCONST> 8.128943e+01
<MIXTURE> 3 3.008781e-01
<MEAN> 6
 8.347227e+01 4.645788e+01 -8.832661e+02 -3.091857e+00 -4.737400e+00 2.799831e+01
<VARIANCE> 6
 1.304266e+02 3.451205e+05 6.255068e+05 2.961042e+02 4.015795e+04 5.141442e+07
<GCONST> 7.604276e+01
<STATE> 5
<NUMMIXES> 3
<MIXTURE> 1 3.200541e-01
<MEAN> 6
 6.734419e+01 7.677057e+01 7.837379e+01 -5.727994e-01 -5.674172e+00 -1.108460e+02
<VARIANCE> 6
 5.923553e+01 1.857081e+05 4.381913e+04 2.961042e+02 4.015795e+04 5.141442e+07
<GCONST> 7.197526e+01
<MIXTURE> 2 3.022187e-01
<MEAN> 6
 6.521206e+01 -2.891986e+02 -1.965237e+02 -7.292000e-01 -4.474390e+00 -7.881131e+01
<VARIANCE> 6
 5.529313e+01 1.731318e+06 9.168041e+04 2.961042e+02 4.015795e+04 5.141442e+07
<GCONST> 7.487708e+01
<MIXTURE> 3 3.777161e-01
<MEAN> 6
 6.281855e+01 -4.243781e+01 -5.933292e+01 -2.509687e-01 -3.786754e+00 -1.284546e+02
<VARIANCE> 6
 4.812681e+01 1.088136e+05 8.172509e+04 2.961042e+02 4.015795e+04 5.141442e+07
<GCONST> 7.185632e+01
<STATE> 6
<NUMMIXES> 3
<MIXTURE> 1 2.640007e-01
<MEAN> 6
 3.670746e+01 6.824857e+01 1.410673e+02 3.368525e+01 -9.213801e+01 -2.758235e+02
<VARIANCE> 6
 1.927028e+03 5.316587e+05 5.724193e+05 1.100366e+04 9.691223e+04 5.141442e+07
<GCONST> 8.357535e+01
<MIXTURE> 2 4.354647e-01
<MEAN> 6
 -4.021432e+00 5.880917e+01 4.137644e+01 -2.714916e+01 1.978150e+02 4.053231e+02
<VARIANCE> 6
 1.934464e+03 2.548402e+05 1.265885e+05 2.435525e+04 6.312794e+05 1.512508e+08
<GCONST> 8.508240e+01
<MIXTURE> 3 3.003286e-01
<MEAN> 6
 4.479301e+01 -1.758962e+02 1.421787e+00 1.005964e+01 -2.025502e+02 -2.569482e+02
<VARIANCE> 6
 1.454522e+03 6.148365e+05 1.876815e+05 1.397143e+04 1.271859e+05 5.141442e+07
<GCONST> 8.283492e+01
<TRANSP> 7
 0.000000e+00 1.000000e+00 0.000000e+00 0.000000e+00 0.000000e+00 0.000000e+00 0.000000e+00
 0.000000e+00 9.996105e-01 3.894553e-04 0.000000e+00 0.000000e+00 0.000000e+00 0.000000e+00
 0.000000e+00 0.000000e+00 9.998919e-01 1.080069e-04 0.000000e+00 0.000000e+00 0.000000e+00
 0.000000e+00 0.000000e+00 0.000000e+00 9.992198e-01 7.801360e-04 0.000000e+00 0.000000e+00
 0.000000e+00 0.000000e+00 0.000000e+00 0.000000e+00 9.995134e-01 4.866112e-04 0.000000e+00
 0.000000e+00 0.000000e+00 0.000000e+00 0.000000e+00 0.000000e+00 9.999169e-01 8.315224e-05
 0.000000e+00 0.000000e+00 0.000000e+00 0.000000e+00 0.000000e+00 0.000000e+00 0.000000e+00
<ENDHMM>
~h "QuintoPRIMARIA"
<BEGINHMM>
<NUMSTATES> 7
<STATE> 2
<NUMMIXES> 3
<MIXTURE> 1 3.560854e-01
<MEAN> 6
 2.302235e+01 4.864480e+00 9.507828e+01 3.461089e+01 3.326944e+01 -4.265252e+02
<VARIANCE> 6
 2.886552e+03 1.303846e+05 3.537756e+05 1.362824e+04 2.157668e+05 5.141442e+07
<GCONST> 8.310703e+01
<MIXTURE> 2 2.913921e-01
<MEAN> 6
 2.161420e+01 9.965687e+01 -2.719051e+02 -4.032203e+01 5.811737e+01 1.193958e+03
<VARIANCE> 6
 3.237631e+03 1.234715e+06 7.684842e+06 3.550090e+04 1.228179e+06 3.484980e+08
<GCONST> 9.315847e+01
<MIXTURE> 3 3.517392e-01
<MEAN> 6
 3.024523e+01 -4.154997e+01 -4.453878e+01 2.616599e-01 -8.105328e+01 -5.858339e+02
<VARIANCE> 6
 2.498620e+03 1.293044e+05 2.630633e+05 1.887340e+04 3.116289e+05 5.141442e+07
<GCONST> 8.335133e+01
<STATE> 3
<NUMMIXES> 3
<MIXTURE> 1 4.304574e-01
<MEAN> 6
 8.279616e+01 1.109293e+02 -6.541954e+02 -8.921523e-01 -7.536720e+00 5.420914e+01
<VARIANCE> 6
 4.094155e+01 1.989952e+05 1.741065e+05 2.961042e+02 4.015795e+04 5.141442e+07
<GCONST> 7.305458e+01
<MIXTURE> 2 2.794141e-01
<MEAN> 6
 6.359198e+01 9.930811e+01 -2.537851e+02 -7.565635e-01 -4.601178e+00 -5.856455e+01
<VARIANCE> 6
 3.717355e+01 3.965377e+04 1.684779e+04 2.961042e+02 4.015795e+04 5.141442e+07
<GCONST> 6.900949e+01
<MIXTURE> 3 2.901177e-01
<MEAN> 6
 6.142202e+01 -3.791792e+01 -3.375205e+02 -7.433106e-01 -3.873616e+00 -7.333118e+01
<VARIANCE> 6
 3.118158e+01 2.579965e+04 3.630841e+04 2.961042e+02 4.015795e+04 5.141442e+07
<GCONST> 6.917172e+01
<STATE> 4
<NUMMIXES> 3
<MIXTURE> 1 2.184002e-01
<MEAN> 6
 8.536521e+01 -2.083040e+03 7.518658e+02 -2.662147e+00 -1.764022e+00 5.492985e+01
<VARIANCE> 6
 4.029055e+02 1.678210e+07 5.566692e+06 2.961042e+02 4.015795e+04 5.141442e+07
<GCONST> 8.324081e+01
<MIXTURE> 2 3.514367e-01
<MEAN> 6
 8.134069e+01 5.790543e+02 2.572873e+02 -1.502829e+00 -1.896919e+00 -1.984453e+01
<VARIANCE> 6
 2.792773e+02 1.063886e+06 3.104352e+06 2.961042e+02 4.015795e+04 5.141442e+07
<GCONST> 7.953194e+01
<MIXTURE> 3 4.301345e-01
<MEAN> 6
 7.657470e+01 4.674666e+02 -2.636340e+01 -1.001106e+00 -2.484406e+00 -4.674706e+01
<VARIANCE> 6
 1.996967e+02 1.091831e+06 2.847020e+06 2.961042e+02 4.015795e+04 5.141442e+07
<GCONST> 7.913593e+01
<STATE> 5
<NUMMIXES> 3
<MIXTURE> 1 2.240500e-01
<MEAN> 6
 7.911230e+01 7.827690e+01 2.062380e+02 -3.059621e+00 8.088737e-02 -4.217352e+00
<VARIANCE> 6
 1.277548e+02 5.265138e+04 3.699329e+04 2.961042e+02 4.015795e+04 5.141442e+07
<GCONST> 7.131403e+01
<MIXTURE> 2 4.868638e-01
<MEAN> 6
 6.757232e+01 -4.609403e+02 1.785614e+02 -8.804538e-01 -3.814736e+00 -1.641511e+01
<VARIANCE> 6
 1.774568e+02 2.787393e+05 4.088673e+04 2.961042e+02 4.015795e+04 5.141442e+07
<GCONST> 7.340930e+01
<MIXTURE> 3 2.890854e-01
<MEAN> 6
 7.893584e+01 -1.285991e+02 8.150970e+01 -2.880575e+00 -2.722172e+00 2.078526e+01
<VARIANCE> 6
 9.287340e+01 8.735965e+04 1.472748e+04 2.961042e+02 4.015795e+04 5.141442e+07
<GCONST> 7.058047e+01
<STATE> 6
<NUMMIXES> 3
<MIXTURE> 1 4.998871e-01
<MEAN> 6
 3.670708e+01 1.994004e+02 1.310671e+02 2.251111e+01 -2.433797e+01 -4.889039e+02
<VARIANCE> 6
 3.459328e+03 2.054104e+06 1.423138e+06 1.932489e+04 3.068331e+05 5.141442e+07
<GCONST> 8.813844e+01
<MIXTURE> 2 3.800612e-02
<MEAN> 6
 1.394283e+01 -2.876304e+02 -2.769516e+01 -3.436575e+01 -2.612670e+02 5.343797e+03
<VARIANCE> 6
 9.400612e+03 2.264225e+06 9.421742e+05 1.051499e+06 5.605377e+08 8.210027e+11
<GCONST> 1.100084e+02
<MIXTURE> 3 4.621090e-01
<MEAN> 6
 2.009031e+01 -1.715515e+02 2.019810e+01 -2.037885e+01 5.003228e+01 1.436682e+02
<VARIANCE> 6
 3.704449e+03 6.096691e+05 4.607727e+05 4.075823e+04 1.273366e+06 3.480663e+08
<GCONST> 8.994638e+01
<TRANSP> 7
 0.000000e+00 1.000000e+00 0.000000e+00 0.000000e+00 0.000000e+00 0.000000e+00 0.000000e+00
 0.000000e+00 9.999273e-01 7.266174e-05 0.000000e+00 0.000000e+00 0.000000e+00 0.000000e+00
 0.000000e+00 0.000000e+00 9.990811e-01 9.189233e-04 0.000000e+00 0.000000e+00 0.000000e+00
 0.000000e+00 0.000000e+00 0.000000e+00 9.993798e-01 6.202277e-04 0.000000e+00 0.000000e+00
 0.000000e+00 0.000000e+00 0.000000e+00 0.000000e+00 9.992067e-01 7.932737e-04 0.000000e+00
 0.000000e+00 0.000000e+00 0.000000e+00 0.000000e+00 0.000000e+00 9.999006e-01 9.939263e-05
 0.000000e+00 0.000000e+00 0.000000e+00 0.000000e+00 0.000000e+00 0.000000e+00 0.000000e+00
<ENDHMM>
