~o
<STREAMINFO> 1 6
<VECSIZE> 6<NULLD><USER><DIAGC>
~h "SegundoPRIMARIA"
<BEGINHMM>
<NUMSTATES> 5
<STATE> 2
<NUMMIXES> 5
<MIXTURE> 1 1.975853e-01
<MEAN> 6
 7.386803e+01 2.445942e+02 7.475139e+01 3.050148e+00 3.879978e+01 1.332293e+03
<VARIANCE> 6
 1.110781e+02 1.966928e+05 3.412168e+04 2.970847e+02 3.989187e+04 5.118205e+07
<GCONST> 7.240343e+01
<MIXTURE> 2 1.278701e-01
<MEAN> 6
 7.746665e+01 1.372697e+02 -1.328257e+03 5.454540e-02 -2.910790e+00 -1.007116e+02
<VARIANCE> 6
 3.144126e+01 5.165855e+04 6.080301e+05 2.970847e+02 3.989187e+04 5.118205e+07
<GCONST> 7.268462e+01
<MIXTURE> 3 2.130170e-01
<MEAN> 6
 7.488139e+01 -6.931017e+01 -2.267908e+02 -2.763327e-01 -1.469554e+00 -1.302173e+02
<VARIANCE> 6
 2.372478e+02 1.192974e+05 8.568034e+04 2.970847e+02 3.989187e+04 5.118205e+07
<GCONST> 7.358296e+01
<MIXTURE> 4 2.638811e-01
<MEAN> 6
 7.425466e+01 -1.788280e+02 -3.838438e+02 -2.707174e-01 -2.243252e+00 -1.239622e+02
<VARIANCE> 6
 2.469697e+02 9.584231e+04 7.354811e+04 2.970847e+02 3.989187e+04 5.118205e+07
<GCONST> 7.325153e+01
<MIXTURE> 5 1.975853e-01
<MEAN> 6
 6.965229e+01 6.719398e+01 8.631706e-01 -3.844310e+00 -4.109202e+01 -1.529372e+03
<VARIANCE> 6
 1.110781e+02 1.966928e+05 3.412168e+04 2.970847e+02 3.989187e+04 5.118205e+07
<GCONST> 7.240343e+01
<STATE> 3
<NUMMIXES> 5
<MIXTURE> 1 3.221287e-01
<MEAN> 6
 8.737530e+01 2.946491e+02 5.382271e+02 -1.965005e+00 -5.855595e+00 -5.000476e+01
<VARIANCE> 6
 1.025300e+02 7.507348e+05 1.829032e+05 2.970847e+02 3.989187e+04 5.118205e+07
<GCONST> 7.534178e+01
<MIXTURE> 2 5.863488e-02
<MEAN> 6
 6.944371e+01 -7.463083e+03 1.361173e+03 -2.854131e+00 -3.859998e+00 -4.665195e+01
<VARIANCE> 6
 8.459756e+01 4.333338e+06 1.402516e+05 2.970847e+02 3.989187e+04 5.118205e+07
<GCONST> 7.663705e+01
<MIXTURE> 3 1.956518e-01
<MEAN> 6
 6.656163e+01 -3.269647e+02 1.036035e+03 3.711800e+00 4.226733e+01 1.296535e+03
<VARIANCE> 6
 9.739092e+01 4.592112e+05 6.116068e+05 2.970847e+02 3.989187e+04 5.118205e+07
<GCONST> 7.600595e+01
<MIXTURE> 4 2.279177e-01
<MEAN> 6
 7.572633e+01 1.462073e+03 -2.745836e+02 -5.905111e-01 -1.104654e+00 -1.185909e+02
<VARIANCE> 6
 5.616147e+01 2.591172e+06 3.845822e+05 2.970847e+02 3.989187e+04 5.118205e+07
<GCONST> 7.672187e+01
<MIXTURE> 5 1.956518e-01
<MEAN> 6
 6.261415e+01 -5.980251e+02 7.232139e+02 -3.182658e+00 -3.762447e+01 -1.565130e+03
<VARIANCE> 6
 9.739092e+01 4.592112e+05 6.116068e+05 2.970847e+02 3.989187e+04 5.118205e+07
<GCONST> 7.600595e+01
<STATE> 4
<NUMMIXES> 5
<MIXTURE> 1 3.445185e-02
<MEAN> 6
 4.205608e+01 3.831721e+02 -1.032015e+02 -3.825317e+01 -4.935523e+02 4.821132e+03
<VARIANCE> 6
 6.237259e+03 1.208971e+07 1.619830e+06 2.459975e+05 1.040996e+08 1.458463e+11
<GCONST> 1.069510e+02
<MIXTURE> 2 2.693642e-01
<MEAN> 6
 5.826200e+01 3.584718e+01 -8.782410e+00 1.992974e+01 -3.902010e+01 -2.020491e+02
<VARIANCE> 6
 3.344794e+03 6.740828e+05 2.276042e+05 8.720564e+03 7.741354e+04 5.118205e+07
<GCONST> 8.298016e+01
<MIXTURE> 3 2.267040e-01
<MEAN> 6
 2.905633e+01 6.857268e+01 8.084169e+01 3.066337e+01 3.282930e+02 3.962545e+03
<VARIANCE> 6
 3.585638e+03 1.799689e+05 1.355248e+05 5.486893e+04 1.619119e+06 3.951343e+08
<GCONST> 8.813424e+01
<MIXTURE> 4 2.426023e-01
<MEAN> 6
 2.713937e+01 -1.924774e+01 -5.915760e+00 1.571628e+01 -2.328203e+01 -3.706341e+02
<VARIANCE> 6
 4.412316e+03 3.089958e+05 8.857137e+05 1.946650e+04 3.451379e+05 5.118205e+07
<GCONST> 8.613370e+01
<MIXTURE> 5 2.267040e-01
<MEAN> 6
 5.104250e+00 -1.011183e+02 -6.641309e+01 -6.303310e+01 -1.806854e+02 -3.988649e+03
<VARIANCE> 6
 3.585638e+03 1.799689e+05 1.355248e+05 5.486893e+04 1.619119e+06 3.951343e+08
<GCONST> 8.813424e+01
<TRANSP> 5
 0.000000e+00 1.000000e+00 0.000000e+00 0.000000e+00 0.000000e+00
 0.000000e+00 9.995763e-01 4.236674e-04 0.000000e+00 0.000000e+00
 0.000000e+00 0.000000e+00 9.993420e-01 6.579820e-04 0.000000e+00
 0.000000e+00 0.000000e+00 0.000000e+00 9.999565e-01 4.351217e-05
 0.000000e+00 0.000000e+00 0.000000e+00 0.000000e+00 0.000000e+00
<ENDHMM>
~h "SegundoESO"
<BEGINHMM>
<NUMSTATES> 5
<STATE> 2
<NUMMIXES> 5
<MIXTURE> 1 2.532094e-01
<MEAN> 6
 9.373882e+00 4.906556e+02 3.169525e+02 -1.256766e+01 6.546814e+01 6.188089e+02
<VARIANCE> 6
 3.116644e+03 4.368586e+06 7.197000e+06 4.498829e+04 1.174188e+06 2.660418e+08
<GCONST> 9.424031e+01
<MIXTURE> 2 2.778536e-01
<MEAN> 6
 7.720689e+01 3.040342e+02 -6.736931e+02 -1.461261e+00 -3.303910e+01 -9.859692e+01
<VARIANCE> 6
 7.533368e+01 1.009902e+06 4.160665e+06 2.970847e+02 3.989187e+04 5.118205e+07
<GCONST> 7.845458e+01
<MIXTURE> 3 1.036113e-01
<MEAN> 6
 8.145505e+01 -2.186775e+03 5.980461e+02 -4.692840e+00 -2.755552e+01 -1.946109e+02
<VARIANCE> 6
 9.808707e+01 5.398953e+06 3.149860e+07 2.970847e+02 3.989187e+04 5.118205e+07
<GCONST> 8.241913e+01
<MIXTURE> 4 1.823787e-01
<MEAN> 6
 1.461754e+01 2.784613e+02 3.904448e+02 4.601094e+01 1.140815e+02 1.113939e+03
<VARIANCE> 6
 3.052315e+03 1.511829e+06 1.755776e+06 2.724313e+04 4.101845e+05 5.118205e+07
<GCONST> 8.854599e+01
<MIXTURE> 5 1.823787e-01
<MEAN> 6
 -7.481564e+00 -2.133645e+02 -1.395780e+02 -2.001104e+01 -1.421011e+02 -1.747727e+03
<VARIANCE> 6
 3.052315e+03 1.511829e+06 1.755776e+06 2.724313e+04 4.101845e+05 5.118205e+07
<GCONST> 8.854599e+01
<STATE> 3
<NUMMIXES> 5
<MIXTURE> 1 2.965730e-01
<MEAN> 6
 7.429784e+01 -1.438033e+02 1.875831e+02 -8.454295e-01 -3.593059e+00 -1.035101e+02
<VARIANCE> 6
 9.354709e+01 4.612522e+05 6.155263e+04 2.970847e+02 3.989187e+04 5.118205e+07
<GCONST> 7.367392e+01
<MIXTURE> 2 1.693460e-01
<MEAN> 6
 6.733727e+01 3.143089e+02 -2.164328e+02 -5.540439e-01 -4.092188e+00 -9.219794e+01
<VARIANCE> 6
 5.244616e+01 1.209449e+05 4.631437e+05 2.970847e+02 3.989187e+04 5.118205e+07
<GCONST> 7.377477e+01
<MIXTURE> 3 1.835660e-01
<MEAN> 6
 6.343229e+01 4.278529e+02 -8.080643e+01 3.569535e+00 3.713053e+01 1.308625e+03
<VARIANCE> 6
 3.578116e+01 1.415456e+06 3.836539e+04 2.970847e+02 3.989187e+04 5.118205e+07
<GCONST> 7.336140e+01
<MIXTURE> 4 1.668763e-01
<MEAN> 6
 6.185691e+01 9.460125e+01 -6.416983e+02 -2.688534e-01 -1.609257e+00 -9.928670e+01
<VARIANCE> 6
 3.144126e+01 1.785023e+05 4.951517e+05 2.970847e+02 3.989187e+04 5.118205e+07
<GCONST> 7.371920e+01
<MIXTURE> 5 1.835660e-01
<MEAN> 6
 6.103959e+01 -4.803888e+01 -1.591548e+02 -3.324923e+00 -4.276127e+01 -1.553040e+03
<VARIANCE> 6
 3.578116e+01 1.415456e+06 3.836539e+04 2.970847e+02 3.989187e+04 5.118205e+07
<GCONST> 7.336140e+01
<STATE> 4
<NUMMIXES> 5
<MIXTURE> 1 1.823472e-01
<MEAN> 6
 -2.190822e+01 1.268031e+02 1.015184e+02 5.522458e+01 5.106352e+02 8.580739e+02
<VARIANCE> 6
 6.329873e+02 2.660575e+05 1.841625e+05 2.227400e+04 2.305188e+05 6.909050e+07
<GCONST> 8.250294e+01
<MIXTURE> 2 1.573122e-01
<MEAN> 6
 1.433988e+01 -1.134197e+02 1.366095e+02 -6.842715e+01 2.994220e+01 2.434891e+03
<VARIANCE> 6
 2.758590e+03 2.425644e+06 1.291697e+06 3.823607e+04 1.587513e+06 5.077901e+08
<GCONST> 9.259760e+01
<MIXTURE> 3 2.753640e-01
<MEAN> 6
 6.458891e+01 2.529246e+01 -9.882601e+00 3.018724e+01 -1.643275e+02 -3.845004e+02
<VARIANCE> 6
 4.630797e+02 8.249068e+05 4.415174e+05 1.006541e+04 6.458612e+04 5.118205e+07
<GCONST> 8.182967e+01
<MIXTURE> 4 2.020145e-01
<MEAN> 6
 5.758669e+01 -7.279228e+01 1.132542e+01 -3.242306e+01 -5.431340e+02 1.989975e+02
<VARIANCE> 6
 5.653041e+02 5.367139e+05 1.346101e+05 2.489842e+04 2.343886e+05 5.566766e+07
<GCONST> 8.269019e+01
<MIXTURE> 5 1.823472e-01
<MEAN> 6
 -3.197192e+01 -7.951996e+01 -7.013821e+01 -4.473324e+00 3.185857e+02 -2.466754e+03
<VARIANCE> 6
 6.329873e+02 2.660575e+05 1.841625e+05 2.227400e+04 2.305188e+05 6.909050e+07
<GCONST> 8.250294e+01
<TRANSP> 5
 0.000000e+00 1.000000e+00 0.000000e+00 0.000000e+00 0.000000e+00
 0.000000e+00 9.998690e-01 1.309884e-04 0.000000e+00 0.000000e+00
 0.000000e+00 0.000000e+00 9.997009e-01 2.991302e-04 0.000000e+00
 0.000000e+00 0.000000e+00 0.000000e+00 9.999384e-01 6.162906e-05
 0.000000e+00 0.000000e+00 0.000000e+00 0.000000e+00 0.000000e+00
<ENDHMM>
~h "QuintoPRIMARIA"
<BEGINHMM>
<NUMSTATES> 5
<STATE> 2
<NUMMIXES> 5
<MIXTURE> 1 1.511213e-01
<MEAN> 6
 -2.653945e+01 6.686332e+01 1.144000e+02 5.663969e+01 6.034654e+02 8.189717e+02
<VARIANCE> 6
 7.279544e+02 7.225235e+04 1.187680e+05 2.449958e+04 2.672263e+05 6.769033e+07
<GCONST> 8.112307e+01
<MIXTURE> 2 1.812828e-01
<MEAN> 6
 1.375825e+01 -9.397447e+01 6.161655e+01 -4.536895e+01 8.891309e+01 2.133919e+03
<VARIANCE> 6
 3.025829e+03 8.024881e+05 6.630331e+05 5.175805e+04 1.861698e+06 6.294163e+08
<GCONST> 9.159389e+01
<MIXTURE> 3 2.963370e-01
<MEAN> 6
 7.026301e+01 -3.094014e+01 -6.536333e+01 1.047795e+00 -7.403717e+01 -2.391002e+02
<VARIANCE> 6
 1.907957e+02 1.143308e+05 1.516598e+05 1.915048e+03 3.989187e+04 5.118205e+07
<GCONST> 7.575703e+01
<MIXTURE> 4 2.195338e-01
<MEAN> 6
 5.632010e+01 2.436820e+01 -2.248103e+01 3.812873e+00 -6.614278e+02 -3.450840e+02
<VARIANCE> 6
 5.933752e+02 1.329396e+05 9.554591e+04 3.596548e+04 2.521706e+05 7.242580e+07
<GCONST> 8.170435e+01
<MIXTURE> 5 1.511213e-01
<MEAN> 6
 -3.733171e+01 -4.065588e+01 -2.345095e+01 -5.969673e+00 3.966896e+02 -2.471994e+03
<VARIANCE> 6
 7.279544e+02 7.225235e+04 1.187680e+05 2.449958e+04 2.672263e+05 6.769033e+07
<GCONST> 8.112307e+01
<STATE> 3
<NUMMIXES> 5
<MIXTURE> 1 1.512664e-01
<MEAN> 6
 8.357170e+01 1.126453e+03 -3.377291e+02 -2.093229e+00 -4.472484e+00 6.770570e+01
<VARIANCE> 6
 3.847241e+02 2.357746e+06 4.244953e+05 2.970847e+02 3.989187e+04 5.118205e+07
<GCONST> 7.865051e+01
<MIXTURE> 2 2.581479e-01
<MEAN> 6
 7.285995e+01 4.641795e+01 9.921854e+02 -4.091596e-01 -2.157440e+00 -6.465182e+01
<VARIANCE> 6
 1.452603e+02 5.331627e+05 3.111578e+06 2.970847e+02 3.989187e+04 5.118205e+07
<GCONST> 7.818185e+01
<MIXTURE> 3 2.056788e-01
<MEAN> 6
 7.950281e+01 -4.051426e+01 3.981859e+01 7.099409e-01 4.204740e+01 1.450456e+03
<VARIANCE> 6
 1.086920e+02 9.547772e+04 6.958273e+04 2.970847e+02 3.989187e+04 5.118205e+07
<GCONST> 7.237154e+01
<MIXTURE> 4 1.791589e-01
<MEAN> 6
 6.197302e+01 -1.836346e+02 -2.823604e+03 3.333966e-01 -3.913985e+00 -8.881345e+01
<VARIANCE> 6
 3.764226e+01 1.226786e+06 8.088186e+06 2.970847e+02 3.989187e+04 5.118205e+07
<GCONST> 7.862006e+01
<MIXTURE> 5 2.056788e-01
<MEAN> 6
 7.533260e+01 -1.641121e+02 -6.569556e+01 -6.184517e+00 -3.784440e+01 -1.411209e+03
<VARIANCE> 6
 1.086920e+02 9.547772e+04 6.958273e+04 2.970847e+02 3.989187e+04 5.118205e+07
<GCONST> 7.237154e+01
<STATE> 4
<NUMMIXES> 5
<MIXTURE> 1 3.302798e-01
<MEAN> 6
 6.692443e+01 1.397343e+02 5.358008e+02 1.922870e+00 -7.270612e+01 -5.457248e+01
<VARIANCE> 6
 1.622894e+03 1.235058e+06 2.256071e+06 3.621204e+03 5.061750e+04 5.118205e+07
<GCONST> 8.385251e+01
<MIXTURE> 2 1.908134e-02
<MEAN> 6
 4.348777e+00 6.306887e+00 3.449384e+01 3.505741e+01 -3.825799e+02 1.021919e+03
<VARIANCE> 6
 1.234820e+04 8.011489e+05 5.126069e+05 1.758830e+06 9.793056e+08 1.445479e+12
<GCONST> 1.102716e+02
<MIXTURE> 3 2.609646e-01
<MEAN> 6
 1.369821e+01 -3.371487e+01 -2.583988e+02 -5.496474e+01 3.779737e+01 1.341833e+03
<VARIANCE> 6
 3.637531e+03 4.938227e+06 5.300380e+06 4.672677e+04 1.872903e+06 6.303192e+08
<GCONST> 9.557893e+01
<MIXTURE> 4 1.944640e-01
<MEAN> 6
 1.222866e+01 -1.704865e+01 1.883949e+02 6.849702e+01 1.882628e+02 6.155804e+02
<VARIANCE> 6
 3.289367e+03 3.866554e+05 1.058775e+06 2.835693e+04 4.326957e+05 5.377595e+07
<GCONST> 8.689438e+01
<MIXTURE> 5 1.944640e-01
<MEAN> 6
 -1.071254e+01 -2.657751e+02 -2.231923e+02 1.138958e+00 -7.485569e+01 -2.317703e+03
<VARIANCE> 6
 3.289367e+03 3.866554e+05 1.058775e+06 2.835693e+04 4.326957e+05 5.377595e+07
<GCONST> 8.689438e+01
<TRANSP> 5
 0.000000e+00 1.000000e+00 0.000000e+00 0.000000e+00 0.000000e+00
 0.000000e+00 9.999210e-01 7.902235e-05 0.000000e+00 0.000000e+00
 0.000000e+00 0.000000e+00 9.997395e-01 2.604533e-04 0.000000e+00
 0.000000e+00 0.000000e+00 0.000000e+00 9.999115e-01 8.851189e-05
 0.000000e+00 0.000000e+00 0.000000e+00 0.000000e+00 0.000000e+00
<ENDHMM>
