~o
<STREAMINFO> 1 6
<VECSIZE> 6<NULLD><USER><DIAGC>
~h "SegundoPRIMARIA"
<BEGINHMM>
<NUMSTATES> 9
<STATE> 2
<NUMMIXES> 10
<MIXTURE> 1 7.066230e-02
<MEAN> 6
 9.063673e+01 -1.464390e+02 7.074768e+02 -1.906543e+00 -1.089181e+01 1.853064e+01
<VARIANCE> 6
 3.847996e+02 3.593002e+05 2.134056e+06 3.005907e+02 4.044402e+04 5.187610e+07
<GCONST> 7.842323e+01
<MIXTURE> 2 9.408761e-02
<MEAN> 6
 -4.164425e+01 7.369486e+01 3.030714e+01 -1.085208e+02 1.316241e+03 2.514964e+03
<VARIANCE> 6
 7.852841e+02 2.909162e+05 1.598116e+06 6.174025e+04 1.093074e+06 8.381460e+08
<GCONST> 9.004033e+01
<MIXTURE> 3 1.323297e-01
<MEAN> 6
 -3.785599e+01 3.887838e+01 8.817706e+00 6.170882e+01 6.847764e+02 -1.470742e+03
<VARIANCE> 6
 5.644120e+02 8.404166e+04 3.056161e+05 3.089985e+04 2.095087e+05 6.940479e+07
<GCONST> 8.197870e+01
<MIXTURE> 4 7.877443e-02
<MEAN> 6
 4.211907e+01 9.010748e+01 2.279860e+02 1.163158e+02 -1.582599e+02 -1.377650e+03
<VARIANCE> 6
 9.762896e+02 1.053382e+05 9.516207e+05 3.311775e+04 1.182628e+05 5.187610e+07
<GCONST> 8.309473e+01
<MIXTURE> 5 9.911770e-02
<MEAN> 6
 6.534975e+01 -8.463483e+01 4.863765e+01 -4.898444e+01 -9.987362e+02 2.800327e+03
<VARIANCE> 6
 1.481604e+03 6.507827e+05 1.982817e+06 6.874045e+04 1.269880e+06 6.668281e+08
<GCONST> 9.172467e+01
<MIXTURE> 6 1.253046e-01
<MEAN> 6
 7.187115e+01 8.030450e+01 -7.488362e+02 3.794205e-01 -1.274872e+01 -9.155943e+01
<VARIANCE> 6
 5.823385e+01 6.894109e+04 6.528176e+05 3.005907e+02 4.044402e+04 5.187610e+07
<GCONST> 7.369958e+01
<MIXTURE> 7 1.402058e-01
<MEAN> 6
 8.920914e+01 -4.232622e+01 1.369946e+02 -2.517789e+01 -7.290001e+02 -1.454867e+03
<VARIANCE> 6
 4.273807e+02 1.093861e+05 4.541229e+05 2.144887e+04 3.819454e+05 1.174993e+08
<GCONST> 8.312210e+01
<MIXTURE> 8 1.049765e-01
<MEAN> 6
 -6.482358e+01 7.594863e+01 -2.653627e+02 5.769715e+00 2.969962e+02 4.412778e+02
<VARIANCE> 6
 3.849399e+02 1.187179e+05 9.307616e+05 2.360592e+03 1.008880e+05 5.187610e+07
<GCONST> 7.946142e+01
<MIXTURE> 9 8.338895e-02
<MEAN> 6
 3.653582e+01 7.698964e+00 8.916840e+01 2.100735e+01 -2.971964e+02 -1.610509e+02
<VARIANCE> 6
 8.215416e+02 8.723776e+04 4.373665e+05 5.950393e+04 1.994472e+05 5.459477e+07
<GCONST> 8.311591e+01
<MIXTURE> 10 7.082788e-02
<MEAN> 6
 8.433282e+01 -3.049229e+02 4.653286e+02 -4.650917e+00 -5.877301e+01 -5.767662e+02
<VARIANCE> 6
 3.402941e+02 3.258754e+05 1.891845e+06 3.005907e+02 4.044402e+04 5.187610e+07
<GCONST> 7.808220e+01
<STATE> 3
<NUMMIXES> 10
<MIXTURE> 1 1.271492e-01
<MEAN> 6
 9.394298e+01 7.872349e+02 2.108679e+02 -3.220948e+00 -6.393588e-01 1.346746e+01
<VARIANCE> 6
 3.175529e+01 1.324029e+04 1.445127e+04 3.005907e+02 4.044402e+04 5.187610e+07
<GCONST> 6.763267e+01
<MIXTURE> 2 9.856892e-02
<MEAN> 6
 8.422505e+01 -1.011584e+02 4.279015e+02 -2.812320e+00 8.150112e+00 -7.178469e+01
<VARIANCE> 6
 3.175529e+01 4.660555e+04 1.445127e+04 3.005907e+02 4.044402e+04 5.187610e+07
<GCONST> 6.889113e+01
<MIXTURE> 3 9.848089e-02
<MEAN> 6
 9.324086e+01 1.111160e+02 1.428673e+02 -1.668311e+00 2.442141e+00 1.056145e+02
<VARIANCE> 6
 3.175529e+01 1.647383e+04 1.445127e+04 3.005907e+02 4.044402e+04 5.187610e+07
<GCONST> 6.785118e+01
<MIXTURE> 4 1.025675e-01
<MEAN> 6
 8.763881e+01 3.755730e+02 4.193166e+02 4.380958e-01 -1.042395e+01 6.723642e+01
<VARIANCE> 6
 3.175529e+01 1.964044e+04 1.445127e+04 3.005907e+02 4.044402e+04 5.187610e+07
<GCONST> 6.802700e+01
<MIXTURE> 5 6.004787e-02
<MEAN> 6
 8.749902e+01 -7.607735e+01 -3.522848e+01 -1.110542e+00 5.162625e+00 -9.087031e+01
<VARIANCE> 6
 3.175529e+01 6.954978e+04 1.445127e+04 3.005907e+02 4.044402e+04 5.187610e+07
<GCONST> 6.929145e+01
<MIXTURE> 6 6.885529e-02
<MEAN> 6
 9.267096e+01 -6.960786e+02 1.338527e+02 1.189927e-02 -1.555537e+01 2.280064e+02
<VARIANCE> 6
 3.175529e+01 1.176471e+05 5.425107e+04 3.005907e+02 4.044402e+04 5.187610e+07
<GCONST> 7.113994e+01
<MIXTURE> 7 1.056957e-01
<MEAN> 6
 8.170784e+01 3.373971e+02 3.731805e+01 1.554331e+00 -1.224079e+01 9.649599e+01
<VARIANCE> 6
 3.175529e+01 1.324029e+04 1.445127e+04 3.005907e+02 4.044402e+04 5.187610e+07
<GCONST> 6.763267e+01
<MIXTURE> 8 1.611218e-01
<MEAN> 6
 9.290513e+01 -4.459959e+01 -2.355715e+01 -8.260296e-01 2.407338e+00 -5.994766e+01
<VARIANCE> 6
 3.175529e+01 1.519977e+04 2.175897e+04 3.005907e+02 4.044402e+04 5.187610e+07
<GCONST> 6.817993e+01
<MIXTURE> 9 7.943939e-02
<MEAN> 6
 8.682581e+01 -2.028224e+02 -5.349714e+01 -1.869561e+00 3.672469e+00 -1.478701e+02
<VARIANCE> 6
 3.175529e+01 5.795937e+04 1.445127e+04 3.005907e+02 4.044402e+04 5.187610e+07
<GCONST> 6.910915e+01
<MIXTURE> 10 9.804221e-02
<MEAN> 6
 9.194086e+01 5.742301e+01 1.052618e+02 -2.518911e+00 -1.725771e+01 -2.074119e+02
<VARIANCE> 6
 3.175529e+01 1.810626e+04 1.445127e+04 3.005907e+02 4.044402e+04 5.187610e+07
<GCONST> 6.794566e+01
<STATE> 4
<NUMMIXES> 10
<MIXTURE> 1 8.460557e-02
<MEAN> 6
 8.859323e+01 1.152763e+03 1.171730e+01 -2.644261e+00 4.354450e+00 1.492522e+02
<VARIANCE> 6
 3.175529e+01 1.129469e+05 5.812059e+05 3.005907e+02 4.044402e+04 5.187610e+07
<GCONST> 7.347065e+01
<MIXTURE> 2 1.051523e-01
<MEAN> 6
 7.729494e+01 2.747953e+03 1.500305e+02 -2.008084e+00 -8.819704e+00 -9.878471e+01
<VARIANCE> 6
 3.175529e+01 5.476253e+04 1.144483e+05 3.005907e+02 4.044402e+04 5.187610e+07
<GCONST> 7.112175e+01
<MIXTURE> 3 1.783255e-01
<MEAN> 6
 7.449715e+01 -8.950588e+02 -1.672977e+02 -2.037203e+00 3.542004e+00 -1.536319e+01
<VARIANCE> 6
 3.175529e+01 2.764388e+04 1.602513e+05 3.005907e+02 4.044402e+04 5.187610e+07
<GCONST> 7.077477e+01
<MIXTURE> 4 9.431713e-02
<MEAN> 6
 7.525051e+01 1.276074e+03 -1.154294e+03 -2.115552e-01 -3.456256e+00 -1.084368e+02
<VARIANCE> 6
 4.201340e+01 1.324029e+04 1.445127e+04 3.005907e+02 4.044402e+04 5.187610e+07
<GCONST> 6.791260e+01
<MIXTURE> 5 9.653165e-02
<MEAN> 6
 7.931669e+01 1.038933e+03 4.476145e+02 -1.088113e+00 -3.639263e+00 -1.438004e+02
<VARIANCE> 6
 3.175529e+01 1.618757e+05 1.445127e+04 3.005907e+02 4.044402e+04 5.187610e+07
<GCONST> 7.013624e+01
<MIXTURE> 6 7.508482e-02
<MEAN> 6
 7.674773e+01 4.755674e+02 7.866493e+02 -2.418704e+00 -2.887344e+00 -5.833354e+01
<VARIANCE> 6
 3.175529e+01 1.908124e+04 4.424038e+04 3.005907e+02 4.044402e+04 5.187610e+07
<GCONST> 6.911697e+01
<MIXTURE> 7 1.560582e-01
<MEAN> 6
 6.689201e+01 7.690544e+02 -1.685163e+02 9.086052e-02 -2.687343e+00 -7.224482e+01
<VARIANCE> 6
 3.175529e+01 5.217498e+04 1.445127e+04 3.005907e+02 4.044402e+04 5.187610e+07
<GCONST> 6.900401e+01
<MIXTURE> 8 3.757485e-02
<MEAN> 6
 7.788931e+01 -1.750710e+03 -7.841896e+02 6.290563e-01 -3.444752e+00 -2.211589e+02
<VARIANCE> 6
 3.175529e+01 7.348005e+04 1.445127e+04 3.005907e+02 4.044402e+04 5.187610e+07
<GCONST> 6.934642e+01
<MIXTURE> 9 8.728508e-02
<MEAN> 6
 7.300195e+01 8.449295e+02 6.295233e+02 -2.178911e-01 -1.713005e+00 -1.044750e+02
<VARIANCE> 6
 3.175529e+01 1.004012e+05 1.473354e+04 3.005907e+02 4.044402e+04 5.187610e+07
<GCONST> 6.967793e+01
<MIXTURE> 10 8.504640e-02
<MEAN> 6
 8.669585e+01 1.042007e+03 -2.288193e+02 -2.444903e+00 -1.061185e+01 -6.131030e+01
<VARIANCE> 6
 3.175529e+01 8.689659e+04 4.710396e+05 3.005907e+02 4.044402e+04 5.187610e+07
<GCONST> 7.299828e+01
<STATE> 5
<NUMMIXES> 10
<MIXTURE> 1 1.180772e-01
<MEAN> 6
 9.852654e+01 1.420396e+02 1.146143e+03 -1.196580e+00 -1.712413e+01 1.249351e+02
<VARIANCE> 6
 3.175529e+01 5.130762e+04 1.445127e+04 3.005907e+02 4.044402e+04 5.187610e+07
<GCONST> 6.898724e+01
<MIXTURE> 2 7.951883e-02
<MEAN> 6
 1.101474e+02 -3.827993e+01 2.798785e+02 -3.783123e+00 -1.961752e+00 4.340147e+01
<VARIANCE> 6
 3.175529e+01 2.309610e+04 8.294552e+04 3.005907e+02 4.044402e+04 5.187610e+07
<GCONST> 6.993647e+01
<MIXTURE> 3 1.294301e-01
<MEAN> 6
 1.020243e+02 1.464214e+02 -4.123925e+02 -1.068856e+00 -9.629470e+00 -1.493566e+02
<VARIANCE> 6
 6.773141e+01 1.648889e+04 1.445127e+04 3.005907e+02 4.044402e+04 5.187610e+07
<GCONST> 6.860958e+01
<MIXTURE> 4 1.305805e-01
<MEAN> 6
 8.897430e+01 3.099651e+02 -6.223353e+02 -1.560089e+00 7.244281e+00 -1.374099e+02
<VARIANCE> 6
 4.643432e+01 1.961558e+04 1.445127e+04 3.005907e+02 4.044402e+04 5.187610e+07
<GCONST> 6.840571e+01
<MIXTURE> 5 7.947974e-02
<MEAN> 6
 9.451135e+01 -3.498147e+02 -5.367686e+02 -2.794952e-01 1.446420e+01 1.257006e+02
<VARIANCE> 6
 3.175529e+01 2.192167e+04 1.445127e+04 3.005907e+02 4.044402e+04 5.187610e+07
<GCONST> 6.813688e+01
<MIXTURE> 6 1.058406e-01
<MEAN> 6
 9.772010e+01 -3.526863e+02 7.690973e+02 -5.399244e+00 6.323133e+00 -1.330088e+02
<VARIANCE> 6
 3.556646e+01 1.324029e+04 3.581414e+04 3.005907e+02 4.044402e+04 5.187610e+07
<GCONST> 6.865358e+01
<MIXTURE> 7 1.402149e-01
<MEAN> 6
 9.455608e+01 -5.340458e+02 -5.292858e+02 5.554639e-01 -3.609240e+00 -1.163463e+02
<VARIANCE> 6
 3.175529e+01 1.324029e+04 1.445127e+04 3.005907e+02 4.044402e+04 5.187610e+07
<GCONST> 6.763267e+01
<MIXTURE> 8 6.651338e-02
<MEAN> 6
 8.566012e+01 -2.016187e+02 -8.501396e+02 -4.945990e+00 -5.093867e-01 -8.139616e+01
<VARIANCE> 6
 3.175529e+01 1.804668e+04 1.445127e+04 3.005907e+02 4.044402e+04 5.187610e+07
<GCONST> 6.794237e+01
<MIXTURE> 9 7.195195e-02
<MEAN> 6
 1.132685e+02 -4.616842e+02 -2.409369e+02 -4.979501e+00 -1.901466e+01 -1.447944e+02
<VARIANCE> 6
 3.216073e+01 1.160976e+05 6.680905e+04 3.005907e+02 4.044402e+04 5.187610e+07
<GCONST> 7.134758e+01
<MIXTURE> 10 7.836886e-02
<MEAN> 6
 9.348363e+01 -3.978514e+02 -5.560073e+02 -1.899256e+00 -1.734512e+01 -1.125797e+02
<VARIANCE> 6
 3.175529e+01 2.355488e+04 1.445127e+04 3.005907e+02 4.044402e+04 5.187610e+07
<GCONST> 6.820874e+01
<STATE> 6
<NUMMIXES> 10
<MIXTURE> 1 1.080339e-01
<MEAN> 6
 7.406901e+01 9.980574e+01 1.612007e+02 -4.200748e-01 4.750243e+00 -1.944780e+01
<VARIANCE> 6
 3.175529e+01 3.305458e+04 1.445127e+04 3.005907e+02 4.044402e+04 5.187610e+07
<GCONST> 6.854757e+01
<MIXTURE> 2 7.017945e-02
<MEAN> 6
 6.437641e+01 -4.942982e+02 2.834702e+02 -3.901328e-01 -6.966487e+00 -1.769213e+02
<VARIANCE> 6
 3.175529e+01 1.324029e+04 1.445127e+04 3.005907e+02 4.044402e+04 5.187610e+07
<GCONST> 6.763267e+01
<MIXTURE> 3 1.571984e-01
<MEAN> 6
 7.392020e+01 8.882368e+01 -3.073916e+02 -1.743513e-01 -4.379452e+00 -1.086752e+02
<VARIANCE> 6
 3.175529e+01 1.324029e+04 2.055367e+04 3.005907e+02 4.044402e+04 5.187610e+07
<GCONST> 6.798492e+01
<MIXTURE> 4 7.956335e-02
<MEAN> 6
 6.858834e+01 -3.923026e+02 -6.724649e+02 -2.690315e-01 -1.196098e-01 -1.119128e+01
<VARIANCE> 6
 3.175529e+01 5.723261e+04 1.232620e+05 3.005907e+02 4.044402e+04 5.187610e+07
<GCONST> 7.124006e+01
<MIXTURE> 5 1.199856e-01
<MEAN> 6
 6.954967e+01 -1.888972e+02 1.064180e+02 8.861623e-01 2.033362e+00 -1.458960e+02
<VARIANCE> 6
 3.175529e+01 1.324029e+04 1.445127e+04 3.005907e+02 4.044402e+04 5.187610e+07
<GCONST> 6.763267e+01
<MIXTURE> 6 9.355632e-02
<MEAN> 6
 7.285847e+01 4.883261e+01 -2.346634e+02 -4.772534e-01 -3.995354e+00 -8.733651e+01
<VARIANCE> 6
 3.175529e+01 1.324029e+04 1.645665e+04 3.005907e+02 4.044402e+04 5.187610e+07
<GCONST> 6.776262e+01
<MIXTURE> 7 8.924603e-02
<MEAN> 6
 6.140617e+01 -3.857321e+02 -2.421467e+02 1.529104e-01 2.532083e+00 -1.492654e+02
<VARIANCE> 6
 3.175529e+01 1.324029e+04 3.912890e+04 3.005907e+02 4.044402e+04 5.187610e+07
<GCONST> 6.862875e+01
<MIXTURE> 8 1.042478e-01
<MEAN> 6
 7.460722e+01 3.754210e+01 1.456391e+02 -6.288084e-01 -1.418931e+00 -1.028655e+02
<VARIANCE> 6
 3.175529e+01 1.324029e+04 1.445127e+04 3.005907e+02 4.044402e+04 5.187610e+07
<GCONST> 6.763267e+01
<MIXTURE> 9 9.799785e-02
<MEAN> 6
 6.862910e+01 -2.925524e+00 -2.310467e+02 6.158381e-01 3.154510e+00 -8.411569e+01
<VARIANCE> 6
 3.284990e+01 1.324029e+04 1.886596e+04 3.005907e+02 4.044402e+04 5.187610e+07
<GCONST> 6.793314e+01
<MIXTURE> 10 7.992987e-02
<MEAN> 6
 6.734131e+01 -4.766211e+02 -8.037922e+02 -9.562719e-01 -1.220668e+01 -1.827303e+02
<VARIANCE> 6
 3.175529e+01 6.566856e+04 1.171192e+05 3.005907e+02 4.044402e+04 5.187610e+07
<GCONST> 7.132644e+01
<STATE> 7
<NUMMIXES> 10
<MIXTURE> 1 9.421601e-02
<MEAN> 6
 1.174768e+02 -4.732158e+02 2.423248e+03 -1.193723e+00 1.720063e+00 -2.632428e+02
<VARIANCE> 6
 3.175529e+01 1.324029e+04 3.889957e+04 3.005907e+02 4.044402e+04 5.187610e+07
<GCONST> 6.862287e+01
<MIXTURE> 2 1.086195e-01
<MEAN> 6
 9.036078e+01 -1.403147e+03 8.269891e+02 -1.572914e-01 -1.871227e-01 -1.376583e+02
<VARIANCE> 6
 3.175529e+01 1.324029e+04 1.445127e+04 3.005907e+02 4.044402e+04 5.187610e+07
<GCONST> 6.763267e+01
<MIXTURE> 3 7.513695e-02
<MEAN> 6
 7.661476e+01 -8.889752e+03 1.585260e+03 -3.907584e+00 -1.944855e+00 1.918811e+02
<VARIANCE> 6
 3.175529e+01 2.013194e+04 2.037168e+05 3.005907e+02 4.044402e+04 5.187610e+07
<GCONST> 7.069766e+01
<MIXTURE> 4 9.765736e-02
<MEAN> 6
 8.871074e+01 1.016960e+03 -2.210340e+03 9.134132e-01 -1.634402e+01 5.381028e+01
<VARIANCE> 6
 3.175529e+01 1.324029e+04 2.181122e+04 3.005907e+02 4.044402e+04 5.187610e+07
<GCONST> 6.804431e+01
<MIXTURE> 5 1.111746e-01
<MEAN> 6
 9.979053e+01 -3.724803e+03 1.652474e+00 -5.232523e+00 1.183193e+01 -5.640917e+00
<VARIANCE> 6
 3.175529e+01 1.433382e+05 1.445127e+04 3.005907e+02 4.044402e+04 5.187610e+07
<GCONST> 7.001461e+01
<MIXTURE> 6 1.181678e-01
<MEAN> 6
 1.316491e+02 -1.185435e+02 1.159316e+03 -1.205449e+01 1.154886e-02 1.199223e+02
<VARIANCE> 6
 5.784261e+01 7.876536e+05 4.099690e+05 3.005907e+02 4.044402e+04 5.187610e+07
<GCONST> 7.566343e+01
<MIXTURE> 7 1.285848e-01
<MEAN> 6
 8.605693e+01 -1.703488e+02 -2.983212e+03 -5.441962e+00 -6.487814e-01 1.191467e+02
<VARIANCE> 6
 8.613670e+01 2.004184e+04 5.248087e+04 3.005907e+02 4.044402e+04 5.187610e+07
<GCONST> 7.033477e+01
<MIXTURE> 8 1.191610e-01
<MEAN> 6
 1.001299e+02 -2.535909e+03 -2.308354e+02 -3.615251e+00 -2.655029e+01 -5.303749e+02
<VARIANCE> 6
 3.175529e+01 3.656926e+05 1.445127e+04 3.005907e+02 4.044402e+04 5.187610e+07
<GCONST> 7.095120e+01
<MIXTURE> 9 6.893501e-02
<MEAN> 6
 8.517514e+01 -5.177997e+02 2.036882e+03 -4.798239e+00 3.289286e+00 8.043474e+01
<VARIANCE> 6
 3.175529e+01 1.324029e+04 1.445127e+04 3.005907e+02 4.044402e+04 5.187610e+07
<GCONST> 6.763267e+01
<MIXTURE> 10 7.834657e-02
<MEAN> 6
 7.390202e+01 -8.955057e+03 1.371085e+03 -1.377669e+00 -1.334523e+01 -3.479584e+02
<VARIANCE> 6
 3.175529e+01 1.740077e+04 1.291736e+05 3.005907e+02 4.044402e+04 5.187610e+07
<GCONST> 7.009630e+01
<STATE> 8
<NUMMIXES> 10
<MIXTURE> 1 1.622869e-02
<MEAN> 6
 2.366180e+01 8.673683e+02 -2.181318e+02 -2.594226e+01 -3.996698e+02 5.433794e+03
<VARIANCE> 6
 7.614271e+03 3.186205e+07 1.397070e+06 5.943971e+05 3.083648e+08 4.450716e+11
<GCONST> 1.110555e+02
<MIXTURE> 2 1.342272e-01
<MEAN> 6
 1.525806e+00 5.617844e+01 2.650111e+01 7.529897e+01 2.800187e+02 -2.146649e+03
<VARIANCE> 6
 5.188405e+02 1.883421e+05 4.503670e+04 5.988745e+04 2.113165e+05 1.003208e+08
<GCONST> 8.182533e+01
<MIXTURE> 3 7.477945e-02
<MEAN> 6
 1.009192e+02 5.646899e+01 3.510993e+01 6.775150e+01 -1.257499e+03 -4.410655e+03
<VARIANCE> 6
 5.482904e+02 6.563671e+05 1.370629e+05 3.151215e+04 3.096645e+06 2.124949e+09
<GCONST> 8.933771e+01
<MIXTURE> 4 8.596264e-02
<MEAN> 6
 1.008052e+02 1.453330e+02 2.988573e+01 -3.949625e+00 -3.904185e+00 1.601792e+02
<VARIANCE> 6
 2.867022e+02 8.707995e+05 1.561858e+05 3.005907e+02 4.044402e+04 5.187610e+07
<GCONST> 7.639947e+01
<MIXTURE> 5 1.136266e-01
<MEAN> 6
 1.809657e+00 -1.110489e+00 7.979966e+00 -1.389397e+02 6.067485e+02 6.723325e+03
<VARIANCE> 6
 3.282789e+03 8.268312e+05 6.778625e+05 6.515466e+04 2.575281e+06 1.142380e+09
<GCONST> 9.287813e+01
<MIXTURE> 6 1.290155e-01
<MEAN> 6
 6.585326e+01 6.679631e+01 3.289582e+01 1.027612e+02 -3.409791e+02 -1.373673e+03
<VARIANCE> 6
 6.765139e+02 2.427573e+05 1.383840e+05 3.260285e+04 1.895326e+05 5.188506e+07
<GCONST> 8.209084e+01
<MIXTURE> 7 1.130171e-01
<MEAN> 6
 -4.206345e+01 3.938572e+01 1.167021e+01 2.968127e+01 1.177794e+03 -1.371547e+03
<VARIANCE> 6
 2.156656e+02 2.011072e+05 6.699991e+04 3.071744e+04 4.083490e+05 1.692533e+08
<GCONST> 8.192440e+01
<MIXTURE> 8 1.389619e-01
<MEAN> 6
 7.710075e+01 -4.108656e+01 1.651197e+01 -1.122572e+02 -9.055072e+02 1.070430e+03
<VARIANCE> 6
 6.806684e+02 1.483023e+05 6.007230e+04 3.075155e+04 3.139763e+05 1.354342e+08
<GCONST> 8.217542e+01
<MIXTURE> 9 1.061391e-01
<MEAN> 6
 -5.721931e+01 5.528851e+01 1.694429e+00 1.434828e+01 3.424675e+02 1.903560e+02
<VARIANCE> 6
 2.318650e+02 3.089186e+05 1.210374e+05 2.114247e+03 1.572943e+05 6.619313e+07
<GCONST> 7.844852e+01
<MIXTURE> 10 8.711393e-02
<MEAN> 6
 9.392903e+01 -2.266305e+02 -1.414457e+02 -7.929734e+00 -5.782853e+01 -7.703110e+02
<VARIANCE> 6
 2.454081e+02 6.995605e+05 1.443862e+05 3.005907e+02 4.044402e+04 5.187610e+07
<GCONST> 7.594643e+01
<TRANSP> 9
 0.000000e+00 1.000000e+00 0.000000e+00 0.000000e+00 0.000000e+00 0.000000e+00 0.000000e+00 0.000000e+00 0.000000e+00
 0.000000e+00 9.998673e-01 1.327067e-04 0.000000e+00 0.000000e+00 0.000000e+00 0.000000e+00 0.000000e+00 0.000000e+00
 0.000000e+00 0.000000e+00 9.985225e-01 1.477487e-03 0.000000e+00 0.000000e+00 0.000000e+00 0.000000e+00 0.000000e+00
 0.000000e+00 0.000000e+00 0.000000e+00 9.987713e-01 1.228764e-03 0.000000e+00 0.000000e+00 0.000000e+00 0.000000e+00
 0.000000e+00 0.000000e+00 0.000000e+00 0.000000e+00 9.981495e-01 1.850428e-03 0.000000e+00 0.000000e+00 0.000000e+00
 0.000000e+00 0.000000e+00 0.000000e+00 0.000000e+00 0.000000e+00 9.991810e-01 8.190404e-04 0.000000e+00 0.000000e+00
 0.000000e+00 0.000000e+00 0.000000e+00 0.000000e+00 0.000000e+00 0.000000e+00 9.973095e-01 2.690448e-03 0.000000e+00
 0.000000e+00 0.000000e+00 0.000000e+00 0.000000e+00 0.000000e+00 0.000000e+00 0.000000e+00 9.999360e-01 6.398692e-05
 0.000000e+00 0.000000e+00 0.000000e+00 0.000000e+00 0.000000e+00 0.000000e+00 0.000000e+00 0.000000e+00 0.000000e+00
<ENDHMM>
~h "SegundoESO"
<BEGINHMM>
<NUMSTATES> 9
<STATE> 2
<NUMMIXES> 10
<MIXTURE> 1 8.325900e-02
<MEAN> 6
 4.017756e+01 3.104664e+03 7.861492e+02 -6.024931e+01 -4.033822e+02 7.781305e+02
<VARIANCE> 6
 2.548514e+03 4.618012e+07 2.007260e+07 3.613040e+04 1.098052e+06 2.794181e+08
<GCONST> 9.718562e+01
<MIXTURE> 2 1.112701e-01
<MEAN> 6
 8.204911e+01 -3.887238e+03 5.623926e+03 -1.141345e+00 -1.769117e+01 -1.661270e+02
<VARIANCE> 6
 1.250726e+02 1.937842e+06 2.106253e+07 3.005907e+02 4.044402e+04 5.187610e+07
<GCONST> 8.127404e+01
<MIXTURE> 3 7.321251e-02
<MEAN> 6
 5.950027e+01 2.271699e+03 -2.743224e+02 3.301226e-01 -4.120458e+00 -1.745869e+02
<VARIANCE> 6
 3.175529e+01 1.684453e+05 1.445127e+04 3.005907e+02 4.044402e+04 5.187610e+07
<GCONST> 7.017602e+01
<MIXTURE> 4 8.242966e-02
<MEAN> 6
 6.710358e+01 1.898905e+03 -1.236887e+03 1.577346e+00 -1.525712e+00 1.364391e+01
<VARIANCE> 6
 5.020016e+01 4.353454e+05 1.377822e+06 3.005907e+02 4.044402e+04 5.187610e+07
<GCONST> 7.614098e+01
<MIXTURE> 5 7.324155e-02
<MEAN> 6
 -3.355883e+01 1.092379e+03 -2.160486e+02 8.736903e+00 6.654727e+02 9.910782e+02
<VARIANCE> 6
 2.910710e+02 4.277580e+06 4.022848e+06 1.595491e+04 2.825146e+05 5.660835e+07
<GCONST> 8.725790e+01
<MIXTURE> 6 1.394040e-01
<MEAN> 6
 2.574104e+01 -4.156303e+03 3.782670e+02 1.179976e+01 -7.176799e+01 -2.394764e+02
<VARIANCE> 6
 2.988168e+03 5.356538e+06 2.808557e+05 1.889591e+04 1.902653e+05 5.187610e+07
<GCONST> 8.683634e+01
<MIXTURE> 7 1.128572e-01
<MEAN> 6
 5.050040e+01 2.388471e+03 -2.674314e+03 1.006812e+02 -2.070753e+02 -1.066397e+03
<VARIANCE> 6
 9.213277e+02 2.867229e+06 3.530736e+06 1.132741e+04 6.900629e+04 5.187610e+07
<GCONST> 8.604025e+01
<MIXTURE> 8 1.274466e-01
<MEAN> 6
 7.955412e+01 2.481865e+03 1.138868e+02 -1.163596e+00 -3.309896e+01 -1.339289e+02
<VARIANCE> 6
 8.229870e+01 4.108140e+07 2.500733e+06 3.005907e+02 4.044402e+04 5.187610e+07
<GCONST> 8.177857e+01
<MIXTURE> 9 1.228419e-01
<MEAN> 6
 3.740268e+01 1.160839e+03 -2.450173e+03 -4.300352e+01 -1.174001e+02 5.652516e+02
<VARIANCE> 6
 1.252699e+03 3.091600e+06 1.841271e+06 2.413475e+04 1.393730e+05 5.187610e+07
<GCONST> 8.723117e+01
<MIXTURE> 10 7.395835e-02
<MEAN> 6
 -3.817462e+01 5.544523e+02 -5.436358e+02 -1.383254e+01 4.910386e+02 -7.570795e+02
<VARIANCE> 6
 3.411562e+02 4.436330e+06 3.487177e+06 1.223681e+04 2.342091e+05 5.187610e+07
<GCONST> 8.677008e+01
<STATE> 3
<NUMMIXES> 10
<MIXTURE> 1 1.288420e-01
<MEAN> 6
 7.886776e+01 -1.417346e+02 1.913749e+03 -1.103177e-01 -3.626390e+00 -2.139387e+01
<VARIANCE> 6
 3.175529e+01 2.863303e+05 8.546060e+05 3.005907e+02 4.044402e+04 5.187610e+07
<GCONST> 7.478641e+01
<MIXTURE> 2 9.786285e-02
<MEAN> 6
 7.406052e+01 -3.008435e+02 4.214281e+02 -1.332014e-01 -4.130473e+00 -1.720100e+01
<VARIANCE> 6
 3.175529e+01 2.436976e+04 1.166279e+05 3.005907e+02 4.044402e+04 5.187610e+07
<GCONST> 7.033096e+01
<MIXTURE> 3 1.038082e-01
<MEAN> 6
 8.809586e+01 -1.288348e+03 3.906757e+02 -2.123506e+00 -2.485769e+00 -9.330116e+01
<VARIANCE> 6
 3.175529e+01 3.837668e+05 2.627140e+04 3.005907e+02 4.044402e+04 5.187610e+07
<GCONST> 7.159714e+01
<MIXTURE> 4 9.594594e-02
<MEAN> 6
 8.014466e+01 -7.373489e+02 1.128181e+02 -1.636796e-01 1.229156e+00 -5.556201e+01
<VARIANCE> 6
 3.175529e+01 5.606025e+04 7.010089e+04 3.005907e+02 4.044402e+04 5.187610e+07
<GCONST> 7.065498e+01
<MIXTURE> 5 1.512440e-01
<MEAN> 6
 6.794200e+01 -1.984507e+03 -1.189400e+02 4.066236e-02 -5.576139e+00 -9.116764e+01
<VARIANCE> 6
 3.176181e+01 2.187893e+05 1.663211e+05 3.005907e+02 4.044402e+04 5.187610e+07
<GCONST> 7.288086e+01
<MIXTURE> 6 1.109640e-01
<MEAN> 6
 6.436517e+01 -6.982404e+02 -4.236906e+01 7.394328e-02 6.801570e+00 -1.074732e+02
<VARIANCE> 6
 3.175529e+01 3.984270e+04 1.445127e+04 3.005907e+02 4.044402e+04 5.187610e+07
<GCONST> 6.873434e+01
<MIXTURE> 7 4.350195e-02
<MEAN> 6
 6.955772e+01 -9.528834e+02 2.070205e+03 1.571565e+00 -2.543654e+00 -2.242858e+02
<VARIANCE> 6
 3.175529e+01 3.567527e+05 6.464600e+04 3.005907e+02 4.044402e+04 5.187610e+07
<GCONST> 7.242459e+01
<MIXTURE> 8 7.629127e-02
<MEAN> 6
 8.565833e+01 -1.846264e+03 -1.583790e+02 -3.338001e+00 1.298836e+00 -3.306223e+01
<VARIANCE> 6
 3.897615e+01 1.437608e+06 1.066671e+05 3.005907e+02 4.044402e+04 5.187610e+07
<GCONST> 7.452396e+01
<MIXTURE> 9 9.600382e-02
<MEAN> 6
 7.439171e+01 -3.493894e+02 4.177409e+02 -1.547738e-01 -4.717904e+00 -3.637188e+01
<VARIANCE> 6
 3.175529e+01 1.645860e+04 1.392146e+05 3.005907e+02 4.044402e+04 5.187610e+07
<GCONST> 7.011549e+01
<MIXTURE> 10 9.544198e-02
<MEAN> 6
 7.840574e+01 -8.325955e+02 1.564826e+01 -1.225320e+00 -1.523703e+01 -2.302506e+02
<VARIANCE> 6
 4.395005e+01 6.756043e+04 7.131312e+04 3.005907e+02 4.044402e+04 5.187610e+07
<GCONST> 7.118372e+01
<STATE> 4
<NUMMIXES> 10
<MIXTURE> 1 7.596332e-02
<MEAN> 6
 7.143388e+01 5.775586e+02 7.087650e+02 -2.488691e-01 -5.675182e+00 -9.001463e+01
<VARIANCE> 6
 3.175529e+01 2.497600e+04 6.810335e+05 3.005907e+02 4.044402e+04 5.187610e+07
<GCONST> 7.212015e+01
<MIXTURE> 2 9.537789e-02
<MEAN> 6
 5.880711e+01 4.268787e+02 -3.107192e+03 8.455777e-01 -2.610552e+00 -8.118923e+01
<VARIANCE> 6
 3.175529e+01 6.637799e+04 1.861195e+06 3.005907e+02 4.044402e+04 5.187610e+07
<GCONST> 7.410297e+01
<MIXTURE> 3 1.194179e-01
<MEAN> 6
 6.109286e+01 8.969637e+01 -1.666927e+01 -4.134939e-01 -2.968647e+00 -1.370714e+02
<VARIANCE> 6
 7.391994e+01 1.324029e+04 1.452202e+05 3.005907e+02 4.044402e+04 5.187610e+07
<GCONST> 7.078506e+01
<MIXTURE> 4 1.426710e-01
<MEAN> 6
 6.116861e+01 -3.073274e+02 -5.434376e+02 4.927566e-02 -3.624531e-01 -7.770303e+01
<VARIANCE> 6
 3.175529e+01 5.278318e+04 2.236928e+05 3.005907e+02 4.044402e+04 5.187610e+07
<GCONST> 7.175509e+01
<MIXTURE> 5 7.352825e-02
<MEAN> 6
 7.133576e+01 8.302504e+02 1.795126e+02 -5.754602e-01 8.776703e-01 -5.685510e+01
<VARIANCE> 6
 3.175529e+01 1.516872e+05 2.631360e+04 3.005907e+02 4.044402e+04 5.187610e+07
<GCONST> 7.067053e+01
<MIXTURE> 6 1.139835e-01
<MEAN> 6
 7.438137e+01 5.260468e+01 -5.129424e+03 -5.897068e-01 -4.073058e+00 -5.949920e+01
<VARIANCE> 6
 3.175529e+01 1.623627e+05 8.672099e+06 3.005907e+02 4.044402e+04 5.187610e+07
<GCONST> 7.653632e+01
<MIXTURE> 7 1.003357e-01
<MEAN> 6
 7.058832e+01 5.055671e+02 -5.673470e+02 -2.520083e-01 -4.907137e+00 -1.111967e+02
<VARIANCE> 6
 3.175529e+01 2.135059e+05 1.471521e+05 3.005907e+02 4.044402e+04 5.187610e+07
<GCONST> 7.273376e+01
<MIXTURE> 8 1.009992e-01
<MEAN> 6
 7.098543e+01 3.886741e+02 -8.121828e+01 -5.156357e-01 -3.162683e+00 -7.087257e+01
<VARIANCE> 6
 3.175529e+01 3.459246e+04 1.955913e+05 3.005907e+02 4.044402e+04 5.187610e+07
<GCONST> 7.119829e+01
<MIXTURE> 9 1.070100e-01
<MEAN> 6
 7.012502e+01 4.342079e+02 -6.201069e+02 -1.914133e-01 -4.042451e+00 -1.174008e+02
<VARIANCE> 6
 3.175529e+01 1.877577e+05 1.690786e+05 3.005907e+02 4.044402e+04 5.187610e+07
<GCONST> 7.274414e+01
<MIXTURE> 10 7.055050e-02
<MEAN> 6
 7.015901e+01 7.232820e+02 1.105422e+02 -9.989440e-01 -1.243559e+01 -2.282283e+02
<VARIANCE> 6
 3.175529e+01 1.771489e+05 3.348062e+04 3.005907e+02 4.044402e+04 5.187610e+07
<GCONST> 7.106658e+01
<STATE> 5
<NUMMIXES> 10
<MIXTURE> 1 8.868746e-02
<MEAN> 6
 1.019304e+01 3.479160e+02 1.140776e+03 -8.370381e+01 1.782216e+02 4.983137e+03
<VARIANCE> 6
 3.116373e+03 1.270150e+06 7.163820e+06 5.472770e+04 1.895169e+06 6.533854e+08
<GCONST> 9.457351e+01
<MIXTURE> 2 9.351757e-02
<MEAN> 6
 -3.671959e+01 1.725275e+02 1.048724e+02 2.976313e+01 7.793252e+02 6.649312e+02
<VARIANCE> 6
 2.033610e+02 4.241473e+05 3.339115e+05 2.874889e+04 1.698246e+05 1.144633e+08
<GCONST> 8.288335e+01
<MIXTURE> 3 8.271012e-02
<MEAN> 6
 8.427740e+01 -1.771186e+02 4.346885e+02 -8.086468e+00 -9.597528e+01 -2.312692e+02
<VARIANCE> 6
 1.509114e+02 7.238330e+05 1.437846e+06 3.568098e+02 4.263314e+04 5.187610e+07
<GCONST> 7.801688e+01
<MIXTURE> 4 1.099767e-01
<MEAN> 6
 2.802532e+01 1.178477e+02 8.668945e+01 7.323172e+01 -1.729775e+02 -9.271558e+02
<VARIANCE> 6
 5.659434e+02 5.675054e+05 1.423402e+06 3.565409e+04 6.237628e+04 5.187610e+07
<GCONST> 8.407024e+01
<MIXTURE> 5 9.768070e-02
<MEAN> 6
 -5.693203e+01 -6.213684e+00 1.154866e+02 1.712236e+01 2.638552e+02 -1.069310e+02
<VARIANCE> 6
 1.149620e+02 6.288678e+05 1.581526e+06 9.312814e+02 8.864723e+04 5.187610e+07
<GCONST> 7.939079e+01
<MIXTURE> 6 1.101474e-01
<MEAN> 6
 6.455005e+01 -3.440153e+02 1.698022e+02 -2.399128e+01 -8.351488e+02 1.584431e+02
<VARIANCE> 6
 6.216560e+02 3.036298e+06 3.720332e+05 3.403458e+04 3.910067e+05 1.913086e+08
<GCONST> 8.759355e+01
<MIXTURE> 7 9.008001e-02
<MEAN> 6
 7.162687e+01 7.235286e+01 2.493243e+02 2.631129e+01 -5.308829e+02 6.704561e+02
<VARIANCE> 6
 2.371144e+02 5.715399e+05 6.791504e+05 1.734012e+04 1.134014e+05 5.187610e+07
<GCONST> 8.234432e+01
<MIXTURE> 8 1.440593e-01
<MEAN> 6
 1.166105e-01 1.965739e+01 2.388613e+00 -1.345356e+01 7.595316e+01 -7.100374e+02
<VARIANCE> 6
 3.481945e+02 8.325625e+05 2.823196e+05 4.846152e+04 1.070474e+05 7.398497e+07
<GCONST> 8.355200e+01
<MIXTURE> 9 9.226599e-02
<MEAN> 6
 -4.683259e+01 -7.377713e+01 1.446995e+01 1.142914e+01 1.115326e+03 -2.497091e+03
<VARIANCE> 6
 2.113933e+02 9.306066e+05 5.976609e+05 2.275392e+04 3.474144e+05 1.721362e+08
<GCONST> 8.517992e+01
<MIXTURE> 10 9.013000e-02
<MEAN> 6
 6.682986e+01 -1.541743e+02 -2.560360e+01 -2.709098e+01 -6.680881e+02 -1.177655e+03
<VARIANCE> 6
 2.340919e+02 5.354754e+05 6.340205e+05 2.150000e+04 1.143608e+05 5.187610e+07
<GCONST> 8.242101e+01
<STATE> 6
<NUMMIXES> 10
<MIXTURE> 1 1.706843e-01
<MEAN> 6
 8.293217e+01 1.497745e+03 -1.014358e+03 -4.246282e+00 -1.196658e+00 1.817799e+02
<VARIANCE> 6
 2.576410e+02 7.783576e+05 2.228255e+06 3.005907e+02 4.044402e+04 5.187610e+07
<GCONST> 7.883829e+01
<MIXTURE> 2 7.072350e-02
<MEAN> 6
 9.634709e+01 -8.946076e+02 -7.816244e+03 -5.577101e+00 4.067337e+00 1.354574e+02
<VARIANCE> 6
 1.632176e+02 7.217650e+04 4.513708e+06 3.005907e+02 4.044402e+04 5.187610e+07
<GCONST> 7.670963e+01
<MIXTURE> 3 1.014541e-01
<MEAN> 6
 9.150750e+01 5.665575e+02 -4.052150e+01 -4.008187e+00 -4.220225e+00 2.241881e+02
<VARIANCE> 6
 3.175529e+01 2.690704e+05 2.397613e+06 3.005907e+02 4.044402e+04 5.187610e+07
<GCONST> 7.575583e+01
<MIXTURE> 4 4.592127e-02
<MEAN> 6
 7.449843e+01 -5.262196e+02 2.933958e+03 -2.903911e+00 -7.630378e+00 1.678132e+02
<VARIANCE> 6
 7.553061e+01 9.163912e+04 1.504825e+05 3.005907e+02 4.044402e+04 5.187610e+07
<GCONST> 7.277681e+01
<MIXTURE> 5 9.773947e-02
<MEAN> 6
 1.072501e+02 8.798104e+02 -7.670452e+02 -6.058594e+00 -6.450825e-01 2.573805e+02
<VARIANCE> 6
 3.768000e+01 4.138929e+05 1.165164e+05 3.005907e+02 4.044402e+04 5.187610e+07
<GCONST> 7.333334e+01
<MIXTURE> 6 1.284424e-01
<MEAN> 6
 9.385491e+01 -2.851341e+02 -1.087243e+03 -5.016233e+00 -6.689729e+00 1.357357e+02
<VARIANCE> 6
 3.196371e+01 1.595815e+05 6.689242e+05 3.005907e+02 4.044402e+04 5.187610e+07
<GCONST> 7.396339e+01
<MIXTURE> 7 9.248231e-02
<MEAN> 6
 8.432060e+01 -9.470427e+02 5.313320e+02 -3.705542e+00 -1.041039e+00 1.343164e+02
<VARIANCE> 6
 3.500023e+01 6.668857e+04 8.941372e+05 3.005907e+02 4.044402e+04 5.187610e+07
<GCONST> 7.347181e+01
<MIXTURE> 8 9.269108e-02
<MEAN> 6
 8.814560e+01 -5.297633e+03 9.173393e+00 -6.730524e+00 7.966792e+00 5.669828e+01
<VARIANCE> 6
 6.766348e+01 6.136970e+06 1.431534e+06 3.005907e+02 4.044402e+04 5.187610e+07
<GCONST> 7.912370e+01
<MIXTURE> 9 1.082689e-01
<MEAN> 6
 9.015245e+01 2.740211e+02 -9.617394e+02 -3.248889e+00 -1.698815e+00 1.245715e+02
<VARIANCE> 6
 3.175529e+01 7.510487e+04 3.748295e+06 3.005907e+02 4.044402e+04 5.187610e+07
<GCONST> 7.492657e+01
<MIXTURE> 10 9.154597e-02
<MEAN> 6
 8.178750e+01 -1.088714e+03 2.250473e+02 -4.516447e+00 -6.299488e+00 7.953284e+01
<VARIANCE> 6
 3.644513e+01 7.570699e+04 8.379109e+05 3.005907e+02 4.044402e+04 5.187610e+07
<GCONST> 7.357416e+01
<STATE> 7
<NUMMIXES> 10
<MIXTURE> 1 1.572550e-01
<MEAN> 6
 7.709835e+01 3.097720e+02 2.975923e+02 -3.031325e+00 -5.074238e+00 5.214287e+01
<VARIANCE> 6
 3.175529e+01 1.786596e+05 8.955805e+04 3.005907e+02 4.044402e+04 5.187610e+07
<GCONST> 7.205899e+01
<MIXTURE> 2 9.353674e-02
<MEAN> 6
 6.695602e+01 1.964222e+02 3.205759e+01 2.392297e-01 -4.849018e+00 -5.854700e+01
<VARIANCE> 6
 3.175529e+01 4.215440e+04 1.502976e+04 3.005907e+02 4.044402e+04 5.187610e+07
<GCONST> 6.882999e+01
<MIXTURE> 3 9.543134e-02
<MEAN> 6
 5.809544e+01 5.887382e+02 4.390042e+01 6.289573e-01 2.012963e+00 -1.091829e+02
<VARIANCE> 6
 3.175529e+01 4.182026e+04 1.445127e+04 3.005907e+02 4.044402e+04 5.187610e+07
<GCONST> 6.878278e+01
<MIXTURE> 4 4.362231e-02
<MEAN> 6
 6.389320e+01 1.540714e+03 5.752521e+02 -1.919268e+00 5.817255e+00 3.926669e+01
<VARIANCE> 6
 3.175529e+01 1.038282e+06 1.445127e+04 3.005907e+02 4.044402e+04 5.187610e+07
<GCONST> 7.199473e+01
<MIXTURE> 5 1.124657e-01
<MEAN> 6
 7.470839e+01 1.016084e+03 -2.982621e+02 -1.663249e+00 -4.853808e+00 6.113558e+01
<VARIANCE> 6
 3.175529e+01 1.386783e+05 9.003185e+04 3.005907e+02 4.044402e+04 5.187610e+07
<GCONST> 7.181094e+01
<MIXTURE> 6 1.305235e-01
<MEAN> 6
 6.966241e+01 -8.855439e+02 -6.431572e+01 -1.725275e+00 -1.601702e-01 -1.564211e+01
<VARIANCE> 6
 4.508094e+01 5.187837e+05 2.546991e+04 3.005907e+02 4.044402e+04 5.187610e+07
<GCONST> 7.221801e+01
<MIXTURE> 7 1.049854e-01
<MEAN> 6
 7.683556e+01 9.089890e+01 -2.664707e+02 -2.139595e+00 -6.823983e+00 2.582143e+01
<VARIANCE> 6
 3.175529e+01 7.404634e+04 3.407658e+05 3.005907e+02 4.044402e+04 5.187610e+07
<GCONST> 7.251451e+01
<MIXTURE> 8 7.323381e-02
<MEAN> 6
 7.545439e+01 7.047802e+02 -3.252325e+02 -1.656182e+00 -6.736092e+00 4.200336e+01
<VARIANCE> 6
 3.175529e+01 2.513214e+05 1.167343e+05 3.005907e+02 4.044402e+04 5.187610e+07
<GCONST> 7.266526e+01
<MIXTURE> 9 9.492969e-02
<MEAN> 6
 5.894888e+01 5.331931e+02 4.850652e+01 6.110525e-01 9.966756e-01 -1.167065e+02
<VARIANCE> 6
 3.175529e+01 3.168311e+04 1.445127e+04 3.005907e+02 4.044402e+04 5.187610e+07
<GCONST> 6.850519e+01
<MIXTURE> 10 9.395740e-02
<MEAN> 6
 6.554443e+01 1.406632e+02 -8.102621e+00 -4.987419e-01 -1.363115e+01 -2.482689e+02
<VARIANCE> 6
 3.175529e+01 4.265886e+04 1.481371e+04 3.005907e+02 4.044402e+04 5.187610e+07
<GCONST> 6.882742e+01
<STATE> 8
<NUMMIXES> 10
<MIXTURE> 1 1.047861e-01
<MEAN> 6
 2.107705e+01 7.059333e+01 7.006828e+01 1.592004e+02 -7.788853e+01 -1.744561e+03
<VARIANCE> 6
 6.855939e+02 9.036288e+04 7.241245e+04 4.457437e+03 8.566377e+04 5.187610e+07
<GCONST> 7.768415e+01
<MIXTURE> 2 6.584756e-02
<MEAN> 6
 -3.244385e+01 1.273589e+02 4.800891e+01 -8.287215e+01 9.131883e+02 2.019249e+03
<VARIANCE> 6
 3.300483e+02 1.512000e+05 1.156007e+05 2.229347e+04 5.267955e+05 3.295909e+08
<GCONST> 8.321074e+01
<MIXTURE> 3 8.865269e-02
<MEAN> 6
 6.395597e+01 7.884673e+01 4.450443e+01 -1.807209e+01 -6.166566e+02 1.084002e+03
<VARIANCE> 6
 2.771385e+02 1.241644e+05 2.060653e+04 1.836540e+04 2.866311e+05 1.287461e+08
<GCONST> 7.937203e+01
<MIXTURE> 4 1.115280e-01
<MEAN> 6
 6.951801e+01 -1.439088e+02 3.052139e+01 -7.189457e+00 -5.473165e+01 -9.485031e+00
<VARIANCE> 6
 7.061812e+01 1.612336e+05 5.342177e+04 3.005907e+02 4.044402e+04 5.187610e+07
<GCONST> 7.223892e+01
<MIXTURE> 5 1.025096e-01
<MEAN> 6
 -4.061755e+01 -1.105682e+01 -6.699921e+00 4.498750e+01 7.916652e+02 -2.195023e+03
<VARIANCE> 6
 1.595143e+02 5.806143e+04 2.696730e+04 1.363336e+04 1.709327e+05 6.535852e+07
<GCONST> 7.683573e+01
<MIXTURE> 6 1.425488e-01
<MEAN> 6
 4.015618e+00 -3.717781e+01 6.818204e+01 -1.695024e+02 9.346342e+01 2.738525e+03
<VARIANCE> 6
 4.893831e+02 1.317586e+05 3.609724e+04 7.557957e+03 1.475344e+05 1.045098e+08
<GCONST> 7.880007e+01
<MIXTURE> 7 8.849648e-02
<MEAN> 6
 7.360710e+01 -4.927222e+02 -2.074203e+01 -7.109663e+00 -4.029777e+02 2.696324e+02
<VARIANCE> 6
 2.346863e+02 6.592791e+05 1.457724e+05 5.538117e+03 1.423621e+05 5.187610e+07
<GCONST> 8.002412e+01
<MIXTURE> 8 9.553389e-02
<MEAN> 6
 -3.405809e+01 4.661159e+01 -6.295488e+01 1.845059e+01 2.602505e+02 2.576120e+01
<VARIANCE> 6
 1.341485e+02 1.082202e+05 9.100570e+04 2.158870e+03 5.423339e+04 5.187610e+07
<GCONST> 7.527957e+01
<MIXTURE> 9 1.122032e-01
<MEAN> 6
 2.343159e+01 -1.465434e+02 -5.396476e+01 1.408111e+02 -6.882959e+01 -1.010537e+03
<VARIANCE> 6
 7.062938e+02 1.352052e+05 3.669948e+04 3.113577e+03 6.303953e+04 5.187610e+07
<GCONST> 7.677177e+01
<MIXTURE> 10 8.754322e-02
<MEAN> 6
 5.971003e+01 -3.127171e+01 -1.038829e+00 -6.649747e+01 -7.584684e+02 -1.130276e+03
<VARIANCE> 6
 3.160822e+02 1.234951e+05 1.946122e+04 1.938333e+04 3.137678e+05 1.465120e+08
<GCONST> 7.971460e+01
<TRANSP> 9
 0.000000e+00 1.000000e+00 0.000000e+00 0.000000e+00 0.000000e+00 0.000000e+00 0.000000e+00 0.000000e+00 0.000000e+00
 0.000000e+00 9.994991e-01 5.008645e-04 0.000000e+00 0.000000e+00 0.000000e+00 0.000000e+00 0.000000e+00 0.000000e+00
 0.000000e+00 0.000000e+00 9.991786e-01 8.213525e-04 0.000000e+00 0.000000e+00 0.000000e+00 0.000000e+00 0.000000e+00
 0.000000e+00 0.000000e+00 0.000000e+00 9.995809e-01 4.191340e-04 0.000000e+00 0.000000e+00 0.000000e+00 0.000000e+00
 0.000000e+00 0.000000e+00 0.000000e+00 0.000000e+00 9.999279e-01 7.202905e-05 0.000000e+00 0.000000e+00 0.000000e+00
 0.000000e+00 0.000000e+00 0.000000e+00 0.000000e+00 0.000000e+00 9.991629e-01 8.371270e-04 0.000000e+00 0.000000e+00
 0.000000e+00 0.000000e+00 0.000000e+00 0.000000e+00 0.000000e+00 0.000000e+00 9.991610e-01 8.390143e-04 0.000000e+00
 0.000000e+00 0.000000e+00 0.000000e+00 0.000000e+00 0.000000e+00 0.000000e+00 0.000000e+00 9.998099e-01 1.900729e-04
 0.000000e+00 0.000000e+00 0.000000e+00 0.000000e+00 0.000000e+00 0.000000e+00 0.000000e+00 0.000000e+00 0.000000e+00
<ENDHMM>
~h "QuintoPRIMARIA"
<BEGINHMM>
<NUMSTATES> 9
<STATE> 2
<NUMMIXES> 10
<MIXTURE> 1 9.424672e-02
<MEAN> 6
 8.290962e+01 3.450598e+02 1.190450e+03 -1.462740e+00 -2.617651e+01 -2.503184e+02
<VARIANCE> 6
 1.539476e+02 1.489896e+05 4.908560e+06 3.005907e+02 4.044402e+04 5.187610e+07
<GCONST> 7.745979e+01
<MIXTURE> 2 6.721928e-02
<MEAN> 6
 -1.808471e+00 -9.283341e+02 -1.295525e+03 -1.624817e+02 4.674371e+02 5.826688e+03
<VARIANCE> 6
 2.999999e+03 1.254409e+07 4.698296e+06 3.651396e+04 2.799538e+06 1.058453e+09
<GCONST> 9.687159e+01
<MIXTURE> 3 9.322689e-02
<MEAN> 6
 -3.667091e+01 -1.175578e+02 8.665487e+01 9.921626e+01 5.979322e+02 -2.003411e+03
<VARIANCE> 6
 3.865825e+02 5.079919e+05 2.525357e+06 3.086437e+04 2.125362e+05 6.195027e+07
<GCONST> 8.541079e+01
<MIXTURE> 4 1.373581e-01
<MEAN> 6
 3.472713e+01 -2.156028e+02 4.861542e+02 5.014482e+01 -3.422773e+02 -1.527045e+03
<VARIANCE> 6
 8.862564e+02 3.012739e+05 2.647361e+06 3.634631e+04 1.335796e+05 5.187610e+07
<GCONST> 8.528679e+01
<MIXTURE> 5 1.521214e-01
<MEAN> 6
 6.058778e+01 -8.874394e+01 -2.495941e+01 4.653498e-01 -9.462992e+00 -1.360798e+02
<VARIANCE> 6
 4.057846e+01 2.844083e+04 1.341155e+05 3.005907e+02 4.044402e+04 5.187610e+07
<GCONST> 7.087033e+01
<MIXTURE> 6 7.390434e-02
<MEAN> 6
 6.987339e+01 -1.655452e+01 7.959987e+00 8.368480e-01 -6.176111e+00 -4.085681e+01
<VARIANCE> 6
 9.693098e+01 8.613591e+05 3.687548e+05 3.005907e+02 4.044402e+04 5.187610e+07
<GCONST> 7.616321e+01
<MIXTURE> 7 1.069061e-01
<MEAN> 6
 6.020255e+01 -2.169103e+01 -8.373216e+02 -6.748569e+01 -8.181951e+02 1.169771e+03
<VARIANCE> 6
 9.856597e+02 4.763336e+05 9.115667e+06 4.040537e+04 5.963438e+05 3.014243e+08
<GCONST> 9.044928e+01
<MIXTURE> 8 9.939731e-02
<MEAN> 6
 6.265845e+01 1.006800e+02 -9.356512e+02 1.093835e+00 -1.912212e+01 -8.164602e+01
<VARIANCE> 6
 1.006794e+02 2.258904e+05 4.378784e+06 3.005907e+02 4.044402e+04 5.187610e+07
<GCONST> 7.733708e+01
<MIXTURE> 9 1.007076e-01
<MEAN> 6
 -6.696083e+01 -1.957337e+02 -2.056558e+02 9.366346e+00 5.481021e+02 -5.503673e+02
<VARIANCE> 6
 1.226394e+02 1.790176e+05 2.635750e+06 5.712917e+03 3.300375e+05 9.461338e+07
<GCONST> 8.243919e+01
<MIXTURE> 10 7.434778e-02
<MEAN> 6
 6.601437e+01 -4.011229e+02 -2.155602e+02 -3.796127e-01 -2.276131e+01 -2.339050e+02
<VARIANCE> 6
 9.980222e+01 7.445754e+05 4.424180e+05 3.005907e+02 4.044402e+04 5.187610e+07
<GCONST> 7.622883e+01
<STATE> 3
<NUMMIXES> 10
<MIXTURE> 1 9.030060e-02
<MEAN> 6
 8.337465e+01 -7.990201e+00 6.139552e+00 -1.310448e+01 -9.848574e+01 -5.294446e+02
<VARIANCE> 6
 1.070203e+02 7.916328e+04 8.740787e+04 4.194550e+02 4.251516e+04 5.187610e+07
<GCONST> 7.281883e+01
<MIXTURE> 2 4.417637e-02
<MEAN> 6
 4.324570e+01 -1.113643e+02 -4.507985e+01 -4.311634e+01 -6.436988e+02 4.302008e+03
<VARIANCE> 6
 2.217889e+03 8.491699e+05 1.427643e+06 6.596202e+04 2.863303e+06 1.580663e+09
<GCONST> 9.370055e+01
<MIXTURE> 3 9.310428e-02
<MEAN> 6
 -3.718299e+01 2.607931e+00 1.154268e+02 7.456099e+01 9.491639e+02 -1.830565e+03
<VARIANCE> 6
 2.907411e+02 1.393396e+05 1.559738e+05 3.091865e+04 1.777175e+05 9.470692e+07
<GCONST> 8.129517e+01
<MIXTURE> 4 1.216896e-01
<MEAN> 6
 1.283705e+01 -1.044948e+02 1.312970e+02 1.539330e+02 3.075886e+01 -3.011340e+03
<VARIANCE> 6
 6.144200e+02 1.630718e+05 2.100372e+05 2.184533e+04 1.382705e+05 5.187610e+07
<GCONST> 8.129800e+01
<MIXTURE> 5 8.429638e-02
<MEAN> 6
 6.381922e+01 5.244428e+01 2.362356e+01 4.202509e+01 -3.619059e+02 5.042148e+02
<VARIANCE> 6
 3.953656e+02 5.165398e+04 3.473934e+04 2.041955e+04 1.524396e+05 5.187610e+07
<GCONST> 7.793816e+01
<MIXTURE> 6 1.361648e-01
<MEAN> 6
 -5.165250e+01 -3.924123e+01 2.443720e+01 2.691554e+01 3.623382e+02 7.032970e+01
<VARIANCE> 6
 2.330950e+02 5.671436e+04 6.928068e+04 2.284278e+03 9.489288e+04 5.187610e+07
<GCONST> 7.552909e+01
<MIXTURE> 7 1.517160e-01
<MEAN> 6
 7.118211e+01 6.492886e+01 -1.162523e+02 -1.455133e+01 -8.915881e+02 -1.418834e+02
<VARIANCE> 6
 4.080345e+02 3.290502e+05 1.604898e+05 2.770591e+04 4.167822e+05 1.694720e+08
<GCONST> 8.384648e+01
<MIXTURE> 8 1.152706e-01
<MEAN> 6
 4.445207e+00 -2.447620e+01 -2.953320e+01 -1.504103e+02 -3.013670e+00 3.407377e+03
<VARIANCE> 6
 4.430452e+02 5.628874e+04 6.644959e+04 3.729633e+04 3.011995e+05 2.202747e+08
<GCONST> 8.151595e+01
<MIXTURE> 9 7.834988e-02
<MEAN> 6
 -4.752326e+01 -1.472970e+02 9.661598e+00 -9.304095e+01 1.358608e+03 1.024085e+03
<VARIANCE> 6
 2.997036e+02 1.698705e+05 1.393651e+05 2.485814e+04 5.950600e+05 4.444149e+08
<GCONST> 8.394733e+01
<MIXTURE> 10 8.440132e-02
<MEAN> 6
 5.832396e+01 -3.403560e+01 -3.564387e+01 -9.700045e+00 -5.233648e+02 -1.343184e+03
<VARIANCE> 6
 3.929076e+02 5.135332e+04 3.723417e+04 2.523580e+04 1.643964e+05 5.187610e+07
<GCONST> 7.828273e+01
<STATE> 4
<NUMMIXES> 10
<MIXTURE> 1 6.733206e-02
<MEAN> 6
 1.013179e+02 -4.022021e+01 3.172805e+03 -4.304848e+00 -2.654924e+00 5.470728e+01
<VARIANCE> 6
 3.175529e+01 1.324029e+04 1.721725e+05 3.005907e+02 4.044402e+04 5.187610e+07
<GCONST> 7.011038e+01
<MIXTURE> 2 7.702184e-02
<MEAN> 6
 1.074832e+02 5.814962e+02 5.627671e+01 -7.798723e+00 -7.380210e+00 2.144541e+02
<VARIANCE> 6
 9.897201e+01 1.324029e+04 2.184759e+05 3.005907e+02 4.044402e+04 5.187610e+07
<GCONST> 7.148534e+01
<MIXTURE> 3 9.796015e-02
<MEAN> 6
 9.771508e+01 8.025441e+02 4.283738e+01 -3.966082e+00 9.452944e-01 -6.827290e+01
<VARIANCE> 6
 3.175529e+01 2.742883e+04 1.445127e+04 3.005907e+02 4.044402e+04 5.187610e+07
<GCONST> 6.836100e+01
<MIXTURE> 4 1.562033e-01
<MEAN> 6
 8.313026e+01 -4.177320e+02 2.065345e+03 -1.718715e+00 -3.663098e+00 2.025369e+01
<VARIANCE> 6
 3.175529e+01 1.324029e+04 3.798192e+05 3.005907e+02 4.044402e+04 5.187610e+07
<GCONST> 7.090158e+01
<MIXTURE> 5 8.833008e-02
<MEAN> 6
 9.858778e+01 2.445676e+02 -6.792868e+01 -7.825845e+00 1.359822e+01 3.715439e+02
<VARIANCE> 6
 3.175529e+01 1.062353e+05 1.686528e+05 3.005907e+02 4.044402e+04 5.187610e+07
<GCONST> 7.217213e+01
<MIXTURE> 6 1.168207e-01
<MEAN> 6
 9.306667e+01 2.332175e+02 2.340851e+02 -6.446606e+00 1.356446e+01 -8.252893e+01
<VARIANCE> 6
 3.175529e+01 6.773469e+04 2.516793e+04 3.005907e+02 4.044402e+04 5.187610e+07
<GCONST> 6.981979e+01
<MIXTURE> 7 9.092934e-02
<MEAN> 6
 9.982256e+01 -6.331463e+01 -3.826802e+01 -6.150243e+00 6.864225e+00 3.504998e+02
<VARIANCE> 6
 3.175529e+01 6.885781e+04 1.980392e+04 3.005907e+02 4.044402e+04 5.187610e+07
<GCONST> 6.959655e+01
<MIXTURE> 8 1.341233e-01
<MEAN> 6
 9.167860e+01 4.155122e+02 2.465092e+03 -1.048548e+00 5.872333e+00 2.327598e+01
<VARIANCE> 6
 3.175529e+01 2.195393e+04 3.420834e+05 3.005907e+02 4.044402e+04 5.187610e+07
<GCONST> 7.130263e+01
<MIXTURE> 9 8.106066e-02
<MEAN> 6
 7.782284e+01 -7.191434e+02 3.113121e+03 -1.822461e+00 -7.748780e-01 -3.144826e+01
<VARIANCE> 6
 3.175529e+01 2.543024e+04 6.479616e+04 3.005907e+02 4.044402e+04 5.187610e+07
<GCONST> 6.978581e+01
<MIXTURE> 10 9.019652e-02
<MEAN> 6
 9.914996e+01 -1.090378e+02 -8.033120e+01 -6.162902e+00 -2.162689e+01 -8.979651e+01
<VARIANCE> 6
 3.175529e+01 6.024937e+04 2.385868e+04 3.005907e+02 4.044402e+04 5.187610e+07
<GCONST> 6.964926e+01
<STATE> 5
<NUMMIXES> 10
<MIXTURE> 1 1.380972e-01
<MEAN> 6
 7.974208e+01 1.831647e+03 9.435074e+01 -5.468981e+00 -8.033089e-01 1.016166e+02
<VARIANCE> 6
 3.175529e+01 3.053225e+05 1.904965e+05 3.005907e+02 4.044402e+04 5.187610e+07
<GCONST> 7.334962e+01
<MIXTURE> 2 1.125565e-01
<MEAN> 6
 8.864279e+01 4.377242e+02 -1.339221e+03 -8.097985e-01 -6.257995e+00 -8.202295e+01
<VARIANCE> 6
 3.175529e+01 3.012674e+04 1.445127e+04 3.005907e+02 4.044402e+04 5.187610e+07
<GCONST> 6.845482e+01
<MIXTURE> 3 8.638173e-02
<MEAN> 6
 8.439569e+01 3.477589e+02 -2.173874e+02 -2.136452e+00 -1.015516e+01 1.089262e+02
<VARIANCE> 6
 3.175529e+01 1.678943e+05 1.703922e+04 3.005907e+02 4.044402e+04 5.187610e+07
<GCONST> 7.033747e+01
<MIXTURE> 4 1.208791e-01
<MEAN> 6
 8.544225e+01 -5.890044e+01 -2.593480e+02 -4.004097e-01 4.261189e+00 4.606702e+01
<VARIANCE> 6
 3.175529e+01 3.243171e+04 1.445127e+04 3.005907e+02 4.044402e+04 5.187610e+07
<GCONST> 6.852854e+01
<MIXTURE> 5 1.112117e-01
<MEAN> 6
 8.147879e+01 -9.334875e+01 -5.838298e+02 -1.841487e+00 -2.464731e+01 2.537032e+02
<VARIANCE> 6
 3.175529e+01 4.402539e+04 2.760257e+04 3.005907e+02 4.044402e+04 5.187610e+07
<GCONST> 6.948130e+01
<MIXTURE> 6 8.665624e-02
<MEAN> 6
 8.456164e+01 2.020368e+02 -1.954415e+02 -1.179053e+00 -1.032969e+01 2.501745e+01
<VARIANCE> 6
 3.175529e+01 1.238439e+05 1.445127e+04 3.005907e+02 4.044402e+04 5.187610e+07
<GCONST> 6.986843e+01
<MIXTURE> 7 5.421147e-02
<MEAN> 6
 9.083960e+01 7.485685e+02 -2.669089e+03 -3.358969e+00 3.459931e+00 9.724599e+00
<VARIANCE> 6
 3.175529e+01 1.324029e+04 6.969628e+04 3.005907e+02 4.044402e+04 5.187610e+07
<GCONST> 6.920603e+01
<MIXTURE> 8 8.458970e-02
<MEAN> 6
 8.454407e+01 2.839834e+02 -2.376852e+02 -1.821798e+00 -9.272161e+00 9.025025e+01
<VARIANCE> 6
 3.175529e+01 1.660975e+05 1.445776e+04 3.005907e+02 4.044402e+04 5.187610e+07
<GCONST> 7.016243e+01
<MIXTURE> 9 8.336964e-02
<MEAN> 6
 8.473441e+01 5.928077e+01 -2.248191e+02 -4.841074e-01 -7.780810e+00 -9.149664e+00
<VARIANCE> 6
 3.175529e+01 7.391447e+04 1.445127e+04 3.005907e+02 4.044402e+04 5.187610e+07
<GCONST> 6.935232e+01
<MIXTURE> 10 1.220192e-01
<MEAN> 6
 8.424384e+01 -1.416070e+02 -3.108719e+02 -9.697704e-01 -5.549202e+00 -8.109497e+01
<VARIANCE> 6
 3.175529e+01 3.039189e+04 1.445127e+04 3.005907e+02 4.044402e+04 5.187610e+07
<GCONST> 6.846358e+01
<STATE> 6
<NUMMIXES> 10
<MIXTURE> 1 7.041460e-02
<MEAN> 6
 7.053825e+01 3.537781e+03 -6.544866e+02 -1.132996e+00 -7.456700e-01 -7.411573e+01
<VARIANCE> 6
 3.175529e+01 1.689937e+06 1.445127e+04 3.005907e+02 4.044402e+04 5.187610e+07
<GCONST> 7.248185e+01
<MIXTURE> 2 1.503597e-01
<MEAN> 6
 6.892635e+01 1.445737e+03 1.197548e+03 -2.619474e-01 -3.706235e+00 -3.263256e+01
<VARIANCE> 6
 5.352753e+01 2.721281e+05 2.573927e+04 3.005907e+02 4.044402e+04 5.187610e+07
<GCONST> 7.175505e+01
<MIXTURE> 3 6.408327e-02
<MEAN> 6
 5.276846e+01 1.308607e+03 2.722272e+03 -2.852375e+00 8.992568e+00 9.394845e+01
<VARIANCE> 6
 3.175529e+01 1.232073e+06 1.290801e+05 3.005907e+02 4.044402e+04 5.187610e+07
<GCONST> 7.435551e+01
<MIXTURE> 4 8.306020e-02
<MEAN> 6
 7.513845e+01 1.238438e+03 -1.473617e+03 -2.102298e+00 -1.031990e+01 -1.764294e+02
<VARIANCE> 6
 3.175529e+01 1.324029e+04 1.073486e+05 3.005907e+02 4.044402e+04 5.187610e+07
<GCONST> 6.963797e+01
<MIXTURE> 5 1.482460e-01
<MEAN> 6
 6.660263e+01 1.327088e+03 -5.958474e+02 -3.353563e-01 -4.357308e+00 -1.071671e+02
<VARIANCE> 6
 3.175529e+01 5.685264e+04 5.485383e+04 3.005907e+02 4.044402e+04 5.187610e+07
<GCONST> 7.042376e+01
<MIXTURE> 6 8.204469e-02
<MEAN> 6
 6.509759e+01 6.106234e+02 4.319861e+02 3.557886e-01 -1.527297e-01 7.804479e+00
<VARIANCE> 6
 5.012705e+01 6.333081e+04 4.190073e+04 3.005907e+02 4.044402e+04 5.187610e+07
<GCONST> 7.071880e+01
<MIXTURE> 7 1.277484e-01
<MEAN> 6
 6.752657e+01 3.989502e+02 -8.013541e+02 -1.362652e+00 -4.459013e+00 -6.722278e+01
<VARIANCE> 6
 3.175529e+01 2.067392e+04 1.210152e+05 3.005907e+02 4.044402e+04 5.187610e+07
<GCONST> 7.020341e+01
<MIXTURE> 8 9.244487e-02
<MEAN> 6
 7.335422e+01 -4.101759e+02 9.735362e+02 -8.160870e-01 -1.430168e-01 3.906006e+01
<VARIANCE> 6
 3.175529e+01 1.324029e+04 1.650452e+04 3.005907e+02 4.044402e+04 5.187610e+07
<GCONST> 6.776552e+01
<MIXTURE> 9 8.943985e-02
<MEAN> 6
 6.646172e+01 1.056783e+03 -1.209623e+03 -8.300730e-01 -5.726493e+00 -4.555714e+01
<VARIANCE> 6
 8.395406e+01 2.162783e+04 1.267629e+05 3.005907e+02 4.044402e+04 5.187610e+07
<GCONST> 7.126714e+01
<MIXTURE> 10 9.214626e-02
<MEAN> 6
 7.339864e+01 -4.259697e+02 9.201516e+02 -1.860813e+00 -9.283707e+00 -9.165552e+01
<VARIANCE> 6
 3.175529e+01 1.324029e+04 1.528880e+04 3.005907e+02 4.044402e+04 5.187610e+07
<GCONST> 6.768901e+01
<STATE> 7
<NUMMIXES> 10
<MIXTURE> 1 1.300586e-01
<MEAN> 6
 7.349970e+01 -2.590403e+01 5.357994e+02 -2.251403e+00 -6.048020e+00 8.842499e+01
<VARIANCE> 6
 3.175529e+01 1.590013e+04 2.589980e+04 3.005907e+02 4.044402e+04 5.187610e+07
<GCONST> 6.839919e+01
<MIXTURE> 2 1.277947e-01
<MEAN> 6
 8.327266e+01 -3.562115e+01 7.057645e+01 -3.863670e+00 -1.137785e+00 7.005185e+01
<VARIANCE> 6
 3.175529e+01 1.324029e+04 1.445127e+04 3.005907e+02 4.044402e+04 5.187610e+07
<GCONST> 6.763267e+01
<MIXTURE> 3 1.366390e-01
<MEAN> 6
 6.702572e+01 1.878885e+02 1.522520e+02 -2.271600e+00 4.485817e+00 -3.288187e+01
<VARIANCE> 6
 3.175529e+01 1.324029e+04 1.445127e+04 3.005907e+02 4.044402e+04 5.187610e+07
<GCONST> 6.763267e+01
<MIXTURE> 4 1.101222e-01
<MEAN> 6
 7.390302e+01 -1.777691e+02 1.531703e+02 -3.958724e+00 7.381317e+00 8.316454e+01
<VARIANCE> 6
 3.175529e+01 1.458493e+05 1.445127e+04 3.005907e+02 4.044402e+04 5.187610e+07
<GCONST> 7.003198e+01
<MIXTURE> 5 1.148120e-01
<MEAN> 6
 6.291831e+01 5.110113e+01 -2.766688e+02 -1.514355e+00 -9.841541e-01 -1.175245e+01
<VARIANCE> 6
 3.175529e+01 1.324029e+04 1.445127e+04 3.005907e+02 4.044402e+04 5.187610e+07
<GCONST> 6.763267e+01
<MIXTURE> 6 8.858769e-02
<MEAN> 6
 7.394679e+01 -5.717119e+02 1.572319e+02 -2.130263e+00 -7.290391e-01 -1.050192e+02
<VARIANCE> 6
 3.175529e+01 1.324029e+04 1.445127e+04 3.005907e+02 4.044402e+04 5.187610e+07
<GCONST> 6.763267e+01
<MIXTURE> 7 6.953209e-02
<MEAN> 6
 8.471973e+01 -1.913657e+02 6.928209e+01 -3.644330e+00 5.649071e+00 9.455542e+01
<VARIANCE> 6
 3.175529e+01 2.278504e+04 1.445127e+04 3.005907e+02 4.044402e+04 5.187610e+07
<GCONST> 6.817551e+01
<MIXTURE> 8 7.972925e-02
<MEAN> 6
 6.140522e+01 -1.184691e+00 -5.028738e+02 -1.671262e+00 -8.566085e-01 7.155092e-01
<VARIANCE> 6
 3.175529e+01 1.324029e+04 5.473937e+04 3.005907e+02 4.044402e+04 5.187610e+07
<GCONST> 6.896447e+01
<MIXTURE> 9 7.218223e-02
<MEAN> 6
 7.599405e+01 -7.744043e+02 2.684834e+00 -2.306152e-01 -6.825856e-01 -1.072653e+02
<VARIANCE> 6
 3.175529e+01 1.324029e+04 2.096333e+04 3.005907e+02 4.044402e+04 5.187610e+07
<GCONST> 6.800466e+01
<MIXTURE> 10 7.047562e-02
<MEAN> 6
 8.336308e+01 -2.535165e+02 5.534880e+01 -4.611189e+00 -3.562016e+00 -5.609619e+00
<VARIANCE> 6
 3.175529e+01 2.357905e+04 1.445127e+04 3.005907e+02 4.044402e+04 5.187610e+07
<GCONST> 6.820976e+01
<STATE> 8
<NUMMIXES> 10
<MIXTURE> 1 9.159125e-02
<MEAN> 6
 9.366861e+01 -8.089864e+01 5.695088e+02 -4.221696e+00 -3.063560e+01 2.107648e+01
<VARIANCE> 6
 1.496160e+02 1.865926e+06 1.567453e+06 3.005907e+02 4.044402e+04 5.187610e+07
<GCONST> 7.881736e+01
<MIXTURE> 2 2.702558e-02
<MEAN> 6
 -6.558122e+00 1.598749e+02 1.123276e+02 -2.016660e+01 2.624082e+01 4.149443e+03
<VARIANCE> 6
 1.168884e+04 1.997009e+05 4.171067e+05 2.034255e+06 1.112927e+09 1.636581e+12
<GCONST> 1.090189e+02
<MIXTURE> 3 1.166119e-01
<MEAN> 6
 1.444553e+00 1.076347e+02 1.039652e+02 -8.679371e+01 2.277942e+02 2.383566e+03
<VARIANCE> 6
 5.125344e+03 1.251503e+06 6.373949e+05 4.631012e+04 3.419170e+06 2.159002e+09
<GCONST> 9.425515e+01
<MIXTURE> 4 8.660071e-02
<MEAN> 6
 8.313496e+01 2.728508e+02 2.725166e+02 1.050692e+01 -4.934097e+02 1.341050e+03
<VARIANCE> 6
 2.040735e+02 9.305791e+05 4.433725e+05 1.425819e+04 3.452573e+05 1.279829e+08
<GCONST> 8.407601e+01
<MIXTURE> 5 1.491115e-01
<MEAN> 6
 -4.017304e+01 -2.521111e+02 8.326094e+01 6.403676e+01 8.221891e+02 -1.300506e+03
<VARIANCE> 6
 3.239030e+02 1.400258e+06 3.958566e+05 2.841108e+04 2.390859e+05 9.520536e+07
<GCONST> 8.485934e+01
<MIXTURE> 6 1.122656e-01
<MEAN> 6
 3.139956e+01 2.712326e+02 4.150204e+01 3.384755e+01 -2.976467e+02 -5.244622e+02
<VARIANCE> 6
 6.711843e+02 2.358056e+06 3.923839e+05 5.218320e+04 1.774994e+05 5.187610e+07
<GCONST> 8.580325e+01
<MIXTURE> 7 1.629983e-01
<MEAN> 6
 8.300077e+01 7.587455e+01 -1.991791e+02 -2.974270e+00 -9.519193e+00 -2.960892e+02
<VARIANCE> 6
 8.932864e+01 4.616645e+05 2.250514e+05 3.005907e+02 4.044402e+04 5.187610e+07
<GCONST> 7.496406e+01
<MIXTURE> 8 8.668411e-02
<MEAN> 6
 -6.195470e+01 2.767690e+02 -1.279195e+02 8.043102e+00 2.144189e+02 2.951937e+02
<VARIANCE> 6
 9.127231e+01 9.875301e+05 6.253392e+05 6.251583e+02 8.146748e+04 5.187610e+07
<GCONST> 7.820045e+01
<MIXTURE> 9 8.127128e-02
<MEAN> 6
 3.126672e+01 -2.430600e+02 -2.451198e+02 4.786596e+00 -2.901083e+02 -5.588919e+02
<VARIANCE> 6
 1.195520e+03 1.054504e+06 2.236572e+06 6.149587e+04 3.582367e+05 1.337925e+08
<GCONST> 8.913011e+01
<MIXTURE> 10 8.553648e-02
<MEAN> 6
 7.718466e+01 -7.688281e+01 -2.951154e+00 -3.739127e+01 -7.424818e+02 -1.943860e+03
<VARIANCE> 6
 2.172623e+02 9.461439e+05 3.834325e+05 1.941060e+04 3.208937e+05 1.143892e+08
<GCONST> 8.413299e+01
<TRANSP> 9
 0.000000e+00 1.000000e+00 0.000000e+00 0.000000e+00 0.000000e+00 0.000000e+00 0.000000e+00 0.000000e+00 0.000000e+00
 0.000000e+00 9.998710e-01 1.290278e-04 0.000000e+00 0.000000e+00 0.000000e+00 0.000000e+00 0.000000e+00 0.000000e+00
 0.000000e+00 0.000000e+00 9.998981e-01 1.019110e-04 0.000000e+00 0.000000e+00 0.000000e+00 0.000000e+00 0.000000e+00
 0.000000e+00 0.000000e+00 0.000000e+00 9.984028e-01 1.597210e-03 0.000000e+00 0.000000e+00 0.000000e+00 0.000000e+00
 0.000000e+00 0.000000e+00 0.000000e+00 0.000000e+00 9.984095e-01 1.590469e-03 0.000000e+00 0.000000e+00 0.000000e+00
 0.000000e+00 0.000000e+00 0.000000e+00 0.000000e+00 0.000000e+00 9.988555e-01 1.144504e-03 0.000000e+00 0.000000e+00
 0.000000e+00 0.000000e+00 0.000000e+00 0.000000e+00 0.000000e+00 0.000000e+00 9.991142e-01 8.858027e-04 0.000000e+00
 0.000000e+00 0.000000e+00 0.000000e+00 0.000000e+00 0.000000e+00 0.000000e+00 0.000000e+00 9.998584e-01 1.416380e-04
 0.000000e+00 0.000000e+00 0.000000e+00 0.000000e+00 0.000000e+00 0.000000e+00 0.000000e+00 0.000000e+00 0.000000e+00
<ENDHMM>
