~o
<STREAMINFO> 1 6
<VECSIZE> 6<NULLD><USER><DIAGC>
~h "SegundoPRIMARIA"
<BEGINHMM>
<NUMSTATES> 13
<STATE> 2
<NUMMIXES> 6
<MIXTURE> 1 1.513292e-01
<MEAN> 6
 -5.984033e+00 7.255762e+01 3.187859e+01 1.019826e+02 3.295403e+02 -2.855557e+03
<VARIANCE> 6
 8.339056e+02 9.301973e+04 4.420464e+04 4.615051e+04 2.403692e+05 7.442825e+07
<GCONST> 8.114547e+01
<MIXTURE> 2 1.518007e-01
<MEAN> 6
 3.396765e+01 -6.302694e+00 9.990573e+01 -9.935941e+01 -7.075858e+01 4.868386e+03
<VARIANCE> 6
 3.645201e+03 3.386953e+05 4.651758e+05 6.762551e+04 3.887088e+06 1.640211e+09
<GCONST> 9.252446e+01
<MIXTURE> 3 2.289583e-01
<MEAN> 6
 7.917894e+01 -8.116888e+01 -1.075873e+02 -1.002198e+00 -2.113941e+01 -2.924709e+02
<VARIANCE> 6
 2.340473e+02 1.772526e+05 1.252686e+05 3.003832e+02 4.056576e+04 5.205853e+07
<GCONST> 7.438995e+01
<MIXTURE> 4 1.388272e-01
<MEAN> 6
 7.470464e+01 6.893838e+01 9.585594e+01 3.236600e+01 -5.536482e+02 3.016073e+02
<VARIANCE> 6
 6.523703e+02 8.392111e+04 9.116394e+04 3.473096e+04 3.390014e+05 1.202472e+08
<GCONST> 8.206013e+01
<MIXTURE> 5 1.903701e-01
<MEAN> 6
 -5.013192e+01 6.940147e+01 -8.872393e+00 1.090611e+01 8.143168e+02 -1.703263e+02
<VARIANCE> 6
 2.728930e+02 8.866066e+04 1.036026e+05 1.687216e+04 4.191501e+05 1.170523e+08
<GCONST> 8.083477e+01
<MIXTURE> 6 1.379482e-01
<MEAN> 6
 6.900188e+01 -3.309388e+01 9.553118e+00 -4.239759e+01 -8.119256e+02 -1.919032e+03
<VARIANCE> 6
 7.510963e+02 8.619180e+04 8.067278e+04 4.488979e+04 3.917595e+05 1.328205e+08
<GCONST> 8.260616e+01
<STATE> 3
<NUMMIXES> 6
<MIXTURE> 1 1.704412e-01
<MEAN> 6
 1.005288e+02 6.378022e+01 -6.392454e+01 -3.560970e+00 -1.039818e+01 2.292094e+02
<VARIANCE> 6
 3.171015e+01 1.477091e+04 2.509449e+04 3.003832e+02 4.056576e+04 5.205853e+07
<GCONST> 6.829834e+01
<MIXTURE> 2 1.624568e-01
<MEAN> 6
 9.971358e+01 4.596261e+02 -2.784773e+02 -8.900093e-02 -4.677807e+01 2.270278e+02
<VARIANCE> 6
 5.953619e+01 8.979221e+04 1.603142e+04 5.539128e+02 4.056576e+04 5.205853e+07
<GCONST> 7.089697e+01
<MIXTURE> 3 2.204006e-01
<MEAN> 6
 9.638670e+01 1.578002e+02 -5.058290e+02 -1.559551e+00 -2.600971e+00 5.605952e+01
<VARIANCE> 6
 3.171015e+01 2.574251e+04 1.571220e+04 3.003832e+02 4.056576e+04 5.205853e+07
<GCONST> 6.838560e+01
<MIXTURE> 4 9.942387e-03
<MEAN> 6
 8.831625e+01 6.344775e+02 -1.067872e+02 2.931076e+01 -3.051148e+02 7.097694e+03
<VARIANCE> 6
 2.200174e+02 6.627495e+05 2.342275e+05 1.480013e+03 2.531166e+05 1.295943e+08
<GCONST> 8.061050e+01
<MIXTURE> 5 2.588727e-01
<MEAN> 6
 9.392478e+01 2.553710e+02 -3.466065e+02 -1.928220e+00 2.234590e+01 5.211441e+01
<VARIANCE> 6
 3.171015e+01 2.762148e+04 3.857394e+04 3.003832e+02 4.056576e+04 5.205853e+07
<GCONST> 6.935420e+01
<MIXTURE> 6 1.778749e-01
<MEAN> 6
 9.967663e+01 2.088547e+01 -1.354531e+02 -3.599570e+00 -1.863106e+01 2.383793e+02
<VARIANCE> 6
 3.832136e+01 1.348036e+04 2.925233e+04 3.003832e+02 4.056576e+04 5.205853e+07
<GCONST> 6.854959e+01
<STATE> 4
<NUMMIXES> 6
<MIXTURE> 1 1.439478e-01
<MEAN> 6
 8.040369e+01 1.416081e+03 3.663021e+02 -1.810227e+00 -3.393939e+00 -1.380983e+02
<VARIANCE> 6
 3.171015e+01 5.529953e+04 5.813688e+04 3.003832e+02 4.056576e+04 5.205853e+07
<GCONST> 7.045859e+01
<MIXTURE> 2 1.238485e-01
<MEAN> 6
 9.422942e+01 7.160378e+02 2.537229e+02 -3.420534e+00 -5.429352e+00 6.843949e+01
<VARIANCE> 6
 3.601394e+01 5.511186e+04 1.155935e+04 3.003832e+02 4.056576e+04 5.205853e+07
<GCONST> 6.896716e+01
<MIXTURE> 3 1.469799e-01
<MEAN> 6
 9.507407e+01 -1.161023e+02 1.572084e+02 -3.330216e+00 -1.681078e+01 1.762900e+02
<VARIANCE> 6
 3.171015e+01 8.646409e+04 1.155935e+04 3.003832e+02 4.056576e+04 5.205853e+07
<GCONST> 6.929025e+01
<MIXTURE> 4 2.045278e-01
<MEAN> 6
 8.887631e+01 -3.835452e+02 1.143356e+02 -5.481865e+00 6.040983e+00 1.401880e+02
<VARIANCE> 6
 3.511951e+01 1.289920e+04 1.155935e+04 3.003832e+02 4.056576e+04 5.205853e+07
<GCONST> 6.748981e+01
<MIXTURE> 5 2.550260e-01
<MEAN> 6
 9.175098e+01 4.411818e+02 2.185117e+02 -2.889383e+00 -2.146030e+00 8.495439e+01
<VARIANCE> 6
 3.171015e+01 1.497503e+05 1.203810e+04 3.003832e+02 4.056576e+04 5.205853e+07
<GCONST> 6.988007e+01
<MIXTURE> 6 1.256607e-01
<MEAN> 6
 9.174660e+01 5.870965e+02 2.118743e+02 -2.745634e+00 -3.456773e+00 5.204887e+01
<VARIANCE> 6
 3.171015e+01 9.610844e+04 1.155935e+04 3.003832e+02 4.056576e+04 5.205853e+07
<GCONST> 6.939600e+01
<STATE> 5
<NUMMIXES> 6
<MIXTURE> 1 1.389225e-01
<MEAN> 6
 8.853159e+01 8.388568e+02 1.129616e+03 -4.951574e+00 3.172041e-01 5.146117e+01
<VARIANCE> 6
 3.171015e+01 7.866827e+04 1.155935e+04 3.003832e+02 4.056576e+04 5.205853e+07
<GCONST> 6.919576e+01
<MIXTURE> 2 1.603416e-01
<MEAN> 6
 9.855233e+01 -3.368462e+02 7.439597e+02 -6.126444e+00 -7.753796e+00 1.842348e+02
<VARIANCE> 6
 6.360719e+01 1.281363e+04 8.917762e+04 3.003832e+02 4.056576e+04 5.205853e+07
<GCONST> 7.012025e+01
<MIXTURE> 3 1.567592e-01
<MEAN> 6
 9.035343e+01 -1.403637e+03 8.274434e+02 -1.511891e-01 9.408634e-01 -9.998387e+01
<VARIANCE> 6
 3.171015e+01 1.281363e+04 1.155935e+04 3.003832e+02 4.056576e+04 5.205853e+07
<GCONST> 6.738103e+01
<MIXTURE> 4 1.529402e-01
<MEAN> 6
 9.666944e+01 -4.781477e+02 5.599066e+02 -2.548049e+00 9.728451e-01 -1.194369e+02
<VARIANCE> 6
 3.171015e+01 3.958838e+04 1.381288e+04 3.003832e+02 4.056576e+04 5.205853e+07
<GCONST> 6.868716e+01
<MIXTURE> 5 2.435570e-01
<MEAN> 6
 7.390615e+01 3.153327e+02 7.354531e+02 -1.818640e+00 -4.655208e+00 2.717844e+01
<VARIANCE> 6
 3.171015e+01 3.348246e+04 2.266050e+04 3.003832e+02 4.056576e+04 5.205853e+07
<GCONST> 6.901468e+01
<MIXTURE> 6 1.474788e-01
<MEAN> 6
 9.379490e+01 -5.120079e+02 4.982533e+02 -2.646703e+00 -9.524189e+00 -1.457171e+02
<VARIANCE> 6
 4.129861e+01 3.202931e+04 1.543757e+04 3.003832e+02 4.056576e+04 5.205853e+07
<GCONST> 6.885068e+01
<STATE> 6
<NUMMIXES> 6
<MIXTURE> 1 9.369923e-03
<MEAN> 6
 7.034557e+01 -1.276839e+02 -2.165875e+03 7.068797e+01 -4.889676e+02 1.121038e+03
<VARIANCE> 6
 5.819575e+01 4.658798e+05 1.455060e+06 2.725106e+03 5.900634e+04 5.205853e+07
<GCONST> 7.899686e+01
<MIXTURE> 2 1.499311e-01
<MEAN> 6
 1.237265e+02 1.491419e+02 2.303940e+02 -5.203752e+00 -1.181660e+01 2.781506e+02
<VARIANCE> 6
 3.941830e+01 2.061623e+04 1.155935e+04 3.003832e+02 4.056576e+04 5.205853e+07
<GCONST> 6.807420e+01
<MIXTURE> 3 2.298996e-01
<MEAN> 6
 1.085282e+02 -5.360853e+02 1.441857e+02 -4.974490e+00 -6.277334e+00 -4.667317e+00
<VARIANCE> 6
 3.420457e+01 7.766708e+04 2.048429e+04 3.003832e+02 4.056576e+04 5.205853e+07
<GCONST> 6.983084e+01
<MIXTURE> 4 2.019111e-01
<MEAN> 6
 1.088883e+02 -7.251459e+00 3.402682e+02 -1.631220e+00 7.536917e-01 7.168312e+01
<VARIANCE> 6
 3.171015e+01 1.281363e+04 1.155935e+04 3.003832e+02 4.056576e+04 5.205853e+07
<GCONST> 6.738103e+01
<MIXTURE> 5 2.123822e-01
<MEAN> 6
 1.074211e+02 -5.336310e+02 1.265478e+02 -6.037763e+00 -1.394599e+00 -4.963231e+01
<VARIANCE> 6
 3.609499e+01 1.157743e+05 3.065184e+04 3.003832e+02 4.056576e+04 5.205853e+07
<GCONST> 7.068688e+01
<MIXTURE> 6 1.965034e-01
<MEAN> 6
 1.071562e+02 -6.878630e+01 2.875178e+02 -3.980645e+00 7.251081e-01 1.283566e+02
<VARIANCE> 6
 3.171015e+01 1.466823e+04 1.155935e+04 3.003832e+02 4.056576e+04 5.205853e+07
<GCONST> 6.751620e+01
<STATE> 7
<NUMMIXES> 6
<MIXTURE> 1 1.338550e-01
<MEAN> 6
 1.074653e+02 -2.491439e+02 -4.469229e+02 -4.015910e+00 -7.162057e+00 2.508459e+01
<VARIANCE> 6
 1.190630e+02 1.390240e+05 1.155935e+04 3.003832e+02 4.056576e+04 5.205853e+07
<GCONST> 7.108818e+01
<MIXTURE> 2 2.135792e-01
<MEAN> 6
 7.447317e+01 -1.001561e+03 1.510329e+02 -5.903627e-01 1.497813e+01 -2.302141e+01
<VARIANCE> 6
 3.171015e+01 1.821400e+04 1.238878e+05 3.003832e+02 4.056576e+04 5.205853e+07
<GCONST> 7.010460e+01
<MIXTURE> 3 2.168059e-01
<MEAN> 6
 1.002042e+02 -7.760306e+02 -1.511186e+02 -2.733532e+00 -4.584730e+00 -1.840154e+01
<VARIANCE> 6
 3.707378e+01 2.315784e+04 1.291942e+04 3.003832e+02 4.056576e+04 5.205853e+07
<GCONST> 6.824037e+01
<MIXTURE> 4 1.901189e-01
<MEAN> 6
 9.026476e+01 -1.449793e+03 -7.118911e+02 -1.742040e+00 -1.176320e+01 -5.831916e+01
<VARIANCE> 6
 1.971128e+02 1.230781e+05 4.057809e+04 3.003832e+02 4.056576e+04 5.205853e+07
<GCONST> 7.272621e+01
<MIXTURE> 5 1.231389e-01
<MEAN> 6
 9.259839e+01 -3.949488e+02 -4.664385e+02 -5.833688e-01 -1.733401e+00 -1.519023e+02
<VARIANCE> 6
 4.823118e+01 2.006771e+04 1.155935e+04 3.003832e+02 4.056576e+04 5.205853e+07
<GCONST> 6.824900e+01
<MIXTURE> 6 1.224877e-01
<MEAN> 6
 9.161918e+01 -4.283300e+02 -4.645482e+02 7.516870e-01 -6.440694e+00 -2.830188e+02
<VARIANCE> 6
 5.461169e+01 1.993181e+04 1.155935e+04 3.003832e+02 4.056576e+04 5.205853e+07
<GCONST> 6.836645e+01
<STATE> 8
<NUMMIXES> 6
<MIXTURE> 1 1.912101e-01
<MEAN> 6
 7.613981e+01 1.184895e+03 -9.348561e+02 2.167759e-01 -3.060707e+00 -6.813921e+01
<VARIANCE> 6
 3.220892e+01 6.213782e+04 6.847355e+04 3.003832e+02 4.056576e+04 5.205853e+07
<GCONST> 7.075444e+01
<MIXTURE> 2 2.092888e-01
<MEAN> 6
 7.246410e+01 -2.997520e+02 -7.882857e+02 -1.431034e-01 -6.041316e+00 -5.699235e+01
<VARIANCE> 6
 3.171015e+01 3.854152e+04 2.976952e+04 3.003832e+02 4.056576e+04 5.205853e+07
<GCONST> 6.942825e+01
<MIXTURE> 3 1.747818e-01
<MEAN> 6
 7.676398e+01 1.752562e+02 -1.467933e+03 1.373270e+00 1.198926e+01 -7.420033e+01
<VARIANCE> 6
 3.171015e+01 2.440088e+04 2.327390e+05 3.003832e+02 4.056576e+04 5.205853e+07
<GCONST> 7.102757e+01
<MIXTURE> 4 1.104141e-01
<MEAN> 6
 7.092677e+01 -4.631675e+01 -9.294363e+02 -9.679908e-01 1.911893e-01 -6.369371e+01
<VARIANCE> 6
 3.171015e+01 2.750988e+04 2.486593e+04 3.003832e+02 4.056576e+04 5.205853e+07
<GCONST> 6.891107e+01
<MIXTURE> 5 2.049987e-01
<MEAN> 6
 7.911819e+01 2.551143e+02 -2.210369e+03 7.835065e-01 -6.246275e+00 -4.474714e+01
<VARIANCE> 6
 3.171015e+01 3.344355e+04 2.555448e+04 3.003832e+02 4.056576e+04 5.205853e+07
<GCONST> 6.913370e+01
<MIXTURE> 6 1.092936e-01
<MEAN> 6
 7.159647e+01 -7.943054e+01 -9.662922e+02 -1.157521e+00 -2.081389e-01 -5.789814e+01
<VARIANCE> 6
 3.171015e+01 3.151111e+04 2.051557e+04 3.003832e+02 4.056576e+04 5.205853e+07
<GCONST> 6.885455e+01
<STATE> 9
<NUMMIXES> 6
<MIXTURE> 1 1.841994e-01
<MEAN> 6
 7.771095e+01 3.319241e+01 1.343485e+02 -3.068515e+00 -2.663958e+01 -3.813298e+01
<VARIANCE> 6
 3.171015e+01 1.281363e+04 1.155935e+04 3.003832e+02 4.056576e+04 5.205853e+07
<GCONST> 6.738103e+01
<MIXTURE> 2 2.751814e-01
<MEAN> 6
 7.141888e+01 1.044708e+02 -2.981080e+02 -5.843627e-01 -1.269691e+00 -1.003293e+02
<VARIANCE> 6
 3.171015e+01 1.347659e+04 3.201346e+04 3.003832e+02 4.056576e+04 5.205853e+07
<GCONST> 6.845013e+01
<MIXTURE> 3 1.001826e-02
<MEAN> 6
 7.544128e+01 -1.677992e+02 -2.354106e+02 -2.951036e-01 1.606970e+02 3.728731e+02
<VARIANCE> 6
 9.120588e+01 4.626914e+05 2.922059e+05 3.003832e+02 1.819733e+05 5.366101e+07
<GCONST> 7.678528e+01
<MIXTURE> 4 1.776999e-01
<MEAN> 6
 7.273073e+01 -3.492286e+01 1.688147e+02 -2.168083e+00 -7.732267e-01 -9.306770e+01
<VARIANCE> 6
 3.171015e+01 1.281363e+04 1.155935e+04 3.003832e+02 4.056576e+04 5.205853e+07
<GCONST> 6.738103e+01
<MIXTURE> 5 1.765431e-01
<MEAN> 6
 7.469439e+01 -7.450006e+00 1.465131e+02 -3.125864e+00 -1.148262e+01 -3.753465e+01
<VARIANCE> 6
 3.766959e+01 1.281363e+04 1.155935e+04 3.003832e+02 4.056576e+04 5.205853e+07
<GCONST> 6.755325e+01
<MIXTURE> 6 1.763547e-01
<MEAN> 6
 7.090907e+01 -8.740715e+01 1.419752e+02 -3.350595e+00 -4.589169e+00 -7.395296e+01
<VARIANCE> 6
 3.171015e+01 1.598752e+04 1.155935e+04 3.003832e+02 4.056576e+04 5.205853e+07
<GCONST> 6.760233e+01
<STATE> 10
<NUMMIXES> 6
<MIXTURE> 1 2.577108e-01
<MEAN> 6
 7.552454e+01 1.098512e+02 -5.716448e+02 -1.036478e+02 -1.209979e+03 -6.757318e+03
<VARIANCE> 6
 1.907231e+02 3.105375e+05 5.726294e+05 6.259269e+03 2.559000e+05 9.462345e+07
<GCONST> 8.174191e+01
<MIXTURE> 2 1.603028e-01
<MEAN> 6
 6.528210e+01 9.560883e+02 -1.399913e+02 -8.964987e-03 8.257836e-01 -1.505659e+02
<VARIANCE> 6
 3.171015e+01 1.281363e+04 1.155935e+04 3.003832e+02 4.056576e+04 5.205853e+07
<GCONST> 6.738103e+01
<MIXTURE> 3 1.252802e-01
<MEAN> 6
 4.665693e+01 4.469209e+02 -8.763550e+01 6.020197e+00 3.612011e+01 -2.044827e+02
<VARIANCE> 6
 3.171015e+01 1.281363e+04 1.155935e+04 3.003832e+02 4.056576e+04 5.205853e+07
<GCONST> 6.738103e+01
<MIXTURE> 4 1.484717e-01
<MEAN> 6
 6.528188e+01 8.928234e+02 -1.524474e+02 -2.856413e-01 -1.702799e+00 -1.393204e+02
<VARIANCE> 6
 3.171015e+01 1.460895e+04 1.155935e+04 3.003832e+02 4.056576e+04 5.205853e+07
<GCONST> 6.751216e+01
<MIXTURE> 5 1.589053e-01
<MEAN> 6
 6.532806e+01 9.316420e+02 -1.484698e+02 -1.036559e-01 -4.017438e-01 -1.308702e+02
<VARIANCE> 6
 3.171015e+01 1.281363e+04 1.155935e+04 3.003832e+02 4.056576e+04 5.205853e+07
<GCONST> 6.738103e+01
<MIXTURE> 6 1.493251e-01
<MEAN> 6
 6.517915e+01 8.324687e+02 -1.603407e+02 -5.884897e-01 -8.381374e+00 -2.282486e+02
<VARIANCE> 6
 3.171015e+01 1.536612e+04 1.155935e+04 3.003832e+02 4.056576e+04 5.205853e+07
<GCONST> 6.756269e+01
<STATE> 11
<NUMMIXES> 6
<MIXTURE> 1 1.042736e-01
<MEAN> 6
 7.899437e+01 -8.451921e+02 3.895353e+03 -2.042407e+00 -9.020704e+00 -3.894287e+01
<VARIANCE> 6
 3.171015e+01 1.301591e+05 7.595801e+05 3.003832e+02 4.056576e+04 5.205853e+07
<GCONST> 7.388455e+01
<MIXTURE> 2 1.879425e-01
<MEAN> 6
 7.545016e+01 -3.472138e+03 1.061751e+03 -2.849014e+00 -1.458709e+01 -8.415928e+01
<VARIANCE> 6
 3.171015e+01 3.282459e+07 3.881745e+05 3.003832e+02 4.056576e+04 5.205853e+07
<GCONST> 7.874342e+01
<MIXTURE> 3 3.055815e-01
<MEAN> 6
 6.609412e+01 -8.162565e+02 1.367734e+03 -8.367710e-01 6.632300e-01 -1.336841e+02
<VARIANCE> 6
 3.171015e+01 3.245015e+04 8.494148e+04 3.003832e+02 4.056576e+04 5.205853e+07
<GCONST> 7.030470e+01
<MIXTURE> 4 1.336841e-01
<MEAN> 6
 6.141422e+01 2.238438e+02 6.409056e+02 -7.457951e-01 2.319695e+00 1.815255e+01
<VARIANCE> 6
 3.171015e+01 1.281363e+04 3.460325e+05 3.003832e+02 4.056576e+04 5.205853e+07
<GCONST> 7.078008e+01
<MIXTURE> 5 1.347738e-01
<MEAN> 6
 5.771334e+01 -4.988617e+02 2.386333e+03 7.384047e-02 -1.046252e+01 -1.812604e+02
<VARIANCE> 6
 5.678613e+01 1.281363e+04 1.446283e+05 3.003832e+02 4.056576e+04 5.205853e+07
<GCONST> 7.049036e+01
<MIXTURE> 6 1.337415e-01
<MEAN> 6
 6.082618e+01 2.021914e+02 5.325627e+02 -7.290580e-01 2.634668e+00 4.906889e+01
<VARIANCE> 6
 3.171015e+01 1.281363e+04 3.833936e+05 3.003832e+02 4.056576e+04 5.205853e+07
<GCONST> 7.088260e+01
<STATE> 12
<NUMMIXES> 6
<MIXTURE> 1 2.346091e-02
<MEAN> 6
 2.121397e+01 6.481982e+02 -2.078147e+02 -2.689283e+01 -2.808721e+02 4.555675e+03
<VARIANCE> 6
 7.861127e+03 3.435514e+07 1.204852e+06 6.468736e+05 3.395533e+08 4.902393e+11
<GCONST> 1.112923e+02
<MIXTURE> 2 2.269499e-01
<MEAN> 6
 9.338421e+01 2.158700e+02 -8.064592e+01 -3.801543e+00 -4.777073e+01 -2.350587e+02
<VARIANCE> 6
 4.223726e+02 9.201032e+05 1.242050e+06 3.003832e+02 4.056576e+04 5.205853e+07
<GCONST> 7.892128e+01
<MIXTURE> 3 1.479315e-01
<MEAN> 6
 4.394538e+01 8.627591e+01 -2.373317e+01 -4.101114e+01 -3.067931e+02 1.253443e+03
<VARIANCE> 6
 4.617660e+03 1.313848e+06 7.686502e+05 5.961800e+04 3.147854e+06 1.508326e+09
<GCONST> 9.419798e+01
<MIXTURE> 4 2.104037e-01
<MEAN> 6
 7.407741e+00 2.264289e+01 1.351353e+02 6.366787e+01 9.787804e+01 9.047839e+01
<VARIANCE> 6
 3.788287e+03 2.539308e+05 4.169212e+05 2.748884e+04 3.775340e+05 5.205853e+07
<GCONST> 8.548323e+01
<MIXTURE> 5 1.780821e-01
<MEAN> 6
 -4.389548e-02 -3.774778e+01 -7.509164e+01 -4.619389e+01 2.660780e+02 4.803662e+02
<VARIANCE> 6
 3.797854e+03 3.955793e+05 2.145500e+06 5.058753e+04 1.371839e+06 2.876541e+08
<GCONST> 9.117684e+01
<MIXTURE> 6 2.128454e-01
<MEAN> 6
 5.051489e+00 -1.391828e+02 -1.027765e+02 1.452144e+01 2.238045e-01 -1.413558e+03
<VARIANCE> 6
 3.935999e+03 2.271285e+05 3.991066e+05 2.939198e+04 3.826677e+05 5.205853e+07
<GCONST> 8.544672e+01
<TRANSP> 13
 0.000000e+00 1.000000e+00 0.000000e+00 0.000000e+00 0.000000e+00 0.000000e+00 0.000000e+00 0.000000e+00 0.000000e+00 0.000000e+00 0.000000e+00 0.000000e+00 0.000000e+00
 0.000000e+00 9.999269e-01 7.312054e-05 0.000000e+00 0.000000e+00 0.000000e+00 0.000000e+00 0.000000e+00 0.000000e+00 0.000000e+00 0.000000e+00 0.000000e+00 0.000000e+00
 0.000000e+00 0.000000e+00 9.975337e-01 2.466318e-03 0.000000e+00 0.000000e+00 0.000000e+00 0.000000e+00 0.000000e+00 0.000000e+00 0.000000e+00 0.000000e+00 0.000000e+00
 0.000000e+00 0.000000e+00 0.000000e+00 9.970365e-01 2.963442e-03 0.000000e+00 0.000000e+00 0.000000e+00 0.000000e+00 0.000000e+00 0.000000e+00 0.000000e+00 0.000000e+00
 0.000000e+00 0.000000e+00 0.000000e+00 0.000000e+00 9.961136e-01 3.886375e-03 0.000000e+00 0.000000e+00 0.000000e+00 0.000000e+00 0.000000e+00 0.000000e+00 0.000000e+00
 0.000000e+00 0.000000e+00 0.000000e+00 0.000000e+00 0.000000e+00 9.962423e-01 3.757657e-03 0.000000e+00 0.000000e+00 0.000000e+00 0.000000e+00 0.000000e+00 0.000000e+00
 0.000000e+00 0.000000e+00 0.000000e+00 0.000000e+00 0.000000e+00 0.000000e+00 9.974262e-01 2.573818e-03 0.000000e+00 0.000000e+00 0.000000e+00 0.000000e+00 0.000000e+00
 0.000000e+00 0.000000e+00 0.000000e+00 0.000000e+00 0.000000e+00 0.000000e+00 0.000000e+00 9.982389e-01 1.761148e-03 0.000000e+00 0.000000e+00 0.000000e+00 0.000000e+00
 0.000000e+00 0.000000e+00 0.000000e+00 0.000000e+00 0.000000e+00 0.000000e+00 0.000000e+00 0.000000e+00 9.974856e-01 2.514441e-03 0.000000e+00 0.000000e+00 0.000000e+00
 0.000000e+00 0.000000e+00 0.000000e+00 0.000000e+00 0.000000e+00 0.000000e+00 0.000000e+00 0.000000e+00 0.000000e+00 9.928623e-01 7.137706e-03 0.000000e+00 0.000000e+00
 0.000000e+00 0.000000e+00 0.000000e+00 0.000000e+00 0.000000e+00 0.000000e+00 0.000000e+00 0.000000e+00 0.000000e+00 0.000000e+00 9.982851e-01 1.714955e-03 0.000000e+00
 0.000000e+00 0.000000e+00 0.000000e+00 0.000000e+00 0.000000e+00 0.000000e+00 0.000000e+00 0.000000e+00 0.000000e+00 0.000000e+00 0.000000e+00 9.998978e-01 1.021623e-04
 0.000000e+00 0.000000e+00 0.000000e+00 0.000000e+00 0.000000e+00 0.000000e+00 0.000000e+00 0.000000e+00 0.000000e+00 0.000000e+00 0.000000e+00 0.000000e+00 0.000000e+00
<ENDHMM>
~h "SegundoESO"
<BEGINHMM>
<NUMSTATES> 13
<STATE> 2
<NUMMIXES> 6
<MIXTURE> 1 1.736864e-01
<MEAN> 6
 7.870214e+01 4.756125e+02 1.996324e+03 -3.886535e-01 2.197055e+00 -1.009125e+02
<VARIANCE> 6
 3.171015e+01 1.304045e+06 6.074749e+05 3.003832e+02 4.056576e+04 5.205853e+07
<GCONST> 7.596556e+01
<MIXTURE> 2 9.635693e-02
<MEAN> 6
 7.174963e+01 1.320480e+04 -1.200108e+03 -7.101759e-01 -4.306921e+00 -1.757339e+02
<VARIANCE> 6
 3.171015e+01 1.281363e+04 1.158674e+04 3.003832e+02 4.056576e+04 5.205853e+07
<GCONST> 6.738340e+01
<MIXTURE> 3 1.503375e-01
<MEAN> 6
 6.243482e+01 2.384984e+03 -1.207901e+03 1.732819e-01 -3.400099e+00 -6.828349e+01
<VARIANCE> 6
 3.171015e+01 6.047492e+05 6.445555e+04 3.003832e+02 4.056576e+04 5.205853e+07
<GCONST> 7.295382e+01
<MIXTURE> 4 1.950629e-01
<MEAN> 6
 7.613021e+01 -1.820103e+03 2.588723e+03 -1.029590e+00 -4.229113e+00 -1.311704e+02
<VARIANCE> 6
 3.171015e+01 7.133866e+06 9.336751e+06 3.003832e+02 4.056576e+04 5.205853e+07
<GCONST> 8.039735e+01
<MIXTURE> 5 2.116133e-01
<MEAN> 6
 7.453642e+01 7.970224e+02 -2.045873e+03 -4.926161e-02 -3.419989e-01 -8.765450e+01
<VARIANCE> 6
 3.171015e+01 7.103821e+05 1.803863e+06 3.003832e+02 4.056576e+04 5.205853e+07
<GCONST> 7.644652e+01
<MIXTURE> 6 1.729389e-01
<MEAN> 6
 7.790170e+01 2.279432e+02 1.942176e+03 -5.528623e-01 2.710855e+00 -8.978453e+01
<VARIANCE> 6
 3.171015e+01 1.532834e+06 5.246716e+05 3.003832e+02 4.056576e+04 5.205853e+07
<GCONST> 7.598067e+01
<STATE> 3
<NUMMIXES> 6
<MIXTURE> 1 2.088221e-01
<MEAN> 6
 7.690488e+01 2.992927e+02 -1.278248e+02 -9.800023e-01 -4.579165e+00 -9.220670e+01
<VARIANCE> 6
 3.171015e+01 2.371691e+04 3.778498e+05 3.003832e+02 4.056576e+04 5.205853e+07
<GCONST> 7.148371e+01
<MIXTURE> 2 1.349887e-01
<MEAN> 6
 7.418353e+01 3.779704e+02 4.174593e+02 -6.596744e-03 -2.156548e+00 -8.300335e+01
<VARIANCE> 6
 3.171015e+01 1.299070e+05 4.227157e+04 3.003832e+02 4.056576e+04 5.205853e+07
<GCONST> 7.099396e+01
<MIXTURE> 3 2.211400e-01
<MEAN> 6
 6.614701e+01 -1.543674e+02 2.849442e+02 -2.994868e-01 -3.999407e+00 -1.082786e+02
<VARIANCE> 6
 3.171015e+01 6.384720e+04 1.236535e+04 3.003832e+02 4.056576e+04 5.205853e+07
<GCONST> 6.905442e+01
<MIXTURE> 4 1.537886e-01
<MEAN> 6
 7.393172e+01 -1.265802e+02 5.600030e+02 -4.423400e-01 -1.640808e+00 -5.971309e+01
<VARIANCE> 6
 3.171015e+01 1.995293e+05 4.399130e+05 3.003832e+02 4.056576e+04 5.205853e+07
<GCONST> 7.376556e+01
<MIXTURE> 5 1.489671e-01
<MEAN> 6
 6.218525e+01 -4.882885e+02 1.064452e+02 -2.961329e-01 -1.693985e+00 -9.839491e+01
<VARIANCE> 6
 3.171015e+01 1.074164e+05 1.188494e+04 3.003832e+02 4.056576e+04 5.205853e+07
<GCONST> 6.953501e+01
<MIXTURE> 6 1.322526e-01
<MEAN> 6
 7.198023e+01 2.206662e+02 3.247464e+02 -6.129512e-02 -3.584034e+00 -1.118170e+02
<VARIANCE> 6
 3.171015e+01 1.734648e+05 2.855131e+04 3.003832e+02 4.056576e+04 5.205853e+07
<GCONST> 7.089071e+01
<STATE> 4
<NUMMIXES> 6
<MIXTURE> 1 1.555163e-01
<MEAN> 6
 9.048055e+01 -2.147281e+03 3.465125e+03 -1.179674e+00 -6.726754e+01 -2.090285e+02
<VARIANCE> 6
 1.026758e+02 1.971467e+07 4.456051e+07 1.109614e+03 6.980781e+04 5.205853e+07
<GCONST> 8.600122e+01
<MIXTURE> 2 1.600625e-01
<MEAN> 6
 3.289601e+01 3.477922e+03 5.181898e+02 -4.890007e+01 -2.815706e+02 6.765905e+02
<VARIANCE> 6
 3.012781e+03 3.730614e+07 4.423510e+06 4.308488e+04 1.311296e+06 3.596052e+08
<GCONST> 9.623296e+01
<MIXTURE> 3 2.347614e-01
<MEAN> 6
 -4.684755e+01 -1.011564e+03 6.460090e+02 1.721140e+01 6.073422e+02 -9.147287e+01
<VARIANCE> 6
 2.651666e+02 1.093876e+07 2.980506e+06 1.375726e+04 3.405065e+05 5.736046e+07
<GCONST> 8.785543e+01
<MIXTURE> 4 1.155476e-01
<MEAN> 6
 1.129734e+01 1.353354e+03 -1.761829e+03 2.711806e+01 9.086720e+01 -2.415228e+02
<VARIANCE> 6
 9.746470e+02 7.437370e+06 6.907410e+06 3.534783e+04 6.793248e+04 5.205853e+07
<GCONST> 8.884660e+01
<MIXTURE> 5 2.241003e-01
<MEAN> 6
 7.389188e+01 -1.256381e+03 -9.808020e+01 2.703183e+01 -4.576051e+02 1.939351e+02
<VARIANCE> 6
 3.494377e+02 1.332144e+07 3.782760e+06 2.390749e+04 8.281317e+04 5.205853e+07
<GCONST> 8.760861e+01
<MIXTURE> 6 1.099879e-01
<MEAN> 6
 5.804895e+00 4.040399e+02 -1.725987e+03 -3.713746e+00 4.381393e+01 -9.524825e+02
<VARIANCE> 6
 9.007704e+02 1.072356e+07 5.981512e+06 3.439550e+04 5.966643e+04 5.205853e+07
<GCONST> 8.883273e+01
<STATE> 5
<NUMMIXES> 6
<MIXTURE> 1 1.966714e-01
<MEAN> 6
 6.892968e+01 9.445686e+02 -1.732945e+02 -6.673673e-01 -6.020896e+00 -8.177815e+01
<VARIANCE> 6
 3.171015e+01 2.338293e+05 1.032736e+05 3.003832e+02 4.056576e+04 5.205853e+07
<GCONST> 7.247501e+01
<MIXTURE> 2 1.274837e-01
<MEAN> 6
 6.816731e+01 1.243364e+02 2.187280e+02 -4.381169e-01 -5.091468e+00 -1.271012e+02
<VARIANCE> 6
 3.171015e+01 3.585957e+05 1.641833e+06 3.003832e+02 4.056576e+04 5.205853e+07
<GCONST> 7.566879e+01
<MIXTURE> 3 1.960615e-01
<MEAN> 6
 6.159862e+01 1.221761e+03 -2.804857e+02 4.928902e-01 -2.070501e+00 -1.451269e+02
<VARIANCE> 6
 3.171015e+01 1.409529e+06 1.155935e+04 3.003832e+02 4.056576e+04 5.205853e+07
<GCONST> 7.208154e+01
<MIXTURE> 4 1.423106e-01
<MEAN> 6
 5.799870e+01 4.306938e+02 -3.107825e+03 1.682247e+00 -2.885508e+00 -7.297311e+01
<VARIANCE> 6
 3.171015e+01 7.086063e+04 1.917638e+06 3.003832e+02 4.056576e+04 5.205853e+07
<GCONST> 7.420259e+01
<MIXTURE> 5 2.069969e-01
<MEAN> 6
 6.702042e+01 3.657725e+02 -4.937229e+02 -2.829550e-02 -3.249214e+00 -1.066019e+02
<VARIANCE> 6
 3.171015e+01 2.837827e+05 1.127627e+05 3.003832e+02 4.056576e+04 5.205853e+07
<GCONST> 7.275652e+01
<MIXTURE> 6 1.304270e-01
<MEAN> 6
 6.468005e+01 -2.573690e+01 -3.376171e+02 -2.982595e-01 -4.477283e+00 -1.420006e+02
<VARIANCE> 6
 3.171015e+01 2.418222e+05 1.670774e+06 3.003832e+02 4.056576e+04 5.205853e+07
<GCONST> 7.529227e+01
<STATE> 6
<NUMMIXES> 6
<MIXTURE> 1 1.671672e-01
<MEAN> 6
 8.365395e+01 -7.832592e+02 2.367917e+02 -9.290142e-01 -6.569151e+00 -8.346471e+01
<VARIANCE> 6
 3.171015e+01 1.281363e+04 3.584496e+04 3.003832e+02 4.056576e+04 5.205853e+07
<GCONST> 6.851274e+01
<MIXTURE> 2 1.316488e-01
<MEAN> 6
 8.896500e+01 -1.504688e+03 1.447210e+02 -2.161711e+00 -5.876088e+00 -1.196028e+02
<VARIANCE> 6
 3.171015e+01 6.984798e+05 1.998720e+05 3.003832e+02 4.056576e+04 5.205853e+07
<GCONST> 7.422961e+01
<MIXTURE> 3 2.196092e-01
<MEAN> 6
 7.254247e+01 -1.109547e+03 -5.102965e+01 -5.396035e-01 -1.463483e+00 -2.000663e+02
<VARIANCE> 6
 4.994961e+01 1.366164e+05 1.802024e+04 3.003832e+02 4.056576e+04 5.205853e+07
<GCONST> 7.064608e+01
<MIXTURE> 4 1.832922e-01
<MEAN> 6
 6.730651e+01 -2.183982e+03 -1.496324e+02 1.337157e-01 -2.899158e+00 -1.159298e+02
<VARIANCE> 6
 3.171015e+01 1.003476e+05 1.932007e+05 3.003832e+02 4.056576e+04 5.205853e+07
<GCONST> 7.225540e+01
<MIXTURE> 5 1.728681e-01
<MEAN> 6
 8.315602e+01 -7.999419e+02 1.485375e+02 -3.282896e-01 -2.319621e+00 -1.302410e+02
<VARIANCE> 6
 3.171015e+01 1.281363e+04 1.232416e+04 3.003832e+02 4.056576e+04 5.205853e+07
<GCONST> 6.744510e+01
<MIXTURE> 6 1.253799e-01
<MEAN> 6
 8.863174e+01 -1.984372e+03 -6.909215e+01 -3.525363e+00 -5.291728e+00 -2.181693e+02
<VARIANCE> 6
 3.171015e+01 1.539762e+06 1.953893e+05 3.003832e+02 4.056576e+04 5.205853e+07
<GCONST> 7.499741e+01
<STATE> 7
<NUMMIXES> 6
<MIXTURE> 1 1.868715e-01
<MEAN> 6
 9.855784e+01 -3.639322e+03 1.020514e+04 -3.397133e+00 8.086231e-01 1.671038e+01
<VARIANCE> 6
 3.171015e+01 2.018816e+05 5.442630e+06 3.003832e+02 4.056576e+04 5.205853e+07
<GCONST> 7.629272e+01
<MIXTURE> 2 1.782869e-01
<MEAN> 6
 6.847589e+01 -3.939156e+03 3.348899e+03 -1.981706e+00 -1.152084e+01 -2.889751e+02
<VARIANCE> 6
 3.171015e+01 7.506311e+04 2.280271e+04 3.003832e+02 4.056576e+04 5.205853e+07
<GCONST> 6.982823e+01
<MIXTURE> 3 1.379581e-01
<MEAN> 6
 9.147462e+01 -4.320556e+03 4.613176e+03 -1.094104e+00 -4.761010e-01 -3.290565e+01
<VARIANCE> 6
 3.171015e+01 1.281363e+04 1.912968e+06 3.003832e+02 4.056576e+04 5.205853e+07
<GCONST> 7.248995e+01
<MIXTURE> 4 1.089196e-01
<MEAN> 6
 8.490841e+01 -2.152415e+03 1.890938e+03 -1.268775e+00 -8.113746e+01 -5.614282e+02
<VARIANCE> 6
 3.874568e+02 9.309820e+05 7.490221e+05 3.003832e+02 4.056576e+04 5.205853e+07
<GCONST> 7.834100e+01
<MIXTURE> 5 2.481032e-01
<MEAN> 6
 6.742132e+01 -4.200488e+03 3.436567e+03 -4.325224e-01 -3.486598e+00 -6.939291e+01
<VARIANCE> 6
 3.171015e+01 1.353345e+04 1.155935e+04 3.003832e+02 4.056576e+04 5.205853e+07
<GCONST> 6.743568e+01
<MIXTURE> 6 1.398497e-01
<MEAN> 6
 9.079904e+01 -4.447837e+03 2.922596e+03 -1.435143e+00 -2.140850e+01 -4.231289e+02
<VARIANCE> 6
 3.171015e+01 1.281363e+04 9.194919e+05 3.003832e+02 4.056576e+04 5.205853e+07
<GCONST> 7.175736e+01
<STATE> 8
<NUMMIXES> 6
<MIXTURE> 1 1.887120e-01
<MEAN> 6
 -4.910588e+01 1.487639e+02 9.299455e+01 1.843290e+01 9.007197e+02 1.216929e+02
<VARIANCE> 6
 1.954689e+02 4.139130e+05 2.847675e+05 1.761202e+04 3.227487e+05 9.685774e+07
<GCONST> 8.264523e+01
<MIXTURE> 2 1.199320e-01
<MEAN> 6
 1.167791e+01 -1.302617e+02 -5.164637e+01 -1.495662e+02 1.491148e+02 6.354325e+03
<VARIANCE> 6
 3.076120e+03 3.403008e+06 1.485362e+06 3.852348e+04 2.396085e+06 8.520161e+08
<GCONST> 9.412151e+01
<MIXTURE> 3 1.358391e-01
<MEAN> 6
 4.849165e+01 1.854732e+02 1.098805e+02 5.089552e+01 -2.850326e+02 2.602270e+02
<VARIANCE> 6
 9.706501e+02 9.272172e+05 4.394846e+05 3.949437e+04 1.099215e+05 5.205853e+07
<GCONST> 8.459784e+01
<MIXTURE> 4 2.382971e-01
<MEAN> 6
 7.416123e+01 -2.011507e+01 1.212971e+02 -1.833722e+01 -7.906267e+02 -3.689874e+02
<VARIANCE> 6
 3.785100e+02 8.766394e+05 2.624536e+05 2.370668e+04 2.934671e+05 1.259181e+08
<GCONST> 8.443936e+01
<MIXTURE> 5 1.776073e-01
<MEAN> 6
 -2.742962e+01 -7.442216e+01 2.228078e+01 4.828309e+01 5.106628e+02 -3.012367e+03
<VARIANCE> 6
 5.447377e+02 8.266471e+05 2.235536e+05 4.175679e+04 1.857045e+05 1.102821e+08
<GCONST> 8.456019e+01
<MIXTURE> 6 1.392046e-01
<MEAN> 6
 3.896201e+01 -1.997257e+01 -7.911823e+01 1.450778e+01 -3.613565e+02 -1.184978e+03
<VARIANCE> 6
 8.825037e+02 9.313022e+05 4.698756e+05 5.316101e+04 1.237854e+05 5.205853e+07
<GCONST> 8.498985e+01
<STATE> 9
<NUMMIXES> 6
<MIXTURE> 1 1.905877e-01
<MEAN> 6
 -2.456391e+01 1.199629e+02 2.344123e+02 4.844215e+01 2.791665e+02 -4.797770e+02
<VARIANCE> 6
 7.345984e+02 3.528830e+05 8.613205e+05 1.216795e+04 1.143570e+05 5.205853e+07
<GCONST> 8.288821e+01
<MIXTURE> 2 9.467802e-02
<MEAN> 6
 -1.178065e+01 -2.003223e+01 1.715941e+02 -1.311266e+02 4.553398e+02 3.577818e+03
<VARIANCE> 6
 1.733141e+03 1.220694e+06 3.738760e+06 1.688245e+04 8.126908e+05 2.502468e+08
<GCONST> 9.031425e+01
<MIXTURE> 3 1.916150e-01
<MEAN> 6
 7.611411e+01 -9.909240e+01 2.525296e+02 6.715867e+00 -1.577114e+02 -1.821586e+02
<VARIANCE> 6
 1.062189e+02 3.533735e+05 1.156155e+06 2.068739e+03 5.696352e+04 5.205853e+07
<GCONST> 7.878139e+01
<MIXTURE> 4 1.309214e-01
<MEAN> 6
 2.898599e+01 3.662279e+02 -1.298272e+03 2.827931e+01 -1.028835e+02 -3.904556e+02
<VARIANCE> 6
 1.725326e+03 3.416361e+06 3.771910e+06 2.463840e+04 1.337159e+05 5.205853e+07
<GCONST> 8.835103e+01
<MIXTURE> 5 2.007193e-01
<MEAN> 6
 5.615529e+01 -1.438348e+02 9.983996e+01 1.760682e+00 -4.639199e+02 -1.432993e+02
<VARIANCE> 6
 3.426084e+02 1.239938e+06 9.911123e+05 1.977846e+04 1.351460e+05 5.205853e+07
<GCONST> 8.417534e+01
<MIXTURE> 6 1.912429e-01
<MEAN> 6
 -3.182152e+01 -7.018933e+01 -4.248488e+01 8.985614e+00 2.161832e+02 -7.882419e+02
<VARIANCE> 6
 6.207592e+02 4.253554e+05 8.725676e+05 1.074753e+04 9.050445e+04 5.205853e+07
<GCONST> 8.256155e+01
<STATE> 10
<NUMMIXES> 6
<MIXTURE> 1 1.414318e-01
<MEAN> 6
 9.936529e+01 8.812242e+02 -7.095875e+02 -5.714512e+00 -6.896372e-01 2.797929e+02
<VARIANCE> 6
 1.415704e+02 5.704875e+05 2.934812e+05 3.003832e+02 4.056576e+04 5.205853e+07
<GCONST> 7.590749e+01
<MIXTURE> 2 2.399111e-01
<MEAN> 6
 8.287339e+01 -1.559554e+03 -1.367625e+03 -4.459439e+00 4.719164e+00 1.396723e+02
<VARIANCE> 6
 2.696463e+02 1.053586e+07 8.038815e+06 3.003832e+02 4.056576e+04 5.205853e+07
<GCONST> 8.277808e+01
<MIXTURE> 3 1.536577e-01
<MEAN> 6
 9.215679e+01 4.490739e+01 5.729404e+01 -3.768046e+00 -7.172539e+00 1.807047e+02
<VARIANCE> 6
 3.171015e+01 2.710614e+05 1.366667e+06 3.003832e+02 4.056576e+04 5.205853e+07
<GCONST> 7.520551e+01
<MIXTURE> 4 1.662203e-01
<MEAN> 6
 7.896232e+01 -8.447852e+02 8.788531e+02 -3.789765e+00 -4.417390e-01 1.336409e+02
<VARIANCE> 6
 6.786980e+01 2.123803e+05 2.291690e+06 3.003832e+02 4.056576e+04 5.205853e+07
<GCONST> 7.623940e+01
<MIXTURE> 5 1.454934e-01
<MEAN> 6
 8.746635e+01 1.149704e+03 -1.193522e+03 -4.437089e+00 -1.473558e+00 1.670005e+02
<VARIANCE> 6
 2.263458e+02 8.807141e+05 1.468986e+06 3.003832e+02 4.056576e+04 5.205853e+07
<GCONST> 7.842152e+01
<MIXTURE> 6 1.532411e-01
<MEAN> 6
 9.071429e+01 -2.167373e+02 -3.938403e+02 -3.997059e+00 -8.661987e+00 1.688553e+02
<VARIANCE> 6
 3.171015e+01 2.324813e+05 1.243498e+06 3.003832e+02 4.056576e+04 5.205853e+07
<GCONST> 7.495752e+01
<STATE> 11
<NUMMIXES> 6
<MIXTURE> 1 2.360243e-01
<MEAN> 6
 7.635989e+01 2.970083e+02 -9.983511e+00 -2.858246e+00 -2.892161e+00 6.627269e+01
<VARIANCE> 6
 3.171015e+01 2.106920e+05 2.532993e+05 3.003832e+02 4.056576e+04 5.205853e+07
<GCONST> 7.326800e+01
<MIXTURE> 2 2.120281e-01
<MEAN> 6
 5.840421e+01 5.514347e+02 6.695528e+01 3.293112e-01 1.686909e+00 -1.300208e+02
<VARIANCE> 6
 3.171015e+01 4.364009e+04 1.155935e+04 3.003832e+02 4.056576e+04 5.205853e+07
<GCONST> 6.860650e+01
<MIXTURE> 3 1.492351e-01
<MEAN> 6
 6.159284e+01 1.838946e+02 -1.054105e+02 2.512092e-01 -2.806573e+00 -1.250340e+02
<VARIANCE> 6
 3.171015e+01 3.551679e+04 1.155935e+04 3.003832e+02 4.056576e+04 5.205853e+07
<GCONST> 6.840053e+01
<MIXTURE> 4 1.728297e-01
<MEAN> 6
 5.913373e+01 2.954844e+01 -9.936594e+01 9.961884e-02 -2.771666e+00 -1.486227e+02
<VARIANCE> 6
 3.171015e+01 1.281363e+04 1.155935e+04 3.003832e+02 4.056576e+04 5.205853e+07
<GCONST> 6.738103e+01
<MIXTURE> 5 1.145235e-01
<MEAN> 6
 7.611642e+01 3.053013e+02 -1.621349e+02 -2.301141e+00 -2.409961e+00 4.927767e+01
<VARIANCE> 6
 3.171015e+01 3.635787e+05 1.548200e+05 3.003832e+02 4.056576e+04 5.205853e+07
<GCONST> 7.332129e+01
<MIXTURE> 6 1.152924e-01
<MEAN> 6
 7.474620e+01 8.257616e+01 -2.728388e+02 -2.375888e+00 -2.879534e+00 2.807614e+01
<VARIANCE> 6
 3.171015e+01 3.818030e+05 1.102890e+05 3.003832e+02 4.056576e+04 5.205853e+07
<GCONST> 7.303104e+01
<STATE> 12
<NUMMIXES> 6
<MIXTURE> 1 1.208398e-01
<MEAN> 6
 -3.482151e+01 6.357874e+01 -1.524693e+01 2.399185e-01 7.001939e+02 -1.108098e+03
<VARIANCE> 6
 3.547195e+02 6.736301e+04 2.278840e+05 1.908878e+04 3.661974e+05 1.097226e+08
<GCONST> 8.153429e+01
<MIXTURE> 2 1.468537e-01
<MEAN> 6
 1.712893e+01 3.259565e+01 4.976032e+01 -1.045659e+02 -1.029464e+02 3.320654e+03
<VARIANCE> 6
 1.673138e+03 1.443234e+05 4.022905e+04 3.069222e+04 9.888964e+05 3.249640e+08
<GCONST> 8.466721e+01
<MIXTURE> 3 2.513080e-01
<MEAN> 6
 3.631379e+01 -1.971230e+01 -2.147432e+01 6.200186e+01 -1.580542e+02 -5.293962e+02
<VARIANCE> 6
 5.386318e+02 8.368251e+04 6.108006e+04 1.915027e+04 5.485587e+04 5.205853e+07
<GCONST> 7.821144e+01
<MIXTURE> 4 1.342626e-01
<MEAN> 6
 7.003613e+01 -1.187830e+02 3.755488e+01 3.002433e-01 -2.897933e+02 3.516070e+02
<VARIANCE> 6
 1.412019e+02 2.549459e+05 3.697646e+04 4.899972e+03 1.434250e+05 5.205853e+07
<GCONST> 7.708273e+01
<MIXTURE> 5 2.194799e-01
<MEAN> 6
 -2.726037e+01 -4.520221e+01 -1.079457e+01 1.533593e+01 3.344170e+02 -6.883131e+02
<VARIANCE> 6
 3.508771e+02 6.560366e+04 2.399646e+04 1.474756e+04 1.227301e+05 5.205853e+07
<GCONST> 7.714920e+01
<MIXTURE> 6 1.270957e-01
<MEAN> 6
 6.748466e+01 -1.620385e+02 -2.049047e+01 -2.663745e+01 -5.021711e+02 -7.011018e+02
<VARIANCE> 6
 1.603708e+02 2.275871e+05 4.257935e+04 8.759267e+03 2.134489e+05 5.205853e+07
<GCONST> 7.821606e+01
<TRANSP> 13
 0.000000e+00 1.000000e+00 0.000000e+00 0.000000e+00 0.000000e+00 0.000000e+00 0.000000e+00 0.000000e+00 0.000000e+00 0.000000e+00 0.000000e+00 0.000000e+00 0.000000e+00
 0.000000e+00 9.980984e-01 1.901552e-03 0.000000e+00 0.000000e+00 0.000000e+00 0.000000e+00 0.000000e+00 0.000000e+00 0.000000e+00 0.000000e+00 0.000000e+00 0.000000e+00
 0.000000e+00 0.000000e+00 9.992174e-01 7.826104e-04 0.000000e+00 0.000000e+00 0.000000e+00 0.000000e+00 0.000000e+00 0.000000e+00 0.000000e+00 0.000000e+00 0.000000e+00
 0.000000e+00 0.000000e+00 0.000000e+00 9.991049e-01 8.951260e-04 0.000000e+00 0.000000e+00 0.000000e+00 0.000000e+00 0.000000e+00 0.000000e+00 0.000000e+00 0.000000e+00
 0.000000e+00 0.000000e+00 0.000000e+00 0.000000e+00 9.993050e-01 6.950035e-04 0.000000e+00 0.000000e+00 0.000000e+00 0.000000e+00 0.000000e+00 0.000000e+00 0.000000e+00
 0.000000e+00 0.000000e+00 0.000000e+00 0.000000e+00 0.000000e+00 9.986329e-01 1.367091e-03 0.000000e+00 0.000000e+00 0.000000e+00 0.000000e+00 0.000000e+00 0.000000e+00
 0.000000e+00 0.000000e+00 0.000000e+00 0.000000e+00 0.000000e+00 0.000000e+00 9.923615e-01 7.638495e-03 0.000000e+00 0.000000e+00 0.000000e+00 0.000000e+00 0.000000e+00
 0.000000e+00 0.000000e+00 0.000000e+00 0.000000e+00 0.000000e+00 0.000000e+00 0.000000e+00 9.998825e-01 1.175761e-04 0.000000e+00 0.000000e+00 0.000000e+00 0.000000e+00
 0.000000e+00 0.000000e+00 0.000000e+00 0.000000e+00 0.000000e+00 0.000000e+00 0.000000e+00 0.000000e+00 9.998241e-01 1.759074e-04 0.000000e+00 0.000000e+00 0.000000e+00
 0.000000e+00 0.000000e+00 0.000000e+00 0.000000e+00 0.000000e+00 0.000000e+00 0.000000e+00 0.000000e+00 0.000000e+00 9.992694e-01 7.306283e-04 0.000000e+00 0.000000e+00
 0.000000e+00 0.000000e+00 0.000000e+00 0.000000e+00 0.000000e+00 0.000000e+00 0.000000e+00 0.000000e+00 0.000000e+00 0.000000e+00 9.990888e-01 9.111759e-04 0.000000e+00
 0.000000e+00 0.000000e+00 0.000000e+00 0.000000e+00 0.000000e+00 0.000000e+00 0.000000e+00 0.000000e+00 0.000000e+00 0.000000e+00 0.000000e+00 9.998038e-01 1.962443e-04
 0.000000e+00 0.000000e+00 0.000000e+00 0.000000e+00 0.000000e+00 0.000000e+00 0.000000e+00 0.000000e+00 0.000000e+00 0.000000e+00 0.000000e+00 0.000000e+00 0.000000e+00
<ENDHMM>
~h "QuintoPRIMARIA"
<BEGINHMM>
<NUMSTATES> 13
<STATE> 2
<NUMMIXES> 6
<MIXTURE> 1 1.515792e-01
<MEAN> 6
 -4.120175e+01 -6.816185e+00 1.491936e+02 2.057567e+01 8.828337e+02 -1.506689e+03
<VARIANCE> 6
 5.052069e+02 2.243453e+05 1.999615e+05 3.459546e+04 4.121279e+05 1.497951e+08
<GCONST> 8.398441e+01
<MIXTURE> 2 1.243957e-01
<MEAN> 6
 1.874699e+01 -1.351928e+02 -1.027866e+01 -5.925183e+01 -3.774245e+01 3.664547e+03
<VARIANCE> 6
 2.903789e+03 1.387815e+06 8.898696e+05 5.757353e+04 2.357998e+06 9.057968e+08
<GCONST> 9.310158e+01
<MIXTURE> 3 2.588199e-01
<MEAN> 6
 7.050426e+01 -7.420754e+01 -6.833330e+01 -2.918638e+00 -2.914027e+01 -3.002551e+02
<VARIANCE> 6
 1.623857e+02 2.145664e+05 1.491538e+05 3.003832e+02 4.056576e+04 5.205853e+07
<GCONST> 7.438996e+01
<MIXTURE> 4 1.550795e-01
<MEAN> 6
 5.775559e+01 9.938166e+01 2.692365e+01 1.909643e+01 -4.896109e+02 5.437981e+02
<VARIANCE> 6
 7.179235e+02 1.311242e+05 8.353188e+04 3.291010e+04 2.661528e+05 8.841706e+07
<GCONST> 8.191145e+01
<MIXTURE> 5 1.535699e-01
<MEAN> 6
 -3.957059e+01 -8.983829e+00 -3.669990e+00 2.362805e+01 4.006088e+02 -3.990715e+01
<VARIANCE> 6
 5.113624e+02 5.534914e+04 6.011573e+04 1.513122e+04 1.402253e+05 5.205853e+07
<GCONST> 7.843318e+01
<MIXTURE> 6 1.560851e-01
<MEAN> 6
 5.063251e+01 -2.215280e+01 -5.855398e+01 -3.289044e+01 -6.243231e+02 -1.231412e+03
<VARIANCE> 6
 8.596617e+02 1.206655e+05 9.896639e+04 3.975190e+04 3.282271e+05 9.938924e+07
<GCONST> 8.269354e+01
<STATE> 3
<NUMMIXES> 6
<MIXTURE> 1 1.912624e-01
<MEAN> 6
 6.336592e+01 8.676701e+01 2.311525e+01 1.367114e+02 -4.047834e+02 7.540737e+01
<VARIANCE> 6
 6.192889e+02 3.461974e+04 2.352807e+04 6.331576e+03 2.215702e+05 5.804782e+07
<GCONST> 7.691254e+01
<MIXTURE> 2 1.836554e-01
<MEAN> 6
 9.086988e+01 4.275442e+01 3.020859e+00 6.045118e+01 -1.153541e+03 5.331230e+03
<VARIANCE> 6
 1.391373e+02 9.193063e+05 7.070438e+05 1.179846e+04 1.727956e+06 1.053014e+09
<GCONST> 8.767605e+01
<MIXTURE> 3 1.868224e-01
<MEAN> 6
 1.770423e+01 3.818472e+02 3.135255e+02 3.125634e+02 -4.895539e+00 -1.153633e+04
<VARIANCE> 6
 9.820327e+02 8.857928e+05 2.160448e+05 6.665631e+03 7.722051e+05 1.705284e+08
<GCONST> 8.521051e+01
<MIXTURE> 4 1.372285e-01
<MEAN> 6
 1.746786e+01 -6.471029e+01 1.183842e+02 2.088515e+02 2.469007e+01 -1.044341e+03
<VARIANCE> 6
 5.760169e+02 1.280612e+05 2.626506e+05 3.013135e+03 1.478679e+05 5.205853e+07
<GCONST> 7.930493e+01
<MIXTURE> 5 1.683335e-01
<MEAN> 6
 6.558098e+01 1.315006e+02 -2.697606e+02 1.343428e+02 -5.186653e+02 -6.331880e+02
<VARIANCE> 6
 2.932266e+02 2.505365e+05 1.679613e+05 3.914397e+03 1.736944e+05 5.205853e+07
<GCONST> 7.927641e+01
<MIXTURE> 6 1.326858e-01
<MEAN> 6
 1.324299e+01 -1.913165e+02 -1.416027e+02 1.857265e+02 -3.254708e+01 -2.125560e+03
<VARIANCE> 6
 5.071913e+02 1.481922e+05 3.573857e+05 4.042678e+03 1.318306e+05 5.205853e+07
<GCONST> 7.981080e+01
<STATE> 4
<NUMMIXES> 6
<MIXTURE> 1 9.075101e-02
<MEAN> 6
 7.159969e+01 -3.541777e+01 3.324670e+03 3.473288e-01 -2.357002e+00 -7.462732e+01
<VARIANCE> 6
 3.171015e+01 1.281363e+04 1.155935e+04 3.003832e+02 4.056576e+04 5.205853e+07
<GCONST> 6.738103e+01
<MIXTURE> 2 2.106975e-01
<MEAN> 6
 9.776679e+01 6.383592e+02 1.870748e+02 -7.360102e+00 -1.223499e+00 3.766299e+02
<VARIANCE> 6
 3.171015e+01 1.695574e+05 5.077761e+04 3.003832e+02 4.056576e+04 5.205853e+07
<GCONST> 7.144368e+01
<MIXTURE> 3 1.485362e-01
<MEAN> 6
 9.829492e+01 1.403214e+02 -1.481774e+02 -7.240186e+00 2.641337e+00 1.913015e+02
<VARIANCE> 6
 3.171015e+01 2.064520e+05 3.054081e+04 3.003832e+02 4.056576e+04 5.205853e+07
<GCONST> 7.113216e+01
<MIXTURE> 4 2.111351e-01
<MEAN> 6
 8.005728e+01 -5.659607e+02 1.626412e+03 -1.001690e+00 -6.429693e-01 -3.247144e+01
<VARIANCE> 6
 3.171015e+01 3.559470e+04 4.351631e+05 3.003832e+02 4.056576e+04 5.205853e+07
<GCONST> 7.203094e+01
<MIXTURE> 5 1.944156e-01
<MEAN> 6
 7.497684e+01 -4.028566e+02 1.128527e+03 -8.046690e-01 -2.362217e+00 -2.214713e+01
<VARIANCE> 6
 3.171015e+01 1.281363e+04 7.528427e+05 3.003832e+02 4.056576e+04 5.205853e+07
<GCONST> 7.155740e+01
<MIXTURE> 6 1.444629e-01
<MEAN> 6
 9.595116e+01 1.286896e+02 -2.066650e+02 -6.698426e+00 -1.150819e+01 2.204768e+02
<VARIANCE> 6
 4.951952e+01 3.123087e+05 3.000505e+04 3.003832e+02 4.056576e+04 5.205853e+07
<GCONST> 7.197412e+01
<STATE> 5
<NUMMIXES> 6
<MIXTURE> 1 1.710237e-01
<MEAN> 6
 7.319925e+01 -1.237036e+03 -9.218010e+02 1.275348e-01 -1.749235e+01 2.482403e+02
<VARIANCE> 6
 3.171015e+01 5.041375e+05 1.481904e+05 3.003832e+02 4.056576e+04 5.205853e+07
<GCONST> 7.360438e+01
<MIXTURE> 2 1.629042e-01
<MEAN> 6
 5.934080e+01 -3.351552e+02 -1.275688e+03 2.065814e+00 -2.830649e+00 -1.216679e+02
<VARIANCE> 6
 3.171015e+01 1.281363e+04 2.319238e+04 3.003832e+02 4.056576e+04 5.205853e+07
<GCONST> 6.807736e+01
<MIXTURE> 3 2.368878e-01
<MEAN> 6
 5.709466e+01 -8.779743e+03 -1.989000e+03 -6.268610e-01 -7.151389e+00 -8.296881e+01
<VARIANCE> 6
 3.171015e+01 2.081946e+07 3.270655e+04 3.003832e+02 4.056576e+04 5.205853e+07
<GCONST> 7.581425e+01
<MIXTURE> 4 1.381363e-01
<MEAN> 6
 7.041461e+01 -7.157331e+02 -1.583847e+03 -5.143979e-01 -5.049468e+00 -3.800317e+01
<VARIANCE> 6
 3.171015e+01 1.281363e+04 2.514783e+04 3.003832e+02 4.056576e+04 5.205853e+07
<GCONST> 6.815831e+01
<MIXTURE> 5 1.536454e-01
<MEAN> 6
 5.844732e+01 -3.730844e+02 -1.433161e+03 3.126516e+00 1.220658e+00 -1.016664e+02
<VARIANCE> 6
 3.171015e+01 1.281363e+04 3.058117e+04 3.003832e+02 4.056576e+04 5.205853e+07
<GCONST> 6.835393e+01
<MIXTURE> 6 1.373997e-01
<MEAN> 6
 7.017886e+01 -6.955451e+02 -1.632089e+03 -7.584538e-01 -9.551133e+00 -9.687187e+01
<VARIANCE> 6
 3.171015e+01 1.281363e+04 2.392035e+04 3.003832e+02 4.056576e+04 5.205853e+07
<GCONST> 6.810827e+01
<STATE> 6
<NUMMIXES> 6
<MIXTURE> 1 1.030794e-01
<MEAN> 6
 6.949496e+01 3.845761e+03 -6.542020e+02 -1.310205e+00 1.086122e+00 -1.416940e+01
<VARIANCE> 6
 3.171015e+01 1.402662e+06 1.155935e+04 3.003832e+02 4.056576e+04 5.205853e+07
<GCONST> 7.207665e+01
<MIXTURE> 2 1.845757e-01
<MEAN> 6
 7.473193e+01 1.953064e+03 4.825727e+02 -2.151693e+00 5.893737e-01 -1.511893e+02
<VARIANCE> 6
 3.429292e+01 1.614405e+05 6.070606e+05 3.003832e+02 4.056576e+04 5.205853e+07
<GCONST> 7.395409e+01
<MIXTURE> 3 1.374896e-01
<MEAN> 6
 6.617744e+01 1.351460e+03 1.108784e+03 1.337100e+00 -3.123912e+00 -6.358958e+01
<VARIANCE> 6
 9.397730e+01 1.618352e+04 6.971606e+04 3.003832e+02 4.056576e+04 5.205853e+07
<GCONST> 7.049787e+01
<MIXTURE> 4 1.747132e-01
<MEAN> 6
 6.625522e+01 1.282093e+03 -8.441854e+02 -2.389161e-01 -6.177590e-01 -7.009402e+01
<VARIANCE> 6
 3.171015e+01 2.367783e+04 1.512717e+05 3.003832e+02 4.056576e+04 5.205853e+07
<GCONST> 7.056665e+01
<MIXTURE> 5 2.342659e-01
<MEAN> 6
 7.646284e+01 1.265768e+03 2.565516e+01 -4.975440e+00 -1.045622e-01 9.184215e+01
<VARIANCE> 6
 3.507941e+01 2.132081e+05 1.419292e+05 3.003832e+02 4.056576e+04 5.205853e+07
<GCONST> 7.280161e+01
<MIXTURE> 6 1.658625e-01
<MEAN> 6
 6.461907e+01 1.129786e+03 -1.112419e+03 2.858359e-02 -2.178892e+00 -9.095667e+01
<VARIANCE> 6
 3.171015e+01 2.910738e+04 2.054609e+05 3.003832e+02 4.056576e+04 5.205853e+07
<GCONST> 7.107928e+01
<STATE> 7
<NUMMIXES> 6
<MIXTURE> 1 1.173849e-01
<MEAN> 6
 7.295454e+01 2.182791e+01 4.421702e+02 -3.305256e+00 -4.396205e-01 -4.610276e+01
<VARIANCE> 6
 3.171015e+01 1.281363e+04 5.076256e+04 3.003832e+02 4.056576e+04 5.205853e+07
<GCONST> 6.886070e+01
<MIXTURE> 2 1.490511e-01
<MEAN> 6
 6.414717e+01 1.169461e+02 -6.282551e+00 -2.587127e+00 4.506466e+00 7.203455e+01
<VARIANCE> 6
 3.171015e+01 1.281363e+04 2.804325e+04 3.003832e+02 4.056576e+04 5.205853e+07
<GCONST> 6.826729e+01
<MIXTURE> 3 2.420019e-01
<MEAN> 6
 7.016496e+01 1.414813e+02 1.235240e+02 -4.500858e+00 5.032443e+00 6.264537e+01
<VARIANCE> 6
 5.416998e+01 2.695035e+04 1.155935e+04 3.003832e+02 4.056576e+04 5.205853e+07
<GCONST> 6.866001e+01
<MIXTURE> 4 2.130163e-01
<MEAN> 6
 6.083368e+01 -1.527539e+01 -2.158781e+02 -1.620103e+00 -4.730989e+00 -5.567699e+01
<VARIANCE> 6
 3.171015e+01 1.281363e+04 1.693087e+05 3.003832e+02 4.056576e+04 5.205853e+07
<GCONST> 7.006526e+01
<MIXTURE> 5 1.636655e-01
<MEAN> 6
 6.329986e+01 5.909822e+01 -1.974188e+02 -1.801737e+00 4.671344e+00 2.101308e+01
<VARIANCE> 6
 3.171015e+01 1.281363e+04 1.155935e+04 3.003832e+02 4.056576e+04 5.205853e+07
<GCONST> 6.738103e+01
<MIXTURE> 6 1.148720e-01
<MEAN> 6
 7.271951e+01 9.851104e+00 3.768089e+02 -3.321258e+00 -3.371974e+00 -8.639643e+00
<VARIANCE> 6
 3.171015e+01 1.281363e+04 5.645716e+04 3.003832e+02 4.056576e+04 5.205853e+07
<GCONST> 6.896703e+01
<STATE> 8
<NUMMIXES> 6
<MIXTURE> 1 1.909216e-01
<MEAN> 6
 8.755511e+01 4.445377e+01 8.860870e+01 -2.601049e+00 -6.788333e-01 3.098773e+01
<VARIANCE> 6
 3.171015e+01 1.281363e+04 1.155935e+04 3.003832e+02 4.056576e+04 5.205853e+07
<GCONST> 6.738103e+01
<MIXTURE> 2 1.375910e-01
<MEAN> 6
 8.329803e+01 -2.074283e+01 -2.663533e+02 -1.014037e+00 1.154233e+00 -9.663322e+00
<VARIANCE> 6
 3.171015e+01 2.232512e+04 1.155935e+04 3.003832e+02 4.056576e+04 5.205853e+07
<GCONST> 6.793623e+01
<MIXTURE> 3 1.671747e-01
<MEAN> 6
 8.652963e+01 -7.512510e+01 -1.555170e+02 -2.036380e+00 -2.147750e+00 -7.017339e+01
<VARIANCE> 6
 3.171015e+01 4.728195e+04 2.634527e+04 3.003832e+02 4.056576e+04 5.205853e+07
<GCONST> 6.951044e+01
<MIXTURE> 4 1.505660e-01
<MEAN> 6
 8.177631e+01 -1.020448e+02 -5.024522e+02 -2.784521e+00 -8.337017e+00 7.544258e+00
<VARIANCE> 6
 4.417565e+01 4.329478e+04 9.490829e+04 3.003832e+02 4.056576e+04 5.205853e+07
<GCONST> 7.103551e+01
<MIXTURE> 5 2.140725e-01
<MEAN> 6
 8.814301e+01 -1.193776e+02 3.726973e+01 -2.928971e+00 1.600104e-01 2.575838e+00
<VARIANCE> 6
 3.171015e+01 2.062228e+04 1.155935e+04 3.003832e+02 4.056576e+04 5.205853e+07
<GCONST> 6.785690e+01
<MIXTURE> 6 1.396583e-01
<MEAN> 6
 8.064423e+01 -1.486980e+02 -3.128055e+02 -1.847906e+00 1.101907e+00 1.286414e+01
<VARIANCE> 6
 3.171015e+01 2.730612e+04 1.155935e+04 3.003832e+02 4.056576e+04 5.205853e+07
<GCONST> 6.813763e+01
<STATE> 9
<NUMMIXES> 6
<MIXTURE> 1 2.424267e-01
<MEAN> 6
 8.432857e+01 4.738628e+02 -7.346639e+02 -1.602770e+00 1.111392e+00 -4.068423e+01
<VARIANCE> 6
 3.171015e+01 1.595719e+04 2.892459e+05 3.003832e+02 4.056576e+04 5.205853e+07
<GCONST> 7.082021e+01
<MIXTURE> 2 1.440091e-01
<MEAN> 6
 8.253870e+01 3.519094e+02 3.921448e+03 7.495117e-03 -3.055678e+00 -1.364967e+02
<VARIANCE> 6
 1.033173e+02 4.504121e+04 8.291602e+04 3.003832e+02 4.056576e+04 5.205853e+07
<GCONST> 7.178960e+01
<MIXTURE> 3 2.344177e-01
<MEAN> 6
 6.226716e+01 4.124234e+02 -3.073658e+03 4.130070e-01 -5.423191e+00 -7.615137e+01
<VARIANCE> 6
 3.171015e+01 9.808227e+04 6.301440e+04 3.003832e+02 4.056576e+04 5.205853e+07
<GCONST> 7.111220e+01
<MIXTURE> 4 1.383026e-01
<MEAN> 6
 5.242374e+01 4.787267e+02 -7.018820e+02 1.190419e+00 -2.924821e+00 -9.182675e+01
<VARIANCE> 6
 3.171015e+01 1.281363e+04 4.826440e+06 3.003832e+02 4.056576e+04 5.205853e+07
<GCONST> 7.341541e+01
<MIXTURE> 5 1.144558e-01
<MEAN> 6
 7.189925e+01 6.161684e+02 2.894281e+03 -5.834510e-01 -6.668458e+00 -1.006601e+02
<VARIANCE> 6
 3.171015e+01 2.045903e+04 1.550487e+06 3.003832e+02 4.056576e+04 5.205853e+07
<GCONST> 7.274778e+01
<MIXTURE> 6 1.263715e-01
<MEAN> 6
 5.150859e+01 4.125411e+02 -1.692941e+03 3.691428e+00 -1.065636e+01 -8.186725e+01
<VARIANCE> 6
 3.171015e+01 2.177092e+04 1.333649e+07 3.003832e+02 4.056576e+04 5.205853e+07
<GCONST> 7.496186e+01
<STATE> 10
<NUMMIXES> 6
<MIXTURE> 1 2.355396e-01
<MEAN> 6
 7.786665e+01 -2.641418e+02 2.624938e+02 -2.704042e+00 -5.105348e+00 9.545941e+01
<VARIANCE> 6
 3.171015e+01 1.391638e+04 4.579580e+04 3.003832e+02 4.056576e+04 5.205853e+07
<GCONST> 6.884029e+01
<MIXTURE> 2 7.964751e-02
<MEAN> 6
 5.604285e+01 -1.106958e+03 8.226722e+02 -6.268390e-01 -6.823085e+00 -1.822680e+02
<VARIANCE> 6
 3.171015e+01 1.281363e+04 1.155935e+04 3.003832e+02 4.056576e+04 5.205853e+07
<GCONST> 6.738103e+01
<MIXTURE> 3 1.594166e-01
<MEAN> 6
 7.893324e+01 -5.421638e+02 7.735117e+01 -3.782395e+00 -1.102282e+00 -1.927783e+01
<VARIANCE> 6
 3.171015e+01 1.162889e+05 2.353145e+04 3.003832e+02 4.056576e+04 5.205853e+07
<GCONST> 7.029744e+01
<MIXTURE> 4 1.334159e-01
<MEAN> 6
 7.833421e+01 -6.818583e+02 -1.430918e+01 -2.820446e+00 4.010395e+00 -3.180682e+01
<VARIANCE> 6
 3.171015e+01 4.429679e+04 2.077160e+04 3.003832e+02 4.056576e+04 5.205853e+07
<GCONST> 6.920753e+01
<MIXTURE> 5 2.552049e-01
<MEAN> 6
 7.861548e+01 -3.721029e+02 1.044179e+02 -4.020342e+00 2.790128e+00 -5.205019e+01
<VARIANCE> 6
 3.171015e+01 1.281363e+04 2.570008e+04 3.003832e+02 4.056576e+04 5.205853e+07
<GCONST> 6.818003e+01
<MIXTURE> 6 1.367689e-01
<MEAN> 6
 7.762682e+01 -7.457213e+02 -7.112974e+01 -2.269651e+00 1.202310e+00 -4.795737e+01
<VARIANCE> 6
 3.171015e+01 3.673576e+04 1.667729e+04 3.003832e+02 4.056576e+04 5.205853e+07
<GCONST> 6.880083e+01
<STATE> 11
<NUMMIXES> 6
<MIXTURE> 1 1.670884e-01
<MEAN> 6
 6.327511e+01 3.580955e+02 -4.965123e+02 -8.490327e+01 -8.315440e+02 -6.190955e+03
<VARIANCE> 6
 1.564433e+02 6.290872e+05 2.605747e+06 2.184963e+03 1.707096e+05 9.037627e+07
<GCONST> 8.226177e+01
<MIXTURE> 2 9.659350e-02
<MEAN> 6
 6.312124e+01 3.689908e+02 1.127586e+03 -2.024128e+02 -2.192068e+03 -4.224677e+03
<VARIANCE> 6
 1.493629e+02 7.421895e+05 3.694012e+06 1.048907e+04 8.818998e+05 9.584734e+08
<GCONST> 8.830200e+01
<MIXTURE> 3 1.561994e-01
<MEAN> 6
 -2.903168e+01 1.529827e+02 -8.811848e+02 -3.509636e+02 1.128051e+03 2.985755e+04
<VARIANCE> 6
 3.065516e+02 3.525843e+06 3.913138e+06 1.837498e+04 2.882308e+06 1.359105e+09
<GCONST> 9.273106e+01
<MIXTURE> 4 1.865039e-01
<MEAN> 6
 -6.115294e+01 1.102553e+02 -1.695904e+03 -4.811714e+01 1.521200e+03 -6.709470e+03
<VARIANCE> 6
 3.124116e+02 5.476890e+05 6.970644e+06 3.379446e+04 1.161658e+06 4.991154e+08
<GCONST> 9.016402e+01
<MIXTURE> 5 2.324447e-01
<MEAN> 6
 2.306527e+01 4.270624e+02 -8.945646e+02 -3.075158e+02 -9.572043e+02 4.163335e+03
<VARIANCE> 6
 3.148689e+02 2.219078e+06 5.199088e+06 9.486229e+03 4.594886e+05 2.026654e+08
<GCONST> 8.817855e+01
<MIXTURE> 6 1.611643e-01
<MEAN> 6
 -6.105624e+01 -1.169861e+02 -3.050781e+03 -8.570968e+01 1.373230e+03 -8.125222e+03
<VARIANCE> 6
 5.038708e+02 7.721398e+05 1.466486e+07 3.413800e+04 1.926366e+06 7.784677e+08
<GCONST> 9.268962e+01
<STATE> 12
<NUMMIXES> 6
<MIXTURE> 1 2.571255e-02
<MEAN> 6
 -4.438428e+00 1.501304e+02 9.758743e+01 -1.975149e+01 -1.494270e+01 2.584481e+03
<VARIANCE> 6
 1.122792e+04 2.009511e+05 4.404638e+05 1.694974e+06 9.218076e+08 1.355471e+12
<GCONST> 1.084800e+02
<MIXTURE> 2 1.336593e-01
<MEAN> 6
 8.506159e+01 2.136270e+02 6.382635e+02 -1.559701e+00 -1.950378e+01 -4.832071e+01
<VARIANCE> 6
 2.300384e+02 9.033478e+05 2.171522e+06 3.003832e+02 4.056576e+04 5.205853e+07
<GCONST> 7.885393e+01
<MIXTURE> 3 2.065916e-01
<MEAN> 6
 1.922715e+01 2.794316e+02 -4.666176e+02 -6.626274e+01 -4.491694e+01 1.609179e+03
<VARIANCE> 6
 3.736434e+03 1.661541e+06 4.691128e+06 4.162861e+04 1.772825e+06 7.443651e+08
<GCONST> 9.439026e+01
<MIXTURE> 4 2.366893e-01
<MEAN> 6
 -4.971349e+01 -1.482338e+02 4.099670e+01 5.902537e+01 4.958760e+02 -6.277426e+02
<VARIANCE> 6
 6.641069e+02 3.447287e+05 1.188198e+06 1.668911e+04 2.355469e+05 5.505605e+07
<GCONST> 8.418021e+01
<MIXTURE> 5 2.665676e-01
<MEAN> 6
 4.617598e+01 -1.485642e+02 9.026457e+01 2.103412e+01 -3.800839e+02 -8.485496e+02
<VARIANCE> 6
 1.480867e+03 5.656273e+05 1.235882e+06 3.335974e+04 2.082310e+05 5.312880e+07
<GCONST> 8.605037e+01
<MIXTURE> 6 1.304926e-01
<MEAN> 6
 8.219801e+01 -2.094315e+01 1.584062e+02 -2.489013e+00 -4.233286e+01 -2.516658e+02
<VARIANCE> 6
 2.608416e+02 8.078009e+05 1.806784e+06 3.003832e+02 4.056576e+04 5.205853e+07
<GCONST> 7.868392e+01
<TRANSP> 13
 0.000000e+00 1.000000e+00 0.000000e+00 0.000000e+00 0.000000e+00 0.000000e+00 0.000000e+00 0.000000e+00 0.000000e+00 0.000000e+00 0.000000e+00 0.000000e+00 0.000000e+00
 0.000000e+00 9.999306e-01 6.942881e-05 0.000000e+00 0.000000e+00 0.000000e+00 0.000000e+00 0.000000e+00 0.000000e+00 0.000000e+00 0.000000e+00 0.000000e+00 0.000000e+00
 0.000000e+00 0.000000e+00 9.972851e-01 2.714955e-03 0.000000e+00 0.000000e+00 0.000000e+00 0.000000e+00 0.000000e+00 0.000000e+00 0.000000e+00 0.000000e+00 0.000000e+00
 0.000000e+00 0.000000e+00 0.000000e+00 9.982861e-01 1.713948e-03 0.000000e+00 0.000000e+00 0.000000e+00 0.000000e+00 0.000000e+00 0.000000e+00 0.000000e+00 0.000000e+00
 0.000000e+00 0.000000e+00 0.000000e+00 0.000000e+00 9.959065e-01 4.093545e-03 0.000000e+00 0.000000e+00 0.000000e+00 0.000000e+00 0.000000e+00 0.000000e+00 0.000000e+00
 0.000000e+00 0.000000e+00 0.000000e+00 0.000000e+00 0.000000e+00 9.979826e-01 2.017348e-03 0.000000e+00 0.000000e+00 0.000000e+00 0.000000e+00 0.000000e+00 0.000000e+00
 0.000000e+00 0.000000e+00 0.000000e+00 0.000000e+00 0.000000e+00 0.000000e+00 9.983881e-01 1.611919e-03 0.000000e+00 0.000000e+00 0.000000e+00 0.000000e+00 0.000000e+00
 0.000000e+00 0.000000e+00 0.000000e+00 0.000000e+00 0.000000e+00 0.000000e+00 0.000000e+00 9.985632e-01 1.436734e-03 0.000000e+00 0.000000e+00 0.000000e+00 0.000000e+00
 0.000000e+00 0.000000e+00 0.000000e+00 0.000000e+00 0.000000e+00 0.000000e+00 0.000000e+00 0.000000e+00 9.984689e-01 1.531087e-03 0.000000e+00 0.000000e+00 0.000000e+00
 0.000000e+00 0.000000e+00 0.000000e+00 0.000000e+00 0.000000e+00 0.000000e+00 0.000000e+00 0.000000e+00 0.000000e+00 9.980048e-01 1.995254e-03 0.000000e+00 0.000000e+00
 0.000000e+00 0.000000e+00 0.000000e+00 0.000000e+00 0.000000e+00 0.000000e+00 0.000000e+00 0.000000e+00 0.000000e+00 0.000000e+00 9.952594e-01 4.740607e-03 0.000000e+00
 0.000000e+00 0.000000e+00 0.000000e+00 0.000000e+00 0.000000e+00 0.000000e+00 0.000000e+00 0.000000e+00 0.000000e+00 0.000000e+00 0.000000e+00 9.998886e-01 1.113923e-04
 0.000000e+00 0.000000e+00 0.000000e+00 0.000000e+00 0.000000e+00 0.000000e+00 0.000000e+00 0.000000e+00 0.000000e+00 0.000000e+00 0.000000e+00 0.000000e+00 0.000000e+00
<ENDHMM>
