~o
<STREAMINFO> 1 6
<VECSIZE> 6<NULLD><USER><DIAGC>
~h "SegundoPRIMARIA"
<BEGINHMM>
<NUMSTATES> 5
<STATE> 2
<NUMMIXES> 7
<MIXTURE> 1 1.562973e-01
<MEAN> 6
 8.618679e+01 4.409529e+02 9.360035e+00 -3.245891e+00 -4.120398e+01 -1.775158e+02
<VARIANCE> 6
 2.798431e+02 1.551525e+06 1.036413e+06 3.028640e+02 4.053393e+04 5.195771e+07
<GCONST> 7.885664e+01
<MIXTURE> 2 7.113705e-02
<MEAN> 6
 3.350462e+01 -5.030911e+02 -4.035064e+01 -5.188576e+01 -9.250615e+00 1.590293e+03
<VARIANCE> 6
 5.283466e+03 2.744579e+07 1.541834e+06 6.120256e+04 4.814420e+06 2.870973e+09
<GCONST> 9.916279e+01
<MIXTURE> 3 2.222791e-01
<MEAN> 6
 1.249926e+01 -4.495502e+01 9.568443e+01 9.413764e+01 9.332143e+01 -2.175711e+03
<VARIANCE> 6
 3.010274e+03 3.777136e+05 5.954882e+05 3.321452e+04 5.232825e+05 5.503502e+07
<GCONST> 8.657818e+01
<MIXTURE> 4 1.135457e-01
<MEAN> 6
 -6.686392e+01 7.228039e+01 -2.150299e+02 5.209788e+00 2.635108e+02 4.718072e+02
<VARIANCE> 6
 2.399255e+02 4.467616e+05 1.275087e+06 1.701557e+03 1.104609e+05 5.214736e+07
<GCONST> 8.039720e+01
<MIXTURE> 5 1.219463e-01
<MEAN> 6
 2.942197e+01 3.196717e+01 8.895981e+01 -4.293542e+01 -1.563851e+02 2.123680e+03
<VARIANCE> 6
 3.611032e+03 4.167324e+05 2.052022e+06 5.363929e+04 1.395796e+06 3.621859e+08
<GCONST> 9.144023e+01
<MIXTURE> 6 1.928996e-01
<MEAN> 6
 7.955064e+01 -4.776171e+01 9.727268e+01 -8.136740e-01 -2.391465e+01 -1.752798e+02
<VARIANCE> 6
 2.454311e+02 3.817699e+05 3.117651e+06 3.028640e+02 4.053393e+04 5.195771e+07
<GCONST> 7.842456e+01
<MIXTURE> 7 1.214510e-01
<MEAN> 6
 2.494061e+01 -1.318444e+02 -1.747706e+02 -9.660601e+01 -1.560820e+02 9.484364e+02
<VARIANCE> 6
 3.495405e+03 4.211752e+05 1.705174e+06 4.907796e+04 1.581913e+06 3.437777e+08
<GCONST> 9.121727e+01
<STATE> 3
<NUMMIXES> 7
<MIXTURE> 1 7.425125e-02
<MEAN> 6
 1.045518e+02 -7.766016e+02 1.716093e+02 -5.653882e+00 -7.551310e-01 -9.294480e+01
<VARIANCE> 6
 1.827655e+02 5.156371e+06 9.314879e+04 3.028640e+02 4.053393e+04 5.195771e+07
<GCONST> 7.722228e+01
<MIXTURE> 2 1.654061e-01
<MEAN> 6
 8.665482e+01 2.177195e+02 2.565301e+02 -1.570958e+00 -3.656717e+00 -3.778698e+01
<VARIANCE> 6
 5.357755e+01 1.750201e+05 3.779811e+04 3.028640e+02 4.053393e+04 5.195771e+07
<GCONST> 7.171018e+01
<MIXTURE> 3 1.254214e-01
<MEAN> 6
 7.752205e+01 4.744360e+01 -1.934007e+02 -5.449411e-01 -3.379857e+00 -1.203581e+02
<VARIANCE> 6
 7.570770e+01 1.082105e+04 1.056656e+05 3.028640e+02 4.053393e+04 5.195771e+07
<GCONST> 7.030054e+01
<MIXTURE> 4 1.745515e-01
<MEAN> 6
 6.472565e+01 2.218369e+02 -1.972162e+02 5.027321e-01 5.038085e-01 -9.831189e+01
<VARIANCE> 6
 4.165337e+01 2.850490e+05 3.863125e+04 3.028640e+02 4.053393e+04 5.195771e+07
<GCONST> 7.196800e+01
<MIXTURE> 5 2.118871e-01
<MEAN> 6
 7.143958e+01 -1.725305e+02 7.405946e+01 -8.125910e-02 -3.206183e-01 -9.663792e+01
<VARIANCE> 6
 6.779343e+01 1.235516e+05 5.589034e+04 3.028640e+02 4.053393e+04 5.195771e+07
<GCONST> 7.198841e+01
<MIXTURE> 6 1.250537e-01
<MEAN> 6
 6.880379e+01 -5.641811e+02 -5.357938e+02 -6.484230e-01 -2.040670e+00 -7.669973e+01
<VARIANCE> 6
 5.890616e+01 4.414599e+05 1.321777e+05 3.028640e+02 4.053393e+04 5.195771e+07
<GCONST> 7.398207e+01
<MIXTURE> 7 1.233033e-01
<MEAN> 6
 7.276735e+01 2.015550e+01 -3.629792e+02 -1.363569e-02 -3.700776e+00 -1.370424e+02
<VARIANCE> 6
 5.682559e+01 1.053086e+04 1.697871e+05 3.028640e+02 4.053393e+04 5.195771e+07
<GCONST> 7.046074e+01
<STATE> 4
<NUMMIXES> 7
<MIXTURE> 1 8.010728e-03
<MEAN> 6
 1.494551e+01 3.338353e+01 1.330254e+02 4.023431e+01 -4.783602e+02 5.073228e+03
<VARIANCE> 6
 9.087800e+03 2.074916e+06 1.595541e+06 1.043820e+06 5.685603e+08 8.226968e+11
<GCONST> 1.104230e+02
<MIXTURE> 2 1.510386e-01
<MEAN> 6
 -1.797798e+01 1.669552e+02 7.077370e+01 1.322866e+02 4.810671e+02 -1.640612e+03
<VARIANCE> 6
 1.213498e+03 1.874976e+05 6.239107e+04 2.391690e+04 3.233005e+05 6.511148e+07
<GCONST> 8.207152e+01
<MIXTURE> 3 1.322796e-01
<MEAN> 6
 7.046382e+01 -1.013894e+01 6.986772e+01 5.182831e+00 -8.008697e+02 -5.838898e+02
<VARIANCE> 6
 2.327509e+03 5.977498e+05 5.265332e+05 5.526546e+04 2.083977e+06 1.057904e+09
<GCONST> 9.150406e+01
<MIXTURE> 4 1.813973e-01
<MEAN> 6
 9.620975e+01 -1.378346e+02 -7.152505e+01 -5.521537e+00 -3.096736e+01 -2.465591e+02
<VARIANCE> 6
 2.136308e+02 3.725836e+05 1.405165e+05 3.028640e+02 4.053393e+04 5.195771e+07
<GCONST> 7.516193e+01
<MIXTURE> 5 1.229288e-01
<MEAN> 6
 -2.460064e+01 5.727974e+01 3.159940e+01 -1.978301e+02 1.073947e+03 5.858324e+03
<VARIANCE> 6
 1.089869e+03 1.042606e+05 1.491410e+05 3.814992e+04 1.550068e+06 7.967948e+08
<GCONST> 8.678757e+01
<MIXTURE> 6 2.466702e-01
<MEAN> 6
 7.468810e+01 2.636910e+01 3.799781e+01 -5.584811e+00 -6.717178e+02 -8.292849e+02
<VARIANCE> 6
 6.018810e+02 1.276116e+05 7.848797e+04 3.925175e+04 3.295663e+05 9.700051e+07
<GCONST> 8.212828e+01
<MIXTURE> 7 1.567944e-01
<MEAN> 6
 -4.002419e+01 -1.391509e+01 -3.275628e+01 3.957219e+01 4.872975e+02 -1.095640e+03
<VARIANCE> 6
 7.367830e+02 1.639562e+05 1.087859e+05 1.804309e+04 2.261198e+05 6.098096e+07
<GCONST> 8.128946e+01
<TRANSP> 5
 0.000000e+00 1.000000e+00 0.000000e+00 0.000000e+00 0.000000e+00
 0.000000e+00 9.998521e-01 1.479108e-04 0.000000e+00 0.000000e+00
 0.000000e+00 0.000000e+00 9.996703e-01 3.296719e-04 0.000000e+00
 0.000000e+00 0.000000e+00 0.000000e+00 9.999413e-01 5.865088e-05
 0.000000e+00 0.000000e+00 0.000000e+00 0.000000e+00 0.000000e+00
<ENDHMM>
~h "SegundoESO"
<BEGINHMM>
<NUMSTATES> 5
<STATE> 2
<NUMMIXES> 7
<MIXTURE> 1 8.760976e-02
<MEAN> 6
 1.541057e+01 1.295271e+03 -2.585002e+02 7.261159e+01 3.303237e+01 -1.835298e+03
<VARIANCE> 6
 1.650713e+03 5.742058e+06 1.590628e+07 3.398960e+04 3.124095e+05 5.464180e+07
<GCONST> 9.148397e+01
<MIXTURE> 2 1.808013e-01
<MEAN> 6
 8.269570e+01 -1.189224e+03 6.877206e+01 -2.636149e+00 -2.156443e+01 -3.522441e+01
<VARIANCE> 6
 1.867744e+02 6.383260e+06 2.260854e+07 3.028640e+02 4.053393e+04 5.195771e+07
<GCONST> 8.294931e+01
<MIXTURE> 3 1.940212e-01
<MEAN> 6
 7.138223e+01 1.816799e+02 -9.142422e+02 -7.986441e-01 -2.101217e+01 -1.487471e+02
<VARIANCE> 6
 1.147296e+02 2.403142e+05 5.860386e+06 3.028640e+02 4.053393e+04 5.195771e+07
<GCONST> 7.783239e+01
<MIXTURE> 4 2.282937e-01
<MEAN> 6
 -3.592376e+01 8.366345e+01 2.571213e+02 1.780735e+01 3.132333e+02 -2.988902e+02
<VARIANCE> 6
 5.136614e+02 8.475532e+05 2.633121e+06 1.169485e+04 1.373179e+05 5.195771e+07
<GCONST> 8.466551e+01
<MIXTURE> 5 1.141526e-01
<MEAN> 6
 6.026446e+01 2.820350e+02 3.317698e+02 3.910630e+01 -3.482756e+02 -3.134897e+01
<VARIANCE> 6
 6.483082e+02 1.507779e+06 4.304130e+06 1.768754e+04 1.010761e+05 5.195771e+07
<GCONST> 8.607304e+01
<MIXTURE> 6 8.389605e-02
<MEAN> 6
 1.167258e+00 6.478553e+01 9.009112e+02 -1.123313e+02 2.768370e+02 3.123112e+03
<VARIANCE> 6
 3.013432e+03 5.105261e+06 5.853142e+06 3.636532e+04 1.434343e+06 3.340511e+08
<GCONST> 9.437076e+01
<MIXTURE> 7 1.109645e-01
<MEAN> 6
 5.761676e+01 -6.748481e+01 1.029190e+00 -4.210817e+01 -4.623269e+02 1.375995e+01
<VARIANCE> 6
 7.694602e+02 1.419102e+06 2.746948e+06 2.292775e+04 1.863838e+05 5.195771e+07
<GCONST> 8.660609e+01
<STATE> 3
<NUMMIXES> 7
<MIXTURE> 1 2.047662e-01
<MEAN> 6
 7.180667e+01 2.906373e+02 2.460847e+02 -4.229000e-01 -5.314565e+00 -9.562940e+01
<VARIANCE> 6
 3.185140e+01 2.924647e+05 2.871669e+04 3.028640e+02 4.053393e+04 5.195771e+07
<GCONST> 7.142879e+01
<MIXTURE> 2 1.111095e-01
<MEAN> 6
 6.302699e+01 7.131721e+02 -1.121825e+02 1.397149e-01 -1.929921e+00 -1.354118e+02
<VARIANCE> 6
 3.185140e+01 1.455562e+06 3.158480e+04 3.028640e+02 4.053393e+04 5.195771e+07
<GCONST> 7.312880e+01
<MIXTURE> 3 1.488132e-01
<MEAN> 6
 8.322608e+01 -9.629359e+02 1.440600e+02 -7.236671e-01 -5.454180e+00 -1.237730e+02
<VARIANCE> 6
 3.185140e+01 2.401926e+05 5.535201e+04 3.028640e+02 4.053393e+04 5.195771e+07
<GCONST> 7.188812e+01
<MIXTURE> 4 1.112731e-01
<MEAN> 6
 6.375313e+01 2.779001e+02 -1.151927e+01 9.422710e-02 -4.033901e+00 -1.279449e+02
<VARIANCE> 6
 4.965108e+01 1.022176e+05 4.128318e+04 3.028640e+02 4.053393e+04 5.195771e+07
<GCONST> 7.118447e+01
<MIXTURE> 5 2.227188e-01
<MEAN> 6
 6.497015e+01 -1.871429e+02 -9.976675e+01 -2.018077e-01 -2.848730e+00 -1.131371e+02
<VARIANCE> 6
 4.867954e+01 1.289529e+05 1.297609e+05 3.028640e+02 4.053393e+04 5.195771e+07
<GCONST> 7.254229e+01
<MIXTURE> 6 9.076022e-02
<MEAN> 6
 6.136170e+01 2.009505e+02 -3.377451e+02 3.210571e-03 -5.335104e-01 -9.517284e+01
<VARIANCE> 6
 3.185140e+01 2.422998e+06 1.161501e+05 3.028640e+02 4.053393e+04 5.195771e+07
<GCONST> 7.494062e+01
<MIXTURE> 7 1.103034e-01
<MEAN> 6
 6.160378e+01 1.437240e+02 -6.793856e+01 5.982187e-02 -2.819605e+00 -1.325257e+02
<VARIANCE> 6
 3.539675e+01 1.028054e+05 4.171756e+04 3.028640e+02 4.053393e+04 5.195771e+07
<GCONST> 7.086227e+01
<STATE> 4
<NUMMIXES> 7
<MIXTURE> 1 1.623516e-01
<MEAN> 6
 -4.325936e+01 1.295908e+02 3.116927e+01 -1.939643e+01 9.791085e+02 3.042662e+02
<VARIANCE> 6
 2.630977e+02 5.810555e+05 3.056163e+05 2.521189e+04 4.418501e+05 2.239678e+08
<GCONST> 8.486329e+01
<MIXTURE> 2 9.632600e-02
<MEAN> 6
 4.741567e+01 -1.353112e+02 1.087951e+02 -4.340274e+01 -5.521339e+02 1.985162e+03
<VARIANCE> 6
 1.962847e+03 3.112683e+06 1.235983e+06 4.412177e+04 1.199864e+06 5.861163e+08
<GCONST> 9.246924e+01
<MIXTURE> 3 1.498280e-01
<MEAN> 6
 8.085619e+01 -8.202280e+01 -6.280536e+01 -5.864722e+00 -3.604456e+01 -4.488699e+01
<VARIANCE> 6
 1.674321e+02 8.134163e+05 4.484281e+05 3.028640e+02 4.053393e+04 5.195771e+07
<GCONST> 7.685947e+01
<MIXTURE> 4 1.928997e-01
<MEAN> 6
 4.331884e+01 5.166423e+01 -3.325935e+01 5.827247e+01 -2.793303e+02 -6.337913e+02
<VARIANCE> 6
 5.802869e+02 4.933788e+05 2.594548e+05 2.960221e+04 7.152424e+04 5.195771e+07
<GCONST> 8.220549e+01
<MIXTURE> 5 1.204512e-01
<MEAN> 6
 -1.852220e+01 7.927278e+01 6.748199e+01 3.686655e+01 2.962065e+02 -6.725501e+02
<VARIANCE> 6
 5.931863e+02 1.780242e+05 1.240233e+05 2.649886e+04 1.132655e+05 5.195771e+07
<GCONST> 8.081895e+01
<MIXTURE> 6 1.591567e-01
<MEAN> 6
 6.420846e+01 -2.355621e+01 2.394731e+01 -5.057250e+01 -6.900593e+02 6.123778e+02
<VARIANCE> 6
 3.784618e+02 4.701654e+05 8.205431e+04 2.131949e+04 2.171857e+05 8.358412e+07
<GCONST> 8.183661e+01
<MIXTURE> 7 1.179282e-01
<MEAN> 6
 -2.322064e+01 -7.562917e+01 -4.764599e+01 8.240489e+00 2.455174e+02 -8.867274e+02
<VARIANCE> 6
 6.205938e+02 1.921590e+05 1.358403e+05 2.255303e+04 9.873698e+04 5.195771e+07
<GCONST> 8.073303e+01
<TRANSP> 5
 0.000000e+00 1.000000e+00 0.000000e+00 0.000000e+00 0.000000e+00
 0.000000e+00 9.998416e-01 1.583452e-04 0.000000e+00 0.000000e+00
 0.000000e+00 0.000000e+00 9.997002e-01 2.997713e-04 0.000000e+00
 0.000000e+00 0.000000e+00 0.000000e+00 9.999420e-01 5.801719e-05
 0.000000e+00 0.000000e+00 0.000000e+00 0.000000e+00 0.000000e+00
<ENDHMM>
~h "QuintoPRIMARIA"
<BEGINHMM>
<NUMSTATES> 5
<STATE> 2
<NUMMIXES> 7
<MIXTURE> 1 1.372204e-01
<MEAN> 6
 -4.075187e+01 -2.171531e+01 1.800245e+02 -5.606967e+01 1.148269e+03 1.650488e+03
<VARIANCE> 6
 5.245732e+02 2.227912e+05 2.653466e+05 4.521067e+04 7.204709e+05 4.758375e+08
<GCONST> 8.627997e+01
<MIXTURE> 2 2.884674e-02
<MEAN> 6
 6.927109e+01 -1.319051e+03 -3.013553e+02 1.884983e+01 -9.802083e+02 2.157600e+03
<VARIANCE> 6
 1.014526e+03 1.628347e+07 1.244130e+06 3.272520e+04 1.845506e+06 1.010524e+09
<GCONST> 9.414694e+01
<MIXTURE> 3 1.243882e-01
<MEAN> 6
 7.367886e+01 4.621945e+01 -4.302477e+01 -3.832219e+00 -2.221597e+01 -2.933247e+02
<VARIANCE> 6
 1.739469e+02 1.459728e+05 1.397943e+05 3.028640e+02 4.053393e+04 5.195771e+07
<GCONST> 7.401424e+01
<MIXTURE> 4 1.998710e-01
<MEAN> 6
 6.219614e+01 4.577383e+01 -3.840038e+01 1.768919e+01 -5.033635e+02 -6.956760e+02
<VARIANCE> 6
 5.808360e+02 1.635757e+05 5.384363e+04 2.961786e+04 2.002412e+05 5.195771e+07
<GCONST> 8.055996e+01
<MIXTURE> 5 2.191935e-01
<MEAN> 6
 -3.384963e+01 -1.783238e+01 2.904666e+01 5.094490e+01 4.050799e+02 -9.384495e+02
<VARIANCE> 6
 7.183994e+02 8.630459e+04 6.919909e+04 1.874310e+04 1.524025e+05 5.195771e+07
<GCONST> 7.965347e+01
<MIXTURE> 6 1.677077e-01
<MEAN> 6
 4.983162e+01 2.898092e+01 -2.913846e+01 -3.539744e+01 -6.660743e+02 7.261180e+02
<VARIANCE> 6
 1.143016e+03 1.171608e+05 2.098443e+05 5.381423e+04 6.319626e+05 2.895400e+08
<GCONST> 8.572779e+01
<MIXTURE> 7 1.221895e-01
<MEAN> 6
 7.206715e+01 -7.655667e+01 -1.637368e+02 -3.074182e+00 -2.661158e+01 -2.703332e+02
<VARIANCE> 6
 1.625494e+02 2.455317e+05 1.108481e+05 3.028640e+02 4.053393e+04 5.195771e+07
<GCONST> 7.423447e+01
<STATE> 3
<NUMMIXES> 7
<MIXTURE> 1 1.578328e-01
<MEAN> 6
 7.757820e+01 -7.563306e+01 1.766531e+03 -8.091527e-01 -3.507672e+00 -4.146519e+01
<VARIANCE> 6
 5.083159e+01 2.246618e+05 3.056944e+06 3.028640e+02 4.053393e+04 5.195771e+07
<GCONST> 7.630018e+01
<MIXTURE> 2 1.537563e-01
<MEAN> 6
 8.695979e+01 1.894911e+01 -7.920230e+01 -3.672138e+00 1.295546e+00 8.505376e+00
<VARIANCE> 6
 5.024870e+01 8.617762e+04 4.983366e+04 3.028640e+02 4.053393e+04 5.195771e+07
<GCONST> 7.121398e+01
<MIXTURE> 3 1.702463e-01
<MEAN> 6
 7.403296e+01 -2.376963e+02 -2.501609e+01 -2.318733e+00 -3.825670e-01 -1.997044e+01
<VARIANCE> 6
 5.678987e+01 2.004587e+05 1.136817e+05 3.028640e+02 4.053393e+04 5.195771e+07
<GCONST> 7.300526e+01
<MIXTURE> 4 1.359371e-01
<MEAN> 6
 6.439463e+01 3.540568e+02 -1.018065e+03 6.564466e-02 -3.040252e+00 -6.879091e+01
<VARIANCE> 6
 4.242261e+01 7.266749e+05 1.429063e+06 3.028640e+02 4.053393e+04 5.195771e+07
<GCONST> 7.653283e+01
<MIXTURE> 5 1.211973e-01
<MEAN> 6
 6.904800e+01 -6.004082e+02 -9.744970e+00 -1.396699e+00 -1.568162e+00 -5.059145e+01
<VARIANCE> 6
 1.448562e+02 2.340640e+05 4.449871e+04 3.028640e+02 4.053393e+04 5.195771e+07
<GCONST> 7.315869e+01
<MIXTURE> 6 1.400420e-01
<MEAN> 6
 8.485349e+01 -4.040832e+01 -7.520292e+01 -3.486627e+00 1.859452e+00 -4.275079e+00
<VARIANCE> 6
 7.541454e+01 8.812423e+04 5.899671e+04 3.028640e+02 4.053393e+04 5.195771e+07
<GCONST> 7.181113e+01
<MIXTURE> 7 1.208086e-01
<MEAN> 6
 6.038958e+01 2.247561e+02 -1.304366e+03 9.171211e-01 -3.601734e+00 -8.395145e+01
<VARIANCE> 6
 6.402961e+01 4.631777e+05 5.334859e+06 3.028640e+02 4.053393e+04 5.195771e+07
<GCONST> 7.781137e+01
<STATE> 4
<NUMMIXES> 7
<MIXTURE> 1 1.283809e-01
<MEAN> 6
 8.481893e+01 2.923596e+02 6.236593e+02 -3.263492e+00 -1.974565e+01 -6.520572e+01
<VARIANCE> 6
 2.149709e+02 1.943844e+06 2.936583e+06 3.028640e+02 4.053393e+04 5.195771e+07
<GCONST> 7.985982e+01
<MIXTURE> 2 1.700933e-02
<MEAN> 6
 -4.663233e+00 1.604168e+02 1.122759e+02 -1.896073e+01 -3.971405e+01 2.803970e+03
<VARIANCE> 6
 1.146752e+04 2.015937e+05 4.183290e+05 1.816069e+06 9.907272e+08 1.457066e+12
<GCONST> 1.086662e+02
<MIXTURE> 3 1.589027e-01
<MEAN> 6
 7.900383e+00 1.145502e+02 -5.815217e+02 -9.966311e+01 1.823048e+02 2.551285e+03
<VARIANCE> 6
 3.822373e+03 1.995444e+06 5.048714e+06 4.818580e+04 2.611557e+06 1.150073e+09
<GCONST> 9.563828e+01
<MIXTURE> 4 2.545224e-01
<MEAN> 6
 -4.765608e+01 -1.150993e+02 4.069069e+01 5.506498e+01 5.117899e+02 -8.405880e+02
<VARIANCE> 6
 5.986726e+02 7.213906e+05 1.255163e+06 2.008971e+04 2.444238e+05 6.118556e+07
<GCONST> 8.519773e+01
<MIXTURE> 5 1.502594e-01
<MEAN> 6
 6.128288e+01 7.987009e+01 2.844832e+02 3.258463e+01 -4.599818e+02 2.942969e+02
<VARIANCE> 6
 6.945686e+02 8.781144e+05 1.513925e+06 2.872531e+04 2.129072e+05 7.423966e+07
<GCONST> 8.614326e+01
<MIXTURE> 6 1.507617e-01
<MEAN> 6
 8.532979e+01 3.001358e+02 -1.122789e+02 -2.924888e+00 -2.395222e+01 -2.518319e+02
<VARIANCE> 6
 1.575559e+02 4.297541e+05 8.675559e+05 3.028640e+02 4.053393e+04 5.195771e+07
<GCONST> 7.682056e+01
<MIXTURE> 7 1.395648e-01
<MEAN> 6
 5.173178e+01 -2.842793e+02 8.293617e+00 -9.796366e+00 -5.888974e+02 -1.560806e+03
<VARIANCE> 6
 9.262114e+02 6.547135e+05 1.823138e+06 4.486763e+04 2.972068e+05 8.765955e+07
<GCONST> 8.726901e+01
<TRANSP> 5
 0.000000e+00 1.000000e+00 0.000000e+00 0.000000e+00 0.000000e+00
 0.000000e+00 9.999158e-01 8.413498e-05 0.000000e+00 0.000000e+00
 0.000000e+00 0.000000e+00 9.997060e-01 2.940055e-04 0.000000e+00
 0.000000e+00 0.000000e+00 0.000000e+00 9.999207e-01 7.925126e-05
 0.000000e+00 0.000000e+00 0.000000e+00 0.000000e+00 0.000000e+00
<ENDHMM>
