~o
<STREAMINFO> 1 6
<VECSIZE> 6<NULLD><USER><DIAGC>
~h "SegundoPRIMARIA"
<BEGINHMM>
<NUMSTATES> 11
<STATE> 2
<NUMMIXES> 13
<MIXTURE> 1 8.706869e-02
<MEAN> 6
 1.074114e+02 -2.357892e+02 9.615061e+02 -6.734518e+00 -3.280432e+01 -4.791222e+02
<VARIANCE> 6
 2.539101e+02 5.211441e+05 9.990139e+05 2.998339e+02 4.032245e+04 5.181961e+07
<GCONST> 7.761372e+01
<MIXTURE> 2 3.082978e-02
<MEAN> 6
 3.142447e+01 4.624437e+02 -6.752350e+02 -1.092568e+02 -4.257212e+02 4.841207e+03
<VARIANCE> 6
 4.081971e+03 2.411945e+07 1.687072e+06 1.129847e+05 7.819468e+06 6.081452e+09
<GCONST> 1.007143e+02
<MIXTURE> 3 3.892525e-02
<MEAN> 6
 5.366809e+01 -1.724878e+03 5.234499e+02 -1.028064e+00 2.651947e+00 -1.527692e+02
<VARIANCE> 6
 4.553677e+03 4.444701e+07 1.035985e+06 6.067949e+03 8.157529e+04 5.181961e+07
<GCONST> 8.869496e+01
<MIXTURE> 4 9.773515e-02
<MEAN> 6
 -4.245448e+01 1.418594e+02 -9.073773e+00 -8.912189e+01 1.203250e+03 1.127919e+03
<VARIANCE> 6
 9.039385e+02 5.596972e+05 2.120385e+06 6.055295e+04 9.893055e+05 6.531800e+08
<GCONST> 9.074968e+01
<MIXTURE> 5 8.459919e-02
<MEAN> 6
 2.720500e+01 -4.056876e-01 -1.111946e+02 2.472725e+02 -1.578276e+02 -3.438184e+03
<VARIANCE> 6
 9.117806e+02 3.656018e+05 1.439004e+06 6.028175e+03 1.784116e+05 5.382770e+07
<GCONST> 8.342877e+01
<MIXTURE> 6 6.249034e-02
<MEAN> 6
 7.371075e+01 8.033043e+02 -8.132674e+02 4.060427e+00 -4.293269e+01 -1.213395e+02
<VARIANCE> 6
 1.369579e+02 4.548318e+05 9.674931e+05 2.998339e+02 4.032245e+04 5.181961e+07
<GCONST> 7.682825e+01
<MIXTURE> 7 7.031050e-02
<MEAN> 6
 9.938411e+01 2.498263e+02 -5.313277e+01 3.604172e+01 -8.033497e+02 -2.721704e+02
<VARIANCE> 6
 3.695319e+02 8.544139e+05 1.624695e+06 1.693195e+04 1.057849e+06 5.629636e+08
<GCONST> 8.865593e+01
<MIXTURE> 8 8.351856e-02
<MEAN> 6
 -7.278139e+01 1.358495e+02 -3.803330e+02 -3.454064e+00 1.526516e+02 3.013739e+02
<VARIANCE> 6
 2.813421e+02 3.931470e+05 1.398023e+06 8.085142e+02 6.277287e+04 5.181961e+07
<GCONST> 7.920509e+01
<MIXTURE> 9 9.623811e-02
<MEAN> 6
 6.641074e+01 -5.073411e+02 1.645408e+03 -3.148575e-01 -5.215026e+00 -9.347517e+01
<VARIANCE> 6
 8.878185e+01 2.014379e+05 1.346254e+06 2.998339e+02 4.032245e+04 5.181961e+07
<GCONST> 7.591069e+01
<MIXTURE> 10 1.150752e-01
<MEAN> 6
 -5.338366e+01 -7.084904e+01 -5.402204e+00 5.962971e+01 6.747864e+02 -7.752626e+02
<VARIANCE> 6
 5.045346e+02 1.747527e+05 1.254990e+06 2.135831e+04 1.753339e+05 7.686768e+07
<GCONST> 8.356590e+01
<MIXTURE> 11 9.068818e-02
<MEAN> 6
 5.604782e+01 2.681646e+00 3.455304e+01 -1.046428e+02 -4.092457e+02 1.072937e+03
<VARIANCE> 6
 1.218958e+03 1.311431e+05 7.004059e+05 2.478203e+04 1.871092e+05 5.181961e+07
<GCONST> 8.339708e+01
<MIXTURE> 12 7.192928e-02
<MEAN> 6
 5.793670e+01 -6.134167e+01 -8.940684e+01 -1.079577e+02 -1.105881e+03 1.278182e+03
<VARIANCE> 6
 6.366658e+02 3.742107e+05 2.379670e+06 5.617903e+04 4.128696e+05 2.294154e+08
<GCONST> 8.811678e+01
<MIXTURE> 13 7.036438e-02
<MEAN> 6
 7.676419e+01 2.007231e+02 -1.257857e+03 -6.628717e-02 -2.832511e+01 -2.009936e+02
<VARIANCE> 6
 1.144769e+02 9.731570e+04 9.497946e+05 2.998339e+02 4.032245e+04 5.181961e+07
<GCONST> 7.508852e+01
<STATE> 3
<NUMMIXES> 13
<MIXTURE> 1 7.223291e-02
<MEAN> 6
 1.080358e+02 -6.364963e+01 -4.406010e+02 -3.256018e+00 -7.643741e-01 -7.060410e+01
<VARIANCE> 6
 1.009939e+02 1.011524e+05 1.446404e+04 2.998339e+02 4.032245e+04 5.181961e+07
<GCONST> 7.081730e+01
<MIXTURE> 2 6.352951e-02
<MEAN> 6
 8.102283e+01 1.393768e+02 -7.246091e+02 1.251561e+00 5.723773e+00 -2.308194e+02
<VARIANCE> 6
 3.179780e+01 1.280424e+04 1.446404e+04 2.998339e+02 4.032245e+04 5.181961e+07
<GCONST> 6.759479e+01
<MIXTURE> 3 6.284501e-02
<MEAN> 6
 6.663987e+01 -2.900052e+02 -1.265891e+03 2.636605e+00 -1.432974e+01 2.386903e+01
<VARIANCE> 6
 3.179780e+01 3.289855e+04 1.446404e+04 2.998339e+02 4.032245e+04 5.181961e+07
<GCONST> 6.853844e+01
<MIXTURE> 4 1.190694e-01
<MEAN> 6
 7.242157e+01 -8.171566e+02 -6.858964e+02 -2.900226e+00 2.325015e+00 -9.353529e+01
<VARIANCE> 6
 3.179780e+01 1.280424e+04 4.910907e+04 2.998339e+02 4.032245e+04 5.181961e+07
<GCONST> 6.881716e+01
<MIXTURE> 5 5.893529e-02
<MEAN> 6
 9.356919e+01 -2.752508e+02 -5.417960e+02 -1.493009e+00 2.070770e+00 5.361928e+01
<VARIANCE> 6
 3.179780e+01 3.465446e+04 1.446404e+04 2.998339e+02 4.032245e+04 5.181961e+07
<GCONST> 6.859044e+01
<MIXTURE> 6 8.547653e-02
<MEAN> 6
 6.925584e+01 4.477057e+01 -9.204890e+02 -1.399244e+00 -5.734119e+00 -1.277394e+02
<VARIANCE> 6
 3.179780e+01 1.280424e+04 2.768396e+04 2.998339e+02 4.032245e+04 5.181961e+07
<GCONST> 6.824397e+01
<MIXTURE> 7 8.115328e-02
<MEAN> 6
 6.946770e+01 -1.621104e+03 -7.436625e+02 4.040071e+00 -1.352646e+01 -8.022952e+01
<VARIANCE> 6
 1.122530e+02 6.367152e+04 1.446404e+04 2.998339e+02 4.032245e+04 5.181961e+07
<GCONST> 7.046010e+01
<MIXTURE> 8 1.018848e-01
<MEAN> 6
 9.287045e+01 -5.569918e+02 -5.406689e+02 1.493627e+00 -2.895782e+00 -1.485835e+02
<VARIANCE> 6
 3.179780e+01 1.280424e+04 1.446404e+04 2.998339e+02 4.032245e+04 5.181961e+07
<GCONST> 6.759479e+01
<MIXTURE> 9 9.300303e-02
<MEAN> 6
 6.564565e+01 -1.186208e+02 -9.284570e+02 -2.227203e-01 -1.333667e+01 -1.841592e+02
<VARIANCE> 6
 3.179780e+01 1.808249e+04 1.446404e+04 2.998339e+02 4.032245e+04 5.181961e+07
<GCONST> 6.793996e+01
<MIXTURE> 10 4.530888e-02
<MEAN> 6
 5.653853e+01 -1.133351e+03 -4.613155e+02 -2.581164e-01 8.546091e+00 6.419712e+01
<VARIANCE> 6
 3.179780e+01 4.047666e+04 1.446404e+04 2.998339e+02 4.032245e+04 5.181961e+07
<GCONST> 6.874573e+01
<MIXTURE> 11 9.177590e-02
<MEAN> 6
 6.914874e+01 3.836958e+01 -9.595981e+02 -1.626323e+00 -4.097151e+00 -8.579717e+01
<VARIANCE> 6
 3.179780e+01 1.280424e+04 2.033740e+04 2.998339e+02 4.032245e+04 5.181961e+07
<GCONST> 6.793558e+01
<MIXTURE> 12 6.812001e-02
<MEAN> 6
 9.475575e+01 -3.582173e+02 -5.512681e+02 -1.150459e+00 -7.346429e+00 3.980019e+01
<VARIANCE> 6
 3.179780e+01 1.280424e+04 1.446404e+04 2.998339e+02 4.032245e+04 5.181961e+07
<GCONST> 6.759479e+01
<MIXTURE> 13 5.664428e-02
<MEAN> 6
 8.464455e+01 -1.766092e+02 -8.503593e+02 -4.736945e+00 -4.646185e+00 -9.227937e+01
<VARIANCE> 6
 3.179780e+01 3.165403e+04 1.446404e+04 2.998339e+02 4.032245e+04 5.181961e+07
<GCONST> 6.849988e+01
<STATE> 4
<NUMMIXES> 13
<MIXTURE> 1 2.410530e-03
<MEAN> 6
 7.625889e+01 3.405113e+01 2.697729e+01 -8.386885e+00 5.649870e+02 1.144712e+03
<VARIANCE> 6
 1.166091e+02 4.295521e+05 2.199627e+05 6.002283e+02 2.389700e+05 1.081119e+08
<GCONST> 7.833788e+01
<MIXTURE> 2 1.353853e-01
<MEAN> 6
 7.435565e+01 6.071675e+01 1.364545e+02 2.916971e-01 -7.716143e+00 -8.546253e+01
<VARIANCE> 6
 3.179780e+01 1.280424e+04 1.446404e+04 2.998339e+02 4.032245e+04 5.181961e+07
<GCONST> 6.759479e+01
<MIXTURE> 3 4.891242e-02
<MEAN> 6
 7.528212e+01 2.055554e+02 -9.898428e+01 -7.074038e-01 -1.286169e+01 2.275682e+02
<VARIANCE> 6
 3.179780e+01 1.417535e+04 1.446404e+04 2.998339e+02 4.032245e+04 5.181961e+07
<GCONST> 6.769651e+01
<MIXTURE> 4 6.508693e-02
<MEAN> 6
 6.650475e+01 -5.383203e+01 -2.246441e+02 4.925936e-01 4.323393e+00 -1.029037e+02
<VARIANCE> 6
 3.179780e+01 1.280424e+04 1.446404e+04 2.998339e+02 4.032245e+04 5.181961e+07
<GCONST> 6.759479e+01
<MIXTURE> 5 6.411195e-02
<MEAN> 6
 7.581194e+01 7.256236e+01 -3.122645e+02 -9.153441e-01 -3.941979e+00 -9.510288e+01
<VARIANCE> 6
 3.179780e+01 1.280424e+04 1.446404e+04 2.998339e+02 4.032245e+04 5.181961e+07
<GCONST> 6.759479e+01
<MIXTURE> 6 4.386134e-02
<MEAN> 6
 6.809602e+01 -2.899906e+01 2.588335e+02 1.488607e+00 -3.330396e+00 -5.684286e+01
<VARIANCE> 6
 3.179780e+01 1.280424e+04 3.255813e+04 2.998339e+02 4.032245e+04 5.181961e+07
<GCONST> 6.840614e+01
<MIXTURE> 7 6.598271e-02
<MEAN> 6
 6.652547e+01 -5.328070e+01 -2.251128e+02 4.894960e-01 4.314780e+00 -1.034521e+02
<VARIANCE> 6
 3.179780e+01 1.280424e+04 1.446404e+04 2.998339e+02 4.032245e+04 5.181961e+07
<GCONST> 6.759479e+01
<MIXTURE> 8 1.396716e-01
<MEAN> 6
 7.581145e+01 6.802386e+01 -3.215161e+02 -8.523446e-01 -3.589976e+00 -1.047667e+02
<VARIANCE> 6
 3.179780e+01 1.280424e+04 1.446404e+04 2.998339e+02 4.032245e+04 5.181961e+07
<GCONST> 6.759479e+01
<MIXTURE> 9 1.303381e-01
<MEAN> 6
 7.230469e+01 -2.339194e+01 1.416065e+02 5.931392e-01 -3.234197e-01 -1.367185e+02
<VARIANCE> 6
 3.179780e+01 1.280424e+04 1.446404e+04 2.998339e+02 4.032245e+04 5.181961e+07
<GCONST> 6.759479e+01
<MIXTURE> 10 1.072141e-01
<MEAN> 6
 7.149319e+01 -7.573511e+01 1.428788e+02 7.570363e-01 8.756529e-01 -1.352159e+02
<VARIANCE> 6
 3.179780e+01 1.280424e+04 1.446404e+04 2.998339e+02 4.032245e+04 5.181961e+07
<GCONST> 6.759479e+01
<MIXTURE> 11 6.695057e-02
<MEAN> 6
 6.622036e+01 -6.122920e+01 -2.461999e+02 5.889809e-01 5.377351e+00 -9.700014e+01
<VARIANCE> 6
 3.179780e+01 1.280424e+04 1.446404e+04 2.998339e+02 4.032245e+04 5.181961e+07
<GCONST> 6.759479e+01
<MIXTURE> 12 6.586996e-02
<MEAN> 6
 6.612320e+01 -6.304513e+01 -2.537014e+02 6.256758e-01 5.895954e+00 -9.525595e+01
<VARIANCE> 6
 3.179780e+01 1.280424e+04 1.446404e+04 2.998339e+02 4.032245e+04 5.181961e+07
<GCONST> 6.759479e+01
<MIXTURE> 13 6.411277e-02
<MEAN> 6
 7.564739e+01 6.567145e+01 -3.273216e+02 -7.760879e-01 -3.138687e+00 -1.118524e+02
<VARIANCE> 6
 3.179780e+01 1.280424e+04 1.446404e+04 2.998339e+02 4.032245e+04 5.181961e+07
<GCONST> 6.759479e+01
<STATE> 5
<NUMMIXES> 13
<MIXTURE> 1 6.796379e-02
<MEAN> 6
 9.358401e+01 4.523514e+01 1.182187e+02 -2.140550e+00 -1.044884e+01 1.927461e+01
<VARIANCE> 6
 3.179780e+01 1.280424e+04 1.446404e+04 2.998339e+02 4.032245e+04 5.181961e+07
<GCONST> 6.759479e+01
<MIXTURE> 2 1.274375e-01
<MEAN> 6
 8.734987e+01 1.934852e+02 -4.598590e+01 1.491701e+00 -8.097815e+00 -7.986359e+01
<VARIANCE> 6
 3.179780e+01 1.280424e+04 1.446404e+04 2.998339e+02 4.032245e+04 5.181961e+07
<GCONST> 6.759479e+01
<MIXTURE> 3 7.340994e-02
<MEAN> 6
 9.553911e+01 -8.227286e+02 -1.073918e+01 8.415244e-01 -1.760769e+01 -1.792439e+02
<VARIANCE> 6
 3.179780e+01 4.570084e+04 1.446404e+04 2.998339e+02 4.032245e+04 5.181961e+07
<GCONST> 6.886713e+01
<MIXTURE> 4 7.835595e-03
<MEAN> 6
 9.643138e+01 6.511870e+02 -7.719345e+01 -1.369192e+00 7.907158e+01 -7.114325e+03
<VARIANCE> 6
 2.925876e+02 7.264912e+05 2.849953e+05 2.998339e+02 1.113377e+05 6.559150e+07
<GCONST> 7.808475e+01
<MIXTURE> 5 1.400358e-01
<MEAN> 6
 9.231554e+01 -6.754279e+01 7.688013e+01 -5.864304e-01 1.085485e+00 -1.662579e+02
<VARIANCE> 6
 3.179780e+01 1.280424e+04 1.446404e+04 2.998339e+02 4.032245e+04 5.181961e+07
<GCONST> 6.759479e+01
<MIXTURE> 6 8.699626e-02
<MEAN> 6
 9.000618e+01 -6.477361e+01 -8.986166e+01 -8.392983e-01 -1.564190e+00 -1.159371e+02
<VARIANCE> 6
 3.179780e+01 1.280424e+04 1.446404e+04 2.998339e+02 4.032245e+04 5.181961e+07
<GCONST> 6.759479e+01
<MIXTURE> 7 6.773724e-02
<MEAN> 6
 9.263136e+01 -2.427607e+01 9.906218e+01 -1.176902e+00 -1.394639e+00 -1.410428e+02
<VARIANCE> 6
 3.179780e+01 1.280424e+04 1.446404e+04 2.998339e+02 4.032245e+04 5.181961e+07
<GCONST> 6.759479e+01
<MIXTURE> 8 6.968211e-02
<MEAN> 6
 9.225826e+01 -7.709970e+01 -6.927013e+00 -8.231916e-01 1.137613e+00 -1.103736e+02
<VARIANCE> 6
 3.179780e+01 1.280424e+04 1.689857e+04 2.998339e+02 4.032245e+04 5.181961e+07
<GCONST> 6.775035e+01
<MIXTURE> 9 7.507069e-02
<MEAN> 6
 8.973218e+01 4.103695e+01 -6.204452e+01 -6.323169e-01 -3.255239e+00 -4.202673e+01
<VARIANCE> 6
 3.179780e+01 2.072587e+04 1.446404e+04 2.998339e+02 4.032245e+04 5.181961e+07
<GCONST> 6.807639e+01
<MIXTURE> 10 7.623332e-02
<MEAN> 6
 8.813310e+01 -2.036619e+02 -6.930672e+01 -2.005406e+00 -4.643359e-01 -1.125717e+02
<VARIANCE> 6
 3.179780e+01 2.229807e+04 1.446404e+04 2.998339e+02 4.032245e+04 5.181961e+07
<GCONST> 6.814951e+01
<MIXTURE> 11 7.088330e-02
<MEAN> 6
 9.169366e+01 -8.353672e+01 -5.871196e+01 -9.627777e-01 2.888957e-01 -9.800133e+01
<VARIANCE> 6
 3.192036e+01 1.280424e+04 1.446404e+04 2.998339e+02 4.032245e+04 5.181961e+07
<GCONST> 6.759863e+01
<MIXTURE> 12 6.882201e-02
<MEAN> 6
 9.270144e+01 -1.228874e+01 9.952670e+01 -1.357835e+00 -1.945410e+00 -1.203747e+02
<VARIANCE> 6
 3.179780e+01 1.280424e+04 1.446404e+04 2.998339e+02 4.032245e+04 5.181961e+07
<GCONST> 6.759479e+01
<MIXTURE> 13 6.788061e-02
<MEAN> 6
 9.219689e+01 -7.509274e+01 6.504624e+01 -5.380045e-01 1.445267e+00 -1.602385e+02
<VARIANCE> 6
 3.179780e+01 1.280424e+04 1.446404e+04 2.998339e+02 4.032245e+04 5.181961e+07
<GCONST> 6.759479e+01
<STATE> 6
<NUMMIXES> 13
<MIXTURE> 1 7.331163e-02
<MEAN> 6
 1.061395e+02 1.757287e+03 4.976889e+02 -4.107491e+00 -1.470505e+00 1.505980e+01
<VARIANCE> 6
 3.179780e+01 8.061976e+04 2.533479e+04 2.998339e+02 4.032245e+04 5.181961e+07
<GCONST> 6.999526e+01
<MIXTURE> 2 9.130044e-02
<MEAN> 6
 9.601406e+01 8.075427e+02 2.431131e+02 -3.939175e+00 -2.631449e+00 5.808115e+01
<VARIANCE> 6
 3.179780e+01 1.280424e+04 1.446404e+04 2.998339e+02 4.032245e+04 5.181961e+07
<GCONST> 6.759479e+01
<MIXTURE> 3 8.168845e-02
<MEAN> 6
 9.962907e+01 -3.751462e+03 3.382586e+00 -5.005507e+00 1.207037e+01 -3.765241e-01
<VARIANCE> 6
 3.179780e+01 1.274899e+05 1.446404e+04 2.998339e+02 4.032245e+04 5.181961e+07
<GCONST> 6.989304e+01
<MIXTURE> 4 5.786593e-02
<MEAN> 6
 9.017417e+01 -2.605602e+01 5.759102e+02 -3.650324e+00 4.525434e+00 -2.419310e+01
<VARIANCE> 6
 3.179780e+01 1.280424e+04 1.446404e+04 2.998339e+02 4.032245e+04 5.181961e+07
<GCONST> 6.759479e+01
<MIXTURE> 5 6.873748e-02
<MEAN> 6
 8.340427e+01 5.658251e+02 4.372477e+02 -5.318044e-01 -6.125780e-02 -3.758395e+01
<VARIANCE> 6
 3.179780e+01 1.280424e+04 1.446404e+04 2.998339e+02 4.032245e+04 5.181961e+07
<GCONST> 6.759479e+01
<MIXTURE> 6 7.016358e-02
<MEAN> 6
 8.953955e+01 2.582736e+02 1.651396e+02 -1.340991e+00 -7.344766e+00 -2.588846e+02
<VARIANCE> 6
 3.179780e+01 1.280424e+04 1.446404e+04 2.998339e+02 4.050719e+04 5.181961e+07
<GCONST> 6.759935e+01
<MIXTURE> 7 1.145952e-01
<MEAN> 6
 1.015415e+02 -8.777296e+02 6.991118e+02 -2.581755e+00 -3.958962e-02 -1.399253e+02
<VARIANCE> 6
 3.179780e+01 4.887806e+05 6.147262e+04 2.998339e+02 4.032245e+04 5.181961e+07
<GCONST> 7.268385e+01
<MIXTURE> 8 9.960812e-02
<MEAN> 6
 8.744796e+01 2.942636e+02 4.011625e+02 1.049060e+00 -3.152077e+00 -7.390067e+01
<VARIANCE> 6
 3.179780e+01 1.280424e+04 1.446404e+04 2.998339e+02 4.032245e+04 5.181961e+07
<GCONST> 6.759479e+01
<MIXTURE> 9 6.101040e-02
<MEAN> 6
 9.279833e+01 9.500976e+02 2.138459e+02 -2.233812e+00 -1.762835e+00 -1.979728e+01
<VARIANCE> 6
 3.179780e+01 5.261811e+04 1.446404e+04 2.998339e+02 4.032245e+04 5.181961e+07
<GCONST> 6.900807e+01
<MIXTURE> 10 9.136232e-02
<MEAN> 6
 1.003681e+02 -2.576068e+03 -2.291638e+02 -3.419981e+00 -1.911757e+01 -3.712460e+02
<VARIANCE> 6
 3.179780e+01 2.891678e+05 1.446404e+04 2.998339e+02 4.032245e+04 5.181961e+07
<GCONST> 7.071201e+01
<MIXTURE> 11 6.870950e-02
<MEAN> 6
 8.340449e+01 5.658197e+02 4.372474e+02 -5.318052e-01 -6.161249e-02 -3.757825e+01
<VARIANCE> 6
 3.179780e+01 1.280424e+04 1.446404e+04 2.998339e+02 4.032245e+04 5.181961e+07
<GCONST> 6.759479e+01
<MIXTURE> 12 6.429010e-02
<MEAN> 6
 9.182557e+01 7.513883e+02 1.769554e+02 -2.756187e+00 5.058278e-01 3.446170e+01
<VARIANCE> 6
 3.179780e+01 1.831950e+04 1.446404e+04 2.998339e+02 4.032245e+04 5.181961e+07
<GCONST> 6.795297e+01
<MIXTURE> 13 5.734567e-02
<MEAN> 6
 8.875769e+01 -6.876786e+00 5.577066e+02 -3.926710e+00 7.427878e+00 -2.006244e+01
<VARIANCE> 6
 3.179780e+01 1.280424e+04 1.446404e+04 2.998339e+02 4.032245e+04 5.181961e+07
<GCONST> 6.759479e+01
<STATE> 7
<NUMMIXES> 13
<MIXTURE> 1 1.102091e-01
<MEAN> 6
 6.532832e+01 9.233053e+02 -1.509185e+02 -2.325043e-01 8.562607e-01 -1.206879e+02
<VARIANCE> 6
 3.179780e+01 1.280424e+04 1.446404e+04 2.998339e+02 4.032245e+04 5.181961e+07
<GCONST> 6.759479e+01
<MIXTURE> 2 8.193941e-02
<MEAN> 6
 7.159953e+01 4.424260e+02 1.721924e+02 4.663805e+00 3.750736e-01 -3.544087e+01
<VARIANCE> 6
 3.179780e+01 1.280424e+04 1.446404e+04 2.998339e+02 4.032245e+04 5.181961e+07
<GCONST> 6.759479e+01
<MIXTURE> 3 6.998578e-02
<MEAN> 6
 6.185165e+01 5.022837e+02 -6.270518e+02 8.174043e-01 2.208372e+00 6.800782e+00
<VARIANCE> 6
 3.179780e+01 1.931299e+04 1.446404e+04 2.998339e+02 4.032245e+04 5.181961e+07
<GCONST> 6.800578e+01
<MIXTURE> 4 1.000994e-01
<MEAN> 6
 6.413638e+01 5.398826e+02 -8.631359e+01 -3.055065e-01 -7.438131e+00 -2.439120e+02
<VARIANCE> 6
 3.179780e+01 1.280424e+04 1.446404e+04 2.998339e+02 4.032245e+04 5.181961e+07
<GCONST> 6.759479e+01
<MIXTURE> 5 2.483900e-03
<MEAN> 6
 7.896256e+01 -4.712648e+01 -1.821967e+02 -6.034817e+00 -3.311948e+02 -9.718000e+03
<VARIANCE> 6
 2.079782e+02 9.658852e+05 5.615536e+05 2.998339e+02 1.261168e+05 1.402001e+08
<GCONST> 7.959073e+01
<MIXTURE> 6 6.809308e-02
<MEAN> 6
 6.400328e+01 2.336252e+02 -3.302417e+02 4.754915e+00 -1.162405e+01 -1.477298e+02
<VARIANCE> 6
 3.179780e+01 1.280424e+04 1.446404e+04 2.998339e+02 4.032245e+04 5.181961e+07
<GCONST> 6.759479e+01
<MIXTURE> 7 1.260278e-02
<MEAN> 6
 4.782771e+01 5.217496e+02 2.431619e+02 4.483410e+01 5.794012e+01 -2.465450e+03
<VARIANCE> 6
 4.931847e+01 1.280424e+04 1.446404e+04 2.998339e+02 9.478798e+04 5.181961e+07
<GCONST> 6.888843e+01
<MIXTURE> 8 9.036936e-02
<MEAN> 6
 5.436872e+01 4.216317e+02 -2.203481e+02 8.010980e-01 -1.909832e+00 -1.261985e+02
<VARIANCE> 6
 3.179780e+01 1.280424e+04 1.446404e+04 2.998339e+02 4.032245e+04 5.181961e+07
<GCONST> 6.759479e+01
<MIXTURE> 9 1.130141e-01
<MEAN> 6
 6.533656e+01 9.197731e+02 -1.509656e+02 -2.530514e-01 6.509005e-01 -1.208311e+02
<VARIANCE> 6
 3.179780e+01 1.280424e+04 1.446404e+04 2.998339e+02 4.032245e+04 5.181961e+07
<GCONST> 6.759479e+01
<MIXTURE> 10 9.092663e-02
<MEAN> 6
 5.436806e+01 4.215903e+02 -2.203954e+02 8.015900e-01 -1.909240e+00 -1.261904e+02
<VARIANCE> 6
 3.179780e+01 1.280424e+04 1.446404e+04 2.998339e+02 4.032245e+04 5.181961e+07
<GCONST> 6.759479e+01
<MIXTURE> 11 9.479090e-02
<MEAN> 6
 7.696580e+01 4.157881e+02 4.306954e+01 9.685469e-01 -8.655644e+00 -1.426751e+02
<VARIANCE> 6
 3.179780e+01 1.280424e+04 1.446404e+04 2.998339e+02 4.032245e+04 5.181961e+07
<GCONST> 6.759479e+01
<MIXTURE> 12 9.667559e-02
<MEAN> 6
 6.815569e+01 4.845855e+02 -1.776070e+02 -1.449500e-01 -5.621132e+00 -1.409443e+02
<VARIANCE> 6
 3.179780e+01 1.280424e+04 1.446404e+04 2.998339e+02 4.032245e+04 5.181961e+07
<GCONST> 6.759479e+01
<MIXTURE> 13 6.876403e-02
<MEAN> 6
 6.310139e+01 2.098556e+02 -3.412066e+02 7.030539e+00 -2.390597e+01 -3.543828e+02
<VARIANCE> 6
 3.179780e+01 1.280424e+04 1.446404e+04 2.998339e+02 4.032245e+04 5.181961e+07
<GCONST> 6.759479e+01
<STATE> 8
<NUMMIXES> 13
<MIXTURE> 1 1.206911e-01
<MEAN> 6
 7.519233e+01 -1.032943e+03 1.690177e+02 6.025041e-01 1.341483e+01 -3.498584e+01
<VARIANCE> 6
 3.179780e+01 1.571133e+04 1.010352e+05 2.998339e+02 4.032245e+04 5.181961e+07
<GCONST> 6.974319e+01
<MIXTURE> 2 4.887961e-02
<MEAN> 6
 8.062425e+01 -1.541112e+02 4.335360e+02 -2.143343e+00 -1.354055e+00 -2.084444e+02
<VARIANCE> 6
 3.179780e+01 1.280424e+04 1.446404e+04 2.998339e+02 4.032245e+04 5.181961e+07
<GCONST> 6.759479e+01
<MIXTURE> 3 8.585946e-02
<MEAN> 6
 5.836631e+01 -4.166304e+02 -1.671263e+02 2.813977e-01 1.304317e+00 -2.320975e+02
<VARIANCE> 6
 3.179780e+01 1.280424e+04 1.446404e+04 2.998339e+02 4.032245e+04 5.181961e+07
<GCONST> 6.759479e+01
<MIXTURE> 4 6.079724e-02
<MEAN> 6
 5.863618e+01 -4.330828e+02 -3.911964e+02 4.127538e-01 -3.932917e+00 -2.146796e+02
<VARIANCE> 6
 3.179780e+01 1.280424e+04 1.446404e+04 2.998339e+02 4.032245e+04 5.181961e+07
<GCONST> 6.759479e+01
<MIXTURE> 5 5.444830e-02
<MEAN> 6
 8.711626e+01 -5.590541e+02 1.934869e+02 -8.214565e+00 -1.435486e+01 1.498758e+02
<VARIANCE> 6
 3.179780e+01 6.724700e+04 3.980927e+04 2.998339e+02 4.032245e+04 5.181961e+07
<GCONST> 7.026581e+01
<MIXTURE> 6 6.125005e-02
<MEAN> 6
 6.475706e+01 -5.141293e+02 -5.511054e+02 -1.402192e+00 1.002067e+00 -1.403104e+02
<VARIANCE> 6
 3.179780e+01 1.280424e+04 1.446404e+04 2.998339e+02 4.032245e+04 5.181961e+07
<GCONST> 6.759479e+01
<MIXTURE> 7 7.411731e-02
<MEAN> 6
 6.622545e+01 -2.573921e+02 1.677317e+02 6.039294e-01 1.378526e+01 -1.388385e+02
<VARIANCE> 6
 3.179780e+01 1.280424e+04 1.644706e+04 2.998339e+02 4.032245e+04 5.181961e+07
<GCONST> 6.772327e+01
<MIXTURE> 8 8.963860e-02
<MEAN> 6
 7.700993e+01 -3.545997e+02 3.702552e+02 -1.262327e+00 5.942768e-01 -1.271522e+02
<VARIANCE> 6
 3.179780e+01 1.280424e+04 1.446404e+04 2.998339e+02 4.032245e+04 5.181961e+07
<GCONST> 6.759479e+01
<MIXTURE> 9 9.089360e-02
<MEAN> 6
 6.357899e+01 -4.830608e+02 2.175633e+02 3.373635e-01 5.522462e+00 -1.041628e+02
<VARIANCE> 6
 3.179780e+01 2.541134e+04 1.446404e+04 2.998339e+02 4.032245e+04 5.181961e+07
<GCONST> 6.828020e+01
<MIXTURE> 10 8.601078e-02
<MEAN> 6
 5.839577e+01 -4.273567e+02 -2.121777e+02 1.944040e-01 -3.841290e+00 -2.462034e+02
<VARIANCE> 6
 3.179780e+01 1.280424e+04 1.446404e+04 2.998339e+02 4.032245e+04 5.181961e+07
<GCONST> 6.759479e+01
<MIXTURE> 11 8.975392e-02
<MEAN> 6
 7.676382e+01 -3.549379e+02 3.690923e+02 -1.329426e+00 1.044050e+00 -1.206287e+02
<VARIANCE> 6
 3.179780e+01 1.280424e+04 1.446404e+04 2.998339e+02 4.032245e+04 5.181961e+07
<GCONST> 6.759479e+01
<MIXTURE> 12 7.607393e-02
<MEAN> 6
 7.056211e+01 -2.865672e+02 1.130084e+01 -1.525354e+00 -9.930747e+00 -3.976761e+02
<VARIANCE> 6
 3.179780e+01 1.280424e+04 1.446404e+04 2.998339e+02 4.032245e+04 5.181961e+07
<GCONST> 6.759479e+01
<MIXTURE> 13 6.156484e-02
<MEAN> 6
 6.487986e+01 -5.158542e+02 -5.529807e+02 -1.453721e+00 9.588919e-01 -1.380313e+02
<VARIANCE> 6
 3.179780e+01 1.280424e+04 1.446404e+04 2.998339e+02 4.032245e+04 5.181961e+07
<GCONST> 6.759479e+01
<STATE> 9
<NUMMIXES> 13
<MIXTURE> 1 8.819973e-02
<MEAN> 6
 7.575997e+01 2.860238e+03 4.589619e+02 -2.499591e+00 -1.629990e+01 -7.021539e+01
<VARIANCE> 6
 3.179780e+01 1.280424e+04 1.446404e+04 2.998339e+02 4.032245e+04 5.181961e+07
<GCONST> 6.759479e+01
<MIXTURE> 2 3.745968e-02
<MEAN> 6
 9.247098e+01 1.005079e+03 1.181197e+03 -4.035523e+00 4.820424e-01 9.358487e+01
<VARIANCE> 6
 3.179780e+01 2.747475e+04 1.446404e+04 2.998339e+02 4.032245e+04 5.181961e+07
<GCONST> 6.835828e+01
<MIXTURE> 3 4.669911e-02
<MEAN> 6
 8.150731e+01 6.000793e+02 1.032107e+03 -5.084815e+00 2.425259e+00 2.122768e+00
<VARIANCE> 6
 3.179780e+01 1.280424e+04 1.446404e+04 2.998339e+02 4.032245e+04 5.181961e+07
<GCONST> 6.759479e+01
<MIXTURE> 4 9.933589e-02
<MEAN> 6
 8.007425e+01 2.335669e+03 -2.065145e+02 -1.688112e+00 4.221054e+00 -1.897356e+02
<VARIANCE> 6
 3.179780e+01 3.419479e+05 1.446404e+04 2.998339e+02 4.032245e+04 5.181961e+07
<GCONST> 7.087967e+01
<MIXTURE> 5 9.125822e-02
<MEAN> 6
 8.605343e+01 -1.704537e+02 -2.983591e+03 -5.435662e+00 -1.651175e-01 1.083054e+02
<VARIANCE> 6
 8.600401e+01 2.003575e+04 5.182230e+04 2.998339e+02 4.032245e+04 5.181961e+07
<GCONST> 7.031367e+01
<MIXTURE> 6 8.265665e-02
<MEAN> 6
 8.791199e+01 1.130967e+03 -1.139210e+03 -3.099626e+00 1.639075e+00 -7.925998e+00
<VARIANCE> 6
 3.179780e+01 1.280424e+04 3.050867e+04 2.998339e+02 4.032245e+04 5.181961e+07
<GCONST> 6.834113e+01
<MIXTURE> 7 5.896563e-02
<MEAN> 6
 7.918496e+01 1.491828e+03 4.577214e+02 -1.605712e+00 -7.485230e+00 -2.399799e+02
<VARIANCE> 6
 3.179780e+01 1.442543e+04 1.446404e+04 2.998339e+02 4.032245e+04 5.181961e+07
<GCONST> 6.771400e+01
<MIXTURE> 8 1.082911e-01
<MEAN> 6
 7.064851e+01 9.405663e+02 6.821229e+02 4.940229e-01 -9.196588e-01 -1.095655e+02
<VARIANCE> 6
 3.179780e+01 4.481249e+04 1.446404e+04 2.998339e+02 4.032245e+04 5.181961e+07
<GCONST> 6.884750e+01
<MIXTURE> 9 6.837062e-02
<MEAN> 6
 8.866134e+01 1.188193e+03 -5.016777e+02 -2.496437e+00 -1.720141e+01 1.310447e+02
<VARIANCE> 6
 3.201642e+01 1.863061e+05 1.557917e+04 2.998339e+02 4.032245e+04 5.181961e+07
<GCONST> 7.035352e+01
<MIXTURE> 10 8.338127e-02
<MEAN> 6
 7.336253e+01 3.543423e+02 7.168284e+02 -2.048032e+00 -1.105444e+01 -1.749924e+02
<VARIANCE> 6
 3.179780e+01 1.280424e+04 1.594544e+04 2.998339e+02 4.032245e+04 5.181961e+07
<GCONST> 6.769229e+01
<MIXTURE> 11 6.864369e-02
<MEAN> 6
 8.878701e+01 1.013268e+03 -2.212495e+03 3.862907e-01 -1.508450e+01 2.392068e+01
<VARIANCE> 6
 3.179780e+01 1.280424e+04 2.121333e+04 2.998339e+02 4.032245e+04 5.181961e+07
<GCONST> 6.797775e+01
<MIXTURE> 12 8.252428e-02
<MEAN> 6
 8.274509e+01 1.038193e+03 3.230602e+02 -1.373605e+00 -4.901326e+00 -1.589376e+02
<VARIANCE> 6
 3.179780e+01 1.280424e+04 1.446404e+04 2.998339e+02 4.032245e+04 5.181961e+07
<GCONST> 6.759479e+01
<MIXTURE> 13 8.420747e-02
<MEAN> 6
 8.262663e+01 5.100123e+02 -6.167640e+02 -3.569173e-01 1.099346e+01 -1.522350e+02
<VARIANCE> 6
 3.179780e+01 6.085716e+04 1.446404e+04 2.998339e+02 4.032245e+04 5.181961e+07
<GCONST> 6.915353e+01
<STATE> 10
<NUMMIXES> 13
<MIXTURE> 1 4.473200e-03
<MEAN> 6
 5.818463e+00 -5.305231e+02 5.238791e+01 8.696326e+01 -5.091741e+02 2.480381e+03
<VARIANCE> 6
 1.001515e+04 6.175486e+05 9.850944e+05 1.696231e+06 9.523886e+08 1.381444e+12
<GCONST> 1.103457e+02
<MIXTURE> 2 7.824876e-02
<MEAN> 6
 3.340000e+01 1.018200e+02 5.439671e+01 2.083164e+02 -1.028066e+02 -4.318373e+02
<VARIANCE> 6
 6.967664e+02 2.444324e+05 1.539258e+05 4.944005e+03 1.285953e+05 5.181961e+07
<GCONST> 7.995827e+01
<MIXTURE> 3 4.359140e-02
<MEAN> 6
 4.329102e+01 2.327483e+01 1.666774e+02 -4.025240e+01 -4.358029e+02 4.782810e+03
<VARIANCE> 6
 5.376700e+03 1.153012e+06 1.189553e+06 7.003081e+04 5.969190e+06 3.860176e+09
<GCONST> 9.639687e+01
<MIXTURE> 4 7.845099e-02
<MEAN> 6
 9.509494e+01 9.037212e+01 -1.048558e+02 -4.555570e+00 -2.307793e+01 -2.123205e+02
<VARIANCE> 6
 5.085022e+02 1.033778e+06 2.566905e+05 2.998339e+02 4.032245e+04 5.181961e+07
<GCONST> 7.763426e+01
<MIXTURE> 5 9.231228e-02
<MEAN> 6
 -4.561084e+01 -5.845181e+01 -2.402010e+01 -7.596791e+01 1.557896e+03 -5.725938e+02
<VARIANCE> 6
 3.606558e+02 2.276822e+05 1.497176e+05 3.926027e+04 8.142268e+05 6.100433e+08
<GCONST> 8.558440e+01
<MIXTURE> 6 6.734218e-02
<MEAN> 6
 8.457160e+01 3.759601e+01 1.593948e+02 -5.544539e+00 -5.456647e+02 1.336104e+02
<VARIANCE> 6
 3.231579e+02 8.796836e+04 1.881704e+05 1.887006e+04 1.664524e+05 5.239314e+07
<GCONST> 7.997733e+01
<MIXTURE> 7 1.205467e-01
<MEAN> 6
 -3.972408e+01 6.710682e+01 4.168472e+01 6.495461e+01 7.293284e+02 -5.272318e+02
<VARIANCE> 6
 3.197644e+02 1.567348e+05 8.006467e+04 1.656350e+04 1.809377e+05 5.181961e+07
<GCONST> 7.963189e+01
<MIXTURE> 8 9.920884e-02
<MEAN> 6
 1.990351e+01 -2.234114e+01 6.081747e+01 -2.960953e+02 -2.479187e+02 7.632380e+03
<VARIANCE> 6
 6.549531e+02 1.346586e+05 1.683832e+05 9.694830e+03 6.838095e+05 2.647643e+08
<GCONST> 8.336545e+01
<MIXTURE> 9 9.964184e-02
<MEAN> 6
 9.293558e+01 -1.231444e+02 -4.498018e+01 -4.339159e+00 -3.021329e+01 -2.498841e+02
<VARIANCE> 6
 1.962513e+02 1.221802e+05 8.327551e+04 2.998339e+02 4.032245e+04 5.181961e+07
<GCONST> 7.342099e+01
<MIXTURE> 10 1.079114e-01
<MEAN> 6
 9.438018e+01 -2.362541e+01 1.345087e+01 1.892765e+01 -9.007118e+02 -1.403296e+03
<VARIANCE> 6
 4.834272e+02 4.472236e+05 9.523091e+04 2.591817e+04 1.330322e+06 6.053955e+08
<GCONST> 8.616806e+01
<MIXTURE> 11 7.639106e-02
<MEAN> 6
 -5.462530e+01 1.932848e+01 -1.589228e+01 5.868213e+00 1.958685e+02 3.439054e+02
<VARIANCE> 6
 2.507493e+02 2.390077e+05 1.364420e+05 7.341824e+02 8.502195e+04 5.181961e+07
<GCONST> 7.647232e+01
<MIXTURE> 12 6.098593e-02
<MEAN> 6
 1.989546e+01 -4.287237e+01 5.617767e+00 3.116562e+02 7.577249e+01 -8.496181e+03
<VARIANCE> 6
 8.339550e+02 1.858108e+05 5.271674e+04 5.665463e+03 5.118127e+05 1.463018e+08
<GCONST> 8.134766e+01
<MIXTURE> 13 7.009690e-02
<MEAN> 6
 7.846751e+01 -3.669684e+01 1.197448e+01 -8.971729e+01 -8.293444e+02 -1.871464e+03
<VARIANCE> 6
 3.170885e+02 9.148637e+04 8.169888e+04 2.147430e+04 2.421972e+05 6.032666e+07
<GCONST> 7.980859e+01
<TRANSP> 11
 0.000000e+00 1.000000e+00 0.000000e+00 0.000000e+00 0.000000e+00 0.000000e+00 0.000000e+00 0.000000e+00 0.000000e+00 0.000000e+00 0.000000e+00
 0.000000e+00 9.998037e-01 1.962769e-04 0.000000e+00 0.000000e+00 0.000000e+00 0.000000e+00 0.000000e+00 0.000000e+00 0.000000e+00 0.000000e+00
 0.000000e+00 0.000000e+00 9.984959e-01 1.504010e-03 0.000000e+00 0.000000e+00 0.000000e+00 0.000000e+00 0.000000e+00 0.000000e+00 0.000000e+00
 0.000000e+00 0.000000e+00 0.000000e+00 9.989292e-01 1.070814e-03 0.000000e+00 0.000000e+00 0.000000e+00 0.000000e+00 0.000000e+00 0.000000e+00
 0.000000e+00 0.000000e+00 0.000000e+00 0.000000e+00 9.964768e-01 3.523260e-03 0.000000e+00 0.000000e+00 0.000000e+00 0.000000e+00 0.000000e+00
 0.000000e+00 0.000000e+00 0.000000e+00 0.000000e+00 0.000000e+00 9.979551e-01 2.044818e-03 0.000000e+00 0.000000e+00 0.000000e+00 0.000000e+00
 0.000000e+00 0.000000e+00 0.000000e+00 0.000000e+00 0.000000e+00 0.000000e+00 9.973154e-01 2.684542e-03 0.000000e+00 0.000000e+00 0.000000e+00
 0.000000e+00 0.000000e+00 0.000000e+00 0.000000e+00 0.000000e+00 0.000000e+00 0.000000e+00 9.979360e-01 2.064101e-03 0.000000e+00 0.000000e+00
 0.000000e+00 0.000000e+00 0.000000e+00 0.000000e+00 0.000000e+00 0.000000e+00 0.000000e+00 0.000000e+00 9.980888e-01 1.911171e-03 0.000000e+00
 0.000000e+00 0.000000e+00 0.000000e+00 0.000000e+00 0.000000e+00 0.000000e+00 0.000000e+00 0.000000e+00 0.000000e+00 9.999446e-01 5.537744e-05
 0.000000e+00 0.000000e+00 0.000000e+00 0.000000e+00 0.000000e+00 0.000000e+00 0.000000e+00 0.000000e+00 0.000000e+00 0.000000e+00 0.000000e+00
<ENDHMM>
~h "SegundoESO"
<BEGINHMM>
<NUMSTATES> 11
<STATE> 2
<NUMMIXES> 13
<MIXTURE> 1 5.160096e-02
<MEAN> 6
 4.946408e+01 -2.090670e+03 6.515446e+03 1.942985e+00 -1.771203e+02 -1.193950e+03
<VARIANCE> 6
 9.922621e+02 1.648386e+07 6.532068e+07 3.052481e+04 1.148382e+06 1.585081e+08
<GCONST> 9.570144e+01
<MIXTURE> 2 9.075192e-02
<MEAN> 6
 7.174887e+01 1.320486e+04 -1.200189e+03 -6.932595e-01 -3.775613e+00 -1.683527e+02
<VARIANCE> 6
 3.179780e+01 1.280424e+04 1.446404e+04 2.998339e+02 4.032245e+04 5.181961e+07
<GCONST> 6.759479e+01
<MIXTURE> 3 1.102578e-01
<MEAN> 6
 8.522911e+01 -4.912403e+03 8.018026e+03 6.196264e-01 -1.820001e+01 -8.353429e+01
<VARIANCE> 6
 5.502898e+01 3.256050e+06 5.108958e+07 2.998339e+02 4.032245e+04 5.181961e+07
<GCONST> 8.185141e+01
<MIXTURE> 4 8.538981e-02
<MEAN> 6
 6.857479e+01 3.215502e+03 -1.015682e+03 2.646889e-01 -1.160110e+01 1.703717e+01
<VARIANCE> 6
 4.060323e+01 5.006228e+05 3.744355e+05 2.998339e+02 4.032245e+04 5.181961e+07
<GCONST> 7.475906e+01
<MIXTURE> 5 4.967214e-02
<MEAN> 6
 7.423212e+01 -1.980906e+03 5.867051e+03 -7.477709e-02 -9.763953e+00 -2.507557e+02
<VARIANCE> 6
 3.179780e+01 1.599280e+05 3.469818e+06 2.998339e+02 4.032245e+04 5.181961e+07
<GCONST> 7.559992e+01
<MIXTURE> 6 9.377121e-02
<MEAN> 6
 6.769122e+01 -4.129793e+03 3.418938e+03 -7.788863e-01 -5.834661e+00 -1.467925e+02
<VARIANCE> 6
 3.179780e+01 3.455720e+04 1.446404e+04 2.998339e+02 4.032245e+04 5.181961e+07
<GCONST> 6.858762e+01
<MIXTURE> 7 5.078754e-02
<MEAN> 6
 9.629137e+01 -3.946769e+03 6.802936e+03 -5.840211e+00 -1.249708e+01 1.173415e+02
<VARIANCE> 6
 3.179780e+01 7.390250e+04 1.856427e+07 2.998339e+02 4.032245e+04 5.181961e+07
<GCONST> 7.650508e+01
<MIXTURE> 8 1.013126e-01
<MEAN> 6
 5.981572e+01 1.701591e+03 -1.050396e+03 2.144561e-01 1.442351e-01 -3.661301e+00
<VARIANCE> 6
 3.179780e+01 1.130082e+05 1.073720e+05 2.998339e+02 4.032245e+04 5.181961e+07
<GCONST> 7.177710e+01
<MIXTURE> 9 5.514533e-02
<MEAN> 6
 8.055481e+01 1.096805e+02 3.202425e+03 4.195706e-01 -3.218305e+00 -9.613842e+01
<VARIANCE> 6
 3.179780e+01 2.700637e+05 1.446404e+04 2.998339e+02 4.032245e+04 5.181961e+07
<GCONST> 7.064366e+01
<MIXTURE> 10 7.696968e-02
<MEAN> 6
 7.223138e+01 1.527074e+03 -2.400260e+03 5.832827e-02 -4.217455e+00 -1.609180e+02
<VARIANCE> 6
 3.179780e+01 1.280424e+04 1.700741e+05 2.998339e+02 4.032245e+04 5.181961e+07
<GCONST> 7.005936e+01
<MIXTURE> 11 7.749514e-02
<MEAN> 6
 7.432607e+01 -1.424395e+03 2.693258e+03 1.767213e+00 -5.952742e+00 -7.094791e+01
<VARIANCE> 6
 3.179780e+01 8.192279e+05 1.191360e+05 2.998339e+02 4.032245e+04 5.181961e+07
<GCONST> 7.386197e+01
<MIXTURE> 12 9.021581e-02
<MEAN> 6
 8.856161e+01 -4.413959e+03 3.870064e+03 -1.340277e+00 -1.613894e+01 -2.509801e+02
<VARIANCE> 6
 3.179780e+01 1.280424e+04 3.567584e+06 2.998339e+02 4.032245e+04 5.181961e+07
<GCONST> 7.310276e+01
<MIXTURE> 13 6.661238e-02
<MEAN> 6
 7.271676e+01 -9.471260e+02 2.098820e+03 1.335452e+00 -2.215731e+01 -1.941969e+02
<VARIANCE> 6
 3.179780e+01 2.813952e+06 5.432835e+05 2.998339e+02 4.032245e+04 5.181961e+07
<GCONST> 7.661332e+01
<STATE> 3
<NUMMIXES> 13
<MIXTURE> 1 8.899688e-02
<MEAN> 6
 6.663306e+01 8.133116e+02 -1.064432e+03 1.029433e+00 -3.103002e+00 -8.361818e+01
<VARIANCE> 6
 3.179780e+01 1.280424e+04 8.324578e+04 2.998339e+02 4.032245e+04 5.181961e+07
<GCONST> 6.934491e+01
<MIXTURE> 2 9.526961e-02
<MEAN> 6
 7.633018e+01 -5.541624e+01 -3.205031e+03 -3.880635e-01 -6.882450e+00 -1.118885e+02
<VARIANCE> 6
 3.179780e+01 1.418124e+04 1.214520e+06 2.998339e+02 4.032245e+04 5.181961e+07
<GCONST> 7.212737e+01
<MIXTURE> 3 1.059616e-01
<MEAN> 6
 5.754890e+01 6.485615e+02 -3.902584e+03 1.992558e+00 -1.476854e+00 -6.094157e+01
<VARIANCE> 6
 3.179780e+01 1.280424e+04 1.273785e+06 2.998339e+02 4.032245e+04 5.181961e+07
<GCONST> 7.207286e+01
<MIXTURE> 4 7.155786e-02
<MEAN> 6
 6.402318e+01 -1.138538e+02 -1.515856e+03 1.056044e+00 2.373755e+00 -1.765339e+02
<VARIANCE> 6
 3.179780e+01 2.360067e+04 1.844608e+04 2.998339e+02 4.032245e+04 5.181961e+07
<GCONST> 6.844946e+01
<MIXTURE> 5 9.413794e-02
<MEAN> 6
 7.420888e+01 -3.243604e+02 -8.177714e+03 -6.176127e-02 -2.457103e+00 -8.301019e+01
<VARIANCE> 6
 3.179780e+01 1.412956e+04 1.402242e+06 2.998339e+02 4.032245e+04 5.181961e+07
<GCONST> 7.226744e+01
<MIXTURE> 6 1.317487e-01
<MEAN> 6
 6.042554e+01 -3.147985e+02 -3.091688e+02 3.677866e-01 -5.115295e+00 -1.139480e+02
<VARIANCE> 6
 3.179780e+01 1.986097e+04 1.827647e+04 2.998339e+02 4.032245e+04 5.181961e+07
<GCONST> 6.826772e+01
<MIXTURE> 7 4.060788e-02
<MEAN> 6
 6.258666e+01 -1.908530e+02 -2.624698e+02 1.218221e+00 -7.912498e+00 -9.805871e+01
<VARIANCE> 6
 3.179780e+01 5.861004e+05 3.148058e+04 2.998339e+02 4.032245e+04 5.181961e+07
<GCONST> 7.219620e+01
<MIXTURE> 8 6.774412e-02
<MEAN> 6
 5.849860e+01 3.786979e+01 -5.190310e+02 -1.174273e+00 -3.663239e-01 -8.722072e+01
<VARIANCE> 6
 3.179780e+01 8.141084e+04 4.887941e+04 2.998339e+02 4.032245e+04 5.181961e+07
<GCONST> 7.066220e+01
<MIXTURE> 9 7.335930e-02
<MEAN> 6
 6.487405e+01 -6.573518e+02 -6.970096e+02 -3.518279e-01 -7.639493e+00 -1.358448e+02
<VARIANCE> 6
 3.179780e+01 1.280424e+04 2.410510e+04 2.998339e+02 4.032245e+04 5.181961e+07
<GCONST> 6.810555e+01
<MIXTURE> 10 4.478932e-02
<MEAN> 6
 5.507151e+01 1.100932e+02 -3.597508e+03 6.127259e-03 1.822833e+00 -3.483502e+01
<VARIANCE> 6
 3.179780e+01 1.280424e+04 9.492946e+05 2.998339e+02 4.032245e+04 5.181961e+07
<GCONST> 7.177884e+01
<MIXTURE> 11 5.413273e-02
<MEAN> 6
 7.207041e+01 6.460850e+02 -5.573038e+03 -6.365620e-02 -5.027914e+00 8.950959e+00
<VARIANCE> 6
 3.179780e+01 2.201606e+04 7.655538e+06 2.998339e+02 4.032245e+04 5.181961e+07
<GCONST> 7.440829e+01
<MIXTURE> 12 6.196040e-02
<MEAN> 6
 6.029923e+01 2.752144e+02 -1.896852e+03 -2.009077e-01 -8.876165e+00 -1.681847e+02
<VARIANCE> 6
 3.179780e+01 1.280424e+04 1.661891e+04 2.998339e+02 4.032245e+04 5.181961e+07
<GCONST> 6.773366e+01
<MIXTURE> 13 6.970096e-02
<MEAN> 6
 5.823745e+01 -1.121433e+02 -6.460444e+02 -8.957175e-01 2.818585e+00 -5.002683e+01
<VARIANCE> 6
 3.179780e+01 6.494798e+04 6.733622e+04 2.998339e+02 4.032245e+04 5.181961e+07
<GCONST> 7.075662e+01
<STATE> 4
<NUMMIXES> 13
<MIXTURE> 1 7.748533e-02
<MEAN> 6
 7.306770e+01 5.344995e+02 1.046362e+03 -6.342076e-01 1.037706e+00 -1.157009e+02
<VARIANCE> 6
 3.179780e+01 4.041923e+04 6.895866e+05 2.998339e+02 4.032245e+04 5.181961e+07
<GCONST> 7.260873e+01
<MIXTURE> 2 6.265766e-02
<MEAN> 6
 8.554134e+01 -1.656489e+03 2.820800e+02 -2.112416e-01 -4.943757e+00 -1.720873e+02
<VARIANCE> 6
 3.179780e+01 5.450617e+04 6.256520e+04 2.998339e+02 4.032245e+04 5.181961e+07
<GCONST> 7.050786e+01
<MIXTURE> 3 6.594083e-02
<MEAN> 6
 5.749788e+01 1.383522e+02 4.025440e+02 -2.722266e-01 -2.903744e+00 -9.978846e+01
<VARIANCE> 6
 4.711336e+01 1.280424e+04 3.210082e+04 2.998339e+02 4.032245e+04 5.181961e+07
<GCONST> 6.878516e+01
<MIXTURE> 4 6.410649e-02
<MEAN> 6
 8.265816e+01 -7.732722e+02 1.362809e+02 -1.971004e-01 -5.088388e+00 -1.079060e+02
<VARIANCE> 6
 3.179780e+01 1.280424e+04 1.446404e+04 2.998339e+02 4.032245e+04 5.181961e+07
<GCONST> 6.759479e+01
<MIXTURE> 5 1.242061e-01
<MEAN> 6
 7.861772e+01 -4.080780e+01 6.410201e+02 -1.790147e+00 -9.458050e-02 -3.596567e+01
<VARIANCE> 6
 3.179780e+01 2.120025e+05 5.333907e+04 2.998339e+02 4.032245e+04 5.181961e+07
<GCONST> 7.170660e+01
<MIXTURE> 6 1.000392e-01
<MEAN> 6
 6.819295e+01 -4.037070e+02 3.350151e+02 -1.444617e-01 -4.314573e+00 -1.008075e+02
<VARIANCE> 6
 3.179780e+01 1.280424e+04 1.446404e+04 2.998339e+02 4.032245e+04 5.181961e+07
<GCONST> 6.759479e+01
<MIXTURE> 7 6.359193e-02
<MEAN> 6
 6.678397e+01 -2.194562e+03 -3.586266e+02 -4.567703e-02 -1.482010e+00 -1.091224e+02
<VARIANCE> 6
 3.624419e+01 9.620946e+04 5.168439e+04 2.998339e+02 4.032245e+04 5.181961e+07
<GCONST> 7.101591e+01
<MIXTURE> 8 6.390978e-02
<MEAN> 6
 6.112863e+01 -1.731884e+02 1.866357e+02 -4.071451e-01 -3.224787e+00 -1.414250e+02
<VARIANCE> 6
 3.179780e+01 3.571404e+04 1.446404e+04 2.998339e+02 4.032245e+04 5.181961e+07
<GCONST> 6.862055e+01
<MIXTURE> 9 8.430987e-02
<MEAN> 6
 7.650262e+01 1.431985e+02 1.375288e+03 -6.914645e-01 -3.707366e+00 -1.078638e+02
<VARIANCE> 6
 3.179780e+01 2.704915e+05 1.626413e+05 2.998339e+02 4.032245e+04 5.181961e+07
<GCONST> 7.306512e+01
<MIXTURE> 10 9.819567e-02
<MEAN> 6
 7.701083e+01 -7.817570e+02 -1.928806e+01 -4.936149e-01 -2.004237e+00 -1.273139e+02
<VARIANCE> 6
 4.402398e+01 1.198083e+05 1.446404e+04 2.998339e+02 4.032245e+04 5.181961e+07
<GCONST> 7.015623e+01
<MIXTURE> 11 7.378555e-02
<MEAN> 6
 8.586581e+01 -1.414660e+03 -2.743910e+02 -3.090113e+00 -2.527081e+00 -1.292697e+02
<VARIANCE> 6
 3.767115e+01 1.835767e+06 1.145792e+05 2.998339e+02 4.032245e+04 5.181961e+07
<GCONST> 7.479932e+01
<MIXTURE> 12 5.751650e-02
<MEAN> 6
 6.258647e+01 -4.253139e+02 1.167355e+02 -9.273478e-01 -2.667218e+00 -1.000244e+02
<VARIANCE> 6
 3.179780e+01 2.461890e+04 1.446404e+04 2.998339e+02 4.032245e+04 5.181961e+07
<GCONST> 6.824852e+01
<MIXTURE> 13 6.416353e-02
<MEAN> 6
 8.246125e+01 -7.905377e+02 1.435433e+02 -1.847649e-01 -4.361156e+00 -1.067843e+02
<VARIANCE> 6
 3.179780e+01 1.280424e+04 1.446404e+04 2.998339e+02 4.032245e+04 5.181961e+07
<GCONST> 6.759479e+01
<STATE> 5
<NUMMIXES> 13
<MIXTURE> 1 8.967453e-02
<MEAN> 6
 9.633280e+01 -1.502965e+02 1.040027e+03 -1.002039e+01 -1.381504e+02 1.717445e+02
<VARIANCE> 6
 1.315635e+02 1.186385e+06 3.500495e+06 3.920713e+02 4.032245e+04 5.181961e+07
<GCONST> 7.930097e+01
<MIXTURE> 2 8.771217e-02
<MEAN> 6
 -5.979104e+01 3.142278e+02 1.302884e+03 -1.352444e+02 1.596083e+03 2.109209e+02
<VARIANCE> 6
 1.462281e+02 1.082230e+06 3.106541e+06 1.367598e+04 5.474802e+05 4.229214e+08
<GCONST> 8.745515e+01
<MIXTURE> 3 7.774093e-02
<MEAN> 6
 4.842528e+01 1.587038e+02 6.158320e+02 -2.798609e+02 -8.949155e+02 5.518987e+03
<VARIANCE> 6
 2.351315e+02 6.220280e+05 5.284646e+06 3.585099e+03 3.362691e+05 8.922670e+07
<GCONST> 8.452536e+01
<MIXTURE> 4 4.190215e-02
<MEAN> 6
 -6.181704e+01 8.425881e+02 4.110383e+03 9.354040e+01 5.906871e+02 4.856191e+02
<VARIANCE> 6
 1.821301e+02 3.117539e+05 1.298062e+06 4.585965e+03 1.657862e+05 5.181961e+07
<GCONST> 8.117082e+01
<MIXTURE> 5 5.647914e-02
<MEAN> 6
 -1.173153e+01 4.208477e+02 1.255307e+03 -3.187713e+02 3.144555e+02 1.073161e+04
<VARIANCE> 6
 5.438530e+02 1.525058e+06 4.504368e+06 7.091399e+03 3.806427e+05 2.970317e+08
<GCONST> 8.810965e+01
<MIXTURE> 6 4.567747e-02
<MEAN> 6
 6.910123e+00 7.351116e+02 4.109505e+03 3.118967e+02 5.916577e+01 -8.073427e+03
<VARIANCE> 6
 9.036887e+02 7.000220e+05 2.375955e+06 4.804210e+03 9.080678e+05 1.046772e+08
<GCONST> 8.663624e+01
<MIXTURE> 7 8.321596e-02
<MEAN> 6
 -6.538593e+01 1.269020e+02 8.886227e+02 7.928081e+00 1.928068e+02 -3.470243e+01
<VARIANCE> 6
 4.685059e+01 1.032262e+06 2.295864e+06 5.380818e+02 5.816848e+04 5.181961e+07
<GCONST> 7.839050e+01
<MIXTURE> 8 1.171300e-01
<MEAN> 6
 7.248493e+01 -5.065330e+02 1.451531e+03 1.514995e+02 -5.598519e+02 1.234095e+03
<VARIANCE> 6
 2.578394e+02 8.150206e+05 4.753058e+06 3.570063e+03 8.439888e+04 5.181961e+07
<GCONST> 8.285179e+01
<MIXTURE> 9 1.015399e-01
<MEAN> 6
 -5.123880e+01 -4.475466e+02 4.002582e+02 1.381401e+02 1.004694e+03 -8.059372e+02
<VARIANCE> 6
 2.343138e+02 8.377558e+05 8.074250e+05 1.160680e+04 1.362289e+05 5.181961e+07
<GCONST> 8.266873e+01
<MIXTURE> 10 7.900612e-02
<MEAN> 6
 9.428781e+01 -8.830548e+01 9.290521e+02 1.724053e+01 -8.735232e+02 -1.969477e+03
<VARIANCE> 6
 1.255105e+02 1.350094e+06 3.173470e+06 8.519558e+03 4.170827e+05 1.898488e+08
<GCONST> 8.599857e+01
<MIXTURE> 11 7.833994e-02
<MEAN> 6
 1.444944e+01 -1.116720e+03 1.028826e+02 3.012394e+02 -2.241636e+02 -7.019653e+03
<VARIANCE> 6
 5.366630e+02 1.100497e+06 8.763363e+05 2.485740e+03 3.252994e+05 5.611912e+07
<GCONST> 8.326122e+01
<MIXTURE> 12 7.932159e-02
<MEAN> 6
 8.099418e+01 -2.132634e+01 2.561394e+02 -1.170269e+02 -9.422532e+02 -2.901084e+03
<VARIANCE> 6
 1.466377e+02 3.698232e+05 2.013772e+06 5.062127e+03 1.909878e+05 5.181961e+07
<GCONST> 8.180432e+01
<MIXTURE> 13 6.220127e-02
<MEAN> 6
 -5.196964e+00 5.669505e+01 6.982339e+02 -2.883962e+02 1.992089e+02 3.433570e+03
<VARIANCE> 6
 5.107446e+02 1.043526e+06 4.372074e+06 5.320706e+03 2.205796e+05 9.509938e+07
<GCONST> 8.566580e+01
<STATE> 6
<NUMMIXES> 13
<MIXTURE> 1 8.761612e-02
<MEAN> 6
 5.249278e+01 2.630334e+03 -5.659933e+02 -5.123218e+01 -4.371809e+02 9.909430e+02
<VARIANCE> 6
 2.359246e+03 4.669200e+07 3.747746e+06 2.972742e+04 7.141761e+05 2.057495e+08
<GCONST> 9.450998e+01
<MIXTURE> 2 6.915510e-02
<MEAN> 6
 2.924693e+01 3.047245e+02 3.989316e+02 8.563744e+01 -1.517433e+01 -4.717968e+02
<VARIANCE> 6
 4.702773e+02 2.884264e+05 1.039914e+06 8.623890e+02 4.032245e+04 5.181961e+07
<GCONST> 7.873508e+01
<MIXTURE> 3 8.117003e-02
<MEAN> 6
 4.896519e+01 -6.144405e+03 2.158695e+02 4.357237e+00 -8.663958e+01 -1.142330e+02
<VARIANCE> 6
 2.995016e+03 8.022225e+05 2.064986e+05 1.384362e+04 9.701609e+04 5.181961e+07
<GCONST> 8.364665e+01
<MIXTURE> 4 5.231351e-02
<MEAN> 6
 -3.294435e+01 1.264787e+03 -1.089948e+03 -2.668654e+01 8.197612e+02 9.468522e+02
<VARIANCE> 6
 1.412472e+02 4.094940e+06 3.168352e+06 2.127526e+04 2.970776e+05 1.575450e+08
<GCONST> 8.761403e+01
<MIXTURE> 5 9.142942e-02
<MEAN> 6
 2.163960e+01 1.290906e+03 -2.323416e+03 1.663540e+02 -1.062867e+01 -1.444114e+03
<VARIANCE> 6
 6.266293e+02 3.955061e+06 3.127951e+06 3.476813e+03 5.730291e+04 5.181961e+07
<GCONST> 8.448727e+01
<MIXTURE> 6 1.001992e-01
<MEAN> 6
 5.769931e+01 1.833084e+03 -3.434146e+03 -2.954432e+01 -1.918307e+02 2.761191e+02
<VARIANCE> 6
 1.166508e+03 2.998906e+06 9.942317e+05 1.787218e+04 9.693630e+04 5.181961e+07
<GCONST> 8.584860e+01
<MIXTURE> 7 7.596518e-02
<MEAN> 6
 7.191374e+01 -1.800408e+02 4.898337e+02 -7.944489e+00 -5.154287e+01 1.184962e+02
<VARIANCE> 6
 1.303781e+02 1.020154e+06 2.260314e+06 3.260059e+02 4.625523e+04 5.181961e+07
<GCONST> 7.865631e+01
<MIXTURE> 8 6.766672e-02
<MEAN> 6
 -2.187298e+01 2.539003e+02 6.765608e+02 -5.507638e+00 2.980187e+02 -4.082810e+02
<VARIANCE> 6
 2.568069e+02 3.458322e+05 7.603264e+05 8.175348e+03 8.809593e+04 5.181961e+07
<GCONST> 8.102914e+01
<MIXTURE> 9 7.511739e-02
<MEAN> 6
 1.772967e+01 -2.648829e+02 -3.378722e+02 -1.390662e+02 -3.578189e+01 1.517838e+03
<VARIANCE> 6
 4.078151e+02 2.252670e+06 8.792724e+05 1.395802e+03 8.848270e+04 5.947193e+07
<GCONST> 8.188536e+01
<MIXTURE> 10 6.147228e-02
<MEAN> 6
 -4.396692e+01 -4.082692e+01 -7.452396e+02 1.995920e+01 1.927305e+02 -3.406850e+02
<VARIANCE> 6
 1.933384e+02 1.319068e+06 2.504991e+06 6.827089e+02 4.937888e+04 5.181961e+07
<GCONST> 8.021457e+01
<MIXTURE> 11 1.101821e-01
<MEAN> 6
 6.240357e+01 1.402660e+02 -2.991090e+02 4.540850e+00 -3.767143e+02 -1.142595e+02
<VARIANCE> 6
 1.539774e+02 1.379696e+06 1.360231e+06 8.830187e+03 6.904865e+04 5.181961e+07
<GCONST> 8.231638e+01
<MIXTURE> 12 7.714683e-02
<MEAN> 6
 -1.446912e+01 -1.977550e+01 -1.850827e+02 2.915743e+01 3.295055e+01 -1.896462e+02
<VARIANCE> 6
 5.791133e+01 7.246071e+05 5.146915e+05 4.027289e+03 4.032245e+04 5.181961e+07
<GCONST> 7.839967e+01
<MIXTURE> 13 5.048328e-02
<MEAN> 6
 -4.110267e+01 -2.674161e+02 -8.582546e+02 -8.579520e+00 7.917347e+02 -6.729707e+02
<VARIANCE> 6
 1.522000e+02 8.637589e+06 2.628378e+06 1.223952e+04 2.067581e+05 7.369898e+07
<GCONST> 8.657320e+01
<STATE> 7
<NUMMIXES> 13
<MIXTURE> 1 6.257112e-02
<MEAN> 6
 6.673827e+01 -4.112980e+02 1.741296e+03 -2.844695e+00 -1.434238e+00 -1.298209e+02
<VARIANCE> 6
 3.467229e+01 7.387862e+04 5.839571e+04 2.998339e+02 4.032245e+04 5.181961e+07
<GCONST> 7.082955e+01
<MIXTURE> 2 3.191182e-02
<MEAN> 6
 7.540235e+01 3.724695e+02 -8.079076e+02 4.543108e-01 -2.745980e+01 -1.043545e+02
<VARIANCE> 6
 3.179780e+01 4.281233e+04 2.237505e+05 2.998339e+02 4.032245e+04 5.181961e+07
<GCONST> 7.154070e+01
<MIXTURE> 3 1.139786e-01
<MEAN> 6
 7.247221e+01 4.236584e+02 1.615571e+02 -2.919758e-01 -1.120889e+01 -1.277700e+02
<VARIANCE> 6
 3.179780e+01 2.766962e+05 1.446404e+04 2.998339e+02 4.032245e+04 5.181961e+07
<GCONST> 7.066792e+01
<MIXTURE> 4 5.644944e-02
<MEAN> 6
 5.832567e+01 2.633458e+03 -2.540094e+02 3.647063e-01 -5.441160e+00 -1.879901e+02
<VARIANCE> 6
 3.179780e+01 1.615827e+04 1.446404e+04 2.998339e+02 4.032245e+04 5.181961e+07
<GCONST> 6.782744e+01
<MIXTURE> 5 4.500447e-02
<MEAN> 6
 7.040176e+01 6.023406e+02 3.828450e+02 -5.727130e-01 -2.579845e+00 -4.635889e+01
<VARIANCE> 6
 3.179780e+01 1.280424e+04 1.716737e+04 2.998339e+02 4.032245e+04 5.181961e+07
<GCONST> 6.776613e+01
<MIXTURE> 6 6.048466e-02
<MEAN> 6
 7.527917e+01 7.147202e+02 -7.576942e+02 -9.925889e-01 -5.842060e+00 -7.674626e+01
<VARIANCE> 6
 3.179780e+01 2.491829e+05 1.446404e+04 2.998339e+02 4.032245e+04 5.181961e+07
<GCONST> 7.056319e+01
<MIXTURE> 7 9.263916e-02
<MEAN> 6
 7.427632e+01 7.240609e+01 -3.196200e+02 -7.201868e-01 -1.001555e+01 -1.710499e+02
<VARIANCE> 6
 3.179780e+01 3.421267e+04 8.547481e+04 2.998339e+02 4.032245e+04 5.181961e+07
<GCONST> 7.035416e+01
<MIXTURE> 8 4.710777e-02
<MEAN> 6
 6.045337e+01 1.831411e+03 -3.152928e+02 3.034322e-01 -5.302945e+00 -2.183958e+02
<VARIANCE> 6
 3.179780e+01 1.280424e+04 1.446404e+04 2.998339e+02 4.032245e+04 5.181961e+07
<GCONST> 6.759479e+01
<MIXTURE> 9 8.236980e-02
<MEAN> 6
 6.682696e+01 5.196172e+02 -2.380692e+02 7.248364e-01 -7.699850e+00 -1.781399e+02
<VARIANCE> 6
 3.179780e+01 3.338179e+04 1.446404e+04 2.998339e+02 4.032245e+04 5.181961e+07
<GCONST> 6.855302e+01
<MIXTURE> 10 1.117326e-01
<MEAN> 6
 7.401835e+01 -6.234502e+01 -9.686864e+01 -1.391563e+00 -1.397088e+01 -1.412547e+02
<VARIANCE> 6
 3.179780e+01 4.992157e+04 6.163260e+04 2.998339e+02 4.032245e+04 5.181961e+07
<GCONST> 7.040498e+01
<MIXTURE> 11 1.029202e-01
<MEAN> 6
 6.945400e+01 1.051154e+03 8.475365e+01 -8.581924e-01 -6.328714e+00 -1.220871e+02
<VARIANCE> 6
 3.179780e+01 3.092400e+05 1.446404e+04 2.998339e+02 4.032245e+04 5.181961e+07
<GCONST> 7.077913e+01
<MIXTURE> 12 1.325486e-01
<MEAN> 6
 6.669576e+01 3.985294e+02 -2.116193e+02 5.709864e-01 -5.455115e+00 -7.549709e+01
<VARIANCE> 6
 3.179780e+01 1.280424e+04 1.446404e+04 2.998339e+02 4.032245e+04 5.181961e+07
<GCONST> 6.759479e+01
<MIXTURE> 13 6.024442e-02
<MEAN> 6
 7.581399e+01 5.077033e+02 -7.597286e+02 -7.149665e-01 -5.266838e+00 -9.183556e+01
<VARIANCE> 6
 3.179780e+01 1.677729e+05 1.446404e+04 2.998339e+02 4.032245e+04 5.181961e+07
<GCONST> 7.016762e+01
<STATE> 8
<NUMMIXES> 13
<MIXTURE> 1 1.072280e-01
<MEAN> 6
 -1.272771e+00 -3.113412e+01 1.216791e+02 -2.490732e+02 8.734303e+01 5.381332e+03
<VARIANCE> 6
 4.913685e+02 1.266011e+06 4.235731e+05 4.608149e+03 2.678028e+05 1.800762e+08
<GCONST> 8.417480e+01
<MIXTURE> 2 6.909491e-02
<MEAN> 6
 8.038560e+01 -1.887247e+02 3.305153e+02 -4.900092e+00 -7.033957e+01 -4.575761e+02
<VARIANCE> 6
 6.339522e+01 4.346162e+05 5.632132e+05 2.998339e+02 4.032245e+04 5.181961e+07
<GCONST> 7.547145e+01
<MIXTURE> 3 1.367405e-01
<MEAN> 6
 -4.557431e+01 1.099381e+02 5.247057e+01 6.305039e+01 8.158354e+02 -2.228016e+02
<VARIANCE> 6
 1.398744e+02 3.828001e+05 2.798587e+05 1.151622e+04 1.363875e+05 5.181961e+07
<GCONST> 8.030336e+01
<MIXTURE> 4 7.514600e-02
<MEAN> 6
 8.249435e+01 -3.368808e+02 3.586875e+01 2.427597e+01 -1.011908e+03 -3.753462e+02
<VARIANCE> 6
 4.331876e+02 4.085528e+06 8.620679e+05 2.091906e+04 1.063708e+06 7.364623e+08
<GCONST> 9.023154e+01
<MIXTURE> 5 4.467764e-02
<MEAN> 6
 -1.696382e+00 8.297006e+01 2.550745e+01 2.075702e+01 8.537601e+01 -6.542029e+02
<VARIANCE> 6
 2.628537e+02 2.452529e+05 1.170585e+05 3.786431e+04 4.533936e+04 5.181961e+07
<GCONST> 7.970631e+01
<MIXTURE> 6 6.409614e-02
<MEAN> 6
 4.344981e+01 3.076225e+02 7.132809e+01 1.914330e+02 -3.245679e+02 -8.940847e+02
<VARIANCE> 6
 4.272203e+02 8.227489e+05 5.262365e+05 3.067923e+03 1.072648e+05 5.181961e+07
<GCONST> 8.125356e+01
<MIXTURE> 7 2.730474e-02
<MEAN> 6
 2.311621e+01 2.689998e+00 3.595818e+01 -7.141521e+01 -1.162114e+02 1.731785e+03
<VARIANCE> 6
 1.266060e+03 3.672801e+05 4.427090e+06 3.334073e+04 1.420722e+05 5.181961e+07
<GCONST> 8.632996e+01
<MIXTURE> 8 8.433643e-02
<MEAN> 6
 -5.806789e+01 3.656900e+01 4.864298e+01 1.269064e+01 2.005885e+02 -2.576000e+02
<VARIANCE> 6
 1.096276e+02 2.756290e+05 9.595549e+05 6.088754e+02 6.428889e+04 5.181961e+07
<GCONST> 7.727142e+01
<MIXTURE> 9 1.324340e-01
<MEAN> 6
 7.572720e+01 -1.109951e+02 9.582986e+01 -6.662466e+00 -6.002326e+02 -1.016130e+03
<VARIANCE> 6
 1.599161e+02 7.008753e+05 3.969220e+05 8.663251e+03 1.278058e+05 5.181961e+07
<GCONST> 8.104189e+01
<MIXTURE> 10 6.257421e-02
<MEAN> 6
 -4.868011e+01 1.938662e+02 6.580037e+01 -1.203983e+02 1.538107e+03 1.924663e+03
<VARIANCE> 6
 1.811523e+02 7.873209e+05 9.056872e+05 1.811139e+04 5.940541e+05 5.340761e+08
<GCONST> 8.671451e+01
<MIXTURE> 11 5.801418e-02
<MEAN> 6
 -1.117583e+01 5.638422e+01 -3.731280e+01 2.439019e+02 3.748131e+02 -8.175433e+03
<VARIANCE> 6
 1.691585e+02 5.020520e+05 3.277812e+05 4.105227e+03 1.669828e+05 7.399618e+07
<GCONST> 8.044984e+01
<MIXTURE> 12 7.212970e-02
<MEAN> 6
 5.190070e+01 4.464446e+00 6.731271e+01 -2.023351e+02 -6.902615e+02 3.152704e+03
<VARIANCE> 6
 2.067384e+02 7.399329e+05 2.764717e+05 3.778450e+03 1.704813e+05 5.323782e+07
<GCONST> 8.047662e+01
<MIXTURE> 13 6.588987e-02
<MEAN> 6
 3.771838e+01 -1.001207e+02 -1.857037e+02 2.136779e+02 -3.734034e+02 -2.236011e+03
<VARIANCE> 6
 3.951560e+02 4.043377e+05 5.746262e+05 4.086707e+03 1.061870e+05 5.181961e+07
<GCONST> 8.082976e+01
<STATE> 9
<NUMMIXES> 13
<MIXTURE> 1 5.777648e-02
<MEAN> 6
 9.785139e+01 1.917199e+03 -1.521149e+03 -4.904058e+00 -1.150933e+01 3.628178e+02
<VARIANCE> 6
 1.832771e+02 1.617338e+05 7.630166e+05 2.998339e+02 4.032245e+04 5.181961e+07
<GCONST> 7.584818e+01
<MIXTURE> 2 5.060225e-02
<MEAN> 6
 1.007744e+02 4.727440e+02 -4.533598e+02 -5.807211e+00 6.615743e+00 9.918819e+01
<VARIANCE> 6
 9.716604e+01 1.288995e+05 6.617255e+04 2.998339e+02 4.032245e+04 5.181961e+07
<GCONST> 7.254166e+01
<MIXTURE> 3 1.060177e-01
<MEAN> 6
 5.832561e+01 5.621378e+02 7.484930e+01 8.265298e-02 1.299276e+00 -1.113191e+02
<VARIANCE> 6
 3.179780e+01 4.014216e+04 1.446404e+04 2.998339e+02 4.032245e+04 5.181961e+07
<GCONST> 6.873743e+01
<MIXTURE> 4 6.912176e-02
<MEAN> 6
 8.880048e+01 5.786206e+01 3.476794e+02 -3.654284e+00 -1.028513e+01 2.379373e+02
<VARIANCE> 6
 3.179780e+01 5.077758e+05 3.068680e+06 2.998339e+02 4.032245e+04 5.181961e+07
<GCONST> 7.663239e+01
<MIXTURE> 5 1.015668e-01
<MEAN> 6
 7.073043e+01 -6.747685e+02 6.060754e+02 -2.994579e+00 8.354124e+00 3.283883e+01
<VARIANCE> 6
 9.405692e+01 5.537964e+06 3.148693e+05 2.998339e+02 4.032245e+04 5.181961e+07
<GCONST> 7.782938e+01
<MIXTURE> 6 1.131237e-01
<MEAN> 6
 7.555586e+01 8.481785e+02 -1.032006e+02 -2.771385e+00 -2.339911e+00 6.832094e+01
<VARIANCE> 6
 3.179780e+01 1.447082e+05 1.383439e+05 2.998339e+02 4.032245e+04 5.181961e+07
<GCONST> 7.227780e+01
<MIXTURE> 7 1.303301e-01
<MEAN> 6
 5.920964e+01 3.098743e+01 -8.661361e+01 1.700546e-02 -3.575766e+00 -1.544630e+02
<VARIANCE> 6
 3.179780e+01 1.280424e+04 1.446404e+04 2.998339e+02 4.032245e+04 5.181961e+07
<GCONST> 6.759479e+01
<MIXTURE> 8 3.908926e-02
<MEAN> 6
 9.635399e+01 -8.886578e+02 -7.878644e+03 -5.388921e+00 6.001547e+00 6.786626e+01
<VARIANCE> 6
 1.642744e+02 6.895964e+04 4.343038e+06 2.998339e+02 4.032245e+04 5.181961e+07
<GCONST> 7.662534e+01
<MIXTURE> 9 5.854589e-02
<MEAN> 6
 8.127729e+01 -2.070442e+02 2.544653e+02 -3.794534e+00 -4.847779e+00 8.733785e+01
<VARIANCE> 6
 3.179780e+01 5.511200e+05 1.114418e+05 2.998339e+02 4.032245e+04 5.181961e+07
<GCONST> 7.339880e+01
<MIXTURE> 10 6.250562e-02
<MEAN> 6
 8.137471e+01 1.365217e+02 -1.381295e+03 -2.958794e+00 -2.987531e+00 9.904704e+01
<VARIANCE> 6
 7.521008e+01 2.304792e+05 4.445352e+06 2.998339e+02 4.032245e+04 5.181961e+07
<GCONST> 7.707401e+01
<MIXTURE> 11 8.140272e-02
<MEAN> 6
 9.189544e+01 6.746731e+01 -1.341880e+02 -3.768196e+00 -3.191791e+00 4.725463e+01
<VARIANCE> 6
 4.343998e+01 9.247404e+04 5.460838e+04 2.998339e+02 4.032245e+04 5.181961e+07
<GCONST> 7.121244e+01
<MIXTURE> 12 6.123973e-02
<MEAN> 6
 7.507835e+01 -2.087819e+02 -1.439408e+02 -3.052115e+00 -9.337596e-01 9.423829e+01
<VARIANCE> 6
 4.488602e+01 2.975178e+05 5.437904e+06 2.998339e+02 4.032245e+04 5.181961e+07
<GCONST> 7.701469e+01
<MIXTURE> 13 6.859548e-02
<MEAN> 6
 8.390910e+01 -6.475635e+02 -1.889334e+02 -3.312757e+00 -1.086678e+01 1.409084e+02
<VARIANCE> 6
 3.179780e+01 6.224386e+05 2.686417e+06 2.998339e+02 4.032245e+04 5.181961e+07
<GCONST> 7.670295e+01
<STATE> 10
<NUMMIXES> 13
<MIXTURE> 1 2.642374e-02
<MEAN> 6
 -1.529658e+01 2.555236e+00 1.718466e+02 2.325102e+02 2.136391e+02 -1.116802e+04
<VARIANCE> 6
 2.842688e+02 7.157212e+04 3.944328e+05 4.293384e+03 3.813016e+05 1.688781e+08
<GCONST> 8.090171e+01
<MIXTURE> 2 6.432006e-02
<MEAN> 6
 9.375557e+00 8.152652e+01 1.411328e+02 -2.398239e+02 6.060538e+01 1.011539e+04
<VARIANCE> 6
 5.736910e+02 8.953105e+04 5.059718e+04 3.607773e+03 4.581612e+05 2.109899e+08
<GCONST> 8.000648e+01
<MIXTURE> 3 6.680693e-02
<MEAN> 6
 7.867915e+01 -4.112624e+02 -4.092197e+01 1.958330e+01 -7.453227e+02 -1.779677e+03
<VARIANCE> 6
 2.136065e+02 7.799861e+05 1.007464e+05 1.043241e+04 6.037119e+05 2.559300e+08
<GCONST> 8.340273e+01
<MIXTURE> 4 1.233727e-01
<MEAN> 6
 6.986113e+01 -2.179683e+02 6.622332e+00 -6.523628e+00 -4.433109e+01 8.594357e+01
<VARIANCE> 6
 4.956007e+01 2.377456e+05 4.320266e+04 2.998339e+02 4.032245e+04 5.181961e+07
<GCONST> 7.205423e+01
<MIXTURE> 5 8.403808e-02
<MEAN> 6
 -4.689206e+01 2.285652e+01 -6.119104e+01 -1.183185e+00 1.142688e+03 -1.688009e+02
<VARIANCE> 6
 1.082131e+02 7.971453e+04 5.775803e+04 1.582173e+04 2.613963e+05 1.655499e+08
<GCONST> 7.902930e+01
<MIXTURE> 6 8.476879e-02
<MEAN> 6
 4.988404e+01 1.670272e+02 5.338963e+01 -1.055540e+01 -4.092164e+02 -3.704271e+02
<VARIANCE> 6
 1.523542e+02 1.053632e+05 3.500391e+04 2.305248e+04 7.229357e+04 5.181961e+07
<GCONST> 7.707915e+01
<MIXTURE> 7 5.600969e-02
<MEAN> 6
 -2.987723e+01 2.037638e+02 4.292255e+00 -3.554964e+01 2.809726e+02 3.958459e+02
<VARIANCE> 6
 1.481166e+02 1.826445e+05 2.142480e+05 6.476458e+03 9.174646e+04 5.181961e+07
<GCONST> 7.838144e+01
<MIXTURE> 8 8.039305e-02
<MEAN> 6
 5.840530e+01 -1.154525e+02 -7.857827e+01 7.249303e+01 -2.325220e+02 -2.819433e+02
<VARIANCE> 6
 1.008271e+02 7.946766e+04 8.028261e+04 4.335409e+03 4.987415e+04 5.181961e+07
<GCONST> 7.517220e+01
<MIXTURE> 9 7.355513e-02
<MEAN> 6
 1.398451e+01 6.090151e+01 6.464008e+01 1.653269e+02 -4.768874e+01 -9.408719e+02
<VARIANCE> 6
 3.848773e+02 9.510458e+04 5.699124e+04 3.241283e+03 7.008888e+04 5.181961e+07
<GCONST> 7.639809e+01
<MIXTURE> 10 7.716318e-02
<MEAN> 6
 6.738515e+01 -7.330070e+01 1.249011e+01 -7.064780e+01 -7.456523e+02 3.288001e+02
<VARIANCE> 6
 1.822017e+02 1.009689e+05 1.446404e+04 1.031844e+04 1.691532e+05 5.224206e+07
<GCONST> 7.638601e+01
<MIXTURE> 11 1.090848e-01
<MEAN> 6
 -3.506189e+01 -3.065071e+01 -1.854412e+01 3.447453e+01 3.252459e+02 -3.403735e+02
<VARIANCE> 6
 2.200380e+02 5.730800e+04 2.708928e+04 3.726357e+03 8.369969e+04 5.181961e+07
<GCONST> 7.490561e+01
<MIXTURE> 12 8.401183e-02
<MEAN> 6
 -6.242719e-01 -1.021896e+02 4.508160e+01 -1.621994e+02 1.591504e+02 -6.948236e+02
<VARIANCE> 6
 4.575622e+02 1.407555e+05 2.858764e+04 2.353662e+03 1.551746e+05 9.944821e+07
<GCONST> 7.739986e+01
<MIXTURE> 13 6.982815e-02
<MEAN> 6
 1.325008e+01 -1.889260e+02 -8.722230e+01 1.410093e+02 -2.282172e+00 -6.665263e+02
<VARIANCE> 6
 4.038687e+02 1.419989e+05 5.360877e+04 2.361978e+03 5.523046e+04 5.181961e+07
<GCONST> 7.623120e+01
<TRANSP> 11
 0.000000e+00 1.000000e+00 0.000000e+00 0.000000e+00 0.000000e+00 0.000000e+00 0.000000e+00 0.000000e+00 0.000000e+00 0.000000e+00 0.000000e+00
 0.000000e+00 9.982080e-01 1.791956e-03 0.000000e+00 0.000000e+00 0.000000e+00 0.000000e+00 0.000000e+00 0.000000e+00 0.000000e+00 0.000000e+00
 0.000000e+00 0.000000e+00 9.989386e-01 1.061432e-03 0.000000e+00 0.000000e+00 0.000000e+00 0.000000e+00 0.000000e+00 0.000000e+00 0.000000e+00
 0.000000e+00 0.000000e+00 0.000000e+00 9.993225e-01 6.774326e-04 0.000000e+00 0.000000e+00 0.000000e+00 0.000000e+00 0.000000e+00 0.000000e+00
 0.000000e+00 0.000000e+00 0.000000e+00 0.000000e+00 9.995524e-01 4.475626e-04 0.000000e+00 0.000000e+00 0.000000e+00 0.000000e+00 0.000000e+00
 0.000000e+00 0.000000e+00 0.000000e+00 0.000000e+00 0.000000e+00 9.995946e-01 4.054535e-04 0.000000e+00 0.000000e+00 0.000000e+00 0.000000e+00
 0.000000e+00 0.000000e+00 0.000000e+00 0.000000e+00 0.000000e+00 0.000000e+00 9.993050e-01 6.950133e-04 0.000000e+00 0.000000e+00 0.000000e+00
 0.000000e+00 0.000000e+00 0.000000e+00 0.000000e+00 0.000000e+00 0.000000e+00 0.000000e+00 9.998995e-01 1.004842e-04 0.000000e+00 0.000000e+00
 0.000000e+00 0.000000e+00 0.000000e+00 0.000000e+00 0.000000e+00 0.000000e+00 0.000000e+00 0.000000e+00 9.995290e-01 4.710370e-04 0.000000e+00
 0.000000e+00 0.000000e+00 0.000000e+00 0.000000e+00 0.000000e+00 0.000000e+00 0.000000e+00 0.000000e+00 0.000000e+00 9.998300e-01 1.700191e-04
 0.000000e+00 0.000000e+00 0.000000e+00 0.000000e+00 0.000000e+00 0.000000e+00 0.000000e+00 0.000000e+00 0.000000e+00 0.000000e+00 0.000000e+00
<ENDHMM>
~h "QuintoPRIMARIA"
<BEGINHMM>
<NUMSTATES> 11
<STATE> 2
<NUMMIXES> 13
<MIXTURE> 1 7.709632e-02
<MEAN> 6
 8.027489e+01 3.739399e+02 -1.199987e+02 -2.523202e+00 -4.295946e+01 -2.222492e+02
<VARIANCE> 6
 1.847354e+02 2.007348e+06 1.314744e+06 2.998339e+02 4.032245e+04 5.181961e+07
<GCONST> 7.891884e+01
<MIXTURE> 2 8.891720e-02
<MEAN> 6
 3.989122e+01 1.049070e+02 3.814089e+02 1.262523e+02 -3.650599e+02 -1.465380e+03
<VARIANCE> 6
 5.447136e+02 1.611453e+06 1.945565e+06 2.656987e+04 1.058670e+05 5.181961e+07
<GCONST> 8.562198e+01
<MIXTURE> 3 1.039136e-01
<MEAN> 6
 -4.619633e+01 -2.157190e+02 1.511146e+02 1.322843e+02 7.474088e+02 -1.379831e+03
<VARIANCE> 6
 3.357624e+02 3.197189e+05 9.421986e+05 1.280620e+04 1.709809e+05 5.181961e+07
<GCONST> 8.254510e+01
<MIXTURE> 4 2.696308e-02
<MEAN> 6
 4.399500e+01 -1.440666e+03 -2.201104e+03 -1.371716e+02 -7.216769e+02 7.324393e+03
<VARIANCE> 6
 1.780768e+03 2.255068e+07 1.156682e+07 5.685915e+04 2.888102e+06 1.588181e+09
<GCONST> 9.871729e+01
<MIXTURE> 5 9.581195e-02
<MEAN> 6
 -6.697032e+01 2.171932e+02 -5.915590e+01 3.912945e+00 1.968369e+02 1.608724e+02
<VARIANCE> 6
 1.042694e+02 7.518762e+05 1.477692e+06 6.948574e+02 7.554770e+04 5.181961e+07
<GCONST> 7.895007e+01
<MIXTURE> 6 8.275793e-02
<MEAN> 6
 -5.191515e+01 9.962491e+01 -4.110772e+02 -1.358218e+02 1.287763e+03 2.485407e+03
<VARIANCE> 6
 3.021347e+02 1.567975e+06 2.479923e+06 2.233477e+04 8.999019e+05 5.888205e+08
<GCONST> 8.964474e+01
<MIXTURE> 7 4.376231e-02
<MEAN> 6
 7.498683e+01 -4.975351e+02 5.551902e+02 4.082824e-01 -2.185454e+01 -2.067763e+02
<VARIANCE> 6
 3.961220e+01 2.681909e+04 3.154451e+05 2.998339e+02 4.032245e+04 5.181961e+07
<GCONST> 7.163618e+01
<MIXTURE> 8 7.592849e-02
<MEAN> 6
 7.405345e+01 -1.991361e+02 -3.549464e+02 -1.234876e+01 -9.081357e+02 9.243225e+01
<VARIANCE> 6
 4.912878e+02 6.030976e+05 5.141258e+06 3.419353e+04 7.134374e+05 4.162286e+08
<GCONST> 8.975133e+01
<MIXTURE> 9 1.102038e-01
<MEAN> 6
 -6.382680e-01 -1.549573e+02 -5.190145e+01 -7.137286e+01 3.542167e+01 -7.355110e+02
<VARIANCE> 6
 4.636339e+02 5.736334e+05 3.278673e+06 6.347358e+04 2.196049e+05 1.306384e+08
<GCONST> 8.747496e+01
<MIXTURE> 10 6.239245e-02
<MEAN> 6
 8.096998e+01 4.164684e+02 8.872111e+02 -1.723037e+00 -3.248954e+01 -1.969076e+02
<VARIANCE> 6
 2.337584e+02 1.453145e+05 5.376493e+06 2.998339e+02 4.032245e+04 5.181961e+07
<GCONST> 7.793692e+01
<MIXTURE> 11 1.086248e-01
<MEAN> 6
 6.982790e+01 -6.686363e+01 -1.222601e+02 -5.173898e+01 -6.914879e+02 2.670238e+01
<VARIANCE> 6
 3.992770e+02 1.114480e+06 6.568166e+05 2.311356e+04 1.591339e+05 5.181961e+07
<GCONST> 8.412492e+01
<MIXTURE> 12 6.269883e-02
<MEAN> 6
 6.479809e+01 -6.659548e+02 -4.640731e+02 1.331785e+00 -1.670836e+01 -7.502580e+01
<VARIANCE> 6
 1.081994e+02 1.769408e+05 8.617571e+05 2.998339e+02 4.032245e+04 5.181961e+07
<GCONST> 7.553271e+01
<MIXTURE> 13 6.037797e-02
<MEAN> 6
 6.786819e+01 2.991641e+02 -6.112780e+02 1.218659e+00 -2.885691e+01 -1.054095e+02
<VARIANCE> 6
 2.298832e+02 1.329023e+05 6.892018e+06 2.998339e+02 4.032245e+04 5.181961e+07
<GCONST> 7.807925e+01
<STATE> 3
<NUMMIXES> 13
<MIXTURE> 1 7.787763e-02
<MEAN> 6
 1.032720e+02 -2.396236e+02 -1.300641e+03 2.206668e+00 -1.893084e+02 1.018149e+04
<VARIANCE> 6
 1.396385e+02 5.829737e+05 4.933716e+06 1.124931e+03 9.964059e+05 3.266660e+08
<GCONST> 8.509566e+01
<MIXTURE> 2 4.996668e-02
<MEAN> 6
 1.933102e+01 1.699320e+03 1.450244e+03 1.871358e+02 2.813321e+02 -2.486800e+03
<VARIANCE> 6
 7.329676e+02 4.534486e+05 1.164430e+06 1.521101e+04 2.683708e+05 5.181961e+07
<GCONST> 8.450992e+01
<MIXTURE> 3 4.263883e-02
<MEAN> 6
 3.026638e+01 -3.421435e+02 1.619403e+03 1.397264e+02 -3.061066e+02 -9.503450e+01
<VARIANCE> 6
 4.398150e+02 1.419303e+04 1.291032e+06 3.883046e+03 4.905839e+04 5.181961e+07
<GCONST> 7.757350e+01
<MIXTURE> 4 7.551637e-02
<MEAN> 6
 6.352623e+01 1.164955e+03 1.629572e+02 1.058138e+02 -4.534452e+02 7.912184e+02
<VARIANCE> 6
 1.989770e+02 1.076738e+06 1.051089e+06 3.734954e+03 8.156909e+04 5.181961e+07
<GCONST> 8.137321e+01
<MIXTURE> 5 6.967217e-02
<MEAN> 6
 9.531648e+01 -4.695690e+01 -1.221602e+03 1.528035e+02 -1.849214e+03 -2.913927e+03
<VARIANCE> 6
 2.647626e+02 1.615537e+06 8.454261e+06 2.759191e+04 6.197570e+06 6.917533e+09
<GCONST> 9.537373e+01
<MIXTURE> 6 1.053428e-01
<MEAN> 6
 -3.518880e+01 -1.077881e+01 6.689260e+02 2.037641e+02 7.925746e+02 -1.234516e+03
<VARIANCE> 6
 1.047156e+02 6.823882e+05 3.288682e+06 1.640702e+03 1.574592e+05 5.181961e+07
<GCONST> 8.125095e+01
<MIXTURE> 7 6.173052e-02
<MEAN> 6
 -5.521809e+01 -2.704872e+02 -1.796743e+03 6.113513e+01 4.955640e+02 -4.962682e+01
<VARIANCE> 6
 5.326711e+01 4.645842e+04 9.469336e+06 3.446099e+03 1.979794e+05 5.181961e+07
<GCONST> 7.991666e+01
<MIXTURE> 8 1.029362e-01
<MEAN> 6
 1.625075e+01 -3.828046e+01 8.744658e+02 3.062319e+02 -1.059357e+01 -8.195755e+03
<VARIANCE> 6
 4.035721e+02 4.706574e+05 6.354036e+06 2.021450e+03 3.509593e+05 1.428039e+08
<GCONST> 8.491109e+01
<MIXTURE> 9 8.552057e-02
<MEAN> 6
 8.391968e+01 -2.583300e+02 5.607718e+01 1.315784e+02 -9.177297e+02 -3.544142e+03
<VARIANCE> 6
 1.368867e+02 6.152591e+05 2.690553e+06 4.944925e+03 2.799681e+05 1.879780e+08
<GCONST> 8.418185e+01
<MIXTURE> 10 9.041479e-02
<MEAN> 6
 -5.814477e+01 5.939628e+02 2.452157e+02 1.009485e+02 6.442983e+02 2.909282e+03
<VARIANCE> 6
 6.624602e+01 5.765653e+05 6.311168e+05 1.139240e+03 9.128687e+04 5.181961e+07
<GCONST> 7.806389e+01
<MIXTURE> 11 9.122317e-02
<MEAN> 6
 -6.225390e+00 7.285477e+01 4.088095e+02 2.398357e+02 4.609070e+02 -1.860486e+03
<VARIANCE> 6
 3.303771e+02 1.927212e+06 1.841127e+05 3.983356e+03 1.002048e+05 5.181961e+07
<GCONST> 8.099052e+01
<MIXTURE> 12 8.770166e-02
<MEAN> 6
 5.024508e+01 -8.896189e+00 -1.740906e+02 2.618273e+02 -5.380789e+02 -2.790387e+03
<VARIANCE> 6
 2.101959e+02 2.261399e+06 1.608156e+06 1.691348e+03 1.186576e+05 5.181961e+07
<GCONST> 8.217795e+01
<MIXTURE> 13 5.944562e-02
<MEAN> 6
 -6.305753e+01 -5.681714e+02 1.614260e+03 2.709206e+00 6.683604e+02 2.916064e+02
<VARIANCE> 6
 6.403571e+01 5.177607e+04 4.965634e+06 8.643630e+03 5.302605e+04 5.181961e+07
<GCONST> 7.916583e+01
<STATE> 4
<NUMMIXES> 13
<MIXTURE> 1 4.946382e-02
<MEAN> 6
 1.100854e+02 6.250515e+02 3.792527e+02 -6.124732e+00 7.138489e+00 4.145946e+01
<VARIANCE> 6
 4.785450e+01 1.280424e+04 1.446404e+04 2.998339e+02 4.032245e+04 5.181961e+07
<GCONST> 6.800356e+01
<MIXTURE> 2 7.701560e-02
<MEAN> 6
 1.007155e+02 6.040086e+02 -1.828417e+03 -1.400564e+00 3.805065e+00 5.750741e+01
<VARIANCE> 6
 3.179780e+01 1.745829e+04 1.446404e+04 2.998339e+02 4.032245e+04 5.181961e+07
<GCONST> 6.790482e+01
<MIXTURE> 3 9.666310e-02
<MEAN> 6
 8.253828e+01 3.765525e+02 2.142580e+02 -1.091257e+00 -1.953436e+00 1.851448e+01
<VARIANCE> 6
 3.179780e+01 1.280424e+04 1.446404e+04 2.998339e+02 4.032245e+04 5.181961e+07
<GCONST> 6.759479e+01
<MIXTURE> 4 3.199205e-02
<MEAN> 6
 1.016685e+02 4.569635e+02 -6.765500e+02 -7.368170e+00 -2.950751e+01 6.961671e+02
<VARIANCE> 6
 2.020302e+02 5.856265e+04 4.555586e+05 2.998339e+02 4.032245e+04 5.181961e+07
<GCONST> 7.441399e+01
<MIXTURE> 5 1.113938e-01
<MEAN> 6
 7.189155e+01 4.620645e+02 -2.372912e+02 -1.243214e+00 -2.923894e+00 -3.997887e+01
<VARIANCE> 6
 3.179780e+01 1.280424e+04 1.446404e+04 2.998339e+02 4.032245e+04 5.181961e+07
<GCONST> 6.759479e+01
<MIXTURE> 6 7.707067e-02
<MEAN> 6
 9.837526e+01 7.757626e+02 7.707719e+01 -3.341806e+00 -1.913640e-01 8.149747e+01
<VARIANCE> 6
 3.179780e+01 1.280424e+04 1.446404e+04 2.998339e+02 4.032245e+04 5.181961e+07
<GCONST> 6.759479e+01
<MIXTURE> 7 9.918968e-02
<MEAN> 6
 5.792593e+01 3.337404e+02 -2.466731e+02 -4.491373e-01 8.590974e-01 -1.641480e+02
<VARIANCE> 6
 3.179780e+01 1.280424e+04 1.446404e+04 2.998339e+02 4.032245e+04 5.181961e+07
<GCONST> 6.759479e+01
<MIXTURE> 8 6.993143e-02
<MEAN> 6
 9.233844e+01 7.428711e+02 -2.620499e+03 -1.989982e+00 -5.520821e+00 -8.744768e+01
<VARIANCE> 6
 3.179780e+01 1.280424e+04 5.043418e+05 2.998339e+02 4.032245e+04 5.181961e+07
<GCONST> 7.114637e+01
<MIXTURE> 9 1.133782e-01
<MEAN> 6
 7.183822e+01 4.616544e+02 -2.373833e+02 -1.240868e+00 -2.928565e+00 -4.037238e+01
<VARIANCE> 6
 3.179780e+01 1.280424e+04 1.446404e+04 2.998339e+02 4.032245e+04 5.181961e+07
<GCONST> 6.759479e+01
<MIXTURE> 10 6.827730e-02
<MEAN> 6
 8.438393e+01 3.258517e+02 -6.066398e+02 -1.605452e+00 -4.810209e+00 -1.193084e+02
<VARIANCE> 6
 3.179780e+01 1.280424e+04 5.190656e+04 2.998339e+02 4.032245e+04 5.181961e+07
<GCONST> 6.887256e+01
<MIXTURE> 11 6.516069e-02
<MEAN> 6
 8.148669e+01 2.749707e+02 1.666114e+02 -1.844915e+00 -5.398875e-01 -3.052055e+00
<VARIANCE> 6
 3.179780e+01 1.727366e+04 1.446404e+04 2.998339e+02 4.032245e+04 5.181961e+07
<GCONST> 6.789420e+01
<MIXTURE> 12 6.998347e-02
<MEAN> 6
 9.573206e+01 5.361353e+02 -1.619660e+02 -3.384682e+00 -4.656963e-01 -2.147285e+01
<VARIANCE> 6
 3.179780e+01 1.944212e+04 3.053225e+04 2.998339e+02 4.032245e+04 5.181961e+07
<GCONST> 6.875957e+01
<MIXTURE> 13 7.044094e-02
<MEAN> 6
 8.440367e+01 3.264426e+02 -6.953095e+02 -2.373391e+00 -1.873232e+00 -5.016763e+01
<VARIANCE> 6
 3.179780e+01 1.280424e+04 5.769194e+04 2.998339e+02 4.032245e+04 5.181961e+07
<GCONST> 6.897823e+01
<STATE> 5
<NUMMIXES> 13
<MIXTURE> 1 1.465741e-02
<MEAN> 6
 3.223376e+01 -7.018136e+02 8.607309e+02 3.801754e+01 4.598362e+00 -4.073441e+02
<VARIANCE> 6
 4.554633e+02 1.905372e+05 1.052113e+06 2.998339e+02 4.032245e+04 5.181961e+07
<GCONST> 7.724367e+01
<MIXTURE> 2 6.648096e-02
<MEAN> 6
 1.205550e+02 -2.201420e+03 4.956383e+01 -8.494384e-01 -2.107566e+00 -6.564558e+00
<VARIANCE> 6
 3.179780e+01 8.679104e+04 1.446404e+04 2.998339e+02 4.032245e+04 5.181961e+07
<GCONST> 6.950851e+01
<MIXTURE> 3 2.839074e-02
<MEAN> 6
 4.368022e+01 -1.019429e+03 6.374660e+02 2.483074e+01 -3.817278e+01 6.741840e+01
<VARIANCE> 6
 3.179780e+01 1.280424e+04 1.446404e+04 2.998339e+02 4.032245e+04 5.181961e+07
<GCONST> 6.759479e+01
<MIXTURE> 4 8.281945e-02
<MEAN> 6
 7.129344e+01 -3.540219e+02 -6.619476e+02 -9.718152e-01 -1.888748e+01 -1.065141e+01
<VARIANCE> 6
 3.179780e+01 1.453431e+05 1.446404e+04 2.998339e+02 4.032245e+04 5.181961e+07
<GCONST> 7.002411e+01
<MIXTURE> 5 1.075987e-01
<MEAN> 6
 4.938008e+01 -2.734166e+02 2.761016e+02 2.243257e-01 -1.919425e+00 -2.483767e+01
<VARIANCE> 6
 3.179780e+01 1.280424e+04 1.446404e+04 2.998339e+02 4.032245e+04 5.181961e+07
<GCONST> 6.759479e+01
<MIXTURE> 6 1.316346e-01
<MEAN> 6
 7.075066e+01 -1.265926e+03 -1.615532e+02 1.882494e+00 -1.610445e+01 -1.999561e+01
<VARIANCE> 6
 3.179780e+01 1.280424e+04 2.054139e+04 2.998339e+02 4.032245e+04 5.181961e+07
<GCONST> 6.794556e+01
<MIXTURE> 7 1.099630e-01
<MEAN> 6
 7.107887e+01 -1.388283e+03 -6.774227e+02 -7.215627e-01 1.510051e+00 -2.950795e+01
<VARIANCE> 6
 3.179780e+01 8.853952e+04 1.446404e+04 2.998339e+02 4.032245e+04 5.181961e+07
<GCONST> 6.952846e+01
<MIXTURE> 8 4.426833e-02
<MEAN> 6
 2.733798e+01 -4.438435e+02 2.240412e+02 1.484557e+01 1.337471e+01 -7.598871e+02
<VARIANCE> 6
 3.179780e+01 1.280424e+04 1.880101e+04 2.998339e+02 4.359711e+04 5.181961e+07
<GCONST> 6.793511e+01
<MIXTURE> 9 7.326823e-02
<MEAN> 6
 6.099557e+01 -1.121683e+03 4.601793e+02 2.997061e+00 -5.089709e+00 9.590921e+00
<VARIANCE> 6
 3.179780e+01 1.280424e+04 1.446404e+04 2.998339e+02 4.032245e+04 5.181961e+07
<GCONST> 6.759479e+01
<MIXTURE> 10 8.465333e-02
<MEAN> 6
 1.189266e+02 -2.520422e+03 9.006547e+00 -2.220541e+00 -3.322596e-01 5.499263e+01
<VARIANCE> 6
 3.179780e+01 2.139910e+04 1.446404e+04 2.998339e+02 4.032245e+04 5.181961e+07
<GCONST> 6.810835e+01
<MIXTURE> 11 8.634914e-02
<MEAN> 6
 6.985307e+01 -2.915380e+02 -6.510102e+02 -1.046387e+00 -4.585616e+01 -4.095915e+01
<VARIANCE> 6
 3.179780e+01 1.950176e+04 1.446404e+04 2.998339e+02 4.032245e+04 5.181961e+07
<GCONST> 6.801551e+01
<MIXTURE> 12 9.675268e-02
<MEAN> 6
 4.460524e+01 -5.256961e+02 2.591161e+01 2.008235e+00 -4.572409e+00 1.227692e+02
<VARIANCE> 6
 3.179780e+01 1.280424e+04 1.661113e+04 2.998339e+02 4.032245e+04 5.181961e+07
<GCONST> 6.773318e+01
<MIXTURE> 13 7.315136e-02
<MEAN> 6
 6.109141e+01 -1.121144e+03 4.573459e+02 2.785372e+00 -4.790644e+00 1.177246e+01
<VARIANCE> 6
 3.179780e+01 1.280424e+04 1.446404e+04 2.998339e+02 4.032245e+04 5.181961e+07
<GCONST> 6.759479e+01
<STATE> 6
<NUMMIXES> 13
<MIXTURE> 1 7.059172e-02
<MEAN> 6
 6.837341e+01 4.426696e+03 -6.497759e+02 -1.458399e+00 1.053960e+00 -4.751697e+00
<VARIANCE> 6
 3.179780e+01 3.793095e+05 1.446404e+04 2.998339e+02 4.032245e+04 5.181961e+07
<GCONST> 7.098336e+01
<MIXTURE> 2 6.143558e-02
<MEAN> 6
 8.061417e+01 1.900000e+03 1.708190e+02 -4.554380e+00 -3.162747e+00 2.253903e+01
<VARIANCE> 6
 3.179780e+01 1.555553e+05 1.744881e+05 2.998339e+02 4.032245e+04 5.181961e+07
<GCONST> 7.258220e+01
<MIXTURE> 3 1.126734e-01
<MEAN> 6
 7.220664e+01 1.019701e+03 -2.978410e+02 -2.408200e-01 -8.938252e+00 9.991770e+00
<VARIANCE> 6
 3.179780e+01 2.289064e+04 1.446404e+04 2.998339e+02 4.032245e+04 5.181961e+07
<GCONST> 6.817574e+01
<MIXTURE> 4 4.242162e-02
<MEAN> 6
 7.391592e+01 1.319049e+03 2.271352e+03 -5.434013e+00 9.986717e+00 1.874591e+02
<VARIANCE> 6
 3.179780e+01 1.280424e+04 1.446404e+04 2.998339e+02 4.032245e+04 5.181961e+07
<GCONST> 6.759479e+01
<MIXTURE> 5 1.216455e-01
<MEAN> 6
 7.827339e+01 6.892984e+02 -8.527202e+02 -1.119904e+00 -5.370660e+00 -8.310021e+01
<VARIANCE> 6
 3.179780e+01 1.280424e+04 1.446404e+04 2.998339e+02 4.032245e+04 5.181961e+07
<GCONST> 6.759479e+01
<MIXTURE> 6 9.139176e-02
<MEAN> 6
 7.369564e+01 7.973693e+02 9.120363e+02 -1.326322e+00 -1.184161e+01 3.557571e+02
<VARIANCE> 6
 3.179780e+01 2.918720e+04 1.573793e+05 2.998339e+02 4.032245e+04 5.181961e+07
<GCONST> 7.080573e+01
<MIXTURE> 7 7.862851e-02
<MEAN> 6
 5.879531e+01 1.035049e+03 -1.067516e+03 -1.123714e+00 -1.338714e+01 -1.307791e+02
<VARIANCE> 6
 3.179780e+01 1.442587e+04 1.446404e+04 2.998339e+02 4.032245e+04 5.181961e+07
<GCONST> 6.771404e+01
<MIXTURE> 8 1.172162e-01
<MEAN> 6
 8.068878e+01 1.218967e+03 1.811037e+02 -3.667794e+00 -7.858394e-01 3.284501e+01
<VARIANCE> 6
 3.179780e+01 2.610484e+04 2.121852e+04 2.998339e+02 4.032245e+04 5.181961e+07
<GCONST> 6.869034e+01
<MIXTURE> 9 1.032786e-01
<MEAN> 6
 7.793516e+01 1.234736e+03 -1.420384e+03 -3.370914e+00 2.586909e+00 -1.658524e+01
<VARIANCE> 6
 3.179780e+01 1.280424e+04 1.077126e+05 2.998339e+02 4.032245e+04 5.181961e+07
<GCONST> 6.960258e+01
<MIXTURE> 10 5.095360e-02
<MEAN> 6
 7.130365e+01 3.831043e+02 -1.221655e+03 -2.318389e+00 1.194601e+00 -8.088094e+00
<VARIANCE> 6
 3.179780e+01 1.280424e+04 2.427266e+04 2.998339e+02 4.032245e+04 5.181961e+07
<GCONST> 6.811247e+01
<MIXTURE> 11 5.497921e-02
<MEAN> 6
 5.163568e+01 2.292599e+03 2.605600e+03 2.921366e-01 -6.212387e+00 5.495626e+01
<VARIANCE> 6
 3.179780e+01 2.372100e+04 2.542258e+04 2.998339e+02 4.032245e+04 5.181961e+07
<GCONST> 6.877534e+01
<MIXTURE> 12 3.239742e-02
<MEAN> 6
 6.164807e+01 1.201556e+03 -3.401306e+02 1.768630e+00 3.633438e+00 3.138061e+02
<VARIANCE> 6
 1.630853e+02 3.066466e+05 1.446404e+04 2.998339e+02 4.032245e+04 5.181961e+07
<GCONST> 7.240558e+01
<MIXTURE> 13 6.236575e-02
<MEAN> 6
 8.100617e+01 1.717376e+03 -3.033990e+01 -3.192496e+00 -8.482867e+00 -2.362255e+02
<VARIANCE> 6
 3.179780e+01 1.261022e+05 1.232606e+05 2.998339e+02 4.032245e+04 5.181961e+07
<GCONST> 7.202473e+01
<STATE> 7
<NUMMIXES> 13
<MIXTURE> 1 7.997325e-02
<MEAN> 6
 7.401617e+01 1.346987e+02 6.559294e+02 1.637595e-01 2.448370e-01 -1.149522e+02
<VARIANCE> 6
 3.179780e+01 2.656182e+04 2.366617e+04 2.998339e+02 4.032245e+04 5.181961e+07
<GCONST> 6.881686e+01
<MIXTURE> 2 8.708952e-02
<MEAN> 6
 6.394362e+01 9.299054e+01 -4.349041e+02 -2.409577e-01 -6.295693e+00 -1.722718e+02
<VARIANCE> 6
 3.179780e+01 1.280424e+04 4.124303e+04 2.998339e+02 4.032245e+04 5.181961e+07
<GCONST> 6.864259e+01
<MIXTURE> 3 1.128784e-01
<MEAN> 6
 5.696690e+01 1.587687e+01 3.837849e+02 -5.427510e-01 2.488454e-01 -9.763988e+01
<VARIANCE> 6
 3.179780e+01 1.280424e+04 1.446404e+04 2.998339e+02 4.032245e+04 5.181961e+07
<GCONST> 6.759479e+01
<MIXTURE> 4 6.047416e-02
<MEAN> 6
 6.568043e+01 -1.129966e+02 -1.393188e+02 -8.102567e-01 -5.943434e+00 -7.366965e+01
<VARIANCE> 6
 5.572001e+01 1.280424e+04 1.446404e+04 2.998339e+02 4.032245e+04 5.181961e+07
<GCONST> 6.815573e+01
<MIXTURE> 5 7.240257e-02
<MEAN> 6
 6.230679e+01 -1.211933e+02 -3.744638e+02 -1.048994e-01 -3.564819e+00 -1.300792e+02
<VARIANCE> 6
 3.179780e+01 1.280424e+04 4.213318e+04 2.998339e+02 4.032245e+04 5.181961e+07
<GCONST> 6.866396e+01
<MIXTURE> 6 5.345727e-02
<MEAN> 6
 6.383108e+01 2.522575e+01 -2.654950e+02 -3.279888e-01 -4.676629e+00 -1.313869e+02
<VARIANCE> 6
 3.179780e+01 1.765940e+04 7.566800e+04 2.998339e+02 4.032245e+04 5.181961e+07
<GCONST> 6.957097e+01
<MIXTURE> 7 8.219086e-02
<MEAN> 6
 6.002037e+01 8.133039e+00 1.485413e+02 -2.044159e-01 -5.862970e+00 -1.409572e+02
<VARIANCE> 6
 3.179780e+01 1.363033e+04 2.669722e+04 2.998339e+02 4.032245e+04 5.181961e+07
<GCONST> 6.827020e+01
<MIXTURE> 8 9.272254e-02
<MEAN> 6
 6.167901e+01 -1.398957e+02 -5.456614e+02 -2.632337e-01 -8.854082e-01 -1.434069e+02
<VARIANCE> 6
 3.179780e+01 1.280424e+04 3.053417e+04 2.998339e+02 4.032245e+04 5.181961e+07
<GCONST> 6.834196e+01
<MIXTURE> 9 7.585731e-02
<MEAN> 6
 5.930610e+01 1.145033e+01 1.897619e+02 -2.265997e-01 -4.875212e+00 -1.360995e+02
<VARIANCE> 6
 3.179780e+01 1.280424e+04 2.883401e+04 2.998339e+02 4.032245e+04 5.181961e+07
<GCONST> 6.828467e+01
<MIXTURE> 10 7.799111e-02
<MEAN> 6
 5.927811e+01 -2.054627e+01 8.949336e+00 -2.851583e-01 -8.418070e+00 -1.604015e+02
<VARIANCE> 6
 3.179780e+01 1.280424e+04 1.446404e+04 2.998339e+02 4.032245e+04 5.181961e+07
<GCONST> 6.759479e+01
<MIXTURE> 11 8.236166e-02
<MEAN> 6
 6.251285e+01 -2.134615e+02 -2.550691e+02 -2.636581e-02 -5.232031e+00 -1.342856e+02
<VARIANCE> 6
 3.179780e+01 1.280424e+04 1.446404e+04 2.998339e+02 4.032245e+04 5.181961e+07
<GCONST> 6.759479e+01
<MIXTURE> 12 4.066471e-02
<MEAN> 6
 5.891365e+01 -2.329336e+02 8.741507e+02 -6.968540e-01 -1.048485e+01 -8.854095e+01
<VARIANCE> 6
 3.179780e+01 1.280424e+04 1.446404e+04 2.998339e+02 4.032245e+04 5.181961e+07
<GCONST> 6.759479e+01
<MIXTURE> 13 8.187791e-02
<MEAN> 6
 5.758589e+01 -6.484573e+01 -2.086192e+01 -1.911445e-01 -7.884783e+00 -1.484959e+02
<VARIANCE> 6
 3.179780e+01 1.280424e+04 1.446404e+04 2.998339e+02 4.032245e+04 5.181961e+07
<GCONST> 6.759479e+01
<STATE> 8
<NUMMIXES> 13
<MIXTURE> 1 7.824738e-02
<MEAN> 6
 7.476517e+01 1.503000e+02 3.408054e+01 6.574362e-01 -1.009641e+01 -2.779734e+02
<VARIANCE> 6
 3.179780e+01 1.280424e+04 1.446404e+04 2.998339e+02 4.032245e+04 5.181961e+07
<GCONST> 6.759479e+01
<MIXTURE> 2 8.814306e-02
<MEAN> 6
 9.855563e+01 -5.015701e+02 -5.410076e+02 -1.393452e+00 -1.560851e+00 -6.595949e+01
<VARIANCE> 6
 3.290087e+01 1.280424e+04 1.446404e+04 2.998339e+02 4.032245e+04 5.181961e+07
<GCONST> 6.762889e+01
<MIXTURE> 3 8.065751e-02
<MEAN> 6
 8.571137e+01 -1.232695e+02 -1.967892e+01 2.264132e-01 -1.272579e+00 -1.444238e+01
<VARIANCE> 6
 3.179780e+01 1.280424e+04 1.446404e+04 2.998339e+02 4.032245e+04 5.181961e+07
<GCONST> 6.759479e+01
<MIXTURE> 4 6.192580e-02
<MEAN> 6
 8.127550e+01 -4.435045e+02 -1.347938e+03 -2.223380e+00 -4.261244e+00 4.470188e+01
<VARIANCE> 6
 3.519291e+01 2.848027e+04 6.916513e+04 2.998339e+02 4.032245e+04 5.181961e+07
<GCONST> 7.006050e+01
<MIXTURE> 5 5.803599e-02
<MEAN> 6
 8.552120e+01 1.004668e+00 -1.298324e+02 -9.472569e-02 -2.197512e+00 -6.764893e+01
<VARIANCE> 6
 3.179780e+01 1.280424e+04 1.730643e+04 2.998339e+02 4.032245e+04 5.181961e+07
<GCONST> 6.777420e+01
<MIXTURE> 6 1.212718e-01
<MEAN> 6
 8.769093e+01 6.158308e+01 -1.878704e+02 -9.992236e-01 -5.790052e+00 -7.249868e+01
<VARIANCE> 6
 3.179780e+01 1.280424e+04 1.446404e+04 2.998339e+02 4.032245e+04 5.181961e+07
<GCONST> 6.759479e+01
<MIXTURE> 7 7.286315e-02
<MEAN> 6
 8.100373e+01 -3.580696e+02 -2.725977e+02 -6.873398e-01 -6.821251e-01 5.860150e+01
<VARIANCE> 6
 3.179780e+01 6.659129e+04 1.446404e+04 2.998339e+02 4.032245e+04 5.181961e+07
<GCONST> 6.924358e+01
<MIXTURE> 8 4.982287e-02
<MEAN> 6
 8.382715e+01 -7.739652e+01 -2.423719e+02 3.483826e-01 -5.125437e+00 -2.502957e+01
<VARIANCE> 6
 3.179780e+01 1.324097e+04 2.395246e+04 2.998339e+02 4.032245e+04 5.181961e+07
<GCONST> 6.813272e+01
<MIXTURE> 9 7.184981e-02
<MEAN> 6
 8.601653e+01 3.807956e+01 -1.984802e+02 -5.550438e-01 -2.688086e+00 -5.691370e+01
<VARIANCE> 6
 3.179780e+01 1.280424e+04 1.446404e+04 2.998339e+02 4.032245e+04 5.181961e+07
<GCONST> 6.759479e+01
<MIXTURE> 10 8.938748e-02
<MEAN> 6
 9.660894e+01 -5.002688e+02 -5.428068e+02 -8.867520e-01 -2.609420e+00 -8.968663e+01
<VARIANCE> 6
 3.179780e+01 1.280424e+04 1.446404e+04 2.998339e+02 4.032245e+04 5.181961e+07
<GCONST> 6.759479e+01
<MIXTURE> 11 7.784109e-02
<MEAN> 6
 7.476500e+01 1.503021e+02 3.408083e+01 6.574489e-01 -1.009627e+01 -2.779742e+02
<VARIANCE> 6
 3.179780e+01 1.280424e+04 1.446404e+04 2.998339e+02 4.032245e+04 5.181961e+07
<GCONST> 6.759479e+01
<MIXTURE> 12 7.968616e-02
<MEAN> 6
 8.578058e+01 -1.386888e+02 -1.703299e+01 1.997176e-01 -1.248758e+00 -4.280110e+00
<VARIANCE> 6
 3.179780e+01 1.280424e+04 1.446404e+04 2.998339e+02 4.032245e+04 5.181961e+07
<GCONST> 6.759479e+01
<MIXTURE> 13 7.024124e-02
<MEAN> 6
 8.455170e+01 -6.336348e+00 -2.416188e+02 4.365067e-04 -1.802408e+00 -5.031340e+01
<VARIANCE> 6
 3.179780e+01 1.280424e+04 1.446404e+04 2.998339e+02 4.032245e+04 5.181961e+07
<GCONST> 6.759479e+01
<STATE> 9
<NUMMIXES> 13
<MIXTURE> 1 5.633241e-02
<MEAN> 6
 9.854493e+01 1.460369e+03 2.494884e+03 -1.497887e+00 2.642822e+00 2.435273e+01
<VARIANCE> 6
 3.179780e+01 2.411126e+04 1.833018e+05 2.998339e+02 4.032245e+04 5.181961e+07
<GCONST> 7.076715e+01
<MIXTURE> 2 1.919696e-02
<MEAN> 6
 7.893857e+01 4.860990e+02 3.215111e+03 1.920653e+01 1.232165e+02 -3.049608e+03
<VARIANCE> 6
 1.834782e+02 5.033486e+04 3.435541e+04 1.116889e+03 4.938162e+05 2.497826e+08
<GCONST> 7.697466e+01
<MIXTURE> 3 9.673434e-02
<MEAN> 6
 8.467284e+01 -4.249319e+02 1.439056e+03 -3.983819e+00 -7.517169e-01 -1.397988e+01
<VARIANCE> 6
 3.179780e+01 1.280424e+04 1.446404e+04 2.998339e+02 4.032245e+04 5.181961e+07
<GCONST> 6.759479e+01
<MIXTURE> 4 7.540916e-02
<MEAN> 6
 8.795793e+01 3.958992e+02 1.936608e+03 -3.164823e+00 4.839220e+00 2.485139e+00
<VARIANCE> 6
 3.179780e+01 1.280424e+04 1.446404e+04 2.998339e+02 4.032245e+04 5.181961e+07
<GCONST> 6.759479e+01
<MIXTURE> 5 6.475785e-02
<MEAN> 6
 8.205609e+01 -6.023871e+02 2.916253e+03 -1.853074e+00 -2.485902e+00 -7.244360e+01
<VARIANCE> 6
 3.179780e+01 1.280424e+04 1.446404e+04 2.998339e+02 4.032245e+04 5.181961e+07
<GCONST> 6.759479e+01
<MIXTURE> 6 1.015339e-01
<MEAN> 6
 9.881190e+01 -1.993940e+02 1.760458e+03 -4.173341e+00 -1.346628e+01 3.073657e+02
<VARIANCE> 6
 1.473244e+02 7.875330e+04 1.431616e+06 2.998339e+02 4.032245e+04 5.181961e+07
<GCONST> 7.553946e+01
<MIXTURE> 7 1.085013e-01
<MEAN> 6
 5.814417e+01 2.095748e+01 3.068312e+03 -7.710610e+00 1.161094e+01 3.002417e+02
<VARIANCE> 6
 4.173671e+01 2.016407e+04 1.322319e+05 2.998339e+02 4.032245e+04 5.181961e+07
<GCONST> 7.053378e+01
<MIXTURE> 8 9.244605e-02
<MEAN> 6
 9.497134e+01 5.438435e+02 2.283310e+03 3.329898e+00 -2.516602e+00 1.038368e+02
<VARIANCE> 6
 4.312121e+01 3.693318e+04 3.260150e+04 2.998339e+02 4.032245e+04 5.181961e+07
<GCONST> 6.977142e+01
<MIXTURE> 9 8.190847e-02
<MEAN> 6
 1.001507e+02 -4.563438e+01 3.391054e+03 -4.734480e+00 5.758448e-01 -1.044502e+01
<VARIANCE> 6
 3.179780e+01 1.280424e+04 1.446404e+04 2.998339e+02 4.032245e+04 5.181961e+07
<GCONST> 6.759479e+01
<MIXTURE> 10 8.292460e-02
<MEAN> 6
 1.016529e+02 6.679056e+02 1.660889e+03 -3.442977e+00 -4.425525e+00 6.553329e+01
<VARIANCE> 6
 3.179780e+01 1.455492e+05 2.947358e+05 2.998339e+02 4.032245e+04 5.181961e+07
<GCONST> 7.303993e+01
<MIXTURE> 11 7.367726e-02
<MEAN> 6
 9.250340e+01 3.141909e+02 3.256151e+03 -9.195599e+00 -8.511260e+00 6.623956e+02
<VARIANCE> 6
 3.179780e+01 1.280424e+04 1.446404e+04 2.998339e+02 4.032245e+04 5.181961e+07
<GCONST> 6.759479e+01
<MIXTURE> 12 8.515830e-02
<MEAN> 6
 7.525165e+01 -8.237736e+02 3.288305e+03 -1.407716e+00 9.726890e-01 -7.247259e-01
<VARIANCE> 6
 3.179780e+01 1.280424e+04 1.447161e+04 2.998339e+02 4.032245e+04 5.181961e+07
<GCONST> 6.759531e+01
<MIXTURE> 13 6.140975e-02
<MEAN> 6
 1.000385e+02 1.323414e+03 2.167490e+03 -2.390616e+00 2.336815e+00 -8.885424e+00
<VARIANCE> 6
 3.179780e+01 3.262680e+04 1.369194e+05 2.998339e+02 4.032245e+04 5.181961e+07
<GCONST> 7.077786e+01
<STATE> 10
<NUMMIXES> 13
<MIXTURE> 1 8.381426e-02
<MEAN> 6
 7.356598e+01 8.280009e+01 -3.919514e-01 2.483851e+01 -9.157017e+02 -1.478891e+02
<VARIANCE> 6
 6.801918e+02 8.453429e+05 8.042471e+05 3.501881e+04 8.191261e+05 3.739141e+08
<GCONST> 8.861397e+01
<MIXTURE> 2 1.337323e-02
<MEAN> 6
 -6.254499e+00 1.560401e+02 6.372639e+01 -2.054989e+01 6.246212e+00 4.909168e+03
<VARIANCE> 6
 1.168305e+04 1.946049e+05 1.799597e+06 2.101956e+06 1.152857e+09 1.695928e+12
<GCONST> 1.105581e+02
<MIXTURE> 3 8.256606e-02
<MEAN> 6
 -3.343692e+01 -4.689959e+01 1.775254e+02 1.128296e+02 7.239098e+02 -2.674000e+03
<VARIANCE> 6
 4.603983e+02 3.405975e+05 3.609243e+05 2.392678e+04 1.684677e+05 5.181961e+07
<GCONST> 8.257477e+01
<MIXTURE> 4 6.123013e-02
<MEAN> 6
 8.666023e+01 -6.400500e+01 2.475550e+02 -7.634259e+00 -1.430405e+01 2.061375e+01
<VARIANCE> 6
 1.371929e+02 1.154585e+06 7.451086e+05 2.998339e+02 4.032245e+04 5.181961e+07
<GCONST> 7.750036e+01
<MIXTURE> 5 1.014477e-01
<MEAN> 6
 -5.359348e+01 -3.819805e+00 3.751832e+01 2.206542e+01 3.173530e+02 2.547382e+02
<VARIANCE> 6
 2.354559e+02 7.595628e+04 1.001547e+05 1.555457e+03 9.888161e+04 5.181961e+07
<GCONST> 7.585565e+01
<MIXTURE> 6 3.605604e-02
<MEAN> 6
 -1.811255e+01 -1.751636e+01 1.167338e+02 -1.141177e+02 5.227849e+02 4.890306e+03
<VARIANCE> 6
 5.089197e+03 4.659468e+05 5.073402e+05 5.323520e+04 4.130348e+06 3.264921e+09
<GCONST> 9.377375e+01
<MIXTURE> 7 1.089271e-01
<MEAN> 6
 6.588971e+01 -1.570921e+01 -5.083710e+01 7.053555e+01 -3.758259e+02 -7.345114e+02
<VARIANCE> 6
 3.767761e+02 1.673230e+05 8.473937e+04 1.728070e+04 1.250625e+05 5.181961e+07
<GCONST> 7.959113e+01
<MIXTURE> 8 7.746567e-02
<MEAN> 6
 7.936676e+01 3.067712e+00 6.222731e+01 -6.646496e+00 -2.331956e+01 -2.852097e+02
<VARIANCE> 6
 1.361061e+02 6.169002e+04 6.110695e+04 2.998339e+02 4.032245e+04 5.181961e+07
<GCONST> 7.206213e+01
<MIXTURE> 9 8.370437e-02
<MEAN> 6
 1.771799e+01 -4.009848e+00 3.835238e+01 2.893888e+01 -9.714540e+01 -8.903917e+02
<VARIANCE> 6
 4.535193e+02 6.254083e+04 1.950344e+05 4.517512e+04 1.097318e+05 5.181961e+07
<GCONST> 8.045618e+01
<MIXTURE> 10 9.106155e-02
<MEAN> 6
 -4.587323e+01 -4.906466e+01 5.723948e+01 -4.055951e+01 1.254245e+03 7.723898e+02
<VARIANCE> 6
 2.739273e+02 1.172207e+05 1.195310e+05 3.288799e+04 4.032332e+05 2.950249e+08
<GCONST> 8.281397e+01
<MIXTURE> 11 1.006589e-01
<MEAN> 6
 6.827479e+01 3.987280e+01 -2.480090e+00 -6.873573e+01 -8.984663e+02 2.558003e+02
<VARIANCE> 6
 3.744390e+02 8.013414e+04 8.340434e+04 2.467115e+04 2.426009e+05 1.014432e+08
<GCONST> 8.052318e+01
<MIXTURE> 12 8.399345e-02
<MEAN> 6
 4.908166e+00 -1.004185e+02 4.471235e+01 -8.143573e+01 -3.546079e+01 1.041303e+03
<VARIANCE> 6
 3.906111e+02 1.492735e+05 9.085775e+04 6.794730e+04 3.540929e+05 2.778155e+08
<GCONST> 8.367183e+01
<MIXTURE> 13 7.499388e-02
<MEAN> 6
 7.839285e+01 -8.544169e+01 -1.006659e+02 -5.441268e+00 -2.842168e+01 -2.522139e+02
<VARIANCE> 6
 1.317806e+02 4.936053e+04 1.470977e+05 2.998339e+02 4.032245e+04 5.181961e+07
<GCONST> 7.268533e+01
<TRANSP> 11
 0.000000e+00 1.000000e+00 0.000000e+00 0.000000e+00 0.000000e+00 0.000000e+00 0.000000e+00 0.000000e+00 0.000000e+00 0.000000e+00 0.000000e+00
 0.000000e+00 9.998986e-01 1.014616e-04 0.000000e+00 0.000000e+00 0.000000e+00 0.000000e+00 0.000000e+00 0.000000e+00 0.000000e+00 0.000000e+00
 0.000000e+00 0.000000e+00 9.967121e-01 3.287830e-03 0.000000e+00 0.000000e+00 0.000000e+00 0.000000e+00 0.000000e+00 0.000000e+00 0.000000e+00
 0.000000e+00 0.000000e+00 0.000000e+00 9.984317e-01 1.568236e-03 0.000000e+00 0.000000e+00 0.000000e+00 0.000000e+00 0.000000e+00 0.000000e+00
 0.000000e+00 0.000000e+00 0.000000e+00 0.000000e+00 9.960073e-01 3.992709e-03 0.000000e+00 0.000000e+00 0.000000e+00 0.000000e+00 0.000000e+00
 0.000000e+00 0.000000e+00 0.000000e+00 0.000000e+00 0.000000e+00 9.981845e-01 1.815464e-03 0.000000e+00 0.000000e+00 0.000000e+00 0.000000e+00
 0.000000e+00 0.000000e+00 0.000000e+00 0.000000e+00 0.000000e+00 0.000000e+00 9.992616e-01 7.383642e-04 0.000000e+00 0.000000e+00 0.000000e+00
 0.000000e+00 0.000000e+00 0.000000e+00 0.000000e+00 0.000000e+00 0.000000e+00 0.000000e+00 9.986562e-01 1.343756e-03 0.000000e+00 0.000000e+00
 0.000000e+00 0.000000e+00 0.000000e+00 0.000000e+00 0.000000e+00 0.000000e+00 0.000000e+00 0.000000e+00 9.971280e-01 2.872037e-03 0.000000e+00
 0.000000e+00 0.000000e+00 0.000000e+00 0.000000e+00 0.000000e+00 0.000000e+00 0.000000e+00 0.000000e+00 0.000000e+00 9.999273e-01 7.269724e-05
 0.000000e+00 0.000000e+00 0.000000e+00 0.000000e+00 0.000000e+00 0.000000e+00 0.000000e+00 0.000000e+00 0.000000e+00 0.000000e+00 0.000000e+00
<ENDHMM>
