~o
<STREAMINFO> 1 6
<VECSIZE> 6<NULLD><USER><DIAGC>
~h "SegundoPRIMARIA"
<BEGINHMM>
<NUMSTATES> 3
<STATE> 2
<NUMMIXES> 9
<MIXTURE> 1 5.608515e-03
<MEAN> 6
 4.193680e+01 -3.112140e+01 2.299754e+01 -1.177700e+01 -1.302141e+03 1.164992e+04
<VARIANCE> 6
 7.865012e+03 1.466567e+06 1.114142e+06 7.102287e+05 3.661382e+08 5.568016e+11
<GCONST> 1.083568e+02
<MIXTURE> 2 1.051755e-01
<MEAN> 6
 -4.211360e+01 1.476430e+02 6.335239e+01 6.801479e+01 6.664654e+02 5.838572e+02
<VARIANCE> 6
 4.214807e+02 2.199393e+05 2.350234e+05 1.787172e+04 2.721459e+05 6.390924e+07
<GCONST> 8.201762e+01
<MIXTURE> 3 6.543673e-02
<MEAN> 6
 2.779215e+01 -1.595700e+02 -1.194709e+02 -2.359181e+01 -7.423656e+01 1.456315e+03
<VARIANCE> 6
 4.719912e+03 9.047776e+06 2.695362e+06 4.919499e+04 1.874970e+06 7.821727e+08
<GCONST> 9.603712e+01
<MIXTURE> 4 1.325621e-01
<MEAN> 6
 4.507853e+01 1.145376e+02 6.240622e+00 1.001594e+02 -1.860815e+02 -1.235987e+03
<VARIANCE> 6
 1.125483e+03 2.425409e+05 1.250790e+05 4.116112e+04 1.827569e+05 5.980996e+07
<GCONST> 8.283670e+01
<MIXTURE> 5 1.353846e-01
<MEAN> 6
 8.724215e+01 -1.851579e+01 1.142777e+02 -2.973449e+00 -1.628895e+01 -1.816012e+02
<VARIANCE> 6
 3.905457e+02 1.948360e+06 1.522098e+06 2.926148e+02 3.790020e+04 4.889157e+07
<GCONST> 7.963959e+01
<MIXTURE> 6 1.327904e-01
<MEAN> 6
 1.537042e+01 -1.336709e+01 3.166710e+01 -8.729340e+01 3.107459e+02 1.887578e+03
<VARIANCE> 6
 3.362081e+03 1.632471e+05 9.815821e+04 6.959869e+04 2.953662e+06 1.091255e+09
<GCONST> 8.950459e+01
<MIXTURE> 7 1.807290e-01
<MEAN> 6
 8.173500e+01 -3.337752e+01 -9.367131e+01 -2.162737e+00 -1.951349e+01 -1.709412e+02
<VARIANCE> 6
 2.813372e+02 1.488405e+05 1.742689e+05 2.926148e+02 3.790020e+04 4.889157e+07
<GCONST> 7.457249e+01
<MIXTURE> 8 1.349870e-01
<MEAN> 6
 7.725087e+01 -7.172128e+01 8.259193e+01 -5.631506e+01 -8.857427e+02 -6.640203e+02
<VARIANCE> 6
 6.969318e+02 2.024943e+05 3.765955e+05 3.492249e+04 4.110908e+05 1.453514e+08
<GCONST> 8.481346e+01
<MIXTURE> 9 1.055605e-01
<MEAN> 6
 -5.053108e+01 -1.053740e+00 -1.299483e+02 1.417182e+01 4.850573e+02 -1.563478e+03
<VARIANCE> 6
 4.289582e+02 2.083950e+05 3.060992e+05 1.297804e+04 2.374632e+05 6.496605e+07
<GCONST> 8.180563e+01
<TRANSP> 3
 0.000000e+00 1.000000e+00 0.000000e+00
 0.000000e+00 9.999629e-01 3.704509e-05
 0.000000e+00 0.000000e+00 0.000000e+00
<ENDHMM>
~h "SegundoESO"
<BEGINHMM>
<NUMSTATES> 3
<STATE> 2
<NUMMIXES> 9
<MIXTURE> 1 6.620622e-02
<MEAN> 6
 2.690940e+01 4.498759e+02 -9.526910e+01 3.212406e+01 -9.490948e+01 -4.425933e+02
<VARIANCE> 6
 2.354211e+03 1.875770e+07 8.289778e+06 2.818085e+04 2.073397e+05 4.889157e+07
<GCONST> 9.166250e+01
<MIXTURE> 2 8.595067e-02
<MEAN> 6
 1.406905e+01 1.708802e+02 5.770439e+02 -9.180749e+01 5.808228e+01 3.076646e+03
<VARIANCE> 6
 3.051398e+03 2.030488e+06 2.862630e+06 4.301867e+04 1.909132e+06 6.021064e+08
<GCONST> 9.378915e+01
<MIXTURE> 3 1.012961e-01
<MEAN> 6
 7.375105e+01 7.542520e+01 -3.742517e+00 -1.602971e+00 -9.391172e+00 4.416089e+01
<VARIANCE> 6
 1.201685e+02 6.402489e+05 1.694225e+05 2.926148e+02 3.790020e+04 4.889157e+07
<GCONST> 7.515260e+01
<MIXTURE> 4 1.286195e-01
<MEAN> 6
 -4.921856e+01 2.120581e+01 1.088958e+02 2.272919e+01 7.200817e+02 -4.038334e+02
<VARIANCE> 6
 1.809509e+02 6.465008e+05 6.143361e+05 1.085993e+04 2.800880e+05 5.668591e+07
<GCONST> 8.262185e+01
<MIXTURE> 5 1.115730e-01
<MEAN> 6
 7.926115e+01 -4.215120e+02 -5.125426e+02 -2.781266e+00 -2.399799e+01 3.841474e+01
<VARIANCE> 6
 1.866990e+02 3.832678e+06 1.132162e+07 2.926148e+02 3.790020e+04 4.889157e+07
<GCONST> 8.158474e+01
<MIXTURE> 6 1.333385e-01
<MEAN> 6
 4.582445e+01 1.252144e+02 6.789644e+01 5.694651e+01 -2.855365e+02 -6.334419e+02
<VARIANCE> 6
 5.976776e+02 6.338521e+05 4.462867e+05 2.546452e+04 7.807999e+04 4.889157e+07
<GCONST> 8.290425e+01
<MIXTURE> 7 1.486838e-01
<MEAN> 6
 -1.457580e+01 2.125809e+01 -1.913206e+00 9.657545e+00 2.528112e+02 -7.905667e+02
<VARIANCE> 6
 4.463799e+02 2.499386e+05 1.159657e+05 3.089827e+04 1.286168e+05 8.249880e+07
<GCONST> 8.154980e+01
<MIXTURE> 8 1.211511e-01
<MEAN> 6
 6.258635e+01 -7.402605e+01 5.440918e+01 -4.293441e+01 -6.857072e+02 3.450506e+02
<VARIANCE> 6
 4.697484e+02 7.937248e+05 2.082065e+05 2.409701e+04 2.153168e+05 7.825672e+07
<GCONST> 8.355546e+01
<MIXTURE> 9 1.010298e-01
<MEAN> 6
 7.011513e+01 -1.875457e+02 -1.517622e+02 -3.025971e+00 -3.689304e+01 -3.181038e+02
<VARIANCE> 6
 1.108331e+02 6.993731e+05 1.699754e+05 2.926148e+02 3.790020e+04 4.889157e+07
<GCONST> 7.516332e+01
<TRANSP> 3
 0.000000e+00 1.000000e+00 0.000000e+00
 0.000000e+00 9.999632e-01 3.678639e-05
 0.000000e+00 0.000000e+00 0.000000e+00
<ENDHMM>
~h "QuintoPRIMARIA"
<BEGINHMM>
<NUMSTATES> 3
<STATE> 2
<NUMMIXES> 9
<MIXTURE> 1 1.182134e-01
<MEAN> 6
 7.815242e+01 1.339499e+02 -3.013310e+02 -2.046541e+00 -1.912006e+01 -1.352113e+01
<VARIANCE> 6
 2.523946e+02 3.300759e+06 5.789425e+06 2.926148e+02 3.790020e+04 4.889157e+07
<GCONST> 8.106615e+01
<MIXTURE> 2 8.165597e-03
<MEAN> 6
 1.066327e+01 -1.149593e+03 -1.223660e+02 3.948820e+01 -5.382468e+02 -6.387584e+02
<VARIANCE> 6
 1.181200e+04 1.671177e+07 8.130781e+05 1.723370e+06 9.615429e+08 1.417717e+12
<GCONST> 1.136683e+02
<MIXTURE> 3 1.761890e-01
<MEAN> 6
 -4.266195e+01 -4.219864e+01 6.207660e+01 4.008688e+01 5.802335e+02 -6.574451e+02
<VARIANCE> 6
 5.139672e+02 1.840756e+05 2.158936e+05 1.909341e+04 2.401551e+05 6.104905e+07
<GCONST> 8.184839e+01
<MIXTURE> 4 1.514350e-01
<MEAN> 6
 1.440385e+01 7.271513e+01 2.263961e+02 2.926696e+01 -1.095887e+02 -8.269630e+02
<VARIANCE> 6
 2.802989e+03 1.963464e+06 3.790569e+06 3.639647e+04 4.482584e+05 6.646808e+07
<GCONST> 9.013153e+01
<MIXTURE> 5 1.093554e-01
<MEAN> 6
 5.651868e+00 -9.946392e+01 -2.185274e+01 -9.514188e+01 2.551562e+02 3.657388e+03
<VARIANCE> 6
 3.678080e+03 1.130783e+06 9.669689e+05 4.844799e+04 2.546207e+06 1.053375e+09
<GCONST> 9.327138e+01
<MIXTURE> 6 1.142844e-01
<MEAN> 6
 8.073174e+01 1.442523e+02 -4.090821e+01 -4.522864e+00 -1.984241e+01 -2.002418e+02
<VARIANCE> 6
 2.056572e+02 3.003153e+05 2.160315e+05 2.926148e+02 3.790020e+04 4.889157e+07
<GCONST> 7.517593e+01
<MIXTURE> 7 1.015868e-01
<MEAN> 6
 6.010016e+01 9.057521e+01 4.523331e+01 2.988835e+01 -4.237763e+02 8.534090e+02
<VARIANCE> 6
 7.382616e+02 1.740983e+05 1.328032e+05 2.959748e+04 2.698618e+05 8.580094e+07
<GCONST> 8.256421e+01
<MIXTURE> 8 1.176137e-01
<MEAN> 6
 7.156982e+01 -1.560617e+02 1.518188e+01 -1.755815e+00 -1.442275e+01 -2.113833e+02
<VARIANCE> 6
 1.394916e+02 1.804079e+05 1.737689e+05 2.926148e+02 3.790020e+04 4.889157e+07
<GCONST> 7.406041e+01
<MIXTURE> 9 1.014866e-01
<MEAN> 6
 5.220846e+01 -6.388608e+01 -7.945815e+01 -3.110418e+01 -5.866082e+02 -1.864331e+03
<VARIANCE> 6
 8.497769e+02 1.772223e+05 1.386168e+05 3.634812e+04 2.999325e+05 8.758312e+07
<GCONST> 8.309718e+01
<TRANSP> 3
 0.000000e+00 1.000000e+00 0.000000e+00
 0.000000e+00 9.999640e-01 3.598019e-05
 0.000000e+00 0.000000e+00 0.000000e+00
<ENDHMM>
