~o
<STREAMINFO> 1 6
<VECSIZE> 6<NULLD><USER><DIAGC>
~h "SegundoPRIMARIA"
<BEGINHMM>
<NUMSTATES> 5
<STATE> 2
<NUMMIXES> 9
<MIXTURE> 1 8.810407e-02
<MEAN> 6
 8.786301e+01 -2.493558e+02 3.326429e+02 -6.083228e+00 -2.517752e+01 -1.979042e+02
<VARIANCE> 6
 4.538446e+02 1.871151e+07 5.974935e+05 2.996745e+02 3.997395e+04 5.114818e+07
<GCONST> 8.123908e+01
<MIXTURE> 2 5.002216e-02
<MEAN> 6
 3.454659e+01 3.125693e+02 -4.404714e+02 -6.167551e+01 -3.734962e+02 4.089046e+03
<VARIANCE> 6
 4.975618e+03 1.731473e+07 1.309624e+06 7.987269e+04 5.213958e+06 3.568072e+09
<GCONST> 9.904221e+01
<MIXTURE> 3 1.572369e-01
<MEAN> 6
 -2.505446e+01 5.089970e+01 -7.419740e+01 9.245507e+01 4.285668e+02 -1.455246e+03
<VARIANCE> 6
 1.679292e+03 5.733206e+05 7.166914e+05 2.829675e+04 2.524845e+05 5.732803e+07
<GCONST> 8.574890e+01
<MIXTURE> 4 9.925993e-02
<MEAN> 6
 -6.081469e+01 8.638874e+00 -2.708429e+02 -2.183279e-01 1.389191e+02 2.951016e+02
<VARIANCE> 6
 2.597867e+02 6.615901e+05 1.052400e+06 5.275604e+02 6.320951e+04 5.114818e+07
<GCONST> 7.892883e+01
<MIXTURE> 5 1.036031e-01
<MEAN> 6
 7.664194e+01 7.125776e+01 4.888868e+01 1.929968e+01 -6.397375e+02 8.411711e+02
<VARIANCE> 6
 6.558961e+02 6.844651e+05 1.247464e+06 3.216183e+04 4.215558e+05 1.782452e+08
<GCONST> 8.731520e+01
<MIXTURE> 6 1.470018e-01
<MEAN> 6
 8.659619e+01 2.778098e+02 -9.710966e+01 -1.592309e+00 -3.496577e+01 -2.305137e+02
<VARIANCE> 6
 3.040834e+02 5.905851e+05 2.044630e+06 2.996745e+02 3.997395e+04 5.114818e+07
<GCONST> 7.861308e+01
<MIXTURE> 7 1.108732e-01
<MEAN> 6
 -3.170957e+01 1.252457e+01 -1.175329e+02 -7.257761e+01 9.883983e+02 1.277038e+03
<VARIANCE> 6
 1.201822e+03 4.519498e+05 2.409442e+06 5.982598e+04 9.527436e+05 5.208172e+08
<GCONST> 9.067229e+01
<MIXTURE> 8 1.415709e-01
<MEAN> 6
 7.495867e+01 -1.066272e+02 4.793568e+02 7.025176e-02 -1.613187e+01 -1.950961e+02
<VARIANCE> 6
 1.987767e+02 4.992921e+05 2.588280e+06 2.996745e+02 3.997395e+04 5.114818e+07
<GCONST> 7.825581e+01
<MIXTURE> 9 1.020521e-01
<MEAN> 6
 6.607588e+01 -9.704817e+01 -1.324275e+02 -4.431398e+01 -9.371627e+02 -1.531994e+03
<VARIANCE> 6
 7.294477e+02 5.217499e+05 1.404029e+06 4.755911e+04 4.696378e+05 1.700825e+08
<GCONST> 8.772060e+01
<STATE> 3
<NUMMIXES> 9
<MIXTURE> 1 2.815440e-02
<MEAN> 6
 1.006583e+02 -3.409361e+03 1.905422e+01 -5.051528e+00 3.955079e+00 -3.709246e+01
<VARIANCE> 6
 3.171542e+01 3.647403e+05 9.529669e+04 2.996745e+02 3.997395e+04 5.114818e+07
<GCONST> 7.280468e+01
<MIXTURE> 2 1.492123e-01
<MEAN> 6
 8.803794e+01 6.321433e+02 3.075657e+02 -1.551063e+00 -2.450239e+00 -3.805293e+01
<VARIANCE> 6
 3.764708e+01 2.762427e+05 2.494872e+04 2.996745e+02 3.997395e+04 5.114818e+07
<GCONST> 7.135805e+01
<MIXTURE> 3 1.171943e-01
<MEAN> 6
 9.039897e+01 -3.299544e+02 -3.711065e+02 -1.690855e+00 -3.533146e+00 -2.006301e+01
<VARIANCE> 6
 4.213989e+01 8.682195e+04 8.677036e+04 2.996745e+02 3.997395e+04 5.114818e+07
<GCONST> 7.155981e+01
<MIXTURE> 4 8.774556e-02
<MEAN> 6
 6.862578e+01 2.250348e+02 5.406886e+01 9.324923e-01 3.914617e+00 -9.118645e+01
<VARIANCE> 6
 4.442742e+01 1.431603e+05 2.348314e+04 2.996745e+02 3.997395e+04 5.114818e+07
<GCONST> 7.080579e+01
<MIXTURE> 5 1.319213e-01
<MEAN> 6
 6.939671e+01 -5.221832e+02 -7.690667e+02 -9.496925e-01 -2.298423e+00 -8.436564e+01
<VARIANCE> 6
 4.584111e+01 3.396983e+05 7.166126e+04 2.996745e+02 3.997395e+04 5.114818e+07
<GCONST> 7.281688e+01
<MIXTURE> 6 1.036296e-01
<MEAN> 6
 6.807058e+01 4.071352e+01 -2.560050e+02 6.229365e-01 -1.046624e+00 -1.148756e+02
<VARIANCE> 6
 9.379906e+01 6.120425e+04 1.471109e+04 2.996745e+02 3.997395e+04 5.114818e+07
<GCONST> 7.023566e+01
<MIXTURE> 7 1.846012e-01
<MEAN> 6
 7.685281e+01 -6.298849e+01 2.120833e+02 -5.577372e-01 -1.880298e+00 -1.026704e+02
<VARIANCE> 6
 6.213114e+01 6.787279e+04 3.355906e+04 2.996745e+02 3.997395e+04 5.114818e+07
<GCONST> 7.075188e+01
<MIXTURE> 8 9.554028e-02
<MEAN> 6
 6.634931e+01 2.700143e+02 -5.817080e+01 2.650018e-01 2.833797e+00 -7.657671e+01
<VARIANCE> 6
 3.953175e+01 2.567676e+05 2.869655e+04 2.996745e+02 3.997395e+04 5.114818e+07
<GCONST> 7.147375e+01
<MIXTURE> 9 1.018365e-01
<MEAN> 6
 6.332730e+01 -6.891111e+01 -2.903731e+02 8.331943e-01 -3.047668e+00 -1.309743e+02
<VARIANCE> 6
 1.045687e+02 8.998077e+04 1.471109e+04 2.996745e+02 3.997395e+04 5.114818e+07
<GCONST> 7.072974e+01
<STATE> 4
<NUMMIXES> 9
<MIXTURE> 1 7.212488e-03
<MEAN> 6
 -1.818979e+00 -2.111232e+02 1.696886e+02 1.769302e+01 -1.533901e+02 4.703938e+03
<VARIANCE> 6
 8.667232e+03 1.327838e+06 1.932598e+06 1.142809e+06 6.212109e+08 8.989245e+11
<GCONST> 1.103887e+02
<MIXTURE> 2 1.253520e-01
<MEAN> 6
 9.831351e+00 7.220879e+01 2.146213e+01 2.492831e+02 2.544258e+02 -3.965094e+03
<VARIANCE> 6
 8.354669e+02 2.304435e+05 6.055038e+04 6.833986e+03 2.762634e+05 7.190086e+07
<GCONST> 8.056382e+01
<MIXTURE> 3 1.038410e-01
<MEAN> 6
 9.428773e+01 -3.828650e+01 1.885247e+01 3.006191e+01 -1.115701e+03 -1.351722e+03
<VARIANCE> 6
 7.069154e+02 8.240452e+05 3.379316e+05 3.856720e+04 2.477112e+06 1.522607e+09
<GCONST> 9.036720e+01
<MIXTURE> 4 8.448426e-02
<MEAN> 6
 9.898566e+01 -1.442397e+01 3.724576e+01 -4.571630e+00 -8.668871e+00 -1.782618e+02
<VARIANCE> 6
 3.429800e+02 6.129431e+05 1.479027e+05 2.996745e+02 3.997395e+04 5.114818e+07
<GCONST> 7.614420e+01
<MIXTURE> 5 1.449323e-01
<MEAN> 6
 -3.102815e+01 1.052865e+01 2.646867e+01 -1.510181e+02 1.114518e+03 3.457034e+03
<VARIANCE> 6
 9.411361e+02 2.379884e+05 2.957962e+05 4.550771e+04 1.325848e+06 7.806818e+08
<GCONST> 8.815063e+01
<MIXTURE> 6 1.354124e-01
<MEAN> 6
 7.311056e+01 6.639799e+01 9.115487e+01 1.355813e+01 -4.971926e+02 -1.040730e+03
<VARIANCE> 6
 5.644185e+02 1.377266e+05 1.694738e+05 3.352461e+04 2.185289e+05 6.451854e+07
<GCONST> 8.193372e+01
<MIXTURE> 7 1.742769e-01
<MEAN> 6
 -4.927433e+01 7.490188e+01 2.599945e+01 2.829305e+01 5.282727e+02 1.876155e+02
<VARIANCE> 6
 2.314351e+02 1.573042e+05 8.505777e+04 6.963056e+03 2.260406e+05 5.331011e+07
<GCONST> 7.875706e+01
<MIXTURE> 8 1.358373e-01
<MEAN> 6
 6.037216e+01 -1.225261e+01 2.254821e+01 -1.324759e+02 -7.100397e+02 2.044537e+03
<VARIANCE> 6
 1.191281e+03 8.043430e+04 5.341916e+04 3.721206e+04 5.287362e+05 1.822824e+08
<GCONST> 8.301487e+01
<MIXTURE> 9 8.784895e-02
<MEAN> 6
 9.272395e+01 -2.305865e+02 -1.335532e+02 -6.096353e+00 -4.429424e+01 -4.515604e+02
<VARIANCE> 6
 2.318432e+02 5.110128e+05 1.323514e+05 2.996745e+02 3.997395e+04 5.114818e+07
<GCONST> 7.545961e+01
<TRANSP> 5
 0.000000e+00 1.000000e+00 0.000000e+00 0.000000e+00 0.000000e+00
 0.000000e+00 9.998487e-01 1.513194e-04 0.000000e+00 0.000000e+00
 0.000000e+00 0.000000e+00 9.996853e-01 3.145962e-04 0.000000e+00
 0.000000e+00 0.000000e+00 0.000000e+00 9.999422e-01 5.783731e-05
 0.000000e+00 0.000000e+00 0.000000e+00 0.000000e+00 0.000000e+00
<ENDHMM>
~h "SegundoESO"
<BEGINHMM>
<NUMSTATES> 5
<STATE> 2
<NUMMIXES> 9
<MIXTURE> 1 1.499070e-01
<MEAN> 6
 2.420025e+01 9.722338e+02 -5.480852e+02 2.900255e+01 -3.544719e+01 -5.663334e+02
<VARIANCE> 6
 1.849646e+03 2.567561e+07 3.460562e+06 2.848728e+04 1.335290e+05 5.114818e+07
<GCONST> 9.047753e+01
<MIXTURE> 2 1.417131e-01
<MEAN> 6
 -3.988734e+01 4.138533e+02 9.997120e+02 1.258375e+01 7.456054e+02 -5.375970e+02
<VARIANCE> 6
 4.554147e+02 1.138875e+06 3.809264e+06 3.510125e+04 2.855069e+05 8.521010e+07
<GCONST> 8.753561e+01
<MIXTURE> 3 8.749568e-02
<MEAN> 6
 7.781664e+01 3.266525e+02 8.102574e+01 -1.686209e+00 -2.136311e+01 -2.761505e+01
<VARIANCE> 6
 1.122059e+02 1.807718e+06 3.039111e+06 2.996745e+02 3.997395e+04 5.114818e+07
<GCONST> 7.913116e+01
<MIXTURE> 4 1.727923e-01
<MEAN> 6
 6.000927e+01 6.510802e+00 7.150154e+02 7.526205e+00 -5.359351e+02 -3.003102e+02
<VARIANCE> 6
 6.866989e+02 9.952820e+05 3.893420e+06 3.124912e+04 1.744026e+05 5.114818e+07
<GCONST> 8.671384e+01
<MIXTURE> 5 8.990237e-02
<MEAN> 6
 8.851002e+01 -2.900386e+03 9.128715e+02 -6.330128e+00 -3.443559e+01 -2.090118e+02
<VARIANCE> 6
 1.696993e+02 7.032014e+06 2.069503e+07 2.996745e+02 3.997395e+04 5.114818e+07
<GCONST> 8.282159e+01
<MIXTURE> 6 6.804124e-02
<MEAN> 6
 2.767079e+01 -4.183928e+02 7.113950e+02 -1.049738e+02 -2.634560e+02 3.651698e+03
<VARIANCE> 6
 3.165055e+03 4.640334e+06 5.989966e+06 4.912186e+04 2.188974e+06 6.195396e+08
<GCONST> 9.568857e+01
<MIXTURE> 7 1.097534e-01
<MEAN> 6
 7.235071e+01 2.935307e+02 -3.106622e+03 -5.789492e-01 -1.141481e+01 -1.333643e+02
<VARIANCE> 6
 1.013807e+02 3.796882e+05 1.104994e+07 2.996745e+02 3.997395e+04 5.114818e+07
<GCONST> 7.876011e+01
<MIXTURE> 8 9.205380e-02
<MEAN> 6
 -5.806968e+01 2.356647e+02 4.138042e+02 1.370154e+01 2.041915e+02 2.233779e+01
<VARIANCE> 6
 1.086638e+02 1.106243e+06 2.306690e+06 1.041522e+03 6.879359e+04 5.114818e+07
<GCONST> 8.012087e+01
<MIXTURE> 9 8.796483e-02
<MEAN> 6
 7.557104e+01 -4.358511e+00 -1.233234e+02 -2.503832e+00 -3.319163e+01 -1.344405e+02
<VARIANCE> 6
 9.568964e+01 2.039247e+06 2.872456e+06 2.996745e+02 3.997395e+04 5.114818e+07
<GCONST> 7.903606e+01
<STATE> 3
<NUMMIXES> 9
<MIXTURE> 1 1.234325e-01
<MEAN> 6
 8.367363e+01 -9.719443e+02 1.561979e+02 -8.382415e-01 -5.025948e+00 -1.108487e+02
<VARIANCE> 6
 3.171542e+01 2.263487e+05 5.053173e+04 2.996745e+02 3.997395e+04 5.114818e+07
<GCONST> 7.169318e+01
<MIXTURE> 2 9.022650e-02
<MEAN> 6
 7.235920e+01 1.514556e+02 -4.226738e+02 -4.668761e-01 -5.252209e+00 -1.022084e+02
<VARIANCE> 6
 3.171542e+01 1.016287e+05 1.705146e+05 2.996745e+02 3.997395e+04 5.114818e+07
<GCONST> 7.210864e+01
<MIXTURE> 3 1.070722e-01
<MEAN> 6
 7.258898e+01 4.904647e+02 2.318657e+02 -4.413196e-01 -4.812686e+00 -8.336927e+01
<VARIANCE> 6
 3.171542e+01 1.645472e+05 4.001830e+04 2.996745e+02 3.997395e+04 5.114818e+07
<GCONST> 7.114103e+01
<MIXTURE> 4 1.088502e-01
<MEAN> 6
 6.004650e+01 -7.400740e+02 -5.713087e+02 -3.984639e-01 -6.113008e-01 -7.259524e+01
<VARIANCE> 6
 3.336877e+01 1.819092e+06 1.577095e+05 2.996745e+02 3.997395e+04 5.114818e+07
<GCONST> 7.496616e+01
<MIXTURE> 5 1.325553e-01
<MEAN> 6
 6.092177e+01 -3.405080e+01 7.786878e+01 -2.022610e-02 -1.973379e+00 -1.164485e+02
<VARIANCE> 6
 3.172051e+01 1.110375e+05 7.029188e+04 2.996745e+02 3.997395e+04 5.114818e+07
<GCONST> 7.131118e+01
<MIXTURE> 6 1.289714e-01
<MEAN> 6
 6.885987e+01 -2.332180e+02 8.676486e+01 -3.725387e-01 -3.011275e+00 -9.528519e+01
<VARIANCE> 6
 3.171542e+01 1.090696e+06 3.763314e+04 2.996745e+02 3.997395e+04 5.114818e+07
<GCONST> 7.297095e+01
<MIXTURE> 7 1.218785e-01
<MEAN> 6
 6.025789e+01 -1.264623e+02 -1.120119e+02 5.403686e-02 -1.216333e+00 -1.185335e+02
<VARIANCE> 6
 3.171542e+01 1.069267e+05 4.411620e+04 2.996745e+02 3.997395e+04 5.114818e+07
<GCONST> 7.080746e+01
<MIXTURE> 8 1.003360e-01
<MEAN> 6
 6.937417e+01 3.702340e+02 -3.993203e+01 -2.353082e-01 -5.328573e+00 -1.163324e+02
<VARIANCE> 6
 3.171542e+01 1.432493e+05 7.564967e+04 2.996745e+02 3.997395e+04 5.114818e+07
<GCONST> 7.163919e+01
<MIXTURE> 9 8.641174e-02
<MEAN> 6
 6.914366e+01 -9.677692e+01 -7.049174e+02 -4.820734e-01 -3.275674e+00 -1.035138e+02
<VARIANCE> 6
 3.171542e+01 1.324575e+05 3.171895e+05 2.996745e+02 3.997395e+04 5.114818e+07
<GCONST> 7.299426e+01
<STATE> 4
<NUMMIXES> 9
<MIXTURE> 1 8.510203e-02
<MEAN> 6
 7.944615e+01 -2.069087e+02 9.318926e+01 9.344440e+00 -5.589092e+02 -5.613684e+01
<VARIANCE> 6
 2.438792e+02 2.004380e+06 1.319478e+06 1.071099e+04 2.681668e+05 5.606577e+07
<GCONST> 8.474795e+01
<MIXTURE> 2 7.457019e-02
<MEAN> 6
 2.313747e+01 3.016147e+02 8.714034e+01 -8.562468e+01 -1.363395e+02 3.596535e+03
<VARIANCE> 6
 2.869988e+03 1.683079e+06 7.599233e+05 4.626588e+04 2.080054e+06 7.147254e+08
<GCONST> 9.254391e+01
<MIXTURE> 3 1.113198e-01
<MEAN> 6
 -4.058989e+01 1.737064e+02 6.778614e+01 7.278676e+00 1.062482e+03 -4.973517e+02
<VARIANCE> 6
 1.684861e+02 4.561232e+05 1.962712e+05 2.612012e+04 2.569538e+05 1.573465e+08
<GCONST> 8.287296e+01
<MIXTURE> 4 1.373932e-01
<MEAN> 6
 7.961132e+01 -1.153785e+02 -9.393032e+01 -5.416566e+00 -3.819677e+01 -6.382197e+01
<VARIANCE> 6
 1.796092e+02 6.940092e+05 2.206875e+05 2.996745e+02 3.997395e+04 5.114818e+07
<GCONST> 7.602171e+01
<MIXTURE> 5 1.610110e-01
<MEAN> 6
 2.070277e+01 1.246334e+02 1.664083e+01 3.997705e+01 -8.681067e+01 -5.277797e+02
<VARIANCE> 6
 4.491392e+02 6.833256e+05 2.585335e+05 3.784651e+04 6.069074e+04 5.114818e+07
<GCONST> 8.233718e+01
<MIXTURE> 6 9.809297e-02
<MEAN> 6
 6.145702e+01 7.663284e+01 6.248204e+01 1.348082e+01 -5.097607e+02 6.093282e+02
<VARIANCE> 6
 2.343312e+02 3.500560e+05 9.401098e+04 2.170767e+04 1.348576e+05 5.935742e+07
<GCONST> 8.039749e+01
<MIXTURE> 7 1.379794e-01
<MEAN> 6
 -1.011541e+01 3.159433e+01 1.807244e+01 -6.478688e+00 2.045089e+02 -5.814058e+02
<VARIANCE> 6
 2.578103e+02 1.966331e+05 5.957332e+04 3.286261e+04 1.165882e+05 9.278132e+07
<GCONST> 8.017580e+01
<MIXTURE> 8 9.906587e-02
<MEAN> 6
 -5.001391e+01 1.920809e+01 1.701590e+01 2.567860e+01 4.368270e+02 -1.964149e+02
<VARIANCE> 6
 1.654080e+02 3.297069e+05 2.491085e+05 2.353114e+03 1.164315e+05 5.114818e+07
<GCONST> 7.844608e+01
<MIXTURE> 9 9.433604e-02
<MEAN> 6
 5.845696e+01 -9.757565e+01 -1.296374e+01 -3.890966e+01 -6.571473e+02 -5.226233e+02
<VARIANCE> 6
 2.591167e+02 3.815000e+05 9.068730e+04 2.593777e+04 1.713497e+05 6.851190e+07
<GCONST> 8.110901e+01
<TRANSP> 5
 0.000000e+00 1.000000e+00 0.000000e+00 0.000000e+00 0.000000e+00
 0.000000e+00 9.998555e-01 1.445332e-04 0.000000e+00 0.000000e+00
 0.000000e+00 0.000000e+00 9.997162e-01 2.837823e-04 0.000000e+00
 0.000000e+00 0.000000e+00 0.000000e+00 9.999407e-01 5.931695e-05
 0.000000e+00 0.000000e+00 0.000000e+00 0.000000e+00 0.000000e+00
<ENDHMM>
~h "QuintoPRIMARIA"
<BEGINHMM>
<NUMSTATES> 5
<STATE> 2
<NUMMIXES> 9
<MIXTURE> 1 1.504582e-01
<MEAN> 6
 8.425717e+01 5.502397e+02 4.443539e+02 -2.937866e+00 -3.001443e+01 -1.878632e+02
<VARIANCE> 6
 2.130393e+02 1.116135e+06 2.821918e+06 2.996745e+02 3.997395e+04 5.114818e+07
<GCONST> 7.921597e+01
<MIXTURE> 2 1.026919e-01
<MEAN> 6
 1.557374e+01 7.811346e+00 -7.364835e+02 -1.264495e+02 1.152181e+02 4.939924e+03
<VARIANCE> 6
 3.752643e+03 3.129732e+06 8.126380e+06 4.957718e+04 3.576062e+06 1.535881e+09
<GCONST> 9.717799e+01
<MIXTURE> 3 1.440881e-01
<MEAN> 6
 -3.335173e+01 -1.652465e+02 2.243802e+02 6.117203e+01 7.226815e+02 -2.296226e+03
<VARIANCE> 6
 4.370615e+02 1.372311e+06 1.483074e+06 4.068694e+04 3.421291e+05 1.081504e+08
<GCONST> 8.730460e+01
<MIXTURE> 4 2.174155e-02
<MEAN> 6
 6.196937e+01 -2.576377e+03 -5.022567e+03 -4.866180e-01 -6.477663e+00 -4.093933e+01
<VARIANCE> 6
 3.171542e+01 1.769381e+07 7.189593e+06 2.996745e+02 3.997395e+04 5.114818e+07
<GCONST> 8.100986e+01
<MIXTURE> 5 1.541332e-01
<MEAN> 6
 4.818539e+01 6.706844e+01 3.172059e+02 6.020773e+01 -4.070437e+02 -9.772151e+02
<VARIANCE> 6
 9.008373e+02 1.900209e+06 3.365618e+06 3.457204e+04 1.486275e+05 5.114818e+07
<GCONST> 8.742742e+01
<MIXTURE> 6 1.566848e-01
<MEAN> 6
 6.848594e+01 -7.208759e+01 -2.184000e+02 2.939658e-01 -1.746985e+01 -1.049577e+02
<VARIANCE> 6
 1.031621e+02 6.131726e+05 2.269345e+06 2.996745e+02 3.997395e+04 5.114818e+07
<GCONST> 7.767389e+01
<MIXTURE> 7 7.764665e-02
<MEAN> 6
 6.277621e+01 -1.367326e-01 8.199214e+01 -6.514929e+00 -5.057445e+02 8.105959e+02
<VARIANCE> 6
 8.104944e+02 6.116125e+05 5.267155e+05 3.062589e+04 4.035222e+05 1.575551e+08
<GCONST> 8.633604e+01
<MIXTURE> 8 1.156458e-01
<MEAN> 6
 -6.394943e+01 9.468095e+01 -5.638910e+01 1.715933e+01 4.040074e+02 3.690459e+02
<VARIANCE> 6
 1.586625e+02 1.114609e+06 1.748742e+06 3.289828e+03 1.779445e+05 5.643419e+07
<GCONST> 8.242887e+01
<MIXTURE> 9 7.601397e-02
<MEAN> 6
 5.289777e+01 -2.789194e+02 -2.016039e+02 -7.775780e+01 -6.872011e+02 -1.131471e+03
<VARIANCE> 6
 1.046623e+03 6.556374e+05 6.344453e+05 3.914354e+04 4.089699e+05 1.483617e+08
<GCONST> 8.704601e+01
<STATE> 3
<NUMMIXES> 9
<MIXTURE> 1 1.578376e-01
<MEAN> 6
 9.396501e+01 5.202870e+01 1.886132e+03 -3.240677e+00 8.288633e-01 1.051636e+02
<VARIANCE> 6
 2.138873e+02 8.060452e+06 2.944929e+06 2.996745e+02 3.997395e+04 5.114818e+07
<GCONST> 8.123971e+01
<MIXTURE> 2 8.285671e-02
<MEAN> 6
 7.181248e+01 1.049361e+02 -1.069987e+02 -1.075482e+00 -3.927426e+00 -5.564404e+01
<VARIANCE> 6
 3.171542e+01 5.779171e+05 2.645572e+04 2.996745e+02 3.997395e+04 5.114818e+07
<GCONST> 7.198340e+01
<MIXTURE> 3 8.680084e-02
<MEAN> 6
 7.049759e+01 1.242940e+02 3.517577e+02 4.268470e-01 3.528103e-03 -1.336809e+02
<VARIANCE> 6
 5.141088e+01 1.849983e+04 9.944223e+04 2.996745e+02 3.997395e+04 5.114818e+07
<GCONST> 7.034888e+01
<MIXTURE> 4 9.145655e-02
<MEAN> 6
 1.013653e+02 6.340992e+02 -5.228923e+02 -3.421672e+00 -8.962211e-01 8.224654e+01
<VARIANCE> 6
 8.763492e+01 2.480688e+04 2.588087e+06 2.996745e+02 3.997395e+04 5.114818e+07
<GCONST> 7.443467e+01
<MIXTURE> 5 1.481803e-01
<MEAN> 6
 5.932272e+01 4.961428e+01 -8.334055e+01 -5.512167e-01 -9.374283e-01 -8.864405e+01
<VARIANCE> 6
 3.171542e+01 5.592929e+04 7.135164e+04 2.996745e+02 3.997395e+04 5.114818e+07
<GCONST> 7.064021e+01
<MIXTURE> 6 1.058131e-01
<MEAN> 6
 8.125819e+01 -4.220919e+02 -3.969211e+02 -7.216493e-01 -3.603064e+00 -3.168455e+01
<VARIANCE> 6
 3.234166e+02 3.493342e+04 5.401336e+04 2.996745e+02 3.997395e+04 5.114818e+07
<GCONST> 7.221331e+01
<MIXTURE> 7 1.217101e-01
<MEAN> 6
 6.603805e+01 3.844847e+01 1.445986e+02 4.165193e-02 -1.011981e+00 -1.474196e+02
<VARIANCE> 6
 8.963193e+01 1.440549e+04 4.229818e+04 2.996745e+02 3.997395e+04 5.114818e+07
<GCONST> 6.979976e+01
<MIXTURE> 8 1.203961e-01
<MEAN> 6
 6.124265e+01 -1.202761e+02 -2.824448e+02 -2.904845e-01 -6.515438e+00 -1.522856e+02
<VARIANCE> 6
 3.171542e+01 1.440549e+04 7.285981e+04 2.996745e+02 3.997395e+04 5.114818e+07
<GCONST> 6.930464e+01
<MIXTURE> 9 8.474070e-02
<MEAN> 6
 7.012099e+01 -1.029676e+02 -1.235902e+02 -5.897532e-01 -6.589058e+00 -7.860253e+01
<VARIANCE> 6
 3.171542e+01 5.887081e+05 2.938504e+04 2.996745e+02 3.997395e+04 5.114818e+07
<GCONST> 7.210691e+01
<STATE> 4
<NUMMIXES> 9
<MIXTURE> 1 1.481964e-01
<MEAN> 6
 -3.959054e+01 4.617846e+01 1.398081e+02 3.999923e+01 4.303527e+02 -7.289916e+02
<VARIANCE> 6
 7.863522e+02 2.615404e+05 2.803513e+05 2.281338e+04 2.051470e+05 5.114818e+07
<GCONST> 8.272963e+01
<MIXTURE> 2 1.592442e-02
<MEAN> 6
 -9.551606e+00 1.563687e+02 3.191155e+02 -2.153252e+01 1.295352e+02 4.568367e+03
<VARIANCE> 6
 1.127190e+04 1.960905e+05 1.821122e+06 1.899588e+06 1.040972e+09 1.531347e+12
<GCONST> 1.102364e+02
<MIXTURE> 3 9.420229e-02
<MEAN> 6
 3.847087e+00 -5.363309e+01 1.288476e+02 -9.426780e+01 2.669558e+02 3.409287e+03
<VARIANCE> 6
 3.795145e+03 2.943109e+05 3.821265e+05 6.108184e+04 2.874833e+06 1.575553e+09
<GCONST> 9.178399e+01
<MIXTURE> 4 6.916229e-02
<MEAN> 6
 8.681504e+01 -1.469895e+02 1.997342e+02 -7.860953e+00 -1.167054e+01 1.824245e-01
<VARIANCE> 6
 8.710329e+01 9.719127e+05 7.092548e+05 2.996745e+02 3.997395e+04 5.114818e+07
<GCONST> 7.680227e+01
<MIXTURE> 5 1.040069e-01
<MEAN> 6
 5.547313e+01 9.871732e+01 3.457895e+01 4.114465e+01 -3.445108e+02 4.687624e+02
<VARIANCE> 6
 7.585361e+02 6.446834e+04 4.130669e+04 3.286895e+04 2.148486e+05 7.570699e+07
<GCONST> 8.018172e+01
<MIXTURE> 6 1.594633e-01
<MEAN> 6
 -3.888346e+01 -2.225944e+00 1.739823e+01 1.854552e+01 7.150751e+02 -6.852661e+02
<VARIANCE> 6
 4.823618e+02 5.715674e+04 4.371205e+04 2.725578e+04 3.800535e+05 1.333537e+08
<GCONST> 8.061449e+01
<MIXTURE> 7 1.348278e-01
<MEAN> 6
 7.191451e+01 4.675532e+01 -8.955968e+01 4.754860e+00 -8.273696e+02 9.955138e+01
<VARIANCE> 6
 4.921419e+02 5.665396e+05 3.702928e+05 3.054980e+04 4.669774e+05 1.645002e+08
<GCONST> 8.559496e+01
<MIXTURE> 8 1.673146e-01
<MEAN> 6
 8.090047e+01 -6.065918e+01 -9.655670e+00 -6.736757e+00 -2.064536e+01 -3.681395e+02
<VARIANCE> 6
 1.194510e+02 9.598148e+04 8.923063e+04 2.996745e+02 3.997395e+04 5.114818e+07
<GCONST> 7.272998e+01
<MIXTURE> 9 1.062466e-01
<MEAN> 6
 4.707045e+01 2.994675e+00 -4.139780e+01 -2.069031e+01 -5.023718e+02 -1.501531e+03
<VARIANCE> 6
 8.667315e+02 5.515380e+04 4.872770e+04 4.363633e+04 2.542089e+05 8.878689e+07
<GCONST> 8.093518e+01
<TRANSP> 5
 0.000000e+00 1.000000e+00 0.000000e+00 0.000000e+00 0.000000e+00
 0.000000e+00 9.999176e-01 8.234510e-05 0.000000e+00 0.000000e+00
 0.000000e+00 0.000000e+00 9.996454e-01 3.545726e-04 0.000000e+00
 0.000000e+00 0.000000e+00 0.000000e+00 9.999219e-01 7.807386e-05
 0.000000e+00 0.000000e+00 0.000000e+00 0.000000e+00 0.000000e+00
<ENDHMM>
