~o
<STREAMINFO> 1 6
<VECSIZE> 6<NULLD><USER><DIAGC>
~h "SegundoPRIMARIA"
<BEGINHMM>
<NUMSTATES> 4
<STATE> 2
<NUMMIXES> 6
<MIXTURE> 1 1.911217e-01
<MEAN> 6
 8.552408e+01 -1.012759e+00 9.302509e+01 -2.310138e+00 -1.778576e+01 -1.252418e+02
<VARIANCE> 6
 3.664651e+02 3.211579e+05 1.824760e+06 2.897276e+02 3.398000e+04 4.206700e+07
<GCONST> 7.768506e+01
<MIXTURE> 2 2.201840e-01
<MEAN> 6
 6.979105e+01 -5.600866e+01 1.004162e+02 1.586242e+00 -6.490267e+02 -8.554985e+02
<VARIANCE> 6
 8.526225e+02 2.370282e+05 4.985369e+05 3.846682e+04 3.742982e+05 1.229778e+08
<GCONST> 8.528882e+01
<MIXTURE> 3 2.234203e-01
<MEAN> 6
 -3.917993e+01 -2.405877e+01 -5.311804e+01 4.933559e+01 4.399044e+02 -6.825958e+02
<VARIANCE> 6
 1.045888e+03 2.081707e+05 4.599661e+05 2.265031e+04 2.276251e+05 5.566666e+07
<GCONST> 8.346319e+01
<MIXTURE> 4 1.309786e-01
<MEAN> 6
 1.247798e+00 -7.566827e+01 -2.433435e+01 -8.896323e+01 3.718871e+02 3.008150e+03
<VARIANCE> 6
 3.540995e+03 6.121056e+05 1.861531e+06 6.266525e+04 2.486422e+06 8.987827e+08
<GCONST> 9.334946e+01
<MIXTURE> 5 1.168750e-01
<MEAN> 6
 7.865173e+01 2.039923e+02 -8.320297e+01 2.409685e-01 -8.150291e-02 5.214233e+01
<VARIANCE> 6
 1.897175e+02 8.982298e+05 2.515460e+05 2.897276e+02 3.398000e+04 4.206700e+07
<GCONST> 7.607360e+01
<MIXTURE> 6 1.166403e-01
<MEAN> 6
 7.488583e+01 -1.196418e+02 -2.805604e+02 -1.710243e+00 -2.768020e+01 -3.324070e+02
<VARIANCE> 6
 1.723597e+02 8.835303e+05 2.320125e+05 2.897276e+02 3.398000e+04 4.206700e+07
<GCONST> 7.588031e+01
<STATE> 3
<NUMMIXES> 6
<MIXTURE> 1 1.116427e-02
<MEAN> 6
 7.781360e+01 4.990135e+01 1.809181e+01 6.755104e+01 -2.004181e+03 8.946356e+03
<VARIANCE> 6
 6.420606e+03 1.327347e+06 6.056964e+05 4.267624e+05 2.108779e+08 2.648687e+11
<GCONST> 1.056406e+02
<MIXTURE> 2 3.129678e-01
<MEAN> 6
 -2.084963e+01 1.075047e+02 4.836201e+01 7.876247e+01 4.546172e+02 -1.165970e+03
<VARIANCE> 6
 1.079693e+03 1.774681e+05 3.051623e+04 2.575024e+04 2.910471e+05 5.651777e+07
<GCONST> 8.101176e+01
<MIXTURE> 3 1.636291e-01
<MEAN> 6
 5.426900e+01 3.302803e+01 5.736072e+01 -3.224929e+01 -5.082166e+02 8.719284e+02
<VARIANCE> 6
 3.162951e+03 2.462171e+05 8.392209e+04 6.623987e+04 2.657267e+06 1.184568e+09
<GCONST> 8.962463e+01
<MIXTURE> 4 1.736611e-01
<MEAN> 6
 9.186510e+01 6.817191e+01 3.163417e+01 1.341369e+01 -2.372740e+02 5.809614e+02
<VARIANCE> 6
 3.724950e+02 4.269339e+05 5.443765e+04 1.162481e+04 2.019057e+05 4.461632e+07
<GCONST> 8.000674e+01
<MIXTURE> 5 1.646050e-01
<MEAN> 6
 5.299060e+00 -1.931752e+01 6.751467e+00 -9.580793e+01 5.022037e+02 2.000532e+03
<VARIANCE> 6
 2.874831e+03 1.300765e+05 1.583454e+05 5.937866e+04 1.868694e+06 4.849452e+08
<GCONST> 8.817142e+01
<MIXTURE> 6 1.733748e-01
<MEAN> 6
 8.523441e+01 -1.374788e+02 -4.281990e+01 -2.668617e+01 -4.291286e+02 -1.769013e+03
<VARIANCE> 6
 3.287583e+02 3.278445e+05 5.639059e+04 1.515436e+04 2.631442e+05 4.920831e+07
<GCONST> 8.028101e+01
<TRANSP> 4
 0.000000e+00 1.000000e+00 0.000000e+00 0.000000e+00
 0.000000e+00 9.999349e-01 6.507459e-05 0.000000e+00
 0.000000e+00 0.000000e+00 9.999114e-01 8.860133e-05
 0.000000e+00 0.000000e+00 0.000000e+00 0.000000e+00
<ENDHMM>
~h "SegundoESO"
<BEGINHMM>
<NUMSTATES> 4
<STATE> 2
<NUMMIXES> 6
<MIXTURE> 1 1.489876e-01
<MEAN> 6
 7.914817e+01 2.600382e+02 1.170298e+02 -8.104497e-01 -1.611261e+01 1.066547e+02
<VARIANCE> 6
 1.530566e+02 1.186424e+06 2.600971e+06 2.897276e+02 3.398000e+04 4.206700e+07
<GCONST> 7.847316e+01
<MIXTURE> 2 1.765597e-01
<MEAN> 6
 1.053517e+01 2.010694e+02 9.179220e+02 -5.603012e+01 5.463133e+01 1.288098e+03
<VARIANCE> 6
 3.174462e+03 1.646813e+06 5.953520e+06 4.497886e+04 1.252225e+06 3.185889e+08
<GCONST> 9.333780e+01
<MIXTURE> 3 1.766947e-01
<MEAN> 6
 4.807589e+01 3.233328e+02 -3.127166e+02 1.982516e+01 -3.593312e+02 -2.721869e+02
<VARIANCE> 6
 1.763431e+03 1.693142e+07 2.902125e+06 2.536151e+04 2.320547e+05 4.206700e+07
<GCONST> 9.007841e+01
<MIXTURE> 4 8.184379e-02
<MEAN> 6
 8.184943e+01 -1.697807e+03 -1.386823e+03 -2.008325e+00 -1.989971e+01 -5.951922e+01
<VARIANCE> 6
 1.944723e+02 8.067198e+06 2.930773e+07 2.897276e+02 3.398000e+04 4.206700e+07
<GCONST> 8.305147e+01
<MIXTURE> 5 2.661208e-01
<MEAN> 6
 -1.748929e+01 1.390520e+01 1.291616e+02 2.792832e+01 2.372094e+02 -5.690941e+02
<VARIANCE> 6
 2.075312e+03 6.296321e+05 1.194306e+06 2.239809e+04 2.990876e+05 4.206700e+07
<GCONST> 8.619109e+01
<MIXTURE> 6 1.489985e-01
<MEAN> 6
 7.587009e+01 -1.333500e+01 -4.011209e+02 -2.915484e+00 -4.141148e+01 -3.160885e+02
<VARIANCE> 6
 1.411911e+02 1.123085e+06 2.809854e+06 2.897276e+02 3.398000e+04 4.206700e+07
<GCONST> 7.841485e+01
<STATE> 3
<NUMMIXES> 6
<MIXTURE> 1 1.522413e-01
<MEAN> 6
 7.261419e+01 9.697066e+01 -8.107721e+00 -2.409854e+00 -2.012579e+01 -9.859261e+01
<VARIANCE> 6
 1.615558e+02 3.404551e+05 8.639821e+04 2.897276e+02 3.398000e+04 4.206700e+07
<GCONST> 7.387411e+01
<MIXTURE> 2 1.501979e-01
<MEAN> 6
 1.765412e+01 1.224390e+02 6.677686e+01 -5.199450e+01 1.117543e+01 1.927727e+03
<VARIANCE> 6
 2.968314e+03 1.145502e+06 6.424214e+05 4.184416e+04 1.592940e+06 4.833544e+08
<GCONST> 9.126643e+01
<MIXTURE> 3 2.762641e-01
<MEAN> 6
 -3.003208e+01 5.965573e-02 2.879188e+01 2.575890e+01 4.678509e+02 -7.960701e+02
<VARIANCE> 6
 5.005111e+02 2.424228e+05 1.410451e+05 2.155238e+04 2.217612e+05 6.165600e+07
<GCONST> 8.172284e+01
<MIXTURE> 4 1.415434e-01
<MEAN> 6
 5.444547e+01 7.173702e+01 7.165275e+01 3.133488e+01 -3.832711e+02 7.979884e+02
<VARIANCE> 6
 5.544386e+02 3.678997e+05 1.333002e+05 2.503557e+04 1.397376e+05 4.358090e+07
<GCONST> 8.152685e+01
<MIXTURE> 5 1.376673e-01
<MEAN> 6
 7.392169e+01 -1.519232e+02 -9.007965e+01 -2.335185e+00 -2.744669e+01 -3.804015e+01
<VARIANCE> 6
 1.358875e+02 6.635971e+05 2.081055e+05 2.897276e+02 3.398000e+04 4.206700e+07
<GCONST> 7.524756e+01
<MIXTURE> 6 1.413932e-01
<MEAN> 6
 4.993124e+01 -1.355575e+02 -4.491880e+01 -1.900207e+01 -4.888532e+02 -1.115504e+03
<VARIANCE> 6
 5.910199e+02 3.783123e+05 1.210616e+05 2.975582e+04 1.614786e+05 4.551697e+07
<GCONST> 8.188315e+01
<TRANSP> 4
 0.000000e+00 1.000000e+00 0.000000e+00 0.000000e+00
 0.000000e+00 9.998975e-01 1.025412e-04 0.000000e+00
 0.000000e+00 0.000000e+00 9.999428e-01 5.713210e-05
 0.000000e+00 0.000000e+00 0.000000e+00 0.000000e+00
<ENDHMM>
~h "QuintoPRIMARIA"
<BEGINHMM>
<NUMSTATES> 4
<STATE> 2
<NUMMIXES> 6
<MIXTURE> 1 1.108514e-01
<MEAN> 6
 7.427271e+01 3.852502e+02 1.759926e+02 -1.388741e+00 -2.739575e+01 -1.133655e+02
<VARIANCE> 6
 2.213907e+02 6.806152e+05 3.884852e+06 2.897276e+02 3.398000e+04 4.206700e+07
<GCONST> 7.868778e+01
<MIXTURE> 2 1.720990e-01
<MEAN> 6
 1.521348e+01 -1.255104e+02 -3.024614e+02 -5.627198e+01 3.120781e+01 2.235391e+03
<VARIANCE> 6
 3.189161e+03 3.016388e+06 4.259048e+06 4.880394e+04 2.005409e+06 7.456547e+08
<GCONST> 9.501560e+01
<MIXTURE> 3 2.658840e-01
<MEAN> 6
 -4.172840e+01 -6.012056e+01 6.244267e+01 3.802236e+01 5.767781e+02 -7.775444e+02
<VARIANCE> 6
 5.804946e+02 2.057864e+05 3.676194e+05 2.287153e+04 2.755860e+05 7.418388e+07
<GCONST> 8.312690e+01
<MIXTURE> 4 1.423537e-01
<MEAN> 6
 5.826262e+01 4.916022e+01 8.578112e+01 3.134600e+01 -4.484473e+02 8.349646e+02
<VARIANCE> 6
 7.826003e+02 2.261656e+05 2.220044e+05 3.269720e+04 2.621310e+05 8.943161e+07
<GCONST> 8.350999e+01
<MIXTURE> 5 1.657348e-01
<MEAN> 6
 7.148911e+01 -1.055641e+02 -4.720332e+01 -2.121552e+00 -2.688234e+01 -2.602480e+02
<VARIANCE> 6
 1.886947e+02 2.138449e+05 1.697018e+05 2.897276e+02 3.398000e+04 4.206700e+07
<GCONST> 7.423944e+01
<MIXTURE> 6 1.416896e-01
<MEAN> 6
 5.063171e+01 -1.106822e+02 -7.551733e+01 -2.655810e+01 -6.014656e+02 -1.775859e+03
<VARIANCE> 6
 8.802242e+02 2.336939e+05 2.135888e+05 3.963330e+04 2.936555e+05 9.307038e+07
<GCONST> 8.396748e+01
<STATE> 3
<NUMMIXES> 6
<MIXTURE> 1 2.551909e-01
<MEAN> 6
 8.890128e+01 3.787549e+02 5.508044e+02 -3.431497e+00 3.253239e+00 9.959034e+01
<VARIANCE> 6
 2.046154e+02 2.022484e+06 2.961014e+06 2.897276e+02 3.398000e+04 4.206700e+07
<GCONST> 7.942651e+01
<MIXTURE> 2 5.445192e-02
<MEAN> 6
 -6.401713e+00 1.972731e+02 1.581000e+02 -4.436744e+01 5.085078e+01 5.249274e+03
<VARIANCE> 6
 1.121699e+04 1.265511e+05 4.221520e+05 1.885888e+06 1.036659e+09 1.530897e+12
<GCONST> 1.083200e+02
<MIXTURE> 3 1.030639e-01
<MEAN> 6
 1.866414e+01 1.084904e+02 1.011116e+02 3.401961e+01 -1.711284e+02 -2.254635e+03
<VARIANCE> 6
 8.110118e+03 1.535771e+05 3.047901e+05 2.497655e+04 1.844594e+06 1.677524e+09
<GCONST> 9.039152e+01
<MIXTURE> 4 2.948490e-01
<MEAN> 6
 8.404568e+01 1.198788e+02 4.960014e+01 -4.557245e+00 5.497013e+00 4.356384e+00
<VARIANCE> 6
 1.498626e+02 3.199010e+05 4.322544e+04 2.897276e+02 3.398000e+04 4.206700e+07
<GCONST> 7.304417e+01
<MIXTURE> 5 1.465373e-01
<MEAN> 6
 8.155639e+01 -2.253575e+01 -4.175878e+01 -1.419832e+00 1.758122e+01 1.369971e+02
<VARIANCE> 6
 1.012949e+02 6.372735e+04 1.493031e+05 2.897276e+02 3.398000e+04 4.206700e+07
<GCONST> 7.227864e+01
<MIXTURE> 6 1.458291e-01
<MEAN> 6
 7.915344e+01 -9.187351e+01 -1.526846e+02 -2.957903e+00 -4.431862e+00 -1.765571e+02
<VARIANCE> 6
 9.944062e+01 6.331910e+04 1.483610e+05 2.897276e+02 3.398000e+04 4.206700e+07
<GCONST> 7.224741e+01
<TRANSP> 4
 0.000000e+00 1.000000e+00 0.000000e+00 0.000000e+00
 0.000000e+00 9.999583e-01 4.168127e-05 0.000000e+00
 0.000000e+00 0.000000e+00 9.997300e-01 2.700126e-04
 0.000000e+00 0.000000e+00 0.000000e+00 0.000000e+00
<ENDHMM>
