~o
<STREAMINFO> 1 6
<VECSIZE> 6<NULLD><USER><DIAGC>
~h "SegundoPRIMARIA"
<BEGINHMM>
<NUMSTATES> 3
<STATE> 2
<NUMMIXES> 6
<MIXTURE> 1 5.911823e-03
<MEAN> 6
 4.264534e+01 -5.889405e+01 2.784704e+01 5.423991e+00 -1.245109e+03 4.787917e+03
<VARIANCE> 6
 7.639222e+03 1.057635e+06 1.005589e+06 6.662419e+05 3.382472e+08 5.132313e+11
<GCONST> 1.076736e+02
<MIXTURE> 2 2.398929e-01
<MEAN> 6
 -3.726172e+01 7.245683e+01 -8.651937e+00 5.440848e+01 5.432657e+02 -8.750027e+02
<VARIANCE> 6
 8.133255e+02 2.168802e+05 2.067801e+05 1.970521e+04 2.840033e+05 6.429998e+07
<GCONST> 8.267936e+01
<MIXTURE> 3 1.715427e-01
<MEAN> 6
 2.447603e+01 -1.302314e+02 -1.361439e+01 -6.086001e+01 1.165725e+02 2.096046e+03
<VARIANCE> 6
 4.195443e+03 3.782261e+06 1.220484e+06 5.444079e+04 2.702560e+06 9.997296e+08
<GCONST> 9.496718e+01
<MIXTURE> 4 1.498962e-01
<MEAN> 6
 8.574055e+01 9.715814e+01 1.221487e+02 -2.175478e+00 -1.914293e+01 -1.713877e+02
<VARIANCE> 6
 3.457422e+02 1.381799e+06 1.014919e+06 2.936239e+02 3.739780e+04 4.792847e+07
<GCONST> 7.873906e+01
<MIXTURE> 5 2.663753e-01
<MEAN> 6
 5.879439e+01 1.399296e+01 3.265771e+01 -6.213929e+00 -5.074308e+02 -4.784753e+02
<VARIANCE> 6
 1.365235e+03 1.478186e+05 1.055750e+05 4.722628e+04 5.203802e+05 1.376430e+08
<GCONST> 8.438246e+01
<MIXTURE> 6 1.648766e-01
<MEAN> 6
 8.070613e+01 -7.829599e+01 -1.380966e+02 -1.774516e+00 -2.877135e+01 -1.603525e+02
<VARIANCE> 6
 2.576910e+02 3.288801e+05 3.635338e+05 2.936239e+02 3.739780e+04 4.792847e+07
<GCONST> 7.598299e+01
<TRANSP> 3
 0.000000e+00 1.000000e+00 0.000000e+00
 0.000000e+00 9.999629e-01 3.712958e-05
 0.000000e+00 0.000000e+00 0.000000e+00
<ENDHMM>
~h "SegundoESO"
<BEGINHMM>
<NUMSTATES> 3
<STATE> 2
<NUMMIXES> 6
<MIXTURE> 1 8.510572e-02
<MEAN> 6
 7.769436e+01 -5.222283e+02 3.694286e+01 4.519753e+00 -9.827229e+01 -5.413107e+01
<VARIANCE> 6
 2.101598e+02 1.296019e+07 1.228926e+07 2.170593e+03 4.331559e+04 4.792847e+07
<GCONST> 8.512100e+01
<MIXTURE> 2 2.498023e-01
<MEAN> 6
 7.266969e+01 -6.158986e+01 -1.957816e+01 -1.785368e+00 -3.172763e+01 -6.752148e+01
<VARIANCE> 6
 1.144479e+02 7.345932e+05 3.421413e+05 2.936239e+02 3.739780e+04 4.792847e+07
<GCONST> 7.591432e+01
<MIXTURE> 3 2.080918e-01
<MEAN> 6
 1.046693e+01 1.634892e+02 -2.395320e+01 -3.703506e+01 4.679328e+01 1.269472e+03
<VARIANCE> 6
 2.787151e+03 4.372697e+06 2.194015e+06 3.819466e+04 1.170779e+06 2.992614e+08
<GCONST> 9.289264e+01
<MIXTURE> 4 2.041328e-01
<MEAN> 6
 7.019398e+00 1.603406e+02 1.073986e+02 3.574316e+01 7.011839e+01 -8.537843e+01
<VARIANCE> 6
 2.160408e+03 3.609640e+05 1.530080e+05 2.510710e+04 4.025308e+05 4.792847e+07
<GCONST> 8.416174e+01
<MIXTURE> 5 4.918937e-02
<MEAN> 6
 -7.209613e+00 1.329341e+02 -1.863560e+02 4.288685e+00 7.933192e+01 1.124204e+01
<VARIANCE> 6
 4.294076e+03 4.561492e+05 1.200726e+06 2.936239e+02 3.739780e+04 4.792847e+07
<GCONST> 8.031815e+01
<MIXTURE> 6 2.019455e-01
<MEAN> 6
 1.519137e+01 -6.709345e+01 -3.003044e+01 2.453308e+00 -5.831030e+01 -1.120251e+03
<VARIANCE> 6
 2.090504e+03 3.134165e+05 1.282433e+05 2.890892e+04 4.137653e+05 5.890820e+07
<GCONST> 8.418584e+01
<TRANSP> 3
 0.000000e+00 1.000000e+00 0.000000e+00
 0.000000e+00 9.999634e-01 3.659580e-05
 0.000000e+00 0.000000e+00 0.000000e+00
<ENDHMM>
~h "QuintoPRIMARIA"
<BEGINHMM>
<NUMSTATES> 3
<STATE> 2
<NUMMIXES> 6
<MIXTURE> 1 1.803756e-01
<MEAN> 6
 8.160131e+01 2.085379e+02 -9.794817e+01 -3.989653e+00 -2.441081e+01 -1.556716e+02
<VARIANCE> 6
 2.079331e+02 1.228078e+06 2.730637e+05 2.936239e+02 3.739780e+04 4.792847e+07
<GCONST> 7.679979e+01
<MIXTURE> 2 1.078594e-02
<MEAN> 6
 1.071745e+01 -1.152407e+02 -1.168285e+01 -1.963482e+01 -3.622386e+02 3.526423e+03
<VARIANCE> 6
 1.041721e+04 1.397276e+06 7.832988e+05 1.314334e+06 7.088679e+08 1.039209e+12
<GCONST> 1.101373e+02
<MIXTURE> 3 2.024602e-01
<MEAN> 6
 5.384167e+00 2.577670e+01 9.479537e+01 4.101265e+01 7.745331e+01 7.279248e+01
<VARIANCE> 6
 3.089091e+03 1.574725e+05 1.833280e+05 2.739100e+04 4.996674e+05 6.257598e+07
<GCONST> 8.444049e+01
<MIXTURE> 4 2.372138e-01
<MEAN> 6
 1.257197e+01 -1.049564e+02 -1.140360e+01 -2.301616e+01 3.201998e+01 9.253674e+02
<VARIANCE> 6
 3.728868e+03 1.772212e+06 4.242169e+06 4.533355e+04 1.509362e+06 4.773402e+08
<GCONST> 9.383219e+01
<MIXTURE> 5 1.637186e-01
<MEAN> 6
 7.512207e+01 -1.251742e+00 6.409793e+01 -1.788196e+00 -1.855298e+01 -1.224964e+02
<VARIANCE> 6
 1.996369e+02 2.119590e+05 3.592793e+06 2.936239e+02 3.739780e+04 4.792847e+07
<GCONST> 7.757924e+01
<MIXTURE> 6 2.034496e-01
<MEAN> 6
 1.362072e+01 -8.058027e+01 -4.525174e+01 -6.803022e+00 -5.863169e+01 -1.086732e+03
<VARIANCE> 6
 2.968211e+03 1.650497e+05 1.685829e+05 3.209553e+04 5.476172e+05 7.589838e+07
<GCONST> 8.480687e+01
<TRANSP> 3
 0.000000e+00 1.000000e+00 0.000000e+00
 0.000000e+00 9.999642e-01 3.573647e-05
 0.000000e+00 0.000000e+00 0.000000e+00
<ENDHMM>
