~o
<STREAMINFO> 1 6
<VECSIZE> 6<NULLD><USER><DIAGC>
~h "SegundoPRIMARIA"
<BEGINHMM>
<NUMSTATES> 14
<STATE> 2
<NUMMIXES> 6
<MIXTURE> 1 1.379116e-01
<MEAN> 6
 8.231998e+01 2.629785e+01 2.369894e+02 -3.414672e-01 -2.927087e+01 -2.210849e+02
<VARIANCE> 6
 4.029408e+02 4.778527e+05 2.328529e+06 2.940807e+02 3.743564e+04 4.829342e+07
<GCONST> 7.867090e+01
<MIXTURE> 2 1.128446e-01
<MEAN> 6
 -8.321602e+00 6.320013e+01 2.850261e+01 -1.321775e+02 6.493301e+02 3.738593e+03
<VARIANCE> 6
 2.566581e+03 2.022379e+05 1.245962e+06 7.278423e+04 2.303994e+06 9.629005e+08
<GCONST> 9.166108e+01
<MIXTURE> 3 2.388709e-01
<MEAN> 6
 5.761985e+01 -1.490374e+01 7.854115e+01 2.915764e+01 -4.732393e+02 -1.253387e+03
<VARIANCE> 6
 1.214885e+03 1.382194e+05 6.202839e+05 4.044377e+04 2.844189e+05 5.744665e+07
<GCONST> 8.433644e+01
<MIXTURE> 4 2.464654e-01
<MEAN> 6
 -5.491248e+01 -1.025224e+01 -1.393675e+02 3.206273e+01 5.552918e+02 -2.260726e+02
<VARIANCE> 6
 4.996470e+02 1.623466e+05 1.043849e+06 1.587701e+04 2.321923e+05 5.800522e+07
<GCONST> 8.300108e+01
<MIXTURE> 5 1.174605e-01
<MEAN> 6
 5.756526e+01 -1.043955e+02 1.592193e+01 5.661057e+00 -7.509362e+02 -2.321102e+02
<VARIANCE> 6
 2.226274e+03 7.096830e+05 2.506035e+06 5.092522e+04 1.171898e+06 3.476768e+08
<GCONST> 9.142117e+01
<MIXTURE> 6 1.461935e-01
<MEAN> 6
 7.323091e+01 -7.273172e+01 -2.014203e+01 -3.055961e-01 -2.619998e+01 -1.591202e+02
<VARIANCE> 6
 1.584877e+02 2.224210e+05 1.827477e+06 2.940807e+02 3.743564e+04 4.829342e+07
<GCONST> 7.673074e+01
<STATE> 3
<NUMMIXES> 6
<MIXTURE> 1 1.227770e-01
<MEAN> 6
 1.031531e+02 -3.989083e+02 3.849686e+02 -3.647266e+00 -1.025324e+02 1.873276e+03
<VARIANCE> 6
 1.014850e+02 3.495459e+05 5.458536e+04 2.940807e+02 5.006832e+04 4.829342e+07
<GCONST> 7.351689e+01
<MIXTURE> 2 2.795639e-01
<MEAN> 6
 9.634566e+01 3.350722e+01 9.890182e+02 -2.397452e+00 -3.089560e+00 1.195345e+00
<VARIANCE> 6
 3.163787e+01 6.595712e+04 1.609644e+04 2.940807e+02 3.743564e+04 4.829342e+07
<GCONST> 6.917177e+01
<MIXTURE> 3 8.067605e-02
<MEAN> 6
 1.020951e+02 -8.372875e+02 -8.407434e+01 1.965546e+00 -1.293883e+02 3.371700e+03
<VARIANCE> 6
 2.225701e+02 2.081868e+05 1.166385e+05 2.339094e+03 7.132396e+05 4.070636e+08
<GCONST> 8.140511e+01
<MIXTURE> 4 1.249159e-01
<MEAN> 6
 9.783258e+01 -3.639931e+02 6.949578e+02 -8.242327e+00 1.798646e+01 1.148037e+02
<VARIANCE> 6
 4.802276e+01 1.276023e+04 2.004825e+04 2.940807e+02 3.743564e+04 4.829342e+07
<GCONST> 6.816595e+01
<MIXTURE> 5 2.664092e-01
<MEAN> 6
 9.981719e+01 -3.338961e+02 7.963140e+02 -2.714990e+00 -1.204523e+00 -4.652131e+02
<VARIANCE> 6
 3.163787e+01 1.276023e+04 5.525766e+04 2.940807e+02 3.743564e+04 4.829342e+07
<GCONST> 6.876251e+01
<MIXTURE> 6 1.256508e-01
<MEAN> 6
 9.621410e+01 -3.932660e+02 7.155005e+02 -1.026111e+01 1.273371e+01 3.376778e+02
<VARIANCE> 6
 5.791553e+01 1.276023e+04 1.393951e+04 2.940807e+02 3.743564e+04 4.829342e+07
<GCONST> 6.798985e+01
<STATE> 4
<NUMMIXES> 6
<MIXTURE> 1 1.558376e-01
<MEAN> 6
 9.522277e+01 2.307148e+02 -4.410387e+02 -5.383266e-01 -5.729731e+00 1.278749e+02
<VARIANCE> 6
 3.163787e+01 1.276023e+04 5.080057e+04 2.940807e+02 3.743564e+04 4.829342e+07
<GCONST> 6.867841e+01
<MIXTURE> 2 1.265163e-01
<MEAN> 6
 9.220550e+01 -1.172415e+02 -5.201033e+02 -2.059634e+00 1.417170e+01 -2.223175e+01
<VARIANCE> 6
 3.163787e+01 3.818114e+04 1.373229e+04 2.940807e+02 3.743564e+04 4.829342e+07
<GCONST> 6.846626e+01
<MIXTURE> 3 2.686127e-01
<MEAN> 6
 9.474464e+01 -3.824409e+02 -5.466049e+02 -8.445528e-01 -5.780112e+00 -4.354445e+01
<VARIANCE> 6
 3.163787e+01 1.276023e+04 1.373229e+04 2.940807e+02 3.743564e+04 4.829342e+07
<GCONST> 6.737025e+01
<MIXTURE> 4 2.473619e-01
<MEAN> 6
 9.288358e+01 -5.593873e+02 -5.372197e+02 1.621134e+00 -1.932647e+00 -1.923302e+02
<VARIANCE> 6
 3.163787e+01 1.276023e+04 1.373229e+04 2.940807e+02 3.743564e+04 4.829342e+07
<GCONST> 6.737025e+01
<MIXTURE> 5 3.587551e-02
<MEAN> 6
 9.233107e+01 -7.366569e+01 -4.378502e+02 1.501096e-01 -2.855668e+00 -2.962483e+02
<VARIANCE> 6
 6.491615e+01 2.275550e+05 6.363484e+04 2.940807e+02 3.743564e+04 4.829342e+07
<GCONST> 7.250346e+01
<MIXTURE> 6 1.657905e-01
<MEAN> 6
 9.480269e+01 2.433337e+02 -5.257243e+02 -1.733386e+00 -7.677967e+00 7.425855e+01
<VARIANCE> 6
 3.163787e+01 1.276023e+04 2.595354e+04 2.940807e+02 3.743564e+04 4.829342e+07
<GCONST> 6.800681e+01
<STATE> 5
<NUMMIXES> 6
<MIXTURE> 1 1.578480e-01
<MEAN> 6
 9.268642e+01 4.109960e+02 1.599812e+02 -2.408348e+00 -8.478754e+00 2.776238e+01
<VARIANCE> 6
 3.163787e+01 1.157108e+05 1.373229e+04 2.940807e+02 3.743564e+04 4.829342e+07
<GCONST> 6.957501e+01
<MIXTURE> 2 1.483649e-01
<MEAN> 6
 8.799483e+01 2.083462e+02 4.750935e+02 -7.232869e-01 -2.083992e+00 -6.617283e+00
<VARIANCE> 6
 3.163787e+01 4.808993e+04 1.749266e+04 2.940807e+02 3.743564e+04 4.829342e+07
<GCONST> 6.893903e+01
<MIXTURE> 3 1.404146e-01
<MEAN> 6
 8.600913e+01 6.486133e+01 -3.109588e+01 2.257223e-01 -1.312122e+00 -4.842612e+01
<VARIANCE> 6
 3.163787e+01 4.207671e+04 1.373229e+04 2.940807e+02 3.743564e+04 4.829342e+07
<GCONST> 6.856342e+01
<MIXTURE> 4 2.630455e-01
<MEAN> 6
 9.183507e+01 -7.575787e-01 1.167904e+02 -1.177984e+00 -1.005229e+00 -1.251733e+02
<VARIANCE> 6
 3.163787e+01 1.856458e+04 1.373229e+04 2.940807e+02 3.743564e+04 4.829342e+07
<GCONST> 6.774516e+01
<MIXTURE> 5 1.523782e-01
<MEAN> 6
 8.562498e+01 -1.465932e+02 -6.475687e+01 -1.598745e+00 -1.894095e+00 -6.052256e+01
<VARIANCE> 6
 3.163787e+01 6.252876e+04 1.373229e+04 2.940807e+02 3.743564e+04 4.829342e+07
<GCONST> 6.895953e+01
<MIXTURE> 6 1.379324e-01
<MEAN> 6
 8.816312e+01 1.651801e+02 4.107546e+02 -8.409342e-01 -1.919179e+00 -4.646080e+01
<VARIANCE> 6
 3.163787e+01 3.890336e+04 4.236792e+04 2.940807e+02 3.743564e+04 4.829342e+07
<GCONST> 6.961163e+01
<STATE> 6
<NUMMIXES> 6
<MIXTURE> 1 5.218013e-02
<MEAN> 6
 1.302502e+02 -2.064541e+03 6.476025e+01 -4.023972e+01 -1.965914e+01 1.759857e+02
<VARIANCE> 6
 3.513228e+02 7.704583e+05 1.373229e+04 2.940807e+02 3.743564e+04 4.829342e+07
<GCONST> 7.387825e+01
<MIXTURE> 2 2.425499e-01
<MEAN> 6
 1.209949e+02 2.798950e+02 1.366026e+03 -3.173637e+00 -9.788067e+00 1.112057e+01
<VARIANCE> 6
 1.563832e+02 2.815594e+04 1.239421e+05 2.940807e+02 3.743564e+04 4.829342e+07
<GCONST> 7.195970e+01
<MIXTURE> 3 1.956244e-01
<MEAN> 6
 8.940333e+01 7.639630e+02 1.134389e+03 -4.735293e+00 1.682993e+00 4.872713e+01
<VARIANCE> 6
 3.163787e+01 7.118090e+04 1.373229e+04 2.940807e+02 3.743564e+04 4.829342e+07
<GCONST> 6.908914e+01
<MIXTURE> 4 1.441233e-01
<MEAN> 6
 1.171619e+02 -4.730124e+02 2.439951e+03 -1.197143e+00 6.788465e-01 -2.380489e+02
<VARIANCE> 6
 3.163787e+01 1.276023e+04 3.850247e+04 2.940807e+02 3.743564e+04 4.829342e+07
<GCONST> 6.840121e+01
<MIXTURE> 5 2.357687e-01
<MEAN> 6
 7.396756e+01 3.791985e+02 7.581479e+02 -2.251950e+00 -6.754280e+00 -9.161600e+01
<VARIANCE> 6
 3.163787e+01 1.276023e+04 2.177261e+04 2.940807e+02 3.743564e+04 4.829342e+07
<GCONST> 6.783115e+01
<MIXTURE> 6 1.297479e-01
<MEAN> 6
 8.912260e+01 -5.124448e+02 2.058987e+03 -4.437227e+00 4.237226e+00 1.861887e+01
<VARIANCE> 6
 1.227042e+02 1.276023e+04 1.373229e+04 2.940807e+02 3.743564e+04 4.829342e+07
<GCONST> 6.872566e+01
<STATE> 7
<NUMMIXES> 6
<MIXTURE> 1 1.411905e-01
<MEAN> 6
 8.607540e+01 -1.700547e+02 -2.984191e+03 -5.428901e+00 -3.996998e-01 1.233163e+02
<VARIANCE> 6
 8.596724e+01 1.998602e+04 5.155477e+04 2.940807e+02 3.743564e+04 4.829342e+07
<GCONST> 7.014145e+01
<MIXTURE> 2 1.210692e-01
<MEAN> 6
 7.834680e+01 1.492253e+02 -7.429331e+02 7.517211e-01 -2.481565e+00 -1.575699e+02
<VARIANCE> 6
 3.163787e+01 1.276023e+04 1.373229e+04 2.940807e+02 3.743564e+04 4.829342e+07
<GCONST> 6.737025e+01
<MIXTURE> 3 2.486802e-01
<MEAN> 6
 6.763255e+01 -2.459942e+01 -9.826940e+02 -2.431720e-01 -7.369421e+00 -1.466512e+02
<VARIANCE> 6
 3.163787e+01 1.276023e+04 3.726441e+04 2.940807e+02 3.743564e+04 4.829342e+07
<GCONST> 6.836853e+01
<MIXTURE> 4 2.168912e-01
<MEAN> 6
 7.634219e+01 -1.384186e+02 -9.003595e+02 -3.386265e+00 -1.074536e+01 -1.125353e+02
<VARIANCE> 6
 9.626055e+01 2.620565e+04 1.373229e+04 2.940807e+02 3.743564e+04 4.829342e+07
<GCONST> 6.920259e+01
<MIXTURE> 5 1.598710e-01
<MEAN> 6
 6.656303e+01 -2.481298e+02 -1.171504e+03 1.891462e+00 -1.539802e+01 4.791451e+01
<VARIANCE> 6
 3.163787e+01 6.360927e+04 3.331009e+04 2.940807e+02 3.743564e+04 4.829342e+07
<GCONST> 6.986278e+01
<MIXTURE> 6 1.122959e-01
<MEAN> 6
 7.035445e+01 5.069393e+01 -8.470250e+02 -8.849864e-01 -5.959513e+00 -1.640290e+02
<VARIANCE> 6
 3.163787e+01 1.276023e+04 1.598347e+04 2.940807e+02 3.743564e+04 4.829342e+07
<GCONST> 6.752205e+01
<STATE> 8
<NUMMIXES> 6
<MIXTURE> 1 1.377516e-01
<MEAN> 6
 9.035770e+01 -1.403557e+03 8.269858e+02 -1.575373e-01 1.399600e+00 -9.211297e+01
<VARIANCE> 6
 3.163787e+01 1.276023e+04 1.373229e+04 2.940807e+02 3.743564e+04 4.829342e+07
<GCONST> 6.737025e+01
<MIXTURE> 2 1.470356e-01
<MEAN> 6
 8.549655e+01 1.317475e+03 -3.819676e+02 -1.795106e+00 -8.669903e+00 3.885392e+02
<VARIANCE> 6
 3.752911e+01 2.696944e+05 5.462517e+04 2.940807e+02 3.743564e+04 4.829342e+07
<GCONST> 7.197272e+01
<MIXTURE> 3 1.567639e-01
<MEAN> 6
 8.812311e+01 1.128067e+03 -1.101174e+03 -3.149426e+00 8.490298e-01 2.284222e+00
<VARIANCE> 6
 3.163787e+01 1.276023e+04 5.117420e+04 2.940807e+02 3.743564e+04 4.829342e+07
<GCONST> 6.868573e+01
<MIXTURE> 4 2.796819e-01
<MEAN> 6
 9.968654e+01 -3.138354e+03 -1.233293e+02 -2.810191e+00 -1.359911e+00 -1.853563e+02
<VARIANCE> 6
 3.163787e+01 5.674760e+05 1.849261e+04 2.940807e+02 3.743564e+04 4.829342e+07
<GCONST> 7.146274e+01
<MIXTURE> 5 1.240809e-01
<MEAN> 6
 8.871466e+01 1.016991e+03 -2.208477e+03 8.728008e-01 -1.598484e+01 5.612680e+01
<VARIANCE> 6
 3.163787e+01 1.276023e+04 2.347718e+04 2.940807e+02 3.743564e+04 4.829342e+07
<GCONST> 6.790652e+01
<MIXTURE> 6 1.546841e-01
<MEAN> 6
 8.523910e+01 8.290580e+02 -5.576514e+02 -1.364253e-01 3.846324e+00 -7.666016e-01
<VARIANCE> 6
 3.163787e+01 1.469227e+05 2.023092e+04 2.940807e+02 3.743564e+04 4.829342e+07
<GCONST> 7.020128e+01
<STATE> 9
<NUMMIXES> 6
<MIXTURE> 1 1.587331e-01
<MEAN> 6
 7.498383e+01 -1.002385e+03 8.254823e+01 1.280253e-02 7.776595e+00 -1.498312e+02
<VARIANCE> 6
 3.163787e+01 2.899778e+04 1.536334e+05 2.940807e+02 3.743564e+04 4.829342e+07
<GCONST> 7.060596e+01
<MIXTURE> 2 1.411202e-01
<MEAN> 6
 5.956021e+01 -4.134378e+02 -1.666324e+02 6.885348e-01 3.162667e+00 -8.594836e+01
<VARIANCE> 6
 3.163787e+01 1.276023e+04 1.628287e+04 2.940807e+02 3.743564e+04 4.829342e+07
<GCONST> 6.754062e+01
<MIXTURE> 3 1.175009e-01
<MEAN> 6
 5.723301e+01 -1.282341e+03 -5.679011e+02 3.644017e+00 -1.086376e+01 -2.508734e+01
<VARIANCE> 6
 3.163787e+01 7.074221e+04 2.206446e+04 2.940807e+02 3.743564e+04 4.829342e+07
<GCONST> 6.955717e+01
<MIXTURE> 4 1.713320e-01
<MEAN> 6
 6.333372e+01 -4.985804e+02 -5.203830e+02 -7.957506e-01 6.373195e-01 -1.158837e+02
<VARIANCE> 6
 3.163787e+01 1.276023e+04 1.373229e+04 2.940807e+02 3.743564e+04 4.829342e+07
<GCONST> 6.737025e+01
<MIXTURE> 5 2.664465e-01
<MEAN> 6
 7.193456e+01 -7.876815e+02 -5.255032e+02 -3.054108e+00 -3.166087e+00 -4.850256e+00
<VARIANCE> 6
 3.163787e+01 1.276023e+04 8.358648e+04 2.940807e+02 3.743564e+04 4.829342e+07
<GCONST> 6.917638e+01
<MIXTURE> 6 1.448365e-01
<MEAN> 6
 5.987161e+01 -4.308632e+02 -2.180604e+02 3.345132e-01 -7.031446e+00 -1.560360e+02
<VARIANCE> 6
 3.163787e+01 1.276023e+04 1.420941e+04 2.940807e+02 3.743564e+04 4.829342e+07
<GCONST> 6.740440e+01
<STATE> 10
<NUMMIXES> 6
<MIXTURE> 1 2.478160e-01
<MEAN> 6
 7.420966e+01 9.003966e+01 -2.875847e+02 -6.392866e-01 -5.332249e+00 -8.893942e+01
<VARIANCE> 6
 3.163787e+01 1.276023e+04 1.613901e+04 2.940807e+02 3.743564e+04 4.829342e+07
<GCONST> 6.753174e+01
<MIXTURE> 2 8.967031e-02
<MEAN> 6
 7.364671e+01 -1.553635e+02 -5.545985e+02 6.824414e-01 -3.776149e+00 -1.435003e+02
<VARIANCE> 6
 3.163787e+01 8.575792e+04 2.598742e+04 2.940807e+02 3.743564e+04 4.829342e+07
<GCONST> 6.991330e+01
<MIXTURE> 3 1.995306e-01
<MEAN> 6
 6.910392e+01 6.196393e+00 -1.731394e+02 -5.544748e-02 -1.112137e+00 -9.754276e+01
<VARIANCE> 6
 3.163787e+01 1.276023e+04 1.373229e+04 2.940807e+02 3.743564e+04 4.829342e+07
<GCONST> 6.737025e+01
<MIXTURE> 4 2.333141e-01
<MEAN> 6
 6.714058e+01 -3.281919e+01 -1.687112e+02 5.604707e-01 1.298270e+00 -9.905113e+01
<VARIANCE> 6
 3.163787e+01 1.276023e+04 1.373229e+04 2.940807e+02 3.743564e+04 4.829342e+07
<GCONST> 6.737025e+01
<MIXTURE> 5 1.135715e-01
<MEAN> 6
 7.280353e+01 1.140724e+02 -3.334085e+02 5.744443e-02 -1.637464e+00 -1.019465e+02
<VARIANCE> 6
 3.163787e+01 1.276023e+04 1.695592e+04 2.940807e+02 3.743564e+04 4.829342e+07
<GCONST> 6.758112e+01
<MIXTURE> 6 1.160917e-01
<MEAN> 6
 7.043084e+01 9.808111e+01 -3.847236e+02 1.551271e+00 4.630736e+00 -1.350443e+02
<VARIANCE> 6
 3.571459e+01 1.276023e+04 1.373229e+04 2.940807e+02 3.743564e+04 4.829342e+07
<GCONST> 6.749146e+01
<STATE> 11
<NUMMIXES> 6
<MIXTURE> 1 2.111290e-01
<MEAN> 6
 7.300421e+01 9.348684e+01 1.712925e+02 -5.221938e-01 4.081542e+00 -7.803143e+01
<VARIANCE> 6
 3.163787e+01 4.199995e+04 1.373229e+04 2.940807e+02 3.743564e+04 4.829342e+07
<GCONST> 6.856158e+01
<MIXTURE> 2 1.897534e-01
<MEAN> 6
 6.634824e+01 8.536967e+02 -1.305689e+02 -1.311054e+00 -2.371075e+00 -1.651192e+02
<VARIANCE> 6
 3.163787e+01 2.400864e+04 1.373229e+04 2.940807e+02 3.743564e+04 4.829342e+07
<GCONST> 6.800233e+01
<MIXTURE> 3 2.154369e-01
<MEAN> 6
 6.495464e+01 -3.802639e+02 3.028624e+02 2.594098e-01 -4.274758e+00 -1.232297e+02
<VARIANCE> 6
 3.163787e+01 5.166338e+04 1.373229e+04 2.940807e+02 3.743564e+04 4.829342e+07
<GCONST> 6.876866e+01
<MIXTURE> 4 1.182668e-01
<MEAN> 6
 7.255934e+01 -8.784866e+01 1.081159e+02 1.053740e+00 4.931532e+00 -2.673875e+02
<VARIANCE> 6
 3.163787e+01 2.426179e+04 1.373229e+04 2.940807e+02 3.743564e+04 4.829342e+07
<GCONST> 6.801282e+01
<MIXTURE> 5 1.420663e-01
<MEAN> 6
 5.453545e+01 4.253336e+02 -1.893543e+02 4.086954e-01 -4.384463e+00 -1.665308e+02
<VARIANCE> 6
 3.163787e+01 1.276023e+04 1.396307e+04 2.940807e+02 3.743564e+04 4.829342e+07
<GCONST> 6.738692e+01
<MIXTURE> 6 1.233352e-01
<MEAN> 6
 7.151366e+01 -2.053276e+02 6.945761e+01 4.129963e-01 -4.664674e+00 -2.913046e+02
<VARIANCE> 6
 3.163787e+01 1.611099e+04 1.373229e+04 2.940807e+02 3.743564e+04 4.829342e+07
<GCONST> 6.760341e+01
<STATE> 12
<NUMMIXES> 6
<MIXTURE> 1 2.182287e-01
<MEAN> 6
 7.521723e+01 -8.923516e+03 1.475500e+03 -2.604161e+00 -6.330019e+00 -7.071304e+01
<VARIANCE> 6
 3.163787e+01 1.970733e+04 1.766950e+05 2.940807e+02 3.743564e+04 4.829342e+07
<GCONST> 7.035959e+01
<MIXTURE> 2 1.953015e-01
<MEAN> 6
 7.045219e+01 9.498296e+02 6.832567e+02 6.061578e-01 -4.424278e-01 -9.940421e+01
<VARIANCE> 6
 3.163787e+01 3.924302e+04 1.373229e+04 2.940807e+02 3.743564e+04 4.829342e+07
<GCONST> 6.849368e+01
<MIXTURE> 3 1.494470e-01
<MEAN> 6
 7.894848e+01 2.616511e+03 -2.100494e+02 -1.379005e+00 -8.000952e-01 -1.347277e+02
<VARIANCE> 6
 3.163787e+01 7.801473e+04 1.373229e+04 2.940807e+02 3.743564e+04 4.829342e+07
<GCONST> 6.918082e+01
<MIXTURE> 4 2.216511e-01
<MEAN> 6
 7.143716e+01 1.304483e+03 -1.130225e+03 7.049698e-01 -7.188665e+00 -1.180028e+02
<VARIANCE> 6
 3.163787e+01 1.276023e+04 1.373229e+04 2.940807e+02 3.743564e+04 4.829342e+07
<GCONST> 6.737025e+01
<MIXTURE> 5 1.130764e-01
<MEAN> 6
 7.790657e+01 -1.780631e+03 -7.886602e+02 7.431931e-01 -5.307362e+00 -3.198478e+02
<VARIANCE> 6
 3.163787e+01 5.114243e+04 1.373229e+04 2.940807e+02 3.743564e+04 4.829342e+07
<GCONST> 6.875853e+01
<MIXTURE> 6 1.022962e-01
<MEAN> 6
 6.943484e+01 7.217420e+02 -8.813229e+02 9.888254e-01 -1.505950e+01 -4.340593e+02
<VARIANCE> 6
 3.163787e+01 1.860720e+05 6.517335e+05 2.940807e+02 3.743564e+04 4.829342e+07
<GCONST> 7.390993e+01
<STATE> 13
<NUMMIXES> 6
<MIXTURE> 1 2.650192e-02
<MEAN> 6
 3.220972e+01 8.973617e+02 -2.298788e+02 -3.466120e+01 -3.977522e+02 5.770689e+03
<VARIANCE> 6
 6.661769e+03 2.090562e+07 1.493090e+06 2.871542e+05 1.333610e+08 1.998458e+11
<GCONST> 1.082004e+02
<MIXTURE> 2 3.037208e-01
<MEAN> 6
 -2.700760e+01 1.362522e+02 2.479274e+01 7.920941e+01 4.278990e+02 -9.865051e+02
<VARIANCE> 6
 1.266102e+03 2.310331e+05 1.022254e+05 2.161811e+04 2.477837e+05 5.178984e+07
<GCONST> 8.222051e+01
<MIXTURE> 3 1.570657e-01
<MEAN> 6
 4.613979e+01 4.389964e+01 1.299326e+02 -2.060933e+01 -4.707968e+02 -7.079290e+02
<VARIANCE> 6
 3.109777e+03 2.568489e+05 4.881712e+05 6.526195e+04 2.089373e+06 9.124131e+08
<GCONST> 9.089438e+01
<MIXTURE> 4 1.633382e-01
<MEAN> 6
 9.766862e+01 -1.272568e+00 3.885342e+01 -2.714236e+00 -1.286928e+02 2.380404e+02
<VARIANCE> 6
 2.098571e+02 7.176920e+05 1.750698e+05 2.888099e+03 9.845978e+04 4.829342e+07
<GCONST> 7.908899e+01
<MIXTURE> 5 1.898556e-01
<MEAN> 6
 1.322287e+01 -1.307472e+01 5.055412e+00 -8.600927e+01 2.937712e+02 2.409021e+03
<VARIANCE> 6
 2.787951e+03 1.441915e+05 4.715190e+04 6.129795e+04 1.881412e+06 4.521794e+08
<GCONST> 8.700097e+01
<MIXTURE> 6 1.585215e-01
<MEAN> 6
 8.712659e+01 -9.808707e+01 -2.972170e+01 -1.585218e+01 -5.047291e+02 -1.380826e+03
<VARIANCE> 6
 2.873047e+02 3.005992e+05 1.149889e+05 1.564867e+04 2.750691e+05 5.153811e+07
<GCONST> 8.089468e+01
<TRANSP> 14
 0.000000e+00 1.000000e+00 0.000000e+00 0.000000e+00 0.000000e+00 0.000000e+00 0.000000e+00 0.000000e+00 0.000000e+00 0.000000e+00 0.000000e+00 0.000000e+00 0.000000e+00 0.000000e+00
 0.000000e+00 9.998570e-01 1.429824e-04 0.000000e+00 0.000000e+00 0.000000e+00 0.000000e+00 0.000000e+00 0.000000e+00 0.000000e+00 0.000000e+00 0.000000e+00 0.000000e+00 0.000000e+00
 0.000000e+00 0.000000e+00 9.908131e-01 9.186856e-03 0.000000e+00 0.000000e+00 0.000000e+00 0.000000e+00 0.000000e+00 0.000000e+00 0.000000e+00 0.000000e+00 0.000000e+00 0.000000e+00
 0.000000e+00 0.000000e+00 0.000000e+00 9.961888e-01 3.811232e-03 0.000000e+00 0.000000e+00 0.000000e+00 0.000000e+00 0.000000e+00 0.000000e+00 0.000000e+00 0.000000e+00 0.000000e+00
 0.000000e+00 0.000000e+00 0.000000e+00 0.000000e+00 9.979730e-01 2.026968e-03 0.000000e+00 0.000000e+00 0.000000e+00 0.000000e+00 0.000000e+00 0.000000e+00 0.000000e+00 0.000000e+00
 0.000000e+00 0.000000e+00 0.000000e+00 0.000000e+00 0.000000e+00 9.956356e-01 4.364343e-03 0.000000e+00 0.000000e+00 0.000000e+00 0.000000e+00 0.000000e+00 0.000000e+00 0.000000e+00
 0.000000e+00 0.000000e+00 0.000000e+00 0.000000e+00 0.000000e+00 0.000000e+00 9.971371e-01 2.862944e-03 0.000000e+00 0.000000e+00 0.000000e+00 0.000000e+00 0.000000e+00 0.000000e+00
 0.000000e+00 0.000000e+00 0.000000e+00 0.000000e+00 0.000000e+00 0.000000e+00 0.000000e+00 9.966906e-01 3.309325e-03 0.000000e+00 0.000000e+00 0.000000e+00 0.000000e+00 0.000000e+00
 0.000000e+00 0.000000e+00 0.000000e+00 0.000000e+00 0.000000e+00 0.000000e+00 0.000000e+00 0.000000e+00 9.977748e-01 2.225205e-03 0.000000e+00 0.000000e+00 0.000000e+00 0.000000e+00
 0.000000e+00 0.000000e+00 0.000000e+00 0.000000e+00 0.000000e+00 0.000000e+00 0.000000e+00 0.000000e+00 0.000000e+00 9.983320e-01 1.667960e-03 0.000000e+00 0.000000e+00 0.000000e+00
 0.000000e+00 0.000000e+00 0.000000e+00 0.000000e+00 0.000000e+00 0.000000e+00 0.000000e+00 0.000000e+00 0.000000e+00 0.000000e+00 9.983413e-01 1.658709e-03 0.000000e+00 0.000000e+00
 0.000000e+00 0.000000e+00 0.000000e+00 0.000000e+00 0.000000e+00 0.000000e+00 0.000000e+00 0.000000e+00 0.000000e+00 0.000000e+00 0.000000e+00 9.962915e-01 3.708527e-03 0.000000e+00
 0.000000e+00 0.000000e+00 0.000000e+00 0.000000e+00 0.000000e+00 0.000000e+00 0.000000e+00 0.000000e+00 0.000000e+00 0.000000e+00 0.000000e+00 0.000000e+00 9.999376e-01 6.240931e-05
 0.000000e+00 0.000000e+00 0.000000e+00 0.000000e+00 0.000000e+00 0.000000e+00 0.000000e+00 0.000000e+00 0.000000e+00 0.000000e+00 0.000000e+00 0.000000e+00 0.000000e+00 0.000000e+00
<ENDHMM>
~h "SegundoESO"
<BEGINHMM>
<NUMSTATES> 14
<STATE> 2
<NUMMIXES> 6
<MIXTURE> 1 4.168418e-02
<MEAN> 6
 7.175046e+01 1.320474e+04 -1.200072e+03 -7.335163e-01 -4.991096e+00 -1.831669e+02
<VARIANCE> 6
 3.163787e+01 1.276023e+04 1.373229e+04 2.940807e+02 3.743564e+04 4.829342e+07
<GCONST> 6.737025e+01
<MIXTURE> 2 2.193728e-01
<MEAN> 6
 6.511733e+01 7.768135e+02 -1.461582e+03 2.450247e-01 -2.117565e+00 -7.942789e+01
<VARIANCE> 6
 3.163787e+01 5.161974e+05 5.571381e+05 2.940807e+02 3.743564e+04 4.829342e+07
<GCONST> 7.477347e+01
<MIXTURE> 3 1.758395e-01
<MEAN> 6
 7.464526e+01 -3.435106e+01 -5.879370e+03 -1.487865e-01 -3.259933e+00 -5.473048e+01
<VARIANCE> 6
 3.163787e+01 1.429595e+05 7.279119e+06 2.940807e+02 3.743564e+04 4.829342e+07
<GCONST> 7.605949e+01
<MIXTURE> 4 1.970119e-01
<MEAN> 6
 6.251069e+01 1.501732e+03 -2.120165e+02 -7.367886e-02 -2.450399e+00 -1.126646e+02
<VARIANCE> 6
 3.163787e+01 1.270758e+06 4.645542e+04 2.940807e+02 3.743564e+04 4.829342e+07
<GCONST> 7.319003e+01
<MIXTURE> 5 1.677272e-01
<MEAN> 6
 5.830079e+01 3.933534e+02 -3.126947e+03 8.336064e-01 2.766376e-01 -5.935137e+01
<VARIANCE> 6
 3.163787e+01 8.154144e+04 2.047834e+06 2.940807e+02 3.743564e+04 4.829342e+07
<GCONST> 7.422981e+01
<MIXTURE> 6 1.983360e-01
<MEAN> 6
 5.964086e+01 -6.032649e+01 -4.939035e+02 -9.870108e-03 -1.142396e+00 -9.484919e+01
<VARIANCE> 6
 3.163787e+01 2.342786e+06 4.608173e+04 2.940807e+02 3.743564e+04 4.829342e+07
<GCONST> 7.379367e+01
<STATE> 3
<NUMMIXES> 6
<MIXTURE> 1 2.183999e-01
<MEAN> 6
 7.186725e+01 1.301114e+02 5.566239e+02 -6.990037e-01 -1.680588e+00 -7.745204e+01
<VARIANCE> 6
 3.163787e+01 2.379572e+05 7.142997e+05 2.940807e+02 3.743564e+04 4.829342e+07
<GCONST> 7.424756e+01
<MIXTURE> 2 2.019372e-01
<MEAN> 6
 7.603288e+01 -7.066066e+02 1.142300e+02 -1.601715e-01 -3.839143e+00 -8.551198e+01
<VARIANCE> 6
 7.502516e+01 4.964407e+04 2.572301e+04 2.940807e+02 3.743564e+04 4.829342e+07
<GCONST> 7.021989e+01
<MIXTURE> 3 1.364663e-01
<MEAN> 6
 6.335871e+01 -9.596232e+01 2.397639e+02 -1.867663e-01 -1.544474e+00 -9.320062e+01
<VARIANCE> 6
 6.223180e+01 7.623153e+04 5.814289e+04 2.940807e+02 3.743564e+04 4.829342e+07
<GCONST> 7.127736e+01
<MIXTURE> 4 1.498615e-01
<MEAN> 6
 7.390864e+01 4.068400e+02 8.086082e+01 -4.471370e-01 -3.135469e+00 -6.388653e+01
<VARIANCE> 6
 3.163787e+01 9.038622e+04 2.986982e+05 2.940807e+02 3.743564e+04 4.829342e+07
<GCONST> 7.240768e+01
<MIXTURE> 5 1.439189e-01
<MEAN> 6
 6.653372e+01 -3.343513e+02 -2.803836e+01 2.095254e-03 -8.411837e-01 -9.233156e+01
<VARIANCE> 6
 3.163787e+01 8.368923e+04 1.422829e+05 2.940807e+02 3.743564e+04 4.829342e+07
<GCONST> 7.158910e+01
<MIXTURE> 6 1.492293e-01
<MEAN> 6
 7.244608e+01 2.264619e+02 -1.700737e+02 -3.199466e-01 -2.973263e+00 -8.401835e+01
<VARIANCE> 6
 3.163787e+01 1.164206e+05 2.284391e+05 2.940807e+02 3.743564e+04 4.829342e+07
<GCONST> 7.239264e+01
<STATE> 4
<NUMMIXES> 6
<MIXTURE> 1 1.019910e-01
<MEAN> 6
 8.989011e+01 -3.912190e+03 5.001840e+03 -1.576868e+00 -4.771534e+01 4.404783e+00
<VARIANCE> 6
 8.340678e+01 5.026191e+06 2.574286e+07 2.940807e+02 3.743564e+04 4.829342e+07
<GCONST> 8.185187e+01
<MIXTURE> 2 7.710265e-02
<MEAN> 6
 1.067899e+01 2.732556e+03 2.131350e+03 -6.765526e+01 1.717164e+02 1.857501e+03
<VARIANCE> 6
 3.387300e+03 3.905845e+07 1.833234e+07 3.738833e+04 1.317454e+06 3.506754e+08
<GCONST> 9.765549e+01
<MIXTURE> 3 2.136429e-01
<MEAN> 6
 8.013049e+01 -2.854694e+02 1.120650e+03 -2.058245e+00 -1.940311e+01 -1.123579e+02
<VARIANCE> 6
 7.941734e+01 1.635387e+06 1.733522e+06 2.940807e+02 3.743564e+04 4.829342e+07
<GCONST> 7.798207e+01
<MIXTURE> 4 2.319002e-01
<MEAN> 6
 -3.016579e-02 3.677402e+02 3.071917e+03 1.076188e+01 7.678366e+01 -3.237599e+02
<VARIANCE> 6
 3.446434e+03 8.980195e+05 3.955937e+06 3.658640e+04 6.336271e+05 6.400350e+07
<GCONST> 8.991212e+01
<MIXTURE> 5 1.611189e-01
<MEAN> 6
 2.771364e+01 -2.164449e+03 5.207897e+02 2.453080e+01 -1.471760e+02 -3.885431e+02
<VARIANCE> 6
 3.076268e+03 1.851773e+07 1.380955e+06 2.097515e+04 1.888086e+05 4.829342e+07
<GCONST> 8.972365e+01
<MIXTURE> 6 2.140810e-01
<MEAN> 6
 7.842785e+01 -7.667532e+02 3.991109e+02 -1.589715e+00 -1.030123e+01 -1.006564e+02
<VARIANCE> 6
 6.629218e+01 1.957822e+06 8.017559e+05 2.940807e+02 3.743564e+04 4.829342e+07
<GCONST> 7.721028e+01
<STATE> 5
<NUMMIXES> 6
<MIXTURE> 1 2.284755e-01
<MEAN> 6
 6.888600e+01 -1.158213e+02 -3.127444e+02 -5.141265e+01 -8.247399e+02 -9.748632e+03
<VARIANCE> 6
 7.103529e+01 6.920671e+05 8.742080e+05 9.914645e+02 1.427188e+05 7.054609e+07
<GCONST> 7.925854e+01
<MIXTURE> 2 1.667610e-01
<MEAN> 6
 5.468443e+01 1.984982e+02 -4.159912e+02 -1.414747e+02 -9.795580e+02 -4.804200e+02
<VARIANCE> 6
 8.723466e+01 1.435148e+06 5.582221e+05 1.503527e+03 2.793139e+05 4.829342e+07
<GCONST> 8.045363e+01
<MIXTURE> 3 9.777145e-02
<MEAN> 6
 6.468345e+01 -2.490834e+02 1.641373e+02 -1.756776e+02 -2.176899e+03 -3.431297e+03
<VARIANCE> 6
 1.161839e+02 4.408660e+05 1.081688e+05 8.007652e+03 4.172281e+05 5.638012e+08
<GCONST> 8.245013e+01
<MIXTURE> 4 1.790911e-01
<MEAN> 6
 1.041258e+01 5.221687e+01 1.186106e+02 -3.195801e+02 -4.154927e+02 1.169277e+04
<VARIANCE> 6
 4.392553e+02 7.640269e+05 1.853863e+05 4.714674e+03 5.038296e+05 2.735924e+08
<GCONST> 8.380447e+01
<MIXTURE> 5 1.562404e-01
<MEAN> 6
 4.395609e+01 -1.331884e+02 6.769434e+01 -2.426701e+02 -1.130122e+03 3.815644e+03
<VARIANCE> 6
 1.032851e+02 6.929316e+05 1.532425e+06 2.463333e+03 2.021584e+05 4.829342e+07
<GCONST> 8.107469e+01
<MIXTURE> 6 1.716470e-01
<MEAN> 6
 9.021569e+00 -1.426945e+02 -8.170177e+01 -3.325988e+02 -4.894511e+02 7.191315e+03
<VARIANCE> 6
 3.546645e+02 7.349883e+05 1.964135e+05 5.745483e+03 3.366571e+05 1.650759e+08
<GCONST> 8.289893e+01
<STATE> 6
<NUMMIXES> 6
<MIXTURE> 1 1.915780e-01
<MEAN> 6
 -4.407433e+01 9.701660e+01 1.663777e+01 -2.164604e+02 2.001522e+03 6.255253e+03
<VARIANCE> 6
 2.527227e+02 1.667163e+06 1.171478e+06 1.735705e+04 1.066008e+06 1.103341e+09
<GCONST> 8.932276e+01
<MIXTURE> 2 6.398778e-02
<MEAN> 6
 4.232352e+00 -9.302437e+02 -3.545807e+02 -3.597197e+02 -9.939500e+01 1.752348e+04
<VARIANCE> 6
 3.917860e+02 1.187980e+07 4.865138e+06 5.814999e+03 9.829764e+05 3.959553e+08
<GCONST> 9.094929e+01
<MIXTURE> 3 1.843631e-01
<MEAN> 6
 -4.155759e+01 8.060103e+01 1.506573e+02 1.302068e+02 1.198749e+03 -4.036649e+03
<VARIANCE> 6
 2.097131e+02 6.109481e+05 3.781484e+05 2.370015e+04 2.777467e+05 1.099971e+08
<GCONST> 8.366248e+01
<MIXTURE> 4 1.739839e-01
<MEAN> 6
 -5.174395e+01 -3.784995e+02 9.826666e+01 4.901090e+01 6.539688e+02 1.692963e+03
<VARIANCE> 6
 1.727458e+02 1.328906e+06 1.096761e+06 4.377059e+03 9.436691e+04 4.829342e+07
<GCONST> 8.171870e+01
<MIXTURE> 5 2.066850e-01
<MEAN> 6
 -5.776940e+01 -1.658439e+02 2.557747e+01 1.129832e+01 1.277827e+02 6.621645e+01
<VARIANCE> 6
 1.283552e+02 1.229879e+06 2.315216e+06 4.038687e+02 4.162992e+04 4.829342e+07
<GCONST> 7.888998e+01
<MIXTURE> 6 1.793881e-01
<MEAN> 6
 -4.760370e+01 -2.203076e+02 -2.954850e+01 5.479654e+01 1.160793e+03 -5.643979e+03
<VARIANCE> 6
 2.808926e+02 9.822301e+05 4.899882e+05 2.599015e+04 3.030473e+05 1.646009e+08
<GCONST> 8.527111e+01
<STATE> 7
<NUMMIXES> 6
<MIXTURE> 1 2.643304e-01
<MEAN> 6
 2.707149e+01 -1.870367e+02 -3.696477e+02 1.980469e+02 -2.164733e+02 -1.708594e+03
<VARIANCE> 6
 7.648315e+02 5.131962e+05 1.139073e+06 3.501805e+03 1.737985e+05 4.829342e+07
<GCONST> 8.268054e+01
<MIXTURE> 2 2.490856e-01
<MEAN> 6
 3.837067e+01 1.651287e+02 1.596593e+02 2.029174e+02 -3.786090e+02 6.685983e+02
<VARIANCE> 6
 6.640078e+02 5.178405e+05 6.750996e+05 2.891240e+03 1.740803e+05 4.829342e+07
<GCONST> 8.183511e+01
<MIXTURE> 3 2.426255e-02
<MEAN> 6
 7.087892e+01 -3.420048e+03 3.043257e+03 -2.905544e+00 -4.435723e+00 -1.722475e+01
<VARIANCE> 6
 3.163787e+01 5.217296e+04 4.038292e+04 2.940807e+02 3.743564e+04 4.829342e+07
<GCONST> 6.985713e+01
<MIXTURE> 4 1.298105e-01
<MEAN> 6
 6.760246e+01 -4.151623e+03 3.425995e+03 -7.361097e-01 -7.046347e+00 -1.597589e+02
<VARIANCE> 6
 3.163787e+01 2.523479e+04 1.373229e+04 2.940807e+02 3.743564e+04 4.829342e+07
<GCONST> 6.805214e+01
<MIXTURE> 5 1.736463e-01
<MEAN> 6
 1.896853e+01 -5.606346e+01 1.711321e+02 2.867162e+02 -2.854622e+02 -9.236118e+03
<VARIANCE> 6
 8.994724e+02 1.390561e+06 3.777256e+05 6.369766e+03 3.725954e+05 1.741842e+08
<GCONST> 8.537940e+01
<MIXTURE> 6 1.588610e-01
<MEAN> 6
 5.443380e+01 -3.694743e+02 5.093530e+01 2.083731e+02 -9.519249e+02 -1.306202e+04
<VARIANCE> 6
 1.315160e+03 1.722579e+06 5.422108e+05 1.002709e+04 8.583457e+05 3.019913e+08
<GCONST> 8.817344e+01
<STATE> 8
<NUMMIXES> 6
<MIXTURE> 1 1.069540e-01
<MEAN> 6
 2.073517e+01 1.184997e+01 2.687468e+02 -8.383097e+01 -4.441676e+01 3.872462e+03
<VARIANCE> 6
 3.181264e+03 1.878185e+06 2.596932e+06 4.389462e+04 1.872886e+06 6.192356e+08
<GCONST> 9.368449e+01
<MIXTURE> 2 1.856329e-01
<MEAN> 6
 -3.745174e+01 1.013462e+02 8.570988e+01 9.700783e+00 7.685475e+02 -9.776500e+02
<VARIANCE> 6
 4.132899e+02 4.619295e+05 2.699745e+05 2.868403e+04 3.205975e+05 1.247915e+08
<GCONST> 8.418486e+01
<MIXTURE> 3 2.381656e-01
<MEAN> 6
 7.600881e+01 -9.094498e+01 1.749378e+02 7.776688e+00 -3.874816e+02 -6.345629e+02
<VARIANCE> 6
 2.251661e+02 5.617964e+05 6.983451e+05 8.885277e+03 1.457124e+05 4.829342e+07
<GCONST> 8.181381e+01
<MIXTURE> 4 1.358041e-01
<MEAN> 6
 4.372008e+01 1.501805e+02 8.288129e+01 -1.781950e+00 -3.715424e+02 7.845465e+02
<VARIANCE> 6
 7.811199e+02 7.900346e+05 2.610010e+05 4.092234e+04 1.773211e+05 5.544765e+07
<GCONST> 8.427620e+01
<MIXTURE> 5 2.003525e-01
<MEAN> 6
 -3.498108e+01 -3.330312e+01 6.997507e+01 3.137238e+01 3.171288e+02 -4.832540e+02
<VARIANCE> 6
 6.099873e+02 4.296136e+05 6.685528e+05 1.548037e+04 1.053531e+05 4.829342e+07
<GCONST> 8.272942e+01
<MIXTURE> 6 1.324231e-01
<MEAN> 6
 4.015783e+01 -2.088783e+02 -5.529826e+01 -3.506981e+01 -3.987905e+02 -4.735985e+01
<VARIANCE> 6
 8.046010e+02 1.487901e+06 2.356945e+05 4.234559e+04 2.090546e+05 5.772674e+07
<GCONST> 8.507598e+01
<STATE> 9
<NUMMIXES> 6
<MIXTURE> 1 2.173641e-01
<MEAN> 6
 3.213449e+01 9.943793e+02 -1.360608e+03 9.763300e+01 -7.194930e+01 -7.545475e+02
<VARIANCE> 6
 1.612076e+03 3.034457e+06 5.774186e+06 1.013031e+04 5.089850e+04 4.829342e+07
<GCONST> 8.666068e+01
<MIXTURE> 2 1.654428e-01
<MEAN> 6
 8.665796e+01 1.557158e+02 -1.557312e+03 1.517997e+01 -8.132320e+02 5.737555e+02
<VARIANCE> 6
 3.095852e+02 4.954798e+06 3.354934e+06 1.755751e+04 5.837040e+05 3.271919e+08
<GCONST> 8.986076e+01
<MIXTURE> 3 5.122809e-02
<MEAN> 6
 6.444228e+01 1.183888e+02 -1.101363e+01 1.397914e+02 -4.753799e+02 -4.047542e+02
<VARIANCE> 6
 2.376335e+02 6.033641e+05 6.503525e+05 4.554079e+03 7.922772e+04 4.829342e+07
<GCONST> 8.059021e+01
<MIXTURE> 4 8.484705e-02
<MEAN> 6
 1.327245e+01 7.567348e+01 -1.494304e+02 2.300667e+02 -5.954359e+01 -3.306140e+03
<VARIANCE> 6
 3.163462e+02 6.704112e+05 5.241622e+05 2.839941e+03 7.468003e+04 4.829342e+07
<GCONST> 8.023462e+01
<MIXTURE> 5 4.279159e-01
<MEAN> 6
 4.235044e+00 1.229667e+03 -2.225263e+03 -2.002055e+01 2.248576e+02 2.819446e+02
<VARIANCE> 6
 2.270456e+03 3.276555e+06 2.651430e+06 2.332007e+04 2.863028e+05 5.688649e+07
<GCONST> 8.902635e+01
<MIXTURE> 6 5.318238e-02
<MEAN> 6
 6.470174e+01 -1.129313e+02 -2.002401e+02 1.390038e+02 -4.990493e+02 -8.736454e+02
<VARIANCE> 6
 2.200406e+02 5.148233e+05 5.050722e+05 4.306312e+03 9.862016e+04 4.829342e+07
<GCONST> 8.026479e+01
<STATE> 10
<NUMMIXES> 6
<MIXTURE> 1 1.888349e-01
<MEAN> 6
 1.045275e+02 8.040768e+02 -8.186656e+02 -6.705556e+00 1.672557e+00 2.738240e+02
<VARIANCE> 6
 5.287483e+01 5.794152e+05 4.756599e+05 2.940807e+02 3.743564e+04 4.829342e+07
<GCONST> 7.524446e+01
<MIXTURE> 2 1.744671e-01
<MEAN> 6
 8.088453e+01 -7.805483e+02 7.637637e+02 -3.216545e+00 -1.058192e+01 1.837776e+02
<VARIANCE> 6
 6.475356e+01 9.636513e+04 3.670800e+06 2.940807e+02 3.743564e+04 4.829342e+07
<GCONST> 7.569672e+01
<MIXTURE> 3 1.708898e-01
<MEAN> 6
 8.794084e+01 2.372871e+02 -2.939921e+02 -3.877008e+00 -7.623609e+00 2.378687e+02
<VARIANCE> 6
 7.904060e+01 4.140265e+05 4.707928e+06 2.940807e+02 3.743564e+04 4.829342e+07
<GCONST> 7.760271e+01
<MIXTURE> 4 9.174465e-02
<MEAN> 6
 9.627398e+01 -8.883632e+02 -7.861462e+03 -5.367324e+00 6.410035e+00 4.611120e+01
<VARIANCE> 6
 1.654778e+02 6.821720e+04 4.451303e+06 2.940807e+02 3.743564e+04 4.829342e+07
<GCONST> 7.648230e+01
<MIXTURE> 5 1.845901e-01
<MEAN> 6
 8.406448e+01 1.618340e+02 -1.822840e+03 -3.571749e+00 -3.877323e+00 7.539127e+01
<VARIANCE> 6
 9.304491e+01 1.810681e+05 3.442507e+06 2.940807e+02 3.743564e+04 4.829342e+07
<GCONST> 7.662572e+01
<MIXTURE> 6 1.894400e-01
<MEAN> 6
 9.781850e+01 5.770677e+02 -1.367548e+03 -5.478382e+00 -2.288545e+00 1.539140e+02
<VARIANCE> 6
 4.547353e+01 8.695891e+05 9.306624e+05 2.940807e+02 3.743564e+04 4.829342e+07
<GCONST> 7.617085e+01
<STATE> 11
<NUMMIXES> 6
<MIXTURE> 1 2.126860e-01
<MEAN> 6
 6.393624e+01 4.675196e+02 1.074114e+02 3.788096e-02 -5.242986e+00 -1.601275e+02
<VARIANCE> 6
 3.302741e+01 1.276023e+04 1.373229e+04 2.940807e+02 3.743564e+04 4.829342e+07
<GCONST> 6.741324e+01
<MIXTURE> 2 1.152805e-01
<MEAN> 6
 6.993522e+01 4.983692e+02 3.704555e+02 -1.407746e+00 -8.130990e+00 5.337077e+01
<VARIANCE> 6
 3.163787e+01 1.276023e+04 1.209384e+05 2.940807e+02 3.743564e+04 4.829342e+07
<GCONST> 6.954578e+01
<MIXTURE> 3 1.600963e-01
<MEAN> 6
 6.153416e+01 5.113747e+01 -5.057157e+01 1.237946e-01 -6.828817e+00 -8.892121e+01
<VARIANCE> 6
 3.163787e+01 1.276023e+04 1.373229e+04 2.940807e+02 3.743564e+04 4.829342e+07
<GCONST> 6.737025e+01
<MIXTURE> 4 1.713275e-01
<MEAN> 6
 5.632537e+01 6.421665e+02 -1.763720e+01 1.060014e+00 6.480081e+00 -1.042987e+02
<VARIANCE> 6
 3.163787e+01 7.031973e+04 1.373229e+04 2.940807e+02 3.743564e+04 4.829342e+07
<GCONST> 6.907697e+01
<MIXTURE> 5 1.767215e-01
<MEAN> 6
 5.742023e+01 6.584943e+01 -2.155770e+02 3.830275e-01 -1.583391e+00 -5.047342e+01
<VARIANCE> 6
 3.163787e+01 1.276023e+04 3.474498e+04 2.940807e+02 3.743564e+04 4.829342e+07
<GCONST> 6.829854e+01
<MIXTURE> 6 1.638442e-01
<MEAN> 6
 5.975762e+01 1.792572e+01 -9.900134e+01 7.337290e-02 -4.305893e+00 -1.264564e+02
<VARIANCE> 6
 3.163787e+01 1.276023e+04 1.373229e+04 2.940807e+02 3.743564e+04 4.829342e+07
<GCONST> 6.737025e+01
<STATE> 12
<NUMMIXES> 6
<MIXTURE> 1 2.693294e-01
<MEAN> 6
 8.558140e+01 -1.706932e+01 8.673408e+01 -3.402142e+00 -6.595178e+00 1.315520e+02
<VARIANCE> 6
 4.304466e+01 2.914443e+05 1.454816e+05 2.940807e+02 3.743564e+04 4.829342e+07
<GCONST> 7.316695e+01
<MIXTURE> 2 5.359494e-02
<MEAN> 6
 9.310989e+01 -6.628665e+03 -3.609567e+02 -6.058143e+00 1.568774e+00 3.002742e+02
<VARIANCE> 6
 4.208352e+01 4.776375e+06 1.468982e+06 2.940807e+02 3.743564e+04 4.829342e+07
<GCONST> 7.825323e+01
<MIXTURE> 3 2.581132e-01
<MEAN> 6
 7.651918e+01 9.119019e+02 -4.894954e+02 -2.868420e+00 -1.974826e+00 6.425780e+01
<VARIANCE> 6
 3.163787e+01 5.812571e+05 1.731939e+05 2.940807e+02 3.743564e+04 4.829342e+07
<GCONST> 7.372377e+01
<MIXTURE> 4 1.405210e-01
<MEAN> 6
 6.604971e+01 4.739650e+02 4.950192e+02 -2.400706e+00 2.556409e+00 8.646876e+01
<VARIANCE> 6
 5.608790e+01 3.002166e+06 5.145820e+05 2.940807e+02 3.743564e+04 4.829342e+07
<GCONST> 7.702718e+01
<MIXTURE> 5 1.331147e-01
<MEAN> 6
 8.257347e+01 -2.225381e+02 1.409942e+02 -3.602013e+00 -4.115167e+00 1.210582e+02
<VARIANCE> 6
 5.036388e+01 4.635712e+05 1.113696e+05 2.940807e+02 3.743564e+04 4.829342e+07
<GCONST> 7.352090e+01
<MIXTURE> 6 1.452984e-01
<MEAN> 6
 7.855365e+01 -6.256711e+02 5.539643e+00 -3.386199e+00 -9.934058e-01 8.538992e+01
<VARIANCE> 6
 6.433884e+01 5.155982e+05 7.552918e+04 2.940807e+02 3.743564e+04 4.829342e+07
<GCONST> 7.348383e+01
<STATE> 13
<NUMMIXES> 6
<MIXTURE> 1 2.798293e-01
<MEAN> 6
 2.882584e+01 -5.061003e+00 -1.640729e+01 4.978285e+01 -1.327962e+02 -1.716688e+02
<VARIANCE> 6
 6.347206e+02 5.691055e+04 6.321393e+04 2.325614e+04 5.944879e+04 4.829342e+07
<GCONST> 7.822397e+01
<MIXTURE> 2 1.804741e-01
<MEAN> 6
 -2.681471e+01 4.426889e+00 3.650535e+01 -1.811008e+01 5.600987e+02 -7.652288e+02
<VARIANCE> 6
 4.747997e+02 5.262961e+04 2.100384e+04 2.667153e+04 3.743670e+05 1.552095e+08
<GCONST> 7.989828e+01
<MIXTURE> 3 9.319598e-02
<MEAN> 6
 2.727438e+01 2.888774e+01 1.053001e+02 -6.388269e+01 -2.852605e+02 2.827250e+03
<VARIANCE> 6
 1.929851e+03 2.044126e+05 2.636976e+05 3.735024e+04 1.134336e+06 4.025428e+08
<GCONST> 8.758588e+01
<MIXTURE> 4 1.453782e-01
<MEAN> 6
 6.849169e+01 -1.152848e+02 4.568877e+00 4.225120e+00 -3.005935e+02 1.144708e+02
<VARIANCE> 6
 1.560045e+02 1.693932e+05 2.944198e+04 6.479535e+03 1.370022e+05 4.829342e+07
<GCONST> 7.670427e+01
<MIXTURE> 5 1.645670e-01
<MEAN> 6
 -3.691239e+01 -1.373889e+01 -8.387715e+01 -4.308834e-01 5.062932e+02 -6.946928e+01
<VARIANCE> 6
 2.490270e+02 6.618555e+04 7.705995e+04 1.147614e+04 1.974451e+05 5.242848e+07
<GCONST> 7.821358e+01
<MIXTURE> 6 1.363984e-01
<MEAN> 6
 6.675415e+01 -1.384054e+02 -2.944638e+01 -3.675051e+01 -5.630354e+02 -3.436831e+02
<VARIANCE> 6
 2.309178e+02 1.975785e+05 2.989084e+04 1.201658e+04 2.504187e+05 5.062823e+07
<GCONST> 7.853348e+01
<TRANSP> 14
 0.000000e+00 1.000000e+00 0.000000e+00 0.000000e+00 0.000000e+00 0.000000e+00 0.000000e+00 0.000000e+00 0.000000e+00 0.000000e+00 0.000000e+00 0.000000e+00 0.000000e+00 0.000000e+00
 0.000000e+00 9.991538e-01 8.462219e-04 0.000000e+00 0.000000e+00 0.000000e+00 0.000000e+00 0.000000e+00 0.000000e+00 0.000000e+00 0.000000e+00 0.000000e+00 0.000000e+00 0.000000e+00
 0.000000e+00 0.000000e+00 9.995409e-01 4.591655e-04 0.000000e+00 0.000000e+00 0.000000e+00 0.000000e+00 0.000000e+00 0.000000e+00 0.000000e+00 0.000000e+00 0.000000e+00 0.000000e+00
 0.000000e+00 0.000000e+00 0.000000e+00 9.995311e-01 4.688813e-04 0.000000e+00 0.000000e+00 0.000000e+00 0.000000e+00 0.000000e+00 0.000000e+00 0.000000e+00 0.000000e+00 0.000000e+00
 0.000000e+00 0.000000e+00 0.000000e+00 0.000000e+00 9.963701e-01 3.629867e-03 0.000000e+00 0.000000e+00 0.000000e+00 0.000000e+00 0.000000e+00 0.000000e+00 0.000000e+00 0.000000e+00
 0.000000e+00 0.000000e+00 0.000000e+00 0.000000e+00 0.000000e+00 9.979687e-01 2.031216e-03 0.000000e+00 0.000000e+00 0.000000e+00 0.000000e+00 0.000000e+00 0.000000e+00 0.000000e+00
 0.000000e+00 0.000000e+00 0.000000e+00 0.000000e+00 0.000000e+00 0.000000e+00 9.973298e-01 2.670249e-03 0.000000e+00 0.000000e+00 0.000000e+00 0.000000e+00 0.000000e+00 0.000000e+00
 0.000000e+00 0.000000e+00 0.000000e+00 0.000000e+00 0.000000e+00 0.000000e+00 0.000000e+00 9.999210e-01 7.897144e-05 0.000000e+00 0.000000e+00 0.000000e+00 0.000000e+00 0.000000e+00
 0.000000e+00 0.000000e+00 0.000000e+00 0.000000e+00 0.000000e+00 0.000000e+00 0.000000e+00 0.000000e+00 9.992136e-01 7.864163e-04 0.000000e+00 0.000000e+00 0.000000e+00 0.000000e+00
 0.000000e+00 0.000000e+00 0.000000e+00 0.000000e+00 0.000000e+00 0.000000e+00 0.000000e+00 0.000000e+00 0.000000e+00 9.988620e-01 1.138058e-03 0.000000e+00 0.000000e+00 0.000000e+00
 0.000000e+00 0.000000e+00 0.000000e+00 0.000000e+00 0.000000e+00 0.000000e+00 0.000000e+00 0.000000e+00 0.000000e+00 0.000000e+00 9.984233e-01 1.576684e-03 0.000000e+00 0.000000e+00
 0.000000e+00 0.000000e+00 0.000000e+00 0.000000e+00 0.000000e+00 0.000000e+00 0.000000e+00 0.000000e+00 0.000000e+00 0.000000e+00 0.000000e+00 9.991206e-01 8.793956e-04 0.000000e+00
 0.000000e+00 0.000000e+00 0.000000e+00 0.000000e+00 0.000000e+00 0.000000e+00 0.000000e+00 0.000000e+00 0.000000e+00 0.000000e+00 0.000000e+00 0.000000e+00 9.997607e-01 2.392403e-04
 0.000000e+00 0.000000e+00 0.000000e+00 0.000000e+00 0.000000e+00 0.000000e+00 0.000000e+00 0.000000e+00 0.000000e+00 0.000000e+00 0.000000e+00 0.000000e+00 0.000000e+00 0.000000e+00
<ENDHMM>
~h "QuintoPRIMARIA"
<BEGINHMM>
<NUMSTATES> 14
<STATE> 2
<NUMMIXES> 6
<MIXTURE> 1 2.891508e-01
<MEAN> 6
 -3.740134e+01 -2.309544e+01 4.835460e+01 2.699305e+01 5.818271e+02 -7.661253e+02
<VARIANCE> 6
 5.872383e+02 1.203177e+05 1.311911e+05 2.431682e+04 2.732572e+05 7.685989e+07
<GCONST> 8.165958e+01
<MIXTURE> 2 1.442585e-01
<MEAN> 6
 1.139240e+01 -1.309418e+02 7.969615e+01 -6.228156e+01 1.427380e+02 2.988977e+03
<VARIANCE> 6
 3.144200e+03 1.207630e+06 8.617376e+05 5.589614e+04 2.481459e+06 8.976551e+08
<GCONST> 9.302235e+01
<MIXTURE> 3 1.662355e-01
<MEAN> 6
 7.115500e+01 -4.337872e+01 -6.846659e+00 -2.740422e+00 -2.662571e+01 -3.024839e+02
<VARIANCE> 6
 1.463321e+02 6.480052e+04 1.668233e+05 2.940807e+02 3.743564e+04 4.829342e+07
<GCONST> 7.302394e+01
<MIXTURE> 4 1.572705e-01
<MEAN> 6
 6.033350e+01 8.505299e+01 1.294625e+01 1.774207e+01 -4.898453e+02 1.946508e+02
<VARIANCE> 6
 6.624380e+02 1.511172e+05 9.490703e+04 3.154704e+04 2.526728e+05 8.277922e+07
<GCONST> 8.194042e+01
<MIXTURE> 5 8.469734e-02
<MEAN> 6
 7.571685e+01 6.101876e+01 -2.381116e+02 -3.581241e+00 -2.726138e+01 -2.538961e+02
<VARIANCE> 6
 1.631224e+02 5.775661e+05 1.176097e+05 2.940807e+02 3.743564e+04 4.829342e+07
<GCONST> 7.497050e+01
<MIXTURE> 6 1.577782e-01
<MEAN> 6
 5.272739e+01 -3.472939e+01 -6.549874e+01 -2.877100e+01 -6.065817e+02 -8.479093e+02
<VARIANCE> 6
 8.411618e+02 1.456138e+05 1.273921e+05 4.007752e+04 3.347646e+05 9.991102e+07
<GCONST> 8.314533e+01
<STATE> 3
<NUMMIXES> 6
<MIXTURE> 1 1.919225e-01
<MEAN> 6
 9.346794e+01 1.629608e+02 -3.439617e+01 4.101443e+01 -7.977321e+02 5.437258e+03
<VARIANCE> 6
 1.431654e+02 1.895443e+05 1.167788e+05 6.613757e+03 1.124674e+06 4.562079e+08
<GCONST> 8.248006e+01
<MIXTURE> 2 1.869862e-01
<MEAN> 6
 5.090753e+01 3.852147e+01 -2.379654e+01 1.613786e+02 -1.966743e+02 -6.931868e+01
<VARIANCE> 6
 5.487799e+02 7.852738e+04 8.894261e+04 4.611193e+03 1.173363e+05 4.829342e+07
<GCONST> 7.780376e+01
<MIXTURE> 3 1.977920e-01
<MEAN> 6
 1.632211e+01 1.662710e+02 3.591707e+02 3.154436e+02 1.342342e+02 -1.033096e+04
<VARIANCE> 6
 1.165170e+03 3.125449e+05 2.467805e+05 6.464156e+03 1.070427e+06 1.912717e+08
<GCONST> 8.488345e+01
<MIXTURE> 4 6.661851e-02
<MEAN> 6
 8.978519e+01 -1.915987e+02 -1.668468e+02 1.106111e+02 -1.599748e+03 -2.016771e+03
<VARIANCE> 6
 1.023406e+02 1.742738e+06 2.312957e+06 1.804533e+04 2.938942e+06 2.823063e+09
<GCONST> 9.113586e+01
<MIXTURE> 5 1.704905e-01
<MEAN> 6
 6.898767e+00 -5.576867e+02 -5.907324e+02 1.799708e+02 1.243776e+01 -1.861436e+03
<VARIANCE> 6
 1.231084e+03 5.001872e+05 1.714660e+06 6.709925e+03 1.807174e+05 4.829342e+07
<GCONST> 8.422922e+01
<MIXTURE> 6 1.861695e-01
<MEAN> 6
 4.998214e+01 -1.039825e+02 -1.920361e+02 1.466570e+02 -2.953820e+02 -6.163344e+02
<VARIANCE> 6
 5.967706e+02 1.393841e+05 1.419981e+05 4.015211e+03 1.154558e+05 4.829342e+07
<GCONST> 7.877465e+01
<STATE> 4
<NUMMIXES> 6
<MIXTURE> 1 1.817473e-01
<MEAN> 6
 9.493997e+01 6.323989e+02 1.156015e+02 -8.000890e+00 -1.062303e+01 4.871438e+02
<VARIANCE> 6
 3.163787e+01 9.823355e+04 2.289852e+05 2.940807e+02 3.743564e+04 4.829342e+07
<GCONST> 7.222517e+01
<MIXTURE> 2 1.705780e-01
<MEAN> 6
 9.531908e+01 8.681565e+02 2.080289e+03 1.463752e-01 -2.092114e+00 -1.105619e+02
<VARIANCE> 6
 3.163787e+01 3.213779e+04 2.297305e+05 2.940807e+02 3.743564e+04 4.829342e+07
<GCONST> 7.111110e+01
<MIXTURE> 3 1.759549e-01
<MEAN> 6
 8.241187e+01 5.147986e+02 -2.489089e+02 -1.885504e+00 -1.276116e+00 -8.758762e+01
<VARIANCE> 6
 3.163787e+01 1.276023e+04 1.373229e+04 2.940807e+02 3.743564e+04 4.829342e+07
<GCONST> 6.737025e+01
<MIXTURE> 4 1.152870e-01
<MEAN> 6
 8.645448e+01 -8.559248e+01 -1.565302e+03 3.124103e+00 -2.243641e+01 4.899298e+02
<VARIANCE> 6
 7.596020e+01 3.656165e+05 1.202746e+06 2.940807e+02 3.743564e+04 4.829342e+07
<GCONST> 7.607397e+01
<MIXTURE> 5 1.748269e-01
<MEAN> 6
 8.240086e+01 4.897630e+02 -2.821494e+02 -1.759513e+00 -4.421497e-01 -8.044501e+01
<VARIANCE> 6
 3.163787e+01 1.276023e+04 1.373229e+04 2.940807e+02 3.743564e+04 4.829342e+07
<GCONST> 6.737025e+01
<MIXTURE> 6 1.815965e-01
<MEAN> 6
 9.230215e+01 4.571407e+02 -1.877563e+02 -6.202914e+00 1.234610e+00 1.549255e+02
<VARIANCE> 6
 3.853910e+01 6.156013e+04 3.487575e+05 2.940807e+02 3.743564e+04 4.829342e+07
<GCONST> 7.237587e+01
<STATE> 5
<NUMMIXES> 6
<MIXTURE> 1 1.895639e-01
<MEAN> 6
 6.956611e+01 3.686133e+03 -6.249810e+02 -1.969393e+00 1.634718e-02 8.226563e+01
<VARIANCE> 6
 3.163787e+01 1.703046e+06 2.286197e+04 2.940807e+02 3.743564e+04 4.829342e+07
<GCONST> 7.277382e+01
<MIXTURE> 2 1.995727e-01
<MEAN> 6
 5.714215e+01 -8.801010e+03 -1.989590e+03 -5.099543e-01 -5.407093e+00 -7.670735e+01
<VARIANCE> 6
 3.163787e+01 2.073875e+07 3.243585e+04 2.940807e+02 3.743564e+04 4.829342e+07
<GCONST> 7.562318e+01
<MIXTURE> 3 1.604960e-01
<MEAN> 6
 6.609046e+01 1.336698e+03 -6.488951e+02 -8.672967e-01 -1.932739e+00 -3.977229e+01
<VARIANCE> 6
 3.163787e+01 1.276023e+04 1.373229e+04 2.940807e+02 3.743564e+04 4.829342e+07
<GCONST> 6.737025e+01
<MIXTURE> 4 1.570563e-01
<MEAN> 6
 6.727627e+01 1.197198e+03 -1.285313e+03 7.016646e-01 -6.209304e+00 -9.685022e+01
<VARIANCE> 6
 3.677106e+01 5.367895e+04 1.916935e+05 2.940807e+02 3.743564e+04 4.829342e+07
<GCONST> 7.159344e+01
<MIXTURE> 5 1.280017e-01
<MEAN> 6
 6.634316e+01 1.291361e+03 -5.673492e+02 -3.496729e-01 -9.436603e+00 -2.889491e+01
<VARIANCE> 6
 3.163787e+01 1.276023e+04 1.743802e+04 2.940807e+02 3.743564e+04 4.829342e+07
<GCONST> 6.760915e+01
<MIXTURE> 6 1.653056e-01
<MEAN> 6
 6.288974e+01 1.051952e+03 -1.274134e+03 3.122207e-01 -9.051449e+00 -7.384412e+01
<VARIANCE> 6
 5.176207e+01 1.787243e+04 1.183826e+05 2.940807e+02 3.743564e+04 4.829342e+07
<GCONST> 7.035365e+01
<STATE> 6
<NUMMIXES> 6
<MIXTURE> 1 1.561760e-01
<MEAN> 6
 8.696945e+01 5.960682e+01 8.217068e+01 -4.396685e+00 2.540876e+00 2.176800e+01
<VARIANCE> 6
 3.163787e+01 1.349857e+04 1.373229e+04 2.940807e+02 3.743564e+04 4.829342e+07
<GCONST> 6.742650e+01
<MIXTURE> 2 2.512029e-01
<MEAN> 6
 8.493577e+01 -1.104937e+02 -1.250888e+02 -2.733392e+00 1.226162e-01 -7.339990e+00
<VARIANCE> 6
 3.163787e+01 3.360306e+04 3.423710e+04 2.940807e+02 3.743564e+04 4.829342e+07
<GCONST> 6.925209e+01
<MIXTURE> 3 2.302301e-01
<MEAN> 6
 9.374757e+01 -1.745802e+02 -7.426524e+01 -5.676021e+00 2.175745e+00 9.743918e+01
<VARIANCE> 6
 6.354525e+01 7.813578e+04 2.718676e+04 2.940807e+02 3.743564e+04 4.829342e+07
<GCONST> 7.056274e+01
<MIXTURE> 4 1.181099e-01
<MEAN> 6
 8.391747e+01 -1.131021e+02 -1.699649e+02 -2.445578e+00 1.321040e-01 8.395925e+00
<VARIANCE> 6
 3.163787e+01 2.737433e+04 3.437552e+04 2.940807e+02 3.743564e+04 4.829342e+07
<GCONST> 6.905112e+01
<MIXTURE> 5 1.287902e-01
<MEAN> 6
 8.552247e+01 3.781704e+01 -2.541827e+01 -2.568292e+00 9.766519e-01 -3.048703e+00
<VARIANCE> 6
 3.163787e+01 1.276023e+04 2.345972e+04 2.940807e+02 3.743564e+04 4.829342e+07
<GCONST> 6.790578e+01
<MIXTURE> 6 1.154768e-01
<MEAN> 6
 8.125521e+01 -1.889416e+02 -2.347280e+02 -2.873719e+00 1.283680e+00 3.399461e+01
<VARIANCE> 6
 3.452734e+01 2.313401e+04 5.041118e+04 2.940807e+02 3.743564e+04 4.829342e+07
<GCONST> 6.935307e+01
<STATE> 7
<NUMMIXES> 6
<MIXTURE> 1 2.032960e-01
<MEAN> 6
 7.525108e+01 -7.224182e+01 4.906912e+02 -2.386987e+00 -1.011130e+01 1.180526e+02
<VARIANCE> 6
 3.163787e+01 1.280497e+04 1.919188e+04 2.940807e+02 3.743564e+04 4.829342e+07
<GCONST> 6.770848e+01
<MIXTURE> 2 2.034412e-01
<MEAN> 6
 6.587730e+01 3.072620e+02 2.982766e+02 -1.393669e+00 3.977905e+00 -1.245501e+02
<VARIANCE> 6
 6.166316e+01 8.428198e+04 2.047434e+04 2.940807e+02 3.743564e+04 4.829342e+07
<GCONST> 7.032484e+01
<MIXTURE> 3 1.254674e-01
<MEAN> 6
 6.847822e+01 1.879412e+02 1.479415e+02 -3.383364e+00 3.186936e+00 -1.268899e+01
<VARIANCE> 6
 3.163787e+01 1.276023e+04 1.373229e+04 2.940807e+02 3.743564e+04 4.829342e+07
<GCONST> 6.737025e+01
<MIXTURE> 4 2.166372e-01
<MEAN> 6
 6.420438e+01 6.628879e+01 2.861318e+01 -2.949262e+00 4.826661e+00 -4.270648e+00
<VARIANCE> 6
 3.163787e+01 1.380712e+04 3.219120e+04 2.940807e+02 3.743564e+04 4.829342e+07
<GCONST> 6.830104e+01
<MIXTURE> 5 1.247474e-01
<MEAN> 6
 7.102714e+01 -3.432000e+01 2.797184e+02 -3.326483e+00 1.924689e-01 1.158503e+02
<VARIANCE> 6
 3.163787e+01 1.965756e+04 1.268443e+05 2.940807e+02 3.743564e+04 4.829342e+07
<GCONST> 7.002559e+01
<MIXTURE> 6 1.263848e-01
<MEAN> 6
 6.699168e+01 1.282086e+02 1.081488e+02 -3.367983e+00 3.653713e+00 1.330754e+01
<VARIANCE> 6
 3.163787e+01 1.276023e+04 1.373229e+04 2.940807e+02 3.743564e+04 4.829342e+07
<GCONST> 6.737025e+01
<STATE> 8
<NUMMIXES> 6
<MIXTURE> 1 3.082071e-01
<MEAN> 6
 6.780756e+01 1.629872e+03 1.215839e+03 1.030285e-01 -3.930326e+00 -1.185070e+02
<VARIANCE> 6
 4.882446e+01 1.785538e+05 1.392257e+04 2.940807e+02 3.743564e+04 4.829342e+07
<GCONST> 7.045645e+01
<MIXTURE> 2 1.730213e-01
<MEAN> 6
 8.109970e+01 -4.061982e+02 2.440457e+03 -4.475722e-01 -6.682651e+00 -1.189815e+02
<VARIANCE> 6
 3.163787e+01 1.425685e+04 1.146877e+05 2.940807e+02 3.743564e+04 4.829342e+07
<GCONST> 6.960362e+01
<MIXTURE> 3 1.288934e-02
<MEAN> 6
 5.291481e+01 1.123925e+03 4.457252e+02 1.960229e+01 -2.969899e+01 5.617817e+02
<VARIANCE> 6
 2.576065e+02 3.712862e+05 7.120387e+05 2.940807e+02 3.743564e+04 4.829342e+07
<GCONST> 7.678635e+01
<MIXTURE> 4 1.514750e-01
<MEAN> 6
 7.285771e+01 -3.991635e+02 1.017701e+03 -1.433937e+00 -1.047208e-01 2.300947e+01
<VARIANCE> 6
 3.163787e+01 1.276023e+04 1.561532e+04 2.940807e+02 3.743564e+04 4.829342e+07
<GCONST> 6.749875e+01
<MIXTURE> 5 1.642238e-01
<MEAN> 6
 7.261969e+01 -3.877595e+02 9.662489e+02 -1.741854e+00 -5.423300e+00 -9.463083e+00
<VARIANCE> 6
 3.163787e+01 1.276023e+04 1.632598e+04 2.940807e+02 3.743564e+04 4.829342e+07
<GCONST> 6.754326e+01
<MIXTURE> 6 1.901916e-01
<MEAN> 6
 8.150702e+01 -6.853427e+02 1.537674e+03 -7.006001e-01 -2.834258e+00 -1.112867e+02
<VARIANCE> 6
 3.163787e+01 1.276023e+04 9.368162e+04 2.940807e+02 3.743564e+04 4.829342e+07
<GCONST> 6.929041e+01
<STATE> 9
<NUMMIXES> 6
<MIXTURE> 1 1.851374e-01
<MEAN> 6
 8.493742e+01 -9.846281e+01 -7.395123e+02 -2.105438e+00 -2.121969e+00 -2.139750e+01
<VARIANCE> 6
 3.163787e+01 5.151932e+04 1.960326e+04 2.940807e+02 3.743564e+04 4.829342e+07
<GCONST> 6.912183e+01
<MIXTURE> 2 2.052705e-01
<MEAN> 6
 8.010507e+01 -1.550776e+03 -1.180767e+03 1.879432e+00 -1.426603e+01 -4.379426e+00
<VARIANCE> 6
 1.073609e+02 1.676987e+05 1.426332e+05 2.940807e+02 3.743564e+04 4.829342e+07
<GCONST> 7.350845e+01
<MIXTURE> 3 1.173412e-01
<MEAN> 6
 5.928436e+01 -3.342593e+02 -1.300036e+03 2.436785e+00 -5.197998e+00 -1.337495e+02
<VARIANCE> 6
 3.163787e+01 1.276023e+04 2.638188e+04 2.940807e+02 3.743564e+04 4.829342e+07
<GCONST> 6.802318e+01
<MIXTURE> 4 2.062209e-01
<MEAN> 6
 7.031683e+01 -7.073871e+02 -1.600817e+03 -5.718538e-01 -7.741372e+00 -6.195031e+01
<VARIANCE> 6
 3.163787e+01 1.276023e+04 2.745847e+04 2.940807e+02 3.743564e+04 4.829342e+07
<GCONST> 6.806317e+01
<MIXTURE> 5 1.702046e-01
<MEAN> 6
 8.241325e+01 6.242918e+01 -7.778607e+02 -2.824288e+00 -4.127430e+00 1.180416e+01
<VARIANCE> 6
 3.785349e+01 5.067612e+04 1.373229e+04 2.940807e+02 3.743564e+04 4.829342e+07
<GCONST> 6.892874e+01
<MIXTURE> 6 1.158052e-01
<MEAN> 6
 5.862672e+01 -3.684383e+02 -1.403767e+03 2.762245e+00 2.810785e-02 -1.126269e+02
<VARIANCE> 6
 3.163787e+01 1.276023e+04 3.416302e+04 2.940807e+02 3.743564e+04 4.829342e+07
<GCONST> 6.828165e+01
<STATE> 10
<NUMMIXES> 6
<MIXTURE> 1 1.476725e-01
<MEAN> 6
 1.015137e+02 1.001831e+03 2.324752e+02 -2.907750e+00 5.005608e-01 1.486891e+02
<VARIANCE> 6
 3.163787e+01 1.276023e+04 1.373229e+04 2.940807e+02 3.743564e+04 4.829342e+07
<GCONST> 6.737025e+01
<MIXTURE> 2 2.132506e-01
<MEAN> 6
 8.890304e+01 4.982491e+02 -1.346484e+03 -2.578514e-01 -1.315761e+01 -1.668849e+02
<VARIANCE> 6
 3.163787e+01 2.365586e+04 1.373229e+04 2.940807e+02 3.743564e+04 4.829342e+07
<GCONST> 6.798752e+01
<MIXTURE> 3 5.740141e-03
<MEAN> 6
 7.213450e+01 -9.383493e+00 -2.028601e+02 -6.211313e+00 -1.399656e+02 -1.606115e+03
<VARIANCE> 6
 7.357199e+02 7.960341e+05 2.129715e+06 3.336524e+02 1.235760e+05 9.868634e+07
<GCONST> 8.172918e+01
<MIXTURE> 4 2.732314e-01
<MEAN> 6
 9.887208e+01 8.008718e+02 1.075863e+02 -2.641210e+00 -7.234862e-01 1.113172e+01
<VARIANCE> 6
 3.163787e+01 1.276023e+04 1.373229e+04 2.940807e+02 3.743564e+04 4.829342e+07
<GCONST> 6.737025e+01
<MIXTURE> 5 2.138282e-01
<MEAN> 6
 8.859659e+01 3.951922e+02 -1.327868e+03 -1.625788e+00 -1.090454e+00 -1.757602e+01
<VARIANCE> 6
 3.163787e+01 2.209764e+04 1.373229e+04 2.940807e+02 3.743564e+04 4.829342e+07
<GCONST> 6.791939e+01
<MIXTURE> 6 1.462678e-01
<MEAN> 6
 1.009625e+02 9.773647e+02 2.194569e+02 -2.638924e+00 3.131533e-01 1.180264e+02
<VARIANCE> 6
 3.163787e+01 1.276023e+04 1.373229e+04 2.940807e+02 3.743564e+04 4.829342e+07
<GCONST> 6.737025e+01
<STATE> 11
<NUMMIXES> 6
<MIXTURE> 1 3.014103e-01
<MEAN> 6
 6.304852e+01 6.170784e+02 -3.128564e+03 4.313859e-01 -8.350417e+00 -7.780895e+01
<VARIANCE> 6
 3.163787e+01 7.239003e+04 7.380096e+04 2.940807e+02 3.743564e+04 4.829342e+07
<GCONST> 7.078761e+01
<MIXTURE> 2 6.124764e-03
<MEAN> 6
 8.171358e+01 1.037700e+03 1.593257e+03 -1.794937e+01 -8.854384e+02 -3.137595e+04
<VARIANCE> 6
 5.351331e+02 6.858551e+05 1.650152e+06 3.703665e+02 1.137955e+05 2.258268e+08
<GCONST> 8.185651e+01
<MIXTURE> 3 2.474599e-03
<MEAN> 6
 7.978069e+01 -2.119829e+02 -7.307124e+00 -1.612805e+00 1.524515e+01 6.185286e+02
<VARIANCE> 6
 1.077620e+02 2.251891e+05 1.686011e+05 2.940807e+02 3.743564e+04 4.829342e+07
<GCONST> 7.397421e+01
<MIXTURE> 4 2.579330e-01
<MEAN> 6
 5.304591e+01 5.547700e+02 -2.190243e+03 -2.011817e-01 -1.846233e+00 -2.280512e+02
<VARIANCE> 6
 3.163787e+01 1.276023e+04 1.161549e+06 2.940807e+02 3.743564e+04 4.829342e+07
<GCONST> 7.180801e+01
<MIXTURE> 5 3.052975e-01
<MEAN> 6
 6.172598e+01 2.009886e+02 -3.025692e+03 2.727137e-01 -5.070019e+00 -1.218859e+02
<VARIANCE> 6
 3.163787e+01 3.258242e+04 4.271322e+04 2.940807e+02 3.743564e+04 4.829342e+07
<GCONST> 6.944244e+01
<MIXTURE> 6 1.267530e-01
<MEAN> 6
 5.329021e+01 3.824191e+02 -5.742912e+03 6.885783e+00 -2.175608e+01 -2.425265e+01
<VARIANCE> 6
 3.163787e+01 2.802551e+04 7.200131e+06 5.141287e+02 3.743564e+04 4.829342e+07
<GCONST> 7.497775e+01
<STATE> 12
<NUMMIXES> 6
<MIXTURE> 1 1.983644e-01
<MEAN> 6
 5.156774e+01 -1.068203e+03 3.137036e+02 -3.504837e-01 -4.037599e+00 -1.399861e+02
<VARIANCE> 6
 3.163787e+01 1.276023e+04 1.581245e+05 2.940807e+02 3.743564e+04 4.829342e+07
<GCONST> 6.981389e+01
<MIXTURE> 2 1.405053e-03
<MEAN> 6
 -1.543020e+02 -1.862304e+03 -1.461963e+03 -1.006395e+02 2.397108e+02 5.320608e+04
<VARIANCE> 6
 3.163787e+01 1.276023e+04 1.373229e+04 2.940807e+02 1.383725e+06 4.829342e+07
<GCONST> 7.098016e+01
<MIXTURE> 3 2.396730e-01
<MEAN> 6
 7.565563e+01 -5.116679e+02 1.066034e+02 -3.326303e+00 1.772975e+00 -2.712239e+01
<VARIANCE> 6
 3.163787e+01 2.120864e+04 1.373229e+04 2.940807e+02 3.743564e+04 4.829342e+07
<GCONST> 6.787833e+01
<MIXTURE> 4 1.607655e-01
<MEAN> 6
 7.562770e+01 -9.793497e+02 -1.662523e+02 -2.123771e+00 -7.609494e+00 -9.792820e+01
<VARIANCE> 6
 3.163787e+01 1.046347e+05 6.954230e+04 2.940807e+02 3.743564e+04 4.829342e+07
<GCONST> 7.109657e+01
<MIXTURE> 5 2.342651e-01
<MEAN> 6
 7.602393e+01 -6.102376e+02 9.793992e+01 -2.464917e+00 1.184765e+00 -5.315306e+01
<VARIANCE> 6
 3.163787e+01 3.731090e+04 1.373229e+04 2.940807e+02 3.743564e+04 4.829342e+07
<GCONST> 6.844321e+01
<MIXTURE> 6 1.655191e-01
<MEAN> 6
 7.438640e+01 -1.068466e+03 -3.048459e+02 -2.304433e+00 -7.906598e+00 -1.134873e+02
<VARIANCE> 6
 3.163787e+01 7.391054e+04 7.894989e+04 2.940807e+02 3.743564e+04 4.829342e+07
<GCONST> 7.087584e+01
<STATE> 13
<NUMMIXES> 6
<MIXTURE> 1 2.682135e-01
<MEAN> 6
 8.310467e+01 2.658228e+02 3.105581e+02 -2.603606e+00 -3.170916e+01 -1.166148e+02
<VARIANCE> 6
 1.891491e+02 8.116503e+05 2.082747e+06 2.940807e+02 3.743564e+04 4.829342e+07
<GCONST> 7.833286e+01
<MIXTURE> 2 2.001501e-02
<MEAN> 6
 -4.691320e+00 1.773550e+02 6.447268e+01 3.362550e+01 -1.563533e+02 1.137464e+03
<VARIANCE> 6
 1.297556e+04 1.815914e+05 3.951891e+05 2.080055e+06 1.162861e+09 1.717958e+12
<GCONST> 1.090889e+02
<MIXTURE> 3 2.315215e-01
<MEAN> 6
 5.223616e+01 1.889195e+02 1.081008e+02 -2.278785e+01 -5.645826e+02 3.512331e+01
<VARIANCE> 6
 1.377560e+03 1.668899e+06 3.401663e+06 3.567379e+04 3.099457e+05 9.201422e+07
<GCONST> 8.908656e+01
<MIXTURE> 4 1.768492e-01
<MEAN> 6
 -2.100898e+01 -8.595213e+01 3.763155e+02 7.238042e+01 2.799526e+02 -5.538096e+02
<VARIANCE> 6
 2.477828e+03 5.001496e+05 1.416785e+06 2.025874e+04 3.021748e+05 4.829342e+07
<GCONST> 8.635687e+01
<MIXTURE> 5 1.265717e-01
<MEAN> 6
 -7.622632e+00 -3.848743e+01 -3.350399e+02 -1.043646e+02 4.088124e+02 2.576667e+03
<VARIANCE> 6
 3.842094e+03 1.301269e+06 2.193762e+06 4.024765e+04 2.293311e+06 1.048976e+09
<GCONST> 9.398041e+01
<MIXTURE> 6 1.761356e-01
<MEAN> 6
 -2.288942e+01 -2.075336e+02 -5.994940e+01 3.522937e+01 2.398060e+02 -1.149823e+03
<VARIANCE> 6
 2.406630e+03 4.229432e+05 1.491676e+06 2.382169e+04 2.647176e+05 4.829342e+07
<GCONST> 8.624123e+01
<TRANSP> 14
 0.000000e+00 1.000000e+00 0.000000e+00 0.000000e+00 0.000000e+00 0.000000e+00 0.000000e+00 0.000000e+00 0.000000e+00 0.000000e+00 0.000000e+00 0.000000e+00 0.000000e+00 0.000000e+00
 0.000000e+00 9.999305e-01 6.952780e-05 0.000000e+00 0.000000e+00 0.000000e+00 0.000000e+00 0.000000e+00 0.000000e+00 0.000000e+00 0.000000e+00 0.000000e+00 0.000000e+00 0.000000e+00
 0.000000e+00 0.000000e+00 9.974880e-01 2.511975e-03 0.000000e+00 0.000000e+00 0.000000e+00 0.000000e+00 0.000000e+00 0.000000e+00 0.000000e+00 0.000000e+00 0.000000e+00 0.000000e+00
 0.000000e+00 0.000000e+00 0.000000e+00 9.974859e-01 2.514047e-03 0.000000e+00 0.000000e+00 0.000000e+00 0.000000e+00 0.000000e+00 0.000000e+00 0.000000e+00 0.000000e+00 0.000000e+00
 0.000000e+00 0.000000e+00 0.000000e+00 0.000000e+00 9.966519e-01 3.348154e-03 0.000000e+00 0.000000e+00 0.000000e+00 0.000000e+00 0.000000e+00 0.000000e+00 0.000000e+00 0.000000e+00
 0.000000e+00 0.000000e+00 0.000000e+00 0.000000e+00 0.000000e+00 9.988237e-01 1.176324e-03 0.000000e+00 0.000000e+00 0.000000e+00 0.000000e+00 0.000000e+00 0.000000e+00 0.000000e+00
 0.000000e+00 0.000000e+00 0.000000e+00 0.000000e+00 0.000000e+00 0.000000e+00 9.980741e-01 1.925908e-03 0.000000e+00 0.000000e+00 0.000000e+00 0.000000e+00 0.000000e+00 0.000000e+00
 0.000000e+00 0.000000e+00 0.000000e+00 0.000000e+00 0.000000e+00 0.000000e+00 0.000000e+00 9.969964e-01 3.003564e-03 0.000000e+00 0.000000e+00 0.000000e+00 0.000000e+00 0.000000e+00
 0.000000e+00 0.000000e+00 0.000000e+00 0.000000e+00 0.000000e+00 0.000000e+00 0.000000e+00 0.000000e+00 9.971102e-01 2.889842e-03 0.000000e+00 0.000000e+00 0.000000e+00 0.000000e+00
 0.000000e+00 0.000000e+00 0.000000e+00 0.000000e+00 0.000000e+00 0.000000e+00 0.000000e+00 0.000000e+00 0.000000e+00 9.940839e-01 5.916132e-03 0.000000e+00 0.000000e+00 0.000000e+00
 0.000000e+00 0.000000e+00 0.000000e+00 0.000000e+00 0.000000e+00 0.000000e+00 0.000000e+00 0.000000e+00 0.000000e+00 0.000000e+00 9.961066e-01 3.893338e-03 0.000000e+00 0.000000e+00
 0.000000e+00 0.000000e+00 0.000000e+00 0.000000e+00 0.000000e+00 0.000000e+00 0.000000e+00 0.000000e+00 0.000000e+00 0.000000e+00 0.000000e+00 9.982395e-01 1.760520e-03 0.000000e+00
 0.000000e+00 0.000000e+00 0.000000e+00 0.000000e+00 0.000000e+00 0.000000e+00 0.000000e+00 0.000000e+00 0.000000e+00 0.000000e+00 0.000000e+00 0.000000e+00 9.998931e-01 1.069555e-04
 0.000000e+00 0.000000e+00 0.000000e+00 0.000000e+00 0.000000e+00 0.000000e+00 0.000000e+00 0.000000e+00 0.000000e+00 0.000000e+00 0.000000e+00 0.000000e+00 0.000000e+00 0.000000e+00
<ENDHMM>
