~o
<STREAMINFO> 1 6
<VECSIZE> 6<NULLD><USER><DIAGC>
~h "SegundoPRIMARIA"
<BEGINHMM>
<NUMSTATES> 6
<STATE> 2
<NUMMIXES> 3
<MIXTURE> 1 3.860552e-01
<MEAN> 6
 3.496907e+01 1.091401e+02 1.607952e+02 3.845425e+01 6.747516e+01 3.795714e+02
<VARIANCE> 6
 3.949002e+03 2.720947e+05 2.125112e+06 1.415729e+04 2.059080e+05 5.158639e+07
<GCONST> 8.594366e+01
<MIXTURE> 2 2.289457e-01
<MEAN> 6
 3.079533e+01 -1.254558e+02 -3.514389e+01 -6.420882e+01 -5.521734e+01 1.440437e+03
<VARIANCE> 6
 4.268187e+03 1.334294e+07 1.774165e+06 5.247104e+04 2.082108e+06 7.681955e+08
<GCONST> 9.605801e+01
<MIXTURE> 3 3.850029e-01
<MEAN> 6
 2.412991e+01 -3.493722e+01 -2.656984e+02 7.926230e-01 -3.355734e+01 -1.249481e+03
<VARIANCE> 6
 4.389283e+03 2.149412e+05 2.008211e+06 1.461693e+04 2.306734e+05 5.158639e+07
<GCONST> 8.590252e+01
<STATE> 3
<NUMMIXES> 3
<MIXTURE> 1 4.747290e-01
<MEAN> 6
 9.311942e+01 3.157287e+00 4.730673e+02 -2.481266e+00 -2.911868e+00 -5.883900e+01
<VARIANCE> 6
 2.558723e+02 2.889558e+06 6.411847e+05 2.998198e+02 4.022584e+04 5.158639e+07
<GCONST> 7.888384e+01
<MIXTURE> 2 2.640156e-01
<MEAN> 6
 9.008708e+01 1.764775e+02 1.266837e+02 -9.069042e-01 6.950188e+00 -6.666992e+00
<VARIANCE> 6
 3.747608e+01 2.990255e+05 1.732597e+05 2.998198e+02 4.022584e+04 5.158639e+07
<GCONST> 7.338601e+01
<MIXTURE> 3 2.612589e-01
<MEAN> 6
 8.893538e+01 -3.312643e+01 -6.091473e+01 -1.493992e+00 -8.550392e+00 -1.407305e+02
<VARIANCE> 6
 3.346001e+01 2.835883e+05 1.972875e+05 2.998198e+02 4.022584e+04 5.158639e+07
<GCONST> 7.334953e+01
<STATE> 4
<NUMMIXES> 3
<MIXTURE> 1 2.952024e-01
<MEAN> 6
 7.034701e+01 1.087380e+02 -2.582028e+01 7.733610e-01 5.698839e+00 -3.484705e+01
<VARIANCE> 6
 4.329934e+01 1.350117e+05 7.230457e+04 2.998198e+02 4.022584e+04 5.158639e+07
<GCONST> 7.186137e+01
<MIXTURE> 2 4.130517e-01
<MEAN> 6
 6.813725e+01 -2.234188e+02 -4.196324e+02 -2.322394e-01 -2.147183e+00 -8.571972e+01
<VARIANCE> 6
 4.335871e+01 2.500258e+05 2.467476e+05 2.998198e+02 4.022584e+04 5.158639e+07
<GCONST> 7.370643e+01
<MIXTURE> 3 2.917330e-01
<MEAN> 6
 6.758149e+01 -1.231871e+01 -1.333755e+02 -3.283088e-01 -1.300398e+01 -2.406237e+02
<VARIANCE> 6
 5.265319e+01 1.478938e+05 6.981629e+04 2.998198e+02 4.022584e+04 5.158639e+07
<GCONST> 7.211308e+01
<STATE> 5
<NUMMIXES> 3
<MIXTURE> 1 5.499741e-02
<MEAN> 6
 3.731314e+01 4.244252e+01 6.874441e+01 -6.368591e+01 -2.843534e+02 5.824843e+03
<VARIANCE> 6
 5.819896e+03 1.262457e+06 1.056256e+06 2.143307e+05 8.272997e+07 1.134575e+11
<GCONST> 1.035762e+02
<MIXTURE> 2 4.743517e-01
<MEAN> 6
 3.621740e+01 1.009476e+02 8.188369e+01 2.992907e+01 8.996839e+01 1.168836e+03
<VARIANCE> 6
 3.775357e+03 2.760537e+05 1.370154e+05 3.254283e+04 7.446454e+05 1.579413e+08
<GCONST> 8.640842e+01
<MIXTURE> 3 4.704530e-01
<MEAN> 6
 2.769233e+01 -9.790443e+01 -5.467484e+01 -2.173451e+01 -5.678961e+01 -1.823771e+03
<VARIANCE> 6
 3.895779e+03 2.682036e+05 1.353382e+05 3.425927e+04 8.567100e+05 1.659342e+08
<GCONST> 8.663961e+01
<TRANSP> 6
 0.000000e+00 1.000000e+00 0.000000e+00 0.000000e+00 0.000000e+00 0.000000e+00
 0.000000e+00 9.997740e-01 2.260414e-04 0.000000e+00 0.000000e+00 0.000000e+00
 0.000000e+00 0.000000e+00 9.993578e-01 6.421915e-04 0.000000e+00 0.000000e+00
 0.000000e+00 0.000000e+00 0.000000e+00 9.995399e-01 4.601599e-04 0.000000e+00
 0.000000e+00 0.000000e+00 0.000000e+00 0.000000e+00 9.999462e-01 5.378254e-05
 0.000000e+00 0.000000e+00 0.000000e+00 0.000000e+00 0.000000e+00 0.000000e+00
<ENDHMM>
~h "SegundoESO"
<BEGINHMM>
<NUMSTATES> 6
<STATE> 2
<NUMMIXES> 3
<MIXTURE> 1 4.720548e-01
<MEAN> 6
 6.950251e+01 -3.038554e+02 -1.051075e+02 9.260276e+00 -8.125211e+01 -9.391709e+01
<VARIANCE> 6
 9.655463e+02 1.935885e+07 1.663071e+07 5.207538e+03 5.175448e+04 5.158639e+07
<GCONST> 8.847626e+01
<MIXTURE> 2 2.606635e-01
<MEAN> 6
 5.538676e+00 5.159699e+02 9.915217e+02 1.862293e+01 1.264056e+02 1.237810e+03
<VARIANCE> 6
 3.067914e+03 3.224248e+06 5.928362e+06 3.733950e+04 7.337284e+05 1.266587e+08
<GCONST> 9.232819e+01
<MIXTURE> 3 2.672201e-01
<MEAN> 6
 2.471576e+00 -1.714235e+02 1.616163e+02 -2.752116e+01 1.640259e+01 -1.123013e+03
<VARIANCE> 6
 3.074280e+03 4.101170e+06 4.996676e+06 3.280114e+04 6.930585e+05 1.078251e+08
<GCONST> 9.205226e+01
<STATE> 3
<NUMMIXES> 3
<MIXTURE> 1 3.388695e-01
<MEAN> 6
 7.287778e+01 3.240758e+02 -2.005876e+02 -5.803101e-01 8.285065e-01 -9.267090e+00
<VARIANCE> 6
 4.555567e+01 3.338578e+05 1.332499e+06 2.998198e+02 4.022584e+04 5.158639e+07
<GCONST> 7.573145e+01
<MIXTURE> 2 3.248673e-01
<MEAN> 6
 7.824458e+01 -9.728399e+00 -3.292958e+03 -2.810424e+00 3.154773e+00 1.860104e+01
<VARIANCE> 6
 2.990254e+02 5.203705e+05 8.942757e+06 2.998198e+02 4.022584e+04 5.158639e+07
<GCONST> 7.996066e+01
<MIXTURE> 3 3.362585e-01
<MEAN> 6
 7.035180e+01 1.965316e+02 -5.281548e+02 -1.083642e+00 -7.383266e+00 -1.321035e+02
<VARIANCE> 6
 5.721414e+01 3.276844e+05 1.714820e+06 2.998198e+02 4.022584e+04 5.158639e+07
<GCONST> 7.619290e+01
<STATE> 4
<NUMMIXES> 3
<MIXTURE> 1 2.634661e-01
<MEAN> 6
 7.320720e+01 -1.025251e+02 1.897640e+02 -1.599281e-01 -4.678192e-01 -5.103247e+01
<VARIANCE> 6
 9.411460e+01 5.408315e+05 4.332321e+04 2.998198e+02 4.022584e+04 5.158639e+07
<GCONST> 7.351330e+01
<MIXTURE> 2 4.792267e-01
<MEAN> 6
 6.320142e+01 1.381464e+02 -9.096277e+01 5.685677e-02 -3.595159e+00 -1.264836e+02
<VARIANCE> 6
 3.785436e+01 7.317092e+05 6.570059e+04 2.998198e+02 4.022584e+04 5.158639e+07
<GCONST> 7.332123e+01
<MIXTURE> 3 2.572162e-01
<MEAN> 6
 7.061906e+01 -2.578965e+02 1.006943e+02 -6.723521e-01 -1.207449e+01 -2.275393e+02
<VARIANCE> 6
 1.001171e+02 5.357218e+05 4.775473e+04 2.998198e+02 4.022584e+04 5.158639e+07
<GCONST> 7.366302e+01
<STATE> 5
<NUMMIXES> 3
<MIXTURE> 1 2.837818e-01
<MEAN> 6
 2.890832e+01 1.006166e+02 1.782585e+02 3.848236e+01 2.327440e+01 3.800459e+02
<VARIANCE> 6
 2.708032e+03 3.489938e+05 7.503328e+05 1.570168e+04 2.184803e+05 5.158639e+07
<GCONST> 8.493706e+01
<MIXTURE> 2 4.314885e-01
<MEAN> 6
 1.895543e+01 3.853544e+00 3.027802e+01 -2.618313e+01 1.824741e+01 4.194874e+02
<VARIANCE> 6
 2.739564e+03 1.145324e+06 1.956986e+05 3.136575e+04 8.933987e+05 2.079424e+08
<GCONST> 8.828738e+01
<MIXTURE> 3 2.845242e-01
<MEAN> 6
 2.226921e+01 -9.657378e+01 -8.821268e+01 2.173825e+00 -4.763475e+01 -9.215494e+02
<VARIANCE> 6
 2.706830e+03 3.208558e+05 7.139021e+05 1.861110e+04 2.250002e+05 5.158639e+07
<GCONST> 8.500217e+01
<TRANSP> 6
 0.000000e+00 1.000000e+00 0.000000e+00 0.000000e+00 0.000000e+00 0.000000e+00
 0.000000e+00 9.997386e-01 2.614248e-04 0.000000e+00 0.000000e+00 0.000000e+00
 0.000000e+00 0.000000e+00 9.992698e-01 7.301676e-04 0.000000e+00 0.000000e+00
 0.000000e+00 0.000000e+00 0.000000e+00 9.996603e-01 3.396312e-04 0.000000e+00
 0.000000e+00 0.000000e+00 0.000000e+00 0.000000e+00 9.999480e-01 5.196324e-05
 0.000000e+00 0.000000e+00 0.000000e+00 0.000000e+00 0.000000e+00 0.000000e+00
<ENDHMM>
~h "QuintoPRIMARIA"
<BEGINHMM>
<NUMSTATES> 6
<STATE> 2
<NUMMIXES> 3
<MIXTURE> 1 3.427293e-01
<MEAN> 6
 3.308653e+01 2.999935e+01 1.135399e+02 3.834619e+01 6.022331e+00 2.153928e+02
<VARIANCE> 6
 2.785123e+03 2.415959e+05 3.152168e+05 1.528657e+04 2.269609e+05 5.158639e+07
<GCONST> 8.374138e+01
<MIXTURE> 2 3.118895e-01
<MEAN> 6
 1.376594e+01 -6.443043e+00 -1.155795e+02 -3.688792e+01 9.998841e+01 1.052844e+03
<VARIANCE> 6
 3.351143e+03 6.488559e+05 4.655815e+06 3.914225e+04 1.355515e+06 3.683678e+08
<GCONST> 9.230016e+01
<MIXTURE> 3 3.448191e-01
<MEAN> 6
 2.683412e+01 -1.182546e+02 -9.100016e+01 -2.820015e+00 -9.595984e+01 -1.187096e+03
<VARIANCE> 6
 2.924993e+03 2.334579e+05 2.962412e+05 1.759290e+04 2.523647e+05 5.158639e+07
<GCONST> 8.394064e+01
<STATE> 3
<NUMMIXES> 3
<MIXTURE> 1 5.024002e-01
<MEAN> 6
 7.860355e+01 -7.659316e+01 -2.643226e+01 -2.605574e+00 -2.050706e+00 1.639783e+01
<VARIANCE> 6
 1.182276e+02 1.080164e+05 5.562928e+04 2.998198e+02 4.022584e+04 5.158639e+07
<GCONST> 7.238059e+01
<MIXTURE> 2 2.423626e-01
<MEAN> 6
 7.573587e+01 -3.188681e+01 -9.994336e+01 -1.535578e+00 1.413109e+00 5.258118e+01
<VARIANCE> 6
 1.371435e+02 6.435036e+04 7.771135e+04 2.998198e+02 4.022584e+04 5.158639e+07
<GCONST> 7.234536e+01
<MIXTURE> 3 2.552359e-01
<MEAN> 6
 7.146731e+01 -1.176343e+02 -2.159225e+02 -1.584468e+00 -8.803051e+00 -6.013025e+01
<VARIANCE> 6
 1.469698e+02 6.544438e+04 7.939273e+04 2.998198e+02 4.022584e+04 5.158639e+07
<GCONST> 7.245282e+01
<STATE> 4
<NUMMIXES> 3
<MIXTURE> 1 4.267275e-01
<MEAN> 6
 7.277580e+01 7.954895e+02 3.699414e+02 -1.510003e+00 -3.579081e+00 2.958057e+01
<VARIANCE> 6
 1.473812e+02 2.096437e+06 1.880214e+06 2.998198e+02 4.022584e+04 5.158639e+07
<GCONST> 7.908714e+01
<MIXTURE> 2 2.801473e-01
<MEAN> 6
 8.664108e+01 4.460990e+02 3.402726e+02 -2.297402e+00 6.585732e+00 1.345487e+02
<VARIANCE> 6
 1.962661e+02 3.628247e+05 2.943610e+06 2.998198e+02 4.022584e+04 5.158639e+07
<GCONST> 7.806777e+01
<MIXTURE> 3 2.931144e-01
<MEAN> 6
 8.207245e+01 2.834555e+02 -6.830035e+01 -2.850232e+00 -8.712025e+00 -3.099023e+01
<VARIANCE> 6
 1.821207e+02 4.531357e+05 2.569051e+06 2.998198e+02 4.022584e+04 5.158639e+07
<GCONST> 7.807914e+01
<STATE> 5
<NUMMIXES> 3
<MIXTURE> 1 4.755673e-01
<MEAN> 6
 3.809998e+01 1.160412e+02 1.586320e+02 2.539310e+01 6.960577e+01 1.239943e+03
<VARIANCE> 6
 3.580101e+03 9.554558e+05 4.779748e+05 2.962058e+04 8.054059e+05 2.164503e+08
<GCONST> 8.914586e+01
<MIXTURE> 2 5.255425e-02
<MEAN> 6
 3.029179e+00 1.606220e+02 7.676800e+01 -3.767335e+01 -4.687062e+01 4.826522e+03
<VARIANCE> 6
 9.886534e+03 3.186296e+05 5.754928e+05 1.245169e+06 6.694055e+08 9.820969e+11
<GCONST> 1.081306e+02
<MIXTURE> 3 4.718511e-01
<MEAN> 6
 2.612024e+01 -1.508062e+02 -3.422718e+01 -1.993110e+01 -6.265724e+01 -1.740754e+03
<VARIANCE> 6
 3.928111e+03 9.245842e+05 3.818772e+05 3.325064e+04 8.893806e+05 2.231049e+08
<GCONST> 8.922639e+01
<TRANSP> 6
 0.000000e+00 1.000000e+00 0.000000e+00 0.000000e+00 0.000000e+00 0.000000e+00
 0.000000e+00 9.999452e-01 5.482187e-05 0.000000e+00 0.000000e+00 0.000000e+00
 0.000000e+00 0.000000e+00 9.995578e-01 4.421688e-04 0.000000e+00 0.000000e+00
 0.000000e+00 0.000000e+00 0.000000e+00 9.993253e-01 6.747388e-04 0.000000e+00
 0.000000e+00 0.000000e+00 0.000000e+00 0.000000e+00 9.998353e-01 1.646736e-04
 0.000000e+00 0.000000e+00 0.000000e+00 0.000000e+00 0.000000e+00 0.000000e+00
<ENDHMM>
