~o
<STREAMINFO> 1 6
<VECSIZE> 6<NULLD><USER><DIAGC>
~h "SegundoPRIMARIA"
<BEGINHMM>
<NUMSTATES> 5
<STATE> 2
<NUMMIXES> 7
<MIXTURE> 1 1.549471e-01
<MEAN> 6
 2.355143e+00 1.089425e+01 1.733005e+01 6.596892e+01 2.734213e+02 -1.893908e+03
<VARIANCE> 6
 5.564282e+02 1.002118e+05 4.716573e+04 6.367689e+04 2.791486e+05 1.167470e+08
<GCONST> 8.180186e+01
<MIXTURE> 2 1.284696e-01
<MEAN> 6
 3.293663e+01 -5.202415e+01 7.654095e+01 -9.218205e+01 5.212337e+01 4.634582e+03
<VARIANCE> 6
 4.035088e+03 4.384628e+05 4.385506e+05 6.955825e+04 4.451368e+06 2.017612e+09
<GCONST> 9.319613e+01
<MIXTURE> 3 1.109228e-01
<MEAN> 6
 8.291403e+01 2.148353e+02 8.264078e+01 -2.036725e+00 -2.493811e+01 -2.170057e+02
<VARIANCE> 6
 2.564561e+02 3.768982e+05 1.312437e+05 2.960075e+02 3.885517e+04 4.971534e+07
<GCONST> 7.517857e+01
<MIXTURE> 4 1.426284e-01
<MEAN> 6
 7.142579e+01 1.618964e+01 4.136914e+01 4.723503e+01 -4.739681e+02 -1.010192e+03
<VARIANCE> 6
 5.635629e+02 1.306744e+05 1.164579e+05 3.251288e+04 1.785192e+05 5.079008e+07
<GCONST> 8.103234e+01
<MIXTURE> 5 2.041999e-01
<MEAN> 6
 -4.910212e+01 -8.179507e+00 -6.018901e+00 2.101643e+01 7.667133e+02 -4.770377e+02
<VARIANCE> 6
 2.048717e+02 1.191544e+05 8.185858e+04 1.355237e+04 3.965842e+05 1.031726e+08
<GCONST> 8.020744e+01
<MIXTURE> 6 1.344183e-01
<MEAN> 6
 7.636754e+01 -2.641748e+01 3.233455e+01 -6.320345e+01 -9.961255e+02 -1.632667e+02
<VARIANCE> 6
 6.520936e+02 8.919479e+04 5.949938e+04 4.021949e+04 5.167339e+05 2.647222e+08
<GCONST> 8.305133e+01
<MIXTURE> 7 1.236359e-01
<MEAN> 6
 7.132517e+01 -1.043353e+02 -2.460619e+02 -1.570829e-01 -9.887711e+00 -1.747445e+02
<VARIANCE> 6
 1.509825e+02 1.464063e+05 1.110248e+05 2.960075e+02 3.885517e+04 4.971534e+07
<GCONST> 7.353588e+01
<STATE> 3
<NUMMIXES> 7
<MIXTURE> 1 1.434804e-01
<MEAN> 6
 9.918489e+01 5.387610e+02 4.261366e+02 -4.258669e+00 -5.181167e+00 6.776647e+01
<VARIANCE> 6
 4.157767e+02 2.322113e+06 1.722222e+05 2.960075e+02 3.885517e+04 4.971534e+07
<GCONST> 7.775175e+01
<MIXTURE> 2 1.460570e-01
<MEAN> 6
 7.542332e+01 2.530768e+02 -3.518418e+02 3.426957e-02 -2.651226e+00 -7.599300e+01
<VARIANCE> 6
 3.151624e+01 1.231300e+06 2.552824e+06 2.960075e+02 3.885517e+04 4.971534e+07
<GCONST> 7.723386e+01
<MIXTURE> 3 1.828453e-01
<MEAN> 6
 1.014205e+02 -2.126071e+02 1.519264e+02 -3.738527e+00 -6.840340e+00 7.353783e+01
<VARIANCE> 6
 8.514423e+01 1.665268e+05 5.803273e+04 2.960075e+02 3.885517e+04 4.971534e+07
<GCONST> 7.244308e+01
<MIXTURE> 4 1.192203e-01
<MEAN> 6
 8.130239e+01 1.034963e+02 -3.998991e+02 -1.075431e+00 3.730276e+00 -2.259829e+01
<VARIANCE> 6
 1.700496e+02 2.084629e+04 2.454281e+04 2.960075e+02 3.885517e+04 4.971534e+07
<GCONST> 7.019626e+01
<MIXTURE> 5 1.686384e-01
<MEAN> 6
 9.559287e+01 -6.857719e+01 -1.758831e+02 -3.708063e+00 9.711485e-02 9.251995e+00
<VARIANCE> 6
 1.045163e+02 3.707053e+06 3.854513e+04 2.960075e+02 3.885517e+04 4.971534e+07
<GCONST> 7.534174e+01
<MIXTURE> 6 7.294157e-02
<MEAN> 6
 6.872933e+01 -2.472004e+03 7.764737e+02 -1.182191e+00 3.719676e-02 -5.500280e+01
<VARIANCE> 6
 6.521855e+01 2.171357e+07 8.151223e+05 2.960075e+02 3.885517e+04 4.971534e+07
<GCONST> 7.968935e+01
<MIXTURE> 7 1.666993e-01
<MEAN> 6
 6.935461e+01 -1.802613e+02 5.551477e+02 3.979116e-02 9.659893e-01 -8.181648e+01
<VARIANCE> 6
 9.501417e+01 4.179572e+05 2.853504e+06 2.960075e+02 3.885517e+04 4.971534e+07
<GCONST> 7.736829e+01
<STATE> 4
<NUMMIXES> 7
<MIXTURE> 1 1.030962e-02
<MEAN> 6
 -5.841402e+00 -4.142530e+02 7.787279e+00 -5.562037e+00 1.807473e+02 5.520054e+03
<VARIANCE> 6
 8.679891e+03 7.307258e+05 1.278459e+06 1.481184e+06 8.028006e+08 1.163012e+12
<GCONST> 1.101530e+02
<MIXTURE> 2 2.097439e-01
<MEAN> 6
 -3.061324e+01 1.171022e+02 4.399320e+01 6.033844e+01 4.453146e+02 -6.869543e+02
<VARIANCE> 6
 1.135244e+03 5.244414e+05 3.072079e+05 2.087264e+04 1.795797e+05 5.007305e+07
<GCONST> 8.364080e+01
<MIXTURE> 3 7.482514e-02
<MEAN> 6
 6.087119e+01 3.756798e+02 -1.845718e+02 -2.867019e+01 -6.247595e+02 1.806597e+03
<VARIANCE> 6
 4.647999e+03 1.402124e+07 9.462406e+05 4.998208e+04 3.036661e+06 2.039827e+09
<GCONST> 9.686961e+01
<MIXTURE> 4 1.467532e-01
<MEAN> 6
 8.407762e+01 9.931926e+01 2.004785e+01 -2.082845e+00 -2.781228e+01 -2.376866e+02
<VARIANCE> 6
 1.721119e+03 4.830157e+05 1.460689e+06 2.960075e+02 3.885517e+04 4.971534e+07
<GCONST> 7.974002e+01
<MIXTURE> 5 1.830672e-01
<MEAN> 6
 -5.314327e+00 -3.028255e+01 -7.491394e+01 -4.934660e+01 5.140654e+02 8.366652e+02
<VARIANCE> 6
 3.002179e+03 3.958547e+05 1.994304e+06 6.121707e+04 1.464068e+06 5.007191e+08
<GCONST> 9.167943e+01
<MIXTURE> 6 2.374966e-01
<MEAN> 6
 7.409772e+01 -1.035655e+01 1.797396e+01 1.123247e+00 -5.909036e+02 -6.921616e+02
<VARIANCE> 6
 7.960492e+02 5.299414e+05 7.155535e+05 3.350713e+04 2.682073e+05 7.134062e+07
<GCONST> 8.537027e+01
<MIXTURE> 7 1.372624e-01
<MEAN> 6
 2.909582e+01 -1.292958e+02 -1.743197e+02 -4.316902e+00 1.657288e+01 5.920630e+01
<VARIANCE> 6
 6.089059e+03 1.131080e+06 9.085133e+05 2.960075e+02 3.885517e+04 4.971534e+07
<GCONST> 8.137956e+01
<TRANSP> 5
 0.000000e+00 1.000000e+00 0.000000e+00 0.000000e+00 0.000000e+00
 0.000000e+00 9.999336e-01 6.640783e-05 0.000000e+00 0.000000e+00
 0.000000e+00 0.000000e+00 9.996486e-01 3.513322e-04 0.000000e+00
 0.000000e+00 0.000000e+00 0.000000e+00 9.998894e-01 1.106049e-04
 0.000000e+00 0.000000e+00 0.000000e+00 0.000000e+00 0.000000e+00
<ENDHMM>
~h "SegundoESO"
<BEGINHMM>
<NUMSTATES> 5
<STATE> 2
<NUMMIXES> 7
<MIXTURE> 1 1.668662e-01
<MEAN> 6
 8.672224e+01 -1.431149e+03 1.024123e+03 -4.952637e+00 -2.693712e+01 -1.271535e+02
<VARIANCE> 6
 1.676746e+02 2.031174e+07 1.666426e+07 2.960075e+02 3.885517e+04 4.971534e+07
<GCONST> 8.358458e+01
<MIXTURE> 2 5.946484e-02
<MEAN> 6
 3.694838e+01 1.697816e+03 3.971235e+02 -5.982852e+01 -4.019303e+02 3.236747e+03
<VARIANCE> 6
 2.628714e+03 2.576335e+07 1.299803e+07 5.215812e+04 1.634546e+06 5.427626e+08
<GCONST> 9.762737e+01
<MIXTURE> 3 1.397169e-01
<MEAN> 6
 6.269943e+01 5.078987e+02 -9.003625e+01 7.352376e+01 -3.873467e+02 -6.015157e+02
<VARIANCE> 6
 7.139418e+02 3.775699e+06 7.209720e+06 2.203687e+04 1.082257e+05 4.971534e+07
<GCONST> 8.784737e+01
<MIXTURE> 4 1.389515e-01
<MEAN> 6
 -4.301001e+01 4.187550e+02 1.210510e+03 -1.944786e+00 8.641514e+02 -6.340325e+02
<VARIANCE> 6
 5.598489e+02 1.599201e+06 5.574438e+06 3.942810e+04 3.769565e+05 1.344611e+08
<GCONST> 8.931255e+01
<MIXTURE> 5 2.048161e-01
<MEAN> 6
 7.611209e+01 3.384451e+02 -1.903860e+03 -7.513092e-01 -1.726651e+01 -1.053560e+02
<VARIANCE> 6
 5.900764e+01 9.575249e+05 1.108775e+07 2.960075e+02 3.885517e+04 4.971534e+07
<GCONST> 7.907819e+01
<MIXTURE> 6 1.454592e-01
<MEAN> 6
 -4.136105e+01 1.099497e+02 2.218842e+00 2.167734e+01 2.625586e+02 -1.135165e+02
<VARIANCE> 6
 5.541392e+02 4.957337e+06 2.293877e+06 1.333271e+04 7.554749e+04 4.971534e+07
<GCONST> 8.585913e+01
<MIXTURE> 7 1.444824e-01
<MEAN> 6
 5.529361e+01 -6.655595e+02 1.793718e+02 -5.235905e+01 -5.058636e+02 1.754872e+02
<VARIANCE> 6
 9.249389e+02 5.889968e+06 3.573684e+06 3.706157e+04 2.639327e+05 5.022293e+07
<GCONST> 8.927062e+01
<STATE> 3
<NUMMIXES> 7
<MIXTURE> 1 8.692627e-02
<MEAN> 6
 8.026492e+01 -7.553029e+02 2.779005e+02 -1.103363e+00 -2.986919e+00 -7.335910e+01
<VARIANCE> 6
 6.190815e+01 5.603627e+05 5.249483e+04 2.960075e+02 3.885517e+04 4.971534e+07
<GCONST> 7.323753e+01
<MIXTURE> 2 1.556346e-01
<MEAN> 6
 7.363914e+01 3.502337e+02 5.174539e+01 -6.117751e-01 -5.021738e+00 -7.411563e+01
<VARIANCE> 6
 3.151624e+01 2.662202e+05 3.434800e+05 2.960075e+02 3.885517e+04 4.971534e+07
<GCONST> 7.369653e+01
<MIXTURE> 3 2.608024e-01
<MEAN> 6
 6.357133e+01 2.493431e+02 7.292451e+00 1.183215e-02 -1.956693e+00 -1.164380e+02
<VARIANCE> 6
 3.151624e+01 2.395717e+05 2.655643e+04 2.960075e+02 3.885517e+04 4.971534e+07
<GCONST> 7.103120e+01
<MIXTURE> 4 9.472007e-02
<MEAN> 6
 5.940798e+01 4.756786e+02 -2.609524e+02 3.152881e-01 -1.738865e+00 -1.293986e+02
<VARIANCE> 6
 3.151624e+01 3.286823e+06 1.643696e+04 2.960075e+02 3.885517e+04 4.971534e+07
<GCONST> 7.317029e+01
<MIXTURE> 5 1.356209e-01
<MEAN> 6
 6.513189e+01 1.405227e+02 -1.030274e+03 -6.365939e-01 -3.856268e+00 -1.095043e+02
<VARIANCE> 6
 3.611543e+01 2.090123e+05 6.129566e+05 2.960075e+02 3.885517e+04 4.971534e+07
<GCONST> 7.416998e+01
<MIXTURE> 6 1.022290e-01
<MEAN> 6
 8.100947e+01 -8.202563e+02 9.953339e+01 -8.263520e-01 -4.105594e+00 -1.107308e+02
<VARIANCE> 6
 3.442843e+01 2.437845e+05 4.654672e+04 2.960075e+02 3.885517e+04 4.971534e+07
<GCONST> 7.169820e+01
<MIXTURE> 7 1.638662e-01
<MEAN> 6
 7.267799e+01 2.669830e+02 -1.112184e+02 -5.303568e-01 -5.307662e+00 -8.832655e+01
<VARIANCE> 6
 3.151624e+01 2.546854e+05 2.743504e+05 2.960075e+02 3.885517e+04 4.971534e+07
<GCONST> 7.342752e+01
<STATE> 4
<NUMMIXES> 7
<MIXTURE> 1 1.910064e-01
<MEAN> 6
 -4.820794e+01 1.168661e+02 8.834136e+00 1.708091e+01 8.362813e+02 -6.065089e+02
<VARIANCE> 6
 2.134537e+02 3.819824e+05 3.800590e+05 1.669513e+04 3.153321e+05 1.106794e+08
<GCONST> 8.299830e+01
<MIXTURE> 2 1.068303e-01
<MEAN> 6
 2.733142e+01 -1.856588e+02 3.294076e+01 -8.733315e+01 -2.050716e+02 3.567178e+03
<VARIANCE> 6
 2.595549e+03 3.074503e+06 1.958231e+06 4.410319e+04 1.615329e+06 5.809169e+08
<GCONST> 9.348448e+01
<MIXTURE> 3 1.647962e-01
<MEAN> 6
 8.008022e+01 -2.433351e+00 1.045468e+02 -4.812041e+00 -3.599654e+01 -2.840024e+01
<VARIANCE> 6
 1.604071e+02 8.898551e+05 6.623147e+05 2.960075e+02 3.885517e+04 4.971534e+07
<GCONST> 7.718709e+01
<MIXTURE> 4 1.707874e-01
<MEAN> 6
 4.749868e+01 6.390429e+01 -4.354347e+01 6.940247e+01 -3.193760e+02 -7.640750e+02
<VARIANCE> 6
 4.439573e+02 4.979737e+05 3.827855e+05 2.510145e+04 6.822400e+04 4.971534e+07
<GCONST> 8.207958e+01
<MIXTURE> 5 1.110170e-01
<MEAN> 6
 -7.021863e+00 1.595419e+02 1.222164e+02 -9.375113e+00 1.676277e+02 7.032465e+01
<VARIANCE> 6
 4.588746e+02 2.893840e+05 1.640997e+05 3.723026e+04 1.020175e+05 7.329789e+07
<GCONST> 8.190759e+01
<MIXTURE> 6 1.478129e-01
<MEAN> 6
 6.820672e+01 -1.965947e+02 6.984715e+01 -3.990137e+01 -7.506393e+02 1.488999e+02
<VARIANCE> 6
 2.971063e+02 7.197968e+05 1.433481e+05 2.043843e+04 2.072875e+05 8.604474e+07
<GCONST> 8.251852e+01
<MIXTURE> 7 1.064284e-01
<MEAN> 6
 -1.115567e+01 -1.062603e+02 -5.558507e+01 2.013864e+01 1.513858e+02 -1.282830e+03
<VARIANCE> 6
 6.002137e+02 3.194884e+05 1.253042e+05 3.049291e+04 8.768570e+04 5.371718e+07
<GCONST> 8.134354e+01
<TRANSP> 5
 0.000000e+00 1.000000e+00 0.000000e+00 0.000000e+00 0.000000e+00
 0.000000e+00 9.998288e-01 1.712095e-04 0.000000e+00 0.000000e+00
 0.000000e+00 0.000000e+00 9.997290e-01 2.710414e-04 0.000000e+00
 0.000000e+00 0.000000e+00 0.000000e+00 9.999441e-01 5.593108e-05
 0.000000e+00 0.000000e+00 0.000000e+00 0.000000e+00 0.000000e+00
<ENDHMM>
~h "QuintoPRIMARIA"
<BEGINHMM>
<NUMSTATES> 5
<STATE> 2
<NUMMIXES> 7
<MIXTURE> 1 1.553244e-01
<MEAN> 6
 9.598447e+01 8.575049e+02 -5.014216e+02 -1.941656e+00 -1.579993e+00 -7.107990e+01
<VARIANCE> 6
 2.450032e+02 2.272901e+06 3.005895e+04 2.960075e+02 3.885517e+04 4.971534e+07
<GCONST> 7.545583e+01
<MIXTURE> 2 9.690191e-02
<MEAN> 6
 6.163016e+01 -3.402886e+03 -5.298594e+03 7.562513e-01 -4.115372e+00 -4.875407e+01
<VARIANCE> 6
 3.151624e+01 1.760615e+07 8.159713e+06 2.960075e+02 3.885517e+04 4.971534e+07
<GCONST> 8.105605e+01
<MIXTURE> 3 1.613176e-01
<MEAN> 6
 7.569804e+01 3.452688e+01 9.734154e+02 2.437601e-01 -3.452007e+00 -8.843842e+01
<VARIANCE> 6
 3.151624e+01 9.399989e+05 6.514768e+05 2.960075e+02 3.885517e+04 4.971534e+07
<GCONST> 7.559821e+01
<MIXTURE> 4 1.707421e-01
<MEAN> 6
 6.334599e+01 9.058515e+01 -2.553563e+03 4.061749e-01 -6.223761e+00 -1.420944e+02
<VARIANCE> 6
 3.151624e+01 3.348827e+05 2.001654e+06 2.960075e+02 3.885517e+04 4.971534e+07
<GCONST> 7.568859e+01
<MIXTURE> 5 8.183856e-02
<MEAN> 6
 7.379512e+01 2.929480e+02 7.355992e+02 -3.293264e-01 -1.976442e+00 -1.991870e+01
<VARIANCE> 6
 2.735060e+02 5.830037e+05 2.067624e+06 2.960075e+02 3.885517e+04 4.971534e+07
<GCONST> 7.843625e+01
<MIXTURE> 6 2.466242e-01
<MEAN> 6
 7.271970e+01 5.499780e+02 -8.073429e+02 -4.666624e-01 -2.759511e+00 -8.725335e+01
<VARIANCE> 6
 9.668467e+01 6.725226e+05 1.878519e+05 2.960075e+02 3.885517e+04 4.971534e+07
<GCONST> 7.514072e+01
<MIXTURE> 7 8.715474e-02
<MEAN> 6
 6.943847e+01 -2.220447e+02 2.432120e+02 1.328643e-01 -2.339396e+00 -6.802347e+01
<VARIANCE> 6
 1.975168e+02 5.849676e+05 1.957935e+06 2.960075e+02 3.885517e+04 4.971534e+07
<GCONST> 7.805960e+01
<STATE> 3
<NUMMIXES> 7
<MIXTURE> 1 1.600035e-01
<MEAN> 6
 8.276200e+01 -4.113504e+01 -1.471198e+02 -1.088032e-01 -6.211600e+00 -5.107447e+01
<VARIANCE> 6
 3.151624e+01 1.873942e+04 2.008516e+04 2.960075e+02 3.885517e+04 4.971534e+07
<GCONST> 6.820369e+01
<MIXTURE> 2 9.379870e-02
<MEAN> 6
 7.887686e+01 4.924380e+00 1.931755e+02 -2.892160e-01 -6.801425e+00 -1.170570e+02
<VARIANCE> 6
 3.151624e+01 8.158871e+04 4.150299e+04 2.960075e+02 3.885517e+04 4.971534e+07
<GCONST> 7.040054e+01
<MIXTURE> 3 2.001626e-01
<MEAN> 6
 5.794102e+01 1.855218e+01 1.536902e+02 -1.028230e-01 -4.292970e+00 -1.955639e+02
<VARIANCE> 6
 3.151624e+01 1.544552e+04 3.837777e+04 2.960075e+02 3.885517e+04 4.971534e+07
<GCONST> 6.865788e+01
<MIXTURE> 4 1.288600e-01
<MEAN> 6
 6.513283e+01 -8.442939e+02 6.356905e+01 -1.230106e-01 -1.694928e+00 -1.202154e+02
<VARIANCE> 6
 1.161287e+02 7.707884e+04 1.510134e+04 2.960075e+02 3.885517e+04 4.971534e+07
<GCONST> 7.063689e+01
<MIXTURE> 5 1.927612e-01
<MEAN> 6
 6.836256e+01 1.474489e+02 -2.585056e+02 -2.838632e-01 -2.235318e+00 -1.594572e+02
<VARIANCE> 6
 6.438699e+01 8.348673e+04 1.986289e+04 2.960075e+02 3.885517e+04 4.971534e+07
<GCONST> 7.040103e+01
<MIXTURE> 6 1.340655e-01
<MEAN> 6
 5.884737e+01 -1.266759e+02 2.185701e+02 -3.218070e-01 -5.069569e+00 -1.232616e+02
<VARIANCE> 6
 3.151624e+01 1.464795e+04 1.664815e+05 2.960075e+02 3.885517e+04 4.971534e+07
<GCONST> 7.007227e+01
<MIXTURE> 7 9.018736e-02
<MEAN> 6
 7.822141e+01 -1.100150e+02 1.807044e+02 -2.225165e-01 -6.604250e+00 -1.450389e+02
<VARIANCE> 6
 3.151624e+01 9.425671e+04 5.001723e+04 2.960075e+02 3.885517e+04 4.971534e+07
<GCONST> 7.073148e+01
<STATE> 4
<NUMMIXES> 7
<MIXTURE> 1 9.493702e-03
<MEAN> 6
 3.703505e+00 -1.053945e+02 1.178785e+02 -2.194230e+01 -3.014482e+02 2.336986e+03
<VARIANCE> 6
 1.124385e+04 1.747231e+06 4.502238e+05 1.659018e+06 9.119425e+08 1.345723e+12
<GCONST> 1.106266e+02
<MIXTURE> 2 1.259105e-01
<MEAN> 6
 7.032154e+01 1.541702e+02 6.308963e+02 5.549113e+00 -3.851387e+02 1.102762e+02
<VARIANCE> 6
 6.265646e+02 2.838102e+06 3.658255e+06 1.916356e+04 1.727617e+05 4.971534e+07
<GCONST> 8.708092e+01
<MIXTURE> 3 1.923434e-01
<MEAN> 6
 8.159890e+01 6.063308e+01 4.340889e+01 -5.410941e+00 -2.965589e+01 -2.347163e+02
<VARIANCE> 6
 2.050204e+02 3.598213e+05 4.779309e+05 2.960075e+02 3.885517e+04 4.971534e+07
<GCONST> 7.620076e+01
<MIXTURE> 4 1.578770e-01
<MEAN> 6
 1.390459e+01 -2.929293e+01 -7.686094e+01 -7.286385e+01 5.144836e+01 2.476074e+03
<VARIANCE> 6
 3.708174e+03 1.320156e+06 1.045075e+06 5.042055e+04 2.508322e+06 9.552659e+08
<GCONST> 9.343919e+01
<MIXTURE> 5 1.759951e-01
<MEAN> 6
 7.807551e+00 2.053200e+01 4.542450e+01 3.172677e+01 6.198647e+01 -2.550507e+02
<VARIANCE> 6
 2.785197e+03 8.263540e+04 7.493479e+04 2.663363e+04 5.219587e+05 6.991192e+07
<GCONST> 8.292392e+01
<MIXTURE> 6 1.579692e-01
<MEAN> 6
 -2.114203e+01 -3.692073e+01 7.284155e+01 5.591737e+01 2.865486e+02 -1.182235e+03
<VARIANCE> 6
 2.112977e+03 9.589978e+05 2.942330e+06 2.621295e+04 3.734613e+05 4.971534e+07
<GCONST> 8.807787e+01
<MIXTURE> 7 1.786329e-01
<MEAN> 6
 1.352787e+01 -5.464039e+01 -5.283952e+01 -1.158782e+01 -3.622588e+01 -7.186583e+02
<VARIANCE> 6
 2.600222e+03 8.337692e+04 9.382377e+04 3.224439e+04 5.602080e+05 9.605627e+07
<GCONST> 8.366853e+01
<TRANSP> 5
 0.000000e+00 1.000000e+00 0.000000e+00 0.000000e+00 0.000000e+00
 0.000000e+00 9.995307e-01 4.692406e-04 0.000000e+00 0.000000e+00
 0.000000e+00 0.000000e+00 9.995443e-01 4.557749e-04 0.000000e+00
 0.000000e+00 0.000000e+00 0.000000e+00 9.999574e-01 4.264306e-05
 0.000000e+00 0.000000e+00 0.000000e+00 0.000000e+00 0.000000e+00
<ENDHMM>
