~o
<STREAMINFO> 1 6
<VECSIZE> 6<NULLD><USER><DIAGC>
~h "SegundoPRIMARIA"
<BEGINHMM>
<NUMSTATES> 4
<STATE> 2
<NUMMIXES> 2
<MIXTURE> 1 6.513608e-01
<MEAN> 6
 4.485521e+01 1.247963e+01 1.726322e+01 1.938812e+01 -1.603353e+01 -3.334226e+02
<VARIANCE> 6
 3.209404e+03 2.523907e+05 4.797378e+05 1.253052e+04 1.544497e+05 5.040913e+07
<GCONST> 8.374007e+01
<MIXTURE> 2 3.501976e-01
<MEAN> 6
 2.138783e+01 -4.059067e+01 3.562971e+01 -3.531289e+01 2.938105e+01 5.974323e+02
<VARIANCE> 6
 3.701915e+03 5.893869e+05 2.270046e+05 5.752726e+04 2.153629e+06 6.360607e+08
<GCONST> 9.067692e+01
<STATE> 3
<NUMMIXES> 2
<MIXTURE> 1 8.580808e-02
<MEAN> 6
 1.235007e+01 -1.567254e+02 -1.001022e+02 -3.094901e+00 -2.406711e+02 4.361613e+03
<VARIANCE> 6
 8.287681e+03 2.009940e+06 1.464798e+06 9.980562e+05 5.263309e+08 7.603015e+11
<GCONST> 1.100126e+02
<MIXTURE> 2 9.142537e-01
<MEAN> 6
 4.222086e+01 1.173363e+02 -3.849739e+02 2.091343e+00 2.306448e+01 -3.416799e+02
<VARIANCE> 6
 5.090219e+03 9.152454e+06 2.696984e+06 2.250231e+04 6.733439e+05 3.240687e+08
<GCONST> 9.343737e+01
<TRANSP> 4
 0.000000e+00 1.000000e+00 0.000000e+00 0.000000e+00
 0.000000e+00 9.999606e-01 3.938791e-05 0.000000e+00
 0.000000e+00 0.000000e+00 9.994008e-01 5.992225e-04
 0.000000e+00 0.000000e+00 0.000000e+00 0.000000e+00
<ENDHMM>
~h "SegundoESO"
<BEGINHMM>
<NUMSTATES> 4
<STATE> 2
<NUMMIXES> 2
<MIXTURE> 1 4.945094e-01
<MEAN> 6
 6.865076e+01 -2.055588e+02 -5.163010e+02 5.378190e+00 -4.985897e+01 -5.597713e+01
<VARIANCE> 6
 7.087352e+02 9.713787e+06 1.007552e+07 3.474208e+03 3.942685e+04 5.040913e+07
<GCONST> 8.627643e+01
<MIXTURE> 2 5.054879e-01
<MEAN> 6
 4.114131e+00 7.245834e+01 4.379476e+02 -6.090509e+00 4.661529e+01 5.089003e+01
<VARIANCE> 6
 2.883649e+03 2.630492e+06 3.326674e+06 3.568490e+04 8.245377e+05 1.669619e+08
<GCONST> 9.183257e+01
<STATE> 3
<NUMMIXES> 2
<MIXTURE> 1 6.275492e-01
<MEAN> 6
 4.149395e+01 3.623557e+01 -6.817675e+00 1.624180e+01 -6.360728e+01 -2.060749e+02
<VARIANCE> 6
 1.987678e+03 4.358174e+05 3.655745e+05 1.176971e+04 1.134624e+05 5.040913e+07
<GCONST> 8.316438e+01
<MIXTURE> 2 3.714399e-01
<MEAN> 6
 9.455016e+00 1.707682e+01 5.230291e+01 -2.603011e+01 1.085081e+02 3.507901e+02
<VARIANCE> 6
 2.676753e+03 8.171703e+05 1.945281e+05 3.186446e+04 9.275943e+05 2.084396e+08
<GCONST> 8.797632e+01
<TRANSP> 4
 0.000000e+00 1.000000e+00 0.000000e+00 0.000000e+00
 0.000000e+00 9.998817e-01 1.182805e-04 0.000000e+00
 0.000000e+00 0.000000e+00 9.999470e-01 5.301992e-05
 0.000000e+00 0.000000e+00 0.000000e+00 0.000000e+00
<ENDHMM>
~h "QuintoPRIMARIA"
<BEGINHMM>
<NUMSTATES> 4
<STATE> 2
<NUMMIXES> 2
<MIXTURE> 1 6.907174e-01
<MEAN> 6
 4.363065e+01 -1.943686e+00 -2.158503e+01 1.574913e+01 -4.577227e+01 -3.408058e+02
<VARIANCE> 6
 2.623899e+03 3.142155e+05 3.459034e+05 1.325639e+04 1.586989e+05 5.040913e+07
<GCONST> 8.351411e+01
<MIXTURE> 2 3.109402e-01
<MEAN> 6
 1.457368e+01 -8.510096e+00 -2.149205e+02 -3.435778e+01 1.025684e+02 7.571768e+02
<VARIANCE> 6
 3.430698e+03 9.920814e+05 4.009484e+06 4.474305e+04 1.568190e+06 4.322546e+08
<GCONST> 9.303816e+01
<STATE> 3
<NUMMIXES> 2
<MIXTURE> 1 9.254086e-01
<MEAN> 6
 4.444804e+01 2.740425e+01 5.921924e+02 4.544440e+00 1.096593e+00 -2.240191e+02
<VARIANCE> 6
 4.271909e+03 3.025180e+06 2.036791e+06 2.280654e+04 6.879404e+05 2.303764e+08
<GCONST> 9.156793e+01
<MIXTURE> 2 7.467413e-02
<MEAN> 6
 -1.328661e+00 2.802084e+01 1.158661e+02 -3.048589e+01 -5.407267e+01 2.859710e+03
<VARIANCE> 6
 1.045085e+04 5.650548e+05 4.309662e+05 1.431491e+06 7.707231e+08 1.132066e+12
<GCONST> 1.088923e+02
<TRANSP> 4
 0.000000e+00 1.000000e+00 0.000000e+00 0.000000e+00
 0.000000e+00 9.999591e-01 4.092399e-05 0.000000e+00
 0.000000e+00 0.000000e+00 9.997214e-01 2.786012e-04
 0.000000e+00 0.000000e+00 0.000000e+00 0.000000e+00
<ENDHMM>
