~o
<STREAMINFO> 1 6
<VECSIZE> 6<NULLD><USER><DIAGC>
~h "SegundoPRIMARIA"
<BEGINHMM>
<NUMSTATES> 3
<STATE> 2
<NUMMIXES> 4
<MIXTURE> 1 1.077728e-02
<MEAN> 6
 4.751492e+01 -2.230105e+01 1.209666e+01 -8.018358e+00 -9.531250e+02 6.533092e+03
<VARIANCE> 6
 7.427781e+03 1.136913e+06 1.015071e+06 5.198318e+05 2.528450e+08 3.599459e+11
<GCONST> 1.068333e+02
<MIXTURE> 2 3.319837e-01
<MEAN> 6
 4.241320e+01 1.029203e+02 3.975812e+01 3.845003e+01 3.682930e+01 -3.184573e+02
<VARIANCE> 6
 3.280874e+03 3.168548e+05 3.249185e+05 1.455413e+04 1.386109e+05 4.618747e+07
<GCONST> 8.355392e+01
<MIXTURE> 3 3.214799e-01
<MEAN> 6
 2.898579e+01 -5.907584e+01 1.749684e+01 -4.219088e+01 3.724500e+01 6.552666e+02
<VARIANCE> 6
 4.088479e+03 2.358560e+06 1.020542e+06 5.119025e+04 1.961109e+06 5.474680e+08
<GCONST> 9.330574e+01
<MIXTURE> 4 3.340802e-01
<MEAN> 6
 4.148584e+01 -4.465404e+01 -5.680305e+01 3.721729e+00 -4.174557e+01 -5.295417e+02
<VARIANCE> 6
 3.436209e+03 1.675457e+05 3.138829e+05 1.733345e+04 2.876367e+05 4.618747e+07
<GCONST> 8.383324e+01
<TRANSP> 3
 0.000000e+00 1.000000e+00 0.000000e+00
 0.000000e+00 9.999629e-01 3.709270e-05
 0.000000e+00 0.000000e+00 0.000000e+00
<ENDHMM>
~h "SegundoESO"
<BEGINHMM>
<NUMSTATES> 3
<STATE> 2
<NUMMIXES> 4
<MIXTURE> 1 3.087064e-01
<MEAN> 6
 7.387868e+01 -5.884641e+01 -2.209989e+02 -2.031073e+00 -2.889529e+01 -5.253378e+01
<VARIANCE> 6
 1.443239e+02 2.623740e+06 2.100628e+06 2.899510e+02 3.641977e+04 4.618747e+07
<GCONST> 7.915797e+01
<MIXTURE> 2 2.307218e-01
<MEAN> 6
 1.423446e+01 -1.690966e-01 2.303588e+02 -3.057536e+01 1.540240e+01 9.990018e+02
<VARIANCE> 6
 3.039709e+03 4.356054e+06 4.025444e+06 3.593388e+04 1.073126e+06 2.632671e+08
<GCONST> 9.330621e+01
<MIXTURE> 3 2.313405e-01
<MEAN> 6
 1.094413e-01 1.442830e+02 9.590142e+01 3.932378e+01 1.494369e+02 -4.219495e+02
<VARIANCE> 6
 2.162663e+03 3.272248e+05 1.791702e+05 2.003939e+04 3.169724e+05 4.618747e+07
<GCONST> 8.372110e+01
<MIXTURE> 4 2.274961e-01
<MEAN> 6
 2.218243e+01 -6.707623e+01 -3.237658e+01 -4.985934e+00 -1.288561e+02 -5.160690e+02
<VARIANCE> 6
 2.080764e+03 3.498289e+05 1.423406e+05 2.573062e+04 3.370314e+05 5.125716e+07
<GCONST> 8.393466e+01
<TRANSP> 3
 0.000000e+00 1.000000e+00 0.000000e+00
 0.000000e+00 9.999633e-01 3.671458e-05
 0.000000e+00 0.000000e+00 0.000000e+00
<ENDHMM>
~h "QuintoPRIMARIA"
<BEGINHMM>
<NUMSTATES> 3
<STATE> 2
<NUMMIXES> 4
<MIXTURE> 1 3.287067e-01
<MEAN> 6
 7.743795e+01 7.223918e+01 9.693635e+01 -2.371944e+00 -2.456868e+01 -1.269248e+02
<VARIANCE> 6
 2.245860e+02 8.741704e+05 1.133119e+06 2.899510e+02 3.641977e+04 4.618747e+07
<GCONST> 7.788383e+01
<MIXTURE> 2 3.471662e-02
<MEAN> 6
 1.800578e+01 -2.737264e+02 -6.516160e+02 -8.468571e+01 -6.269193e+01 5.478120e+03
<VARIANCE> 6
 5.713659e+03 9.047427e+06 8.220116e+06 4.092018e+05 2.018197e+08 2.944820e+11
<GCONST> 1.100713e+02
<MIXTURE> 3 5.063926e-01
<MEAN> 6
 5.009056e+00 -4.313201e+01 2.098953e+01 4.135080e+00 5.703487e+01 -2.605448e+02
<VARIANCE> 6
 3.048010e+03 4.221646e+05 5.405374e+05 3.778432e+04 9.140840e+05 1.946028e+08
<GCONST> 8.855478e+01
<MIXTURE> 4 1.294736e-01
<MEAN> 6
 4.026113e+01 5.897990e+01 -1.538918e+02 1.453516e+01 -1.440510e+02 -1.131992e+02
<VARIANCE> 6
 2.646473e+03 1.322873e+06 6.425534e+06 1.438173e+04 1.248117e+05 4.618747e+07
<GCONST> 8.763585e+01
<TRANSP> 3
 0.000000e+00 1.000000e+00 0.000000e+00
 0.000000e+00 9.999639e-01 3.603998e-05
 0.000000e+00 0.000000e+00 0.000000e+00
<ENDHMM>
