~o
<STREAMINFO> 1 6
<VECSIZE> 6<NULLD><USER><DIAGC>
~h "SegundoPRIMARIA"
<BEGINHMM>
<NUMSTATES> 5
<STATE> 2
<NUMMIXES> 5
<MIXTURE> 1 1.579170e-01
<MEAN> 6
 8.499014e+01 1.735634e+02 2.345164e+02 3.414357e-01 -1.396379e+01 7.717377e+01
<VARIANCE> 6
 3.764826e+02 4.325606e+05 1.649045e+06 2.876443e+02 3.343562e+04 4.108754e+07
<GCONST> 7.786163e+01
<MIXTURE> 2 1.737526e-01
<MEAN> 6
 2.807548e+01 -2.862385e+01 9.871169e+01 -9.172166e+01 -1.026918e+01 3.088405e+03
<VARIANCE> 6
 3.927204e+03 3.470516e+05 6.154776e+05 6.232473e+04 2.743158e+06 9.134305e+08
<GCONST> 9.188779e+01
<MIXTURE> 3 2.811240e-01
<MEAN> 6
 -2.146089e+01 -1.462169e+01 -1.001125e+02 4.742230e+01 3.192830e+02 -2.696257e+02
<VARIANCE> 6
 2.515245e+03 1.315778e+05 5.186608e+05 2.051554e+04 2.712882e+05 4.129501e+07
<GCONST> 8.377988e+01
<MIXTURE> 4 2.285785e-01
<MEAN> 6
 4.334727e+01 -9.173030e+01 -1.187314e+01 1.532802e+01 -3.384914e+02 -1.762552e+03
<VARIANCE> 6
 3.121426e+03 5.580978e+05 1.686582e+06 4.728515e+04 8.832367e+05 1.523078e+08
<GCONST> 8.994052e+01
<MIXTURE> 5 1.579412e-01
<MEAN> 6
 8.005537e+01 8.563374e+00 -1.166123e+02 -2.326329e+00 -5.205791e+01 -4.806524e+02
<VARIANCE> 6
 3.033135e+02 4.016925e+05 1.551624e+06 2.876443e+02 3.343562e+04 4.108754e+07
<GCONST> 7.751060e+01
<STATE> 3
<NUMMIXES> 5
<MIXTURE> 1 1.600017e-01
<MEAN> 6
 8.173449e+01 3.231818e+02 1.915766e+02 -1.112217e+00 7.975935e+00 7.599390e+01
<VARIANCE> 6
 1.561937e+02 2.355678e+05 3.818738e+04 2.876443e+02 3.343562e+04 4.108754e+07
<GCONST> 7.260869e+01
<MIXTURE> 2 2.445577e-01
<MEAN> 6
 8.837498e+01 3.322728e+02 9.900381e+01 -3.056970e+00 -4.813168e+00 -3.883084e+01
<VARIANCE> 6
 3.819449e+02 5.578254e+06 2.916101e+05 2.876443e+02 3.343562e+04 4.108754e+07
<GCONST> 7.870041e+01
<MIXTURE> 3 2.285980e-01
<MEAN> 6
 7.274733e+01 -2.785597e+01 -1.377597e+02 3.993509e-01 2.946535e-01 -9.261025e+01
<VARIANCE> 6
 1.891734e+02 5.863535e+04 5.760838e+04 2.876443e+02 3.343562e+04 4.108754e+07
<GCONST> 7.182076e+01
<MIXTURE> 4 2.099465e-01
<MEAN> 6
 6.841776e+01 -3.834770e+02 -4.033126e+02 -2.699966e-01 -1.289757e+00 -8.493449e+01
<VARIANCE> 6
 1.170230e+02 1.984373e+05 5.812790e+04 2.876443e+02 3.343562e+04 4.108754e+07
<GCONST> 7.256858e+01
<MIXTURE> 5 1.568468e-01
<MEAN> 6
 7.645119e+01 1.337707e+02 1.017717e+02 -1.395049e+00 -1.234043e+01 -1.474417e+02
<VARIANCE> 6
 1.569676e+02 1.899359e+05 4.496532e+04 2.876443e+02 3.343562e+04 4.108754e+07
<GCONST> 7.256171e+01
<STATE> 4
<NUMMIXES> 5
<MIXTURE> 1 1.186442e-02
<MEAN> 6
 6.193666e+01 -2.019994e+01 -7.272966e+01 3.279134e+01 -1.430443e+03 3.482111e+03
<VARIANCE> 6
 6.435274e+03 9.260848e+05 5.225780e+05 3.587889e+05 1.609881e+08 1.991259e+11
<GCONST> 1.044066e+02
<MIXTURE> 2 2.960307e-01
<MEAN> 6
 -1.399704e+01 1.096386e+02 3.603610e+01 7.531329e+01 3.911136e+02 -9.457108e+02
<VARIANCE> 6
 2.105735e+03 1.649961e+05 4.521684e+04 2.150516e+04 2.630881e+05 4.665208e+07
<GCONST> 8.152710e+01
<MIXTURE> 3 1.798814e-01
<MEAN> 6
 3.456680e+01 4.842060e+01 6.950085e+01 -3.326128e+01 7.891656e+01 4.106073e+03
<VARIANCE> 6
 3.804518e+03 5.410116e+05 1.401253e+05 5.498970e+04 2.083465e+06 6.573826e+08
<GCONST> 9.009091e+01
<MIXTURE> 4 3.302450e-01
<MEAN> 6
 7.507776e+01 -5.502003e+01 -1.844954e+01 3.215060e-01 -2.842248e+02 -5.069115e+02
<VARIANCE> 6
 1.308271e+03 3.023662e+05 7.219652e+04 1.755505e+04 1.951370e+05 4.108754e+07
<GCONST> 8.149603e+01
<MIXTURE> 5 1.816665e-01
<MEAN> 6
 2.460208e+01 -1.992282e+02 -5.518377e+01 -8.944075e+01 -1.040965e+02 -1.750555e+03
<VARIANCE> 6
 3.846087e+03 6.289806e+05 1.465720e+05 4.998807e+04 2.125220e+06 6.003299e+08
<GCONST> 9.013111e+01
<TRANSP> 5
 0.000000e+00 1.000000e+00 0.000000e+00 0.000000e+00 0.000000e+00
 0.000000e+00 9.999001e-01 9.988009e-05 0.000000e+00 0.000000e+00
 0.000000e+00 0.000000e+00 9.996633e-01 3.367069e-04 0.000000e+00
 0.000000e+00 0.000000e+00 0.000000e+00 9.999278e-01 7.216549e-05
 0.000000e+00 0.000000e+00 0.000000e+00 0.000000e+00 0.000000e+00
<ENDHMM>
~h "SegundoESO"
<BEGINHMM>
<NUMSTATES> 5
<STATE> 2
<NUMMIXES> 5
<MIXTURE> 1 1.705448e-01
<MEAN> 6
 8.167433e+01 -1.838981e+02 2.150970e+02 -1.207352e+00 -1.005923e+01 5.106799e+01
<VARIANCE> 6
 1.316232e+02 1.011585e+07 1.260906e+07 2.876443e+02 3.343562e+04 4.108754e+07
<GCONST> 8.199707e+01
<MIXTURE> 2 1.444713e-01
<MEAN> 6
 1.115149e+01 3.570576e+02 3.698160e+02 -4.998484e+01 4.951770e+01 1.273806e+03
<VARIANCE> 6
 2.847461e+03 1.315309e+07 7.069031e+06 5.414569e+04 1.537911e+06 4.000990e+08
<GCONST> 9.609743e+01
<MIXTURE> 3 2.276516e-01
<MEAN> 6
 6.718555e+01 -1.078624e+02 7.467252e+01 1.732449e+01 -5.533192e+02 -1.408917e+02
<VARIANCE> 6
 4.375438e+02 3.595181e+06 3.742668e+06 2.696411e+04 1.553818e+05 4.563029e+07
<GCONST> 8.713083e+01
<MIXTURE> 4 2.852687e-01
<MEAN> 6
 -3.622752e+01 3.004084e+02 1.744499e+02 1.697886e+01 4.371273e+02 -4.101150e+02
<VARIANCE> 6
 7.869153e+02 1.836099e+06 2.934540e+06 2.630318e+04 2.164781e+05 4.323824e+07
<GCONST> 8.705553e+01
<MIXTURE> 5 1.718590e-01
<MEAN> 6
 7.907317e+01 -7.114255e+02 -7.912013e+02 -3.004554e+00 -2.833723e+01 -2.945831e+02
<VARIANCE> 6
 1.213690e+02 6.085134e+06 1.198612e+07 2.876443e+02 3.343562e+04 4.108754e+07
<GCONST> 8.135704e+01
<STATE> 3
<NUMMIXES> 5
<MIXTURE> 1 2.222932e-01
<MEAN> 6
 7.642712e+01 6.429044e+01 2.736503e+02 -1.020554e+00 -3.905574e+00 -7.724117e+01
<VARIANCE> 6
 6.395889e+01 3.934085e+05 1.241479e+05 2.876443e+02 3.343562e+04 4.108754e+07
<GCONST> 7.340765e+01
<MIXTURE> 2 2.393205e-01
<MEAN> 6
 6.865184e+01 3.580727e+02 -1.056874e+03 -1.037126e+00 -1.867774e+00 -7.347697e+01
<VARIANCE> 6
 8.614886e+01 1.622714e+05 1.574129e+06 2.876443e+02 3.343562e+04 4.108754e+07
<GCONST> 7.535989e+01
<MIXTURE> 3 1.518949e-01
<MEAN> 6
 6.435674e+01 3.517333e+02 -1.682281e+02 1.075711e-01 3.101717e+00 -4.538245e+01
<VARIANCE> 6
 4.601473e+01 1.810584e+06 8.367388e+04 2.876443e+02 3.343562e+04 4.108754e+07
<GCONST> 7.421039e+01
<MIXTURE> 4 2.326845e-01
<MEAN> 6
 6.899359e+01 2.332661e+02 -3.820525e+01 -2.465247e-01 -4.688924e+00 -1.131605e+02
<VARIANCE> 6
 5.204699e+01 1.627604e+05 1.086354e+05 2.876443e+02 3.343562e+04 4.108754e+07
<GCONST> 7.218552e+01
<MIXTURE> 5 1.537130e-01
<MEAN> 6
 6.188739e+01 -1.497623e+02 -2.922421e+02 -3.983879e-01 -6.916372e+00 -1.696885e+02
<VARIANCE> 6
 4.357517e+01 2.195538e+06 9.761271e+04 2.876443e+02 3.343562e+04 4.108754e+07
<GCONST> 7.450276e+01
<STATE> 4
<NUMMIXES> 5
<MIXTURE> 1 2.613140e-01
<MEAN> 6
 6.473949e+01 8.426248e+00 3.227133e+01 2.033360e+01 -1.590079e+02 -1.064545e+02
<VARIANCE> 6
 6.932020e+02 1.092066e+06 7.459114e+05 7.601393e+03 6.534167e+04 4.108754e+07
<GCONST> 8.254922e+01
<MIXTURE> 2 2.133473e-01
<MEAN> 6
 5.467412e+00 -1.190574e+02 1.503346e+02 -7.093092e+01 1.174782e+02 1.788666e+03
<VARIANCE> 6
 2.793357e+03 1.553994e+06 7.820339e+05 3.609683e+04 1.392215e+06 4.073726e+08
<GCONST> 9.125386e+01
<MIXTURE> 3 1.336734e-01
<MEAN> 6
 -1.865756e+01 1.488402e+02 9.146384e+01 7.321229e+01 4.319825e+02 -4.806793e+01
<VARIANCE> 6
 1.211613e+03 1.924861e+05 1.384292e+05 1.734420e+04 2.607704e+05 4.639034e+07
<GCONST> 8.201788e+01
<MIXTURE> 4 2.499593e-01
<MEAN> 6
 4.306882e+01 -4.506602e+01 1.672687e+01 -1.813149e+01 -3.633705e+02 -1.559468e+02
<VARIANCE> 6
 1.220663e+03 2.566505e+05 6.901052e+04 2.702038e+04 2.370693e+05 5.405207e+07
<GCONST> 8.211781e+01
<MIXTURE> 5 1.406149e-01
<MEAN> 6
 -2.413856e+01 -2.849391e+01 -5.813443e+01 3.365557e+01 3.578481e+02 -2.025155e+03
<VARIANCE> 6
 1.028250e+03 1.882950e+05 1.373288e+05 1.769027e+04 2.232741e+05 4.794138e+07
<GCONST> 8.172119e+01
<TRANSP> 5
 0.000000e+00 1.000000e+00 0.000000e+00 0.000000e+00 0.000000e+00
 0.000000e+00 9.998822e-01 1.177907e-04 0.000000e+00 0.000000e+00
 0.000000e+00 0.000000e+00 9.997090e-01 2.910148e-04 0.000000e+00
 0.000000e+00 0.000000e+00 0.000000e+00 9.999354e-01 6.458819e-05
 0.000000e+00 0.000000e+00 0.000000e+00 0.000000e+00 0.000000e+00
<ENDHMM>
~h "QuintoPRIMARIA"
<BEGINHMM>
<NUMSTATES> 5
<STATE> 2
<NUMMIXES> 5
<MIXTURE> 1 1.525026e-01
<MEAN> 6
 7.133492e+01 6.055286e+01 4.458283e+01 4.850329e+00 -4.185398e+01 1.907255e+02
<VARIANCE> 6
 2.331913e+02 1.513322e+05 1.404520e+05 2.211750e+03 3.343562e+04 4.108754e+07
<GCONST> 7.590910e+01
<MIXTURE> 2 1.013701e-01
<MEAN> 6
 2.827024e+01 -3.820319e+01 -6.686783e+01 -4.592447e+01 -2.420898e+02 2.927664e+03
<VARIANCE> 6
 3.472233e+03 8.494436e+05 1.419386e+06 4.452830e+04 2.145629e+06 7.144495e+08
<GCONST> 9.266773e+01
<MIXTURE> 3 3.137357e-01
<MEAN> 6
 -3.061047e+00 5.428609e+00 5.315017e+01 5.349463e+01 1.565325e+02 -1.071667e+03
<VARIANCE> 6
 2.333697e+03 1.034754e+05 8.696509e+04 2.522879e+04 4.550282e+05 4.320649e+07
<GCONST> 8.244818e+01
<MIXTURE> 4 2.852605e-01
<MEAN> 6
 1.334671e+01 -2.214997e+01 -4.713807e+01 -3.840234e+01 -1.111102e+01 3.064872e+02
<VARIANCE> 6
 2.596551e+03 7.891986e+04 8.266318e+04 3.926300e+04 9.513004e+05 2.101402e+08
<GCONST> 8.499483e+01
<MIXTURE> 5 1.465362e-01
<MEAN> 6
 6.911559e+01 -6.375749e+01 -6.692621e+01 -7.886234e+00 -1.020963e+02 -5.562987e+02
<VARIANCE> 6
 2.650291e+02 1.471618e+05 1.373900e+05 2.760531e+03 3.426815e+04 4.108754e+07
<GCONST> 7.623334e+01
<STATE> 3
<NUMMIXES> 5
<MIXTURE> 1 2.146707e-01
<MEAN> 6
 8.026387e+01 6.456442e+02 6.615367e+02 -6.364925e-01 4.014160e+00 1.120374e+01
<VARIANCE> 6
 2.733430e+02 1.099380e+06 3.253727e+06 2.876443e+02 3.343562e+04 4.108754e+07
<GCONST> 7.915387e+01
<MIXTURE> 2 2.047034e-01
<MEAN> 6
 7.697499e+01 -7.215079e+01 -2.042508e+02 -2.363407e+00 -1.792717e+00 -8.321227e+00
<VARIANCE> 6
 1.846171e+02 5.170964e+05 1.174026e+05 2.876443e+02 3.343562e+04 4.108754e+07
<GCONST> 7.468521e+01
<MIXTURE> 3 2.824036e-01
<MEAN> 6
 7.679588e+01 -2.087006e+01 -5.956857e+01 -2.209381e+00 1.295503e+00 -6.130298e+00
<VARIANCE> 6
 1.246351e+02 5.303379e+04 8.482056e+04 2.876443e+02 3.343562e+04 4.108754e+07
<GCONST> 7.168995e+01
<MIXTURE> 4 8.482859e-02
<MEAN> 6
 6.219163e+01 -2.067843e+03 -4.296193e+03 5.695391e-01 -4.902344e+00 -4.449553e+01
<VARIANCE> 6
 4.452672e+01 1.415714e+07 8.819285e+06 2.876443e+02 3.343562e+04 4.108754e+07
<GCONST> 8.089185e+01
<MIXTURE> 5 2.133033e-01
<MEAN> 6
 7.297369e+01 2.225997e+02 -9.859528e+01 -9.664638e-01 -9.508734e+00 -1.379584e+02
<VARIANCE> 6
 2.283891e+02 8.557082e+05 3.217141e+06 2.876443e+02 3.343562e+04 4.108754e+07
<GCONST> 7.871232e+01
<STATE> 4
<NUMMIXES> 5
<MIXTURE> 1 2.623047e-01
<MEAN> 6
 7.997030e+01 2.612377e+02 3.976495e+02 -2.238046e+00 -6.977880e+01 -2.773260e+01
<VARIANCE> 6
 4.895330e+02 2.150596e+06 2.558873e+06 2.078032e+03 3.870116e+04 4.108754e+07
<GCONST> 8.229106e+01
<MIXTURE> 2 2.056218e-02
<MEAN> 6
 9.199263e+00 -1.763520e+02 4.261180e+01 -1.676868e+01 -3.592268e+02 3.109772e+03
<VARIANCE> 6
 1.083979e+04 1.845357e+06 6.450923e+05 1.437798e+06 7.790765e+08 1.143539e+12
<GCONST> 1.105410e+02
<MIXTURE> 3 3.388943e-01
<MEAN> 6
 6.517542e+00 1.087814e+01 -1.250717e+02 -4.263406e+01 1.136101e+02 7.261478e+02
<VARIANCE> 6
 3.597355e+03 1.860539e+06 3.870716e+06 4.730606e+04 1.616622e+06 5.174490e+08
<GCONST> 9.394521e+01
<MIXTURE> 4 1.872691e-01
<MEAN> 6
 1.397682e+01 -5.456596e+01 2.465279e+02 6.718878e+01 3.037477e+01 1.787404e+02
<VARIANCE> 6
 3.416912e+03 4.090902e+05 7.282676e+05 2.098736e+04 3.154278e+05 4.108754e+07
<GCONST> 8.572844e+01
<MIXTURE> 5 1.900683e-01
<MEAN> 6
 8.093895e+00 -2.524430e+02 -6.335089e+01 1.665693e+01 -9.474251e+01 -1.662972e+03
<VARIANCE> 6
 3.548606e+03 4.151859e+05 7.542481e+05 2.457808e+04 3.209770e+05 4.108754e+07
<GCONST> 8.599149e+01
<TRANSP> 5
 0.000000e+00 1.000000e+00 0.000000e+00 0.000000e+00 0.000000e+00
 0.000000e+00 9.999087e-01 9.130144e-05 0.000000e+00 0.000000e+00
 0.000000e+00 0.000000e+00 9.997438e-01 2.562085e-04 0.000000e+00
 0.000000e+00 0.000000e+00 0.000000e+00 9.999226e-01 7.745077e-05
 0.000000e+00 0.000000e+00 0.000000e+00 0.000000e+00 0.000000e+00
<ENDHMM>
