~o
<STREAMINFO> 1 4
<VECSIZE> 4<NULLD><USER><DIAGC>
~h "SegundoPRIMARIA"
<BEGINHMM>
<NUMSTATES> 4
<STATE> 2
<MEAN> 4
 3.830620e+01 2.695832e-01 6.547540e-01 1.273623e+00
<VARIANCE> 4
 3.583226e+03 2.816607e+04 7.955242e+05 2.224912e+08
<GCONST> 5.858855e+01
<STATE> 3
<MEAN> 4
 4.475952e+01 1.888659e+00 -1.136547e+01 -5.806007e+01
<VARIANCE> 4
 4.594405e+03 8.303152e+04 1.886171e+07 2.176132e+10
<GCONST> 6.766712e+01
<TRANSP> 4
 0.000000e+00 1.000000e+00 0.000000e+00 0.000000e+00
 0.000000e+00 9.999606e-01 3.938197e-05 0.000000e+00
 0.000000e+00 0.000000e+00 9.993610e-01 6.389583e-04
 0.000000e+00 0.000000e+00 0.000000e+00 0.000000e+00
<ENDHMM>
~h "SegundoESO"
<BEGINHMM>
<NUMSTATES> 4
<STATE> 2
<MEAN> 4
 4.625555e+01 2.033007e-01 -2.093662e+00 -4.622655e+01
<VARIANCE> 4
 1.535459e+03 4.316875e+03 7.691403e+04 4.178744e+07
<GCONST> 5.185693e+01
<STATE> 3
<MEAN> 4
 2.462985e+01 3.237217e-01 8.793699e-01 2.156358e+01
<VARIANCE> 4
 3.157293e+03 2.812950e+04 6.166492e+05 1.326340e+08
<GCONST> 5.768871e+01
<TRANSP> 4
 0.000000e+00 1.000000e+00 0.000000e+00 0.000000e+00
 0.000000e+00 9.998893e-01 1.107640e-04 0.000000e+00
 0.000000e+00 0.000000e+00 9.999455e-01 5.455000e-05
 0.000000e+00 0.000000e+00 0.000000e+00 0.000000e+00
<ENDHMM>
~h "QuintoPRIMARIA"
<BEGINHMM>
<NUMSTATES> 4
<STATE> 2
<MEAN> 4
 3.233364e+01 1.015029e-01 3.541778e-01 1.774604e+00
<VARIANCE> 4
 3.024750e+03 2.317655e+04 6.032857e+05 1.577313e+08
<GCONST> 5.760354e+01
<STATE> 3
<MEAN> 4
 3.573350e+01 3.009904e+00 -5.761058e+00 1.531108e+01
<VARIANCE> 4
 6.783521e+03 3.228506e+05 1.723793e+08 2.541634e+11
<GCONST> 7.408516e+01
<TRANSP> 4
 0.000000e+00 1.000000e+00 0.000000e+00 0.000000e+00
 0.000000e+00 9.999620e-01 3.795101e-05 0.000000e+00
 0.000000e+00 0.000000e+00 9.991845e-01 8.154747e-04
 0.000000e+00 0.000000e+00 0.000000e+00 0.000000e+00
<ENDHMM>
