~o
<STREAMINFO> 1 6
<VECSIZE> 6<NULLD><USER><DIAGC>
~h "SegundoPRIMARIA"
<BEGINHMM>
<NUMSTATES> 14
<STATE> 2
<NUMMIXES> 7
<MIXTURE> 1 1.583339e-01
<MEAN> 6
 1.755481e+01 5.448593e+01 3.822853e+01 1.091506e+02 5.269061e+01 -1.927512e+03
<VARIANCE> 6
 7.193842e+02 8.930041e+04 6.286789e+04 5.640102e+04 1.984543e+05 7.578494e+07
<GCONST> 8.133618e+01
<MIXTURE> 2 1.184944e-01
<MEAN> 6
 5.070743e+01 4.957367e+00 7.372913e+01 -6.225840e+01 -4.328403e+02 4.642477e+03
<VARIANCE> 6
 3.530600e+03 3.846749e+05 5.170454e+05 7.262809e+04 4.076268e+06 1.964325e+09
<GCONST> 9.302474e+01
<MIXTURE> 3 2.182137e-01
<MEAN> 6
 7.950754e+01 -1.028554e+02 -1.146482e+02 -1.111993e+00 -1.562375e+01 -2.678175e+02
<VARIANCE> 6
 2.381727e+02 1.622520e+05 1.231620e+05 3.028640e+02 4.053393e+04 5.195771e+07
<GCONST> 7.430754e+01
<MIXTURE> 4 1.414329e-01
<MEAN> 6
 -3.821506e+01 5.418570e+01 1.678849e+01 -2.896220e+01 1.266505e+03 -5.197761e+02
<VARIANCE> 6
 4.101335e+02 1.022957e+05 6.049025e+04 4.988963e+04 5.781859e+05 3.584800e+08
<GCONST> 8.337221e+01
<MIXTURE> 5 1.249394e-01
<MEAN> 6
 8.814597e+01 2.040743e+01 6.648762e+01 2.142521e+01 -6.197960e+02 -1.853705e+03
<VARIANCE> 6
 2.808871e+02 1.011078e+05 9.194019e+04 2.305928e+04 3.215233e+05 1.378991e+08
<GCONST> 8.108673e+01
<MIXTURE> 6 1.255004e-01
<MEAN> 6
 -5.360532e+01 6.056636e+01 6.939876e+00 2.737867e+01 4.594296e+02 3.429586e+02
<VARIANCE> 6
 2.258711e+02 8.732074e+04 1.201598e+05 4.613157e+03 1.607957e+05 5.195771e+07
<GCONST> 7.771165e+01
<MIXTURE> 7 1.122997e-01
<MEAN> 6
 7.069362e+01 -2.034258e+01 2.632393e+01 -9.517985e+01 -1.002514e+03 5.475466e+02
<VARIANCE> 6
 6.280926e+02 7.296655e+04 6.482403e+04 4.520344e+04 3.990998e+05 1.693682e+08
<GCONST> 8.231062e+01
<STATE> 3
<NUMMIXES> 7
<MIXTURE> 1 1.499441e-01
<MEAN> 6
 1.109162e+02 -2.663637e+02 2.351171e+02 -1.316666e+01 5.202328e+00 6.373646e+02
<VARIANCE> 6
 3.185140e+01 4.351339e+04 5.234238e+04 3.028640e+02 1.019942e+05 5.195771e+07
<GCONST> 7.104663e+01
<MIXTURE> 2 1.143066e-01
<MEAN> 6
 9.805489e+01 -6.097562e+02 5.419445e+02 -2.165910e+00 -1.451624e+01 -2.135451e+01
<VARIANCE> 6
 3.185140e+01 9.945479e+03 2.164591e+04 3.028640e+02 4.053393e+04 5.195771e+07
<GCONST> 6.776491e+01
<MIXTURE> 3 1.898163e-01
<MEAN> 6
 1.100424e+02 -6.789661e+02 -5.802073e+01 -3.644687e+00 -4.214548e+00 -1.044830e+02
<VARIANCE> 6
 3.185140e+01 9.945479e+03 4.535952e+04 3.028640e+02 4.053393e+04 5.195771e+07
<GCONST> 6.850471e+01
<MIXTURE> 4 1.725982e-01
<MEAN> 6
 9.538467e+01 -6.373130e+02 -1.624735e+02 -2.268417e+00 2.613998e+00 -3.614595e+01
<VARIANCE> 6
 3.185140e+01 1.105260e+04 1.398304e+04 3.028640e+02 4.053393e+04 5.195771e+07
<GCONST> 6.743349e+01
<MIXTURE> 5 2.149777e-01
<MEAN> 6
 1.037448e+02 -9.168787e+02 -3.106811e+01 -4.206429e+00 -7.037881e+00 4.098296e+01
<VARIANCE> 6
 3.185140e+01 1.311447e+04 5.942470e+04 3.028640e+02 4.053393e+04 5.195771e+07
<GCONST> 6.905140e+01
<MIXTURE> 6 4.349798e-02
<MEAN> 6
 1.051777e+02 -3.940283e+02 2.001483e+02 -7.002596e+00 -1.280524e+02 1.052233e+03
<VARIANCE> 6
 1.072954e+02 3.424066e+05 1.517329e+05 3.028640e+02 4.386226e+04 5.195771e+07
<GCONST> 7.454451e+01
<MIXTURE> 7 1.148508e-01
<MEAN> 6
 9.820713e+01 -5.942779e+02 3.852921e+02 -1.906455e+00 -2.137202e+01 1.135975e+02
<VARIANCE> 6
 3.185140e+01 9.945479e+03 4.718661e+04 3.028640e+02 4.053393e+04 5.195771e+07
<GCONST> 6.854420e+01
<STATE> 4
<NUMMIXES> 7
<MIXTURE> 1 1.570828e-01
<MEAN> 6
 9.848072e+01 3.121177e+02 -2.150462e+02 -1.444064e+00 -4.207809e+01 3.879728e+02
<VARIANCE> 6
 3.185140e+01 6.541189e+04 1.398304e+04 3.028640e+02 4.053393e+04 5.195771e+07
<GCONST> 6.921152e+01
<MIXTURE> 2 2.479077e-02
<MEAN> 6
 9.151044e+01 5.190499e+02 -1.369949e+02 4.034913e+01 -2.869270e+01 -1.117797e+03
<VARIANCE> 6
 9.439876e+01 3.533028e+05 9.439242e+04 4.046391e+02 8.545099e+04 9.282381e+07
<GCONST> 7.550999e+01
<MIXTURE> 3 1.278263e-01
<MEAN> 6
 9.364048e+01 1.820709e+02 -2.998182e+02 -3.560001e+00 6.626589e+01 4.863430e+02
<VARIANCE> 6
 3.185140e+01 9.945479e+03 5.354186e+04 3.028640e+02 4.053393e+04 5.195771e+07
<GCONST> 6.867056e+01
<MIXTURE> 4 1.829559e-01
<MEAN> 6
 9.708787e+01 -3.911549e+01 -4.523249e+02 -2.030075e+00 9.186023e-01 -1.111302e+02
<VARIANCE> 6
 3.185140e+01 2.663323e+04 1.398304e+04 3.028640e+02 4.053393e+04 5.195771e+07
<GCONST> 6.831298e+01
<MIXTURE> 5 1.911624e-01
<MEAN> 6
 9.346342e+01 2.694311e+02 -5.072611e+02 -1.268406e+00 1.187894e+01 2.339565e+01
<VARIANCE> 6
 3.185140e+01 9.945479e+03 2.552968e+04 3.028640e+02 4.053393e+04 5.195771e+07
<GCONST> 6.792993e+01
<MIXTURE> 6 1.628772e-01
<MEAN> 6
 9.701819e+01 -3.690719e+02 -5.248244e+02 9.200560e-01 1.190640e-03 -1.176294e+02
<VARIANCE> 6
 3.185140e+01 2.645044e+04 1.398304e+04 3.028640e+02 4.053393e+04 5.195771e+07
<GCONST> 6.830609e+01
<MIXTURE> 7 1.532934e-01
<MEAN> 6
 9.963365e+01 1.542961e+02 -2.470928e+02 -1.643320e+00 -2.441346e+01 1.634938e+02
<VARIANCE> 6
 4.363456e+01 4.496452e+04 1.398304e+04 3.028640e+02 4.053393e+04 5.195771e+07
<GCONST> 6.915146e+01
<STATE> 5
<NUMMIXES> 7
<MIXTURE> 1 6.956905e-02
<MEAN> 6
 9.267075e+01 1.003870e+03 1.183568e+03 -4.159401e+00 -1.188712e+00 1.203902e+02
<VARIANCE> 6
 3.185140e+01 2.611919e+04 1.398304e+04 3.028640e+02 4.053393e+04 5.195771e+07
<GCONST> 6.829349e+01
<MIXTURE> 2 1.777120e-01
<MEAN> 6
 8.991415e+01 -1.207790e+03 8.168477e+02 -2.539093e+00 8.170586e+00 -3.129483e+01
<VARIANCE> 6
 3.185140e+01 1.876457e+05 1.398304e+04 3.028640e+02 4.053393e+04 5.195771e+07
<GCONST> 7.026537e+01
<MIXTURE> 3 1.999499e-01
<MEAN> 6
 8.092133e+01 1.290693e+03 4.070999e+02 -1.588176e+00 -4.518538e+00 -1.713739e+02
<VARIANCE> 6
 3.185140e+01 6.342723e+04 1.398304e+04 3.028640e+02 4.053393e+04 5.195771e+07
<GCONST> 6.918071e+01
<MIXTURE> 4 1.149343e-01
<MEAN> 6
 9.778050e+01 8.115772e+02 2.694248e+02 -4.674703e+00 -3.783389e+00 7.871396e+01
<VARIANCE> 6
 3.185140e+01 9.945479e+03 1.398304e+04 3.028640e+02 4.053393e+04 5.195771e+07
<GCONST> 6.732794e+01
<MIXTURE> 5 1.962538e-01
<MEAN> 6
 8.752657e+01 8.149897e+02 2.125809e+02 -1.554219e+00 -2.383691e+00 -4.634829e+01
<VARIANCE> 6
 3.185140e+01 6.979556e+04 1.398304e+04 3.028640e+02 4.053393e+04 5.195771e+07
<GCONST> 6.927639e+01
<MIXTURE> 6 1.588011e-01
<MEAN> 6
 9.244705e+01 7.261470e+02 8.177467e+01 -2.171767e+00 -2.125164e+00 6.564686e+01
<VARIANCE> 6
 3.185140e+01 9.945479e+03 1.657207e+04 3.028640e+02 4.053393e+04 5.195771e+07
<GCONST> 6.749781e+01
<MIXTURE> 7 8.277765e-02
<MEAN> 6
 8.828612e+01 5.267148e+02 2.530921e+02 -2.958834e+00 1.743460e-01 2.852256e+02
<VARIANCE> 6
 3.185140e+01 1.465665e+05 5.423035e+04 3.028640e+02 4.053393e+04 5.195771e+07
<GCONST> 7.137370e+01
<STATE> 6
<NUMMIXES> 7
<MIXTURE> 1 1.181516e-02
<MEAN> 6
 7.609193e+01 2.304813e+01 -1.829101e+03 4.801305e+01 -3.910448e+02 1.040201e+03
<VARIANCE> 6
 2.298122e+02 5.867546e+05 1.574768e+06 3.076606e+03 8.661627e+04 5.195771e+07
<GCONST> 8.118327e+01
<MIXTURE> 2 1.879240e-01
<MEAN> 6
 7.141678e+01 1.313720e+03 -1.119871e+03 6.632100e-01 -4.836945e+00 -1.299018e+02
<VARIANCE> 6
 3.185140e+01 9.945479e+03 1.398304e+04 3.028640e+02 4.053393e+04 5.195771e+07
<GCONST> 6.732794e+01
<MIXTURE> 3 1.820557e-01
<MEAN> 6
 7.611429e+01 4.363603e+02 -2.105715e+03 2.090412e+00 -4.729708e+00 -9.661820e+01
<VARIANCE> 6
 3.185140e+01 9.945479e+03 1.398304e+04 3.028640e+02 4.053393e+04 5.195771e+07
<GCONST> 6.732794e+01
<MIXTURE> 4 1.772706e-01
<MEAN> 6
 8.175245e+01 1.678388e+02 -2.322059e+03 2.934830e-01 -6.173468e+00 -2.669915e+01
<VARIANCE> 6
 3.185140e+01 1.215983e+04 1.661661e+04 3.028640e+02 4.053393e+04 5.195771e+07
<GCONST> 6.770152e+01
<MIXTURE> 5 1.512764e-01
<MEAN> 6
 6.532045e+01 9.614536e+02 -1.417590e+02 1.729582e-02 1.397098e+00 -1.198456e+02
<VARIANCE> 6
 3.185140e+01 9.945479e+03 1.398304e+04 3.028640e+02 4.053393e+04 5.195771e+07
<GCONST> 6.732794e+01
<MIXTURE> 6 1.401887e-01
<MEAN> 6
 6.522841e+01 8.436232e+02 -1.592240e+02 -5.088085e-01 -5.263559e+00 -1.742803e+02
<VARIANCE> 6
 3.185140e+01 1.491363e+04 1.398304e+04 3.028640e+02 4.053393e+04 5.195771e+07
<GCONST> 6.773309e+01
<MIXTURE> 7 1.494586e-01
<MEAN> 6
 7.776527e+01 4.615683e+01 -2.029209e+03 -5.270753e-01 -6.393910e+00 -1.401260e+02
<VARIANCE> 6
 3.185140e+01 9.945479e+03 6.903878e+04 3.028640e+02 4.053393e+04 5.195771e+07
<GCONST> 6.892476e+01
<STATE> 7
<NUMMIXES> 7
<MIXTURE> 1 3.549163e-02
<MEAN> 6
 1.338668e+02 1.158909e+03 1.360005e+02 -9.053205e+00 2.778491e+01 -1.765215e+02
<VARIANCE> 6
 1.397712e+02 2.670526e+05 4.717540e+04 1.489872e+03 2.472528e+05 9.422852e+07
<GCONST> 7.730994e+01
<MIXTURE> 2 1.326583e-01
<MEAN> 6
 1.097610e+02 -1.504808e+00 3.150442e+02 -2.221411e+00 -8.633300e-01 7.466671e+01
<VARIANCE> 6
 3.185140e+01 1.146665e+04 1.398304e+04 3.028640e+02 4.053393e+04 5.195771e+07
<GCONST> 6.747026e+01
<MIXTURE> 3 1.858180e-01
<MEAN> 6
 9.645062e+01 1.258634e+02 1.260666e+02 -3.312048e+00 9.068981e-01 -9.391460e+01
<VARIANCE> 6
 3.185140e+01 9.945479e+03 1.398304e+04 3.028640e+02 4.053393e+04 5.195771e+07
<GCONST> 6.732794e+01
<MIXTURE> 4 1.627273e-01
<MEAN> 6
 9.495213e+01 -1.203545e+02 9.297364e+01 -3.192655e+00 -1.455511e+00 -3.122753e+01
<VARIANCE> 6
 3.185140e+01 1.957403e+04 1.398304e+04 3.028640e+02 4.053393e+04 5.195771e+07
<GCONST> 6.800502e+01
<MIXTURE> 5 1.757955e-01
<MEAN> 6
 8.749580e+01 -3.607948e+02 1.624185e+02 -4.860741e+00 1.216350e+01 7.137009e+01
<VARIANCE> 6
 3.185140e+01 1.210521e+04 1.685350e+04 3.028640e+02 4.053393e+04 5.195771e+07
<GCONST> 6.771117e+01
<MIXTURE> 6 1.748143e-01
<MEAN> 6
 9.609106e+01 -5.248405e+01 7.918777e+01 -3.437433e+00 -2.727888e+00 -2.479776e+01
<VARIANCE> 6
 3.185140e+01 1.968232e+04 1.398304e+04 3.028640e+02 4.053393e+04 5.195771e+07
<GCONST> 6.801054e+01
<MIXTURE> 7 1.326766e-01
<MEAN> 6
 1.097563e+02 -5.747208e+01 2.786733e+02 -2.150902e+00 -7.170598e+00 -2.092854e+01
<VARIANCE> 6
 3.185140e+01 1.319461e+04 1.398304e+04 3.028640e+02 4.053393e+04 5.195771e+07
<GCONST> 6.761063e+01
<STATE> 8
<NUMMIXES> 7
<MIXTURE> 1 1.666886e-01
<MEAN> 6
 1.245891e+02 1.759794e+03 2.038382e+02 -6.399044e+00 -7.648269e+00 1.824454e+02
<VARIANCE> 6
 3.185140e+01 9.582664e+05 1.398304e+04 3.028640e+02 4.053393e+04 5.195771e+07
<GCONST> 7.189595e+01
<MIXTURE> 2 1.637298e-01
<MEAN> 6
 8.148418e+01 2.530180e+03 -2.101740e+02 -1.464588e+00 8.810183e-01 -1.281375e+02
<VARIANCE> 6
 3.797625e+01 1.128972e+05 1.398304e+04 3.028640e+02 4.053393e+04 5.195771e+07
<GCONST> 6.993317e+01
<MIXTURE> 3 5.486290e-02
<MEAN> 6
 1.251295e+02 -1.806685e+03 9.690627e+01 -4.148567e+01 -3.035715e+01 1.867438e+03
<VARIANCE> 6
 4.376639e+02 7.209681e+05 5.483003e+04 3.028640e+02 1.217664e+05 5.195771e+07
<GCONST> 7.669814e+01
<MIXTURE> 4 1.472870e-01
<MEAN> 6
 9.980617e+01 -3.212638e+03 -1.088054e+02 -3.096784e+00 8.910509e-01 -1.656776e+02
<VARIANCE> 6
 3.185140e+01 5.435955e+05 1.786348e+04 3.028640e+02 4.053393e+04 5.195771e+07
<GCONST> 7.157394e+01
<MIXTURE> 5 1.849973e-01
<MEAN> 6
 1.241694e+02 -1.030830e+02 1.762072e+02 -5.457397e+00 -2.906572e+00 -2.354445e+02
<VARIANCE> 6
 3.185140e+01 5.205312e+05 1.398304e+04 3.028640e+02 4.053393e+04 5.195771e+07
<GCONST> 7.128567e+01
<MIXTURE> 6 1.355499e-01
<MEAN> 6
 1.052424e+02 1.027573e+03 -3.831487e+02 -5.121239e+00 -1.125594e+01 1.188686e+02
<VARIANCE> 6
 3.185140e+01 6.618877e+04 1.759157e+04 3.028640e+02 4.053393e+04 5.195771e+07
<GCONST> 6.945290e+01
<MIXTURE> 7 1.468800e-01
<MEAN> 6
 9.976013e+01 -3.050122e+03 -1.354734e+02 -3.063376e+00 -1.651547e+00 -2.076951e+02
<VARIANCE> 6
 3.185140e+01 5.906111e+05 1.772842e+04 3.028640e+02 4.053393e+04 5.195771e+07
<GCONST> 7.164930e+01
<STATE> 9
<NUMMIXES> 7
<MIXTURE> 1 1.341808e-01
<MEAN> 6
 7.284270e+01 1.807219e+02 -2.597887e+02 -4.439511e-01 -6.933528e+00 -4.675901e+01
<VARIANCE> 6
 3.185140e+01 9.945479e+03 1.398304e+04 3.028640e+02 4.053393e+04 5.195771e+07
<GCONST> 6.732794e+01
<MIXTURE> 2 2.257751e-01
<MEAN> 6
 6.860130e+01 3.726058e+01 -9.348801e+02 -2.704929e-01 -3.660743e+00 -1.214450e+02
<VARIANCE> 6
 3.185140e+01 9.945479e+03 4.528167e+04 3.028640e+02 4.053393e+04 5.195771e+07
<GCONST> 6.850299e+01
<MIXTURE> 3 1.872708e-01
<MEAN> 6
 8.291003e+01 -7.087136e+02 -3.966361e+02 -4.184035e+00 -3.037706e+00 7.804016e+01
<VARIANCE> 6
 3.185140e+01 2.552587e+05 1.399012e+04 3.028640e+02 4.053393e+04 5.195771e+07
<GCONST> 7.057361e+01
<MIXTURE> 4 7.593442e-02
<MEAN> 6
 7.789536e+01 -1.785494e+03 -7.890757e+02 7.623990e-01 -2.945755e+00 -2.197219e+02
<VARIANCE> 6
 3.185140e+01 4.848969e+04 1.398304e+04 3.028640e+02 4.053393e+04 5.195771e+07
<GCONST> 6.891217e+01
<MIXTURE> 5 1.200720e-01
<MEAN> 6
 7.543690e+01 7.601254e+01 -3.305799e+02 -3.121047e+00 3.990267e+00 4.389339e+01
<VARIANCE> 6
 3.185140e+01 9.945479e+03 1.398304e+04 3.028640e+02 4.053393e+04 5.195771e+07
<GCONST> 6.732794e+01
<MIXTURE> 6 1.056456e-01
<MEAN> 6
 7.329388e+01 -3.886375e+02 -8.788433e+02 -7.191774e-01 -4.592561e+00 -9.925881e+01
<VARIANCE> 6
 3.185140e+01 1.517315e+04 1.398304e+04 3.028640e+02 4.053393e+04 5.195771e+07
<GCONST> 6.775035e+01
<MIXTURE> 7 1.511090e-01
<MEAN> 6
 7.404867e+01 -3.687944e+02 -9.133698e+02 -7.045466e-01 -1.989012e+00 -1.067832e+02
<VARIANCE> 6
 3.185140e+01 1.110930e+04 1.572815e+04 3.028640e+02 4.053393e+04 5.195771e+07
<GCONST> 6.755621e+01
<STATE> 10
<NUMMIXES> 7
<MIXTURE> 1 2.231573e-01
<MEAN> 6
 7.853003e+01 8.755969e+01 9.217789e+01 -4.409233e+00 -2.939236e+01 1.543051e+02
<VARIANCE> 6
 3.185140e+01 1.470283e+04 1.558690e+04 3.028640e+02 4.053393e+04 5.195771e+07
<GCONST> 6.782745e+01
<MIXTURE> 2 6.732995e-02
<MEAN> 6
 5.708651e+01 2.078655e+02 8.020421e+01 -1.375851e+01 4.951718e+01 -1.274340e+03
<VARIANCE> 6
 2.218577e+02 1.397933e+05 8.639023e+04 2.771811e+03 2.327299e+05 9.228192e+07
<GCONST> 7.826910e+01
<MIXTURE> 3 1.146377e-01
<MEAN> 6
 7.421775e+01 -1.687739e+01 1.538918e+02 -2.721378e+00 -7.507380e+00 -4.623970e+01
<VARIANCE> 6
 3.336700e+01 9.945479e+03 1.398304e+04 3.028640e+02 4.053393e+04 5.195771e+07
<GCONST> 6.737442e+01
<MIXTURE> 4 1.400769e-01
<MEAN> 6
 7.262849e+01 -1.169576e+01 1.539444e+02 -2.783536e+00 -5.049532e+00 -5.654242e+01
<VARIANCE> 6
 3.242676e+01 9.945479e+03 1.398304e+04 3.028640e+02 4.053393e+04 5.195771e+07
<GCONST> 6.734584e+01
<MIXTURE> 5 2.154269e-01
<MEAN> 6
 7.203035e+01 -9.077068e+01 1.122960e+02 -5.110972e+00 9.150729e-03 -3.661892e+00
<VARIANCE> 6
 3.185140e+01 2.149264e+04 1.398304e+04 3.028640e+02 4.053393e+04 5.195771e+07
<GCONST> 6.809853e+01
<MIXTURE> 6 1.271800e-01
<MEAN> 6
 6.682576e+01 -5.269570e+01 2.361534e+02 8.441200e-01 6.215632e+00 -1.174913e+02
<VARIANCE> 6
 8.970970e+01 9.945479e+03 1.398304e+04 3.028640e+02 4.053393e+04 5.195771e+07
<GCONST> 6.836343e+01
<MIXTURE> 7 1.121888e-01
<MEAN> 6
 7.286250e+01 -2.653426e+01 1.543602e+02 -2.602368e+00 -4.946830e+00 -6.908402e+01
<VARIANCE> 6
 3.229636e+01 9.945479e+03 1.398304e+04 3.028640e+02 4.053393e+04 5.195771e+07
<GCONST> 6.734181e+01
<STATE> 11
<NUMMIXES> 7
<MIXTURE> 1 1.244817e-01
<MEAN> 6
 8.078712e+01 5.843040e+02 1.016778e+03 -4.614430e+00 3.051421e+00 -1.852433e+01
<VARIANCE> 6
 3.185140e+01 1.220638e+04 1.398304e+04 3.028640e+02 4.053393e+04 5.195771e+07
<GCONST> 6.753278e+01
<MIXTURE> 2 3.190850e-02
<MEAN> 6
 8.096680e+01 -7.410614e+02 3.041134e+02 4.937398e-02 -5.010483e+01 -2.063246e+03
<VARIANCE> 6
 7.888804e+01 3.244890e+05 1.484700e+05 3.028640e+02 4.356191e+04 5.195771e+07
<GCONST> 7.415460e+01
<MIXTURE> 3 2.306033e-01
<MEAN> 6
 7.054652e+01 9.345627e+02 6.944435e+02 3.813128e-01 1.110278e+00 -9.759476e+01
<VARIANCE> 6
 3.185140e+01 6.096642e+04 1.398304e+04 3.028640e+02 4.053393e+04 5.195771e+07
<GCONST> 6.914114e+01
<MIXTURE> 4 1.547979e-01
<MEAN> 6
 7.117602e+01 -9.983749e+02 4.084786e+02 3.821298e-01 2.351916e+01 -2.318495e+02
<VARIANCE> 6
 3.720380e+01 1.130582e+04 6.898885e+04 3.028640e+02 4.053393e+04 5.195771e+07
<GCONST> 6.920757e+01
<MIXTURE> 5 1.183956e-01
<MEAN> 6
 7.280200e+01 4.167064e+02 6.849064e+02 -1.000829e+00 -9.356823e+00 -1.814681e+01
<VARIANCE> 6
 3.185140e+01 7.927201e+04 1.398304e+04 3.028640e+02 4.053393e+04 5.195771e+07
<GCONST> 6.940370e+01
<MIXTURE> 6 1.984195e-01
<MEAN> 6
 7.501110e+01 -9.992001e+02 1.187482e+02 -4.456043e-01 3.302423e+00 6.651696e+01
<VARIANCE> 6
 3.185140e+01 2.020929e+04 9.037362e+04 3.028640e+02 4.053393e+04 5.195771e+07
<GCONST> 6.990307e+01
<MIXTURE> 7 1.413867e-01
<MEAN> 6
 7.303272e+01 2.929951e+02 6.748934e+02 -1.521554e+00 -1.161760e+01 2.455080e+01
<VARIANCE> 6
 3.185140e+01 4.397036e+04 1.398304e+04 3.028640e+02 4.053393e+04 5.195771e+07
<GCONST> 6.881433e+01
<STATE> 12
<NUMMIXES> 7
<MIXTURE> 1 9.338664e-02
<MEAN> 6
 7.937950e+01 -8.613667e+02 4.253443e+03 -1.494475e+00 -4.713847e-01 -2.119399e+01
<VARIANCE> 6
 3.185140e+01 9.962377e+04 1.714649e+05 3.028640e+02 4.053393e+04 5.195771e+07
<GCONST> 7.213876e+01
<MIXTURE> 2 1.120001e-01
<MEAN> 6
 7.626987e+01 -3.867327e+03 1.376559e+03 -3.830159e+00 -1.975498e+01 -7.412482e+01
<VARIANCE> 6
 3.185140e+01 2.839743e+07 5.869377e+05 3.028640e+02 4.053393e+04 5.195771e+07
<GCONST> 7.902194e+01
<MIXTURE> 3 1.926957e-01
<MEAN> 6
 6.929866e+01 -6.636666e+02 1.685191e+03 -6.422988e-01 4.944472e-01 -1.231365e+02
<VARIANCE> 6
 3.185140e+01 2.782501e+04 5.243284e+04 3.028640e+02 4.053393e+04 5.195771e+07
<GCONST> 6.967844e+01
<MIXTURE> 4 2.039654e-01
<MEAN> 6
 6.037970e+01 2.496730e+02 3.793703e+02 -2.157668e-01 1.226716e+00 2.646571e+00
<VARIANCE> 6
 3.185140e+01 1.584879e+04 4.535420e+05 3.028640e+02 4.053393e+04 5.195771e+07
<GCONST> 7.127316e+01
<MIXTURE> 5 1.080074e-01
<MEAN> 6
 5.337297e+01 -4.740618e+02 2.577189e+03 2.655276e-01 -7.465772e+00 -1.103818e+02
<VARIANCE> 6
 3.185140e+01 9.945479e+03 2.449893e+04 3.028640e+02 4.053393e+04 5.195771e+07
<GCONST> 6.788872e+01
<MIXTURE> 6 1.789298e-01
<MEAN> 6
 6.381646e+01 -9.155983e+02 1.173776e+03 -8.743002e-01 -2.175409e+00 -1.454380e+02
<VARIANCE> 6
 3.185140e+01 9.945479e+03 1.705530e+04 3.028640e+02 4.053393e+04 5.195771e+07
<GCONST> 6.752655e+01
<MIXTURE> 7 1.110140e-01
<MEAN> 6
 7.502414e+01 -2.625392e+03 9.547471e+02 -2.156702e+00 -1.291564e+01 -1.683124e+02
<VARIANCE> 6
 3.185140e+01 3.264707e+07 3.381871e+05 3.028640e+02 4.053393e+04 5.195771e+07
<GCONST> 7.861008e+01
<STATE> 13
<NUMMIXES> 7
<MIXTURE> 1 2.129650e-02
<MEAN> 6
 2.024407e+01 6.589246e+02 -1.890506e+02 -2.337086e+01 -2.401160e+02 3.689153e+03
<VARIANCE> 6
 7.588169e+03 3.603390e+07 1.209604e+06 6.808503e+05 3.590200e+08 5.194721e+11
<GCONST> 1.114734e+02
<MIXTURE> 2 1.505869e-01
<MEAN> 6
 5.088190e+00 1.724735e+02 4.237840e+01 1.122513e+02 2.074066e+02 -2.529545e+03
<VARIANCE> 6
 1.703932e+03 4.218755e+05 1.418199e+05 3.454480e+04 2.358189e+05 5.492935e+07
<GCONST> 8.392512e+01
<MIXTURE> 3 1.524868e-01
<MEAN> 6
 5.935982e+00 1.033863e+02 -7.264029e+01 -8.618765e+01 4.348284e+02 2.601585e+03
<VARIANCE> 6
 4.069801e+03 1.223698e+06 1.558833e+06 6.535520e+04 2.831157e+06 1.273965e+09
<GCONST> 9.452464e+01
<MIXTURE> 4 2.163431e-01
<MEAN> 6
 9.198972e+01 5.968651e+01 -1.601964e+02 -5.055379e+00 -3.732308e+01 -2.443677e+02
<VARIANCE> 6
 3.232301e+02 9.000481e+05 1.123313e+06 3.028640e+02 4.053393e+04 5.195771e+07
<GCONST> 7.853674e+01
<MIXTURE> 5 1.369883e-01
<MEAN> 6
 7.602351e+01 4.695630e+01 9.047202e+01 1.416420e+01 -5.726134e+02 -7.992177e+02
<VARIANCE> 6
 7.717198e+02 3.873005e+05 7.381326e+05 3.081497e+04 2.161501e+05 1.095298e+08
<GCONST> 8.518591e+01
<MIXTURE> 6 2.043843e-01
<MEAN> 6
 -5.624440e+01 9.635389e+00 -6.230924e+01 2.069804e+01 4.977829e+02 2.334324e+02
<VARIANCE> 6
 4.114318e+02 3.366448e+05 8.846463e+05 1.002683e+04 2.500484e+05 7.569684e+07
<GCONST> 8.325131e+01
<MIXTURE> 7 1.174886e-01
<MEAN> 6
 6.852894e+01 -1.965154e+02 -6.960862e+00 -6.963101e+01 -9.106150e+02 3.528094e+02
<VARIANCE> 6
 1.001240e+03 4.943787e+05 7.307021e+05 4.351783e+04 5.341226e+05 1.719873e+08
<GCONST> 8.738131e+01
<TRANSP> 14
 0.000000e+00 1.000000e+00 0.000000e+00 0.000000e+00 0.000000e+00 0.000000e+00 0.000000e+00 0.000000e+00 0.000000e+00 0.000000e+00 0.000000e+00 0.000000e+00 0.000000e+00 0.000000e+00
 0.000000e+00 9.999247e-01 7.526076e-05 0.000000e+00 0.000000e+00 0.000000e+00 0.000000e+00 0.000000e+00 0.000000e+00 0.000000e+00 0.000000e+00 0.000000e+00 0.000000e+00 0.000000e+00
 0.000000e+00 0.000000e+00 9.963127e-01 3.687267e-03 0.000000e+00 0.000000e+00 0.000000e+00 0.000000e+00 0.000000e+00 0.000000e+00 0.000000e+00 0.000000e+00 0.000000e+00 0.000000e+00
 0.000000e+00 0.000000e+00 0.000000e+00 9.973668e-01 2.633130e-03 0.000000e+00 0.000000e+00 0.000000e+00 0.000000e+00 0.000000e+00 0.000000e+00 0.000000e+00 0.000000e+00 0.000000e+00
 0.000000e+00 0.000000e+00 0.000000e+00 0.000000e+00 9.964473e-01 3.552614e-03 0.000000e+00 0.000000e+00 0.000000e+00 0.000000e+00 0.000000e+00 0.000000e+00 0.000000e+00 0.000000e+00
 0.000000e+00 0.000000e+00 0.000000e+00 0.000000e+00 0.000000e+00 9.966282e-01 3.371813e-03 0.000000e+00 0.000000e+00 0.000000e+00 0.000000e+00 0.000000e+00 0.000000e+00 0.000000e+00
 0.000000e+00 0.000000e+00 0.000000e+00 0.000000e+00 0.000000e+00 0.000000e+00 9.976349e-01 2.365011e-03 0.000000e+00 0.000000e+00 0.000000e+00 0.000000e+00 0.000000e+00 0.000000e+00
 0.000000e+00 0.000000e+00 0.000000e+00 0.000000e+00 0.000000e+00 0.000000e+00 0.000000e+00 9.964389e-01 3.561083e-03 0.000000e+00 0.000000e+00 0.000000e+00 0.000000e+00 0.000000e+00
 0.000000e+00 0.000000e+00 0.000000e+00 0.000000e+00 0.000000e+00 0.000000e+00 0.000000e+00 0.000000e+00 9.973910e-01 2.609065e-03 0.000000e+00 0.000000e+00 0.000000e+00 0.000000e+00
 0.000000e+00 0.000000e+00 0.000000e+00 0.000000e+00 0.000000e+00 0.000000e+00 0.000000e+00 0.000000e+00 0.000000e+00 9.971110e-01 2.889015e-03 0.000000e+00 0.000000e+00 0.000000e+00
 0.000000e+00 0.000000e+00 0.000000e+00 0.000000e+00 0.000000e+00 0.000000e+00 0.000000e+00 0.000000e+00 0.000000e+00 0.000000e+00 9.954226e-01 4.577397e-03 0.000000e+00 0.000000e+00
 0.000000e+00 0.000000e+00 0.000000e+00 0.000000e+00 0.000000e+00 0.000000e+00 0.000000e+00 0.000000e+00 0.000000e+00 0.000000e+00 0.000000e+00 9.981233e-01 1.876723e-03 0.000000e+00
 0.000000e+00 0.000000e+00 0.000000e+00 0.000000e+00 0.000000e+00 0.000000e+00 0.000000e+00 0.000000e+00 0.000000e+00 0.000000e+00 0.000000e+00 0.000000e+00 9.999015e-01 9.858399e-05
 0.000000e+00 0.000000e+00 0.000000e+00 0.000000e+00 0.000000e+00 0.000000e+00 0.000000e+00 0.000000e+00 0.000000e+00 0.000000e+00 0.000000e+00 0.000000e+00 0.000000e+00 0.000000e+00
<ENDHMM>
~h "SegundoESO"
<BEGINHMM>
<NUMSTATES> 14
<STATE> 2
<NUMMIXES> 7
<MIXTURE> 1 1.834944e-01
<MEAN> 6
 6.174990e+01 9.693935e+01 -1.637175e+03 2.517893e-01 -3.668097e+00 -1.803815e+02
<VARIANCE> 6
 3.185140e+01 4.980338e+04 1.224015e+05 3.028640e+02 4.053393e+04 5.195771e+07
<GCONST> 7.110837e+01
<MIXTURE> 2 2.008114e-01
<MEAN> 6
 5.980310e+01 6.290048e+02 -3.878545e+03 1.205028e-03 -2.888395e+00 -5.127822e+01
<VARIANCE> 6
 3.185140e+01 9.945479e+03 1.109257e+06 3.028640e+02 4.053393e+04 5.195771e+07
<GCONST> 7.170154e+01
<MIXTURE> 3 5.689174e-02
<MEAN> 6
 7.216959e+01 6.508284e+02 -7.721263e+03 -1.697508e-01 1.476276e+00 -1.168101e+01
<VARIANCE> 6
 3.185140e+01 1.759392e+05 4.894464e+06 3.028640e+02 4.053393e+04 5.195771e+07
<GCONST> 7.605898e+01
<MIXTURE> 4 9.776790e-02
<MEAN> 6
 5.537617e+01 1.178335e+02 -3.501438e+03 1.008175e-02 1.644363e+00 -3.448645e+01
<VARIANCE> 6
 3.185140e+01 9.945479e+03 1.075807e+06 3.028640e+02 4.053393e+04 5.195771e+07
<GCONST> 7.167092e+01
<MIXTURE> 5 1.334661e-01
<MEAN> 6
 7.600764e+01 -1.261492e+02 -5.087989e+03 -7.563823e-01 -1.310404e+01 -2.046869e+02
<VARIANCE> 6
 3.185140e+01 9.945479e+03 2.457239e+06 3.028640e+02 4.053393e+04 5.195771e+07
<GCONST> 7.249689e+01
<MIXTURE> 6 1.785345e-01
<MEAN> 6
 6.169432e+01 -6.487454e+01 -1.362907e+03 -1.055348e-02 -7.681226e-01 -1.217234e+02
<VARIANCE> 6
 3.185140e+01 6.325777e+04 1.640496e+05 3.028640e+02 4.053393e+04 5.195771e+07
<GCONST> 7.164037e+01
<MIXTURE> 7 1.490115e-01
<MEAN> 6
 7.410336e+01 -3.694056e+02 -8.533457e+03 -5.364519e-02 -1.781252e+00 -2.153646e+01
<VARIANCE> 6
 3.185140e+01 9.945479e+03 1.189629e+06 3.028640e+02 4.053393e+04 5.195771e+07
<GCONST> 7.177148e+01
<STATE> 3
<NUMMIXES> 7
<MIXTURE> 1 8.743592e-02
<MEAN> 6
 7.799006e+01 8.111476e+02 1.170955e+03 -1.344408e+00 2.326339e+00 -8.428959e+01
<VARIANCE> 6
 3.185140e+01 1.092445e+06 4.372510e+05 3.028640e+02 4.053393e+04 5.195771e+07
<GCONST> 7.546965e+01
<MIXTURE> 2 1.803876e-01
<MEAN> 6
 6.960695e+01 8.038932e+02 3.142244e+01 -2.355679e-01 -4.821444e+00 -1.012166e+02
<VARIANCE> 6
 3.185140e+01 2.041225e+05 5.511939e+04 3.028640e+02 4.053393e+04 5.195771e+07
<GCONST> 7.172120e+01
<MIXTURE> 3 1.764512e-01
<MEAN> 6
 6.199247e+01 1.879819e+03 -6.412538e+02 2.932115e-01 -2.483934e+00 -1.062621e+02
<VARIANCE> 6
 3.185140e+01 8.461946e+05 2.363448e+05 3.028640e+02 4.053393e+04 5.195771e+07
<GCONST> 7.459901e+01
<MIXTURE> 4 1.422038e-01
<MEAN> 6
 8.168167e+01 -7.642859e+02 1.131279e+02 -1.932365e-01 -5.552292e+00 -1.069001e+02
<VARIANCE> 6
 3.185140e+01 1.778382e+04 2.305435e+04 3.028640e+02 4.053393e+04 5.195771e+07
<GCONST> 6.840912e+01
<MIXTURE> 5 1.893554e-01
<MEAN> 6
 6.690585e+01 -1.185043e+03 -2.199192e+02 2.319006e-01 -4.394013e-01 -9.460111e+01
<VARIANCE> 6
 3.185140e+01 8.634631e+05 1.657877e+05 3.028640e+02 4.053393e+04 5.195771e+07
<GCONST> 7.426463e+01
<MIXTURE> 6 1.195514e-01
<MEAN> 6
 7.503798e+01 4.581499e+02 4.078181e+02 -5.198495e-01 -5.224067e+00 -4.973594e+01
<VARIANCE> 6
 3.185140e+01 5.577925e+04 4.682745e+05 3.028640e+02 4.053393e+04 5.195771e+07
<GCONST> 7.256343e+01
<MIXTURE> 7 1.044282e-01
<MEAN> 6
 7.182246e+01 1.380748e+02 9.807693e+02 -7.600427e-01 1.614718e+00 -6.346296e+01
<VARIANCE> 6
 6.135599e+01 1.647878e+05 8.432422e+05 3.028640e+02 4.053393e+04 5.195771e+07
<GCONST> 7.489050e+01
<STATE> 4
<NUMMIXES> 7
<MIXTURE> 1 2.600133e-02
<MEAN> 6
 8.694683e+01 -4.872834e+03 1.457373e+04 -1.880028e+00 -9.415504e+00 5.118854e+01
<VARIANCE> 6
 1.791237e+02 4.913655e+06 2.056281e+07 1.866518e+03 1.308071e+05 5.195771e+07
<GCONST> 8.554111e+01
<MIXTURE> 2 1.653078e-01
<MEAN> 6
 -4.565419e+01 6.789802e+02 3.653300e+03 7.603586e-03 8.102908e+02 1.197394e+02
<VARIANCE> 6
 7.485264e+02 6.157492e+05 2.026850e+06 5.191917e+04 4.869709e+05 1.843546e+08
<GCONST> 8.848373e+01
<MIXTURE> 3 1.951338e-01
<MEAN> 6
 8.918485e+01 -1.327118e+03 2.663857e+02 -4.050026e+00 -1.557974e+01 -1.320993e+02
<VARIANCE> 6
 5.172609e+01 1.158704e+06 4.095428e+05 3.028640e+02 4.053393e+04 5.195771e+07
<GCONST> 7.594795e+01
<MIXTURE> 4 1.797320e-01
<MEAN> 6
 7.967915e+01 -3.697258e+02 2.302513e+03 2.136730e+01 -6.351289e+02 -4.722771e+02
<VARIANCE> 6
 4.160288e+02 1.197399e+06 3.512743e+06 2.213459e+04 1.580310e+05 5.195771e+07
<GCONST> 8.586697e+01
<MIXTURE> 5 1.868510e-01
<MEAN> 6
 8.039391e+01 -2.748319e+03 3.408508e+03 -3.116165e-01 -1.382838e+01 -1.062506e+02
<VARIANCE> 6
 1.061647e+02 3.842790e+06 5.783693e+06 3.028640e+02 4.053393e+04 5.195771e+07
<GCONST> 8.051363e+01
<MIXTURE> 6 1.279397e-01
<MEAN> 6
 4.690895e+01 7.576494e+01 2.140963e+03 -5.362627e+01 -7.232482e+02 1.700056e+03
<VARIANCE> 6
 9.012955e+02 4.133145e+06 4.518688e+06 7.147923e+04 5.814001e+05 2.387151e+08
<GCONST> 9.213052e+01
<MIXTURE> 7 1.189635e-01
<MEAN> 6
 -4.172812e+01 -7.308993e+02 1.541528e+03 2.036787e-01 5.967422e+02 -8.106395e+02
<VARIANCE> 6
 6.188045e+02 4.804705e+06 1.366254e+06 2.607874e+04 3.626032e+05 8.395374e+07
<GCONST> 8.818346e+01
<STATE> 5
<NUMMIXES> 7
<MIXTURE> 1 1.045767e-01
<MEAN> 6
 5.771576e+01 1.287404e+02 1.661740e+02 -4.599015e-01 -5.148808e+00 -1.979501e+02
<VARIANCE> 6
 4.544946e+01 9.945479e+03 1.064935e+05 3.028640e+02 4.053393e+04 5.195771e+07
<GCONST> 6.971370e+01
<MIXTURE> 2 1.650943e-01
<MEAN> 6
 6.899870e+01 6.602107e+01 2.204736e+02 -4.338798e-01 -8.903559e+00 -1.505592e+02
<VARIANCE> 6
 3.185140e+01 1.685052e+05 1.446517e+04 3.028640e+02 4.053393e+04 5.195771e+07
<GCONST> 7.019168e+01
<MIXTURE> 3 1.290662e-01
<MEAN> 6
 6.058403e+01 -3.333026e+02 -3.324144e+02 -3.433893e-02 -1.438355e+00 -1.213566e+02
<VARIANCE> 6
 3.185140e+01 1.925120e+04 3.706848e+04 3.028640e+02 4.053393e+04 5.195771e+07
<GCONST> 6.896332e+01
<MIXTURE> 4 1.299455e-01
<MEAN> 6
 6.638319e+01 6.193101e+01 -3.454135e+02 -7.393919e-01 -4.364724e+00 -2.030717e+02
<VARIANCE> 6
 3.578809e+01 1.022416e+04 5.876212e+04 3.028640e+02 4.053393e+04 5.195771e+07
<GCONST> 6.890776e+01
<MIXTURE> 5 1.722883e-01
<MEAN> 6
 6.308085e+01 -4.330941e+02 1.293366e+02 -2.212167e-01 -7.197589e+00 -1.603783e+02
<VARIANCE> 6
 3.185140e+01 7.677017e+04 2.074513e+04 3.028640e+02 4.053393e+04 5.195771e+07
<GCONST> 6.976610e+01
<MIXTURE> 6 1.495614e-01
<MEAN> 6
 5.847045e+01 1.824305e+01 -1.488682e+02 5.204096e-02 -5.820551e+00 -1.800601e+02
<VARIANCE> 6
 3.185140e+01 9.945479e+03 1.398304e+04 3.028640e+02 4.053393e+04 5.195771e+07
<GCONST> 6.732794e+01
<MIXTURE> 7 1.494169e-01
<MEAN> 6
 6.794745e+01 -1.594191e+02 2.581148e+02 -3.389335e-01 -7.608387e+00 -1.256574e+02
<VARIANCE> 6
 3.185140e+01 7.049477e+04 1.398304e+04 3.028640e+02 4.053393e+04 5.195771e+07
<GCONST> 6.928636e+01
<STATE> 6
<NUMMIXES> 7
<MIXTURE> 1 1.928555e-01
<MEAN> 6
 2.912322e+01 1.587551e+02 -3.294934e+01 2.403931e+02 -2.251122e+02 -2.898409e+03
<VARIANCE> 6
 7.357319e+02 7.920744e+05 3.907879e+05 3.230948e+03 1.585278e+05 7.423426e+07
<GCONST> 8.226341e+01
<MIXTURE> 2 1.505992e-01
<MEAN> 6
 -1.625084e+01 3.294216e+02 1.006322e+02 -2.623782e+02 5.808096e+02 8.595556e+03
<VARIANCE> 6
 5.904307e+02 1.002577e+06 3.772661e+05 5.842169e+03 9.627213e+05 3.713021e+08
<GCONST> 8.624981e+01
<MIXTURE> 3 1.729409e-01
<MEAN> 6
 8.531035e+01 1.159750e+02 -3.463972e+01 -3.460921e+00 -5.896945e+02 -7.574328e+02
<VARIANCE> 6
 1.989564e+02 7.751118e+05 3.949452e+05 8.709201e+03 2.912948e+05 8.396143e+07
<GCONST> 8.266771e+01
<MIXTURE> 4 1.227504e-01
<MEAN> 6
 -3.650702e+01 9.966885e+01 5.052001e+01 1.523522e+02 8.982316e+02 -3.212968e+03
<VARIANCE> 6
 1.697284e+02 4.433676e+05 1.642966e+05 1.279202e+04 1.702498e+05 8.428617e+07
<GCONST> 8.092438e+01
<MIXTURE> 5 1.253061e-01
<MEAN> 6
 4.790533e+01 1.893227e+02 9.300046e+01 -2.318172e+02 -6.304572e+02 3.177278e+03
<VARIANCE> 6
 4.384386e+02 7.376359e+05 2.654207e+05 4.461615e+03 2.220324e+05 7.309416e+07
<GCONST> 8.193186e+01
<MIXTURE> 6 1.519419e-01
<MEAN> 6
 -5.802591e+01 -1.492091e+01 -4.002547e+01 2.893070e+00 8.578843e+02 -2.855326e+03
<VARIANCE> 6
 7.312129e+01 7.619491e+05 4.429992e+05 5.287333e+03 4.970709e+05 1.565876e+08
<GCONST> 8.242303e+01
<MIXTURE> 7 8.344577e-02
<MEAN> 6
 8.034367e+01 -2.675640e+02 -6.370421e+00 3.560623e+01 -1.198532e+03 -1.748005e+03
<VARIANCE> 6
 4.213261e+02 3.455437e+06 4.902672e+05 2.297439e+04 1.073942e+06 8.169951e+08
<GCONST> 8.967896e+01
<STATE> 7
<NUMMIXES> 7
<MIXTURE> 1 2.050068e-01
<MEAN> 6
 -4.564597e+01 6.859335e+02 -1.429142e+03 1.460942e+01 5.934401e+02 -4.445676e+02
<VARIANCE> 6
 1.775824e+02 2.403736e+06 1.681603e+06 8.744148e+03 2.746417e+05 5.376776e+07
<GCONST> 8.463404e+01
<MIXTURE> 2 9.596764e-02
<MEAN> 6
 4.579333e+01 2.122091e+02 -8.440243e+02 -4.866404e+01 -3.927405e+02 1.120860e+03
<VARIANCE> 6
 2.856875e+03 8.915059e+06 3.732970e+06 4.341827e+04 2.248361e+06 8.661239e+08
<GCONST> 9.600459e+01
<MIXTURE> 3 1.587101e-01
<MEAN> 6
 5.498630e+01 2.078479e+03 -2.551299e+03 1.431277e+02 -2.135201e+02 -9.170157e+02
<VARIANCE> 6
 5.764714e+02 3.123831e+06 2.884761e+06 4.792319e+03 4.822377e+04 5.195771e+07
<GCONST> 8.423804e+01
<MIXTURE> 4 1.278901e-01
<MEAN> 6
 8.543902e+01 3.950166e+01 -1.122177e+03 -9.855192e+00 -8.410151e+01 -2.270394e+02
<VARIANCE> 6
 1.482097e+02 1.963292e+06 3.796902e+06 7.004514e+02 6.212660e+04 5.195771e+07
<GCONST> 8.102031e+01
<MIXTURE> 5 1.385981e-01
<MEAN> 6
 6.240395e-01 1.232227e+03 -1.744088e+03 -2.421713e+01 1.703742e+02 5.396554e+02
<VARIANCE> 6
 4.624087e+02 3.401604e+06 2.119898e+06 3.280139e+04 6.893955e+04 5.237592e+07
<GCONST> 8.608352e+01
<MIXTURE> 6 1.516300e-01
<MEAN> 6
 7.134869e+01 2.379902e+02 -1.827322e+03 -9.352274e+01 -5.326996e+02 9.381018e+02
<VARIANCE> 6
 3.362752e+02 4.851118e+06 1.983845e+06 1.147708e+04 1.377799e+05 5.195771e+07
<GCONST> 8.568793e+01
<MIXTURE> 7 1.221404e-01
<MEAN> 6
 -5.320217e+00 9.881797e+02 -2.062682e+03 1.416160e+01 1.064148e+02 -4.588167e+02
<VARIANCE> 6
 6.893699e+02 3.603678e+06 2.932286e+06 2.582186e+04 4.804746e+04 5.195771e+07
<GCONST> 8.625667e+01
<STATE> 8
<NUMMIXES> 7
<MIXTURE> 1 1.458050e-01
<MEAN> 6
 5.135144e+01 6.647672e+01 2.437520e+02 2.564414e+01 -3.357867e+02 2.317228e+02
<VARIANCE> 6
 3.486179e+02 5.104637e+05 2.032681e+06 1.776357e+04 8.896227e+04 5.195771e+07
<GCONST> 8.349599e+01
<MIXTURE> 2 9.234377e-02
<MEAN> 6
 -3.091578e+01 -3.117900e+01 2.973841e+02 -9.018596e+01 6.604645e+02 2.211586e+03
<VARIANCE> 6
 3.202991e+02 4.642118e+05 1.037335e+06 1.542427e+04 3.616583e+05 1.824888e+08
<GCONST> 8.516113e+01
<MIXTURE> 3 1.513937e-01
<MEAN> 6
 3.417572e+00 1.407030e+02 1.704919e+02 7.349481e+01 3.338985e+01 -1.622916e+03
<VARIANCE> 6
 4.571545e+02 2.695160e+05 6.201081e+05 1.829579e+04 4.846684e+04 5.195771e+07
<GCONST> 8.136332e+01
<MIXTURE> 4 1.520222e-01
<MEAN> 6
 7.361772e+01 -6.823396e+01 1.718229e+02 7.828638e+00 -1.857792e+02 -4.690813e+02
<VARIANCE> 6
 8.625934e+01 4.278998e+05 3.782285e+05 1.970754e+03 6.715523e+04 5.195771e+07
<GCONST> 7.776139e+01
<MIXTURE> 5 2.086076e-01
<MEAN> 6
 -4.507370e+01 -7.654276e+00 1.267050e+02 3.019358e+01 3.701634e+02 -5.154203e+02
<VARIANCE> 6
 1.926727e+02 2.891687e+05 5.207305e+05 4.485204e+03 1.018617e+05 5.195771e+07
<GCONST> 7.973186e+01
<MIXTURE> 6 1.312910e-01
<MEAN> 6
 9.321029e+00 -3.401418e+02 -7.235543e+01 -6.296635e+01 1.349196e+01 1.248282e+03
<VARIANCE> 6
 4.665401e+02 6.196039e+05 1.482245e+05 2.553515e+04 1.051474e+05 5.626980e+07
<GCONST> 8.197252e+01
<MIXTURE> 7 1.181888e-01
<MEAN> 6
 6.420275e+01 -5.769221e+02 1.063272e+02 -1.872363e+01 -5.682452e+02 4.376632e+01
<VARIANCE> 6
 1.810235e+02 1.799403e+06 3.512764e+05 1.215936e+04 1.665918e+05 5.876785e+07
<GCONST> 8.271645e+01
<STATE> 9
<NUMMIXES> 7
<MIXTURE> 1 1.396514e-01
<MEAN> 6
 7.055522e+01 5.206931e+02 5.588276e+02 -3.737303e+00 8.205144e+00 2.988375e+01
<VARIANCE> 6
 3.185140e+01 9.945479e+03 1.604441e+04 3.028640e+02 4.053393e+04 5.195771e+07
<GCONST> 6.746545e+01
<MIXTURE> 2 1.247062e-01
<MEAN> 6
 7.949213e+01 -9.058711e+01 -7.728613e+02 -4.461264e+00 -6.850967e+00 1.349536e+02
<VARIANCE> 6
 3.185140e+01 5.923080e+04 3.585968e+04 3.028640e+02 4.053393e+04 5.195771e+07
<GCONST> 7.005403e+01
<MIXTURE> 3 9.458531e-02
<MEAN> 6
 6.772014e+01 -3.843037e+02 2.972439e+03 -1.403409e+00 -1.235290e+01 1.456335e+02
<VARIANCE> 6
 3.185140e+01 1.633121e+04 1.398304e+04 3.028640e+02 4.053393e+04 5.195771e+07
<GCONST> 6.782390e+01
<MIXTURE> 4 9.672615e-02
<MEAN> 6
 7.342886e+01 5.851648e+02 -4.247479e+03 -2.811944e+00 -4.810022e-01 -2.067296e+01
<VARIANCE> 6
 3.185140e+01 9.945479e+03 2.947191e+04 3.028640e+02 4.053393e+04 5.195771e+07
<GCONST> 6.807353e+01
<MIXTURE> 5 3.135397e-01
<MEAN> 6
 8.476884e+01 -8.071900e+02 1.451552e+03 -2.964518e+00 -9.046068e+00 2.752077e+02
<VARIANCE> 6
 3.185140e+01 1.962622e+05 1.816089e+06 3.028640e+02 4.053393e+04 5.195771e+07
<GCONST> 7.517686e+01
<MIXTURE> 6 1.118676e-01
<MEAN> 6
 7.470101e+01 -1.331589e+03 1.090925e+03 -3.837087e+00 4.451948e+00 2.735340e+01
<VARIANCE> 6
 3.185140e+01 2.741962e+04 1.405147e+04 3.028640e+02 4.053393e+04 5.195771e+07
<GCONST> 6.834696e+01
<MIXTURE> 7 1.189245e-01
<MEAN> 6
 7.670141e+01 3.124701e+01 -9.128813e+02 -5.789804e+00 -5.123146e+00 -1.028153e+02
<VARIANCE> 6
 3.185140e+01 2.775541e+04 7.321305e+04 3.028640e+02 4.053393e+04 5.195771e+07
<GCONST> 7.000978e+01
<STATE> 10
<NUMMIXES> 7
<MIXTURE> 1 2.179636e-01
<MEAN> 6
 1.065738e+02 7.587573e+02 -6.346785e+02 -6.936150e+00 6.822268e-01 3.009273e+02
<VARIANCE> 6
 3.729676e+01 3.217688e+05 1.194015e+05 3.028640e+02 4.053393e+04 5.195771e+07
<GCONST> 7.310712e+01
<MIXTURE> 2 1.312165e-01
<MEAN> 6
 9.612621e+01 -8.986958e+02 -7.620073e+03 -5.404383e+00 -4.865217e-02 1.470521e+02
<VARIANCE> 6
 1.626809e+02 9.167376e+04 5.443790e+06 3.028640e+02 4.053393e+04 5.195771e+07
<GCONST> 7.714415e+01
<MIXTURE> 3 1.098494e-01
<MEAN> 6
 9.214418e+01 1.140346e+03 -3.729878e+02 -4.463498e+00 2.553449e+00 7.217504e+01
<VARIANCE> 6
 3.185140e+01 3.005692e+04 1.741320e+06 3.028640e+02 4.053393e+04 5.195771e+07
<GCONST> 7.325847e+01
<MIXTURE> 4 1.720117e-01
<MEAN> 6
 8.796408e+01 -6.857446e+02 -1.441659e+03 -3.623234e+00 -1.966950e+00 4.561421e+01
<VARIANCE> 6
 8.850866e+01 6.372631e+04 1.155324e+05 3.028640e+02 4.053393e+04 5.195771e+07
<GCONST> 7.231914e+01
<MIXTURE> 5 8.502164e-02
<MEAN> 6
 1.025069e+02 1.958625e+03 -2.157784e+03 -5.919584e+00 -1.958052e+00 2.226901e+02
<VARIANCE> 6
 3.765495e+01 5.352756e+04 7.412171e+05 3.028640e+02 4.053393e+04 5.195771e+07
<GCONST> 7.314885e+01
<MIXTURE> 6 1.713391e-01
<MEAN> 6
 9.110941e+01 1.967912e+02 -2.438254e+03 -3.746296e+00 5.417533e+00 2.591838e+01
<VARIANCE> 6
 3.185140e+01 8.526534e+04 5.861548e+05 3.028640e+02 4.053393e+04 5.195771e+07
<GCONST> 7.321233e+01
<MIXTURE> 7 1.125747e-01
<MEAN> 6
 8.603857e+01 -5.021407e+03 1.144286e+02 -7.106952e+00 1.328489e+01 2.840859e+02
<VARIANCE> 6
 6.468934e+01 6.673738e+06 2.092588e+06 3.028640e+02 4.053393e+04 5.195771e+07
<GCONST> 7.955358e+01
<STATE> 11
<NUMMIXES> 7
<MIXTURE> 1 1.293571e-01
<MEAN> 6
 6.119862e+01 2.008932e+03 8.682575e+02 -1.888022e+00 -6.416605e+00 1.760922e+02
<VARIANCE> 6
 3.185140e+01 4.961914e+05 6.236561e+05 3.028640e+02 4.053393e+04 5.195771e+07
<GCONST> 7.503554e+01
<MIXTURE> 2 1.797396e-01
<MEAN> 6
 6.463666e+01 4.507105e+02 1.380370e+02 -1.118789e-01 -4.495700e+00 -1.592555e+02
<VARIANCE> 6
 3.404567e+01 9.945479e+03 1.398304e+04 3.028640e+02 4.053393e+04 5.195771e+07
<GCONST> 6.739456e+01
<MIXTURE> 3 9.706701e-02
<MEAN> 6
 6.598403e+01 -5.789164e+01 -3.179712e+01 -1.293027e+00 -8.736005e+00 8.384499e+01
<VARIANCE> 6
 3.185140e+01 9.945479e+03 1.398304e+04 3.028640e+02 4.053393e+04 5.195771e+07
<GCONST> 6.732794e+01
<MIXTURE> 4 8.727853e-02
<MEAN> 6
 5.418558e+01 8.667499e+02 5.965952e+00 4.373342e-01 1.529731e+00 -1.755257e+02
<VARIANCE> 6
 3.185140e+01 9.945479e+03 1.398304e+04 3.028640e+02 4.053393e+04 5.195771e+07
<GCONST> 6.732794e+01
<MIXTURE> 5 2.267340e-01
<MEAN> 6
 6.337494e+01 3.628247e+02 -1.813331e+02 1.148236e+00 -9.446057e+00 -1.548297e+02
<VARIANCE> 6
 3.185140e+01 9.945479e+03 1.398304e+04 3.028640e+02 4.053393e+04 5.195771e+07
<GCONST> 6.732794e+01
<MIXTURE> 6 1.845639e-01
<MEAN> 6
 6.210573e+01 4.565385e+02 1.299268e+02 -1.028898e-01 -1.382082e+00 -1.321620e+02
<VARIANCE> 6
 3.185140e+01 9.945479e+03 1.398304e+04 3.028640e+02 4.053393e+04 5.195771e+07
<GCONST> 6.732794e+01
<MIXTURE> 7 9.525403e-02
<MEAN> 6
 6.106750e+01 -9.086953e+02 6.924513e+01 5.236536e-01 -1.052146e+01 1.590237e+02
<VARIANCE> 6
 3.185140e+01 1.852019e+06 1.611047e+05 3.028640e+02 4.053393e+04 5.195771e+07
<GCONST> 7.499906e+01
<STATE> 12
<NUMMIXES> 7
<MIXTURE> 1 9.297188e-02
<MEAN> 6
 9.056264e+01 -2.699314e+02 3.033233e+02 -3.159465e+00 -6.394688e+00 1.475514e+02
<VARIANCE> 6
 3.886708e+01 1.511984e+04 1.118401e+05 3.028640e+02 4.053393e+04 5.195771e+07
<GCONST> 7.002512e+01
<MIXTURE> 2 1.556101e-01
<MEAN> 6
 8.516408e+01 2.997452e+02 -2.058420e+02 -3.226683e+00 -2.743339e+00 1.221439e+01
<VARIANCE> 6
 3.913263e+01 1.590043e+04 1.582451e+04 3.028640e+02 4.053393e+04 5.195771e+07
<GCONST> 6.812675e+01
<MIXTURE> 3 2.022678e-01
<MEAN> 6
 7.534124e+01 8.471443e+02 -2.096661e+02 -3.319656e+00 1.409739e+00 5.501996e+01
<VARIANCE> 6
 3.185140e+01 3.766030e+05 1.104828e+05 3.028640e+02 4.053393e+04 5.195771e+07
<GCONST> 7.302902e+01
<MIXTURE> 4 1.608213e-01
<MEAN> 6
 7.946109e+01 -5.355161e+02 2.940050e+02 -3.420732e+00 -3.589411e-01 9.783304e+01
<VARIANCE> 6
 3.207425e+01 1.469581e+05 3.825664e+04 3.028640e+02 4.053393e+04 5.195771e+07
<GCONST> 7.103441e+01
<MIXTURE> 5 1.916127e-01
<MEAN> 6
 7.429325e+01 -6.189288e+02 -1.782275e+02 -2.958632e+00 -1.750477e+00 -7.873965e+00
<VARIANCE> 6
 3.900289e+01 3.026669e+05 1.398304e+04 3.028640e+02 4.053393e+04 5.195771e+07
<GCONST> 7.094601e+01
<MIXTURE> 6 1.124967e-01
<MEAN> 6
 8.292484e+01 -8.782954e+02 5.903383e+01 -4.935786e+00 -2.631671e+00 9.462904e+01
<VARIANCE> 6
 6.137888e+01 1.476116e+05 2.940744e+04 3.028640e+02 4.053393e+04 5.195771e+07
<GCONST> 7.142479e+01
<MIXTURE> 7 8.418058e-02
<MEAN> 6
 8.699963e+01 -2.241750e+02 1.020085e+02 -3.690255e+00 -1.679040e+00 6.884071e+01
<VARIANCE> 6
 6.756541e+01 4.770736e+04 4.115328e+04 3.028640e+02 4.053393e+04 5.195771e+07
<GCONST> 7.072738e+01
<STATE> 13
<NUMMIXES> 7
<MIXTURE> 1 1.275415e-01
<MEAN> 6
 5.794295e+01 -1.216430e+02 -1.732491e+01 5.143738e+01 -1.240659e+02 -4.094224e+02
<VARIANCE> 6
 2.210660e+02 1.115129e+05 3.139371e+04 5.298871e+03 4.053393e+04 5.195771e+07
<GCONST> 7.535307e+01
<MIXTURE> 2 2.037633e-01
<MEAN> 6
 -1.722797e+01 -2.522547e+01 3.261737e+01 4.872316e+00 3.021004e+02 -9.960033e+02
<VARIANCE> 6
 4.105064e+02 5.257145e+04 1.686805e+04 2.322855e+04 1.885166e+05 8.203614e+07
<GCONST> 7.807051e+01
<MIXTURE> 3 1.014998e-01
<MEAN> 6
 4.471807e+00 4.362868e+01 7.665466e+01 -1.005137e+02 2.496623e+02 4.033378e+03
<VARIANCE> 6
 1.618766e+03 1.861186e+05 1.181025e+05 2.607645e+04 8.881291e+05 3.644041e+08
<GCONST> 8.580957e+01
<MIXTURE> 4 1.193840e-01
<MEAN> 6
 7.343296e+01 -2.649722e+02 1.946822e+01 -8.083956e+00 -2.488470e+02 2.852349e+02
<VARIANCE> 6
 1.383051e+02 3.672218e+05 5.012694e+04 1.972560e+03 1.185355e+05 5.195771e+07
<GCONST> 7.662875e+01
<MIXTURE> 5 1.587646e-01
<MEAN> 6
 -3.696938e+01 1.556313e+01 -1.173088e+02 1.482579e+01 4.769027e+02 -2.508192e+02
<VARIANCE> 6
 1.807323e+02 8.219605e+04 6.769090e+04 6.858030e+03 1.762761e+05 5.195771e+07
<GCONST> 7.734277e+01
<MIXTURE> 6 1.727263e-01
<MEAN> 6
 3.086423e+01 2.558392e+01 -3.704938e+00 3.757233e+01 -1.860760e+02 -3.714762e+02
<VARIANCE> 6
 4.355763e+02 7.461279e+04 7.017449e+04 2.489357e+04 7.559038e+04 5.195771e+07
<GCONST> 7.860413e+01
<MIXTURE> 7 1.161263e-01
<MEAN> 6
 6.393846e+01 2.273631e+01 2.569907e+01 -4.585113e+01 -7.225781e+02 -4.264525e+02
<VARIANCE> 6
 1.931347e+02 1.184479e+05 1.886473e+04 1.396574e+04 1.924273e+05 6.181856e+07
<GCONST> 7.746947e+01
<TRANSP> 14
 0.000000e+00 1.000000e+00 0.000000e+00 0.000000e+00 0.000000e+00 0.000000e+00 0.000000e+00 0.000000e+00 0.000000e+00 0.000000e+00 0.000000e+00 0.000000e+00 0.000000e+00 0.000000e+00
 0.000000e+00 9.978036e-01 2.196366e-03 0.000000e+00 0.000000e+00 0.000000e+00 0.000000e+00 0.000000e+00 0.000000e+00 0.000000e+00 0.000000e+00 0.000000e+00 0.000000e+00 0.000000e+00
 0.000000e+00 0.000000e+00 9.994820e-01 5.179669e-04 0.000000e+00 0.000000e+00 0.000000e+00 0.000000e+00 0.000000e+00 0.000000e+00 0.000000e+00 0.000000e+00 0.000000e+00 0.000000e+00
 0.000000e+00 0.000000e+00 0.000000e+00 9.993957e-01 6.043621e-04 0.000000e+00 0.000000e+00 0.000000e+00 0.000000e+00 0.000000e+00 0.000000e+00 0.000000e+00 0.000000e+00 0.000000e+00
 0.000000e+00 0.000000e+00 0.000000e+00 0.000000e+00 9.992460e-01 7.540224e-04 0.000000e+00 0.000000e+00 0.000000e+00 0.000000e+00 0.000000e+00 0.000000e+00 0.000000e+00 0.000000e+00
 0.000000e+00 0.000000e+00 0.000000e+00 0.000000e+00 0.000000e+00 9.998619e-01 1.381492e-04 0.000000e+00 0.000000e+00 0.000000e+00 0.000000e+00 0.000000e+00 0.000000e+00 0.000000e+00
 0.000000e+00 0.000000e+00 0.000000e+00 0.000000e+00 0.000000e+00 0.000000e+00 9.992926e-01 7.073728e-04 0.000000e+00 0.000000e+00 0.000000e+00 0.000000e+00 0.000000e+00 0.000000e+00
 0.000000e+00 0.000000e+00 0.000000e+00 0.000000e+00 0.000000e+00 0.000000e+00 0.000000e+00 9.998372e-01 1.627518e-04 0.000000e+00 0.000000e+00 0.000000e+00 0.000000e+00 0.000000e+00
 0.000000e+00 0.000000e+00 0.000000e+00 0.000000e+00 0.000000e+00 0.000000e+00 0.000000e+00 0.000000e+00 9.967737e-01 3.226347e-03 0.000000e+00 0.000000e+00 0.000000e+00 0.000000e+00
 0.000000e+00 0.000000e+00 0.000000e+00 0.000000e+00 0.000000e+00 0.000000e+00 0.000000e+00 0.000000e+00 0.000000e+00 9.985007e-01 1.499309e-03 0.000000e+00 0.000000e+00 0.000000e+00
 0.000000e+00 0.000000e+00 0.000000e+00 0.000000e+00 0.000000e+00 0.000000e+00 0.000000e+00 0.000000e+00 0.000000e+00 0.000000e+00 9.982359e-01 1.764067e-03 0.000000e+00 0.000000e+00
 0.000000e+00 0.000000e+00 0.000000e+00 0.000000e+00 0.000000e+00 0.000000e+00 0.000000e+00 0.000000e+00 0.000000e+00 0.000000e+00 0.000000e+00 9.986877e-01 1.312299e-03 0.000000e+00
 0.000000e+00 0.000000e+00 0.000000e+00 0.000000e+00 0.000000e+00 0.000000e+00 0.000000e+00 0.000000e+00 0.000000e+00 0.000000e+00 0.000000e+00 0.000000e+00 9.997737e-01 2.263291e-04
 0.000000e+00 0.000000e+00 0.000000e+00 0.000000e+00 0.000000e+00 0.000000e+00 0.000000e+00 0.000000e+00 0.000000e+00 0.000000e+00 0.000000e+00 0.000000e+00 0.000000e+00 0.000000e+00
<ENDHMM>
~h "QuintoPRIMARIA"
<BEGINHMM>
<NUMSTATES> 14
<STATE> 2
<NUMMIXES> 7
<MIXTURE> 1 1.449068e-01
<MEAN> 6
 -3.485498e+01 -3.814967e+01 1.773727e+02 1.985553e+01 8.572842e+02 -1.467256e+03
<VARIANCE> 6
 6.046208e+02 1.767216e+05 1.766410e+05 4.050420e+04 4.148800e+05 1.394875e+08
<GCONST> 8.389446e+01
<MIXTURE> 2 1.110441e-01
<MEAN> 6
 7.808933e+00 -1.848403e+02 1.048465e+02 -7.080715e+01 2.402556e+02 3.737952e+03
<VARIANCE> 6
 3.034394e+03 1.633748e+06 8.320366e+05 5.688150e+04 2.638426e+06 1.036840e+09
<GCONST> 9.347691e+01
<MIXTURE> 3 1.536946e-01
<MEAN> 6
 6.955412e+01 1.903966e+00 -2.701475e+01 -3.018349e+00 -2.509018e+01 -3.517618e+02
<VARIANCE> 6
 1.309032e+02 4.545797e+04 9.132629e+04 3.028640e+02 4.053393e+04 5.195771e+07
<GCONST> 7.213757e+01
<MIXTURE> 4 1.784807e-01
<MEAN> 6
 5.917568e+01 1.201420e+01 -9.987505e+00 1.992062e+01 -4.610846e+02 -7.895829e+02
<VARIANCE> 6
 6.660922e+02 2.095031e+05 5.124862e+04 3.059847e+04 1.871419e+05 5.195771e+07
<GCONST> 8.085989e+01
<MIXTURE> 5 9.717990e-02
<MEAN> 6
 7.539019e+01 -1.137232e+01 -2.838552e+02 -3.441901e+00 -2.290615e+01 -2.441768e+02
<VARIANCE> 6
 2.162595e+02 6.248859e+05 1.279734e+05 3.028640e+02 4.053393e+04 5.195771e+07
<GCONST> 7.559776e+01
<MIXTURE> 6 1.707915e-01
<MEAN> 6
 5.258644e+01 2.780401e+01 -5.021297e+01 -3.981152e+01 -6.881984e+02 4.346398e+02
<VARIANCE> 6
 1.077119e+03 1.002599e+05 1.690832e+05 4.614684e+04 5.595036e+05 2.198234e+08
<GCONST> 8.474570e+01
<MIXTURE> 7 1.431585e-01
<MEAN> 6
 -4.320785e+01 -2.740757e+01 1.062210e+01 3.558404e+01 4.437777e+02 -9.394635e+01
<VARIANCE> 6
 4.261520e+02 9.011480e+04 6.295529e+04 1.025439e+04 1.525272e+05 5.195771e+07
<GCONST> 7.847758e+01
<STATE> 3
<NUMMIXES> 7
<MIXTURE> 1 1.231185e-01
<MEAN> 6
 4.472665e+00 3.445393e+01 1.171209e+02 2.171204e+02 2.110332e+02 -3.081118e+03
<VARIANCE> 6
 4.134393e+02 5.787068e+04 1.959460e+05 2.168214e+03 1.086280e+05 5.195771e+07
<GCONST> 7.724661e+01
<MIXTURE> 2 1.185714e-01
<MEAN> 6
 8.737978e+01 1.440595e+02 -3.698132e+01 1.572600e+02 -1.732512e+03 -1.257540e+04
<VARIANCE> 6
 1.330512e+02 5.808702e+05 4.558933e+05 7.829470e+03 9.586049e+05 5.699528e+08
<GCONST> 8.512024e+01
<MIXTURE> 3 1.798103e-01
<MEAN> 6
 7.455147e+01 1.368697e+02 -2.810058e+01 1.246762e+02 -5.347259e+02 -4.334781e+02
<VARIANCE> 6
 5.122429e+02 4.991518e+04 2.042958e+04 5.916817e+03 2.845034e+05 5.690716e+07
<GCONST> 7.710987e+01
<MIXTURE> 4 8.497305e-02
<MEAN> 6
 -1.980486e+01 4.730374e+02 4.789533e+02 2.995511e+02 1.114990e+03 -1.059066e+04
<VARIANCE> 6
 3.239617e+02 1.457257e+06 2.183908e+05 7.200823e+03 4.810673e+05 1.887345e+08
<GCONST> 8.431555e+01
<MIXTURE> 5 2.391554e-01
<MEAN> 6
 5.090421e+01 -1.315364e+02 -1.529901e+02 1.607653e+02 -2.337055e+02 -5.319849e+01
<VARIANCE> 6
 3.681389e+02 1.172710e+05 2.286210e+05 4.117956e+03 1.024018e+05 5.195771e+07
<GCONST> 7.857350e+01
<MIXTURE> 6 1.373064e-01
<MEAN> 6
 3.610818e+01 1.579714e+02 2.779066e+02 3.223427e+02 -4.113761e+02 -9.047632e+03
<VARIANCE> 6
 5.389842e+02 4.312592e+05 2.268192e+05 6.339294e+03 5.634602e+05 1.772638e+08
<GCONST> 8.361285e+01
<MIXTURE> 7 1.170514e-01
<MEAN> 6
 -6.310242e-01 -4.970378e+02 1.161143e+02 1.514337e+02 1.994174e+02 -2.277987e+03
<VARIANCE> 6
 2.492899e+02 1.972424e+05 2.117708e+05 9.361309e+03 8.218228e+04 5.195771e+07
<GCONST> 7.922830e+01
<STATE> 4
<NUMMIXES> 7
<MIXTURE> 1 1.407383e-01
<MEAN> 6
 1.011045e+02 9.932206e+02 2.395800e+02 -3.596850e+00 -4.593488e+00 3.853287e+02
<VARIANCE> 6
 3.185140e+01 9.945479e+03 1.398304e+04 3.028640e+02 4.053393e+04 5.195771e+07
<GCONST> 6.732794e+01
<MIXTURE> 2 7.029141e-02
<MEAN> 6
 9.579937e+01 6.964807e+01 1.775137e+02 -2.565014e+01 -7.999852e+02 2.802657e+04
<VARIANCE> 6
 1.339874e+02 1.162247e+06 1.388871e+06 1.416788e+03 1.560807e+06 7.912572e+08
<GCONST> 8.604087e+01
<MIXTURE> 3 1.829138e-01
<MEAN> 6
 9.403562e+01 1.600977e+02 2.216701e+02 -7.497684e+00 1.905607e+01 -1.897738e+02
<VARIANCE> 6
 3.185140e+01 8.866732e+04 5.229647e+04 3.028640e+02 4.053393e+04 5.195771e+07
<GCONST> 7.083479e+01
<MIXTURE> 4 1.239669e-01
<MEAN> 6
 9.816671e+01 -5.625229e+01 3.324751e+01 -9.743948e+00 -1.921749e-01 5.094653e+02
<VARIANCE> 6
 3.185140e+01 5.906910e+04 1.398304e+04 3.028640e+02 4.053393e+04 5.195771e+07
<GCONST> 6.910953e+01
<MIXTURE> 5 2.100643e-01
<MEAN> 6
 9.734173e+01 -1.960973e+02 -1.862856e+02 -5.707328e+00 -6.252965e-01 7.607874e+01
<VARIANCE> 6
 3.185140e+01 8.644310e+04 2.190118e+04 3.028640e+02 4.053393e+04 5.195771e+07
<GCONST> 6.993900e+01
<MIXTURE> 6 1.593890e-01
<MEAN> 6
 9.416471e+01 5.622969e+02 -9.872469e+01 -6.948514e+00 -1.374316e+01 2.250774e+02
<VARIANCE> 6
 3.185140e+01 2.465406e+05 4.046564e+04 3.028640e+02 4.053393e+04 5.195771e+07
<GCONST> 7.160095e+01
<MIXTURE> 7 1.126164e-01
<MEAN> 6
 9.831228e+01 -9.491132e+01 -5.103582e+01 -7.116470e+00 -8.690437e+00 2.697815e+02
<VARIANCE> 6
 3.185140e+01 6.262979e+04 2.646563e+04 3.028640e+02 4.053393e+04 5.195771e+07
<GCONST> 6.980606e+01
<STATE> 5
<NUMMIXES> 7
<MIXTURE> 1 3.244833e-02
<MEAN> 6
 8.341759e+01 -3.266851e+01 -2.129300e+02 -5.079464e+01 5.044691e+02 4.397228e+03
<VARIANCE> 6
 4.004030e+01 7.570805e+04 8.974869e+04 1.312331e+03 5.904296e+05 7.199304e+08
<GCONST> 7.821939e+01
<MIXTURE> 2 2.635751e-02
<MEAN> 6
 6.441084e+01 -1.306284e+03 -2.276318e+03 1.405639e+02 -7.119176e+02 -7.259742e+02
<VARIANCE> 6
 7.672705e+02 1.610958e+06 2.557484e+06 6.624181e+03 3.522598e+05 1.602454e+08
<GCONST> 8.717980e+01
<MIXTURE> 3 2.303009e-01
<MEAN> 6
 9.047543e+01 4.631366e+02 -1.225880e+03 -2.589616e+00 -8.933072e+00 -2.346343e+01
<VARIANCE> 6
 3.185140e+01 3.206998e+04 1.205056e+05 3.028640e+02 4.053393e+04 5.195771e+07
<GCONST> 7.065259e+01
<MIXTURE> 4 2.103301e-01
<MEAN> 6
 8.611828e+01 -8.244958e+02 -1.531546e+03 5.316081e+00 -3.052016e+01 2.540923e+02
<VARIANCE> 6
 6.403203e+01 4.829215e+05 8.976511e+05 3.028640e+02 4.053393e+04 5.195771e+07
<GCONST> 7.607091e+01
<MIXTURE> 5 1.192451e-01
<MEAN> 6
 8.832281e+01 1.293707e+02 -4.808029e+02 -3.829876e+00 -1.090912e+01 -2.835749e+02
<VARIANCE> 6
 3.185140e+01 1.050378e+05 1.660960e+04 3.028640e+02 4.053393e+04 5.195771e+07
<GCONST> 6.985727e+01
<MIXTURE> 6 2.523010e-01
<MEAN> 6
 8.689646e+01 3.154828e+02 -1.021090e+03 -2.755500e+00 2.271595e+00 -4.467840e-01
<VARIANCE> 6
 3.185140e+01 9.945479e+03 9.868626e+04 3.028640e+02 4.053393e+04 5.195771e+07
<GCONST> 6.928204e+01
<MIXTURE> 7 1.290108e-01
<MEAN> 6
 8.379038e+01 -2.552287e+02 -5.049355e+02 -2.255959e+00 -1.909991e+01 -5.423391e+01
<VARIANCE> 6
 3.185140e+01 2.298915e+04 2.295563e+04 3.028640e+02 4.053393e+04 5.195771e+07
<GCONST> 6.866156e+01
<STATE> 6
<NUMMIXES> 7
<MIXTURE> 1 2.850972e-01
<MEAN> 6
 7.570770e+01 1.975294e+03 1.690436e+02 -2.922455e+00 2.776436e+00 -2.863998e+01
<VARIANCE> 6
 3.185140e+01 2.371107e+05 5.943101e+05 3.028640e+02 4.053393e+04 5.195771e+07
<GCONST> 7.424890e+01
<MIXTURE> 2 1.086820e-01
<MEAN> 6
 5.710724e+01 -8.781099e+03 -1.988703e+03 -5.538814e-01 -6.346523e+00 -7.709324e+01
<VARIANCE> 6
 3.185140e+01 2.081741e+07 3.242530e+04 3.028640e+02 4.053393e+04 5.195771e+07
<GCONST> 7.581546e+01
<MIXTURE> 3 6.814921e-02
<MEAN> 6
 6.807039e+01 4.525283e+03 -6.633459e+02 -1.298335e+00 7.588800e-01 -2.207304e+00
<VARIANCE> 6
 3.185140e+01 2.583160e+05 1.398304e+04 3.028640e+02 4.053393e+04 5.195771e+07
<GCONST> 7.058501e+01
<MIXTURE> 4 1.427024e-01
<MEAN> 6
 6.975043e+01 5.703654e+01 -1.450201e+03 2.633206e+00 -3.133258e+00 -7.139262e+01
<VARIANCE> 6
 3.185140e+01 1.700460e+06 8.473973e+04 3.028640e+02 4.053393e+04 5.195771e+07
<GCONST> 7.427121e+01
<MIXTURE> 5 1.649999e-01
<MEAN> 6
 6.623318e+01 1.314544e+03 -6.192070e+02 -6.867352e-01 -2.121056e+00 -8.790884e+01
<VARIANCE> 6
 3.185140e+01 9.945479e+03 1.398304e+04 3.028640e+02 4.053393e+04 5.195771e+07
<GCONST> 6.732794e+01
<MIXTURE> 6 1.492445e-01
<MEAN> 6
 6.863505e+01 -6.504711e+02 -1.551344e+03 9.810390e-01 -3.565705e+00 -8.943130e+01
<VARIANCE> 6
 3.185140e+01 2.021570e+04 3.380536e+04 3.028640e+02 4.053393e+04 5.195771e+07
<GCONST> 6.892005e+01
<MIXTURE> 7 8.111616e-02
<MEAN> 6
 5.881739e+01 1.045323e+03 -1.074290e+03 -5.372688e-01 -7.705034e+00 -8.717095e+01
<VARIANCE> 6
 3.185140e+01 1.660564e+04 1.398304e+04 3.028640e+02 4.053393e+04 5.195771e+07
<GCONST> 6.784056e+01
<STATE> 7
<NUMMIXES> 7
<MIXTURE> 1 1.230794e-01
<MEAN> 6
 7.383678e+01 1.328501e+03 1.206667e+03 3.462521e-01 -8.134689e+00 -1.198509e+02
<VARIANCE> 6
 3.185140e+01 9.945479e+03 1.398304e+04 3.028640e+02 4.053393e+04 5.195771e+07
<GCONST> 6.732794e+01
<MIXTURE> 2 1.427162e-01
<MEAN> 6
 8.427338e+01 5.377019e+02 -2.114082e+02 -2.326312e+00 -3.725604e+00 -1.248767e+02
<VARIANCE> 6
 3.185140e+01 9.945479e+03 1.398304e+04 3.028640e+02 4.053393e+04 5.195771e+07
<GCONST> 6.732794e+01
<MIXTURE> 3 1.986313e-01
<MEAN> 6
 6.358598e+01 7.725691e+02 -3.087085e+03 7.916633e-01 -7.105377e+00 -5.152682e+01
<VARIANCE> 6
 3.185140e+01 9.945479e+03 1.276112e+05 3.028640e+02 4.053393e+04 5.195771e+07
<GCONST> 6.953908e+01
<MIXTURE> 4 1.825605e-01
<MEAN> 6
 7.134176e+01 7.146245e+02 2.397909e+02 -8.687272e+00 1.015818e+01 1.980521e+02
<VARIANCE> 6
 3.191648e+01 1.135621e+05 3.290813e+04 3.028640e+02 4.053393e+04 5.195771e+07
<GCONST> 7.062108e+01
<MIXTURE> 5 1.305134e-01
<MEAN> 6
 8.413042e+01 5.284802e+02 -2.262937e+02 -2.101892e+00 -2.232917e+00 -1.047318e+02
<VARIANCE> 6
 3.185140e+01 9.945479e+03 1.398304e+04 3.028640e+02 4.053393e+04 5.195771e+07
<GCONST> 6.732794e+01
<MIXTURE> 6 1.070011e-01
<MEAN> 6
 6.918391e+01 3.056391e+02 2.272426e+02 -2.973413e+00 4.492982e+00 -6.062251e+01
<VARIANCE> 6
 3.185140e+01 9.945479e+03 1.398304e+04 3.028640e+02 4.053393e+04 5.195771e+07
<GCONST> 6.732794e+01
<MIXTURE> 7 1.154960e-01
<MEAN> 6
 6.949659e+01 2.829668e+02 2.102837e+02 -3.078816e+00 3.768647e+00 -5.650398e+01
<VARIANCE> 6
 3.185140e+01 9.945479e+03 1.398304e+04 3.028640e+02 4.053393e+04 5.195771e+07
<GCONST> 6.732794e+01
<STATE> 8
<NUMMIXES> 7
<MIXTURE> 1 2.006781e-01
<MEAN> 6
 8.260075e+01 5.995642e+01 7.220181e+01 -2.661574e+00 6.502460e+00 -7.389562e+01
<VARIANCE> 6
 3.185140e+01 9.945479e+03 1.398304e+04 3.028640e+02 4.053393e+04 5.195771e+07
<GCONST> 6.732794e+01
<MIXTURE> 2 2.109667e-01
<MEAN> 6
 6.326366e+01 6.169023e+01 -1.990997e+02 -2.283494e+00 9.161422e+00 6.948636e+01
<VARIANCE> 6
 3.185140e+01 1.006215e+04 1.398304e+04 3.028640e+02 4.053393e+04 5.195771e+07
<GCONST> 6.733960e+01
<MIXTURE> 3 1.854243e-01
<MEAN> 6
 8.450947e+01 6.637952e+01 -2.068754e+02 -4.538193e-01 -3.405677e+00 1.107146e+01
<VARIANCE> 6
 3.185140e+01 9.945479e+03 1.398304e+04 3.028640e+02 4.053393e+04 5.195771e+07
<GCONST> 6.732794e+01
<MIXTURE> 4 6.830412e-02
<MEAN> 6
 6.031868e+01 -1.880073e+01 -5.844858e+02 -2.743575e+00 -2.664142e+00 1.080746e+02
<VARIANCE> 6
 3.185140e+01 9.945479e+03 7.648230e+04 3.028640e+02 4.053393e+04 5.195771e+07
<GCONST> 6.902715e+01
<MIXTURE> 5 9.412659e-02
<MEAN> 6
 8.504853e+01 -9.827089e-01 3.171959e+01 -2.384164e+00 -2.528307e+00 -4.985816e+00
<VARIANCE> 6
 3.185140e+01 4.911105e+04 1.398304e+04 3.028640e+02 4.053393e+04 5.195771e+07
<GCONST> 6.892490e+01
<MIXTURE> 6 1.181030e-01
<MEAN> 6
 7.936128e+01 -1.683898e+02 -3.227731e+02 -1.114513e+00 -1.020399e+01 2.457565e+01
<VARIANCE> 6
 3.185140e+01 9.945479e+03 1.398304e+04 3.028640e+02 4.053393e+04 5.195771e+07
<GCONST> 6.732794e+01
<MIXTURE> 7 1.223719e-01
<MEAN> 6
 8.618877e+01 -1.278723e+02 2.147026e+01 -2.401692e+00 2.513216e-01 -3.337594e+01
<VARIANCE> 6
 3.185140e+01 1.462357e+04 1.398304e+04 3.028640e+02 4.053393e+04 5.195771e+07
<GCONST> 6.771346e+01
<STATE> 9
<NUMMIXES> 7
<MIXTURE> 1 1.033856e-01
<MEAN> 6
 8.962070e+01 2.144976e+02 3.733028e+03 -5.215209e-02 -5.541373e+00 -1.548630e+02
<VARIANCE> 6
 3.185140e+01 9.945479e+03 1.398304e+04 3.028640e+02 4.053393e+04 5.195771e+07
<GCONST> 6.732794e+01
<MIXTURE> 2 1.720139e-01
<MEAN> 6
 7.086701e+01 6.342445e+02 3.386533e+03 -3.362431e-01 -4.135473e+00 -1.122158e+02
<VARIANCE> 6
 3.185140e+01 9.945479e+03 1.319354e+06 3.028640e+02 4.053393e+04 5.195771e+07
<GCONST> 7.187499e+01
<MIXTURE> 3 1.415189e-01
<MEAN> 6
 9.545827e+01 8.206019e+02 1.748244e+03 -5.346009e-01 9.303727e-01 -8.379203e+01
<VARIANCE> 6
 3.185140e+01 4.025241e+04 6.081807e+05 3.028640e+02 4.053393e+04 5.195771e+07
<GCONST> 7.249862e+01
<MIXTURE> 4 1.545223e-01
<MEAN> 6
 5.135161e+01 5.010691e+02 -1.205206e+03 -2.741354e-01 -1.154597e+00 -1.181537e+02
<VARIANCE> 6
 3.185140e+01 9.945479e+03 4.895615e+06 3.028640e+02 4.053393e+04 5.195771e+07
<GCONST> 7.318619e+01
<MIXTURE> 5 1.472420e-01
<MEAN> 6
 6.161588e+01 1.576338e+02 -3.047960e+03 3.261465e-01 -3.835589e+00 -1.080406e+02
<VARIANCE> 6
 3.185140e+01 9.945479e+03 4.249585e+04 3.028640e+02 4.053393e+04 5.195771e+07
<GCONST> 6.843950e+01
<MIXTURE> 6 1.869872e-01
<MEAN> 6
 7.658715e+01 -2.193708e+02 2.878847e+03 -1.482528e-01 -5.967049e+00 -8.821751e+01
<VARIANCE> 6
 3.185140e+01 3.937103e+04 2.541574e+05 3.028640e+02 4.053393e+04 5.195771e+07
<GCONST> 7.160396e+01
<MIXTURE> 7 9.427159e-02
<MEAN> 6
 5.027394e+01 3.540578e+02 -1.928755e+03 4.501182e+00 -1.364925e+01 -9.770312e+01
<VARIANCE> 6
 3.304950e+01 2.235583e+04 1.833320e+07 3.028640e+02 4.053393e+04 5.195771e+07
<GCONST> 7.535345e+01
<STATE> 10
<NUMMIXES> 7
<MIXTURE> 1 1.601173e-01
<MEAN> 6
 7.973970e+01 -3.519756e+02 1.651942e+02 -3.571371e+00 1.658684e+00 -2.318952e+01
<VARIANCE> 6
 3.185140e+01 9.945479e+03 2.838969e+04 3.028640e+02 4.053393e+04 5.195771e+07
<GCONST> 6.803612e+01
<MIXTURE> 2 1.142333e-01
<MEAN> 6
 7.759074e+01 -6.269647e+02 6.580112e+01 -2.857034e+00 -1.840261e+00 -5.502674e+01
<VARIANCE> 6
 3.185140e+01 1.678594e+05 2.450572e+04 3.028640e+02 4.053393e+04 5.195771e+07
<GCONST> 7.071501e+01
<MIXTURE> 3 9.451427e-02
<MEAN> 6
 7.779732e+01 -5.214791e+02 1.305240e+02 -3.342012e+00 2.630375e+00 -4.768205e-02
<VARIANCE> 6
 3.185140e+01 5.945400e+04 1.398304e+04 3.028640e+02 4.053393e+04 5.195771e+07
<GCONST> 6.911602e+01
<MIXTURE> 4 2.041877e-01
<MEAN> 6
 7.420280e+01 -1.153641e+03 -4.358252e+02 -1.745318e+00 -4.684425e+00 -9.755779e+01
<VARIANCE> 6
 3.185140e+01 8.428374e+04 1.093799e+05 3.028640e+02 4.053393e+04 5.195771e+07
<GCONST> 7.152199e+01
<MIXTURE> 5 1.210394e-01
<MEAN> 6
 7.261030e+01 -5.858373e+02 1.794151e+02 -1.716595e+00 -1.801577e+00 -1.388755e+02
<VARIANCE> 6
 3.185140e+01 9.945479e+03 1.398304e+04 3.028640e+02 4.053393e+04 5.195771e+07
<GCONST> 6.732794e+01
<MIXTURE> 6 1.376847e-01
<MEAN> 6
 7.716715e+01 -8.029615e+02 -2.945424e+01 -2.187901e+00 1.220303e-01 -7.760940e+01
<VARIANCE> 6
 3.185140e+01 7.845955e+04 2.608748e+04 3.028640e+02 4.053393e+04 5.195771e+07
<GCONST> 7.001701e+01
<MIXTURE> 7 1.681918e-01
<MEAN> 6
 7.880529e+01 -3.884256e+02 8.794109e+00 -4.356737e+00 2.240499e+00 -2.897516e+01
<VARIANCE> 6
 3.185140e+01 9.945479e+03 4.736864e+04 3.028640e+02 4.053393e+04 5.195771e+07
<GCONST> 6.854805e+01
<STATE> 11
<NUMMIXES> 7
<MIXTURE> 1 9.031441e-03
<MEAN> 6
 8.054407e+01 4.332629e+02 1.431308e+03 -1.891577e+01 -1.081293e+03 -4.136208e+04
<VARIANCE> 6
 3.268370e+02 4.584560e+05 3.094831e+06 5.965754e+02 8.428111e+05 1.437178e+09
<GCONST> 8.591924e+01
<MIXTURE> 2 1.442966e-01
<MEAN> 6
 8.166969e+01 -7.120093e+02 1.499816e+03 -2.792564e-01 -4.018899e+00 -1.173671e+02
<VARIANCE> 6
 3.185140e+01 9.945479e+03 2.134474e+04 3.028640e+02 4.053393e+04 5.195771e+07
<GCONST> 6.775090e+01
<MIXTURE> 3 1.353159e-01
<MEAN> 6
 7.167594e+01 2.161037e+01 5.940369e+02 -2.640934e+00 1.085364e+00 1.353464e+00
<VARIANCE> 6
 3.185140e+01 9.945479e+03 1.982710e+04 3.028640e+02 4.053393e+04 5.195771e+07
<GCONST> 6.767714e+01
<MIXTURE> 4 1.859745e-01
<MEAN> 6
 7.339056e+01 -4.185885e+02 9.935473e+02 -1.180544e+00 -8.328789e-01 -5.996089e+00
<VARIANCE> 6
 3.185140e+01 9.945479e+03 1.782826e+04 3.028640e+02 4.053393e+04 5.195771e+07
<GCONST> 6.757088e+01
<MIXTURE> 5 1.633447e-01
<MEAN> 6
 5.865411e+01 -1.920451e+01 2.087410e+02 -8.928972e-02 -8.669989e-01 -8.211469e+01
<VARIANCE> 6
 3.185140e+01 9.945479e+03 1.398304e+04 3.028640e+02 4.053393e+04 5.195771e+07
<GCONST> 6.732794e+01
<MIXTURE> 6 2.234885e-01
<MEAN> 6
 7.341907e+01 -4.175395e+02 9.036293e+02 -1.393963e+00 -7.692788e+00 -9.459349e+01
<VARIANCE> 6
 3.185140e+01 9.945479e+03 1.398304e+04 3.028640e+02 4.053393e+04 5.195771e+07
<GCONST> 6.732794e+01
<MIXTURE> 7 1.385337e-01
<MEAN> 6
 7.334302e+01 -1.472886e+01 4.735642e+02 -2.306985e+00 1.070010e+00 -6.122494e-02
<VARIANCE> 6
 3.185140e+01 9.945479e+03 1.398304e+04 3.028640e+02 4.053393e+04 5.195771e+07
<GCONST> 6.732794e+01
<STATE> 12
<NUMMIXES> 7
<MIXTURE> 1 8.719880e-02
<MEAN> 6
 6.169086e+01 4.030804e+02 -7.254741e+02 -9.787101e+01 -7.204549e+02 -2.887524e+03
<VARIANCE> 6
 1.572425e+02 1.960872e+05 2.998824e+06 2.418543e+03 6.057664e+04 5.195771e+07
<GCONST> 7.975362e+01
<MIXTURE> 2 6.897026e-02
<MEAN> 6
 6.833560e+01 1.687573e+02 9.729861e+01 -8.804298e+01 -1.246925e+03 -1.161525e+04
<VARIANCE> 6
 7.897166e+01 1.618739e+06 5.600152e+05 2.277277e+03 4.355329e+05 1.379435e+08
<GCONST> 8.238664e+01
<MIXTURE> 3 7.919707e-02
<MEAN> 6
 6.257290e+01 3.210063e+02 1.439869e+03 -2.246067e+02 -2.097413e+03 8.317635e+02
<VARIANCE> 6
 2.027089e+02 4.490824e+05 4.612818e+06 7.575966e+03 8.698286e+05 7.133309e+08
<GCONST> 8.769258e+01
<MIXTURE> 4 2.199268e-01
<MEAN> 6
 -5.169056e+01 1.523210e+02 3.375271e+02 -2.915032e+01 1.532379e+03 -5.663846e+03
<VARIANCE> 6
 2.022146e+02 1.451671e+06 4.051576e+06 4.063922e+04 1.065895e+06 3.579992e+08
<GCONST> 8.992729e+01
<MIXTURE> 5 1.160317e-01
<MEAN> 6
 -2.884041e+01 2.340403e+02 -2.354884e+03 -4.161406e+02 1.263058e+03 3.975580e+04
<VARIANCE> 6
 4.092430e+02 2.342513e+06 1.663028e+07 9.382497e+03 3.516728e+06 1.181611e+09
<GCONST> 9.344483e+01
<MIXTURE> 6 2.323365e-01
<MEAN> 6
 2.035208e+01 1.361791e+02 -4.876332e+02 -3.178649e+02 -8.648785e+02 5.379668e+03
<VARIANCE> 6
 4.495607e+02 2.616694e+06 2.947281e+06 9.155411e+03 5.268678e+05 1.936490e+08
<GCONST> 8.818771e+01
<MIXTURE> 7 1.963301e-01
<MEAN> 6
 -7.268048e+01 -1.114313e+02 -1.916707e+03 -1.720717e+01 1.139830e+03 -8.934297e+03
<VARIANCE> 6
 9.475343e+01 7.467271e+05 6.279804e+06 8.536509e+03 1.201012e+06 4.991913e+08
<GCONST> 8.783412e+01
<STATE> 13
<NUMMIXES> 7
<MIXTURE> 1 1.366303e-01
<MEAN> 6
 8.773344e+01 2.872337e+02 3.418096e+02 -3.538522e+00 -2.637716e+01 -8.382123e+01
<VARIANCE> 6
 1.369211e+02 3.913312e+05 3.235139e+06 3.028640e+02 4.053393e+04 5.195771e+07
<GCONST> 7.790268e+01
<MIXTURE> 2 2.017856e-02
<MEAN> 6
 -5.384655e+00 1.575994e+02 1.007057e+02 -2.045506e+01 1.033815e+00 3.006448e+03
<VARIANCE> 6
 1.140395e+04 1.978586e+05 4.190707e+05 1.789517e+06 9.752053e+08 1.434246e+12
<GCONST> 1.085974e+02
<MIXTURE> 3 1.488453e-01
<MEAN> 6
 1.264826e+01 -1.127730e+01 -6.299338e+02 -8.711231e+01 7.649715e+01 2.307950e+03
<VARIANCE> 6
 4.081901e+03 1.275764e+06 5.721424e+06 4.672702e+04 2.236788e+06 1.014177e+09
<GCONST> 9.507034e+01
<MIXTURE> 4 2.589961e-01
<MEAN> 6
 -5.131139e+01 -3.573637e+01 7.770765e+00 4.874277e+01 5.071461e+02 -5.678095e+02
<VARIANCE> 6
 4.742373e+02 6.396403e+05 1.200713e+06 1.733787e+04 2.429426e+05 5.941960e+07
<GCONST> 8.461742e+01
<MIXTURE> 5 1.458387e-01
<MEAN> 6
 5.585696e+01 2.285805e+02 3.230037e+02 3.989350e+01 -4.282959e+02 -1.070991e+02
<VARIANCE> 6
 8.426777e+02 1.613202e+06 2.172256e+06 2.942765e+04 1.605316e+05 5.195771e+07
<GCONST> 8.669073e+01
<MIXTURE> 6 1.275083e-01
<MEAN> 6
 8.331018e+01 -7.349644e+01 1.623674e+02 -2.095169e+00 -2.635608e+01 -1.407168e+02
<VARIANCE> 6
 2.417604e+02 1.098646e+06 8.452432e+05 3.028640e+02 4.053393e+04 5.195771e+07
<GCONST> 7.816130e+01
<MIXTURE> 7 1.615760e-01
<MEAN> 6
 5.163665e+01 -2.088869e+02 3.353474e+01 2.341012e+00 -4.748016e+02 -1.377249e+03
<VARIANCE> 6
 1.091262e+03 4.174967e+05 9.235581e+05 4.264361e+04 2.969186e+05 9.288386e+07
<GCONST> 8.630908e+01
<TRANSP> 14
 0.000000e+00 1.000000e+00 0.000000e+00 0.000000e+00 0.000000e+00 0.000000e+00 0.000000e+00 0.000000e+00 0.000000e+00 0.000000e+00 0.000000e+00 0.000000e+00 0.000000e+00 0.000000e+00
 0.000000e+00 9.999204e-01 7.958033e-05 0.000000e+00 0.000000e+00 0.000000e+00 0.000000e+00 0.000000e+00 0.000000e+00 0.000000e+00 0.000000e+00 0.000000e+00 0.000000e+00 0.000000e+00
 0.000000e+00 0.000000e+00 9.968615e-01 3.138461e-03 0.000000e+00 0.000000e+00 0.000000e+00 0.000000e+00 0.000000e+00 0.000000e+00 0.000000e+00 0.000000e+00 0.000000e+00 0.000000e+00
 0.000000e+00 0.000000e+00 0.000000e+00 9.972572e-01 2.742810e-03 0.000000e+00 0.000000e+00 0.000000e+00 0.000000e+00 0.000000e+00 0.000000e+00 0.000000e+00 0.000000e+00 0.000000e+00
 0.000000e+00 0.000000e+00 0.000000e+00 0.000000e+00 9.966083e-01 3.391627e-03 0.000000e+00 0.000000e+00 0.000000e+00 0.000000e+00 0.000000e+00 0.000000e+00 0.000000e+00 0.000000e+00
 0.000000e+00 0.000000e+00 0.000000e+00 0.000000e+00 0.000000e+00 9.981194e-01 1.880573e-03 0.000000e+00 0.000000e+00 0.000000e+00 0.000000e+00 0.000000e+00 0.000000e+00 0.000000e+00
 0.000000e+00 0.000000e+00 0.000000e+00 0.000000e+00 0.000000e+00 0.000000e+00 9.968503e-01 3.149709e-03 0.000000e+00 0.000000e+00 0.000000e+00 0.000000e+00 0.000000e+00 0.000000e+00
 0.000000e+00 0.000000e+00 0.000000e+00 0.000000e+00 0.000000e+00 0.000000e+00 0.000000e+00 9.987544e-01 1.245646e-03 0.000000e+00 0.000000e+00 0.000000e+00 0.000000e+00 0.000000e+00
 0.000000e+00 0.000000e+00 0.000000e+00 0.000000e+00 0.000000e+00 0.000000e+00 0.000000e+00 0.000000e+00 9.983329e-01 1.667097e-03 0.000000e+00 0.000000e+00 0.000000e+00 0.000000e+00
 0.000000e+00 0.000000e+00 0.000000e+00 0.000000e+00 0.000000e+00 0.000000e+00 0.000000e+00 0.000000e+00 0.000000e+00 9.984162e-01 1.583708e-03 0.000000e+00 0.000000e+00 0.000000e+00
 0.000000e+00 0.000000e+00 0.000000e+00 0.000000e+00 0.000000e+00 0.000000e+00 0.000000e+00 0.000000e+00 0.000000e+00 0.000000e+00 9.974738e-01 2.526143e-03 0.000000e+00 0.000000e+00
 0.000000e+00 0.000000e+00 0.000000e+00 0.000000e+00 0.000000e+00 0.000000e+00 0.000000e+00 0.000000e+00 0.000000e+00 0.000000e+00 0.000000e+00 9.963657e-01 3.634276e-03 0.000000e+00
 0.000000e+00 0.000000e+00 0.000000e+00 0.000000e+00 0.000000e+00 0.000000e+00 0.000000e+00 0.000000e+00 0.000000e+00 0.000000e+00 0.000000e+00 0.000000e+00 9.999075e-01 9.253472e-05
 0.000000e+00 0.000000e+00 0.000000e+00 0.000000e+00 0.000000e+00 0.000000e+00 0.000000e+00 0.000000e+00 0.000000e+00 0.000000e+00 0.000000e+00 0.000000e+00 0.000000e+00 0.000000e+00
<ENDHMM>
