~o
<STREAMINFO> 1 6
<VECSIZE> 6<NULLD><USER><DIAGC>
~h "SegundoPRIMARIA"
<BEGINHMM>
<NUMSTATES> 7
<STATE> 2
<NUMMIXES> 10
<MIXTURE> 1 7.722970e-02
<MEAN> 6
 9.035103e+01 8.701374e+01 7.930486e+02 1.142280e+00 7.420685e+00 1.139731e+03
<VARIANCE> 6
 4.102613e+02 4.990432e+05 2.620072e+06 2.979992e+02 4.008161e+04 5.125796e+07
<GCONST> 7.899136e+01
<MIXTURE> 2 1.064085e-01
<MEAN> 6
 -3.907620e+01 3.986832e+01 -3.672306e+01 -8.553637e+01 1.109192e+03 2.077359e+03
<VARIANCE> 6
 8.944261e+02 4.102253e+05 2.446404e+06 5.973436e+04 9.222376e+05 6.524095e+08
<GCONST> 9.048643e+01
<MIXTURE> 3 1.098882e-01
<MEAN> 6
 6.774957e+01 3.999701e+01 2.009002e+02 -1.220190e+01 -3.423568e+02 6.473990e+01
<VARIANCE> 6
 1.132334e+03 4.191006e+04 3.039252e+05 2.569659e+04 2.102910e+05 5.525468e+07
<GCONST> 8.156494e+01
<MIXTURE> 4 7.124052e-02
<MEAN> 6
 9.320125e+01 6.014628e+01 1.470809e+01 3.272752e+01 -8.620698e+02 -3.627326e+02
<VARIANCE> 6
 4.971223e+02 7.425406e+05 1.534451e+06 1.735236e+04 1.211290e+06 5.556274e+08
<GCONST> 8.890190e+01
<MIXTURE> 5 1.369916e-01
<MEAN> 6
 -4.157554e+01 -2.191648e+01 4.801533e+01 5.331255e+01 6.137416e+02 -1.009457e+03
<VARIANCE> 6
 7.067801e+02 1.098138e+05 4.137640e+05 2.601062e+04 1.825155e+05 6.107946e+07
<GCONST> 8.233611e+01
<MIXTURE> 6 1.439103e-01
<MEAN> 6
 6.791361e+01 -6.377855e+01 -1.202618e+02 6.096850e-01 -1.154348e+01 -1.245714e+02
<VARIANCE> 6
 5.777974e+01 2.114515e+05 1.372980e+06 2.979992e+02 4.008161e+04 5.125796e+07
<GCONST> 7.552629e+01
<MIXTURE> 7 8.645549e-02
<MEAN> 6
 -6.368751e+01 5.368676e+01 -3.670881e+02 -1.882662e-01 1.930455e+02 2.268417e+02
<VARIANCE> 6
 3.822617e+02 1.409508e+05 1.245431e+06 1.133798e+03 6.827602e+04 5.125796e+07
<GCONST> 7.878155e+01
<MIXTURE> 8 1.111742e-01
<MEAN> 6
 4.008811e+01 -8.861770e+01 -4.287437e+01 9.422157e+01 -2.626461e+02 -1.965685e+03
<VARIANCE> 6
 1.038949e+03 1.931087e+05 9.048490e+05 4.137869e+04 1.788816e+05 5.125796e+07
<GCONST> 8.433714e+01
<MIXTURE> 9 7.921652e-02
<MEAN> 6
 5.750895e+01 -4.415031e+01 5.666471e+01 -1.122325e+02 -1.048759e+03 2.354570e+03
<VARIANCE> 6
 8.451385e+02 2.276380e+05 2.096932e+06 5.715975e+04 5.328509e+05 2.945958e+08
<GCONST> 8.829898e+01
<MIXTURE> 10 7.722970e-02
<MEAN> 6
 8.224907e+01 -1.955582e+02 1.455832e+02 -5.762782e+00 -7.266088e+01 -1.724056e+03
<VARIANCE> 6
 4.102613e+02 4.990432e+05 2.620072e+06 2.979992e+02 4.008161e+04 5.125796e+07
<GCONST> 7.899136e+01
<STATE> 3
<NUMMIXES> 10
<MIXTURE> 1 1.288242e-01
<MEAN> 6
 6.744756e+01 2.016418e+02 -2.574135e+02 1.254399e+00 -9.195654e-01 -2.091223e+02
<VARIANCE> 6
 3.143036e+01 4.480766e+04 1.298819e+04 2.979992e+02 4.008161e+04 5.125796e+07
<GCONST> 6.870511e+01
<MIXTURE> 2 8.015205e-02
<MEAN> 6
 9.058262e+01 1.039521e+03 -5.983699e+02 6.106238e-01 4.037745e+01 1.482515e+03
<VARIANCE> 6
 4.299124e+01 6.030445e+05 1.048435e+05 2.979992e+02 4.008161e+04 5.125796e+07
<GCONST> 7.370638e+01
<MIXTURE> 3 5.271607e-02
<MEAN> 6
 8.984277e+01 -5.294871e+02 -6.241734e+01 -2.380278e+00 -5.361802e+00 -9.998083e+01
<VARIANCE> 6
 1.107249e+02 9.891078e+04 1.298819e+04 2.979992e+02 4.008161e+04 5.125796e+07
<GCONST> 7.075623e+01
<MIXTURE> 4 5.398618e-02
<MEAN> 6
 1.060842e+02 -1.759295e+02 -4.328080e+02 -2.520220e+00 -6.987661e+00 -7.255742e+00
<VARIANCE> 6
 8.860587e+01 1.552747e+05 1.298819e+04 2.979992e+02 4.008161e+04 5.125796e+07
<GCONST> 7.098435e+01
<MIXTURE> 5 1.023970e-01
<MEAN> 6
 5.133138e+01 1.026267e+02 -3.427313e+02 1.346586e+00 -1.001527e+00 -5.025428e+01
<VARIANCE> 6
 3.143036e+01 8.680912e+04 1.298819e+04 2.979992e+02 4.008161e+04 5.125796e+07
<GCONST> 6.936644e+01
<MIXTURE> 6 9.630842e-02
<MEAN> 6
 6.588460e+01 -5.238422e+02 -1.691841e+02 -1.320670e+00 -9.220652e+00 -7.234229e+01
<VARIANCE> 6
 6.180957e+01 2.988400e+04 1.298819e+04 2.979992e+02 4.008161e+04 5.125796e+07
<GCONST> 6.897634e+01
<MIXTURE> 7 1.279461e-01
<MEAN> 6
 7.213156e+01 2.051395e+00 -2.051319e+02 -3.865115e-01 -6.377379e+00 -1.145960e+02
<VARIANCE> 6
 3.801500e+01 1.490519e+04 1.298819e+04 2.979992e+02 4.008161e+04 5.125796e+07
<GCONST> 6.779465e+01
<MIXTURE> 8 1.497640e-01
<MEAN> 6
 9.391705e+01 -2.760492e+02 -5.481851e+02 -4.756219e-01 -1.008038e+00 -2.694751e+01
<VARIANCE> 6
 3.143036e+01 1.037138e+05 1.298819e+04 2.979992e+02 4.008161e+04 5.125796e+07
<GCONST> 6.954436e+01
<MIXTURE> 9 1.276897e-01
<MEAN> 6
 6.783533e+01 -4.119283e+01 -2.072554e+02 3.094838e-01 -1.167282e+00 -1.070386e+02
<VARIANCE> 6
 3.143036e+01 1.490519e+04 1.298819e+04 2.979992e+02 4.008161e+04 5.125796e+07
<GCONST> 6.760444e+01
<MIXTURE> 10 8.015205e-02
<MEAN> 6
 8.795991e+01 7.288968e+02 -7.278881e+02 -6.294438e+00 -3.970412e+01 -1.381272e+03
<VARIANCE> 6
 4.299124e+01 6.030445e+05 1.048435e+05 2.979992e+02 4.008161e+04 5.125796e+07
<GCONST> 7.370638e+01
<STATE> 4
<NUMMIXES> 10
<MIXTURE> 1 1.384026e-01
<MEAN> 6
 8.990404e+01 9.613673e+02 2.223835e+02 -1.814055e+00 -2.568696e+00 -2.822050e+01
<VARIANCE> 6
 3.268947e+01 5.812946e+04 1.298819e+04 2.979992e+02 4.008161e+04 5.125796e+07
<GCONST> 6.900468e+01
<MIXTURE> 2 1.285387e-01
<MEAN> 6
 9.358482e+01 -8.152738e+00 7.528906e+01 -9.776056e-01 -2.724013e+00 -1.102709e+02
<VARIANCE> 6
 3.143036e+01 2.019819e+04 1.333807e+04 2.979992e+02 4.008161e+04 5.125796e+07
<GCONST> 6.793491e+01
<MIXTURE> 3 1.174750e-01
<MEAN> 6
 7.691264e+01 2.444536e+02 1.251768e+02 -1.551852e-01 -3.872245e+00 -7.000458e+01
<VARIANCE> 6
 3.143036e+01 3.113583e+04 1.298819e+04 2.979992e+02 4.008161e+04 5.125796e+07
<GCONST> 6.834109e+01
<MIXTURE> 4 7.456639e-02
<MEAN> 6
 6.507616e+01 7.206079e+02 3.081459e+01 4.486789e-01 2.970389e+00 -8.082742e+01
<VARIANCE> 6
 3.143036e+01 5.049767e+04 1.298819e+04 2.979992e+02 4.008161e+04 5.125796e+07
<GCONST> 6.882465e+01
<MIXTURE> 5 8.897400e-02
<MEAN> 6
 7.073455e+01 -9.136853e+01 1.825329e+02 4.414627e+00 4.342874e+01 1.298791e+03
<VARIANCE> 6
 3.143036e+01 1.490519e+04 1.298819e+04 2.979992e+02 4.008161e+04 5.125796e+07
<GCONST> 6.760444e+01
<MIXTURE> 6 1.003936e-01
<MEAN> 6
 8.571868e+01 2.590052e+02 4.671057e+02 -1.232592e+00 -8.434117e-01 4.607687e+00
<VARIANCE> 6
 3.143036e+01 9.756711e+04 1.298819e+04 2.979992e+02 4.008161e+04 5.125796e+07
<GCONST> 6.948327e+01
<MIXTURE> 7 1.097193e-01
<MEAN> 6
 7.387597e+01 2.296443e+01 1.759819e+02 -5.725873e-01 -2.733385e+00 -1.284928e+02
<VARIANCE> 6
 3.143036e+01 1.490519e+04 1.298819e+04 2.979992e+02 4.008161e+04 5.125796e+07
<GCONST> 6.760444e+01
<MIXTURE> 8 7.225616e-02
<MEAN> 6
 6.319837e+01 6.065701e+02 5.189104e+01 9.963461e-01 3.846588e+00 -7.380789e+01
<VARIANCE> 6
 3.235120e+01 4.678716e+04 1.298819e+04 2.979992e+02 4.008161e+04 5.125796e+07
<GCONST> 6.877721e+01
<MIXTURE> 9 8.059699e-02
<MEAN> 6
 8.708244e+01 3.851984e+01 3.856945e+02 -1.698040e+00 -1.757271e+00 4.193467e+01
<VARIANCE> 6
 3.143036e+01 2.219428e+05 2.521045e+04 2.979992e+02 4.008161e+04 5.125796e+07
<GCONST> 7.096837e+01
<MIXTURE> 10 8.897400e-02
<MEAN> 6
 6.849204e+01 -1.402033e+02 1.369465e+02 -2.490435e+00 -3.665283e+01 -1.564995e+03
<VARIANCE> 6
 3.143036e+01 1.490519e+04 1.298819e+04 2.979992e+02 4.008161e+04 5.125796e+07
<GCONST> 6.760444e+01
<STATE> 5
<NUMMIXES> 10
<MIXTURE> 1 1.505395e-01
<MEAN> 6
 1.051008e+02 -1.933137e+02 1.348941e+03 -2.135568e+00 -5.070372e-01 -4.616722e+01
<VARIANCE> 6
 2.732159e+02 5.282538e+05 4.063262e+05 2.979992e+02 4.008161e+04 5.125796e+07
<GCONST> 7.677791e+01
<MIXTURE> 2 1.288230e-01
<MEAN> 6
 7.432795e+01 1.454026e+03 5.594361e+02 -1.121144e+00 -7.456540e+00 -1.344169e+02
<VARIANCE> 6
 3.143036e+01 9.663684e+05 1.456071e+04 2.979992e+02 4.008161e+04 5.125796e+07
<GCONST> 7.189056e+01
<MIXTURE> 3 7.567485e-02
<MEAN> 6
 8.705369e+01 3.503027e+02 -2.644028e+03 -2.456046e+00 -7.573215e+00 8.294047e+01
<VARIANCE> 6
 5.665505e+01 3.667538e+05 1.882077e+05 2.979992e+02 4.008161e+04 5.125796e+07
<GCONST> 7.407014e+01
<MIXTURE> 4 8.162931e-02
<MEAN> 6
 6.922263e+01 -7.346478e+03 1.352164e+03 -2.687032e+00 -4.185339e+00 -5.408671e+01
<VARIANCE> 6
 8.484441e+01 4.774798e+06 1.395460e+05 2.979992e+02 4.008161e+04 5.125796e+07
<GCONST> 7.674123e+01
<MIXTURE> 5 7.601300e-02
<MEAN> 6
 7.184213e+01 -3.933993e+02 -7.390440e+02 2.269554e+00 3.724904e+01 1.452511e+03
<VARIANCE> 6
 3.143036e+01 7.647962e+04 9.495180e+04 2.979992e+02 4.008161e+04 5.125796e+07
<GCONST> 7.122908e+01
<MIXTURE> 6 1.059521e-01
<MEAN> 6
 7.513616e+01 3.122113e+03 -2.071377e+02 -2.187302e+00 -6.667946e+00 -1.590742e+02
<VARIANCE> 6
 3.143036e+01 2.166480e+05 7.057328e+04 2.979992e+02 4.008161e+04 5.125796e+07
<GCONST> 7.197362e+01
<MIXTURE> 7 9.171526e-02
<MEAN> 6
 6.635189e+01 -1.336775e+03 -6.208182e+02 1.886299e+00 -4.426209e+00 -1.538300e+01
<VARIANCE> 6
 1.056098e+02 1.510748e+05 3.036818e+04 2.979992e+02 4.008161e+04 5.125796e+07
<GCONST> 7.198184e+01
<MIXTURE> 8 1.189969e-01
<MEAN> 6
 7.482217e+01 -4.458413e+02 6.385312e+02 -2.927634e-01 1.117940e+00 -1.885998e+02
<VARIANCE> 6
 7.029794e+01 8.443612e+05 1.023005e+05 2.979992e+02 4.008161e+04 5.125796e+07
<GCONST> 7.451015e+01
<MIXTURE> 9 9.460197e-02
<MEAN> 6
 6.969041e+01 1.443466e+03 -1.081986e+03 1.037820e+00 -5.052086e+00 -8.089088e+01
<VARIANCE> 6
 3.143036e+01 8.514729e+05 4.633434e+04 2.979992e+02 4.008161e+04 5.125796e+07
<GCONST> 7.292154e+01
<MIXTURE> 10 7.601300e-02
<MEAN> 6
 6.959962e+01 -5.040191e+02 -8.623010e+02 -4.635508e+00 -4.283253e+01 -1.411276e+03
<VARIANCE> 6
 3.143036e+01 7.647962e+04 9.495180e+04 2.979992e+02 4.008161e+04 5.125796e+07
<GCONST> 7.122908e+01
<STATE> 6
<NUMMIXES> 10
<MIXTURE> 1 1.268905e-02
<MEAN> 6
 2.124680e+01 6.653187e+02 -2.131951e+02 -2.617930e+01 -3.272859e+02 6.179501e+03
<VARIANCE> 6
 7.647505e+03 3.561460e+07 1.180053e+06 6.756018e+05 3.549817e+08 5.129048e+11
<GCONST> 1.114130e+02
<MIXTURE> 2 1.378733e-01
<MEAN> 6
 2.154438e+01 1.443194e+01 -6.067182e+00 2.516662e+02 4.818397e+01 -3.057422e+03
<VARIANCE> 6
 9.374639e+02 2.395948e+05 8.364209e+04 6.969754e+03 2.608013e+05 8.017950e+07
<GCONST> 8.111207e+01
<MIXTURE> 3 1.000980e-01
<MEAN> 6
 8.908784e+01 2.402501e+01 5.099315e+01 3.341599e+00 -6.467635e+02 -7.208812e+02
<VARIANCE> 6
 3.795105e+02 1.305970e+05 7.524282e+04 2.071241e+04 6.307721e+05 2.830384e+08
<GCONST> 8.272878e+01
<MIXTURE> 4 8.812585e-02
<MEAN> 6
 9.886870e+01 1.040835e+02 6.036067e+01 -1.811990e+00 1.251242e+01 1.151804e+03
<VARIANCE> 6
 3.351634e+02 9.287339e+05 1.703266e+05 2.979992e+02 4.008161e+04 5.125796e+07
<GCONST> 7.667707e+01
<MIXTURE> 5 1.239368e-01
<MEAN> 6
 4.637160e+01 4.726496e+01 -1.627915e+01 -2.706837e+01 -3.248915e+02 1.663057e+03
<VARIANCE> 6
 4.837450e+03 1.345665e+06 6.786941e+05 6.496241e+04 4.491372e+06 2.187317e+09
<GCONST> 9.495690e+01
<MIXTURE> 6 1.420973e-01
<MEAN> 6
 -4.296075e+01 -5.456353e+00 -3.684241e+00 4.739705e-01 1.247388e+03 -1.842404e+03
<VARIANCE> 6
 2.748954e+02 1.901191e+05 7.791603e+04 3.648429e+04 5.669866e+05 2.919376e+08
<GCONST> 8.330723e+01
<MIXTURE> 7 8.971558e-02
<MEAN> 6
 2.098262e+01 -2.375656e+00 4.521370e+01 -2.988390e+02 -3.116995e+02 7.708672e+03
<VARIANCE> 6
 6.923445e+02 1.310210e+05 1.070293e+05 9.635045e+03 6.720165e+05 2.743194e+08
<GCONST> 8.295232e+01
<MIXTURE> 8 1.162639e-01
<MEAN> 6
 -5.665651e+01 2.488464e+01 -1.067705e+01 1.737534e+01 3.411793e+02 5.330557e+02
<VARIANCE> 6
 1.863425e+02 3.228524e+05 1.559175e+05 2.445660e+03 1.383963e+05 5.125796e+07
<GCONST> 7.828921e+01
<MIXTURE> 9 1.003106e-01
<MEAN> 6
 8.076145e+01 -1.116755e+02 -2.419775e+00 -5.181556e+01 -8.093444e+02 -2.170530e+03
<VARIANCE> 6
 3.123958e+02 2.595676e+05 1.309551e+05 2.547685e+04 3.778612e+05 1.051795e+08
<GCONST> 8.247990e+01
<MIXTURE> 10 8.812585e-02
<MEAN> 6
 9.154572e+01 -2.813999e+02 -1.047219e+02 -8.717052e+00 -6.756915e+01 -1.711982e+03
<VARIANCE> 6
 3.351634e+02 9.287339e+05 1.703266e+05 2.979992e+02 4.008161e+04 5.125796e+07
<GCONST> 7.667707e+01
<TRANSP> 7
 0.000000e+00 1.000000e+00 0.000000e+00 0.000000e+00 0.000000e+00 0.000000e+00 0.000000e+00
 0.000000e+00 9.998313e-01 1.687263e-04 0.000000e+00 0.000000e+00 0.000000e+00 0.000000e+00
 0.000000e+00 0.000000e+00 9.992256e-01 7.744498e-04 0.000000e+00 0.000000e+00 0.000000e+00
 0.000000e+00 0.000000e+00 0.000000e+00 9.992560e-01 7.439775e-04 0.000000e+00 0.000000e+00
 0.000000e+00 0.000000e+00 0.000000e+00 0.000000e+00 9.991061e-01 8.938391e-04 0.000000e+00
 0.000000e+00 0.000000e+00 0.000000e+00 0.000000e+00 0.000000e+00 9.999422e-01 5.778990e-05
 0.000000e+00 0.000000e+00 0.000000e+00 0.000000e+00 0.000000e+00 0.000000e+00 0.000000e+00
<ENDHMM>
~h "SegundoESO"
<BEGINHMM>
<NUMSTATES> 7
<STATE> 2
<NUMMIXES> 10
<MIXTURE> 1 6.466530e-02
<MEAN> 6
 8.242523e+01 2.652165e+02 4.701089e+03 1.068358e+00 -1.715012e+01 2.725861e+01
<VARIANCE> 6
 1.194691e+02 5.503004e+07 4.017016e+07 9.333592e+02 4.046556e+04 5.125796e+07
<GCONST> 8.634172e+01
<MIXTURE> 2 1.264186e-01
<MEAN> 6
 8.440485e+01 -9.269311e+02 1.751945e+02 -1.017627e+00 -4.633328e+00 -1.153360e+02
<VARIANCE> 6
 3.143036e+01 1.938149e+05 5.551633e+04 2.979992e+02 4.008161e+04 5.125796e+07
<GCONST> 7.162227e+01
<MIXTURE> 3 1.079992e-01
<MEAN> 6
 7.619471e+01 1.115922e+03 -2.109122e+03 -1.209333e+00 -4.297377e+00 -1.326124e+02
<VARIANCE> 6
 3.143036e+01 2.968279e+05 3.026318e+06 2.979992e+02 4.008161e+04 5.125796e+07
<GCONST> 7.604694e+01
<MIXTURE> 4 1.014900e-01
<MEAN> 6
 6.987656e+01 3.690575e+02 -2.655944e+01 -4.389830e-01 -2.295581e+00 -1.141490e+02
<VARIANCE> 6
 3.143036e+01 1.216009e+06 8.274355e+04 2.979992e+02 4.008161e+04 5.125796e+07
<GCONST> 7.385777e+01
<MIXTURE> 5 9.896350e-02
<MEAN> 6
 7.069257e+01 7.115454e+01 -2.487237e+02 2.736757e+00 3.873262e+01 1.331910e+03
<VARIANCE> 6
 4.571379e+01 8.848428e+04 1.170631e+06 2.979992e+02 4.008161e+04 5.125796e+07
<GCONST> 7.426144e+01
<MIXTURE> 6 1.316486e-01
<MEAN> 6
 5.988565e+01 3.558233e+02 -6.552681e+02 -1.380860e-01 3.986766e-01 -8.219179e+01
<VARIANCE> 6
 3.143036e+01 3.193475e+06 1.954152e+05 2.979992e+02 4.008161e+04 5.125796e+07
<GCONST> 7.568268e+01
<MIXTURE> 7 9.605575e-02
<MEAN> 6
 7.839431e+01 -7.425013e+02 1.488816e+03 -4.792262e-01 -3.542082e+00 -1.599753e+02
<VARIANCE> 6
 4.255833e+01 3.500361e+06 2.119015e+06 2.979992e+02 4.008161e+04 5.125796e+07
<GCONST> 7.846112e+01
<MIXTURE> 8 7.348008e-02
<MEAN> 6
 5.685856e+01 3.613884e+02 -2.287852e+03 -9.176355e-02 -1.334009e+00 -8.651049e+01
<VARIANCE> 6
 3.143036e+01 5.744063e+04 2.913198e+06 2.979992e+02 4.008161e+04 5.125796e+07
<GCONST> 7.436645e+01
<MIXTURE> 9 1.000967e-01
<MEAN> 6
 6.768111e+01 -3.050125e+02 -2.130097e+02 -5.204458e-02 -9.348165e-01 -1.287672e+02
<VARIANCE> 6
 3.143036e+01 1.793306e+06 7.950541e+04 2.979992e+02 4.008161e+04 5.125796e+07
<GCONST> 7.420633e+01
<MIXTURE> 10 9.896350e-02
<MEAN> 6
 6.798809e+01 -4.783068e+01 -6.815065e+02 -4.168305e+00 -4.134895e+01 -1.531877e+03
<VARIANCE> 6
 4.571379e+01 8.848428e+04 1.170631e+06 2.979992e+02 4.008161e+04 5.125796e+07
<GCONST> 7.426144e+01
<STATE> 3
<NUMMIXES> 10
<MIXTURE> 1 6.795140e-02
<MEAN> 6
 1.335334e+01 1.603443e+02 3.293986e+02 -1.447159e+02 1.267796e+02 6.999323e+03
<VARIANCE> 6
 3.355153e+03 3.940377e+06 3.342178e+06 4.278736e+04 2.960324e+06 9.390195e+08
<GCONST> 9.557959e+01
<MIXTURE> 2 1.657053e-01
<MEAN> 6
 -4.536192e+01 1.613483e+02 1.002454e+02 2.657495e+01 1.020218e+03 -7.991011e+02
<VARIANCE> 6
 2.142372e+02 1.044336e+06 7.311800e+05 2.502601e+04 2.453288e+05 1.347449e+08
<GCONST> 8.501257e+01
<MIXTURE> 3 8.634495e-02
<MEAN> 6
 8.221040e+01 -3.771201e+02 1.652066e+02 -6.932310e+00 -5.917766e+01 -3.290317e+02
<VARIANCE> 6
 1.130541e+02 1.041108e+06 8.885166e+05 2.979992e+02 4.008161e+04 5.125796e+07
<GCONST> 7.735638e+01
<MIXTURE> 4 8.419798e-02
<MEAN> 6
 -2.381187e-01 2.085785e+02 1.646869e+02 -9.416875e+00 1.093644e+02 -3.020640e+02
<VARIANCE> 6
 4.006168e+02 7.444899e+05 6.243252e+05 5.158454e+04 9.536848e+04 7.059551e+07
<GCONST> 8.427411e+01
<MIXTURE> 5 8.503835e-02
<MEAN> 6
 6.309035e+01 2.415185e+02 3.248130e+02 6.868586e+01 -4.211811e+02 1.178877e+03
<VARIANCE> 6
 3.772496e+02 7.115189e+05 8.034162e+05 3.111747e+04 8.733883e+04 5.125796e+07
<GCONST> 8.350741e+01
<MIXTURE> 6 1.279940e-01
<MEAN> 6
 3.716225e+01 7.362122e+01 -4.608147e+02 2.608598e+01 -1.003012e+02 -3.013026e+02
<VARIANCE> 6
 1.950645e+03 1.549674e+07 5.644549e+06 2.890550e+04 1.549232e+05 5.125796e+07
<GCONST> 9.068037e+01
<MIXTURE> 7 8.872929e-02
<MEAN> 6
 -5.970168e+01 1.653918e+02 1.206528e+02 1.588071e+01 2.225741e+02 -5.091294e+01
<VARIANCE> 6
 9.361166e+01 8.123993e+05 1.652522e+06 7.179448e+02 7.596795e+04 5.125796e+07
<GCONST> 7.905882e+01
<MIXTURE> 8 1.239672e-01
<MEAN> 6
 7.542194e+01 -1.228017e+02 1.866232e+02 -2.969994e+01 -9.417582e+02 -4.031950e+02
<VARIANCE> 6
 4.064059e+02 1.837136e+06 5.892051e+05 2.615841e+04 3.230307e+05 1.873457e+08
<GCONST> 8.665076e+01
<MIXTURE> 9 8.442954e-02
<MEAN> 6
 -3.191249e+00 5.272792e+01 -1.214583e+01 1.029589e+01 1.200188e+02 -1.730842e+03
<VARIANCE> 6
 3.279678e+02 8.298726e+05 4.606785e+05 5.446691e+04 1.192009e+05 9.509702e+07
<GCONST> 8.445399e+01
<MIXTURE> 10 8.503835e-02
<MEAN> 6
 5.532119e+01 -9.588778e+01 -3.372087e+01 -1.874718e+00 -5.393937e+02 -1.684910e+03
<VARIANCE> 6
 3.772496e+02 7.115189e+05 8.034162e+05 3.111747e+04 8.733883e+04 5.125796e+07
<GCONST> 8.350741e+01
<STATE> 4
<NUMMIXES> 10
<MIXTURE> 1 1.088719e-01
<MEAN> 6
 1.022422e+02 1.374857e+03 -1.118990e+03 -6.327786e+00 -5.720851e-01 3.072061e+02
<VARIANCE> 6
 1.060434e+02 2.696391e+05 6.084338e+05 2.979992e+02 4.008161e+04 5.125796e+07
<GCONST> 7.556274e+01
<MIXTURE> 2 1.274647e-01
<MEAN> 6
 8.232147e+01 -2.824369e+03 1.690205e+03 -5.287966e+00 1.019852e+01 -4.913534e+00
<VARIANCE> 6
 3.143036e+01 2.791580e+06 3.436537e+06 2.979992e+02 4.008161e+04 5.125796e+07
<GCONST> 7.841527e+01
<MIXTURE> 3 3.461912e-02
<MEAN> 6
 1.060640e+02 -9.357138e+02 -6.760459e+03 -6.201293e+00 5.053772e+00 1.525034e+02
<VARIANCE> 6
 5.059893e+01 1.060850e+05 1.783052e+05 2.979992e+02 4.008161e+04 5.125796e+07
<GCONST> 7.266258e+01
<MIXTURE> 4 1.471388e-01
<MEAN> 6
 9.623864e+01 1.266255e+02 -2.671546e+02 -5.135578e+00 -4.513405e-01 1.255224e+02
<VARIANCE> 6
 6.758542e+01 1.349159e+05 9.529342e+04 2.979992e+02 4.008161e+04 5.125796e+07
<GCONST> 7.256592e+01
<MIXTURE> 5 3.471360e-02
<MEAN> 6
 9.556316e+01 -7.614152e+03 -2.667076e+02 -6.873770e+00 -2.017641e+00 3.484951e+02
<VARIANCE> 6
 3.143036e+01 1.507748e+06 1.473253e+06 2.979992e+02 4.008161e+04 5.125796e+07
<GCONST> 7.695229e+01
<MIXTURE> 6 9.483975e-02
<MEAN> 6
 8.611401e+01 -2.496742e+02 -1.364645e+03 -4.770372e-01 4.035305e+01 1.481466e+03
<VARIANCE> 6
 1.125481e+02 2.302318e+05 2.193638e+05 2.979992e+02 4.008161e+04 5.125796e+07
<GCONST> 7.444411e+01
<MIXTURE> 7 1.172251e-01
<MEAN> 6
 7.913352e+01 -2.303728e+02 1.386750e+03 -3.127527e+00 -4.589098e+00 2.157017e+02
<VARIANCE> 6
 8.323638e+01 9.773611e+05 1.465370e+06 2.979992e+02 4.008161e+04 5.125796e+07
<GCONST> 7.748732e+01
<MIXTURE> 8 1.347999e-01
<MEAN> 6
 8.242579e+01 1.129310e+03 -1.514264e+03 -2.756951e+00 6.617666e-01 9.548655e+01
<VARIANCE> 6
 6.584928e+01 6.009978e+05 3.049531e+06 2.979992e+02 4.008161e+04 5.125796e+07
<GCONST> 7.749962e+01
<MIXTURE> 9 1.054265e-01
<MEAN> 6
 7.633704e+01 -1.082954e+03 3.621171e+02 -3.395017e+00 3.560695e+00 5.723647e+01
<VARIANCE> 6
 4.251023e+01 1.131988e+06 1.605110e+06 2.979992e+02 4.008161e+04 5.125796e+07
<GCONST> 7.705334e+01
<MIXTURE> 10 9.483975e-02
<MEAN> 6
 8.187046e+01 -4.416041e+02 -1.551991e+03 -7.382099e+00 -3.972852e+01 -1.382321e+03
<VARIANCE> 6
 1.125481e+02 2.302318e+05 2.193638e+05 2.979992e+02 4.008161e+04 5.125796e+07
<GCONST> 7.444411e+01
<STATE> 5
<NUMMIXES> 10
<MIXTURE> 1 1.170533e-01
<MEAN> 6
 6.994061e+01 9.305283e+02 2.191923e+01 -7.489508e-01 -2.346245e+00 -9.814040e+01
<VARIANCE> 6
 3.143036e+01 4.991074e+05 7.203613e+04 2.979992e+02 4.008161e+04 5.125796e+07
<GCONST> 7.282868e+01
<MIXTURE> 2 7.011670e-02
<MEAN> 6
 6.325998e+01 3.508199e+02 1.651799e+02 3.324607e+00 3.801780e+01 1.301219e+03
<VARIANCE> 6
 3.143036e+01 4.945804e+04 1.298819e+04 2.979992e+02 4.008161e+04 5.125796e+07
<GCONST> 6.880386e+01
<MIXTURE> 3 1.079697e-01
<MEAN> 6
 7.278973e+01 -2.196143e+02 2.278823e+02 -7.876202e-01 -5.898232e+00 -1.460081e+01
<VARIANCE> 6
 4.471539e+01 3.555912e+04 1.298819e+04 2.979992e+02 4.008161e+04 5.125796e+07
<GCONST> 6.882647e+01
<MIXTURE> 4 1.090822e-01
<MEAN> 6
 5.934839e+01 3.736745e+01 -1.140578e+02 -1.872238e-01 -3.581363e+00 -1.373095e+02
<VARIANCE> 6
 3.143036e+01 1.490519e+04 1.298819e+04 2.979992e+02 4.008161e+04 5.125796e+07
<GCONST> 6.760444e+01
<MIXTURE> 5 1.086520e-01
<MEAN> 6
 6.953683e+01 5.787026e+02 1.714293e+02 -7.927383e-01 -2.820340e+00 -1.164807e+01
<VARIANCE> 6
 3.143036e+01 1.689816e+04 1.347315e+05 2.979992e+02 4.008161e+04 5.125796e+07
<GCONST> 7.006918e+01
<MIXTURE> 6 9.712920e-02
<MEAN> 6
 6.494769e+01 -3.247726e+02 2.617576e+02 -3.573663e-01 -5.338601e+00 -7.544083e+01
<VARIANCE> 6
 3.143036e+01 4.416023e+04 2.075409e+04 2.979992e+02 4.008161e+04 5.125796e+07
<GCONST> 6.915926e+01
<MIXTURE> 7 1.261682e-01
<MEAN> 6
 6.294203e+01 -3.406353e+02 3.036138e+01 -5.987451e-01 -3.377029e+00 -6.165027e+01
<VARIANCE> 6
 3.143036e+01 1.447765e+05 2.420821e+04 2.979992e+02 4.008161e+04 5.125796e+07
<GCONST> 7.050057e+01
<MIXTURE> 8 1.062646e-01
<MEAN> 6
 7.077119e+01 3.596290e+02 -1.906145e+02 -1.002461e-01 -6.964455e+00 -3.585832e+01
<VARIANCE> 6
 3.143036e+01 2.002141e+04 6.643701e+04 2.979992e+02 4.008161e+04 5.125796e+07
<GCONST> 6.953175e+01
<MIXTURE> 9 8.734336e-02
<MEAN> 6
 5.779232e+01 -2.538539e+02 -2.239638e+02 1.978566e-01 -5.979457e+00 -1.427522e+02
<VARIANCE> 6
 3.143036e+01 3.786038e+04 1.300453e+04 2.979992e+02 4.008161e+04 5.125796e+07
<GCONST> 6.853790e+01
<MIXTURE> 10 7.011670e-02
<MEAN> 6
 6.101747e+01 2.618633e+02 1.195936e+02 -3.580454e+00 -4.206377e+01 -1.562567e+03
<VARIANCE> 6
 3.143036e+01 4.945804e+04 1.298819e+04 2.979992e+02 4.008161e+04 5.125796e+07
<GCONST> 6.880386e+01
<STATE> 6
<NUMMIXES> 10
<MIXTURE> 1 6.383126e-02
<MEAN> 6
 -3.268439e+00 1.134875e+02 9.963191e+01 -1.407202e+02 3.695007e+02 5.820698e+03
<VARIANCE> 6
 1.349960e+03 5.370809e+05 3.598691e+05 2.474495e+04 1.124696e+06 4.817588e+08
<GCONST> 8.826485e+01
<MIXTURE> 2 1.109843e-01
<MEAN> 6
 3.037844e+01 2.765413e+02 2.446461e+01 1.325185e+02 -9.471969e+01 -8.813872e+02
<VARIANCE> 6
 5.185748e+02 5.205376e+05 2.653137e+05 2.493736e+03 4.008161e+04 5.125796e+07
<GCONST> 7.910223e+01
<MIXTURE> 3 1.368736e-01
<MEAN> 6
 7.462146e+01 -3.445600e+02 -1.492405e+01 -5.603436e+00 -4.874799e+01 1.244767e+02
<VARIANCE> 6
 1.565529e+02 8.428335e+05 1.019638e+05 2.979992e+02 4.008161e+04 5.125796e+07
<GCONST> 7.530569e+01
<MIXTURE> 4 9.141914e-02
<MEAN> 6
 -4.467991e+01 8.617587e+01 -2.654370e+01 1.697474e+01 9.353872e+02 -1.198578e+03
<VARIANCE> 6
 1.304976e+02 1.068073e+05 7.068632e+04 1.425790e+04 2.115811e+05 1.163674e+08
<GCONST> 7.904310e+01
<MIXTURE> 5 1.434733e-01
<MEAN> 6
 6.138662e+01 -2.679568e+01 2.233955e+00 1.105480e+00 -4.702961e+02 -5.861990e+02
<VARIANCE> 6
 1.537793e+02 1.880037e+05 7.315637e+04 1.385729e+04 8.720230e+04 5.125796e+07
<GCONST> 7.807229e+01
<MIXTURE> 6 9.529673e-02
<MEAN> 6
 -2.669141e+01 1.396076e+02 1.245869e+02 4.464463e-01 4.248756e+02 -7.037167e+02
<VARIANCE> 6
 2.743597e+02 4.194533e+05 1.417576e+05 1.790648e+04 8.967104e+04 5.125796e+07
<GCONST> 8.039949e+01
<MIXTURE> 7 8.683550e-02
<MEAN> 6
 1.822569e+01 8.444930e+01 5.740478e+01 1.177877e+01 -1.182662e+01 2.008415e+03
<VARIANCE> 6
 5.210215e+02 1.860011e+05 4.608660e+04 3.236867e+04 8.859433e+04 6.549444e+07
<GCONST> 7.992908e+01
<MIXTURE> 8 8.640964e-02
<MEAN> 6
 6.755119e+01 -2.031947e+02 2.115288e+01 -4.374157e+01 -8.947820e+02 -8.018369e+01
<VARIANCE> 6
 2.679921e+02 1.099016e+06 1.223083e+05 1.489435e+04 3.410025e+05 1.752906e+08
<GCONST> 8.357278e+01
<MIXTURE> 9 9.753666e-02
<MEAN> 6
 -2.980944e+01 -1.195598e+02 -1.156611e+01 1.780460e+01 2.628875e+02 -6.926202e+02
<VARIANCE> 6
 3.605377e+02 1.889135e+05 1.141179e+05 1.009615e+04 5.082080e+04 5.125796e+07
<GCONST> 7.851724e+01
<MIXTURE> 10 8.683550e-02
<MEAN> 6
 9.095331e+00 -8.806209e+01 -2.846638e+01 -6.018641e+01 -1.308858e+02 -1.228730e+03
<VARIANCE> 6
 5.210215e+02 1.860011e+05 4.608660e+04 3.236867e+04 8.859433e+04 6.549444e+07
<GCONST> 7.992908e+01
<TRANSP> 7
 0.000000e+00 1.000000e+00 0.000000e+00 0.000000e+00 0.000000e+00 0.000000e+00 0.000000e+00
 0.000000e+00 9.996936e-01 3.064018e-04 0.000000e+00 0.000000e+00 0.000000e+00 0.000000e+00
 0.000000e+00 0.000000e+00 9.999199e-01 8.012972e-05 0.000000e+00 0.000000e+00 0.000000e+00
 0.000000e+00 0.000000e+00 0.000000e+00 9.992656e-01 7.344058e-04 0.000000e+00 0.000000e+00
 0.000000e+00 0.000000e+00 0.000000e+00 0.000000e+00 9.993651e-01 6.349243e-04 0.000000e+00
 0.000000e+00 0.000000e+00 0.000000e+00 0.000000e+00 0.000000e+00 9.998835e-01 1.165031e-04
 0.000000e+00 0.000000e+00 0.000000e+00 0.000000e+00 0.000000e+00 0.000000e+00 0.000000e+00
<ENDHMM>
~h "QuintoPRIMARIA"
<BEGINHMM>
<NUMSTATES> 7
<STATE> 2
<NUMMIXES> 10
<MIXTURE> 1 1.485726e-01
<MEAN> 6
 -4.075474e+01 -3.968764e+00 1.207346e+02 2.573550e+00 1.101570e+03 -4.963866e+02
<VARIANCE> 6
 3.787672e+02 1.542169e+05 1.581679e+05 3.935147e+04 3.723344e+05 2.389770e+08
<GCONST> 8.358143e+01
<MIXTURE> 2 4.640832e-02
<MEAN> 6
 1.451817e+01 -6.386824e+01 7.095004e+01 -1.127721e+02 9.000864e+01 8.874603e+03
<VARIANCE> 6
 2.735335e+03 9.173874e+05 1.591394e+06 6.169868e+04 2.780481e+06 1.199274e+09
<GCONST> 9.372382e+01
<MIXTURE> 3 8.444633e-02
<MEAN> 6
 7.111587e+01 7.148602e+01 1.152672e+02 -2.867479e+00 -2.538984e+01 -3.210825e+02
<VARIANCE> 6
 1.153897e+02 2.735073e+04 8.026251e+04 2.979992e+02 4.008161e+04 5.125796e+07
<GCONST> 7.133327e+01
<MIXTURE> 4 8.659120e-02
<MEAN> 6
 1.790106e+01 2.482828e+01 8.507529e+01 6.154341e+01 3.346983e+01 9.712332e+02
<VARIANCE> 6
 5.044675e+02 8.179234e+04 9.672430e+04 5.336703e+04 2.035759e+05 9.312882e+07
<GCONST> 8.150056e+01
<MIXTURE> 5 1.488790e-01
<MEAN> 6
 6.944332e+01 4.136683e+01 -2.359560e+01 3.865035e+00 -5.796515e+02 -7.321895e+02
<VARIANCE> 6
 3.073121e+02 1.611516e+05 5.363774e+04 2.168459e+04 1.856332e+05 5.125796e+07
<GCONST> 7.950350e+01
<MIXTURE> 6 8.726028e-02
<MEAN> 6
 8.031905e+01 -1.336998e+02 -2.350107e+02 -4.917796e+00 -3.002052e+01 -2.754854e+02
<VARIANCE> 6
 1.764288e+02 3.876261e+05 9.413863e+04 2.979992e+02 4.008161e+04 5.125796e+07
<GCONST> 7.456864e+01
<MIXTURE> 7 1.046256e-01
<MEAN> 6
 6.806464e+01 7.912957e+01 -1.159843e+02 1.638619e-01 -1.004128e+03 -1.092267e+02
<VARIANCE> 6
 6.393338e+02 1.470460e+05 2.284049e+05 3.910987e+04 6.402054e+05 3.246226e+08
<GCONST> 8.526691e+01
<MIXTURE> 8 1.139211e-01
<MEAN> 6
 -4.946938e+01 1.982198e+00 1.665161e+00 2.700279e+01 3.433776e+02 8.200497e+01
<VARIANCE> 6
 2.798438e+02 7.679477e+04 7.660766e+04 1.977303e+03 1.032508e+05 5.125796e+07
<GCONST> 7.604362e+01
<MIXTURE> 9 9.196530e-02
<MEAN> 6
 6.021673e+01 -7.061838e+01 -3.616992e+01 -2.033016e-01 -1.302860e+01 -1.674339e+02
<VARIANCE> 6
 3.143036e+01 1.989654e+04 1.298805e+05 2.979992e+02 4.008161e+04 5.125796e+07
<GCONST> 7.019585e+01
<MIXTURE> 10 8.659120e-02
<MEAN> 6
 8.916920e+00 -8.956917e+01 -3.932683e+01 -3.086181e+01 -1.470077e+02 -2.888898e+03
<VARIANCE> 6
 5.044675e+02 8.179234e+04 9.672430e+04 5.336703e+04 2.035759e+05 9.312882e+07
<GCONST> 8.150056e+01
<STATE> 3
<NUMMIXES> 10
<MIXTURE> 1 1.386968e-01
<MEAN> 6
 9.048553e+01 1.840042e+03 -2.567936e+02 -2.776058e+00 -8.383554e+00 -8.924641e+01
<VARIANCE> 6
 3.612320e+01 9.983176e+05 2.639502e+04 2.979992e+02 4.008161e+04 5.125796e+07
<GCONST> 7.265710e+01
<MIXTURE> 2 6.252893e-02
<MEAN> 6
 1.010097e+02 9.786146e+02 2.400600e+02 -4.993442e+00 -5.478522e+00 4.460110e+02
<VARIANCE> 6
 3.143036e+01 1.490519e+04 1.298819e+04 2.979992e+02 4.008161e+04 5.125796e+07
<GCONST> 6.760444e+01
<MIXTURE> 3 1.404645e-01
<MEAN> 6
 8.123120e+01 6.175762e+02 -5.019323e+02 -4.547990e+00 2.722646e+00 -2.399228e+01
<VARIANCE> 6
 4.797396e+01 1.490519e+04 1.968233e+05 2.979992e+02 4.008161e+04 5.125796e+07
<GCONST> 7.074559e+01
<MIXTURE> 4 8.203571e-02
<MEAN> 6
 7.175587e+01 1.990076e+03 3.195970e+02 2.342542e-01 -6.045989e+00 -2.812690e+02
<VARIANCE> 6
 3.143036e+01 1.461995e+05 9.816618e+05 2.979992e+02 4.008161e+04 5.125796e+07
<GCONST> 7.421291e+01
<MIXTURE> 5 7.851184e-02
<MEAN> 6
 6.551148e+01 4.414147e+02 -6.145133e+02 -1.885509e-01 -6.823511e+00 -1.149956e+02
<VARIANCE> 6
 3.143036e+01 1.888086e+04 6.423868e+04 2.979992e+02 4.008161e+04 5.125796e+07
<GCONST> 6.943945e+01
<MIXTURE> 6 7.360721e-02
<MEAN> 6
 6.645902e+01 1.347987e+03 1.176108e+03 9.801547e-01 -8.355929e+00 -7.535920e+01
<VARIANCE> 6
 7.661593e+01 1.490519e+04 1.298819e+04 2.979992e+02 4.008161e+04 5.125796e+07
<GCONST> 6.849547e+01
<MIXTURE> 7 1.133550e-01
<MEAN> 6
 6.686559e+01 1.258684e+03 -7.623477e+02 3.396887e+00 4.003055e+01 1.376628e+03
<VARIANCE> 6
 3.143036e+01 4.117603e+04 2.352974e+05 2.979992e+02 4.008161e+04 5.125796e+07
<GCONST> 7.151740e+01
<MIXTURE> 8 1.011539e-01
<MEAN> 6
 6.780434e+01 2.932361e+01 -6.682474e+02 -2.343365e+00 -8.678822e+00 5.976672e+01
<VARIANCE> 6
 9.155731e+01 1.490519e+04 1.298819e+04 2.979992e+02 4.008161e+04 5.125796e+07
<GCONST> 6.867363e+01
<MIXTURE> 9 9.626599e-02
<MEAN> 6
 8.741417e+01 4.528718e+02 -1.125395e+03 -1.921405e+00 -5.945166e+00 6.125430e+00
<VARIANCE> 6
 3.143036e+01 2.793455e+04 1.352286e+05 2.979992e+02 4.008161e+04 5.125796e+07
<GCONST> 7.057552e+01
<MIXTURE> 10 1.133550e-01
<MEAN> 6
 6.462308e+01 1.177516e+03 -9.563776e+02 -3.508175e+00 -4.005101e+01 -1.487159e+03
<VARIANCE> 6
 3.143036e+01 4.117603e+04 2.352974e+05 2.979992e+02 4.008161e+04 5.125796e+07
<GCONST> 7.151740e+01
<STATE> 4
<NUMMIXES> 10
<MIXTURE> 1 7.883256e-02
<MEAN> 6
 1.158683e+02 1.831476e+03 -5.917464e+02 -5.244755e+00 9.042136e+00 -1.440771e+01
<VARIANCE> 6
 5.422680e+01 1.759073e+06 2.287828e+04 2.979992e+02 4.008161e+04 5.125796e+07
<GCONST> 7.348682e+01
<MIXTURE> 2 5.385211e-02
<MEAN> 6
 5.712243e+01 -8.779510e+03 -1.989688e+03 -5.040256e-01 -5.436251e+00 -7.409925e+01
<VARIANCE> 6
 3.143036e+01 2.108645e+07 3.229905e+04 2.979992e+02 4.008161e+04 5.125796e+07
<GCONST> 7.577011e+01
<MIXTURE> 3 8.317225e-02
<MEAN> 6
 7.878429e+01 3.483374e+02 3.893726e+03 3.542345e+00 3.777644e+01 1.325934e+03
<VARIANCE> 6
 9.185866e+01 8.397312e+04 1.698691e+05 2.979992e+02 4.008161e+04 5.125796e+07
<GCONST> 7.297669e+01
<MIXTURE> 4 8.359955e-02
<MEAN> 6
 5.431979e+01 5.007643e+02 -2.383899e+03 -3.646221e-01 -4.661456e+00 -1.728029e+02
<VARIANCE> 6
 3.143036e+01 2.611614e+04 1.100400e+06 2.979992e+02 4.008161e+04 5.125796e+07
<GCONST> 7.260468e+01
<MIXTURE> 5 1.017187e-01
<MEAN> 6
 5.156054e+01 -1.068269e+03 3.132726e+02 -3.278043e-01 -3.273150e+00 -1.255633e+02
<VARIANCE> 6
 3.143036e+01 1.490519e+04 1.573410e+05 2.979992e+02 4.008161e+04 5.125796e+07
<GCONST> 7.009882e+01
<MIXTURE> 6 1.404246e-01
<MEAN> 6
 6.467010e+01 -5.328829e+02 -1.463256e+03 1.218334e+00 -2.994361e+00 -8.319117e+01
<VARIANCE> 6
 4.235628e+01 4.286552e+04 4.764565e+04 2.979992e+02 4.008161e+04 5.125796e+07
<GCONST> 7.025889e+01
<MIXTURE> 7 1.486946e-01
<MEAN> 6
 6.426880e+01 -1.629490e+03 -6.222161e+03 1.145680e+00 -7.849239e+00 -1.006034e+02
<VARIANCE> 6
 3.143036e+01 1.121004e+06 6.438682e+06 2.979992e+02 4.008161e+04 5.125796e+07
<GCONST> 7.813075e+01
<MIXTURE> 8 8.870132e-02
<MEAN> 6
 5.882860e+01 4.747752e+02 1.891740e+03 4.002043e-02 -5.258873e+00 -1.331516e+02
<VARIANCE> 6
 1.748204e+02 2.162238e+04 2.839105e+04 2.979992e+02 4.008161e+04 5.125796e+07
<GCONST> 7.047448e+01
<MIXTURE> 9 1.378228e-01
<MEAN> 6
 6.176055e+01 1.246960e+02 -3.833568e+03 -2.225927e-02 -8.198470e+00 -8.854073e+01
<VARIANCE> 6
 3.143036e+01 1.519335e+04 1.697078e+06 2.979992e+02 4.008161e+04 5.125796e+07
<GCONST> 7.249621e+01
<MIXTURE> 10 8.317225e-02
<MEAN> 6
 7.495058e+01 2.324250e+02 3.728865e+03 -3.362717e+00 -4.230513e+01 -1.537853e+03
<VARIANCE> 6
 9.185866e+01 8.397312e+04 1.698691e+05 2.979992e+02 4.008161e+04 5.125796e+07
<GCONST> 7.297669e+01
<STATE> 5
<NUMMIXES> 10
<MIXTURE> 1 7.107743e-02
<MEAN> 6
 7.631244e+01 1.916960e+02 3.496091e+02 -1.962899e+00 7.006841e+00 -1.144301e+02
<VARIANCE> 6
 1.661879e+02 4.527646e+04 3.604466e+04 2.979992e+02 4.008161e+04 5.125796e+07
<GCONST> 7.140158e+01
<MIXTURE> 2 1.275645e-01
<MEAN> 6
 7.643750e+01 -5.035002e+02 1.079961e+03 -4.448750e-01 -8.391687e+00 -1.154532e+02
<VARIANCE> 6
 3.143036e+01 2.319445e+04 1.026150e+05 2.979992e+02 4.008161e+04 5.125796e+07
<GCONST> 7.011359e+01
<MIXTURE> 3 5.598082e-02
<MEAN> 6
 9.159554e+01 3.351041e+01 -1.056101e+02 -3.165926e+00 -3.566330e+00 1.987639e+02
<VARIANCE> 6
 5.401954e+01 1.490519e+04 2.538517e+04 2.979992e+02 4.008161e+04 5.125796e+07
<GCONST> 6.881613e+01
<MIXTURE> 4 1.250653e-01
<MEAN> 6
 8.662126e+01 -7.621654e+01 6.052297e+01 -4.201576e+00 3.290187e+00 4.293914e+01
<VARIANCE> 6
 4.458465e+01 4.402819e+04 1.298819e+04 2.979992e+02 4.008161e+04 5.125796e+07
<GCONST> 6.903718e+01
<MIXTURE> 5 1.385421e-01
<MEAN> 6
 7.962133e+01 -2.194908e+02 -3.572854e+02 -2.062371e+00 2.148987e+00 -6.707388e+01
<VARIANCE> 6
 4.973429e+01 1.545654e+04 1.298819e+04 2.979992e+02 4.008161e+04 5.125796e+07
<GCONST> 6.809969e+01
<MIXTURE> 6 5.259329e-02
<MEAN> 6
 7.519049e+01 -9.679594e+02 -3.022921e+02 -3.041093e+00 -4.249682e-01 -5.169968e+01
<VARIANCE> 6
 3.143036e+01 2.142299e+04 9.387514e+04 2.979992e+02 4.008161e+04 5.125796e+07
<GCONST> 6.994512e+01
<MIXTURE> 7 9.020945e-02
<MEAN> 6
 7.406934e+01 -4.538975e+02 1.116010e+02 8.602889e-01 4.101466e+01 1.371505e+03
<VARIANCE> 6
 5.717622e+01 2.168755e+04 1.298819e+04 2.979992e+02 4.008161e+04 5.125796e+07
<GCONST> 6.857784e+01
<MIXTURE> 8 1.242036e-01
<MEAN> 6
 6.954874e+01 1.413732e+02 3.018955e+02 -2.550507e+00 9.476699e-01 2.063316e+01
<VARIANCE> 6
 3.143036e+01 2.481119e+04 5.001218e+04 2.979992e+02 4.008161e+04 5.125796e+07
<GCONST> 6.946225e+01
<MIXTURE> 9 1.244529e-01
<MEAN> 6
 8.736971e+01 -1.693472e+02 5.050475e+01 -4.617435e+00 4.859739e+00 1.612016e+01
<VARIANCE> 6
 8.091009e+01 4.343647e+04 1.298819e+04 2.979992e+02 4.008161e+04 5.125796e+07
<GCONST> 6.961959e+01
<MIXTURE> 10 9.020945e-02
<MEAN> 6
 7.104474e+01 -5.128043e+02 6.601465e+01 -6.044773e+00 -3.906690e+01 -1.492281e+03
<VARIANCE> 6
 5.717622e+01 2.168755e+04 1.298819e+04 2.979992e+02 4.008161e+04 5.125796e+07
<GCONST> 6.857784e+01
<STATE> 6
<NUMMIXES> 10
<MIXTURE> 1 9.714073e-02
<MEAN> 6
 8.664947e+01 2.095133e+02 1.077778e+03 -4.630051e+00 -1.859911e+01 -3.574601e+01
<VARIANCE> 6
 2.608535e+02 4.400734e+06 2.812751e+06 2.979992e+02 4.008161e+04 5.125796e+07
<GCONST> 8.078632e+01
<MIXTURE> 2 1.546413e-02
<MEAN> 6
 -6.546561e+00 1.629379e+02 1.089418e+02 -1.899676e+01 2.049632e+01 4.330284e+03
<VARIANCE> 6
 1.166690e+04 1.948958e+05 4.034330e+05 2.017045e+06 1.103103e+09 1.622382e+12
<GCONST> 1.089332e+02
<MIXTURE> 3 8.631451e-02
<MEAN> 6
 5.016349e+01 5.757232e+02 -2.517179e+01 -4.531035e+01 -5.593840e+02 9.033629e+02
<VARIANCE> 6
 1.116509e+03 3.431450e+06 7.850840e+06 4.261240e+04 3.576113e+05 9.397052e+07
<GCONST> 9.077544e+01
<MIXTURE> 4 9.008810e-02
<MEAN> 6
 -3.313165e+01 1.195401e+02 3.389786e+02 8.261256e+01 8.239667e+02 5.534255e+02
<VARIANCE> 6
 4.755911e+02 1.340775e+06 1.118838e+06 3.437321e+04 3.075584e+05 1.112362e+08
<GCONST> 8.683700e+01
<MIXTURE> 5 1.593345e-01
<MEAN> 6
 4.576835e+01 -1.913732e+02 9.832381e+01 6.840611e+01 -3.006850e+02 -1.041505e+03
<VARIANCE> 6
 8.658695e+02 4.241076e+05 1.034395e+06 2.639965e+04 1.016654e+05 5.125796e+07
<GCONST> 8.406100e+01
<MIXTURE> 6 8.400681e-02
<MEAN> 6
 2.969066e+00 -2.237260e+02 -5.869564e+02 -9.304884e+01 2.657236e+02 3.599483e+03
<VARIANCE> 6
 4.674101e+03 1.984987e+06 4.853195e+06 5.161025e+04 4.055069e+06 2.330979e+09
<GCONST> 9.700983e+01
<MIXTURE> 7 1.293482e-01
<MEAN> 6
 6.195977e+01 -3.468480e+00 -3.634037e+01 -5.310872e+01 -5.730774e+02 6.828687e+01
<VARIANCE> 6
 9.649478e+02 6.765921e+05 3.259488e+05 3.023135e+04 5.448768e+05 2.241723e+08
<GCONST> 8.677154e+01
<MIXTURE> 8 9.905480e-02
<MEAN> 6
 -6.565168e+01 6.916543e+00 1.257388e+02 1.047576e+01 2.595017e+02 5.503759e+02
<VARIANCE> 6
 2.351270e+02 6.237276e+05 1.260685e+06 1.510132e+03 1.129974e+05 5.125796e+07
<GCONST> 8.058548e+01
<MIXTURE> 9 1.485757e-01
<MEAN> 6
 7.879330e+01 7.177225e+01 8.657509e+01 -2.925529e+00 -2.412507e+01 -2.425478e+02
<VARIANCE> 6
 2.016400e+02 4.980282e+05 1.008435e+06 2.979992e+02 4.008161e+04 5.125796e+07
<GCONST> 7.732421e+01
<MIXTURE> 10 9.008810e-02
<MEAN> 6
 -4.185487e+01 -3.436273e+02 -8.412198e+01 8.452511e+00 6.021349e+02 -3.665318e+03
<VARIANCE> 6
 4.755911e+02 1.340775e+06 1.118838e+06 3.437321e+04 3.075584e+05 1.112362e+08
<GCONST> 8.683700e+01
<TRANSP> 7
 0.000000e+00 1.000000e+00 0.000000e+00 0.000000e+00 0.000000e+00 0.000000e+00 0.000000e+00
 0.000000e+00 9.999157e-01 8.428725e-05 0.000000e+00 0.000000e+00 0.000000e+00 0.000000e+00
 0.000000e+00 0.000000e+00 9.988824e-01 1.117598e-03 0.000000e+00 0.000000e+00 0.000000e+00
 0.000000e+00 0.000000e+00 0.000000e+00 9.990671e-01 9.329148e-04 0.000000e+00 0.000000e+00
 0.000000e+00 0.000000e+00 0.000000e+00 0.000000e+00 9.993664e-01 6.336474e-04 0.000000e+00
 0.000000e+00 0.000000e+00 0.000000e+00 0.000000e+00 0.000000e+00 9.999197e-01 8.033593e-05
 0.000000e+00 0.000000e+00 0.000000e+00 0.000000e+00 0.000000e+00 0.000000e+00 0.000000e+00
<ENDHMM>
