~o
<STREAMINFO> 1 6
<VECSIZE> 6<NULLD><USER><DIAGC>
~h "SegundoPRIMARIA"
<BEGINHMM>
<NUMSTATES> 15
<STATE> 2
<NUMMIXES> 7
<MIXTURE> 1 1.657812e-01
<MEAN> 6
 1.856130e+01 5.709990e+01 3.729195e+01 9.532880e+01 2.499575e+01 -1.600664e+03
<VARIANCE> 6
 7.143280e+02 8.401683e+04 6.253378e+04 6.008326e+04 2.157112e+05 8.107033e+07
<GCONST> 8.147685e+01
<MIXTURE> 2 1.218636e-01
<MEAN> 6
 4.656707e+01 2.957750e+01 7.843379e+01 -8.829239e+01 -4.119281e+02 5.249820e+03
<VARIANCE> 6
 3.366973e+03 3.322345e+05 5.120467e+05 7.203457e+04 3.950699e+06 1.861971e+09
<GCONST> 9.272800e+01
<MIXTURE> 3 1.183844e-01
<MEAN> 6
 8.222671e+01 -6.684291e+00 -6.818016e+00 -1.207802e+00 -2.142399e+01 -3.306706e+02
<VARIANCE> 6
 2.370428e+02 1.086294e+05 8.211746e+04 3.028640e+02 4.053393e+04 5.195771e+07
<GCONST> 7.349622e+01
<MIXTURE> 4 1.407994e-01
<MEAN> 6
 -3.858978e+01 7.316331e+01 1.446776e+01 -1.783481e+01 1.248092e+03 -9.840809e+02
<VARIANCE> 6
 3.889746e+02 8.547845e+04 5.901870e+04 4.781238e+04 5.429659e+05 3.283646e+08
<GCONST> 8.292188e+01
<MIXTURE> 5 2.240295e-01
<MEAN> 6
 8.183547e+01 2.175262e+00 4.711657e+01 -2.062136e+01 -8.062828e+02 -1.194483e+03
<VARIANCE> 6
 4.206913e+02 8.913291e+04 7.924366e+04 3.334347e+04 3.897463e+05 1.465312e+08
<GCONST> 8.183795e+01
<MIXTURE> 6 1.244113e-01
<MEAN> 6
 -5.379881e+01 5.720281e+01 6.897956e+00 2.655876e+01 4.487358e+02 3.626601e+02
<VARIANCE> 6
 2.258359e+02 8.965957e+04 1.207530e+05 4.398990e+03 1.563744e+05 5.195771e+07
<GCONST> 7.766742e+01
<MIXTURE> 7 1.039527e-01
<MEAN> 6
 7.579215e+01 -2.088449e+02 -2.259474e+02 -9.625982e-01 -1.117786e+01 -2.180284e+02
<VARIANCE> 6
 1.971183e+02 2.012977e+05 1.455121e+05 3.028640e+02 4.053393e+04 5.195771e+07
<GCONST> 7.450074e+01
<STATE> 3
<NUMMIXES> 7
<MIXTURE> 1 2.206044e-01
<MEAN> 6
 9.608113e+01 1.480794e+02 1.138243e+02 -3.561641e+00 -2.549081e+00 1.457586e+02
<VARIANCE> 6
 3.185140e+01 9.945479e+03 1.398304e+04 3.028640e+02 4.053393e+04 5.195771e+07
<GCONST> 6.732794e+01
<MIXTURE> 2 1.018691e-01
<MEAN> 6
 9.437955e+01 -4.854977e+02 9.062766e+01 -2.712383e+00 -8.404900e+00 1.292634e+02
<VARIANCE> 6
 3.269919e+01 3.696971e+04 1.398304e+04 3.028640e+02 4.053393e+04 5.195771e+07
<GCONST> 6.866719e+01
<MIXTURE> 3 1.161104e-01
<MEAN> 6
 1.016694e+02 -2.210909e+02 1.693366e+02 -6.990244e+00 -1.653778e+01 2.250878e+02
<VARIANCE> 6
 4.413251e+01 1.766060e+04 1.398304e+04 3.028640e+02 4.053393e+04 5.195771e+07
<GCONST> 6.822827e+01
<MIXTURE> 4 1.030687e-01
<MEAN> 6
 1.053594e+02 -8.853017e+01 -6.384436e+01 -5.782802e+00 -2.737184e+02 1.147078e+04
<VARIANCE> 6
 8.678070e+01 5.513106e+05 2.200309e+05 1.963246e+03 1.328874e+06 8.863302e+08
<GCONST> 8.329702e+01
<MIXTURE> 5 1.928124e-01
<MEAN> 6
 9.689206e+01 1.430682e+00 1.545832e+01 -3.744016e+00 -3.927305e+00 7.239486e+01
<VARIANCE> 6
 3.248967e+01 1.278578e+04 1.398304e+04 3.028640e+02 4.053393e+04 5.195771e+07
<GCONST> 6.759899e+01
<MIXTURE> 6 1.573770e-01
<MEAN> 6
 9.387645e+01 -1.484793e+02 7.543546e+01 -2.867247e+00 3.609881e+00 -3.880922e+01
<VARIANCE> 6
 3.185140e+01 1.176254e+04 1.398304e+04 3.028640e+02 4.053393e+04 5.195771e+07
<GCONST> 6.749574e+01
<MIXTURE> 7 1.081325e-01
<MEAN> 6
 9.408202e+01 -5.839174e+02 3.411316e+01 -1.834587e+00 -3.670187e+00 1.059600e+02
<VARIANCE> 6
 3.185140e+01 2.975761e+04 1.398304e+04 3.028640e+02 4.053393e+04 5.195771e+07
<GCONST> 6.842390e+01
<STATE> 4
<NUMMIXES> 7
<MIXTURE> 1 1.565709e-01
<MEAN> 6
 1.028413e+02 1.036311e+03 -3.398912e+02 -4.093673e+00 -1.693698e+01 -7.326977e+01
<VARIANCE> 6
 3.374721e+01 3.156180e+05 2.763635e+04 3.028640e+02 4.053393e+04 5.195771e+07
<GCONST> 7.152445e+01
<MIXTURE> 2 1.904427e-01
<MEAN> 6
 9.340781e+01 2.406996e+02 -4.056327e+02 -3.520809e-01 2.233479e+01 -1.964428e+01
<VARIANCE> 6
 3.185140e+01 9.945479e+03 4.275857e+04 3.028640e+02 4.053393e+04 5.195771e+07
<GCONST> 6.844566e+01
<MIXTURE> 3 1.236722e-01
<MEAN> 6
 1.041042e+02 1.362906e+01 -3.173413e+02 -4.538089e-01 -1.675014e+01 -2.554108e+02
<VARIANCE> 6
 3.185140e+01 9.945479e+03 1.398304e+04 3.028640e+02 4.053393e+04 5.195771e+07
<GCONST> 6.732794e+01
<MIXTURE> 4 8.904433e-02
<MEAN> 6
 9.428353e+01 6.539473e+02 -1.328761e+02 8.346470e+00 -1.732961e+01 -1.476043e+02
<VARIANCE> 6
 3.185140e+01 2.781919e+04 1.398304e+04 4.743081e+02 4.053393e+04 5.195771e+07
<GCONST> 6.880511e+01
<MIXTURE> 5 1.608010e-01
<MEAN> 6
 9.480007e+01 -3.467318e+01 -4.442972e+02 -2.208265e+00 -8.814512e-01 -1.330294e+02
<VARIANCE> 6
 3.185140e+01 9.945479e+03 1.398304e+04 3.028640e+02 4.053393e+04 5.195771e+07
<GCONST> 6.732794e+01
<MIXTURE> 6 1.841731e-01
<MEAN> 6
 9.384821e+01 2.576562e+02 -4.509294e+02 -9.866547e-01 1.265480e+01 4.457742e+01
<VARIANCE> 6
 3.185140e+01 9.945479e+03 3.247728e+04 3.028640e+02 4.053393e+04 5.195771e+07
<GCONST> 6.817063e+01
<MIXTURE> 7 9.528424e-02
<MEAN> 6
 9.757630e+01 4.977371e+02 -2.010800e+02 -4.151962e+00 -5.739229e+01 7.767145e+02
<VARIANCE> 6
 3.185140e+01 2.675386e+04 1.398304e+04 3.854340e+02 4.053393e+04 5.195771e+07
<GCONST> 6.855858e+01
<STATE> 5
<NUMMIXES> 7
<MIXTURE> 1 1.848785e-01
<MEAN> 6
 9.726123e+01 -6.326455e+02 5.549231e+02 5.233343e-01 -1.371464e+01 -4.492182e+01
<VARIANCE> 6
 3.185140e+01 9.945479e+03 1.398304e+04 3.028640e+02 4.053393e+04 5.195771e+07
<GCONST> 6.732794e+01
<MIXTURE> 2 1.865114e-01
<MEAN> 6
 9.035973e+01 -1.404499e+03 8.274002e+02 -1.679778e-01 2.535461e+00 -3.724156e+01
<VARIANCE> 6
 3.185140e+01 1.181774e+04 1.398304e+04 3.028640e+02 4.053393e+04 5.195771e+07
<GCONST> 6.750042e+01
<MIXTURE> 3 9.294783e-02
<MEAN> 6
 9.993977e+01 -2.520386e+03 -2.267798e+02 -3.321207e+00 -6.629412e+00 -1.658315e+02
<VARIANCE> 6
 3.185140e+01 2.531316e+05 1.398304e+04 3.028640e+02 4.053393e+04 5.195771e+07
<GCONST> 7.056473e+01
<MIXTURE> 4 1.829025e-01
<MEAN> 6
 9.942509e+01 -3.763916e+03 3.574975e+00 -4.568311e+00 1.230854e+01 -1.842791e+00
<VARIANCE> 6
 3.185140e+01 1.195010e+05 1.398304e+04 3.028640e+02 4.053393e+04 5.195771e+07
<GCONST> 6.981415e+01
<MIXTURE> 5 1.642167e-01
<MEAN> 6
 1.156090e+02 -1.361785e+03 -5.717448e+02 -1.184001e+01 -3.004711e+01 -1.714671e+02
<VARIANCE> 6
 2.370597e+02 3.146926e+05 2.045225e+05 5.168711e+02 4.053393e+04 5.195771e+07
<GCONST> 7.600699e+01
<MIXTURE> 6 9.343535e-02
<MEAN> 6
 8.777535e+01 -1.380085e+03 -3.752998e+02 -5.479795e+00 -2.619387e+00 3.597928e+01
<VARIANCE> 6
 3.185140e+01 3.489188e+04 1.398304e+04 3.028640e+02 4.053393e+04 5.195771e+07
<GCONST> 6.858307e+01
<MIXTURE> 7 9.511545e-02
<MEAN> 6
 1.021542e+02 -2.792120e+03 -2.371546e+02 -2.545580e+00 -7.545177e+00 -1.478760e+02
<VARIANCE> 6
 3.185140e+01 1.558502e+05 1.398304e+04 3.028640e+02 4.053393e+04 5.195771e+07
<GCONST> 7.007971e+01
<STATE> 6
<NUMMIXES> 7
<MIXTURE> 1 2.377501e-02
<MEAN> 6
 7.799766e+01 9.044058e+01 -1.891131e+03 1.846123e+01 -2.317799e+02 1.393275e+03
<VARIANCE> 6
 1.318771e+02 4.390942e+05 1.200016e+06 9.475725e+02 6.246324e+04 5.195771e+07
<GCONST> 7.856163e+01
<MIXTURE> 2 1.332284e-01
<MEAN> 6
 7.141196e+01 1.314001e+03 -1.119955e+03 6.690302e-01 -4.710989e+00 -1.284914e+02
<VARIANCE> 6
 3.185140e+01 9.945479e+03 1.398304e+04 3.028640e+02 4.053393e+04 5.195771e+07
<GCONST> 6.732794e+01
<MIXTURE> 3 2.529445e-01
<MEAN> 6
 7.608464e+01 4.358482e+02 -2.106825e+03 2.144575e+00 -3.760654e+00 -7.794084e+01
<VARIANCE> 6
 3.185140e+01 9.945479e+03 1.398304e+04 3.028640e+02 4.053393e+04 5.195771e+07
<GCONST> 6.732794e+01
<MIXTURE> 4 1.758195e-01
<MEAN> 6
 8.184727e+01 2.025166e+02 -2.384389e+03 5.362943e-01 -1.441428e+00 2.302799e+01
<VARIANCE> 6
 3.185140e+01 9.945479e+03 1.398304e+04 3.028640e+02 4.053393e+04 5.195771e+07
<GCONST> 6.732794e+01
<MIXTURE> 5 1.790307e-01
<MEAN> 6
 8.091953e+01 6.174749e+01 -2.197756e+03 -1.284093e+00 -1.579595e+01 -1.455392e+02
<VARIANCE> 6
 3.185140e+01 9.945479e+03 1.507583e+04 3.028640e+02 4.053393e+04 5.195771e+07
<GCONST> 6.740318e+01
<MIXTURE> 6 1.021456e-01
<MEAN> 6
 7.511191e+01 6.592036e+01 -1.813966e+03 -2.010250e-01 1.565381e+01 -2.294129e+02
<VARIANCE> 6
 3.185140e+01 1.303798e+04 2.033715e+04 3.028640e+02 4.053393e+04 5.195771e+07
<GCONST> 6.797329e+01
<MIXTURE> 7 1.330467e-01
<MEAN> 6
 7.142094e+01 1.313478e+03 -1.119801e+03 6.613067e-01 -4.867737e+00 -1.290216e+02
<VARIANCE> 6
 3.185140e+01 9.945479e+03 1.398304e+04 3.028640e+02 4.053393e+04 5.195771e+07
<GCONST> 6.732794e+01
<STATE> 7
<NUMMIXES> 7
<MIXTURE> 1 1.905202e-01
<MEAN> 6
 8.686094e+01 7.926799e+02 1.108722e+03 -4.904651e+00 1.743411e+00 6.140394e+01
<VARIANCE> 6
 3.804338e+01 5.684418e+04 1.398304e+04 3.028640e+02 4.053393e+04 5.195771e+07
<GCONST> 6.924878e+01
<MIXTURE> 2 6.473255e-02
<MEAN> 6
 1.253137e+02 1.997589e+02 2.278082e+01 -2.871971e+01 2.615171e+02 1.291855e+03
<VARIANCE> 6
 1.629462e+02 1.014044e+06 6.139947e+04 1.982134e+03 3.607855e+05 2.006147e+08
<GCONST> 8.048016e+01
<MIXTURE> 3 1.100169e-01
<MEAN> 6
 1.306032e+02 7.816172e+02 1.669966e+02 -2.819235e+00 -5.607077e+01 -2.283097e+02
<VARIANCE> 6
 4.574907e+01 1.710313e+05 1.398304e+04 3.028640e+02 4.053393e+04 5.195771e+07
<GCONST> 7.053476e+01
<MIXTURE> 4 1.102551e-01
<MEAN> 6
 1.080820e+02 2.583579e+01 3.541515e+02 -1.258824e+00 7.714956e-01 4.932998e+01
<VARIANCE> 6
 3.185140e+01 1.061483e+04 1.398304e+04 3.028640e+02 4.053393e+04 5.195771e+07
<GCONST> 6.739307e+01
<MIXTURE> 5 2.312673e-01
<MEAN> 6
 1.106117e+02 -2.573359e+01 2.901655e+02 -2.990248e+00 1.793488e+00 8.511119e+01
<VARIANCE> 6
 3.185140e+01 9.945479e+03 1.398304e+04 3.028640e+02 4.053393e+04 5.195771e+07
<GCONST> 6.732794e+01
<MIXTURE> 6 1.828739e-01
<MEAN> 6
 1.228988e+02 2.515281e+02 2.283323e+02 -5.811473e+00 -5.246328e+00 2.114423e+02
<VARIANCE> 6
 3.185140e+01 2.937621e+04 1.398304e+04 3.028640e+02 4.053393e+04 5.195771e+07
<GCONST> 6.841100e+01
<MIXTURE> 7 1.103278e-01
<MEAN> 6
 1.083660e+02 -4.984783e+00 3.294710e+02 -2.004032e+00 3.914859e+00 6.822276e+01
<VARIANCE> 6
 3.185140e+01 9.945479e+03 1.398304e+04 3.028640e+02 4.053393e+04 5.195771e+07
<GCONST> 6.732794e+01
<STATE> 8
<NUMMIXES> 7
<MIXTURE> 1 1.085445e-01
<MEAN> 6
 1.127860e+02 -2.123852e+02 -1.208711e+02 -5.399050e+00 -1.002754e+01 -2.839271e+01
<VARIANCE> 6
 3.185140e+01 1.000972e+05 1.625179e+05 3.028640e+02 4.053393e+04 5.195771e+07
<GCONST> 7.208990e+01
<MIXTURE> 2 2.102232e-01
<MEAN> 6
 1.131275e+02 -8.861464e+02 1.355542e+02 -5.039585e+00 -3.527871e+00 -1.057674e+02
<VARIANCE> 6
 5.441298e+01 6.070837e+04 1.853472e+04 3.028640e+02 4.053393e+04 5.195771e+07
<GCONST> 6.995422e+01
<MIXTURE> 3 2.118350e-01
<MEAN> 6
 9.694511e+01 -4.085446e+02 -5.155601e+02 6.433363e-01 -4.108050e+00 -4.750446e+01
<VARIANCE> 6
 3.185140e+01 9.945479e+03 1.398304e+04 3.028640e+02 4.053393e+04 5.195771e+07
<GCONST> 6.732794e+01
<MIXTURE> 4 1.117354e-01
<MEAN> 6
 1.080017e+02 -7.026357e+02 -2.653783e+02 -4.316502e+00 -3.306597e+00 8.109750e+01
<VARIANCE> 6
 3.726455e+01 9.945479e+03 1.667921e+04 3.028640e+02 4.053393e+04 5.195771e+07
<GCONST> 6.766122e+01
<MIXTURE> 5 1.388550e-01
<MEAN> 6
 8.414725e+01 -6.367686e+02 -3.929702e+02 -1.000632e+00 1.468664e+01 -4.585223e+01
<VARIANCE> 6
 3.185140e+01 5.068865e+04 1.398304e+04 3.028640e+02 4.053393e+04 5.195771e+07
<GCONST> 6.895652e+01
<MIXTURE> 6 1.224268e-01
<MEAN> 6
 1.004370e+02 -8.110927e+02 -1.795041e+02 -2.276701e+00 -1.238193e-01 7.253461e+01
<VARIANCE> 6
 3.185140e+01 2.832657e+04 1.398304e+04 3.028640e+02 4.053393e+04 5.195771e+07
<GCONST> 6.837462e+01
<MIXTURE> 7 9.636679e-02
<MEAN> 6
 1.116283e+02 -3.031742e+02 -5.236094e+01 -5.937400e+00 -1.563186e+01 -7.448729e+01
<VARIANCE> 6
 3.185140e+01 1.894081e+05 1.895311e+05 3.028640e+02 4.053393e+04 5.195771e+07
<GCONST> 7.288143e+01
<STATE> 9
<NUMMIXES> 7
<MIXTURE> 1 2.102505e-01
<MEAN> 6
 7.306757e+01 1.609093e+02 -2.745162e+02 -8.902543e-01 -4.830584e+00 -3.137263e+01
<VARIANCE> 6
 3.185140e+01 9.945479e+03 1.398304e+04 3.028640e+02 4.053393e+04 5.195771e+07
<GCONST> 6.732794e+01
<MIXTURE> 2 2.642131e-01
<MEAN> 6
 6.861790e+01 3.786056e+01 -9.309149e+02 -3.135001e-01 -3.958956e+00 -1.244668e+02
<VARIANCE> 6
 3.185140e+01 9.945479e+03 4.744421e+04 3.028640e+02 4.053393e+04 5.195771e+07
<GCONST> 6.854965e+01
<MIXTURE> 3 9.485747e-02
<MEAN> 6
 7.794858e+01 -1.746521e+03 -7.783992e+02 6.623816e-01 -2.789466e+00 -1.892144e+02
<VARIANCE> 6
 3.185140e+01 8.722094e+04 1.398304e+04 3.028640e+02 4.053393e+04 5.195771e+07
<GCONST> 6.949927e+01
<MIXTURE> 4 1.064980e-01
<MEAN> 6
 7.281837e+01 -4.055227e+02 -8.553589e+02 -8.784397e-01 -8.016562e+00 -5.853932e+01
<VARIANCE> 6
 3.185140e+01 1.720763e+04 1.398304e+04 3.028640e+02 4.053393e+04 5.195771e+07
<GCONST> 6.787617e+01
<MIXTURE> 5 1.298458e-01
<MEAN> 6
 7.776630e+01 -9.967771e+00 -3.396352e+02 -3.781135e+00 4.162773e+00 -6.227901e+01
<VARIANCE> 6
 3.185140e+01 4.231048e+04 1.398304e+04 3.028640e+02 4.053393e+04 5.195771e+07
<GCONST> 6.877586e+01
<MIXTURE> 6 9.210710e-02
<MEAN> 6
 7.450600e+01 -3.486295e+02 -9.363881e+02 -6.836135e-01 -7.053831e-01 -1.090768e+02
<VARIANCE> 6
 3.185140e+01 1.090987e+04 1.516417e+04 3.028640e+02 4.053393e+04 5.195771e+07
<GCONST> 6.750157e+01
<MIXTURE> 7 1.022164e-01
<MEAN> 6
 7.393354e+01 -3.710220e+02 -9.097306e+02 -6.743760e-01 -1.406604e+00 -1.157796e+02
<VARIANCE> 6
 3.185140e+01 1.026696e+04 1.548558e+04 3.028640e+02 4.053393e+04 5.195771e+07
<GCONST> 6.746181e+01
<STATE> 10
<NUMMIXES> 7
<MIXTURE> 1 1.004066e-01
<MEAN> 6
 6.526675e+01 9.773779e+02 -1.351088e+02 8.542303e-02 1.530769e+00 -1.624253e+02
<VARIANCE> 6
 3.185140e+01 9.945479e+03 1.398304e+04 3.028640e+02 4.053393e+04 5.195771e+07
<GCONST> 6.732794e+01
<MIXTURE> 2 7.557721e-02
<MEAN> 6
 9.285474e+01 -9.711395e+02 -1.436949e+02 -5.348774e+01 -7.437812e+02 -7.962368e+03
<VARIANCE> 6
 1.117803e+02 1.328386e+06 2.945596e+05 1.943497e+03 9.805602e+04 1.314561e+08
<GCONST> 8.019623e+01
<MIXTURE> 3 1.556026e-01
<MEAN> 6
 4.663044e+01 4.470210e+02 -8.775184e+01 6.027957e+00 3.604593e+01 -2.053942e+02
<VARIANCE> 6
 3.185140e+01 9.945479e+03 1.398304e+04 3.028640e+02 4.053393e+04 5.195771e+07
<GCONST> 6.732794e+01
<MIXTURE> 4 1.651418e-01
<MEAN> 6
 6.530026e+01 8.749210e+02 -1.579293e+02 -3.578625e-01 -3.429695e+00 -1.514097e+02
<VARIANCE> 6
 3.185140e+01 1.374631e+04 1.398304e+04 3.028640e+02 4.053393e+04 5.195771e+07
<GCONST> 6.765159e+01
<MIXTURE> 5 1.783809e-01
<MEAN> 6
 6.510214e+01 7.956475e+02 -1.620084e+02 -7.847839e-01 -1.011273e+01 -2.654536e+02
<VARIANCE> 6
 3.185140e+01 1.211666e+04 1.398304e+04 3.028640e+02 4.053393e+04 5.195771e+07
<GCONST> 6.752541e+01
<MIXTURE> 6 2.223767e-01
<MEAN> 6
 6.534235e+01 9.573532e+02 -1.437148e+02 6.042090e-03 6.040137e-01 -1.293889e+02
<VARIANCE> 6
 3.185140e+01 9.945479e+03 1.398304e+04 3.028640e+02 4.053393e+04 5.195771e+07
<GCONST> 6.732794e+01
<MIXTURE> 7 1.025131e-01
<MEAN> 6
 6.534734e+01 9.557545e+02 -1.443508e+02 5.014217e-05 5.367534e-01 -1.272375e+02
<VARIANCE> 6
 3.185140e+01 9.945479e+03 1.398304e+04 3.028640e+02 4.053393e+04 5.195771e+07
<GCONST> 6.732794e+01
<STATE> 11
<NUMMIXES> 7
<MIXTURE> 1 1.934427e-01
<MEAN> 6
 7.755348e+01 4.220710e+01 1.023074e+02 -2.766634e+00 -2.253888e+01 1.916443e+02
<VARIANCE> 6
 3.185140e+01 1.438489e+04 1.694668e+04 3.028640e+02 4.053393e+04 5.195771e+07
<GCONST> 6.788922e+01
<MIXTURE> 2 1.384411e-02
<MEAN> 6
 7.812430e+01 9.676806e+01 3.769934e+01 2.307681e+01 1.519759e+02 -4.876979e+03
<VARIANCE> 6
 1.068097e+02 3.844238e+05 1.761406e+05 1.042863e+03 2.768604e+05 7.577586e+07
<GCONST> 7.826113e+01
<MIXTURE> 3 1.277134e-01
<MEAN> 6
 7.251943e+01 -1.001456e+01 1.641328e+02 -2.392773e+00 -5.950207e+00 -4.451049e+01
<VARIANCE> 6
 3.185140e+01 9.945479e+03 1.398304e+04 3.028640e+02 4.053393e+04 5.195771e+07
<GCONST> 6.732794e+01
<MIXTURE> 4 1.465297e-01
<MEAN> 6
 7.496826e+01 -8.169805e+01 1.213069e+02 -3.350358e+00 -3.675282e+00 4.969355e+01
<VARIANCE> 6
 3.682253e+01 2.037356e+04 1.398304e+04 3.028640e+02 4.053393e+04 5.195771e+07
<GCONST> 6.819009e+01
<MIXTURE> 5 2.374213e-01
<MEAN> 6
 7.279474e+01 1.758976e+01 1.374133e+02 -3.438207e+00 -6.000199e+00 4.781256e+01
<VARIANCE> 6
 3.523732e+01 9.945479e+03 1.398304e+04 3.028640e+02 4.053393e+04 5.195771e+07
<GCONST> 6.742896e+01
<MIXTURE> 6 1.514423e-01
<MEAN> 6
 7.356086e+01 -1.361199e+02 1.165309e+02 -3.460047e+00 6.481176e-01 4.283898e+00
<VARIANCE> 6
 3.573005e+01 1.795534e+04 1.398304e+04 3.028640e+02 4.053393e+04 5.195771e+07
<GCONST> 6.803362e+01
<MIXTURE> 7 1.296070e-01
<MEAN> 6
 7.082841e+01 -1.918457e+01 1.591556e+02 -2.705968e+00 -4.410913e+00 -7.316032e+01
<VARIANCE> 6
 3.185140e+01 9.945479e+03 1.398304e+04 3.028640e+02 4.053393e+04 5.195771e+07
<GCONST> 6.732794e+01
<STATE> 12
<NUMMIXES> 7
<MIXTURE> 1 1.713225e-01
<MEAN> 6
 8.698422e+01 -3.888971e+02 4.759889e+02 -1.093039e+01 6.835738e+00 4.129146e+02
<VARIANCE> 6
 3.185140e+01 2.470012e+04 5.607694e+04 3.028640e+02 4.053393e+04 5.195771e+07
<GCONST> 6.962651e+01
<MIXTURE> 2 1.479533e-01
<MEAN> 6
 7.969104e+01 1.439190e+03 4.529924e+02 -1.661947e+00 -6.483466e+00 -2.171953e+02
<VARIANCE> 6
 3.185140e+01 2.808130e+04 1.398304e+04 3.028640e+02 4.053393e+04 5.195771e+07
<GCONST> 6.836592e+01
<MIXTURE> 3 1.926090e-01
<MEAN> 6
 9.662314e+01 7.786155e+02 2.384077e+02 -4.231405e+00 -2.485516e+00 5.100222e+01
<VARIANCE> 6
 3.185140e+01 9.945479e+03 1.398304e+04 3.028640e+02 4.053393e+04 5.195771e+07
<GCONST> 6.732794e+01
<MIXTURE> 4 1.708214e-01
<MEAN> 6
 8.834595e+01 6.097011e+02 1.955138e+02 -2.495056e+00 -4.007767e+00 -1.371249e+02
<VARIANCE> 6
 3.185140e+01 7.919223e+04 1.398304e+04 3.028640e+02 4.053393e+04 5.195771e+07
<GCONST> 6.940269e+01
<MIXTURE> 5 1.278766e-01
<MEAN> 6
 8.486556e+01 9.943702e+02 2.702754e+02 -1.224029e+00 -3.008495e+00 -1.158101e+02
<VARIANCE> 6
 3.185140e+01 9.945479e+03 1.398304e+04 3.028640e+02 4.053393e+04 5.195771e+07
<GCONST> 6.732794e+01
<MIXTURE> 6 1.024778e-01
<MEAN> 6
 8.659590e+01 3.392114e+02 2.657316e+02 -1.866648e+00 -2.039289e+01 -7.015858e+02
<VARIANCE> 6
 3.185140e+01 2.777201e+05 1.955393e+04 3.028640e+02 4.053393e+04 5.195771e+07
<GCONST> 7.099277e+01
<MIXTURE> 7 8.693059e-02
<MEAN> 6
 8.693294e+01 9.473421e+02 2.345086e+02 -1.389333e+00 -1.618985e+00 -1.272432e+02
<VARIANCE> 6
 3.185140e+01 2.103501e+04 1.398304e+04 3.028640e+02 4.053393e+04 5.195771e+07
<GCONST> 6.807701e+01
<STATE> 13
<NUMMIXES> 7
<MIXTURE> 1 9.358133e-02
<MEAN> 6
 7.594746e+01 -7.863741e+02 3.692929e+03 -1.802854e+00 3.006642e-01 -6.036985e+01
<VARIANCE> 6
 8.299308e+01 1.382558e+05 9.766096e+05 3.028640e+02 4.053393e+04 5.195771e+07
<GCONST> 7.516384e+01
<MIXTURE> 2 1.099593e-01
<MEAN> 6
 7.668752e+01 8.894474e+02 3.222519e+02 -1.587284e+00 -9.503118e+00 -1.618747e+02
<VARIANCE> 6
 3.185140e+01 1.453405e+07 3.133987e+05 3.028640e+02 4.053393e+04 5.195771e+07
<GCONST> 7.772470e+01
<MIXTURE> 3 1.428759e-01
<MEAN> 6
 7.169991e+01 6.292827e+02 6.967974e+02 -2.890382e-01 -1.018425e+00 -6.058805e+01
<VARIANCE> 6
 3.185140e+01 1.386154e+05 1.398304e+04 3.028640e+02 4.053393e+04 5.195771e+07
<GCONST> 6.996252e+01
<MIXTURE> 4 1.339147e-01
<MEAN> 6
 6.173550e+01 2.258324e+02 4.403773e+02 -1.406564e+00 3.349005e-01 -2.923075e+01
<VARIANCE> 6
 3.185140e+01 1.186813e+04 4.903461e+05 3.028640e+02 4.053393e+04 5.195771e+07
<GCONST> 7.106194e+01
<MIXTURE> 5 1.818496e-01
<MEAN> 6
 6.189797e+01 -5.607184e+02 1.945788e+03 -1.858835e-02 -7.492008e+00 -1.668916e+02
<VARIANCE> 6
 6.852156e+01 1.312969e+04 2.887659e+05 3.028640e+02 4.053393e+04 5.195771e+07
<GCONST> 7.139954e+01
<MIXTURE> 6 2.321566e-01
<MEAN> 6
 6.877290e+01 -9.543478e+02 9.118749e+02 -8.536950e-01 5.044429e+00 -1.979198e+01
<VARIANCE> 6
 3.185140e+01 1.025507e+04 3.556280e+05 3.028640e+02 4.053393e+04 5.195771e+07
<GCONST> 7.059464e+01
<MIXTURE> 7 1.056536e-01
<MEAN> 6
 7.579816e+01 -4.551334e+03 1.058036e+03 -2.514187e+00 -9.123529e+00 -1.056059e+02
<VARIANCE> 6
 3.185140e+01 2.893411e+07 5.545808e+05 3.028640e+02 4.053393e+04 5.195771e+07
<GCONST> 7.898396e+01
<STATE> 14
<NUMMIXES> 7
<MIXTURE> 1 2.062754e-02
<MEAN> 6
 2.109029e+01 6.284801e+02 -1.902488e+02 -2.221483e+01 -2.792040e+02 3.516760e+03
<VARIANCE> 6
 7.696648e+03 3.635206e+07 1.217700e+06 6.906800e+05 3.649393e+08 5.278140e+11
<GCONST> 1.115497e+02
<MIXTURE> 2 1.562745e-01
<MEAN> 6
 2.169049e+01 1.406877e+02 3.306105e+01 1.193030e+02 7.907523e+01 -2.589127e+03
<VARIANCE> 6
 2.160033e+03 4.513531e+05 1.306802e+05 3.237905e+04 2.507220e+05 5.195771e+07
<GCONST> 8.408896e+01
<MIXTURE> 3 1.532086e-01
<MEAN> 6
 9.974787e+00 7.746590e+01 -5.506600e+01 -7.798923e+01 3.866526e+02 2.287338e+03
<VARIANCE> 6
 4.461520e+03 1.320745e+06 1.115868e+06 6.553183e+04 3.141078e+06 1.370081e+09
<GCONST> 9.453786e+01
<MIXTURE> 4 2.140473e-01
<MEAN> 6
 9.214410e+01 1.062776e+02 -1.472474e+02 -5.186761e+00 -4.198996e+01 -2.335947e+02
<VARIANCE> 6
 3.199048e+02 9.669704e+05 1.106187e+06 3.028640e+02 4.053393e+04 5.195771e+07
<GCONST> 7.858276e+01
<MIXTURE> 5 1.218278e-01
<MEAN> 6
 6.952643e+01 1.359772e+01 1.299950e+02 -1.504512e+01 -6.129733e+02 2.676671e+02
<VARIANCE> 6
 1.069162e+03 3.364699e+05 9.695851e+05 4.092539e+04 3.209854e+05 1.368296e+08
<GCONST> 8.654568e+01
<MIXTURE> 6 2.169652e-01
<MEAN> 6
 -5.572183e+01 2.060028e+01 -5.055455e+01 2.327171e+01 5.155217e+02 8.369392e+01
<VARIANCE> 6
 4.084562e+02 3.577743e+05 9.133229e+05 1.055139e+04 2.599669e+05 7.621798e+07
<GCONST> 8.343358e+01
<MIXTURE> 7 1.166484e-01
<MEAN> 6
 6.682294e+01 -1.672525e+02 -5.569481e+01 -6.984133e+01 -7.954636e+02 6.203789e+01
<VARIANCE> 6
 1.114332e+03 4.212408e+05 9.626411e+05 4.268522e+04 4.720994e+05 1.453163e+08
<GCONST> 8.729266e+01
<TRANSP> 15
 0.000000e+00 1.000000e+00 0.000000e+00 0.000000e+00 0.000000e+00 0.000000e+00 0.000000e+00 0.000000e+00 0.000000e+00 0.000000e+00 0.000000e+00 0.000000e+00 0.000000e+00 0.000000e+00 0.000000e+00
 0.000000e+00 9.999236e-01 7.632400e-05 0.000000e+00 0.000000e+00 0.000000e+00 0.000000e+00 0.000000e+00 0.000000e+00 0.000000e+00 0.000000e+00 0.000000e+00 0.000000e+00 0.000000e+00 0.000000e+00
 0.000000e+00 0.000000e+00 9.975553e-01 2.444709e-03 0.000000e+00 0.000000e+00 0.000000e+00 0.000000e+00 0.000000e+00 0.000000e+00 0.000000e+00 0.000000e+00 0.000000e+00 0.000000e+00 0.000000e+00
 0.000000e+00 0.000000e+00 0.000000e+00 9.970663e-01 2.933685e-03 0.000000e+00 0.000000e+00 0.000000e+00 0.000000e+00 0.000000e+00 0.000000e+00 0.000000e+00 0.000000e+00 0.000000e+00 0.000000e+00
 0.000000e+00 0.000000e+00 0.000000e+00 0.000000e+00 9.953610e-01 4.638969e-03 0.000000e+00 0.000000e+00 0.000000e+00 0.000000e+00 0.000000e+00 0.000000e+00 0.000000e+00 0.000000e+00 0.000000e+00
 0.000000e+00 0.000000e+00 0.000000e+00 0.000000e+00 0.000000e+00 9.952214e-01 4.778555e-03 0.000000e+00 0.000000e+00 0.000000e+00 0.000000e+00 0.000000e+00 0.000000e+00 0.000000e+00 0.000000e+00
 0.000000e+00 0.000000e+00 0.000000e+00 0.000000e+00 0.000000e+00 0.000000e+00 9.954777e-01 4.522321e-03 0.000000e+00 0.000000e+00 0.000000e+00 0.000000e+00 0.000000e+00 0.000000e+00 0.000000e+00
 0.000000e+00 0.000000e+00 0.000000e+00 0.000000e+00 0.000000e+00 0.000000e+00 0.000000e+00 9.965577e-01 3.442287e-03 0.000000e+00 0.000000e+00 0.000000e+00 0.000000e+00 0.000000e+00 0.000000e+00
 0.000000e+00 0.000000e+00 0.000000e+00 0.000000e+00 0.000000e+00 0.000000e+00 0.000000e+00 0.000000e+00 9.969605e-01 3.039454e-03 0.000000e+00 0.000000e+00 0.000000e+00 0.000000e+00 0.000000e+00
 0.000000e+00 0.000000e+00 0.000000e+00 0.000000e+00 0.000000e+00 0.000000e+00 0.000000e+00 0.000000e+00 0.000000e+00 9.911121e-01 8.887872e-03 0.000000e+00 0.000000e+00 0.000000e+00 0.000000e+00
 0.000000e+00 0.000000e+00 0.000000e+00 0.000000e+00 0.000000e+00 0.000000e+00 0.000000e+00 0.000000e+00 0.000000e+00 0.000000e+00 9.967864e-01 3.213588e-03 0.000000e+00 0.000000e+00 0.000000e+00
 0.000000e+00 0.000000e+00 0.000000e+00 0.000000e+00 0.000000e+00 0.000000e+00 0.000000e+00 0.000000e+00 0.000000e+00 0.000000e+00 0.000000e+00 9.959567e-01 4.043262e-03 0.000000e+00 0.000000e+00
 0.000000e+00 0.000000e+00 0.000000e+00 0.000000e+00 0.000000e+00 0.000000e+00 0.000000e+00 0.000000e+00 0.000000e+00 0.000000e+00 0.000000e+00 0.000000e+00 9.986672e-01 1.332738e-03 0.000000e+00
 0.000000e+00 0.000000e+00 0.000000e+00 0.000000e+00 0.000000e+00 0.000000e+00 0.000000e+00 0.000000e+00 0.000000e+00 0.000000e+00 0.000000e+00 0.000000e+00 0.000000e+00 9.999030e-01 9.703633e-05
 0.000000e+00 0.000000e+00 0.000000e+00 0.000000e+00 0.000000e+00 0.000000e+00 0.000000e+00 0.000000e+00 0.000000e+00 0.000000e+00 0.000000e+00 0.000000e+00 0.000000e+00 0.000000e+00 0.000000e+00
<ENDHMM>
~h "SegundoESO"
<BEGINHMM>
<NUMSTATES> 15
<STATE> 2
<NUMMIXES> 7
<MIXTURE> 1 1.576554e-01
<MEAN> 6
 5.941607e+01 2.262126e+03 -2.734074e+02 4.785129e-01 -4.166692e+00 -1.841202e+02
<VARIANCE> 6
 3.185140e+01 1.817266e+05 1.398304e+04 3.028640e+02 4.053393e+04 5.195771e+07
<GCONST> 7.023332e+01
<MIXTURE> 2 1.420482e-01
<MEAN> 6
 5.794629e+01 4.519548e+02 -3.632696e+03 4.660558e-02 -1.653516e+00 -5.347164e+01
<VARIANCE> 6
 3.185140e+01 6.360584e+04 1.184482e+06 3.028640e+02 4.053393e+04 5.195771e+07
<GCONST> 7.362274e+01
<MIXTURE> 3 1.174130e-01
<MEAN> 6
 6.216288e+01 7.464400e+01 -1.699607e+03 2.829376e-01 -1.295771e+00 -1.579142e+02
<VARIANCE> 6
 3.185140e+01 5.175726e+04 5.521694e+04 3.028640e+02 4.053393e+04 5.195771e+07
<GCONST> 7.035081e+01
<MIXTURE> 4 1.897346e-01
<MEAN> 6
 6.378091e+01 1.410453e+03 -1.128774e+03 -3.016343e-01 -5.320488e+00 -7.262617e+01
<VARIANCE> 6
 3.185140e+01 1.569729e+06 8.382725e+04 3.028640e+02 4.053393e+04 5.195771e+07
<GCONST> 7.418039e+01
<MIXTURE> 5 1.683456e-01
<MEAN> 6
 7.441703e+01 -7.483853e+01 -6.982141e+03 -3.988490e-01 -4.584699e+00 -5.890628e+01
<VARIANCE> 6
 3.185140e+01 1.645436e+05 4.808920e+06 3.028640e+02 4.053393e+04 5.195771e+07
<GCONST> 7.597438e+01
<MIXTURE> 6 1.085100e-01
<MEAN> 6
 6.255085e+01 -6.103840e+02 -6.059505e+02 -1.208260e-01 -1.730803e+00 -1.019308e+02
<VARIANCE> 6
 3.185140e+01 1.128278e+06 3.533390e+04 3.028640e+02 4.053393e+04 5.195771e+07
<GCONST> 7.298627e+01
<MIXTURE> 7 1.162980e-01
<MEAN> 6
 6.220199e+01 -7.235259e+02 -6.085449e+02 -1.894760e-01 -1.507527e+00 -1.050011e+02
<VARIANCE> 6
 3.185140e+01 1.109462e+06 3.253378e+04 3.028640e+02 4.053393e+04 5.195771e+07
<GCONST> 7.288689e+01
<STATE> 3
<NUMMIXES> 7
<MIXTURE> 1 7.412516e-02
<MEAN> 6
 7.811002e+01 1.160743e+03 1.255157e+03 -1.864700e-02 7.948797e-01 -5.003369e+01
<VARIANCE> 6
 3.185140e+01 8.871266e+05 2.861642e+05 3.028640e+02 4.053393e+04 5.195771e+07
<GCONST> 7.483752e+01
<MIXTURE> 2 2.133386e-01
<MEAN> 6
 7.291618e+01 6.858273e+01 3.339739e+02 -3.296927e-01 -3.414252e+00 -8.413454e+01
<VARIANCE> 6
 3.185140e+01 2.412103e+05 1.398304e+04 3.028640e+02 4.053393e+04 5.195771e+07
<GCONST> 7.051649e+01
<MIXTURE> 3 1.720129e-01
<MEAN> 6
 8.182347e+01 -1.767589e+03 9.972554e+01 -1.373062e+00 -3.347569e+00 -1.114694e+02
<VARIANCE> 6
 9.829344e+01 1.069380e+06 1.803733e+05 3.028640e+02 4.053393e+04 5.195771e+07
<GCONST> 7.568971e+01
<MIXTURE> 4 1.073995e-01
<MEAN> 6
 8.393353e+01 -7.715159e+02 1.843769e+02 -6.752982e-01 -4.857935e+00 -1.266696e+02
<VARIANCE> 6
 3.185140e+01 1.198333e+04 3.240072e+04 3.028640e+02 4.053393e+04 5.195771e+07
<GCONST> 6.835468e+01
<MIXTURE> 5 1.804038e-01
<MEAN> 6
 7.302728e+01 1.502009e+02 9.955596e+02 5.954465e-01 -2.544886e+00 -8.628211e+01
<VARIANCE> 6
 4.643968e+01 1.709781e+05 8.392148e+05 3.028640e+02 4.053393e+04 5.195771e+07
<GCONST> 7.464404e+01
<MIXTURE> 6 1.717955e-01
<MEAN> 6
 6.978051e+01 4.105573e+02 1.095205e+02 -3.887699e-01 -5.907587e-01 -9.471673e+01
<VARIANCE> 6
 3.185140e+01 1.111530e+06 1.398304e+04 3.028640e+02 4.053393e+04 5.195771e+07
<GCONST> 7.204431e+01
<MIXTURE> 7 8.085866e-02
<MEAN> 6
 8.108224e+01 -7.751257e+02 4.596198e+01 -4.826042e-01 -4.574708e+00 -1.238244e+02
<VARIANCE> 6
 3.185140e+01 4.895252e+04 2.261681e+04 3.028640e+02 4.053393e+04 5.195771e+07
<GCONST> 6.940252e+01
<STATE> 4
<NUMMIXES> 7
<MIXTURE> 1 5.789114e-02
<MEAN> 6
 8.478819e+01 -4.356464e+03 8.650680e+03 -1.176952e+00 -1.635867e+01 -6.740894e+01
<VARIANCE> 6
 1.112256e+02 3.001180e+06 3.345530e+07 6.423235e+02 4.053393e+04 5.195771e+07
<GCONST> 8.281999e+01
<MIXTURE> 2 1.964594e-01
<MEAN> 6
 -3.205891e+01 1.247615e+02 2.076494e+03 -3.541658e+01 8.851671e+02 -3.892591e+01
<VARIANCE> 6
 6.764188e+02 2.872214e+06 4.482066e+06 5.440677e+04 5.248868e+05 2.194777e+08
<GCONST> 9.101221e+01
<MIXTURE> 3 1.113114e-01
<MEAN> 6
 6.729508e+01 -1.000604e+02 2.406471e+03 1.169323e+02 -4.753603e+02 -6.719691e+02
<VARIANCE> 6
 6.423499e+02 1.305114e+06 4.585108e+06 1.201658e+04 9.470773e+04 5.195771e+07
<GCONST> 8.553105e+01
<MIXTURE> 4 1.304656e-01
<MEAN> 6
 4.293424e+01 3.272121e+02 1.301722e+03 -4.368530e+01 -5.927706e+02 1.507820e+03
<VARIANCE> 6
 1.007148e+03 6.614500e+06 5.440963e+06 6.091100e+04 5.716754e+05 2.252218e+08
<GCONST> 9.266248e+01
<MIXTURE> 5 1.696747e-01
<MEAN> 6
 -5.308750e+01 7.600550e+01 1.382239e+03 3.321692e+01 3.107065e+02 -4.586821e+01
<VARIANCE> 6
 2.774256e+02 2.058950e+06 4.249040e+06 3.964234e+03 1.172692e+05 5.195771e+07
<GCONST> 8.417596e+01
<MIXTURE> 6 2.242501e-01
<MEAN> 6
 8.222240e+01 -1.472446e+03 1.762972e+03 -2.785701e+00 -3.813140e+01 -1.356348e+02
<VARIANCE> 6
 1.262404e+02 3.211646e+06 3.166452e+06 3.028640e+02 4.053393e+04 5.195771e+07
<GCONST> 7.990498e+01
<MIXTURE> 7 1.098943e-01
<MEAN> 6
 6.990234e+01 -2.461639e+02 8.792270e+02 -8.393887e+01 -8.113032e+02 -3.836266e+02
<VARIANCE> 6
 4.767007e+02 8.030482e+05 3.696943e+06 2.270595e+04 1.982177e+05 5.195771e+07
<GCONST> 8.590678e+01
<STATE> 5
<NUMMIXES> 7
<MIXTURE> 1 1.118694e-01
<MEAN> 6
 5.956923e+01 1.410845e+02 2.523402e+02 1.518041e-01 -2.479605e+00 -1.194761e+02
<VARIANCE> 6
 5.975519e+01 9.945479e+03 1.290264e+05 3.028640e+02 4.053393e+04 5.195771e+07
<GCONST> 7.017928e+01
<MIXTURE> 2 9.415550e-02
<MEAN> 6
 6.899594e+01 6.035103e+02 -1.649267e+01 -9.428390e-01 -8.808291e+00 -8.762045e+01
<VARIANCE> 6
 3.185140e+01 8.557434e+04 4.408198e+04 3.028640e+02 4.053393e+04 5.195771e+07
<GCONST> 7.062841e+01
<MIXTURE> 3 1.636024e-01
<MEAN> 6
 6.200225e+01 -4.135329e+02 -6.471701e+00 -1.377033e-02 -6.015522e+00 -1.533877e+02
<VARIANCE> 6
 3.185140e+01 1.070943e+05 3.693352e+04 3.028640e+02 4.053393e+04 5.195771e+07
<GCONST> 7.067580e+01
<MIXTURE> 4 1.105020e-01
<MEAN> 6
 6.837272e+01 1.351494e+01 -4.551759e+02 -8.320362e-01 -3.859289e+00 -1.277547e+02
<VARIANCE> 6
 3.736415e+01 3.378524e+04 2.948537e+04 3.028640e+02 4.053393e+04 5.195771e+07
<GCONST> 6.945652e+01
<MIXTURE> 5 1.680944e-01
<MEAN> 6
 6.113944e+01 -3.611872e+02 -1.117577e+02 1.298594e-01 -3.140412e+00 -1.440596e+02
<VARIANCE> 6
 3.185140e+01 7.618795e+04 4.963786e+04 3.028640e+02 4.053393e+04 5.195771e+07
<GCONST> 7.063093e+01
<MIXTURE> 6 2.134347e-01
<MEAN> 6
 6.007803e+01 4.648071e+01 -6.939214e+01 -1.722060e-01 -5.843944e+00 -1.544720e+02
<VARIANCE> 6
 3.185140e+01 9.945479e+03 3.763594e+04 3.028640e+02 4.053393e+04 5.195771e+07
<GCONST> 6.831805e+01
<MIXTURE> 7 1.383033e-01
<MEAN> 6
 6.639530e+01 4.296055e+02 -2.115192e+02 -1.560876e-01 -3.322486e+00 -1.217088e+02
<VARIANCE> 6
 3.185140e+01 2.785069e+04 1.398304e+04 3.028640e+02 4.053393e+04 5.195771e+07
<GCONST> 6.835768e+01
<STATE> 6
<NUMMIXES> 7
<MIXTURE> 1 1.214947e-01
<MEAN> 6
 1.146067e+01 2.087841e+02 1.800793e+02 1.089895e+01 -2.981128e+01 -5.237085e+01
<VARIANCE> 6
 5.411160e+02 4.192042e+05 5.464861e+05 4.133119e+04 7.445509e+04 5.195771e+07
<GCONST> 8.309154e+01
<MIXTURE> 2 6.334092e-02
<MEAN> 6
 1.913704e+01 1.908184e+02 7.287188e+01 -9.029256e+01 6.019460e+01 4.345915e+03
<VARIANCE> 6
 3.422661e+03 1.557223e+06 2.269547e+06 4.259159e+04 2.779821e+06 1.024549e+09
<GCONST> 9.430377e+01
<MIXTURE> 3 2.250329e-01
<MEAN> 6
 7.192011e+01 -1.595713e+01 4.305116e+01 1.113397e+01 -3.386851e+02 -5.887475e+02
<VARIANCE> 6
 2.384665e+02 5.282671e+05 4.505965e+05 1.089450e+04 1.138011e+05 5.195771e+07
<GCONST> 8.140134e+01
<MIXTURE> 4 1.650957e-01
<MEAN> 6
 -3.608920e+01 1.640317e+02 5.848489e+01 -1.422804e-01 9.022582e+02 -3.467996e+02
<VARIANCE> 6
 2.465496e+02 5.556637e+05 2.299627e+05 3.221772e+04 3.093912e+05 1.738401e+08
<GCONST> 8.410470e+01
<MIXTURE> 5 1.605307e-01
<MEAN> 6
 6.272305e+01 -1.284896e+02 2.975779e+01 -4.784725e+01 -7.558848e+02 8.740626e+02
<VARIANCE> 6
 5.850297e+02 2.449257e+06 2.480477e+05 3.166198e+04 2.857143e+05 1.308027e+08
<GCONST> 8.614642e+01
<MIXTURE> 6 1.388146e-01
<MEAN> 6
 -5.231027e+01 -5.939848e+01 4.072039e+01 2.598933e+01 4.139710e+02 -1.593106e+02
<VARIANCE> 6
 1.375621e+02 4.790572e+05 4.788884e+05 2.499252e+03 1.303582e+05 5.195771e+07
<GCONST> 7.947787e+01
<MIXTURE> 7 1.249107e-01
<MEAN> 6
 7.044719e+00 -8.272827e+01 -7.158495e+01 1.274958e+01 -4.355713e+00 -1.137013e+03
<VARIANCE> 6
 4.325124e+02 5.951084e+05 3.301997e+05 4.369515e+04 9.347478e+04 5.232264e+07
<GCONST> 8.300421e+01
<STATE> 7
<NUMMIXES> 7
<MIXTURE> 1 1.613043e-01
<MEAN> 6
 -3.876381e+01 1.164287e+03 -1.359180e+03 1.990073e+01 8.922784e+02 -1.767818e+02
<VARIANCE> 6
 1.143217e+02 2.748578e+06 2.200510e+06 1.868026e+04 2.390494e+05 1.111464e+08
<GCONST> 8.594308e+01
<MIXTURE> 2 5.656410e-02
<MEAN> 6
 8.550585e+01 -4.533556e+02 -2.425458e+03 -7.473866e+01 -1.099721e+03 1.994282e+03
<VARIANCE> 6
 6.813541e+02 1.241239e+07 2.247466e+06 2.779498e+04 7.514999e+05 3.405587e+08
<GCONST> 9.191940e+01
<MIXTURE> 3 1.484381e-01
<MEAN> 6
 4.712702e+01 2.520470e+03 -3.305261e+03 1.479950e+02 -1.726876e+02 -1.057722e+03
<VARIANCE> 6
 7.073445e+02 2.862108e+06 2.168859e+06 4.363547e+03 4.053393e+04 5.195771e+07
<GCONST> 8.380244e+01
<MIXTURE> 4 2.571097e-01
<MEAN> 6
 8.006938e+01 7.619108e+02 -2.633351e+03 -2.017165e+01 -3.202867e+02 1.141846e+02
<VARIANCE> 6
 2.652347e+02 2.430777e+06 1.519400e+06 1.208188e+04 8.646065e+04 5.195771e+07
<GCONST> 8.407828e+01
<MIXTURE> 5 1.332992e-01
<MEAN> 6
 2.820795e+00 1.360726e+03 -2.154527e+03 -7.959470e+01 1.998719e+02 1.496235e+03
<VARIANCE> 6
 5.298020e+02 3.839953e+06 2.120138e+06 2.722661e+04 5.487031e+04 5.195771e+07
<GCONST> 8.591835e+01
<MIXTURE> 6 1.090356e-01
<MEAN> 6
 -5.994638e+01 3.847080e+02 -1.328025e+03 1.089646e+01 2.157425e+02 -2.408830e+01
<VARIANCE> 6
 3.185140e+01 6.782364e+05 2.854215e+06 1.193276e+03 7.553745e+04 5.195771e+07
<GCONST> 7.886269e+01
<MIXTURE> 7 1.342053e-01
<MEAN> 6
 -1.124857e+00 1.052670e+03 -2.321450e+03 5.340443e-01 1.297891e+02 -1.215666e+03
<VARIANCE> 6
 3.308414e+02 4.279996e+06 2.361692e+06 3.222584e+04 5.795705e+04 5.195771e+07
<GCONST> 8.588718e+01
<STATE> 8
<NUMMIXES> 7
<MIXTURE> 1 2.155649e-01
<MEAN> 6
 2.386672e+01 2.382825e+02 3.853445e+02 1.560000e+02 -4.482153e+01 -4.507433e+02
<VARIANCE> 6
 3.578290e+02 7.648526e+05 1.158561e+06 4.674988e+03 4.053393e+04 5.195771e+07
<GCONST> 8.124326e+01
<MIXTURE> 2 1.484021e-01
<MEAN> 6
 8.874438e+01 -1.520258e+02 2.124911e+02 8.603308e+01 -9.206923e+02 9.907104e+02
<VARIANCE> 6
 2.784972e+02 3.268105e+06 9.605054e+05 1.176177e+04 1.128929e+06 8.036003e+08
<GCONST> 8.924561e+01
<MIXTURE> 3 2.008852e-01
<MEAN> 6
 5.346133e+01 1.838862e+02 -1.875726e+02 1.955034e+02 -4.761362e+02 -1.616446e+03
<VARIANCE> 6
 3.500465e+02 6.019986e+05 3.559793e+05 2.922926e+03 5.501416e+04 5.195771e+07
<GCONST> 7.963759e+01
<MIXTURE> 4 8.728959e-02
<MEAN> 6
 6.116426e+01 1.185106e+02 2.869841e+02 1.029548e+02 -2.682254e+02 -9.881992e+02
<VARIANCE> 6
 1.354767e+02 2.062788e+06 5.013199e+05 1.607238e+03 8.687678e+04 5.195771e+07
<GCONST> 8.012109e+01
<MIXTURE> 5 1.057037e-01
<MEAN> 6
 -6.144071e-02 7.632645e+01 -6.173225e+00 2.388972e+02 1.600086e+02 -4.921278e+03
<VARIANCE> 6
 2.701707e+02 5.990561e+05 4.099692e+05 3.178323e+03 1.110335e+05 5.195771e+07
<GCONST> 8.030090e+01
<MIXTURE> 6 1.180075e-01
<MEAN> 6
 7.559973e+01 -5.238413e+02 -1.126644e+02 6.592496e+01 -5.402123e+02 6.135809e+02
<VARIANCE> 6
 1.486144e+02 1.480501e+06 7.099024e+05 8.254849e+02 1.717398e+05 5.195771e+07
<GCONST> 8.024504e+01
<MIXTURE> 7 1.241262e-01
<MEAN> 6
 -1.232080e+01 -1.356126e+02 -7.887313e+01 2.082717e+02 3.506911e+02 -4.946947e+03
<VARIANCE> 6
 2.173640e+02 3.750473e+05 4.081172e+05 2.579074e+03 1.385142e+05 5.195771e+07
<GCONST> 7.962282e+01
<STATE> 9
<NUMMIXES> 7
<MIXTURE> 1 8.396872e-02
<MEAN> 6
 7.273631e+01 1.242979e+03 -4.806675e+02 -3.762954e+00 -4.032359e+00 9.423041e+01
<VARIANCE> 6
 3.185140e+01 3.673083e+05 5.697012e+04 3.028640e+02 4.053393e+04 5.195771e+07
<GCONST> 7.234171e+01
<MIXTURE> 2 1.714233e-01
<MEAN> 6
 7.799631e+01 2.058478e+02 -9.645664e+00 -2.799910e+00 -1.427724e+01 2.830990e+02
<VARIANCE> 6
 3.185140e+01 2.970335e+05 1.167532e+05 3.028640e+02 4.053393e+04 5.195771e+07
<GCONST> 7.284688e+01
<MIXTURE> 3 5.544120e-02
<MEAN> 6
 7.359138e+01 5.983616e+02 -4.240105e+03 -2.665241e+00 -1.165273e+00 1.969217e+01
<VARIANCE> 6
 3.185140e+01 1.532889e+04 3.045813e+04 3.028640e+02 4.053393e+04 5.195771e+07
<GCONST> 6.853906e+01
<MIXTURE> 4 2.085920e-01
<MEAN> 6
 7.754762e+01 -2.572606e+01 -4.898632e+01 -1.952128e+00 -1.544248e+01 1.509493e+02
<VARIANCE> 6
 3.185140e+01 9.383901e+04 6.913739e+04 3.028640e+02 4.053393e+04 5.195771e+07
<GCONST> 7.117065e+01
<MIXTURE> 5 2.323469e-01
<MEAN> 6
 7.579194e+01 3.954188e+02 -1.763781e+02 -2.982703e+00 -4.744416e+00 7.549449e+01
<VARIANCE> 6
 3.185140e+01 5.318327e+05 5.539590e+04 3.028640e+02 4.053393e+04 5.195771e+07
<GCONST> 7.268381e+01
<MIXTURE> 6 1.280837e-01
<MEAN> 6
 7.418481e+01 -1.906677e+02 3.480374e+00 -1.646405e+00 -1.116194e+01 1.174664e+02
<VARIANCE> 6
 3.185140e+01 2.433641e+04 4.536370e+04 3.028640e+02 4.053393e+04 5.195771e+07
<GCONST> 6.939966e+01
<MIXTURE> 7 1.201174e-01
<MEAN> 6
 7.138083e+01 -2.155646e+02 -6.961440e+01 -1.665064e+00 -4.149127e+00 3.537662e+01
<VARIANCE> 6
 3.185140e+01 3.625100e+04 2.989466e+04 3.028640e+02 4.053393e+04 5.195771e+07
<GCONST> 6.938112e+01
<STATE> 10
<NUMMIXES> 7
<MIXTURE> 1 1.011298e-01
<MEAN> 6
 1.113039e+02 1.254406e+03 -7.461550e+02 -7.840352e+00 -1.409007e+01 6.880172e+02
<VARIANCE> 6
 3.185140e+01 3.108350e+05 7.385002e+04 3.028640e+02 4.053393e+04 5.195771e+07
<GCONST> 7.243427e+01
<MIXTURE> 2 1.566136e-01
<MEAN> 6
 9.618148e+01 -8.935236e+02 -7.759191e+03 -5.541095e+00 4.632152e+00 1.109617e+02
<VARIANCE> 6
 1.617973e+02 7.150953e+04 4.761048e+06 3.028640e+02 4.053393e+04 5.195771e+07
<GCONST> 7.675629e+01
<MIXTURE> 3 1.549306e-01
<MEAN> 6
 9.866905e+01 1.446420e+03 -1.394603e+03 -5.887723e+00 2.025614e+00 1.982277e+02
<VARIANCE> 6
 6.254645e+01 3.012396e+05 1.632802e+06 3.028640e+02 4.053393e+04 5.195771e+07
<GCONST> 7.617376e+01
<MIXTURE> 4 1.282547e-01
<MEAN> 6
 9.031425e+01 3.190314e+02 -2.733524e+03 -3.271802e+00 3.287650e+00 8.344304e+01
<VARIANCE> 6
 3.185140e+01 5.352185e+04 5.704736e+05 3.028640e+02 4.053393e+04 5.195771e+07
<GCONST> 7.271953e+01
<MIXTURE> 5 1.409009e-01
<MEAN> 6
 8.588049e+01 -4.876891e+03 1.257597e+02 -6.858397e+00 1.282062e+01 2.225829e+01
<VARIANCE> 6
 6.261605e+01 6.779194e+06 2.047319e+06 3.028640e+02 4.053393e+04 5.195771e+07
<GCONST> 7.951482e+01
<MIXTURE> 6 1.545638e-01
<MEAN> 6
 1.030678e+02 4.427666e+02 -4.395309e+02 -7.157290e+00 7.047941e+00 1.688006e+02
<VARIANCE> 6
 3.185140e+01 7.425646e+04 9.497255e+04 3.028640e+02 4.053393e+04 5.195771e+07
<GCONST> 7.125409e+01
<MIXTURE> 7 1.635978e-01
<MEAN> 6
 9.509214e+01 9.908405e+02 -8.314260e+02 -5.181159e+00 6.836126e+00 8.717500e+01
<VARIANCE> 6
 3.185140e+01 4.414951e+05 2.233357e+06 3.028640e+02 4.053393e+04 5.195771e+07
<GCONST> 7.619440e+01
<STATE> 11
<NUMMIXES> 7
<MIXTURE> 1 1.184888e-01
<MEAN> 6
 9.222187e+01 -1.781380e+02 1.556729e+02 -3.746304e+00 -5.892865e+00 7.420274e+01
<VARIANCE> 6
 3.185140e+01 7.385833e+04 1.322909e+05 3.028640e+02 4.053393e+04 5.195771e+07
<GCONST> 7.158012e+01
<MIXTURE> 2 1.026544e-01
<MEAN> 6
 7.669109e+01 -5.882549e+02 2.814685e+03 -3.743812e+00 -5.283225e-01 3.685236e+01
<VARIANCE> 6
 7.781077e+01 9.288138e+04 2.382176e+05 3.028640e+02 4.053393e+04 5.195771e+07
<GCONST> 7.329068e+01
<MIXTURE> 3 1.760214e-01
<MEAN> 6
 8.422077e+01 -8.586525e+02 5.265015e+02 -3.937950e+00 -7.567246e+00 6.524921e+01
<VARIANCE> 6
 3.434756e+01 7.805110e+04 3.969347e+05 3.028640e+02 4.053393e+04 5.195771e+07
<GCONST> 7.280956e+01
<MIXTURE> 4 1.080530e-01
<MEAN> 6
 9.217065e+01 -3.431584e+02 -1.534556e+03 -3.910406e+00 -2.612086e+00 2.937365e+01
<VARIANCE> 6
 6.194714e+01 7.170236e+04 3.137816e+05 3.028640e+02 4.053393e+04 5.195771e+07
<GCONST> 7.307939e+01
<MIXTURE> 5 2.162625e-01
<MEAN> 6
 8.337637e+01 -5.033216e+02 -1.236575e+03 -4.256178e+00 -3.026666e+00 7.644713e+01
<VARIANCE> 6
 6.233860e+01 2.005963e+05 1.683749e+05 3.028640e+02 4.053393e+04 5.195771e+07
<GCONST> 7.349196e+01
<MIXTURE> 6 1.647557e-01
<MEAN> 6
 7.787130e+01 -1.267595e+03 3.653641e+02 -3.753560e+00 2.127285e+00 9.174786e+01
<VARIANCE> 6
 3.185140e+01 8.755202e+04 3.032198e+05 3.028640e+02 4.053393e+04 5.195771e+07
<GCONST> 7.257967e+01
<MIXTURE> 7 1.137288e-01
<MEAN> 6
 9.136295e+01 -1.983250e+02 4.245964e+01 -3.992300e+00 -5.175053e+00 5.323766e+01
<VARIANCE> 6
 3.185140e+01 1.540338e+05 9.426404e+04 3.028640e+02 4.053393e+04 5.195771e+07
<GCONST> 7.197624e+01
<STATE> 12
<NUMMIXES> 7
<MIXTURE> 1 1.538770e-01
<MEAN> 6
 7.007655e+01 5.855053e+02 4.727361e+02 -2.235357e+00 -1.448672e+00 2.749332e+01
<VARIANCE> 6
 3.185140e+01 9.945479e+03 1.924797e+04 3.028640e+02 4.053393e+04 5.195771e+07
<GCONST> 6.764750e+01
<MIXTURE> 2 1.435314e-01
<MEAN> 6
 6.232963e+01 -1.285185e+03 -5.768406e+01 -9.624793e-01 -5.548410e+00 1.957232e+02
<VARIANCE> 6
 3.185140e+01 4.280207e+05 1.089817e+05 3.028640e+02 4.053393e+04 5.195771e+07
<GCONST> 7.314333e+01
<MIXTURE> 3 2.618628e-01
<MEAN> 6
 6.499497e+01 4.480011e+02 1.216927e+02 -2.115397e-01 -9.645672e+00 -2.312413e+02
<VARIANCE> 6
 3.491207e+01 9.945479e+03 1.398304e+04 3.028640e+02 4.053393e+04 5.195771e+07
<GCONST> 6.741969e+01
<MIXTURE> 4 1.193887e-01
<MEAN> 6
 5.473841e+01 8.514864e+02 3.494058e+00 1.140455e+00 4.424016e+00 -1.446460e+02
<VARIANCE> 6
 3.185140e+01 9.945479e+03 1.398304e+04 3.028640e+02 4.053393e+04 5.195771e+07
<GCONST> 6.732794e+01
<MIXTURE> 5 5.582054e-02
<MEAN> 6
 6.961223e+01 5.635483e+02 4.897751e+02 -2.662857e+00 3.274945e+00 2.012866e+01
<VARIANCE> 6
 3.185140e+01 9.945479e+03 2.781982e+04 3.028640e+02 4.053393e+04 5.195771e+07
<GCONST> 6.801584e+01
<MIXTURE> 6 1.292395e-01
<MEAN> 6
 6.100056e+01 4.806768e+02 9.211607e+01 2.125026e-01 -3.289424e+00 -1.705505e+02
<VARIANCE> 6
 3.185140e+01 9.945479e+03 1.398304e+04 3.028640e+02 4.053393e+04 5.195771e+07
<GCONST> 6.732794e+01
<MIXTURE> 7 1.362844e-01
<MEAN> 6
 5.946619e+01 4.869980e+02 2.939106e+01 9.027584e-01 2.283811e+00 -1.522601e+02
<VARIANCE> 6
 3.185140e+01 9.945479e+03 1.451316e+04 3.028640e+02 4.053393e+04 5.195771e+07
<GCONST> 6.736515e+01
<STATE> 13
<NUMMIXES> 7
<MIXTURE> 1 1.096457e-01
<MEAN> 6
 5.938891e+01 2.422178e+03 1.021030e+03 8.215708e-01 -5.612275e+00 7.375148e+01
<VARIANCE> 6
 3.185140e+01 3.775406e+05 1.620485e+05 3.028640e+02 4.053393e+04 5.195771e+07
<GCONST> 7.341455e+01
<MIXTURE> 2 1.874252e-01
<MEAN> 6
 5.882194e+01 2.632213e+02 9.027727e+01 -1.097361e+02 -1.142756e+03 -5.112753e+03
<VARIANCE> 6
 8.016729e+01 9.593259e+04 5.202702e+04 3.619889e+03 3.266395e+05 1.079397e+08
<GCONST> 7.713020e+01
<MIXTURE> 3 1.667280e-01
<MEAN> 6
 2.574438e+01 3.839181e+02 6.240701e+01 -2.910977e+02 -7.707419e+02 8.916193e+03
<VARIANCE> 6
 2.300285e+02 2.814840e+05 2.994825e+04 3.872143e+03 4.324443e+05 1.710583e+08
<GCONST> 7.951682e+01
<MIXTURE> 4 1.504344e-01
<MEAN> 6
 -1.852217e+01 1.925220e+02 1.142017e+02 -2.791246e+02 7.927814e+02 1.403796e+04
<VARIANCE> 6
 2.010715e+02 1.569556e+05 5.822695e+04 7.055633e+03 6.448479e+05 3.543583e+08
<GCONST> 8.119092e+01
<MIXTURE> 5 1.287626e-01
<MEAN> 6
 6.063916e+01 1.323408e+03 1.125524e+03 -3.652385e+00 -1.631090e+01 5.271721e+02
<VARIANCE> 6
 3.185140e+01 1.034247e+06 1.295832e+06 3.028640e+02 4.053393e+04 5.195771e+07
<GCONST> 7.650131e+01
<MIXTURE> 6 1.373733e-01
<MEAN> 6
 -5.057050e+01 9.058294e+01 -6.398930e+01 -6.179093e+01 1.955456e+03 -6.421044e+03
<VARIANCE> 6
 1.309393e+02 2.303287e+05 7.427593e+04 1.971444e+04 3.517494e+05 2.196557e+08
<GCONST> 8.133215e+01
<MIXTURE> 7 1.196293e-01
<MEAN> 6
 6.299658e+01 2.084438e+03 6.345231e+02 -2.420999e-01 7.140003e+00 -9.542551e+01
<VARIANCE> 6
 3.185140e+01 2.617894e+05 7.963056e+04 3.028640e+02 4.053393e+04 5.195771e+07
<GCONST> 7.233791e+01
<STATE> 14
<NUMMIXES> 7
<MIXTURE> 1 1.279212e-01
<MEAN> 6
 1.940100e+01 -1.363701e+01 1.485451e+01 1.520874e+02 -6.406712e+01 -1.275533e+03
<VARIANCE> 6
 6.372807e+02 9.524053e+04 5.601575e+04 4.140039e+03 6.736662e+04 5.195771e+07
<GCONST> 7.709433e+01
<MIXTURE> 2 1.650449e-01
<MEAN> 6
 -1.013812e+01 1.867460e+01 9.034481e+01 -9.480374e+01 3.339933e+02 1.714441e+03
<VARIANCE> 6
 5.718787e+02 8.101670e+04 8.548945e+04 2.892572e+04 3.286486e+05 2.385673e+08
<GCONST> 8.230014e+01
<MIXTURE> 3 8.240784e-02
<MEAN> 6
 8.008952e+01 -2.550449e+02 -2.316228e+01 5.621333e+00 -8.436622e+02 -1.259233e+03
<VARIANCE> 6
 1.952441e+02 5.035952e+05 6.858291e+04 1.209406e+04 5.634401e+05 2.546906e+08
<GCONST> 8.256469e+01
<MIXTURE> 4 1.682782e-01
<MEAN> 6
 6.774703e+01 -1.220568e+02 2.197804e+00 3.381088e+00 -1.245627e+02 -1.023168e+02
<VARIANCE> 6
 7.280702e+01 1.608572e+05 5.119688e+04 1.783494e+03 4.522074e+04 5.195771e+07
<GCONST> 7.411836e+01
<MIXTURE> 5 2.003551e-01
<MEAN> 6
 -4.086721e+01 3.658242e+00 -7.122681e+01 1.887143e+01 6.465202e+02 -5.474241e+02
<VARIANCE> 6
 1.558939e+02 6.904230e+04 5.424153e+04 9.878558e+03 2.509503e+05 5.525438e+07
<GCONST> 7.757870e+01
<MIXTURE> 6 1.458801e-01
<MEAN> 6
 5.415522e+01 6.076088e+01 3.714632e+01 -4.690370e+01 -5.774216e+02 1.051982e+03
<VARIANCE> 6
 2.361066e+02 8.257020e+04 1.921926e+04 2.312895e+04 1.130036e+05 5.550790e+07
<GCONST> 7.719267e+01
<MIXTURE> 7 1.098822e-01
<MEAN> 6
 1.315028e+01 -1.049371e+02 -5.675933e+01 3.113218e+01 -2.300662e+01 -7.508934e+02
<VARIANCE> 6
 7.203285e+02 9.764336e+04 4.997201e+04 2.386572e+04 5.792381e+04 5.195771e+07
<GCONST> 7.872829e+01
<TRANSP> 15
 0.000000e+00 1.000000e+00 0.000000e+00 0.000000e+00 0.000000e+00 0.000000e+00 0.000000e+00 0.000000e+00 0.000000e+00 0.000000e+00 0.000000e+00 0.000000e+00 0.000000e+00 0.000000e+00 0.000000e+00
 0.000000e+00 9.989464e-01 1.053649e-03 0.000000e+00 0.000000e+00 0.000000e+00 0.000000e+00 0.000000e+00 0.000000e+00 0.000000e+00 0.000000e+00 0.000000e+00 0.000000e+00 0.000000e+00 0.000000e+00
 0.000000e+00 0.000000e+00 9.993956e-01 6.043893e-04 0.000000e+00 0.000000e+00 0.000000e+00 0.000000e+00 0.000000e+00 0.000000e+00 0.000000e+00 0.000000e+00 0.000000e+00 0.000000e+00 0.000000e+00
 0.000000e+00 0.000000e+00 0.000000e+00 9.995118e-01 4.881686e-04 0.000000e+00 0.000000e+00 0.000000e+00 0.000000e+00 0.000000e+00 0.000000e+00 0.000000e+00 0.000000e+00 0.000000e+00 0.000000e+00
 0.000000e+00 0.000000e+00 0.000000e+00 0.000000e+00 9.992439e-01 7.560320e-04 0.000000e+00 0.000000e+00 0.000000e+00 0.000000e+00 0.000000e+00 0.000000e+00 0.000000e+00 0.000000e+00 0.000000e+00
 0.000000e+00 0.000000e+00 0.000000e+00 0.000000e+00 0.000000e+00 9.999174e-01 8.256744e-05 0.000000e+00 0.000000e+00 0.000000e+00 0.000000e+00 0.000000e+00 0.000000e+00 0.000000e+00 0.000000e+00
 0.000000e+00 0.000000e+00 0.000000e+00 0.000000e+00 0.000000e+00 0.000000e+00 9.989227e-01 1.077312e-03 0.000000e+00 0.000000e+00 0.000000e+00 0.000000e+00 0.000000e+00 0.000000e+00 0.000000e+00
 0.000000e+00 0.000000e+00 0.000000e+00 0.000000e+00 0.000000e+00 0.000000e+00 0.000000e+00 9.978370e-01 2.163020e-03 0.000000e+00 0.000000e+00 0.000000e+00 0.000000e+00 0.000000e+00 0.000000e+00
 0.000000e+00 0.000000e+00 0.000000e+00 0.000000e+00 0.000000e+00 0.000000e+00 0.000000e+00 0.000000e+00 9.982123e-01 1.787712e-03 0.000000e+00 0.000000e+00 0.000000e+00 0.000000e+00 0.000000e+00
 0.000000e+00 0.000000e+00 0.000000e+00 0.000000e+00 0.000000e+00 0.000000e+00 0.000000e+00 0.000000e+00 0.000000e+00 9.981635e-01 1.836520e-03 0.000000e+00 0.000000e+00 0.000000e+00 0.000000e+00
 0.000000e+00 0.000000e+00 0.000000e+00 0.000000e+00 0.000000e+00 0.000000e+00 0.000000e+00 0.000000e+00 0.000000e+00 0.000000e+00 9.984651e-01 1.534899e-03 0.000000e+00 0.000000e+00 0.000000e+00
 0.000000e+00 0.000000e+00 0.000000e+00 0.000000e+00 0.000000e+00 0.000000e+00 0.000000e+00 0.000000e+00 0.000000e+00 0.000000e+00 0.000000e+00 9.978453e-01 2.154712e-03 0.000000e+00 0.000000e+00
 0.000000e+00 0.000000e+00 0.000000e+00 0.000000e+00 0.000000e+00 0.000000e+00 0.000000e+00 0.000000e+00 0.000000e+00 0.000000e+00 0.000000e+00 0.000000e+00 9.953633e-01 4.636733e-03 0.000000e+00
 0.000000e+00 0.000000e+00 0.000000e+00 0.000000e+00 0.000000e+00 0.000000e+00 0.000000e+00 0.000000e+00 0.000000e+00 0.000000e+00 0.000000e+00 0.000000e+00 0.000000e+00 9.997990e-01 2.009788e-04
 0.000000e+00 0.000000e+00 0.000000e+00 0.000000e+00 0.000000e+00 0.000000e+00 0.000000e+00 0.000000e+00 0.000000e+00 0.000000e+00 0.000000e+00 0.000000e+00 0.000000e+00 0.000000e+00 0.000000e+00
<ENDHMM>
~h "QuintoPRIMARIA"
<BEGINHMM>
<NUMSTATES> 15
<STATE> 2
<NUMMIXES> 7
<MIXTURE> 1 1.829303e-01
<MEAN> 6
 -4.491615e+01 -3.397153e+01 4.874548e+01 4.875134e+01 5.218676e+02 -3.203471e+02
<VARIANCE> 6
 3.573352e+02 9.815600e+04 8.334992e+04 8.264310e+03 1.779117e+05 5.195771e+07
<GCONST> 7.860574e+01
<MIXTURE> 2 6.907543e-02
<MEAN> 6
 2.593915e+01 -3.290220e+02 1.349559e+02 -3.552282e+01 -2.679203e+02 2.181466e+03
<VARIANCE> 6
 3.195211e+03 1.044192e+06 9.855002e+05 6.443068e+04 2.477048e+06 9.472340e+08
<GCONST> 9.322131e+01
<MIXTURE> 3 1.777177e-01
<MEAN> 6
 4.371997e+01 1.049801e+01 1.127222e+01 2.709783e+01 -2.668505e+02 -7.103777e+02
<VARIANCE> 6
 8.277318e+02 6.363375e+04 4.013356e+04 3.838945e+04 1.432048e+05 5.195771e+07
<GCONST> 7.960033e+01
<MIXTURE> 4 1.577993e-01
<MEAN> 6
 -2.366770e+01 -7.057841e+01 5.903215e+01 -6.624293e+01 8.442377e+02 1.154219e+03
<VARIANCE> 6
 7.329939e+02 9.573827e+04 1.066870e+05 5.640817e+04 8.701229e+05 4.193919e+08
<GCONST> 8.514250e+01
<MIXTURE> 5 1.246821e-01
<MEAN> 6
 7.121173e+01 6.358268e+01 1.017988e+01 -3.001291e+00 -2.386607e+01 -3.348042e+02
<VARIANCE> 6
 1.498736e+02 8.355691e+04 9.963283e+04 3.028640e+02 4.053393e+04 5.195771e+07
<GCONST> 7.296870e+01
<MIXTURE> 6 1.661427e-01
<MEAN> 6
 7.251914e+01 5.020511e+01 -7.554366e+01 -2.408672e+01 -8.935295e+02 -1.904969e+02
<VARIANCE> 6
 4.524521e+02 1.497753e+05 1.173311e+05 3.029439e+04 4.081489e+05 1.736427e+08
<GCONST> 8.294221e+01
<MIXTURE> 7 1.210583e-01
<MEAN> 6
 7.230676e+01 -8.727451e+01 -1.259789e+02 -3.337744e+00 -2.279750e+01 -2.874554e+02
<VARIANCE> 6
 2.364247e+02 2.549258e+05 7.703366e+04 3.028640e+02 4.053393e+04 5.195771e+07
<GCONST> 7.428274e+01
<STATE> 3
<NUMMIXES> 7
<MIXTURE> 1 1.005415e-01
<MEAN> 6
 4.830296e+01 1.660167e+02 1.672270e+02 1.826974e+02 -1.155202e+02 5.120837e+02
<VARIANCE> 6
 5.137896e+02 2.378420e+04 8.371080e+04 3.855581e+03 1.072284e+05 5.195771e+07
<GCONST> 7.628691e+01
<MIXTURE> 2 1.368911e-01
<MEAN> 6
 9.904738e+01 1.368018e+02 5.162590e+01 6.900381e+01 -1.359831e+03 4.712610e+03
<VARIANCE> 6
 8.122731e+01 1.241551e+05 7.817051e+04 1.084336e+04 1.422437e+06 8.799341e+08
<GCONST> 8.247500e+01
<MIXTURE> 3 1.562158e-01
<MEAN> 6
 2.749078e+01 -9.306918e+01 3.709209e+02 3.229275e+02 -1.739269e+02 -9.348475e+03
<VARIANCE> 6
 8.734466e+02 4.511767e+05 2.906445e+05 6.645874e+03 7.267934e+05 1.910752e+08
<GCONST> 8.476550e+01
<MIXTURE> 4 1.701061e-01
<MEAN> 6
 -1.649271e+01 -1.247367e+02 3.684579e+01 1.996306e+02 5.409883e+02 -4.215304e+03
<VARIANCE> 6
 1.849264e+02 1.509188e+05 1.366379e+05 3.069496e+03 9.134230e+04 5.195771e+07
<GCONST> 7.721439e+01
<MIXTURE> 5 1.513989e-01
<MEAN> 6
 7.700735e+01 7.456171e+01 -2.410005e+02 1.321251e+02 -7.909940e+02 -3.395548e+03
<VARIANCE> 6
 2.080515e+02 2.275605e+05 1.118841e+05 4.786980e+03 2.447872e+05 8.158672e+07
<GCONST> 7.942442e+01
<MIXTURE> 6 1.598125e-01
<MEAN> 6
 3.361494e+01 -2.350005e+02 -3.121676e+02 1.625250e+02 -1.350758e+02 -4.713726e+02
<VARIANCE> 6
 6.039203e+02 8.824120e+04 6.924472e+04 4.107883e+03 7.945991e+04 5.195771e+07
<GCONST> 7.733355e+01
<MIXTURE> 7 1.250281e-01
<MEAN> 6
 4.169017e+01 2.922738e+01 9.622890e+00 1.815081e+02 -1.607941e+02 -1.007885e+03
<VARIANCE> 6
 5.849406e+02 2.254752e+04 1.689742e+04 5.710134e+03 1.713403e+05 5.195771e+07
<GCONST> 7.562442e+01
<STATE> 4
<NUMMIXES> 7
<MIXTURE> 1 1.980391e-01
<MEAN> 6
 9.950181e+01 9.975278e+02 1.594524e+02 -3.860383e+00 -2.949751e+00 1.804048e+02
<VARIANCE> 6
 3.185140e+01 9.945479e+03 2.718246e+04 3.028640e+02 4.053393e+04 5.195771e+07
<GCONST> 6.799266e+01
<MIXTURE> 2 3.309334e-02
<MEAN> 6
 1.017289e+02 3.061106e+01 -3.063811e+02 -2.715523e+01 1.897599e+01 3.122698e+03
<VARIANCE> 6
 2.307371e+02 1.041056e+06 3.049816e+06 3.841461e+02 9.169591e+04 6.272283e+07
<GCONST> 8.058636e+01
<MIXTURE> 3 1.547371e-01
<MEAN> 6
 9.744044e+01 3.742939e+02 -1.770947e+02 -1.234561e+01 -1.360782e+01 4.890834e+02
<VARIANCE> 6
 3.284267e+01 7.113071e+04 1.131610e+05 3.028640e+02 4.053393e+04 5.195771e+07
<GCONST> 7.141695e+01
<MIXTURE> 4 1.056778e-01
<MEAN> 6
 9.462231e+01 -7.993513e+01 8.805592e+01 -9.352845e+00 8.731840e+00 1.817561e+02
<VARIANCE> 6
 3.185140e+01 3.730771e+04 1.398304e+04 3.028640e+02 4.053393e+04 5.195771e+07
<GCONST> 6.865002e+01
<MIXTURE> 5 1.994715e-01
<MEAN> 6
 9.890624e+01 -2.515859e+02 -1.197397e+02 -6.404091e+00 -1.230420e+00 1.404357e+02
<VARIANCE> 6
 3.185140e+01 9.773287e+04 2.048317e+04 3.028640e+02 4.053393e+04 5.195771e+07
<GCONST> 6.999481e+01
<MIXTURE> 6 2.015874e-01
<MEAN> 6
 9.541054e+01 1.491176e+02 9.981242e+01 -6.384605e+00 4.512610e+00 -2.305785e+02
<VARIANCE> 6
 3.185140e+01 1.436727e+04 7.732559e+04 3.028640e+02 4.053393e+04 5.195771e+07
<GCONST> 6.940595e+01
<MIXTURE> 7 1.073904e-01
<MEAN> 6
 9.467805e+01 -1.367130e+02 8.545157e+01 -8.201771e+00 2.876713e+00 6.808227e+01
<VARIANCE> 6
 3.185140e+01 3.160299e+04 1.398304e+04 3.028640e+02 4.053393e+04 5.195771e+07
<GCONST> 6.848407e+01
<STATE> 5
<NUMMIXES> 7
<MIXTURE> 1 6.542832e-02
<MEAN> 6
 8.463071e+01 -5.169648e+01 -5.481064e+02 -5.326740e+01 -3.234559e+02 6.971687e+03
<VARIANCE> 6
 1.212433e+02 3.105781e+05 1.739994e+05 2.258255e+03 1.192649e+06 6.159559e+08
<GCONST> 8.249078e+01
<MIXTURE> 2 2.265158e-01
<MEAN> 6
 2.732557e+01 4.597225e+02 -1.619141e+03 2.618892e+01 3.324231e+01 6.299994e+02
<VARIANCE> 6
 2.862399e+03 5.837554e+06 2.886928e+06 2.848015e+04 1.376511e+06 3.648190e+08
<GCONST> 9.354914e+01
<MIXTURE> 3 1.864799e-01
<MEAN> 6
 7.740103e+01 -1.796368e+02 -1.919008e+03 7.759839e+00 -2.325957e+01 1.093111e+02
<VARIANCE> 6
 1.740189e+02 8.367334e+04 4.760326e+05 3.028640e+02 4.053393e+04 5.195771e+07
<GCONST> 7.468346e+01
<MIXTURE> 4 1.679123e-01
<MEAN> 6
 7.390228e+01 -1.389276e+03 -7.271678e+02 -2.130241e+00 -5.973391e+00 -2.022219e+02
<VARIANCE> 6
 3.185140e+01 2.109124e+04 6.706173e+04 3.028640e+02 4.053393e+04 5.195771e+07
<GCONST> 6.964745e+01
<MIXTURE> 5 8.236777e-02
<MEAN> 6
 5.546912e+01 -5.539831e+02 -5.121852e+03 4.788157e+01 -1.107687e+02 -4.835192e+02
<VARIANCE> 6
 1.295476e+02 8.514716e+05 1.764073e+07 1.334666e+03 7.137939e+04 5.195771e+07
<GCONST> 8.236989e+01
<MIXTURE> 6 1.079300e-01
<MEAN> 6
 9.184155e+01 -1.542570e+03 -1.487018e+03 2.670578e+00 -3.130828e+01 9.151859e+01
<VARIANCE> 6
 3.709717e+01 9.945479e+03 7.625155e+04 4.550940e+02 4.053393e+04 5.195771e+07
<GCONST> 6.958381e+01
<MIXTURE> 7 1.633381e-01
<MEAN> 6
 7.362080e+01 -1.481135e+03 -7.140273e+02 -1.030752e+00 -9.510585e+00 -9.259420e+01
<VARIANCE> 6
 3.185140e+01 4.940923e+04 4.178686e+04 3.028640e+02 4.053393e+04 5.195771e+07
<GCONST> 7.002570e+01
<STATE> 6
<NUMMIXES> 7
<MIXTURE> 1 1.195631e-01
<MEAN> 6
 7.346391e+01 1.770197e+03 1.059124e+03 -1.562665e+00 2.812464e+00 -6.532956e+01
<VARIANCE> 6
 3.185140e+01 1.992204e+05 1.127822e+05 3.028640e+02 4.053393e+04 5.195771e+07
<GCONST> 7.241284e+01
<MIXTURE> 2 7.376473e-02
<MEAN> 6
 6.838499e+01 3.392534e+03 -6.252439e+02 -1.610650e+00 -8.037565e-01 1.774994e+01
<VARIANCE> 6
 3.185140e+01 2.369525e+06 1.851048e+04 3.028640e+02 4.053393e+04 5.195771e+07
<GCONST> 7.308176e+01
<MIXTURE> 3 1.985179e-01
<MEAN> 6
 5.914552e+01 7.126353e+02 -1.924494e+03 2.114968e-01 -3.916294e+00 -9.417365e+01
<VARIANCE> 6
 3.185140e+01 4.975404e+04 1.009759e+06 3.028640e+02 4.053393e+04 5.195771e+07
<GCONST> 7.321753e+01
<MIXTURE> 4 7.079315e-02
<MEAN> 6
 5.712227e+01 -8.791721e+03 -1.989851e+03 -4.312675e-01 -3.783923e+00 -5.118827e+01
<VARIANCE> 6
 3.185140e+01 2.084966e+07 3.218292e+04 3.028640e+02 4.053393e+04 5.195771e+07
<GCONST> 7.580950e+01
<MIXTURE> 5 2.126289e-01
<MEAN> 6
 6.983825e+01 -5.837283e+02 9.097168e+02 -4.672506e-01 -5.169359e+00 -6.817508e+01
<VARIANCE> 6
 6.025559e+01 8.448959e+04 1.965206e+04 3.028640e+02 4.053393e+04 5.195771e+07
<GCONST> 7.044530e+01
<MIXTURE> 6 1.687388e-01
<MEAN> 6
 5.987483e+01 3.064107e+02 -3.276604e+03 -3.920600e-01 -4.900376e+00 -1.094632e+02
<VARIANCE> 6
 3.185140e+01 5.101984e+04 1.119751e+06 3.028640e+02 4.053393e+04 5.195771e+07
<GCONST> 7.334605e+01
<MIXTURE> 7 1.559902e-01
<MEAN> 6
 6.584147e+01 1.258557e+03 -5.745101e+02 -2.039333e-01 -4.941494e+00 -2.155465e+01
<VARIANCE> 6
 3.185140e+01 9.400077e+04 5.144286e+04 3.028640e+02 4.053393e+04 5.195771e+07
<GCONST> 7.087675e+01
<STATE> 7
<NUMMIXES> 7
<MIXTURE> 1 7.549801e-02
<MEAN> 6
 8.384791e+01 2.079827e+03 -2.442963e+02 -2.589125e+00 -3.494144e+00 -2.270544e+02
<VARIANCE> 6
 3.185140e+01 3.480933e+05 1.823559e+04 3.028640e+02 4.053393e+04 5.195771e+07
<GCONST> 7.114882e+01
<MIXTURE> 2 1.604378e-01
<MEAN> 6
 7.285179e+01 -5.867233e+02 1.784167e+02 -1.660072e+00 -1.164245e+00 -4.099656e+01
<VARIANCE> 6
 3.185140e+01 9.945479e+03 1.398304e+04 3.028640e+02 4.053393e+04 5.195771e+07
<GCONST> 6.732794e+01
<MIXTURE> 3 1.427122e-01
<MEAN> 6
 8.046988e+01 -3.591339e+02 2.044672e+02 -3.060796e+00 3.871370e+00 -6.015366e+01
<VARIANCE> 6
 3.185140e+01 9.945479e+03 1.733022e+04 3.028640e+02 4.053393e+04 5.195771e+07
<GCONST> 6.754254e+01
<MIXTURE> 4 1.373842e-01
<MEAN> 6
 7.467764e+01 -1.000184e+03 -8.890025e+01 -5.057528e-01 -9.188474e+00 1.129011e+00
<VARIANCE> 6
 3.185140e+01 7.264408e+04 7.351564e+04 3.028640e+02 4.053393e+04 5.195771e+07
<GCONST> 7.097604e+01
<MIXTURE> 5 1.665342e-01
<MEAN> 6
 7.364013e+01 -1.213358e+03 -1.951788e+02 7.810354e-02 -7.605552e+00 -1.771719e+01
<VARIANCE> 6
 3.185140e+01 2.325998e+04 2.853810e+04 3.028640e+02 4.053393e+04 5.195771e+07
<GCONST> 6.889095e+01
<MIXTURE> 6 1.822539e-01
<MEAN> 6
 7.621661e+01 -7.166426e+02 1.791882e+01 -4.652092e-01 -6.501427e-01 -9.158630e+01
<VARIANCE> 6
 3.185140e+01 2.183569e+04 2.226860e+04 3.028640e+02 4.053393e+04 5.195771e+07
<GCONST> 6.857970e+01
<MIXTURE> 7 1.351714e-01
<MEAN> 6
 7.964578e+01 -3.867229e+02 1.327227e+02 -3.474167e+00 3.612118e+00 -6.355851e+01
<VARIANCE> 6
 3.185140e+01 9.945479e+03 2.594859e+04 3.028640e+02 4.053393e+04 5.195771e+07
<GCONST> 6.794621e+01
<STATE> 8
<NUMMIXES> 7
<MIXTURE> 1 1.311577e-01
<MEAN> 6
 8.363938e+01 7.359592e+01 8.802605e+01 -2.651326e+00 8.925646e+00 -1.598019e+01
<VARIANCE> 6
 3.185140e+01 9.945479e+03 1.398304e+04 3.028640e+02 4.053393e+04 5.195771e+07
<GCONST> 6.732794e+01
<MIXTURE> 2 1.689428e-01
<MEAN> 6
 8.139423e+01 -2.850809e+02 -3.307308e+02 -2.669275e+00 2.071725e+00 -4.842983e+00
<VARIANCE> 6
 3.185140e+01 1.370389e+04 2.327875e+04 3.028640e+02 4.053393e+04 5.195771e+07
<GCONST> 6.815820e+01
<MIXTURE> 3 1.910881e-01
<MEAN> 6
 8.524348e+01 -1.095329e+02 7.219285e+00 -2.093476e+00 3.033164e+00 -1.017086e+01
<VARIANCE> 6
 3.185140e+01 3.720652e+04 1.398304e+04 3.028640e+02 4.053393e+04 5.195771e+07
<GCONST> 6.864731e+01
<MIXTURE> 4 1.024484e-01
<MEAN> 6
 8.478257e+01 4.956267e+01 -1.738595e+02 -1.084525e-01 -5.350413e-01 -4.919030e+01
<VARIANCE> 6
 3.185140e+01 9.945479e+03 1.971800e+04 3.028640e+02 4.053393e+04 5.195771e+07
<GCONST> 6.767162e+01
<MIXTURE> 5 1.269277e-01
<MEAN> 6
 8.358540e+01 -1.328034e+02 -2.065165e+02 -1.797991e+00 7.423689e-01 -8.649138e+01
<VARIANCE> 6
 3.185140e+01 6.294921e+04 6.029819e+04 3.028640e+02 4.053393e+04 5.195771e+07
<GCONST> 7.063461e+01
<MIXTURE> 6 1.500706e-01
<MEAN> 6
 8.449088e+01 5.267562e+01 -2.331166e+02 3.502995e-01 -2.633743e+00 -3.652217e+01
<VARIANCE> 6
 3.185140e+01 9.945479e+03 1.398304e+04 3.028640e+02 4.053393e+04 5.195771e+07
<GCONST> 6.732794e+01
<MIXTURE> 7 1.293442e-01
<MEAN> 6
 8.356848e+01 2.905743e+01 6.504224e+01 -2.430149e+00 1.112978e+01 -2.610896e+01
<VARIANCE> 6
 3.185140e+01 9.945479e+03 1.398304e+04 3.028640e+02 4.053393e+04 5.195771e+07
<GCONST> 6.732794e+01
<STATE> 9
<NUMMIXES> 7
<MIXTURE> 1 1.807153e-01
<MEAN> 6
 8.438195e+01 5.373292e+02 -2.421940e+02 -1.935421e+00 -6.536504e+00 -1.215043e+02
<VARIANCE> 6
 3.185140e+01 1.023996e+04 1.543514e+04 3.028640e+02 4.053393e+04 5.195771e+07
<GCONST> 6.745592e+01
<MIXTURE> 2 1.245859e-01
<MEAN> 6
 7.520046e+01 1.374652e+03 -8.757800e+02 -7.655353e-01 9.358160e-01 -9.132858e+01
<VARIANCE> 6
 3.185140e+01 3.300475e+05 3.828263e+05 3.028640e+02 4.053393e+04 5.195771e+07
<GCONST> 7.413979e+01
<MIXTURE> 3 1.633123e-01
<MEAN> 6
 8.901221e+01 4.202430e+02 -1.322856e+03 -1.261875e+00 -8.568584e-01 -6.949802e+01
<VARIANCE> 6
 3.185140e+01 2.656999e+04 1.398304e+04 3.028640e+02 4.053393e+04 5.195771e+07
<GCONST> 6.831060e+01
<MIXTURE> 4 1.605485e-01
<MEAN> 6
 7.112949e+01 -5.207834e+02 -6.148430e+02 -1.151424e+00 -2.121071e+01 -4.334404e+00
<VARIANCE> 6
 3.185140e+01 5.970406e+04 1.398304e+04 3.028640e+02 4.053393e+04 5.195771e+07
<GCONST> 6.912022e+01
<MIXTURE> 5 1.276980e-01
<MEAN> 6
 7.018945e+01 -6.971638e+02 -1.605714e+03 -5.933725e-01 -6.234810e+00 -6.207367e+01
<VARIANCE> 6
 3.185140e+01 9.945479e+03 2.556457e+04 3.028640e+02 4.053393e+04 5.195771e+07
<GCONST> 6.793130e+01
<MIXTURE> 6 1.213703e-01
<MEAN> 6
 7.912029e+01 6.318683e+02 -8.568171e+02 -1.085493e+00 -6.250574e+00 -5.769134e+01
<VARIANCE> 6
 3.185140e+01 9.945479e+03 1.398304e+04 3.028640e+02 4.053393e+04 5.195771e+07
<GCONST> 6.732794e+01
<MIXTURE> 7 1.217549e-01
<MEAN> 6
 6.984051e+01 -2.447477e+02 -1.363046e+03 1.159707e+00 -2.519108e-01 -2.862706e+01
<VARIANCE> 6
 3.185140e+01 1.627380e+06 8.122215e+04 3.028640e+02 4.053393e+04 5.195771e+07
<GCONST> 7.418489e+01
<STATE> 10
<NUMMIXES> 7
<MIXTURE> 1 1.490550e-01
<MEAN> 6
 7.256302e+01 -2.995524e+00 5.410751e+02 -2.629133e+00 -2.733438e+00 5.272474e+01
<VARIANCE> 6
 3.185140e+01 9.945479e+03 1.933119e+04 3.028640e+02 4.053393e+04 5.195771e+07
<GCONST> 6.765181e+01
<MIXTURE> 2 1.158608e-01
<MEAN> 6
 6.518117e+01 1.438259e+02 -3.892565e+02 -1.488504e+00 -8.217162e+00 1.301065e+01
<VARIANCE> 6
 3.185140e+01 4.460414e+04 1.509692e+04 3.028640e+02 4.053393e+04 5.195771e+07
<GCONST> 6.890529e+01
<MIXTURE> 3 1.116359e-01
<MEAN> 6
 6.119755e+01 8.131861e+00 -5.283548e+01 -1.392937e+00 2.577537e-01 -2.882980e+00
<VARIANCE> 6
 3.185140e+01 9.945479e+03 8.455614e+04 3.028640e+02 4.053393e+04 5.195771e+07
<GCONST> 6.912751e+01
<MIXTURE> 4 1.834257e-01
<MEAN> 6
 6.926532e+01 3.859095e+02 2.546763e+02 -3.666726e+00 1.010659e+01 -7.589204e+01
<VARIANCE> 6
 3.185140e+01 1.030914e+05 1.398304e+04 3.028640e+02 4.053393e+04 5.195771e+07
<GCONST> 6.966644e+01
<MIXTURE> 5 1.384890e-01
<MEAN> 6
 6.052832e+01 -1.947950e+02 -3.349910e+02 -6.434052e-01 -3.195294e+00 -1.034301e+02
<VARIANCE> 6
 3.185140e+01 1.398663e+04 1.398304e+04 3.028640e+02 4.053393e+04 5.195771e+07
<GCONST> 6.766892e+01
<MIXTURE> 6 1.999395e-01
<MEAN> 6
 6.238877e+01 -2.059684e+01 -4.474928e+02 -1.159086e+00 -2.335074e+00 -2.199215e+01
<VARIANCE> 6
 3.185140e+01 9.945479e+03 2.945230e+04 3.028640e+02 4.053393e+04 5.195771e+07
<GCONST> 6.807286e+01
<MIXTURE> 7 1.015719e-01
<MEAN> 6
 6.099621e+01 -9.845623e+00 -1.078249e+02 -1.307842e+00 -5.447846e-01 -3.469775e+01
<VARIANCE> 6
 3.185140e+01 9.945479e+03 1.311291e+05 3.028640e+02 4.053393e+04 5.195771e+07
<GCONST> 6.956628e+01
<STATE> 11
<NUMMIXES> 7
<MIXTURE> 1 1.642253e-01
<MEAN> 6
 9.608750e+01 9.538771e+02 2.296749e+03 -2.421641e-01 1.589355e+00 -2.234259e+01
<VARIANCE> 6
 3.185140e+01 9.945479e+03 1.360889e+05 3.028640e+02 4.053393e+04 5.195771e+07
<GCONST> 6.960340e+01
<MIXTURE> 2 1.177196e-01
<MEAN> 6
 8.962146e+01 2.145858e+02 3.733074e+03 -3.816143e-02 -5.160942e+00 -1.539687e+02
<VARIANCE> 6
 3.185140e+01 9.945479e+03 1.398304e+04 3.028640e+02 4.053393e+04 5.195771e+07
<GCONST> 6.732794e+01
<MIXTURE> 3 2.129394e-01
<MEAN> 6
 8.106470e+01 -3.924445e+02 2.504934e+03 -3.753555e-01 -6.309122e+00 -1.051327e+02
<VARIANCE> 6
 3.185140e+01 9.945479e+03 3.306530e+04 3.028640e+02 4.053393e+04 5.195771e+07
<GCONST> 6.818858e+01
<MIXTURE> 4 1.103386e-01
<MEAN> 6
 8.182776e+01 -7.301562e+02 1.567219e+03 -1.391870e-01 -1.162093e-01 -7.877063e+00
<VARIANCE> 6
 3.185140e+01 9.945479e+03 1.398304e+04 3.028640e+02 4.053393e+04 5.195771e+07
<GCONST> 6.732794e+01
<MIXTURE> 5 1.716664e-01
<MEAN> 6
 9.483664e+01 6.685428e+02 1.034050e+03 -1.590547e+00 -4.742980e+00 -1.309529e+02
<VARIANCE> 6
 4.702970e+01 5.156271e+04 6.550692e+05 3.028640e+02 4.053393e+04 5.195771e+07
<GCONST> 7.321021e+01
<MIXTURE> 6 1.062969e-01
<MEAN> 6
 8.154845e+01 -6.913134e+02 1.432465e+03 -2.027665e-01 -7.689678e+00 -2.282617e+02
<VARIANCE> 6
 3.185140e+01 9.945479e+03 2.009216e+04 3.028640e+02 4.053393e+04 5.195771e+07
<GCONST> 6.769042e+01
<MIXTURE> 7 1.168094e-01
<MEAN> 6
 8.962449e+01 2.143027e+02 3.732300e+03 -4.529356e-02 -5.128690e+00 -1.533918e+02
<VARIANCE> 6
 3.185140e+01 9.945479e+03 1.398304e+04 3.028640e+02 4.053393e+04 5.195771e+07
<GCONST> 6.732794e+01
<STATE> 12
<NUMMIXES> 7
<MIXTURE> 1 1.716661e-01
<MEAN> 6
 7.354390e+01 5.897103e+02 2.097986e+03 -3.750688e-01 -1.145467e+01 -3.221143e+02
<VARIANCE> 6
 3.185140e+01 9.945479e+03 1.398304e+04 3.028640e+02 4.053393e+04 5.195771e+07
<GCONST> 6.732794e+01
<MIXTURE> 2 1.077755e-01
<MEAN> 6
 4.700652e+01 4.046266e+02 1.919807e+03 6.310783e-01 3.829636e-01 5.307695e+00
<VARIANCE> 6
 3.185140e+01 1.648984e+04 1.398304e+04 3.028640e+02 4.053393e+04 5.195771e+07
<GCONST> 6.783356e+01
<MIXTURE> 3 7.784439e-02
<MEAN> 6
 7.712634e+01 6.757180e+02 2.783347e+03 -1.588445e+02 -1.761342e+03 -6.285129e+03
<VARIANCE> 6
 1.964205e+02 2.509727e+05 5.907626e+05 9.553386e+03 5.913669e+05 5.116264e+08
<GCONST> 8.453773e+01
<MIXTURE> 4 1.547381e-01
<MEAN> 6
 6.966394e+01 9.509683e+01 -1.769169e+02 -3.801339e+01 -8.260137e+02 -1.212973e+04
<VARIANCE> 6
 9.671147e+01 1.499520e+06 1.106701e+06 3.388229e+02 8.348552e+04 7.263300e+07
<GCONST> 7.899538e+01
<MIXTURE> 5 2.262446e-01
<MEAN> 6
 4.781353e+01 3.489103e+02 1.761057e+03 1.636276e-01 -1.543650e+01 -2.199391e+02
<VARIANCE> 6
 3.185140e+01 9.945479e+03 1.398304e+04 3.028640e+02 4.053393e+04 5.195771e+07
<GCONST> 6.732794e+01
<MIXTURE> 6 1.542907e-01
<MEAN> 6
 7.473454e+01 6.436004e+02 1.836491e+03 -1.107137e+00 -3.129734e+00 4.380708e+00
<VARIANCE> 6
 3.185140e+01 9.945479e+03 2.171972e+04 3.028640e+02 4.053393e+04 5.195771e+07
<GCONST> 6.776831e+01
<MIXTURE> 7 1.074390e-01
<MEAN> 6
 4.718918e+01 3.766895e+02 1.881885e+03 4.517675e-01 -1.585739e+00 -1.584029e+01
<VARIANCE> 6
 3.185140e+01 9.945479e+03 1.422496e+04 3.028640e+02 4.053393e+04 5.195771e+07
<GCONST> 6.734509e+01
<STATE> 13
<NUMMIXES> 7
<MIXTURE> 1 7.089456e-02
<MEAN> 6
 6.087534e+01 3.561187e+02 -7.469739e+02 -1.094002e+02 -7.539725e+02 -2.474053e+03
<VARIANCE> 6
 1.123217e+02 1.722304e+05 2.148394e+06 1.512640e+03 8.165924e+04 5.195771e+07
<GCONST> 7.878331e+01
<MIXTURE> 2 6.039929e-02
<MEAN> 6
 6.607145e+01 4.230366e+02 -1.790356e+02 -1.316953e+02 -1.599653e+03 -9.230598e+03
<VARIANCE> 6
 9.381913e+01 1.833362e+06 8.412843e+04 2.861799e+03 6.963639e+05 2.409794e+08
<GCONST> 8.204345e+01
<MIXTURE> 3 1.244982e-01
<MEAN> 6
 4.498238e+01 9.123916e+01 -2.652682e+02 -2.478034e+02 -1.432443e+03 5.327383e+03
<VARIANCE> 6
 1.036686e+02 1.563374e+06 2.719172e+06 5.607604e+03 5.203478e+05 1.553483e+08
<GCONST> 8.540197e+01
<MIXTURE> 4 1.989514e-01
<MEAN> 6
 -5.378080e+01 1.840948e+02 2.792953e+00 -1.190389e+01 1.687382e+03 -6.651923e+03
<VARIANCE> 6
 2.002827e+02 1.151000e+06 3.784573e+06 3.993925e+04 1.048040e+06 3.121051e+08
<GCONST> 8.944598e+01
<MIXTURE> 5 1.455112e-01
<MEAN> 6
 -3.195646e+01 3.884437e+01 -9.872800e+02 -3.685804e+02 1.451458e+03 3.190073e+04
<VARIANCE> 6
 3.529022e+02 2.520752e+06 5.869112e+06 1.355793e+04 3.345856e+06 1.333552e+09
<GCONST> 9.276781e+01
<MIXTURE> 6 1.769122e-01
<MEAN> 6
 1.203833e+01 2.085479e+02 -5.102879e+02 -3.494620e+02 -7.060740e+02 6.953990e+03
<VARIANCE> 6
 2.698925e+02 2.187294e+06 2.559562e+06 6.975081e+03 4.706291e+05 2.325641e+08
<GCONST> 8.715542e+01
<MIXTURE> 7 2.228236e-01
<MEAN> 6
 -7.219664e+01 -1.824027e+02 -1.339544e+03 -1.987812e+00 8.928030e+02 -7.367121e+03
<VARIANCE> 6
 8.566747e+01 8.051166e+05 5.262960e+06 5.506521e+03 9.103559e+05 4.401494e+08
<GCONST> 8.679059e+01
<STATE> 14
<NUMMIXES> 7
<MIXTURE> 1 1.314073e-01
<MEAN> 6
 8.436076e+01 1.485507e+02 7.350967e+02 -2.928330e+00 -2.361970e+01 -2.443733e+01
<VARIANCE> 6
 2.156250e+02 9.673361e+05 3.856022e+06 3.028640e+02 4.053393e+04 5.195771e+07
<GCONST> 7.943737e+01
<MIXTURE> 2 1.621918e-02
<MEAN> 6
 -4.471957e+00 1.599327e+02 1.106634e+02 -2.029777e+01 -3.946947e+01 2.866266e+03
<VARIANCE> 6
 1.141374e+04 2.029901e+05 4.228670e+05 1.785186e+06 9.733956e+08 1.431448e+12
<GCONST> 1.086266e+02
<MIXTURE> 3 1.515507e-01
<MEAN> 6
 1.232399e+01 9.786245e+01 -4.518768e+02 -8.082375e+01 9.990936e+01 2.176477e+03
<VARIANCE> 6
 3.819907e+03 1.706363e+06 5.229244e+06 4.844248e+04 2.314186e+06 1.044092e+09
<GCONST> 9.530402e+01
<MIXTURE> 4 2.579272e-01
<MEAN> 6
 -4.995775e+01 -5.073026e+01 6.070132e+01 4.818290e+01 5.330787e+02 -6.112146e+02
<VARIANCE> 6
 4.797908e+02 6.187833e+05 9.659797e+05 1.846894e+04 2.471121e+05 6.068467e+07
<GCONST> 8.447967e+01
<MIXTURE> 5 1.531950e-01
<MEAN> 6
 5.967893e+01 1.296826e+02 2.071561e+02 3.740670e+01 -4.742703e+02 6.730716e+01
<VARIANCE> 6
 7.382473e+02 1.045403e+06 1.486975e+06 2.862721e+04 1.872128e+05 5.671733e+07
<GCONST> 8.595941e+01
<MIXTURE> 6 1.326366e-01
<MEAN> 6
 8.422201e+01 1.032633e+02 -6.429151e+01 -4.546835e+00 -2.796869e+01 -2.918151e+02
<VARIANCE> 6
 1.298905e+02 3.901197e+05 2.666493e+05 3.028640e+02 4.053393e+04 5.195771e+07
<GCONST> 7.535097e+01
<MIXTURE> 7 1.564794e-01
<MEAN> 6
 4.830986e+01 -2.057228e+02 4.245331e+01 -5.198421e-01 -4.848205e+02 -1.353451e+03
<VARIANCE> 6
 1.063156e+03 5.044551e+05 7.918765e+05 4.565032e+04 3.224993e+05 9.541562e+07
<GCONST> 8.649603e+01
<TRANSP> 15
 0.000000e+00 1.000000e+00 0.000000e+00 0.000000e+00 0.000000e+00 0.000000e+00 0.000000e+00 0.000000e+00 0.000000e+00 0.000000e+00 0.000000e+00 0.000000e+00 0.000000e+00 0.000000e+00 0.000000e+00
 0.000000e+00 9.998980e-01 1.019935e-04 0.000000e+00 0.000000e+00 0.000000e+00 0.000000e+00 0.000000e+00 0.000000e+00 0.000000e+00 0.000000e+00 0.000000e+00 0.000000e+00 0.000000e+00 0.000000e+00
 0.000000e+00 0.000000e+00 9.962415e-01 3.758555e-03 0.000000e+00 0.000000e+00 0.000000e+00 0.000000e+00 0.000000e+00 0.000000e+00 0.000000e+00 0.000000e+00 0.000000e+00 0.000000e+00 0.000000e+00
 0.000000e+00 0.000000e+00 0.000000e+00 9.969934e-01 3.006628e-03 0.000000e+00 0.000000e+00 0.000000e+00 0.000000e+00 0.000000e+00 0.000000e+00 0.000000e+00 0.000000e+00 0.000000e+00 0.000000e+00
 0.000000e+00 0.000000e+00 0.000000e+00 0.000000e+00 9.953536e-01 4.646355e-03 0.000000e+00 0.000000e+00 0.000000e+00 0.000000e+00 0.000000e+00 0.000000e+00 0.000000e+00 0.000000e+00 0.000000e+00
 0.000000e+00 0.000000e+00 0.000000e+00 0.000000e+00 0.000000e+00 9.987719e-01 1.228085e-03 0.000000e+00 0.000000e+00 0.000000e+00 0.000000e+00 0.000000e+00 0.000000e+00 0.000000e+00 0.000000e+00
 0.000000e+00 0.000000e+00 0.000000e+00 0.000000e+00 0.000000e+00 0.000000e+00 9.980097e-01 1.990373e-03 0.000000e+00 0.000000e+00 0.000000e+00 0.000000e+00 0.000000e+00 0.000000e+00 0.000000e+00
 0.000000e+00 0.000000e+00 0.000000e+00 0.000000e+00 0.000000e+00 0.000000e+00 0.000000e+00 9.983203e-01 1.679696e-03 0.000000e+00 0.000000e+00 0.000000e+00 0.000000e+00 0.000000e+00 0.000000e+00
 0.000000e+00 0.000000e+00 0.000000e+00 0.000000e+00 0.000000e+00 0.000000e+00 0.000000e+00 0.000000e+00 9.980512e-01 1.948819e-03 0.000000e+00 0.000000e+00 0.000000e+00 0.000000e+00 0.000000e+00
 0.000000e+00 0.000000e+00 0.000000e+00 0.000000e+00 0.000000e+00 0.000000e+00 0.000000e+00 0.000000e+00 0.000000e+00 9.985338e-01 1.466259e-03 0.000000e+00 0.000000e+00 0.000000e+00 0.000000e+00
 0.000000e+00 0.000000e+00 0.000000e+00 0.000000e+00 0.000000e+00 0.000000e+00 0.000000e+00 0.000000e+00 0.000000e+00 0.000000e+00 9.962221e-01 3.777946e-03 0.000000e+00 0.000000e+00 0.000000e+00
 0.000000e+00 0.000000e+00 0.000000e+00 0.000000e+00 0.000000e+00 0.000000e+00 0.000000e+00 0.000000e+00 0.000000e+00 0.000000e+00 0.000000e+00 9.919339e-01 8.066087e-03 0.000000e+00 0.000000e+00
 0.000000e+00 0.000000e+00 0.000000e+00 0.000000e+00 0.000000e+00 0.000000e+00 0.000000e+00 0.000000e+00 0.000000e+00 0.000000e+00 0.000000e+00 0.000000e+00 9.968665e-01 3.133450e-03 0.000000e+00
 0.000000e+00 0.000000e+00 0.000000e+00 0.000000e+00 0.000000e+00 0.000000e+00 0.000000e+00 0.000000e+00 0.000000e+00 0.000000e+00 0.000000e+00 0.000000e+00 0.000000e+00 9.999258e-01 7.422981e-05
 0.000000e+00 0.000000e+00 0.000000e+00 0.000000e+00 0.000000e+00 0.000000e+00 0.000000e+00 0.000000e+00 0.000000e+00 0.000000e+00 0.000000e+00 0.000000e+00 0.000000e+00 0.000000e+00 0.000000e+00
<ENDHMM>
