~o
<STREAMINFO> 1 6
<VECSIZE> 6<NULLD><USER><DIAGC>
~h "SegundoPRIMARIA"
<BEGINHMM>
<NUMSTATES> 7
<STATE> 2
<NUMMIXES> 11
<MIXTURE> 1 1.094467e-01
<MEAN> 6
 9.786670e+01 7.578717e+01 4.505962e+02 -6.289262e+00 -4.368787e+01 -3.065092e+02
<VARIANCE> 6
 2.439783e+02 1.883866e+06 1.195973e+06 3.003832e+02 4.056576e+04 5.205853e+07
<GCONST> 7.905127e+01
<MIXTURE> 2 6.068706e-02
<MEAN> 6
 4.854634e+01 -5.782077e+02 -8.370491e+01 -3.199418e+01 -4.106483e+02 2.236575e+03
<VARIANCE> 6
 4.593289e+03 3.421201e+07 1.673298e+06 6.508013e+04 4.463637e+06 3.220936e+09
<GCONST> 9.942580e+01
<MIXTURE> 3 1.143632e-01
<MEAN> 6
 -4.274872e+01 -6.046669e+01 7.607758e+01 9.075553e+01 6.802505e+02 -2.077969e+03
<VARIANCE> 6
 7.018151e+02 2.933108e+05 6.798311e+05 3.078874e+04 2.095539e+05 8.643779e+07
<GCONST> 8.446210e+01
<MIXTURE> 4 1.039819e-01
<MEAN> 6
 -7.000471e+01 9.971037e+01 -2.679562e+02 2.849390e-01 1.829577e+02 4.062223e+02
<VARIANCE> 6
 2.343059e+02 4.282615e+05 1.193932e+06 1.179139e+03 7.824980e+04 5.205853e+07
<GCONST> 7.955222e+01
<MIXTURE> 5 7.784966e-02
<MEAN> 6
 4.107866e+01 2.373692e+01 -2.754335e+01 1.227113e+02 -2.390216e+02 -2.033648e+03
<VARIANCE> 6
 9.671805e+02 2.689854e+05 1.322243e+06 3.537067e+04 1.442699e+05 5.205853e+07
<GCONST> 8.461986e+01
<MIXTURE> 6 1.296844e-01
<MEAN> 6
 7.484137e+01 3.987446e+02 -8.426699e+02 1.909494e+00 -2.703554e+01 -2.009736e+02
<VARIANCE> 6
 1.054442e+02 2.719901e+05 1.188058e+06 3.003832e+02 4.056576e+04 5.205853e+07
<GCONST> 7.627042e+01
<MIXTURE> 7 7.595360e-02
<MEAN> 6
 8.109576e+01 3.760532e+01 2.092659e+01 1.427229e+01 -7.164977e+02 6.336167e+02
<VARIANCE> 6
 6.763922e+02 5.955633e+05 1.623366e+06 3.282729e+04 8.066064e+05 3.534099e+08
<GCONST> 8.882407e+01
<MIXTURE> 8 9.448399e-02
<MEAN> 6
 -4.605581e+01 -5.151954e+01 3.406840e+00 -9.083157e+01 1.303852e+03 1.768171e+03
<VARIANCE> 6
 6.642267e+02 6.133946e+05 2.314439e+06 5.347628e+04 1.017838e+06 6.331365e+08
<GCONST> 9.049371e+01
<MIXTURE> 9 7.937870e-02
<MEAN> 6
 6.701615e+01 -5.143330e+02 1.591305e+03 -4.232088e-02 -4.290757e+00 -6.701881e+01
<VARIANCE> 6
 9.238811e+01 2.006852e+05 1.472249e+06 3.003832e+02 4.056576e+04 5.205853e+07
<GCONST> 7.604868e+01
<MIXTURE> 10 7.960523e-02
<MEAN> 6
 4.945083e+01 -2.035513e+02 5.475346e+01 -3.449277e+01 -4.534704e+02 1.681935e+02
<VARIANCE> 6
 1.011822e+03 3.799346e+05 4.376900e+05 4.638303e+04 1.783237e+05 5.205853e+07
<GCONST> 8.438771e+01
<MIXTURE> 11 7.427714e-02
<MEAN> 6
 6.230227e+01 -1.100269e+02 -1.588193e+02 -9.497127e+01 -1.029569e+03 6.158706e+02
<VARIANCE> 6
 1.020622e+03 4.207643e+05 1.797204e+06 5.554574e+04 5.955482e+05 3.063520e+08
<GCONST> 8.906944e+01
<STATE> 3
<NUMMIXES> 11
<MIXTURE> 1 1.033140e-01
<MEAN> 6
 1.102758e+02 1.217788e+03 3.883927e+02 -4.392131e+00 -5.931678e+00 7.738246e+01
<VARIANCE> 6
 1.466535e+02 2.060745e+06 3.232850e+04 3.003832e+02 4.056576e+04 5.205853e+07
<GCONST> 7.502124e+01
<MIXTURE> 2 4.796683e-02
<MEAN> 6
 9.805338e+01 -3.203002e+02 8.217332e+02 -2.217446e+00 -8.246741e+00 1.382195e+01
<VARIANCE> 6
 3.171015e+01 1.281363e+04 5.438930e+04 3.003832e+02 4.056576e+04 5.205853e+07
<GCONST> 6.892970e+01
<MIXTURE> 3 9.037715e-02
<MEAN> 6
 8.206918e+01 9.211190e+02 4.485298e+02 -1.275599e+00 -1.343621e+00 -1.071985e+02
<VARIANCE> 6
 3.171015e+01 2.680035e+05 1.155935e+04 3.003832e+02 4.056576e+04 5.205853e+07
<GCONST> 7.042152e+01
<MIXTURE> 4 8.003064e-02
<MEAN> 6
 9.374592e+01 -3.627961e+02 -5.470798e+02 -8.717621e-01 1.295899e+00 7.080960e+01
<VARIANCE> 6
 3.171015e+01 2.587529e+04 1.155935e+04 3.003832e+02 4.056576e+04 5.205853e+07
<GCONST> 6.808381e+01
<MIXTURE> 5 1.217405e-01
<MEAN> 6
 9.278696e+01 7.347716e+02 2.018157e+02 -2.637058e+00 -1.920917e+00 -2.796575e+01
<VARIANCE> 6
 3.171015e+01 6.092648e+04 1.155935e+04 3.003832e+02 4.056576e+04 5.205853e+07
<GCONST> 6.894019e+01
<MIXTURE> 6 8.444495e-02
<MEAN> 6
 9.303700e+01 2.265474e+00 1.884280e+02 -1.782730e+00 2.726301e+00 -5.929061e+01
<VARIANCE> 6
 3.171015e+01 1.281363e+04 1.735452e+05 3.003832e+02 4.056576e+04 5.205853e+07
<GCONST> 7.008998e+01
<MIXTURE> 7 1.519342e-01
<MEAN> 6
 9.094508e+01 -2.732466e+02 3.409674e+01 -2.336463e+00 8.100086e-01 -9.656293e+01
<VARIANCE> 6
 3.171015e+01 1.183693e+05 1.155935e+04 3.003832e+02 4.056576e+04 5.205853e+07
<GCONST> 6.960433e+01
<MIXTURE> 8 7.926318e-02
<MEAN> 6
 8.566348e+01 2.245994e+02 4.431793e+02 -8.796681e-01 1.801347e+00 -8.096595e+01
<VARIANCE> 6
 3.171015e+01 1.241642e+05 1.155935e+04 3.003832e+02 4.056576e+04 5.205853e+07
<GCONST> 6.965213e+01
<MIXTURE> 9 7.887769e-02
<MEAN> 6
 9.366485e+01 -5.089696e+02 -5.404688e+02 9.362908e-01 -5.502932e+00 -9.607887e+01
<VARIANCE> 6
 3.171015e+01 1.479697e+04 1.155935e+04 3.003832e+02 4.056576e+04 5.205853e+07
<GCONST> 6.752495e+01
<MIXTURE> 10 8.380484e-02
<MEAN> 6
 9.404543e+01 -5.699883e+00 6.313019e+01 -1.554313e+00 9.053254e-01 -6.348059e+01
<VARIANCE> 6
 3.171015e+01 1.281363e+04 8.866738e+04 3.003832e+02 4.056576e+04 5.205853e+07
<GCONST> 6.941843e+01
<MIXTURE> 11 7.820845e-02
<MEAN> 6
 8.612527e+01 4.792377e+01 4.190113e+02 -9.922455e-01 2.537862e+00 -9.921648e+01
<VARIANCE> 6
 3.171015e+01 1.866436e+05 1.155935e+04 3.003832e+02 4.056576e+04 5.205853e+07
<GCONST> 7.005972e+01
<STATE> 4
<NUMMIXES> 11
<MIXTURE> 1 1.011786e-01
<MEAN> 6
 7.562834e+01 2.220083e+02 9.818901e+01 1.467702e+00 -6.093570e+00 -5.540125e+01
<VARIANCE> 6
 3.171015e+01 4.400930e+04 1.155935e+04 3.003832e+02 4.056576e+04 5.205853e+07
<GCONST> 6.861492e+01
<MIXTURE> 2 1.093458e-01
<MEAN> 6
 7.057781e+01 -2.432757e+02 2.994660e+02 7.879359e-02 -3.702770e+00 -1.244706e+02
<VARIANCE> 6
 3.171015e+01 2.914742e+04 1.501424e+04 3.003832e+02 4.056576e+04 5.205853e+07
<GCONST> 6.846439e+01
<MIXTURE> 3 1.038355e-01
<MEAN> 6
 7.803707e+01 6.991875e+01 -1.531432e+02 -4.661264e-01 -1.041873e+01 -1.280344e+02
<VARIANCE> 6
 3.171015e+01 1.281363e+04 3.295177e+04 3.003832e+02 4.056576e+04 5.205853e+07
<GCONST> 6.842859e+01
<MIXTURE> 4 9.383519e-02
<MEAN> 6
 6.533257e+01 7.603103e+02 -1.579504e+02 -5.344688e-01 -2.218092e+00 -1.741403e+02
<VARIANCE> 6
 3.171015e+01 6.553583e+04 1.155935e+04 3.003832e+02 4.056576e+04 5.205853e+07
<GCONST> 6.901312e+01
<MIXTURE> 5 8.955562e-02
<MEAN> 6
 7.071972e+01 5.145831e+01 -3.003403e+02 4.398492e-01 -4.638212e+00 -1.453644e+02
<VARIANCE> 6
 3.171015e+01 1.317694e+04 1.241464e+04 3.003832e+02 4.056576e+04 5.205853e+07
<GCONST> 6.748038e+01
<MIXTURE> 6 6.897831e-02
<MEAN> 6
 6.432904e+01 1.316377e+01 -2.123302e+02 5.247647e-01 -2.257518e+00 -1.311488e+02
<VARIANCE> 6
 3.171015e+01 1.453587e+05 1.155935e+04 3.003832e+02 4.056576e+04 5.205853e+07
<GCONST> 6.980972e+01
<MIXTURE> 7 4.382999e-02
<MEAN> 6
 6.318302e+01 -5.060301e+02 2.532913e+02 3.566195e-01 4.199570e+00 -1.246700e+02
<VARIANCE> 6
 3.171015e+01 1.281363e+04 1.307109e+04 3.003832e+02 4.056576e+04 5.205853e+07
<GCONST> 6.750394e+01
<MIXTURE> 8 1.038733e-01
<MEAN> 6
 6.857641e+01 -1.552168e+02 -1.980827e+02 -1.116095e+00 -8.529722e+00 -9.825294e+01
<VARIANCE> 6
 3.171015e+01 1.776581e+05 1.155935e+04 3.003832e+02 4.056576e+04 5.205853e+07
<GCONST> 7.001038e+01
<MIXTURE> 9 7.382470e-02
<MEAN> 6
 5.897165e+01 1.290125e+02 -2.610143e+02 1.817474e+00 1.787562e+00 -1.181213e+02
<VARIANCE> 6
 4.243399e+01 1.542665e+05 1.155935e+04 3.003832e+02 4.056576e+04 5.205853e+07
<GCONST> 7.016051e+01
<MIXTURE> 10 1.243070e-01
<MEAN> 6
 7.176763e+01 -3.196588e+01 1.447735e+02 5.526894e-01 1.820513e+00 -1.162938e+02
<VARIANCE> 6
 3.171015e+01 1.281363e+04 1.155935e+04 3.003832e+02 4.056576e+04 5.205853e+07
<GCONST> 6.738103e+01
<MIXTURE> 11 8.731657e-02
<MEAN> 6
 6.849931e+01 4.294453e+00 -3.054011e+02 8.903795e-01 -2.055028e+00 -1.403072e+02
<VARIANCE> 6
 3.171015e+01 1.281363e+04 1.155935e+04 3.003832e+02 4.056576e+04 5.205853e+07
<GCONST> 6.738103e+01
<STATE> 5
<NUMMIXES> 11
<MIXTURE> 1 8.092193e-02
<MEAN> 6
 8.447466e+01 1.154802e+03 -1.041752e+03 -1.678844e+00 -1.242114e+00 3.382970e+01
<VARIANCE> 6
 4.183358e+01 2.447861e+04 2.609642e+05 3.003832e+02 4.056576e+04 5.205853e+07
<GCONST> 7.142227e+01
<MIXTURE> 2 1.202529e-01
<MEAN> 6
 7.589262e+01 -1.201529e+03 -2.158333e+02 3.973919e-01 5.421941e+00 -1.018016e+02
<VARIANCE> 6
 3.171015e+01 1.714009e+05 2.588417e+05 3.003832e+02 4.056576e+04 5.205853e+07
<GCONST> 7.308325e+01
<MIXTURE> 3 1.502151e-01
<MEAN> 6
 8.179374e+01 2.638287e+02 -7.406523e+02 1.479069e-01 -2.759555e+00 -8.388316e+01
<VARIANCE> 6
 3.171015e+01 1.198283e+05 1.686271e+04 3.003832e+02 4.056576e+04 5.205853e+07
<GCONST> 6.999419e+01
<MIXTURE> 4 8.839520e-02
<MEAN> 6
 5.873148e+01 -1.001389e+03 -5.300262e+02 1.791295e+00 -6.850782e+00 -1.332991e+02
<VARIANCE> 6
 3.171015e+01 1.896714e+05 1.842195e+04 3.003832e+02 4.056576e+04 5.205853e+07
<GCONST> 7.054186e+01
<MIXTURE> 5 8.594210e-02
<MEAN> 6
 6.925945e+01 3.558670e+01 -9.009176e+02 -1.538960e+00 -7.242034e+00 -1.634066e+02
<VARIANCE> 6
 3.171015e+01 1.281363e+04 2.416001e+04 3.003832e+02 4.056576e+04 5.205853e+07
<GCONST> 6.811824e+01
<MIXTURE> 6 5.402039e-02
<MEAN> 6
 8.605847e+01 -1.703881e+02 -2.983617e+03 -5.439813e+00 -4.322824e-01 1.146150e+02
<VARIANCE> 6
 8.602974e+01 2.003666e+04 5.179797e+04 3.003832e+02 4.056576e+04 5.205853e+07
<GCONST> 7.032600e+01
<MIXTURE> 7 9.089348e-02
<MEAN> 6
 6.774635e+01 -1.754130e+02 -1.177962e+03 6.167499e-01 -1.005818e+01 3.720243e+01
<VARIANCE> 6
 3.171015e+01 1.432333e+05 1.691296e+04 3.003832e+02 4.056576e+04 5.205853e+07
<GCONST> 7.017558e+01
<MIXTURE> 8 6.082329e-02
<MEAN> 6
 7.193800e+01 -5.353541e+02 -7.972139e+02 -1.887001e+00 -4.795872e+00 -1.014753e+02
<VARIANCE> 6
 3.171015e+01 3.328432e+04 1.155935e+04 3.003832e+02 4.056576e+04 5.205853e+07
<GCONST> 6.833561e+01
<MIXTURE> 9 1.084101e-01
<MEAN> 6
 6.810535e+01 -5.102390e+02 -6.420874e+02 -1.412225e+00 -1.835627e+00 -1.194419e+02
<VARIANCE> 6
 3.171015e+01 1.281363e+04 1.643517e+04 3.003832e+02 4.056576e+04 5.205853e+07
<GCONST> 6.773296e+01
<MIXTURE> 10 8.509248e-02
<MEAN> 6
 6.667525e+01 -4.791470e+01 -9.347985e+02 -6.480156e-01 -9.862772e+00 -1.913976e+02
<VARIANCE> 6
 3.171015e+01 1.281363e+04 1.155935e+04 3.003832e+02 4.056576e+04 5.205853e+07
<GCONST> 6.738103e+01
<MIXTURE> 11 7.499783e-02
<MEAN> 6
 8.655778e+01 1.058721e+03 -1.495079e+03 -6.094016e-01 -9.843318e+00 2.687347e+01
<VARIANCE> 6
 3.171015e+01 1.806051e+04 4.732111e+05 3.003832e+02 4.056576e+04 5.205853e+07
<GCONST> 7.143629e+01
<STATE> 6
<NUMMIXES> 11
<MIXTURE> 1 7.050206e-03
<MEAN> 6
 -1.090911e+00 -4.139553e+02 2.046239e+02 3.744659e+01 -3.371621e+02 3.427528e+03
<VARIANCE> 6
 9.053529e+03 7.750476e+05 2.136278e+06 1.183135e+06 6.444821e+08 9.334521e+11
<GCONST> 1.101032e+02
<MIXTURE> 2 1.067907e-01
<MEAN> 6
 1.960259e+01 4.199007e+01 -2.923413e+00 2.610286e+02 7.380047e+01 -4.293794e+03
<VARIANCE> 6
 7.038650e+02 1.609930e+05 8.553947e+04 6.605254e+03 2.167555e+05 8.053836e+07
<GCONST> 8.021609e+01
<MIXTURE> 3 7.180603e-02
<MEAN> 6
 9.910577e+01 4.818198e+01 2.485740e+01 4.617964e+01 -1.133043e+03 -1.412850e+03
<VARIANCE> 6
 5.842982e+02 8.870769e+05 3.204028e+05 3.282827e+04 3.323484e+06 2.150707e+09
<GCONST> 9.067532e+01
<MIXTURE> 4 7.174341e-02
<MEAN> 6
 1.029946e+02 1.151953e+02 1.740051e+02 -5.158890e+00 -3.385089e+01 -3.042355e+02
<VARIANCE> 6
 3.679643e+02 5.819991e+05 3.437102e+05 3.003832e+02 4.056576e+04 5.205853e+07
<GCONST> 7.704065e+01
<MIXTURE> 5 1.179948e-01
<MEAN> 6
 -2.528160e+01 2.200134e+01 2.283749e+01 -1.993643e+02 1.023693e+03 6.126142e+03
<VARIANCE> 6
 1.110088e+03 1.910508e+05 3.529746e+05 4.039357e+04 1.696090e+06 9.282138e+08
<GCONST> 8.857294e+01
<MIXTURE> 6 1.168443e-01
<MEAN> 6
 6.913873e+01 -4.637835e+01 1.970176e+02 -2.468218e+01 -5.087627e+02 -2.284087e+02
<VARIANCE> 6
 8.408403e+02 1.647247e+05 4.378671e+05 3.735408e+04 2.238349e+05 5.205853e+07
<GCONST> 8.337811e+01
<MIXTURE> 7 1.357526e-01
<MEAN> 6
 -4.152636e+01 3.769208e+01 -1.244728e+01 6.114426e+01 9.394139e+02 -1.465030e+03
<VARIANCE> 6
 2.947458e+02 1.359084e+05 7.317828e+04 2.326864e+04 2.626219e+05 1.005881e+08
<GCONST> 8.069364e+01
<MIXTURE> 8 8.848764e-02
<MEAN> 6
 7.961772e+01 7.165615e+01 7.623623e+01 -1.343674e+01 -6.399711e+02 2.992447e+02
<VARIANCE> 6
 6.628458e+02 6.730927e+04 5.040095e+04 3.096787e+04 4.607609e+05 1.701619e+08
<GCONST> 8.180222e+01
<MIXTURE> 9 9.036838e-02
<MEAN> 6
 -5.440757e+01 2.067096e+01 -6.853476e+00 9.237121e+00 2.719449e+02 4.422287e+02
<VARIANCE> 6
 2.506612e+02 1.318369e+05 1.666979e+05 1.344892e+03 9.924995e+04 5.205853e+07
<GCONST> 7.684197e+01
<MIXTURE> 10 1.061457e-01
<MEAN> 6
 9.151061e+01 -1.622708e+02 -1.173474e+02 -4.275704e+00 -3.390892e+01 -3.023438e+02
<VARIANCE> 6
 1.880793e+02 1.823678e+05 9.013691e+04 3.003832e+02 4.056576e+04 5.205853e+07
<GCONST> 7.387061e+01
<MIXTURE> 11 8.612757e-02
<MEAN> 6
 6.244658e+01 -1.882147e+01 5.701549e+00 -1.349267e+02 -8.667237e+02 5.073288e+02
<VARIANCE> 6
 1.021898e+03 6.607651e+04 5.495087e+04 3.766622e+04 5.521966e+05 1.905777e+08
<GCONST> 8.279320e+01
<TRANSP> 7
 0.000000e+00 1.000000e+00 0.000000e+00 0.000000e+00 0.000000e+00 0.000000e+00 0.000000e+00
 0.000000e+00 9.998392e-01 1.607864e-04 0.000000e+00 0.000000e+00 0.000000e+00 0.000000e+00
 0.000000e+00 0.000000e+00 9.989429e-01 1.057039e-03 0.000000e+00 0.000000e+00 0.000000e+00
 0.000000e+00 0.000000e+00 0.000000e+00 9.994162e-01 5.838003e-04 0.000000e+00 0.000000e+00
 0.000000e+00 0.000000e+00 0.000000e+00 0.000000e+00 9.988691e-01 1.130909e-03 0.000000e+00
 0.000000e+00 0.000000e+00 0.000000e+00 0.000000e+00 0.000000e+00 9.999413e-01 5.866710e-05
 0.000000e+00 0.000000e+00 0.000000e+00 0.000000e+00 0.000000e+00 0.000000e+00 0.000000e+00
<ENDHMM>
~h "SegundoESO"
<BEGINHMM>
<NUMSTATES> 7
<STATE> 2
<NUMMIXES> 11
<MIXTURE> 1 7.989555e-02
<MEAN> 6
 9.525246e+01 -2.775877e+03 2.072205e+03 -4.585759e+00 -2.621258e+01 -7.311711e+01
<VARIANCE> 6
 1.145743e+02 9.539941e+06 4.708352e+07 3.003832e+02 4.056576e+04 5.205853e+07
<GCONST> 8.359053e+01
<MIXTURE> 2 7.033726e-02
<MEAN> 6
 5.689204e+01 3.746142e+03 1.195293e+03 -3.841954e+01 -5.976316e+02 1.115015e+03
<VARIANCE> 6
 2.340581e+03 4.574632e+07 2.153385e+07 3.124697e+04 9.281752e+05 2.813869e+08
<GCONST> 9.685507e+01
<MIXTURE> 3 3.914628e-02
<MEAN> 6
 6.915517e+01 8.501142e+03 -1.212703e+03 -3.792205e-01 -5.731395e+00 -1.112721e+02
<VARIANCE> 6
 3.171015e+01 2.677460e+07 1.399032e+04 3.003832e+02 4.056576e+04 5.205853e+07
<GCONST> 7.521660e+01
<MIXTURE> 4 1.244990e-01
<MEAN> 6
 -3.059093e+01 8.950514e+02 -1.944926e+02 -1.613685e+01 7.620194e+02 -3.402274e+02
<VARIANCE> 6
 3.539397e+02 4.803790e+06 5.486608e+06 2.892673e+04 2.913787e+05 1.166072e+08
<GCONST> 8.922835e+01
<MIXTURE> 5 6.792531e-02
<MEAN> 6
 1.254968e+01 -5.649495e+03 4.287814e+02 9.099557e+00 1.047824e+01 -1.250257e+02
<VARIANCE> 6
 3.075616e+03 3.402796e+05 1.948060e+05 1.942906e+04 1.832920e+05 5.205853e+07
<GCONST> 8.373705e+01
<MIXTURE> 6 1.314667e-01
<MEAN> 6
 4.213066e+01 1.671807e+03 -1.905553e+03 1.605086e+02 -1.671486e+02 -1.279821e+03
<VARIANCE> 6
 1.019388e+03 3.999234e+06 5.124378e+06 5.262324e+03 8.637839e+04 5.205853e+07
<GCONST> 8.630806e+01
<MIXTURE> 7 9.222583e-02
<MEAN> 6
 7.858384e+01 3.349553e+02 8.780682e+02 1.893387e+00 -1.648168e+01 -1.426265e+02
<VARIANCE> 6
 3.171015e+01 2.948988e+06 3.657458e+06 3.003832e+02 4.056576e+04 5.205853e+07
<GCONST> 7.857677e+01
<MIXTURE> 8 1.520933e-01
<MEAN> 6
 5.399462e+01 6.810296e+02 -1.522007e+03 -1.023803e+02 -2.632974e+02 1.022521e+03
<VARIANCE> 6
 1.178660e+03 3.925900e+06 4.314970e+06 1.355221e+04 1.736190e+05 5.205853e+07
<GCONST> 8.790691e+01
<MIXTURE> 9 7.407374e-02
<MEAN> 6
 -4.983804e+01 7.613791e+02 -2.478073e+02 1.031691e+01 1.948763e+02 -2.198850e+01
<VARIANCE> 6
 3.515800e+02 1.865597e+06 4.993107e+06 1.334224e+03 5.483414e+04 5.205853e+07
<GCONST> 8.262842e+01
<MIXTURE> 10 8.638609e-02
<MEAN> 6
 7.128698e+01 -2.672647e+03 2.132784e+03 -2.729937e-01 -1.210852e+01 -1.925900e+02
<VARIANCE> 6
 3.171015e+01 1.201756e+06 3.739824e+06 3.003832e+02 4.056576e+04 5.205853e+07
<GCONST> 7.770136e+01
<MIXTURE> 11 8.180803e-02
<MEAN> 6
 9.287968e+01 -4.013583e+03 1.007140e+03 -5.182634e+00 -3.519884e+01 -5.463709e+01
<VARIANCE> 6
 6.877913e+01 8.943471e+06 1.595121e+07 3.003832e+02 4.056576e+04 5.205853e+07
<GCONST> 8.193326e+01
<STATE> 3
<NUMMIXES> 11
<MIXTURE> 1 9.886240e-02
<MEAN> 6
 7.512038e+01 4.956119e+02 5.562871e+02 -4.913948e-01 -2.902300e+00 -3.712593e+01
<VARIANCE> 6
 3.171015e+01 4.074142e+04 2.005154e+05 3.003832e+02 4.056576e+04 5.205853e+07
<GCONST> 7.139116e+01
<MIXTURE> 2 6.603158e-02
<MEAN> 6
 6.658829e+01 8.477891e+02 -1.937226e+03 2.820883e-01 -4.677592e+00 -7.554421e+01
<VARIANCE> 6
 4.999826e+01 4.735591e+05 1.148505e+06 3.003832e+02 4.056576e+04 5.205853e+07
<GCONST> 7.604488e+01
<MIXTURE> 3 5.798608e-02
<MEAN> 6
 8.482512e+01 -1.413193e+03 1.493364e+02 -1.587733e+00 -3.848364e+00 -1.504066e+02
<VARIANCE> 6
 3.171015e+01 2.185482e+05 9.805502e+04 3.003832e+02 4.056576e+04 5.205853e+07
<GCONST> 7.235556e+01
<MIXTURE> 4 1.236124e-01
<MEAN> 6
 6.942796e+01 3.252602e+02 1.406126e+02 -4.890875e-01 -4.029662e+00 -1.063703e+02
<VARIANCE> 6
 3.171015e+01 7.280216e+05 1.692160e+04 3.003832e+02 4.056576e+04 5.205853e+07
<GCONST> 7.180196e+01
<MIXTURE> 5 7.603420e-02
<MEAN> 6
 7.420186e+01 -3.365216e+02 9.966415e+02 -1.229085e+00 -3.976781e+00 -6.963813e+01
<VARIANCE> 6
 3.865011e+01 6.731653e+04 5.230059e+05 3.003832e+02 4.056576e+04 5.205853e+07
<GCONST> 7.304994e+01
<MIXTURE> 6 1.190746e-01
<MEAN> 6
 6.154569e+01 5.532088e+02 -3.561014e+02 3.030198e-01 -5.546033e-01 -1.218946e+02
<VARIANCE> 6
 3.171015e+01 2.419175e+06 3.107560e+04 3.003832e+02 4.056576e+04 5.205853e+07
<GCONST> 7.361063e+01
<MIXTURE> 7 6.614262e-02
<MEAN> 6
 8.371886e+01 -7.890288e+02 1.753346e+02 -5.183222e-01 -3.080651e+00 -1.119126e+02
<VARIANCE> 6
 3.171015e+01 1.281363e+04 2.215198e+04 3.003832e+02 4.056576e+04 5.205853e+07
<GCONST> 6.803146e+01
<MIXTURE> 8 1.286619e-01
<MEAN> 6
 7.147582e+01 4.326940e+02 -5.589706e+02 -2.360360e-01 -4.877692e+00 -1.024705e+02
<VARIANCE> 6
 3.171015e+01 1.512389e+05 1.134182e+05 3.003832e+02 4.056576e+04 5.205853e+07
<GCONST> 7.213297e+01
<MIXTURE> 9 1.305409e-01
<MEAN> 6
 6.473296e+01 -3.479336e+02 1.642514e+02 -8.829588e-02 -2.299845e+00 -1.137214e+02
<VARIANCE> 6
 3.171015e+01 1.234752e+05 3.765048e+04 3.003832e+02 4.056576e+04 5.205853e+07
<GCONST> 7.082742e+01
<MIXTURE> 10 6.622386e-02
<MEAN> 6
 6.816079e+01 -1.959297e+02 -3.482848e+01 -4.572985e-01 -7.988842e-01 -8.606983e+01
<VARIANCE> 6
 4.760643e+01 5.584881e+04 1.597588e+06 3.003832e+02 4.056576e+04 5.205853e+07
<GCONST> 7.418826e+01
<MIXTURE> 11 6.658684e-02
<MEAN> 6
 6.152532e+01 4.166857e+02 -3.051492e+03 4.762448e-01 -1.335142e+00 -6.182504e+01
<VARIANCE> 6
 5.587304e+01 9.863187e+04 2.183998e+06 3.003832e+02 4.056576e+04 5.205853e+07
<GCONST> 7.522978e+01
<STATE> 4
<NUMMIXES> 11
<MIXTURE> 1 3.194205e-02
<MEAN> 6
 2.011711e+01 2.561524e+02 -1.219227e+02 -2.008717e+02 -1.861755e+02 1.263362e+04
<VARIANCE> 6
 1.900846e+03 2.325414e+06 4.750120e+06 3.923966e+04 1.878468e+06 9.513616e+08
<GCONST> 9.430722e+01
<MIXTURE> 2 1.161795e-01
<MEAN> 6
 -3.945548e+01 -3.144917e+01 4.519305e+01 1.228191e+02 8.215842e+02 -2.200752e+03
<VARIANCE> 6
 2.332130e+02 5.602342e+05 2.857366e+05 1.246902e+04 1.332603e+05 5.976268e+07
<GCONST> 8.141511e+01
<MIXTURE> 3 8.022663e-02
<MEAN> 6
 8.312945e+01 -2.076582e+02 2.654760e+02 -7.839542e+00 -8.283808e+01 -3.616542e+02
<VARIANCE> 6
 1.450413e+02 6.336542e+05 7.519574e+05 3.247196e+02 4.056576e+04 5.205853e+07
<GCONST> 7.705550e+01
<MIXTURE> 4 7.513110e-02
<MEAN> 6
 -3.185354e+00 1.876533e+02 2.324128e+02 -1.177463e+02 1.488684e+02 2.707160e+03
<VARIANCE> 6
 4.215696e+02 6.166091e+05 6.522819e+05 3.148927e+04 1.101620e+05 9.071316e+07
<GCONST> 8.408179e+01
<MIXTURE> 5 1.229807e-01
<MEAN> 6
 6.971408e+01 4.775293e+00 1.355906e+02 4.098217e+01 -4.764046e+02 -4.643826e+02
<VARIANCE> 6
 2.516281e+02 7.373944e+05 1.046373e+06 1.513979e+04 1.055829e+05 5.205853e+07
<GCONST> 8.288715e+01
<MIXTURE> 6 1.179591e-01
<MEAN> 6
 2.035656e+01 6.366868e+00 -2.960003e+01 2.200790e+02 -1.413442e+02 -3.701701e+03
<VARIANCE> 6
 4.586801e+02 9.701832e+05 8.449036e+05 5.383858e+03 1.131238e+05 5.205853e+07
<GCONST> 8.258311e+01
<MIXTURE> 7 1.002037e-01
<MEAN> 6
 -5.605777e+01 -5.226666e+01 5.418723e+01 1.423809e+01 2.406224e+02 -4.960448e+01
<VARIANCE> 6
 1.264999e+02 6.085759e+05 9.969996e+05 7.886740e+02 7.915384e+04 5.205853e+07
<GCONST> 7.871626e+01
<MIXTURE> 8 8.591267e-02
<MEAN> 6
 7.833645e+01 -4.335348e+02 1.184631e+02 6.725227e+00 -9.577490e+02 -1.727349e+03
<VARIANCE> 6
 4.674950e+02 3.563097e+06 5.071146e+05 2.199018e+04 6.422058e+05 3.489245e+08
<GCONST> 8.843867e+01
<MIXTURE> 9 7.914214e-02
<MEAN> 6
 -4.949825e+01 8.150798e+01 9.258884e+01 -1.040435e+02 1.399177e+03 1.066061e+03
<VARIANCE> 6
 1.819141e+02 1.015668e+06 9.754494e+05 1.811636e+04 5.414983e+05 4.147403e+08
<GCONST> 8.670234e+01
<MIXTURE> 10 1.142360e-01
<MEAN> 6
 5.969442e+01 1.159660e+02 6.273851e+01 -9.744256e+01 -6.657995e+02 1.648068e+03
<VARIANCE> 6
 3.580151e+02 6.807690e+05 3.665466e+05 2.563571e+04 1.464030e+05 5.205853e+07
<GCONST> 8.296443e+01
<MIXTURE> 11 7.549406e-02
<MEAN> 6
 -4.491825e+00 -9.012978e+01 -3.913249e+01 -1.515997e+02 7.186557e+01 8.855059e+02
<VARIANCE> 6
 3.954212e+02 8.800277e+05 5.082813e+05 2.224449e+04 1.301516e+05 9.613186e+07
<GCONST> 8.400125e+01
<STATE> 5
<NUMMIXES> 11
<MIXTURE> 1 1.179521e-01
<MEAN> 6
 9.376559e+01 1.542373e+03 -1.166297e+03 -4.995315e+00 -1.864040e+00 2.287876e+02
<VARIANCE> 6
 2.001928e+02 3.008147e+05 7.577882e+05 3.003832e+02 4.056576e+04 5.205853e+07
<GCONST> 7.656257e+01
<MIXTURE> 2 1.116869e-01
<MEAN> 6
 7.572868e+01 6.027481e+02 -5.584156e+01 -2.817178e+00 -4.781725e+00 7.128058e+01
<VARIANCE> 6
 3.171015e+01 1.134386e+05 2.503992e+05 3.003832e+02 4.056576e+04 5.205853e+07
<GCONST> 7.263734e+01
<MIXTURE> 3 1.078555e-01
<MEAN> 6
 5.838144e+01 5.545177e+02 7.150031e+01 3.088501e-01 2.207504e+00 -1.161815e+02
<VARIANCE> 6
 3.171015e+01 4.235114e+04 1.155935e+04 3.003832e+02 4.056576e+04 5.205853e+07
<GCONST> 6.857652e+01
<MIXTURE> 4 1.033343e-01
<MEAN> 6
 8.203207e+01 -3.061349e+02 1.685960e+03 -3.437687e+00 -4.842743e+00 1.641431e+02
<VARIANCE> 6
 7.650282e+01 4.493951e+05 1.143896e+06 3.003832e+02 4.056576e+04 5.205853e+07
<GCONST> 7.641382e+01
<MIXTURE> 5 6.372935e-02
<MEAN> 6
 9.860620e+01 3.609658e+02 -4.144308e+02 -4.931076e+00 4.362840e+00 9.330154e+01
<VARIANCE> 6
 8.241331e+01 8.262205e+04 6.055643e+04 3.003832e+02 4.056576e+04 5.205853e+07
<GCONST> 7.185599e+01
<MIXTURE> 6 6.830229e-02
<MEAN> 6
 6.526595e+01 3.436016e+02 -1.623627e+02 4.513799e-01 -6.527407e+00 -1.067777e+02
<VARIANCE> 6
 3.171015e+01 1.281363e+04 1.155935e+04 3.003832e+02 4.056576e+04 5.205853e+07
<GCONST> 6.738103e+01
<MIXTURE> 7 1.106127e-01
<MEAN> 6
 8.600620e+01 -2.771992e+02 -1.603526e+03 -3.687189e+00 -2.447650e+00 1.004228e+02
<VARIANCE> 6
 1.002915e+02 1.427554e+05 3.055204e+05 3.003832e+02 4.056576e+04 5.205853e+07
<GCONST> 7.421762e+01
<MIXTURE> 8 1.131849e-01
<MEAN> 6
 7.144038e+01 -5.387343e+02 6.038533e+02 -3.175118e+00 6.142474e+00 4.084593e+01
<VARIANCE> 6
 1.072118e+02 5.334109e+06 4.249734e+05 3.003832e+02 4.056576e+04 5.205853e+07
<GCONST> 7.823510e+01
<MIXTURE> 9 6.878755e-02
<MEAN> 6
 6.087342e+01 3.931849e+01 -7.234959e+01 -1.411715e-01 -3.561018e+00 -1.393653e+02
<VARIANCE> 6
 3.171015e+01 1.281363e+04 1.155935e+04 3.003832e+02 4.056576e+04 5.205853e+07
<GCONST> 6.738103e+01
<MIXTURE> 10 6.674121e-02
<MEAN> 6
 9.205262e+01 5.511805e+01 -9.085661e+01 -3.423152e+00 -4.089218e+00 8.393842e+01
<VARIANCE> 6
 3.223517e+01 1.115649e+05 5.016016e+04 3.003832e+02 4.056576e+04 5.205853e+07
<GCONST> 7.102928e+01
<MIXTURE> 11 6.766973e-02
<MEAN> 6
 5.915615e+01 1.881063e+01 -1.227812e+02 1.157679e-01 -2.897857e+00 -1.442072e+02
<VARIANCE> 6
 3.171015e+01 1.281363e+04 1.155935e+04 3.003832e+02 4.056576e+04 5.205853e+07
<GCONST> 6.738103e+01
<STATE> 6
<NUMMIXES> 11
<MIXTURE> 1 9.443071e-02
<MEAN> 6
 2.560666e+01 -1.447202e+02 1.269299e+01 1.459430e+02 -8.378822e+01 -7.105473e+02
<VARIANCE> 6
 6.597119e+02 1.465852e+05 2.105435e+05 2.781765e+03 7.665538e+04 5.205853e+07
<GCONST> 7.861767e+01
<MIXTURE> 2 1.374522e-01
<MEAN> 6
 9.025713e+00 7.394792e+01 6.612254e+01 -2.081630e+02 4.277925e+01 4.514155e+03
<VARIANCE> 6
 5.802898e+02 1.052922e+05 7.969330e+04 3.897317e+03 2.888215e+05 1.535735e+08
<GCONST> 7.993253e+01
<MIXTURE> 3 1.356452e-01
<MEAN> 6
 7.402348e+01 -2.841053e+02 1.374769e+01 -4.864617e+00 -3.948390e+01 9.647279e+01
<VARIANCE> 6
 1.105612e+02 2.522276e+05 7.685879e+04 3.003832e+02 4.056576e+04 5.205853e+07
<GCONST> 7.350426e+01
<MIXTURE> 4 7.167070e-02
<MEAN> 6
 -4.437704e+01 3.226267e+01 -4.531939e+01 -2.220046e+01 1.213144e+03 -7.785057e+01
<VARIANCE> 6
 1.503082e+02 1.064358e+05 8.600219e+04 2.147772e+04 3.167174e+05 2.611355e+08
<GCONST> 8.099846e+01
<MIXTURE> 5 9.310453e-02
<MEAN> 6
 6.197792e+01 3.572104e+01 4.088284e+01 1.436344e+01 -3.978468e+02 1.213620e+01
<VARIANCE> 6
 1.411898e+02 1.100966e+05 3.358028e+04 1.146690e+04 9.121083e+04 5.205853e+07
<GCONST> 7.654420e+01
<MIXTURE> 6 8.516473e-02
<MEAN> 6
 1.392616e+01 5.926128e+01 2.670164e+00 1.943078e+02 -1.091069e+02 -3.447900e+03
<VARIANCE> 6
 5.534462e+02 5.414733e+04 3.497478e+04 4.036543e+03 1.241426e+05 7.648346e+07
<GCONST> 7.689018e+01
<MIXTURE> 7 8.390559e-02
<MEAN> 6
 -4.047804e+01 2.799725e+01 1.089682e+01 5.177606e+01 6.813323e+02 -1.593862e+03
<VARIANCE> 6
 1.673600e+02 4.923016e+04 4.266587e+04 1.161554e+04 8.773468e+04 5.205853e+07
<GCONST> 7.612288e+01
<MIXTURE> 8 5.973614e-02
<MEAN> 6
 -9.792984e+00 -1.128633e+02 -8.478641e+00 -1.254846e+01 7.684933e+01 -3.963242e+02
<VARIANCE> 6
 3.655425e+02 4.573539e+04 1.155935e+04 1.788731e+04 5.000516e+04 5.205853e+07
<GCONST> 7.539413e+01
<MIXTURE> 9 6.592368e-02
<MEAN> 6
 7.824929e+01 -2.557966e+02 -2.015284e+01 4.863747e+00 -9.577925e+02 -1.362475e+03
<VARIANCE> 6
 1.665356e+02 5.645524e+05 9.256641e+04 1.181746e+04 5.201036e+05 2.611001e+08
<GCONST> 8.274147e+01
<MIXTURE> 10 8.120514e-02
<MEAN> 6
 -3.754055e+01 1.955906e+01 -8.051941e+01 1.615574e+00 2.868687e+02 2.767164e+02
<VARIANCE> 6
 1.711223e+02 7.693533e+04 9.809545e+04 3.901074e+03 6.531028e+04 5.205853e+07
<GCONST> 7.603784e+01
<MIXTURE> 11 9.150925e-02
<MEAN> 6
 6.026339e+01 -2.118717e+01 -1.754210e+01 -4.489778e+01 -5.913813e+02 -2.610482e+02
<VARIANCE> 6
 1.509496e+02 8.651785e+04 3.083387e+04 1.544015e+04 1.511271e+05 5.205853e+07
<GCONST> 7.708717e+01
<TRANSP> 7
 0.000000e+00 1.000000e+00 0.000000e+00 0.000000e+00 0.000000e+00 0.000000e+00 0.000000e+00
 0.000000e+00 9.995793e-01 4.207114e-04 0.000000e+00 0.000000e+00 0.000000e+00 0.000000e+00
 0.000000e+00 0.000000e+00 9.997134e-01 2.865951e-04 0.000000e+00 0.000000e+00 0.000000e+00
 0.000000e+00 0.000000e+00 0.000000e+00 9.999210e-01 7.900135e-05 0.000000e+00 0.000000e+00
 0.000000e+00 0.000000e+00 0.000000e+00 0.000000e+00 9.995301e-01 4.699342e-04 0.000000e+00
 0.000000e+00 0.000000e+00 0.000000e+00 0.000000e+00 0.000000e+00 9.998418e-01 1.581824e-04
 0.000000e+00 0.000000e+00 0.000000e+00 0.000000e+00 0.000000e+00 0.000000e+00 0.000000e+00
<ENDHMM>
~h "QuintoPRIMARIA"
<BEGINHMM>
<NUMSTATES> 7
<STATE> 2
<NUMMIXES> 11
<MIXTURE> 1 9.225743e-02
<MEAN> 6
 -4.502140e+01 -1.720693e+01 1.220522e+02 -7.771219e+01 1.366796e+03 1.330698e+03
<VARIANCE> 6
 3.991790e+02 2.085442e+05 2.899556e+05 4.028198e+04 7.425745e+05 5.901091e+08
<GCONST> 8.615942e+01
<MIXTURE> 2 3.762621e-02
<MEAN> 6
 6.116090e+01 -8.097328e+01 -1.622565e+02 4.667130e-01 -1.035630e+03 2.840616e+03
<VARIANCE> 6
 1.357882e+03 9.038262e+05 1.679006e+06 5.700021e+04 1.679814e+06 1.101113e+09
<GCONST> 9.239364e+01
<MIXTURE> 3 7.320713e-02
<MEAN> 6
 6.635037e+01 2.658755e+01 1.034076e+02 -7.836725e-01 -2.754356e+01 -2.236870e+02
<VARIANCE> 6
 9.261269e+01 2.985074e+04 1.174300e+05 3.003832e+02 4.056576e+04 5.205853e+07
<GCONST> 7.161687e+01
<MIXTURE> 4 1.198323e-01
<MEAN> 6
 6.402693e+01 3.738237e+01 4.622886e+00 2.903711e+01 -4.146881e+02 -3.483483e+02
<VARIANCE> 6
 4.168158e+02 4.141411e+04 3.091659e+04 2.059394e+04 1.366000e+05 5.205853e+07
<GCONST> 7.755577e+01
<MIXTURE> 5 1.063537e-01
<MEAN> 6
 -3.714967e+01 -4.330028e+00 4.377805e+01 9.772789e+01 7.973013e+02 -1.464170e+03
<VARIANCE> 6
 3.515717e+02 8.090168e+04 6.502946e+04 1.732953e+04 1.479728e+05 5.405529e+07
<GCONST> 7.874373e+01
<MIXTURE> 6 1.012690e-01
<MEAN> 6
 1.724964e+01 1.330554e+01 6.703898e+01 1.643811e+02 -1.153030e+02 -4.234770e+03
<VARIANCE> 6
 4.658265e+02 1.099471e+05 2.282050e+05 3.129567e+04 2.060793e+05 8.389522e+07
<GCONST> 8.194916e+01
<MIXTURE> 7 8.934565e-02
<MEAN> 6
 7.971060e+01 -1.114869e+02 -1.494365e+02 -5.718726e+00 -3.656813e+01 -3.572946e+02
<VARIANCE> 6
 1.777725e+02 2.690731e+05 8.677197e+04 3.003832e+02 4.056576e+04 5.205853e+07
<GCONST> 7.416516e+01
<MIXTURE> 8 8.888011e-02
<MEAN> 6
 8.543094e+00 7.302805e+00 -1.538155e+01 -2.492578e+02 -1.069070e+02 6.030073e+03
<VARIANCE> 6
 6.064833e+02 3.393321e+04 8.042416e+04 6.580727e+03 3.966904e+05 2.082447e+08
<GCONST> 7.999919e+01
<MIXTURE> 9 1.243153e-01
<MEAN> 6
 7.342130e+01 6.343211e+01 -6.770110e+01 -1.307714e+01 -9.604031e+02 -7.165837e+02
<VARIANCE> 6
 3.551691e+02 1.806024e+05 1.059667e+05 2.694933e+04 4.178142e+05 1.687332e+08
<GCONST> 8.266312e+01
<MIXTURE> 10 9.190273e-02
<MEAN> 6
 -5.097697e+01 -1.090780e+01 -2.314459e+00 1.885201e+01 2.755132e+02 7.662714e+01
<VARIANCE> 6
 2.408265e+02 4.568382e+04 8.362912e+04 1.070657e+03 8.140969e+04 5.205853e+07
<GCONST> 7.462614e+01
<MIXTURE> 11 7.439753e-02
<MEAN> 6
 6.108015e+01 -7.567466e+01 -5.853482e+01 -3.991987e-01 -1.906661e+01 -1.816822e+02
<VARIANCE> 6
 3.934373e+01 2.472571e+04 1.460560e+05 3.003832e+02 4.056576e+04 5.205853e+07
<GCONST> 7.079056e+01
<STATE> 3
<NUMMIXES> 11
<MIXTURE> 1 9.765065e-02
<MEAN> 6
 8.784552e+01 -1.239507e+01 6.775334e+01 -4.338104e+00 9.168878e-01 6.546384e+01
<VARIANCE> 6
 3.171015e+01 1.642034e+04 1.155935e+04 3.003832e+02 4.056576e+04 5.205853e+07
<GCONST> 6.762904e+01
<MIXTURE> 2 7.989217e-02
<MEAN> 6
 7.900959e+01 1.422361e+02 1.172205e+02 -5.035716e+00 1.136052e+01 1.057223e+02
<VARIANCE> 6
 1.626274e+02 1.462048e+04 1.155935e+04 3.003832e+02 4.056576e+04 5.205853e+07
<GCONST> 6.914777e+01
<MIXTURE> 3 6.863485e-02
<MEAN> 6
 9.334369e+01 2.241678e+02 -2.485567e+02 -6.794683e+00 -1.297019e+00 3.334320e+02
<VARIANCE> 6
 5.656894e+01 1.892529e+05 3.434746e+04 3.003832e+02 4.056576e+04 5.205853e+07
<GCONST> 7.174146e+01
<MIXTURE> 4 6.575941e-02
<MEAN> 6
 6.435757e+01 7.744612e+01 -3.414909e+02 -1.671883e+00 -4.410968e-01 2.599598e+01
<VARIANCE> 6
 3.171015e+01 1.281363e+04 4.366468e+04 3.003832e+02 4.056576e+04 5.205853e+07
<GCONST> 6.871008e+01
<MIXTURE> 5 1.048962e-01
<MEAN> 6
 8.809648e+01 5.930587e+01 -1.977636e+02 -6.259098e-01 -5.670364e+00 -3.406820e+01
<VARIANCE> 6
 3.568242e+01 1.281363e+04 1.155935e+04 3.003832e+02 4.056576e+04 5.205853e+07
<GCONST> 6.749905e+01
<MIXTURE> 6 9.849669e-02
<MEAN> 6
 6.147294e+01 4.246771e+00 -1.677864e+02 -1.217465e+00 2.230482e-01 -5.550433e+01
<VARIANCE> 6
 3.171015e+01 1.281363e+04 1.354363e+05 3.003832e+02 4.056576e+04 5.205853e+07
<GCONST> 6.984204e+01
<MIXTURE> 7 1.204539e-01
<MEAN> 6
 8.191369e+01 -1.866274e+02 -3.987303e+02 -1.891715e+00 -2.168897e+00 3.040551e+01
<VARIANCE> 6
 3.171015e+01 2.712018e+04 2.209590e+04 3.003832e+02 4.056576e+04 5.205853e+07
<GCONST> 6.877870e+01
<MIXTURE> 8 1.044357e-01
<MEAN> 6
 8.699481e+01 -1.651289e+02 3.330809e+01 -3.735748e+00 3.225951e+00 -3.834570e+00
<VARIANCE> 6
 3.171015e+01 1.898022e+04 1.155935e+04 3.003832e+02 4.056576e+04 5.205853e+07
<GCONST> 6.777392e+01
<MIXTURE> 9 1.053525e-01
<MEAN> 6
 7.103028e+01 1.268285e+02 1.282076e+02 -3.014708e+00 4.611588e+00 -9.427480e+00
<VARIANCE> 6
 8.130922e+01 1.281363e+04 1.155935e+04 3.003832e+02 4.056576e+04 5.205853e+07
<GCONST> 6.832265e+01
<MIXTURE> 10 8.636909e-02
<MEAN> 6
 8.685847e+01 2.285577e+02 -2.237586e+02 -3.800184e+00 9.292530e-01 -3.303302e+01
<VARIANCE> 6
 3.171015e+01 6.514920e+05 1.155935e+04 3.003832e+02 4.056576e+04 5.205853e+07
<GCONST> 7.130978e+01
<MIXTURE> 11 6.796411e-02
<MEAN> 6
 6.403802e+01 4.058410e+01 -4.198078e+02 -1.630737e+00 -1.123780e+00 1.587725e+01
<VARIANCE> 6
 3.171015e+01 1.281363e+04 4.558227e+04 3.003832e+02 4.056576e+04 5.205853e+07
<GCONST> 6.875306e+01
<STATE> 4
<NUMMIXES> 11
<MIXTURE> 1 4.835181e-02
<MEAN> 6
 5.710182e+01 -8.652600e+03 -1.989627e+03 -4.555805e-01 -5.634421e+00 -9.039998e+01
<VARIANCE> 6
 3.171015e+01 2.182839e+07 3.239785e+04 3.003832e+02 4.056576e+04 5.205853e+07
<GCONST> 7.585209e+01
<MIXTURE> 2 8.351977e-02
<MEAN> 6
 6.751705e+01 1.624833e+03 1.211346e+03 5.214504e-01 -4.348896e+00 -1.363935e+02
<VARIANCE> 6
 5.299713e+01 1.773498e+05 1.608242e+04 3.003832e+02 4.056576e+04 5.205853e+07
<GCONST> 7.085248e+01
<MIXTURE> 3 9.276612e-02
<MEAN> 6
 5.170369e+01 -1.046308e+03 2.713170e+02 -1.626646e-01 -2.485402e+00 -1.267779e+02
<VARIANCE> 6
 3.171015e+01 1.947593e+04 2.322716e+05 3.003832e+02 4.056576e+04 5.205853e+07
<GCONST> 7.080012e+01
<MIXTURE> 4 9.391889e-02
<MEAN> 6
 7.081339e+01 6.377358e+02 3.066345e+03 -7.433011e-01 -3.179230e+00 -1.238371e+02
<VARIANCE> 6
 3.171015e+01 1.281363e+04 2.201490e+06 3.003832e+02 4.056576e+04 5.205853e+07
<GCONST> 7.263043e+01
<MIXTURE> 5 1.187949e-01
<MEAN> 6
 7.242454e+01 1.325775e+03 -4.781395e+02 -7.309183e-01 -6.071737e+00 -1.902579e+02
<VARIANCE> 6
 3.326145e+01 2.720830e+05 9.116969e+04 3.003832e+02 4.056576e+04 5.205853e+07
<GCONST> 7.254962e+01
<MIXTURE> 6 5.640585e-02
<MEAN> 6
 5.728703e+01 -2.155298e+02 -1.377478e+03 3.027305e+00 -4.501088e+00 -1.757358e+02
<VARIANCE> 6
 3.171015e+01 1.036813e+05 5.877213e+04 3.003832e+02 4.056576e+04 5.205853e+07
<GCONST> 7.109802e+01
<MIXTURE> 7 1.384480e-01
<MEAN> 6
 5.210710e+01 4.413590e+02 -1.157262e+03 2.521627e+00 -8.184596e+00 -8.415430e+01
<VARIANCE> 6
 3.171015e+01 1.570791e+04 9.398880e+06 3.003832e+02 4.056576e+04 5.205853e+07
<GCONST> 7.428554e+01
<MIXTURE> 8 8.265869e-02
<MEAN> 6
 6.539545e+01 1.146985e+03 -1.123417e+03 8.983759e-01 4.084563e-02 -6.066623e+01
<VARIANCE> 6
 3.790376e+01 2.319644e+04 2.716633e+05 3.003832e+02 4.056576e+04 5.205853e+07
<GCONST> 7.131001e+01
<MIXTURE> 9 1.263829e-01
<MEAN> 6
 6.225858e+01 4.132476e+02 -3.075169e+03 3.523425e-01 -6.706469e+00 -8.498963e+01
<VARIANCE> 6
 3.171015e+01 9.540502e+04 6.154857e+04 3.003832e+02 4.056576e+04 5.205853e+07
<GCONST> 7.106099e+01
<MIXTURE> 10 7.949968e-02
<MEAN> 6
 6.947858e+01 9.730776e+02 -5.291086e+02 -7.216154e-01 -3.595209e+00 -1.060502e+02
<VARIANCE> 6
 3.171015e+01 1.367572e+05 8.206595e+04 3.003832e+02 4.056576e+04 5.205853e+07
<GCONST> 7.170876e+01
<MIXTURE> 11 7.923383e-02
<MEAN> 6
 6.903931e+01 7.659086e+02 -7.344050e+02 -8.776930e-01 -7.943955e+00 -1.183081e+02
<VARIANCE> 6
 5.596447e+01 1.173807e+05 6.385926e+04 3.003832e+02 4.056576e+04 5.205853e+07
<GCONST> 7.187321e+01
<STATE> 5
<NUMMIXES> 11
<MIXTURE> 1 5.397464e-02
<MEAN> 6
 8.962066e+01 2.144495e+02 3.732417e+03 -7.706328e-02 -5.803661e+00 -1.566409e+02
<VARIANCE> 6
 3.171015e+01 1.281363e+04 1.155935e+04 3.003832e+02 4.056576e+04 5.205853e+07
<GCONST> 6.738103e+01
<MIXTURE> 2 1.063490e-01
<MEAN> 6
 7.422381e+01 -2.822536e+01 5.151172e+02 -2.413231e+00 -3.427685e+00 8.124648e+01
<VARIANCE> 6
 3.171015e+01 1.281363e+04 2.036730e+04 3.003832e+02 4.056576e+04 5.205853e+07
<GCONST> 6.794747e+01
<MIXTURE> 3 1.035161e-01
<MEAN> 6
 8.114858e+01 -5.414092e+02 1.970300e+03 -3.259820e-01 -5.830486e+00 -9.560667e+01
<VARIANCE> 6
 3.171015e+01 3.497499e+04 3.391021e+05 3.003832e+02 4.056576e+04 5.205853e+07
<GCONST> 7.176396e+01
<MIXTURE> 4 7.518693e-02
<MEAN> 6
 6.947968e+01 -6.532734e+02 -1.545744e+03 -5.001095e-01 -5.588225e+00 -2.723124e+01
<VARIANCE> 6
 3.171015e+01 2.365930e+04 3.843738e+04 3.003832e+02 4.056576e+04 5.205853e+07
<GCONST> 6.919582e+01
<MIXTURE> 5 1.146598e-01
<MEAN> 6
 7.405148e+01 -4.266490e+02 9.328854e+02 -4.664864e-01 -7.643751e+00 -7.584329e+01
<VARIANCE> 6
 3.171015e+01 1.281363e+04 1.929103e+04 3.003832e+02 4.056576e+04 5.205853e+07
<GCONST> 6.789318e+01
<MIXTURE> 6 8.573813e-02
<MEAN> 6
 7.897348e+01 -3.403380e+02 2.343223e+02 -2.404230e+00 -4.773683e+00 -4.484291e-01
<VARIANCE> 6
 3.171015e+01 1.501800e+04 2.452064e+04 3.003832e+02 4.056576e+04 5.205853e+07
<GCONST> 6.829179e+01
<MIXTURE> 7 8.596525e-02
<MEAN> 6
 6.580574e+01 -4.214359e+02 1.049361e+01 -1.137303e+00 -6.020731e+00 -5.253180e+01
<VARIANCE> 6
 3.171015e+01 1.281363e+04 1.155935e+04 3.003832e+02 4.056576e+04 5.205853e+07
<GCONST> 6.738103e+01
<MIXTURE> 8 1.177254e-01
<MEAN> 6
 7.158723e+01 -1.010354e+03 -6.387220e+02 -6.389107e-02 -8.768926e+00 -1.371234e+02
<VARIANCE> 6
 3.171015e+01 3.087452e+05 7.549815e+04 3.003832e+02 4.056576e+04 5.205853e+07
<GCONST> 7.243965e+01
<MIXTURE> 9 8.346909e-02
<MEAN> 6
 7.559698e+01 -5.039753e+02 1.356999e+02 -2.493542e+00 7.404059e-01 -1.288435e+01
<VARIANCE> 6
 3.171015e+01 6.049445e+04 1.155935e+04 3.003832e+02 4.056576e+04 5.205853e+07
<GCONST> 6.893307e+01
<MIXTURE> 10 8.959594e-02
<MEAN> 6
 7.560491e+01 -7.106076e+02 9.973822e+00 -1.084943e+00 2.573148e-01 -8.255572e+01
<VARIANCE> 6
 3.171015e+01 2.300187e+04 2.367056e+04 3.003832e+02 4.056576e+04 5.205853e+07
<GCONST> 6.868284e+01
<MIXTURE> 11 8.379163e-02
<MEAN> 6
 7.697510e+01 -4.172369e+02 1.493513e+02 -3.100633e+00 8.520216e-01 -4.863453e+01
<VARIANCE> 6
 3.171015e+01 2.326253e+04 1.341858e+04 3.003832e+02 4.056576e+04 5.205853e+07
<GCONST> 6.812651e+01
<STATE> 6
<NUMMIXES> 11
<MIXTURE> 1 1.261031e-01
<MEAN> 6
 8.133624e+01 2.000382e+02 8.529797e+02 -2.142776e+00 -2.313363e+01 -5.648635e+01
<VARIANCE> 6
 2.731981e+02 1.680566e+06 2.601197e+06 3.003832e+02 4.056576e+04 5.205853e+07
<GCONST> 7.982720e+01
<MIXTURE> 2 1.653060e-02
<MEAN> 6
 -6.365200e+00 1.613508e+02 1.136131e+02 -1.673947e+01 2.599870e+01 2.507894e+03
<VARIANCE> 6
 1.151518e+04 2.001160e+05 4.098951e+05 1.887841e+06 1.030531e+09 1.515695e+12
<GCONST> 1.087602e+02
<MIXTURE> 3 9.369911e-02
<MEAN> 6
 9.751403e+00 2.881104e+01 -9.432125e+02 -1.256587e+02 -8.209850e+01 5.325503e+03
<VARIANCE> 6
 4.095341e+03 1.023580e+06 7.018338e+06 4.871589e+04 2.982227e+06 1.595173e+09
<GCONST> 9.583991e+01
<MIXTURE> 4 8.989944e-02
<MEAN> 6
 -3.486375e+01 -1.785666e+02 1.319293e+02 1.565610e+02 5.937685e+02 -2.434924e+03
<VARIANCE> 6
 3.708302e+02 1.224736e+06 8.580054e+05 1.318250e+04 1.261900e+05 5.205853e+07
<GCONST> 8.362367e+01
<MIXTURE> 5 6.910552e-02
<MEAN> 6
 5.292168e+01 5.018334e+02 3.134859e+02 4.000701e+01 -4.381110e+02 2.653816e+02
<VARIANCE> 6
 7.700218e+02 2.276071e+06 2.092085e+06 2.944180e+04 1.732401e+05 5.205853e+07
<GCONST> 8.698579e+01
<MIXTURE> 6 1.394022e-01
<MEAN> 6
 8.515037e+01 1.494086e+02 -1.729384e+02 -4.564261e+00 -2.049608e+01 -2.433211e+02
<VARIANCE> 6
 1.504216e+02 3.237899e+05 5.000608e+05 3.003832e+02 4.056576e+04 5.205853e+07
<GCONST> 7.593466e+01
<MIXTURE> 7 1.065396e-01
<MEAN> 6
 8.092569e+01 8.473341e+01 5.783328e+01 -8.861407e+00 -6.555282e+02 -8.936959e+02
<VARIANCE> 6
 2.262611e+02 5.361520e+05 2.967843e+05 1.798912e+04 5.342326e+05 2.192712e+08
<GCONST> 8.443382e+01
<MIXTURE> 8 9.407227e-02
<MEAN> 6
 -6.509715e+01 1.736964e+01 1.331209e+01 8.006468e+00 2.002230e+02 4.054322e+02
<VARIANCE> 6
 1.546206e+02 3.325850e+05 1.172106e+06 8.074957e+02 8.400122e+04 5.205853e+07
<GCONST> 7.855760e+01
<MIXTURE> 9 1.023818e-01
<MEAN> 6
 2.020629e+01 -2.544715e+02 1.770405e+02 8.829548e+00 -1.650697e+02 -1.161350e+03
<VARIANCE> 6
 6.767186e+02 3.844767e+05 3.762402e+05 5.894655e+04 1.717468e+05 1.016630e+08
<GCONST> 8.471748e+01
<MIXTURE> 10 8.801476e-02
<MEAN> 6
 -5.298568e+01 -2.398238e+02 -3.059616e+01 -4.005486e+01 1.145955e+03 -4.610133e+02
<VARIANCE> 6
 2.404965e+02 7.930634e+05 7.590771e+05 2.590643e+04 4.767324e+05 2.773359e+08
<GCONST> 8.631118e+01
<MIXTURE> 11 7.351055e-02
<MEAN> 6
 4.908316e+01 -7.494843e+01 -2.680811e+02 -8.068385e+00 -5.734911e+02 -7.912804e+02
<VARIANCE> 6
 8.229630e+02 1.080275e+06 2.244304e+06 3.996540e+04 2.075664e+05 5.205853e+07
<GCONST> 8.686366e+01
<TRANSP> 7
 0.000000e+00 1.000000e+00 0.000000e+00 0.000000e+00 0.000000e+00 0.000000e+00 0.000000e+00
 0.000000e+00 9.999133e-01 8.668039e-05 0.000000e+00 0.000000e+00 0.000000e+00 0.000000e+00
 0.000000e+00 0.000000e+00 9.992733e-01 7.266595e-04 0.000000e+00 0.000000e+00 0.000000e+00
 0.000000e+00 0.000000e+00 0.000000e+00 9.991754e-01 8.245608e-04 0.000000e+00 0.000000e+00
 0.000000e+00 0.000000e+00 0.000000e+00 0.000000e+00 9.991323e-01 8.677054e-04 0.000000e+00
 0.000000e+00 0.000000e+00 0.000000e+00 0.000000e+00 0.000000e+00 9.999198e-01 8.015440e-05
 0.000000e+00 0.000000e+00 0.000000e+00 0.000000e+00 0.000000e+00 0.000000e+00 0.000000e+00
<ENDHMM>
