~o
<STREAMINFO> 1 6
<VECSIZE> 6<NULLD><USER><DIAGC>
~h "SegundoPRIMARIA"
<BEGINHMM>
<NUMSTATES> 4
<STATE> 2
<NUMMIXES> 2
<MIXTURE> 1 7.482588e-01
<MEAN> 6
 3.962004e+01 4.068230e+01 -1.226932e+00 1.975343e+01 4.063971e+00 -4.409424e+02
<VARIANCE> 6
 3.345482e+03 2.221715e+05 6.172276e+05 1.619027e+04 2.393136e+05 5.125877e+07
<GCONST> 8.461692e+01
<MIXTURE> 2 2.549201e-01
<MEAN> 6
 3.132632e+01 -7.357667e+01 1.001995e+01 -5.687354e+01 -1.053458e+01 1.285424e+03
<VARIANCE> 6
 3.868734e+03 3.340351e+06 4.438452e+05 4.863249e+04 2.159919e+06 7.185021e+08
<GCONST> 9.308307e+01
<STATE> 3
<NUMMIXES> 2
<MIXTURE> 1 5.047993e-02
<MEAN> 6
 2.202464e+01 -3.996174e+01 1.494441e+01 -1.566290e+01 -7.325723e+02 9.218694e+03
<VARIANCE> 6
 8.975400e+03 2.288732e+06 1.452335e+06 9.919886e+05 5.221168e+08 7.519974e+11
<GCONST> 1.101886e+02
<MIXTURE> 2 9.496160e-01
<MEAN> 6
 3.926839e+01 -9.545082e+01 -1.440628e+01 2.652565e+00 3.606170e+01 -5.056269e+02
<VARIANCE> 6
 4.952992e+03 7.095268e+05 2.515614e+05 5.553259e+04 2.076478e+06 7.499271e+08
<GCONST> 9.134920e+01
<TRANSP> 4
 0.000000e+00 1.000000e+00 0.000000e+00 0.000000e+00
 0.000000e+00 9.999583e-01 4.169005e-05 0.000000e+00
 0.000000e+00 0.000000e+00 9.996636e-01 3.364090e-04
 0.000000e+00 0.000000e+00 0.000000e+00 0.000000e+00
<ENDHMM>
~h "SegundoESO"
<BEGINHMM>
<NUMSTATES> 4
<STATE> 2
<NUMMIXES> 2
<MIXTURE> 1 4.447927e-01
<MEAN> 6
 4.801751e+01 -2.448230e+02 8.445522e+01 1.179292e+01 -2.776645e+01 -1.953984e+02
<VARIANCE> 6
 2.336035e+03 1.243145e+07 2.112796e+06 8.822462e+03 8.987191e+04 5.125877e+07
<GCONST> 8.792633e+01
<MIXTURE> 2 5.551916e-01
<MEAN> 6
 3.025139e+01 1.198566e+02 -2.851616e+02 -1.120000e+01 1.438266e+01 1.582932e+02
<VARIANCE> 6
 3.229067e+03 1.058937e+06 9.193959e+06 2.477523e+04 5.874342e+05 1.054752e+08
<GCONST> 9.088914e+01
<STATE> 3
<NUMMIXES> 2
<MIXTURE> 1 5.978860e-01
<MEAN> 6
 4.021503e+01 7.689541e+01 2.156709e+01 1.449018e+01 -6.101952e+01 -1.550802e+02
<VARIANCE> 6
 2.016130e+03 3.912958e+05 4.507070e+05 1.259028e+04 1.294503e+05 5.125877e+07
<GCONST> 8.349612e+01
<MIXTURE> 2 4.021192e-01
<MEAN> 6
 1.264050e+01 -8.046291e+01 6.488260e+01 -1.987027e+01 9.435329e+01 2.314535e+02
<VARIANCE> 6
 2.690108e+03 1.020314e+06 2.106146e+05 3.013107e+04 8.548914e+05 1.879965e+08
<GCONST> 8.804198e+01
<TRANSP> 4
 0.000000e+00 1.000000e+00 0.000000e+00 0.000000e+00
 0.000000e+00 9.998493e-01 1.506516e-04 0.000000e+00
 0.000000e+00 0.000000e+00 9.999514e-01 4.865014e-05
 0.000000e+00 0.000000e+00 0.000000e+00 0.000000e+00
<ENDHMM>
~h "QuintoPRIMARIA"
<BEGINHMM>
<NUMSTATES> 4
<STATE> 2
<NUMMIXES> 2
<MIXTURE> 1 6.724210e-01
<MEAN> 6
 4.320308e+01 6.963854e+00 5.377882e+00 1.505481e+01 -4.796354e+01 -3.110403e+02
<VARIANCE> 6
 2.628141e+03 3.391748e+05 4.928368e+05 1.164612e+04 1.524262e+05 5.125877e+07
<GCONST> 8.379306e+01
<MIXTURE> 2 3.293608e-01
<MEAN> 6
 1.315469e+01 -1.296909e+01 -1.201821e+02 -2.993125e+01 9.791233e+01 6.318481e+02
<VARIANCE> 6
 3.295232e+03 9.419496e+05 4.600248e+06 4.505508e+04 1.511061e+06 4.182745e+08
<GCONST> 9.302043e+01
<STATE> 3
<NUMMIXES> 2
<MIXTURE> 1 8.919241e-01
<MEAN> 6
 4.690758e+01 -2.579417e+01 4.882303e+02 5.927524e+00 -6.375893e+00 -5.313223e+02
<VARIANCE> 6
 4.837449e+03 4.169754e+06 1.861741e+06 2.372396e+04 9.634446e+05 4.965365e+08
<GCONST> 9.306747e+01
<MIXTURE> 2 1.081536e-01
<MEAN> 6
 -7.478580e+00 1.854610e+02 1.365274e+02 -4.371852e+01 2.797701e+01 4.490808e+03
<VARIANCE> 6
 1.085646e+04 1.407867e+05 3.630538e+05 1.696829e+06 9.285114e+08 1.371245e+12
<GCONST> 1.079172e+02
<TRANSP> 4
 0.000000e+00 1.000000e+00 0.000000e+00 0.000000e+00
 0.000000e+00 9.999614e-01 3.861146e-05 0.000000e+00
 0.000000e+00 0.000000e+00 9.995201e-01 4.799471e-04
 0.000000e+00 0.000000e+00 0.000000e+00 0.000000e+00
<ENDHMM>
