~o
<STREAMINFO> 1 6
<VECSIZE> 6<NULLD><USER><DIAGC>
~h "SegundoPRIMARIA"
<BEGINHMM>
<NUMSTATES> 9
<STATE> 2
<NUMMIXES> 10
<MIXTURE> 1 6.620399e-02
<MEAN> 6
 8.355939e+01 1.177394e+02 2.858207e+02 2.196781e+00 -4.129832e+01 -3.156786e+02
<VARIANCE> 6
 4.749093e+02 7.169962e+05 2.791676e+06 2.998198e+02 4.022584e+04 5.158639e+07
<GCONST> 7.957958e+01
<MIXTURE> 2 9.669320e-02
<MEAN> 6
 -3.310674e+01 1.039891e+02 -3.997156e+01 -1.196137e+02 1.178422e+03 2.861993e+03
<VARIANCE> 6
 8.684120e+02 2.156005e+05 2.073133e+06 6.725535e+04 1.181958e+06 8.600289e+08
<GCONST> 9.029110e+01
<MIXTURE> 3 7.182348e-02
<MEAN> 6
 3.065704e+01 1.193923e+02 2.451844e+02 7.824134e+01 -8.946713e+01 -1.291741e+03
<VARIANCE> 6
 9.719855e+02 8.456770e+04 4.952850e+05 4.484834e+04 1.234272e+05 5.158639e+07
<GCONST> 8.255801e+01
<MIXTURE> 4 1.440582e-01
<MEAN> 6
 -4.370095e+01 -1.784097e+00 -5.710191e+01 5.186558e+01 7.274785e+02 -7.807621e+02
<VARIANCE> 6
 5.880665e+02 1.165661e+05 3.985057e+05 2.596882e+04 1.757634e+05 6.978053e+07
<GCONST> 8.226821e+01
<MIXTURE> 5 9.093623e-02
<MEAN> 6
 7.288933e+01 -6.701897e+01 -6.172782e+00 -4.072828e+01 -1.104727e+03 2.246162e+03
<VARIANCE> 6
 1.174267e+03 5.273368e+05 1.950971e+06 5.936055e+04 1.299894e+06 6.733785e+08
<GCONST> 9.115209e+01
<MIXTURE> 6 1.392169e-01
<MEAN> 6
 7.074409e+01 9.963087e+01 -6.922020e+02 8.605207e-01 -1.792063e+01 -9.767252e+01
<VARIANCE> 6
 6.872690e+01 8.754808e+04 1.082046e+06 2.998198e+02 4.022584e+04 5.158639e+07
<GCONST> 7.459592e+01
<MIXTURE> 7 1.423381e-01
<MEAN> 6
 7.857414e+01 2.439310e+00 1.793966e+02 -3.864376e+01 -7.307979e+02 -8.464764e+02
<VARIANCE> 6
 7.331629e+02 9.500976e+04 5.039789e+05 2.824620e+04 3.355148e+05 9.731930e+07
<GCONST> 8.358230e+01
<MIXTURE> 8 1.044126e-01
<MEAN> 6
 -6.439910e+01 -1.027215e+00 -2.321880e+02 -5.645022e-01 2.131652e+02 1.902753e+02
<VARIANCE> 6
 3.483392e+02 1.498758e+05 1.414999e+06 1.361406e+03 6.433907e+04 5.158639e+07
<GCONST> 7.900761e+01
<MIXTURE> 9 6.887081e-02
<MEAN> 6
 4.278603e+01 -8.014295e+01 -2.390759e+02 1.215093e+02 -3.091691e+02 -2.002328e+03
<VARIANCE> 6
 9.299812e+02 2.296745e+05 1.841666e+06 3.328416e+04 1.582702e+05 5.158639e+07
<GCONST> 8.477669e+01
<MIXTURE> 10 7.525163e-02
<MEAN> 6
 8.650652e+01 -2.136131e+02 7.382218e+02 -3.371387e+00 -3.886974e+01 -1.777696e+02
<VARIANCE> 6
 4.893918e+02 1.924863e+05 3.592246e+06 2.998198e+02 4.022584e+04 5.158639e+07
<GCONST> 7.854671e+01
<STATE> 3
<NUMMIXES> 10
<MIXTURE> 1 1.066256e-01
<MEAN> 6
 8.790092e+01 1.554362e+02 4.855239e+02 -1.554590e+00 6.327086e-01 -1.798874e+01
<VARIANCE> 6
 3.185104e+01 8.022571e+04 1.387160e+04 2.998198e+02 4.022584e+04 5.158639e+07
<GCONST> 6.938274e+01
<MIXTURE> 2 7.195295e-02
<MEAN> 6
 9.254325e+01 -6.647963e+02 1.380628e+02 -1.683440e-02 -1.337536e+01 2.426103e+02
<VARIANCE> 6
 3.185104e+01 1.160836e+05 4.352869e+04 2.998198e+02 4.022584e+04 5.158639e+07
<GCONST> 7.089579e+01
<MIXTURE> 3 1.018814e-01
<MEAN> 6
 9.407977e+01 -4.120588e+02 -5.438727e+02 -3.348011e-01 -2.342043e+00 -6.931287e+01
<VARIANCE> 6
 3.185104e+01 2.305369e+04 1.387160e+04 2.998198e+02 4.022584e+04 5.158639e+07
<GCONST> 6.813573e+01
<MIXTURE> 4 1.111752e-01
<MEAN> 6
 9.288070e+01 1.191276e+02 1.431667e+02 -1.889381e+00 -7.248079e+00 -2.734905e+01
<VARIANCE> 6
 3.185104e+01 1.291109e+04 1.387160e+04 2.998198e+02 4.022584e+04 5.158639e+07
<GCONST> 6.755598e+01
<MIXTURE> 5 9.340408e-02
<MEAN> 6
 9.201759e+01 -3.800862e+01 -6.540020e+01 -8.626511e-01 4.491446e+00 -7.256748e+01
<VARIANCE> 6
 4.329797e+01 3.059287e+04 1.387160e+04 2.998198e+02 4.022584e+04 5.158639e+07
<GCONST> 6.872570e+01
<MIXTURE> 6 7.560707e-02
<MEAN> 6
 8.849683e+01 -1.466204e+02 -7.263174e+02 -3.447581e+00 4.994452e+00 -6.373273e+01
<VARIANCE> 6
 3.185104e+01 1.981670e+04 2.883448e+04 2.998198e+02 4.022584e+04 5.158639e+07
<GCONST> 6.871616e+01
<MIXTURE> 7 9.188534e-02
<MEAN> 6
 8.700006e+01 -5.545702e+01 4.797562e+02 -2.551896e+00 4.534731e+00 -1.178368e+01
<VARIANCE> 6
 3.185104e+01 5.891598e+04 1.387160e+04 2.998198e+02 4.022584e+04 5.158639e+07
<GCONST> 6.907401e+01
<MIXTURE> 8 1.359982e-01
<MEAN> 6
 8.543452e+01 -8.021583e+01 -5.325677e+01 -6.730858e-01 -1.923851e+00 -6.398234e+01
<VARIANCE> 6
 3.185104e+01 7.982570e+04 1.387160e+04 2.998198e+02 4.022584e+04 5.158639e+07
<GCONST> 6.937775e+01
<MIXTURE> 9 1.118078e-01
<MEAN> 6
 9.264897e+01 1.163128e+01 1.008430e+02 -9.233823e-01 1.310423e+00 -8.933189e+01
<VARIANCE> 6
 3.185104e+01 1.865041e+04 1.387160e+04 2.998198e+02 4.022584e+04 5.158639e+07
<GCONST> 6.792377e+01
<MIXTURE> 10 9.962022e-02
<MEAN> 6
 9.345409e+01 -4.993762e+02 -5.453055e+02 6.818003e-01 -2.221194e+00 -1.510814e+02
<VARIANCE> 6
 3.185104e+01 1.622183e+04 1.387160e+04 2.998198e+02 4.022584e+04 5.158639e+07
<GCONST> 6.778426e+01
<STATE> 4
<NUMMIXES> 10
<MIXTURE> 1 7.381259e-02
<MEAN> 6
 7.434398e+01 1.034336e+02 -1.692956e+02 -8.749505e-01 -8.027484e-01 -6.028699e+01
<VARIANCE> 6
 3.185104e+01 1.195217e+04 3.352879e+04 2.998198e+02 4.022584e+04 5.158639e+07
<GCONST> 6.836137e+01
<MIXTURE> 2 1.075166e-01
<MEAN> 6
 6.803495e+01 2.016741e+01 -7.695258e+02 1.452472e+00 -3.565118e+00 -1.466967e+02
<VARIANCE> 6
 3.185104e+01 1.195217e+04 1.082771e+05 2.998198e+02 4.022584e+04 5.158639e+07
<GCONST> 6.953367e+01
<MIXTURE> 3 7.996551e-02
<MEAN> 6
 6.985683e+01 -4.449814e+02 -6.944794e+02 -1.045460e+00 -1.981249e+00 -1.486829e+01
<VARIANCE> 6
 3.185104e+01 7.340758e+04 6.949540e+04 2.998198e+02 4.022584e+04 5.158639e+07
<GCONST> 7.090535e+01
<MIXTURE> 4 1.065005e-01
<MEAN> 6
 7.406213e+01 5.697153e+01 1.627215e+02 -9.960326e-01 -9.945598e-01 -5.340995e+00
<VARIANCE> 6
 3.185104e+01 1.195217e+04 1.387160e+04 2.998198e+02 4.022584e+04 5.158639e+07
<GCONST> 6.747881e+01
<MIXTURE> 5 8.749644e-02
<MEAN> 6
 6.814526e+01 -1.265513e+02 1.518257e+02 1.228620e+00 2.657742e+00 -8.751097e+01
<VARIANCE> 6
 3.185104e+01 1.195217e+04 2.613283e+04 2.998198e+02 4.022584e+04 5.158639e+07
<GCONST> 6.811217e+01
<MIXTURE> 6 1.415638e-01
<MEAN> 6
 7.236880e+01 1.245277e+02 -3.252067e+02 6.469184e-01 -1.851518e+00 -7.941243e+01
<VARIANCE> 6
 3.429493e+01 1.293801e+04 1.387160e+04 2.998198e+02 4.022584e+04 5.158639e+07
<GCONST> 6.763200e+01
<MIXTURE> 7 1.416487e-01
<MEAN> 6
 7.119363e+01 1.819577e+00 -2.391582e+02 4.302541e-01 2.432381e-01 -9.626671e+01
<VARIANCE> 6
 3.381063e+01 1.195217e+04 1.387160e+04 2.998198e+02 4.022584e+04 5.158639e+07
<GCONST> 6.753852e+01
<MIXTURE> 8 9.040428e-02
<MEAN> 6
 7.132310e+01 -1.710600e+01 1.848231e+02 1.395991e-01 -5.283631e-01 -1.091127e+02
<VARIANCE> 6
 3.185104e+01 1.195217e+04 1.387160e+04 2.998198e+02 4.022584e+04 5.158639e+07
<GCONST> 6.747881e+01
<MIXTURE> 9 8.683915e-02
<MEAN> 6
 6.947478e+01 -1.868085e+02 7.350652e+01 9.245753e-01 8.072918e-01 -1.404499e+02
<VARIANCE> 6
 3.185104e+01 1.195217e+04 1.520697e+04 2.998198e+02 4.022584e+04 5.158639e+07
<GCONST> 6.757072e+01
<MIXTURE> 10 8.417179e-02
<MEAN> 6
 6.833109e+01 -4.463167e+02 -8.305657e+02 -4.148363e-01 -4.146164e+00 1.417679e+01
<VARIANCE> 6
 3.185104e+01 4.682550e+04 1.072208e+05 2.998198e+02 4.022584e+04 5.158639e+07
<GCONST> 7.088937e+01
<STATE> 5
<NUMMIXES> 10
<MIXTURE> 1 8.710068e-02
<MEAN> 6
 7.823512e+01 9.650436e+02 8.062205e+02 -1.447819e+00 2.111217e+00 -1.413793e+01
<VARIANCE> 6
 9.580241e+01 4.118135e+04 6.920007e+04 2.998198e+02 4.022584e+04 5.158639e+07
<GCONST> 7.142426e+01
<MIXTURE> 2 9.047801e-02
<MEAN> 6
 6.407740e+01 -5.046417e+02 2.759647e+02 -4.559013e-01 -7.094588e+00 -1.768957e+02
<VARIANCE> 6
 3.185104e+01 1.195217e+04 1.387160e+04 2.998198e+02 4.022584e+04 5.158639e+07
<GCONST> 6.747881e+01
<MIXTURE> 3 7.640496e-02
<MEAN> 6
 6.546462e+01 7.967076e+02 -1.371670e+02 -4.737354e-01 -1.186816e+00 -1.486169e+02
<VARIANCE> 6
 3.185104e+01 4.560164e+04 1.387160e+04 2.998198e+02 4.022584e+04 5.158639e+07
<GCONST> 6.881785e+01
<MIXTURE> 4 9.039132e-02
<MEAN> 6
 7.786896e+01 5.500827e+02 6.019742e+02 -1.306477e+00 -9.429066e-01 -7.512164e+01
<VARIANCE> 6
 3.185104e+01 1.496244e+04 8.092884e+04 2.998198e+02 4.022584e+04 5.158639e+07
<GCONST> 6.946717e+01
<MIXTURE> 5 8.039705e-02
<MEAN> 6
 5.540495e+01 3.491039e+02 -2.258336e+02 4.079879e-01 -4.943072e+00 -1.927333e+02
<VARIANCE> 6
 3.185104e+01 6.326344e+04 1.387160e+04 2.998198e+02 4.022584e+04 5.158639e+07
<GCONST> 6.914521e+01
<MIXTURE> 6 1.033711e-01
<MEAN> 6
 7.435519e+01 -9.236963e+02 4.022829e+01 -1.031277e+00 9.333025e-01 -5.118407e+01
<VARIANCE> 6
 3.185104e+01 3.251058e+04 9.925944e+04 2.998198e+02 4.022584e+04 5.158639e+07
<GCONST> 7.044736e+01
<MIXTURE> 7 1.412536e-01
<MEAN> 6
 9.033350e+01 8.442375e+02 2.328359e+02 -2.490732e+00 -1.792655e+00 -5.190871e+01
<VARIANCE> 6
 4.456668e+01 3.270554e+04 1.387160e+04 2.998198e+02 4.022584e+04 5.158639e+07
<GCONST> 6.882137e+01
<MIXTURE> 8 1.574023e-01
<MEAN> 6
 6.055778e+01 -4.097586e+02 -2.421858e+02 -4.860646e-01 -2.889429e+00 -1.588128e+02
<VARIANCE> 6
 3.185104e+01 1.621510e+04 1.693597e+04 2.998198e+02 4.022584e+04 5.158639e+07
<GCONST> 6.798344e+01
<MIXTURE> 9 9.826332e-02
<MEAN> 6
 7.644044e+01 3.690128e+02 2.723014e+02 -8.116582e-01 -5.423657e+00 -9.586899e+01
<VARIANCE> 6
 3.185104e+01 1.195217e+04 9.413283e+04 2.998198e+02 4.022584e+04 5.158639e+07
<GCONST> 6.939368e+01
<MIXTURE> 10 7.490210e-02
<MEAN> 6
 6.512910e+01 6.827670e+02 -1.329687e+02 -6.381373e-01 -2.460485e+00 -1.558438e+02
<VARIANCE> 6
 3.185104e+01 5.379843e+04 1.387160e+04 2.998198e+02 4.022584e+04 5.158639e+07
<GCONST> 6.898315e+01
<STATE> 6
<NUMMIXES> 10
<MIXTURE> 1 8.854142e-02
<MEAN> 6
 1.287809e+02 3.553664e+02 1.589492e+03 -3.318732e+00 2.210027e+00 1.903271e+01
<VARIANCE> 6
 3.185104e+01 1.689285e+04 4.344640e+04 2.998198e+02 4.022584e+04 5.158639e+07
<GCONST> 6.896648e+01
<MIXTURE> 2 1.388413e-01
<MEAN> 6
 1.104212e+02 5.511372e+01 -3.741886e+02 -2.680219e+00 2.188903e+00 1.595136e+00
<VARIANCE> 6
 3.185104e+01 1.478422e+04 1.387160e+04 2.998198e+02 4.022584e+04 5.158639e+07
<GCONST> 6.769146e+01
<MIXTURE> 3 1.118108e-01
<MEAN> 6
 1.174897e+02 -4.727402e+02 2.421458e+03 -1.220842e+00 2.240400e+00 -2.628167e+02
<VARIANCE> 6
 3.185104e+01 1.195217e+04 3.916687e+04 2.998198e+02 4.022584e+04 5.158639e+07
<GCONST> 6.851680e+01
<MIXTURE> 4 1.039701e-01
<MEAN> 6
 9.617956e+01 -1.563984e+02 1.111717e+03 -2.583092e-01 -5.234765e+00 6.632034e+01
<VARIANCE> 6
 3.185104e+01 2.018404e+04 1.387160e+04 2.998198e+02 4.022584e+04 5.158639e+07
<GCONST> 6.800279e+01
<MIXTURE> 5 1.275465e-01
<MEAN> 6
 1.003948e+02 2.911196e+02 1.149789e+03 -1.447916e+00 -2.166798e+01 1.392960e+02
<VARIANCE> 6
 3.185104e+01 1.315459e+04 1.898318e+04 2.998198e+02 4.022584e+04 5.158639e+07
<GCONST> 6.788838e+01
<MIXTURE> 6 9.200089e-02
<MEAN> 6
 1.231632e+02 -3.937006e+02 3.594356e+02 -1.273934e+01 -5.613713e+01 1.703521e+02
<VARIANCE> 6
 3.198591e+02 2.946368e+05 1.027036e+05 2.998198e+02 6.470839e+04 6.992544e+07
<GCONST> 7.577202e+01
<MIXTURE> 7 1.033435e-01
<MEAN> 6
 1.102779e+02 -6.142927e+02 -3.729597e+02 -4.045293e+00 -2.185315e+00 -5.822752e+01
<VARIANCE> 6
 4.421829e+01 2.622174e+04 1.425524e+04 2.998198e+02 4.022584e+04 5.158639e+07
<GCONST> 6.861984e+01
<MIXTURE> 8 8.132734e-02
<MEAN> 6
 9.995917e+01 -3.461294e+02 7.002786e+02 -4.725626e+00 -1.193502e+01 -3.631042e+02
<VARIANCE> 6
 3.185104e+01 1.195217e+04 3.392620e+04 2.998198e+02 4.022584e+04 5.158639e+07
<GCONST> 6.837316e+01
<MIXTURE> 9 8.126166e-02
<MEAN> 6
 8.518715e+01 -5.176916e+02 2.037179e+03 -4.803692e+00 3.261507e+00 8.087936e+01
<VARIANCE> 6
 3.185104e+01 1.195217e+04 1.387160e+04 2.998198e+02 4.022584e+04 5.158639e+07
<GCONST> 6.747881e+01
<MIXTURE> 10 7.135724e-02
<MEAN> 6
 9.581438e+01 -3.850228e+02 7.408675e+02 -9.101732e+00 1.367210e+01 2.056934e+02
<VARIANCE> 6
 5.367495e+01 1.195217e+04 1.387160e+04 2.998198e+02 4.022584e+04 5.158639e+07
<GCONST> 6.800069e+01
<STATE> 7
<NUMMIXES> 10
<MIXTURE> 1 7.507274e-02
<MEAN> 6
 9.036260e+01 -1.403264e+03 8.270271e+02 -1.533558e-01 3.471474e-02 -1.323500e+02
<VARIANCE> 6
 3.185104e+01 1.204082e+04 1.387160e+04 2.998198e+02 4.022584e+04 5.158639e+07
<GCONST> 6.748621e+01
<MIXTURE> 2 1.060838e-01
<MEAN> 6
 7.523021e+01 -8.923189e+03 1.476043e+03 -2.607896e+00 -7.461952e+00 -7.732369e+01
<VARIANCE> 6
 3.185104e+01 1.977154e+04 1.771337e+05 2.998198e+02 4.022584e+04 5.158639e+07
<GCONST> 7.052921e+01
<MIXTURE> 3 1.266436e-01
<MEAN> 6
 7.695554e+01 2.850905e+03 2.280997e+02 -2.460914e+00 -8.648771e+00 -2.035150e+01
<VARIANCE> 6
 3.185104e+01 1.195217e+04 1.097112e+05 2.998198e+02 4.022584e+04 5.158639e+07
<GCONST> 6.954682e+01
<MIXTURE> 4 1.143386e-01
<MEAN> 6
 6.518565e+01 -9.691034e+02 -5.103569e+02 -2.182011e+00 3.210316e+00 -1.815205e+02
<VARIANCE> 6
 7.600680e+01 2.905287e+04 1.387160e+04 2.998198e+02 4.022584e+04 5.158639e+07
<GCONST> 6.923677e+01
<MIXTURE> 5 5.174636e-02
<MEAN> 6
 8.518807e+01 7.103430e+02 -6.222849e+02 3.940231e+00 1.060066e+01 -2.357306e+02
<VARIANCE> 6
 3.185104e+01 7.452103e+04 1.387160e+04 2.998198e+02 4.022584e+04 5.158639e+07
<GCONST> 6.930898e+01
<MIXTURE> 6 1.141386e-01
<MEAN> 6
 7.936297e+01 1.710449e+03 1.566766e+02 -7.738116e-01 -8.605944e+00 -3.348414e+02
<VARIANCE> 6
 3.185104e+01 1.949094e+05 1.154668e+05 2.998198e+02 4.022584e+04 5.158639e+07
<GCONST> 7.238958e+01
<MIXTURE> 7 7.054553e-02
<MEAN> 6
 1.041620e+02 -3.156206e+03 -8.282043e+01 -1.075685e+01 1.108299e+00 -1.116883e+02
<VARIANCE> 6
 9.643177e+01 4.572383e+05 2.062285e+04 3.059904e+02 4.022584e+04 5.158639e+07
<GCONST> 7.264780e+01
<MIXTURE> 8 1.091225e-01
<MEAN> 6
 6.845198e+01 -1.598977e+03 -7.350668e+02 3.947887e+00 -1.407946e+01 -9.849905e+01
<VARIANCE> 6
 1.146232e+02 6.523160e+04 1.387160e+04 2.998198e+02 4.022584e+04 5.158639e+07
<GCONST> 7.045643e+01
<MIXTURE> 9 1.377304e-01
<MEAN> 6
 7.101579e+01 1.134220e+03 -1.127915e+03 -3.501537e-01 -7.304529e+00 -1.008534e+02
<VARIANCE> 6
 3.185104e+01 1.261997e+05 1.387160e+04 2.998198e+02 4.022584e+04 5.158639e+07
<GCONST> 6.983577e+01
<MIXTURE> 10 9.457641e-02
<MEAN> 6
 9.932164e+01 -3.054959e+03 -1.299860e+02 -2.786655e+00 -7.043870e+00 -2.756142e+02
<VARIANCE> 6
 3.185104e+01 6.269591e+05 1.681753e+04 2.998198e+02 4.022584e+04 5.158639e+07
<GCONST> 7.163136e+01
<STATE> 8
<NUMMIXES> 10
<MIXTURE> 1 1.297927e-02
<MEAN> 6
 2.216472e+01 7.023662e+02 -2.066829e+02 -1.931569e+01 -3.968557e+02 4.172644e+03
<VARIANCE> 6
 7.664015e+03 3.519564e+07 1.189818e+06 6.673801e+05 3.503007e+08 5.061014e+11
<GCONST> 1.113727e+02
<MIXTURE> 2 1.138491e-01
<MEAN> 6
 -4.883801e+00 6.632878e+01 2.821624e+01 7.574038e+01 3.401770e+02 -2.671269e+03
<VARIANCE> 6
 4.544164e+02 1.792765e+05 4.035910e+04 5.265434e+04 1.806700e+05 7.742730e+07
<GCONST> 8.098932e+01
<MIXTURE> 3 1.237483e-01
<MEAN> 6
 6.383465e+01 -5.161389e+00 4.505576e+01 -7.353417e+01 -7.645167e+02 1.937094e+03
<VARIANCE> 6
 1.275193e+03 8.907573e+04 6.543667e+04 6.183534e+04 1.044444e+06 4.831897e+08
<GCONST> 8.555134e+01
<MIXTURE> 4 7.422785e-02
<MEAN> 6
 1.023846e+02 1.338192e+02 5.375210e+01 -6.641888e+00 -2.501782e+01 -3.138538e+02
<VARIANCE> 6
 3.466510e+02 1.355007e+06 2.170805e+05 2.998198e+02 4.022584e+04 5.158639e+07
<GCONST> 7.734714e+01
<MIXTURE> 5 1.028159e-01
<MEAN> 6
 3.861290e+01 7.045341e+01 -9.978487e+00 -5.855941e+01 -1.551671e+02 3.366306e+03
<VARIANCE> 6
 4.972583e+03 1.218357e+06 7.841948e+05 6.478808e+04 4.398859e+06 2.150655e+09
<GCONST> 9.498915e+01
<MIXTURE> 6 1.138950e-01
<MEAN> 6
 5.052515e+01 8.155477e+01 5.568511e+01 1.146722e+02 -2.502016e+02 -8.890330e+02
<VARIANCE> 6
 6.691910e+02 2.419963e+05 1.670628e+05 3.894794e+04 1.542621e+05 5.158639e+07
<GCONST> 8.223129e+01
<MIXTURE> 7 1.277557e-01
<MEAN> 6
 -4.293128e+01 3.634259e+00 7.778028e+00 -1.008672e+01 1.305700e+03 -8.753711e+02
<VARIANCE> 6
 2.901507e+02 1.991035e+05 9.344339e+04 3.889634e+04 5.057588e+05 3.117285e+08
<GCONST> 8.360446e+01
<MIXTURE> 8 1.171076e-01
<MEAN> 6
 8.787870e+01 -3.606668e+01 1.342438e+01 -4.639237e+01 -7.853987e+02 -9.104029e+02
<VARIANCE> 6
 3.129858e+02 2.508363e+05 7.656289e+04 1.929391e+04 2.251651e+05 8.817439e+07
<GCONST> 8.093880e+01
<MIXTURE> 9 1.124996e-01
<MEAN> 6
 -5.529879e+01 7.660896e+01 1.209791e+01 1.606000e+01 3.159579e+02 4.371749e+02
<VARIANCE> 6
 2.371557e+02 2.766569e+05 1.301298e+05 2.068934e+03 1.316833e+05 5.158639e+07
<GCONST> 7.798451e+01
<MIXTURE> 10 1.000190e-01
<MEAN> 6
 9.092969e+01 -1.569351e+02 -1.066220e+02 -4.586497e+00 -2.562073e+01 -2.494697e+02
<VARIANCE> 6
 1.990110e+02 2.874839e+05 1.036555e+05 2.998198e+02 4.022584e+04 5.158639e+07
<GCONST> 7.450259e+01
<TRANSP> 9
 0.000000e+00 1.000000e+00 0.000000e+00 0.000000e+00 0.000000e+00 0.000000e+00 0.000000e+00 0.000000e+00 0.000000e+00
 0.000000e+00 9.998298e-01 1.702492e-04 0.000000e+00 0.000000e+00 0.000000e+00 0.000000e+00 0.000000e+00 0.000000e+00
 0.000000e+00 0.000000e+00 9.985851e-01 1.414895e-03 0.000000e+00 0.000000e+00 0.000000e+00 0.000000e+00 0.000000e+00
 0.000000e+00 0.000000e+00 0.000000e+00 9.991726e-01 8.274231e-04 0.000000e+00 0.000000e+00 0.000000e+00 0.000000e+00
 0.000000e+00 0.000000e+00 0.000000e+00 0.000000e+00 9.989563e-01 1.043728e-03 0.000000e+00 0.000000e+00 0.000000e+00
 0.000000e+00 0.000000e+00 0.000000e+00 0.000000e+00 0.000000e+00 9.968275e-01 3.172559e-03 0.000000e+00 0.000000e+00
 0.000000e+00 0.000000e+00 0.000000e+00 0.000000e+00 0.000000e+00 0.000000e+00 9.981399e-01 1.860084e-03 0.000000e+00
 0.000000e+00 0.000000e+00 0.000000e+00 0.000000e+00 0.000000e+00 0.000000e+00 0.000000e+00 9.999417e-01 5.831696e-05
 0.000000e+00 0.000000e+00 0.000000e+00 0.000000e+00 0.000000e+00 0.000000e+00 0.000000e+00 0.000000e+00 0.000000e+00
<ENDHMM>
~h "SegundoESO"
<BEGINHMM>
<NUMSTATES> 9
<STATE> 2
<NUMMIXES> 10
<MIXTURE> 1 1.153607e-01
<MEAN> 6
 8.917408e+01 -4.119097e+03 6.032705e+03 -1.744816e+00 -1.006756e+01 -6.070666e+01
<VARIANCE> 6
 5.144685e+01 4.658057e+05 2.331709e+07 2.998198e+02 4.022584e+04 5.158639e+07
<GCONST> 7.904825e+01
<MIXTURE> 2 8.759152e-02
<MEAN> 6
 6.065003e+01 2.456104e+03 -9.008038e+02 1.840418e-01 -1.035385e+00 -1.272390e+02
<VARIANCE> 6
 3.185104e+01 4.382356e+05 2.586864e+05 2.998198e+02 4.022584e+04 5.158639e+07
<GCONST> 7.400643e+01
<MIXTURE> 3 1.238757e-01
<MEAN> 6
 5.653529e+01 4.634395e+02 -3.709535e+03 1.244372e+00 -1.169028e-01 -7.611399e+01
<VARIANCE> 6
 3.185104e+01 6.832284e+04 1.365353e+06 2.998198e+02 4.022584e+04 5.158639e+07
<GCONST> 7.381147e+01
<MIXTURE> 4 1.135660e-01
<MEAN> 6
 6.734406e+01 1.374228e+03 2.662794e+01 -7.623833e-01 -2.738004e+00 -1.107257e+02
<VARIANCE> 6
 3.185104e+01 1.264924e+05 1.411864e+04 2.998198e+02 4.022584e+04 5.158639e+07
<GCONST> 6.985574e+01
<MIXTURE> 5 6.066218e-02
<MEAN> 6
 7.234013e+01 8.091167e+03 2.434944e+03 3.462503e+00 -8.337905e+00 -1.513200e+02
<VARIANCE> 6
 6.529261e+01 6.838088e+07 6.310706e+07 2.400717e+03 1.161535e+05 5.158639e+07
<GCONST> 8.841205e+01
<MIXTURE> 6 8.421420e-02
<MEAN> 6
 7.448918e+01 2.817597e+02 -4.595592e+03 -4.432099e-01 -3.471584e+00 -3.777095e+01
<VARIANCE> 6
 3.185104e+01 1.350827e+05 6.212611e+06 2.998198e+02 4.022584e+04 5.158639e+07
<GCONST> 7.600829e+01
<MIXTURE> 7 1.485148e-01
<MEAN> 6
 7.800595e+01 -3.266639e+02 1.964169e+03 8.539291e-01 -4.577370e+00 -1.232202e+02
<VARIANCE> 6
 3.185104e+01 6.728584e+06 3.909356e+06 2.998198e+02 4.022584e+04 5.158639e+07
<GCONST> 7.945331e+01
<MIXTURE> 8 1.084036e-01
<MEAN> 6
 6.806687e+01 1.116311e+03 -1.551295e+03 9.349988e-01 -5.625305e+00 -1.053578e+02
<VARIANCE> 6
 3.185104e+01 1.436231e+05 7.165004e+05 2.998198e+02 4.022584e+04 5.158639e+07
<GCONST> 7.390963e+01
<MIXTURE> 9 1.016311e-01
<MEAN> 6
 7.494592e+01 -2.625303e+02 -6.771791e+03 -2.180422e-01 -3.624460e+00 -7.218529e+01
<VARIANCE> 6
 3.185104e+01 2.034716e+04 6.072513e+06 2.998198e+02 4.022584e+04 5.158639e+07
<GCONST> 7.409253e+01
<MIXTURE> 10 5.615143e-02
<MEAN> 6
 6.440668e+01 1.023835e+03 -4.789592e+02 8.503101e-01 -1.226483e+00 -7.014965e+01
<VARIANCE> 6
 3.185104e+01 1.378252e+05 1.638898e+05 2.998198e+02 4.022584e+04 5.158639e+07
<GCONST> 7.239324e+01
<STATE> 3
<NUMMIXES> 10
<MIXTURE> 1 1.353528e-01
<MEAN> 6
 7.368818e+01 5.767300e+02 6.202216e+02 -4.147194e-02 -2.547447e+00 -9.075828e+01
<VARIANCE> 6
 3.185104e+01 3.550738e+04 4.282459e+05 2.998198e+02 4.022584e+04 5.158639e+07
<GCONST> 7.199750e+01
<MIXTURE> 2 4.833140e-02
<MEAN> 6
 8.980356e+01 -1.401859e+03 3.788642e+02 -1.865403e+00 -4.426538e+00 -1.330163e+02
<VARIANCE> 6
 3.185104e+01 4.038461e+05 3.061683e+04 2.998198e+02 4.022584e+04 5.158639e+07
<GCONST> 7.179064e+01
<MIXTURE> 3 1.030805e-01
<MEAN> 6
 6.658651e+01 -1.525634e+03 -9.571403e+01 2.319711e-01 -2.564330e+00 -1.150234e+02
<VARIANCE> 6
 3.185104e+01 6.143022e+05 1.476703e+05 2.998198e+02 4.022584e+04 5.158639e+07
<GCONST> 7.378352e+01
<MIXTURE> 4 9.979609e-02
<MEAN> 6
 6.991859e+01 -3.094938e+02 5.977639e+02 -1.178951e+00 -4.219518e+00 -5.838872e+01
<VARIANCE> 6
 4.325386e+01 3.654512e+04 4.923158e+05 2.998198e+02 4.022584e+04 5.158639e+07
<GCONST> 7.247174e+01
<MIXTURE> 5 6.680260e-02
<MEAN> 6
 8.305066e+01 -7.156579e+02 8.983105e+01 -1.293809e-01 -5.921045e+00 -1.253557e+02
<VARIANCE> 6
 3.185104e+01 1.195217e+04 1.387160e+04 2.998198e+02 4.022584e+04 5.158639e+07
<GCONST> 6.747881e+01
<MIXTURE> 6 8.409486e-02
<MEAN> 6
 6.516647e+01 -2.336134e+01 3.195271e+02 -4.390939e-01 -2.824142e+00 -1.010645e+02
<VARIANCE> 6
 9.104945e+01 7.197877e+04 2.827972e+04 2.998198e+02 4.022584e+04 5.158639e+07
<GCONST> 7.103691e+01
<MIXTURE> 7 1.169632e-01
<MEAN> 6
 7.143068e+01 4.189656e+02 2.031889e+01 -2.795427e-01 -2.295181e+00 -1.039388e+02
<VARIANCE> 6
 3.185104e+01 3.695066e+04 1.156064e+05 2.998198e+02 4.022584e+04 5.158639e+07
<GCONST> 7.072784e+01
<MIXTURE> 8 1.347934e-01
<MEAN> 6
 6.139230e+01 -4.405269e+02 -2.939897e+02 -1.160219e-01 -1.768279e+00 -1.083072e+02
<VARIANCE> 6
 3.185104e+01 8.099034e+04 1.175831e+05 2.998198e+02 4.022584e+04 5.158639e+07
<GCONST> 7.152953e+01
<MIXTURE> 9 1.221181e-01
<MEAN> 6
 7.193915e+01 1.819677e+02 -4.787395e+02 -6.461217e-01 -6.235274e+00 -1.357564e+02
<VARIANCE> 6
 3.185104e+01 4.626608e+04 7.999310e+04 2.998198e+02 4.022584e+04 5.158639e+07
<GCONST> 7.058441e+01
<MIXTURE> 10 8.852169e-02
<MEAN> 6
 6.560812e+01 -2.275802e+02 2.314175e+02 -4.003798e-01 -4.675311e+00 -8.781873e+01
<VARIANCE> 6
 3.185104e+01 6.261895e+04 1.581919e+04 2.998198e+02 4.022584e+04 5.158639e+07
<GCONST> 6.926635e+01
<STATE> 4
<NUMMIXES> 10
<MIXTURE> 1 9.138335e-02
<MEAN> 6
 2.256590e+01 1.238420e+02 1.030571e+03 -2.289282e+01 -3.021974e+02 1.798661e+03
<VARIANCE> 6
 2.823485e+03 2.787168e+06 7.407274e+06 6.095245e+04 1.167811e+06 4.681980e+08
<GCONST> 9.458439e+01
<MIXTURE> 2 1.327252e-01
<MEAN> 6
 -4.277298e+01 2.523095e+01 1.247461e+02 9.123685e+01 8.521213e+02 -1.157867e+03
<VARIANCE> 6
 1.893188e+02 4.883511e+05 2.267028e+05 1.638115e+04 1.279308e+05 5.504460e+07
<GCONST> 8.098766e+01
<MIXTURE> 3 9.391748e-02
<MEAN> 6
 8.230141e+01 -1.117064e+02 7.319421e+01 -5.716306e+00 -6.568530e+01 -2.524674e+02
<VARIANCE> 6
 8.715584e+01 7.444205e+05 4.365823e+05 2.998198e+02 4.022584e+04 5.158639e+07
<GCONST> 7.606627e+01
<MIXTURE> 4 8.956569e-02
<MEAN> 6
 5.199036e+01 9.646246e+01 3.015345e+00 7.707835e+01 -4.352477e+02 -2.989341e+02
<VARIANCE> 6
 3.335283e+02 8.696046e+05 2.880699e+05 3.217628e+04 8.346559e+04 5.158639e+07
<GCONST> 8.255368e+01
<MIXTURE> 5 8.996259e-02
<MEAN> 6
 -6.016860e+01 -3.296212e+01 1.260782e+02 1.433514e+01 2.287655e+02 -1.534011e+02
<VARIANCE> 6
 8.242040e+01 4.864567e+05 8.452864e+05 6.364947e+02 7.870087e+04 5.158639e+07
<GCONST> 7.766958e+01
<MIXTURE> 6 1.510241e-01
<MEAN> 6
 -1.323691e+00 7.629655e+01 1.249636e+01 -2.204578e+01 1.025716e+02 -1.120778e+03
<VARIANCE> 6
 2.921315e+02 6.005556e+05 3.121491e+05 6.179318e+04 1.118300e+05 9.727910e+07
<GCONST> 8.371069e+01
<MIXTURE> 7 8.916083e-02
<MEAN> 6
 8.622221e+01 -8.591534e+01 5.022275e+02 2.517887e+01 -6.584354e+02 -5.957844e+02
<VARIANCE> 6
 1.954912e+02 1.434250e+06 2.198402e+06 1.012058e+04 2.346428e+05 9.577809e+07
<GCONST> 8.504787e+01
<MIXTURE> 8 8.044939e-02
<MEAN> 6
 -5.044556e+01 1.322990e+02 3.311248e+02 -1.275151e+02 1.421725e+03 3.267855e+03
<VARIANCE> 6
 2.181412e+02 9.072451e+05 1.255737e+06 2.063440e+04 6.308986e+05 5.006748e+08
<GCONST> 8.749489e+01
<MIXTURE> 9 9.096686e-02
<MEAN> 6
 7.307374e+01 -7.396412e-01 9.387681e+01 -5.715618e+01 -9.218035e+02 -6.567769e+02
<VARIANCE> 6
 1.490840e+02 4.153994e+05 2.032012e+05 1.826335e+04 2.542931e+05 1.225287e+08
<GCONST> 8.207347e+01
<MIXTURE> 10 9.028956e-02
<MEAN> 6
 4.425908e+01 -5.521264e+01 -9.068968e+01 -8.276609e+00 -5.219808e+02 8.913672e+02
<VARIANCE> 6
 2.995286e+02 8.085031e+05 4.393867e+05 5.111508e+04 1.108205e+05 5.158639e+07
<GCONST> 8.354182e+01
<STATE> 5
<NUMMIXES> 10
<MIXTURE> 1 1.174387e-01
<MEAN> 6
 9.768343e+01 2.924433e+02 -3.593845e+02 -4.975231e+00 1.909693e+00 3.726178e+01
<VARIANCE> 6
 5.561900e+01 3.725990e+04 3.830647e+04 2.998198e+02 4.022584e+04 5.158639e+07
<GCONST> 7.018905e+01
<MIXTURE> 2 7.433236e-02
<MEAN> 6
 9.617121e+01 -8.926285e+02 -7.811744e+03 -5.491460e+00 4.904503e+00 1.176318e+02
<VARIANCE> 6
 1.830235e+02 7.309663e+04 4.561628e+06 2.998198e+02 4.022584e+04 5.158639e+07
<GCONST> 7.683382e+01
<MIXTURE> 3 1.088314e-01
<MEAN> 6
 9.168241e+01 -3.062777e+01 1.440804e+02 -4.277454e+00 -4.772932e+00 1.041816e+02
<VARIANCE> 6
 4.293476e+01 5.844185e+04 1.821311e+06 2.998198e+02 4.022584e+04 5.158639e+07
<GCONST> 7.424201e+01
<MIXTURE> 4 1.097730e-01
<MEAN> 6
 8.978531e+01 -5.528906e+02 6.979845e+01 -4.240315e+00 -1.380215e+01 1.964766e+02
<VARIANCE> 6
 3.502039e+01 1.075855e+05 5.589477e+05 2.998198e+02 4.022584e+04 5.158639e+07
<GCONST> 7.346726e+01
<MIXTURE> 5 1.104999e-01
<MEAN> 6
 1.035016e+02 8.898317e+02 -1.051169e+03 -7.381432e+00 1.924358e+00 3.210232e+02
<VARIANCE> 6
 4.162600e+01 6.562181e+05 1.664812e+05 2.998198e+02 4.022584e+04 5.158639e+07
<GCONST> 7.423709e+01
<MIXTURE> 6 8.488990e-02
<MEAN> 6
 7.645868e+01 -7.405605e+02 2.175964e+03 -3.522849e+00 -2.400902e+00 -4.167652e+01
<VARIANCE> 6
 6.529928e+01 3.002489e+04 3.812134e+05 2.998198e+02 4.022584e+04 5.158639e+07
<GCONST> 7.243136e+01
<MIXTURE> 7 9.573554e-02
<MEAN> 6
 9.044630e+01 2.611418e+02 -1.363881e+03 -3.001285e+00 7.034943e-01 1.208400e+02
<VARIANCE> 6
 3.185104e+01 8.386201e+04 3.845338e+06 2.998198e+02 4.022584e+04 5.158639e+07
<GCONST> 7.505185e+01
<MIXTURE> 8 6.682570e-02
<MEAN> 6
 7.730205e+01 -1.183748e+03 7.202814e+02 -4.901346e+00 1.010520e+01 4.525026e+01
<VARIANCE> 6
 3.185104e+01 7.656198e+04 2.345879e+05 2.998198e+02 4.022584e+04 5.158639e+07
<GCONST> 7.216399e+01
<MIXTURE> 9 1.274578e-01
<MEAN> 6
 8.161500e+01 -4.368484e+01 -1.764157e+03 -3.059192e+00 -1.219123e+00 6.075524e+01
<VARIANCE> 6
 7.899610e+01 4.239606e+05 1.824916e+05 2.998198e+02 4.022584e+04 5.158639e+07
<GCONST> 7.453273e+01
<MIXTURE> 10 1.041552e-01
<MEAN> 6
 8.665710e+01 -8.087150e+02 -1.526900e+02 -4.343932e+00 -8.589723e+00 1.826479e+02
<VARIANCE> 6
 3.185104e+01 1.086331e+05 6.650790e+05 2.998198e+02 4.022584e+04 5.158639e+07
<GCONST> 7.355594e+01
<STATE> 6
<NUMMIXES> 10
<MIXTURE> 1 8.076868e-02
<MEAN> 6
 -3.733467e+01 6.466834e+02 -1.790537e+02 -1.090031e+01 7.483471e+02 2.311385e+02
<VARIANCE> 6
 1.532461e+02 3.004592e+06 2.751555e+06 1.458512e+04 2.596545e+05 8.409501e+07
<GCONST> 8.610496e+01
<MIXTURE> 2 1.455592e-01
<MEAN> 6
 7.752068e+01 -2.388808e+03 1.107093e+03 -4.280343e+00 -2.893470e+01 -6.422009e+01
<VARIANCE> 6
 1.486641e+02 8.105746e+06 2.464140e+06 2.998198e+02 4.022584e+04 5.158639e+07
<GCONST> 8.071861e+01
<MIXTURE> 3 4.841884e-02
<MEAN> 6
 4.230392e+01 6.795622e+02 -7.400638e+01 -9.681557e+01 -4.412467e+02 3.031570e+03
<VARIANCE> 6
 2.385516e+03 2.202110e+07 4.945252e+06 2.840796e+04 1.194677e+06 3.702186e+08
<GCONST> 9.510330e+01
<MIXTURE> 4 5.596182e-02
<MEAN> 6
 -3.367056e+00 -9.142669e+01 2.223703e+02 4.833025e+00 1.963148e+02 -2.674209e+02
<VARIANCE> 6
 2.032359e+03 5.026142e+07 1.836720e+05 2.245114e+04 1.597678e+05 5.158639e+07
<GCONST> 8.825721e+01
<MIXTURE> 5 1.051191e-01
<MEAN> 6
 1.279276e+01 5.304345e+02 3.649167e+00 8.904166e+01 -4.875151e+00 -7.342505e+02
<VARIANCE> 6
 1.291142e+03 2.274501e+05 2.726973e+05 3.253649e+03 4.022584e+04 5.158639e+07
<GCONST> 7.948991e+01
<MIXTURE> 6 1.429387e-01
<MEAN> 6
 6.559566e+01 1.192499e+03 -1.806627e+03 3.091415e+01 -2.874762e+02 -1.665376e+02
<VARIANCE> 6
 2.213501e+02 2.267179e+06 3.787650e+06 1.240076e+04 5.955419e+04 5.158639e+07
<GCONST> 8.438724e+01
<MIXTURE> 7 1.194967e-01
<MEAN> 6
 7.086282e+00 1.065277e+03 -1.534851e+03 2.546197e+00 8.798401e+01 -5.593992e+01
<VARIANCE> 6
 4.007052e+02 3.711642e+06 4.543876e+06 3.082282e+04 6.697399e+04 5.158639e+07
<GCONST> 8.668359e+01
<MIXTURE> 8 1.075870e-01
<MEAN> 6
 6.745966e+01 -1.459988e+03 2.098063e+02 -3.330445e+01 -5.506018e+02 2.056219e+02
<VARIANCE> 6
 2.774682e+02 7.505658e+06 9.362816e+05 1.366218e+04 1.185286e+05 5.158639e+07
<GCONST> 8.519788e+01
<MIXTURE> 9 9.726209e-02
<MEAN> 6
 -3.114603e+00 -2.355741e+02 -1.512654e+02 -2.450563e+01 1.053115e+02 -3.154506e+01
<VARIANCE> 6
 6.562107e+02 7.713902e+05 3.036446e+05 1.909450e+04 8.749298e+04 5.158639e+07
<GCONST> 8.268854e+01
<MIXTURE> 10 9.675353e-02
<MEAN> 6
 -4.665018e+01 1.104754e+02 4.382743e+02 7.193806e+00 3.578467e+02 -3.819579e+02
<VARIANCE> 6
 1.699923e+02 7.310191e+05 1.518254e+06 4.149840e+03 9.689018e+04 5.158639e+07
<GCONST> 8.146921e+01
<STATE> 7
<NUMMIXES> 10
<MIXTURE> 1 8.705415e-02
<MEAN> 6
 7.303663e+01 1.777710e+03 -4.726989e+02 -2.154883e+00 1.242984e+00 7.716473e+01
<VARIANCE> 6
 4.681403e+01 3.145988e+05 3.816372e+05 2.998198e+02 4.022584e+04 5.158639e+07
<GCONST> 7.444894e+01
<MIXTURE> 2 7.805373e-02
<MEAN> 6
 5.894893e+01 5.457507e+02 7.833772e+01 3.187472e-01 6.626031e-01 -1.305857e+02
<VARIANCE> 6
 3.185104e+01 3.512916e+04 1.387160e+04 2.998198e+02 4.022584e+04 5.158639e+07
<GCONST> 6.855693e+01
<MIXTURE> 3 7.611600e-02
<MEAN> 6
 6.325088e+01 2.943131e+02 -1.397597e+02 3.660361e-01 -7.424906e+00 -1.227278e+02
<VARIANCE> 6
 3.185104e+01 2.224657e+04 1.387160e+04 2.998198e+02 4.022584e+04 5.158639e+07
<GCONST> 6.810009e+01
<MIXTURE> 4 1.248609e-01
<MEAN> 6
 7.744736e+01 -2.043186e+02 2.623979e+00 -9.288511e-01 -7.711187e+00 -5.116612e+01
<VARIANCE> 6
 3.185104e+01 1.649077e+04 4.855999e+04 2.998198e+02 4.022584e+04 5.158639e+07
<GCONST> 6.905366e+01
<MIXTURE> 5 1.266281e-01
<MEAN> 6
 7.720358e+01 4.469384e+02 2.087324e+02 -2.634438e+00 -8.550183e+00 2.438008e+01
<VARIANCE> 6
 5.021263e+01 4.454734e+04 1.625846e+05 2.998198e+02 4.022584e+04 5.158639e+07
<GCONST> 7.171101e+01
<MIXTURE> 6 6.054461e-02
<MEAN> 6
 6.804971e+01 -1.242431e+03 -1.491932e+02 -2.209206e+00 -1.033659e+00 5.097402e+01
<VARIANCE> 6
 4.669772e+01 3.877045e+05 1.387160e+04 2.998198e+02 4.022584e+04 5.158639e+07
<GCONST> 7.134077e+01
<MIXTURE> 7 1.457161e-01
<MEAN> 6
 5.819656e+01 3.767677e+01 -1.631175e+02 9.543826e-02 -1.228676e+00 -1.012443e+02
<VARIANCE> 6
 3.185104e+01 1.195217e+04 2.519210e+04 2.998198e+02 4.022584e+04 5.158639e+07
<GCONST> 6.807550e+01
<MIXTURE> 8 1.450931e-01
<MEAN> 6
 7.686930e+01 6.532689e+02 -2.228314e+02 -2.149430e+00 -7.086852e+00 8.911016e+01
<VARIANCE> 6
 3.185104e+01 1.507610e+05 1.212183e+05 2.998198e+02 4.022584e+04 5.158639e+07
<GCONST> 7.218135e+01
<MIXTURE> 9 7.825547e-02
<MEAN> 6
 6.210410e+01 1.508075e+02 -7.004082e+01 -2.148775e-01 -4.475529e+00 -1.368828e+02
<VARIANCE> 6
 3.185104e+01 3.392704e+04 1.387160e+04 2.998198e+02 4.022584e+04 5.158639e+07
<GCONST> 6.852211e+01
<MIXTURE> 10 7.754909e-02
<MEAN> 6
 5.825759e+01 5.815544e+02 5.923457e+01 4.649134e-01 1.750836e+00 -1.237716e+02
<VARIANCE> 6
 3.185104e+01 4.583212e+04 1.387160e+04 2.998198e+02 4.022584e+04 5.158639e+07
<GCONST> 6.882288e+01
<STATE> 8
<NUMMIXES> 10
<MIXTURE> 1 1.185197e-01
<MEAN> 6
 -4.605239e+01 3.913383e+01 -4.185493e+01 7.052271e+00 9.966183e+02 -1.074562e+03
<VARIANCE> 6
 1.208058e+02 1.137062e+05 1.487422e+05 1.464366e+04 2.904158e+05 1.403146e+08
<GCONST> 8.030302e+01
<MIXTURE> 2 1.170099e-01
<MEAN> 6
 7.152785e+01 -1.943939e+02 2.795247e+01 -6.468790e+00 -4.712923e+01 1.201589e+02
<VARIANCE> 6
 8.481715e+01 4.101294e+05 4.828002e+04 2.998198e+02 4.022584e+04 5.158639e+07
<GCONST> 7.324097e+01
<MIXTURE> 3 7.595631e-02
<MEAN> 6
 7.286929e+01 -1.346882e+02 1.073466e+01 -3.209383e+01 -9.623726e+02 -4.175591e+02
<VARIANCE> 6
 3.031683e+02 4.089642e+05 3.448360e+04 1.888826e+04 5.190018e+05 2.650487e+08
<GCONST> 8.251255e+01
<MIXTURE> 4 8.583841e-02
<MEAN> 6
 1.303072e+00 -5.873871e-02 1.471629e+02 1.808968e+01 7.074171e+01 -3.468315e+02
<VARIANCE> 6
 3.351592e+02 3.004838e+05 1.334830e+05 3.145447e+04 1.186334e+05 6.793498e+07
<GCONST> 8.133090e+01
<MIXTURE> 5 8.649842e-02
<MEAN> 6
 4.422206e+01 5.292038e+01 1.567807e+01 5.928112e+01 -2.222952e+02 -4.459510e+02
<VARIANCE> 6
 2.845809e+02 8.821366e+04 3.302686e+04 1.787012e+04 4.705603e+04 5.158639e+07
<GCONST> 7.677962e+01
<MIXTURE> 6 1.030540e-01
<MEAN> 6
 -1.681022e+01 -4.287238e+01 1.062568e+01 1.032913e+02 2.129291e+02 -2.404313e+03
<VARIANCE> 6
 3.986101e+02 5.813211e+04 1.718200e+04 1.074092e+04 1.075185e+05 5.248872e+07
<GCONST> 7.638068e+01
<MIXTURE> 7 1.343615e-01
<MEAN> 6
 6.441879e+01 -1.155139e+02 2.983320e-01 2.474484e+00 -4.778893e+02 -4.647179e+02
<VARIANCE> 6
 1.153328e+02 2.199016e+05 8.846755e+04 1.077554e+04 1.124996e+05 5.158639e+07
<GCONST> 7.814091e+01
<MIXTURE> 8 9.785988e-02
<MEAN> 6
 -4.691420e-01 4.697058e+01 8.337540e+01 -1.976397e+02 1.806395e+02 6.094570e+03
<VARIANCE> 6
 5.599305e+02 8.559923e+04 2.740641e+04 8.539012e+03 3.831325e+05 2.306244e+08
<GCONST> 8.009587e+01
<MIXTURE> 9 9.220080e-02
<MEAN> 6
 -2.935903e+01 -3.304735e+01 -1.010722e+02 2.205750e+00 2.326521e+02 1.719261e+01
<VARIANCE> 6
 2.533516e+02 7.248386e+04 6.571631e+04 9.135416e+03 6.163959e+04 5.158639e+07
<GCONST> 7.675401e+01
<MIXTURE> 10 8.841238e-02
<MEAN> 6
 3.916137e+01 -2.365308e+01 -5.774143e+01 4.777488e+01 -2.515257e+02 -5.958328e+02
<VARIANCE> 6
 2.589319e+02 8.260135e+04 5.194411e+04 2.388789e+04 6.499729e+04 5.158639e+07
<GCONST> 7.768553e+01
<TRANSP> 9
 0.000000e+00 1.000000e+00 0.000000e+00 0.000000e+00 0.000000e+00 0.000000e+00 0.000000e+00 0.000000e+00 0.000000e+00
 0.000000e+00 9.991593e-01 8.406360e-04 0.000000e+00 0.000000e+00 0.000000e+00 0.000000e+00 0.000000e+00 0.000000e+00
 0.000000e+00 0.000000e+00 9.996102e-01 3.897730e-04 0.000000e+00 0.000000e+00 0.000000e+00 0.000000e+00 0.000000e+00
 0.000000e+00 0.000000e+00 0.000000e+00 9.999142e-01 8.579640e-05 0.000000e+00 0.000000e+00 0.000000e+00 0.000000e+00
 0.000000e+00 0.000000e+00 0.000000e+00 0.000000e+00 9.991195e-01 8.805461e-04 0.000000e+00 0.000000e+00 0.000000e+00
 0.000000e+00 0.000000e+00 0.000000e+00 0.000000e+00 0.000000e+00 9.997073e-01 2.927086e-04 0.000000e+00 0.000000e+00
 0.000000e+00 0.000000e+00 0.000000e+00 0.000000e+00 0.000000e+00 0.000000e+00 9.993095e-01 6.905475e-04 0.000000e+00
 0.000000e+00 0.000000e+00 0.000000e+00 0.000000e+00 0.000000e+00 0.000000e+00 0.000000e+00 9.998326e-01 1.674293e-04
 0.000000e+00 0.000000e+00 0.000000e+00 0.000000e+00 0.000000e+00 0.000000e+00 0.000000e+00 0.000000e+00 0.000000e+00
<ENDHMM>
~h "QuintoPRIMARIA"
<BEGINHMM>
<NUMSTATES> 9
<STATE> 2
<NUMMIXES> 10
<MIXTURE> 1 1.081083e-01
<MEAN> 6
 8.611033e+01 3.234784e+02 1.256792e+03 -1.931905e+00 -4.510013e+01 -2.110091e+02
<VARIANCE> 6
 1.333475e+02 3.694212e+05 3.145508e+06 2.998198e+02 4.022584e+04 5.158639e+07
<GCONST> 7.776562e+01
<MIXTURE> 2 8.868050e-02
<MEAN> 6
 2.275566e+01 1.578715e+02 -1.317589e+03 -1.336719e+02 -2.110949e+02 4.653224e+03
<VARIANCE> 6
 2.899961e+03 2.640194e+06 1.031806e+07 5.830546e+04 2.795883e+06 1.221370e+09
<GCONST> 9.667583e+01
<MIXTURE> 3 9.023371e-02
<MEAN> 6
 -3.512117e+01 -2.306033e+02 2.907349e+02 2.043407e+02 6.694208e+02 -2.804638e+03
<VARIANCE> 6
 4.125845e+02 3.812356e+05 1.490461e+06 6.760574e+03 1.568696e+05 5.158639e+07
<GCONST> 8.265627e+01
<MIXTURE> 4 1.109681e-01
<MEAN> 6
 -6.837641e+01 6.928704e+01 -1.790502e+02 1.003977e+01 2.771502e+02 2.395380e+02
<VARIANCE> 6
 9.041618e+01 5.587567e+05 1.981550e+06 1.413659e+03 1.045085e+05 5.158639e+07
<GCONST> 7.983427e+01
<MIXTURE> 5 8.550543e-02
<MEAN> 6
 3.960806e+01 -1.855706e+02 7.209645e+02 9.271387e+01 -3.346184e+02 -8.377302e+02
<VARIANCE> 6
 6.944351e+02 1.965432e+05 2.704746e+06 3.142456e+04 1.209527e+05 5.158639e+07
<GCONST> 8.438679e+01
<MIXTURE> 6 1.177087e-01
<MEAN> 6
 6.763640e+01 -6.498577e+02 -3.196339e+02 1.101798e+00 -2.046264e+01 -1.094842e+02
<VARIANCE> 6
 1.405216e+02 2.182652e+05 1.006454e+06 2.998198e+02 4.022584e+04 5.158639e+07
<GCONST> 7.615225e+01
<MIXTURE> 7 1.329129e-01
<MEAN> 6
 7.297858e+01 2.819618e+01 -1.141139e+02 -3.088648e+01 -8.504555e+02 -6.036086e+02
<VARIANCE> 6
 3.468335e+02 7.940266e+05 2.255946e+06 2.612803e+04 3.115414e+05 1.419532e+08
<GCONST> 8.668112e+01
<MIXTURE> 8 9.035894e-02
<MEAN> 6
 -5.285295e+01 -2.725727e+02 -5.603249e+02 -1.081949e+02 1.113396e+03 1.698536e+03
<VARIANCE> 6
 3.164039e+02 2.590395e+05 2.995066e+06 2.313075e+04 7.105202e+05 3.587738e+08
<GCONST> 8.738237e+01
<MIXTURE> 9 8.700810e-02
<MEAN> 6
 6.571809e+01 3.204967e+02 -6.657101e+02 1.003212e+00 -2.442927e+01 -5.739537e+01
<VARIANCE> 6
 1.998017e+02 1.383338e+05 7.328872e+06 2.998198e+02 4.022584e+04 5.158639e+07
<GCONST> 7.803356e+01
<MIXTURE> 10 8.807071e-02
<MEAN> 6
 1.818160e+01 -3.580483e+02 2.096359e+02 -1.253115e+01 -2.468183e+02 -1.719500e+03
<VARIANCE> 6
 7.618360e+02 3.644452e+05 2.881707e+06 5.841869e+04 1.621207e+05 6.433876e+07
<GCONST> 8.629418e+01
<STATE> 3
<NUMMIXES> 10
<MIXTURE> 1 1.276278e-01
<MEAN> 6
 5.608649e+01 1.203073e+01 3.461328e+02 -3.058447e-01 -1.052022e+00 -1.343136e+02
<VARIANCE> 6
 3.185104e+01 1.195217e+04 1.468611e+04 2.998198e+02 4.022584e+04 5.158639e+07
<GCONST> 6.753587e+01
<MIXTURE> 2 6.708243e-02
<MEAN> 6
 6.360112e+01 3.713048e+01 -2.977975e+02 -1.495852e-01 -4.011353e+00 -1.455198e+02
<VARIANCE> 6
 3.185104e+01 3.464931e+04 6.204728e+04 2.998198e+02 4.022584e+04 5.158639e+07
<GCONST> 7.004124e+01
<MIXTURE> 3 9.611145e-02
<MEAN> 6
 6.378202e+01 4.089853e+01 -4.746734e+02 -2.063493e-01 -4.316119e+00 -1.276186e+02
<VARIANCE> 6
 3.185104e+01 1.870683e+04 3.384691e+04 2.998198e+02 4.022584e+04 5.158639e+07
<GCONST> 6.881879e+01
<MIXTURE> 4 5.036337e-02
<MEAN> 6
 5.815281e+01 -2.265663e+02 7.985545e+02 -5.705953e-01 -7.709570e+00 -8.585757e+01
<VARIANCE> 6
 3.185104e+01 1.195217e+04 4.455298e+04 2.998198e+02 4.022584e+04 5.158639e+07
<GCONST> 6.864565e+01
<MIXTURE> 5 8.578216e-02
<MEAN> 6
 6.448175e+01 -1.497929e+02 -1.619224e+02 -2.594589e-01 -6.648089e+00 -1.195383e+02
<VARIANCE> 6
 3.185104e+01 1.195217e+04 4.279141e+04 2.998198e+02 4.022584e+04 5.158639e+07
<GCONST> 6.860531e+01
<MIXTURE> 6 4.163998e-02
<MEAN> 6
 4.374654e+01 -4.582254e+02 1.032051e+02 4.422360e+00 1.237772e+00 -8.790198e+01
<VARIANCE> 6
 1.250629e+02 1.195217e+04 2.323250e+04 2.998198e+02 4.022584e+04 5.158639e+07
<GCONST> 6.936227e+01
<MIXTURE> 7 1.600394e-01
<MEAN> 6
 5.745818e+01 9.797424e+01 -6.543183e+01 1.775667e-03 -4.528173e+00 -1.744658e+02
<VARIANCE> 6
 3.185104e+01 3.140074e+04 1.474821e+04 2.998198e+02 4.022584e+04 5.158639e+07
<GCONST> 6.850601e+01
<MIXTURE> 8 1.705766e-01
<MEAN> 6
 6.224289e+01 -1.671998e+02 -3.997832e+02 -2.209912e-01 -4.423592e+00 -1.132241e+02
<VARIANCE> 6
 3.185104e+01 1.195217e+04 6.112348e+04 2.998198e+02 4.022584e+04 5.158639e+07
<GCONST> 6.896187e+01
<MIXTURE> 9 1.169243e-01
<MEAN> 6
 5.658490e+01 -1.988300e+01 2.144068e+02 -2.320103e-01 -7.176749e+00 -1.973067e+02
<VARIANCE> 6
 3.185104e+01 1.195217e+04 2.922751e+04 2.998198e+02 4.022584e+04 5.158639e+07
<GCONST> 6.822408e+01
<MIXTURE> 10 8.380232e-02
<MEAN> 6
 6.251579e+01 -1.763202e+02 -2.609149e+02 -1.219249e-01 -5.176616e+00 -1.157406e+02
<VARIANCE> 6
 3.185104e+01 1.195217e+04 5.500232e+04 2.998198e+02 4.022584e+04 5.158639e+07
<GCONST> 6.885635e+01
<STATE> 4
<NUMMIXES> 10
<MIXTURE> 1 7.161167e-02
<MEAN> 6
 1.082866e+02 6.332058e+02 2.897355e+02 -5.081246e+00 3.082503e+00 9.066169e+00
<VARIANCE> 6
 7.864276e+01 1.602111e+04 3.682655e+04 2.998198e+02 4.022584e+04 5.158639e+07
<GCONST> 6.965203e+01
<MIXTURE> 2 9.129472e-02
<MEAN> 6
 9.712656e+01 1.113317e+02 3.321490e+03 -6.261258e+00 -4.346383e+00 2.233494e+02
<VARIANCE> 6
 3.185104e+01 3.716439e+04 1.884367e+04 2.998198e+02 4.022584e+04 5.158639e+07
<GCONST> 6.891959e+01
<MIXTURE> 3 9.648088e-02
<MEAN> 6
 9.171520e+01 4.534307e+02 2.096393e+03 6.132237e-01 -1.454319e+00 -7.103255e+01
<VARIANCE> 6
 3.185104e+01 2.511931e+04 4.788154e+04 2.998198e+02 4.022584e+04 5.158639e+07
<GCONST> 6.946043e+01
<MIXTURE> 4 3.031772e-02
<MEAN> 6
 9.393160e+01 2.303790e+02 4.651959e+02 -8.563676e+00 3.333694e+01 3.297241e+03
<VARIANCE> 6
 4.358855e+02 7.055612e+04 3.955592e+06 1.316608e+03 4.630250e+05 2.881644e+08
<GCONST> 8.316684e+01
<MIXTURE> 5 1.213121e-01
<MEAN> 6
 9.434308e+01 7.221273e+02 -2.277761e+03 -1.211106e+00 -2.098613e+00 -3.355319e+01
<VARIANCE> 6
 3.185104e+01 1.195217e+04 3.437039e+05 2.998198e+02 4.022584e+04 5.158639e+07
<GCONST> 7.068875e+01
<MIXTURE> 6 7.711416e-02
<MEAN> 6
 9.032301e+01 2.934248e+02 -6.316033e+02 -1.954451e+00 -2.950968e+00 -3.399673e+02
<VARIANCE> 6
 3.185104e+01 1.195217e+04 1.115588e+05 2.998198e+02 4.022584e+04 5.158639e+07
<GCONST> 6.956352e+01
<MIXTURE> 7 1.638160e-01
<MEAN> 6
 7.144740e+01 -3.735719e+02 3.101321e+03 -3.302033e+00 1.096712e+00 1.386087e+02
<VARIANCE> 6
 1.575282e+02 1.759177e+05 6.798152e+04 2.998198e+02 4.022584e+04 5.158639e+07
<GCONST> 7.335584e+01
<MIXTURE> 8 1.191487e-01
<MEAN> 6
 1.004111e+02 5.107452e+02 -1.205753e+03 -4.991698e+00 1.323095e+00 6.237334e+01
<VARIANCE> 6
 3.185104e+01 1.195217e+04 2.703499e+05 2.998198e+02 4.022584e+04 5.158639e+07
<GCONST> 7.044868e+01
<MIXTURE> 9 1.076807e-01
<MEAN> 6
 8.893188e+01 4.227157e+02 -1.310627e+03 -7.201832e-01 -6.700118e-01 -3.177537e+01
<VARIANCE> 6
 3.185104e+01 1.912771e+04 1.387160e+04 2.998198e+02 4.022584e+04 5.158639e+07
<GCONST> 6.794904e+01
<MIXTURE> 10 1.212167e-01
<MEAN> 6
 9.645512e+01 7.275150e+02 9.937470e+01 -3.287838e+00 -2.329703e+00 4.454808e+01
<VARIANCE> 6
 3.185104e+01 4.243438e+04 1.387160e+04 2.998198e+02 4.022584e+04 5.158639e+07
<GCONST> 6.874586e+01
<STATE> 5
<NUMMIXES> 10
<MIXTURE> 1 5.671379e-02
<MEAN> 6
 8.461745e+01 -4.267552e+02 1.435119e+03 -3.879537e+00 1.558818e+00 9.761199e+00
<VARIANCE> 6
 3.185104e+01 1.195217e+04 1.656589e+04 2.998198e+02 4.022584e+04 5.158639e+07
<GCONST> 6.765632e+01
<MIXTURE> 2 7.181588e-02
<MEAN> 6
 5.831098e+01 -1.105482e+03 4.859223e+02 6.313749e+00 -1.080309e+01 3.384811e+01
<VARIANCE> 6
 6.268984e+01 1.195217e+04 1.387160e+04 2.998198e+02 4.022584e+04 5.158639e+07
<GCONST> 6.815594e+01
<MIXTURE> 3 1.065049e-01
<MEAN> 6
 9.852105e+01 -4.997514e+02 -5.425968e+02 -1.176110e+00 -2.600579e+00 -8.029967e+01
<VARIANCE> 6
 3.278191e+01 1.195217e+04 1.387160e+04 2.998198e+02 4.022584e+04 5.158639e+07
<GCONST> 6.750762e+01
<MIXTURE> 4 1.682848e-01
<MEAN> 6
 7.144224e+01 -6.133260e+02 1.436381e+02 -1.696898e-01 -4.065443e+00 -1.520869e+02
<VARIANCE> 6
 3.185104e+01 1.195217e+04 1.387160e+04 2.998198e+02 4.022584e+04 5.158639e+07
<GCONST> 6.747881e+01
<MIXTURE> 5 1.009777e-01
<MEAN> 6
 7.444631e+01 -4.267903e+02 1.003020e+03 -1.860108e-01 -2.740030e+00 -2.943631e+01
<VARIANCE> 6
 3.185104e+01 1.195217e+04 1.986547e+04 2.998198e+02 4.022584e+04 5.158639e+07
<GCONST> 6.783795e+01
<MIXTURE> 6 8.881582e-02
<MEAN> 6
 7.069604e+01 -9.824455e+02 -4.653560e+02 8.092575e-01 -1.146218e+01 -7.796131e+01
<VARIANCE> 6
 3.185104e+01 1.360219e+05 3.134588e+04 2.998198e+02 4.022584e+04 5.158639e+07
<GCONST> 7.072596e+01
<MIXTURE> 7 8.382197e-02
<MEAN> 6
 7.095415e+01 -1.075787e+03 2.645904e+01 7.111812e-01 -4.236171e+00 -1.628071e+02
<VARIANCE> 6
 3.185104e+01 4.799693e+04 1.387160e+04 2.998198e+02 4.022584e+04 5.158639e+07
<GCONST> 6.886904e+01
<MIXTURE> 8 1.285808e-01
<MEAN> 6
 7.433375e+01 -4.195448e+02 8.808348e+02 -8.082172e-01 -1.066961e+01 -9.973141e+01
<VARIANCE> 6
 3.185104e+01 1.195217e+04 1.387160e+04 2.998198e+02 4.022584e+04 5.158639e+07
<GCONST> 6.747881e+01
<MIXTURE> 9 1.066248e-01
<MEAN> 6
 9.659097e+01 -5.000412e+02 -5.443576e+02 -7.485899e-01 -2.996264e+00 -9.854890e+01
<VARIANCE> 6
 3.185104e+01 1.195217e+04 1.387160e+04 2.998198e+02 4.022584e+04 5.158639e+07
<GCONST> 6.747881e+01
<MIXTURE> 10 8.783149e-02
<MEAN> 6
 7.071519e+01 -9.532123e+02 -5.678890e+02 7.379387e-02 -6.702975e+00 -7.991242e+01
<VARIANCE> 6
 3.185104e+01 2.356588e+05 1.992722e+04 2.998198e+02 4.022584e+04 5.158639e+07
<GCONST> 7.082253e+01
<STATE> 6
<NUMMIXES> 10
<MIXTURE> 1 9.944026e-02
<MEAN> 6
 8.473957e+01 -1.136464e+02 -2.273549e+01 -9.511843e-02 -2.056972e-02 -6.096193e+01
<VARIANCE> 6
 3.185104e+01 1.195217e+04 1.387160e+04 2.998198e+02 4.022584e+04 5.158639e+07
<GCONST> 6.747881e+01
<MIXTURE> 2 1.095929e-01
<MEAN> 6
 7.610662e+01 1.077583e+02 6.340814e+02 2.921959e-01 -1.072510e+00 -1.757548e+02
<VARIANCE> 6
 3.185104e+01 1.847754e+04 1.969787e+04 2.998198e+02 4.022584e+04 5.158639e+07
<GCONST> 6.826513e+01
<MIXTURE> 3 1.092667e-01
<MEAN> 6
 8.772520e+01 6.941257e+01 -1.938053e+02 -5.970692e-01 -8.958794e+00 -1.179622e+01
<VARIANCE> 6
 3.185104e+01 1.195217e+04 1.387160e+04 2.998198e+02 4.022584e+04 5.158639e+07
<GCONST> 6.747881e+01
<MIXTURE> 4 1.148302e-02
<MEAN> 6
 8.073734e+01 -1.113869e+02 1.814754e+02 -9.120117e-01 -2.808583e+01 -1.452506e+02
<VARIANCE> 6
 9.324791e+01 1.737882e+05 2.262153e+06 2.998198e+02 4.022584e+04 5.158639e+07
<GCONST> 7.632416e+01
<MIXTURE> 5 1.228174e-01
<MEAN> 6
 8.187553e+01 -1.524208e+02 -2.797303e+02 1.996357e-01 -5.600554e+00 -2.457618e+01
<VARIANCE> 6
 3.185104e+01 1.365095e+04 1.387160e+04 2.998198e+02 4.022584e+04 5.158639e+07
<GCONST> 6.761171e+01
<MIXTURE> 6 7.477089e-02
<MEAN> 6
 8.101965e+01 3.694958e+02 2.322348e+02 -6.776841e-01 8.064213e-02 1.060099e+01
<VARIANCE> 6
 3.185104e+01 1.195217e+04 1.387160e+04 2.998198e+02 4.022584e+04 5.158639e+07
<GCONST> 6.747881e+01
<MIXTURE> 7 1.550312e-01
<MEAN> 6
 8.560741e+01 3.653847e+01 -2.040407e+02 -1.551196e-01 -5.710483e+00 -1.976218e+01
<VARIANCE> 6
 3.185104e+01 1.195217e+04 1.387160e+04 2.998198e+02 4.022584e+04 5.158639e+07
<GCONST> 6.747881e+01
<MIXTURE> 8 1.086917e-01
<MEAN> 6
 7.543520e+01 1.766125e+02 6.495699e+01 1.094557e+00 -7.856240e+00 -1.689361e+02
<VARIANCE> 6
 3.185104e+01 1.195217e+04 1.387160e+04 2.998198e+02 4.022584e+04 5.158639e+07
<GCONST> 6.747881e+01
<MIXTURE> 9 1.017461e-01
<MEAN> 6
 8.471004e+01 -1.425882e+02 -1.794385e+01 -5.057973e-02 1.342116e-01 -6.401313e+01
<VARIANCE> 6
 3.185104e+01 1.195217e+04 1.387160e+04 2.998198e+02 4.022584e+04 5.158639e+07
<GCONST> 6.747881e+01
<MIXTURE> 10 1.071288e-01
<MEAN> 6
 7.538014e+01 1.734123e+02 6.329832e+01 1.121131e+00 -7.966965e+00 -1.712069e+02
<VARIANCE> 6
 3.185104e+01 1.195217e+04 1.387160e+04 2.998198e+02 4.022584e+04 5.158639e+07
<GCONST> 6.747881e+01
<STATE> 7
<NUMMIXES> 10
<MIXTURE> 1 8.289371e-02
<MEAN> 6
 6.012832e+01 3.336568e+03 8.511577e+02 1.231302e-01 -5.169706e+00 3.548769e+01
<VARIANCE> 6
 8.353783e+01 1.684761e+06 2.548878e+06 2.998198e+02 4.022584e+04 5.158639e+07
<GCONST> 7.860507e+01
<MIXTURE> 2 1.315923e-01
<MEAN> 6
 7.969904e+01 1.916470e+03 -1.502014e+02 -3.014056e+00 -9.795328e+00 -2.516495e+02
<VARIANCE> 6
 3.185104e+01 4.113218e+05 1.868638e+05 2.998198e+02 4.022584e+04 5.158639e+07
<GCONST> 7.361781e+01
<MIXTURE> 3 7.903489e-02
<MEAN> 6
 6.995664e+01 5.797946e+02 7.437201e+02 -2.302590e+00 9.648641e-01 -1.990084e+01
<VARIANCE> 6
 3.185104e+01 9.905920e+04 9.307451e+04 2.998198e+02 4.022584e+04 5.158639e+07
<GCONST> 7.149718e+01
<MIXTURE> 4 1.001545e-01
<MEAN> 6
 6.628220e+01 1.319946e+03 -6.199566e+02 -7.208668e-01 -1.845352e+00 -9.016084e+01
<VARIANCE> 6
 3.185104e+01 1.195217e+04 1.387160e+04 2.998198e+02 4.022584e+04 5.158639e+07
<GCONST> 6.747881e+01
<MIXTURE> 5 9.930732e-02
<MEAN> 6
 7.742113e+01 1.213759e+03 -9.929879e+02 -3.089023e+00 -4.721891e-01 -3.272524e+01
<VARIANCE> 6
 3.185104e+01 1.195217e+04 4.779683e+05 2.998198e+02 4.022584e+04 5.158639e+07
<GCONST> 7.101852e+01
<MIXTURE> 6 1.295231e-01
<MEAN> 6
 7.842432e+01 5.635633e+02 -8.039592e+02 -1.787481e+00 -2.654534e+00 -3.529937e+01
<VARIANCE> 6
 3.185104e+01 3.726127e+04 1.669678e+04 2.998198e+02 4.022584e+04 5.158639e+07
<GCONST> 6.880123e+01
<MIXTURE> 7 7.588857e-02
<MEAN> 6
 6.912923e+01 1.080407e+03 -2.356083e+02 -1.468862e+00 -5.488269e+00 -8.614814e+01
<VARIANCE> 6
 3.185104e+01 1.010743e+05 1.387160e+04 2.998198e+02 4.022584e+04 5.158639e+07
<GCONST> 6.961375e+01
<MIXTURE> 8 1.190946e-01
<MEAN> 6
 6.826191e+01 4.678034e+02 -2.793130e+02 -1.321722e+00 -5.709535e+00 -1.174933e+02
<VARIANCE> 6
 3.185104e+01 1.195217e+04 1.948055e+04 2.998198e+02 4.022584e+04 5.158639e+07
<GCONST> 6.781839e+01
<MIXTURE> 9 1.081081e-01
<MEAN> 6
 6.726529e+01 4.257770e+02 -7.777241e+02 -1.214044e+00 -3.184660e+00 -9.564299e+01
<VARIANCE> 6
 3.185104e+01 1.195217e+04 1.484289e+05 2.998198e+02 4.022584e+04 5.158639e+07
<GCONST> 6.984908e+01
<MIXTURE> 10 7.434710e-02
<MEAN> 6
 6.948077e+01 9.918263e+02 -2.476636e+02 -1.460612e+00 -4.384398e+00 -6.313581e+01
<VARIANCE> 6
 3.185104e+01 9.029998e+04 1.387160e+04 2.998198e+02 4.022584e+04 5.158639e+07
<GCONST> 6.950104e+01
<STATE> 8
<NUMMIXES> 10
<MIXTURE> 1 7.116647e-02
<MEAN> 6
 8.712408e+01 -4.719339e+01 6.508140e+01 -5.922698e+00 -1.489856e+01 3.103875e+01
<VARIANCE> 6
 1.825149e+02 1.254407e+06 6.737114e+05 2.998198e+02 4.022584e+04 5.158639e+07
<GCONST> 7.776104e+01
<MIXTURE> 2 1.249186e-02
<MEAN> 6
 -8.839139e+00 1.566158e+02 1.124554e+02 -2.825060e+01 1.222394e+02 4.502907e+03
<VARIANCE> 6
 1.150019e+04 1.991565e+05 4.053349e+05 1.885734e+06 1.030887e+09 1.515808e+12
<GCONST> 1.087422e+02
<MIXTURE> 3 1.239583e-01
<MEAN> 6
 -4.782322e+01 -1.676243e+02 4.583442e+01 -1.367676e+01 1.087072e+03 1.410163e+02
<VARIANCE> 6
 2.869852e+02 5.550868e+05 2.421612e+05 2.941732e+04 4.827974e+05 2.223950e+08
<GCONST> 8.490759e+01
<MIXTURE> 4 8.446188e-02
<MEAN> 6
 2.773590e+01 1.817694e+02 9.625651e+01 -4.187584e+01 -2.552845e+02 2.573132e+03
<VARIANCE> 6
 3.981412e+03 1.703839e+06 1.073485e+06 5.586061e+04 2.617110e+06 1.392605e+09
<GCONST> 9.431411e+01
<MIXTURE> 5 9.779467e-02
<MEAN> 6
 6.431802e+01 9.218317e+01 -3.426738e+01 3.887862e+01 -4.577390e+02 -1.208442e+02
<VARIANCE> 6
 4.756151e+02 3.501878e+05 1.976817e+05 2.226877e+04 1.484855e+05 5.158639e+07
<GCONST> 8.183046e+01
<MIXTURE> 6 9.444001e-02
<MEAN> 6
 -1.678238e+01 -3.817184e+01 1.191731e+02 8.225420e+01 4.320114e+02 -3.590108e+03
<VARIANCE> 6
 5.954799e+02 1.383045e+05 1.893665e+05 3.819457e+04 1.735573e+05 5.158639e+07
<GCONST> 8.177876e+01
<MIXTURE> 7 1.582267e-01
<MEAN> 6
 4.663950e+01 2.318132e+01 7.145842e+00 -5.291646e+01 -5.224291e+02 8.722415e+02
<VARIANCE> 6
 1.179679e+03 5.908614e+04 5.508198e+04 4.240399e+04 5.147873e+05 2.043903e+08
<GCONST> 8.294564e+01
<MIXTURE> 8 1.541116e-01
<MEAN> 6
 7.889935e+01 -4.311003e+01 -7.821440e+00 -6.518538e+00 -2.840696e+01 -3.031255e+02
<VARIANCE> 6
 1.305916e+02 9.152955e+04 9.031699e+04 2.998198e+02 4.022584e+04 5.158639e+07
<GCONST> 7.279905e+01
<MIXTURE> 9 1.021493e-01
<MEAN> 6
 -4.942968e+01 1.411709e+01 1.665032e+01 2.094512e+01 3.383393e+02 6.493722e+02
<VARIANCE> 6
 4.088520e+02 8.553525e+04 8.111997e+04 5.986678e+03 1.148677e+05 5.158639e+07
<GCONST> 7.780858e+01
<MIXTURE> 10 1.002318e-01
<MEAN> 6
 5.428532e+01 -5.180651e+01 -5.428072e+01 2.083766e+01 -5.594341e+02 -7.598340e+02
<VARIANCE> 6
 6.815449e+02 4.299644e+05 2.626658e+05 3.611120e+04 2.058238e+05 5.158639e+07
<GCONST> 8.348962e+01
<TRANSP> 9
 0.000000e+00 1.000000e+00 0.000000e+00 0.000000e+00 0.000000e+00 0.000000e+00 0.000000e+00 0.000000e+00 0.000000e+00
 0.000000e+00 9.998659e-01 1.340101e-04 0.000000e+00 0.000000e+00 0.000000e+00 0.000000e+00 0.000000e+00 0.000000e+00
 0.000000e+00 0.000000e+00 9.991900e-01 8.099362e-04 0.000000e+00 0.000000e+00 0.000000e+00 0.000000e+00 0.000000e+00
 0.000000e+00 0.000000e+00 0.000000e+00 9.983036e-01 1.696423e-03 0.000000e+00 0.000000e+00 0.000000e+00 0.000000e+00
 0.000000e+00 0.000000e+00 0.000000e+00 0.000000e+00 9.983588e-01 1.641168e-03 0.000000e+00 0.000000e+00 0.000000e+00
 0.000000e+00 0.000000e+00 0.000000e+00 0.000000e+00 0.000000e+00 9.987527e-01 1.247346e-03 0.000000e+00 0.000000e+00
 0.000000e+00 0.000000e+00 0.000000e+00 0.000000e+00 0.000000e+00 0.000000e+00 9.988270e-01 1.173065e-03 0.000000e+00
 0.000000e+00 0.000000e+00 0.000000e+00 0.000000e+00 0.000000e+00 0.000000e+00 0.000000e+00 9.999394e-01 6.057900e-05
 0.000000e+00 0.000000e+00 0.000000e+00 0.000000e+00 0.000000e+00 0.000000e+00 0.000000e+00 0.000000e+00 0.000000e+00
<ENDHMM>
