~o
<STREAMINFO> 1 6
<VECSIZE> 6<NULLD><USER><DIAGC>
~h "SegundoPRIMARIA"
<BEGINHMM>
<NUMSTATES> 7
<STATE> 2
<NUMMIXES> 9
<MIXTURE> 1 1.100923e-01
<MEAN> 6
 9.857302e+01 7.538995e+01 2.109624e+02 -7.158960e+00 -4.771185e+01 -2.771444e+02
<VARIANCE> 6
 3.029701e+02 1.781094e+06 6.227386e+05 2.998645e+02 4.044808e+04 5.191738e+07
<GCONST> 7.855179e+01
<MIXTURE> 2 7.435230e-02
<MEAN> 6
 5.890983e+01 -4.420236e+02 -4.088450e+01 -1.888080e+01 -5.341381e+02 1.929794e+03
<VARIANCE> 6
 4.319194e+03 2.732914e+07 1.526870e+06 6.038336e+04 4.085768e+06 2.889646e+09
<GCONST> 9.877618e+01
<MIXTURE> 3 1.546293e-01
<MEAN> 6
 -3.245425e+01 -4.718610e+01 -1.155009e+00 8.239690e+01 4.975902e+02 -1.626597e+03
<VARIANCE> 6
 1.073788e+03 2.449092e+05 5.740599e+05 2.933431e+04 2.026829e+05 5.792349e+07
<GCONST> 8.405589e+01
<MIXTURE> 4 9.459526e-02
<MEAN> 6
 -6.677966e+01 6.444485e+01 -1.766846e+02 -3.496257e+00 1.615397e+02 3.641365e+02
<VARIANCE> 6
 2.551459e+02 4.171460e+05 1.170885e+06 7.121976e+02 6.750878e+04 5.191738e+07
<GCONST> 7.893710e+01
<MIXTURE> 5 1.465116e-01
<MEAN> 6
 7.299890e+01 -4.133843e+01 4.114919e+01 3.446107e+01 -4.530709e+02 -1.625903e+03
<VARIANCE> 6
 8.529299e+02 2.810341e+05 6.354222e+05 3.057376e+04 2.544763e+05 9.575639e+07
<GCONST> 8.483640e+01
<MIXTURE> 6 9.588360e-02
<MEAN> 6
 -4.484866e+01 -2.053650e+02 5.029329e+01 -7.624620e+01 1.297763e+03 1.228751e+03
<VARIANCE> 6
 6.438132e+02 5.943073e+05 1.122010e+06 5.137476e+04 9.210111e+05 5.866872e+08
<GCONST> 8.949059e+01
<MIXTURE> 7 9.135112e-02
<MEAN> 6
 7.643225e+01 4.206829e+02 -6.808785e+02 2.592474e+00 -2.288846e+01 -1.211752e+02
<VARIANCE> 6
 1.026236e+02 4.999110e+05 1.467584e+06 2.998645e+02 4.044808e+04 5.191738e+07
<GCONST> 7.705591e+01
<MIXTURE> 8 1.436578e-01
<MEAN> 6
 5.536218e+01 -1.829028e+02 5.956126e+00 -5.490716e+01 -7.067266e+02 1.664177e+03
<VARIANCE> 6
 1.183484e+03 4.212976e+05 1.085081e+06 5.606153e+04 5.008239e+05 1.907128e+08
<GCONST> 8.807623e+01
<MIXTURE> 9 8.861364e-02
<MEAN> 6
 6.890770e+01 -1.591833e+02 3.358188e+02 1.220378e+00 -1.519798e+01 -7.995818e+01
<VARIANCE> 6
 1.189966e+02 2.997519e+05 1.928114e+06 2.998645e+02 4.044808e+04 5.191738e+07
<GCONST> 7.696539e+01
<STATE> 3
<NUMMIXES> 9
<MIXTURE> 1 7.316665e-02
<MEAN> 6
 7.896329e+01 2.617003e+03 -2.103666e+02 -1.392431e+00 -7.806408e-01 -1.211570e+02
<VARIANCE> 6
 3.171274e+01 7.787675e+04 1.362684e+04 2.998645e+02 4.044808e+04 5.191738e+07
<GCONST> 6.934293e+01
<MIXTURE> 2 5.767445e-02
<MEAN> 6
 6.545107e+01 -2.703357e+02 -1.284688e+03 2.504396e+00 -5.310428e+00 2.201742e+01
<VARIANCE> 6
 3.171274e+01 1.309607e+04 1.362684e+04 2.998645e+02 4.044808e+04 5.191738e+07
<GCONST> 6.756012e+01
<MIXTURE> 3 8.594437e-02
<MEAN> 6
 6.046965e+01 -2.707700e+02 -5.085319e+02 8.637344e-01 -2.272422e-01 -6.154051e+01
<VARIANCE> 6
 3.171274e+01 3.148542e+05 1.362684e+04 2.998645e+02 4.044808e+04 5.191738e+07
<GCONST> 7.073991e+01
<MIXTURE> 4 1.734510e-01
<MEAN> 6
 8.426925e+01 1.122530e+03 -9.903939e+02 -2.708746e+00 -9.562910e-01 -7.225722e+00
<VARIANCE> 6
 5.096963e+01 2.448084e+04 8.588817e+04 2.998645e+02 4.044808e+04 5.191738e+07
<GCONST> 7.050121e+01
<MIXTURE> 5 1.093264e-01
<MEAN> 6
 7.801151e+01 -1.271102e+03 -7.209993e+02 -1.729014e+00 -9.735817e-01 -1.298585e+02
<VARIANCE> 6
 3.171274e+01 3.487927e+05 1.362684e+04 2.998645e+02 4.044808e+04 5.191738e+07
<GCONST> 7.084229e+01
<MIXTURE> 6 1.203141e-01
<MEAN> 6
 7.866575e+01 3.588016e+02 -7.227993e+02 9.709129e-02 -6.003683e+00 -5.585084e+00
<VARIANCE> 6
 3.171274e+01 6.478612e+04 4.219088e+04 2.998645e+02 4.044808e+04 5.191738e+07
<GCONST> 7.028906e+01
<MIXTURE> 7 1.596702e-01
<MEAN> 6
 6.077456e+01 -6.341210e+02 -5.868220e+02 1.620633e+00 -5.850006e+00 -3.097480e+01
<VARIANCE> 6
 3.171274e+01 5.039898e+05 1.362684e+04 2.998645e+02 4.044808e+04 5.191738e+07
<GCONST> 7.121036e+01
<MIXTURE> 8 9.250523e-02
<MEAN> 6
 5.916501e+01 -5.166671e+02 -4.638653e+02 1.350006e+00 1.350401e+00 -8.889854e+01
<VARIANCE> 6
 3.171274e+01 1.988699e+05 1.362684e+04 2.998645e+02 4.044808e+04 5.191738e+07
<GCONST> 7.028046e+01
<MIXTURE> 9 1.279224e-01
<MEAN> 6
 7.352434e+01 1.503186e+02 -8.795187e+02 -2.572039e+00 1.124997e+00 2.694816e+01
<VARIANCE> 6
 3.171274e+01 3.086133e+04 2.329686e+04 2.998645e+02 4.044808e+04 5.191738e+07
<GCONST> 6.895358e+01
<STATE> 4
<NUMMIXES> 9
<MIXTURE> 1 1.417396e-01
<MEAN> 6
 1.210524e+02 9.895906e+02 1.255794e+03 -3.747277e+00 8.552926e-01 -9.134488e+00
<VARIANCE> 6
 6.002547e+01 1.291996e+06 6.560098e+05 2.998645e+02 4.044808e+04 5.191738e+07
<GCONST> 7.666393e+01
<MIXTURE> 2 6.629922e-02
<MEAN> 6
 9.086153e+01 1.446202e+03 4.706638e+02 -3.001528e+00 -2.296852e+00 -7.430917e+01
<VARIANCE> 6
 1.562098e+02 1.064043e+05 1.362684e+04 2.998645e+02 4.044808e+04 5.191738e+07
<GCONST> 7.124953e+01
<MIXTURE> 3 1.229167e-01
<MEAN> 6
 9.531445e+01 -1.087682e+02 3.448542e+02 -1.909624e+00 -2.324733e+00 -3.281422e+01
<VARIANCE> 6
 3.171274e+01 4.151186e+04 2.876948e+05 2.998645e+02 4.044808e+04 5.191738e+07
<GCONST> 7.176364e+01
<MIXTURE> 4 8.756870e-02
<MEAN> 6
 9.998715e+01 -2.901990e+03 -5.642911e+01 -3.597737e+00 -3.571193e+00 -1.880985e+02
<VARIANCE> 6
 3.171274e+01 8.699062e+05 4.912420e+04 2.998645e+02 4.044808e+04 5.191738e+07
<GCONST> 7.303850e+01
<MIXTURE> 5 1.078155e-01
<MEAN> 6
 9.299665e+01 7.232797e+02 2.042646e+02 -2.683882e+00 -2.573494e+00 -1.823277e+01
<VARIANCE> 6
 3.171274e+01 6.290784e+04 1.362684e+04 2.998645e+02 4.044808e+04 5.191738e+07
<GCONST> 6.912947e+01
<MIXTURE> 6 1.168714e-01
<MEAN> 6
 9.042778e+01 -3.412894e+02 8.815057e+01 -1.652028e+00 -9.622216e-01 -1.042560e+02
<VARIANCE> 6
 3.171274e+01 1.382340e+05 4.471058e+04 2.998645e+02 4.044808e+04 5.191738e+07
<GCONST> 7.110492e+01
<MIXTURE> 7 9.154653e-02
<MEAN> 6
 9.469437e+01 -5.044738e+02 -5.288652e+02 1.223502e+00 -4.941706e+00 -1.453130e+02
<VARIANCE> 6
 3.171274e+01 1.314513e+04 1.362684e+04 2.998645e+02 4.044808e+04 5.191738e+07
<GCONST> 6.756386e+01
<MIXTURE> 8 1.434828e-01
<MEAN> 6
 8.464307e+01 3.266096e+02 4.439751e+02 -7.081047e-01 2.127907e+00 -9.536511e+01
<VARIANCE> 6
 3.171274e+01 1.050587e+05 1.362684e+04 2.998645e+02 4.044808e+04 5.191738e+07
<GCONST> 6.964232e+01
<MIXTURE> 9 1.216784e-01
<MEAN> 6
 9.223228e+01 -8.394237e+01 -1.075436e+01 -1.957147e+00 1.964115e+00 -8.449809e+01
<VARIANCE> 6
 3.171274e+01 2.361471e+04 2.373174e+05 2.998645e+02 4.044808e+04 5.191738e+07
<GCONST> 7.100703e+01
<STATE> 5
<NUMMIXES> 9
<MIXTURE> 1 8.266007e-02
<MEAN> 6
 7.187488e+01 7.174001e+01 4.334940e+02 1.244408e+00 -7.078276e-01 -1.632772e+02
<VARIANCE> 6
 3.171274e+01 6.755002e+05 6.521427e+04 2.998645e+02 4.044808e+04 5.191738e+07
<GCONST> 7.306889e+01
<MIXTURE> 2 1.255045e-01
<MEAN> 6
 7.793004e+01 1.746737e+02 5.795365e+01 4.099509e-01 -8.252157e+00 -7.531353e+01
<VARIANCE> 6
 3.171274e+01 2.870200e+04 1.362684e+04 2.998645e+02 4.044808e+04 5.191738e+07
<GCONST> 6.834477e+01
<MIXTURE> 3 9.586917e-02
<MEAN> 6
 6.576417e+01 2.984907e+02 -1.822563e+02 -1.601445e-01 -2.314355e+00 -1.137021e+02
<VARIANCE> 6
 3.171274e+01 2.769447e+05 1.362684e+04 2.998645e+02 4.044808e+04 5.191738e+07
<GCONST> 7.061162e+01
<MIXTURE> 4 1.496583e-01
<MEAN> 6
 7.095802e+01 -7.289832e+01 1.561183e+02 8.892270e-01 8.645924e-01 -1.465538e+02
<VARIANCE> 6
 3.171274e+01 1.390209e+04 1.362684e+04 2.998645e+02 4.044808e+04 5.191738e+07
<GCONST> 6.761984e+01
<MIXTURE> 5 9.559976e-02
<MEAN> 6
 7.460343e+01 6.767036e+01 -2.985756e+02 -3.869239e-01 -6.564476e+00 -1.253947e+02
<VARIANCE> 6
 3.171274e+01 1.309607e+04 1.362684e+04 2.998645e+02 4.044808e+04 5.191738e+07
<GCONST> 6.756012e+01
<MIXTURE> 6 1.712999e-01
<MEAN> 6
 6.251752e+01 1.031276e+02 -1.960619e+02 5.392507e-01 1.007491e+00 -1.280283e+02
<VARIANCE> 6
 3.815731e+01 1.986818e+05 1.362684e+04 2.998645e+02 4.044808e+04 5.191738e+07
<GCONST> 7.046451e+01
<MIXTURE> 7 8.467771e-02
<MEAN> 6
 6.797491e+01 -4.064145e+02 3.010180e+02 -2.732210e-01 2.146523e-01 -1.277024e+02
<VARIANCE> 6
 3.775142e+01 2.221243e+04 1.362684e+04 2.998645e+02 4.044808e+04 5.191738e+07
<GCONST> 6.826276e+01
<MIXTURE> 8 9.881017e-02
<MEAN> 6
 6.795863e+01 -3.049624e+01 -1.948140e+02 -6.670017e-01 -4.886161e+00 -5.000475e+00
<VARIANCE> 6
 3.171274e+01 3.451129e+05 1.362684e+04 2.998645e+02 4.044808e+04 5.191738e+07
<GCONST> 7.083167e+01
<MIXTURE> 9 9.578636e-02
<MEAN> 6
 7.264839e+01 4.499289e+01 -3.047864e+02 1.734608e-01 -5.098208e+00 -1.496427e+02
<VARIANCE> 6
 3.417442e+01 1.309607e+04 1.362684e+04 2.998645e+02 4.044808e+04 5.191738e+07
<GCONST> 6.763487e+01
<STATE> 6
<NUMMIXES> 9
<MIXTURE> 1 7.581485e-03
<MEAN> 6
 1.442790e+01 -2.535241e+02 8.659896e+01 4.775022e+01 -5.320311e+02 3.883213e+03
<VARIANCE> 6
 9.582534e+03 1.169106e+06 1.233317e+06 1.134691e+06 6.195484e+08 8.955443e+11
<GCONST> 1.098990e+02
<MIXTURE> 2 1.413112e-01
<MEAN> 6
 -3.513911e+00 9.182899e+01 2.811381e+01 1.245643e+02 3.638530e+02 -3.570380e+03
<VARIANCE> 6
 6.369241e+02 1.912354e+05 4.570529e+04 4.298298e+04 2.484063e+05 6.877722e+07
<GCONST> 8.151291e+01
<MIXTURE> 3 1.036518e-01
<MEAN> 6
 6.727287e+01 -9.152470e+00 7.727248e+01 -1.820992e+01 -7.874727e+02 5.930493e+02
<VARIANCE> 6
 2.789342e+03 8.231823e+05 6.661846e+05 5.966757e+04 2.647420e+06 1.433869e+09
<GCONST> 9.286036e+01
<MIXTURE> 4 8.335916e-02
<MEAN> 6
 9.883344e+01 6.286901e+00 3.023748e+01 -5.131757e+00 -2.275377e+01 -2.476290e+02
<VARIANCE> 6
 2.626344e+02 4.186715e+05 1.427973e+05 2.998645e+02 4.044808e+04 5.191738e+07
<GCONST> 7.548833e+01
<MIXTURE> 5 1.128672e-01
<MEAN> 6
 -3.576206e+01 2.110653e+01 -5.846708e+00 -1.258863e+02 1.415849e+03 3.364172e+03
<VARIANCE> 6
 5.903782e+02 1.538101e+05 1.305701e+05 5.198840e+04 1.134579e+06 8.178788e+08
<GCONST> 8.645394e+01
<MIXTURE> 6 1.527036e-01
<MEAN> 6
 6.884081e+01 6.176357e+01 6.531334e+01 5.337427e+01 -4.402928e+02 -9.152065e+02
<VARIANCE> 6
 6.903093e+02 2.090538e+05 1.443960e+05 3.418783e+04 1.741140e+05 5.191738e+07
<GCONST> 8.196732e+01
<MIXTURE> 7 1.585750e-01
<MEAN> 6
 -5.291466e+01 5.762289e+01 -1.200160e+00 2.333141e+01 5.233511e+02 4.599979e+02
<VARIANCE> 6
 2.315684e+02 1.857797e+05 1.242246e+05 5.696393e+03 2.142728e+05 5.558855e+07
<GCONST> 7.909038e+01
<MIXTURE> 8 1.542494e-01
<MEAN> 6
 7.213228e+01 -7.271614e+00 2.413283e+01 -7.986214e+01 -8.806172e+02 1.052966e+03
<VARIANCE> 6
 8.872897e+02 8.897121e+04 5.253781e+04 4.187360e+04 4.892688e+05 2.090554e+08
<GCONST> 8.298198e+01
<MIXTURE> 9 8.491609e-02
<MEAN> 6
 9.206400e+01 -2.072633e+02 -1.579259e+02 -5.596693e+00 -3.609354e+01 -2.702885e+02
<VARIANCE> 6
 2.266881e+02 4.092056e+05 1.090570e+05 2.998645e+02 4.044808e+04 5.191738e+07
<GCONST> 7.504871e+01
<TRANSP> 7
 0.000000e+00 1.000000e+00 0.000000e+00 0.000000e+00 0.000000e+00 0.000000e+00 0.000000e+00
 0.000000e+00 9.998448e-01 1.551866e-04 0.000000e+00 0.000000e+00 0.000000e+00 0.000000e+00
 0.000000e+00 0.000000e+00 9.981278e-01 1.872289e-03 0.000000e+00 0.000000e+00 0.000000e+00
 0.000000e+00 0.000000e+00 0.000000e+00 9.990929e-01 9.071291e-04 0.000000e+00 0.000000e+00
 0.000000e+00 0.000000e+00 0.000000e+00 0.000000e+00 9.994735e-01 5.265577e-04 0.000000e+00
 0.000000e+00 0.000000e+00 0.000000e+00 0.000000e+00 0.000000e+00 9.999397e-01 6.032482e-05
 0.000000e+00 0.000000e+00 0.000000e+00 0.000000e+00 0.000000e+00 0.000000e+00 0.000000e+00
<ENDHMM>
~h "SegundoESO"
<BEGINHMM>
<NUMSTATES> 7
<STATE> 2
<NUMMIXES> 9
<MIXTURE> 1 1.284219e-01
<MEAN> 6
 8.017648e+01 -3.619792e+03 5.438400e+03 -9.404400e-01 -1.576531e+01 -1.297657e+02
<VARIANCE> 6
 1.186959e+02 1.900457e+06 2.011209e+07 2.998645e+02 4.044808e+04 5.191738e+07
<GCONST> 8.115453e+01
<MIXTURE> 2 1.098958e-01
<MEAN> 6
 2.040113e+01 2.532651e+03 8.015536e+02 -4.302426e+01 -1.825838e+01 6.419479e+02
<VARIANCE> 6
 3.093227e+03 3.807221e+07 1.689870e+07 3.427628e+04 1.365501e+06 2.526124e+08
<GCONST> 9.707858e+01
<MIXTURE> 3 9.169242e-02
<MEAN> 6
 -1.477102e+01 1.779529e+03 -1.725340e+03 6.776906e+00 3.215595e+02 2.642909e+02
<VARIANCE> 6
 7.204370e+02 3.033319e+06 3.481223e+06 2.114220e+04 1.513948e+05 5.191738e+07
<GCONST> 8.724702e+01
<MIXTURE> 4 1.108324e-01
<MEAN> 6
 8.647899e+01 1.079257e+03 -5.138380e+02 -5.533847e+00 -2.724238e+01 -2.869537e+01
<VARIANCE> 6
 1.336895e+02 6.742442e+07 8.822801e+05 2.998645e+02 4.044808e+04 5.191738e+07
<GCONST> 8.171584e+01
<MIXTURE> 5 1.023172e-01
<MEAN> 6
 -4.050310e+01 -2.415093e+03 4.429671e+02 1.512258e+01 4.266379e+02 -2.355007e+02
<VARIANCE> 6
 3.845119e+02 8.367636e+06 5.056698e+05 1.210998e+04 1.927084e+05 5.191738e+07
<GCONST> 8.538864e+01
<MIXTURE> 6 1.525557e-01
<MEAN> 6
 6.740022e+01 1.678072e+03 -2.330797e+03 3.087308e+01 -3.477137e+02 -1.576181e+02
<VARIANCE> 6
 2.873344e+02 3.918394e+06 2.958128e+06 1.859010e+04 7.767789e+04 5.191738e+07
<GCONST> 8.562505e+01
<MIXTURE> 7 1.193601e-01
<MEAN> 6
 7.316510e+01 1.599863e+03 -7.547640e+02 2.787063e+00 -9.427939e+00 -9.534630e+01
<VARIANCE> 6
 5.748710e+01 1.137918e+06 3.363910e+06 2.998645e+02 4.044808e+04 5.191738e+07
<GCONST> 7.812842e+01
<MIXTURE> 8 8.831790e-02
<MEAN> 6
 6.076976e+01 -4.079504e+03 3.539379e+02 4.579964e+00 -3.113689e+02 -1.748663e+02
<VARIANCE> 6
 9.891836e+02 5.674936e+06 2.291579e+05 2.273442e+04 1.235031e+05 5.191738e+07
<GCONST> 8.533870e+01
<MIXTURE> 9 9.651917e-02
<MEAN> 6
 -2.598628e+00 1.399502e+03 -2.171601e+03 1.785714e+00 1.441002e+02 -3.821368e+02
<VARIANCE> 6
 6.342877e+02 3.467347e+06 3.040055e+06 2.470359e+04 4.947811e+04 5.191738e+07
<GCONST> 8.615521e+01
<STATE> 3
<NUMMIXES> 9
<MIXTURE> 1 8.616628e-02
<MEAN> 6
 7.441629e+01 4.443899e+02 1.190495e+02 -4.381159e-01 -4.339563e+00 -6.545061e+01
<VARIANCE> 6
 3.171274e+01 1.469124e+05 4.904871e+05 2.998645e+02 4.044808e+04 5.191738e+07
<GCONST> 7.356099e+01
<MIXTURE> 2 1.517651e-01
<MEAN> 6
 6.673404e+01 2.012200e+02 -3.504913e+03 1.951645e-02 -2.120092e+00 -6.370865e+01
<VARIANCE> 6
 7.771435e+01 1.616892e+05 8.558608e+06 2.998645e+02 4.044808e+04 5.191738e+07
<GCONST> 7.741245e+01
<MIXTURE> 3 1.741706e-01
<MEAN> 6
 6.891721e+01 -2.278348e+02 -2.173936e+01 -2.704822e-01 -3.729642e+00 -1.171613e+02
<VARIANCE> 6
 3.171274e+01 1.262275e+06 5.574863e+04 2.998645e+02 4.044808e+04 5.191738e+07
<GCONST> 7.353728e+01
<MIXTURE> 4 9.353705e-02
<MEAN> 6
 6.567274e+01 -2.554035e+02 2.438701e+02 -4.004627e-01 -3.313352e+00 -1.012533e+02
<VARIANCE> 6
 5.208542e+01 5.995903e+04 1.599577e+04 2.998645e+02 4.044808e+04 5.191738e+07
<GCONST> 6.973792e+01
<MIXTURE> 5 1.340975e-01
<MEAN> 6
 6.143785e+01 4.025943e+02 -3.942950e+02 6.201267e-04 -6.977007e-01 -1.166974e+02
<VARIANCE> 6
 3.171274e+01 2.142239e+06 5.741757e+04 2.998645e+02 4.044808e+04 5.191738e+07
<GCONST> 7.409572e+01
<MIXTURE> 6 9.319001e-02
<MEAN> 6
 7.448967e+01 1.210480e+00 7.084168e+02 -8.668734e-01 -3.236195e+00 -7.529108e+01
<VARIANCE> 6
 3.171274e+01 2.367111e+05 8.185461e+05 2.998645e+02 4.044808e+04 5.191738e+07
<GCONST> 7.455013e+01
<MIXTURE> 7 8.995218e-02
<MEAN> 6
 8.327574e+01 -7.814460e+02 1.172186e+02 -8.628491e-01 -4.886894e+00 -1.114030e+02
<VARIANCE> 6
 3.171274e+01 2.909569e+04 4.743229e+04 2.998645e+02 4.044808e+04 5.191738e+07
<GCONST> 6.960565e+01
<MIXTURE> 8 8.649030e-02
<MEAN> 6
 6.808518e+01 4.839297e+00 -1.032284e+02 -4.461344e-01 -1.891552e+00 -8.834348e+01
<VARIANCE> 6
 3.906411e+01 2.233978e+05 1.442885e+06 2.998645e+02 4.044808e+04 5.191738e+07
<GCONST> 7.526759e+01
<MIXTURE> 9 9.051290e-02
<MEAN> 6
 7.258350e+01 4.116591e+02 -2.135372e+02 -4.084573e-01 -4.193800e+00 -7.771247e+01
<VARIANCE> 6
 3.171274e+01 1.942217e+05 4.204641e+05 2.998645e+02 4.044808e+04 5.191738e+07
<GCONST> 7.368613e+01
<STATE> 4
<NUMMIXES> 9
<MIXTURE> 1 9.176706e-02
<MEAN> 6
 -4.322639e+01 2.021896e+02 6.871050e+02 -1.172694e+02 1.202078e+03 4.080498e+03
<VARIANCE> 6
 4.008332e+02 9.796251e+05 3.443825e+06 3.249327e+04 7.697964e+05 4.885264e+08
<GCONST> 8.981740e+01
<MIXTURE> 2 1.158728e-01
<MEAN> 6
 8.300198e+01 -1.856010e+02 3.177871e+02 -4.974175e+00 -1.737299e+02 -2.061243e+02
<VARIANCE> 6
 1.437481e+02 7.808189e+05 1.056453e+06 1.199016e+03 7.053708e+04 5.191738e+07
<GCONST> 7.945216e+01
<MIXTURE> 3 6.922974e-02
<MEAN> 6
 7.442174e+01 -1.187256e+02 3.045596e+02 1.939694e+01 -9.950886e+02 -3.947131e+02
<VARIANCE> 6
 5.269365e+02 2.334388e+06 8.571474e+06 3.080135e+04 8.301063e+05 5.505576e+08
<GCONST> 9.201262e+01
<MIXTURE> 4 8.219257e-02
<MEAN> 6
 -3.695425e+01 7.138966e+01 9.942206e+01 8.447208e+01 7.659875e+02 -1.550644e+03
<VARIANCE> 6
 2.719785e+02 5.493371e+05 2.569517e+05 1.887090e+04 1.858869e+05 5.866989e+07
<GCONST> 8.217180e+01
<MIXTURE> 5 1.691396e-01
<MEAN> 6
 1.990058e+01 4.756041e+01 4.155626e+01 7.290200e+01 -1.022082e+02 -1.418663e+03
<VARIANCE> 6
 6.450513e+02 4.716254e+05 1.127991e+06 3.616645e+04 7.397252e+04 5.191738e+07
<GCONST> 8.396898e+01
<MIXTURE> 6 9.568677e-02
<MEAN> 6
 -5.759340e+01 -7.165601e+01 8.836912e+01 1.444853e+01 2.588835e+02 -2.935553e+01
<VARIANCE> 6
 1.098170e+02 5.450128e+05 9.891079e+05 8.124159e+02 8.918325e+04 5.191738e+07
<GCONST> 7.860283e+01
<MIXTURE> 7 1.153900e-01
<MEAN> 6
 1.803389e+01 -1.386531e+02 1.831227e+01 -1.121553e+02 -1.825784e+02 2.868362e+03
<VARIANCE> 6
 6.690145e+02 2.520366e+06 2.756078e+05 4.625686e+04 2.139261e+05 1.227111e+08
<GCONST> 8.644041e+01
<MIXTURE> 8 1.775562e-01
<MEAN> 6
 6.821900e+01 -5.436477e+00 7.480119e+01 -8.965731e+00 -7.111155e+02 -3.241136e+02
<VARIANCE> 6
 2.341843e+02 7.590685e+05 3.898322e+05 2.335934e+04 1.491593e+05 5.191738e+07
<GCONST> 8.263338e+01
<MIXTURE> 9 8.232734e-02
<MEAN> 6
 -3.555126e+01 -7.607854e+01 -6.219867e+01 5.499608e+01 6.892953e+02 -2.592861e+03
<VARIANCE> 6
 3.140540e+02 5.655136e+05 3.127803e+05 2.408061e+04 1.732976e+05 8.515556e+07
<GCONST> 8.308749e+01
<STATE> 5
<NUMMIXES> 9
<MIXTURE> 1 1.076799e-01
<MEAN> 6
 7.074953e+01 -4.694614e+02 5.902209e+02 -3.384899e+00 5.258107e+00 6.844534e+01
<VARIANCE> 6
 9.846662e+01 5.493962e+06 5.142008e+05 2.998645e+02 4.044808e+04 5.191738e+07
<GCONST> 7.836278e+01
<MIXTURE> 2 1.030592e-01
<MEAN> 6
 5.870907e+01 5.659683e+02 5.986217e+01 3.155493e-01 1.333024e+00 -1.122068e+02
<VARIANCE> 6
 3.171274e+01 3.853004e+04 1.362684e+04 2.998645e+02 4.044808e+04 5.191738e+07
<GCONST> 6.863924e+01
<MIXTURE> 3 1.510531e-01
<MEAN> 6
 8.695335e+01 3.872532e+02 -1.503847e+02 -3.125956e+00 -1.925989e+00 3.939642e+01
<VARIANCE> 6
 1.155212e+02 1.652224e+05 1.169968e+05 2.998645e+02 4.044808e+04 5.191738e+07
<GCONST> 7.353793e+01
<MIXTURE> 4 7.573798e-02
<MEAN> 6
 9.346313e+01 9.867862e+02 -1.244017e+03 -5.051311e+00 -6.102785e-01 2.569592e+02
<VARIANCE> 6
 1.642844e+02 8.571214e+05 8.967594e+05 2.998645e+02 4.044808e+04 5.191738e+07
<GCONST> 7.757301e+01
<MIXTURE> 5 1.139511e-01
<MEAN> 6
 8.662038e+01 -7.521213e+01 -1.772812e+02 -3.705011e+00 -2.738558e+00 1.362191e+02
<VARIANCE> 6
 6.517999e+01 3.744230e+05 2.818256e+06 2.998645e+02 4.044808e+04 5.191738e+07
<GCONST> 7.696545e+01
<MIXTURE> 6 1.126475e-01
<MEAN> 6
 7.663298e+01 5.670838e+02 -7.626546e+01 -2.531477e+00 -1.747707e+00 5.340917e+01
<VARIANCE> 6
 3.171274e+01 6.915450e+05 1.875552e+05 2.998645e+02 4.044808e+04 5.191738e+07
<GCONST> 7.414876e+01
<MIXTURE> 7 1.508649e-01
<MEAN> 6
 6.251179e+01 1.242460e+02 -8.853204e+01 -2.162566e-01 -5.078860e+00 -1.225000e+02
<VARIANCE> 6
 3.171274e+01 3.084128e+04 1.362684e+04 2.998645e+02 4.044808e+04 5.191738e+07
<GCONST> 6.841666e+01
<MIXTURE> 8 1.081863e-01
<MEAN> 6
 8.165781e+01 -4.459882e+02 4.431919e+02 -3.514698e+00 -2.812110e+00 1.126292e+02
<VARIANCE> 6
 7.733510e+01 2.855351e+05 3.087500e+06 2.998645e+02 4.044808e+04 5.191738e+07
<GCONST> 7.695667e+01
<MIXTURE> 9 7.669609e-02
<MEAN> 6
 8.953027e+01 5.082820e+02 -1.584658e+03 -4.135991e+00 2.735681e-01 1.018708e+02
<VARIANCE> 6
 1.024366e+02 8.315035e+05 9.178211e+05 2.998645e+02 4.044808e+04 5.191738e+07
<GCONST> 7.709352e+01
<STATE> 6
<NUMMIXES> 9
<MIXTURE> 1 1.235307e-01
<MEAN> 6
 -1.482377e+01 8.656529e+01 1.326699e+02 -7.668261e+00 3.138363e+02 -1.780899e+03
<VARIANCE> 6
 2.835447e+02 1.825883e+05 2.274272e+05 3.260448e+04 1.095824e+05 8.085194e+07
<GCONST> 8.132897e+01
<MIXTURE> 2 7.297771e-02
<MEAN> 6
 4.460193e+01 4.844667e+01 2.622218e+01 -1.048689e+02 -5.183293e+02 4.155671e+03
<VARIANCE> 6
 1.408034e+03 2.751518e+05 4.618302e+04 2.995155e+04 9.845544e+05 4.635784e+08
<GCONST> 8.560443e+01
<MIXTURE> 3 1.505314e-01
<MEAN> 6
 3.737487e+01 -1.527234e+01 -4.755556e+01 1.616682e+02 -2.100585e+02 -1.421031e+03
<VARIANCE> 6
 6.003531e+02 1.034531e+05 6.573749e+04 3.479185e+03 7.570334e+04 5.191738e+07
<GCONST> 7.721938e+01
<MIXTURE> 4 1.551883e-01
<MEAN> 6
 7.557471e+01 -3.714945e+02 3.846995e+01 -6.601253e+00 -3.448760e+01 5.787733e+01
<VARIANCE> 6
 1.061756e+02 3.166790e+05 7.141318e+04 2.998645e+02 4.044808e+04 5.191738e+07
<GCONST> 7.361050e+01
<MIXTURE> 5 8.386688e-02
<MEAN> 6
 -4.451365e+01 7.437556e+01 -3.299387e+01 -2.289412e+01 1.084782e+03 1.700977e+02
<VARIANCE> 6
 1.661414e+02 7.677583e+04 9.686591e+04 2.182240e+04 3.073229e+05 1.929864e+08
<GCONST> 8.057431e+01
<MIXTURE> 6 1.304908e-01
<MEAN> 6
 1.532087e+01 9.044725e+00 6.182784e+01 -7.260238e+01 -4.080655e+01 1.475925e+03
<VARIANCE> 6
 6.206059e+02 2.035444e+05 4.518489e+04 2.841784e+04 7.140490e+04 5.191738e+07
<GCONST> 7.959618e+01
<MIXTURE> 7 8.457284e-02
<MEAN> 6
 7.204122e+01 -1.035818e+02 3.250976e+01 -1.612619e+01 -6.081437e+02 -2.709984e+02
<VARIANCE> 6
 1.489988e+02 2.231895e+05 5.702415e+04 9.952307e+03 1.514525e+05 5.444771e+07
<GCONST> 7.824454e+01
<MIXTURE> 8 1.204741e-01
<MEAN> 6
 -4.253981e+01 3.690217e+01 -1.379738e+01 2.443370e+01 4.950285e+02 -9.644648e+01
<VARIANCE> 6
 1.609410e+02 7.649827e+04 4.791713e+04 6.546420e+03 8.831217e+04 5.191738e+07
<GCONST> 7.607103e+01
<MIXTURE> 9 7.809966e-02
<MEAN> 6
 6.903038e+01 -2.337811e+02 -2.445410e+01 -5.346103e+01 -7.407112e+02 -3.233207e+02
<VARIANCE> 6
 1.654384e+02 6.645158e+05 9.694207e+04 1.256480e+04 1.988542e+05 6.821042e+07
<GCONST> 8.070163e+01
<TRANSP> 7
 0.000000e+00 1.000000e+00 0.000000e+00 0.000000e+00 0.000000e+00 0.000000e+00 0.000000e+00
 0.000000e+00 9.994715e-01 5.284844e-04 0.000000e+00 0.000000e+00 0.000000e+00 0.000000e+00
 0.000000e+00 0.000000e+00 9.997389e-01 2.610702e-04 0.000000e+00 0.000000e+00 0.000000e+00
 0.000000e+00 0.000000e+00 0.000000e+00 9.999300e-01 7.002306e-05 0.000000e+00 0.000000e+00
 0.000000e+00 0.000000e+00 0.000000e+00 0.000000e+00 9.995535e-01 4.465252e-04 0.000000e+00
 0.000000e+00 0.000000e+00 0.000000e+00 0.000000e+00 0.000000e+00 9.998017e-01 1.982923e-04
 0.000000e+00 0.000000e+00 0.000000e+00 0.000000e+00 0.000000e+00 0.000000e+00 0.000000e+00
<ENDHMM>
~h "QuintoPRIMARIA"
<BEGINHMM>
<NUMSTATES> 7
<STATE> 2
<NUMMIXES> 9
<MIXTURE> 1 1.523905e-01
<MEAN> 6
 8.247357e+01 3.766007e+02 5.444938e+02 -1.949518e+00 -3.594698e+01 -1.438575e+02
<VARIANCE> 6
 1.707457e+02 8.439831e+05 3.237352e+06 2.998645e+02 4.044808e+04 5.191738e+07
<GCONST> 7.887987e+01
<MIXTURE> 2 1.680896e-01
<MEAN> 6
 4.876770e+01 3.231670e+01 2.703957e+02 3.788079e+01 -4.074485e+02 -8.588672e+02
<VARIANCE> 6
 8.719930e+02 1.528398e+06 2.204135e+06 3.381763e+04 1.346690e+05 5.191738e+07
<GCONST> 8.664810e+01
<MIXTURE> 3 9.643516e-02
<MEAN> 6
 -2.818858e+01 -2.569217e+02 2.713250e+02 2.137058e+02 6.006804e+02 -3.491893e+03
<VARIANCE> 6
 5.270719e+02 3.988870e+05 1.406446e+06 6.440458e+03 2.075539e+05 5.191738e+07
<GCONST> 8.312628e+01
<MIXTURE> 4 1.228430e-01
<MEAN> 6
 -6.416271e+01 1.319877e+02 -1.178709e+02 1.186338e+01 2.957495e+02 2.276233e+02
<VARIANCE> 6
 1.440542e+02 7.496169e+05 1.708004e+06 1.668893e+03 1.137598e+05 5.191738e+07
<GCONST> 8.070253e+01
<MIXTURE> 5 4.654542e-02
<MEAN> 6
 4.442279e+01 -7.754197e+02 -1.870421e+03 -7.619234e+01 -5.389532e+02 3.038586e+03
<VARIANCE> 6
 2.600669e+03 1.529124e+07 1.175785e+07 5.497548e+04 3.154816e+06 1.719466e+09
<GCONST> 9.885797e+01
<MIXTURE> 6 1.098213e-01
<MEAN> 6
 -4.376896e+01 -7.586107e+01 -3.859843e+02 -1.477547e+02 9.899930e+02 2.593160e+03
<VARIANCE> 6
 4.959271e+02 7.505386e+05 3.083001e+06 2.287836e+04 8.643662e+05 4.001194e+08
<GCONST> 8.921863e+01
<MIXTURE> 7 7.951463e-02
<MEAN> 6
 6.889800e+01 -1.466454e+02 3.550527e+01 1.198030e+00 -2.418965e+01 -1.222846e+02
<VARIANCE> 6
 1.754914e+02 3.208156e+05 3.857218e+06 2.998645e+02 4.044808e+04 5.191738e+07
<GCONST> 7.811520e+01
<MIXTURE> 8 1.431623e-01
<MEAN> 6
 5.834616e+01 -1.853893e+02 -2.262732e+02 -5.555139e+01 -6.999716e+02 4.688277e+02
<VARIANCE> 6
 1.021612e+03 5.403777e+05 2.279010e+06 4.103492e+04 4.826996e+05 2.022671e+08
<GCONST> 8.863010e+01
<MIXTURE> 9 8.068793e-02
<MEAN> 6
 6.492867e+01 -2.786857e+02 -5.799643e+02 1.191805e+00 -1.793273e+01 -7.917343e+01
<VARIANCE> 6
 1.177736e+02 3.825587e+05 2.719060e+06 2.998645e+02 4.044808e+04 5.191738e+07
<GCONST> 7.754272e+01
<STATE> 3
<NUMMIXES> 9
<MIXTURE> 1 1.038428e-01
<MEAN> 6
 8.837774e+01 7.452786e+01 -1.917302e+02 -6.232786e-01 -9.700326e+00 -4.268279e+01
<VARIANCE> 6
 3.319583e+01 1.309607e+04 1.362684e+04 2.998645e+02 4.044808e+04 5.191738e+07
<GCONST> 6.760582e+01
<MIXTURE> 2 5.890268e-02
<MEAN> 6
 4.146879e+01 -4.854211e+02 8.405155e+01 5.010775e+00 3.699189e-01 -7.987381e+01
<VARIANCE> 6
 1.134334e+02 1.309607e+04 4.908376e+04 2.998645e+02 4.044808e+04 5.191738e+07
<GCONST> 7.011610e+01
<MIXTURE> 3 5.199980e-02
<MEAN> 6
 1.196426e+02 -2.380347e+03 2.675025e+01 -1.617545e+00 -1.064058e+00 2.967311e+01
<VARIANCE> 6
 3.171274e+01 7.487704e+04 1.362684e+04 2.998645e+02 4.044808e+04 5.191738e+07
<GCONST> 6.930365e+01
<MIXTURE> 4 1.647194e-01
<MEAN> 6
 7.136747e+01 -6.482139e+02 1.362973e+02 -5.707341e-01 -3.241025e+00 -1.352971e+02
<VARIANCE> 6
 3.171274e+01 1.344646e+04 1.362684e+04 2.998645e+02 4.044808e+04 5.191738e+07
<GCONST> 6.758652e+01
<MIXTURE> 5 1.837435e-01
<MEAN> 6
 8.556614e+01 -1.136605e+02 -8.555835e+00 -6.950325e-02 3.411280e+00 -5.582588e+01
<VARIANCE> 6
 3.171274e+01 1.358372e+04 1.362684e+04 2.998645e+02 4.044808e+04 5.191738e+07
<GCONST> 6.759668e+01
<MIXTURE> 6 1.210533e-01
<MEAN> 6
 8.503448e+01 -5.262910e+00 -1.328943e+02 -1.099064e-01 -5.704166e-01 -1.917383e+01
<VARIANCE> 6
 3.171274e+01 1.309607e+04 2.302693e+04 2.998645e+02 4.044808e+04 5.191738e+07
<GCONST> 6.808473e+01
<MIXTURE> 7 1.311972e-01
<MEAN> 6
 8.148303e+01 -1.563098e+02 -2.696024e+02 4.876636e-01 -9.055832e+00 -4.251930e+00
<VARIANCE> 6
 3.171274e+01 1.309607e+04 1.362684e+04 2.998645e+02 4.044808e+04 5.191738e+07
<GCONST> 6.756012e+01
<MIXTURE> 8 7.634097e-02
<MEAN> 6
 6.231131e+01 -1.094538e+03 3.883054e+02 3.605572e+00 -5.736850e+00 2.917893e+01
<VARIANCE> 6
 4.643396e+01 1.309607e+04 3.090733e+04 2.998645e+02 4.044808e+04 5.191738e+07
<GCONST> 6.876038e+01
<MIXTURE> 9 1.081910e-01
<MEAN> 6
 8.552624e+01 3.786922e+01 -2.160229e+02 4.126583e-02 -6.526541e+00 -6.508463e+00
<VARIANCE> 6
 3.171274e+01 1.309607e+04 1.362684e+04 2.998645e+02 4.044808e+04 5.191738e+07
<GCONST> 6.756012e+01
<STATE> 4
<NUMMIXES> 9
<MIXTURE> 1 5.632564e-02
<MEAN> 6
 6.110057e+01 3.275500e+03 7.433475e+02 -3.687858e-01 -3.641559e+00 8.676817e+01
<VARIANCE> 6
 8.766042e+01 1.633783e+06 2.469937e+06 2.998645e+02 4.044808e+04 5.191738e+07
<GCONST> 7.860312e+01
<MIXTURE> 2 1.001280e-01
<MEAN> 6
 9.997697e+01 5.734709e+02 -2.143178e+02 -3.976257e+00 -2.154119e+00 1.183766e+02
<VARIANCE> 6
 1.035291e+02 3.333863e+04 7.290672e+05 2.998645e+02 4.044808e+04 5.191738e+07
<GCONST> 7.365738e+01
<MIXTURE> 3 1.344421e-01
<MEAN> 6
 9.732687e+01 5.388335e+02 2.518948e+03 -2.715358e+00 -3.519245e+00 4.782003e+01
<VARIANCE> 6
 3.964037e+01 3.115412e+05 4.270944e+05 2.998645e+02 4.044808e+04 5.191738e+07
<GCONST> 7.439743e+01
<MIXTURE> 4 1.326341e-01
<MEAN> 6
 7.966311e+01 1.141964e+03 -1.476842e+02 -2.675552e+00 -7.795930e+00 1.669123e+01
<VARIANCE> 6
 3.348783e+01 3.919462e+05 6.572891e+05 2.998645e+02 4.044808e+04 5.191738e+07
<GCONST> 7.488947e+01
<MIXTURE> 5 9.430007e-02
<MEAN> 6
 9.755173e+01 -4.998977e+02 -5.436068e+02 -9.640727e-01 -2.578340e+00 -8.268899e+01
<VARIANCE> 6
 3.199670e+01 1.309607e+04 1.362684e+04 2.998645e+02 4.044808e+04 5.191738e+07
<GCONST> 6.756903e+01
<MIXTURE> 6 1.349233e-01
<MEAN> 6
 6.392583e+01 1.226492e+03 -6.344846e+02 -9.066021e-01 -3.328859e+00 -7.443011e+01
<VARIANCE> 6
 3.171274e+01 4.399488e+04 1.207870e+05 2.998645e+02 4.044808e+04 5.191738e+07
<GCONST> 7.095386e+01
<MIXTURE> 7 5.876184e-02
<MEAN> 6
 8.011546e+01 -6.161837e+02 2.559276e+03 -2.268278e+00 4.811468e-02 2.266942e+01
<VARIANCE> 6
 3.171274e+01 3.604734e+04 6.729361e+05 2.998645e+02 4.044808e+04 5.191738e+07
<GCONST> 7.247224e+01
<MIXTURE> 8 1.311909e-01
<MEAN> 6
 9.574901e+01 5.994193e+02 -1.168054e+03 -2.447335e+00 6.036862e-01 7.895066e+00
<VARIANCE> 6
 3.557841e+01 3.358456e+04 1.484175e+06 2.998645e+02 4.044808e+04 5.191738e+07
<GCONST> 7.330746e+01
<MIXTURE> 9 1.572543e-01
<MEAN> 6
 7.680831e+01 6.987158e+02 -5.239871e+02 -1.862099e+00 -2.474052e+00 7.204916e+00
<VARIANCE> 6
 3.448814e+01 1.255031e+05 5.889862e+05 2.998645e+02 4.044808e+04 5.191738e+07
<GCONST> 7.367039e+01
<STATE> 5
<NUMMIXES> 9
<MIXTURE> 1 1.216024e-01
<MEAN> 6
 7.563042e+01 1.741046e+02 8.799141e+01 3.304178e-01 -8.650426e+00 -1.925149e+02
<VARIANCE> 6
 3.171274e+01 1.309607e+04 1.362684e+04 2.998645e+02 4.044808e+04 5.191738e+07
<GCONST> 6.756012e+01
<MIXTURE> 2 1.169679e-01
<MEAN> 6
 6.153149e+01 3.003516e+02 -2.551856e+02 4.062101e-02 -2.107241e+00 -1.493839e+02
<VARIANCE> 6
 3.497562e+01 3.350904e+04 3.745806e+04 2.998645e+02 4.044808e+04 5.191738e+07
<GCONST> 6.960873e+01
<MIXTURE> 3 1.023327e-01
<MEAN> 6
 5.765009e+01 2.497638e+01 3.371371e+02 -6.878759e-02 -8.478087e-01 -1.646872e+02
<VARIANCE> 6
 3.171274e+01 1.309607e+04 1.902116e+04 2.998645e+02 4.044808e+04 5.191738e+07
<GCONST> 6.789363e+01
<MIXTURE> 4 1.277768e-01
<MEAN> 6
 6.385972e+01 2.461176e+01 -4.629798e+02 -2.344443e-01 -6.137250e+00 -1.493550e+02
<VARIANCE> 6
 3.171274e+01 2.086979e+04 2.479140e+04 2.998645e+02 4.044808e+04 5.191738e+07
<GCONST> 6.862456e+01
<MIXTURE> 5 9.127899e-02
<MEAN> 6
 5.814341e+01 -2.136550e+02 3.664909e+02 -5.181309e-01 -4.160007e+00 -3.909187e+01
<VARIANCE> 6
 3.171274e+01 1.309607e+04 2.186771e+05 2.998645e+02 4.044808e+04 5.191738e+07
<GCONST> 7.033566e+01
<MIXTURE> 6 1.542540e-01
<MEAN> 6
 6.222913e+01 -1.630422e+02 -4.798931e+02 -2.800579e-01 -5.466072e+00 -1.414930e+02
<VARIANCE> 6
 3.171274e+01 1.309607e+04 3.527429e+04 2.998645e+02 4.044808e+04 5.191738e+07
<GCONST> 6.851123e+01
<MIXTURE> 7 9.542240e-02
<MEAN> 6
 6.036617e+01 -1.881142e+01 2.124956e+01 7.613055e-02 -8.036720e+00 -1.942120e+02
<VARIANCE> 6
 3.171274e+01 1.309607e+04 1.362684e+04 2.998645e+02 4.044808e+04 5.191738e+07
<GCONST> 6.756012e+01
<MIXTURE> 8 8.293119e-02
<MEAN> 6
 5.796717e+01 1.252627e+01 2.428531e+02 1.222885e-02 -2.651640e+00 -1.782635e+02
<VARIANCE> 6
 3.171274e+01 1.309607e+04 3.749839e+04 2.998645e+02 4.044808e+04 5.191738e+07
<GCONST> 6.857237e+01
<MIXTURE> 9 1.073387e-01
<MEAN> 6
 5.811212e+01 -7.922545e+01 -3.182679e+01 -4.407616e-02 -8.278119e+00 -1.633150e+02
<VARIANCE> 6
 3.171274e+01 1.309607e+04 1.362684e+04 2.998645e+02 4.044808e+04 5.191738e+07
<GCONST> 6.756012e+01
<STATE> 6
<NUMMIXES> 9
<MIXTURE> 1 1.006051e-01
<MEAN> 6
 8.154616e+01 7.128448e+01 7.227699e+01 -7.393748e+00 -1.567157e+01 -2.795419e+02
<VARIANCE> 6
 1.461580e+02 3.371907e+05 1.715794e+05 2.998645e+02 4.044808e+04 5.191738e+07
<GCONST> 7.486943e+01
<MIXTURE> 2 1.556318e-02
<MEAN> 6
 -8.994439e+00 1.563116e+02 1.262962e+02 -3.181434e+01 -6.664044e+00 4.209958e+03
<VARIANCE> 6
 1.140187e+04 1.945539e+05 4.163823e+05 1.745359e+06 9.523380e+08 1.400520e+12
<GCONST> 1.085014e+02
<MIXTURE> 3 8.126635e-02
<MEAN> 6
 7.924520e+01 9.694736e+01 2.111983e+02 1.265579e+01 -8.592181e+02 4.002753e+02
<VARIANCE> 6
 6.154691e+02 1.426521e+06 1.350114e+06 2.618596e+04 1.353604e+06 8.672632e+08
<GCONST> 9.060822e+01
<MIXTURE> 4 1.274609e-01
<MEAN> 6
 -2.862428e+01 2.390614e+01 1.916560e+02 6.549857e+01 6.009103e+02 -2.400108e+03
<VARIANCE> 6
 8.290458e+02 1.694157e+05 3.554222e+05 3.189282e+04 2.963381e+05 5.736963e+07
<GCONST> 8.340313e+01
<MIXTURE> 5 1.830130e-01
<MEAN> 6
 5.989535e+01 1.968501e+00 -2.038613e+01 3.135627e+01 -5.092795e+02 -6.890370e+02
<VARIANCE> 6
 4.944709e+02 2.400048e+05 1.529081e+05 2.644405e+04 1.670354e+05 5.191738e+07
<GCONST> 8.153067e+01
<MIXTURE> 6 1.013074e-01
<MEAN> 6
 -3.590652e+01 -2.957998e+02 -3.883974e+00 -7.319442e+01 1.058370e+03 2.502096e+03
<VARIANCE> 6
 7.883562e+02 8.614553e+05 2.126347e+05 4.885363e+04 1.214261e+06 7.476730e+08
<GCONST> 8.886963e+01
<MIXTURE> 7 1.691417e-01
<MEAN> 6
 3.714572e+01 9.071676e+00 1.198788e+01 -5.318414e+01 -3.817340e+02 7.221359e+02
<VARIANCE> 6
 1.146470e+03 4.676902e+04 5.588049e+04 4.460229e+04 4.637381e+05 1.802592e+08
<GCONST> 8.251817e+01
<MIXTURE> 8 1.145042e-01
<MEAN> 6
 -4.823451e+01 2.914224e+01 1.216272e+01 3.186149e+01 4.317421e+02 2.851053e+02
<VARIANCE> 6
 2.963199e+02 4.925461e+04 7.111666e+04 4.228764e+03 1.431380e+05 5.191738e+07
<GCONST> 7.668193e+01
<MIXTURE> 9 1.064379e-01
<MEAN> 6
 7.813734e+01 -1.261166e+02 -6.767627e+01 -6.229858e+00 -2.768256e+01 -2.274077e+02
<VARIANCE> 6
 1.093345e+02 1.835891e+05 1.158642e+05 2.998645e+02 4.044808e+04 5.191738e+07
<GCONST> 7.357857e+01
<TRANSP> 7
 0.000000e+00 1.000000e+00 0.000000e+00 0.000000e+00 0.000000e+00 0.000000e+00 0.000000e+00
 0.000000e+00 9.998986e-01 1.013729e-04 0.000000e+00 0.000000e+00 0.000000e+00 0.000000e+00
 0.000000e+00 0.000000e+00 9.986274e-01 1.372687e-03 0.000000e+00 0.000000e+00 0.000000e+00
 0.000000e+00 0.000000e+00 0.000000e+00 9.992740e-01 7.260452e-04 0.000000e+00 0.000000e+00
 0.000000e+00 0.000000e+00 0.000000e+00 0.000000e+00 9.993503e-01 6.496650e-04 0.000000e+00
 0.000000e+00 0.000000e+00 0.000000e+00 0.000000e+00 0.000000e+00 9.999303e-01 6.969323e-05
 0.000000e+00 0.000000e+00 0.000000e+00 0.000000e+00 0.000000e+00 0.000000e+00 0.000000e+00
<ENDHMM>
