~o
<STREAMINFO> 1 6
<VECSIZE> 6<NULLD><USER><DIAGC>
~h "SegundoPRIMARIA"
<BEGINHMM>
<NUMSTATES> 11
<STATE> 2
<NUMMIXES> 15
<MIXTURE> 1 6.516830e-02
<MEAN> 6
 9.030315e+01 2.731397e+02 -2.724882e+02 1.901423e+00 -5.777585e+01 -2.936166e+02
<VARIANCE> 6
 5.126951e+02 5.895149e+05 1.517471e+06 2.998198e+02 4.022584e+04 5.158639e+07
<GCONST> 7.885077e+01
<MIXTURE> 2 6.400260e-02
<MEAN> 6
 -3.070595e+01 1.141131e+02 -2.169131e+01 -1.832428e+02 1.307663e+03 5.754598e+03
<VARIANCE> 6
 8.431842e+02 2.491180e+05 2.102809e+06 6.407354e+04 1.504971e+06 1.190606e+09
<GCONST> 9.093871e+01
<MIXTURE> 3 6.834635e-02
<MEAN> 6
 1.487241e+00 6.736977e+01 1.096985e+02 8.062231e+01 1.942134e+02 -3.711636e+03
<VARIANCE> 6
 4.422899e+02 1.294972e+05 3.739363e+05 5.736637e+04 1.393040e+05 8.589244e+07
<GCONST> 8.279272e+01
<MIXTURE> 4 8.517190e-02
<MEAN> 6
 -5.280874e+01 1.542707e+01 -3.034065e+01 5.280843e+01 5.598181e+02 9.660959e+01
<VARIANCE> 6
 3.968295e+02 2.096352e+05 2.005665e+06 1.143882e+04 8.842038e+04 5.158639e+07
<GCONST> 8.226877e+01
<MIXTURE> 5 6.634860e-02
<MEAN> 6
 8.986822e+01 -1.458216e+02 -4.341752e+01 6.436553e+01 -1.137263e+03 -5.049865e+02
<VARIANCE> 6
 7.063422e+02 6.167039e+05 1.419680e+06 2.859152e+04 1.425845e+06 7.433639e+08
<GCONST> 8.994328e+01
<MIXTURE> 6 4.965508e-02
<MEAN> 6
 7.904288e+01 1.946369e+02 -1.577003e+03 2.340856e-01 -1.198355e+01 -5.957024e+01
<VARIANCE> 6
 3.185104e+01 2.247210e+04 5.936176e+05 2.998198e+02 4.022584e+04 5.158639e+07
<GCONST> 7.186657e+01
<MIXTURE> 7 9.728733e-02
<MEAN> 6
 9.666396e+01 5.859090e+00 2.667933e+02 -2.594177e+01 -4.438563e+02 -1.277419e+03
<VARIANCE> 6
 3.425794e+02 8.128512e+04 4.984542e+05 6.825308e+03 2.329795e+05 6.663956e+07
<GCONST> 8.049065e+01
<MIXTURE> 8 8.024390e-02
<MEAN> 6
 -6.443425e+01 -8.348694e+00 -2.413378e+02 -5.250840e+00 1.405617e+02 7.460739e+01
<VARIANCE> 6
 3.817443e+02 1.260541e+05 9.885529e+05 6.084421e+02 4.403876e+04 5.158639e+07
<GCONST> 7.738297e+01
<MIXTURE> 9 6.043670e-02
<MEAN> 6
 4.718599e+01 3.394324e+01 6.950500e+01 1.913599e+02 -3.221422e+02 -4.925914e+02
<VARIANCE> 6
 5.496479e+02 1.267194e+05 7.203471e+05 6.684376e+03 1.513873e+05 5.158639e+07
<GCONST> 8.106765e+01
<MIXTURE> 10 9.140459e-02
<MEAN> 6
 -4.922219e+01 9.023669e+00 -1.767467e+02 3.134195e+01 9.745413e+02 -9.729476e+02
<VARIANCE> 6
 5.160076e+02 8.499788e+04 2.035387e+05 3.151858e+04 2.885500e+05 1.486267e+08
<GCONST> 8.259528e+01
<MIXTURE> 11 7.492420e-02
<MEAN> 6
 4.717438e+01 5.299209e+01 1.982613e+02 -2.722575e+02 -9.460988e+02 4.819584e+03
<VARIANCE> 6
 5.993499e+02 1.438562e+05 1.373016e+06 1.062163e+04 6.104459e+05 1.679574e+08
<GCONST> 8.496402e+01
<MIXTURE> 12 5.012786e-02
<MEAN> 6
 6.504369e+01 1.265156e+02 -6.726846e+00 1.859808e+00 -2.050762e+01 -5.420767e+01
<VARIANCE> 6
 3.484133e+01 1.196894e+05 5.985151e+05 2.998198e+02 4.022584e+04 5.158639e+07
<GCONST> 7.363715e+01
<MIXTURE> 13 4.467801e-02
<MEAN> 6
 7.203410e+01 -5.655552e+02 2.404181e+03 -1.000638e+00 -8.011893e+00 2.372243e+01
<VARIANCE> 6
 2.232243e+02 1.140084e+05 1.387417e+06 2.998198e+02 4.022584e+04 5.158639e+07
<GCONST> 7.628664e+01
<MIXTURE> 14 5.182350e-02
<MEAN> 6
 5.477628e+01 -8.012210e+01 -2.843728e+02 1.312824e+02 -5.519311e+02 -3.737978e+03
<VARIANCE> 6
 6.801973e+02 2.159432e+05 2.229547e+06 2.965490e+04 2.293944e+05 7.459404e+07
<GCONST> 8.521787e+01
<MIXTURE> 15 5.015018e-02
<MEAN> 6
 6.651866e+01 -7.384709e+00 -2.797201e+02 8.186474e-01 -2.156492e+01 -1.045303e+02
<VARIANCE> 6
 3.198138e+01 1.127198e+05 5.336210e+05 2.998198e+02 4.022584e+04 5.158639e+07
<GCONST> 7.337673e+01
<STATE> 3
<NUMMIXES> 15
<MIXTURE> 1 9.986359e-02
<MEAN> 6
 9.509032e+01 7.977323e+02 2.148952e+02 -3.502244e+00 -5.217100e-01 -1.552239e+01
<VARIANCE> 6
 3.185104e+01 1.195217e+04 1.387160e+04 2.998198e+02 4.022584e+04 5.158639e+07
<GCONST> 6.747881e+01
<MIXTURE> 2 6.378804e-02
<MEAN> 6
 8.981578e+01 -8.645831e+01 -6.925024e+02 -2.741777e+00 4.500965e+00 -1.057957e+02
<VARIANCE> 6
 3.185104e+01 1.195217e+04 4.025921e+04 2.998198e+02 4.022584e+04 5.158639e+07
<GCONST> 6.854431e+01
<MIXTURE> 3 5.677467e-02
<MEAN> 6
 9.463609e+01 -3.504661e+02 -5.504361e+02 -1.204931e+00 -1.973821e+00 1.094607e+01
<VARIANCE> 6
 3.185104e+01 1.195217e+04 1.387160e+04 2.998198e+02 4.022584e+04 5.158639e+07
<GCONST> 6.747881e+01
<MIXTURE> 4 8.313634e-02
<MEAN> 6
 9.150911e+01 1.172361e+02 1.363276e+02 -2.826786e+00 -5.729657e+00 1.228526e+01
<VARIANCE> 6
 3.185104e+01 1.278261e+04 1.387160e+04 2.998198e+02 4.022584e+04 5.158639e+07
<GCONST> 6.754599e+01
<MIXTURE> 5 3.184630e-02
<MEAN> 6
 9.546824e+01 -8.254907e+02 -1.976733e+01 -1.286802e-01 -1.043279e+01 3.530151e+02
<VARIANCE> 6
 3.185104e+01 4.427802e+04 1.387160e+04 2.998198e+02 4.022584e+04 5.158639e+07
<GCONST> 6.878839e+01
<MIXTURE> 6 8.251916e-02
<MEAN> 6
 8.995621e+01 4.610052e+02 1.417606e+02 -1.557997e+00 -7.140622e-01 -7.984861e+01
<VARIANCE> 6
 3.185104e+01 2.066048e+05 1.387160e+04 2.998198e+02 4.022584e+04 5.158639e+07
<GCONST> 7.032871e+01
<MIXTURE> 7 5.225491e-02
<MEAN> 6
 9.294782e+01 -5.591425e+02 -5.388441e+02 1.558954e+00 -2.037759e+00 -1.825236e+02
<VARIANCE> 6
 3.185104e+01 1.195217e+04 1.387160e+04 2.998198e+02 4.022584e+04 5.158639e+07
<GCONST> 6.747881e+01
<MIXTURE> 8 4.939200e-02
<MEAN> 6
 9.325288e+01 -5.932743e+01 2.785305e+01 -4.697613e-01 4.163653e+00 -9.096862e+01
<VARIANCE> 6
 3.185104e+01 1.415507e+04 1.549224e+04 2.998198e+02 4.022584e+04 5.158639e+07
<GCONST> 6.775847e+01
<MIXTURE> 9 9.098617e-02
<MEAN> 6
 8.595875e+01 1.026918e+02 -4.088239e+01 5.366028e-01 2.129657e-01 -8.841583e+00
<VARIANCE> 6
 3.185104e+01 4.207857e+04 1.387160e+04 2.998198e+02 4.022584e+04 5.158639e+07
<GCONST> 6.873744e+01
<MIXTURE> 10 5.475719e-02
<MEAN> 6
 8.874051e+01 -5.388787e+02 3.446721e+02 -9.208403e-01 -1.296468e+01 2.919600e+02
<VARIANCE> 6
 3.185104e+01 7.121379e+04 1.387160e+04 2.998198e+02 4.022584e+04 5.158639e+07
<GCONST> 6.926359e+01
<MIXTURE> 11 8.029085e-02
<MEAN> 6
 9.233540e+01 4.756564e+01 1.215409e+02 -2.127481e+00 -2.621664e+00 -4.737335e+01
<VARIANCE> 6
 3.185104e+01 1.208548e+04 1.387160e+04 2.998198e+02 4.022584e+04 5.158639e+07
<GCONST> 6.748991e+01
<MIXTURE> 12 9.604134e-02
<MEAN> 6
 8.643073e+01 -2.422453e+02 -5.633363e+01 -2.093201e+00 8.297841e-01 -1.417709e+02
<VARIANCE> 6
 3.185104e+01 4.576741e+04 1.387160e+04 2.998198e+02 4.022584e+04 5.158639e+07
<GCONST> 6.882147e+01
<MIXTURE> 13 4.957272e-02
<MEAN> 6
 9.522538e+01 -6.069807e+01 -3.343785e+01 -7.076173e-01 4.457113e+00 -1.103236e+02
<VARIANCE> 6
 3.185104e+01 1.195217e+04 1.889033e+04 2.998198e+02 4.022584e+04 5.158639e+07
<GCONST> 6.778762e+01
<MIXTURE> 14 5.655384e-02
<MEAN> 6
 9.472693e+01 -3.571892e+02 -5.503721e+02 -1.133543e+00 -2.984569e+00 -6.450873e+00
<VARIANCE> 6
 3.185104e+01 1.195217e+04 1.387160e+04 2.998198e+02 4.022584e+04 5.158639e+07
<GCONST> 6.747881e+01
<MIXTURE> 15 5.219149e-02
<MEAN> 6
 9.261779e+01 -5.702120e+02 -5.395259e+02 1.564580e+00 -6.838474e-01 -1.604940e+02
<VARIANCE> 6
 3.185104e+01 1.195217e+04 1.387160e+04 2.998198e+02 4.022584e+04 5.158639e+07
<GCONST> 6.747881e+01
<STATE> 4
<NUMMIXES> 15
<MIXTURE> 1 6.086454e-02
<MEAN> 6
 7.400282e+01 6.133571e+01 1.563588e+02 -1.171424e+00 -4.123655e+00 5.477471e+00
<VARIANCE> 6
 3.185104e+01 1.195217e+04 1.387160e+04 2.998198e+02 4.022584e+04 5.158639e+07
<GCONST> 6.747881e+01
<MIXTURE> 2 6.203152e-02
<MEAN> 6
 7.619446e+01 3.771714e+02 9.006909e+01 7.242611e-01 5.687529e+00 1.218478e+02
<VARIANCE> 6
 3.185104e+01 1.195217e+04 1.409217e+04 2.998198e+02 4.022584e+04 5.158639e+07
<GCONST> 6.749459e+01
<MIXTURE> 3 2.158122e-03
<MEAN> 6
 7.654951e+01 -4.162401e+02 -3.718944e+02 -2.853208e+00 -4.529321e+01 1.418929e+03
<VARIANCE> 6
 1.675418e+02 7.653659e+05 3.186224e+05 2.998198e+02 4.022584e+04 5.158639e+07
<GCONST> 7.643258e+01
<MIXTURE> 4 7.570856e-02
<MEAN> 6
 6.782058e+01 -6.194887e+01 1.266098e+02 1.045558e+00 2.793457e+00 -4.885440e+01
<VARIANCE> 6
 3.185104e+01 1.195217e+04 5.367823e+04 2.998198e+02 4.022584e+04 5.158639e+07
<GCONST> 6.883198e+01
<MIXTURE> 5 8.061849e-02
<MEAN> 6
 7.438793e+01 1.046460e+02 -2.375730e+02 -1.068794e+00 -5.957918e+00 -5.061073e+01
<VARIANCE> 6
 3.185104e+01 1.237662e+04 1.387160e+04 2.998198e+02 4.022584e+04 5.158639e+07
<GCONST> 6.751371e+01
<MIXTURE> 6 8.892518e-02
<MEAN> 6
 6.888366e+01 -1.502110e+02 1.564048e+02 1.193966e+00 3.133024e+00 -1.310186e+02
<VARIANCE> 6
 3.185104e+01 1.195217e+04 1.387160e+04 2.998198e+02 4.022584e+04 5.158639e+07
<GCONST> 6.747881e+01
<MIXTURE> 7 7.026815e-02
<MEAN> 6
 6.956408e+01 1.507777e+02 -3.827468e+02 2.529700e+00 1.400701e+00 -1.091388e+02
<VARIANCE> 6
 3.185104e+01 1.195217e+04 1.387160e+04 2.998198e+02 4.022584e+04 5.158639e+07
<GCONST> 6.747881e+01
<MIXTURE> 8 5.432811e-02
<MEAN> 6
 7.338585e+01 3.871903e+01 1.657349e+02 -7.970411e-01 -2.807682e+00 -4.722133e+01
<VARIANCE> 6
 3.185104e+01 1.195217e+04 1.387160e+04 2.998198e+02 4.022584e+04 5.158639e+07
<GCONST> 6.747881e+01
<MIXTURE> 9 7.624902e-02
<MEAN> 6
 7.461067e+01 6.156123e+01 -2.613715e+02 -7.430968e-01 -5.370111e+00 -7.341223e+01
<VARIANCE> 6
 3.185104e+01 1.195217e+04 1.387160e+04 2.998198e+02 4.022584e+04 5.158639e+07
<GCONST> 6.747881e+01
<MIXTURE> 10 5.476278e-02
<MEAN> 6
 6.686192e+01 8.761111e+01 -4.078948e+02 5.359582e+00 7.522104e+00 -2.471112e+02
<VARIANCE> 6
 3.185104e+01 1.526901e+04 1.387160e+04 2.998198e+02 4.022584e+04 5.158639e+07
<GCONST> 6.772372e+01
<MIXTURE> 11 9.645104e-02
<MEAN> 6
 6.845354e+01 -4.750155e+01 -1.959192e+02 5.919737e-01 3.951562e+00 -9.029753e+01
<VARIANCE> 6
 3.185104e+01 1.195217e+04 1.387160e+04 2.998198e+02 4.022584e+04 5.158639e+07
<GCONST> 6.747881e+01
<MIXTURE> 12 8.345145e-02
<MEAN> 6
 7.507296e+01 5.625292e+01 -2.800033e+02 -7.991911e-01 -5.563234e+00 -6.871391e+01
<VARIANCE> 6
 3.185104e+01 1.195217e+04 1.387160e+04 2.998198e+02 4.022584e+04 5.158639e+07
<GCONST> 6.747881e+01
<MIXTURE> 13 7.914005e-02
<MEAN> 6
 7.006020e+01 -2.121202e+02 6.542852e+01 3.507271e-01 -9.414196e-01 -1.268130e+02
<VARIANCE> 6
 3.185104e+01 1.195217e+04 1.387160e+04 2.998198e+02 4.022584e+04 5.158639e+07
<GCONST> 6.747881e+01
<MIXTURE> 14 6.099497e-02
<MEAN> 6
 7.330883e+01 3.218352e+01 1.594592e+02 -7.171438e-01 -2.515006e+00 -5.937544e+01
<VARIANCE> 6
 3.185104e+01 1.195217e+04 1.387160e+04 2.998198e+02 4.022584e+04 5.158639e+07
<GCONST> 6.747881e+01
<MIXTURE> 15 5.400083e-02
<MEAN> 6
 7.220766e+01 -4.075712e+00 1.587671e+02 -1.510974e-01 -4.462959e-01 -1.043429e+02
<VARIANCE> 6
 3.185104e+01 1.195217e+04 1.387160e+04 2.998198e+02 4.022584e+04 5.158639e+07
<GCONST> 6.747881e+01
<STATE> 5
<NUMMIXES> 15
<MIXTURE> 1 9.638416e-02
<MEAN> 6
 8.132694e+01 1.214594e+03 3.813210e+02 -1.357103e+00 -4.744408e+00 -1.634129e+02
<VARIANCE> 6
 3.185104e+01 6.851897e+04 1.387160e+04 2.998198e+02 4.022584e+04 5.158639e+07
<GCONST> 6.922501e+01
<MIXTURE> 2 5.772499e-02
<MEAN> 6
 6.434440e+01 -5.049305e+02 2.886106e+02 -8.732904e-01 -6.696059e+00 -1.792243e+02
<VARIANCE> 6
 3.185104e+01 1.195217e+04 1.387160e+04 2.998198e+02 4.022584e+04 5.158639e+07
<GCONST> 6.747881e+01
<MIXTURE> 3 5.482916e-02
<MEAN> 6
 6.536417e+01 9.409466e+02 -1.412697e+02 -1.830651e-01 1.195661e+00 -1.181918e+02
<VARIANCE> 6
 3.185104e+01 1.195217e+04 1.387160e+04 2.998198e+02 4.022584e+04 5.158639e+07
<GCONST> 6.747881e+01
<MIXTURE> 4 9.594815e-02
<MEAN> 6
 5.402060e+01 4.171337e+02 -2.142340e+02 7.125837e-01 -3.226846e+00 -1.416441e+02
<VARIANCE> 6
 3.185104e+01 1.195217e+04 1.387160e+04 2.998198e+02 4.022584e+04 5.158639e+07
<GCONST> 6.747881e+01
<MIXTURE> 5 6.770131e-02
<MEAN> 6
 7.507301e+01 -1.051166e+03 2.351588e+02 1.262521e+00 1.579185e+01 -2.531399e+02
<VARIANCE> 6
 3.185104e+01 1.551619e+04 9.740623e+04 2.998198e+02 4.022584e+04 5.158639e+07
<GCONST> 6.968884e+01
<MIXTURE> 6 3.683186e-02
<MEAN> 6
 6.589587e+01 -1.408103e+02 -1.989048e+02 -7.486448e-02 -1.459636e+01 -4.377667e+02
<VARIANCE> 6
 3.185104e+01 1.786674e+04 1.387160e+04 2.998198e+02 4.022584e+04 5.158639e+07
<GCONST> 6.788084e+01
<MIXTURE> 7 8.326471e-02
<MEAN> 6
 8.366878e+01 5.564818e+02 4.455879e+02 -5.269924e-01 5.132236e-01 -4.831707e+01
<VARIANCE> 6
 3.185104e+01 1.195217e+04 1.387160e+04 2.998198e+02 4.022584e+04 5.158639e+07
<GCONST> 6.747881e+01
<MIXTURE> 8 8.414912e-02
<MEAN> 6
 6.650340e+01 5.263580e+02 -1.392445e+02 -9.615299e-01 -3.921356e+00 -1.368802e+02
<VARIANCE> 6
 3.185104e+01 1.195217e+04 1.387160e+04 2.998198e+02 4.022584e+04 5.158639e+07
<GCONST> 6.747881e+01
<MIXTURE> 9 1.393678e-02
<MEAN> 6
 8.291115e+01 5.773528e+02 4.200456e+02 -1.720155e+00 -1.077148e+00 -7.392794e+01
<VARIANCE> 6
 3.185104e+01 4.413298e+05 1.387160e+04 2.998198e+02 4.022584e+04 5.158639e+07
<GCONST> 7.108769e+01
<MIXTURE> 10 7.802135e-02
<MEAN> 6
 8.386025e+01 9.145216e+01 4.499616e+02 -2.739570e+00 5.273346e+00 -3.802256e+01
<VARIANCE> 6
 3.185104e+01 6.495198e+04 1.387160e+04 2.998198e+02 4.022584e+04 5.158639e+07
<GCONST> 6.917155e+01
<MIXTURE> 11 7.668497e-02
<MEAN> 6
 5.910625e+01 -4.106827e+02 -1.475222e+02 3.302766e-01 6.130999e+00 -1.621913e+02
<VARIANCE> 6
 3.185104e+01 1.195217e+04 1.387160e+04 2.998198e+02 4.022584e+04 5.158639e+07
<GCONST> 6.747881e+01
<MIXTURE> 12 7.568185e-02
<MEAN> 6
 7.310352e+01 -7.650467e+02 -1.986654e+02 -3.470495e+00 -1.421045e+01 1.064863e+02
<VARIANCE> 6
 3.185104e+01 1.737840e+04 1.387160e+04 2.998198e+02 4.022584e+04 5.158639e+07
<GCONST> 6.785313e+01
<MIXTURE> 13 6.635492e-02
<MEAN> 6
 5.857237e+01 -4.623010e+02 -2.497756e+02 8.442852e-01 -1.001307e+00 -1.479739e+02
<VARIANCE> 6
 3.185104e+01 1.195217e+04 1.387160e+04 2.998198e+02 4.022584e+04 5.158639e+07
<GCONST> 6.747881e+01
<MIXTURE> 14 5.747138e-02
<MEAN> 6
 6.495433e+01 -5.219396e+02 2.831007e+02 -7.629945e-01 -1.760320e+01 -2.389574e+02
<VARIANCE> 6
 3.185104e+01 1.195217e+04 1.387160e+04 2.998198e+02 4.022584e+04 5.158639e+07
<GCONST> 6.747881e+01
<MIXTURE> 15 5.498983e-02
<MEAN> 6
 6.542545e+01 8.968251e+02 -1.477996e+02 -4.601659e-01 -7.364094e-01 -1.169236e+02
<VARIANCE> 6
 3.185104e+01 1.212859e+04 1.387160e+04 2.998198e+02 4.022584e+04 5.158639e+07
<GCONST> 6.749347e+01
<STATE> 6
<NUMMIXES> 15
<MIXTURE> 1 1.066359e-01
<MEAN> 6
 1.288027e+02 3.545158e+02 1.587847e+03 -3.300064e+00 1.921295e+00 1.781807e+01
<VARIANCE> 6
 3.185104e+01 1.674079e+04 4.448307e+04 2.998198e+02 4.022584e+04 5.158639e+07
<GCONST> 6.898102e+01
<MIXTURE> 2 7.188495e-02
<MEAN> 6
 1.053799e+02 2.591876e+02 1.263340e+03 -3.512591e-01 -3.211321e+01 1.715068e+02
<VARIANCE> 6
 3.185104e+01 1.466608e+04 1.387160e+04 2.998198e+02 4.022584e+04 5.158639e+07
<GCONST> 6.768344e+01
<MIXTURE> 3 8.207873e-02
<MEAN> 6
 9.457932e+01 -9.431469e+01 1.139175e+03 -3.858083e-01 -1.425355e+01 1.694863e+02
<VARIANCE> 6
 3.185104e+01 1.195217e+04 1.387160e+04 2.998198e+02 4.022584e+04 5.158639e+07
<GCONST> 6.747881e+01
<MIXTURE> 4 6.755657e-02
<MEAN> 6
 1.171415e+02 -4.795847e+02 2.473758e+03 -1.123361e+00 1.569690e+00 -2.225850e+02
<VARIANCE> 6
 3.185104e+01 1.195217e+04 3.786934e+04 2.998198e+02 4.022584e+04 5.158639e+07
<GCONST> 6.848312e+01
<MIXTURE> 5 7.853544e-02
<MEAN> 6
 9.393902e+01 2.265233e+02 1.563136e+02 1.296445e+00 2.659526e+00 -3.494654e+02
<VARIANCE> 6
 3.185104e+01 1.195217e+04 1.387160e+04 4.408819e+02 6.471914e+04 5.158639e+07
<GCONST> 6.833996e+01
<MIXTURE> 6 5.402022e-02
<MEAN> 6
 1.255703e+02 -1.419548e+02 4.946892e+02 -8.480291e+00 -6.618835e+01 -6.410556e+01
<VARIANCE> 6
 2.914424e+02 1.746805e+05 1.254546e+05 2.998198e+02 1.012569e+05 1.289593e+08
<GCONST> 7.641612e+01
<MIXTURE> 7 5.555353e-02
<MEAN> 6
 9.883016e+01 -3.301511e+02 9.583839e+02 -1.757549e+00 3.070861e+00 -2.398718e+02
<VARIANCE> 6
 3.185104e+01 1.195217e+04 2.684451e+04 2.998198e+02 4.022584e+04 5.158639e+07
<GCONST> 6.813903e+01
<MIXTURE> 8 6.922828e-02
<MEAN> 6
 9.253982e+01 -1.336476e+01 6.380127e+02 -1.655234e+00 -4.082015e+00 -2.415250e+02
<VARIANCE> 6
 3.185104e+01 1.195217e+04 1.387160e+04 2.998198e+02 4.022584e+04 5.158639e+07
<GCONST> 6.747881e+01
<MIXTURE> 9 1.801135e-02
<MEAN> 6
 9.826188e+01 2.051701e+02 9.236559e+02 -3.169534e+00 -1.605665e+01 1.584104e+02
<VARIANCE> 6
 3.185104e+01 1.195217e+04 1.387160e+04 2.998198e+02 4.022584e+04 5.158639e+07
<GCONST> 6.747881e+01
<MIXTURE> 10 6.090710e-02
<MEAN> 6
 9.369631e+01 -4.271790e+02 7.599966e+02 -1.016762e+01 2.483139e+01 4.320588e+02
<VARIANCE> 6
 4.565110e+01 1.896667e+04 1.387160e+04 2.998198e+02 4.022584e+04 5.158639e+07
<GCONST> 6.830054e+01
<MIXTURE> 11 8.033292e-02
<MEAN> 6
 1.031752e+02 -3.287833e+02 5.185594e+02 -5.610945e+00 -1.007248e+01 -3.342419e+02
<VARIANCE> 6
 4.159532e+01 1.195217e+04 1.387160e+04 2.998198e+02 4.022584e+04 5.158639e+07
<GCONST> 6.774574e+01
<MIXTURE> 12 6.308802e-02
<MEAN> 6
 9.551266e+01 3.507903e+02 1.093034e+03 -3.142316e+00 -3.389431e+00 5.107058e+01
<VARIANCE> 6
 3.185104e+01 1.195217e+04 1.387160e+04 2.998198e+02 4.022584e+04 5.158639e+07
<GCONST> 6.747881e+01
<MIXTURE> 13 7.019026e-02
<MEAN> 6
 9.255029e+01 -1.423880e+01 6.377487e+02 -1.652637e+00 -4.028335e+00 -2.416588e+02
<VARIANCE> 6
 3.185104e+01 1.195217e+04 1.387160e+04 2.998198e+02 4.022584e+04 5.158639e+07
<GCONST> 6.747881e+01
<MIXTURE> 14 6.687640e-02
<MEAN> 6
 1.178319e+02 -4.655927e+02 2.368393e+03 -1.314420e+00 1.754084e+00 -2.838294e+02
<VARIANCE> 6
 3.185104e+01 1.195217e+04 3.484856e+04 2.998198e+02 4.022584e+04 5.158639e+07
<GCONST> 6.839999e+01
<MIXTURE> 15 5.509036e-02
<MEAN> 6
 9.839098e+01 -3.403019e+02 8.317380e+02 -5.046399e+00 -1.049946e+01 -4.150165e+01
<VARIANCE> 6
 3.185104e+01 1.195217e+04 3.027064e+04 2.998198e+02 4.022584e+04 5.158639e+07
<GCONST> 6.825915e+01
<STATE> 7
<NUMMIXES> 15
<MIXTURE> 1 5.686641e-02
<MEAN> 6
 7.145201e+01 1.302860e+03 -1.132594e+03 8.474116e-01 -6.440088e+00 -8.927102e+01
<VARIANCE> 6
 3.185104e+01 1.195217e+04 1.387160e+04 2.998198e+02 4.022584e+04 5.158639e+07
<GCONST> 6.747881e+01
<MIXTURE> 2 5.739748e-02
<MEAN> 6
 5.664761e+01 -1.108409e+03 -4.479776e+02 -1.409736e-01 9.591323e+00 -9.040868e+01
<VARIANCE> 6
 3.185104e+01 4.104960e+04 1.387160e+04 2.998198e+02 4.022584e+04 5.158639e+07
<GCONST> 6.871268e+01
<MIXTURE> 3 5.035965e-02
<MEAN> 6
 5.642438e+01 -1.427686e+03 -6.965251e+02 1.431567e+01 -2.399005e+01 -6.736456e+01
<VARIANCE> 6
 1.390321e+02 1.195217e+04 1.387160e+04 5.177327e+02 4.022584e+04 5.158639e+07
<GCONST> 6.949873e+01
<MIXTURE> 4 2.251680e-02
<MEAN> 6
 7.277525e+01 1.830915e-01 -2.154750e+02 -2.254641e+01 -8.858413e+02 -2.136426e+04
<VARIANCE> 6
 8.995346e+01 5.681008e+05 2.137078e+05 3.434326e+02 9.374193e+04 6.958260e+07
<GCONST> 7.639429e+01
<MIXTURE> 5 3.716214e-02
<MEAN> 6
 7.380254e+01 -6.169636e+02 -6.209322e+02 -1.874436e+00 -1.558809e+00 -6.652099e+01
<VARIANCE> 6
 3.185104e+01 9.833966e+04 1.387160e+04 2.998198e+02 4.022584e+04 5.158639e+07
<GCONST> 6.958633e+01
<MIXTURE> 6 7.388876e-02
<MEAN> 6
 6.911068e+01 -1.196976e+02 -1.142690e+03 -1.884743e+00 -8.731361e+00 8.597717e+01
<VARIANCE> 6
 3.185104e+01 3.417515e+05 1.387160e+04 2.998198e+02 4.022584e+04 5.158639e+07
<GCONST> 7.083199e+01
<MIXTURE> 7 8.962440e-02
<MEAN> 6
 6.778619e+01 2.134554e+01 -8.487401e+02 -5.619016e-01 -3.931561e+00 -1.434643e+02
<VARIANCE> 6
 3.185104e+01 1.195217e+04 1.854172e+04 2.998198e+02 4.022584e+04 5.158639e+07
<GCONST> 6.776900e+01
<MIXTURE> 8 4.577923e-02
<MEAN> 6
 6.085832e+01 -3.607325e+02 -4.608058e+02 -1.923297e-01 -1.146414e+01 -2.293129e+02
<VARIANCE> 6
 3.185104e+01 1.195217e+04 1.387160e+04 2.998198e+02 4.022584e+04 5.158639e+07
<GCONST> 6.747881e+01
<MIXTURE> 9 5.683425e-02
<MEAN> 6
 6.587142e+01 -2.635869e+02 -1.282498e+03 3.295429e+00 -1.223539e+01 2.833287e+01
<VARIANCE> 6
 3.185104e+01 1.195217e+04 1.387160e+04 2.998198e+02 4.022584e+04 5.158639e+07
<GCONST> 6.747881e+01
<MIXTURE> 10 1.128488e-01
<MEAN> 6
 7.227499e+01 -8.146446e+02 -6.560293e+02 -2.974598e+00 2.520160e+00 -8.023286e+01
<VARIANCE> 6
 3.185104e+01 1.195217e+04 1.750541e+04 2.998198e+02 4.022584e+04 5.158639e+07
<GCONST> 6.771148e+01
<MIXTURE> 11 7.591902e-02
<MEAN> 6
 7.483749e+01 -3.010681e+02 -7.543467e+02 -4.956900e+00 -2.564105e+00 -7.295181e+01
<VARIANCE> 6
 3.185104e+01 1.195217e+04 1.655567e+04 2.998198e+02 4.022584e+04 5.158639e+07
<GCONST> 6.765570e+01
<MIXTURE> 12 9.134490e-02
<MEAN> 6
 6.827439e+01 2.819830e+01 -9.799130e+02 -1.284206e-01 -4.701676e+00 -9.984749e+01
<VARIANCE> 6
 3.185104e+01 1.195217e+04 3.317454e+04 2.998198e+02 4.022584e+04 5.158639e+07
<GCONST> 6.835075e+01
<MIXTURE> 13 1.140992e-01
<MEAN> 6
 6.590801e+01 -5.019523e+02 -5.700115e+02 -1.104435e+00 1.184021e+00 -4.194283e+01
<VARIANCE> 6
 3.185104e+01 1.195217e+04 1.387160e+04 2.998198e+02 4.022584e+04 5.158639e+07
<GCONST> 6.747881e+01
<MIXTURE> 14 5.602097e-02
<MEAN> 6
 7.146020e+01 1.301841e+03 -1.133150e+03 8.407599e-01 -6.646550e+00 -8.772208e+01
<VARIANCE> 6
 3.185104e+01 1.195217e+04 1.387160e+04 2.998198e+02 4.022584e+04 5.158639e+07
<GCONST> 6.747881e+01
<MIXTURE> 15 5.931411e-02
<MEAN> 6
 7.621436e+01 -1.770786e+03 -7.833552e+02 7.610829e-01 -4.159038e+00 -1.781515e+02
<VARIANCE> 6
 3.185104e+01 5.023565e+04 1.387160e+04 2.998198e+02 4.022584e+04 5.158639e+07
<GCONST> 6.891463e+01
<STATE> 8
<NUMMIXES> 15
<MIXTURE> 1 3.698991e-02
<MEAN> 6
 1.100111e+02 -3.609713e+02 3.703470e+01 -5.734642e+00 6.594079e+00 -4.159834e+01
<VARIANCE> 6
 3.185104e+01 4.383561e+04 1.436768e+04 2.998198e+02 4.022584e+04 5.158639e+07
<GCONST> 6.881348e+01
<MIXTURE> 2 6.947851e-02
<MEAN> 6
 1.273141e+02 -1.971350e+03 5.904232e+01 -4.124494e+01 -1.206299e+02 -7.573856e+02
<VARIANCE> 6
 4.582863e+02 8.661019e+05 4.869109e+04 2.998198e+02 1.031830e+05 5.158639e+07
<GCONST> 7.662598e+01
<MIXTURE> 3 6.389214e-02
<MEAN> 6
 9.857061e+01 -3.401264e+03 -2.451836e+01 -2.507032e+00 1.650436e+01 -1.175511e+02
<VARIANCE> 6
 3.185104e+01 1.026779e+05 1.387160e+04 2.998198e+02 4.022584e+04 5.158639e+07
<GCONST> 6.962950e+01
<MIXTURE> 4 6.706160e-02
<MEAN> 6
 9.505258e+01 -1.854780e+03 -2.225235e+02 -4.709832e+00 -1.120700e+01 -6.218666e+02
<VARIANCE> 6
 3.185104e+01 4.781900e+04 1.387160e+04 2.998198e+02 4.022584e+04 5.158639e+07
<GCONST> 6.886533e+01
<MIXTURE> 5 7.404806e-02
<MEAN> 6
 1.105290e+02 1.634039e+02 -4.258028e+02 -3.021992e+00 -5.340604e-01 -2.599187e+02
<VARIANCE> 6
 3.185104e+01 1.195217e+04 1.387160e+04 2.998198e+02 4.022584e+04 5.158639e+07
<GCONST> 6.747881e+01
<MIXTURE> 6 8.895488e-02
<MEAN> 6
 1.016293e+02 -2.587825e+03 -2.351193e+02 -3.880598e+00 -2.339489e+01 -3.113889e+02
<VARIANCE> 6
 3.185104e+01 5.729523e+04 1.387160e+04 2.998198e+02 4.022584e+04 5.158639e+07
<GCONST> 6.904612e+01
<MIXTURE> 7 6.129064e-02
<MEAN> 6
 1.189334e+02 -4.838218e+02 -4.545771e+02 -4.418311e+00 -3.729827e+00 -1.415701e+02
<VARIANCE> 6
 3.185104e+01 4.705233e+04 1.387160e+04 2.998198e+02 4.022584e+04 5.158639e+07
<GCONST> 6.884916e+01
<MIXTURE> 8 5.248819e-02
<MEAN> 6
 9.910321e+01 -4.036689e+03 1.530575e+01 -2.659193e+00 2.025248e+00 1.954775e+01
<VARIANCE> 6
 3.185104e+01 1.195217e+04 1.387160e+04 2.998198e+02 4.022584e+04 5.158639e+07
<GCONST> 6.747881e+01
<MIXTURE> 9 8.283596e-02
<MEAN> 6
 1.100342e+02 1.928440e+01 -3.495323e+02 -2.204823e+00 2.829441e+00 8.218820e+01
<VARIANCE> 6
 3.185104e+01 1.195217e+04 1.387160e+04 2.998198e+02 4.022584e+04 5.158639e+07
<GCONST> 6.747881e+01
<MIXTURE> 10 6.552202e-02
<MEAN> 6
 1.077935e+02 -7.257917e+02 -3.215485e+02 -3.047244e+00 -8.051900e+00 -5.178895e+01
<VARIANCE> 6
 3.185104e+01 1.195217e+04 1.387160e+04 2.998198e+02 4.022584e+04 5.158639e+07
<GCONST> 6.747881e+01
<MIXTURE> 11 8.071272e-02
<MEAN> 6
 1.037811e+02 -3.068943e+03 -2.632890e+02 -5.778300e-01 -2.193875e+00 -1.051627e+02
<VARIANCE> 6
 3.185104e+01 2.666842e+04 1.387160e+04 2.998198e+02 4.022584e+04 5.158639e+07
<GCONST> 6.828138e+01
<MIXTURE> 12 8.363390e-02
<MEAN> 6
 1.100432e+02 1.929999e+01 -3.499301e+02 -2.209347e+00 2.789137e+00 8.188000e+01
<VARIANCE> 6
 3.185104e+01 1.195217e+04 1.387160e+04 2.998198e+02 4.022584e+04 5.158639e+07
<GCONST> 6.747881e+01
<MIXTURE> 13 5.736078e-02
<MEAN> 6
 1.049437e+02 -5.839684e+02 -4.050713e+02 -5.741747e+00 3.626801e+00 1.058633e+02
<VARIANCE> 6
 3.185104e+01 1.195217e+04 1.387160e+04 2.998198e+02 4.022584e+04 5.158639e+07
<GCONST> 6.747881e+01
<MIXTURE> 14 6.292270e-02
<MEAN> 6
 9.925692e+01 -3.577505e+03 -7.660878e+00 -4.681217e+00 2.355119e+01 -6.069035e+01
<VARIANCE> 6
 3.185104e+01 7.347505e+04 1.387160e+04 2.998198e+02 4.022584e+04 5.158639e+07
<GCONST> 6.929485e+01
<MIXTURE> 15 5.279700e-02
<MEAN> 6
 9.910621e+01 -4.056106e+03 1.581925e+01 -2.601023e+00 2.989382e+00 1.549536e+01
<VARIANCE> 6
 3.185104e+01 1.195217e+04 1.387160e+04 2.998198e+02 4.022584e+04 5.158639e+07
<GCONST> 6.747881e+01
<STATE> 9
<NUMMIXES> 15
<MIXTURE> 1 5.621873e-02
<MEAN> 6
 8.154276e+01 6.009191e+02 1.032443e+03 -5.084841e+00 2.473899e+00 2.578776e+00
<VARIANCE> 6
 3.185104e+01 1.195217e+04 1.387160e+04 2.998198e+02 4.022584e+04 5.158639e+07
<GCONST> 6.747881e+01
<MIXTURE> 2 2.718888e-02
<MEAN> 6
 8.280991e+01 -8.780711e+03 2.068724e+03 -1.111936e+01 -1.328755e+01 5.446125e+02
<VARIANCE> 6
 3.185104e+01 1.195217e+04 1.414774e+04 2.998198e+02 4.022584e+04 5.158639e+07
<GCONST> 6.749853e+01
<MIXTURE> 3 4.419278e-02
<MEAN> 6
 9.251183e+01 1.009117e+03 1.180389e+03 -4.009766e+00 4.578366e-01 9.426466e+01
<VARIANCE> 6
 3.185104e+01 2.443544e+04 1.387160e+04 2.998198e+02 4.022584e+04 5.158639e+07
<GCONST> 6.819394e+01
<MIXTURE> 4 1.047804e-01
<MEAN> 6
 7.577824e+01 2.860993e+03 4.590624e+02 -2.346593e+00 -1.570264e+01 -5.280658e+01
<VARIANCE> 6
 3.185104e+01 1.195217e+04 1.387160e+04 2.998198e+02 4.022584e+04 5.158639e+07
<GCONST> 6.747881e+01
<MIXTURE> 5 6.643118e-02
<MEAN> 6
 9.129121e+01 -9.556609e+01 -3.131815e+03 -7.214064e+00 8.250308e-01 2.625046e+02
<VARIANCE> 6
 5.546420e+01 1.195217e+04 1.387160e+04 2.998198e+02 4.022584e+04 5.158639e+07
<GCONST> 6.803348e+01
<MIXTURE> 6 5.170231e-02
<MEAN> 6
 6.950738e+01 1.134761e+03 7.257568e+02 5.315577e-01 5.997837e+00 -5.320967e+01
<VARIANCE> 6
 3.185104e+01 2.329481e+04 1.387160e+04 2.998198e+02 4.022584e+04 5.158639e+07
<GCONST> 6.814613e+01
<MIXTURE> 7 6.609508e-02
<MEAN> 6
 8.506534e+01 7.268781e+02 -6.158447e+02 3.959840e+00 7.952275e+00 -2.568673e+02
<VARIANCE> 6
 3.185104e+01 8.460148e+04 1.387160e+04 2.998198e+02 4.022584e+04 5.158639e+07
<GCONST> 6.943585e+01
<MIXTURE> 8 5.838936e-02
<MEAN> 6
 8.520609e+01 -5.173804e+02 2.037490e+03 -4.803304e+00 3.083379e+00 8.101279e+01
<VARIANCE> 6
 3.185104e+01 1.195217e+04 1.387160e+04 2.998198e+02 4.022584e+04 5.158639e+07
<GCONST> 6.747881e+01
<MIXTURE> 9 1.013922e-01
<MEAN> 6
 7.336112e+01 3.550189e+02 7.175115e+02 -2.109575e+00 -1.146081e+01 -1.708871e+02
<VARIANCE> 6
 3.185104e+01 1.195217e+04 1.590186e+04 2.998198e+02 4.022584e+04 5.158639e+07
<GCONST> 6.761541e+01
<MIXTURE> 10 6.583530e-02
<MEAN> 6
 7.904747e+01 2.709982e+03 -2.256128e+02 -1.921948e+00 2.760612e+00 2.373445e+01
<VARIANCE> 6
 3.185104e+01 5.090993e+04 1.387160e+04 2.998198e+02 4.022584e+04 5.158639e+07
<GCONST> 6.892796e+01
<MIXTURE> 11 9.174095e-02
<MEAN> 6
 9.036188e+01 -1.403285e+03 8.269706e+02 -1.511375e-01 4.984089e-01 -1.245587e+02
<VARIANCE> 6
 3.185104e+01 1.201322e+04 1.387160e+04 2.998198e+02 4.022584e+04 5.158639e+07
<GCONST> 6.748391e+01
<MIXTURE> 12 1.022610e-01
<MEAN> 6
 7.320950e+01 -8.962099e+03 1.319121e+03 -2.908988e-01 -3.186353e+00 -1.861987e+02
<VARIANCE> 6
 3.185104e+01 1.530935e+04 1.022734e+05 2.998198e+02 4.022584e+04 5.158639e+07
<GCONST> 6.972417e+01
<MIXTURE> 13 7.413282e-02
<MEAN> 6
 7.114095e+01 8.187911e+02 6.536736e+02 5.744787e-01 -6.225715e+00 -1.667547e+02
<VARIANCE> 6
 3.185104e+01 1.195217e+04 1.387160e+04 2.998198e+02 4.022584e+04 5.158639e+07
<GCONST> 6.747881e+01
<MIXTURE> 14 4.736459e-02
<MEAN> 6
 7.963427e+01 1.880629e+03 -1.903264e+02 -8.175331e-01 -2.313966e+01 -6.253288e+02
<VARIANCE> 6
 3.185104e+01 3.300506e+05 1.387160e+04 2.998198e+02 4.022584e+04 5.158639e+07
<GCONST> 7.079715e+01
<MIXTURE> 15 4.227005e-02
<MEAN> 6
 7.782032e+01 -2.879389e+02 -2.749756e+03 -2.643464e+00 -2.347910e+00 -1.212108e+02
<VARIANCE> 6
 3.185104e+01 1.610065e+04 3.432791e+04 2.998198e+02 4.022584e+04 5.158639e+07
<GCONST> 6.868288e+01
<STATE> 10
<NUMMIXES> 15
<MIXTURE> 1 6.367797e-03
<MEAN> 6
 1.199150e+01 -3.598428e+02 6.532384e+00 1.263070e+01 -5.330463e+02 6.898805e+03
<VARIANCE> 6
 9.299363e+03 7.515356e+05 1.053170e+06 1.329178e+06 7.130310e+08 1.030727e+12
<GCONST> 1.097085e+02
<MIXTURE> 2 9.187727e-02
<MEAN> 6
 -2.320246e+01 8.354639e+01 2.988454e+01 7.662409e+01 5.887213e+02 -2.464049e+03
<VARIANCE> 6
 3.474459e+02 1.413152e+05 2.733016e+04 3.037171e+04 1.867743e+05 5.498253e+07
<GCONST> 7.923382e+01
<MIXTURE> 3 8.073954e-02
<MEAN> 6
 9.820846e+01 2.905203e+01 4.782069e+01 6.404733e+01 -1.104195e+03 -2.705115e+03
<VARIANCE> 6
 6.323354e+02 3.924924e+05 1.467562e+05 3.156464e+04 3.032666e+06 1.737305e+09
<GCONST> 8.881383e+01
<MIXTURE> 4 5.366196e-02
<MEAN> 6
 1.040929e+02 1.687320e+02 3.981984e+01 -7.573922e+00 -2.657257e+01 -2.759662e+02
<VARIANCE> 6
 3.811701e+02 1.772320e+06 3.052271e+05 2.998198e+02 4.022584e+04 5.158639e+07
<GCONST> 7.805134e+01
<MIXTURE> 5 3.708246e-02
<MEAN> 6
 1.605952e+01 5.759420e+02 -1.164772e+02 -3.728632e+01 2.449951e+01 1.798272e+03
<VARIANCE> 6
 5.717719e+03 1.410587e+07 1.712046e+06 6.410414e+04 3.047758e+06 2.161489e+09
<GCONST> 9.798613e+01
<MIXTURE> 6 6.034510e-02
<MEAN> 6
 3.812887e+01 1.796393e+02 8.114439e+01 2.341876e+02 -8.746741e+01 -9.738624e+02
<VARIANCE> 6
 7.575280e+02 2.959634e+05 1.567714e+05 6.610672e+03 2.107269e+05 7.143913e+07
<GCONST> 8.135697e+01
<MIXTURE> 7 4.549964e-02
<MEAN> 6
 -3.199534e+01 1.115182e+00 9.117115e+00 -2.679943e+02 1.757490e+03 1.154804e+04
<VARIANCE> 6
 4.126811e+02 1.652240e+05 1.087328e+05 1.552482e+04 1.530797e+06 1.161007e+09
<GCONST> 8.542569e+01
<MIXTURE> 8 9.893358e-02
<MEAN> 6
 8.560248e+01 2.257776e+01 5.671237e+01 -9.032891e+00 -7.120316e+02 -1.128575e+03
<VARIANCE> 6
 2.401861e+02 6.604727e+04 6.651525e+04 1.941194e+04 2.629721e+05 8.434304e+07
<GCONST> 7.931584e+01
<MIXTURE> 9 8.180928e-02
<MEAN> 6
 -5.582549e+01 8.094287e+01 5.369339e+00 7.523206e+00 1.949373e+02 6.367023e+02
<VARIANCE> 6
 2.509728e+02 2.921299e+05 1.082994e+05 7.930925e+02 8.884589e+04 5.158639e+07
<GCONST> 7.655959e+01
<MIXTURE> 10 6.341305e-02
<MEAN> 6
 9.521275e+01 -1.652191e+02 7.323197e+01 -5.061947e+00 -3.467488e+01 -2.027706e+02
<VARIANCE> 6
 2.036035e+02 1.105422e+05 4.900824e+04 2.998198e+02 4.022584e+04 5.158639e+07
<GCONST> 7.282055e+01
<MIXTURE> 11 1.066984e-01
<MEAN> 6
 -5.000341e+01 -2.754065e-01 9.437660e+00 5.344085e+01 1.101430e+03 -2.811389e+03
<VARIANCE> 6
 2.839489e+02 2.847107e+05 1.849920e+05 2.055864e+04 4.004003e+05 2.162492e+08
<GCONST> 8.338655e+01
<MIXTURE> 12 8.491804e-02
<MEAN> 6
 2.803230e+01 -2.524005e+01 3.531417e+01 -3.048547e+02 -4.524002e+02 7.449201e+03
<VARIANCE> 6
 6.141160e+02 1.421012e+05 1.346756e+05 8.400507e+03 6.634322e+05 2.412381e+08
<GCONST> 8.286488e+01
<MIXTURE> 13 6.455465e-02
<MEAN> 6
 8.337702e+01 -1.668670e+02 -2.017706e+01 -1.167059e+02 -7.079130e+02 -3.110569e+02
<VARIANCE> 6
 5.275699e+02 5.613600e+05 1.885815e+05 1.112313e+04 3.356370e+05 8.684184e+07
<GCONST> 8.300111e+01
<MIXTURE> 14 6.174956e-02
<MEAN> 6
 8.655271e+01 -4.313772e+01 -2.149442e+02 -2.592785e+00 -1.692805e+01 -3.367543e+02
<VARIANCE> 6
 2.730545e+02 4.318878e+05 9.354338e+04 2.998198e+02 4.022584e+04 5.158639e+07
<GCONST> 7.512325e+01
<MIXTURE> 15 6.166445e-02
<MEAN> 6
 3.255198e+01 -1.119994e+00 -1.724603e+01 2.675004e+02 -1.677455e+02 -4.939945e+03
<VARIANCE> 6
 6.637032e+02 2.012210e+05 7.463009e+04 8.032407e+03 2.517857e+05 1.029383e+08
<GCONST> 8.083476e+01
<TRANSP> 11
 0.000000e+00 1.000000e+00 0.000000e+00 0.000000e+00 0.000000e+00 0.000000e+00 0.000000e+00 0.000000e+00 0.000000e+00 0.000000e+00 0.000000e+00
 0.000000e+00 9.998284e-01 1.716123e-04 0.000000e+00 0.000000e+00 0.000000e+00 0.000000e+00 0.000000e+00 0.000000e+00 0.000000e+00 0.000000e+00
 0.000000e+00 0.000000e+00 9.984950e-01 1.505071e-03 0.000000e+00 0.000000e+00 0.000000e+00 0.000000e+00 0.000000e+00 0.000000e+00 0.000000e+00
 0.000000e+00 0.000000e+00 0.000000e+00 9.989837e-01 1.016307e-03 0.000000e+00 0.000000e+00 0.000000e+00 0.000000e+00 0.000000e+00 0.000000e+00
 0.000000e+00 0.000000e+00 0.000000e+00 0.000000e+00 9.986593e-01 1.340670e-03 0.000000e+00 0.000000e+00 0.000000e+00 0.000000e+00 0.000000e+00
 0.000000e+00 0.000000e+00 0.000000e+00 0.000000e+00 0.000000e+00 9.961814e-01 3.818520e-03 0.000000e+00 0.000000e+00 0.000000e+00 0.000000e+00
 0.000000e+00 0.000000e+00 0.000000e+00 0.000000e+00 0.000000e+00 0.000000e+00 9.980572e-01 1.942852e-03 0.000000e+00 0.000000e+00 0.000000e+00
 0.000000e+00 0.000000e+00 0.000000e+00 0.000000e+00 0.000000e+00 0.000000e+00 0.000000e+00 9.943034e-01 5.696608e-03 0.000000e+00 0.000000e+00
 0.000000e+00 0.000000e+00 0.000000e+00 0.000000e+00 0.000000e+00 0.000000e+00 0.000000e+00 0.000000e+00 9.977247e-01 2.275304e-03 0.000000e+00
 0.000000e+00 0.000000e+00 0.000000e+00 0.000000e+00 0.000000e+00 0.000000e+00 0.000000e+00 0.000000e+00 0.000000e+00 9.999416e-01 5.836119e-05
 0.000000e+00 0.000000e+00 0.000000e+00 0.000000e+00 0.000000e+00 0.000000e+00 0.000000e+00 0.000000e+00 0.000000e+00 0.000000e+00 0.000000e+00
<ENDHMM>
~h "SegundoESO"
<BEGINHMM>
<NUMSTATES> 11
<STATE> 2
<NUMMIXES> 15
<MIXTURE> 1 7.749324e-02
<MEAN> 6
 7.174838e+01 1.320489e+04 -1.200242e+03 -6.841203e-01 -3.468886e+00 -1.636648e+02
<VARIANCE> 6
 3.185104e+01 1.195217e+04 1.387160e+04 2.998198e+02 4.022584e+04 5.158639e+07
<GCONST> 6.747881e+01
<MIXTURE> 2 5.964054e-02
<MEAN> 6
 6.597437e+01 9.119167e+02 -6.463166e+02 2.980458e+00 -6.769077e+00 -2.343565e+00
<VARIANCE> 6
 4.566126e+01 3.905127e+04 4.308478e+04 2.998198e+02 4.022584e+04 5.158639e+07
<GCONST> 7.015628e+01
<MIXTURE> 3 7.648535e-02
<MEAN> 6
 7.623288e+01 -1.538110e-02 -2.631254e+03 -8.332052e-01 -7.776139e+00 -1.325722e+02
<VARIANCE> 6
 3.185104e+01 2.293733e+04 2.389577e+05 2.998198e+02 4.022584e+04 5.158639e+07
<GCONST> 7.097711e+01
<MIXTURE> 4 8.190063e-02
<MEAN> 6
 5.906887e+01 6.799916e+02 -3.071234e+03 2.563386e+00 -4.338799e+00 -1.119796e+02
<VARIANCE> 6
 3.185104e+01 1.195217e+04 2.618400e+05 2.998198e+02 4.022584e+04 5.158639e+07
<GCONST> 7.041670e+01
<MIXTURE> 5 6.500563e-02
<MEAN> 6
 7.237376e+01 6.477231e+02 -6.042488e+03 -2.266348e-01 -3.623169e+00 1.057294e+01
<VARIANCE> 6
 3.185104e+01 6.888262e+04 7.607806e+06 2.998198e+02 4.022584e+04 5.158639e+07
<GCONST> 7.553739e+01
<MIXTURE> 6 6.564500e-02
<MEAN> 6
 7.217105e+01 1.526653e+03 -2.402877e+03 4.475354e-02 -4.137735e+00 -1.636915e+02
<VARIANCE> 6
 3.185104e+01 1.195217e+04 1.675022e+05 2.998198e+02 4.022584e+04 5.158639e+07
<GCONST> 6.996997e+01
<MIXTURE> 7 7.896410e-02
<MEAN> 6
 5.504068e+01 1.232590e+02 -3.291776e+03 2.485900e-01 -4.111553e-01 -1.371206e+02
<VARIANCE> 6
 3.185104e+01 1.195217e+04 1.192285e+06 2.998198e+02 4.022584e+04 5.158639e+07
<GCONST> 7.193259e+01
<MIXTURE> 8 5.735786e-02
<MEAN> 6
 6.621461e+01 3.185683e+03 -1.266448e+03 -8.762076e-01 -1.995843e+01 -1.022765e+02
<VARIANCE> 6
 3.185104e+01 4.625247e+05 1.387160e+04 2.998198e+02 4.022584e+04 5.158639e+07
<GCONST> 7.113460e+01
<MIXTURE> 9 7.818840e-02
<MEAN> 6
 5.707617e+01 6.194235e+02 -4.835810e+03 1.322026e+00 4.992729e-01 1.751443e+01
<VARIANCE> 6
 3.859293e+01 1.195217e+04 6.859222e+05 2.998198e+02 4.022584e+04 5.158639e+07
<GCONST> 7.157173e+01
<MIXTURE> 10 5.947556e-02
<MEAN> 6
 7.394415e+01 -2.384485e+02 -7.376025e+03 -1.701655e-01 -2.968011e+00 -1.448143e+02
<VARIANCE> 6
 3.185104e+01 1.195217e+04 5.501594e+04 2.998198e+02 4.022584e+04 5.158639e+07
<GCONST> 6.885660e+01
<MIXTURE> 11 7.148409e-02
<MEAN> 6
 5.927603e+01 1.777656e+03 -1.121100e+03 3.303673e-01 4.168540e-01 -8.917195e+00
<VARIANCE> 6
 3.185104e+01 4.847174e+04 1.114736e+05 2.998198e+02 4.022584e+04 5.158639e+07
<GCONST> 7.096283e+01
<MIXTURE> 12 6.869716e-02
<MEAN> 6
 7.421303e+01 -4.191704e+02 -9.085183e+03 5.835954e-02 -2.304192e+00 -1.109312e+01
<VARIANCE> 6
 3.185104e+01 1.195217e+04 8.873151e+05 2.998198e+02 4.022584e+04 5.158639e+07
<GCONST> 7.163717e+01
<MIXTURE> 13 4.554777e-02
<MEAN> 6
 6.654013e+01 8.305417e+02 -1.196321e+03 6.310067e-01 -3.434346e+00 -1.076289e+02
<VARIANCE> 6
 3.185104e+01 1.195217e+04 1.425819e+04 2.998198e+02 4.022584e+04 5.158639e+07
<GCONST> 6.750630e+01
<MIXTURE> 14 6.898929e-02
<MEAN> 6
 7.666905e+01 -1.082689e+02 -4.228605e+03 -2.777039e-01 -3.911112e+00 -6.325272e+01
<VARIANCE> 6
 3.185104e+01 1.195217e+04 1.650018e+06 2.998198e+02 4.022584e+04 5.158639e+07
<GCONST> 7.225751e+01
<MIXTURE> 15 4.510124e-02
<MEAN> 6
 6.633261e+01 8.196779e+02 -1.237920e+03 1.123933e-01 -6.674115e+00 -1.156052e+02
<VARIANCE> 6
 3.185104e+01 1.195217e+04 1.387160e+04 2.998198e+02 4.022584e+04 5.158639e+07
<GCONST> 6.747881e+01
<STATE> 3
<NUMMIXES> 15
<MIXTURE> 1 5.708110e-02
<MEAN> 6
 7.774028e+01 1.982195e+03 1.202535e+03 -2.165577e-01 2.878649e+00 -1.018692e+02
<VARIANCE> 6
 3.185104e+01 6.822348e+05 7.008883e+05 2.998198e+02 4.022584e+04 5.158639e+07
<GCONST> 7.544579e+01
<MIXTURE> 2 1.038923e-01
<MEAN> 6
 8.370842e+01 -7.454851e+02 9.805952e+01 4.490491e-02 -1.163986e+00 -1.167463e+02
<VARIANCE> 6
 3.185104e+01 1.195217e+04 1.387160e+04 2.998198e+02 4.022584e+04 5.158639e+07
<GCONST> 6.747881e+01
<MIXTURE> 3 4.335928e-02
<MEAN> 6
 8.796110e+01 -1.629281e+03 4.438175e+02 7.019407e-01 -5.149591e+00 -2.145516e+02
<VARIANCE> 6
 3.185104e+01 1.195217e+04 1.941674e+04 2.998198e+02 4.022584e+04 5.158639e+07
<GCONST> 6.781511e+01
<MIXTURE> 4 5.969872e-02
<MEAN> 6
 7.253532e+01 6.523381e+02 9.735370e+02 6.607012e-01 -3.377150e+00 -7.789473e+01
<VARIANCE> 6
 3.185104e+01 1.195217e+04 4.021078e+05 2.998198e+02 4.022584e+04 5.158639e+07
<GCONST> 7.084569e+01
<MIXTURE> 5 7.166953e-02
<MEAN> 6
 7.464996e+01 4.026858e+02 -7.057863e+02 -1.413882e+00 -4.819254e+00 -5.178792e+01
<VARIANCE> 6
 3.185104e+01 1.195217e+04 3.605963e+04 2.998198e+02 4.022584e+04 5.158639e+07
<GCONST> 6.843414e+01
<MIXTURE> 6 1.072308e-01
<MEAN> 6
 7.817442e+01 3.313057e+02 3.829019e+02 -1.663523e+00 2.620126e+00 -7.438793e+01
<VARIANCE> 6
 3.185104e+01 1.672989e+04 7.392679e+04 2.998198e+02 4.022584e+04 5.158639e+07
<GCONST> 6.948833e+01
<MIXTURE> 7 2.676778e-02
<MEAN> 6
 6.123399e+01 -9.663258e+01 1.605884e+03 -2.100001e+00 -2.611166e+00 -1.911885e+02
<VARIANCE> 6
 3.185104e+01 1.297089e+04 1.387160e+04 2.998198e+02 4.022584e+04 5.158639e+07
<GCONST> 6.756061e+01
<MIXTURE> 8 6.925635e-02
<MEAN> 6
 8.965965e+01 -2.223993e+03 -1.697313e+02 -3.923181e+00 6.108287e+00 -1.959858e+02
<VARIANCE> 6
 3.185104e+01 1.927044e+06 1.738831e+05 2.998198e+02 4.022584e+04 5.158639e+07
<GCONST> 7.509019e+01
<MIXTURE> 9 8.598424e-02
<MEAN> 6
 7.395071e+01 -3.930276e+02 7.997587e+02 -1.385008e+00 -1.012208e+00 -4.683467e+01
<VARIANCE> 6
 3.185104e+01 1.195217e+04 7.573473e+04 2.998198e+02 4.022584e+04 5.158639e+07
<GCONST> 6.917621e+01
<MIXTURE> 10 5.384559e-02
<MEAN> 6
 7.368330e+01 6.650628e+02 3.416472e+02 -4.892780e-01 -1.913365e+00 -8.130530e+01
<VARIANCE> 6
 3.185104e+01 2.330542e+04 1.387160e+04 2.998198e+02 4.022584e+04 5.158639e+07
<GCONST> 6.814658e+01
<MIXTURE> 11 4.793098e-02
<MEAN> 6
 7.941872e+01 -4.740457e+02 -7.606898e+01 -6.722863e-01 -9.750471e+00 -1.372109e+01
<VARIANCE> 6
 3.185104e+01 1.195217e+04 1.387160e+04 2.998198e+02 4.022584e+04 5.158639e+07
<GCONST> 6.747881e+01
<MIXTURE> 12 8.351588e-02
<MEAN> 6
 6.758198e+01 -2.309573e+03 -1.337950e+02 4.362554e-02 -1.564941e+00 -5.990329e+01
<VARIANCE> 6
 3.185104e+01 5.102127e+04 2.263152e+05 2.998198e+02 4.022584e+04 5.158639e+07
<GCONST> 7.172223e+01
<MIXTURE> 13 7.796447e-02
<MEAN> 6
 7.347301e+01 1.020391e+02 -6.478259e+02 -8.417761e-01 -4.433448e+00 -1.347081e+02
<VARIANCE> 6
 3.185104e+01 1.195217e+04 1.387160e+04 2.998198e+02 4.022584e+04 5.158639e+07
<GCONST> 6.747881e+01
<MIXTURE> 14 5.772776e-02
<MEAN> 6
 7.209536e+01 6.334377e+02 9.164919e+02 7.470837e-01 1.573526e-01 -7.069553e+01
<VARIANCE> 6
 3.185104e+01 1.195217e+04 5.038242e+05 2.998198e+02 4.022584e+04 5.158639e+07
<GCONST> 7.107120e+01
<MIXTURE> 15 5.405542e-02
<MEAN> 6
 7.315675e+01 5.935728e+02 3.201478e+02 -3.354641e-01 -1.648114e+00 -8.293977e+01
<VARIANCE> 6
 3.185104e+01 1.341353e+04 1.387160e+04 2.998198e+02 4.022584e+04 5.158639e+07
<GCONST> 6.759416e+01
<STATE> 4
<NUMMIXES> 15
<MIXTURE> 1 8.430879e-02
<MEAN> 6
 8.122511e+01 -4.007062e+03 5.201506e+03 -1.193479e+00 -1.390837e+01 -1.163939e+02
<VARIANCE> 6
 1.092711e+02 1.184781e+06 1.694626e+07 2.998198e+02 4.022584e+04 5.158639e+07
<GCONST> 8.041594e+01
<MIXTURE> 2 5.132822e-02
<MEAN> 6
 2.850763e+01 -4.576182e+02 2.013483e+03 -4.716486e+01 -2.162076e+02 6.797365e+02
<VARIANCE> 6
 3.032448e+03 1.602719e+07 3.719664e+07 3.774605e+04 1.124155e+06 3.038337e+08
<GCONST> 9.706908e+01
<MIXTURE> 3 5.983525e-02
<MEAN> 6
 -5.406963e+01 6.706417e+02 2.787704e+03 1.176347e+02 8.167250e+02 3.016631e+02
<VARIANCE> 6
 2.330028e+02 5.493659e+05 3.835812e+06 9.595091e+03 1.479594e+05 5.158639e+07
<GCONST> 8.368719e+01
<MIXTURE> 4 7.297284e-02
<MEAN> 6
 3.574064e+01 2.820588e+01 1.351451e+03 2.383917e+02 -5.324057e+02 -2.789898e+03
<VARIANCE> 6
 3.868469e+02 1.253806e+06 6.984690e+06 4.081333e+03 1.979380e+05 5.158639e+07
<GCONST> 8.505487e+01
<MIXTURE> 5 5.501860e-02
<MEAN> 6
 9.509483e+01 -1.989739e+02 7.900220e+02 -1.166983e+01 -8.934278e+01 2.560328e+02
<VARIANCE> 6
 1.097054e+02 1.466595e+06 5.085838e+06 2.998198e+02 4.022584e+04 5.158639e+07
<GCONST> 7.942970e+01
<MIXTURE> 6 1.008921e-01
<MEAN> 6
 -6.360136e+01 2.175208e+02 6.603495e+02 5.270587e+00 1.252822e+02 6.743275e+01
<VARIANCE> 6
 5.946329e+01 5.466811e+05 4.240078e+06 5.437349e+02 4.130168e+04 5.158639e+07
<GCONST> 7.827023e+01
<MIXTURE> 7 5.824790e-02
<MEAN> 6
 3.570239e+01 1.933405e+01 3.204155e+02 -2.819398e+02 -5.522955e+02 6.960654e+03
<VARIANCE> 6
 3.675445e+02 3.498201e+05 7.398126e+06 4.508296e+03 3.562281e+05 7.254386e+07
<GCONST> 8.481272e+01
<MIXTURE> 8 3.617324e-02
<MEAN> 6
 -1.073563e+01 4.826584e+02 2.890022e+03 -1.827180e+00 5.319705e+02 -3.001845e+03
<VARIANCE> 6
 2.159614e+02 9.764288e+05 4.845058e+06 1.039865e+05 2.588465e+05 2.528387e+08
<GCONST> 8.895177e+01
<MIXTURE> 9 7.649944e-02
<MEAN> 6
 7.881549e+01 2.681227e+01 7.431317e+02 2.233763e+00 -7.048747e+01 -1.496555e+02
<VARIANCE> 6
 4.282481e+01 8.412669e+04 1.510226e+06 2.998198e+02 4.022584e+04 5.158639e+07
<GCONST> 7.441644e+01
<MIXTURE> 10 6.062917e-02
<MEAN> 6
 -2.497561e+01 -1.748225e+02 -1.244895e+01 -8.361411e+00 4.162345e+02 -4.651762e+02
<VARIANCE> 6
 4.084482e+02 9.567957e+05 2.443381e+06 3.170005e+04 1.330589e+05 5.158639e+07
<GCONST> 8.544125e+01
<MIXTURE> 11 7.981818e-02
<MEAN> 6
 7.798003e+01 -2.599982e+02 1.282821e+03 9.614204e+01 -4.669493e+02 8.601389e+02
<VARIANCE> 6
 2.420935e+02 8.338262e+05 6.577396e+06 3.525608e+03 6.252839e+04 5.158639e+07
<GCONST> 8.281947e+01
<MIXTURE> 12 7.059930e-02
<MEAN> 6
 7.215503e+01 -8.270707e+02 2.443528e+03 -9.618675e-01 -1.780932e+01 -1.247994e+02
<VARIANCE> 6
 3.185104e+01 5.235135e+05 4.517959e+05 2.998198e+02 4.022584e+04 5.158639e+07
<GCONST> 7.474185e+01
<MIXTURE> 13 5.149677e-02
<MEAN> 6
 -5.952047e+01 1.774203e+02 1.600141e+03 -1.122850e+02 1.350914e+03 1.288077e+03
<VARIANCE> 6
 1.807105e+02 5.398501e+05 5.301284e+06 1.916672e+04 4.199726e+05 2.791943e+08
<GCONST> 8.716296e+01
<MIXTURE> 14 8.232070e-02
<MEAN> 6
 7.885677e+01 -1.485897e+02 4.225636e+02 -8.150881e+01 -8.363119e+02 -2.167958e+03
<VARIANCE> 6
 2.687238e+02 8.830746e+05 3.764262e+06 8.471711e+03 1.841402e+05 5.158639e+07
<GCONST> 8.437988e+01
<MIXTURE> 15 5.979344e-02
<MEAN> 6
 -2.545944e+01 -3.246147e+02 -4.385083e+02 -2.205316e+01 3.491712e+02 -8.539614e+02
<VARIANCE> 6
 3.781557e+02 7.159482e+05 2.601586e+06 2.888761e+04 1.211387e+05 5.158639e+07
<GCONST> 8.495019e+01
<STATE> 5
<NUMMIXES> 15
<MIXTURE> 1 6.062968e-02
<MEAN> 6
 6.981396e+01 1.011326e+03 1.134621e+02 -6.933658e-01 -6.504520e+00 -1.722545e+02
<VARIANCE> 6
 3.185104e+01 1.110156e+05 1.387160e+04 2.998198e+02 4.022584e+04 5.158639e+07
<GCONST> 6.970757e+01
<MIXTURE> 2 9.558029e-02
<MEAN> 6
 6.936840e+01 9.346890e+01 2.037578e+02 -4.321826e-01 -7.371010e+00 -1.260343e+02
<VARIANCE> 6
 3.185104e+01 5.437554e+04 1.387160e+04 2.998198e+02 4.022584e+04 5.158639e+07
<GCONST> 6.899381e+01
<MIXTURE> 3 2.951295e-02
<MEAN> 6
 7.405968e+01 1.123184e+03 -7.275757e+02 -1.372855e+00 -7.397841e+00 -6.474243e+01
<VARIANCE> 6
 3.185104e+01 8.193371e+04 1.387160e+04 2.998198e+02 4.022584e+04 5.158639e+07
<GCONST> 6.940381e+01
<MIXTURE> 4 5.276076e-02
<MEAN> 6
 5.499812e+01 1.436349e+02 2.333212e+01 -9.567640e-01 -7.876013e-01 -8.121543e+01
<VARIANCE> 6
 3.185104e+01 1.195217e+04 2.695032e+05 2.998198e+02 4.022584e+04 5.158639e+07
<GCONST> 7.044555e+01
<MIXTURE> 5 7.504773e-02
<MEAN> 6
 6.584979e+01 -8.287338e+02 -6.659277e+01 4.329360e-01 -7.742620e+00 -1.482427e+02
<VARIANCE> 6
 3.185104e+01 4.111011e+05 1.100285e+05 2.998198e+02 4.022584e+04 5.158639e+07
<GCONST> 7.308764e+01
<MIXTURE> 6 2.876421e-02
<MEAN> 6
 5.941997e+01 2.283465e+03 -2.425356e+02 2.563746e-02 -4.641504e+00 -2.212695e+02
<VARIANCE> 6
 3.185104e+01 2.202326e+05 1.387160e+04 2.998198e+02 4.022584e+04 5.158639e+07
<GCONST> 7.039259e+01
<MIXTURE> 7 8.787271e-02
<MEAN> 6
 6.667577e+01 -3.937199e+02 3.031968e+02 -3.611631e-01 -5.522628e+00 -9.027513e+01
<VARIANCE> 6
 3.185104e+01 1.195217e+04 1.387160e+04 2.998198e+02 4.022584e+04 5.158639e+07
<GCONST> 6.747881e+01
<MIXTURE> 8 9.158455e-02
<MEAN> 6
 7.195440e+01 -1.052000e+03 -5.173759e+01 -1.049367e+00 -6.619202e+00 -1.193969e+02
<VARIANCE> 6
 6.199659e+01 2.428467e+05 2.286951e+04 2.998198e+02 4.022584e+04 5.158639e+07
<GCONST> 7.165630e+01
<MIXTURE> 9 6.089898e-02
<MEAN> 6
 6.777660e+01 4.737299e+02 -2.350735e+02 2.430621e-01 -3.964065e+00 -1.351332e+02
<VARIANCE> 6
 3.185104e+01 3.421496e+04 1.387160e+04 2.998198e+02 4.022584e+04 5.158639e+07
<GCONST> 6.853056e+01
<MIXTURE> 10 9.972554e-02
<MEAN> 6
 6.211422e+01 -4.533372e+02 -1.673871e+02 -5.399553e-02 -3.977387e+00 -1.360740e+02
<VARIANCE> 6
 3.185104e+01 5.944914e+04 8.829898e+04 2.998198e+02 4.022584e+04 5.158639e+07
<GCONST> 7.093391e+01
<MIXTURE> 11 4.709996e-02
<MEAN> 6
 7.171658e+01 -5.091900e+01 -3.929146e+02 -5.857696e-01 -9.333639e+00 -1.864736e+02
<VARIANCE> 6
 3.185104e+01 1.765229e+04 2.690422e+04 2.998198e+02 4.022584e+04 5.158639e+07
<GCONST> 6.853120e+01
<MIXTURE> 12 7.387794e-02
<MEAN> 6
 6.061326e+01 -4.171766e+02 -5.367719e+02 -2.094373e-01 -2.425392e+00 -1.004843e+02
<VARIANCE> 6
 3.185104e+01 6.067177e+04 8.706459e+04 2.998198e+02 4.022584e+04 5.158639e+07
<GCONST> 7.094019e+01
<MIXTURE> 13 7.988654e-02
<MEAN> 6
 6.664497e+01 -6.694177e+01 2.234192e+02 -3.831988e-01 -5.515855e+00 -1.121087e+02
<VARIANCE> 6
 3.885260e+01 2.746025e+04 1.387160e+04 2.998198e+02 4.022584e+04 5.158639e+07
<GCONST> 6.850935e+01
<MIXTURE> 14 6.009658e-02
<MEAN> 6
 6.927522e+01 1.112029e+03 6.098433e+01 -7.765684e-01 -5.298600e+00 -1.281303e+02
<VARIANCE> 6
 3.185104e+01 2.672114e+05 1.387160e+04 2.998198e+02 4.022584e+04 5.158639e+07
<GCONST> 7.058594e+01
<MIXTURE> 15 5.656569e-02
<MEAN> 6
 6.773741e+01 3.924028e+02 -2.477287e+02 1.418806e-01 -6.321247e+00 -1.598202e+02
<VARIANCE> 6
 3.185104e+01 6.037876e+04 1.387160e+04 2.998198e+02 4.022584e+04 5.158639e+07
<GCONST> 6.909854e+01
<STATE> 6
<NUMMIXES> 15
<MIXTURE> 1 6.102160e-02
<MEAN> 6
 8.414048e+01 2.276951e+02 1.275669e+02 2.849752e+01 -1.118107e+03 -3.871092e+02
<VARIANCE> 6
 3.509148e+02 1.862789e+06 1.237326e+06 2.114379e+04 8.596786e+05 5.984172e+08
<GCONST> 8.918707e+01
<MIXTURE> 2 4.434600e-02
<MEAN> 6
 -2.526194e+01 -5.745067e+01 7.322018e+01 2.336444e+02 7.767122e+02 -7.440138e+03
<VARIANCE> 6
 9.914644e+01 6.890440e+05 2.271963e+05 3.962240e+03 1.537451e+05 6.424183e+07
<GCONST> 7.960627e+01
<MIXTURE> 3 7.222176e-02
<MEAN> 6
 8.257081e+01 -2.032655e+02 2.186301e+02 -8.040135e+00 -6.509376e+01 -3.140366e+02
<VARIANCE> 6
 1.216244e+02 7.552449e+05 2.990362e+05 2.998198e+02 4.022584e+04 5.158639e+07
<GCONST> 7.603554e+01
<MIXTURE> 4 8.972181e-02
<MEAN> 6
 4.690233e+01 2.134007e+02 -6.204015e+01 1.816926e+02 -3.839044e+02 -6.947095e+02
<VARIANCE> 6
 2.568679e+02 8.791112e+05 2.515119e+05 3.382185e+03 1.023779e+05 5.158639e+07
<GCONST> 8.011921e+01
<MIXTURE> 5 7.056852e-02
<MEAN> 6
 -5.728534e+01 -1.062939e+02 9.696461e+01 1.528471e+01 1.631295e+02 -1.150321e+02
<VARIANCE> 6
 1.142449e+02 6.736748e+05 4.849231e+05 4.350305e+02 5.560921e+04 5.158639e+07
<GCONST> 7.703814e+01
<MIXTURE> 6 7.840698e-02
<MEAN> 6
 -7.162605e+00 1.574002e+02 4.819191e+01 4.065411e+01 1.234330e+02 -1.673783e+03
<VARIANCE> 6
 2.082471e+02 3.532335e+05 1.381463e+05 3.076865e+04 5.718787e+04 5.158639e+07
<GCONST> 8.002406e+01
<MIXTURE> 7 5.789183e-02
<MEAN> 6
 7.394692e+01 4.187563e+01 1.482723e+02 5.266151e+01 -4.038169e+02 -1.705307e+02
<VARIANCE> 6
 1.487276e+02 5.451606e+05 5.252792e+05 5.938496e+03 1.002748e+05 5.158639e+07
<GCONST> 8.037355e+01
<MIXTURE> 8 5.278163e-02
<MEAN> 6
 -5.224829e+01 6.121255e+01 1.564370e+02 -1.317217e+02 1.669302e+03 1.602049e+03
<VARIANCE> 6
 1.557547e+02 1.123132e+06 7.535176e+05 1.564163e+04 6.113136e+05 6.333933e+08
<GCONST> 8.678735e+01
<MIXTURE> 9 8.475187e-02
<MEAN> 6
 -1.126501e+01 2.346920e+02 1.214205e+02 -2.485007e+02 2.296868e+02 6.218232e+03
<VARIANCE> 6
 3.702545e+02 7.409672e+05 6.612713e+05 6.285335e+03 2.835348e+05 2.019687e+08
<GCONST> 8.428377e+01
<MIXTURE> 10 7.956470e-02
<MEAN> 6
 3.512873e+01 -1.802336e+02 -3.758547e+01 -2.347335e+02 -3.974451e+02 4.323599e+03
<VARIANCE> 6
 2.298116e+02 2.178620e+06 3.297720e+05 4.673561e+03 1.691651e+05 6.789156e+07
<GCONST> 8.228661e+01
<MIXTURE> 11 7.384452e-02
<MEAN> 6
 7.057952e+01 2.560638e+01 3.799771e+01 -1.151304e+02 -8.228937e+02 -5.184708e+02
<VARIANCE> 6
 1.681714e+02 4.108345e+05 1.674565e+05 6.330424e+03 1.411158e+05 5.158639e+07
<GCONST> 7.947590e+01
<MIXTURE> 12 6.370795e-02
<MEAN> 6
 -4.583108e+01 1.745401e+02 1.668653e+02 6.507536e+01 8.538533e+02 1.592774e+03
<VARIANCE> 6
 1.028551e+02 4.454882e+05 2.077533e+05 9.872460e+03 1.544303e+05 5.158639e+07
<GCONST> 7.981539e+01
<MIXTURE> 13 5.587363e-02
<MEAN> 6
 1.545646e+01 -5.574464e+01 -2.206078e+02 2.500638e+02 -1.896884e+02 -4.816596e+03
<VARIANCE> 6
 2.503918e+02 9.414264e+05 9.622044e+05 5.131672e+03 1.296564e+05 5.517358e+07
<GCONST> 8.222425e+01
<MIXTURE> 14 5.299481e-02
<MEAN> 6
 7.421381e+01 -6.119650e+02 1.949368e+02 1.621752e+01 -5.458583e+02 -8.007296e+02
<VARIANCE> 6
 1.521531e+02 1.687850e+06 6.335986e+05 9.999603e+03 1.441949e+05 5.158639e+07
<GCONST> 8.259827e+01
<MIXTURE> 15 6.191729e-02
<MEAN> 6
 -5.344036e+01 -7.771174e+01 6.319541e+01 3.092967e+01 7.540957e+02 -1.711904e+03
<VARIANCE> 6
 1.222153e+02 4.924800e+05 3.607591e+05 6.791570e+03 1.080491e+05 6.009157e+07
<GCONST> 8.006138e+01
<STATE> 7
<NUMMIXES> 15
<MIXTURE> 1 5.215066e-02
<MEAN> 6
 1.061551e+02 7.017448e+02 -6.596486e+02 -8.333347e+00 9.517816e+00 3.919244e+02
<VARIANCE> 6
 4.576355e+01 2.407789e+05 1.353141e+05 2.998198e+02 4.022584e+04 5.158639e+07
<GCONST> 7.312196e+01
<MIXTURE> 2 7.592712e-02
<MEAN> 6
 9.617746e+01 -8.932422e+02 -7.792760e+03 -5.507909e+00 3.565368e+00 1.463573e+02
<VARIANCE> 6
 1.731909e+02 7.432173e+04 4.616188e+06 2.998198e+02 4.022584e+04 5.158639e+07
<GCONST> 7.680711e+01
<MIXTURE> 3 5.357454e-02
<MEAN> 6
 8.996817e+01 4.164868e+02 -2.915730e+03 -2.269732e+00 1.112410e+00 7.014879e+01
<VARIANCE> 6
 3.185104e+01 1.954487e+04 5.210075e+05 2.998198e+02 4.022584e+04 5.158639e+07
<GCONST> 7.159653e+01
<MIXTURE> 4 7.603336e-02
<MEAN> 6
 8.504954e+01 -8.415579e+02 1.481218e+03 -4.910557e+00 -7.419209e+00 1.283140e+02
<VARIANCE> 6
 3.185104e+01 2.479660e+04 1.573537e+06 2.998198e+02 4.022584e+04 5.158639e+07
<GCONST> 7.293985e+01
<MIXTURE> 5 9.086105e-02
<MEAN> 6
 8.964625e+01 1.687899e+03 -1.337487e+03 -3.560018e+00 -3.435158e+00 1.323193e+02
<VARIANCE> 6
 1.053424e+02 3.556733e+05 9.755576e+04 2.998198e+02 4.022584e+04 5.158639e+07
<GCONST> 7.401864e+01
<MIXTURE> 6 8.276410e-02
<MEAN> 6
 9.561329e+01 1.139444e+01 2.525562e+00 -4.053099e+00 -2.201172e+00 -3.510787e+01
<VARIANCE> 6
 3.185104e+01 1.353836e+05 2.012703e+04 2.998198e+02 4.022584e+04 5.158639e+07
<GCONST> 7.027824e+01
<MIXTURE> 7 6.667662e-02
<MEAN> 6
 7.552523e+01 -1.166007e+03 6.828502e+02 -3.875288e+00 8.569230e+00 -4.158730e+00
<VARIANCE> 6
 3.185104e+01 8.217752e+04 1.960095e+05 2.998198e+02 4.022584e+04 5.158639e+07
<GCONST> 7.205511e+01
<MIXTURE> 8 8.219795e-02
<MEAN> 6
 8.956022e+01 -3.203205e+02 4.944225e+02 -3.464685e+00 -1.878811e+01 2.833517e+02
<VARIANCE> 6
 3.185104e+01 4.547673e+04 1.096101e+05 2.998198e+02 4.022584e+04 5.158639e+07
<GCONST> 7.088219e+01
<MIXTURE> 9 4.599228e-02
<MEAN> 6
 8.860098e+01 2.280444e+02 1.962217e+03 -4.970243e+00 3.697731e+00 3.014408e+02
<VARIANCE> 6
 3.185104e+01 5.271615e+04 2.737680e+05 2.998198e+02 4.022584e+04 5.158639e+07
<GCONST> 7.194526e+01
<MIXTURE> 10 6.240593e-02
<MEAN> 6
 9.272415e+01 -1.868342e+02 -1.903456e+03 -4.291024e+00 -9.048175e+00 3.558867e+01
<VARIANCE> 6
 3.185104e+01 3.345191e+04 8.216319e+04 2.998198e+02 4.022584e+04 5.158639e+07
<GCONST> 7.028687e+01
<MIXTURE> 11 4.219684e-02
<MEAN> 6
 9.462961e+01 -6.916151e+02 -1.138187e+03 -3.816885e+00 -1.826245e+00 4.643315e+01
<VARIANCE> 6
 3.236813e+01 1.209535e+04 1.656174e+04 2.998198e+02 4.022584e+04 5.158639e+07
<GCONST> 6.768408e+01
<MIXTURE> 12 8.276781e-02
<MEAN> 6
 9.292451e+01 2.597674e+02 -3.892251e+02 -4.048602e+00 1.344903e+00 1.882475e+01
<VARIANCE> 6
 3.185104e+01 1.340875e+04 1.950661e+04 2.998198e+02 4.022584e+04 5.158639e+07
<GCONST> 6.793472e+01
<MIXTURE> 13 8.059045e-02
<MEAN> 6
 8.455945e+01 -1.053524e+03 -2.831006e+02 -4.431120e+00 -1.270574e+01 1.909622e+02
<VARIANCE> 6
 3.185104e+01 4.493938e+04 4.681041e+05 2.998198e+02 4.022584e+04 5.158639e+07
<GCONST> 7.232207e+01
<MIXTURE> 14 5.179892e-02
<MEAN> 6
 7.408962e+01 -2.877215e+02 -1.985668e+03 -3.011010e+00 -8.106263e-01 5.507547e+01
<VARIANCE> 6
 3.185104e+01 1.830483e+05 4.418191e+04 2.998198e+02 4.022584e+04 5.158639e+07
<GCONST> 7.136613e+01
<MIXTURE> 15 5.401608e-02
<MEAN> 6
 1.028612e+02 5.823721e+02 -7.420534e+02 -6.703762e+00 3.363691e+00 2.431054e+02
<VARIANCE> 6
 6.040192e+01 2.042225e+05 1.086125e+05 2.998198e+02 4.022584e+04 5.158639e+07
<GCONST> 7.301501e+01
<STATE> 8
<NUMMIXES> 15
<MIXTURE> 1 3.366823e-02
<MEAN> 6
 1.319150e+01 1.348493e+04 -3.931885e+01 1.833028e+01 1.371210e+02 1.679289e+02
<VARIANCE> 6
 3.281941e+03 2.263009e+05 3.106792e+05 2.509646e+04 3.147716e+05 6.183776e+07
<GCONST> 8.482970e+01
<MIXTURE> 2 6.132660e-02
<MEAN> 6
 -3.737603e+01 1.356439e+03 -8.081016e+02 5.618745e+00 1.137458e+03 2.277385e+02
<VARIANCE> 6
 5.960509e+01 5.359284e+06 3.459367e+06 1.650268e+04 1.828503e+05 1.104744e+08
<GCONST> 8.601393e+01
<MIXTURE> 3 6.845325e-02
<MEAN> 6
 8.877362e+01 1.349830e+03 -9.472354e+02 -3.969525e+01 -1.011291e+03 1.220392e+02
<VARIANCE> 6
 2.795920e+02 3.281672e+07 3.004586e+06 1.914815e+04 6.419018e+05 2.628853e+08
<GCONST> 9.150208e+01
<MIXTURE> 4 5.591067e-02
<MEAN> 6
 8.964190e+01 -5.626537e+03 3.386213e+02 -6.261741e+00 -2.546292e+01 3.076508e+00
<VARIANCE> 6
 7.498810e+01 4.942186e+06 9.363656e+05 2.998198e+02 4.022584e+04 5.158639e+07
<GCONST> 7.857189e+01
<MIXTURE> 5 4.825024e-02
<MEAN> 6
 7.600134e+01 7.256865e+02 -3.826096e+03 4.735789e+00 -2.297500e+01 -4.733068e+02
<VARIANCE> 6
 3.185104e+01 1.735882e+05 4.386882e+05 2.998198e+02 4.022584e+04 5.158639e+07
<GCONST> 7.360853e+01
<MIXTURE> 6 4.281188e-02
<MEAN> 6
 -4.867810e+01 -5.486081e+03 4.566389e+02 9.991422e+00 4.277556e+02 -1.835947e+02
<VARIANCE> 6
 4.944097e+01 2.897601e+05 9.856343e+04 5.994628e+03 1.341895e+05 5.158639e+07
<GCONST> 7.726770e+01
<MIXTURE> 7 6.195832e-02
<MEAN> 6
 4.508987e+01 3.281514e+03 -4.502850e+03 9.861693e+01 -1.128734e+02 -5.083654e+02
<VARIANCE> 6
 9.674507e+02 8.718242e+05 7.135038e+05 2.975930e+03 4.022584e+04 5.158639e+07
<GCONST> 8.141756e+01
<MIXTURE> 8 8.398558e-02
<MEAN> 6
 5.885406e+01 1.743692e+03 -1.276154e+03 1.410605e+02 -2.084820e+02 -9.970223e+02
<VARIANCE> 6
 3.669762e+02 4.886284e+06 2.864269e+06 4.751880e+03 4.947616e+04 5.158639e+07
<GCONST> 8.423664e+01
<MIXTURE> 9 1.129564e-01
<MEAN> 6
 1.005615e+01 1.755958e+03 -2.071175e+03 -1.753810e+02 1.702998e+02 2.035268e+03
<VARIANCE> 6
 4.875958e+02 3.881537e+06 2.448451e+06 3.566543e+03 7.574718e+04 6.608292e+07
<GCONST> 8.452039e+01
<MIXTURE> 10 8.309487e-02
<MEAN> 6
 4.966203e+01 -5.704361e+03 3.156137e+02 6.430639e+00 -1.652814e+02 -1.640119e+02
<VARIANCE> 6
 1.209988e+03 2.034541e+05 1.206278e+05 2.601438e+04 1.030565e+05 5.158639e+07
<GCONST> 8.151749e+01
<MIXTURE> 11 9.885285e-02
<MEAN> 6
 7.578873e+01 8.075374e+02 -2.670578e+03 -6.657762e+01 -3.659052e+02 5.203920e+02
<VARIANCE> 6
 1.400219e+02 2.877434e+06 1.667644e+06 9.605541e+03 6.016984e+04 5.158639e+07
<GCONST> 8.310218e+01
<MIXTURE> 12 7.493369e-02
<MEAN> 6
 7.041263e+00 1.213802e+03 -2.314957e+03 1.721728e+02 9.247672e+01 -5.707811e+02
<VARIANCE> 6
 2.467257e+02 3.471873e+06 2.545408e+06 3.485744e+03 4.778333e+04 5.158639e+07
<GCONST> 8.303518e+01
<MIXTURE> 13 6.556998e-02
<MEAN> 6
 -4.200262e+01 1.659290e+03 -9.659880e+02 4.040195e+00 4.263253e+02 2.285046e+02
<VARIANCE> 6
 1.178168e+02 1.134280e+06 1.961027e+06 4.149573e+03 7.240378e+04 5.158639e+07
<GCONST> 8.150642e+01
<MIXTURE> 14 5.288200e-02
<MEAN> 6
 -1.773434e+01 -8.403636e+02 -1.979607e+02 1.666465e+01 1.453996e+02 -2.443814e+03
<VARIANCE> 6
 6.433514e+01 9.413960e+06 2.449922e+06 2.249331e+04 6.490660e+04 9.493404e+07
<GCONST> 8.543101e+01
<MIXTURE> 15 5.530650e-02
<MEAN> 6
 9.348721e+01 -6.563421e+03 -1.929828e+02 -8.348522e+00 -4.855411e+01 8.362177e+01
<VARIANCE> 6
 5.310128e+01 3.544776e+06 1.176874e+06 2.998198e+02 4.022584e+04 5.158639e+07
<GCONST> 7.812303e+01
<STATE> 9
<NUMMIXES> 15
<MIXTURE> 1 5.372130e-02
<MEAN> 6
 7.473726e+01 4.368492e+02 6.026541e+02 -4.144645e+00 -4.819259e+00 4.134889e+01
<VARIANCE> 6
 3.185104e+01 2.993286e+04 1.607133e+04 2.998198e+02 4.022584e+04 5.158639e+07
<GCONST> 6.854405e+01
<MIXTURE> 2 6.047351e-02
<MEAN> 6
 5.942883e+01 4.849562e+02 1.011279e+02 -8.382599e-03 8.585414e-02 -1.280547e+02
<VARIANCE> 6
 3.185104e+01 1.195217e+04 1.387160e+04 2.998198e+02 4.022584e+04 5.158639e+07
<GCONST> 6.747881e+01
<MIXTURE> 3 3.881419e-02
<MEAN> 6
 6.074529e+01 1.994225e+03 9.919814e+02 8.179694e-02 1.087606e-01 1.487209e+02
<VARIANCE> 6
 3.185104e+01 8.026686e+05 3.150495e+05 2.998198e+02 4.022584e+04 5.158639e+07
<GCONST> 7.480873e+01
<MIXTURE> 4 8.942625e-02
<MEAN> 6
 6.402556e+01 3.557017e+02 -1.733548e+02 6.553748e-01 -9.135600e+00 -1.467486e+02
<VARIANCE> 6
 3.185104e+01 1.195217e+04 1.387160e+04 2.998198e+02 4.022584e+04 5.158639e+07
<GCONST> 6.747881e+01
<MIXTURE> 5 5.647847e-02
<MEAN> 6
 7.634655e+01 9.767612e+02 1.034384e+02 -3.725260e+00 6.175451e+00 1.608485e+01
<VARIANCE> 6
 3.185104e+01 2.911956e+04 4.172623e+04 2.998198e+02 4.022584e+04 5.158639e+07
<GCONST> 6.947060e+01
<MIXTURE> 6 1.097304e-01
<MEAN> 6
 5.996560e+01 4.502637e+01 -6.955779e+01 -1.897921e-02 -4.030355e+00 -1.573932e+02
<VARIANCE> 6
 3.185104e+01 1.195217e+04 1.387160e+04 2.998198e+02 4.022584e+04 5.158639e+07
<GCONST> 6.747881e+01
<MIXTURE> 7 6.847746e-02
<MEAN> 6
 6.813635e+01 -1.195360e+03 -1.542351e+02 -2.505427e+00 -1.312970e+00 4.829002e+01
<VARIANCE> 6
 5.076001e+01 4.190441e+05 1.387160e+04 2.998198e+02 4.022584e+04 5.158639e+07
<GCONST> 7.150191e+01
<MIXTURE> 8 8.739650e-02
<MEAN> 6
 7.940285e+01 1.979375e+02 -1.208689e+02 -1.519532e+00 -7.942756e+00 3.472042e+01
<VARIANCE> 6
 3.185104e+01 9.460721e+04 1.213408e+05 2.998198e+02 4.022584e+04 5.158639e+07
<GCONST> 7.171639e+01
<MIXTURE> 9 5.350869e-02
<MEAN> 6
 5.962691e+01 3.662244e+01 -8.279189e+01 3.472630e-02 -3.759989e+00 -1.550715e+02
<VARIANCE> 6
 3.185104e+01 1.195217e+04 1.387160e+04 2.998198e+02 4.022584e+04 5.158639e+07
<GCONST> 6.747881e+01
<MIXTURE> 10 7.599993e-02
<MEAN> 6
 7.336347e+01 1.303510e+03 -4.682761e+02 -2.847526e+00 -3.571112e+00 1.108527e+02
<VARIANCE> 6
 3.185104e+01 2.477538e+05 5.593813e+04 2.998198e+02 4.022584e+04 5.158639e+07
<GCONST> 7.190474e+01
<MIXTURE> 11 4.085252e-02
<MEAN> 6
 5.438982e+01 8.491602e+02 1.402268e+00 1.243488e+00 3.648165e+00 -1.188237e+02
<VARIANCE> 6
 3.185104e+01 1.195217e+04 1.387160e+04 2.998198e+02 4.022584e+04 5.158639e+07
<GCONST> 6.747881e+01
<MIXTURE> 12 8.863175e-02
<MEAN> 6
 7.886168e+01 -5.813629e+01 -3.260620e+02 -2.089590e+00 -3.096271e+00 3.138538e+01
<VARIANCE> 6
 3.185104e+01 4.511740e+04 2.305648e+05 2.998198e+02 4.022584e+04 5.158639e+07
<GCONST> 7.161786e+01
<MIXTURE> 13 6.117790e-02
<MEAN> 6
 7.746092e+01 6.663796e+02 -2.984044e+02 -2.084272e+00 -1.010439e+01 1.099736e+02
<VARIANCE> 6
 3.185104e+01 5.779193e+04 9.622548e+04 2.998198e+02 4.022584e+04 5.158639e+07
<GCONST> 7.099160e+01
<MIXTURE> 14 5.485846e-02
<MEAN> 6
 5.846973e+01 1.949090e+01 -1.197983e+02 2.388432e-01 -3.043463e+00 -1.460917e+02
<VARIANCE> 6
 3.185104e+01 1.195217e+04 1.387160e+04 2.998198e+02 4.022584e+04 5.158639e+07
<GCONST> 6.747881e+01
<MIXTURE> 15 6.036532e-02
<MEAN> 6
 5.933477e+01 4.816604e+02 9.550639e+01 -1.106944e-02 5.224625e-01 -1.248664e+02
<VARIANCE> 6
 3.185104e+01 1.195217e+04 1.387160e+04 2.998198e+02 4.022584e+04 5.158639e+07
<GCONST> 6.747881e+01
<STATE> 10
<NUMMIXES> 15
<MIXTURE> 1 2.663698e-02
<MEAN> 6
 -4.503549e+01 5.144863e+01 2.862615e+01 -9.803950e+01 1.322349e+03 4.349725e+03
<VARIANCE> 6
 2.059368e+02 1.153636e+05 4.848258e+05 1.333114e+04 5.684103e+05 3.918062e+08
<GCONST> 8.363695e+01
<MIXTURE> 2 7.546611e-02
<MEAN> 6
 8.057076e+01 -3.305373e+02 -3.334095e+01 1.908665e+01 -8.232623e+02 -1.612982e+03
<VARIANCE> 6
 1.762869e+02 6.020539e+05 6.020393e+04 9.622637e+03 5.670301e+05 2.453835e+08
<GCONST> 8.225134e+01
<MIXTURE> 3 2.348768e-02
<MEAN> 6
 -8.744998e+00 7.318514e+00 1.272282e+02 2.215831e+02 7.743607e+01 -9.721729e+03
<VARIANCE> 6
 3.076319e+02 8.918658e+04 1.786087e+05 6.122585e+03 3.283544e+05 2.191579e+08
<GCONST> 8.087450e+01
<MIXTURE> 4 5.705591e-02
<MEAN> 6
 7.195155e+01 -1.645867e+02 5.506190e+01 -9.195727e+00 -4.368127e+01 1.666806e+02
<VARIANCE> 6
 7.434521e+01 2.293306e+05 3.708492e+04 2.998198e+02 4.022584e+04 5.158639e+07
<GCONST> 7.226408e+01
<MIXTURE> 5 7.254868e-02
<MEAN> 6
 1.061347e+01 9.840353e+01 1.602657e+02 -2.262945e+02 4.594034e+01 7.567142e+03
<VARIANCE> 6
 4.870645e+02 1.227854e+05 6.501781e+04 4.688014e+03 3.302309e+05 1.847439e+08
<GCONST> 8.021106e+01
<MIXTURE> 6 6.365165e-02
<MEAN> 6
 6.110474e+01 -6.311981e+01 4.823643e+01 8.078247e+01 -3.175820e+02 -4.083584e+02
<VARIANCE> 6
 1.170185e+02 1.301158e+05 3.830346e+04 2.937483e+03 7.790365e+04 5.158639e+07
<GCONST> 7.512638e+01
<MIXTURE> 7 7.072459e-02
<MEAN> 6
 2.974494e+01 8.075711e+01 1.150393e-02 1.895691e+02 -2.542184e+02 -1.965287e+03
<VARIANCE> 6
 4.428596e+02 6.177787e+04 3.111933e+04 3.095214e+03 1.047878e+05 5.158639e+07
<GCONST> 7.585348e+01
<MIXTURE> 8 9.744490e-02
<MEAN> 6
 -4.557858e+01 3.374943e+01 -4.014986e+01 2.970904e+01 9.425327e+02 -9.818817e+02
<VARIANCE> 6
 1.062674e+02 6.993302e+04 3.956789e+04 1.249921e+04 1.622647e+05 8.386722e+07
<GCONST> 7.710944e+01
<MIXTURE> 9 9.183571e-02
<MEAN> 6
 5.549074e+01 9.921214e+01 4.217275e+01 -1.373191e+02 -6.385538e+02 9.235640e+02
<VARIANCE> 6
 2.157628e+02 1.280828e+05 1.808119e+04 4.400205e+03 1.692000e+05 5.158639e+07
<GCONST> 7.615152e+01
<MIXTURE> 10 7.634808e-02
<MEAN> 6
 -1.945811e+01 -4.021629e+01 2.063232e+01 5.563020e+01 1.835825e+02 -2.162321e+03
<VARIANCE> 6
 1.026328e+02 6.186858e+04 1.832397e+04 1.504129e+04 9.831398e+04 5.377795e+07
<GCONST> 7.542200e+01
<MIXTURE> 11 7.747784e-02
<MEAN> 6
 -3.904506e+01 3.162583e+00 -1.080520e+02 1.431540e+01 2.578424e+02 3.313201e+01
<VARIANCE> 6
 1.527301e+02 7.314971e+04 7.636171e+04 1.819005e+03 5.248843e+04 5.158639e+07
<GCONST> 7.463260e+01
<MIXTURE> 12 7.689948e-02
<MEAN> 6
 1.428111e+01 -1.827585e+02 -4.612572e+01 1.382881e+02 3.405297e+01 -1.679758e+02
<VARIANCE> 6
 2.893246e+02 1.368279e+05 7.842502e+04 1.612778e+03 4.114867e+04 5.158639e+07
<GCONST> 7.556062e+01
<MIXTURE> 13 7.307629e-02
<MEAN> 6
 -5.149303e+00 -4.102897e+01 2.129327e+01 -1.720084e+02 2.011667e+02 7.835522e+02
<VARIANCE> 6
 4.727997e+02 6.284290e+04 2.439317e+04 2.529991e+03 1.676935e+05 1.243330e+08
<GCONST> 7.684073e+01
<MIXTURE> 14 5.943452e-02
<MEAN> 6
 5.777453e+01 -1.151159e+02 -1.372041e+02 3.443856e+01 -2.931862e+02 -2.180082e+02
<VARIANCE> 6
 9.044122e+01 4.900616e+04 9.025405e+04 7.473433e+03 6.439068e+04 5.158639e+07
<GCONST> 7.549265e+01
<MIXTURE> 15 5.770935e-02
<MEAN> 6
 6.833406e+01 -1.787605e+02 -1.742437e+01 -5.735892e+00 -6.042157e+01 3.678233e+01
<VARIANCE> 6
 3.923954e+01 1.670821e+05 4.680223e+04 2.998198e+02 4.022584e+04 5.158639e+07
<GCONST> 7.154109e+01
<TRANSP> 11
 0.000000e+00 1.000000e+00 0.000000e+00 0.000000e+00 0.000000e+00 0.000000e+00 0.000000e+00 0.000000e+00 0.000000e+00 0.000000e+00 0.000000e+00
 0.000000e+00 9.984693e-01 1.530681e-03 0.000000e+00 0.000000e+00 0.000000e+00 0.000000e+00 0.000000e+00 0.000000e+00 0.000000e+00 0.000000e+00
 0.000000e+00 0.000000e+00 9.992149e-01 7.851358e-04 0.000000e+00 0.000000e+00 0.000000e+00 0.000000e+00 0.000000e+00 0.000000e+00 0.000000e+00
 0.000000e+00 0.000000e+00 0.000000e+00 9.996210e-01 3.789740e-04 0.000000e+00 0.000000e+00 0.000000e+00 0.000000e+00 0.000000e+00 0.000000e+00
 0.000000e+00 0.000000e+00 0.000000e+00 0.000000e+00 9.994724e-01 5.275679e-04 0.000000e+00 0.000000e+00 0.000000e+00 0.000000e+00 0.000000e+00
 0.000000e+00 0.000000e+00 0.000000e+00 0.000000e+00 0.000000e+00 9.999155e-01 8.455897e-05 0.000000e+00 0.000000e+00 0.000000e+00 0.000000e+00
 0.000000e+00 0.000000e+00 0.000000e+00 0.000000e+00 0.000000e+00 0.000000e+00 9.991046e-01 8.954132e-04 0.000000e+00 0.000000e+00 0.000000e+00
 0.000000e+00 0.000000e+00 0.000000e+00 0.000000e+00 0.000000e+00 0.000000e+00 0.000000e+00 9.991139e-01 8.860403e-04 0.000000e+00 0.000000e+00
 0.000000e+00 0.000000e+00 0.000000e+00 0.000000e+00 0.000000e+00 0.000000e+00 0.000000e+00 0.000000e+00 9.992453e-01 7.546922e-04 0.000000e+00
 0.000000e+00 0.000000e+00 0.000000e+00 0.000000e+00 0.000000e+00 0.000000e+00 0.000000e+00 0.000000e+00 0.000000e+00 9.998190e-01 1.809682e-04
 0.000000e+00 0.000000e+00 0.000000e+00 0.000000e+00 0.000000e+00 0.000000e+00 0.000000e+00 0.000000e+00 0.000000e+00 0.000000e+00 0.000000e+00
<ENDHMM>
~h "QuintoPRIMARIA"
<BEGINHMM>
<NUMSTATES> 11
<STATE> 2
<NUMMIXES> 15
<MIXTURE> 1 7.344855e-02
<MEAN> 6
 9.029413e+01 3.456838e+02 5.847106e+02 -3.414551e+00 -4.582403e+01 -1.924407e+02
<VARIANCE> 6
 1.057311e+02 1.506705e+05 4.497816e+06 2.998198e+02 4.022584e+04 5.158639e+07
<GCONST> 7.699433e+01
<MIXTURE> 2 3.055400e-02
<MEAN> 6
 2.161746e-01 5.070179e+02 -8.416242e+02 -1.184811e+02 3.967718e+02 4.207052e+03
<VARIANCE> 6
 3.226826e+03 5.098872e+06 5.395110e+06 5.975976e+04 4.370218e+06 1.733331e+09
<GCONST> 9.761377e+01
<MIXTURE> 3 6.957836e-02
<MEAN> 6
 -3.114108e+01 -3.006310e+02 2.082290e+02 2.156891e+02 6.604442e+02 -3.253902e+03
<VARIANCE> 6
 2.559009e+02 3.275733e+05 1.757350e+06 4.933426e+03 1.606515e+05 5.158639e+07
<GCONST> 8.190038e+01
<MIXTURE> 4 7.661470e-02
<MEAN> 6
 -6.436374e+01 2.090119e+01 1.260880e+01 3.517760e+01 5.381286e+02 3.489563e+02
<VARIANCE> 6
 9.050097e+01 6.914438e+05 2.087091e+06 4.742889e+03 1.054562e+05 5.158639e+07
<GCONST> 8.131966e+01
<MIXTURE> 5 9.883421e-02
<MEAN> 6
 4.849038e+01 -1.775166e+02 3.142349e+02 4.137311e+01 -3.624292e+02 8.279922e+00
<VARIANCE> 6
 5.772390e+02 9.843735e+04 2.318406e+06 1.891005e+04 7.612409e+04 5.158639e+07
<GCONST> 8.238542e+01
<MIXTURE> 6 5.170054e-02
<MEAN> 6
 6.058572e+01 -4.764566e+02 -2.965663e+02 1.896168e+00 -2.256852e+01 -1.098733e+02
<VARIANCE> 6
 8.997744e+01 1.735497e+05 1.118657e+06 2.998198e+02 4.022584e+04 5.158639e+07
<GCONST> 7.558289e+01
<MIXTURE> 7 9.004266e-02
<MEAN> 6
 1.436348e+00 -1.969070e+02 -7.908487e+02 -2.713954e+02 -9.463382e+01 6.344798e+03
<VARIANCE> 6
 7.215332e+02 5.091428e+05 8.509139e+06 7.994333e+03 4.657369e+05 2.145227e+08
<GCONST> 8.792757e+01
<MIXTURE> 8 4.836836e-02
<MEAN> 6
 8.664259e+01 -3.729298e+01 -7.466803e+02 4.008715e+01 -9.167435e+02 -6.605568e+02
<VARIANCE> 6
 2.550287e+02 5.014030e+05 8.477037e+06 1.743591e+04 8.834607e+05 5.758419e+08
<GCONST> 8.927591e+01
<MIXTURE> 9 5.512361e-02
<MEAN> 6
 5.787408e+01 4.077518e+02 -1.562477e+03 1.523517e+00 -1.834107e+01 -9.977100e+01
<VARIANCE> 6
 4.871854e+01 8.100598e+04 6.374961e+06 2.998198e+02 4.022584e+04 5.158639e+07
<GCONST> 7.594771e+01
<MIXTURE> 10 6.822676e-02
<MEAN> 6
 -5.854737e+01 -3.328670e+02 -4.530804e+02 -8.098229e+01 1.300837e+03 -9.293330e+02
<VARIANCE> 6
 1.995479e+02 2.607009e+05 2.956920e+06 1.966168e+04 5.735432e+05 3.630756e+08
<GCONST> 8.655024e+01
<MIXTURE> 11 6.279586e-02
<MEAN> 6
 2.290601e+01 -3.960956e+02 5.464120e+02 2.664316e+02 -3.383210e+02 -5.338021e+03
<VARIANCE> 6
 4.724263e+02 5.419031e+05 2.243842e+06 4.311878e+03 2.331798e+05 7.803523e+07
<GCONST> 8.391306e+01
<MIXTURE> 12 8.703122e-02
<MEAN> 6
 6.920238e+01 9.822435e+01 -1.295303e+02 -7.422704e+01 -8.692056e+02 -6.375892e+02
<VARIANCE> 6
 3.589917e+02 1.050269e+06 1.582085e+06 2.089904e+04 2.416000e+05 6.747903e+07
<GCONST> 8.541920e+01
<MIXTURE> 13 7.506984e-02
<MEAN> 6
 7.891532e+01 2.650038e+02 1.567409e+03 -5.398234e-01 -2.844895e+01 -1.973948e+02
<VARIANCE> 6
 1.216242e+02 7.715704e+05 2.912021e+06 2.998198e+02 4.022584e+04 5.158639e+07
<GCONST> 7.833295e+01
<MIXTURE> 14 6.132443e-02
<MEAN> 6
 -6.468209e+01 -1.189677e+02 -2.321583e+02 3.161653e+00 1.002203e+02 4.500813e+02
<VARIANCE> 6
 2.237486e+02 7.902441e+04 2.135790e+06 3.745042e+02 5.246349e+04 5.158639e+07
<GCONST> 7.684189e+01
<MIXTURE> 15 5.102761e-02
<MEAN> 6
 6.218244e+01 -6.171044e+02 -4.469215e+02 1.185322e+00 -1.666142e+01 -7.282679e+01
<VARIANCE> 6
 9.160641e+01 2.461773e+05 9.995884e+05 2.998198e+02 4.022584e+04 5.158639e+07
<GCONST> 7.583788e+01
<STATE> 3
<NUMMIXES> 15
<MIXTURE> 1 5.818965e-02
<MEAN> 6
 5.442117e+01 2.715219e+02 -1.685259e+02 -2.559728e-01 -2.196632e+00 -6.058721e+01
<VARIANCE> 6
 3.185104e+01 1.195217e+04 1.387160e+04 2.998198e+02 4.022584e+04 5.158639e+07
<GCONST> 6.747881e+01
<MIXTURE> 2 1.105997e-03
<MEAN> 6
 6.541486e+01 7.261451e+02 4.019528e+02 7.575859e-01 2.638737e+01 3.272523e+03
<VARIANCE> 6
 9.408484e+02 1.316923e+06 1.371892e+06 4.968132e+02 8.993989e+04 6.784335e+07
<GCONST> 8.174437e+01
<MIXTURE> 3 5.835584e-02
<MEAN> 6
 6.385904e+01 -2.323433e+01 -3.960237e+02 -5.439416e-02 -4.299251e+00 -9.663922e+01
<VARIANCE> 6
 3.185104e+01 1.195217e+04 1.387160e+04 2.998198e+02 4.022584e+04 5.158639e+07
<GCONST> 6.747881e+01
<MIXTURE> 4 5.457769e-02
<MEAN> 6
 6.167144e+01 -2.124019e+01 2.615009e+01 4.297468e-01 1.176803e+01 -2.164288e+02
<VARIANCE> 6
 3.185104e+01 5.766150e+04 1.387160e+04 2.998198e+02 4.022584e+04 5.158639e+07
<GCONST> 6.905249e+01
<MIXTURE> 5 7.320109e-02
<MEAN> 6
 6.972189e+01 -1.667975e+02 -1.673158e+02 -6.693755e-01 -7.861595e+00 -4.768808e+01
<VARIANCE> 6
 3.185104e+01 1.195217e+04 1.387160e+04 2.998198e+02 4.022584e+04 5.158639e+07
<GCONST> 6.747881e+01
<MIXTURE> 6 5.444599e-02
<MEAN> 6
 6.480885e+01 1.601790e+02 -6.811492e+02 -8.337603e-01 -5.840397e+00 -1.337258e+02
<VARIANCE> 6
 3.185104e+01 1.195217e+04 1.387160e+04 2.998198e+02 4.022584e+04 5.158639e+07
<GCONST> 6.747881e+01
<MIXTURE> 7 7.096392e-02
<MEAN> 6
 6.168726e+01 -2.294756e+02 -2.680667e+02 1.951070e-01 -5.409027e+00 -1.236620e+02
<VARIANCE> 6
 3.185104e+01 1.195217e+04 1.387160e+04 2.998198e+02 4.022584e+04 5.158639e+07
<GCONST> 6.747881e+01
<MIXTURE> 8 1.000234e-01
<MEAN> 6
 5.781387e+01 -7.154567e+00 -3.492944e+01 -2.585564e-01 -6.974548e+00 -1.652399e+02
<VARIANCE> 6
 3.185104e+01 1.665672e+04 1.387160e+04 2.998198e+02 4.022584e+04 5.158639e+07
<GCONST> 6.781071e+01
<MIXTURE> 9 1.151841e-01
<MEAN> 6
 6.172668e+01 -1.731502e+02 -6.797119e+02 -7.117290e-01 -5.698159e+00 -1.547764e+02
<VARIANCE> 6
 3.185104e+01 1.195217e+04 1.387160e+04 2.998198e+02 4.022584e+04 5.158639e+07
<GCONST> 6.747881e+01
<MIXTURE> 10 6.123597e-02
<MEAN> 6
 6.365717e+01 -4.809800e+01 -3.992114e+02 2.624030e-02 -4.415226e+00 -9.553355e+01
<VARIANCE> 6
 3.185104e+01 1.195217e+04 1.387160e+04 2.998198e+02 4.022584e+04 5.158639e+07
<GCONST> 6.747881e+01
<MIXTURE> 11 7.189398e-02
<MEAN> 6
 6.160307e+01 -2.315695e+02 -2.661691e+02 1.898462e-01 -5.314546e+00 -1.229642e+02
<VARIANCE> 6
 3.185104e+01 1.195217e+04 1.387160e+04 2.998198e+02 4.022584e+04 5.158639e+07
<GCONST> 6.747881e+01
<MIXTURE> 12 9.043555e-02
<MEAN> 6
 5.834979e+01 -7.305080e+01 -4.014622e+01 -9.639653e-02 -4.878590e+00 -1.449504e+02
<VARIANCE> 6
 3.185104e+01 1.859924e+04 1.387160e+04 2.998198e+02 4.022584e+04 5.158639e+07
<GCONST> 6.792102e+01
<MIXTURE> 13 7.104219e-02
<MEAN> 6
 5.839122e+01 -4.651593e+01 -3.512580e+01 -1.012348e-01 -4.699767e+00 -1.464750e+02
<VARIANCE> 6
 3.185104e+01 2.160012e+04 1.387160e+04 2.998198e+02 4.022584e+04 5.158639e+07
<GCONST> 6.807060e+01
<MIXTURE> 14 6.071865e-02
<MEAN> 6
 6.338091e+01 -7.891278e+01 -4.003229e+02 8.615736e-02 -4.759808e+00 -9.452420e+01
<VARIANCE> 6
 3.185104e+01 1.195217e+04 1.387160e+04 2.998198e+02 4.022584e+04 5.158639e+07
<GCONST> 6.747881e+01
<MIXTURE> 15 5.857440e-02
<MEAN> 6
 6.350105e+01 -6.688444e+01 -4.083627e+02 3.325445e-02 -4.636035e+00 -8.967319e+01
<VARIANCE> 6
 3.185104e+01 1.195217e+04 1.387160e+04 2.998198e+02 4.022584e+04 5.158639e+07
<GCONST> 6.747881e+01
<STATE> 4
<NUMMIXES> 15
<MIXTURE> 1 7.345758e-02
<MEAN> 6
 1.001623e+02 -4.837682e+01 3.395312e+03 -4.776725e+00 5.509936e-01 -7.231155e+00
<VARIANCE> 6
 3.185104e+01 1.195217e+04 1.387160e+04 2.998198e+02 4.022584e+04 5.158639e+07
<GCONST> 6.747881e+01
<MIXTURE> 2 6.536718e-02
<MEAN> 6
 9.113651e+01 -1.541548e+03 -1.476216e+03 3.274778e+00 -3.239752e+01 9.727856e+01
<VARIANCE> 6
 4.133496e+01 1.195217e+04 8.336876e+04 5.033560e+02 4.022584e+04 5.158639e+07
<GCONST> 7.005099e+01
<MIXTURE> 3 8.826147e-02
<MEAN> 6
 8.462433e+01 -4.270517e+02 1.437056e+03 -3.912700e+00 1.383901e+00 7.983212e+00
<VARIANCE> 6
 3.185104e+01 1.195217e+04 1.387160e+04 2.998198e+02 4.022584e+04 5.158639e+07
<GCONST> 6.747881e+01
<MIXTURE> 4 7.455935e-02
<MEAN> 6
 5.944785e+01 -2.296888e+02 8.750351e+02 -1.454677e+00 -1.406356e+01 -2.860702e+01
<VARIANCE> 6
 3.185104e+01 1.195217e+04 1.387160e+04 2.998198e+02 4.022584e+04 5.158639e+07
<GCONST> 6.747881e+01
<MIXTURE> 5 5.802251e-02
<MEAN> 6
 8.218276e+01 -5.989144e+02 2.909552e+03 -1.783921e+00 -1.695850e+00 -5.226014e+01
<VARIANCE> 6
 3.185104e+01 1.195217e+04 1.387160e+04 2.998198e+02 4.022584e+04 5.158639e+07
<GCONST> 6.747881e+01
<MIXTURE> 6 6.963408e-02
<MEAN> 6
 7.458223e+01 -4.377151e+02 1.114883e+03 9.193155e-02 3.062006e-02 -7.835908e+00
<VARIANCE> 6
 3.185104e+01 1.195217e+04 1.387160e+04 2.998198e+02 4.022584e+04 5.158639e+07
<GCONST> 6.747881e+01
<MIXTURE> 7 6.284846e-02
<MEAN> 6
 7.437734e+01 -4.202356e+02 8.900021e+02 -9.168411e-01 -9.932838e+00 -8.366303e+01
<VARIANCE> 6
 3.185104e+01 1.195217e+04 1.387160e+04 2.998198e+02 4.022584e+04 5.158639e+07
<GCONST> 6.747881e+01
<MIXTURE> 8 8.414592e-02
<MEAN> 6
 6.672929e+01 4.624322e+00 2.976675e+03 -6.071985e+00 1.296776e+01 4.574644e+01
<VARIANCE> 6
 4.170834e+02 1.649610e+04 4.550431e+04 2.998198e+02 4.022584e+04 5.158639e+07
<GCONST> 7.156120e+01
<MIXTURE> 9 6.278787e-02
<MEAN> 6
 7.438238e+01 -4.189370e+02 8.988371e+02 -7.766649e-01 -8.318716e+00 -7.090759e+01
<VARIANCE> 6
 3.185104e+01 1.195217e+04 1.387160e+04 2.998198e+02 4.022584e+04 5.158639e+07
<GCONST> 6.747881e+01
<MIXTURE> 10 4.772106e-02
<MEAN> 6
 7.439949e+01 -4.186147e+02 9.174089e+02 -5.843093e-01 -6.026262e+00 -5.198297e+01
<VARIANCE> 6
 3.185104e+01 1.195217e+04 1.387160e+04 2.998198e+02 4.022584e+04 5.158639e+07
<GCONST> 6.747881e+01
<MIXTURE> 11 7.515089e-02
<MEAN> 6
 5.944784e+01 -2.296889e+02 8.750352e+02 -1.454679e+00 -1.406356e+01 -2.860694e+01
<VARIANCE> 6
 3.185104e+01 1.195217e+04 1.387160e+04 2.998198e+02 4.022584e+04 5.158639e+07
<GCONST> 6.747881e+01
<MIXTURE> 12 7.828232e-02
<MEAN> 6
 7.530000e+01 -8.220345e+02 3.284844e+03 -1.432217e+00 1.026252e+00 -1.483549e+00
<VARIANCE> 6
 3.185104e+01 1.195217e+04 1.479119e+04 2.998198e+02 4.022584e+04 5.158639e+07
<GCONST> 6.754301e+01
<MIXTURE> 13 3.576485e-02
<MEAN> 6
 6.349691e+01 -1.138349e+01 3.152345e+03 -1.146153e+01 -2.193598e+01 9.085015e+02
<VARIANCE> 6
 1.199322e+02 5.078000e+04 1.354884e+06 2.998198e+02 4.022584e+04 5.158639e+07
<GCONST> 7.483289e+01
<MIXTURE> 14 6.188052e-02
<MEAN> 6
 7.438522e+01 -4.212084e+02 8.843959e+02 -1.022336e+00 -1.112931e+01 -9.303667e+01
<VARIANCE> 6
 3.185104e+01 1.195217e+04 1.387160e+04 2.998198e+02 4.022584e+04 5.158639e+07
<GCONST> 6.747881e+01
<MIXTURE> 15 6.210964e-02
<MEAN> 6
 7.437231e+01 -4.235092e+02 8.739404e+02 -1.332209e+00 -1.452630e+01 -1.161519e+02
<VARIANCE> 6
 3.185104e+01 1.195217e+04 1.387160e+04 2.998198e+02 4.022584e+04 5.158639e+07
<GCONST> 6.747881e+01
<STATE> 5
<NUMMIXES> 15
<MIXTURE> 1 6.420362e-02
<MEAN> 6
 7.966174e+01 -3.696266e+02 2.886324e+02 -3.079545e-01 4.648546e-01 1.086790e+01
<VARIANCE> 6
 3.185104e+01 1.195217e+04 1.387160e+04 2.998198e+02 4.022584e+04 5.158639e+07
<GCONST> 6.747881e+01
<MIXTURE> 2 8.789276e-02
<MEAN> 6
 5.946469e+01 -1.112866e+03 4.766181e+02 4.904388e+00 -6.668087e+00 5.866279e+00
<VARIANCE> 6
 3.185104e+01 1.195217e+04 1.387160e+04 2.998198e+02 4.022584e+04 5.158639e+07
<GCONST> 6.747881e+01
<MIXTURE> 3 5.122162e-02
<MEAN> 6
 3.427081e+01 -4.919618e+02 7.096574e+01 8.740746e+00 1.249100e+00 -2.289467e+02
<VARIANCE> 6
 5.274516e+01 1.195217e+04 3.727272e+04 2.998198e+02 4.022584e+04 5.158639e+07
<GCONST> 6.897163e+01
<MIXTURE> 4 6.509177e-02
<MEAN> 6
 7.027789e+01 -4.609016e+02 -6.358376e+02 -2.665475e-01 -1.088679e+01 -2.092158e+02
<VARIANCE> 6
 3.185104e+01 6.986580e+04 1.387160e+04 2.998198e+02 4.022584e+04 5.158639e+07
<GCONST> 6.924448e+01
<MIXTURE> 5 1.035845e-01
<MEAN> 6
 7.194861e+01 -5.919651e+02 1.656720e+02 -4.576674e-01 -5.557724e+00 -1.268659e+02
<VARIANCE> 6
 3.185104e+01 1.195217e+04 1.387160e+04 2.998198e+02 4.022584e+04 5.158639e+07
<GCONST> 6.747881e+01
<MIXTURE> 6 7.768544e-02
<MEAN> 6
 7.222526e+01 -9.129216e+02 7.962807e+01 1.166025e+00 4.949584e+00 -3.078167e+01
<VARIANCE> 6
 3.185104e+01 1.195217e+04 1.387160e+04 2.998198e+02 4.022584e+04 5.158639e+07
<GCONST> 6.747881e+01
<MIXTURE> 7 1.602961e-03
<MEAN> 6
 6.413328e+01 1.860199e+02 1.444960e+02 -7.484478e+00 -1.088782e+02 -2.859897e+02
<VARIANCE> 6
 1.218753e+03 3.403468e+05 1.327056e+06 7.203965e+02 1.392461e+05 1.211782e+08
<GCONST> 8.200562e+01
<MIXTURE> 8 7.112329e-02
<MEAN> 6
 7.377690e+01 -7.790056e+02 -5.121454e+01 1.023217e+00 -2.367478e+00 -1.561698e+02
<VARIANCE> 6
 3.185104e+01 1.195217e+04 1.387160e+04 2.998198e+02 4.022584e+04 5.158639e+07
<GCONST> 6.747881e+01
<MIXTURE> 9 4.730517e-02
<MEAN> 6
 7.205408e+01 -5.883271e+02 1.677917e+02 -4.664022e-01 -5.647587e+00 -1.276756e+02
<VARIANCE> 6
 3.185104e+01 1.195217e+04 1.387160e+04 2.998198e+02 4.022584e+04 5.158639e+07
<GCONST> 6.747881e+01
<MIXTURE> 10 5.556548e-02
<MEAN> 6
 7.111177e+01 -1.285627e+03 -9.182351e+01 1.091428e+00 -1.228265e+01 -2.705810e+02
<VARIANCE> 6
 3.185104e+01 1.195217e+04 1.720845e+04 2.998198e+02 4.022584e+04 5.158639e+07
<GCONST> 6.769437e+01
<MIXTURE> 11 8.943545e-02
<MEAN> 6
 7.402108e+01 -1.417721e+03 -7.959263e+02 -3.590169e+00 -6.447384e+00 -1.783922e+02
<VARIANCE> 6
 3.185104e+01 3.161604e+04 1.739506e+04 2.998198e+02 4.022584e+04 5.158639e+07
<GCONST> 6.867791e+01
<MIXTURE> 12 6.387327e-02
<MEAN> 6
 7.965607e+01 -3.693668e+02 2.869176e+02 -3.048955e-01 3.481703e-01 9.474030e+00
<VARIANCE> 6
 3.185104e+01 1.195217e+04 1.387160e+04 2.998198e+02 4.022584e+04 5.158639e+07
<GCONST> 6.747881e+01
<MIXTURE> 13 1.028917e-01
<MEAN> 6
 7.061297e+01 -1.049590e+03 -4.033983e+02 7.984291e-01 -8.472798e+00 -1.494427e+01
<VARIANCE> 6
 3.185104e+01 1.345682e+04 1.387160e+04 2.998198e+02 4.022584e+04 5.158639e+07
<GCONST> 6.759739e+01
<MIXTURE> 14 7.126270e-02
<MEAN> 6
 7.381341e+01 -7.774299e+02 -5.410985e+01 1.027769e+00 -2.511290e+00 -1.536802e+02
<VARIANCE> 6
 3.185104e+01 1.195217e+04 1.387160e+04 2.998198e+02 4.022584e+04 5.158639e+07
<GCONST> 6.747881e+01
<MIXTURE> 15 4.724101e-02
<MEAN> 6
 7.189622e+01 -5.948449e+02 1.625810e+02 -4.349883e-01 -5.564728e+00 -1.296748e+02
<VARIANCE> 6
 3.185104e+01 1.195217e+04 1.387160e+04 2.998198e+02 4.022584e+04 5.158639e+07
<GCONST> 6.747881e+01
<STATE> 6
<NUMMIXES> 15
<MIXTURE> 1 7.501200e-02
<MEAN> 6
 7.430938e+01 2.033615e+02 7.200784e+02 1.901099e+00 -3.883556e+00 -1.902352e+02
<VARIANCE> 6
 3.185104e+01 1.195217e+04 1.387160e+04 2.998198e+02 4.022584e+04 5.158639e+07
<GCONST> 6.747881e+01
<MIXTURE> 2 1.022169e-01
<MEAN> 6
 7.508469e+01 1.685647e+02 4.617035e+01 2.487999e-01 -5.430054e+00 -1.313470e+02
<VARIANCE> 6
 3.185104e+01 1.195217e+04 1.387160e+04 2.998198e+02 4.022584e+04 5.158639e+07
<GCONST> 6.747881e+01
<MIXTURE> 3 7.703925e-03
<MEAN> 6
 6.227391e+01 1.132605e+01 -4.917320e+01 -4.808318e+01 2.824392e+02 4.366480e+03
<VARIANCE> 6
 3.420231e+02 1.106004e+05 3.295695e+05 1.740430e+03 5.029504e+05 1.747785e+08
<GCONST> 8.075053e+01
<MIXTURE> 4 9.017935e-02
<MEAN> 6
 8.059186e+01 3.531744e+02 2.305860e+02 -4.442745e-01 -3.905666e+00 -2.353456e+00
<VARIANCE> 6
 3.185104e+01 1.195217e+04 1.387160e+04 2.998198e+02 4.022584e+04 5.158639e+07
<GCONST> 6.747881e+01
<MIXTURE> 5 5.878555e-02
<MEAN> 6
 7.508762e+01 1.685977e+02 4.620251e+01 2.488698e-01 -5.431616e+00 -1.313681e+02
<VARIANCE> 6
 3.185104e+01 1.195217e+04 1.387160e+04 2.998198e+02 4.022584e+04 5.158639e+07
<GCONST> 6.747881e+01
<MIXTURE> 6 1.069928e-01
<MEAN> 6
 5.485203e+01 -4.789317e+00 4.467632e+02 -2.119171e-01 -4.044697e+00 -1.486741e+02
<VARIANCE> 6
 3.185104e+01 1.195217e+04 1.387160e+04 2.998198e+02 4.022584e+04 5.158639e+07
<GCONST> 6.747881e+01
<MIXTURE> 7 5.938221e-02
<MEAN> 6
 7.877908e+01 7.266177e+00 4.967424e+02 -1.399493e+00 -1.870538e+00 -1.916001e+02
<VARIANCE> 6
 3.185104e+01 1.195217e+04 1.387160e+04 2.998198e+02 4.022584e+04 5.158639e+07
<GCONST> 6.747881e+01
<MIXTURE> 8 5.521168e-02
<MEAN> 6
 5.762500e+01 7.350942e+01 2.674892e+02 5.652615e-01 -8.514540e+00 -2.733045e+02
<VARIANCE> 6
 3.185104e+01 1.516081e+04 1.387160e+04 2.998198e+02 4.022584e+04 5.158639e+07
<GCONST> 6.771661e+01
<MIXTURE> 9 5.258360e-02
<MEAN> 6
 5.697910e+01 4.029441e+01 3.090591e+02 3.029632e-01 -5.106834e+00 -1.976356e+02
<VARIANCE> 6
 3.185104e+01 1.195217e+04 1.387160e+04 2.998198e+02 4.022584e+04 5.158639e+07
<GCONST> 6.747881e+01
<MIXTURE> 10 6.175628e-02
<MEAN> 6
 5.887454e+01 -4.659788e+01 2.561091e+02 1.980789e-01 -9.743781e+00 -2.770084e+02
<VARIANCE> 6
 3.185104e+01 1.195217e+04 1.387160e+04 2.998198e+02 4.022584e+04 5.158639e+07
<GCONST> 6.747881e+01
<MIXTURE> 11 1.021933e-01
<MEAN> 6
 7.508355e+01 1.685531e+02 4.615082e+01 2.487222e-01 -5.429235e+00 -1.313324e+02
<VARIANCE> 6
 3.185104e+01 1.195217e+04 1.387160e+04 2.998198e+02 4.022584e+04 5.158639e+07
<GCONST> 6.747881e+01
<MIXTURE> 12 5.857862e-02
<MEAN> 6
 7.508242e+01 1.685403e+02 4.611208e+01 2.484837e-01 -5.427922e+00 -1.313014e+02
<VARIANCE> 6
 3.185104e+01 1.195217e+04 1.387160e+04 2.998198e+02 4.022584e+04 5.158639e+07
<GCONST> 6.747881e+01
<MIXTURE> 13 5.969227e-02
<MEAN> 6
 5.760688e+01 -3.030968e+01 2.429778e+02 6.315406e-01 -9.973160e+00 -3.170377e+02
<VARIANCE> 6
 3.185104e+01 1.195217e+04 1.387160e+04 2.998198e+02 4.022584e+04 5.158639e+07
<GCONST> 6.747881e+01
<MIXTURE> 14 5.671398e-02
<MEAN> 6
 5.714196e+01 2.172758e+01 2.791689e+02 5.486032e-01 -6.623153e+00 -2.512731e+02
<VARIANCE> 6
 3.185104e+01 1.195217e+04 1.387160e+04 2.998198e+02 4.022584e+04 5.158639e+07
<GCONST> 6.747881e+01
<MIXTURE> 15 5.291025e-02
<MEAN> 6
 5.707224e+01 1.790654e+01 2.835073e+02 5.150717e-01 -6.327693e+00 -2.461963e+02
<VARIANCE> 6
 3.185104e+01 1.195217e+04 1.387160e+04 2.998198e+02 4.022584e+04 5.158639e+07
<GCONST> 6.747881e+01
<STATE> 7
<NUMMIXES> 15
<MIXTURE> 1 7.390806e-02
<MEAN> 6
 8.483183e+01 3.849887e+01 -2.122258e+02 5.552585e-01 -8.096195e+00 -4.423268e+01
<VARIANCE> 6
 3.185104e+01 1.195217e+04 1.387160e+04 2.998198e+02 4.022584e+04 5.158639e+07
<GCONST> 6.747881e+01
<MIXTURE> 2 4.417992e-03
<MEAN> 6
 9.462370e+01 2.334260e+02 -2.349642e+02 -4.447752e+00 -3.094355e+02 2.144363e+03
<VARIANCE> 6
 8.768808e+02 2.770418e+05 5.013964e+05 3.380428e+02 1.085356e+05 9.338799e+07
<GCONST> 7.923099e+01
<MIXTURE> 3 5.774152e-02
<MEAN> 6
 9.938311e+01 -5.000389e+02 -5.422579e+02 -1.381500e+00 -2.145523e+00 -5.776815e+01
<VARIANCE> 6
 3.272668e+01 1.195217e+04 1.387160e+04 2.998198e+02 4.022584e+04 5.158639e+07
<GCONST> 6.750594e+01
<MIXTURE> 4 6.891028e-02
<MEAN> 6
 8.494861e+01 -1.214086e+02 -2.338325e+01 1.046100e-01 1.369560e+00 -6.005305e+01
<VARIANCE> 6
 3.185104e+01 1.195217e+04 1.387160e+04 2.998198e+02 4.022584e+04 5.158639e+07
<GCONST> 6.747881e+01
<MIXTURE> 5 6.889236e-02
<MEAN> 6
 8.164170e+01 -1.670928e+02 -2.800522e+02 2.083394e-01 -2.815944e+00 -4.005344e+01
<VARIANCE> 6
 3.185104e+01 1.195217e+04 1.387160e+04 2.998198e+02 4.022584e+04 5.158639e+07
<GCONST> 6.747881e+01
<MIXTURE> 6 9.833866e-02
<MEAN> 6
 8.482075e+01 3.786187e+01 -2.123138e+02 5.509818e-01 -8.004475e+00 -4.405084e+01
<VARIANCE> 6
 3.185104e+01 1.195217e+04 1.387160e+04 2.998198e+02 4.022584e+04 5.158639e+07
<GCONST> 6.747881e+01
<MIXTURE> 7 6.011780e-02
<MEAN> 6
 9.737305e+01 -4.991218e+02 -5.422918e+02 -9.094293e-01 -2.506140e+00 -8.085221e+01
<VARIANCE> 6
 3.185104e+01 1.195217e+04 1.387160e+04 2.998198e+02 4.022584e+04 5.158639e+07
<GCONST> 6.747881e+01
<MIXTURE> 8 7.004230e-02
<MEAN> 6
 8.494533e+01 -1.254732e+02 -2.275669e+01 1.151220e-01 1.369285e+00 -6.228088e+01
<VARIANCE> 6
 3.185104e+01 1.195217e+04 1.387160e+04 2.998198e+02 4.022584e+04 5.158639e+07
<GCONST> 6.747881e+01
<MIXTURE> 9 9.707864e-02
<MEAN> 6
 8.480069e+01 3.672004e+01 -2.124844e+02 5.435560e-01 -7.843765e+00 -4.374485e+01
<VARIANCE> 6
 3.185104e+01 1.195217e+04 1.387160e+04 2.998198e+02 4.022584e+04 5.158639e+07
<GCONST> 6.747881e+01
<MIXTURE> 10 7.508548e-02
<MEAN> 6
 8.479344e+01 3.633215e+01 -2.125700e+02 5.413636e-01 -7.790644e+00 -4.365517e+01
<VARIANCE> 6
 3.185104e+01 1.195217e+04 1.387160e+04 2.998198e+02 4.022584e+04 5.158639e+07
<GCONST> 6.747881e+01
<MIXTURE> 11 6.949203e-02
<MEAN> 6
 8.494654e+01 -1.314618e+02 -2.175339e+01 1.310747e-01 1.374871e+00 -6.558614e+01
<VARIANCE> 6
 3.185104e+01 1.195217e+04 1.387160e+04 2.998198e+02 4.022584e+04 5.158639e+07
<GCONST> 6.747881e+01
<MIXTURE> 12 6.916860e-02
<MEAN> 6
 8.494566e+01 -1.306061e+02 -2.191349e+01 1.287686e-01 1.373313e+00 -6.511059e+01
<VARIANCE> 6
 3.185104e+01 1.195217e+04 1.387160e+04 2.998198e+02 4.022584e+04 5.158639e+07
<GCONST> 6.747881e+01
<MIXTURE> 13 6.930310e-02
<MEAN> 6
 8.162800e+01 -1.886071e+02 -2.860820e+02 2.481701e-01 -2.275740e+00 -2.890178e+01
<VARIANCE> 6
 3.185104e+01 1.195217e+04 1.387160e+04 2.998198e+02 4.022584e+04 5.158639e+07
<GCONST> 6.747881e+01
<MIXTURE> 14 5.984263e-02
<MEAN> 6
 9.609154e+01 -5.003999e+02 -5.445413e+02 -6.610404e-01 -2.753945e+00 -8.952802e+01
<VARIANCE> 6
 3.185104e+01 1.195217e+04 1.387160e+04 2.998198e+02 4.022584e+04 5.158639e+07
<GCONST> 6.747881e+01
<MIXTURE> 15 5.763376e-02
<MEAN> 6
 9.729794e+01 -4.997984e+02 -5.429925e+02 -8.964749e-01 -2.460075e+00 -7.951250e+01
<VARIANCE> 6
 3.185104e+01 1.195217e+04 1.387160e+04 2.998198e+02 4.022584e+04 5.158639e+07
<GCONST> 6.747881e+01
<STATE> 8
<NUMMIXES> 15
<MIXTURE> 1 3.827933e-02
<MEAN> 6
 5.146703e+01 2.265159e+03 2.578419e+03 1.088104e+00 -6.135759e+00 1.091004e+01
<VARIANCE> 6
 3.185104e+01 3.987677e+04 4.171230e+04 2.998198e+02 4.022584e+04 5.158639e+07
<GCONST> 6.978465e+01
<MIXTURE> 2 7.666416e-02
<MEAN> 6
 8.072421e+01 1.874877e+03 1.938311e+00 -3.044681e+00 -8.256516e+00 -2.101827e+02
<VARIANCE> 6
 3.185104e+01 1.026625e+05 2.035382e+05 2.998198e+02 4.022584e+04 5.158639e+07
<GCONST> 7.231536e+01
<MIXTURE> 3 8.038090e-02
<MEAN> 6
 6.623009e+01 1.224704e+03 -2.396024e+02 -1.247758e+00 -5.817802e+00 -4.450101e+01
<VARIANCE> 6
 5.238401e+01 1.026640e+05 1.565425e+04 2.998198e+02 4.022584e+04 5.158639e+07
<GCONST> 7.024780e+01
<MIXTURE> 4 7.120541e-02
<MEAN> 6
 7.785166e+01 1.231988e+03 -1.401539e+03 -3.363139e+00 2.219034e+00 -3.388129e+01
<VARIANCE> 6
 3.185104e+01 1.195217e+04 1.155055e+05 2.998198e+02 4.022584e+04 5.158639e+07
<GCONST> 6.959829e+01
<MIXTURE> 5 3.580079e-02
<MEAN> 6
 5.629477e+01 1.375498e+03 1.141740e+03 2.727660e+00 -1.285385e+01 9.479970e+01
<VARIANCE> 6
 3.185104e+01 1.879634e+04 1.387160e+04 2.998198e+02 4.022584e+04 5.158639e+07
<GCONST> 6.793156e+01
<MIXTURE> 6 5.080660e-02
<MEAN> 6
 6.629179e+01 1.322415e+03 -6.157020e+02 -7.014531e-01 -1.984698e+00 -9.591660e+01
<VARIANCE> 6
 3.185104e+01 1.195217e+04 1.449746e+04 2.998198e+02 4.022584e+04 5.158639e+07
<GCONST> 6.752294e+01
<MIXTURE> 7 8.306659e-02
<MEAN> 6
 7.845668e+01 6.921215e+02 -8.453779e+02 -1.862880e+00 -8.672996e-01 4.311194e+01
<VARIANCE> 6
 3.185104e+01 1.195217e+04 1.387160e+04 2.998198e+02 4.022584e+04 5.158639e+07
<GCONST> 6.747881e+01
<MIXTURE> 8 9.004344e-02
<MEAN> 6
 7.000225e+01 4.804896e+02 -2.292962e+02 -1.621240e+00 -7.068650e+00 -5.039637e+01
<VARIANCE> 6
 3.185104e+01 1.195217e+04 1.387160e+04 2.998198e+02 4.022584e+04 5.158639e+07
<GCONST> 6.747881e+01
<MIXTURE> 9 8.917870e-02
<MEAN> 6
 6.660734e+01 2.778583e+02 -2.426756e+02 -8.931578e-01 -2.442405e+00 -2.292640e+02
<VARIANCE> 6
 3.185104e+01 6.318270e+04 1.387160e+04 2.998198e+02 4.022584e+04 5.158639e+07
<GCONST> 6.914393e+01
<MIXTURE> 10 5.880505e-02
<MEAN> 6
 6.510094e+01 4.269488e+02 -3.837744e+02 2.516941e-01 -3.075671e+00 -1.740757e+02
<VARIANCE> 6
 3.185104e+01 1.195217e+04 1.387160e+04 2.998198e+02 4.022584e+04 5.158639e+07
<GCONST> 6.747881e+01
<MIXTURE> 11 9.148096e-02
<MEAN> 6
 7.036180e+01 6.539584e+02 7.069922e+02 -2.165149e+00 -3.393760e-01 -1.368270e+01
<VARIANCE> 6
 3.185104e+01 1.218259e+05 1.114539e+05 2.998198e+02 4.022584e+04 5.158639e+07
<GCONST> 7.188426e+01
<MIXTURE> 12 3.271365e-02
<MEAN> 6
 7.119977e+01 3.868883e+02 -1.234271e+03 -2.232969e+00 1.241762e+00 5.689060e-01
<VARIANCE> 6
 3.185104e+01 1.195217e+04 2.072743e+04 2.998198e+02 4.022584e+04 5.158639e+07
<GCONST> 6.788043e+01
<MIXTURE> 13 6.910247e-02
<MEAN> 6
 7.043480e+01 3.669423e+03 -6.405292e+02 -1.482001e+00 -1.532697e+00 -8.161441e+01
<VARIANCE> 6
 3.185104e+01 1.566770e+06 1.387160e+04 2.998198e+02 4.022584e+04 5.158639e+07
<GCONST> 7.235468e+01
<MIXTURE> 14 8.151017e-02
<MEAN> 6
 7.138203e+01 1.023376e+03 -2.978141e+02 -1.328708e+00 -6.192739e+00 2.798778e+01
<VARIANCE> 6
 3.207871e+01 2.674500e+04 1.387160e+04 2.998198e+02 4.022584e+04 5.158639e+07
<GCONST> 6.829137e+01
<MIXTURE> 15 5.093957e-02
<MEAN> 6
 6.628119e+01 1.324123e+03 -6.281317e+02 -7.669409e-01 -1.597877e+00 -8.599525e+01
<VARIANCE> 6
 3.185104e+01 1.195217e+04 1.387160e+04 2.998198e+02 4.022584e+04 5.158639e+07
<GCONST> 6.747881e+01
<STATE> 9
<NUMMIXES> 15
<MIXTURE> 1 8.487206e-02
<MEAN> 6
 1.101263e+02 6.191257e+02 3.088447e+02 -5.919811e+00 2.888221e+00 -4.563431e+01
<VARIANCE> 6
 8.306432e+01 1.540299e+04 3.287620e+04 2.998198e+02 4.022584e+04 5.158639e+07
<GCONST> 6.955392e+01
<MIXTURE> 2 6.920423e-02
<MEAN> 6
 9.192680e+01 3.222770e+02 3.248231e+03 -4.179331e+00 2.524499e+01 3.211531e+02
<VARIANCE> 6
 3.185104e+01 1.195217e+04 1.387160e+04 4.293958e+02 1.002761e+05 7.009478e+07
<GCONST> 6.905802e+01
<MIXTURE> 3 7.243308e-02
<MEAN> 6
 9.469296e+01 4.956737e+02 2.255892e+03 3.943343e+00 -1.594237e+01 -2.306985e+02
<VARIANCE> 6
 3.185104e+01 4.886088e+04 4.457192e+04 2.998198e+02 4.022584e+04 5.158639e+07
<GCONST> 7.005414e+01
<MIXTURE> 4 8.366987e-02
<MEAN> 6
 9.859740e+01 6.791589e+02 -1.875511e+03 1.484137e+00 7.305746e-01 2.801373e+01
<VARIANCE> 6
 3.185104e+01 1.195217e+04 1.387160e+04 2.998198e+02 4.022584e+04 5.158639e+07
<GCONST> 6.747881e+01
<MIXTURE> 5 8.106382e-02
<MEAN> 6
 9.254921e+01 4.663196e+02 8.166766e+01 -2.786136e+00 1.918864e+00 6.653346e+01
<VARIANCE> 6
 3.185104e+01 1.195217e+04 1.640886e+04 2.998198e+02 4.022584e+04 5.158639e+07
<GCONST> 6.764679e+01
<MIXTURE> 6 7.979486e-02
<MEAN> 6
 8.937009e+01 5.723696e+02 -1.356504e+03 9.831968e-01 -2.003870e+01 -2.333216e+02
<VARIANCE> 6
 3.185104e+01 1.195217e+04 1.387160e+04 2.998198e+02 4.022584e+04 5.158639e+07
<GCONST> 6.747881e+01
<MIXTURE> 7 3.845001e-02
<MEAN> 6
 1.008429e+02 5.547890e+02 -6.405779e+02 -8.926710e+00 -2.476700e+00 1.014057e+02
<VARIANCE> 6
 3.185104e+01 1.195217e+04 4.941128e+04 2.998198e+02 4.022584e+04 5.158639e+07
<GCONST> 6.874915e+01
<MIXTURE> 8 4.411717e-02
<MEAN> 6
 8.790710e+01 3.080820e+02 -4.534550e+02 -6.083357e-01 -2.351088e+01 -6.524955e+02
<VARIANCE> 6
 6.143541e+01 1.195217e+04 3.243441e+04 2.998198e+02 4.022584e+04 5.158639e+07
<GCONST> 6.898511e+01
<MIXTURE> 9 7.500071e-02
<MEAN> 6
 9.053884e+01 7.474801e+02 -2.636689e+03 -3.054288e+00 2.077430e+00 -1.786812e+01
<VARIANCE> 6
 3.185104e+01 1.195217e+04 4.565573e+04 2.998198e+02 4.022584e+04 5.158639e+07
<GCONST> 6.867010e+01
<MIXTURE> 10 4.067648e-02
<MEAN> 6
 1.049583e+02 4.552225e+02 -1.717162e+03 -7.833948e+00 1.094494e+01 3.903723e+02
<VARIANCE> 6
 3.185104e+01 1.195217e+04 1.387160e+04 2.998198e+02 4.022584e+04 5.158639e+07
<GCONST> 6.747881e+01
<MIXTURE> 11 8.374159e-02
<MEAN> 6
 8.859118e+01 3.264796e+02 -1.307933e+03 -2.933386e+00 3.748469e+00 4.115678e+01
<VARIANCE> 6
 3.185104e+01 1.195217e+04 1.387160e+04 2.998198e+02 4.022584e+04 5.158639e+07
<GCONST> 6.747881e+01
<MIXTURE> 12 6.056000e-02
<MEAN> 6
 8.235111e+01 3.361333e+02 -6.995146e+02 -1.547132e+00 -7.531437e+00 -1.961940e+02
<VARIANCE> 6
 3.185104e+01 1.195217e+04 1.397526e+04 2.998198e+02 4.022584e+04 5.158639e+07
<GCONST> 6.748626e+01
<MIXTURE> 13 5.879270e-02
<MEAN> 6
 8.799594e+01 3.963241e+02 1.936369e+03 -3.103282e+00 5.151465e+00 -2.865066e+01
<VARIANCE> 6
 3.185104e+01 1.195217e+04 1.387160e+04 2.998198e+02 4.022584e+04 5.158639e+07
<GCONST> 6.747881e+01
<MIXTURE> 14 6.827997e-02
<MEAN> 6
 9.741482e+01 4.666351e+02 -1.007507e+03 -1.787721e+00 -1.111335e+00 -9.753991e-01
<VARIANCE> 6
 3.185104e+01 1.195217e+04 1.387160e+04 2.998198e+02 4.022584e+04 5.158639e+07
<GCONST> 6.747881e+01
<MIXTURE> 15 5.933305e-02
<MEAN> 6
 8.322793e+01 3.205461e+02 -7.490353e+02 -2.480184e+00 -6.058989e+00 -1.510328e+02
<VARIANCE> 6
 3.185104e+01 1.195217e+04 1.387160e+04 2.998198e+02 4.022584e+04 5.158639e+07
<GCONST> 6.747881e+01
<STATE> 10
<NUMMIXES> 15
<MIXTURE> 1 4.443286e-02
<MEAN> 6
 8.882739e+01 -2.710229e+02 8.391875e+01 -4.844505e+00 -2.288419e+01 1.141960e+02
<VARIANCE> 6
 1.571593e+02 1.415184e+06 9.517192e+05 2.998198e+02 4.022584e+04 5.158639e+07
<GCONST> 7.807753e+01
<MIXTURE> 2 1.115297e-02
<MEAN> 6
 -6.778907e+00 1.609811e+02 1.079931e+02 -2.036463e+01 7.508530e+01 5.758538e+03
<VARIANCE> 6
 1.173602e+04 1.923529e+05 4.033874e+05 2.070656e+06 1.134545e+09 1.668213e+12
<GCONST> 1.090081e+02
<MIXTURE> 3 9.905868e-02
<MEAN> 6
 -3.869754e+01 -2.371943e+01 7.524685e+01 9.048923e+01 6.811859e+02 -9.328008e+02
<VARIANCE> 6
 3.987403e+02 8.964849e+04 1.085884e+05 1.379315e+04 1.282076e+05 5.158639e+07
<GCONST> 7.906664e+01
<MIXTURE> 4 3.634671e-02
<MEAN> 6
 7.265255e+00 2.373972e+02 1.452132e+02 -7.150241e+01 -1.184997e+02 2.417622e+03
<VARIANCE> 6
 4.936702e+03 1.813561e+06 2.041138e+06 6.904633e+04 4.154383e+06 3.040721e+09
<GCONST> 9.668910e+01
<MIXTURE> 5 7.196067e-02
<MEAN> 6
 3.939597e+01 -4.189145e+01 3.332358e+01 1.757087e+02 -2.407400e+02 -5.014045e+01
<VARIANCE> 6
 5.074736e+02 1.416240e+05 3.135946e+05 4.183965e+03 1.189172e+05 5.158639e+07
<GCONST> 7.955746e+01
<MIXTURE> 6 5.705132e-02
<MEAN> 6
 -4.402231e+01 -5.016821e+01 3.258953e+00 -1.049504e+02 1.397330e+03 3.114331e+03
<VARIANCE> 6
 3.569023e+02 9.061855e+04 1.065347e+05 3.299053e+04 7.528268e+05 5.885532e+08
<GCONST> 8.402411e+01
<MIXTURE> 7 9.577236e-02
<MEAN> 6
 8.435187e+01 7.712788e+01 4.248700e+01 -7.930657e+00 -1.628126e+01 -2.904712e+02
<VARIANCE> 6
 1.337758e+02 3.522355e+05 4.789788e+04 2.998198e+02 4.022584e+04 5.158639e+07
<GCONST> 7.353653e+01
<MIXTURE> 8 8.216365e-02
<MEAN> 6
 8.616425e+01 2.007877e+02 -1.246362e+01 1.629478e+01 -8.761252e+02 -8.075120e+01
<VARIANCE> 6
 2.101912e+02 8.870806e+05 3.971530e+05 1.594098e+04 9.816112e+05 4.611422e+08
<GCONST> 8.638586e+01
<MIXTURE> 9 7.053310e-02
<MEAN> 6
 -5.760880e+01 8.081387e+01 -1.593232e+01 1.353769e+01 1.607348e+02 2.718038e+02
<VARIANCE> 6
 2.953991e+02 2.253952e+05 1.581709e+05 4.885315e+02 6.468590e+04 5.158639e+07
<GCONST> 7.604010e+01
<MIXTURE> 10 1.069562e-01
<MEAN> 6
 1.594822e+01 -2.010756e+01 5.117122e+01 -2.483029e+02 -2.148351e+02 4.207552e+03
<VARIANCE> 6
 6.406632e+02 2.128508e+05 1.908813e+05 6.716021e+03 3.936592e+05 1.507518e+08
<GCONST> 8.244415e+01
<MIXTURE> 11 8.629061e-02
<MEAN> 6
 7.634782e+01 -4.399909e+01 -5.297271e+01 -4.336225e+00 -2.891400e+01 -2.241035e+02
<VARIANCE> 6
 1.241963e+02 3.582925e+04 1.575287e+05 2.998198e+02 4.022584e+04 5.158639e+07
<GCONST> 7.236723e+01
<MIXTURE> 12 6.328674e-02
<MEAN> 6
 7.494151e+01 1.004066e+02 -1.032849e+00 -6.804502e-01 -4.991079e+02 -2.770523e+00
<VARIANCE> 6
 2.689959e+02 1.212558e+05 6.187707e+04 1.442633e+04 1.751871e+05 5.158639e+07
<GCONST> 7.876971e+01
<MIXTURE> 13 5.629853e-02
<MEAN> 6
 -4.713213e+01 -2.035045e+02 3.850089e+01 3.148121e+01 9.386603e+02 -1.333127e+03
<VARIANCE> 6
 3.159351e+02 1.619509e+06 5.064641e+05 2.658728e+04 3.028997e+05 1.088118e+08
<GCONST> 8.553012e+01
<MIXTURE> 14 5.578832e-02
<MEAN> 6
 1.837360e+01 -1.274002e+02 5.419153e+01 2.845110e+02 -1.907577e+02 -8.200388e+03
<VARIANCE> 6
 5.683885e+02 5.124835e+05 1.744046e+05 5.737190e+03 4.385858e+05 1.253196e+08
<GCONST> 8.287864e+01
<MIXTURE> 15 6.224559e-02
<MEAN> 6
 6.766182e+01 -3.230551e+01 -8.749944e+00 -7.005485e+01 -7.590275e+02 -1.555791e+03
<VARIANCE> 6
 2.180501e+02 1.270250e+05 7.538395e+04 1.654810e+04 2.324833e+05 5.158639e+07
<GCONST> 7.922385e+01
<TRANSP> 11
 0.000000e+00 1.000000e+00 0.000000e+00 0.000000e+00 0.000000e+00 0.000000e+00 0.000000e+00 0.000000e+00 0.000000e+00 0.000000e+00 0.000000e+00
 0.000000e+00 9.998604e-01 1.395947e-04 0.000000e+00 0.000000e+00 0.000000e+00 0.000000e+00 0.000000e+00 0.000000e+00 0.000000e+00 0.000000e+00
 0.000000e+00 0.000000e+00 9.987634e-01 1.236573e-03 0.000000e+00 0.000000e+00 0.000000e+00 0.000000e+00 0.000000e+00 0.000000e+00 0.000000e+00
 0.000000e+00 0.000000e+00 0.000000e+00 9.973969e-01 2.603096e-03 0.000000e+00 0.000000e+00 0.000000e+00 0.000000e+00 0.000000e+00 0.000000e+00
 0.000000e+00 0.000000e+00 0.000000e+00 0.000000e+00 9.978874e-01 2.112571e-03 0.000000e+00 0.000000e+00 0.000000e+00 0.000000e+00 0.000000e+00
 0.000000e+00 0.000000e+00 0.000000e+00 0.000000e+00 0.000000e+00 9.984182e-01 1.581759e-03 0.000000e+00 0.000000e+00 0.000000e+00 0.000000e+00
 0.000000e+00 0.000000e+00 0.000000e+00 0.000000e+00 0.000000e+00 0.000000e+00 9.981897e-01 1.810217e-03 0.000000e+00 0.000000e+00 0.000000e+00
 0.000000e+00 0.000000e+00 0.000000e+00 0.000000e+00 0.000000e+00 0.000000e+00 0.000000e+00 9.987907e-01 1.209285e-03 0.000000e+00 0.000000e+00
 0.000000e+00 0.000000e+00 0.000000e+00 0.000000e+00 0.000000e+00 0.000000e+00 0.000000e+00 0.000000e+00 9.977197e-01 2.280239e-03 0.000000e+00
 0.000000e+00 0.000000e+00 0.000000e+00 0.000000e+00 0.000000e+00 0.000000e+00 0.000000e+00 0.000000e+00 0.000000e+00 9.999404e-01 5.960451e-05
 0.000000e+00 0.000000e+00 0.000000e+00 0.000000e+00 0.000000e+00 0.000000e+00 0.000000e+00 0.000000e+00 0.000000e+00 0.000000e+00 0.000000e+00
<ENDHMM>
