~o
<STREAMINFO> 1 2
<VECSIZE> 2<NULLD><USER><DIAGC>
~h "SegundoPRIMARIA"
<BEGINHMM>
<NUMSTATES> 5
<STATE> 2
<MEAN> 2
 6.028349e+01 -1.438950e+02
<VARIANCE> 2
 9.392679e+05 6.644365e+05
<GCONST> 3.083530e+01
<STATE> 3
<MEAN> 2
 -1.144418e+02 1.984712e+02
<VARIANCE> 2
 7.208766e+06 2.870767e+06
<GCONST> 3.433665e+01
<STATE> 4
<MEAN> 2
 -3.497164e+00 1.793810e+01
<VARIANCE> 2
 2.657828e+05 1.508676e+05
<GCONST> 2.809035e+01
<TRANSP> 5
 0.000000e+00 1.000000e+00 0.000000e+00 0.000000e+00 0.000000e+00
 0.000000e+00 9.998249e-01 1.751374e-04 0.000000e+00 0.000000e+00
 0.000000e+00 0.000000e+00 9.995884e-01 4.115915e-04 0.000000e+00
 0.000000e+00 0.000000e+00 0.000000e+00 9.999471e-01 5.284425e-05
 0.000000e+00 0.000000e+00 0.000000e+00 0.000000e+00 0.000000e+00
<ENDHMM>
~h "SegundoESO"
<BEGINHMM>
<NUMSTATES> 5
<STATE> 2
<MEAN> 2
 -3.570548e+02 4.767304e+02
<VARIANCE> 2
 7.697706e+06 8.889452e+06
<GCONST> 3.553256e+01
<STATE> 3
<MEAN> 2
 1.545122e+02 -3.915144e+02
<VARIANCE> 2
 1.081074e+06 6.673472e+06
<GCONST> 3.328287e+01
<STATE> 4
<MEAN> 2
 8.612416e+00 3.974084e+01
<VARIANCE> 2
 7.184943e+05 3.670276e+05
<GCONST> 2.997386e+01
<TRANSP> 5
 0.000000e+00 1.000000e+00 0.000000e+00 0.000000e+00 0.000000e+00
 0.000000e+00 9.996405e-01 3.594565e-04 0.000000e+00 0.000000e+00
 0.000000e+00 0.000000e+00 9.998131e-01 1.868910e-04 0.000000e+00
 0.000000e+00 0.000000e+00 0.000000e+00 9.999483e-01 5.170342e-05
 0.000000e+00 0.000000e+00 0.000000e+00 0.000000e+00 0.000000e+00
<ENDHMM>
~h "QuintoPRIMARIA"
<BEGINHMM>
<NUMSTATES> 5
<STATE> 2
<MEAN> 2
 -3.763729e+02 -2.953409e+02
<VARIANCE> 2
 7.966444e+06 1.157195e+07
<GCONST> 3.583060e+01
<STATE> 3
<MEAN> 2
 6.391080e+01 5.343228e+01
<VARIANCE> 2
 1.300880e+06 1.993147e+06
<GCONST> 3.225953e+01
<STATE> 4
<MEAN> 2
 -5.802145e-01 -2.243072e+00
<VARIANCE> 2
 2.465217e+05 2.093428e+05
<GCONST> 2.834269e+01
<TRANSP> 5
 0.000000e+00 1.000000e+00 0.000000e+00 0.000000e+00 0.000000e+00
 0.000000e+00 9.993536e-01 6.463412e-04 0.000000e+00 0.000000e+00
 0.000000e+00 0.000000e+00 9.998921e-01 1.079102e-04 0.000000e+00
 0.000000e+00 0.000000e+00 0.000000e+00 9.999413e-01 5.873434e-05
 0.000000e+00 0.000000e+00 0.000000e+00 0.000000e+00 0.000000e+00
<ENDHMM>
