~o
<STREAMINFO> 1 6
<VECSIZE> 6<NULLD><USER><DIAGC>
~h "SegundoPRIMARIA"
<BEGINHMM>
<NUMSTATES> 5
<STATE> 2
<NUMMIXES> 3
<MIXTURE> 1 3.212916e-01
<MEAN> 6
 7.903429e+01 -3.053322e+01 2.466122e+02 -1.393742e+00 -3.252520e+01 -1.484639e+02
<VARIANCE> 6
 3.958427e+02 5.925479e+05 2.092015e+06 3.681347e+02 1.567516e+04 1.180274e+07
<GCONST> 7.670622e+01
<MIXTURE> 2 4.142139e-01
<MEAN> 6
 2.029977e+01 1.238456e+00 -4.941726e+01 -1.553139e+01 -4.828883e+01 3.168716e+02
<VARIANCE> 6
 3.566190e+03 4.723545e+05 1.654494e+06 4.774347e+04 1.363720e+06 3.417600e+08
<GCONST> 9.113995e+01
<MIXTURE> 3 2.641034e-01
<MEAN> 6
 -3.504457e+00 8.511199e+00 -1.083852e+02 2.755755e+01 1.162274e+02 -3.275075e+02
<VARIANCE> 6
 3.485228e+03 1.179622e+05 7.356767e+05 1.415319e+04 1.651827e+05 2.126467e+07
<GCONST> 8.281528e+01
<STATE> 3
<NUMMIXES> 3
<MIXTURE> 1 3.638113e-01
<MEAN> 6
 7.844214e+01 2.497545e+02 5.951818e+01 -9.154906e-01 -1.429943e-01 -8.047390e+00
<VARIANCE> 6
 1.243337e+02 3.772534e+05 2.235508e+05 2.531031e+02 1.308257e+04 1.180274e+07
<GCONST> 7.230498e+01
<MIXTURE> 2 1.987062e-01
<MEAN> 6
 8.131371e+01 -5.498932e+02 -3.118584e+00 -1.989602e+00 -1.166819e+00 -2.587059e+01
<VARIANCE> 6
 1.755775e+02 1.153450e+07 7.927390e+05 2.531031e+02 1.308257e+04 1.180274e+07
<GCONST> 7.733612e+01
<MIXTURE> 3 4.374434e-01
<MEAN> 6
 7.197002e+01 -1.546005e+02 -2.751340e+02 -3.954513e-01 -1.729118e-01 -3.285960e+01
<VARIANCE> 6
 1.315281e+02 1.717361e+05 1.894768e+05 2.531031e+02 1.308257e+04 1.180274e+07
<GCONST> 7.140890e+01
<STATE> 4
<NUMMIXES> 3
<MIXTURE> 1 3.686094e-02
<MEAN> 6
 3.949994e+01 3.882226e+02 -7.285921e+01 -3.472195e+01 -3.790369e+02 3.249856e+03
<VARIANCE> 6
 6.111560e+03 1.511994e+07 1.633774e+06 2.100810e+05 8.748158e+07 1.296460e+11
<GCONST> 1.067134e+02
<MIXTURE> 2 5.631505e-01
<MEAN> 6
 3.395181e+01 6.600545e+01 2.547798e+01 4.201386e+01 3.006784e+01 -6.880610e+02
<VARIANCE> 6
 3.830995e+03 3.473531e+05 1.595974e+05 1.954140e+04 2.818382e+05 3.745030e+07
<GCONST> 8.388455e+01
<MIXTURE> 3 4.000119e-01
<MEAN> 6
 2.747426e+01 -7.774567e+01 -3.568896e+00 -5.444162e+01 -7.550658e+00 6.841426e+02
<VARIANCE> 6
 3.794890e+03 3.948520e+05 1.694793e+05 5.142096e+04 1.865995e+06 4.853775e+08
<GCONST> 8.948296e+01
<TRANSP> 5
 0.000000e+00 1.000000e+00 0.000000e+00 0.000000e+00 0.000000e+00
 0.000000e+00 9.998340e-01 1.660277e-04 0.000000e+00 0.000000e+00
 0.000000e+00 0.000000e+00 9.997228e-01 2.772059e-04 0.000000e+00
 0.000000e+00 0.000000e+00 0.000000e+00 9.999422e-01 5.782480e-05
 0.000000e+00 0.000000e+00 0.000000e+00 0.000000e+00 0.000000e+00
<ENDHMM>
~h "SegundoESO"
<BEGINHMM>
<NUMSTATES> 5
<STATE> 2
<NUMMIXES> 3
<MIXTURE> 1 3.363022e-01
<MEAN> 6
 8.000938e+01 -2.264373e+02 2.764222e+01 -2.101065e+00 -1.346243e+01 -1.111008e+02
<VARIANCE> 6
 1.621369e+02 9.949872e+06 8.129772e+06 2.531031e+02 1.308257e+04 1.180274e+07
<GCONST> 7.943649e+01
<MIXTURE> 2 4.661104e-01
<MEAN> 6
 9.256533e+00 1.781290e+02 3.159170e+01 -1.115405e+01 5.145840e+01 1.116802e+02
<VARIANCE> 6
 3.033281e+03 7.287355e+06 2.888336e+06 3.289627e+04 6.992874e+05 1.418840e+08
<GCONST> 9.235196e+01
<MIXTURE> 3 1.975123e-01
<MEAN> 6
 7.549026e+00 -1.191129e+02 -2.948549e+01 3.399983e+01 -1.004327e+02 -9.140491e+01
<VARIANCE> 6
 3.598820e+03 2.603037e+06 2.403966e+06 1.187671e+04 7.954961e+04 1.180274e+07
<GCONST> 8.563076e+01
<STATE> 3
<NUMMIXES> 3
<MIXTURE> 1 3.179558e-01
<MEAN> 6
 7.460583e+01 -1.824077e+02 1.980767e+02 -4.248822e-01 -1.714756e+00 -3.790168e+01
<VARIANCE> 6
 8.446335e+01 4.406990e+05 1.085481e+05 2.531031e+02 1.308257e+04 1.180274e+07
<GCONST> 7.135133e+01
<MIXTURE> 2 3.594233e-01
<MEAN> 6
 6.484917e+01 1.377768e+02 -6.246506e+02 -4.417630e-01 -1.523040e-01 -4.043829e+01
<VARIANCE> 6
 5.621835e+01 1.524148e+06 6.161355e+05 2.531031e+02 1.308257e+04 1.180274e+07
<GCONST> 7.392135e+01
<MIXTURE> 3 3.226641e-01
<MEAN> 6
 6.655003e+01 2.702427e+01 -9.273819e+01 -3.778022e-03 -3.613086e-01 -5.446945e+01
<VARIANCE> 6
 6.656475e+01 3.071318e+05 1.094593e+05 2.531031e+02 1.308257e+04 1.180274e+07
<GCONST> 7.076046e+01
<STATE> 4
<NUMMIXES> 3
<MIXTURE> 1 3.283958e-01
<MEAN> 6
 2.502205e+01 1.296665e+02 2.287737e+01 3.871698e+01 4.153463e+01 -1.950748e+02
<VARIANCE> 6
 2.825923e+03 5.822969e+05 3.630517e+05 1.130506e+04 1.657947e+05 1.555224e+07
<GCONST> 8.296211e+01
<MIXTURE> 2 3.159927e-01
<MEAN> 6
 1.044400e+01 -4.037117e+01 9.125380e+01 -4.750609e+01 1.241983e+02 1.085618e+03
<VARIANCE> 6
 2.971538e+03 1.711860e+06 6.023192e+05 3.585043e+04 1.276344e+06 3.327396e+08
<GCONST> 9.085522e+01
<MIXTURE> 3 3.551326e-01
<MEAN> 6
 3.221908e+01 -6.866348e+01 -2.901850e+00 6.863419e+00 -1.482029e+02 -7.528112e+02
<VARIANCE> 6
 2.005998e+03 3.249649e+05 1.362131e+05 2.430457e+04 2.395629e+05 3.882520e+07
<GCONST> 8.310418e+01
<TRANSP> 5
 0.000000e+00 1.000000e+00 0.000000e+00 0.000000e+00 0.000000e+00
 0.000000e+00 9.998285e-01 1.714894e-04 0.000000e+00 0.000000e+00
 0.000000e+00 0.000000e+00 9.997368e-01 2.631593e-04 0.000000e+00
 0.000000e+00 0.000000e+00 0.000000e+00 9.999431e-01 5.686498e-05
 0.000000e+00 0.000000e+00 0.000000e+00 0.000000e+00 0.000000e+00
<ENDHMM>
~h "QuintoPRIMARIA"
<BEGINHMM>
<NUMSTATES> 5
<STATE> 2
<NUMMIXES> 3
<MIXTURE> 1 3.538597e-01
<MEAN> 6
 4.774836e+01 2.417472e+02 1.638640e+02 5.963542e+00 -2.564831e+01 3.108878e+01
<VARIANCE> 6
 3.165385e+03 1.078117e+06 3.824630e+06 3.622838e+03 5.845668e+04 1.180274e+07
<GCONST> 8.358989e+01
<MIXTURE> 2 2.698428e-01
<MEAN> 6
 1.480040e+01 -1.125410e+02 -6.579051e+02 -7.248225e+01 7.492285e+01 1.897415e+03
<VARIANCE> 6
 3.641123e+03 5.336466e+06 8.303096e+06 4.284923e+04 1.601160e+06 5.131450e+08
<GCONST> 9.565727e+01
<MIXTURE> 3 3.757610e-01
<MEAN> 6
 1.386724e+01 -2.711611e+02 9.557381e+01 4.833578e+01 -2.986578e+01 -1.385227e+03
<VARIANCE> 6
 3.424175e+03 4.741626e+05 1.702807e+06 3.096030e+04 4.516478e+05 5.315257e+07
<GCONST> 8.773277e+01
<STATE> 3
<NUMMIXES> 3
<MIXTURE> 1 3.258890e-01
<MEAN> 6
 8.867021e+01 5.084884e+02 5.504156e+02 -2.736575e+00 -6.056253e-01 1.483764e+01
<VARIANCE> 6
 3.062592e+02 3.863060e+06 3.275876e+06 2.531031e+02 1.308257e+04 1.180274e+07
<GCONST> 7.821744e+01
<MIXTURE> 2 3.368834e-01
<MEAN> 6
 7.508386e+01 2.651297e+02 -2.805063e+02 -5.728160e-01 -2.127854e+00 -4.320776e+01
<VARIANCE> 6
 1.396366e+02 3.648610e+05 1.837403e+05 2.531031e+02 1.308257e+04 1.180274e+07
<GCONST> 7.219154e+01
<MIXTURE> 3 3.371613e-01
<MEAN> 6
 6.347944e+01 -4.905773e+01 -4.561289e+01 2.456204e-01 -8.520955e-01 -6.969535e+01
<VARIANCE> 6
 5.370129e+01 3.208152e+04 1.454011e+05 2.531031e+02 1.308257e+04 1.180274e+07
<GCONST> 6.857066e+01
<STATE> 4
<NUMMIXES> 3
<MIXTURE> 1 4.284933e-01
<MEAN> 6
 3.560443e+01 -3.913576e+00 4.095228e+01 2.735368e+01 2.064774e+01 -2.507606e+02
<VARIANCE> 6
 3.064414e+03 2.542932e+05 1.677133e+05 1.068244e+04 1.535341e+05 1.670156e+07
<GCONST> 8.138017e+01
<MIXTURE> 2 1.430214e-01
<MEAN> 6
 1.615241e+01 -1.528145e+02 1.361565e+02 -2.427271e+01 1.370933e+02 1.755506e+03
<VARIANCE> 6
 3.763033e+03 1.418164e+06 1.313309e+06 6.422748e+04 5.356889e+06 3.565945e+09
<GCONST> 9.607195e+01
<MIXTURE> 3 4.277030e-01
<MEAN> 6
 2.355301e+01 -2.063748e+01 -1.633295e+01 -1.826994e+01 -6.571124e+01 -3.083860e+02
<VARIANCE> 6
 2.750693e+03 1.049533e+05 1.114614e+05 3.665688e+04 7.688516e+05 1.430900e+08
<GCONST> 8.497057e+01
<TRANSP> 5
 0.000000e+00 1.000000e+00 0.000000e+00 0.000000e+00 0.000000e+00
 0.000000e+00 9.998831e-01 1.169661e-04 0.000000e+00 0.000000e+00
 0.000000e+00 0.000000e+00 9.997326e-01 2.674434e-04 0.000000e+00
 0.000000e+00 0.000000e+00 0.000000e+00 9.999341e-01 6.590990e-05
 0.000000e+00 0.000000e+00 0.000000e+00 0.000000e+00 0.000000e+00
<ENDHMM>
