~o
<STREAMINFO> 1 6
<VECSIZE> 6<NULLD><USER><DIAGC>
~h "SegundoPRIMARIA"
<BEGINHMM>
<NUMSTATES> 4
<STATE> 2
<NUMMIXES> 9
<MIXTURE> 1 1.411909e-01
<MEAN> 6
 7.984042e+01 4.152945e+01 3.587325e+01 1.681090e+01 -6.556155e+02 -1.601474e+03
<VARIANCE> 6
 4.257943e+02 1.380052e+05 6.160379e+04 3.072836e+04 2.362645e+05 7.274050e+07
<GCONST> 8.075281e+01
<MIXTURE> 2 9.437134e-02
<MEAN> 6
 5.310972e+01 -3.588586e+01 5.944633e+01 -6.081457e+01 -3.751159e+02 4.010854e+03
<VARIANCE> 6
 3.698054e+03 5.745923e+05 4.008902e+05 6.914529e+04 4.329823e+06 2.179765e+09
<GCONST> 9.333318e+01
<MIXTURE> 3 7.944768e-02
<MEAN> 6
 8.797830e+01 2.656624e+02 1.223251e+02 -1.480305e+00 -2.586052e+00 1.412384e+02
<VARIANCE> 6
 2.898438e+02 3.578702e+05 9.288530e+04 2.998257e+02 4.005077e+04 5.138654e+07
<GCONST> 7.497964e+01
<MIXTURE> 4 9.502546e-02
<MEAN> 6
 9.950771e-01 8.192508e+01 5.642789e+01 1.736747e+02 2.382041e+02 -3.502057e+03
<VARIANCE> 6
 1.178997e+03 1.389494e+05 4.820927e+04 2.533054e+04 1.886757e+05 5.508842e+07
<GCONST> 8.083685e+01
<MIXTURE> 5 1.504397e-01
<MEAN> 6
 -4.565798e+01 9.087740e+00 1.211742e+01 -1.050231e+01 1.133333e+03 -8.068810e+02
<VARIANCE> 6
 2.837914e+02 1.484821e+05 8.822343e+04 2.957287e+04 5.366315e+05 2.356333e+08
<GCONST> 8.273682e+01
<MIXTURE> 6 1.324712e-01
<MEAN> 6
 7.572320e+01 -7.978532e+01 -3.030812e+02 -6.003124e-01 -7.154415e+00 -1.410336e+02
<VARIANCE> 6
 1.761198e+02 8.097090e+04 1.297711e+05 2.998257e+02 4.005077e+04 5.138654e+07
<GCONST> 7.332979e+01
<MIXTURE> 7 1.288828e-01
<MEAN> 6
 5.843322e+01 -2.439227e+01 3.544402e+01 -9.476665e+01 -7.099781e+02 2.685036e+03
<VARIANCE> 6
 1.197412e+03 6.804577e+04 8.517810e+04 5.735268e+04 6.489211e+05 2.921808e+08
<GCONST> 8.442854e+01
<MIXTURE> 8 9.771727e-02
<MEAN> 6
 -2.830312e+01 -7.616174e+00 2.462527e+01 7.401493e+00 3.122485e+02 -3.549707e+01
<VARIANCE> 6
 9.121691e+02 6.738195e+04 4.827519e+04 2.607505e+04 1.146080e+05 5.138654e+07
<GCONST> 7.931879e+01
<MIXTURE> 9 7.947984e-02
<MEAN> 6
 8.313410e+01 -1.977189e+00 -1.771614e+01 -3.832356e+00 -3.963142e+01 -5.299091e+02
<VARIANCE> 6
 3.059289e+02 4.105757e+05 9.854874e+04 2.998257e+02 4.005077e+04 5.138654e+07
<GCONST> 7.523023e+01
<STATE> 3
<NUMMIXES> 9
<MIXTURE> 1 1.551062e-02
<MEAN> 6
 1.016052e+01 -2.793868e+02 -1.555242e+02 -3.976368e+01 -1.482729e+02 6.512797e+03
<VARIANCE> 6
 7.254179e+03 2.385561e+07 1.361411e+06 8.792942e+05 4.629028e+08 6.701021e+11
<GCONST> 1.118988e+02
<MIXTURE> 2 1.941399e-01
<MEAN> 6
 9.714174e+01 3.883711e+01 4.593065e+01 -5.090437e+00 -2.687606e+01 -1.059991e+02
<VARIANCE> 6
 3.910512e+02 2.697123e+06 3.356111e+05 2.998257e+02 4.005077e+04 5.138654e+07
<GCONST> 7.858350e+01
<MIXTURE> 3 1.252234e-01
<MEAN> 6
 -2.824932e+01 8.209834e+01 8.900050e+00 7.134445e+01 6.381577e+02 -1.636376e+03
<VARIANCE> 6
 5.738704e+02 5.394836e+05 3.453157e+05 3.095086e+04 2.855757e+05 7.073278e+07
<GCONST> 8.430708e+01
<MIXTURE> 4 2.078012e-02
<MEAN> 6
 3.856942e+01 -2.045894e+03 5.610479e+02 -4.798817e+00 2.088994e+01 -1.429781e+02
<VARIANCE> 6
 5.304909e+03 3.880671e+07 9.510042e+05 2.998257e+02 4.005077e+04 5.138654e+07
<GCONST> 8.489902e+01
<MIXTURE> 5 1.517549e-01
<MEAN> 6
 2.233172e+01 1.010697e+01 -1.106910e+02 -5.981496e+01 1.041029e+02 1.467843e+03
<VARIANCE> 6
 4.379112e+03 1.181501e+06 1.871434e+06 6.536541e+04 2.831486e+06 1.170201e+09
<GCONST> 9.466088e+01
<MIXTURE> 6 1.097684e-01
<MEAN> 6
 7.055605e+01 1.042901e+02 1.632920e+02 4.668022e+01 -4.153550e+02 8.580541e+02
<VARIANCE> 6
 1.010753e+03 4.826209e+05 5.423580e+05 3.405083e+04 2.889292e+05 8.167358e+07
<GCONST> 8.546416e+01
<MIXTURE> 7 1.511278e-01
<MEAN> 6
 8.183372e+01 2.578798e+01 1.088723e+02 -3.492475e-01 -2.038257e+01 -1.658399e+02
<VARIANCE> 6
 2.991448e+02 4.219448e+05 2.799395e+06 2.998257e+02 4.005077e+04 5.138654e+07
<GCONST> 7.858173e+01
<MIXTURE> 8 1.217829e-01
<MEAN> 6
 -5.905397e+01 8.772362e+00 -1.241069e+02 7.576427e+00 2.549987e+02 4.542805e+02
<VARIANCE> 6
 2.641658e+02 4.013897e+05 9.501982e+05 1.866653e+03 1.033594e+05 5.364216e+07
<GCONST> 8.014667e+01
<MIXTURE> 9 1.094628e-01
<MEAN> 6
 6.421872e+01 -1.487413e+02 -1.023632e+02 -2.374084e+01 -6.428447e+02 -1.927322e+03
<VARIANCE> 6
 1.039608e+03 4.732500e+05 5.331864e+05 4.208791e+04 3.287148e+05 8.549861e+07
<GCONST> 8.584233e+01
<TRANSP> 4
 0.000000e+00 1.000000e+00 0.000000e+00 0.000000e+00
 0.000000e+00 9.999387e-01 6.132232e-05 0.000000e+00
 0.000000e+00 0.000000e+00 9.999074e-01 9.262380e-05
 0.000000e+00 0.000000e+00 0.000000e+00 0.000000e+00
<ENDHMM>
~h "SegundoESO"
<BEGINHMM>
<NUMSTATES> 4
<STATE> 2
<NUMMIXES> 9
<MIXTURE> 1 1.307192e-01
<MEAN> 6
 7.183051e+01 4.220349e+02 -1.238948e+03 -2.015811e-01 -1.015470e+01 -1.032438e+02
<VARIANCE> 6
 5.749202e+01 5.166403e+05 5.994582e+06 2.998257e+02 4.005077e+04 5.138654e+07
<GCONST> 7.789637e+01
<MIXTURE> 2 5.409921e-02
<MEAN> 6
 1.135330e+01 1.202295e+02 1.033009e+03 -7.089569e+01 1.154763e+02 1.797004e+03
<VARIANCE> 6
 3.208720e+03 6.585354e+06 1.295183e+07 5.668870e+04 1.841433e+06 4.319514e+08
<GCONST> 9.643321e+01
<MIXTURE> 3 1.359520e-01
<MEAN> 6
 8.581212e+01 -1.655482e+03 4.727763e+01 -4.328511e+00 -2.217803e+01 -1.240264e+02
<VARIANCE> 6
 1.651295e+02 5.471468e+06 2.632068e+07 2.998257e+02 4.005077e+04 5.138654e+07
<GCONST> 8.279091e+01
<MIXTURE> 4 1.483000e-01
<MEAN> 6
 -4.047374e+01 5.635594e+02 4.818683e+02 1.737903e+01 4.458274e+02 -1.774500e+02
<VARIANCE> 6
 5.784172e+02 1.866500e+06 5.427859e+06 2.043433e+04 1.988326e+05 5.138654e+07
<GCONST> 8.721426e+01
<MIXTURE> 5 1.231496e-01
<MEAN> 6
 6.755947e+01 3.129544e+02 1.548101e+02 -3.178245e-01 -4.744638e+00 -9.182819e+01
<VARIANCE> 6
 3.663598e+01 2.847800e+05 3.342328e+04 2.998257e+02 4.005077e+04 5.138654e+07
<GCONST> 7.166077e+01
<MIXTURE> 6 7.891711e-02
<MEAN> 6
 6.273080e+01 6.827071e+02 1.487523e+02 4.694621e+01 -3.841142e+02 5.832569e+02
<VARIANCE> 6
 8.072446e+02 3.822447e+06 7.441378e+06 2.749668e+04 1.655262e+05 5.138654e+07
<GCONST> 8.869345e+01
<MIXTURE> 7 1.344085e-01
<MEAN> 6
 6.409324e+01 1.373597e+02 -1.715639e+02 2.193274e-02 -3.593517e+00 -1.108601e+02
<VARIANCE> 6
 4.685088e+01 1.263656e+05 8.777167e+04 2.998257e+02 4.005077e+04 5.138654e+07
<GCONST> 7.205965e+01
<MIXTURE> 8 1.151236e-01
<MEAN> 6
 6.517768e+01 -4.750826e+01 -5.472972e+02 1.737021e-02 -5.316248e+00 -8.650830e+01
<VARIANCE> 6
 6.409695e+01 1.918555e+06 2.177390e+06 2.998257e+02 4.005077e+04 5.138654e+07
<GCONST> 7.830437e+01
<MIXTURE> 9 7.908987e-02
<MEAN> 6
 5.695135e+01 9.545551e+01 -4.705172e+02 -2.469323e+01 -4.953606e+02 -1.212858e+03
<VARIANCE> 6
 8.871265e+02 3.595092e+06 6.167145e+06 3.287437e+04 2.149127e+05 5.138654e+07
<GCONST> 8.897839e+01
<STATE> 3
<NUMMIXES> 9
<MIXTURE> 1 8.826570e-02
<MEAN> 6
 8.421533e+01 1.606439e+02 -3.061328e+01 -4.825469e+00 -3.483776e+01 1.351592e+02
<VARIANCE> 6
 1.725620e+02 1.124057e+06 1.334968e+06 2.998257e+02 4.005077e+04 5.138654e+07
<GCONST> 7.827089e+01
<MIXTURE> 2 8.628434e-02
<MEAN> 6
 2.943569e+01 -5.261735e+01 1.501817e+02 -9.886191e+01 -2.409295e+02 4.216035e+03
<VARIANCE> 6
 2.889740e+03 2.368080e+06 2.043224e+06 4.380614e+04 1.818817e+06 6.103560e+08
<GCONST> 9.353460e+01
<MIXTURE> 3 1.549983e-01
<MEAN> 6
 -4.857289e+01 6.323202e+01 3.728656e+01 1.688633e+01 9.098904e+02 -8.083569e+02
<VARIANCE> 6
 1.981223e+02 5.397448e+05 3.980343e+05 1.762288e+04 3.269511e+05 1.169724e+08
<GCONST> 8.346126e+01
<MIXTURE> 4 8.634554e-02
<MEAN> 6
 4.222207e+01 2.073224e+02 1.394158e+02 7.532642e+01 -2.108479e+02 1.313466e+02
<VARIANCE> 6
 4.875538e+02 6.688767e+05 4.091572e+05 2.627102e+04 6.994934e+04 5.138654e+07
<GCONST> 8.263850e+01
<MIXTURE> 5 1.205777e-01
<MEAN> 6
 -4.918362e+00 7.961465e+01 3.184007e+01 -2.935964e+01 1.703183e+02 3.535831e+01
<VARIANCE> 6
 3.379561e+02 4.049985e+05 5.748661e+04 4.059266e+04 1.358921e+05 1.128046e+08
<GCONST> 8.169325e+01
<MIXTURE> 6 1.588966e-01
<MEAN> 6
 6.820085e+01 -8.506401e+01 6.422111e+01 -2.001111e+01 -7.135399e+02 -2.762469e+02
<VARIANCE> 6
 2.531998e+02 6.167641e+05 1.787336e+05 1.955456e+04 1.858450e+05 7.315339e+07
<GCONST> 8.210904e+01
<MIXTURE> 7 1.032528e-01
<MEAN> 6
 -2.874192e+01 3.708164e+01 3.623466e+00 4.227716e+01 2.426293e+02 -7.077853e+02
<VARIANCE> 6
 5.808347e+02 9.536461e+04 2.649962e+05 1.360448e+04 7.279963e+04 5.138654e+07
<GCONST> 7.981317e+01
<MIXTURE> 8 1.136890e-01
<MEAN> 6
 7.723620e+01 -3.766157e+02 1.132502e+02 -2.873025e+00 -3.734304e+01 -1.232758e+02
<VARIANCE> 6
 1.011901e+02 4.928313e+05 1.479283e+05 2.998257e+02 4.005077e+04 5.138654e+07
<GCONST> 7.471266e+01
<MIXTURE> 9 8.620340e-02
<MEAN> 6
 3.526036e+01 -8.722207e+01 -9.280039e+01 3.449234e+01 -2.946471e+02 -1.369291e+03
<VARIANCE> 6
 5.030894e+02 6.183212e+05 4.248495e+05 3.736742e+04 7.317348e+04 5.138654e+07
<GCONST> 8.302631e+01
<TRANSP> 4
 0.000000e+00 1.000000e+00 0.000000e+00 0.000000e+00
 0.000000e+00 9.998709e-01 1.291030e-04 0.000000e+00
 0.000000e+00 0.000000e+00 9.999492e-01 5.077554e-05
 0.000000e+00 0.000000e+00 0.000000e+00 0.000000e+00
<ENDHMM>
~h "QuintoPRIMARIA"
<BEGINHMM>
<NUMSTATES> 4
<STATE> 2
<NUMMIXES> 9
<MIXTURE> 1 1.048662e-01
<MEAN> 6
 7.486893e+01 -1.357280e+01 8.817290e+01 -4.066096e+00 -2.019326e+01 -2.367656e+02
<VARIANCE> 6
 1.496100e+02 4.969568e+04 8.639323e+04 2.998257e+02 4.005077e+04 5.138654e+07
<GCONST> 7.227162e+01
<MIXTURE> 2 3.085419e-02
<MEAN> 6
 1.621070e+01 -4.371472e+00 -2.341232e+01 -1.004752e+02 5.352930e+01 7.543674e+03
<VARIANCE> 6
 3.204921e+03 1.244919e+06 1.989979e+06 5.430123e+04 3.134795e+06 1.299498e+09
<GCONST> 9.448354e+01
<MIXTURE> 3 1.753441e-01
<MEAN> 6
 -2.963470e+01 -2.941807e+01 9.813815e+01 -1.050617e+01 8.274080e+02 -4.612899e+02
<VARIANCE> 6
 5.822942e+02 1.454960e+05 1.936253e+05 4.818115e+04 5.000850e+05 2.340060e+08
<GCONST> 8.463194e+01
<MIXTURE> 4 9.680699e-02
<MEAN> 6
 4.826540e+01 5.623104e+01 3.900307e+01 5.712649e+01 -2.693788e+02 3.036600e+02
<VARIANCE> 6
 8.516725e+02 8.557329e+04 6.961200e+04 3.266190e+04 1.643219e+05 5.138654e+07
<GCONST> 8.044072e+01
<MIXTURE> 5 1.433789e-01
<MEAN> 6
 7.737863e+01 -1.558633e+02 -1.761309e+02 -3.709489e+00 -1.898364e+01 -9.031459e+01
<VARIANCE> 6
 1.669771e+02 5.295543e+05 1.022414e+05 2.998257e+02 4.005077e+04 5.138654e+07
<GCONST> 7.491599e+01
<MIXTURE> 6 1.346494e-01
<MEAN> 6
 6.854685e+01 7.830056e+01 -8.920837e+01 -2.018030e+01 -9.202123e+02 2.516453e+02
<VARIANCE> 6
 6.550231e+02 2.845644e+05 1.993207e+05 3.545255e+04 5.372060e+05 2.574649e+08
<GCONST> 8.530980e+01
<MIXTURE> 7 1.120753e-01
<MEAN> 6
 -5.260592e+01 1.377270e+01 2.479354e+01 3.209782e+01 4.171416e+02 5.388955e+01
<VARIANCE> 6
 2.294027e+02 9.607257e+04 8.277639e+04 3.493497e+03 1.337769e+05 5.138654e+07
<GCONST> 7.697697e+01
<MIXTURE> 8 1.036447e-01
<MEAN> 6
 7.043765e+01 -6.994674e+01 -3.935909e+01 -2.119281e+00 -1.829895e+01 -2.058841e+02
<VARIANCE> 6
 1.417728e+02 3.746516e+04 1.361794e+05 2.998257e+02 4.005077e+04 5.138654e+07
<GCONST> 7.239038e+01
<MIXTURE> 9 9.733752e-02
<MEAN> 6
 3.978396e+01 -5.241948e+01 -5.637506e+01 -8.198237e+00 -3.936200e+02 -1.689302e+03
<VARIANCE> 6
 9.300130e+02 8.551398e+04 7.462617e+04 4.036779e+04 1.730580e+05 5.138654e+07
<GCONST> 8.086120e+01
<STATE> 3
<NUMMIXES> 9
<MIXTURE> 1 9.276277e-02
<MEAN> 6
 8.776460e+01 1.021094e+02 9.740040e+02 -3.608795e+00 -1.354786e+01 -9.207978e-01
<VARIANCE> 6
 2.668542e+02 4.406893e+06 3.321347e+06 2.998257e+02 4.005077e+04 5.138654e+07
<GCONST> 8.098451e+01
<MIXTURE> 2 1.690590e-02
<MEAN> 6
 -6.075504e+00 1.546294e+02 1.040944e+02 -2.256736e+01 2.039373e+01 3.972344e+03
<VARIANCE> 6
 1.152371e+04 2.096244e+05 4.128810e+05 1.843721e+06 1.006311e+09 1.480277e+12
<GCONST> 1.087435e+02
<MIXTURE> 3 1.301652e-01
<MEAN> 6
 1.093120e+01 6.783256e+01 -7.473477e+01 -7.610431e+01 1.116134e+02 1.797990e+03
<VARIANCE> 6
 4.153213e+03 3.112804e+06 3.673812e+06 5.778592e+04 2.871539e+06 1.246619e+09
<GCONST> 9.620524e+01
<MIXTURE> 4 4.151373e-02
<MEAN> 6
 6.264772e+01 -4.459842e+02 -3.436760e+03 5.968886e-01 -8.412395e+00 -6.477192e+01
<VARIANCE> 6
 3.195462e+01 1.130140e+06 8.756961e+06 2.998257e+02 4.005077e+04 5.138654e+07
<GCONST> 7.847078e+01
<MIXTURE> 5 1.322553e-01
<MEAN> 6
 6.190623e+01 2.291861e+02 5.172020e+02 3.016288e+01 -5.262048e+02 -1.274231e+02
<VARIANCE> 6
 7.226618e+02 1.105089e+06 3.792331e+06 2.770586e+04 1.864274e+05 5.138654e+07
<GCONST> 8.679422e+01
<MIXTURE> 6 2.042075e-01
<MEAN> 6
 -5.338457e+01 1.666851e+00 -3.122146e+01 4.437675e+01 5.554843e+02 -4.385773e+02
<VARIANCE> 6
 4.058532e+02 9.218162e+05 2.006750e+06 1.604191e+04 2.609790e+05 5.986477e+07
<GCONST> 8.534214e+01
<MIXTURE> 7 1.162707e-01
<MEAN> 6
 8.561605e+01 2.958341e+02 1.728575e+02 -9.664086e-01 -3.249083e+00 9.774597e+01
<VARIANCE> 6
 2.320610e+02 4.549315e+05 1.295330e+06 2.998257e+02 4.005077e+04 5.138654e+07
<GCONST> 7.763243e+01
<MIXTURE> 8 1.488217e-01
<MEAN> 6
 3.818771e+01 -2.654956e+02 1.089155e+02 -5.283189e+00 -3.356741e+02 -9.674659e+02
<VARIANCE> 6
 1.257205e+03 4.043757e+05 9.022196e+05 4.744646e+04 3.356400e+05 9.118144e+07
<GCONST> 8.660613e+01
<MIXTURE> 9 1.163596e-01
<MEAN> 6
 7.979762e+01 1.315818e+01 -1.735382e+02 -2.970012e+00 -3.448979e+01 -4.330394e+02
<VARIANCE> 6
 2.423470e+02 4.569991e+05 1.367268e+06 2.998257e+02 4.005077e+04 5.138654e+07
<GCONST> 7.773439e+01
<TRANSP> 4
 0.000000e+00 1.000000e+00 0.000000e+00 0.000000e+00
 0.000000e+00 9.999352e-01 6.486479e-05 0.000000e+00
 0.000000e+00 0.000000e+00 9.999200e-01 8.002990e-05
 0.000000e+00 0.000000e+00 0.000000e+00 0.000000e+00
<ENDHMM>
