~o
<STREAMINFO> 1 6
<VECSIZE> 6<NULLD><USER><DIAGC>
~h "SegundoPRIMARIA"
<BEGINHMM>
<NUMSTATES> 11
<STATE> 2
<NUMMIXES> 5
<MIXTURE> 1 1.840769e-01
<MEAN> 6
 8.127093e+01 3.606272e+01 -1.322887e+02 -2.881855e+00 -7.304757e+01 -2.504247e+02
<VARIANCE> 6
 2.746685e+02 8.886674e+05 1.070428e+06 4.654024e+02 4.044808e+04 5.191738e+07
<GCONST> 7.873972e+01
<MIXTURE> 2 1.212390e-01
<MEAN> 6
 2.866597e+01 -2.977276e+02 3.513516e+01 -6.640024e+01 -6.136342e+00 3.228487e+03
<VARIANCE> 6
 4.735267e+03 1.738862e+07 1.697333e+06 6.501825e+04 3.548299e+06 1.922647e+09
<GCONST> 9.804733e+01
<MIXTURE> 3 2.654728e-01
<MEAN> 6
 8.228607e+00 5.607403e+01 1.100306e+02 3.670274e+01 1.074826e+02 2.611743e+02
<VARIANCE> 6
 3.533412e+03 2.208243e+05 6.704960e+05 3.550283e+04 6.276224e+05 1.012793e+08
<GCONST> 8.717863e+01
<MIXTURE> 4 1.644234e-01
<MEAN> 6
 1.903476e+01 1.721658e+01 -4.895736e+01 -2.353153e+00 5.173462e+01 -6.957705e+00
<VARIANCE> 6
 5.506192e+03 2.033875e+05 1.672364e+06 2.998645e+02 4.044808e+04 5.191738e+07
<GCONST> 8.026978e+01
<MIXTURE> 5 2.645672e-01
<MEAN> 6
 1.903016e+01 -7.055333e+01 -5.622121e+01 -7.062763e-01 -8.383733e+01 -1.587962e+03
<VARIANCE> 6
 3.599466e+03 1.937678e+05 8.309593e+05 4.059339e+04 8.443205e+05 1.267336e+08
<GCONST> 8.793580e+01
<STATE> 3
<NUMMIXES> 5
<MIXTURE> 1 1.898478e-01
<MEAN> 6
 7.822575e+01 2.011591e+02 1.935347e+01 8.981130e-01 -3.574051e+00 2.780754e+01
<VARIANCE> 6
 3.171274e+01 3.167644e+04 1.513423e+04 2.998645e+02 4.044808e+04 5.191738e+07
<GCONST> 6.854829e+01
<MIXTURE> 2 3.193992e-01
<MEAN> 6
 7.788569e+01 5.096165e+01 -6.805724e+01 -4.140226e-01 -2.468053e+00 -1.202112e+02
<VARIANCE> 6
 3.171274e+01 1.309607e+04 4.218189e+04 2.998645e+02 4.044808e+04 5.191738e+07
<GCONST> 6.869006e+01
<MIXTURE> 3 1.565957e-01
<MEAN> 6
 7.395380e+01 1.202703e+02 -3.271705e+02 1.738937e-02 -9.288144e-02 -1.047520e+02
<VARIANCE> 6
 3.808272e+01 1.309607e+04 1.362684e+04 2.998645e+02 4.044808e+04 5.191738e+07
<GCONST> 6.774315e+01
<MIXTURE> 4 1.681025e-01
<MEAN> 6
 7.773177e+01 6.717639e+01 -6.343734e+01 -4.204898e-01 -2.757296e+00 -9.668184e+01
<VARIANCE> 6
 3.171274e+01 1.309607e+04 4.012924e+04 2.998645e+02 4.044808e+04 5.191738e+07
<GCONST> 6.864018e+01
<MIXTURE> 5 1.660371e-01
<MEAN> 6
 7.255319e+01 1.123265e+02 -3.540215e+02 7.170601e-01 -1.818995e+00 -1.276971e+02
<VARIANCE> 6
 5.109821e+01 1.309607e+04 1.362684e+04 2.998645e+02 4.044808e+04 5.191738e+07
<GCONST> 6.803714e+01
<STATE> 4
<NUMMIXES> 5
<MIXTURE> 1 1.308070e-01
<MEAN> 6
 1.090552e+02 -7.189622e+01 -4.322786e+02 -2.108229e+00 -9.968519e+00 -1.075274e+02
<VARIANCE> 6
 9.174126e+01 1.059001e+05 1.758469e+04 2.998645e+02 4.044808e+04 5.191738e+07
<GCONST> 7.096754e+01
<MIXTURE> 2 1.931919e-01
<MEAN> 6
 9.501116e+01 5.165601e+01 -6.321451e+02 -2.395937e+00 -5.736555e+00 2.529803e+01
<VARIANCE> 6
 3.171274e+01 5.555650e+04 2.564491e+04 2.998645e+02 4.044808e+04 5.191738e+07
<GCONST> 6.963751e+01
<MIXTURE> 3 2.067117e-01
<MEAN> 6
 7.828500e+01 -2.588437e+02 -6.758784e+02 -3.031586e-01 1.808638e-01 -2.043452e+01
<VARIANCE> 6
 3.171274e+01 2.258757e+05 1.362684e+04 2.998645e+02 4.044808e+04 5.191738e+07
<GCONST> 7.040779e+01
<MIXTURE> 4 2.762166e-01
<MEAN> 6
 9.438717e+01 -5.126816e+02 -5.308506e+02 1.245530e+00 -4.895309e+00 -1.517575e+02
<VARIANCE> 6
 3.171274e+01 1.309607e+04 1.362684e+04 2.998645e+02 4.044808e+04 5.191738e+07
<GCONST> 6.756012e+01
<MIXTURE> 5 1.930599e-01
<MEAN> 6
 7.792501e+01 -9.244462e+02 -7.217993e+02 -4.016374e-01 -2.316697e+00 -1.009955e+02
<VARIANCE> 6
 3.171274e+01 6.634619e+05 1.362684e+04 2.998645e+02 4.044808e+04 5.191738e+07
<GCONST> 7.148528e+01
<STATE> 5
<NUMMIXES> 5
<MIXTURE> 1 1.608028e-01
<MEAN> 6
 1.034657e+02 1.111676e+02 5.921106e+02 -4.273610e+00 -5.749161e+00 -1.720412e+01
<VARIANCE> 6
 3.171274e+01 1.708442e+06 5.295304e+04 2.998645e+02 4.044808e+04 5.191738e+07
<GCONST> 7.378850e+01
<MIXTURE> 2 3.031621e-01
<MEAN> 6
 9.116488e+01 5.200912e+02 2.603744e+02 -1.731050e+00 -1.928666e+00 -3.184201e+01
<VARIANCE> 6
 3.171274e+01 1.376880e+05 2.222543e+04 2.998645e+02 4.044808e+04 5.191738e+07
<GCONST> 7.040199e+01
<MIXTURE> 3 2.037530e-01
<MEAN> 6
 9.248558e+01 -8.606096e+01 3.084400e+02 -2.325902e+00 1.902024e+00 -7.810362e+01
<VARIANCE> 6
 3.171274e+01 5.843127e+04 9.375616e+04 2.998645e+02 4.044808e+04 5.191738e+07
<GCONST> 7.098431e+01
<MIXTURE> 4 1.359379e-01
<MEAN> 6
 9.974061e+01 -2.865370e+03 -1.075209e+02 -3.755210e+00 -2.127889e+00 -1.725539e+02
<VARIANCE> 6
 3.171274e+01 1.053373e+06 1.728799e+04 2.998645e+02 4.044808e+04 5.191738e+07
<GCONST> 7.218553e+01
<MIXTURE> 5 1.963359e-01
<MEAN> 6
 9.086594e+01 -2.367707e+02 1.731182e+02 -2.504878e+00 6.998754e-02 -4.824607e+01
<VARIANCE> 6
 3.171274e+01 9.730537e+04 5.892246e+04 2.998645e+02 4.044808e+04 5.191738e+07
<GCONST> 7.102983e+01
<STATE> 6
<NUMMIXES> 5
<MIXTURE> 1 2.990812e-01
<MEAN> 6
 6.814056e+01 -1.111313e+02 8.589545e+01 1.247773e+00 -2.134169e+00 -1.343915e+02
<VARIANCE> 6
 3.171274e+01 1.309607e+04 3.671261e+04 2.998645e+02 4.044808e+04 5.191738e+07
<GCONST> 6.855119e+01
<MIXTURE> 2 1.554031e-01
<MEAN> 6
 6.960403e+01 -5.075266e+02 3.117731e+01 -2.105520e+00 -2.046392e+01 -1.763390e+02
<VARIANCE> 6
 3.171274e+01 6.275421e+04 6.367056e+04 2.998645e+02 4.044808e+04 5.191738e+07
<GCONST> 7.066870e+01
<MIXTURE> 3 2.611944e-01
<MEAN> 6
 6.070287e+01 -4.562581e+02 -1.653471e+02 1.897148e-02 2.801449e+00 -5.543686e+01
<VARIANCE> 6
 3.171274e+01 1.309607e+04 9.371536e+04 2.998645e+02 4.044808e+04 5.191738e+07
<GCONST> 6.948833e+01
<MIXTURE> 4 1.378578e-01
<MEAN> 6
 6.670846e+01 -7.009651e+01 -7.024449e+01 1.305210e+00 1.050880e+00 -1.563374e+02
<VARIANCE> 6
 3.171274e+01 1.309607e+04 4.575289e+04 2.998645e+02 4.044808e+04 5.191738e+07
<GCONST> 6.877133e+01
<MIXTURE> 5 1.464134e-01
<MEAN> 6
 6.570251e+01 -7.939273e+01 -1.669235e+02 1.057823e+00 1.661536e+00 -1.619454e+02
<VARIANCE> 6
 3.171274e+01 1.309607e+04 2.597836e+04 2.998645e+02 4.044808e+04 5.191738e+07
<GCONST> 6.820534e+01
<STATE> 7
<NUMMIXES> 5
<MIXTURE> 1 1.387193e-01
<MEAN> 6
 1.234475e+02 5.879360e+01 1.807550e+03 -2.242767e+00 -3.458882e+00 -1.188194e+02
<VARIANCE> 6
 8.523727e+01 1.624550e+05 2.566211e+05 2.998645e+02 4.044808e+04 5.191738e+07
<GCONST> 7.400249e+01
<MIXTURE> 2 1.735364e-01
<MEAN> 6
 5.271286e+01 3.710964e+02 -2.632863e+02 1.218116e+00 -4.366224e+00 -1.213442e+02
<VARIANCE> 6
 3.171274e+01 5.933500e+04 1.362684e+04 2.998645e+02 4.044808e+04 5.191738e+07
<GCONST> 6.907100e+01
<MIXTURE> 3 2.824910e-01
<MEAN> 6
 9.436048e+01 4.049683e+02 1.141380e+03 -2.523823e+00 -1.070298e+01 1.069589e+02
<VARIANCE> 6
 4.827222e+01 1.621769e+05 1.362684e+04 2.998645e+02 4.044808e+04 5.191738e+07
<GCONST> 7.049663e+01
<MIXTURE> 4 2.645595e-01
<MEAN> 6
 6.101151e+01 -8.814944e+02 -8.055244e+02 2.498142e+00 -7.919876e+00 -1.068582e+02
<VARIANCE> 6
 3.171274e+01 2.557952e+05 1.346083e+05 2.998645e+02 4.044808e+04 5.191738e+07
<GCONST> 7.282251e+01
<MIXTURE> 5 1.406926e-01
<MEAN> 6
 1.002898e+02 -4.646483e+02 2.183060e+03 -2.854098e+00 -6.370669e+00 2.453873e+01
<VARIANCE> 6
 2.716267e+02 2.974622e+04 6.770787e+04 2.998645e+02 4.044808e+04 5.191738e+07
<GCONST> 7.213138e+01
<STATE> 8
<NUMMIXES> 5
<MIXTURE> 1 2.832749e-01
<MEAN> 6
 8.402084e+01 1.166662e+03 -1.100898e+03 -2.793293e+00 -6.957587e-01 8.013128e+00
<VARIANCE> 6
 3.745666e+01 1.309607e+04 2.783646e+04 2.998645e+02 4.044808e+04 5.191738e+07
<GCONST> 6.844089e+01
<MIXTURE> 2 1.977658e-01
<MEAN> 6
 8.760101e+01 1.279574e+03 -4.202972e+02 -2.925556e+00 -6.044145e+00 1.868015e+02
<VARIANCE> 6
 3.771209e+01 2.304727e+05 4.973036e+04 2.998645e+02 4.044808e+04 5.191738e+07
<GCONST> 7.189577e+01
<MIXTURE> 3 1.634105e-01
<MEAN> 6
 8.874815e+01 1.015405e+03 -2.211570e+03 7.033975e-01 -1.561301e+01 4.510468e+01
<VARIANCE> 6
 3.171274e+01 1.309607e+04 2.122920e+04 2.998645e+02 4.044808e+04 5.191738e+07
<GCONST> 6.800345e+01
<MIXTURE> 4 1.151071e-01
<MEAN> 6
 7.006470e+01 7.234955e+02 -1.186311e+03 1.067410e+00 -6.825633e+00 -1.398228e+02
<VARIANCE> 6
 3.171274e+01 2.147897e+05 1.515029e+05 2.998645e+02 4.044808e+04 5.191738e+07
<GCONST> 7.276602e+01
<MIXTURE> 5 2.404441e-01
<MEAN> 6
 8.346547e+01 6.268343e+02 -6.134238e+02 -1.805937e-02 4.437705e+00 -1.211669e+02
<VARIANCE> 6
 3.171274e+01 9.382967e+04 1.362684e+04 2.998645e+02 4.044808e+04 5.191738e+07
<GCONST> 6.952928e+01
<STATE> 9
<NUMMIXES> 5
<MIXTURE> 1 2.202908e-01
<MEAN> 6
 7.720135e+01 1.350496e+03 4.581626e+02 -1.607797e+00 -7.222056e+00 -1.564157e+02
<VARIANCE> 6
 3.171274e+01 1.528444e+06 1.362684e+04 2.998645e+02 4.044808e+04 5.191738e+07
<GCONST> 7.231981e+01
<MIXTURE> 2 9.778842e-02
<MEAN> 6
 7.686123e+01 1.412147e+03 -2.087387e+02 -1.591391e+00 -4.124393e+00 1.635883e+02
<VARIANCE> 6
 3.171274e+01 2.641480e+06 1.362684e+04 2.998645e+02 4.044808e+04 5.191738e+07
<GCONST> 7.286690e+01
<MIXTURE> 3 2.056298e-01
<MEAN> 6
 7.411182e+01 4.725046e+02 6.070891e+02 -6.967308e-01 1.711796e+00 -8.898141e+01
<VARIANCE> 6
 3.171274e+01 2.703594e+05 3.643461e+04 2.998645e+02 4.044808e+04 5.191738e+07
<GCONST> 7.157103e+01
<MIXTURE> 4 2.764022e-01
<MEAN> 6
 6.531462e+01 6.858552e+02 -1.432306e+02 -2.588746e-01 -1.990556e+00 -2.273561e+02
<VARIANCE> 6
 3.171274e+01 5.899276e+04 1.362684e+04 2.998645e+02 4.044808e+04 5.191738e+07
<GCONST> 6.906522e+01
<MIXTURE> 5 1.998610e-01
<MEAN> 6
 7.479953e+01 -1.648730e+02 4.065473e+02 -2.261572e-01 5.639753e+00 -1.749780e+02
<VARIANCE> 6
 3.171274e+01 4.582356e+05 4.873382e+04 2.998645e+02 4.044808e+04 5.191738e+07
<GCONST> 7.238951e+01
<STATE> 10
<NUMMIXES> 5
<MIXTURE> 1 1.552015e-02
<MEAN> 6
 4.362526e+01 1.883905e+02 8.600524e+01 3.336490e+01 -1.005864e+03 4.483631e+03
<VARIANCE> 6
 7.932450e+03 2.152647e+06 1.630848e+06 5.886688e+05 3.092041e+08 4.446928e+11
<GCONST> 1.085486e+02
<MIXTURE> 2 3.094308e-01
<MEAN> 6
 -1.844852e+01 7.027845e+01 2.154748e+01 8.104948e+01 3.839841e+02 -1.051367e+03
<VARIANCE> 6
 1.851979e+03 2.071656e+05 5.929670e+04 2.458251e+04 2.724107e+05 5.221484e+07
<GCONST> 8.217859e+01
<MIXTURE> 3 1.610665e-01
<MEAN> 6
 3.001414e+01 6.220671e+01 1.318430e+02 -4.715930e+01 -1.186416e+02 1.786318e+03
<VARIANCE> 6
 3.735667e+03 2.143625e+05 2.634015e+05 6.505898e+04 2.415606e+06 8.272024e+08
<GCONST> 9.032388e+01
<MIXTURE> 4 3.495151e-01
<MEAN> 6
 8.769022e+01 -2.592062e+01 -2.722604e+01 -1.022114e+01 -3.332085e+02 -3.619254e+02
<VARIANCE> 6
 4.934444e+02 4.439951e+05 1.124598e+05 1.358700e+04 2.130170e+05 5.191738e+07
<GCONST> 8.141375e+01
<MIXTURE> 5 1.636018e-01
<MEAN> 6
 1.114970e+01 -1.439933e+02 -8.150103e+01 -8.540102e+01 1.986373e+02 6.961274e+02
<VARIANCE> 6
 3.547574e+03 2.608241e+05 1.901407e+05 5.851615e+04 2.365331e+06 6.086937e+08
<GCONST> 8.970871e+01
<TRANSP> 11
 0.000000e+00 1.000000e+00 0.000000e+00 0.000000e+00 0.000000e+00 0.000000e+00 0.000000e+00 0.000000e+00 0.000000e+00 0.000000e+00 0.000000e+00
 0.000000e+00 9.998447e-01 1.552779e-04 0.000000e+00 0.000000e+00 0.000000e+00 0.000000e+00 0.000000e+00 0.000000e+00 0.000000e+00 0.000000e+00
 0.000000e+00 0.000000e+00 9.984561e-01 1.543879e-03 0.000000e+00 0.000000e+00 0.000000e+00 0.000000e+00 0.000000e+00 0.000000e+00 0.000000e+00
 0.000000e+00 0.000000e+00 0.000000e+00 9.971017e-01 2.898312e-03 0.000000e+00 0.000000e+00 0.000000e+00 0.000000e+00 0.000000e+00 0.000000e+00
 0.000000e+00 0.000000e+00 0.000000e+00 0.000000e+00 9.985815e-01 1.418527e-03 0.000000e+00 0.000000e+00 0.000000e+00 0.000000e+00 0.000000e+00
 0.000000e+00 0.000000e+00 0.000000e+00 0.000000e+00 0.000000e+00 9.987262e-01 1.273763e-03 0.000000e+00 0.000000e+00 0.000000e+00 0.000000e+00
 0.000000e+00 0.000000e+00 0.000000e+00 0.000000e+00 0.000000e+00 0.000000e+00 9.970570e-01 2.942948e-03 0.000000e+00 0.000000e+00 0.000000e+00
 0.000000e+00 0.000000e+00 0.000000e+00 0.000000e+00 0.000000e+00 0.000000e+00 0.000000e+00 9.954758e-01 4.524247e-03 0.000000e+00 0.000000e+00
 0.000000e+00 0.000000e+00 0.000000e+00 0.000000e+00 0.000000e+00 0.000000e+00 0.000000e+00 0.000000e+00 9.984270e-01 1.572984e-03 0.000000e+00
 0.000000e+00 0.000000e+00 0.000000e+00 0.000000e+00 0.000000e+00 0.000000e+00 0.000000e+00 0.000000e+00 0.000000e+00 9.999391e-01 6.083838e-05
 0.000000e+00 0.000000e+00 0.000000e+00 0.000000e+00 0.000000e+00 0.000000e+00 0.000000e+00 0.000000e+00 0.000000e+00 0.000000e+00 0.000000e+00
<ENDHMM>
~h "SegundoESO"
<BEGINHMM>
<NUMSTATES> 11
<STATE> 2
<NUMMIXES> 5
<MIXTURE> 1 1.729952e-01
<MEAN> 6
 6.250627e+01 6.068187e+02 -2.110348e+03 1.345747e+00 -6.579964e+00 -1.254404e+02
<VARIANCE> 6
 3.171274e+01 6.451698e+04 1.297759e+06 2.998645e+02 4.044808e+04 5.191738e+07
<GCONST> 7.371109e+01
<MIXTURE> 2 1.620294e-01
<MEAN> 6
 6.781905e+01 6.831944e+03 -1.218163e+03 -5.894168e-01 -7.132098e+00 -1.356571e+02
<VARIANCE> 6
 3.171274e+01 3.009467e+07 1.465872e+04 2.998645e+02 4.044808e+04 5.191738e+07
<GCONST> 7.537289e+01
<MIXTURE> 3 1.920764e-01
<MEAN> 6
 7.336957e+01 1.811154e+03 -3.463454e+02 1.278046e-01 -1.236553e+00 -8.771064e+01
<VARIANCE> 6
 4.012167e+01 3.710674e+05 3.117829e+06 2.998645e+02 4.044808e+04 5.191738e+07
<GCONST> 7.657224e+01
<MIXTURE> 4 2.872988e-01
<MEAN> 6
 7.484924e+01 -4.733731e+01 -5.845386e+03 -3.336370e-01 -3.478422e+00 -6.265479e+01
<VARIANCE> 6
 3.171274e+01 1.293966e+05 7.361279e+06 2.998645e+02 4.044808e+04 5.191738e+07
<GCONST> 7.614264e+01
<MIXTURE> 5 1.855898e-01
<MEAN> 6
 5.736861e+01 4.140568e+02 -3.448521e+03 1.345727e+00 -1.152111e+00 -8.268221e+01
<VARIANCE> 6
 3.171274e+01 6.472874e+04 1.983948e+06 2.998645e+02 4.044808e+04 5.191738e+07
<GCONST> 7.413881e+01
<STATE> 3
<NUMMIXES> 5
<MIXTURE> 1 1.677886e-01
<MEAN> 6
 7.511033e+01 6.979328e+01 2.428707e+02 -8.464431e-01 -3.712440e+00 -5.675685e+01
<VARIANCE> 6
 3.171274e+01 2.828092e+05 2.585645e+05 2.998645e+02 4.044808e+04 5.191738e+07
<GCONST> 7.357568e+01
<MIXTURE> 2 2.680413e-01
<MEAN> 6
 7.496851e+01 2.993537e+02 3.647742e+02 -2.838421e-01 -3.759045e+00 -9.058775e+01
<VARIANCE> 6
 3.171274e+01 1.423501e+05 8.512672e+05 2.998645e+02 4.044808e+04 5.191738e+07
<GCONST> 7.408078e+01
<MIXTURE> 3 1.512249e-01
<MEAN> 6
 7.936304e+01 -6.341375e+02 2.250070e+02 -6.612226e-01 -3.802714e+00 -1.170940e+02
<VARIANCE> 6
 7.342624e+01 6.025103e+04 3.939234e+04 2.998645e+02 4.044808e+04 5.191738e+07
<GCONST> 7.098741e+01
<MIXTURE> 4 2.594117e-01
<MEAN> 6
 7.331799e+01 8.784034e+01 5.328137e+02 -3.661469e-01 -2.730317e+00 -8.478999e+01
<VARIANCE> 6
 3.171274e+01 1.663836e+05 6.989207e+05 2.998645e+02 4.044808e+04 5.191738e+07
<GCONST> 7.403960e+01
<MIXTURE> 5 1.534207e-01
<MEAN> 6
 8.132457e+01 -7.599592e+02 1.016184e+02 -9.054615e-01 -4.875926e+00 -1.330517e+02
<VARIANCE> 6
 3.596663e+01 7.454978e+04 4.926745e+04 2.998645e+02 4.044808e+04 5.191738e+07
<GCONST> 7.071036e+01
<STATE> 4
<NUMMIXES> 5
<MIXTURE> 1 2.717122e-01
<MEAN> 6
 8.006977e+01 -1.821183e+03 2.299056e+03 -3.369441e+00 -3.519933e+01 -1.387378e+02
<VARIANCE> 6
 1.049024e+02 3.013413e+06 1.216849e+07 2.998645e+02 4.044808e+04 5.191738e+07
<GCONST> 8.098950e+01
<MIXTURE> 2 1.475667e-01
<MEAN> 6
 -4.962666e+00 -2.090522e+02 1.495177e+03 -6.660986e+01 3.835264e+02 1.225468e+03
<VARIANCE> 6
 2.415795e+03 6.310984e+06 1.180249e+07 5.402279e+04 1.214218e+06 3.452886e+08
<GCONST> 9.532533e+01
<MIXTURE> 3 1.172257e-01
<MEAN> 6
 -3.651437e+01 3.090946e+02 1.660340e+03 8.240310e+01 5.236048e+02 -8.861198e+02
<VARIANCE> 6
 9.492192e+02 4.171871e+05 4.896975e+06 1.886921e+04 2.827566e+05 5.191738e+07
<GCONST> 8.639111e+01
<MIXTURE> 4 2.800838e-01
<MEAN> 6
 5.912747e+01 -2.673299e+02 1.048606e+03 -5.599462e+00 -5.654655e+02 9.554202e+01
<VARIANCE> 6
 8.046859e+02 8.082991e+05 4.117716e+06 3.264486e+04 2.220787e+05 5.191738e+07
<GCONST> 8.702061e+01
<MIXTURE> 5 1.833059e-01
<MEAN> 6
 -4.353939e+01 -1.012350e+02 2.529213e+02 9.188182e+00 2.754825e+02 -2.584763e+02
<VARIANCE> 6
 4.427217e+02 3.149370e+05 2.914356e+06 1.005488e+04 1.218461e+05 5.191738e+07
<GCONST> 8.335698e+01
<STATE> 5
<NUMMIXES> 5
<MIXTURE> 1 2.615875e-01
<MEAN> 6
 6.439001e+01 2.485207e+02 3.705125e+01 -2.102571e-01 -5.043779e+00 -1.395459e+02
<VARIANCE> 6
 3.215405e+01 4.354408e+05 2.080087e+04 2.998645e+02 4.044808e+04 5.191738e+07
<GCONST> 7.150093e+01
<MIXTURE> 2 1.058214e-01
<MEAN> 6
 6.031655e+01 -1.423256e+02 -6.416739e+02 1.714360e-01 -1.866527e+00 -7.159005e+01
<VARIANCE> 6
 3.171274e+01 4.731366e+04 4.931969e+05 2.998645e+02 4.044808e+04 5.191738e+07
<GCONST> 7.243347e+01
<MIXTURE> 3 1.794593e-01
<MEAN> 6
 6.511819e+01 4.873534e+02 -2.715116e+02 7.449022e-02 -6.109250e+00 -1.288719e+02
<VARIANCE> 6
 3.892346e+01 1.614427e+06 8.084036e+04 2.998645e+02 4.044808e+04 5.191738e+07
<GCONST> 7.435985e+01
<MIXTURE> 4 2.730978e-01
<MEAN> 6
 6.251961e+01 1.296051e+02 -3.485575e+01 -4.960173e-02 -3.612187e+00 -1.348363e+02
<VARIANCE> 6
 3.171274e+01 1.713039e+05 3.070877e+04 2.998645e+02 4.044808e+04 5.191738e+07
<GCONST> 7.094374e+01
<MIXTURE> 5 1.800023e-01
<MEAN> 6
 6.387975e+01 2.264113e+02 -3.695321e+02 4.837940e-02 -5.409205e+00 -1.276541e+02
<VARIANCE> 6
 3.304161e+01 1.918610e+06 8.096906e+04 2.998645e+02 4.044808e+04 5.191738e+07
<GCONST> 7.437024e+01
<STATE> 6
<NUMMIXES> 5
<MIXTURE> 1 1.320938e-01
<MEAN> 6
 1.199858e+01 -7.869313e+01 2.718446e+01 -1.080280e+02 7.930035e+01 4.253651e+03
<VARIANCE> 6
 2.866624e+03 2.535773e+06 1.477308e+06 3.962532e+04 1.967244e+06 6.426712e+08
<GCONST> 9.330041e+01
<MIXTURE> 2 2.205071e-01
<MEAN> 6
 -4.712037e+01 4.453609e+01 5.298095e+01 3.704636e+01 7.573638e+02 -9.469177e+02
<VARIANCE> 6
 2.275927e+02 4.267258e+05 3.176755e+05 1.440240e+04 2.598643e+05 7.491953e+07
<GCONST> 8.226250e+01
<MIXTURE> 3 2.114237e-01
<MEAN> 6
 6.774525e+01 1.635104e+01 1.346703e+02 2.812790e+01 -3.838347e+02 8.613118e+01
<VARIANCE> 6
 4.004511e+02 7.318436e+05 4.598300e+05 1.641003e+04 1.350239e+05 5.191738e+07
<GCONST> 8.284581e+01
<MIXTURE> 4 2.256695e-01
<MEAN> 6
 -8.389984e+00 -1.282155e+01 -1.168179e+00 1.465273e+01 1.337838e+02 -1.011616e+03
<VARIANCE> 6
 6.212033e+02 5.555266e+05 3.296402e+05 4.198016e+04 1.044403e+05 6.407811e+07
<GCONST> 8.356929e+01
<MIXTURE> 5 2.093892e-01
<MEAN> 6
 6.038338e+01 -1.017816e+02 -2.619239e+01 -1.027658e+01 -5.935269e+02 -6.702706e+02
<VARIANCE> 6
 4.835742e+02 8.823753e+05 3.384329e+05 2.920534e+04 2.070287e+05 5.490032e+07
<GCONST> 8.397467e+01
<STATE> 7
<NUMMIXES> 5
<MIXTURE> 1 1.510825e-01
<MEAN> 6
 9.818307e+01 7.115164e+02 -5.729647e+02 -5.096144e+00 -1.294437e+00 2.427888e+02
<VARIANCE> 6
 9.250733e+01 6.133088e+05 3.195572e+05 2.998645e+02 4.044808e+04 5.191738e+07
<GCONST> 7.563214e+01
<MIXTURE> 2 6.789388e-02
<MEAN> 6
 8.349264e+01 -1.174911e+03 -4.579536e+03 -3.357479e+00 -2.500025e+00 3.985876e+01
<VARIANCE> 6
 3.171274e+01 1.344592e+06 2.854801e+07 2.998645e+02 4.044808e+04 5.191738e+07
<GCONST> 7.983894e+01
<MIXTURE> 3 3.791889e-01
<MEAN> 6
 9.047535e+01 -2.554373e+01 -6.542188e+01 -3.785486e+00 -9.670710e+00 1.958860e+02
<VARIANCE> 6
 3.171274e+01 3.660848e+05 2.823174e+06 2.998645e+02 4.044808e+04 5.191738e+07
<GCONST> 7.622424e+01
<MIXTURE> 4 2.548527e-01
<MEAN> 6
 8.532939e+01 -2.545684e+02 -9.230448e+02 -3.601012e+00 -7.342306e+00 7.097062e+01
<VARIANCE> 6
 7.944153e+01 2.036208e+05 1.682392e+06 2.998645e+02 4.044808e+04 5.191738e+07
<GCONST> 7.603830e+01
<MIXTURE> 5 1.469572e-01
<MEAN> 6
 9.078062e+01 6.481492e+02 -9.844697e+02 -3.681911e+00 -6.364942e+00 1.349799e+02
<VARIANCE> 6
 1.108300e+02 1.019174e+06 4.138338e+05 2.998645e+02 4.044808e+04 5.191738e+07
<GCONST> 7.657925e+01
<STATE> 8
<NUMMIXES> 5
<MIXTURE> 1 2.419182e-01
<MEAN> 6
 1.126447e+01 2.542844e+03 -6.790660e+02 -3.233332e+01 1.549789e+02 5.560135e+02
<VARIANCE> 6
 3.130581e+03 3.137723e+07 2.516548e+06 2.483369e+04 9.137266e+05 1.509899e+08
<GCONST> 9.375420e+01
<MIXTURE> 2 2.301648e-01
<MEAN> 6
 1.638616e+01 1.323344e+03 -1.139780e+03 4.824191e+01 4.009754e+01 -4.149568e+02
<VARIANCE> 6
 1.869623e+03 1.893910e+06 5.473796e+06 1.134324e+04 5.114304e+04 5.191738e+07
<GCONST> 8.647432e+01
<MIXTURE> 3 2.255352e-01
<MEAN> 6
 4.849459e+01 -5.339294e+03 1.726962e+02 2.888642e+00 -6.151214e+01 -4.697446e+01
<VARIANCE> 6
 2.800575e+03 5.132741e+06 6.104955e+05 1.137523e+04 8.770827e+04 5.191738e+07
<GCONST> 8.622415e+01
<MIXTURE> 4 1.505499e-01
<MEAN> 6
 5.153545e+01 2.073625e+03 -3.099191e+03 2.261947e+01 -1.068797e+02 -3.428894e+00
<VARIANCE> 6
 1.625799e+03 2.217900e+06 1.207081e+06 1.679711e+04 1.059775e+05 5.191738e+07
<GCONST> 8.610191e+01
<MIXTURE> 5 1.518060e-01
<MEAN> 6
 5.657743e+01 1.492798e+03 -3.137034e+03 -1.729336e+01 -1.476482e+02 9.217957e+00
<VARIANCE> 6
 1.298884e+03 2.443755e+06 1.057570e+06 1.829236e+04 1.137810e+05 5.191738e+07
<GCONST> 8.599849e+01
<STATE> 9
<NUMMIXES> 5
<MIXTURE> 1 1.944187e-01
<MEAN> 6
 6.662884e+01 5.785891e+02 6.256212e+02 -2.851101e+00 4.498363e-04 1.790257e+02
<VARIANCE> 6
 5.189116e+01 2.273557e+06 4.686818e+05 2.998645e+02 4.044808e+04 5.191738e+07
<GCONST> 7.674721e+01
<MIXTURE> 2 2.476028e-01
<MEAN> 6
 7.869203e+01 -2.521044e+02 2.237818e+02 -3.892694e+00 4.475725e-01 1.511366e+02
<VARIANCE> 6
 3.171274e+01 3.913484e+05 9.498891e+04 2.998645e+02 4.044808e+04 5.191738e+07
<GCONST> 7.289912e+01
<MIXTURE> 3 1.799862e-01
<MEAN> 6
 7.635142e+01 6.811179e+02 -1.395035e+02 -2.784126e+00 -3.974771e+00 8.302676e+01
<VARIANCE> 6
 3.171274e+01 2.372605e+05 1.364834e+05 2.998645e+02 4.044808e+04 5.191738e+07
<GCONST> 7.276112e+01
<MIXTURE> 4 1.933196e-01
<MEAN> 6
 7.276588e+01 -8.824848e+02 -3.281238e+01 -3.671133e+00 1.640820e+00 1.080158e+02
<VARIANCE> 6
 7.687042e+01 4.034913e+05 4.077059e+04 2.998645e+02 4.044808e+04 5.191738e+07
<GCONST> 7.296928e+01
<MIXTURE> 5 1.846499e-01
<MEAN> 6
 7.579022e+01 6.431072e+02 -2.598769e+02 -2.578313e+00 -5.551365e+00 7.963638e+01
<VARIANCE> 6
 3.171274e+01 3.090140e+05 9.668209e+04 2.998645e+02 4.044808e+04 5.191738e+07
<GCONST> 7.268057e+01
<STATE> 10
<NUMMIXES> 5
<MIXTURE> 1 2.021060e-01
<MEAN> 6
 -1.968810e+01 8.079477e+01 4.358505e+01 2.198374e+01 3.369884e+02 6.087349e+01
<VARIANCE> 6
 5.475564e+02 1.166154e+05 4.957786e+04 1.972464e+04 1.701609e+05 5.495600e+07
<GCONST> 7.956683e+01
<MIXTURE> 2 1.239390e-01
<MEAN> 6
 2.384705e+01 1.032996e+01 9.809244e+01 -8.331656e+01 -8.746577e+01 2.928157e+03
<VARIANCE> 6
 2.322044e+03 3.838151e+05 1.200858e+05 2.347761e+04 1.016851e+06 3.497955e+08
<GCONST> 8.690023e+01
<MIXTURE> 3 2.670782e-01
<MEAN> 6
 5.961775e+01 -1.218249e+02 1.793924e+01 3.754172e+01 -1.241174e+02 -3.498071e+02
<VARIANCE> 6
 4.172646e+02 2.905809e+05 4.127253e+04 8.523326e+03 4.044808e+04 5.191738e+07
<GCONST> 7.769208e+01
<MIXTURE> 4 2.062910e-01
<MEAN> 6
 6.271571e+01 -3.938444e+01 -9.988098e+00 -2.010703e+01 -4.603102e+02 -2.024825e+02
<VARIANCE> 6
 4.140023e+02 1.787268e+05 1.362684e+04 1.737549e+04 1.690806e+05 5.191738e+07
<GCONST> 7.823265e+01
<MIXTURE> 5 2.004608e-01
<MEAN> 6
 -2.534482e+01 -1.620192e+01 -3.125059e+01 1.995936e+00 3.508746e+02 -1.058247e+03
<VARIANCE> 6
 4.538568e+02 9.489273e+04 4.273600e+04 1.652734e+04 1.418384e+05 6.054323e+07
<GCONST> 7.876243e+01
<TRANSP> 11
 0.000000e+00 1.000000e+00 0.000000e+00 0.000000e+00 0.000000e+00 0.000000e+00 0.000000e+00 0.000000e+00 0.000000e+00 0.000000e+00 0.000000e+00
 0.000000e+00 9.986591e-01 1.340946e-03 0.000000e+00 0.000000e+00 0.000000e+00 0.000000e+00 0.000000e+00 0.000000e+00 0.000000e+00 0.000000e+00
 0.000000e+00 0.000000e+00 9.993715e-01 6.285266e-04 0.000000e+00 0.000000e+00 0.000000e+00 0.000000e+00 0.000000e+00 0.000000e+00 0.000000e+00
 0.000000e+00 0.000000e+00 0.000000e+00 9.996422e-01 3.577740e-04 0.000000e+00 0.000000e+00 0.000000e+00 0.000000e+00 0.000000e+00 0.000000e+00
 0.000000e+00 0.000000e+00 0.000000e+00 0.000000e+00 9.995382e-01 4.617626e-04 0.000000e+00 0.000000e+00 0.000000e+00 0.000000e+00 0.000000e+00
 0.000000e+00 0.000000e+00 0.000000e+00 0.000000e+00 0.000000e+00 9.999282e-01 7.184310e-05 0.000000e+00 0.000000e+00 0.000000e+00 0.000000e+00
 0.000000e+00 0.000000e+00 0.000000e+00 0.000000e+00 0.000000e+00 0.000000e+00 9.990114e-01 9.885778e-04 0.000000e+00 0.000000e+00 0.000000e+00
 0.000000e+00 0.000000e+00 0.000000e+00 0.000000e+00 0.000000e+00 0.000000e+00 0.000000e+00 9.991916e-01 8.083912e-04 0.000000e+00 0.000000e+00
 0.000000e+00 0.000000e+00 0.000000e+00 0.000000e+00 0.000000e+00 0.000000e+00 0.000000e+00 0.000000e+00 9.989930e-01 1.006945e-03 0.000000e+00
 0.000000e+00 0.000000e+00 0.000000e+00 0.000000e+00 0.000000e+00 0.000000e+00 0.000000e+00 0.000000e+00 0.000000e+00 9.996464e-01 3.536128e-04
 0.000000e+00 0.000000e+00 0.000000e+00 0.000000e+00 0.000000e+00 0.000000e+00 0.000000e+00 0.000000e+00 0.000000e+00 0.000000e+00 0.000000e+00
<ENDHMM>
~h "QuintoPRIMARIA"
<BEGINHMM>
<NUMSTATES> 11
<STATE> 2
<NUMMIXES> 5
<MIXTURE> 1 1.258764e-01
<MEAN> 6
 -7.548460e+00 3.818648e+01 5.743376e+01 4.829723e+01 2.613734e+02 -1.432095e+02
<VARIANCE> 6
 2.831223e+03 1.271848e+05 1.819864e+05 7.071835e+03 1.455900e+05 5.191738e+07
<GCONST> 8.135840e+01
<MIXTURE> 2 1.295984e-01
<MEAN> 6
 3.466819e+01 7.101968e+00 -3.410139e+02 -5.451833e+01 -1.803612e+02 2.681876e+03
<VARIANCE> 6
 3.292451e+03 4.972143e+05 7.608060e+06 4.238791e+04 1.726020e+06 6.149552e+08
<GCONST> 9.334116e+01
<MIXTURE> 3 3.067405e-01
<MEAN> 6
 6.010830e+01 3.155577e+01 2.607978e+01 -2.347319e+00 -2.873155e+02 -4.235406e+02
<VARIANCE> 6
 5.982266e+02 4.679877e+04 3.722641e+04 1.578126e+04 1.495429e+05 5.191738e+07
<GCONST> 7.804669e+01
<MIXTURE> 4 2.961774e-01
<MEAN> 6
 -2.846381e+00 3.526864e-01 1.326957e+01 -3.795063e+00 2.795438e+02 -6.044295e+02
<VARIANCE> 6
 2.066708e+03 5.667154e+04 6.336785e+04 4.596531e+04 1.068164e+06 2.313531e+08
<GCONST> 8.453926e+01
<MIXTURE> 5 1.409990e-01
<MEAN> 6
 2.870745e+01 -1.308728e+02 -1.085427e+02 6.152830e+00 4.791541e+01 -2.002868e+02
<VARIANCE> 6
 3.384191e+03 1.063943e+05 2.069909e+05 1.936920e+03 5.927237e+04 5.191738e+07
<GCONST> 7.929339e+01
<STATE> 3
<NUMMIXES> 5
<MIXTURE> 1 1.812737e-01
<MEAN> 6
 9.535984e+01 -7.971729e+01 -1.007072e+03 6.577691e+01 -1.152853e+03 4.462695e+03
<VARIANCE> 6
 9.488654e+01 1.993907e+05 3.458842e+06 1.495102e+04 2.051470e+06 1.181170e+09
<GCONST> 8.787578e+01
<MIXTURE> 2 1.770390e-01
<MEAN> 6
 6.536209e+01 1.538065e+02 1.261675e+02 1.335100e+02 -2.922327e+02 1.736972e+02
<VARIANCE> 6
 5.917708e+02 2.980023e+04 4.262165e+04 9.823515e+03 2.342592e+05 6.924746e+07
<GCONST> 7.798269e+01
<MIXTURE> 3 1.064814e-01
<MEAN> 6
 5.819237e+01 -8.596765e+02 -2.714970e+02 8.982520e+01 -3.523210e+02 4.503395e+02
<VARIANCE> 6
 3.179865e+02 1.983052e+06 1.256492e+05 8.819071e+03 5.849714e+05 1.189874e+08
<GCONST> 8.398919e+01
<MIXTURE> 4 3.423262e-01
<MEAN> 6
 4.200489e+01 -7.295903e+01 -1.764549e+02 1.631138e+02 -2.249888e+02 -1.074523e+03
<VARIANCE> 6
 4.527942e+02 1.040813e+05 1.801805e+05 5.445977e+03 1.232736e+05 5.191738e+07
<GCONST> 7.888730e+01
<MIXTURE> 5 1.928744e-01
<MEAN> 6
 6.807666e+01 4.986686e+01 7.631559e-01 1.426926e+02 -5.928281e+02 -2.400564e+03
<VARIANCE> 6
 6.887378e+02 4.152292e+04 2.400095e+04 9.328201e+03 3.149366e+05 9.256666e+07
<GCONST> 7.842633e+01
<STATE> 4
<NUMMIXES> 5
<MIXTURE> 1 2.713956e-01
<MEAN> 6
 7.829066e+01 -4.806616e+02 9.749800e+02 -9.315200e-01 -4.625083e+00 -5.313866e+01
<VARIANCE> 6
 3.171274e+01 1.959849e+04 1.964708e+05 2.998645e+02 4.044808e+04 5.191738e+07
<GCONST> 7.063173e+01
<MIXTURE> 2 2.103433e-01
<MEAN> 6
 7.402272e+01 -5.295375e+02 1.171559e+02 -1.424423e+00 -5.571996e+00 -3.767958e+01
<VARIANCE> 6
 5.462072e+01 5.872275e+04 1.569761e+04 2.998645e+02 4.044808e+04 5.191738e+07
<GCONST> 6.974579e+01
<MIXTURE> 3 1.051630e-01
<MEAN> 6
 7.839439e+01 -1.017555e+03 -1.035953e+03 1.852960e+00 -1.778876e+01 -6.328032e+00
<VARIANCE> 6
 1.353134e+02 3.711938e+05 7.661835e+05 2.998645e+02 4.044808e+04 5.191738e+07
<GCONST> 7.638478e+01
<MIXTURE> 4 2.415965e-01
<MEAN> 6
 6.880719e+01 -8.168647e+02 -1.102301e+03 4.661054e-01 -5.588859e+00 -2.292954e+01
<VARIANCE> 6
 4.635391e+01 2.483263e+05 2.393062e+05 2.998645e+02 4.044808e+04 5.191738e+07
<GCONST> 7.374783e+01
<MIXTURE> 5 1.714960e-01
<MEAN> 6
 6.396014e+01 -8.551257e+02 7.103034e+00 -7.453604e-01 -3.402969e+00 -6.318765e+01
<VARIANCE> 6
 1.747383e+02 9.751614e+04 1.439576e+04 2.998645e+02 4.044808e+04 5.191738e+07
<GCONST> 7.132928e+01
<STATE> 5
<NUMMIXES> 5
<MIXTURE> 1 1.149619e-01
<MEAN> 6
 1.016020e+02 9.814985e+02 2.474564e+02 -3.010787e+00 -2.828126e+00 2.404949e+02
<VARIANCE> 6
 3.171274e+01 1.309607e+04 1.362684e+04 2.998645e+02 4.044808e+04 5.191738e+07
<GCONST> 6.756012e+01
<MIXTURE> 2 2.651959e-01
<MEAN> 6
 8.469234e+01 5.075862e+02 -1.054940e+03 -1.138857e+00 -3.796783e+00 -7.319527e+01
<VARIANCE> 6
 3.698629e+01 2.934558e+04 1.483920e+05 2.998645e+02 4.044808e+04 5.191738e+07
<GCONST> 7.090858e+01
<MIXTURE> 3 9.140006e-02
<MEAN> 6
 9.500046e+01 2.894968e+02 1.483518e+02 -6.845410e+00 -1.676986e+01 8.623667e+02
<VARIANCE> 6
 7.630089e+01 2.856572e+05 2.209968e+05 2.998645e+02 4.044808e+04 5.191738e+07
<GCONST> 7.430667e+01
<MIXTURE> 4 4.849637e-01
<MEAN> 6
 9.000236e+01 6.060826e+02 2.498207e+02 -1.343413e+00 -3.338680e+00 -3.203673e+01
<VARIANCE> 6
 4.784507e+01 7.419609e+04 2.253080e+06 2.998645e+02 4.044808e+04 5.191738e+07
<GCONST> 7.481378e+01
<MIXTURE> 5 4.347382e-02
<MEAN> 6
 9.808207e+01 6.041116e+02 2.886859e+02 -7.191510e+00 1.593472e+01 5.065386e+02
<VARIANCE> 6
 3.171274e+01 1.158437e+05 2.149987e+04 2.998645e+02 4.044808e+04 5.191738e+07
<GCONST> 7.019604e+01
<STATE> 6
<NUMMIXES> 5
<MIXTURE> 1 6.970989e-02
<MEAN> 6
 5.711625e+01 -8.750163e+03 -1.989280e+03 -5.605897e-01 -6.513714e+00 -8.977522e+01
<VARIANCE> 6
 3.171274e+01 2.102679e+07 3.211608e+04 2.998645e+02 4.044808e+04 5.191738e+07
<GCONST> 7.579868e+01
<MIXTURE> 2 3.185951e-01
<MEAN> 6
 7.107462e+01 1.559583e+03 -2.515530e+02 -4.176910e-01 -5.720758e+00 -1.633745e+02
<VARIANCE> 6
 4.655078e+01 2.471537e+05 7.522814e+05 2.998645e+02 4.044808e+04 5.191738e+07
<GCONST> 7.489270e+01
<MIXTURE> 3 1.934515e-01
<MEAN> 6
 6.159428e+01 7.451725e+02 -1.637983e+03 4.506777e-01 -4.666436e+00 -9.912398e+01
<VARIANCE> 6
 3.171274e+01 1.215742e+05 1.163370e+06 2.998645e+02 4.044808e+04 5.191738e+07
<GCONST> 7.423537e+01
<MIXTURE> 4 1.750314e-01
<MEAN> 6
 6.066939e+01 7.885604e+02 1.625861e+03 8.557819e-01 -4.583753e+00 -8.943537e+01
<VARIANCE> 6
 1.571449e+02 2.739735e+05 1.808162e+05 2.998645e+02 4.044808e+04 5.191738e+07
<GCONST> 7.478673e+01
<MIXTURE> 5 2.431789e-01
<MEAN> 6
 5.919122e+01 4.337560e+02 -2.863911e+03 4.465277e-02 -8.297049e+00 -1.151925e+02
<VARIANCE> 6
 3.171274e+01 7.191966e+04 2.210782e+06 2.998645e+02 4.044808e+04 5.191738e+07
<GCONST> 7.435242e+01
<STATE> 7
<NUMMIXES> 5
<MIXTURE> 1 1.390307e-01
<MEAN> 6
 6.953531e+01 7.941953e+01 3.083742e+02 -2.461197e+00 -2.519694e+00 -5.371483e+00
<VARIANCE> 6
 5.054516e+01 5.008315e+04 2.556667e+04 2.998645e+02 4.044808e+04 5.191738e+07
<GCONST> 6.999689e+01
<MIXTURE> 2 3.118340e-01
<MEAN> 6
 6.300240e+01 6.883153e+01 -2.676078e+02 -1.457935e+00 -4.658370e+00 -4.718147e+01
<VARIANCE> 6
 3.171274e+01 1.309607e+04 9.067973e+04 2.998645e+02 4.044808e+04 5.191738e+07
<GCONST> 6.945540e+01
<MIXTURE> 3 1.974233e-01
<MEAN> 6
 6.244061e+01 -7.777000e+01 -4.080626e+02 -8.581281e-01 -6.161692e+00 -9.386987e+01
<VARIANCE> 6
 3.171274e+01 2.539185e+04 3.640361e+04 2.998645e+02 4.044808e+04 5.191738e+07
<GCONST> 6.920485e+01
<MIXTURE> 4 2.034718e-01
<MEAN> 6
 6.112881e+01 -1.617616e+02 -3.484983e+02 -6.057945e-01 -4.736070e+00 -9.605186e+01
<VARIANCE> 6
 3.171274e+01 1.814563e+04 3.532065e+04 2.998645e+02 4.044808e+04 5.191738e+07
<GCONST> 6.883865e+01
<MIXTURE> 5 1.482236e-01
<MEAN> 6
 6.721166e+01 9.178156e+01 2.339895e+02 -2.474717e+00 1.648893e-01 4.443459e+01
<VARIANCE> 6
 4.971231e+01 3.383218e+04 2.213512e+04 2.998645e+02 4.044808e+04 5.191738e+07
<GCONST> 6.944388e+01
<STATE> 8
<NUMMIXES> 5
<MIXTURE> 1 2.523266e-01
<MEAN> 6
 8.734469e+01 7.013934e+01 -6.324768e+00 -2.879986e+00 1.300467e+00 -5.319133e+01
<VARIANCE> 6
 3.191072e+01 1.309607e+04 1.865361e+04 2.998645e+02 4.044808e+04 5.191738e+07
<GCONST> 6.788034e+01
<MIXTURE> 2 1.581604e-01
<MEAN> 6
 7.829839e+01 1.556859e+02 -4.700111e+02 -8.100927e-01 -1.392117e+01 -1.033998e+02
<VARIANCE> 6
 3.302105e+01 5.753534e+04 6.607418e+04 2.998645e+02 4.044808e+04 5.191738e+07
<GCONST> 7.065936e+01
<MIXTURE> 3 1.950333e-01
<MEAN> 6
 8.454195e+01 -1.534217e+02 -1.247307e+02 -2.491160e+00 4.457739e+00 -4.735074e+01
<VARIANCE> 6
 3.171274e+01 4.627276e+04 2.848661e+04 2.998645e+02 4.044808e+04 5.191738e+07
<GCONST> 6.955975e+01
<MIXTURE> 4 1.853418e-01
<MEAN> 6
 8.583360e+01 -7.122638e+01 3.232399e+01 -3.819916e+00 6.746055e+00 -1.446392e+01
<VARIANCE> 6
 3.171274e+01 2.986019e+04 1.362684e+04 2.998645e+02 4.044808e+04 5.191738e+07
<GCONST> 6.838432e+01
<MIXTURE> 5 2.091293e-01
<MEAN> 6
 8.246658e+01 -2.626290e+02 -1.606166e+02 -2.825088e+00 4.075292e+00 -2.735615e+01
<VARIANCE> 6
 3.171274e+01 5.032697e+04 2.726760e+04 2.998645e+02 4.044808e+04 5.191738e+07
<GCONST> 6.960001e+01
<STATE> 9
<NUMMIXES> 5
<MIXTURE> 1 3.985990e-01
<MEAN> 6
 9.572908e+01 1.496191e+02 3.325727e+03 -4.424155e+00 1.389118e+01 1.199222e+02
<VARIANCE> 6
 3.685896e+01 3.987466e+04 1.564297e+04 2.998645e+02 5.472964e+04 5.191738e+07
<GCONST> 6.926429e+01
<MIXTURE> 2 1.858985e-01
<MEAN> 6
 9.995617e+01 1.895563e+01 2.422391e+03 -2.842971e+00 -4.771555e+00 -4.483467e+02
<VARIANCE> 6
 1.106788e+02 6.036569e+04 6.414619e+05 2.998645e+02 4.044808e+04 5.191738e+07
<GCONST> 7.418985e+01
<MIXTURE> 3 2.297990e-01
<MEAN> 6
 8.118870e+01 -3.465388e+02 2.605370e+03 -8.247928e-01 -1.258818e+01 -2.196245e+02
<VARIANCE> 6
 3.171274e+01 1.309607e+04 1.362684e+04 2.998645e+02 4.044808e+04 5.191738e+07
<GCONST> 6.756012e+01
<MIXTURE> 5 1.857042e-01
<MEAN> 6
 8.089286e+01 -4.493517e+02 2.379200e+03 -4.361114e-02 -2.681973e+00 -1.471095e+01
<VARIANCE> 6
 3.171274e+01 1.309607e+04 3.918457e+04 2.998645e+02 4.044808e+04 5.191738e+07
<GCONST> 6.861635e+01
<STATE> 10
<NUMMIXES> 5
<MIXTURE> 1 2.764935e-01
<MEAN> 6
 8.161340e+01 2.106708e+02 1.867579e+02 -3.437928e+00 -5.657029e+01 -5.780761e+01
<VARIANCE> 6
 2.352051e+02 9.827391e+05 1.734300e+06 6.986000e+02 4.044808e+04 5.191738e+07
<GCONST> 7.957396e+01
<MIXTURE> 2 1.706475e-02
<MEAN> 6
 5.224258e-01 1.547852e+02 9.457761e+01 -1.966859e+01 -1.418627e+02 3.506923e+03
<VARIANCE> 6
 1.122191e+04 2.348120e+05 5.423772e+05 1.640878e+06 8.925089e+08 1.312129e+12
<GCONST> 1.087461e+02
<MIXTURE> 3 2.588589e-01
<MEAN> 6
 9.946890e+00 9.999593e+01 -6.576491e+01 -5.937486e+01 7.546054e+01 1.328364e+03
<VARIANCE> 6
 3.517448e+03 1.888900e+06 1.419181e+06 4.522818e+04 1.864006e+06 6.402035e+08
<GCONST> 9.324486e+01
<MIXTURE> 4 2.263023e-01
<MEAN> 6
 -4.597012e+00 -8.493501e+01 3.303162e+02 6.735909e+01 1.041510e+02 -5.045414e+02
<VARIANCE> 6
 3.023031e+03 3.763090e+05 1.240054e+06 2.347099e+04 3.972766e+05 5.191738e+07
<GCONST> 8.663118e+01
<MIXTURE> 5 2.207295e-01
<MEAN> 6
 1.067668e+01 -1.832287e+02 -1.105312e+02 8.304664e+00 -1.088003e+02 -1.128361e+03
<VARIANCE> 6
 3.102074e+03 3.958135e+05 1.816556e+06 3.175383e+04 4.408158e+05 5.191738e+07
<GCONST> 8.749556e+01
<TRANSP> 11
 0.000000e+00 1.000000e+00 0.000000e+00 0.000000e+00 0.000000e+00 0.000000e+00 0.000000e+00 0.000000e+00 0.000000e+00 0.000000e+00 0.000000e+00
 0.000000e+00 9.998960e-01 1.039830e-04 0.000000e+00 0.000000e+00 0.000000e+00 0.000000e+00 0.000000e+00 0.000000e+00 0.000000e+00 0.000000e+00
 0.000000e+00 0.000000e+00 9.952951e-01 4.704894e-03 0.000000e+00 0.000000e+00 0.000000e+00 0.000000e+00 0.000000e+00 0.000000e+00 0.000000e+00
 0.000000e+00 0.000000e+00 0.000000e+00 9.990581e-01 9.418803e-04 0.000000e+00 0.000000e+00 0.000000e+00 0.000000e+00 0.000000e+00 0.000000e+00
 0.000000e+00 0.000000e+00 0.000000e+00 0.000000e+00 9.974735e-01 2.526483e-03 0.000000e+00 0.000000e+00 0.000000e+00 0.000000e+00 0.000000e+00
 0.000000e+00 0.000000e+00 0.000000e+00 0.000000e+00 0.000000e+00 9.987980e-01 1.202045e-03 0.000000e+00 0.000000e+00 0.000000e+00 0.000000e+00
 0.000000e+00 0.000000e+00 0.000000e+00 0.000000e+00 0.000000e+00 0.000000e+00 9.988309e-01 1.169089e-03 0.000000e+00 0.000000e+00 0.000000e+00
 0.000000e+00 0.000000e+00 0.000000e+00 0.000000e+00 0.000000e+00 0.000000e+00 0.000000e+00 9.986985e-01 1.301435e-03 0.000000e+00 0.000000e+00
 0.000000e+00 0.000000e+00 0.000000e+00 0.000000e+00 0.000000e+00 0.000000e+00 0.000000e+00 0.000000e+00 9.926387e-01 7.361329e-03 0.000000e+00
 0.000000e+00 0.000000e+00 0.000000e+00 0.000000e+00 0.000000e+00 0.000000e+00 0.000000e+00 0.000000e+00 0.000000e+00 9.999285e-01 7.153223e-05
 0.000000e+00 0.000000e+00 0.000000e+00 0.000000e+00 0.000000e+00 0.000000e+00 0.000000e+00 0.000000e+00 0.000000e+00 0.000000e+00 0.000000e+00
<ENDHMM>
