angles_window;angles_biceps_brachii_(right)_triceps_brachii_long_(right);emg_muscle_biceps_brachii_(right)_(µV);emg_muscle_triceps_brachii_long_(right)_(µV)
0.05;65.71;-9853.461;12801.497
;65.71;-9853.461;12798.42
;65.83;-9850.384;12801.497
;66.06;-9853.461;12795.342
;66.36;-9847.306;12807.652
;66.7;-9825.765;12813.806
;66.95;-9810.379;12850.733
;67.02;-9816.533;12826.115
;66.99;-9807.302;12866.12
;66.85;-9807.302;12878.429
;66.62;-9807.302;12890.738
;66.38;-9801.147;12903.047
;66.17;-9801.147;12909.202
;65.97;-9798.07;12921.511
;65.72;-9813.456;12918.434
;65.34;-9816.533;12903.047
;64.95;-9804.224;12924.588
;64.8;-9831.92;12850.733
;64.79;-9825.765;12813.806
;64.56;-9850.384;12795.342
;64.14;-9838.074;12795.342
;63.86;-9850.384;12795.342
;63.81;-9841.152;12795.342
;63.89;-9841.152;12795.342
;64.01;-9834.997;12810.729
;64.09;-9798.07;12881.506
;64.09;-9794.992;12866.12
;64.09;-9801.147;12899.97
;64.11;-9804.224;12903.047
;64.17;-9816.533;12832.27
;64.27;-9807.302;12896.893
;64.36;-9807.302;12881.506
;64.44;-9819.611;12856.888
;64.53;-9825.765;12856.888
;64.61;-9816.533;12866.12
;64.65;-9819.611;12869.197
;64.62;-9822.688;12856.888
;64.54;-9819.611;12832.27
;64.52;-9813.456;12826.115
;64.56;-9816.533;12835.347
;64.6;-9822.688;12835.347
;64.66;-9831.92;12832.27
;64.71;-9828.843;12841.502
;64.73;-9825.765;12847.656
;64.76;-9828.843;12847.656
;64.82;-9813.456;12856.888
;64.92;-9804.224;12869.197
;65.04;-9794.992;12875.352
;65.16;-9798.07;12893.815
;65.27;-9801.147;12893.815
;65.36;-9801.147;12887.661
;65.43;-9801.147;12890.738
;65.5;-9804.224;12881.506
;65.61;-9807.302;12872.274
;65.78;-9819.611;12847.656
;65.94;-9828.843;12829.192
;66.05;-9841.152;12819.961
;66.24;-9844.229;12819.961
;66.55;-9834.997;12819.961
;66.9;-9844.229;12844.579
;67.27;-9831.92;12847.656
;67.58;-9844.229;12835.347
;67.75;-9813.456;12875.352
;67.81;-9822.688;12863.043
;67.79;-9813.456;12912.279
;67.69;-9810.379;12918.434
;67.56;-9813.456;12918.434
;67.44;-9816.533;12903.047
;67.31;-9810.379;12884.584
;67.18;-9807.302;12893.815
;67.09;-9822.688;12835.347
;67.07;-9825.765;12859.965
;67.07;-9828.843;12819.961
;67.09;-9813.456;12915.356
;67.14;-9847.306;12823.038
;67.21;-9804.224;12924.588
;67.29;-9807.302;12927.666
;67.41;-9810.379;12909.202
;67.75;-9810.379;12921.511
;68.32;-9807.302;12899.97
;68.97;-9794.992;12909.202
;69.6;-9828.843;12866.12
;70.11;-9853.461;12829.192
;70.47;-9794.992;12915.356
;70.74;-9847.306;12810.729
;70.88;-9850.384;12810.729
;70.69;-9798.07;12921.511
;70.25;-9804.224;12903.047
;69.7;-9856.538;12813.806
;69.13;-9850.384;12813.806
;68.61;-9859.615;12856.888
;68.24;-9859.615;12847.656
;67.96;-9841.152;12890.738
;67.72;-9828.843;12893.815
;67.55;-9794.992;12915.356
;67.53;-9798.07;12930.743
;67.73;-9801.147;12903.047
;68.09;-9853.461;12838.424
;68.49;-9791.915;12939.975
;68.86;-9807.302;12924.588
;69.16;-9816.533;12893.815
;69.35;-9801.147;12939.975
;69.42;-9801.147;12915.356
;69.41;-9831.92;12841.502
;69.37;-9831.92;12826.115
;69.37;-9825.765;12866.12
;69.41;-9847.306;12810.729
;69.48;-9841.152;12829.192
;69.53;-9828.843;12850.733
;69.58;-9828.843;12869.197
;69.62;-9834.997;12887.661
;69.65;-9844.229;12903.047
;69.69;-9838.074;12896.893
;69.75;-9834.997;12899.97
;69.75;-9834.997;12890.738
;69.67;-9838.074;12912.279
;69.54;-9828.843;12918.434
;69.45;-9828.843;12921.511
;69.41;-9822.688;12918.434
;69.17;-9807.302;12912.279
;67.18;-9804.224;12912.279
;60.13;-9794.992;12909.202
;46.74;-9791.915;12896.893
;29.17;-9807.302;12878.429
;9.37;-9813.456;12866.12
;-12.23;-9825.765;12859.965
;-34.77;-9834.997;12844.579
;-53.73;-9838.074;12841.502
;-65.29;-9841.152;12850.733
;-69.92;-9834.997;12856.888
;-70;-9831.92;12859.965
;-66.82;-9828.843;12875.352
;-60.57;-9819.611;12893.815
;-51.46;-9804.224;12912.279
;-38.53;-9807.302;12921.511
;-22.56;-9801.147;12933.82
;-5.55;-9798.07;12949.207
;11.49;-9804.224;12952.284
;27.36;-9813.456;12936.897
;40.66;-9810.379;12930.743
;50.93;-9816.533;12921.511
;58.91;-9819.611;12906.125
;65.7;-9816.533;12912.279
;71.61;-9831.92;12893.815
;76.63;-9850.384;12866.12
;80.13;-9847.306;12838.424
;81.63;-9853.461;12832.27
;81.44;-9850.384;12841.502
;79.12;-9856.538;12850.733
;74.16;-9856.538;12872.274
;66.31;-9850.384;12896.893
;54.61;-9810.379;12930.743
;39.28;-9813.456;12927.666
;22.57;-9813.456;12924.588
;5.69;-9801.147;12943.052
;-11.78;-9801.147;12958.438
;-30.24;-9810.379;12946.129
;-48.38;-9819.611;12936.897
;-63.76;-9801.147;12918.434
;-73.18;-9794.992;12918.434
;-75.49;-9807.302;12930.743
;-72.56;-9807.302;12906.125
;-65.62;-9810.379;12890.738
;-55.91;-9819.611;12869.197
;-43.64;-9831.92;12853.811
;-27.99;-9834.997;12850.733
;-9.62;-9834.997;12850.733
;9.25;-9834.997;12856.888
;26.18;-9834.997;12869.197
;39.88;-9822.688;12924.588
;50.58;-9813.456;12918.434
;59.34;-9831.92;12915.356
;66.61;-9810.379;12939.975
;72.72;-9807.302;12936.897
;78.26;-9801.147;12936.897
;82.6;-9813.456;12912.279
;83.9;-9831.92;12887.661
;81.73;-9807.302;12930.743
;76.65;-9798.07;12927.666
;68.67;-9813.456;12903.047
;58.27;-9828.843;12881.506
;46.4;-9801.147;12930.743
;33.96;-9791.915;12921.511
;21.53;-9841.152;12859.965
;8.94;-9841.152;12838.424
;-3.96;-9841.152;12823.038
;-16.85;-9831.92;12835.347
;-30.39;-9834.997;12847.656
;-44.55;-9822.688;12887.661
;-56.79;-9819.611;12903.047
;-64.7;-9813.456;12903.047
;-68.75;-9810.379;12915.356
;-70.42;-9813.456;12927.666
;-69.93;-9804.224;12949.207
;-67.46;-9798.07;12958.438
;-63.78;-9798.07;12961.516
;-58.78;-9819.611;12943.052
;-50.3;-9813.456;12961.516
;-37.09;-9804.224;12967.67
;-20.55;-9822.688;12878.429
;-2.04;-9828.843;12912.279
;17.28;-9825.765;12863.043
;36.13;-9841.152;12850.733
;53.15;-9844.229;12838.424
;67.22;-9856.538;12826.115
;78.52;-9853.461;12829.192
;87.45;-9834.997;12869.197
;92.75;-9819.611;12899.97
;93.7;-9807.302;12924.588
;91.23;-9810.379;12930.743
;86.33;-9813.456;12936.897
;79.71;-9813.456;12936.897
;71.35;-9807.302;12943.052
;61.52;-9804.224;12952.284
;50.56;-9813.456;12946.129
;38.38;-9798.07;12930.743
;25.51;-9816.533;12946.129
;12.13;-9807.302;12930.743
;-1.81;-9813.456;12921.511
;-15.38;-9822.688;12893.815
;-27.62;-9831.92;12866.12
;-39.99;-9844.229;12841.502
;-52.75;-9847.306;12832.27
;-63.31;-9850.384;12829.192
;-69.03;-9828.843;12884.584
;-69.62;-9850.384;12832.27
;-67.57;-9838.074;12838.424
;-64.01;-9816.533;12921.511
;-58.43;-9810.379;12927.666
;-50.4;-9807.302;12949.207
;-38.99;-9807.302;12955.361
;-23.94;-9810.379;12958.438
;-6.37;-9810.379;12961.516
;11.74;-9813.456;12952.284
;28.8;-9807.302;12927.666
;44.1;-9804.224;12927.666
;56.99;-9804.224;12930.743
;67.25;-9807.302;12921.511
;75.41;-9813.456;12906.125
;81.34;-9828.843;12890.738
;84.76;-9841.152;12866.12
;86.18;-9850.384;12844.579
;85.81;-9850.384;12847.656
;83.42;-9853.461;12847.656
;79.01;-9844.229;12850.733
;72.32;-9828.843;12899.97
;63.14;-9822.688;12921.511
;51.83;-9813.456;12936.897
;38.73;-9813.456;12949.207
;24.67;-9822.688;12964.593
;10.4;-9831.92;12952.284
;-4.09;-9828.843;12955.361
;-19.03;-9828.843;12970.748
;-35;-9834.997;12933.82
;-50.63;-9822.688;12933.82
;-61.88;-9810.379;12921.511
;-66.65;-9813.456;12927.666
;-67.66;-9813.456;12887.661
;-67.37;-9828.843;12875.352
;-64.67;-9834.997;12856.888
;-59.19;-9791.915;12899.97
;-51.41;-9841.152;12859.965
;-40.14;-9841.152;12924.588
;-24.59;-9834.997;12884.584
;-6.24;-9834.997;12869.197
;12.48;-9853.461;12918.434
;29.77;-9853.461;12924.588
;44.77;-9850.384;12927.666
;56.8;-9838.074;12927.666
;66.28;-9828.843;12933.82
;74.15;-9844.229;12921.511
;80.77;-9819.611;12949.207
;84.82;-9807.302;12964.593
;85.26;-9810.379;12952.284
;82.61;-9819.611;12936.897
;77.28;-9813.456;12924.588
;69.59;-9825.765;12912.279
;59.7;-9838.074;12893.815
;47.67;-9844.229;12878.429
;33.78;-9853.461;12856.888
;18.37;-9850.384;12853.811
;1.8;-9853.461;12850.733
;-15.13;-9834.997;12878.429
;-31.64;-9828.843;12918.434
;-45.72;-9825.765;12927.666
;-55.54;-9838.074;12856.888
;-61.77;-9828.843;12958.438
;-65.86;-9834.997;12964.593
;-67.85;-9850.384;12964.593
;-67.3;-9822.688;12943.052
;-64.59;-9847.306;12964.593
;-60;-9834.997;12958.438
;-52.88;-9841.152;12939.975
;-41.73;-9816.533;12909.202
;-26.8;-9825.765;12924.588
;-10.23;-9819.611;12893.815
;6.62;-9804.224;12887.661
;22.74;-9801.147;12890.738
;36.64;-9816.533;12893.815
;47.5;-9831.92;12896.893
;55.79;-9841.152;12896.893
;62.3;-9847.306;12896.893
;67.31;-9844.229;12896.893
;70.91;-9819.611;12906.125
;73.15;-9813.456;12912.279
;73.37;-9807.302;12930.743
;70.52;-9816.533;12943.052
;64.35;-9813.456;12973.825
;55.1;-9816.533;12964.593
;43.13;-9813.456;12976.902
;28.94;-9810.379;12976.902
;13.24;-9822.688;12961.516
;-3.81;-9816.533;12979.979
;-22.75;-9828.843;12936.897
;-41.67;-9828.843;12927.666
;-56.92;-9841.152;12906.125
;-66.47;-9853.461;12887.661
;-70.95;-9859.615;12878.429
;-72.25;-9871.924;12859.965
;-70.93;-9853.461;12881.506
;-67.13;-9847.306;12896.893
;-61.75;-9844.229;12909.202
;-55.01;-9831.92;12933.82
;-45.61;-9822.688;12952.284
;-32.4;-9825.765;12952.284
;-16.19;-9831.92;12955.361
;1.35;-9825.765;12973.825
;18.86;-9810.379;12989.211
;34.92;-9810.379;12992.288
;48.26;-9816.533;12995.366
;58.58;-9822.688;12995.366
;66.37;-9828.843;12989.211
;71.91;-9825.765;12961.516
;75.78;-9828.843;12933.82
;78.35;-9825.765;12896.893
;79.15;-9831.92;12866.12
;77.55;-9844.229;12863.043
;72.75;-9856.538;12853.811
;64.7;-9856.538;12853.811
;53.94;-9850.384;12869.197
;41.01;-9844.229;12887.661
;26.28;-9838.074;12912.279
;10.51;-9841.152;12936.897
;-5.27;-9828.843;12949.207
;-21.21;-9831.92;12952.284
;-37.24;-9834.997;12964.593
;-51.24;-9801.147;13010.752
;-60.71;-9816.533;12989.211
;-65.09;-9801.147;13001.52
;-66.55;-9804.224;12992.288
;-67.02;-9804.224;12983.057
;-66.37;-9828.843;12955.361
;-63.97;-9838.074;12930.743
;-59.46;-9834.997;12924.588
;-53.09;-9804.224;12967.67
;-44.1;-9841.152;12909.202
;-31.75;-9850.384;12887.661
;-16.44;-9859.615;12878.429
;0.61;-9850.384;12881.506
;17.72;-9841.152;12896.893
;33.71;-9838.074;12915.356
;48.15;-9838.074;12927.666
;61;-9831.92;12955.361
;72.47;-9816.533;12992.288
;82.62;-9810.379;12973.825
;90.24;-9819.611;12979.979
;95.05;-9813.456;12970.748
;96.51;-9816.533;12989.211
;94.12;-9810.379;12986.134
;88.82;-9807.302;12986.134
;80.88;-9813.456;12976.902
;70.56;-9813.456;12970.748
;57.76;-9813.456;12952.284
;43.1;-9828.843;12924.588
;28.17;-9813.456;12943.052
;13.69;-9838.074;12912.279
;-1.11;-9862.693;12906.125
;-17.36;-9881.156;12899.97
;-35.51;-9890.388;12893.815
;-52.6;-9887.311;12899.97
;-63.25;-9875.002;12893.815
;-67.08;-9838.074;12912.279
;-67.77;-9825.765;12949.207
;-66.31;-9816.533;12973.825
;-62.25;-9801.147;12976.902
;-55.84;-9801.147;12986.134
;-46.19;-9807.302;12998.443
;-32.74;-9794.992;13004.598
;-16.3;-9798.07;13004.598
;2.14;-9801.147;13007.675
;21.32;-9807.302;13007.675
;39.35;-9807.302;13001.52
;54.79;-9819.611;12976.902
;67.72;-9825.765;12952.284
;78.85;-9831.92;12927.666
;88.2;-9841.152;12912.279
;94.7;-9844.229;12915.356
;97.99;-9847.306;12903.047
;98.36;-9841.152;12921.511
;96.29;-9838.074;12943.052
;93;-9838.074;12955.361
;89.07;-9838.074;12976.902
;84.11;-9828.843;12986.134
;76.53;-9822.688;12995.366
;65.22;-9822.688;13001.52
;51;-9822.688;13010.752
;34.16;-9822.688;12995.366
;14.46;-9807.302;12976.902
;-5.36;-9801.147;12989.211
;-23.12;-9807.302;12998.443
;-40.54;-9816.533;12983.057
;-56.06;-9810.379;12976.902
;-66.32;-9816.533;12964.593
;-70.85;-9831.92;12955.361
;-70.62;-9850.384;12924.588
;-66.99;-9871.924;12881.506
;-60.75;-9850.384;12893.815
;-51.77;-9850.384;12903.047
;-39.04;-9847.306;12915.356
;-22.92;-9844.229;12933.82
;-4.93;-9838.074;12964.593
;13.64;-9828.843;12986.134
;31.6;-9825.765;12998.443
;46.95;-9828.843;12995.366
;58.28;-9828.843;12992.288
;66.26;-9822.688;12995.366
;71.77;-9807.302;12998.443
;74.61;-9816.533;13001.52
;75.19;-9807.302;12992.288
;74.85;-9807.302;12989.211
;74.45;-9804.224;12986.134
;74.29;-9798.07;12979.979
;74.44;-9810.379;12961.516
;74.69;-9801.147;12989.211
;74.8;-9838.074;12943.052
;74.82;-9844.229;12921.511
;74.75;-9856.538;12896.893
;74.6;-9859.615;12893.815
;74.47;-9838.074;12918.434
;74.37;-9822.688;12936.897
;74.43;-9810.379;12970.748
;74.73;-9810.379;12989.211
;75.13;-9810.379;12998.443
;75.58;-9816.533;13001.52
;76.02;-9816.533;13026.139
;76.39;-9816.533;13032.293
;76.76;-9813.456;13035.37
;77.14;-9813.456;13029.216
;77.52;-9822.688;13013.829
;77.82;-9838.074;13004.598
;77.87;-9844.229;12995.366
;77.7;-9853.461;12970.748
;77.45;-9819.611;13004.598
;77.17;-9850.384;12936.897
;76.87;-9856.538;12924.588
;76.51;-9868.847;12915.356
;76.1;-9862.693;12921.511
;75.78;-9865.77;12915.356
;75.6;-9850.384;12936.897
;75.5;-9828.843;12995.366
;75.35;-9834.997;12989.211
;75.23;-9841.152;12967.67
;75.2;-9816.533;12992.288
;75.14;-9807.302;13001.52
;74.93;-9819.611;13004.598
;74.61;-9819.611;13010.752
;74.16;-9813.456;13016.907
;73.42;-9810.379;13016.907
;72.47;-9816.533;13016.907
;71.63;-9807.302;13026.139
;71.01;-9819.611;13019.984
;70.53;-9825.765;13007.675
;70.08;-9825.765;12970.748
;69.62;-9847.306;12952.284
;69.23;-9856.538;12924.588
;69.03;-9841.152;12961.516
;69.07;-9847.306;12915.356
;69.19;-9841.152;12933.82
;69.3;-9822.688;12958.438
;69.39;-9807.302;12992.288
;69.45;-9816.533;13032.293
;69.49;-9810.379;13019.984
;69.5;-9816.533;13019.984
;69.54;-9810.379;13019.984
;69.65;-9810.379;13019.984
;69.83;-9813.456;13019.984
;70.06;-9813.456;13010.752
;70.26;-9813.456;13013.829
;70.38;-9810.379;13010.752
;70.54;-9822.688;13004.598
;70.71;-9834.997;12949.207
;70.79;-9825.765;12967.67
;70.83;-9850.384;12933.82
;;-9844.229;12930.743
;;-9838.074;12949.207
;;-9847.306;12921.511
;;-9838.074;12967.67
;;-9816.533;13016.907
;;-9822.688;13038.448
;;-9828.843;13047.68
;;-9828.843;12989.211
;;-9822.688;13053.834
;;-9825.765;13063.066
;;-9828.843;13056.911
;;-9828.843;13050.757
;;-9828.843;13041.525
;;-9828.843;13032.293
;;-9825.765;13016.907
;;-9841.152;12983.057
;;-9841.152;12943.052
;;-9850.384;12943.052
;;-9850.384;12943.052
;;-9853.461;12936.897
;;-9862.693;12936.897
;;-9865.77;12933.82
;;-9856.538;12958.438
;;-9834.997;13001.52
;;-9828.843;13026.139
;;-9831.92;13038.448
;;-9828.843;13038.448
;;-9828.843;13035.37
;;-9834.997;13044.602
;;-9834.997;13047.68
;;-9838.074;13050.757
;;-9831.92;13038.448
;;-9816.533;13038.448
;;-9819.611;13044.602
;;-9834.997;13023.061
;;-9834.997;13001.52
;;-9838.074;12973.825
;;-9850.384;12964.593
;;-9859.615;12955.361
;;-9865.77;12952.284
;;-9865.77;12958.438
;;-9853.461;12983.057
;;-9847.306;13001.52
;;-9850.384;13007.675
;;-9834.997;13019.984
;;-9834.997;13035.37
;;-9831.92;13047.68
;;-9828.843;13063.066
;;-9831.92;13059.989
;;-9828.843;13056.911
;;-9822.688;13059.989
;;-9819.611;13059.989
;;-9822.688;13056.911
;;-9825.765;13035.37
;;-9838.074;13019.984
;;-9847.306;12986.134
;;-9856.538;12973.825
;;-9868.847;12943.052
;;-9875.002;12939.975
;;-9868.847;12952.284
;;-9865.77;12958.438
;;-9856.538;12964.593
;;-9850.384;12983.057
;;-9847.306;12995.366
;;-9841.152;13026.139
;;-9841.152;13038.448
;;-9841.152;13056.911
;;-9841.152;13059.989
;;-9841.152;13066.143
;;-9834.997;13066.143
;;-9834.997;13072.298
;;-9819.611;13069.221
;;-9825.765;13053.834
;;-9831.92;13050.757
;;-9831.92;13029.216
;;-9838.074;13019.984
;;-9847.306;13007.675
;;-9856.538;12976.902
;;-9853.461;12970.748
;;-9856.538;12973.825
;;-9859.615;12973.825
;;-9844.229;13001.52
;;-9862.693;12976.902
;;-9844.229;13019.984
;;-9847.306;13032.293
;;-9831.92;13047.68
;;-9828.843;13053.834
;;-9822.688;13063.066
;;-9816.533;13066.143
;;-9822.688;13078.452
;;-9828.843;13066.143
;;-9816.533;13056.911
;;-9816.533;13038.448
;;-9810.379;13038.448
;;-9819.611;13053.834
;;-9822.688;13047.68
;;-9834.997;13038.448
;;-9856.538;13019.984
;;-9871.924;12998.443
;;-9878.079;12979.979
;;-9881.156;12970.748
;;-9871.924;12970.748
;;-9853.461;12989.211
;;-9838.074;13013.829
;;-9838.074;13035.37
;;-9844.229;13044.602
;;-9838.074;13050.757
;;-9831.92;13059.989
;;-9819.611;13063.066
;;-9801.147;13081.53
;;-9810.379;13090.762
;;-9813.456;13090.762
;;-9801.147;13075.375
;;-9798.07;13069.221
;;-9804.224;13059.989
;;-9807.302;13056.911
;;-9825.765;13032.293
;;-9847.306;12998.443
;;-9853.461;12983.057
;;-9856.538;12973.825
;;-9844.229;12973.825
;;-9831.92;13007.675
;;-9828.843;13029.216
;;-9828.843;13072.298
;;-9828.843;13072.298
;;-9828.843;13081.53
;;-9831.92;13047.68
;;-9822.688;13075.375
;;-9816.533;13072.298
;;-9807.302;13078.452
;;-9813.456;13081.53
;;-9807.302;13081.53
;;-9819.611;13075.375
;;-9831.92;13035.37
;;-9838.074;13016.907
;;-9850.384;13001.52
;;-9865.77;12983.057
;;-9859.615;12973.825
;;-9853.461;12976.902
;;-9847.306;12995.366
;;-9838.074;13013.829
;;-9841.152;13035.37
;;-9825.765;13050.757
;;-9819.611;13066.143
;;-9816.533;13075.375
;;-9810.379;13084.607
;;-9810.379;13096.916
;;-9810.379;13096.916
;;-9807.302;13099.993
;;-9804.224;13096.916
;;-9813.456;13087.684
;;-9822.688;13072.298
;;-9828.843;13059.989
;;-9838.074;13059.989
;;-9853.461;13038.448
;;-9865.77;13016.907
;;-9868.847;13010.752
;;-9875.002;13004.598
;;-9875.002;12989.211
;;-9865.77;12973.825
;;-9825.765;13059.989
;;-9831.92;13075.375
;;-9831.92;13075.375
;;-9825.765;13078.452
;;-9838.074;13093.839
;;-9865.77;13093.839
;;-9887.311;13087.684
;;-9890.388;13090.762
;;-9871.924;13078.452
;;-9862.693;13075.375
;;-9853.461;13059.989
;;-9862.693;13023.061
;;-9859.615;13047.68
;;-9881.156;12998.443
;;-9884.234;12983.057
;;-9871.924;12983.057
;;-9862.693;12992.288
;;-9856.538;13007.675
;;-9850.384;13032.293
;;-9834.997;13087.684
;;-9856.538;13090.762
;;-9816.533;13078.452
;;-9865.77;13087.684
;;-9890.388;13087.684
;;-9878.079;13090.762
;;-9862.693;13103.071
;;-9847.306;13093.839
;;-9865.77;13103.071
;;-9850.384;13078.452
;;-9881.156;13044.602
;;-9893.465;13019.984
;;-9875.002;13059.989
;;-9899.62;13010.752
;;-9878.079;13019.984
;;-9896.543;13007.675
;;-9890.388;12992.288
;;-9865.77;12979.979
;;-9850.384;13044.602
;;-9828.843;13063.066
;;-9788.838;13078.452
;;-9754.988;13084.607
;;-9748.833;13090.762
;;-9764.22;13099.993
;;-9761.142;13109.225
;;-9788.838;13115.38
;;-9850.384;13118.457
;;-9853.461;13096.916
;;-9841.152;13084.607
;;-9847.306;13041.525
;;-9831.92;13016.907
;;-9834.997;13019.984
;;-9847.306;13016.907
;;-9856.538;13019.984
;;-9841.152;13019.984
;;-9822.688;13041.525
;;-9816.533;13063.066
;;-9822.688;13059.989
;;-9798.07;13090.762
;;-9801.147;13084.607
;;-9816.533;13103.071
;;-9825.765;13106.148
;;-9828.843;13112.303
;;-9828.843;13109.225
;;-9819.611;13109.225
;;-9801.147;13118.457
;;-9807.302;13121.534
;;-9807.302;13112.303
;;-9807.302;13093.839
;;-9813.456;13087.684
;;-9825.765;13069.221
;;-9831.92;13038.448
;;-9831.92;13026.139
;;-9838.074;13019.984
;;-9841.152;13004.598
;;-9856.538;13010.752
;;-9875.002;13029.216
;;-9865.77;13053.834
;;-9844.229;13066.143
;;-9810.379;13087.684
;;-9810.379;13109.225
;;-9807.302;13121.534
;;-9804.224;13133.844
;;-9804.224;13139.998
;;-9813.456;13139.998
;;-9844.229;13096.916
;;-9844.229;13106.148
;;-9838.074;13087.684
;;-9841.152;13075.375
;;-9853.461;13044.602
;;-9850.384;13026.139
;;-9847.306;13010.752
;;-9825.765;13007.675
;;-9850.384;13010.752
;;-9838.074;13004.598
;;-9841.152;13029.216
;;-9825.765;13044.602
;;-9819.611;13069.221
;;-9813.456;13084.607
;;-9816.533;13103.071
;;-9813.456;13099.993
;;-9801.147;13124.612
;;-9813.456;13109.225
;;-9822.688;13099.993
;;-9831.92;13087.684
;;-9834.997;13063.066
;;-9847.306;13007.675
;;-9807.302;13130.766
;;-9841.152;13044.602
;;-9844.229;13016.907
;;-9844.229;13044.602
;;-9841.152;13059.989
;;-9834.997;13081.53
;;-9822.688;13090.762
;;-9844.229;13026.139
;;-9819.611;13099.993
;;-9819.611;13096.916
;;-9813.456;13115.38
;;-9816.533;13112.303
;;-9810.379;13109.225
;;-9807.302;13109.225
;;-9844.229;13010.752
;;-9798.07;13115.38
;;-9834.997;13007.675
;;-9838.074;13026.139
;;-9816.533;13106.148
;;-9828.843;13096.916
;;-9831.92;13090.762
;;-9834.997;13072.298
;;-9838.074;13029.216
;;-9831.92;13056.911
;;-9850.384;13010.752
;;-9853.461;12998.443
;;-9856.538;13001.52
;;-9859.615;12998.443
;;-9853.461;13050.757
;;-9834.997;13069.221
;;-9831.92;13084.607
;;-9841.152;13099.993
;;-9847.306;13099.993
;;-9859.615;13038.448
;;-9844.229;13103.071
;;-9838.074;13069.221
;;-9844.229;13075.375
;;-9850.384;13103.071
;;-9834.997;13066.143
;;-9831.92;13063.066
;;-9822.688;13047.68
;;-9819.611;13056.911
;;-9816.533;13041.525
;;-9825.765;13026.139
;;-9841.152;13004.598
;;-9847.306;13001.52
;;-9859.615;12995.366
;;-9841.152;13019.984
;;-9838.074;13013.829
;;-9822.688;13026.139
;;-9810.379;13056.911
;;-9810.379;13063.066
;;-9804.224;13053.834
;;-9822.688;13069.221
;;-9828.843;13072.298
;;-9822.688;13087.684
;;-9822.688;13078.452
;;-9831.92;13059.989
;;-9831.92;13059.989
;;-9841.152;13050.757
;;-9838.074;13044.602
;;-9838.074;13032.293
;;-9838.074;13010.752
;;-9853.461;12986.134
;;-9856.538;12976.902
;;-9856.538;12964.593
;;-9850.384;12983.057
;;-9844.229;13010.752
;;-9847.306;13026.139
;;-9838.074;13053.834
;;-9828.843;13072.298
;;-9831.92;13072.298
;;-9822.688;13063.066
;;-9816.533;13066.143
;;-9794.992;13059.989
;;-9801.147;13063.066
;;-9798.07;13063.066
;;-9807.302;13056.911
;;-9819.611;13059.989
;;-9825.765;13053.834
;;-9822.688;13047.68
;;-9813.456;13023.061
;;-9828.843;13013.829
;;-9841.152;12998.443
;;-9859.615;12976.902
;;-9856.538;12973.825
;;-9859.615;13001.52
;;-9850.384;13007.675
;;-9831.92;13019.984
;;-9819.611;13044.602
;;-9807.302;13066.143
;;-9807.302;13050.757
;;-9813.456;13096.916
;;-9804.224;13078.452
;;-9816.533;13096.916
;;-9828.843;13096.916
;;-9838.074;13063.066
;;-9825.765;13023.061
;;-9838.074;13016.907
;;-9831.92;13084.607
;;-9856.538;12992.288
;;-9844.229;13007.675
;;-9865.77;12979.979
;;-9853.461;12979.979
;;-9828.843;13038.448
;;-9847.306;13023.061
;;-9853.461;13056.911
;;-9850.384;13072.298
;;-9844.229;13078.452
;;-9844.229;13001.52
;;-9825.765;13075.375
;;-9838.074;13087.684
;;-9819.611;13069.221
;;-9798.07;13066.143
;;-9788.838;13078.452
;;-9816.533;13069.221
;;-9825.765;13066.143
;;-9831.92;13056.911
;;-9834.997;13041.525
;;-9841.152;13016.907
;;-9838.074;12998.443
;;-9834.997;12979.979
;;-9841.152;12983.057
;;-9828.843;12998.443
;;-9819.611;13032.293
;;-9813.456;13063.066
;;-9822.688;13081.53
;;-9813.456;13084.607
;;-9819.611;13081.53
;;-9813.456;13081.53
;;-9810.379;13090.762
;;-9807.302;13118.457
;;-9813.456;13124.612
;;-9816.533;13115.38
;;-9819.611;13109.225
;;-9804.224;13093.839
;;-9794.992;13087.684
;;-9788.838;13087.684
;;-9810.379;13066.143
;;-9825.765;13038.448
;;-9838.074;13007.675
;;-9853.461;13004.598
;;-9838.074;13016.907
;;-9831.92;13041.525
;;-9831.92;13069.221
;;-9828.843;13093.839
;;-9822.688;13106.148
;;-9841.152;13087.684
;;-9838.074;13090.762
;;-9822.688;13106.148
;;-9813.456;13099.993
;;-9819.611;13084.607
;;-9822.688;13084.607
;;-9831.92;13075.375
;;-9847.306;13032.293
;;-9822.688;13084.607
;;-9841.152;13047.68
;;-9859.615;13032.293
;;-9856.538;13047.68
;;-9856.538;13019.984
;;-9844.229;13069.221
;;-9844.229;13099.993
;;-9838.074;13121.534
;;-9825.765;13115.38
;;-9834.997;13121.534
;;-9825.765;13136.921
;;-9831.92;13136.921
;;-9819.611;13152.307
;;-9816.533;13146.153
;;-9828.843;13115.38
;;-9813.456;13075.375
;;-9810.379;13069.221
;;-9798.07;13053.834
;;-9822.688;13059.989
;;-9834.997;13044.602
;;-9859.615;13032.293
;;-9875.002;13041.525
;;-9881.156;13047.68
;;-9868.847;13066.143
;;-9859.615;13081.53
;;-9850.384;13109.225
;;-9838.074;13143.075
;;-9838.074;13161.539
;;-9841.152;13170.771
;;-9847.306;13170.771
;;-9841.152;13161.539
;;-9847.306;13164.616
;;-9838.074;13161.539
;;-9828.843;13149.23
;;-9834.997;13139.998
;;-9844.229;13118.457
;;-9841.152;13115.38
;;-9841.152;13099.993
;;-9856.538;13090.762
;;-9868.847;13081.53
;;-9868.847;13069.221
;;-9865.77;13075.375
;;-9859.615;13103.071
;;-9865.77;13075.375
;;-9850.384;13127.689
;;-9844.229;13155.384
;;-9831.92;13167.694
;;-9844.229;13180.003
;;-9847.306;13189.235
;;-9847.306;13192.312
;;-9859.615;13195.389
;;-9862.693;13192.312
;;-9859.615;13186.157
;;-9865.77;13183.08
;;-9859.615;13180.003
;;-9856.538;13155.384
;;-9862.693;13130.766
;;-9847.306;13112.303
;;-9844.229;13103.071
;;-9862.693;13081.53
;;-9865.77;13090.762
;;-9850.384;13106.148
;;-9856.538;13090.762
;;-9871.924;13136.921
;;-9856.538;13124.612
;;-9859.615;13149.23
;;-9847.306;13167.694
;;-9828.843;13207.698
;;-9828.843;13189.235
;;-9831.92;13207.698
;;-9828.843;13146.153
;;-9828.843;13195.389
;;-9834.997;13180.003
;;-9822.688;13161.539
;;-9862.693;13118.457
;;-9871.924;13106.148
;;-9834.997;13204.621
;;-9825.765;13173.848
;;-9834.997;13210.776
;;-9896.543;13096.916
;;-9890.388;13093.839
;;-9865.77;13127.689
;;-9884.234;13115.38
;;-9828.843;13136.921
;;-9896.543;13103.071
;;-9807.302;13195.389
;;-9807.302;13186.157
;;-9822.688;13198.466
;;-9810.379;13198.466
;;-9831.92;13189.235
;;-9825.765;13176.925
;;-9853.461;13136.921
;;-9899.62;13087.684
;;-9813.456;13152.307
;;-9822.688;13133.844
;;-9825.765;13139.998
;;-9838.074;13133.844
;;-9825.765;13149.23
;;-9856.538;13093.839
;;-9850.384;13112.303
;;-9844.229;13118.457
;;-9822.688;13173.848
;;-9853.461;13103.071
;;-9844.229;13118.457
;;-9841.152;13121.534
;;-9822.688;13136.921
;;-9828.843;13170.771
;;-9841.152;13189.235
;;-9844.229;13183.08
;;-9834.997;13183.08
;;-9828.843;13183.08
;;-9822.688;13173.848
;;-9813.456;13170.771
;;-9831.92;13158.462
;;-9834.997;13152.307
;;-9853.461;13103.071
;;-9844.229;13130.766
;;-9859.615;13093.839
;;-9862.693;13084.607
;;-9868.847;13090.762
;;-9862.693;13103.071
;;-9859.615;13118.457
;;-9850.384;13133.844
;;-9838.074;13161.539
;;-9841.152;13180.003
;;-9841.152;13173.848
;;-9828.843;13180.003
;;-9822.688;13180.003
;;-9828.843;13189.235
;;-9844.229;13192.312
;;-9844.229;13198.466
;;-9850.384;13180.003
;;-9853.461;13152.307
;;-9853.461;13149.23
;;-9865.77;13130.766
;;-9878.079;13087.684
;;-9868.847;13063.066
;;-9868.847;13118.457
;;-9847.306;13044.602
;;-9856.538;13090.762
;;-9844.229;13059.989
;;-9838.074;13158.462
;;-9844.229;13127.689
;;-9834.997;13164.616
;;-9825.765;13195.389
;;-9831.92;13195.389
;;-9831.92;13195.389
;;-9831.92;13186.157
;;-9828.843;13195.389
;;-9828.843;13186.157
;;-9828.843;13183.08
;;-9834.997;13176.925
;;-9853.461;13146.153
;;-9875.002;13096.916
;;-9878.079;13072.298
;;-9881.156;13053.834
;;-9865.77;13050.757
;;-9853.461;13069.221
;;-9859.615;13093.839
;;-9856.538;13118.457
;;-9850.384;13149.23
;;-9847.306;13164.616
;;-9850.384;13170.771
;;-9847.306;13173.848
;;-9847.306;13180.003
;;-9841.152;13186.157
;;-9844.229;13189.235
;;-9847.306;13176.925
;;-9844.229;13161.539
;;-9847.306;13164.616
;;-9862.693;13146.153
;;-9865.77;13109.225
;;-9871.924;13090.762
;;-9868.847;13078.452
;;-9868.847;13084.607
;;-9862.693;13093.839
;;-9859.615;13109.225
;;-9865.77;13109.225
;;-9871.924;13115.38
;;-9875.002;13127.689
;;-9856.538;13176.925
;;-9850.384;13183.08
;;-9853.461;13195.389
;;-9847.306;13198.466
;;-9847.306;13186.157
;;-9859.615;13186.157
;;-9847.306;13170.771
;;-9853.461;13158.462
;;-9828.843;13127.689
;;-9834.997;13127.689
;;-9859.615;13115.38
;;-9871.924;13096.916
;;-9875.002;13075.375
;;-9878.079;13081.53
;;-9881.156;13087.684
;;-9887.311;13096.916
;;-9865.77;13118.457
;;-9865.77;13136.921
;;-9853.461;13173.848
;;-9853.461;13167.694
;;-9847.306;13170.771
;;-9847.306;13180.003
;;-9853.461;13183.08
;;-9853.461;13173.848
;;-9859.615;13167.694
;;-9881.156;13170.771
;;-9884.234;13164.616
;;-9884.234;13155.384
;;-9890.388;13124.612
;;-9884.234;13090.762
;;-9868.847;13072.298
;;-9890.388;13112.303
;;-9862.693;13084.607
;;-9865.77;13103.071
;;-9862.693;13075.375
;;-9856.538;13139.998
;;-9838.074;13170.771
;;-9844.229;13180.003
;;-9862.693;13118.457
;;-9847.306;13183.08
;;-9850.384;13189.235
;;-9844.229;13186.157
;;-9844.229;13195.389
;;-9841.152;13186.157
;;-9844.229;13189.235
;;-9850.384;13146.153
;;-9868.847;13106.148
;;-9875.002;13093.839
;;-9853.461;13121.534
;;-9847.306;13173.848
;;-9884.234;13072.298
;;-9881.156;13087.684
;;-9878.079;13072.298
;;-9859.615;13103.071
;;-9850.384;13130.766
;;-9844.229;13161.539
;;-9844.229;13170.771
;;-9847.306;13173.848
;;-9844.229;13173.848
;;-9844.229;13167.694
;;-9838.074;13170.771
;;-9834.997;13164.616
;;-9834.997;13170.771
;;-9831.92;13180.003
;;-9844.229;13164.616
;;-9838.074;13164.616
;;-9844.229;13161.539
;;-9844.229;13152.307
;;-9850.384;13133.844
;;-9856.538;13115.38
;;-9865.77;13112.303
;;-9865.77;13109.225
;;-9865.77;13099.993
;;-9868.847;13099.993
;;-9856.538;13112.303
;;-9831.92;13180.003
;;-9819.611;13213.853
;;-9822.688;13229.239
;;-9834.997;13235.394
;;-9844.229;13235.394
;;-9850.384;13232.317
;;-9856.538;13216.93
;;-9871.924;13176.925
;;-9853.461;13158.462
;;-9841.152;13149.23
;;-9847.306;13139.998
;;-9865.77;13121.534
;;-9875.002;13084.607
;;-9856.538;13075.375
;;-9847.306;13063.066
;;-9828.843;13072.298
;;-9825.765;13081.53
;;-9844.229;13087.684
;;-9847.306;13139.998
;;-9841.152;13164.616
;;-9831.92;13180.003
;;-9828.843;13198.466
;;-9822.688;13210.776
;;-9816.533;13213.853
;;-9816.533;13210.776
;;-9825.765;13210.776
;;-9828.843;13207.698
;;-9828.843;13201.544
;;-9822.688;13198.466
;;-9822.688;13192.312
;;-9828.843;13189.235
;;-9856.538;13155.384
;;-9859.615;13118.457
;;-9844.229;13099.993
;;-9847.306;13109.225
;;-9850.384;13121.534
;;-9865.77;13121.534
;;-9844.229;13118.457
;;-9856.538;13127.689
;;-9822.688;13155.384
;;-9819.611;13170.771
;;-9822.688;13189.235
;;-9828.843;13213.853
;;-9828.843;13213.853
;;-9828.843;13216.93
;;-9828.843;13216.93
;;-9825.765;13213.853
;;-9831.92;13183.08
;;-9825.765;13183.08
;;-9813.456;13189.235
;;-9822.688;13180.003
;;-9834.997;13164.616
;;-9862.693;13139.998
;;-9871.924;13115.38
;;-9881.156;13090.762
;;-9875.002;13081.53
;;-9865.77;13106.148
;;-9850.384;13124.612
;;-9825.765;13167.694
;;-9794.992;13180.003
;;-9794.992;13195.389
;;-9807.302;13207.698
;;-9816.533;13213.853
;;-9825.765;13220.007
;;-9816.533;13216.93
;;-9819.611;13220.007
;;-9825.765;13220.007
;;-9828.843;13220.007
;;-9834.997;13216.93
;;-9841.152;13158.462
;;-9831.92;13198.466
;;-9847.306;13152.307
;;-9847.306;13127.689
;;-9853.461;13106.148
;;-9856.538;13106.148
;;-9859.615;13121.534
;;-9862.693;13130.766
;;-9838.074;13158.462
;;-9828.843;13183.08
;;-9828.843;13213.853
;;-9831.92;13216.93
;;-9822.688;13210.776
;;-9822.688;13223.085
;;-9828.843;13223.085
;;-9834.997;13226.162
;;-9850.384;13216.93
;;-9847.306;13213.853
;;-9838.074;13201.544
;;-9834.997;13201.544
;;-9853.461;13183.08
;;-9859.615;13152.307
;;-9850.384;13127.689
;;-9856.538;13103.071
;;-9847.306;13133.844
;;-9831.92;13201.544
;;-9828.843;13189.235
;;-9828.843;13216.93
;;-9844.229;13158.462
;;-9850.384;13115.38
;;-9856.538;13112.303
;;-9825.765;13226.162
;;-9819.611;13235.394
;;-9816.533;13247.703
;;-9825.765;13247.703
;;-9841.152;13223.085
;;-9841.152;13201.544
;;-9838.074;13232.317
;;-9844.229;13180.003
;;-9838.074;13189.235
;;-9853.461;13158.462
;;-9862.693;13133.844
;;-9856.538;13146.153
;;-9868.847;13118.457
;;-9862.693;13146.153
;;-9850.384;13173.848
;;-9841.152;13204.621
;;-9865.77;13118.457
;;-9834.997;13216.93
;;-9844.229;13216.93
;;-9844.229;13226.162
;;-9844.229;13241.548
;;-9853.461;13229.239
;;-9859.615;13216.93
;;-9862.693;13220.007
;;-9853.461;13207.698
;;-9853.461;13195.389
;;-9862.693;13226.162
;;-9841.152;13189.235
;;-9841.152;13164.616
;;-9853.461;13146.153
;;-9856.538;13139.998
;;-9844.229;13164.616
;;-9825.765;13195.389
;;-9844.229;13176.925
;;-9828.843;13204.621
;;-9838.074;13146.153
;;-9838.074;13155.384
;;-9834.997;13176.925
;;-9828.843;13213.853
;;-9822.688;13220.007
;;-9825.765;13226.162
;;-9825.765;13220.007
;;-9834.997;13220.007
;;-9841.152;13216.93
;;-9841.152;13201.544
;;-9841.152;13201.544
;;-9850.384;13198.466
;;-9850.384;13186.157
;;-9856.538;13152.307
;;-9850.384;13139.998
;;-9847.306;13130.766
;;-9853.461;13130.766
;;-9850.384;13161.539
;;-9841.152;13133.844
;;-9838.074;13180.003
;;-9838.074;13195.389
;;-9831.92;13213.853
;;-9825.765;13223.085
;;-9819.611;13226.162
;;-9822.688;13229.239
;;-9810.379;13226.162
;;-9810.379;13226.162
;;-9825.765;13223.085
;;-9822.688;13223.085
;;-9825.765;13207.698
;;-9831.92;13186.157
;;-9834.997;13170.771
;;-9828.843;13149.23
;;-9841.152;13143.075
;;-9844.229;13139.998
;;-9844.229;13133.844
;;-9850.384;13139.998
;;-9841.152;13155.384
;;-9831.92;13180.003
;;-9850.384;13130.766
;;-9825.765;13189.235
;;-9822.688;13201.544
;;-9825.765;13220.007
;;-9841.152;13229.239
;;-9847.306;13223.085
;;-9841.152;13235.394
;;-9834.997;13238.471
;;-9828.843;13232.317
;;-9825.765;13216.93
;;-9828.843;13198.466
;;-9838.074;13158.462
;;-9847.306;13121.534
;;-9844.229;13112.303
;;-9841.152;13112.303
;;-9838.074;13152.307
;;-9847.306;13121.534
;;-9828.843;13210.776
;;-9828.843;13176.925
;;-9819.611;13229.239
;;-9825.765;13213.853
;;-9822.688;13204.621
;;-9816.533;13210.776
;;-9822.688;13232.317
;;-9813.456;13213.853
;;-9810.379;13204.621
;;-9813.456;13213.853
;;-9816.533;13186.157
;;-9847.306;13143.075
;;-9831.92;13180.003
;;-9856.538;13136.921
;;-9841.152;13164.616
;;-9859.615;13133.844
;;-9828.843;13189.235
;;-9834.997;13180.003
;;-9847.306;13130.766
;;-9844.229;13161.539
;;-9834.997;13201.544
;;-9831.92;13204.621
;;-9828.843;13207.698
;;-9828.843;13210.776
;;-9828.843;13226.162
;;-9828.843;13220.007
;;-9828.843;13216.93
;;-9825.765;13220.007
;;-9831.92;13198.466
;;-9816.533;13192.312
;;-9810.379;13180.003
;;-9813.456;13164.616
;;-9834.997;13146.153
;;-9847.306;13136.921
;;-9847.306;13143.075
;;-9850.384;13158.462
;;-9847.306;13152.307
;;-9834.997;13189.235
;;-9838.074;13180.003
;;-9838.074;13180.003
;;-9807.302;13204.621
;;-9825.765;13198.466
;;-9847.306;13164.616
;;-9810.379;13223.085
;;-9801.147;13229.239
;;-9804.224;13226.162
;;-9816.533;13229.239
;;-9813.456;13229.239
;;-9816.533;13226.162
;;-9831.92;13192.312
;;-9819.611;13210.776
;;-9853.461;13170.771
;;-9875.002;13149.23
;;-9884.234;13118.457
;;-9881.156;13109.225
;;-9862.693;13139.998
;;-9844.229;13176.925
;;-9868.847;13118.457
;;-9825.765;13204.621
;;-9853.461;13161.539
;;-9816.533;13241.548
;;-9813.456;13247.703
;;-9813.456;13250.78
;;-9813.456;13241.548
;;-9816.533;13244.626
;;-9822.688;13241.548
;;-9813.456;13223.085
;;-9828.843;13229.239
;;-9828.843;13220.007
;;-9834.997;13195.389
;;-9825.765;13220.007
;;-9847.306;13161.539
;;-9859.615;13133.844
;;-9856.538;13130.766
;;-9853.461;13133.844
;;-9847.306;13133.844
;;-9844.229;13139.998
;;-9847.306;13167.694
;;-9847.306;13180.003
;;-9844.229;13204.621
;;-9834.997;13223.085
;;-9822.688;13238.471
;;-9819.611;13250.78
;;-9828.843;13247.703
;;-9825.765;13253.858
;;-9831.92;13250.78
;;-9834.997;13232.317
;;-9841.152;13207.698
;;-9825.765;13198.466
;;-9813.456;13186.157
;;-9825.765;13183.08
;;-9847.306;13164.616
;;-9850.384;13152.307
;;-9853.461;13146.153
;;-9856.538;13139.998
;;-9853.461;13133.844
;;-9834.997;13173.848
;;-9841.152;13152.307
;;-9828.843;13195.389
;;-9822.688;13213.853
;;-9816.533;13207.698
;;-9822.688;13201.544
;;-9816.533;13213.853
;;-9822.688;13220.007
;;-9825.765;13223.085
;;-9825.765;13226.162
;;-9831.92;13223.085
;;-9828.843;13220.007
;;-9828.843;13207.698
;;-9856.538;13139.998
;;-9850.384;13155.384
;;-9847.306;13164.616
;;-9856.538;13180.003
;;-9838.074;13204.621
;;-9828.843;13223.085
;;-9844.229;13152.307
;;-9850.384;13146.153
;;-9847.306;13189.235
;;-9831.92;13216.93
;;-9828.843;13244.626
;;-9813.456;13260.012
;;-9813.456;13253.858
;;-9816.533;13256.935
;;-9819.611;13260.012
;;-9822.688;13250.78
;;-9819.611;13244.626
;;-9819.611;13235.394
;;-9838.074;13220.007
;;-9853.461;13186.157
;;-9884.234;13136.921
;;-9887.311;13118.457
;;-9881.156;13133.844
;;-9881.156;13136.921
;;-9868.847;13149.23
;;-9856.538;13176.925
;;-9834.997;13195.389
;;-9813.456;13220.007
;;-9798.07;13244.626
;;-9794.992;13260.012
;;-9807.302;13278.476
;;-9828.843;13253.858
;;-9834.997;13241.548
;;-9828.843;13220.007
;;-9816.533;13189.235
;;-9813.456;13204.621
;;-9816.533;13210.776
;;-9822.688;13207.698
;;-9838.074;13180.003
;;-9844.229;13161.539
;;-9844.229;13155.384
;;-9847.306;13161.539
;;-9856.538;13158.462
;;-9853.461;13143.075
;;-9841.152;13164.616
;;-9834.997;13189.235
;;-9856.538;13155.384
;;-9838.074;13207.698
;;-9831.92;13213.853
;;-9825.765;13229.239
;;-9828.843;13256.935
;;-9822.688;13256.935
;;-9819.611;13253.858
;;-9816.533;13256.935
;;-9828.843;13250.78
;;-9822.688;13235.394
;;-9822.688;13226.162
;;-9838.074;13204.621
;;-9834.997;13149.23
;;-9838.074;13133.844
;;-9841.152;13146.153
;;-9847.306;13146.153
;;-9841.152;13146.153
;;-9834.997;13158.462
;;-9813.456;13176.925
;;-9801.147;13207.698
;;-9801.147;13226.162
;;-9801.147;13244.626
;;-9807.302;13260.012
;;-9825.765;13256.935
;;-9822.688;13244.626
;;-9825.765;13238.471
;;-9834.997;13232.317
;;-9825.765;13226.162
;;-9828.843;13232.317
;;-9831.92;13201.544
;;-9850.384;13158.462
;;-9853.461;13149.23
;;-9865.77;13127.689
;;-9865.77;13121.534
;;-9853.461;13139.998
;;-9850.384;13155.384
;;-9838.074;13192.312
;;-9828.843;13223.085
;;-9834.997;13235.394
;;-9844.229;13176.925
;;-9810.379;13253.858
;;-9834.997;13232.317
;;-9801.147;13260.012
;;-9804.224;13272.321
;;-9801.147;13272.321
;;-9810.379;13263.089
;;-9822.688;13223.085
;;-9822.688;13213.853
;;-9825.765;13210.776
;;-9834.997;13192.312
;;-9844.229;13164.616
;;-9850.384;13152.307
;;-9859.615;13146.153
;;-9875.002;13133.844
;;-9868.847;13143.075
;;-9853.461;13170.771
;;-9838.074;13207.698
;;-9828.843;13260.012
;;-9822.688;13232.317
;;-9847.306;13247.703
;;-9810.379;13241.548
;;-9828.843;13241.548
;;-9804.224;13241.548
;;-9810.379;13238.471
;;-9804.224;13232.317
;;-9819.611;13213.853
;;-9810.379;13232.317
;;-9831.92;13183.08
;;-9847.306;13158.462
;;-9856.538;13149.23
;;-9844.229;13176.925
;;-9847.306;13152.307
;;-9834.997;13198.466
;;-9853.461;13149.23
;;-9831.92;13216.93
;;-9834.997;13232.317
;;-9838.074;13232.317
;;-9844.229;13232.317
;;-9834.997;13244.626
;;-9819.611;13256.935
;;-9816.533;13256.935
;;-9825.765;13241.548
;;-9831.92;13229.239
;;-9819.611;13247.703
;;-9825.765;13235.394
;;-9819.611;13232.317
;;-9828.843;13216.93
;;-9834.997;13207.698
;;-9856.538;13167.694
;;-9853.461;13189.235
;;-9865.77;13143.075
;;-9856.538;13149.23
;;-9859.615;13143.075
;;-9847.306;13155.384
;;-9838.074;13180.003
;;-9831.92;13223.085
;;-9834.997;13198.466
;;-9828.843;13238.471
;;-9828.843;13247.703
;;-9825.765;13256.935
;;-9825.765;13269.244
;;-9819.611;13266.167
;;-9822.688;13266.167
;;-9828.843;13247.703
;;-9822.688;13266.167
;;-9825.765;13223.085
;;-9825.765;13220.007
;;-9838.074;13195.389
;;-9828.843;13241.548
;;-9853.461;13164.616
;;-9865.77;13139.998
;;-9865.77;13146.153
;;-9859.615;13158.462
;;-9859.615;13143.075
;;-9850.384;13155.384
;;-9844.229;13170.771
;;-9831.92;13201.544
;;-9825.765;13207.698
;;-9825.765;13220.007
;;-9822.688;13232.317
;;-9816.533;13235.394
;;-9816.533;13238.471
;;-9831.92;13256.935
;;-9816.533;13263.089
;;-9841.152;13229.239
;;-9831.92;13241.548
;;-9841.152;13220.007
;;-9841.152;13232.317
;;-9856.538;13207.698
;;-9865.77;13170.771
;;-9865.77;13158.462
;;-9859.615;13164.616
;;-9850.384;13176.925
;;-9850.384;13192.312
;;-9844.229;13216.93
;;-9819.611;13235.394
;;-9841.152;13229.239
;;-9831.92;13232.317
;;-9825.765;13241.548
;;-9825.765;13241.548
;;-9822.688;13247.703
;;-9816.533;13250.78
;;-9816.533;13247.703
;;-9822.688;13241.548
;;-9841.152;13220.007
;;-9841.152;13216.93
;;-9850.384;13210.776
;;-9850.384;13192.312
;;-9844.229;13180.003
;;-9856.538;13176.925
;;-9865.77;13183.08
;;-9862.693;13167.694
;;-9859.615;13167.694
;;-9862.693;13170.771
;;-9853.461;13201.544
;;-9819.611;13260.012
;;-9816.533;13266.167
;;-9819.611;13272.321
;;-9816.533;13275.399
;;-9816.533;13269.244
;;-9810.379;13266.167
;;-9798.07;13250.78
;;-9794.992;13250.78
;;-9807.302;13260.012
;;-9822.688;13263.089
;;-9831.92;13253.858
;;-9844.229;13220.007
;;-9871.924;13192.312
;;-9899.62;13164.616
;;-9902.697;13143.075
;;-9902.697;13146.153
;;-9893.465;13161.539
;;-9893.465;13189.235
;;-9884.234;13207.698
;;-9801.147;13256.935
;;-9813.456;13247.703
;;-9798.07;13241.548
;;-9847.306;13223.085
;;-9810.379;13256.935
;;-9813.456;13256.935
;;-9816.533;13247.703
;;-9804.224;13247.703
;;-9825.765;13232.317
;;-9834.997;13204.621
;;-9822.688;13207.698
;;-9831.92;13186.157
;;-9847.306;13173.848
;;-9825.765;13198.466
;;-9850.384;13167.694
;;-9844.229;13183.08
;;-9847.306;13173.848
;;-9825.765;13238.471
;;-9816.533;13269.244
;;-9825.765;13275.399
;;-9816.533;13278.476
;;-9831.92;13263.089
;;-9838.074;13253.858
;;-9831.92;13253.858
;;-9841.152;13204.621
;;-9825.765;13244.626
;;-9828.843;13244.626
;;-9838.074;13204.621
;;-9828.843;13247.703
;;-9828.843;13250.78
;;-9828.843;13241.548
;;-9844.229;13204.621
;;-9834.997;13216.93
;;-9853.461;13192.312
;;-9859.615;13173.848
;;-9856.538;13167.694
;;-9850.384;13167.694
;;-9844.229;13183.08
;;-9847.306;13195.389
;;-9828.843;13238.471
;;-9819.611;13247.703
;;-9819.611;13256.935
;;-9819.611;13275.399
;;-9819.611;13287.708
;;-9810.379;13293.862
;;-9828.843;13266.167
;;-9825.765;13272.321
;;-9825.765;13250.78
;;-9819.611;13244.626
;;-9825.765;13235.394
;;-9838.074;13220.007
;;-9841.152;13201.544
;;-9856.538;13176.925
;;-9859.615;13170.771
;;-9862.693;13164.616
;;-9850.384;13167.694
;;-9828.843;13201.544
;;-9831.92;13256.935
;;-9828.843;13244.626
;;-9828.843;13278.476
;;-9828.843;13263.089
;;-9819.611;13281.553
;;-9822.688;13281.553
;;-9816.533;13293.862
;;-9819.611;13287.708
;;-9819.611;13284.63
;;-9825.765;13278.476
;;-9828.843;13256.935
;;-9828.843;13241.548
;;-9834.997;13226.162
;;-9838.074;13198.466
;;-9834.997;13170.771
;;-9825.765;13176.925
;;-9841.152;13173.848
;;-9834.997;13198.466
;;-9816.533;13235.394
;;-9844.229;13176.925
;;-9819.611;13272.321
;;-9825.765;13269.244
;;-9825.765;13275.399
;;-9813.456;13263.089
;;-9825.765;13269.244
;;-9816.533;13275.399
;;-9819.611;13272.321
;;-9819.611;13263.089
;;-9819.611;13275.399
;;-9825.765;13260.012
;;-9831.92;13247.703
;;-9859.615;13201.544
;;-9862.693;13192.312
;;-9844.229;13229.239
;;-9853.461;13195.389
;;-9819.611;13229.239
;;-9816.533;13256.935
;;-9856.538;13213.853
;;-9822.688;13275.399
;;-9847.306;13201.544
;;-9822.688;13253.858
;;-9825.765;13260.012
;;-9825.765;13263.089
;;-9816.533;13269.244
;;-9816.533;13284.63
;;-9810.379;13287.708
;;-9813.456;13281.553
;;-9819.611;13287.708
;;-9819.611;13281.553
;;-9828.843;13260.012
;;-9831.92;13226.162
;;-9831.92;13210.776
;;-9828.843;13201.544
;;-9822.688;13204.621
;;-9831.92;13183.08
;;-9834.997;13183.08
;;-9838.074;13198.466
;;-9828.843;13223.085
;;-9838.074;13244.626
;;-9844.229;13260.012
;;-9841.152;13278.476
;;-9847.306;13281.553
;;-9822.688;13296.94
;;-9804.224;13296.94
;;-9838.074;13287.708
;;-9798.07;13284.63
;;-9801.147;13269.244
;;-9816.533;13241.548
;;-9816.533;13293.862
;;-9804.224;13300.017
;;-9831.92;13220.007
;;-9841.152;13192.312
;;-9850.384;13170.771
;;-9847.306;13167.694
;;-9850.384;13170.771
;;-9847.306;13164.616
;;-9831.92;13176.925
;;-9810.379;13216.93
;;-9794.992;13256.935
;;-9794.992;13272.321
;;-9798.07;13290.785
;;-9798.07;13312.326
;;-9798.07;13321.558
;;-9798.07;13321.558
;;-9804.224;13312.326
;;-9813.456;13300.017
;;-9816.533;13287.708
;;-9807.302;13247.703
;;-9807.302;13229.239
;;-9825.765;13220.007
;;-9831.92;13189.235
;;-9825.765;13183.08
;;-9822.688;13192.312
;;-9828.843;13201.544
;;-9822.688;13220.007
;;-9828.843;13201.544
;;-9828.843;13223.085
;;-9816.533;13260.012
;;-9816.533;13275.399
;;-9816.533;13247.703
;;-9822.688;13293.862
;;-9816.533;13303.094
;;-9828.843;13235.394
;;-9816.533;13309.249
;;-9813.456;13309.249
;;-9813.456;13293.862
;;-9813.456;13284.63
;;-9807.302;13266.167
;;-9807.302;13244.626
;;-9813.456;13229.239
;;-9825.765;13216.93
;;-9828.843;13204.621
;;-9838.074;13192.312
;;-9844.229;13195.389
;;-9831.92;13204.621
;;-9834.997;13210.776
;;-9825.765;13226.162
;;-9828.843;13247.703
;;-9825.765;13266.167
;;-9810.379;13269.244
;;-9798.07;13275.399
;;-9788.838;13287.708
;;-9791.915;13309.249
;;-9794.992;13321.558
;;-9798.07;13315.403
;;-9798.07;13300.017
;;-9798.07;13293.862
;;-9810.379;13281.553
;;-9810.379;13266.167
;;-9813.456;13247.703
;;-9822.688;13216.93
;;-9838.074;13198.466
;;-9834.997;13198.466
;;-9828.843;13195.389
;;-9822.688;13192.312
;;-9819.611;13207.698
;;-9816.533;13223.085
;;-9813.456;13244.626
;;-9810.379;13256.935
;;-9810.379;13266.167
;;-9804.224;13275.399
;;-9810.379;13269.244
;;-9807.302;13296.94
;;-9804.224;13309.249
;;-9807.302;13306.171
;;-9798.07;13306.171
;;-9798.07;13303.094
;;-9794.992;13300.017
;;-9794.992;13293.862
;;-9807.302;13247.703
;;-9807.302;13272.321
;;-9804.224;13229.239
;;-9825.765;13201.544
;;-9844.229;13192.312
;;-9838.074;13189.235
;;-9828.843;13192.312
;;-9810.379;13210.776
;;-9798.07;13241.548
;;-9798.07;13275.399
;;-9804.224;13290.785
;;-9807.302;13303.094
;;-9810.379;13312.326
;;-9801.147;13324.635
;;-9788.838;13327.712
;;-9794.992;13303.094
;;-9798.07;13287.708
;;-9807.302;13266.167
;;-9807.302;13260.012
;;-9810.379;13247.703
;;-9816.533;13238.471
;;-9828.843;13213.853
;;-9834.997;13201.544
;;-9828.843;13210.776
;;-9838.074;13198.466
;;-9825.765;13229.239
;;-9822.688;13238.471
;;-9816.533;13269.244
;;-9810.379;13293.862
;;-9825.765;13303.094
;;-9831.92;13306.171
;;-9816.533;13321.558
;;-9804.224;13324.635
;;-9807.302;13318.48
;;-9804.224;13300.017
;;-9798.07;13281.553
;;-9788.838;13272.321
;;-9782.683;13269.244
;;-9798.07;13253.858
;;-9807.302;13235.394
;;-9810.379;13226.162
;;-9816.533;13204.621
;;-9834.997;13198.466
;;-9838.074;13220.007
;;-9834.997;13232.317
;;-9813.456;13290.785
;;-9804.224;13306.171
;;-9828.843;13256.935
;;-9798.07;13300.017
;;-9807.302;13315.403
;;-9798.07;13333.867
;;-9807.302;13312.326
;;-9804.224;13300.017
;;-9801.147;13303.094
;;-9794.992;13296.94
;;-9804.224;13287.708
;;-9807.302;13275.399
;;-9813.456;13235.394
;;-9822.688;13213.853
;;-9834.997;13192.312
;;-9838.074;13189.235
;;-9828.843;13201.544
;;-9828.843;13207.698
;;-9822.688;13223.085
;;-9813.456;13250.78
;;-9807.302;13275.399
;;-9801.147;13287.708
;;-9828.843;13210.776
;;-9794.992;13296.94
;;-9791.915;13312.326
;;-9776.529;13321.558
;;-9773.451;13318.48
;;-9779.606;13315.403
;;-9782.683;13315.403
;;-9788.838;13272.321
;;-9788.838;13296.94
;;-9807.302;13244.626
;;-9816.533;13216.93
;;-9819.611;13198.466
;;-9825.765;13195.389
;;-9831.92;13213.853
;;-9825.765;13232.317
;;-9816.533;13238.471
;;-9807.302;13250.78
;;-9801.147;13296.94
;;-9794.992;13278.476
;;-9807.302;13309.249
;;-9810.379;13309.249
;;-9794.992;13306.171
;;-9798.07;13315.403
;;-9798.07;13306.171
;;-9788.838;13303.094
;;-9788.838;13303.094
;;-9801.147;13296.94
;;-9813.456;13281.553
;;-9819.611;13244.626
;;-9810.379;13213.853
;;-9816.533;13226.162
;;-9813.456;13235.394
;;-9788.838;13287.708
;;-9816.533;13229.239
;;-9782.683;13306.171
;;-9779.606;13309.249
;;-9779.606;13312.326
;;-9779.606;13309.249
;;-9779.606;13300.017
;;-9782.683;13293.862
;;-9782.683;13281.553
;;-9782.683;13275.399
;;-9779.606;13263.089
;;-9798.07;13232.317
;;-9807.302;13213.853
;;-9810.379;13195.389
;;-9819.611;13195.389
;;-9813.456;13189.235
;;-9810.379;13213.853
;;-9807.302;13241.548
;;-9798.07;13269.244
;;-9791.915;13293.862
;;-9776.529;13300.017
;;-9801.147;13300.017
;;-9801.147;13309.249
;;-9779.606;13312.326
;;-9779.606;13312.326
;;-9798.07;13315.403
;;-9779.606;13309.249
;;-9776.529;13309.249
;;-9791.915;13278.476
;;-9810.379;13247.703
;;-9779.606;13300.017
;;-9819.611;13207.698
;;-9810.379;13195.389
;;-9813.456;13189.235
;;-9807.302;13210.776
;;-9801.147;13220.007
;;-9791.915;13263.089
;;-9779.606;13303.094
;;-9798.07;13235.394
;;-9782.683;13290.785
;;-9773.451;13312.326
;;-9782.683;13318.48
;;-9782.683;13318.48
;;-9782.683;13306.171
;;-9782.683;13300.017
;;-9785.761;13293.862
;;-9779.606;13278.476
;;-9776.529;13290.785
;;-9776.529;13266.167
;;-9782.683;13256.935
;;-9807.302;13226.162
;;-9807.302;13220.007
;;-9807.302;13223.085
;;-9807.302;13247.703
;;-9810.379;13250.78
;;-9822.688;13253.858
;;-9810.379;13250.78
;;-9816.533;13244.626
;;-9813.456;13250.78
;;-9816.533;13250.78
;;-9801.147;13296.94
;;-9804.224;13269.244
;;-9801.147;13300.017
;;-9804.224;13296.94
;;-9779.606;13278.476
;;-9776.529;13269.244
;;-9761.142;13263.089
;;-9798.07;13290.785
;;-9767.297;13250.78
;;-9791.915;13232.317
;;-9788.838;13216.93
;;-9788.838;13223.085
;;-9791.915;13210.776
;;-9794.992;13207.698
;;-9791.915;13210.776
;;-9791.915;13229.239
;;-9779.606;13256.935
;;-9801.147;13216.93
;;-9776.529;13278.476
;;-9770.374;13300.017
;;-9773.451;13312.326
;;-9764.22;13309.249
;;-9767.297;13309.249
;;-9788.838;13287.708
;;-9779.606;13303.094
;;-9782.683;13296.94
;;-9767.297;13312.326
;;-9785.761;13278.476
;;-9776.529;13247.703
;;-9782.683;13238.471
;;-9798.07;13232.317
;;-9804.224;13229.239
;;-9807.302;13223.085
;;-9810.379;13226.162
;;-9801.147;13235.394
;;-9801.147;13235.394
;;-9791.915;13266.167
;;-9779.606;13284.63
;;-9773.451;13290.785
;;-9776.529;13318.48
;;-9776.529;13318.48
;;-9773.451;13309.249
;;-9770.374;13306.171
;;-9779.606;13306.171
;;-9788.838;13293.862
;;-9791.915;13290.785
;;-9785.761;13290.785
;;-9794.992;13263.089
;;-9801.147;13256.935
;;-9810.379;13229.239
;;-9807.302;13226.162
;;-9807.302;13241.548
;;-9807.302;13216.93
;;-9794.992;13213.853
;;-9791.915;13226.162
;;-9779.606;13241.548
;;-9742.679;13284.63
;;-9742.679;13315.403
;;-9758.065;13266.167
;;-9739.601;13330.79
;;-9739.601;13349.253
;;-9748.833;13358.485
;;-9764.22;13358.485
;;-9773.451;13346.176
;;-9794.992;13293.862
;;-9804.224;13263.089
;;-9807.302;13223.085
;;-9804.224;13226.162
;;-9801.147;13220.007
;;-9807.302;13201.544
;;-9810.379;13198.466
;;-9810.379;13201.544
;;-9804.224;13201.544
;;-9801.147;13210.776
;;-9788.838;13238.471
;;-9767.297;13256.935
;;-9754.988;13293.862
;;-9758.065;13312.326
;;-9764.22;13318.48
;;-9767.297;13330.79
;;-9770.374;13336.944
;;-9773.451;13318.48
;;-9773.451;13296.94
;;-9767.297;13278.476
;;-9767.297;13272.321
;;-9785.761;13275.399
;;-9785.761;13266.167
;;-9794.992;13241.548
;;-9798.07;13223.085
;;-9807.302;13220.007
;;-9819.611;13213.853
;;-9813.456;13213.853
;;-9813.456;13232.317
;;-9801.147;13263.089
;;-9798.07;13278.476
;;-9794.992;13293.862
;;-9788.838;13296.94
;;-9751.91;13293.862
;;-9770.374;13293.862
;;-9748.833;13312.326
;;-9751.91;13318.48
;;-9758.065;13306.171
;;-9758.065;13312.326
;;-9761.142;13309.249
;;-9773.451;13300.017
;;-9776.529;13296.94
;;-9782.683;13275.399
;;-9785.761;13263.089
;;-9791.915;13256.935
;;-9804.224;13247.703
;;-9813.456;13223.085
;;-9813.456;13213.853
;;-9813.456;13213.853
;;-9807.302;13220.007
;;-9785.761;13226.162
;;-9761.142;13303.094
;;-9758.065;13278.476
;;-9764.22;13309.249
;;-9773.451;13250.78
;;-9764.22;13312.326
;;-9764.22;13306.171
;;-9767.297;13306.171
;;-9764.22;13315.403
;;-9761.142;13312.326
;;-9764.22;13309.249
;;-9776.529;13293.862
;;-9785.761;13287.708
;;-9801.147;13266.167
;;-9813.456;13238.471
;;-9822.688;13223.085
;;-9810.379;13220.007
;;-9819.611;13207.698
;;-9825.765;13220.007
;;-9807.302;13229.239
;;-9788.838;13241.548
;;-9776.529;13272.321
;;-9773.451;13287.708
;;-9773.451;13306.171
;;-9770.374;13318.48
;;-9779.606;13315.403
;;-9773.451;13318.48
;;-9791.915;13293.862
;;-9801.147;13293.862
;;-9798.07;13290.785
;;-9794.992;13306.171
;;-9822.688;13223.085
;;-9825.765;13204.621
;;-9801.147;13281.553
;;-9810.379;13253.858
;;-9819.611;13192.312
;;-9819.611;13207.698
;;-9819.611;13210.776
;;-9807.302;13226.162
;;-9788.838;13293.862
;;-9807.302;13256.935
;;-9794.992;13281.553
;;-9779.606;13312.326
;;-9776.529;13330.79
;;-9791.915;13327.712
;;-9788.838;13324.635
;;-9791.915;13309.249
;;-9801.147;13290.785
;;-9804.224;13272.321
;;-9791.915;13263.089
;;-9798.07;13247.703
;;-9825.765;13220.007
;;-9816.533;13235.394
;;-9822.688;13207.698
;;-9822.688;13210.776
;;-9822.688;13223.085
;;-9816.533;13241.548
;;-9798.07;13281.553
;;-9791.915;13300.017
;;-9810.379;13253.858
;;-9791.915;13315.403
;;-9804.224;13290.785
;;-9788.838;13333.867
;;-9798.07;13300.017
;;-9794.992;13336.944
;;-9801.147;13327.712
;;-9785.761;13266.167
;;-9779.606;13269.244
;;-9794.992;13269.244
;;-9804.224;13253.858
;;-9807.302;13241.548
;;-9831.92;13213.853
;;-9822.688;13216.93
;;-9847.306;13201.544
;;-9847.306;13201.544
;;-9816.533;13244.626
;;-9834.997;13207.698
;;-9807.302;13281.553
;;-9807.302;13293.862
;;-9804.224;13309.249
;;-9801.147;13300.017
;;-9798.07;13303.094
;;-9794.992;13306.171
;;-9794.992;13309.249
;;-9791.915;13315.403
;;-9798.07;13303.094
;;-9798.07;13303.094
;;-9798.07;13300.017
;;-9804.224;13287.708
;;-9822.688;13272.321
;;-9841.152;13241.548
;;-9847.306;13232.317
;;-9847.306;13213.853
;;-9841.152;13186.157
;;-9816.533;13229.239
;;-9813.456;13235.394
;;-9825.765;13186.157
;;-9804.224;13256.935
;;-9791.915;13272.321
;;-9791.915;13281.553
;;-9807.302;13293.862
;;-9807.302;13300.017
;;-9794.992;13306.171
;;-9798.07;13306.171
;;-9794.992;13306.171
;;-9798.07;13303.094
;;-9798.07;13284.63
;;-9798.07;13272.321
;;-9804.224;13253.858
;;-9813.456;13232.317
;;-9810.379;13220.007
;;-9822.688;13216.93
;;-9825.765;13210.776
;;-9831.92;13213.853
;;-9838.074;13216.93
;;-9834.997;13213.853
;;-9813.456;13250.78
;;-9804.224;13263.089
;;-9801.147;13290.785
;;-9798.07;13306.171
;;-9801.147;13309.249
;;-9801.147;13275.399
;;-9828.843;13220.007
;;-9798.07;13303.094
;;-9791.915;13303.094
;;-9794.992;13296.94
;;-9810.379;13296.94
;;-9825.765;13281.553
;;-9844.229;13220.007
;;-9847.306;13244.626
;;-9850.384;13213.853
;;-9850.384;13213.853
;;-9847.306;13207.698
;;-9834.997;13275.399
;;-9841.152;13210.776
;;-9816.533;13232.317
;;-9810.379;13241.548
;;-9804.224;13263.089
;;-9794.992;13296.94
;;-9794.992;13293.862
;;-9785.761;13303.094
;;-9791.915;13309.249
;;-9791.915;13318.48
;;-9810.379;13300.017
;;-9822.688;13266.167
;;-9825.765;13263.089
;;-9838.074;13235.394
;;-9798.07;13318.48
;;-9841.152;13210.776
;;-9838.074;13204.621
;;-9831.92;13198.466
;;-9822.688;13204.621
;;-9810.379;13290.785
;;-9831.92;13226.162
;;-9822.688;13207.698
;;-9822.688;13253.858
;;-9819.611;13263.089
;;-9801.147;13278.476
;;-9804.224;13275.399
;;-9801.147;13293.862
;;-9801.147;13293.862
;;-9794.992;13290.785
;;-9801.147;13303.094
;;-9804.224;13300.017
;;-9804.224;13296.94
;;-9804.224;13287.708
;;-9810.379;13281.553
;;-9822.688;13250.78
;;-9828.843;13235.394
;;-9847.306;13213.853
;;-9847.306;13204.621
;;-9831.92;13186.157
;;-9834.997;13189.235
;;-9834.997;13223.085
;;-9819.611;13247.703
;;-9828.843;13232.317
;;-9804.224;13281.553
;;-9801.147;13306.171
;;-9807.302;13272.321
;;-9801.147;13315.403
;;-9798.07;13330.79
;;-9798.07;13327.712
;;-9801.147;13312.326
;;-9807.302;13293.862
;;-9801.147;13281.553
;;-9804.224;13275.399
;;-9810.379;13263.089
;;-9831.92;13241.548
;;-9841.152;13220.007
;;-9844.229;13213.853
;;-9853.461;13207.698
;;-9838.074;13207.698
;;-9819.611;13229.239
;;-9807.302;13256.935
;;-9807.302;13275.399
;;-9804.224;13290.785
;;-9801.147;13293.862
;;-9788.838;13284.63
;;-9788.838;13290.785
;;-9785.761;13315.403
;;-9798.07;13315.403
;;-9807.302;13309.249
;;-9816.533;13303.094
;;-9822.688;13269.244
;;-9822.688;13263.089
;;-9813.456;13256.935
;;-9819.611;13238.471
;;-9831.92;13216.93
;;-9844.229;13201.544
;;-9847.306;13204.621
;;-9838.074;13216.93
;;-9822.688;13250.78
;;-9813.456;13269.244
;;-9807.302;13296.94
;;-9810.379;13303.094
;;-9810.379;13296.94
;;-9807.302;13306.171
;;-9798.07;13327.712
;;-9794.992;13333.867
;;-9804.224;13330.79
;;-9801.147;13309.249
;;-9807.302;13290.785
;;-9810.379;13275.399
;;-9822.688;13250.78
;;-9813.456;13223.085
;;-9810.379;13213.853
;;-9816.533;13210.776
;;-9822.688;13204.621
;;-9834.997;13220.007
;;-9850.384;13235.394
;;-9841.152;13226.162
;;-9828.843;13287.708
;;-9834.997;13269.244
;;-9850.384;13244.626
;;-9816.533;13287.708
;;-9813.456;13287.708
;;-9810.379;13296.94
;;-9798.07;13306.171
;;-9788.838;13318.48
;;-9794.992;13309.249
;;-9788.838;13309.249
;;-9791.915;13290.785
;;-9804.224;13269.244
;;-9825.765;13241.548
;;-9838.074;13226.162
;;-9838.074;13207.698
;;-9791.915;13284.63
;;-9828.843;13204.621
;;-9819.611;13235.394
;;-9813.456;13256.935
;;-9804.224;13281.553
;;-9794.992;13315.403
;;-9791.915;13321.558
;;-9791.915;13327.712
;;-9791.915;13324.635
;;-9798.07;13315.403
;;-9785.761;13269.244
;;-9782.683;13330.79
;;-9785.761;13278.476
;;-9788.838;13281.553
;;-9798.07;13281.553
;;-9807.302;13275.399
;;-9822.688;13253.858
;;-9831.92;13226.162
;;-9841.152;13210.776
;;-9838.074;13232.317
;;-9841.152;13204.621
;;-9831.92;13244.626
;;-9804.224;13296.94
;;-9807.302;13303.094
;;-9822.688;13266.167
;;-9801.147;13315.403
;;-9801.147;13303.094
;;-9782.683;13284.63
;;-9785.761;13281.553
;;-9798.07;13312.326
;;-9807.302;13244.626
;;-9791.915;13284.63
;;-9804.224;13309.249
;;-9831.92;13250.78
;;-9801.147;13260.012
;;-9822.688;13229.239
;;-9834.997;13232.317
;;-9834.997;13235.394
;;-9841.152;13229.239
;;-9838.074;13229.239
;;-9828.843;13250.78
;;-9825.765;13256.935
;;-9822.688;13272.321
;;-9816.533;13281.553
;;-9810.379;13296.94
;;-9798.07;13309.249
;;-9798.07;13318.48
;;-9798.07;13321.558
;;-9791.915;13312.326
;;-9791.915;13309.249
;;-9801.147;13306.171
;;-9807.302;13287.708
;;-9801.147;13303.094
;;-9810.379;13278.476
;;-9822.688;13250.78
;;-9828.843;13226.162
;;-9831.92;13220.007
;;-9831.92;13220.007
;;-9828.843;13223.085
;;-9831.92;13235.394
;;-9822.688;13247.703
;;-9822.688;13256.935
;;-9825.765;13266.167
;;-9816.533;13281.553
;;-9807.302;13290.785
;;-9810.379;13293.862
;;-9807.302;13306.171
;;-9804.224;13321.558
;;-9791.915;13318.48
;;-9791.915;13318.48
;;-9804.224;13306.171
;;-9807.302;13293.862
;;-9807.302;13293.862
;;-9816.533;13284.63
;;-9819.611;13269.244
;;-9828.843;13235.394
;;-9831.92;13229.239
;;-9838.074;13223.085
;;-9850.384;13213.853
;;-9847.306;13207.698
;;-9828.843;13226.162
;;-9828.843;13244.626
;;-9822.688;13272.321
;;-9804.224;13306.171
;;-9794.992;13315.403
;;-9794.992;13321.558
;;-9810.379;13324.635
;;-9810.379;13327.712
;;-9822.688;13327.712
;;-9831.92;13290.785
;;-9834.997;13312.326
;;-9828.843;13315.403
;;-9838.074;13266.167
;;-9841.152;13250.78
;;-9834.997;13232.317
;;-9828.843;13216.93
;;-9825.765;13201.544
;;-9828.843;13201.544
;;-9822.688;13201.544
;;-9822.688;13204.621
;;-9801.147;13250.78
;;-9813.456;13232.317
;;-9788.838;13287.708
;;-9785.761;13300.017
;;-9782.683;13312.326
;;-9791.915;13315.403
;;-9785.761;13315.403
;;-9794.992;13321.558
;;-9791.915;13324.635
;;-9798.07;13321.558
;;-9801.147;13315.403
;;-9794.992;13309.249
;;-9801.147;13293.862
;;-9801.147;13281.553
;;-9810.379;13260.012
;;-9816.533;13238.471
;;-9828.843;13213.853
;;-9831.92;13207.698
;;-9822.688;13201.544
;;-9828.843;13232.317
;;-9831.92;13210.776
;;-9813.456;13247.703
;;-9801.147;13263.089
;;-9791.915;13284.63
;;-9798.07;13287.708
;;-9798.07;13300.017
;;-9798.07;13315.403
;;-9794.992;13315.403
;;-9791.915;13309.249
;;-9798.07;13321.558
;;-9791.915;13303.094
;;-9791.915;13290.785
;;-9798.07;13275.399
;;-9804.224;13263.089
;;-9810.379;13244.626
;;-9813.456;13223.085
;;-9822.688;13213.853
;;-9825.765;13210.776
;;-9831.92;13223.085
;;-9834.997;13232.317
;;-9828.843;13256.935
;;-9819.611;13272.321
;;-9810.379;13284.63
;;-9794.992;13303.094
;;-9813.456;13284.63
;;-9791.915;13321.558
;;-9791.915;13333.867
;;-9798.07;13324.635
;;-9801.147;13312.326
;;-9798.07;13315.403
;;-9804.224;13312.326
;;-9807.302;13306.171
;;-9819.611;13284.63
;;-9822.688;13263.089
;;-9831.92;13216.93
;;-9831.92;13204.621
;;-9838.074;13201.544
;;-9838.074;13220.007
;;-9831.92;13213.853
;;-9834.997;13229.239
;;-9822.688;13232.317
;;-9813.456;13260.012
;;-9816.533;13281.553
;;-9810.379;13290.785
;;-9810.379;13300.017
;;-9804.224;13312.326
;;-9798.07;13315.403
;;-9791.915;13315.403
;;-9785.761;13312.326
;;-9779.606;13296.94
;;-9788.838;13281.553
;;-9794.992;13272.321
;;-9816.533;13232.317
;;-9801.147;13263.089
;;-9819.611;13220.007
;;-9831.92;13210.776
;;-9831.92;13204.621
;;-9822.688;13207.698
;;-9825.765;13210.776
;;-9816.533;13226.162
;;-9807.302;13244.626
;;-9804.224;13272.321
;;-9794.992;13281.553
;;-9782.683;13296.94
;;-9788.838;13303.094
;;-9794.992;13309.249
;;-9804.224;13315.403
;;-9813.456;13318.48
;;-9813.456;13312.326
;;-9816.533;13303.094
;;-9816.533;13296.94
;;-9816.533;13281.553
;;-9813.456;13266.167
;;-9813.456;13241.548
;;-9816.533;13232.317
;;-9819.611;13210.776
;;-9819.611;13201.544
;;-9816.533;13198.466
;;-9819.611;13204.621
;;-9822.688;13223.085
;;-9813.456;13241.548
;;-9807.302;13253.858
;;-9810.379;13278.476
;;-9807.302;13290.785
;;-9807.302;13300.017
;;-9813.456;13306.171
;;-9813.456;13318.48
;;-9804.224;13312.326
;;-9804.224;13303.094
;;-9804.224;13293.862
;;-9804.224;13284.63
;;-9807.302;13269.244
;;-9813.456;13244.626
;;-9816.533;13238.471
;;-9825.765;13226.162
;;-9825.765;13220.007
;;-9828.843;13220.007
;;-9828.843;13220.007
;;-9831.92;13232.317
;;-9828.843;13241.548
;;-9831.92;13250.78
;;-9819.611;13263.089
;;-9816.533;13278.476
;;-9798.07;13318.48
;;-9804.224;13296.94
;;-9782.683;13327.712
;;-9782.683;13333.867
;;-9776.529;13336.944
;;-9770.374;13336.944
;;-9779.606;13321.558
;;-9785.761;13287.708
;;-9807.302;13232.317
;;-9816.533;13226.162
;;-9794.992;13256.935
;;-9825.765;13213.853
;;-9822.688;13195.389
;;-9838.074;13216.93
;;-9825.765;13241.548
;;-9828.843;13201.544
;;-9819.611;13266.167
;;-9813.456;13290.785
;;-9810.379;13321.558
;;-9816.533;13318.48
;;-9819.611;13290.785
;;-9801.147;13293.862
;;-9804.224;13306.171
;;-9810.379;13284.63
;;-9804.224;13272.321
;;-9788.838;13253.858
;;-9798.07;13263.089
;;-9813.456;13250.78
;;-9813.456;13238.471
;;-9822.688;13220.007
;;-9853.461;13204.621
;;-9856.538;13192.312
;;-9838.074;13201.544
;;-9850.384;13204.621
;;-9841.152;13226.162
;;-9828.843;13244.626
;;-9810.379;13278.476
;;-9791.915;13296.94
;;-9794.992;13300.017
;;-9785.761;13303.094
;;-9779.606;13306.171
;;-9776.529;13312.326
;;-9782.683;13296.94
;;-9791.915;13293.862
;;-9810.379;13281.553
;;-9773.451;13303.094
;;-9813.456;13253.858
;;-9834.997;13210.776
;;-9831.92;13192.312
;;-9822.688;13186.157
;;-9825.765;13186.157
;;-9825.765;13189.235
;;-9828.843;13241.548
;;-9825.765;13213.853
;;-9816.533;13266.167
;;-9828.843;13281.553
;;-9834.997;13293.862
;;-9816.533;13293.862
;;-9801.147;13284.63
;;-9798.07;13293.862
;;-9801.147;13296.94
;;-9816.533;13256.935
;;-9810.379;13278.476
;;-9816.533;13241.548
;;-9816.533;13223.085
;;-9819.611;13195.389
;;-9822.688;13192.312
;;-9828.843;13183.08
;;-9828.843;13176.925
;;-9838.074;13173.848
;;-9838.074;13180.003
;;-9831.92;13201.544
;;-9831.92;13207.698
;;-9819.611;13232.317
;;-9813.456;13272.321
;;-9822.688;13281.553
;;-9807.302;13275.399
;;-9822.688;13281.553
;;-9825.765;13275.399
;;-9825.765;13272.321
;;-9813.456;13272.321
;;-9822.688;13281.553
;;-9807.302;13263.089
;;-9807.302;13241.548
;;-9810.379;13223.085
;;-9798.07;13247.703
;;-9816.533;13213.853
;;-9819.611;13192.312
;;-9819.611;13180.003
;;-9819.611;13180.003
;;-9822.688;13180.003
;;-9816.533;13186.157
;;-9822.688;13195.389
;;-9822.688;13204.621
;;-9822.688;13241.548
;;-9819.611;13244.626
;;-9813.456;13250.78
;;-9801.147;13260.012
;;-9801.147;13269.244
;;-9801.147;13260.012
;;-9798.07;13260.012
;;-9788.838;13266.167
;;-9798.07;13263.089
;;-9807.302;13253.858
;;-9801.147;13253.858
;;-9801.147;13266.167
;;-9822.688;13226.162
;;-9822.688;13213.853
;;-9838.074;13186.157
;;-9841.152;13180.003
;;-9838.074;13180.003
;;-9822.688;13176.925
;;-9810.379;13189.235
;;-9804.224;13213.853
;;-9807.302;13247.703
;;-9810.379;13256.935
;;-9816.533;13250.78
;;-9813.456;13250.78
;;-9801.147;13247.703
;;-9798.07;13263.089
;;-9791.915;13272.321
;;-9788.838;13281.553
;;-9785.761;13281.553
;;-9791.915;13275.399
;;-9801.147;13266.167
;;-9813.456;13244.626
;;-9819.611;13226.162
;;-9819.611;13201.544
;;-9813.456;13195.389
;;-9834.997;13173.848
;;-9825.765;13186.157
;;-9822.688;13176.925
;;-9810.379;13201.544
;;-9804.224;13232.317
;;-9804.224;13253.858
;;-9807.302;13260.012
;;-9798.07;13284.63
;;-9801.147;13303.094
;;-9801.147;13278.476
;;-9801.147;13272.321
;;-9801.147;13293.862
;;-9798.07;13287.708
;;-9807.302;13241.548
;;-9798.07;13260.012
;;-9807.302;13229.239
;;-9813.456;13216.93
;;-9825.765;13201.544
;;-9834.997;13186.157
;;-9825.765;13192.312
;;-9834.997;13186.157
;;-9816.533;13195.389
;;-9807.302;13244.626
;;-9798.07;13269.244
;;-9798.07;13284.63
;;-9798.07;13290.785
;;-9804.224;13275.399
;;-9807.302;13272.321
;;-9804.224;13263.089
;;-9798.07;13244.626
;;-9794.992;13244.626
;;-9801.147;13241.548
;;-9816.533;13226.162
;;-9819.611;13223.085
;;-9819.611;13213.853
;;-9831.92;13204.621
;;-9841.152;13183.08
;;-9831.92;13170.771
;;-9834.997;13167.694
;;-9834.997;13180.003
;;-9828.843;13183.08
;;-9816.533;13198.466
;;-9807.302;13213.853
;;-9794.992;13229.239
;;-9798.07;13238.471
;;-9804.224;13235.394
;;-9788.838;13250.78
;;-9798.07;13241.548
;;-9788.838;13250.78
;;-9794.992;13238.471
;;-9798.07;13232.317
;;-9813.456;13192.312
;;-9819.611;13152.307
;;-9819.611;13136.921
;;-9819.611;13127.689
;;-9816.533;13136.921
;;-9828.843;13158.462
;;-9831.92;13167.694
;;-9831.92;13167.694
;;-9816.533;13170.771
;;-9798.07;13198.466
;;-9791.915;13213.853
;;-9794.992;13253.858
;;-9798.07;13266.167
;;-9801.147;13266.167
;;-9801.147;13266.167
;;-9807.302;13210.776
;;-9813.456;13201.544
;;-9816.533;13183.08
;;-9819.611;13167.694
;;-9831.92;13161.539
;;-9838.074;13146.153
;;-9844.229;13143.075
;;-9834.997;13146.153
;;-9831.92;13164.616
;;-9828.843;13170.771
;;-9813.456;13204.621
;;-9807.302;13220.007
;;-9801.147;13223.085
;;-9791.915;13235.394
;;-9785.761;13244.626
;;-9791.915;13253.858
;;-9788.838;13256.935
;;-9791.915;13256.935
;;-9788.838;13253.858
;;-9798.07;13235.394
;;-9804.224;13213.853
;;-9813.456;13195.389
;;-9816.533;13192.312
;;-9828.843;13176.925
;;-9834.997;13164.616
;;-9838.074;13158.462
;;-9834.997;13164.616
;;-9822.688;13183.08
;;-9813.456;13216.93
;;-9807.302;13235.394
;;-9807.302;13247.703
;;-9801.147;13263.089
;;-9804.224;13284.63
;;-9801.147;13287.708
;;-9791.915;13281.553
;;-9785.761;13281.553
;;-9804.224;13266.167
;;-9801.147;13241.548
;;-9785.761;13229.239
;;-9794.992;13220.007
;;-9807.302;13195.389
;;-9813.456;13186.157
;;-9819.611;13173.848
;;-9828.843;13161.539
;;-9831.92;13146.153
;;-9822.688;13161.539
;;-9807.302;13198.466
;;-9804.224;13238.471
;;-9801.147;13269.244
;;-9801.147;13284.63
;;-9807.302;13293.862
;;-9810.379;13290.785
;;-9810.379;13278.476
;;-9813.456;13260.012
;;-9807.302;13269.244
;;-9804.224;13269.244
;;-9801.147;13263.089
;;-9788.838;13250.78
;;-9807.302;13238.471
;;-9828.843;13201.544
;;-9825.765;13186.157
;;-9834.997;13164.616
;;-9841.152;13158.462
;;-9844.229;13155.384
;;-9841.152;13173.848
;;-9838.074;13183.08
;;-9822.688;13207.698
;;-9816.533;13235.394
;;-9810.379;13263.089
;;-9813.456;13275.399
;;-9807.302;13278.476
;;-9801.147;13278.476
;;-9807.302;13260.012
;;-9810.379;13266.167
;;-9810.379;13275.399
;;-9819.611;13269.244
;;-9816.533;13263.089
;;-9819.611;13241.548
;;-9828.843;13220.007
;;-9825.765;13204.621
;;-9825.765;13198.466
;;-9844.229;13186.157
;;-9853.461;13173.848
;;-9841.152;13180.003
;;-9834.997;13180.003
;;-9819.611;13226.162
;;-9813.456;13253.858
;;-9822.688;13204.621
;;-9804.224;13272.321
;;-9804.224;13269.244
;;-9810.379;13269.244
;;-9801.147;13269.244
;;-9801.147;13272.321
;;-9798.07;13281.553
;;-9798.07;13281.553
;;-9804.224;13275.399
;;-9807.302;13272.321
;;-9813.456;13263.089
;;-9816.533;13263.089
;;-9816.533;13244.626
;;-9813.456;13232.317
;;-9813.456;13213.853
;;-9825.765;13210.776
;;-9834.997;13201.544
;;-9841.152;13195.389
;;-9850.384;13183.08
;;-9838.074;13201.544
;;-9819.611;13256.935
;;-9831.92;13229.239
;;-9819.611;13272.321
;;-9816.533;13275.399
;;-9813.456;13278.476
;;-9822.688;13266.167
;;-9810.379;13275.399
;;-9807.302;13281.553
;;-9819.611;13287.708
;;-9828.843;13260.012
;;-9819.611;13281.553
;;-9838.074;13201.544
;;-9834.997;13235.394
;;-9834.997;13213.853
;;-9838.074;13180.003
;;-9841.152;13180.003
;;-9844.229;13183.08
;;-9847.306;13192.312
;;-9841.152;13216.93
;;-9828.843;13235.394
;;-9819.611;13250.78
;;-9819.611;13256.935
;;-9816.533;13272.321
;;-9813.456;13281.553
;;-9810.379;13287.708
;;-9810.379;13296.94
;;-9807.302;13296.94
;;-9807.302;13300.017
;;-9822.688;13287.708
;;-9819.611;13272.321
;;-9828.843;13253.858
;;-9831.92;13226.162
;;-9838.074;13223.085
;;-9841.152;13207.698
;;-9844.229;13201.544
;;-9844.229;13198.466
;;-9838.074;13213.853
;;-9847.306;13198.466
;;-9831.92;13229.239
;;-9828.843;13247.703
;;-9819.611;13275.399
;;-9816.533;13278.476
;;-9807.302;13287.708
;;-9801.147;13293.862
;;-9807.302;13309.249
;;-9804.224;13318.48
;;-9807.302;13306.171
;;-9810.379;13296.94
;;-9810.379;13284.63
;;-9810.379;13272.321
;;-9816.533;13253.858
;;-9825.765;13235.394
;;-9828.843;13232.317
;;-9831.92;13223.085
;;-9834.997;13213.853
;;-9841.152;13213.853
;;-9838.074;13220.007
;;-9825.765;13229.239
;;-9816.533;13238.471
;;-9807.302;13253.858
;;-9801.147;13293.862
;;-9798.07;13306.171
;;-9801.147;13275.399
;;-9794.992;13324.635
;;-9798.07;13352.331
;;-9785.761;13336.944
;;-9816.533;13336.944
;;-9819.611;13324.635
;;-9825.765;13281.553
;;-9831.92;13244.626
;;-9841.152;13220.007
;;-9838.074;13201.544
;;-9838.074;13201.544
;;-9847.306;13210.776
;;-9847.306;13204.621
;;-9844.229;13204.621
;;-9831.92;13226.162
;;-9822.688;13241.548
;;-9804.224;13256.935
;;-9791.915;13287.708
;;-9785.761;13306.171
;;-9791.915;13312.326
;;-9788.838;13315.403
;;-9776.529;13330.79
;;-9798.07;13321.558
;;-9816.533;13290.785
;;-9825.765;13278.476
;;-9825.765;13260.012
;;-9807.302;13250.78
;;-9816.533;13241.548
;;-9822.688;13235.394
;;-9825.765;13226.162
;;-9834.997;13216.93
;;-9834.997;13223.085
;;-9828.843;13226.162
;;-9819.611;13232.317
;;-9807.302;13244.626
;;-9804.224;13253.858
;;-9788.838;13278.476
;;-9782.683;13296.94
;;-9794.992;13300.017
;;-9807.302;13296.94
;;-9794.992;13272.321
;;-9791.915;13278.476
;;-9807.302;13303.094
;;-9801.147;13315.403
;;-9807.302;13306.171
;;-9801.147;13300.017
;;-9798.07;13284.63
;;-9807.302;13269.244
;;-9822.688;13250.78
;;-9831.92;13241.548
;;-9834.997;13241.548
;;-9838.074;13235.394
;;-9838.074;13229.239
;;-9841.152;13226.162
;;-9838.074;13247.703
;;-9825.765;13253.858
;;-9804.224;13281.553
;;-9794.992;13290.785
;;-9822.688;13269.244
;;-9804.224;13290.785
;;-9798.07;13309.249
;;-9794.992;13309.249
;;-9791.915;13312.326
;;-9804.224;13281.553
;;-9791.915;13306.171
;;-9807.302;13253.858
;;-9801.147;13318.48
;;-9794.992;13315.403
;;-9798.07;13309.249
;;-9819.611;13229.239
;;-9822.688;13220.007
;;-9828.843;13210.776
;;-9828.843;13216.93
;;-9813.456;13204.621
;;-9825.765;13223.085
;;-9816.533;13229.239
;;-9804.224;13256.935
;;-9804.224;13278.476
;;-9807.302;13296.94
;;-9791.915;13324.635
;;-9785.761;13336.944
;;-9782.683;13340.021
;;-9782.683;13343.099
;;-9785.761;13330.79
;;-9794.992;13306.171
;;-9791.915;13290.785
;;-9801.147;13290.785
;;-9825.765;13269.244
;;-9841.152;13235.394
;;-9847.306;13204.621
;;-9838.074;13220.007
;;-9838.074;13210.776
;;-9838.074;13204.621
;;-9838.074;13210.776
;;-9847.306;13201.544
;;-9816.533;13232.317
;;-9791.915;13263.089
;;-9782.683;13284.63
;;-9794.992;13300.017
;;-9794.992;13306.171
;;-9798.07;13306.171
;;-9791.915;13306.171
;;-9782.683;13309.249
;;-9785.761;13315.403
;;-9782.683;13312.326
;;-9798.07;13303.094
;;-9813.456;13281.553
;;-9834.997;13256.935
;;-9853.461;13223.085
;;-9850.384;13204.621
;;-9850.384;13183.08
;;-9828.843;13176.925
;;-9825.765;13207.698
;;-9822.688;13226.162
;;-9813.456;13238.471
;;-9807.302;13266.167
;;-9798.07;13284.63
;;-9801.147;13318.48
;;-9794.992;13321.558
;;-9791.915;13327.712
;;-9798.07;13333.867
;;-9810.379;13318.48
;;-9816.533;13303.094
;;-9819.611;13284.63
;;-9822.688;13275.399
;;-9813.456;13266.167
;;-9819.611;13256.935
;;-9831.92;13238.471
;;-9838.074;13226.162
;;-9838.074;13220.007
;;-9841.152;13207.698
;;-9847.306;13207.698
;;-9844.229;13220.007
;;-9831.92;13235.394
;;-9822.688;13250.78
;;-9822.688;13306.171
;;-9816.533;13290.785
;;-9819.611;13269.244
;;-9810.379;13315.403
;;-9810.379;13327.712
;;-9810.379;13324.635
;;-9813.456;13324.635
;;-9813.456;13315.403
;;-9810.379;13306.171
;;-9804.224;13293.862
;;-9801.147;13275.399
;;-9813.456;13256.935
;;-9819.611;13241.548
;;-9825.765;13238.471
;;-9825.765;13235.394
;;-9831.92;13229.239
;;-9819.611;13229.239
;;-9816.533;13244.626
;;-9810.379;13263.089
;;-9813.456;13266.167
;;-9810.379;13269.244
;;-9813.456;13275.399
;;-9801.147;13278.476
;;-9804.224;13290.785
;;-9794.992;13303.094
;;-9801.147;13281.553
;;-9798.07;13312.326
;;-9807.302;13312.326
;;-9813.456;13312.326
;;-9810.379;13306.171
;;-9807.302;13303.094
;;-9816.533;13284.63
;;-9834.997;13253.858
;;-9838.074;13238.471
;;-9838.074;13235.394
;;-9834.997;13223.085
;;-9828.843;13223.085
;;-9825.765;13235.394
;;-9834.997;13244.626
;;-9834.997;13247.703
;;-9828.843;13247.703
;;-9819.611;13272.321
;;-9807.302;13309.249
;;-9801.147;13321.558
;;-9807.302;13296.94
;;-9798.07;13340.021
;;-9798.07;13343.099
;;-9813.456;13303.094
;;-9794.992;13340.021
;;-9804.224;13327.712
;;-9810.379;13284.63
;;-9804.224;13269.244
;;-9816.533;13260.012
;;-9819.611;13247.703
;;-9831.92;13232.317
;;-9838.074;13220.007
;;-9831.92;13220.007
;;-9825.765;13216.93
;;-9819.611;13229.239
;;-9810.379;13244.626
;;-9804.224;13260.012
;;-9788.838;13281.553
;;-9791.915;13296.94
;;-9788.838;13306.171
;;-9791.915;13315.403
;;-9804.224;13318.48
;;-9813.456;13330.79
;;-9819.611;13333.867
;;-9813.456;13336.944
;;-9810.379;13343.099
;;-9816.533;13330.79
;;-9822.688;13318.48
;;-9856.538;13235.394
;;-9853.461;13229.239
;;-9856.538;13226.162
;;-9850.384;13220.007
;;-9838.074;13220.007
;;-9838.074;13284.63
;;-9831.92;13244.626
;;-9828.843;13278.476
;;-9825.765;13296.94
;;-9810.379;13315.403
;;-9810.379;13327.712
;;-9816.533;13306.171
;;-9804.224;13340.021
;;-9804.224;13336.944
;;-9798.07;13330.79
;;-9794.992;13327.712
;;-9788.838;13315.403
;;-9798.07;13318.48
;;-9791.915;13309.249
;;-9825.765;13269.244
;;-9831.92;13232.317
;;-9844.229;13220.007
;;-9834.997;13207.698
;;-9828.843;13210.776
;;-9831.92;13232.317
;;-9828.843;13241.548
;;-9810.379;13300.017
;;-9822.688;13266.167
;;-9804.224;13318.48
;;-9807.302;13327.712
;;-9810.379;13333.867
;;-9804.224;13349.253
;;-9804.224;13336.944
;;-9801.147;13324.635
;;-9813.456;13312.326
;;-9816.533;13300.017
;;-9813.456;13293.862
;;-9807.302;13263.089
;;-9822.688;13253.858
;;-9825.765;13247.703
;;-9844.229;13229.239
;;-9844.229;13232.317
;;-9831.92;13244.626
;;-9822.688;13260.012
;;-9813.456;13284.63
;;-9794.992;13315.403
;;-9794.992;13324.635
;;-9794.992;13309.249
;;-9807.302;13284.63
;;-9804.224;13312.326
;;-9798.07;13315.403
;;-9798.07;13318.48
;;-9798.07;13318.48
;;-9798.07;13309.249
;;-9807.302;13306.171
;;-9816.533;13293.862
;;-9819.611;13244.626
;;-9825.765;13244.626
;;-9810.379;13260.012
;;-9831.92;13238.471
;;-9831.92;13244.626
;;-9834.997;13238.471
;;-9831.92;13244.626
;;-9825.765;13250.78
;;-9807.302;13275.399
;;-9801.147;13296.94
;;-9794.992;13306.171
;;-9794.992;13296.94
;;-9807.302;13312.326
;;-9819.611;13306.171
;;-9819.611;13312.326
;;-9816.533;13309.249
;;-9813.456;13306.171
;;-9810.379;13303.094
;;-9813.456;13281.553
;;-9816.533;13263.089
;;-9822.688;13260.012
;;-9822.688;13260.012
;;-9825.765;13250.78
;;-9825.765;13250.78
;;-9825.765;13278.476
;;-9825.765;13269.244
;;-9822.688;13281.553
;;-9810.379;13281.553
;;-9804.224;13306.171
;;-9810.379;13312.326
;;-9807.302;13303.094
;;-9801.147;13312.326
;;-9798.07;13318.48
;;-9801.147;13324.635
;;-9804.224;13321.558
;;-9801.147;13309.249
;;-9788.838;13309.249
;;-9804.224;13287.708
;;-9813.456;13269.244
;;-9816.533;13256.935
;;-9822.688;13244.626
;;-9831.92;13201.544
;;-9822.688;13204.621
;;-9816.533;13229.239
;;-9816.533;13253.858
;;-9807.302;13293.862
;;-9801.147;13324.635
;;-9810.379;13330.79
;;-9816.533;13327.712
;;-9813.456;13312.326
;;-9798.07;13309.249
;;-9791.915;13318.48
;;-9788.838;13315.403
;;-9807.302;13312.326
;;-9807.302;13309.249
;;-9804.224;13287.708
;;-9810.379;13269.244
;;-9822.688;13241.548
;;-9822.688;13213.853
;;-9822.688;13213.853
;;-9831.92;13207.698
;;-9825.765;13216.93
;;-9819.611;13238.471
;;-9810.379;13269.244
;;-9801.147;13303.094
;;-9798.07;13318.48
;;-9794.992;13330.79
;;-9798.07;13340.021
;;-9788.838;13346.176
;;-9794.992;13336.944
;;-9798.07;13318.48
;;-9794.992;13312.326
;;-9798.07;13312.326
;;-9798.07;13296.94
;;-9798.07;13275.399
;;-9819.611;13263.089
;;-9841.152;13247.703
;;-9853.461;13235.394
;;-9853.461;13223.085
;;-9850.384;13223.085
;;-9844.229;13232.317
;;-9828.843;13250.78
;;-9819.611;13284.63
;;-9819.611;13296.94
;;-9813.456;13312.326
;;-9810.379;13315.403
;;-9807.302;13324.635
;;-9801.147;13324.635
;;-9798.07;13327.712
;;-9791.915;13321.558
;;-9788.838;13318.48
;;-9785.761;13315.403
;;-9788.838;13309.249
;;-9791.915;13303.094
;;-9798.07;13263.089
;;-9798.07;13287.708
;;-9798.07;13235.394
;;-9810.379;13226.162
;;-9819.611;13220.007
;;-9822.688;13216.93
;;-9825.765;13229.239
;;-9831.92;13244.626
;;-9822.688;13266.167
;;-9825.765;13269.244
;;-9822.688;13281.553
;;-9816.533;13312.326
;;-9819.611;13303.094
;;-9822.688;13324.635
;;-9819.611;13324.635
;;-9807.302;13321.558
;;-9794.992;13327.712
;;-9791.915;13330.79
;;-9782.683;13340.021
;;-9788.838;13324.635
;;-9794.992;13315.403
;;-9819.611;13287.708
;;-9828.843;13247.703
;;-9834.997;13232.317
;;-9831.92;13226.162
;;-9828.843;13226.162
;;-9838.074;13229.239
;;-9834.997;13244.626
;;-9831.92;13260.012
;;-9831.92;13284.63
;;-9816.533;13296.94
;;-9807.302;13306.171
;;-9798.07;13315.403
;;-9804.224;13318.48
;;-9801.147;13333.867
;;-9813.456;13336.944
;;-9816.533;13333.867
;;-9813.456;13340.021
;;-9807.302;13330.79
;;-9810.379;13309.249
;;-9822.688;13290.785
;;-9825.765;13278.476
;;-9838.074;13250.78
;;-9841.152;13241.548
;;-9838.074;13241.548
;;-9856.538;13241.548
;;-9850.384;13250.78
;;-9838.074;13266.167
;;-9828.843;13284.63
;;-9816.533;13293.862
;;-9813.456;13312.326
;;-9810.379;13318.48
;;-9807.302;13327.712
;;-9804.224;13324.635
;;-9798.07;13333.867
;;-9791.915;13349.253
;;-9788.838;13352.331
;;-9798.07;13330.79
;;-9807.302;13312.326
;;-9807.302;13293.862
;;-9822.688;13260.012
;;-9834.997;13232.317
;;-9844.229;13216.93
;;-9850.384;13220.007
;;-9853.461;13220.007
;;-9847.306;13238.471
;;-9844.229;13247.703
;;-9838.074;13269.244
;;-9825.765;13296.94
;;-9813.456;13318.48
;;-9810.379;13343.099
;;-9813.456;13352.331
;;-9825.765;13349.253
;;-9828.843;13343.099
;;-9813.456;13340.021
;;-9798.07;13336.944
;;-9801.147;13309.249
;;-9798.07;13296.94
;;-9801.147;13287.708
;;-9810.379;13278.476
;;-9813.456;13269.244
;;-9819.611;13266.167
;;-9831.92;13263.089
;;-9834.997;13263.089
;;-9844.229;13256.935
;;-9844.229;13256.935
;;-9850.384;13247.703
;;-9834.997;13253.858
;;-9816.533;13281.553
;;-9801.147;13296.94
;;-9794.992;13315.403
;;-9791.915;13333.867
;;-9788.838;13346.176
;;-9782.683;13346.176
;;-9782.683;13343.099
;;-9794.992;13324.635
;;-9813.456;13321.558
;;-9825.765;13296.94
;;-9831.92;13269.244
;;-9841.152;13253.858
;;-9838.074;13247.703
;;-9838.074;13247.703
;;-9838.074;13247.703
;;-9834.997;13238.471
;;-9828.843;13244.626
;;-9807.302;13269.244
;;-9798.07;13287.708
;;-9782.683;13315.403
;;-9782.683;13330.79
;;-9785.761;13333.867
;;-9794.992;13340.021
;;-9807.302;13324.635
;;-9794.992;13336.944
;;-9801.147;13324.635
;;-9804.224;13321.558
;;-9794.992;13312.326
;;-9801.147;13303.094
;;-9813.456;13287.708
;;-9834.997;13266.167
;;-9825.765;13281.553
;;-9844.229;13256.935
;;-9853.461;13256.935
;;-9847.306;13260.012
;;-9844.229;13266.167
;;-9838.074;13281.553
;;-9831.92;13290.785
;;-9825.765;13309.249
;;-9828.843;13303.094
;;-9834.997;13296.94
;;-9794.992;13309.249
;;-9788.838;13324.635
;;-9791.915;13343.099
;;-9794.992;13346.176
;;-9794.992;13336.944
;;-9788.838;13336.944
;;-9801.147;13333.867
;;-9816.533;13327.712
;;-9813.456;13312.326
;;-9834.997;13278.476
;;-9834.997;13238.471
;;-9844.229;13247.703
;;-9834.997;13235.394
;;-9828.843;13241.548
;;-9828.843;13244.626
;;-9834.997;13250.78
;;-9825.765;13269.244
;;-9810.379;13287.708
;;-9798.07;13312.326
;;-9791.915;13324.635
;;-9791.915;13340.021
;;-9794.992;13349.253
;;-9791.915;13352.331
;;-9791.915;13352.331
;;-9810.379;13355.408
;;-9810.379;13340.021
;;-9816.533;13336.944
;;-9816.533;13321.558
;;-9819.611;13296.94
;;-9825.765;13278.476
;;-9834.997;13256.935
;;-9844.229;13238.471
;;-9834.997;13238.471
;;-9834.997;13241.548
;;-9831.92;13253.858
;;-9831.92;13263.089
;;-9819.611;13290.785
;;-9804.224;13318.48
;;-9804.224;13330.79
;;-9801.147;13324.635
;;-9804.224;13340.021
;;-9794.992;13340.021
;;-9776.529;13343.099
;;-9773.451;13352.331
;;-9776.529;13349.253
;;-9779.606;13343.099
;;-9785.761;13324.635
;;-9791.915;13315.403
;;-9810.379;13290.785
;;-9834.997;13253.858
;;-9834.997;13250.78
;;-9834.997;13247.703
;;-9838.074;13241.548
;;-9828.843;13250.78
;;-9825.765;13266.167
;;-9816.533;13281.553
;;-9804.224;13300.017
;;-9785.761;13321.558
;;-9819.611;13333.867
;;-9782.683;13340.021
;;-9788.838;13336.944
;;-9804.224;13333.867
;;-9807.302;13336.944
;;-9813.456;13333.867
;;-9816.533;13324.635
;;-9816.533;13330.79
;;-9822.688;13315.403
;;-9831.92;13303.094
;;-9841.152;13293.862
;;-9847.306;13272.321
;;-9847.306;13260.012
;;-9847.306;13263.089
;;-9844.229;13260.012
;;-9847.306;13266.167
;;-9841.152;13269.244
;;-9825.765;13290.785
;;-9810.379;13324.635
;;-9813.456;13330.79
;;-9813.456;13327.712
;;-9801.147;13321.558
;;-9773.451;13343.099
;;-9776.529;13340.021
;;-9782.683;13340.021
;;-9791.915;13333.867
;;-9785.761;13330.79
;;-9788.838;13327.712
;;-9794.992;13312.326
;;-9810.379;13312.326
;;-9828.843;13293.862
;;-9844.229;13272.321
;;-9838.074;13256.935
;;-9844.229;13256.935
;;-9844.229;13260.012
;;-9847.306;13266.167
;;-9841.152;13284.63
;;-9828.843;13293.862
;;-9825.765;13309.249
;;-9810.379;13333.867
;;-9804.224;13349.253
;;-9791.915;13349.253
;;-9773.451;13355.408
;;-9776.529;13358.485
;;-9773.451;13358.485
;;-9764.22;13343.099
;;-9754.988;13327.712
;;-9767.297;13324.635
;;-9785.761;13312.326
;;-9751.91;13324.635
;;-9804.224;13293.862
;;-9828.843;13269.244
;;-9853.461;13256.935
;;-9875.002;13253.858
;;-9853.461;13256.935
;;-9865.77;13272.321
;;-9862.693;13290.785
;;-9847.306;13300.017
;;-9838.074;13306.171
;;-9822.688;13321.558
;;-9816.533;13340.021
;;-9813.456;13349.253
;;-9813.456;13358.485
;;-9819.611;13358.485
;;-9819.611;13367.717
;;-9822.688;13370.794
;;-9816.533;13370.794
;;-9813.456;13367.717
;;-9804.224;13358.485
;;-9810.379;13340.021
;;-9807.302;13309.249
;;-9813.456;13287.708
;;-9828.843;13275.399
;;-9838.074;13266.167
;;-9831.92;13256.935
;;-9834.997;13260.012
;;-9828.843;13263.089
;;-9831.92;13278.476
;;-9822.688;13300.017
;;-9810.379;13315.403
;;-9807.302;13324.635
;;-9804.224;13333.867
;;-9798.07;13343.099
;;-9798.07;13355.408
;;-9798.07;13355.408
;;-9801.147;13358.485
;;-9801.147;13358.485
;;-9801.147;13355.408
;;-9798.07;13358.485
;;-9801.147;13349.253
;;-9825.765;13315.403
;;-9813.456;13327.712
;;-9838.074;13287.708
;;-9850.384;13263.089
;;-9856.538;13256.935
;;-9853.461;13253.858
;;-9834.997;13272.321
;;-9834.997;13290.785
;;-9831.92;13309.249
;;-9813.456;13333.867
;;-9804.224;13346.176
;;-9798.07;13361.562
;;-9798.07;13367.717
;;-9798.07;13370.794
;;-9794.992;13364.64
;;-9804.224;13355.408
;;-9788.838;13349.253
;;-9791.915;13352.331
;;-9801.147;13352.331
;;-9801.147;13340.021
;;-9816.533;13318.48
;;-9825.765;13290.785
;;-9838.074;13275.399
;;-9834.997;13266.167
;;-9822.688;13300.017
;;-9828.843;13284.63
;;-9831.92;13266.167
;;-9810.379;13293.862
;;-9798.07;13315.403
;;-9779.606;13340.021
;;-9782.683;13364.64
;;-9782.683;13383.103
;;-9785.761;13389.258
;;-9798.07;13386.181
;;-9819.611;13367.717
;;-9825.765;13346.176
;;-9819.611;13340.021
;;-9822.688;13343.099
;;-9828.843;13318.48
;;-9825.765;13336.944
;;-9838.074;13300.017
;;-9850.384;13278.476
;;-9850.384;13278.476
;;-9853.461;13275.399
;;-9841.152;13290.785
;;-9841.152;13300.017
;;-9828.843;13315.403
;;-9822.688;13343.099
;;-9807.302;13361.562
;;-9798.07;13383.103
;;-9801.147;13389.258
;;-9807.302;13392.335
;;-9804.224;13373.872
;;-9788.838;13367.717
;;-9791.915;13373.872
;;-9794.992;13370.794
;;-9804.224;13355.408
;;-9825.765;13333.867
;;-9838.074;13303.094
;;-9807.302;13358.485
;;-9813.456;13336.944
;;-9828.843;13306.171
;;-9834.997;13293.862
;;-9841.152;13296.94
;;-9838.074;13293.862
;;-9834.997;13306.171
;;-9831.92;13312.326
;;-9810.379;13346.176
;;-9801.147;13392.335
;;-9828.843;13321.558
;;-9804.224;13376.949
;;-9801.147;13407.722
;;-9804.224;13404.644
;;-9807.302;13404.644
;;-9819.611;13373.872
;;-9819.611;13358.485
;;-9813.456;13392.335
;;-9816.533;13349.253
;;-9822.688;13340.021
;;-9844.229;13290.785
;;-9853.461;13287.708
;;-9850.384;13290.785
;;-9847.306;13284.63
;;-9841.152;13290.785
;;-9828.843;13324.635
;;-9838.074;13309.249
;;-9847.306;13275.399
;;-9831.92;13343.099
;;-9825.765;13358.485
;;-9819.611;13370.794
;;-9807.302;13376.949
;;-9804.224;13373.872
;;-9798.07;13367.717
;;-9813.456;13373.872
;;-9798.07;13358.485
;;-9794.992;13355.408
;;-9807.302;13333.867
;;-9819.611;13290.785
;;-9828.843;13278.476
;;-9834.997;13269.244
;;-9834.997;13275.399
;;-9834.997;13284.63
;;-9825.765;13296.94
;;-9819.611;13312.326
;;-9822.688;13327.712
;;-9816.533;13358.485
;;-9828.843;13358.485
;;-9825.765;13376.949
;;-9819.611;13383.103
;;-9813.456;13380.026
;;-9834.997;13361.562
;;-9819.611;13373.872
;;-9828.843;13349.253
;;-9825.765;13340.021
;;-9810.379;13340.021
;;-9804.224;13333.867
;;-9825.765;13300.017
;;-9838.074;13275.399
;;-9850.384;13256.935
;;-9844.229;13253.858
;;-9834.997;13260.012
;;-9834.997;13266.167
;;-9825.765;13290.785
;;-9807.302;13346.176
;;-9816.533;13309.249
;;-9807.302;13355.408
;;-9807.302;13361.562
;;-9801.147;13370.794
;;-9804.224;13370.794
;;-9807.302;13364.64
;;-9819.611;13361.562
;;-9825.765;13355.408
;;-9825.765;13346.176
;;-9822.688;13327.712
;;-9816.533;13309.249
;;-9813.456;13306.171
;;-9822.688;13290.785
;;-9838.074;13275.399
;;-9847.306;13241.548
;;-9850.384;13244.626
;;-9850.384;13247.703
;;-9844.229;13256.935
;;-9838.074;13278.476
;;-9834.997;13290.785
;;-9822.688;13333.867
;;-9844.229;13256.935
;;-9822.688;13336.944
;;-9825.765;13336.944
;;-9813.456;13349.253
;;-9822.688;13340.021
;;-9804.224;13358.485
;;-9788.838;13346.176
;;-9798.07;13355.408
;;-9791.915;13349.253
;;-9788.838;13336.944
;;-9791.915;13330.79
;;-9822.688;13278.476
;;-9838.074;13266.167
;;-9838.074;13263.089
;;-9847.306;13244.626
;;-9847.306;13244.626
;;-9844.229;13253.858
;;-9838.074;13269.244
;;-9831.92;13272.321
;;-9816.533;13296.94
;;-9810.379;13303.094
;;-9794.992;13327.712
;;-9791.915;13315.403
;;-9791.915;13336.944
;;-9785.761;13355.408
;;-9788.838;13361.562
;;-9788.838;13361.562
;;-9785.761;13352.331
;;-9782.683;13343.099
;;-9798.07;13327.712
;;-9813.456;13290.785
;;-9822.688;13244.626
;;-9828.843;13229.239
;;-9838.074;13235.394
;;-9853.461;13232.317
;;-9862.693;13238.471
;;-9865.77;13241.548
;;-9862.693;13266.167
;;-9865.77;13275.399
;;-9841.152;13309.249
;;-9828.843;13321.558
;;-9816.533;13336.944
;;-9810.379;13340.021
;;-9810.379;13355.408
;;-9813.456;13370.794
;;-9822.688;13355.408
;;-9822.688;13336.944
;;-9813.456;13324.635
;;-9804.224;13318.48
;;-9810.379;13303.094
;;-9828.843;13241.548
;;-9828.843;13232.317
;;-9850.384;13232.317
;;-9865.77;13229.239
;;-9878.079;13229.239
;;-9875.002;13232.317
;;-9871.924;13238.471
;;-9856.538;13247.703
;;-9828.843;13281.553
;;-9816.533;13327.712
;;-9819.611;13296.94
;;-9819.611;13346.176
;;-9822.688;13352.331
;;-9819.611;13343.099
;;-9807.302;13336.944
;;-9798.07;13355.408
;;-9801.147;13352.331
;;-9807.302;13336.944
;;-9807.302;13303.094
;;-9807.302;13250.78
;;-9810.379;13232.317
;;-9816.533;13213.853
;;-9825.765;13201.544
;;-9828.843;13201.544
;;-9819.611;13220.007
;;-9819.611;13229.239
;;-9822.688;13238.471
;;-9825.765;13256.935
;;-9822.688;13260.012
;;-9816.533;13269.244
;;-9804.224;13272.321
;;-9798.07;13278.476
;;-9782.683;13278.476
;;-9770.374;13284.63
;;-9764.22;13300.017
;;-9770.374;13300.017
;;-9773.451;13293.862
;;-9776.529;13303.094
;;-9788.838;13293.862
;;-9810.379;13266.167
;;-9834.997;13253.858
;;-9847.306;13232.317
;;-9871.924;13183.08
;;-9862.693;13170.771
;;-9853.461;13170.771
;;-9853.461;13180.003
;;-9834.997;13201.544
;;-9831.92;13204.621
;;-9816.533;13232.317
;;-9798.07;13275.399
;;-9804.224;13247.703
;;-9794.992;13284.63
;;-9773.451;13300.017
;;-9782.683;13287.708
;;-9770.374;13303.094
;;-9764.22;13281.553
;;-9773.451;13260.012
;;-9791.915;13210.776
;;-9773.451;13306.171
;;-9834.997;13192.312
;;-9847.306;13183.08
;;-9822.688;13201.544
;;-9838.074;13180.003
;;-9841.152;13198.466
;;-9834.997;13210.776
;;-9819.611;13207.698
;;-9798.07;13216.93
;;-9798.07;13244.626
;;-9779.606;13272.321
;;-9782.683;13253.858
;;-9779.606;13284.63
;;-9779.606;13293.862
;;-9776.529;13296.94
;;-9794.992;13303.094
;;-9791.915;13290.785
;;-9807.302;13260.012
;;-9804.224;13266.167
;;-9807.302;13223.085
;;-9807.302;13198.466
;;-9828.843;13186.157
;;-9838.074;13183.08
;;-9834.997;13176.925
;;-9831.92;13201.544
;;-9834.997;13195.389
;;-9816.533;13232.317
;;-9825.765;13220.007
;;-9798.07;13253.858
;;-9776.529;13256.935
;;-9776.529;13263.089
;;-9773.451;13253.858
;;-9782.683;13275.399
;;-9785.761;13260.012
;;-9785.761;13260.012
;;-9773.451;13260.012
;;-9798.07;13263.089
;;-9801.147;13244.626
;;-9804.224;13226.162
;;-9810.379;13210.776
;;-9807.302;13253.858
;;-9819.611;13183.08
;;-9822.688;13161.539
;;-9813.456;13170.771
;;-9801.147;13170.771
;;-9801.147;13173.848
;;-9794.992;13192.312
;;-9788.838;13223.085
;;-9782.683;13244.626
;;-9773.451;13250.78
;;-9776.529;13253.858
;;-9767.297;13263.089
;;-9776.529;13269.244
;;-9779.606;13244.626
;;-9767.297;13244.626
;;-9758.065;13241.548
;;-9764.22;13229.239
;;-9767.297;13220.007
;;-9776.529;13201.544
;;-9779.606;13192.312
;;-9785.761;13176.925
;;-9788.838;13158.462
;;-9785.761;13161.539
;;-9791.915;13161.539
;;-9788.838;13170.771
;;-9788.838;13176.925
;;-9782.683;13183.08
;;-9776.529;13210.776
;;-9767.297;13226.162
;;-9758.065;13263.089
;;-9764.22;13256.935
;;-9767.297;13238.471
;;-9751.91;13260.012
;;-9748.833;13260.012
;;-9751.91;13266.167
;;-9758.065;13263.089
;;-9758.065;13250.78
;;-9764.22;13241.548
;;-9782.683;13207.698
;;-9798.07;13176.925
;;-9810.379;13161.539
;;-9819.611;13155.384
;;-9810.379;13143.075
;;-9810.379;13161.539
;;-9804.224;13170.771
;;-9794.992;13195.389
;;-9794.992;13223.085
;;-9791.915;13241.548
;;-9791.915;13244.626
;;-9776.529;13244.626
;;-9776.529;13266.167
;;-9776.529;13269.244
;;-9773.451;13272.321
;;-9776.529;13272.321
;;-9767.297;13266.167
;;-9776.529;13272.321
;;-9782.683;13263.089
;;-9801.147;13226.162
;;-9807.302;13198.466
;;-9810.379;13189.235
;;-9822.688;13183.08
;;-9828.843;13180.003
;;-9819.611;13167.694
;;-9813.456;13180.003
;;-9822.688;13170.771
;;-9828.843;13189.235
;;-9801.147;13220.007
;;-9776.529;13220.007
;;-9773.451;13238.471
;;-9773.451;13260.012
;;-9770.374;13275.399
;;-9767.297;13281.553
;;-9776.529;13284.63
;;-9776.529;13281.553
;;-9767.297;13275.399
;;-9761.142;13269.244
;;-9767.297;13260.012
;;-9782.683;13247.703
;;-9798.07;13213.853
;;-9804.224;13198.466
;;-9807.302;13186.157
;;-9804.224;13189.235
;;-9807.302;13189.235
;;-9807.302;13192.312
;;-9801.147;13201.544
;;-9788.838;13220.007
;;-9779.606;13238.471
;;-9764.22;13250.78
;;-9758.065;13263.089
;;-9761.142;13278.476
;;-9761.142;13300.017
;;-9758.065;13312.326
;;-9764.22;13309.249
;;-9770.374;13303.094
;;-9767.297;13300.017
;;-9773.451;13300.017
;;-9785.761;13296.94
;;-9779.606;13278.476
;;-9785.761;13250.78
;;-9791.915;13226.162
;;-9782.683;13201.544
;;-9791.915;13201.544
;;-9804.224;13210.776
;;-9804.224;13207.698
;;-9801.147;13213.853
;;-9791.915;13244.626
;;-9782.683;13278.476
;;-9782.683;13309.249
;;-9767.297;13312.326
;;-9764.22;13312.326
;;-9764.22;13324.635
;;-9773.451;13330.79
;;-9779.606;13293.862
;;-9782.683;13281.553
;;-9767.297;13284.63
;;-9758.065;13284.63
;;-9764.22;13284.63
;;-9764.22;13287.708
;;-9770.374;13269.244
;;-9785.761;13241.548
;;-9782.683;13229.239
;;-9794.992;13235.394
;;-9807.302;13232.317
;;-9816.533;13238.471
;;-9822.688;13241.548
;;-9819.611;13238.471
;;-9807.302;13260.012
;;-9785.761;13284.63
;;-9767.297;13293.862
;;-9767.297;13306.171
;;-9770.374;13315.403
;;-9761.142;13330.79
;;-9751.91;13318.48
;;-9751.91;13309.249
;;-9748.833;13300.017
;;-9745.756;13293.862
;;-9745.756;13281.553
;;-9779.606;13247.703
;;-9764.22;13266.167
;;-9804.224;13229.239
;;-9822.688;13223.085
;;-9831.92;13198.466
;;-9813.456;13232.317
;;-9822.688;13216.93
;;-9804.224;13269.244
;;-9788.838;13293.862
;;-9782.683;13306.171
;;-9782.683;13318.48
;;-9776.529;13324.635
;;-9773.451;13327.712
;;-9770.374;13330.79
;;-9767.297;13327.712
;;-9764.22;13324.635
;;-9758.065;13330.79
;;-9798.07;13241.548
;;-9810.379;13229.239
;;-9804.224;13229.239
;;-9810.379;13235.394
;;-9810.379;13241.548
;;-9801.147;13260.012
;;-9779.606;13287.708
;;-9764.22;13306.171
;;-9748.833;13327.712
;;-9739.601;13346.176
;;-9730.369;13358.485
;;-9727.292;13349.253
;;-9730.369;13346.176
;;-9733.447;13336.944
;;-9745.756;13330.79
;;-9764.22;13315.403
;;-9810.379;13263.089
;;-9785.761;13293.862
;;-9804.224;13241.548
;;-9794.992;13235.394
;;-9804.224;13235.394
;;-9807.302;13260.012
;;-9791.915;13272.321
;;-9785.761;13278.476
;;-9754.988;13309.249
;;-9739.601;13343.099
;;-9733.447;13340.021
;;-9730.369;13336.944
;;-9739.601;13355.408
;;-9754.988;13315.403
;;-9742.679;13312.326
;;-9742.679;13318.48
;;-9782.683;13321.558
;;-9761.142;13330.79
;;-9770.374;13315.403
;;-9776.529;13300.017
;;-9785.761;13269.244
;;-9807.302;13229.239
;;-9804.224;13247.703
;;-9801.147;13244.626
;;-9798.07;13256.935
;;-9794.992;13266.167
;;-9785.761;13300.017
;;-9754.988;13336.944
;;-9770.374;13321.558
;;-9767.297;13340.021
;;-9764.22;13349.253
;;-9764.22;13343.099
;;-9758.065;13346.176
;;-9751.91;13340.021
;;-9754.988;13327.712
;;-9745.756;13349.253
;;-9754.988;13327.712
;;-9758.065;13327.712
;;-9767.297;13321.558
;;-9801.147;13275.399
;;-9782.683;13300.017
;;-9804.224;13250.78
;;-9807.302;13256.935
;;-9791.915;13247.703
;;-9782.683;13256.935
;;-9770.374;13263.089
;;-9767.297;13281.553
;;-9761.142;13315.403
;;-9767.297;13343.099
;;-9767.297;13367.717
;;-9754.988;13327.712
;;-9767.297;13376.949
;;-9758.065;13364.64
;;-9764.22;13373.872
;;-9751.91;13349.253
;;-9754.988;13346.176
;;-9754.988;13333.867
;;-9767.297;13315.403
;;-9782.683;13272.321
;;-9776.529;13293.862
;;-9791.915;13256.935
;;-9791.915;13253.858
;;-9785.761;13269.244
;;-9782.683;13281.553
;;-9779.606;13303.094
;;-9770.374;13327.712
;;-9773.451;13346.176
;;-9767.297;13355.408
;;-9767.297;13364.64
;;-9770.374;13370.794
;;-9758.065;13392.335
;;-9758.065;13401.567
;;-9761.142;13407.722
;;-9754.988;13392.335
;;-9748.833;13361.562
;;-9758.065;13343.099
;;-9776.529;13309.249
;;-9785.761;13281.553
;;-9785.761;13269.244
;;-9782.683;13281.553
;;-9782.683;13284.63
;;-9782.683;13293.862
;;-9779.606;13303.094
;;-9758.065;13321.558
;;-9733.447;13349.253
;;-9739.601;13349.253
;;-9736.524;13358.485
;;-9736.524;13364.64
;;-9739.601;13370.794
;;-9742.679;13361.562
;;-9751.91;13361.562
;;-9751.91;13349.253
;;-9754.988;13349.253
;;-9764.22;13361.562
;;-9764.22;13361.562
;;-9758.065;13340.021
;;-9773.451;13309.249
;;-9754.988;13321.558
;;-9785.761;13300.017
;;-9788.838;13293.862
;;-9791.915;13296.94
;;-9794.992;13290.785
;;-9791.915;13306.171
;;-9770.374;13346.176
;;-9798.07;13293.862
;;-9754.988;13370.794
;;-9758.065;13389.258
;;-9761.142;13395.413
;;-9761.142;13395.413
;;-9767.297;13386.181
;;-9751.91;13380.026
;;-9745.756;13376.949
;;-9745.756;13370.794
;;-9754.988;13364.64
;;-9754.988;13355.408
;;-9751.91;13346.176
;;-9773.451;13324.635
;;-9788.838;13312.326
;;-9801.147;13306.171
;;-9807.302;13306.171
;;-9798.07;13324.635
;;-9798.07;13327.712
;;-9801.147;13312.326
;;-9758.065;13336.944
;;-9794.992;13333.867
;;-9745.756;13376.949
;;-9748.833;13380.026
;;-9751.91;13389.258
;;-9748.833;13398.49
;;-9751.91;13401.567
;;-9754.988;13398.49
;;-9758.065;13398.49
;;-9758.065;13386.181
;;-9761.142;13376.949
;;-9770.374;13367.717
;;-9779.606;13358.485
;;-9801.147;13315.403
;;-9804.224;13318.48
;;-9791.915;13315.403
;;-9791.915;13309.249
;;-9798.07;13293.862
;;-9794.992;13306.171
;;-9782.683;13333.867
;;-9798.07;13303.094
;;-9767.297;13370.794
;;-9764.22;13401.567
;;-9767.297;13383.103
;;-9761.142;13413.876
;;-9754.988;13429.263
;;-9748.833;13429.263
;;-9748.833;13423.108
;;-9758.065;13413.876
;;-9776.529;13395.413
;;-9776.529;13367.717
;;-9773.451;13376.949
;;-9819.611;13312.326
;;-9804.224;13333.867
;;-9813.456;13293.862
;;-9798.07;13306.171
;;-9807.302;13287.708
;;-9798.07;13321.558
;;-9798.07;13330.79
;;-9788.838;13349.253
;;-9785.761;13370.794
;;-9776.529;13376.949
;;-9770.374;13386.181
;;-9770.374;13401.567
;;-9761.142;13398.49
;;-9754.988;13395.413
;;-9764.22;13398.49
;;-9761.142;13401.567
;;-9754.988;13392.335
;;-9761.142;13376.949
;;-9773.451;13361.562
;;-9770.374;13349.253
;;-9776.529;13303.094
;;-9785.761;13296.94
;;-9794.992;13303.094
;;-9794.992;13306.171
;;-9801.147;13318.48
;;-9788.838;13333.867
;;-9788.838;13343.099
;;-9785.761;13361.562
;;-9782.683;13392.335
;;-9779.606;13401.567
;;-9767.297;13398.49
;;-9770.374;13420.031
;;-9773.451;13426.185
;;-9798.07;13389.258
;;-9779.606;13423.108
;;-9791.915;13413.876
;;-9798.07;13380.026
;;-9788.838;13373.872
;;-9785.761;13364.64
;;-9804.224;13324.635
;;-9804.224;13306.171
;;-9804.224;13309.249
;;-9801.147;13303.094
;;-9801.147;13315.403
;;-9801.147;13327.712
;;-9794.992;13336.944
;;-9788.838;13355.408
;;-9779.606;13376.949
;;-9779.606;13383.103
;;-9782.683;13404.644
;;-9764.22;13420.031
;;-9754.988;13429.263
;;-9764.22;13435.417
;;-9751.91;13435.417
;;-9776.529;13420.031
;;-9791.915;13404.644
;;-9779.606;13398.49
;;-9788.838;13370.794
;;-9816.533;13361.562
;;-9853.461;13336.944
;;-9850.384;13296.94
;;-9841.152;13278.476
;;-9834.997;13287.708
;;-9850.384;13306.171
;;-9850.384;13327.712
;;-9841.152;13340.021
;;-9794.992;13380.026
;;-9798.07;13367.717
;;-9782.683;13398.49
;;-9767.297;13410.799
;;-9761.142;13423.108
;;-9758.065;13413.876
;;-9751.91;13413.876
;;-9764.22;13407.722
;;-9770.374;13386.181
;;-9767.297;13373.872
;;-9770.374;13367.717
;;-9807.302;13343.099
;;-9813.456;13324.635
;;-9819.611;13327.712
;;-9819.611;13321.558
;;-9810.379;13330.79
;;-9810.379;13340.021
;;-9810.379;13349.253
;;-9807.302;13358.485
;;-9791.915;13373.872
;;-9785.761;13376.949
;;-9773.451;13373.872
;;-9776.529;13383.103
;;-9764.22;13398.49
;;-9761.142;13404.644
;;-9751.91;13401.567
;;-9751.91;13404.644
;;-9761.142;13407.722
;;-9764.22;13395.413
;;-9758.065;13383.103
;;-9773.451;13352.331
;;-9776.529;13318.48
;;-9788.838;13300.017
;;-9785.761;13300.017
;;-9791.915;13306.171
;;-9794.992;13315.403
;;-9788.838;13340.021
;;-9791.915;13327.712
;;-9776.529;13364.64
;;-9785.761;13352.331
;;-9770.374;13383.103
;;-9776.529;13389.258
;;-9779.606;13398.49
;;-9782.683;13401.567
;;-9779.606;13392.335
;;-9782.683;13386.181
;;-9776.529;13395.413
;;-9773.451;13380.026
;;-9773.451;13386.181
;;-9785.761;13380.026
;;-9788.838;13355.408
;;-9798.07;13333.867
;;-9819.611;13324.635
;;-9819.611;13315.403
;;-9807.302;13321.558
;;-9804.224;13321.558
;;-9798.07;13309.249
;;-9779.606;13336.944
;;-9773.451;13352.331
;;-9776.529;13373.872
;;-9782.683;13380.026
;;-9773.451;13392.335
;;-9773.451;13404.644
;;-9782.683;13413.876
;;-9785.761;13358.485
;;-9785.761;13343.099
;;-9791.915;13318.48
;;-9791.915;13309.249
;;-9785.761;13410.799
;;-9798.07;13306.171
;;-9810.379;13324.635
;;-9788.838;13423.108
;;-9804.224;13312.326
;;-9791.915;13386.181
;;-9816.533;13321.558
;;-9813.456;13321.558
;;-9785.761;13340.021
;;-9801.147;13340.021
;;-9785.761;13367.717
;;-9788.838;13392.335
;;-9782.683;13395.413
;;-9776.529;13395.413
;;-9761.142;13392.335
;;-9754.988;13373.872
;;-9748.833;13358.485
;;-9748.833;13343.099
;;-9751.91;13358.485
;;-9770.374;13336.944
;;-9794.992;13318.48
;;-9798.07;13296.94
;;-9798.07;13278.476
;;-9807.302;13266.167
;;-9813.456;13278.476
;;-9813.456;13284.63
;;-9801.147;13315.403
;;-9776.529;13333.867
;;-9770.374;13361.562
;;-9773.451;13370.794
;;-9773.451;13373.872
;;-9779.606;13367.717
;;-9773.451;13364.64
;;-9758.065;13373.872
;;-9767.297;13370.794
;;-9742.679;13376.949
;;-9742.679;13373.872
;;-9754.988;13373.872
;;-9754.988;13367.717
;;-9770.374;13349.253
;;-9788.838;13333.867
;;-9804.224;13306.171
;;-9801.147;13266.167
;;-9798.07;13244.626
;;-9782.683;13266.167
;;-9807.302;13247.703
;;-9782.683;13312.326
;;-9785.761;13330.79
;;-9785.761;13340.021
;;-9788.838;13346.176
;;-9776.529;13352.331
;;-9764.22;13367.717
;;-9764.22;13383.103
;;-9764.22;13398.49
;;-9764.22;13392.335
;;-9751.91;13376.949
;;-9764.22;13361.562
;;-9767.297;13355.408
;;-9779.606;13358.485
;;-9779.606;13340.021
;;-9779.606;13327.712
;;-9794.992;13309.249
;;-9794.992;13287.708
;;-9819.611;13272.321
;;-9764.22;13315.403
;;-9739.601;13346.176
;;-9739.601;13367.717
;;-9736.524;13376.949
;;-9742.679;13383.103
;;-9764.22;13389.258
;;-9794.992;13386.181
;;-9798.07;13349.253
;;-9785.761;13389.258
;;-9798.07;13340.021
;;-9791.915;13333.867
;;-9798.07;13315.403
;;-9791.915;13324.635
;;-9798.07;13290.785
;;-9801.147;13290.785
;;-9819.611;13272.321
;;-9807.302;13275.399
;;-9791.915;13306.171
;;-9776.529;13383.103
;;-9798.07;13290.785
;;-9782.683;13315.403
;;-9773.451;13358.485
;;-9779.606;13386.181
;;-9794.992;13383.103
;;-9801.147;13278.476
;;-9794.992;13367.717
;;-9776.529;13376.949
;;-9773.451;13367.717
;;-9773.451;13349.253
;;-9785.761;13364.64
;;-9776.529;13343.099
;;-9779.606;13340.021
;;-9788.838;13333.867
;;-9807.302;13296.94
;;-9813.456;13303.094
;;-9804.224;13309.249
;;-9788.838;13321.558
;;-9785.761;13333.867
;;-9791.915;13352.331
;;-9791.915;13343.099
;;-9798.07;13300.017
;;-9773.451;13376.949
;;-9754.988;13373.872
;;-9773.451;13364.64
;;-9816.533;13287.708
;;-9816.533;13284.63
;;-9770.374;13373.872
;;-9785.761;13358.485
;;-9764.22;13370.794
;;-9770.374;13364.64
;;-9813.456;13293.862
;;-9822.688;13256.935
;;-9782.683;13352.331
;;-9813.456;13235.394
;;-9794.992;13315.403
;;-9816.533;13253.858
;;-9819.611;13272.321
;;-9807.302;13296.94
;;-9798.07;13336.944
;;-9779.606;13358.485
;;-9770.374;13398.49
;;-9785.761;13373.872
;;-9788.838;13346.176
;;-9798.07;13321.558
;;-9782.683;13389.258
;;-9779.606;13395.413
;;-9776.529;13376.949
;;-9785.761;13364.64
;;-9782.683;13358.485
;;-9794.992;13312.326
;;-9801.147;13300.017
;;-9788.838;13343.099
;;-9810.379;13287.708
;;-9788.838;13321.558
;;-9813.456;13284.63
;;-9779.606;13269.244
;;-9770.374;13303.094
;;-9764.22;13324.635
;;-9758.065;13358.485
;;-9761.142;13370.794
;;-9761.142;13386.181
;;-9761.142;13392.335
;;-9754.988;13398.49
;;-9764.22;13392.335
;;-9767.297;13386.181
;;-9764.22;13370.794
;;-9776.529;13358.485
;;-9785.761;13349.253
;;-9782.683;13336.944
;;-9785.761;13312.326
;;-9788.838;13290.785
;;-9801.147;13278.476
;;-9804.224;13275.399
;;-9807.302;13275.399
;;-9801.147;13296.94
;;-9798.07;13315.403
;;-9788.838;13358.485
;;-9791.915;13340.021
;;-9773.451;13370.794
;;-9770.374;13389.258
;;-9770.374;13401.567
;;-9767.297;13416.954
;;-9767.297;13413.876
;;-9767.297;13389.258
;;-9767.297;13386.181
;;-9767.297;13373.872
;;-9764.22;13367.717
;;-9770.374;13352.331
;;-9785.761;13318.48
;;-9782.683;13284.63
;;-9794.992;13287.708
;;-9807.302;13293.862
;;-9804.224;13275.399
;;-9794.992;13300.017
;;-9782.683;13343.099
;;-9773.451;13358.485
;;-9767.297;13376.949
;;-9770.374;13392.335
;;-9770.374;13407.722
;;-9776.529;13413.876
;;-9785.761;13404.644
;;-9767.297;13389.258
;;-9779.606;13392.335
;;-9791.915;13392.335
;;-9791.915;13380.026
;;-9794.992;13355.408
;;-9801.147;13333.867
;;-9804.224;13318.48
;;-9798.07;13300.017
;;-9807.302;13296.94
;;-9807.302;13309.249
;;-9791.915;13340.021
;;-9794.992;13352.331
;;-9785.761;13370.794
;;-9785.761;13367.717
;;-9788.838;13361.562
;;-9782.683;13364.64
;;-9767.297;13373.872
;;-9761.142;13383.103
;;-9758.065;13386.181
;;-9751.91;13395.413
;;-9742.679;13398.49
;;-9748.833;13407.722
;;-9758.065;13407.722
;;-9758.065;13383.103
;;-9785.761;13346.176
;;-9813.456;13303.094
;;-9807.302;13263.089
;;-9804.224;13263.089
;;-9785.761;13281.553
;;-9779.606;13306.171
;;-9776.529;13321.558
;;-9773.451;13343.099
;;-9776.529;13364.64
;;-9773.451;13376.949
;;-9767.297;13389.258
;;-9767.297;13407.722
;;-9773.451;13416.954
;;-9779.606;13395.413
;;-9776.529;13376.949
;;-9776.529;13370.794
;;-9788.838;13346.176
;;-9801.147;13312.326
;;-9810.379;13284.63
;;-9807.302;13269.244
;;-9807.302;13266.167
;;-9801.147;13284.63
;;-9788.838;13309.249
;;-9813.456;13263.089
;;-9776.529;13340.021
;;-9770.374;13358.485
;;-9773.451;13376.949
;;-9773.451;13383.103
;;-9779.606;13376.949
;;-9776.529;13370.794
;;-9773.451;13373.872
;;-9785.761;13370.794
;;-9773.451;13361.562
;;-9767.297;13352.331
;;-9770.374;13352.331
;;-9773.451;13346.176
;;-9785.761;13333.867
;;-9794.992;13309.249
;;-9807.302;13303.094
;;-9810.379;13293.862
;;-9810.379;13284.63
;;-9810.379;13296.94
;;-9798.07;13300.017
;;-9791.915;13306.171
;;-9761.142;13333.867
;;-9754.988;13343.099
;;-9754.988;13355.408
;;-9761.142;13380.026
;;-9767.297;13383.103
;;-9764.22;13386.181
;;-9773.451;13380.026
;;-9782.683;13361.562
;;-9779.606;13349.253
;;-9782.683;13346.176
;;-9776.529;13340.021
;;-9782.683;13318.48
;;-9791.915;13306.171
;;-9798.07;13296.94
;;-9798.07;13287.708
;;-9788.838;13281.553
;;-9807.302;13281.553
;;-9801.147;13293.862
;;-9754.988;13358.485
;;-9798.07;13306.171
;;-9782.683;13333.867
;;-9776.529;13349.253
;;-9776.529;13349.253
;;-9776.529;13346.176
;;-9770.374;13367.717
;;-9767.297;13373.872
;;-9767.297;13364.64
;;-9770.374;13367.717
;;-9764.22;13364.64
;;-9770.374;13355.408
;;-9770.374;13355.408
;;-9773.451;13349.253
;;-9782.683;13336.944
;;-9801.147;13312.326
;;-9810.379;13296.94
;;-9807.302;13272.321
;;-9822.688;13269.244
;;-9816.533;13281.553
;;-9807.302;13290.785
;;-9807.302;13300.017
;;-9782.683;13318.48
;;-9773.451;13324.635
;;-9770.374;13336.944
;;-9764.22;13352.331
;;-9767.297;13364.64
;;-9761.142;13383.103
;;-9761.142;13380.026
;;-9748.833;13395.413
;;-9751.91;13389.258
;;-9761.142;13392.335
;;-9773.451;13389.258
;;-9785.761;13355.408
;;-9801.147;13309.249
;;-9810.379;13241.548
;;-9801.147;13281.553
;;-9807.302;13226.162
;;-9810.379;13247.703
;;-9801.147;13263.089
;;-9782.683;13318.48
;;-9791.915;13287.708
;;-9770.374;13352.331
;;-9767.297;13364.64
;;-9773.451;13336.944
;;-9767.297;13367.717
;;-9770.374;13373.872
;;-9767.297;13376.949
;;-9767.297;13376.949
;;-9767.297;13383.103
;;-9770.374;13361.562
;;-9767.297;13367.717
;;-9773.451;13358.485
;;-9788.838;13281.553
;;-9785.761;13327.712
;;-9798.07;13253.858
;;-9798.07;13260.012
;;-9804.224;13263.089
;;-9810.379;13266.167
;;-9798.07;13284.63
;;-9785.761;13318.48
;;-9773.451;13346.176
;;-9779.606;13352.331
;;-9785.761;13370.794
;;-9776.529;13367.717
;;-9776.529;13355.408
;;-9764.22;13373.872
;;-9776.529;13355.408
;;-9758.065;13373.872
;;-9758.065;13373.872
;;-9764.22;13370.794
;;-9770.374;13355.408
;;-9779.606;13343.099
;;-9798.07;13300.017
;;-9798.07;13256.935
;;-9804.224;13275.399
;;-9801.147;13260.012
;;-9807.302;13272.321
;;-9807.302;13278.476
;;-9798.07;13293.862
;;-9779.606;13315.403
;;-9773.451;13327.712
;;-9782.683;13349.253
;;-9807.302;13392.335
;;-9810.379;13401.567
;;-9804.224;13404.644
;;-9794.992;13392.335
;;-9791.915;13392.335
;;-9791.915;13389.258
;;-9801.147;13367.717
;;-9798.07;13330.79
;;-9794.992;13318.48
;;-9788.838;13312.326
;;-9816.533;13241.548
;;-9801.147;13287.708
;;-9813.456;13229.239
;;-9810.379;13247.703
;;-9794.992;13272.321
;;-9776.529;13296.94
;;-9776.529;13327.712
;;-9767.297;13373.872
;;-9770.374;13358.485
;;-9785.761;13376.949
;;-9794.992;13367.717
;;-9788.838;13380.026
;;-9767.297;13401.567
;;-9767.297;13389.258
;;-9764.22;13373.872
;;-9770.374;13346.176
;;-9761.142;13324.635
;;-9776.529;13324.635
;;-9794.992;13309.249
;;-9804.224;13269.244
;;-9819.611;13266.167
;;-9828.843;13260.012
;;-9816.533;13256.935
;;-9822.688;13269.244
;;-9807.302;13284.63
;;-9807.302;13303.094
;;-9801.147;13318.48
;;-9782.683;13324.635
;;-9779.606;13340.021
;;-9779.606;13346.176
;;-9770.374;13361.562
;;-9764.22;13373.872
;;-9767.297;13383.103
;;-9776.529;13373.872
;;-9801.147;13321.558
;;-9801.147;13275.399
;;-9807.302;13256.935
;;-9807.302;13247.703
;;-9816.533;13250.78
;;-9776.529;13364.64
;;-9813.456;13247.703
;;-9801.147;13263.089
;;-9761.142;13389.258
;;-9782.683;13300.017
;;-9773.451;13327.712
;;-9770.374;13343.099
;;-9791.915;13281.553
;;-9798.07;13346.176
;;-9770.374;13349.253
;;-9770.374;13358.485
;;-9773.451;13361.562
;;-9764.22;13376.949
;;-9770.374;13370.794
;;-9767.297;13376.949
;;-9767.297;13376.949
;;-9773.451;13380.026
;;-9770.374;13367.717
;;-9776.529;13336.944
;;-9791.915;13290.785
;;-9798.07;13266.167
;;-9804.224;13263.089
;;-9807.302;13256.935
;;-9813.456;13263.089
;;-9813.456;13263.089
;;-9810.379;13278.476
;;-9785.761;13309.249
;;-9794.992;13330.79
;;-9794.992;13336.944
;;-9782.683;13346.176
;;-9770.374;13361.562
;;-9770.374;13370.794
;;-9748.833;13373.872
;;-9745.756;13364.64
;;-9736.524;13373.872
;;-9739.601;13352.331
;;-9788.838;13287.708
;;-9847.306;13269.244
;;-9850.384;13260.012
;;-9838.074;13272.321
;;-9764.22;13333.867
;;-9834.997;13266.167
;;-9813.456;13275.399
;;-9758.065;13346.176
;;-9810.379;13296.94
;;-9773.451;13361.562
;;-9776.529;13355.408
;;-9767.297;13364.64
;;-9788.838;13321.558
;;-9798.07;13296.94
;;-9761.142;13364.64
;;-9813.456;13272.321
;;-9773.451;13364.64
;;-9779.606;13330.79
;;-9754.988;13367.717
;;-9810.379;13275.399
;;-9773.451;13355.408
;;-9804.224;13293.862
;;-9764.22;13373.872
;;-9807.302;13281.553
;;-9788.838;13343.099
;;-9798.07;13315.403
;;-9813.456;13278.476
;;-9801.147;13321.558
;;-9776.529;13367.717
;;-9779.606;13373.872
;;-9776.529;13380.026
;;-9761.142;13340.021
;;-9773.451;13370.794
;;-9776.529;13355.408
;;-9776.529;13349.253
;;-9776.529;13380.026
;;-9788.838;13346.176
;;-9779.606;13370.794
;;-9785.761;13349.253
;;-9776.529;13327.712
;;-9776.529;13321.558
;;-9773.451;13300.017
;;-9782.683;13287.708
;;-9791.915;13278.476
;;-9798.07;13272.321
;;-9801.147;13275.399
;;-9794.992;13284.63
;;-9794.992;13296.94
;;-9798.07;13312.326
;;-9794.992;13336.944
;;-9785.761;13355.408
;;-9782.683;13361.562
;;-9761.142;13370.794
;;-9773.451;13361.562
;;-9758.065;13358.485
;;-9764.22;13370.794
;;-9767.297;13367.717
;;-9767.297;13370.794
;;-9770.374;13358.485
;;-9764.22;13352.331
;;-9767.297;13349.253
;;-9773.451;13349.253
;;-9788.838;13324.635
;;-9798.07;13303.094
;;-9804.224;13287.708
;;-9822.688;13272.321
;;-9813.456;13278.476
;;-9785.761;13281.553
;;-9810.379;13275.399
;;-9773.451;13303.094
;;-9761.142;13352.331
;;-9754.988;13370.794
;;-9758.065;13376.949
;;-9773.451;13343.099
;;-9758.065;13367.717
;;-9739.601;13383.103
;;-9761.142;13373.872
;;-9745.756;13383.103
;;-9751.91;13361.562
;;-9761.142;13352.331
;;-9764.22;13349.253
;;-9785.761;13306.171
;;-9776.529;13321.558
;;-9785.761;13293.862
;;-9785.761;13287.708
;;-9791.915;13281.553
;;-9791.915;13278.476
;;-9785.761;13284.63
;;-9791.915;13284.63
;;-9773.451;13296.94
;;-9761.142;13315.403
;;-9761.142;13324.635
;;-9767.297;13343.099
;;-9773.451;13364.64
;;-9776.529;13389.258
;;-9770.374;13389.258
;;-9770.374;13386.181
;;-9758.065;13367.717
;;-9764.22;13389.258
;;-9767.297;13361.562
;;-9770.374;13352.331
;;-9785.761;13327.712
;;-9788.838;13315.403
;;-9794.992;13309.249
;;-9807.302;13300.017
;;-9807.302;13293.862
;;-9807.302;13296.94
;;-9819.611;13290.785
;;-9813.456;13296.94
;;-9785.761;13343.099
;;-9785.761;13352.331
;;-9773.451;13373.872
;;-9776.529;13398.49
;;-9776.529;13392.335
;;-9776.529;13389.258
;;-9779.606;13392.335
;;-9773.451;13355.408
;;-9754.988;13352.331
;;-9754.988;13333.867
;;-9776.529;13306.171
;;-9767.297;13318.48
;;-9748.833;13346.176
;;-9791.915;13284.63
;;-9816.533;13253.858
;;-9816.533;13260.012
;;-9798.07;13290.785
;;-9779.606;13330.79
;;-9788.838;13321.558
;;-9761.142;13330.79
;;-9751.91;13340.021
;;-9758.065;13355.408
;;-9764.22;13355.408
;;-9745.756;13373.872
;;-9751.91;13364.64
;;-9754.988;13370.794
;;-9764.22;13367.717
;;-9773.451;13355.408
;;-9779.606;13343.099
;;-9794.992;13315.403
;;-9807.302;13296.94
;;-9791.915;13263.089
;;-9807.302;13269.244
;;-9788.838;13275.399
;;-9779.606;13281.553
;;-9767.297;13309.249
;;-9754.988;13367.717
;;-9758.065;13370.794
;;-9761.142;13367.717
;;-9754.988;13361.562
;;-9748.833;13364.64
;;-9748.833;13355.408
;;-9758.065;13361.562
;;-9767.297;13358.485
;;-9767.297;13355.408
;;-9770.374;13349.253
;;-9764.22;13346.176
;;-9767.297;13336.944
;;-9770.374;13309.249
;;-9776.529;13290.785
;;-9782.683;13278.476
;;-9788.838;13269.244
;;-9782.683;13272.321
;;-9782.683;13278.476
;;-9770.374;13300.017
;;-9754.988;13330.79
;;-9751.91;13343.099
;;-9754.988;13349.253
;;-9758.065;13358.485
;;-9754.988;13373.872
;;-9748.833;13376.949
;;-9754.988;13367.717
;;-9761.142;13361.562
;;-9776.529;13361.562
;;-9773.451;13358.485
;;-9770.374;13355.408
;;-9767.297;13349.253
;;-9782.683;13340.021
;;-9791.915;13324.635
;;-9801.147;13309.249
;;-9804.224;13290.785
;;-9794.992;13269.244
;;-9807.302;13269.244
;;-9788.838;13287.708
;;-9791.915;13303.094
;;-9782.683;13321.558
;;-9761.142;13358.485
;;-9745.756;13373.872
;;-9764.22;13352.331
;;-9736.524;13404.644
;;-9739.601;13407.722
;;-9739.601;13392.335
;;-9764.22;13376.949
;;-9764.22;13370.794
;;-9761.142;13370.794
;;-9767.297;13318.48
;;-9776.529;13293.862
;;-9791.915;13263.089
;;-9761.142;13346.176
;;-9794.992;13250.78
;;-9794.992;13247.703
;;-9791.915;13278.476
;;-9788.838;13244.626
;;-9773.451;13303.094
;;-9764.22;13333.867
;;-9761.142;13346.176
;;-9758.065;13349.253
;;-9748.833;13367.717
;;-9748.833;13361.562
;;-9751.91;13376.949
;;-9748.833;13376.949
;;-9751.91;13376.949
;;-9751.91;13367.717
;;-9758.065;13358.485
;;-9767.297;13336.944
;;-9770.374;13318.48
;;-9776.529;13303.094
;;-9782.683;13290.785
;;-9779.606;13275.399
;;-9791.915;13263.089
;;-9791.915;13272.321
;;-9785.761;13293.862
;;-9785.761;13306.171
;;-9764.22;13327.712
;;-9748.833;13333.867
;;-9745.756;13343.099
;;-9754.988;13358.485
;;-9754.988;13358.485
;;-9745.756;13364.64
;;-9742.679;13364.64
;;-9745.756;13361.562
;;-9736.524;13352.331
;;-9730.369;13343.099
;;-9742.679;13346.176
;;-9754.988;13346.176
;;-9767.297;13327.712
;;-9773.451;13315.403
;;-9782.683;13293.862
;;-9801.147;13275.399
;;-9804.224;13266.167
;;-9791.915;13303.094
;;-9785.761;13296.94
;;-9779.606;13303.094
;;-9770.374;13327.712
;;-9767.297;13349.253
;;-9767.297;13358.485
;;-9770.374;13352.331
;;-9754.988;13367.717
;;-9745.756;13380.026
;;-9745.756;13395.413
;;-9751.91;13367.717
;;-9767.297;13349.253
;;-9770.374;13340.021
;;-9764.22;13315.403
;;-9767.297;13293.862
;;-9785.761;13278.476
;;-9798.07;13266.167
;;-9801.147;13253.858
;;-9794.992;13253.858
;;-9788.838;13266.167
;;-9779.606;13284.63
;;-9767.297;13300.017
;;-9748.833;13355.408
;;-9745.756;13370.794
;;-9754.988;13333.867
;;-9748.833;13380.026
;;-9745.756;13401.567
;;-9745.756;13395.413
;;-9764.22;13376.949
;;-9761.142;13367.717
;;-9758.065;13346.176
;;-9745.756;13358.485
;;-9761.142;13346.176
;;-9773.451;13330.79
;;-9751.91;13349.253
;;-9782.683;13306.171
;;-9794.992;13281.553
;;-9782.683;13272.321
;;-9788.838;13272.321
;;-9794.992;13260.012
;;-9776.529;13287.708
;;-9770.374;13318.48
;;-9764.22;13336.944
;;-9764.22;13346.176
;;-9761.142;13349.253
;;-9730.369;13383.103
;;-9739.601;13358.485
;;-9736.524;13380.026
;;-9733.447;13376.949
;;-9739.601;13386.181
;;-9742.679;13376.949
;;-9758.065;13361.562
;;-9764.22;13340.021
;;-9773.451;13318.48
;;-9767.297;13272.321
;;-9773.451;13260.012
;;-9776.529;13263.089
;;-9782.683;13263.089
;;-9773.451;13272.321
;;-9770.374;13300.017
;;-9773.451;13324.635
;;-9764.22;13343.099
;;-9767.297;13355.408
;;-9770.374;13346.176
;;-9761.142;13346.176
;;-9758.065;13358.485
;;-9754.988;13367.717
;;-9754.988;13370.794
;;-9754.988;13370.794
;;-9758.065;13364.64
;;-9758.065;13346.176
;;-9739.601;13340.021
;;-9770.374;13312.326
;;-9742.679;13333.867
;;-9776.529;13293.862
;;-9782.683;13272.321
;;-9785.761;13235.394
;;-9770.374;13256.935
;;-9798.07;13241.548
;;-9770.374;13287.708
;;-9761.142;13309.249
;;-9742.679;13336.944
;;-9742.679;13349.253
;;-9742.679;13349.253
;;-9733.447;13364.64
;;-9733.447;13370.794
;;-9745.756;13355.408
;;-9730.369;13376.949
;;-9730.369;13373.872
;;-9739.601;13370.794
;;-9742.679;13364.64
;;-9748.833;13364.64
;;-9748.833;13349.253
;;-9751.91;13330.79
;;-9767.297;13306.171
;;-9791.915;13260.012
;;-9804.224;13253.858
;;-9785.761;13241.548
;;-9770.374;13266.167
;;-9767.297;13293.862
;;-9758.065;13330.79
;;-9758.065;13358.485
;;-9739.601;13361.562
;;-9736.524;13355.408
;;-9730.369;13358.485
;;-9736.524;13364.64
;;-9745.756;13373.872
;;-9748.833;13376.949
;;-9748.833;13367.717
;;-9742.679;13364.64
;;-9751.91;13349.253
;;-9773.451;13324.635
;;-9791.915;13278.476
;;-9788.838;13260.012
;;-9791.915;13247.703
;;-9794.992;13244.626
;;-9776.529;13253.858
;;-9767.297;13293.862
;;-9773.451;13266.167
;;-9754.988;13324.635
;;-9748.833;13355.408
;;-9745.756;13349.253
;;-9748.833;13352.331
;;-9748.833;13340.021
;;-9736.524;13346.176
;;-9730.369;13346.176
;;-9733.447;13355.408
;;-9736.524;13349.253
;;-9742.679;13349.253
;;-9748.833;13336.944
;;-9754.988;13327.712
;;-9776.529;13266.167
;;-9770.374;13278.476
;;-9754.988;13296.94
;;-9751.91;13324.635
;;-9742.679;13340.021
;;-9736.524;13358.485
;;-9742.679;13373.872
;;-9742.679;13380.026
;;-9745.756;13386.181
;;-9751.91;13395.413
;;-9754.988;13398.49
;;-9761.142;13383.103
;;-9761.142;13380.026
;;-9758.065;13361.562
;;-9754.988;13340.021
;;-9767.297;13343.099
;;-9770.374;13309.249
;;-9791.915;13287.708
;;-9791.915;13281.553
;;-9798.07;13275.399
;;-9785.761;13287.708
;;-9773.451;13290.785
;;-9758.065;13296.94
;;-9742.679;13315.403
;;-9745.756;13330.79
;;-9742.679;13333.867
;;-9730.369;13349.253
;;-9733.447;13358.485
;;-9742.679;13364.64
;;-9751.91;13355.408
;;-9745.756;13346.176
;;-9748.833;13336.944
;;-9761.142;13309.249
;;-9767.297;13272.321
;;-9782.683;13253.858
;;-9779.606;13256.935
;;-9776.529;13263.089
;;-9773.451;13272.321
;;-9770.374;13296.94
;;-9770.374;13312.326
;;-9764.22;13340.021
;;-9751.91;13346.176
;;-9745.756;13361.562
;;-9742.679;13367.717
;;-9748.833;13367.717
;;-9742.679;13383.103
;;-9748.833;13352.331
;;-9736.524;13376.949
;;-9745.756;13370.794
;;-9754.988;13361.562
;;-9745.756;13367.717
;;-9754.988;13367.717
;;-9767.297;13352.331
;;-9776.529;13333.867
;;-9791.915;13290.785
;;-9813.456;13238.471
;;-9785.761;13256.935
;;-9804.224;13238.471
;;-9807.302;13247.703
;;-9764.22;13318.48
;;-9754.988;13352.331
;;-9758.065;13346.176
;;-9748.833;13367.717
;;-9751.91;13367.717
;;-9770.374;13290.785
;;-9745.756;13386.181
;;-9745.756;13420.031
;;-9754.988;13413.876
;;-9745.756;13407.722
;;-9767.297;13386.181
;;-9779.606;13361.562
;;-9776.529;13324.635
;;-9779.606;13244.626
;;-9785.761;13287.708
;;-9785.761;13244.626
;;-9785.761;13260.012
;;-9788.838;13266.167
;;-9791.915;13275.399
;;-9782.683;13293.862
;;-9754.988;13303.094
;;-9745.756;13333.867
;;-9745.756;13346.176
;;-9745.756;13364.64
;;-9739.601;13373.872
;;-9742.679;13373.872
;;-9754.988;13367.717
;;-9754.988;13367.717
;;-9748.833;13355.408
;;-9751.91;13358.485
;;-9754.988;13355.408
;;-9758.065;13346.176
;;-9779.606;13309.249
;;-9779.606;13296.94
;;-9791.915;13278.476
;;-9791.915;13263.089
;;-9791.915;13269.244
;;-9767.297;13263.089
;;-9758.065;13284.63
;;-9764.22;13312.326
;;-9761.142;13327.712
;;-9748.833;13333.867
;;-9748.833;13343.099
;;-9748.833;13358.485
;;-9742.679;13361.562
;;-9730.369;13367.717
;;-9730.369;13370.794
;;-9739.601;13373.872
;;-9739.601;13373.872
;;-9742.679;13361.562
;;-9739.601;13358.485
;;-9736.524;13352.331
;;-9751.91;13321.558
;;-9761.142;13312.326
;;-9776.529;13293.862
;;-9779.606;13281.553
;;-9785.761;13269.244
;;-9782.683;13253.858
;;-9776.529;13281.553
;;-9767.297;13312.326
;;-9764.22;13312.326
;;-9751.91;13330.79
;;-9748.833;13346.176
;;-9742.679;13367.717
;;-9742.679;13370.794
;;-9745.756;13376.949
;;-9745.756;13380.026
;;-9742.679;13376.949
;;-9739.601;13383.103
;;-9739.601;13383.103
;;-9736.524;13380.026
;;-9745.756;13364.64
;;-9770.374;13346.176
;;-9776.529;13336.944
;;-9785.761;13324.635
;;-9794.992;13300.017
;;-9776.529;13260.012
;;-9788.838;13272.321
;;-9770.374;13263.089
;;-9767.297;13284.63
;;-9754.988;13303.094
;;-9736.524;13330.79
;;-9736.524;13352.331
;;-9727.292;13364.64
;;-9730.369;13373.872
;;-9736.524;13380.026
;;-9745.756;13380.026
;;-9754.988;13376.949
;;-9751.91;13386.181
;;-9754.988;13373.872
;;-9754.988;13364.64
;;-9754.988;13361.562
;;-9754.988;13352.331
;;-9770.374;13333.867
;;-9776.529;13300.017
;;-9779.606;13290.785
;;-9767.297;13278.476
;;-9782.683;13269.244
;;-9748.833;13330.79
;;-9770.374;13290.785
;;-9745.756;13364.64
;;-9758.065;13383.103
;;-9748.833;13392.335
;;-9754.988;13386.181
;;-9751.91;13383.103
;;-9751.91;13392.335
;;-9751.91;13392.335
;;-9764.22;13380.026
;;-9751.91;13352.331
;;-9733.447;13324.635
;;-9758.065;13315.403
;;-9773.451;13300.017
;;-9788.838;13275.399
;;-9788.838;13260.012
;;-9791.915;13263.089
;;-9798.07;13284.63
;;-9788.838;13303.094
;;-9773.451;13321.558
;;-9754.988;13343.099
;;-9742.679;13383.103
;;-9754.988;13380.026
;;-9754.988;13376.949
;;-9754.988;13367.717
;;-9739.601;13352.331
;;-9736.524;13358.485
;;-9739.601;13367.717
;;-9748.833;13364.64
;;-9754.988;13333.867
;;-9761.142;13315.403
;;-9773.451;13312.326
;;-9776.529;13296.94
;;-9785.761;13296.94
;;-9785.761;13293.862
;;-9788.838;13293.862
;;-9791.915;13290.785
;;-9779.606;13309.249
;;-9767.297;13318.48
;;-9733.447;13349.253
;;-9730.369;13361.562
;;-9736.524;13367.717
;;-9730.369;13373.872
;;-9739.601;13386.181
;;-9742.679;13370.794
;;-9739.601;13370.794
;;-9736.524;13373.872
;;-9730.369;13364.64
;;-9739.601;13355.408
;;-9742.679;13333.867
;;-9754.988;13309.249
;;-9764.22;13290.785
;;-9773.451;13281.553
;;-9779.606;13275.399
;;-9782.683;13284.63
;;-9779.606;13287.708
;;-9767.297;13300.017
;;-9770.374;13318.48
;;-9764.22;13336.944
;;-9748.833;13355.408
;;-9730.369;13376.949
;;-9724.215;13389.258
;;-9724.215;13398.49
;;-9714.983;13404.644
;;-9721.138;13407.722
;;-9736.524;13395.413
;;-9748.833;13389.258
;;-9745.756;13370.794
;;-9742.679;13364.64
;;-9751.91;13346.176
;;-9751.91;13315.403
;;-9773.451;13293.862
;;-9788.838;13253.858
;;-9794.992;13244.626
;;-9782.683;13256.935
;;-9776.529;13278.476
;;-9773.451;13309.249
;;-9773.451;13324.635
;;-9751.91;13352.331
;;-9745.756;13358.485
;;-9751.91;13386.181
;;-9748.833;13392.335
;;-9739.601;13389.258
;;-9736.524;13392.335
;;-9739.601;13380.026
;;-9739.601;13373.872
;;-9748.833;13361.562
;;-9751.91;13355.408
;;-9758.065;13340.021
;;-9764.22;13321.558
;;-9770.374;13309.249
;;-9791.915;13293.862
;;-9801.147;13290.785
;;-9791.915;13290.785
;;-9785.761;13296.94
;;-9776.529;13303.094
;;-9761.142;13324.635
;;-9745.756;13367.717
;;-9742.679;13389.258
;;-9736.524;13392.335
;;-9736.524;13395.413
;;-9742.679;13392.335
;;-9742.679;13386.181
;;-9745.756;13376.949
;;-9739.601;13389.258
;;-9742.679;13386.181
;;-9758.065;13367.717
;;-9770.374;13340.021
;;-9776.529;13306.171
;;-9779.606;13278.476
;;-9776.529;13272.321
;;-9794.992;13278.476
;;-9794.992;13281.553
;;-9779.606;13296.94
;;-9764.22;13312.326
;;-9748.833;13343.099
;;-9748.833;13361.562
;;-9748.833;13380.026
;;-9742.679;13395.413
;;-9742.679;13401.567
;;-9742.679;13401.567
;;-9739.601;13410.799
;;-9730.369;13413.876
;;-9736.524;13407.722
;;-9751.91;13383.103
;;-9751.91;13364.64
;;-9764.22;13340.021
;;-9776.529;13300.017
;;-9785.761;13278.476
;;-9785.761;13260.012
;;-9779.606;13263.089
;;-9767.297;13278.476
;;-9767.297;13300.017
;;-9754.988;13321.558
;;-9748.833;13343.099
;;-9745.756;13352.331
;;-9742.679;13358.485
;;-9742.679;13364.64
;;-9748.833;13364.64
;;-9745.756;13380.026
;;-9739.601;13380.026
;;-9733.447;13383.103
;;-9724.215;13373.872
;;-9727.292;13370.794
;;-9724.215;13361.562
;;-9733.447;13349.253
;;-9745.756;13324.635
;;-9745.756;13300.017
;;-9754.988;13284.63
;;-9758.065;13278.476
;;-9767.297;13281.553
;;-9764.22;13284.63
;;-9748.833;13309.249
;;-9742.679;13330.79
;;-9742.679;13355.408
;;-9742.679;13386.181
;;-9739.601;13413.876
;;-9739.601;13423.108
;;-9745.756;13423.108
;;-9742.679;13407.722
;;-9739.601;13432.34
;;-9742.679;13432.34
;;-9754.988;13355.408
;;-9764.22;13364.64
;;-9739.601;13352.331
;;-9736.524;13336.944
;;-9739.601;13321.558
;;-9767.297;13296.94
;;-9773.451;13290.785
;;-9788.838;13287.708
;;-9791.915;13287.708
;;-9788.838;13293.862
;;-9770.374;13324.635
;;-9779.606;13309.249
;;-9761.142;13349.253
;;-9751.91;13367.717
;;-9754.988;13364.64
;;-9754.988;13370.794
;;-9758.065;13380.026
;;-9751.91;13380.026
;;-9736.524;13380.026
;;-9730.369;13386.181
;;-9730.369;13380.026
;;-9730.369;13376.949
;;-9736.524;13373.872
;;-9742.679;13364.64
;;-9745.756;13349.253
;;-9758.065;13327.712
;;-9767.297;13312.326
;;-9770.374;13300.017
;;-9776.529;13287.708
;;-9779.606;13290.785
;;-9779.606;13296.94
;;-9773.451;13321.558
;;-9761.142;13330.79
;;-9745.756;13361.562
;;-9748.833;13373.872
;;-9742.679;13389.258
;;-9742.679;13401.567
;;-9745.756;13407.722
;;-9739.601;13413.876
;;-9742.679;13420.031
;;-9742.679;13413.876
;;-9745.756;13398.49
;;-9754.988;13392.335
;;-9751.91;13358.485
;;-9745.756;13324.635
;;-9748.833;13303.094
;;-9764.22;13296.94
;;-9770.374;13272.321
;;-9782.683;13241.548
;;-9782.683;13229.239
;;-9776.529;13263.089
;;-9761.142;13290.785
;;-9751.91;13330.79
;;-9739.601;13364.64
;;-9742.679;13404.644
;;-9748.833;13404.644
;;-9739.601;13395.413
;;-9736.524;13398.49
;;-9736.524;13395.413
;;-9739.601;13395.413
;;-9742.679;13389.258
;;-9745.756;13380.026
;;-9748.833;13373.872
;;-9751.91;13361.562
;;-9758.065;13340.021
;;-9770.374;13318.48
;;-9776.529;13300.017
;;-9782.683;13284.63
;;-9779.606;13287.708
;;-9776.529;13300.017
;;-9770.374;13318.48
;;-9761.142;13340.021
;;-9748.833;13355.408
;;-9748.833;13367.717
;;-9748.833;13376.949
;;-9739.601;13386.181
;;-9739.601;13386.181
;;-9739.601;13392.335
;;-9736.524;13395.413
;;-9736.524;13395.413
;;-9736.524;13383.103
;;-9736.524;13373.872
;;-9742.679;13358.485
;;-9761.142;13315.403
;;-9748.833;13343.099
;;-9770.374;13290.785
;;-9776.529;13272.321
;;-9779.606;13269.244
;;-9776.529;13263.089
;;-9767.297;13272.321
;;-9748.833;13352.331
;;-9751.91;13303.094
;;-9742.679;13376.949
;;-9736.524;13376.949
;;-9736.524;13389.258
;;-9736.524;13398.49
;;-9736.524;13398.49
;;-9736.524;13426.185
;;-9739.601;13420.031
;;-9739.601;13407.722
;;-9742.679;13401.567
;;-9754.988;13389.258
;;-9754.988;13386.181
;;-9761.142;13370.794
;;-9776.529;13343.099
;;-9782.683;13306.171
;;-9785.761;13260.012
;;-9782.683;13220.007
;;-9770.374;13263.089
;;-9761.142;13275.399
;;-9736.524;13213.853
;;-9714.983;13220.007
;;-9724.215;13284.63
;;-9730.369;13343.099
;;-9730.369;13324.635
;;-9730.369;13333.867
;;-9730.369;13401.567
;;-9727.292;13389.258
;;-9724.215;13376.949
;;-9736.524;13380.026
;;-9739.601;13352.331
;;-9745.756;13373.872
;;-9754.988;13392.335
;;-9758.065;13395.413
;;-9764.22;13423.108
;;-9764.22;13401.567
;;-9761.142;13340.021
;;-9748.833;13296.94
;;-9748.833;13324.635
;;-9739.601;13349.253
;;-9727.292;13386.181
;;-9727.292;13423.108
;;-9730.369;13456.958
;;-9727.292;13503.117
;;-9733.447;13527.736
;;-9730.369;13549.277
;;-9730.369;13543.122
;;-9733.447;13527.736
;;-9730.369;13509.272
;;-9730.369;13472.345
;;-9721.138;13407.722
;;-9721.138;13386.181
;;-9739.601;13370.794
;;-9748.833;13355.408
;;-9758.065;13330.79
;;-9758.065;13293.862
;;-9754.988;13287.708
;;-9742.679;13333.867
;;-9736.524;13340.021
;;-9727.292;13367.717
;;-9733.447;13416.954
;;-9736.524;13484.654
;;-9739.601;13573.895
;;-9748.833;13607.745
;;-9739.601;13595.436
;;-9739.601;13580.05
;;-9748.833;13543.122
;;-9751.91;13527.736
;;-9754.988;13487.731
;;-9736.524;13395.413
;;-9745.756;13376.949
;;-9758.065;13346.176
;;-9745.756;13352.331
;;-9754.988;13407.722
;;-9761.142;13463.113
;;-9767.297;13515.427
;;-9761.142;13555.431
;;-9748.833;13573.895
;;-9739.601;13512.349
;;-9733.447;13484.654
;;-9730.369;13475.422
;;-9718.06;13429.263
;;-9742.679;13555.431
;;-9733.447;13481.576
;;-9705.751;13380.026
;;-9714.983;13303.094
;;-9721.138;13232.317
;;-9730.369;13213.853
;;-9742.679;13232.317
;;-9733.447;13275.399
;;-9730.369;13321.558
;;-9718.06;13309.249
;;-9705.751;13330.79
;;-9693.442;13355.408
;;-9690.365;13410.799
;;-9690.365;13450.804
;;-9739.601;13247.703
;;-9668.824;13444.649
;;-9668.824;13447.726
;;-9662.669;13460.036
;;-9678.056;13453.881
;;-9730.369;13201.544
;;-9721.138;13260.012
;;-9659.592;13466.19
;;-9662.669;13481.576
;;-9668.824;13512.349
;;-9678.056;13496.963
;;-9684.21;13426.185
;;-9687.288;13327.712
;;-9687.288;13220.007
;;-9690.365;13173.848
;;-9684.21;13235.394
;;-9690.365;13133.844
;;-9696.519;13210.776
;;-9693.442;13143.075
;;-9711.906;13229.239
;;-9702.674;13287.708
;;-9714.983;13376.949
;;-9736.524;13463.113
;;-9736.524;13506.195
;;-9745.756;13527.736
;;-9730.369;13552.354
;;-9718.06;13552.354
;;-9733.447;13466.19
;;-9736.524;13413.876
;;-9754.988;13380.026
;;-9788.838;13383.103
;;-9810.379;13355.408
;;-9841.152;13358.485
;;-9881.156;13404.644
;;-9921.161;13429.263
;;-9945.779;13450.804
;;-9967.32;13469.267
;;-9970.398;13469.267
;;-9976.552;13487.731
;;-9995.016;13453.881
;;-9976.552;13472.345
;;-10013.48;13450.804
;;-10038.098;13484.654
;;-10050.407;13493.886
;;-10056.561;13493.886
;;-10090.412;13487.731
;;-10102.721;13503.117
;;-10142.725;13580.05
;;-10170.421;13604.668
;;-10201.194;13607.745
;;-10228.889;13567.74
;;-10259.662;13472.345
;;-10293.512;13413.876
;;-10318.131;13429.263
;;-10345.826;13463.113
;;-10355.058;13496.963
;;-10345.826;13487.731
;;-10379.676;13518.504
;;-10425.835;13583.127
;;-10465.84;13629.286
;;-10515.077;13669.291
;;-10552.004;13687.754
;;-10582.777;13678.523
;;-10622.782;13666.213
;;-10702.791;13644.672
;;-10638.168;13656.982
;;-10748.95;13641.595
;;-10785.878;13586.204
;;-10838.191;13549.277
;;-10881.273;13524.658
;;-10927.433;13487.731
;;-10985.901;13447.726
;;-11096.683;13438.495
;;-11121.301;13429.263
;;-11195.156;13416.954
;;-11195.156;13410.799
;;-11173.615;13453.881
;;-11139.765;13484.654
;;-11087.451;13518.504
;;-11041.292;13552.354
;;-10998.21;13586.204
;;-10964.36;13592.359
;;-10933.587;13604.668
;;-10832.037;13635.441
;;-10816.65;13632.363
;;-10792.032;13647.75
;;-10779.723;13656.982
;;-10767.414;13613.9
;;-10764.337;13567.74
;;-10761.259;13567.74
;;-10792.032;13586.204
;;-10819.728;13613.9
;;-10782.8;13576.972
;;-10788.955;13669.291
;;-10822.805;13632.363
;;-10801.264;13546.199
;;-10764.337;13521.581
;;-10742.796;13583.127
;;-10819.728;13598.513
;;-10755.105;13540.045
;;-10739.718;13632.363
;;-10736.641;13647.75
;;-10715.1;13576.972
;;-10705.868;13558.509
;;-10705.868;13589.281
;;-10708.945;13592.359
;;-10699.714;13555.431
;;-10712.023;13598.513
;;-10708.945;13592.359
;;-10721.255;13570.818
;;-10721.255;13555.431
;;-10705.868;13506.195
;;-10690.482;13503.117
;;-10678.173;13527.736
;;-10644.323;13536.968
;;-10622.782;13552.354
;;-10718.177;13530.813
;;-10588.931;13558.509
;;-10558.159;13546.199
;;-10499.69;13558.509
;;-10521.231;13583.127
;;-10515.077;13583.127
;;-10496.613;13561.586
;;-10490.458;13536.968
;;-10478.149;13521.581
;;-10471.995;13536.968
;;-10484.304;13561.586
;;-10475.072;13533.89
;;-10447.376;13521.581
;;-10431.99;13496.963
;;-10416.604;13481.576
;;-10413.526;13456.958
;;-10379.676;13456.958
;;-10351.981;13481.576
;;-10324.285;13500.04
;;-10287.358;13527.736
;;-10268.894;13607.745
;;-10256.585;13598.513
;;-10259.662;13567.74
;;-10253.508;13583.127
;;-10241.198;13555.431
;;-10210.426;13518.504
;;-10167.344;13460.036
;;-10145.803;13398.49
;;-10161.189;13429.263
;;-10118.107;13373.872
;;-10118.107;13364.64
;;-10130.416;13380.026
;;-10136.571;13389.258
;;-10130.416;13373.872
;;-10121.184;13352.331
;;-10108.875;13336.944
;;-10090.412;13361.562
;;-10081.18;13358.485
;;-10047.33;13321.558
;;-10010.402;13290.785
;;-9942.702;13287.708
;;-9881.156;13281.553
;;-9834.997;13241.548
;;-9822.688;13213.853
;;-9813.456;13213.853
;;-9853.461;13216.93
;;-9899.62;13207.698
;;-9933.47;13183.08
;;-10035.02;13121.534
;;-10096.566;13084.607
;;-10108.875;13047.68
;;-10111.953;13032.293
;;-10108.875;13032.293
;;-10099.643;13023.061
;;-10093.489;12992.288
;;-10102.721;12967.67
;;-10096.566;12964.593
;;-10096.566;12986.134
;;-10139.648;12936.897
;;-10148.88;12915.356
;;-10158.112;12903.047
;;-10170.421;12884.584
;;-10170.421;12872.274
;;-10179.653;12832.27
;;-10198.116;12810.729
;;-10207.348;12773.801
;;-10216.58;12681.483
;;-10241.198;12616.86
;;-10259.662;12567.623
;;-10259.662;12509.155
;;-10253.508;12469.15
;;-10250.43;12447.609
;;-10259.662;12416.837
;;-10265.817;12376.832
;;-10287.358;12379.909
;;-10308.899;12395.296
;;-10311.976;12416.837
;;-10305.821;12432.223
;;-10287.358;12376.832
;;-10278.126;12259.895
;;-10278.126;12158.345
;;-10284.28;12130.649
;;-10311.976;12139.881
;;-10290.435;12167.577
;;-10305.821;12201.427
;;-10305.821;12250.663
;;-10321.208;12229.122
;;-10348.903;12201.427
;;-10355.058;12189.118
;;-10361.212;12176.808
;;-10355.058;12176.808
;;-10324.285;12176.808
;;-10308.899;12198.349
;;-10275.049;12210.659
;;-10262.739;12222.968
;;-10265.817;12253.741
;;-10324.285;12256.818
;;-10373.522;12262.972
;;-10401.217;12250.663
;;-10438.145;12256.818
;;-10444.299;12253.741
;;-10422.758;12259.895
;;-10407.372;12241.431
;;-10391.985;12219.89
;;-10395.063;12176.808
;;-10324.285;12066.026
;;-10382.753;12013.712
;;-10336.594;12102.954
;;-10345.826;12038.331
;;-10524.308;12032.176
;;-10545.849;12044.485
;;-10481.227;12013.712
;;-10573.545;12053.717
;;-10435.067;12010.635
;;-10610.472;12053.717
;;-10622.782;12047.563
;;-10628.936;12041.408
;;-10635.091;12044.485
;;-10647.4;12044.485
;;-10622.782;12047.563
;;-10619.704;12041.408
;;-10641.245;12050.64
;;-10647.4;12066.026
;;-10693.559;12099.876
;;-10712.023;12112.186
;;-10724.332;12124.495
;;-10736.641;12127.572
;;-10752.027;12136.804
;;-10764.337;12161.422
;;-10755.105;12195.272
;;-10739.718;12232.2
;;-10724.332;12262.972
;;-10684.327;12290.668
;;-10653.554;12339.904
;;-10647.4;12426.068
;;-10638.168;12456.841
;;-10632.013;12503
;;-10650.477;12524.541
;;-10641.245;12527.619
;;-10641.245;12533.773
;;-10656.632;12546.082
;;-10678.173;12579.933
;;-10675.095;12616.86
;;-10675.095;12619.937
;;-10607.395;12653.787
;;-10607.395;12669.174
;;-10595.086;12678.406
;;-10607.395;12696.869
;;-10684.327;12761.492
;;-10708.945;12786.111
;;-10641.245;12709.178
;;-10742.796;12847.656
;;-10739.718;12906.125
;;-10727.409;12903.047
;;-10715.1;12816.883
;;-10748.95;12878.429
;;-10702.791;12915.356
;;-10659.709;12739.951
;;-10668.941;12933.82
;;-10653.554;12939.975
;;-10622.782;12946.129
;;-10632.013;12936.897
;;-10644.323;12924.588
;;-10628.936;12927.666
;;-10650.477;12930.743
;;-10644.323;12924.588
;;-10681.25;12927.666
;;-10665.864;12936.897
;;-10681.25;12930.743
;;-10681.25;12958.438
;;-10659.709;13001.52
;;-10632.013;13087.684
;;-10616.627;13130.766
;;-10610.472;13133.844
;;-10607.395;13130.766
;;-10592.009;13139.998
;;-10595.086;13130.766
;;-10592.009;13149.23
;;-10607.395;13143.075
;;-10598.163;13167.694
;;-10604.318;13164.616
;;-10592.009;13189.235
;;-10604.318;13210.776
;;-10628.936;12943.052
;;-10607.395;13238.471
;;-10610.472;13256.935
;;-10616.627;13293.862
;;-10613.55;13306.171
;;-10613.55;13321.558
;;-10598.163;13346.176
;;-10585.854;13358.485
;;-10558.159;13386.181
;;-10527.386;13398.49
;;-10542.772;13398.49
;;-10518.154;13398.49
;;-10499.69;13401.567
;;-10490.458;13404.644
;;-10475.072;13410.799
;;-10478.149;13416.954
;;-10468.917;13398.49
;;-10456.608;13410.799
;;-10441.222;13438.495
;;-10435.067;13435.417
;;-10447.376;13435.417
;;-10644.323;12644.556
;;-10407.372;13435.417
;;-10425.835;13438.495
;;-10407.372;13426.185
;;-10388.908;13410.799
;;-10296.59;13432.34
;;-10315.053;13429.263
;;-10305.821;13429.263
;;-10336.594;13441.572
;;-10265.817;13420.031
;;-10358.135;13429.263
;;-10247.353;13432.34
;;-10228.889;13416.954
;;-10231.967;13426.185
;;-10210.426;13413.876
;;-10201.194;13404.644
;;-10188.885;13413.876
;;-10176.576;13410.799
;;-10161.189;13395.413
;;-10170.421;13398.49
;;-10158.112;13398.49
;;-10404.294;13413.876
;;-10145.803;13392.335
;;-10096.566;13413.876
;;-10121.184;13404.644
;;-10065.793;13429.263
;;-10056.561;13423.108
;;-10038.098;13426.185
;;-10025.789;13426.185
;;-10025.789;13416.954
;;-10016.557;13401.567
;;-10013.48;13404.644
;;-10001.17;13416.954
;;-9995.016;13416.954
;;-9991.939;13410.799
;;-9991.939;13410.799
;;-9998.093;13404.644
;;-10004.248;13407.722
;;-10007.325;13376.949
;;-10013.48;13349.253
;;-10010.402;13340.021
;;-10025.789;13333.867
;;-10041.175;13336.944
;;-10053.484;13333.867
;;-10065.793;13330.79
;;-10059.639;13330.79
;;-10050.407;13349.253
;;-10059.639;13367.717
;;-10065.793;13376.949
;;-10044.252;13376.949
;;-10019.634;13376.949
;;-10001.17;13370.794
;;-9995.016;13361.562
;;-9976.552;13355.408
;;-9967.32;13352.331
;;-9988.861;13340.021
;;-9985.784;13336.944
;;-9924.238;13340.021
;;-9890.388;13343.099
;;-9890.388;13346.176
;;-9884.234;13346.176
;;-9905.775;13336.944
;;-9961.166;13327.712
;;-10022.711;13287.708
;;-10065.793;13235.394
;;-10124.262;13186.157
;;-10191.962;13167.694
;;-10244.276;13186.157
;;-10268.894;13167.694
;;-10287.358;13170.771
;;-10287.358;13192.312
;;-10287.358;13201.544
;;-10290.435;13216.93
;;-10293.512;13232.317
;;-10293.512;13232.317
;;-10296.59;13235.394
;;-10302.744;13241.548
;;-10281.203;13247.703
;;-10201.194;13241.548
;;-10078.102;13229.239
;;-10090.412;13213.853
;;-10068.871;13198.466
;;-10108.875;13167.694
;;-10204.271;13161.539
;;-10339.672;13170.771
;;-10478.149;13186.157
;;-10616.627;13198.466
;;-10770.491;13207.698
;;-10828.96;13253.858
;;-10856.655;13278.476
;;-10819.728;13300.017
;;-10773.568;13312.326
;;-10705.868;13340.021
;;-10662.786;13358.485
;;-10650.477;13340.021
;;-10632.013;13346.176
;;-10588.931;13370.794
;;-10521.231;13380.026
;;-10496.613;13395.413
;;-10478.149;13410.799
;;-10435.067;13423.108
;;-10361.212;13456.958
;;-10395.063;13447.726
;;-10444.299;13484.654
;;-10493.536;13530.813
;;-10542.772;13555.431
;;-10552.004;13644.672
;;-10524.308;13736.991
;;-10521.231;13786.228
;;-10527.386;13755.455
;;-10539.695;13690.832
;;-10539.695;13647.75
;;-10555.081;13610.822
;;-10533.54;13586.204
;;-10542.772;13592.359
;;-10558.159;13598.513
;;-10579.7;13598.513
;;-10601.241;13543.122
;;-10582.777;13490.808
;;-10401.217;13438.495
;;-10345.826;13410.799
;;-10358.135;13373.872
;;-10398.14;13336.944
;;-10431.99;13315.403
;;-10465.84;13293.862
;;-10511.999;13287.708
;;-10579.7;13241.548
;;-10576.622;13183.08
;;-10588.931;13204.621
;;-10601.241;13207.698
;;-10579.7;13189.235
;;-10552.004;13189.235
;;-10524.308;13235.394
;;-10604.318;13213.853
;;-10515.077;13266.167
;;-10536.618;13284.63
;;-10570.468;13306.171
;;-10588.931;13336.944
;;-10601.241;13401.567
;;-10567.39;13404.644
;;-10484.304;13383.103
;;-10333.517;13336.944
;;-10170.421;13358.485
;;-10185.807;13330.79
;;-10142.725;13376.949
;;-10139.648;13383.103
;;-10222.735;13373.872
;;-10324.285;13358.485
;;-10447.376;13376.949
;;-10558.159;13364.64
;;-10616.627;13358.485
;;-10727.409;13327.712
;;-10761.259;13272.321
;;-10739.718;13253.858
;;-10733.564;13281.553
;;-10678.173;13309.249
;;-10672.018;13349.253
;;-10632.013;13364.64
;;-10508.922;13395.413
;;-10499.69;13407.722
;;-10422.758;13392.335
;;-10330.44;13370.794
;;-10370.444;13340.021
;;-10435.067;13321.558
;;-10515.077;13303.094
;;-10588.931;13266.167
;;-10641.245;13223.085
;;-10681.25;13186.157
;;-10699.714;13155.384
;;-10708.945;13250.78
;;-10712.023;13260.012
;;-10715.1;13260.012
;;-10684.327;13266.167
;;-10662.786;13260.012
;;-10659.709;13290.785
;;-10613.55;13296.94
;;-10545.849;13312.326
;;-10558.159;13324.635
;;-10548.927;13333.867
;;-10527.386;13355.408
;;-10570.468;13346.176
;;-10613.55;13318.48
;;-10635.091;13303.094
;;-10653.554;13256.935
;;-10672.018;13247.703
;;-10702.791;13293.862
;;-10702.791;13290.785
;;-10555.081;13247.703
;;-10302.744;13256.935
;;-10355.058;13253.858
;;-10198.116;13275.399
;;-10253.508;13253.858
;;-10204.271;13281.553
;;-10330.44;13226.162
;;-10595.086;13155.384
;;-10770.491;13109.225
;;-10890.505;13075.375
;;-10865.887;13087.684
;;-10782.8;13109.225
;;-10712.023;13143.075
;;-10456.608;13195.389
;;-10684.327;13204.621
;;-10622.782;13269.244
;;-10530.463;13324.635
;;-10502.768;13336.944
;;-10456.608;13358.485
;;-10453.531;13376.949
;;-10490.458;13450.804
;;-10493.536;13444.649
;;-10524.308;13435.417
;;-10542.772;13395.413
;;-10552.004;13352.331
;;-10570.468;13324.635
;;-10585.854;13272.321
;;-10579.7;13180.003
;;-10530.463;13207.698
;;-10481.227;13260.012
;;-10428.913;13333.867
;;-10318.131;13404.644
;;-10271.971;13450.804
;;-10299.667;13460.036
;;-10336.594;13420.031
;;-10398.14;13386.181
;;-10462.763;13343.099
;;-10496.613;13278.476
;;-10576.622;13115.38
;;-10567.39;13099.993
;;-10564.313;13143.075
;;-10521.231;13195.389
;;-10456.608;13204.621
;;-10428.913;13186.157
;;-10404.294;13176.925
;;-10370.444;13213.853
;;-10391.985;13275.399
;;-10416.604;13340.021
;;-10447.376;13364.64
;;-10471.995;13361.562
;;-10515.077;13383.103
;;-10536.618;13367.717
;;-10524.308;13207.698
;;-10530.463;13155.384
;;-10539.695;13180.003
;;-10515.077;13210.776
;;-10355.058;13256.935
;;-10296.59;13256.935
;;-10259.662;13253.858
;;-10204.271;13256.935
;;-10222.735;13263.089
;;-10275.049;13263.089
;;-10321.208;13256.935
;;-10364.29;13275.399
;;-10441.222;13318.48
;;-10475.072;13309.249
;;-10490.458;13290.785
;;-10496.613;13260.012
;;-10499.69;13260.012
;;-10505.845;13256.935
;;-10511.999;13266.167
;;-10515.077;13287.708
;;-10524.308;13349.253
;;-10533.54;13376.949
;;-10542.772;13407.722
;;-10542.772;13386.181
;;-10545.849;13380.026
;;-10585.854;13324.635
;;-10595.086;13340.021
;;-10592.009;13367.717
;;-10579.7;13383.103
;;-10561.236;13349.253
;;-10527.386;13386.181
;;-10505.845;13389.258
;;-10471.995;13392.335
;;-10459.686;13395.413
;;-10456.608;13416.954
;;-10419.681;13423.108
;;-10376.599;13416.954
;;-10345.826;13432.34
;;-10321.208;13438.495
;;-10324.285;13426.185
;;-10333.517;13410.799
;;-10376.599;13380.026
;;-10422.758;13376.949
;;-10456.608;13386.181
;;-10465.84;13398.49
;;-10496.613;13426.185
;;-10533.54;13435.417
;;-10567.39;13435.417
;;-10579.7;13441.572
;;-10555.081;13441.572
;;-10471.995;13426.185
;;-10441.222;13420.031
;;-10407.372;13398.49
;;-10333.517;13398.49
;;-10201.194;13420.031
;;-10099.643;13444.649
;;-10062.716;13475.422
;;-10056.561;13472.345
;;-10004.248;13444.649
;;-10115.03;13361.562
;;-10244.276;13315.403
;;-10373.522;13300.017
;;-10496.613;13296.94
;;-10555.081;13303.094
;;-10601.241;13303.094
;;-10567.39;13318.48
;;-10524.308;13364.64
;;-10484.304;13515.427
;;-10539.695;13540.045
;;-10564.313;13558.509
;;-10456.608;13453.881
;;-10518.154;13586.204
;;-10475.072;13592.359
;;-10456.608;13586.204
;;-10413.526;13586.204
;;-10361.212;13604.668
;;-10379.676;13644.672
;;-10336.594;13583.127
;;-10431.99;13684.677
;;-10573.545;13660.059
;;-10511.999;13687.754
;;-10625.859;13623.132
;;-10622.782;13592.359
;;-10672.018;13610.822
;;-10444.299;13592.359
;;-10441.222;13598.513
;;-10598.163;13607.745
;;-10561.236;13598.513
;;-10659.709;13647.75
;;-10693.559;13672.368
;;-10712.023;13666.213
;;-10742.796;13669.291
;;-10804.341;13681.6
;;-10835.114;13681.6
;;-10733.564;13700.064
;;-10785.878;13681.6
;;-10699.714;13721.605
;;-10619.704;13764.687
;;-10530.463;13826.232
;;-10382.753;13903.164
;;-10502.768;13872.391
;;-10302.744;13897.01
;;-10315.053;13847.773
;;-10311.976;13813.923
;;-10278.126;13743.146
;;-10191.962;13690.832
;;-10231.967;13644.672
;;-10268.894;13638.518
;;-10373.522;13629.286
;;-10493.536;13635.441
;;-10579.7;13647.75
;;-10779.723;13656.982
;;-10850.5;13666.213
;;-10792.032;13696.986
;;-10779.723;13770.841
;;-10779.723;13718.527
;;-10702.791;13915.473
;;-10681.25;13946.246
;;-10675.095;13672.368
;;-10632.013;13949.324
;;-10641.245;13930.86
;;-10644.323;13918.551
;;-10632.013;13912.396
;;-10604.318;13906.242
;;-10604.318;13897.01
;;-10628.936;13875.469
;;-10635.091;13881.623
;;-10598.163;13875.469
;;-10524.308;13878.546
;;-10542.772;13878.546
;;-10545.849;13900.087
;;-10533.54;13903.164
;;-10518.154;13903.164
;;-10438.145;13893.932
;;-10404.294;13887.778
;;-10407.372;13927.783
;;-10456.608;13924.705
;;-10438.145;13930.86
;;-10407.372;13906.242
;;-10493.536;13918.551
;;-10558.159;13912.396
;;-10542.772;13884.701
;;-10441.222;13875.469
;;-10404.294;13869.314
;;-10431.99;13860.082
;;-10502.768;13881.623
;;-10675.095;13927.783
;;-10736.641;13927.783
;;-10835.114;13918.551
;;-10899.737;13924.705
;;-10878.196;13912.396
;;-10788.955;13890.855
;;-10712.023;13915.473
;;-10724.332;13900.087
;;-10665.864;13943.169
;;-10638.168;13961.633
;;-10635.091;13906.242
;;-10604.318;13878.546
;;-10601.241;13863.16
;;-10635.091;13860.082
;;-10668.941;13844.696
;;-10699.714;13832.387
;;-10712.023;13835.464
;;-10755.105;13829.309
;;-10804.341;13823.155
;;-10859.732;13813.923
;;-10838.191;13804.691
;;-10819.728;13789.305
;;-10832.037;13792.382
;;-10859.732;13801.614
;;-10844.346;13789.305
;;-10838.191;13795.459
;;-10832.037;13807.768
;;-10825.882;13801.614
;;-10841.269;13795.459
;;-10915.123;13792.382
;;-10939.742;13792.382
;;-10868.964;13795.459
;;-10813.573;13761.609
;;-10859.732;13727.759
;;-10902.814;13740.068
;;-10853.578;13764.687
;;-10853.578;13786.228
;;-10893.582;13801.614
;;-10952.051;13783.15
;;-10976.669;13795.459
;;-10970.515;13789.305
;;-10933.587;13783.15
;;-10924.355;13773.918
;;-10912.046;13764.687
;;-10875.119;13736.991
;;-10884.351;13718.527
;;-10902.814;13687.754
;;-10942.819;13684.677
;;-11041.292;13712.373
;;-11068.988;13740.068
;;-11096.683;13730.836
;;-11078.219;13749.3
;;-11078.219;13755.455
;;-11133.611;13783.15
;;-11164.383;13823.155
;;-11047.447;13743.146
;;-11139.765;13832.387
;;-11065.91;13807.768
;;-11059.756;13810.846
;;-11062.833;13810.846
;;-11044.369;13767.764
;;-11041.292;13700.064
;;-11072.065;13712.373
;;-11124.379;13758.532
;;-11173.615;13767.764
;;-11185.924;13761.609
;;-11225.929;13764.687
;;-11290.552;13783.15
;;-11262.856;13829.309
;;-11250.547;13853.928
;;-11247.47;13863.16
;;-11204.388;13847.773
;;-11108.992;13829.309
;;-11053.601;13826.232
;;-11075.142;13807.768
;;-11108.992;13792.382
;;-11195.156;13761.609
;;-11235.161;13764.687
;;-11287.475;13770.841
;;-11339.788;13783.15
;;-11364.407;13780.073
;;-11349.02;13786.228
;;-11336.711;13795.459
;;-11299.784;13810.846
;;-11278.243;13835.464
;;-11293.629;13850.85
;;-11253.625;13832.387
;;-11229.006;13841.619
;;-11232.084;13847.773
;;-11241.315;13841.619
;;-11241.315;13826.232
;;-11281.32;13783.15
;;-11299.784;13792.382
;;-11305.938;13826.232
;;-11333.634;13850.85
;;-11355.175;13850.85
;;-11376.716;13804.691
;;-11373.639;13773.918
;;-11352.098;13696.986
;;-11315.17;13641.595
;;-11339.788;13641.595
;;-11364.407;13644.672
;;-11392.102;13669.291
;;-11407.489;13696.986
;;-11401.334;13721.605
;;-11352.098;13761.609
;;-11315.17;13786.228
;;-11269.011;13764.687
;;-11284.397;13780.073
;;-11265.934;13755.455
;;-11232.084;13743.146
;;-11192.079;13715.45
;;-11161.306;13703.141
;;-11130.533;13684.677
;;-11090.529;13656.982
;;-11093.606;13620.054
;;-11102.838;13607.745
;;-11118.224;13592.359
;;-11142.842;13558.509
;;-11161.306;13521.581
;;-11201.311;13509.272
;;-11204.388;13509.272
;;-11213.62;13500.04
;;-11256.702;13487.731
;;-11269.011;13500.04
;;-11219.774;13493.886
;;-11222.852;13481.576
;;-11235.161;13487.731
;;-11244.393;13500.04
;;-11259.779;13549.277
;;-11262.856;13601.591
;;-11232.084;13607.745
;;-11219.774;13604.668
;;-11201.311;13580.05
;;-11235.161;13549.277
;;-11287.475;13533.89
;;-11355.175;13521.581
;;-11358.252;13521.581
;;-11302.861;13524.658
;;-11293.629;13533.89
;;-11173.615;13555.431
;;-11148.997;13555.431
;;-11139.765;13570.818
;;-11124.379;13549.277
;;-11041.292;13493.886
;;-10970.515;13506.195
;;-10945.896;13546.199
;;-10918.201;13576.972
;;-10979.746;13586.204
;;-11019.751;13607.745
;;-10992.056;13610.822
;;-10998.21;13604.668
;;-11158.229;13644.672
;;-11065.91;13613.9
;;-11207.465;13672.368
;;-11213.62;13690.832
;;-11182.847;13709.295
;;-11182.847;13696.986
;;-11185.924;13684.677
;;-11170.538;13681.6
;;-11139.765;13656.982
;;-11145.92;13623.132
;;-11112.07;13607.745
;;-11065.91;13620.054
;;-11019.751;13629.286
;;-10985.901;13632.363
;;-10970.515;13632.363
;;-10952.051;13626.209
;;-10948.974;13620.054
;;-10930.51;13616.977
;;-10918.201;13613.9
;;-10927.433;13620.054
;;-10955.128;13626.209
;;-10952.051;13629.286
;;-10995.133;13663.136
;;-10998.21;13687.754
;;-11022.828;13700.064
;;-11059.756;13696.986
;;-11075.142;13724.682
;;-11102.838;13746.223
;;-11127.456;13736.991
;;-11127.456;13727.759
;;-11038.215;13684.677
;;-11075.142;13703.141
;;-11019.751;13696.986
;;-11001.287;13724.682
;;-10988.978;13724.682
;;-10988.978;13718.527
;;-10998.21;13709.295
;;-10988.978;13718.527
;;-10992.056;13712.373
;;-10985.901;13724.682
;;-10985.901;13721.605
;;-10976.669;13715.45
;;-10967.437;13712.373
;;-10936.664;13703.141
;;-10930.51;13681.6
;;-10915.123;13660.059
;;-10896.66;13635.441
;;-10868.964;13610.822
;;-10856.655;13604.668
;;-10902.814;13601.591
;;-10933.587;13610.822
;;-10988.978;13629.286
;;-11136.688;13666.213
;;-11056.678;13650.827
;;-11201.311;13696.986
;;-11250.547;13721.605
;;-11253.625;13752.377
;;-11290.552;13801.614
;;-11287.475;13863.16
;;-11269.011;13869.314
;;-11210.543;13829.309
;;-11182.847;13813.923
;;-11155.152;13786.228
;;-11155.152;13755.455
;;-11182.847;13721.605
;;-11213.62;13672.368
;;-11256.702;13641.595
;;-11256.702;13635.441
;;-11253.625;13632.363
;;-11284.397;13684.677
;;-11293.629;13696.986
;;-11278.243;13749.3
;;-11272.088;13786.228
;;-11225.929;13789.305
;;-11185.924;13746.223
;;-11164.383;13718.527
;;-11148.997;13712.373
;;-11148.997;13718.527
;;-11145.92;13721.605
;;-11164.383;13736.991
;;-11182.847;13736.991
;;-11265.934;13798.537
;;-11241.315;13783.15
;;-11262.856;13798.537
;;-11232.084;13752.377
;;-11238.238;13690.832
;;-11253.625;13681.6
;;-11253.625;13672.368
;;-11259.779;13663.136
;;-11272.088;13669.291
;;-11269.011;13663.136
;;-11244.393;13672.368
;;-11167.461;13743.146
;;-11189.002;13690.832
;;-11179.77;13761.609
;;-11152.074;13786.228
;;-11090.529;13783.15
;;-11038.215;13776.996
;;-11019.751;13780.073
;;-11019.751;13786.228
;;-11041.292;13810.846
;;-11032.06;13817
;;-11022.828;13813.923
;;-11025.906;13810.846
;;-11044.369;13807.768
;;-11075.142;13807.768
;;-11096.683;13810.846
;;-11105.915;13823.155
;;-11090.529;13817
;;-11078.219;13817
;;-11084.374;13844.696
;;-11087.451;13869.314
;;-11072.065;13890.855
;;-11068.988;13897.01
;;-11072.065;13900.087
;;-11059.756;13921.628
;;-11053.601;13933.937
;;-11047.447;13924.705
;;-11032.06;13927.783
;;-11035.137;13912.396
;;-11032.06;13912.396
;;-11038.215;13906.242
;;-11056.678;13890.855
;;-11081.297;13872.391
;;-11093.606;13857.005
;;-11099.76;13844.696
;;-11090.529;13823.155
;;-11075.142;13826.232
;;-11059.756;13853.928
;;-11056.678;13866.237
;;-11007.442;13890.855
;;-11038.215;13866.237
;;-10992.056;13903.164
;;-10985.901;13906.242
;;-10982.824;13897.01
;;-10979.746;13878.546
;;-10988.978;13857.005
;;-11004.365;13832.387
;;-11007.442;13826.232
;;-11007.442;13826.232
;;-10998.21;13817
;;-11007.442;13813.923
;;-11025.906;13795.459
;;-10976.669;13789.305
;;-10985.901;13783.15
;;-11025.906;13807.768
;;-10961.283;13804.691
;;-10924.355;13826.232
;;-10896.66;13829.309
;;-10893.582;13841.619
;;-10899.737;13857.005
;;-10890.505;13863.16
;;-10881.273;13872.391
;;-10890.505;13881.623
;;-10893.582;13866.237
;;-10902.814;13844.696
;;-10908.969;13838.541
;;-10912.046;13823.155
;;-10927.433;13798.537
;;-10945.896;13780.073
;;-10961.283;13764.687
;;-10973.592;13755.455
;;-10970.515;13740.068
;;-10939.742;13743.146
;;-10908.969;13752.377
;;-10887.428;13758.532
;;-10862.81;13767.764
;;-10850.5;13761.609
;;-10825.882;13743.146
;;-10785.878;13743.146
;;-10779.723;13758.532
;;-10767.414;13736.991
;;-10767.414;13727.759
;;-10758.182;13724.682
;;-10745.873;13718.527
;;-10755.105;13687.754
;;-10739.718;13700.064
;;-10767.414;13681.6
;;-10782.8;13669.291
;;-10801.264;13656.982
;;-10804.341;13635.441
;;-10807.419;13656.982
;;-10755.105;13632.363
;;-10782.8;13626.209
;;-10718.177;13647.75
;;-10675.095;13653.904
;;-10650.477;13653.904
;;-10635.091;13653.904
;;-10610.472;13663.136
;;-10595.086;13663.136
;;-10592.009;13647.75
;;-10598.163;13653.904
;;-10598.163;13656.982
;;-10601.241;13653.904
;;-10635.091;13595.436
;;-10644.323;13564.663
;;-10641.245;13564.663
;;-10638.168;13549.277
;;-10625.859;13546.199
;;-10607.395;13540.045
;;-10555.081;13576.972
;;-10527.386;13604.668
;;-10511.999;13604.668
;;-10499.69;13607.745
;;-10487.381;13620.054
;;-10484.304;13623.132
;;-10481.227;13620.054
;;-10496.613;13616.977
;;-10505.845;13601.591
;;-10508.922;13601.591
;;-10499.69;13595.436
;;-10511.999;13598.513
;;-10530.463;13598.513
;;-10552.004;13613.9
;;-10564.313;13638.518
;;-10558.159;13663.136
;;-10552.004;13706.218
;;-10545.849;13724.682
;;-10542.772;13746.223
;;-10530.463;13752.377
;;-10530.463;13752.377
;;-10524.308;13736.991
;;-10511.999;13718.527
;;-10490.458;13709.295
;;-10481.227;13672.368
;;-10478.149;13650.827
;;-10484.304;13632.363
;;-10496.613;13610.822
;;-10502.768;13595.436
;;-10524.308;13503.117
;;-10515.077;13546.199
;;-10542.772;13503.117
;;-10576.622;13450.804
;;-10573.545;13475.422
;;-10576.622;13426.185
;;-10579.7;13416.954
;;-10582.777;13416.954
;;-10564.313;13416.954
;;-10527.386;13398.49
;;-10471.995;13429.263
;;-10481.227;13401.567
;;-10471.995;13469.267
;;-10462.763;13466.19
;;-10453.531;13444.649
;;-10444.299;13441.572
;;-10435.067;13447.726
;;-10428.913;13447.726
;;-10441.222;13438.495
;;-10450.454;13426.185
;;-10471.995;13410.799
;;-10499.69;13401.567
;;-10548.927;13383.103
;;-10567.39;13373.872
;;-10585.854;13364.64
;;-10598.163;13370.794
;;-10607.395;13364.64
;;-10573.545;13232.317
;;-10515.077;13127.689
;;-10484.304;13170.771
;;-10471.995;13247.703
;;-10459.686;13303.094
;;-10453.531;13367.717
;;-10438.145;13466.19
;;-10441.222;13586.204
;;-10471.995;13675.445
;;-10465.84;13641.595
;;-10456.608;13592.359
;;-10462.763;13580.05
;;-10462.763;13567.74
;;-10465.84;13546.199
;;-10475.072;13518.504
;;-10502.768;13487.731
;;-10511.999;13472.345
;;-10515.077;13460.036
;;-10533.54;13447.726
;;-10527.386;13447.726
;;-10521.231;13435.417
;;-10493.536;13435.417
;;-10475.072;13441.572
;;-10456.608;13447.726
;;-10444.299;13429.263
;;-10410.449;13435.417
;;-10453.531;13435.417
;;-10416.604;13435.417
;;-10419.681;13441.572
;;-10441.222;13438.495
;;-10459.686;13423.108
;;-10484.304;13392.335
;;-10490.458;13373.872
;;-10508.922;13343.099
;;-10564.313;13300.017
;;-10564.313;13275.399
;;-10564.313;13241.548
;;-10561.236;13223.085
;;-10558.159;13216.93
;;-10545.849;13210.776
;;-10524.308;13210.776
;;-10493.536;13213.853
;;-10468.917;13207.698
;;-10456.608;13232.317
;;-10447.376;13223.085
;;-10438.145;13210.776
;;-10441.222;13201.544
;;-10441.222;13192.312
;;-10447.376;13173.848
;;-10450.454;13146.153
;;-10459.686;13127.689
;;-10453.531;13103.071
;;-10450.454;13078.452
;;-10459.686;13056.911
;;-10496.613;13013.829
;;-10505.845;12998.443
;;-10524.308;12958.438
;;-10533.54;12933.82
;;-10539.695;12927.666
;;-10518.154;12909.202
;;-10493.536;12921.511
;;-10533.54;12915.356
;;-10471.995;12939.975
;;-10481.227;12936.897
;;-10481.227;12912.279
;;-10465.84;12838.424
;;-10465.84;12829.192
;;-10468.917;12823.038
;;-10478.149;12804.574
;;-10490.458;12776.879
;;-10502.768;12736.874
;;-10499.69;12755.338
;;-10542.772;12693.792
;;-10545.849;12687.637
;;-10561.236;12675.328
;;-10573.545;12681.483
;;-10579.7;12706.101
;;-10588.931;12706.101
;;-10573.545;12706.101
;;-10564.313;12721.488
;;-10552.004;12724.565
;;-10542.772;12721.488
;;-10539.695;12718.41
;;-10521.231;12712.256
;;-10518.154;12690.715
;;-10511.999;12693.792
;;-10508.922;12687.637
;;-10502.768;12666.096
;;-10505.845;12647.633
;;-10508.922;12669.174
;;-10505.845;12647.633
;;-10515.077;12675.328
;;-10542.772;12724.565
;;-10555.081;12727.642
;;-10582.777;12724.565
;;-10595.086;12721.488
;;-10598.163;12678.406
;;-10588.931;12635.324
;;-10570.468;12613.783
;;-10552.004;12589.164
;;-10505.845;12656.865
;;-10527.386;12604.551
;;-10484.304;12724.565
;;-10465.84;12847.656
;;-10465.84;12863.043
;;-10459.686;12890.738
;;-10465.84;12906.125
;;-10481.227;12893.815
;;-10487.381;12881.506
;;-10496.613;12878.429
;;-10496.613;12875.352
;;-10505.845;12850.733
;;-10511.999;12850.733
;;-10524.308;12850.733
;;-10521.231;12789.188
;;-10511.999;12715.333
;;-10515.077;12718.41
;;-10505.845;12736.874
;;-10499.69;12755.338
;;-10484.304;12776.879
;;-10465.84;12798.42
;;-10441.222;12884.584
;;-10447.376;12936.897
;;-10450.454;12943.052
;;-10447.376;12946.129
;;-10459.686;12927.666
;;-10462.763;12884.584
;;-10450.454;12878.429
;;-10441.222;12887.661
;;-10441.222;12893.815
;;-10444.299;12918.434
;;-10450.454;12946.129
;;-10456.608;12946.129
;;-10468.917;12918.434
;;-10478.149;12958.438
;;-10487.381;12912.279
;;-10487.381;12878.429
;;-10493.536;12896.893
;;-10481.227;12930.743
;;-10478.149;12964.593
;;-10459.686;13010.752
;;-10444.299;13059.989
;;-10438.145;13038.448
;;-10435.067;12998.443
;;-10425.835;12989.211
;;-10416.604;12992.288
;;-10407.372;13016.907
;;-10416.604;13029.216
;;-10422.758;13041.525
;;-10422.758;13050.757
;;-10419.681;13084.607
;;-10422.758;13103.071
;;-10453.531;13069.221
;;-10456.608;13050.757
;;-10468.917;13050.757
;;-10487.381;13044.602
;;-10496.613;13035.37
;;-10468.917;13007.675
;;-10444.299;13010.752
;;-10490.458;13019.984
;;-10419.681;13090.762
;;-10407.372;13115.38
;;-10404.294;13124.612
;;-10413.526;13186.157
;;-10416.604;13198.466
;;-10413.526;13229.239
;;-10428.913;13260.012
;;-10438.145;13238.471
;;-10431.99;13216.93
;;-10435.067;13213.853
;;-10441.222;13220.007
;;-10453.531;13210.776
;;-10475.072;13173.848
;;-10484.304;13170.771
;;-10465.84;13180.003
;;-10478.149;13176.925
;;-10481.227;13180.003
;;-10468.917;13201.544
;;-10459.686;13220.007
;;-10435.067;13253.858
;;-10413.526;13247.703
;;-10395.063;13244.626
;;-10404.294;13238.471
;;-10395.063;13272.321
;;-10398.14;13272.321
;;-10391.985;13269.244
;;-10395.063;13290.785
;;-10395.063;13293.862
;;-10410.449;13293.862
;;-10413.526;13281.553
;;-10401.217;13312.326
;;-10444.299;13290.785
;;-10462.763;13309.249
;;-10468.917;13306.171
;;-10468.917;13275.399
;;-10456.608;13284.63
;;-10471.995;13278.476
;;-10447.376;13333.867
;;-10435.067;13367.717
;;-10428.913;13373.872
;;-10419.681;13398.49
;;-10422.758;13432.34
;;-10419.681;13450.804
;;-10416.604;13460.036
;;-10410.449;13463.113
;;-10422.758;13456.958
;;-10413.526;13463.113
;;-10416.604;13469.267
;;-10419.681;13453.881
;;-10428.913;13453.881
;;-10435.067;13447.726
;;-10444.299;13429.263
;;-10468.917;13426.185
;;-10475.072;13423.108
;;-10484.304;13438.495
;;-10484.304;13444.649
;;-10475.072;13472.345
;;-10459.686;13503.117
;;-10428.913;13558.509
;;-10419.681;13573.895
;;-10395.063;13610.822
;;-10385.831;13629.286
;;-10370.444;13644.672
;;-10348.903;13684.677
;;-10339.672;13743.146
;;-10336.594;13773.918
;;-10336.594;13795.459
;;-10345.826;13804.691
;;-10345.826;13804.691
;;-10351.981;13807.768
;;-10355.058;13807.768
;;-10364.29;13801.614
;;-10379.676;13804.691
;;-10395.063;13801.614
;;-10391.985;13801.614
;;-10385.831;13810.846
;;-10373.522;13823.155
;;-10355.058;13844.696
;;-10324.285;13863.16
;;-10290.435;13884.701
;;-10305.821;13875.469
;;-10278.126;13897.01
;;-10268.894;13903.164
;;-10256.585;13906.242
;;-10244.276;13909.319
;;-10235.044;13909.319
;;-10228.889;13912.396
;;-10225.812;13906.242
;;-10219.657;13893.932
;;-10210.426;13878.546
;;-10213.503;13872.391
;;-10204.271;13844.696
;;-10219.657;13817
;;-10235.044;13783.15
;;-10247.353;13755.455
;;-10247.353;13721.605
;;-10244.276;13690.832
;;-10238.121;13672.368
;;-10228.889;13653.904
;;-10222.735;13650.827
;;-10207.348;13650.827
;;-10201.194;13638.518
;;-10198.116;13626.209
;;-10198.116;13623.132
;;-10201.194;13604.668
;;-10207.348;13580.05
;;-10207.348;13564.663
;;-10213.503;13549.277
;;-10225.812;13530.813
;;-10238.121;13509.272
;;-10256.585;13493.886
;;-10262.739;13484.654
;;-10290.435;13456.958
;;-10305.821;13435.417
;;-10321.208;13420.031
;;-10336.594;13410.799
;;-10339.672;13410.799
;;-10342.749;13416.954
;;-10330.44;13438.495
;;-10336.594;13441.572
;;-10330.44;13460.036
;;-10324.285;13478.499
;;-10315.053;13487.731
;;-10305.821;13496.963
;;-10299.667;13503.117
;;-10302.744;13509.272
;;-10308.899;13512.349
;;-10315.053;13512.349
;;-10333.517;13506.195
;;-10376.599;13503.117
;;-10391.985;13496.963
;;-10422.758;13481.576
;;-10453.531;13466.19
;;-10478.149;13456.958
;;-10493.536;13450.804
;;-10511.999;13447.726
;;-10533.54;13456.958
;;-10545.849;13484.654
;;-10561.236;13518.504
;;-10570.468;13540.045
;;-10598.163;13549.277
;;-10613.55;13546.199
;;-10632.013;13546.199
;;-10656.632;13546.199
;;-10678.173;13558.509
;;-10699.714;13570.818
;;-10730.486;13561.586
;;-10795.109;13546.199
;;-10832.037;13549.277
;;-10899.737;13536.968
;;-10945.896;13518.504
;;-10995.133;13493.886
;;-11028.983;13481.576
;;-10853.578;13552.354
;;-11065.91;13490.808
;;-11041.292;13475.422
;;-11075.142;13518.504
;;-11081.297;13540.045
;;-11115.147;13564.663
;;-11148.997;13586.204
;;-11145.92;13576.972
;;-11155.152;13589.281
;;-11170.538;13595.436
;;-11185.924;13595.436
;;-11195.156;13589.281
;;-11225.929;13567.74
;;-11253.625;13552.354
;;-11272.088;13555.431
;;-11321.325;13543.122
;;-11398.257;13521.581
;;-11364.407;13536.968
;;-11441.339;13521.581
;;-11456.725;13530.813
;;-11496.73;13543.122
;;-11496.73;13549.277
;;-11515.194;13570.818
;;-11521.348;13595.436
;;-11512.116;13616.977
;;-11496.73;13629.286
;;-11499.807;13620.054
;;-11499.807;13623.132
;;-11490.575;13632.363
;;-11472.112;13635.441
;;-11453.648;13647.75
;;-11435.184;13598.513
;;-11432.107;13573.895
;;-11422.875;13570.818
;;-11429.03;13561.586
;;-11422.875;13518.504
;;-11432.107;13503.117
;;-11432.107;13533.89
;;-11435.184;13549.277
;;-11395.18;13487.731
;;-11367.484;13506.195
;;-11305.938;13549.277
;;-11272.088;13533.89
;;-11281.32;13487.731
;;-11256.702;13561.586
;;-11253.625;13561.586
;;-11259.779;13549.277
;;-11287.475;13460.036
;;-11278.243;13389.258
;;-11256.702;13389.258
;;-11238.238;13413.876
;;-11247.47;13426.185
;;-11287.475;13478.499
;;-11352.098;13518.504
;;-11281.32;13392.335
;;-11305.938;13413.876
;;-11321.325;13540.045
;;-11278.243;13561.586
;;-11244.393;13426.185
;;-11229.006;13435.417
;;-11222.852;13435.417
;;-11222.852;13432.34
;;-11219.774;13429.263
;;-11219.774;13429.263
;;-11219.774;13423.108
;;-11229.006;13410.799
;;-11229.006;13401.567
;;-11235.161;13389.258
;;-11256.702;13370.794
;;-11235.161;13395.413
;;-11238.238;13380.026
;;-11269.011;13355.408
;;-11275.166;13330.79
;;-11265.934;13321.558
;;-11269.011;13343.099
;;-11185.924;13367.717
;;-11238.238;13349.253
;;-11216.697;13358.485
;;-11158.229;13376.949
;;-11161.306;13364.64
;;-11142.842;13358.485
;;-11108.992;13358.485
;;-11062.833;13352.331
;;-11022.828;13349.253
;;-11013.596;13355.408
;;-11010.519;13361.562
;;-10998.21;13364.64
;;-10982.824;13355.408
;;-10998.21;13364.64
;;-10979.746;13340.021
;;-10952.051;13327.712
;;-10933.587;13312.326
;;-10899.737;13284.63
;;-10887.428;13278.476
;;-10865.887;13278.476
;;-10847.423;13300.017
;;-10819.728;13312.326
;;-10776.646;13312.326
;;-10727.409;13315.403
;;-10699.714;13321.558
;;-10702.791;13333.867
;;-10672.018;13336.944
;;-10690.482;13336.944
;;-10659.709;13333.867
;;-10644.323;13333.867
;;-10595.086;13327.712
;;-10588.931;13303.094
;;-10576.622;13281.553
;;-10548.927;13290.785
;;-10539.695;13293.862
;;-10558.159;13278.476
;;-10579.7;13260.012
;;-10592.009;13250.78
;;-10592.009;13229.239
;;-10601.241;13220.007
;;-10616.627;13220.007
;;-10613.55;13253.858
;;-10619.704;13235.394
;;-10585.854;13287.708
;;-10604.318;13272.321
;;-10564.313;13290.785
;;-10548.927;13300.017
;;-10548.927;13293.862
;;-10548.927;13284.63
;;-10536.618;13284.63
;;-10542.772;13272.321
;;-10545.849;13260.012
;;-10555.081;13244.626
;;-10573.545;13229.239
;;-10588.931;13216.93
;;-10604.318;13186.157
;;-10607.395;13158.462
;;-10622.782;13139.998
;;-10632.013;13130.766
;;-10641.245;13130.766
;;-10668.941;13136.921
;;-10672.018;13139.998
;;-10635.091;13152.307
;;-10616.627;13139.998
;;-10613.55;13112.303
;;-10610.472;13090.762
;;-10607.395;13075.375
;;-10607.395;13072.298
;;-10625.859;13032.293
;;-10635.091;13023.061
;;-10635.091;13016.907
;;-10638.168;12989.211
;;-10635.091;13004.598
;;-10644.323;12979.979
;;-10675.095;12976.902
;;-10684.327;12976.902
;;-10647.4;12970.748
;;-10644.323;12973.825
;;-10650.477;12973.825
;;-10644.323;12983.057
;;-10635.091;12995.366
;;-10628.936;13004.598
;;-10607.395;13023.061
;;-10613.55;13029.216
;;-10595.086;13023.061
;;-10595.086;13026.139
;;-10595.086;13038.448
;;-10604.318;13053.834
;;-10607.395;13056.911
;;-10607.395;13026.139
;;-10641.245;13059.989
;;-10622.782;13050.757
;;-10613.55;13001.52
;;-10616.627;12989.211
;;-10607.395;12976.902
;;-10561.236;12967.67
;;-10533.54;12967.67
;;-10548.927;12967.67
;;-10524.308;12970.748
;;-10539.695;12961.516
;;-10490.458;13001.52
;;-10484.304;13029.216
;;-10484.304;13044.602
;;-10475.072;13059.989
;;-10481.227;13066.143
;;-10490.458;13063.066
;;-10462.763;13066.143
;;-10462.763;13063.066
;;-10447.376;13056.911
;;-10447.376;13050.757
;;-10425.835;13053.834
;;-10441.222;13050.757
;;-10496.613;13050.757
;;-10579.7;13041.525
;;-10592.009;13053.834
;;-10576.622;13041.525
;;-10431.99;13050.757
;;-10641.245;13081.53
;;-10585.854;13176.925
;;-10622.782;13059.989
;;-10622.782;13143.075
;;-10641.245;13106.148
;;-10564.313;13210.776
;;-10555.081;13229.239
;;-10570.468;13250.78
;;-10579.7;13290.785
;;-10567.39;13272.321
;;-10613.55;13303.094
;;-10622.782;13306.171
;;-10628.936;13315.403
;;-10656.632;13327.712
;;-10678.173;13318.48
;;-10742.796;13312.326
;;-10690.482;13315.403
;;-10773.568;13321.558
;;-10755.105;13321.558
;;-10788.955;13318.48
;;-10819.728;13312.326
;;-10832.037;13327.712
;;-10835.114;13327.712
;;-10819.728;13355.408
;;-10810.496;13364.64
;;-10810.496;13367.717
;;-10819.728;13392.335
;;-10801.264;13416.954
;;-10807.419;13416.954
;;-10822.805;13407.722
;;-10853.578;13432.34
;;-10841.269;13410.799
;;-10859.732;13435.417
;;-10875.119;13444.649
;;-10890.505;13453.881
;;-10927.433;13438.495
;;-10927.433;13438.495
;;-10927.433;13435.417
;;-10939.742;13426.185
;;-10948.974;13432.34
;;-10948.974;13438.495
;;-10967.437;13463.113
;;-10955.128;13481.576
;;-10930.51;13500.04
;;-10921.278;13506.195
;;-10908.969;13518.504
;;-10902.814;13518.504
;;-10896.66;13521.581
;;-10899.737;13521.581
;;-10899.737;13509.272
;;-10908.969;13487.731
;;-10899.737;13447.726
;;-10905.892;13460.036
;;-10921.278;13460.036
;;-10905.892;13453.881
;;-10927.433;13466.19
;;-10927.433;13478.499
;;-10933.587;13493.886
;;-10912.046;13524.658
;;-10927.433;13506.195
;;-10896.66;13549.277
;;-10878.196;13561.586
;;-10853.578;13583.127
;;-10828.96;13607.745
;;-10825.882;13623.132
;;-10798.187;13620.054
;;-10776.646;13626.209
;;-10773.568;13623.132
;;-10770.491;13638.518
;;-10779.723;13635.441
;;-10792.032;13620.054
;;-10792.032;13616.977
;;-10798.187;13620.054
;;-10810.496;13635.441
;;-10813.573;13647.75
;;-10813.573;13638.518
;;-10816.65;13641.595
;;-10825.882;13647.75
;;-10822.805;13641.595
;;-10785.878;13641.595
;;-10816.65;13641.595
;;-10712.023;13663.136
;;-10684.327;13700.064
;;-10684.327;13684.677
;;-10690.482;13709.295
;;-10715.1;13684.677
;;-10727.409;13666.213
;;-10724.332;13641.595
;;-10724.332;13644.672
;;-10727.409;13650.827
;;-10736.641;13641.595
;;-10755.105;13641.595
;;-10745.873;13641.595
;;-10761.259;13650.827
;;-10755.105;13660.059
;;-10739.718;13672.368
;;-10736.641;13687.754
;;-10739.718;13687.754
;;-10727.409;13684.677
;;-10748.95;13681.6
;;-10752.027;13687.754
;;-10755.105;13684.677
;;-10752.027;13690.832
;;-10767.414;13684.677
;;-10767.414;13690.832
;;-10770.491;13696.986
;;-10752.027;13696.986
;;-10745.873;13696.986
;;-10736.641;13690.832
;;-10736.641;13690.832
;;-10742.796;13678.523
;;-10761.259;13678.523
;;-10782.8;13660.059
;;-10795.109;13647.75
;;-10816.65;13616.977
;;-10838.191;13601.591
;;-10856.655;13589.281
;;-10859.732;13583.127
;;-10816.65;13576.972
;;-10792.032;13589.281
;;-10792.032;13601.591
;;-10795.109;13598.513
;;-10819.728;13610.822
;;-10838.191;13598.513
;;-10850.5;13592.359
;;-10868.964;13592.359
;;-10896.66;13592.359
;;-10915.123;13586.204
;;-10930.51;13583.127
;;-10942.819;13576.972
;;-10948.974;13576.972
;;-11001.287;13561.586
;;-11007.442;13561.586
;;-11010.519;13561.586
;;-10948.974;13570.818
;;-11022.828;13567.74
;;-11028.983;13570.818
;;-11013.596;13595.436
;;-11016.674;13583.127
;;-11010.519;13586.204
;;-11016.674;13576.972
;;-10998.21;13595.436
;;-11025.906;13549.277
;;-11016.674;13524.658
;;-11035.137;13530.813
;;-11013.596;13549.277
;;-11004.365;13527.736
;;-11028.983;13552.354
;;-11016.674;13558.509
;;-11032.06;13558.509
;;-11050.524;13540.045
;;-11050.524;13509.272
;;-11041.292;13496.963
;;-11053.601;13509.272
;;-11072.065;13521.581
;;-11056.678;13496.963
;;-11035.137;13515.427
;;-11019.751;13530.813
;;-11068.988;13527.736
;;-11019.751;13527.736
;;-11004.365;13530.813
;;-10998.21;13524.658
;;-11041.292;13496.963
;;-10992.056;13518.504
;;-10973.592;13509.272
;;-10933.587;13500.04
;;-10930.51;13487.731
;;-10955.128;13512.349
;;-10930.51;13493.886
;;-10832.037;13469.267
;;-10721.255;13450.804
;;-10705.868;13438.495
;;-10727.409;13426.185
;;-10767.414;13429.263
;;-10813.573;13432.34
;;-10872.041;13426.185
;;-10915.123;13432.34
;;-10936.664;13444.649
;;-10955.128;13466.19
;;-10973.592;13478.499
;;-10995.133;13490.808
;;-11025.906;13509.272
;;-11022.828;13527.736
;;-10998.21;13567.74
;;-10942.819;13616.977
;;-10902.814;13656.982
;;-10868.964;13690.832
;;-10878.196;13715.45
;;-10890.505;13696.986
;;-10899.737;13681.6
;;-10915.123;13696.986
;;-10915.123;13703.141
;;-10912.046;13718.527
;;-10878.196;13733.914
;;-10859.732;13749.3
;;-10844.346;13770.841
;;-10662.786;13823.155
;;-10761.259;13795.459
;;-10641.245;13838.541
;;-10653.554;13860.082
;;-10690.482;13869.314
;;-10721.255;13869.314
;;-10764.337;13863.16
;;-10813.573;13872.391
;;-10841.269;13878.546
;;-10856.655;13893.932
;;-10896.66;13918.551
;;-10921.278;13927.783
;;-10915.123;13933.937
;;-10893.582;13924.705
;;-10841.269;13915.473
;;-10795.109;13927.783
;;-10739.718;13930.86
;;-10647.4;13921.628
;;-10487.381;13903.164
;;-10450.454;13893.932
;;-10468.917;13884.701
;;-10499.69;13869.314
;;-10496.613;13860.082
;;-10539.695;13844.696
;;-10693.559;13829.309
;;-10607.395;13832.387
;;-10767.414;13826.232
;;-10828.96;13826.232
;;-10865.887;13832.387
;;-10816.65;13866.237
;;-10758.182;13933.937
;;-10752.027;13940.092
;;-10755.105;13918.551
;;-10782.8;13890.855
;;-10733.564;13918.551
;;-10693.559;13906.242
;;-10678.173;13900.087
;;-10668.941;13900.087
;;-10675.095;13875.469
;;-10672.018;13872.391
;;-10638.168;13866.237
;;-10647.4;13875.469
;;-10616.627;13850.85
;;-10579.7;13844.696
;;-10539.695;13832.387
;;-10478.149;13829.309
;;-10499.69;13801.614
;;-10521.231;13767.764
;;-10552.004;13764.687
;;-10564.313;13761.609
;;-10592.009;13761.609
;;-10632.013;13773.918
;;-10675.095;13776.996
;;-10705.868;13755.455
;;-10712.023;13730.836
;;-10721.255;13709.295
;;-10712.023;13721.605
;;-10684.327;13743.146
;;-10647.4;13749.3
;;-10625.859;13761.609
;;-10622.782;13761.609
;;-10622.782;13758.532
;;-10628.936;13764.687
;;-10638.168;13780.073
;;-10659.709;13798.537
;;-10693.559;13838.541
;;-10656.632;13853.928
;;-10647.4;13850.85
;;-10625.859;13863.16
;;-10579.7;13866.237
;;-10339.672;13844.696
;;-10213.503;13823.155
;;-10231.967;13823.155
;;-10342.749;13813.923
;;-10382.753;13795.459
;;-10471.995;13752.377
;;-10561.236;13721.605
;;-10638.168;13721.605
;;-10604.318;13715.45
;;-10708.945;13724.682
;;-10752.027;13727.759
;;-10745.873;13733.914
;;-10702.791;13758.532
;;-10601.241;13776.996
;;-10428.913;13804.691
;;-10518.154;13786.228
;;-10471.995;13789.305
;;-10573.545;13776.996
;;-10598.163;13773.918
;;-10499.69;13764.687
;;-10422.758;13749.3
;;-10404.294;13767.764
;;-10444.299;13789.305
;;-10456.608;13798.537
;;-10419.681;13817
;;-10367.367;13813.923
;;-10361.212;13810.846
;;-10435.067;13798.537
;;-10453.531;13776.996
;;-10481.227;13755.455
;;-10521.231;13712.373
;;-10576.622;13678.523
;;-10552.004;13681.6
;;-10539.695;13709.295
;;-10545.849;13718.527
;;-10527.386;13718.527
;;-10493.536;13712.373
;;-10573.545;13740.068
;;-10598.163;13767.764
;;-10548.927;13721.605
;;-10635.091;13820.078
;;-10665.864;13866.237
;;-10718.177;13863.16
;;-10712.023;13835.464
;;-10730.486;13755.455
;;-10641.245;13786.228
;;-10604.318;13749.3
;;-10582.777;13718.527
;;-10588.931;13681.6
;;-10527.386;13678.523
;;-10588.931;13758.532
;;-10672.018;13696.986
;;-10742.796;13749.3
;;-10770.491;13783.15
;;-10770.491;13826.232
;;-10745.873;13847.773
;;-10758.182;13878.546
;;-10690.482;13943.169
;;-10635.091;13967.787
;;-10647.4;13893.932
;;-10619.704;13755.455
;;-10628.936;13623.132
;;-10619.704;13604.668
;;-10736.641;13709.295
;;-10668.941;13663.136
;;-10810.496;13687.754
;;-10853.578;13644.672
;;-10844.346;13663.136
;;-10881.273;13650.827
;;-10878.196;13641.595
;;-10838.191;13620.054
;;-10841.269;13623.132
;;-10822.805;13620.054
;;-10785.878;13616.977
;;-10770.491;13598.513
;;-10773.568;13570.818
;;-10721.255;13586.204
;;-10638.168;13610.822
;;-10564.313;13641.595
;;-10511.999;13669.291
;;-10453.531;13690.832
;;-10478.149;13715.45
;;-10539.695;13730.836
;;-10592.009;13712.373
;;-10635.091;13684.677
;;-10672.018;13730.836
;;-10635.091;13758.532
;;-10595.086;13770.841
;;-10613.55;13786.228
;;-10653.554;13736.991
;;-10690.482;13700.064
;;-10718.177;13696.986
;;-10730.486;13690.832
;;-10770.491;13687.754
;;-10795.109;13672.368
;;-10801.264;13678.523
;;-10782.8;13675.445
;;-10721.255;13626.209
;;-10665.864;13644.672
;;-10582.777;13669.291
;;-10496.613;13696.986
;;-10441.222;13733.914
;;-10444.299;13746.223
;;-10748.95;13638.518
;;-10459.686;13764.687
;;-10496.613;13780.073
;;-10548.927;13804.691
;;-10502.768;13847.773
;;-10459.686;13853.928
;;-10431.99;13829.309
;;-10447.376;13776.996
;;-10505.845;13724.682
;;-10552.004;13703.141
;;-10619.704;13647.75
;;-10601.241;13635.441
;;-10604.318;13650.827
;;-10622.782;13660.059
;;-10644.323;13669.291
;;-10570.468;13678.523
;;-10493.536;13684.677
;;-10475.072;13681.6
;;-10518.154;13681.6
;;-10468.917;13687.754
;;-10398.14;13690.832
;;-10447.376;13669.291
;;-10425.835;13693.909
;;-10490.458;13696.986
;;-10521.231;13743.146
;;-10561.236;13743.146
;;-10610.472;13727.759
;;-10693.559;13721.605
;;-10739.718;13718.527
;;-10767.414;13709.295
;;-10776.646;13718.527
;;-10736.641;13700.064
;;-10708.945;13700.064
;;-10678.173;13712.373
;;-10675.095;13749.3
;;-10672.018;13789.305
;;-10653.554;13804.691
;;-10647.4;13813.923
;;-10662.786;13835.464
;;-10693.559;13853.928
;;-10662.786;13850.85
;;-10598.163;13844.696
;;-10508.922;13807.768
;;-10459.686;13786.228
;;-10435.067;13755.455
;;-10305.821;13749.3
;;-10262.739;13746.223
;;-10336.594;13733.914
;;-10379.676;13733.914
;;-10533.54;13730.836
;;-10475.072;13727.759
;;-10622.782;13709.295
;;-10561.236;13724.682
;;-10588.931;13687.754
;;-10558.159;13718.527
;;-10564.313;13684.677
;;-10552.004;13690.832
;;-10524.308;13770.841
;;-10487.381;13783.15
;;-10465.84;13773.918
;;-10527.386;13795.459
;;-10613.55;13817
;;-10625.859;13798.537
;;-10647.4;13780.073
;;-10641.245;13758.532
;;-10625.859;13773.918
;;-10576.622;13807.768
;;-10539.695;13810.846
;;-10598.163;13801.614
;;-10530.463;13832.387
;;-10533.54;13853.928
;;-10511.999;13869.314
;;-10490.458;13841.619
;;-10490.458;13823.155
;;-10456.608;13807.768
;;-10413.526;13789.305
;;-10425.835;13767.764
;;-10382.753;13767.764
;;-10308.899;13758.532
;;-10342.749;13770.841
;;-10453.531;13841.619
;;-10518.154;13860.082
;;-10582.777;13853.928
;;-10613.55;13835.464
;;-10585.854;13835.464
;;-10619.704;13838.541
;;-10545.849;13826.232
;;-10527.386;13823.155
;;-10367.367;13847.773
;;-10333.517;13853.928
;;-10256.585;13869.314
;;-10253.508;13887.778
;;-10284.28;13912.396
;;-10327.362;13933.937
;;-10388.908;13912.396
;;-10459.686;13878.546
;;-10493.536;13860.082
;;-10530.463;13847.773
;;-10530.463;13863.16
;;-10524.308;13893.932
;;-10502.768;13903.164
;;-10493.536;13949.324
;;-10459.686;13989.328
;;-10431.99;13967.787
;;-10395.063;13946.246
;;-10361.212;13946.246
;;-10391.985;13943.169
;;-10487.381;13933.937
;;-10468.917;13933.937
;;-10425.835;13912.396
;;-10450.454;13903.164
;;-10524.308;13915.473
;;-10653.554;13927.783
;;-10748.95;13937.014
;;-10755.105;13930.86
;;-10748.95;13952.401
;;-10745.873;13961.633
;;-10730.486;13964.71
;;-10761.259;13952.401
;;-10770.491;13955.478
;;-10739.718;13961.633
;;-10684.327;13955.478
;;-10656.632;13964.71
;;-10687.404;13952.401
;;-10712.023;13946.246
;;-10718.177;13967.787
;;-10712.023;13973.942
;;-10712.023;13973.942
;;-10721.255;13955.478
;;-10702.791;13924.705
;;-10705.868;13915.473
;;-10739.718;13915.473
;;-10755.105;13915.473
;;-10795.109;13924.705
;;-10807.419;13946.246
;;-10832.037;13955.478
;;-10865.887;13933.937
;;-10875.119;13897.01
;;-10872.041;13860.082
;;-10825.882;13847.773
;;-10844.346;13857.005
;;-10921.278;13890.855
;;-10958.205;13955.478
;;-10927.433;13980.096
;;-10905.892;13977.019
;;-10945.896;13973.942
;;-11032.06;13949.324
;;-11041.292;13933.937
;;-11056.678;13903.164
;;-11115.147;13878.546
;;-11179.77;13878.546
;;-11195.156;13900.087
;;-11225.929;13918.551
;;-11241.315;13949.324
;;-11287.475;13946.246
;;-11281.32;13937.014
;;-11235.161;13933.937
;;-11189.002;13924.705
;;-11081.297;13903.164
;;-11032.06;13890.855
;;-11035.137;13897.01
;;-11047.447;13897.01
;;-11065.91;13909.319
;;-11232.084;13887.778
;;-11185.924;13897.01
;;-11216.697;13878.546
;;-11198.233;13875.469
;;-11158.229;13881.623
;;-11158.229;13893.932
;;-11170.538;13918.551
;;-11192.079;13961.633
;;-11225.929;13977.019
;;-11216.697;13973.942
;;-11222.852;13961.633
;;-11225.929;13937.014
;;-11216.697;13943.169
;;-11185.924;13933.937
;;-11185.924;13930.86
;;-11210.543;13933.937
;;-11244.393;13918.551
;;-11259.779;13912.396
;;-11305.938;13912.396
;;-11352.098;13933.937
;;-11373.639;13943.169
;;-11398.257;13937.014
;;-11398.257;13921.628
;;-11392.102;13915.473
;;-11373.639;13921.628
;;-11349.02;13952.401
;;-11339.788;13986.251
;;-11324.402;14032.41
;;-11342.866;14013.946
;;-11293.629;14075.492
;;-11333.634;14072.415
;;-11342.866;14066.26
;;-11312.093;14038.565
;;-11265.934;14023.178
;;-11256.702;14041.642
;;-11287.475;14103.188
;;-11367.484;14127.806
;;-11419.798;14115.497
;;-11469.034;14087.801
;;-11505.962;14035.487
;;-11459.803;13998.56
;;-11416.721;13995.483
;;-11389.025;14020.101
;;-11364.407;14063.183
;;-11376.716;14090.879
;;-11392.102;14121.651
;;-11407.489;14143.192
;;-11318.248;14112.42
;;-11293.629;14097.033
;;-11259.779;14075.492
;;-11244.393;14047.797
;;-11259.779;13998.56
;;-11269.011;13955.478
;;-11290.552;13937.014
;;-11269.011;13909.319
;;-11259.779;13909.319
;;-11281.32;13930.86
;;-11275.166;13915.473
;;-11250.547;13912.396
;;-11238.238;13900.087
;;-11225.929;13887.778
;;-11216.697;13890.855
;;-11204.388;13866.237
;;-11207.465;13832.387
;;-11278.243;13863.16
;;-11244.393;13801.614
;;-11302.861;13921.628
;;-11201.311;13878.546
;;-11195.156;13884.701
;;-11281.32;13903.164
;;-11305.938;13927.783
;;-11219.774;13807.768
;;-11302.861;13912.396
;;-11250.547;13890.855
;;-11219.774;13884.701
;;-11238.238;13850.85
;;-11238.238;13869.314
;;-11241.315;13829.309
;;-11247.47;13801.614
;;-11247.47;13786.228
;;-11275.166;13733.914
;;-11299.784;13687.754
;;-11293.629;13672.368
;;-11278.243;13669.291
;;-11213.62;13653.904
;;-11235.161;13663.136
;;-11204.388;13663.136
;;-11247.47;13696.986
;;-11262.856;13715.45
;;-11281.32;13736.991
;;-11293.629;13740.068
;;-11302.861;13758.532
;;-11321.325;13773.918
;;-11321.325;13740.068
;;-11275.166;13693.909
;;-11287.475;13712.373
;;-11262.856;13681.6
;;-11281.32;13696.986
;;-11330.557;13736.991
;;-11342.866;13740.068
;;-11358.252;13724.682
;;-11336.711;13687.754
;;-11296.707;13696.986
;;-11235.161;13666.213
;;-11210.543;13687.754
;;-11210.543;13718.527
;;-11213.62;13780.073
;;-11195.156;13783.15
;;-11130.533;13783.15
;;-11075.142;13786.228
;;-11062.833;13795.459
;;-11068.988;13804.691
;;-11068.988;13835.464
;;-11078.219;13823.155
;;-11112.07;13823.155
;;-11148.997;13841.619
;;-11155.152;13866.237
;;-11210.543;13906.242
;;-11241.315;13933.937
;;-11281.32;13983.174
;;-11250.547;14010.869
;;-11161.306;13967.787
;;-11195.156;13983.174
;;-11081.297;13946.246
;;-11065.91;13940.092
;;-11118.224;13958.555
;;-11081.297;13927.783
;;-11078.219;13918.551
;;-11044.369;13906.242
;;-11053.601;13903.164
;;-11108.992;13906.242
;;-11108.992;13921.628
;;-11093.606;13915.473
;;-11062.833;13940.092
;;-11022.828;13949.324
;;-11032.06;13893.932
;;-11155.152;13866.237
;;-11192.079;13853.928
;;-11232.084;13820.078
;;-11235.161;13798.537
;;-11235.161;13832.387
;;-11247.47;13893.932
;;-11296.707;13918.551
;;-11256.702;13949.324
;;-11204.388;13943.169
;;-11198.233;13937.014
;;-11204.388;13924.705
;;-11219.774;13927.783
;;-11219.774;13897.01
;;-11213.62;13850.85
;;-11213.62;13832.387
;;-11222.852;13835.464
;;-11201.311;13829.309
;;-11256.702;13875.469
;;-11238.238;13893.932
;;-11238.238;13918.551
;;-11238.238;13943.169
;;-11207.465;13958.555
;;-11219.774;13986.251
;;-11222.852;14004.715
;;-11219.774;13989.328
;;-11219.774;14001.637
;;-11216.697;14007.792
;;-11179.77;14026.256
;;-11096.683;14044.719
;;-11038.215;14063.183
;;-11013.596;14087.801
;;-11022.828;14103.188
;;-11044.369;14112.42
;;-11025.906;14118.574
;;-11028.983;14127.806
;;-11053.601;14146.27
;;-11207.465;14173.965
;;-11265.934;14204.738
;;-11293.629;14207.815
;;-11290.552;14217.047
;;-11275.166;14226.279
;;-11269.011;14244.743
;;-11247.47;14247.82
;;-11213.62;14260.129
;;-11142.842;14269.361
;;-11102.838;14257.052
;;-11121.301;14257.052
;;-11121.301;14223.202
;;-11115.147;14213.97
;;-11121.301;14217.047
;;-11124.379;14229.356
;;-11124.379;14226.279
;;-11118.224;14220.124
;;-11105.915;14229.356
;;-11093.606;14204.738
;;-11112.07;14201.661
;;-11127.456;14198.583
;;-11145.92;14210.893
;;-11158.229;14210.893
;;-11145.92;14217.047
;;-11145.92;14223.202
;;-11124.379;14238.588
;;-11105.915;14278.593
;;-11118.224;14260.129
;;-11118.224;14287.825
;;-11099.76;14272.438
;;-11075.142;14272.438
;;-11047.447;14272.438
;;-11028.983;14260.129
;;-11001.287;14257.052
;;-11016.674;14247.82
;;-11013.596;14213.97
;;-11010.519;14201.661
;;-11016.674;14201.661
;;-11038.215;14201.661
;;-11065.91;14213.97
;;-11105.915;14213.97
;;-11093.606;14217.047
;;-11090.529;14210.893
;;-11068.988;14223.202
;;-11032.06;14229.356
;;-10995.133;14241.665
;;-10958.205;14220.124
;;-10890.505;14204.738
;;-10850.5;14207.815
;;-10807.419;14204.738
;;-10761.259;14192.429
;;-10715.1;14186.274
;;-10684.327;14189.352
;;-10684.327;14186.274
;;-10684.327;14189.352
;;-10699.714;14201.661
;;-10752.027;14201.661
;;-10795.109;14201.661
;;-10859.732;14207.815
;;-10908.969;14217.047
;;-10908.969;14217.047
;;-10908.969;14210.893
;;-10905.892;14207.815
;;-10868.964;14198.583
;;-10844.346;14173.965
;;-10844.346;14167.811
;;-10801.264;14164.733
;;-10745.873;14152.424
;;-10690.482;14158.579
;;-10662.786;14180.12
;;-10641.245;14170.888
;;-10647.4;14152.424
;;-10601.241;14143.192
;;-10613.55;14140.115
;;-10635.091;14155.501
;;-10693.559;14146.27
;;-10736.641;14140.115
;;-10761.259;14133.96
;;-10770.491;14127.806
;;-10785.878;14109.342
;;-10801.264;14090.879
;;-10795.109;14084.724
;;-10745.873;14087.801
;;-10742.796;14087.801
;;-10696.636;14106.265
;;-10681.25;14124.729
;;-10668.941;14100.11
;;-10656.632;14093.956
;;-10622.782;14081.647
;;-10585.854;14072.415
;;-10564.313;14053.951
;;-10592.009;14044.719
;;-10573.545;14063.183
;;-10659.709;14041.642
;;-10712.023;14032.41
;;-10687.404;14041.642
;;-10739.718;14026.256
;;-10752.027;14013.946
;;-10758.182;14010.869
;;-10628.936;13989.328
;;-10607.395;13973.942
;;-10585.854;13980.096
;;-10552.004;14001.637
;;-10561.236;13989.328
;;-10592.009;13989.328
;;-10576.622;13998.56
;;-10601.241;13964.71
;;-10672.018;13918.551
;;-10693.559;13869.314
;;-10739.718;13835.464
;;-10718.177;13860.082
;;-10736.641;13841.619
;;-10736.641;13832.387
;;-10702.791;13804.691
;;-10628.936;13826.232
;;-10622.782;13838.541
;;-10585.854;13853.928
;;-10567.39;13860.082
;;-10582.777;13853.928
;;-10592.009;13826.232
;;-10607.395;13813.923
;;-10687.404;13903.164
;;-10604.318;13832.387
;;-10576.622;13850.85
;;-10582.777;13841.619
;;-10573.545;13847.773
;;-10628.936;13770.841
;;-10625.859;13783.15
;;-10610.472;13798.537
;;-10613.55;13780.073
;;-10595.086;13813.923
;;-10638.168;13853.928
;;-10625.859;13857.005
;;-10632.013;13835.464
;;-10632.013;13857.005
;;-10607.395;13863.16
;;-10585.854;13844.696
;;-10567.39;13838.541
;;-10644.323;13863.16
;;-10570.468;13832.387
;;-10570.468;13813.923
;;-10558.159;13813.923
;;-10530.463;13813.923
;;-10533.54;13835.464
;;-10555.081;13841.619
;;-10542.772;13823.155
;;-10539.695;13826.232
;;-10573.545;13807.768
;;-10601.241;13773.918
;;-10595.086;13749.3
;;-10592.009;13755.455
;;-10601.241;13733.914
;;-10601.241;13730.836
;;-10545.849;13718.527
;;-10558.159;13715.45
;;-10527.386;13715.45
;;-10496.613;13721.605
;;-10450.454;13740.068
;;-10459.686;13733.914
;;-10428.913;13718.527
;;-10428.913;13703.141
;;-10438.145;13644.672
;;-10453.531;13626.209
;;-10508.922;13533.89
;;-10527.386;13478.499
;;-10536.618;13404.644
;;-10487.381;13573.895
;;-10462.763;13601.591
;;-10456.608;13733.914
;;-10447.376;13724.682
;;-10438.145;13672.368
;;-10542.772;13392.335
;;-10555.081;13373.872
;;-10542.772;13383.103
;;-10536.618;13398.49
;;-10515.077;13426.185
;;-10508.922;13444.649
;;-10493.536;13484.654
;;-10475.072;13506.195
;;-10459.686;13450.804
;;-10450.454;13441.572
;;-10441.222;13444.649
;;-10447.376;13447.726
;;-10456.608;13423.108
;;-10478.149;13349.253
;;-10484.304;13300.017
;;-10511.999;13269.244
;;-10530.463;13241.548
;;-10548.927;13207.698
;;-10561.236;13158.462
;;-10588.931;13170.771
;;-10576.622;13173.848
;;-10579.7;13136.921
;;-10579.7;13167.694
;;-10576.622;13183.08
;;-10548.927;13192.312
;;-10515.077;13232.317
;;-10493.536;13278.476
;;-10459.686;13281.553
;;-10462.763;13241.548
;;-10450.454;13044.602
;;-10444.299;13235.394
;;-10481.227;12826.115
;;-10502.768;12773.801
;;-10521.231;12779.956
;;-10545.849;12761.492
;;-10567.39;12675.328
;;-10585.854;12715.333
;;-10585.854;12739.951
;;-10579.7;12893.815
;;-10582.777;12899.97
;;-10576.622;12912.279
;;-10542.772;13241.548
;;-10518.154;13195.389
;;-10515.077;13127.689
;;-10505.845;13081.53
;;-10536.618;13216.93
;;-10493.536;13078.452
;;-10533.54;13226.162
;;-10542.772;13216.93
;;-10552.004;13044.602
;;-10542.772;13256.935
;;-10561.236;12693.792
;;-10475.072;13250.78
;;-10502.768;13090.762
;;-10508.922;13103.071
;;-10505.845;13090.762
;;-10527.386;13087.684
;;-10567.39;13059.989
;;-10555.081;13075.375
;;-10576.622;13059.989
;;-10595.086;13078.452
;;-10607.395;13118.457
;;-10502.768;13093.839
;;-10619.704;13201.544
;;-10619.704;13164.616
;;-10622.782;13232.317
;;-10607.395;13232.317
;;-10585.854;13238.471
;;-10548.927;13269.244
;;-10496.613;13269.244
;;-10456.608;13275.399
;;-10438.145;13281.553
;;-10428.913;13263.089
;;-10425.835;13275.399
;;-10459.686;13244.626
;;-10493.536;13235.394
;;-10595.086;13293.862
;;-10524.308;13229.239
;;-10585.854;13324.635
;;-10573.545;13266.167
;;-10545.849;13349.253
;;-10570.468;13247.703
;;-10502.768;13361.562
;;-10462.763;13358.485
;;-10428.913;13367.717
;;-10416.604;13389.258
;;-10373.522;13327.712
;;-10388.908;13321.558
;;-10413.526;13318.48
;;-10410.449;13364.64
;;-10388.908;13330.79
;;-10428.913;13315.403
;;-10444.299;13281.553
;;-10435.067;13312.326
;;-10453.531;13281.553
;;-10450.454;13275.399
;;-10450.454;13272.321
;;-10444.299;13272.321
;;-10441.222;13284.63
;;-10444.299;13315.403
;;-10435.067;13327.712
;;-10425.835;13352.331
;;-10410.449;13358.485
;;-10395.063;13358.485
;;-10391.985;13364.64
;;-10398.14;13376.949
;;-10391.985;13370.794
;;-10398.14;13358.485
;;-10413.526;13343.099
;;-10422.758;13336.944
;;-10422.758;13330.79
;;-10438.145;13318.48
;;-10453.531;13306.171
;;-10471.995;13293.862
;;-10478.149;13293.862
;;-10496.613;13284.63
;;-10505.845;13275.399
;;-10490.458;13278.476
;;-10484.304;13293.862
;;-10468.917;13321.558
;;-10450.454;13343.099
;;-10435.067;13349.253
;;-10425.835;13358.485
;;-10419.681;13373.872
;;-10422.758;13386.181
;;-10422.758;13389.258
;;-10428.913;13392.335
;;-10428.913;13401.567
;;-10441.222;13404.644
;;-10444.299;13401.567
;;-10444.299;13395.413
;;-10444.299;13386.181
;;-10459.686;13370.794
;;-10484.304;13361.562
;;-10496.613;13346.176
;;-10502.768;13336.944
;;-10505.845;13336.944
;;-10505.845;13343.099
;;-10496.613;13340.021
;;-10484.304;13327.712
;;-10475.072;13346.176
;;-10456.608;13373.872
;;-10450.454;13395.413
;;-10459.686;13420.031
;;-10462.763;13456.958
;;-10465.84;13478.499
;;-10487.381;13500.04
;;-10496.613;13460.036
;;-10505.845;13447.726
;;-10496.613;13496.963
;;-10518.154;13441.572
;;-10511.999;13444.649
;;-10533.54;13435.417
;;-10548.927;13435.417
;;-10561.236;13444.649
;;-10607.395;13444.649
;;-10610.472;13450.804
;;-10601.241;13484.654
;;-10588.931;13512.349
;;-10613.55;13466.19
;;-10582.777;13598.513
;;-10570.468;13616.977
;;-10579.7;13546.199
;;-10585.854;13580.05
;;-10573.545;13623.132
;;-10576.622;13638.518
;;-10582.777;13641.595
;;-10585.854;13644.672
;;-10604.318;13650.827
;;-10619.704;13656.982
;;-10635.091;13653.904
;;-10656.632;13660.059
;;-10696.636;13669.291
;;-10715.1;13700.064
;;-10739.718;13740.068
;;-10736.641;13810.846
;;-10742.796;13792.382
;;-10730.486;13841.619
;;-10712.023;13804.691
;;-10699.714;13783.15
;;-10730.486;13838.541
;;-10681.25;13795.459
;;-10672.018;13798.537
;;-10672.018;13844.696
;;-10659.709;13927.783
;;-10641.245;13884.701
;;-10653.554;13918.551
;;-10638.168;13813.923
;;-10644.323;13776.996
;;-10656.632;13801.614
;;-10632.013;13749.3
;;-10675.095;13801.614
;;-10699.714;13804.691
;;-10708.945;13786.228
;;-10724.332;13761.609
;;-10739.718;13795.459
;;-10730.486;13817
;;-10699.714;13869.314
;;-10668.941;13826.232
;;-10662.786;13823.155
;;-10687.404;13850.85
;;-10638.168;13810.846
;;-10622.782;13792.382
;;-10721.255;13866.237
;;-10604.318;13798.537
;;-10736.641;13786.228
;;-10619.704;13795.459
;;-10628.936;13810.846
;;-10601.241;13798.537
;;-10650.477;13801.614
;;-10665.864;13795.459
;;-10687.404;13795.459
;;-10721.255;13798.537
;;-10702.791;13776.996
;;-10690.482;13773.918
;;-10675.095;13767.764
;;-10638.168;13770.841
;;-10622.782;13783.15
;;-10542.772;13844.696
;;-10508.922;13869.314
;;-10499.69;13890.855
;;-10592.009;13810.846
;;-10502.768;13903.164
;;-10530.463;13860.082
;;-10505.845;13903.164
;;-10511.999;13906.242
;;-10502.768;13903.164
;;-10511.999;13903.164
;;-10499.69;13900.087
;;-10496.613;13881.623
;;-10502.768;13890.855
;;-10493.536;13872.391
;;-10496.613;13872.391
;;-10499.69;13875.469
;;-10493.536;13893.932
;;-10481.227;13918.551
;;-10456.608;13943.169
;;-10431.99;13970.864
;;-10416.604;13998.56
;;-10401.217;14001.637
;;-10373.522;14001.637
;;-10364.29;14020.101
;;-10348.903;14032.41
;;-10348.903;14038.565
;;-10348.903;14032.41
;;-10351.981;14029.333
;;-10351.981;14032.41
;;-10361.212;14026.256
;;-10379.676;14023.178
;;-10413.526;14026.256
;;-10425.835;14041.642
;;-10428.913;14035.487
;;-10422.758;14044.719
;;-10416.604;14063.183
;;-10398.14;14087.801
;;-10342.749;14103.188
;;-10308.899;14112.42
;;-10367.367;14087.801
;;-10287.358;14137.038
;;-10296.59;14118.574
;;-10287.358;14152.424
;;-10287.358;14149.347
;;-10290.435;14133.96
;;-10287.358;14143.192
;;-10290.435;14118.574
;;-10302.744;14106.265
;;-10361.212;14072.415
;;-10398.14;14063.183
;;-10407.372;14044.719
;;-10407.372;14050.874
;;-10324.285;14081.647
;;-10401.217;14050.874
;;-10379.676;14044.719
;;-10358.135;14060.106
;;-10373.522;14090.879
;;-10324.285;14121.651
;;-10278.126;14140.115
;;-10275.049;14170.888
;;-10259.662;14164.733
;;-10293.512;14180.12
;;-10299.667;14198.583
;;-10302.744;14207.815
;;-10315.053;14210.893
;;-10321.208;14220.124
;;-10333.517;14207.815
;;-10385.831;14158.579
;;-10395.063;14143.192
;;-10333.517;14195.506
;;-10404.294;14140.115
;;-10425.835;14140.115
;;-10428.913;14140.115
;;-10425.835;14140.115
;;-10416.604;14133.96
;;-10382.753;14140.115
;;-10351.981;14210.893
;;-10361.212;14186.274
;;-10379.676;14226.279
;;-10373.522;14217.047
;;-10385.831;14220.124
;;-10413.526;14198.583
;;-10401.217;14207.815
;;-10422.758;14180.12
;;-10419.681;14155.501
;;-10413.526;14164.733
;;-10453.531;14155.501
;;-10422.758;14189.352
;;-10493.536;14158.579
;;-10524.308;14158.579
;;-10521.231;14164.733
;;-10570.468;14161.656
;;-10582.777;14177.042
;;-10619.704;14226.279
;;-10601.241;14204.738
;;-10536.618;14155.501
;;-10622.782;14232.434
;;-10610.472;14247.82
;;-10622.782;14260.129
;;-10659.709;14253.975
;;-10672.018;14220.124
;;-10678.173;14152.424
;;-10715.1;14100.11
;;-10748.95;14093.956
;;-10792.032;14097.033
;;-10835.114;14078.569
;;-10872.041;14053.951
;;-10890.505;14013.946
;;-10979.746;13983.174
;;-10958.205;13992.405
;;-10921.278;14001.637
;;-10992.056;13967.787
;;-10995.133;13961.633
;;-10982.824;13955.478
;;-10976.669;13970.864
;;-10948.974;13955.478
;;-10936.664;13940.092
;;-10939.742;13964.71
;;-10948.974;13983.174
;;-10948.974;14010.869
;;-10930.51;14010.869
;;-10924.355;14004.715
;;-10930.51;13973.942
;;-10921.278;13955.478
;;-10902.814;13952.401
;;-10905.892;13933.937
;;-10915.123;13909.319
;;-10952.051;13897.01
;;-10976.669;13875.469
;;-11001.287;13847.773
;;-10988.978;13847.773
;;-11007.442;13857.005
;;-11022.828;13869.314
;;-11016.674;13860.082
;;-11022.828;13878.546
;;-10955.128;13906.242
;;-10948.974;13915.473
;;-11001.287;13857.005
;;-10939.742;13930.86
;;-10930.51;13897.01
;;-10936.664;13887.778
;;-10936.664;13817
;;-10933.587;13795.459
;;-10939.742;13798.537
;;-10948.974;13789.305
;;-10961.283;13767.764
;;-10976.669;13749.3
;;-10988.978;13721.605
;;-10998.21;13693.909
;;-11019.751;13656.982
;;-11053.601;13626.209
;;-11032.06;13638.518
;;-10998.21;13672.368
;;-11053.601;13626.209
;;-11056.678;13623.132
;;-11065.91;13638.518
;;-11068.988;13653.904
;;-11062.833;13672.368
;;-11087.451;13672.368
;;-11065.91;13666.213
;;-11124.379;13684.677
;;-11148.997;13675.445
;;-11182.847;13672.368
;;-11204.388;13678.523
;;-11262.856;13666.213
;;-11299.784;13653.904
;;-11355.175;13641.595
;;-11453.648;13580.05
;;-11484.421;13564.663
;;-11536.735;13561.586
;;-11595.203;13558.509
;;-11629.053;13549.277
;;-11650.594;13546.199
;;-11699.831;13552.354
;;-11721.372;13570.818
;;-11733.681;13595.436
;;-11736.758;13604.668
;;-11758.299;13595.436
;;-11773.685;13607.745
;;-11795.226;13616.977
;;-11789.072;13580.05
;;-11785.995;13549.277
;;-11804.458;13564.663
;;-11844.463;13546.199
;;-11869.081;13503.117
;;-11893.699;13496.963
;;-11992.173;13481.576
;;-11995.25;13453.881
;;-11979.863;13416.954
;;-11915.24;13395.413
;;-11853.695;13389.258
;;-11829.077;13407.722
;;-11822.922;13420.031
;;-11801.381;13435.417
;;-11761.376;13447.726
;;-11724.449;13447.726
;;-11690.599;13450.804
;;-11672.135;13456.958
;;-11681.367;13460.036
;;-11678.29;13453.881
;;-11656.749;13441.572
;;-11635.208;13450.804
;;-11632.13;13453.881
;;-11625.976;13475.422
;;-11622.899;13490.808
;;-11629.053;13447.726
;;-11635.208;13389.258
;;-11638.285;13315.403
;;-11632.13;13300.017
;;-11616.744;13293.862
;;-11592.126;13278.476
;;-11533.657;13330.79
;;-11570.585;13303.094
;;-11521.348;13343.099
;;-11496.73;13355.408
;;-11478.266;13364.64
;;-11456.725;13370.794
;;-11435.184;13380.026
;;-11419.798;13398.49
;;-11576.739;13290.785
;;-11413.643;13413.876
;;-11398.257;13413.876
;;-11385.948;13420.031
;;-11385.948;13410.799
;;-11382.87;13333.867
;;-11395.18;13327.712
;;-11407.489;13321.558
;;-11389.025;13373.872
;;-11410.566;13312.326
;;-11401.334;13300.017
;;-11382.87;13312.326
;;-11373.639;13324.635
;;-11345.943;13392.335
;;-11333.634;13401.567
;;-11305.938;13392.335
;;-11281.32;13389.258
;;-11256.702;13423.108
;;-11222.852;13453.881
;;-11192.079;13475.422
;;-11173.615;13478.499
;;-11148.997;13456.958
;;-11108.992;13401.567
;;-11053.601;13358.485
;;-11032.06;13367.717
;;-11025.906;13349.253
;;-11025.906;13333.867
;;-11032.06;13306.171
;;-11028.983;13263.089
;;-11001.287;13253.858
;;-10982.824;13281.553
;;-10961.283;13309.249
;;-10933.587;13336.944
;;-10921.278;13346.176
;;-10902.814;13367.717
;;-10868.964;13398.49
;;-10838.191;13460.036
;;-10865.887;13481.576
;;-10912.046;13503.117
;;-10841.269;13420.031
;;-10936.664;13484.654
;;-10887.428;13496.963
;;-10927.433;13506.195
;;-10915.123;13432.34
;;-10902.814;13376.949
;;-10887.428;13333.867
;;-10896.66;13352.331
;;-10905.892;13380.026
;;-10896.66;13389.258
;;-10878.196;13410.799
;;-10856.655;13426.185
;;-10853.578;13435.417
;;-10847.423;13469.267
;;-10844.346;13472.345
;;-10853.578;13469.267
;;-10847.423;13463.113
;;-10856.655;13444.649
;;-10878.196;13435.417
;;-10942.819;13444.649
;;-10970.515;13453.881
;;-10982.824;13444.649
;;-11001.287;13429.263
;;-11028.983;13398.49
;;-11044.369;13389.258
;;-11022.828;13380.026
;;-11010.519;13370.794
;;-10988.978;13380.026
;;-11010.519;13373.872
;;-10985.901;13386.181
;;-10967.437;13398.49
;;-10961.283;13410.799
;;-10970.515;13435.417
;;-10967.437;13444.649
;;-10958.205;13463.113
;;-10936.664;13478.499
;;-10964.36;13463.113
;;-10964.36;13426.185
;;-10967.437;13420.031
;;-10976.669;13447.726
;;-10976.669;13444.649
;;-10985.901;13441.572
;;-10973.592;13438.495
;;-10948.974;13423.108
;;-10948.974;13416.954
;;-10979.746;13416.954
;;-11004.365;13413.876
;;-11010.519;13407.722
;;-11019.751;13398.49
;;-11047.447;13426.185
;;-11050.524;13463.113
;;-11044.369;13524.658
;;-11022.828;13506.195
;;-11019.751;13487.731
;;-11001.287;13530.813
;;-11001.287;13570.818
;;-11001.287;13595.436
;;-10988.978;13592.359
;;-10967.437;13527.736
;;-10930.51;13512.349
;;-10939.742;13549.277
;;-10933.587;13558.509
;;-10942.819;13527.736
;;-10952.051;13506.195
;;-10961.283;13490.808
;;-10982.824;13493.886
;;-10998.21;13515.427
;;-10992.056;13533.89
;;-10988.978;13552.354
;;-10952.051;13567.74
;;-10942.819;13558.509
;;-10936.664;13573.895
;;-10927.433;13586.204
;;-10927.433;13573.895
;;-10912.046;13592.359
;;-10893.582;13595.436
;;-10872.041;13589.281
;;-10868.964;13613.9
;;-10872.041;13620.054
;;-10865.887;13607.745
;;-10862.81;13635.441
;;-10865.887;13610.822
;;-10850.5;13629.286
;;-10850.5;13666.213
;;-10868.964;13620.054
;;-10844.346;13663.136
;;-10847.423;13660.059
;;-10822.805;13669.291
;;-10792.032;13678.523
;;-10841.269;13650.827
;;-10708.945;13761.609
;;-10764.337;13733.914
;;-10659.709;13758.532
;;-10853.578;13620.054
;;-10779.723;13703.141
;;-10647.4;13743.146
;;-10712.023;13696.986
;;-10730.486;13678.523
;;-10764.337;13663.136
;;-10748.95;13647.75
;;-10776.646;13638.518
;;-10887.428;13632.363
;;-10832.037;13626.209
;;-10952.051;13687.754
;;-10927.433;13663.136
;;-10955.128;13718.527
;;-10936.664;13743.146
;;-10948.974;13764.687
;;-10933.587;13783.15
;;-10952.051;13764.687
;;-10884.351;13798.537
;;-10844.346;13829.309
;;-10813.573;13838.541
;;-10807.419;13860.082
;;-10813.573;13875.469
;;-10819.728;13872.391
;;-10865.887;13835.464
;;-10868.964;13829.309
;;-10878.196;13813.923
;;-10896.66;13792.382
;;-10899.737;13786.228
;;-10905.892;13807.768
;;-10933.587;13817
;;-10939.742;13823.155
;;-10955.128;13823.155
;;-10982.824;13832.387
;;-10976.669;13829.309
;;-10976.669;13813.923
;;-10964.36;13807.768
;;-10955.128;13810.846
;;-10936.664;13826.232
;;-10924.355;13835.464
;;-10896.66;13847.773
;;-10890.505;13863.16
;;-10872.041;13872.391
;;-10859.732;13887.778
;;-10847.423;13881.623
;;-10844.346;13869.314
;;-10835.114;13884.701
;;-10832.037;13881.623
;;-10825.882;13881.623
;;-10825.882;13890.855
;;-10816.65;13903.164
;;-10798.187;13878.546
;;-10773.568;13853.928
;;-10764.337;13801.614
;;-10779.723;13770.841
;;-10782.8;13743.146
;;-10776.646;13687.754
;;-10755.105;13626.209
;;-10730.486;13638.518
;;-10733.564;13672.368
;;-10745.873;13700.064
;;-10748.95;13712.373
;;-10745.873;13712.373
;;-10736.641;13740.068
;;-10733.564;13752.377
;;-10733.564;13758.532
;;-10739.718;13758.532
;;-10739.718;13733.914
;;-10748.95;13712.373
;;-10773.568;13724.682
;;-10792.032;13733.914
;;-10807.419;13749.3
;;-10819.728;13767.764
;;-10859.732;13712.373
;;-10856.655;13696.986
;;-10862.81;13758.532
;;-10853.578;13666.213
;;-10856.655;13660.059
;;-10856.655;13666.213
;;-10850.5;13650.827
;;-10850.5;13669.291
;;-10853.578;13675.445
;;-10868.964;13693.909
;;-10912.046;13641.595
;;-10912.046;13653.904
;;-10912.046;13656.982
;;-10927.433;13666.213
;;-10952.051;13660.059
;;-10884.351;13684.677
;;-10973.592;13653.904
;;-10985.901;13650.827
;;-10995.133;13650.827
;;-10988.978;13660.059
;;-10976.669;13666.213
;;-10970.515;13678.523
;;-10970.515;13696.986
;;-10982.824;13706.218
;;-10979.746;13700.064
;;-10976.669;13684.677
;;-10973.592;13675.445
;;-10970.515;13675.445
;;-10995.133;13653.904
;;-10988.978;13650.827
;;-10988.978;13647.75
;;-11010.519;13656.982
;;-10992.056;13666.213
;;-11016.674;13656.982
;;-11010.519;13644.672
;;-11038.215;13632.363
;;-11044.369;13626.209
;;-11038.215;13598.513
;;-11044.369;13607.745
;;-11041.292;13610.822
;;-11041.292;13610.822
;;-11038.215;13616.977
;;-11019.751;13638.518
;;-11001.287;13653.904
;;-11004.365;13666.213
;;-11032.06;13690.832
;;-11093.606;13724.682
;;-11081.297;13733.914
;;-11087.451;13733.914
;;-11072.065;13736.991
;;-11081.297;13733.914
;;-11068.988;13718.527
;;-11053.601;13755.455
;;-11072.065;13740.068
;;-11081.297;13749.3
;;-11105.915;13730.836
;;-11145.92;13746.223
;;-11155.152;13758.532
;;-11124.379;13724.682
;;-11164.383;13773.918
;;-11155.152;13773.918
;;-11173.615;13783.15
;;-11161.306;13789.305
;;-11170.538;13783.15
;;-11170.538;13783.15
;;-11167.461;13783.15
;;-11204.388;13776.996
;;-11185.924;13770.841
;;-11179.77;13780.073
;;-11210.543;13767.764
;;-11241.315;13746.223
;;-11210.543;13752.377
;;-11272.088;13743.146
;;-11302.861;13727.759
;;-11330.557;13700.064
;;-11349.02;13660.059
;;-11336.711;13666.213
;;-11352.098;13660.059
;;-11349.02;13675.445
;;-11333.634;13660.059
;;-11339.788;13678.523
;;-11342.866;13684.677
;;-11339.788;13678.523
;;-11309.016;13635.441
;;-11299.784;13629.286
;;-11293.629;13629.286
;;-11293.629;13650.827
;;-11299.784;13672.368
;;-11305.938;13681.6
;;-11305.938;13684.677
;;-11330.557;13681.6
;;-11345.943;13641.595
;;-11312.093;13684.677
;;-11336.711;13644.672
;;-11318.248;13666.213
;;-11324.402;13690.832
;;-11324.402;13647.75
;;-11321.325;13693.909
;;-11309.016;13712.373
;;-11299.784;13715.45
;;-11299.784;13730.836
;;-11269.011;13752.377
;;-11265.934;13776.996
;;-11269.011;13798.537
;;-11269.011;13807.768
;;-11259.779;13817
;;-11259.779;13826.232
;;-11256.702;13804.691
;;-11265.934;13789.305
;;-11281.32;13792.382
;;-11287.475;13767.764
;;-11287.475;13740.068
;;-11290.552;13740.068
;;-11287.475;13736.991
;;-11284.397;13736.991
;;-11275.166;13749.3
;;-11265.934;13755.455
;;-11253.625;13767.764
;;-11229.006;13798.537
;;-11210.543;13810.846
;;-11235.161;13773.918
;;-11210.543;13813.923
;;-11219.774;13823.155
;;-11216.697;13829.309
;;-11201.311;13832.387
;;-11185.924;13841.619
;;-11167.461;13860.082
;;-11179.77;13866.237
;;-11182.847;13875.469
;;-11182.847;13881.623
;;-11176.692;13881.623
;;-11158.229;13897.01
;;-11139.765;13909.319
;;-11124.379;13943.169
;;-11130.533;13933.937
;;-11130.533;13933.937
;;-11127.456;13933.937
;;-11105.915;13933.937
;;-11093.606;13918.551
;;-11075.142;13890.855
;;-11068.988;13900.087
;;-11072.065;13887.778
;;-11056.678;13897.01
;;-11047.447;13887.778
;;-11038.215;13897.01
;;-11038.215;13906.242
;;-11041.292;13903.164
;;-11032.06;13893.932
;;-11022.828;13903.164
;;-11028.983;13909.319
;;-11041.292;13912.396
;;-11041.292;13900.087
;;-11022.828;13897.01
;;-11028.983;13900.087
;;-11016.674;13906.242
;;-11004.365;13912.396
;;-10992.056;13915.473
;;-10973.592;13912.396
;;-11004.365;13918.551
;;-10961.283;13912.396
;;-10961.283;13909.319
;;-10942.819;13903.164
;;-10924.355;13893.932
;;-10930.51;13875.469
;;-10918.201;13878.546
;;-10921.278;13884.701
;;-10927.433;13878.546
;;-10924.355;13869.314
;;-10924.355;13863.16
;;-10915.123;13857.005
;;-10918.201;13844.696
;;-10921.278;13838.541
;;-10915.123;13832.387
;;-10915.123;13820.078
;;-10899.737;13810.846
;;-10890.505;13810.846
;;-10902.814;13813.923
;;-10875.119;13817
;;-10859.732;13817
;;-10856.655;13810.846
;;-10844.346;13804.691
;;-10832.037;13789.305
;;-10835.114;13795.459
;;-10832.037;13786.228
;;-10825.882;13789.305
;;-10822.805;13789.305
;;-10822.805;13786.228
;;-10825.882;13780.073
;;-10828.96;13767.764
;;-10828.96;13730.836
;;-10828.96;13730.836
;;-10825.882;13736.991
;;-10822.805;13752.377
;;-10819.728;13755.455
;;-10810.496;13758.532
;;-10807.419;13755.455
;;-10795.109;13755.455
;;-10785.878;13752.377
;;-10761.259;13727.759
;;-10767.414;13733.914
;;-10758.182;13721.605
;;-10748.95;13715.45
;;-10739.718;13730.836
;;-10745.873;13736.991
;;-10739.718;13736.991
;;-10739.718;13743.146
;;-10742.796;13746.223
;;-10748.95;13740.068
;;-10748.95;13736.991
;;-10755.105;13706.218
;;-10761.259;13703.141
;;-10764.337;13690.832
;;-10752.027;13681.6
;;-10745.873;13675.445
;;-10727.409;13681.6
;;-10724.332;13687.754
;;-10721.255;13700.064
;;-10708.945;13706.218
;;-10702.791;13700.064
;;-10687.404;13706.218
;;-10681.25;13709.295
;;-10696.636;13700.064
;;-10678.173;13706.218
;;-10684.327;13712.373
;;-10684.327;13712.373
;;-10678.173;13709.295
;;-10659.709;13703.141
;;-10656.632;13693.909
;;-10635.091;13687.754
;;-10635.091;13693.909
;;-10644.323;13690.832
;;-10656.632;13684.677
;;-10662.786;13684.677
;;-10672.018;13696.986
;;-10675.095;13712.373
;;-10672.018;13709.295
;;-10672.018;13724.682
;;-10672.018;13727.759
;;-10675.095;13740.068
;;-10678.173;13746.223
;;-10668.941;13746.223
;;-10662.786;13746.223
;;-10653.554;13743.146
;;-10647.4;13743.146
;;-10592.009;13749.3
;;-10518.154;13743.146
;;-10441.222;13724.682
;;-10355.058;13715.45
;;-10391.985;13721.605
;;-10435.067;13718.527
;;-10484.304;13706.218
;;-10542.772;13696.986
;;-10604.318;13675.445
;;-10675.095;13669.291
;;-10696.636;13663.136
;;-10767.414;13620.054
;;-10758.182;13626.209
;;-10776.646;13629.286
;;-10770.491;13647.75
;;-10727.409;13666.213
;;-10675.095;13687.754
;;-10635.091;13700.064
;;-10588.931;13715.45
;;-10511.999;13715.45
;;-10435.067;13693.909
;;-10345.826;13684.677
;;-10348.903;13684.677
;;-10382.753;13675.445
;;-10391.985;13656.982
;;-10398.14;13647.75
;;-10527.386;13653.904
;;-10622.782;13635.441
;;-10447.376;13647.75
;;-10730.486;13616.977
;;-10748.95;13592.359
;;-10730.486;13583.127
;;-10730.486;13589.281
;;-10721.255;13604.668
;;-10693.559;13620.054
;;-10588.931;13641.595
;;-10555.081;13656.982
;;-10545.849;13672.368
;;-10545.849;13684.677
;;-10558.159;13712.373
;;-10582.777;13715.45
;;-10628.936;13724.682
;;-10678.173;13718.527
;;-10702.791;13715.45
;;-10748.95;13712.373
;;-10761.259;13700.064
;;-10748.95;13712.373
;;-10733.564;13746.223
;;-10721.255;13752.377
;;-10625.859;13752.377
;;-10502.768;13755.455
;;-10481.227;13743.146
;;-10475.072;13721.605
;;-10499.69;13700.064
;;-10536.618;13700.064
;;-10598.163;13700.064
;;-10659.709;13684.677
;;-10712.023;13687.754
;;-10764.337;13693.909
;;-10816.65;13721.605
;;-10819.728;13724.682
;;-10742.796;13721.605
;;-10687.404;13718.527
;;-10595.086;13724.682
;;-10552.004;13718.527
;;-10564.313;13761.609
;;-10616.627;13776.996
;;-10684.327;13724.682
;;-10755.105;13660.059
;;-10807.419;13650.827
;;-10822.805;13650.827
;;-10804.341;13644.672
;;-10801.264;13644.672
;;-10813.573;13629.286
;;-10788.955;13626.209
;;-10761.259;13623.132
;;-10748.95;13666.213
;;-10715.1;13727.759
;;-10662.786;13780.073
;;-10653.554;13783.15
;;-10545.849;13703.141
;;-10515.077;13724.682
;;-10505.845;13669.291
;;-10505.845;13783.15
;;-10511.999;13820.078
;;-10555.081;13761.609
;;-10619.704;13693.909
;;-10647.4;13660.059
;;-10610.472;13700.064
;;-10585.854;13709.295
;;-10576.622;13690.832
;;-10521.231;13650.827
;;-10459.686;13586.204
;;-10456.608;13490.808
;;-10456.608;13543.122
;;-10505.845;13641.595
;;-10610.472;13740.068
;;-10552.004;13690.832
;;-10665.864;13810.846
;;-10705.868;13844.696
;;-10767.414;13915.473
;;-10767.414;13850.85
;;-10730.486;13641.595
;;-10730.486;13540.045
;;-10693.559;13558.509
;;-10681.25;13641.595
;;-10681.25;13663.136
;;-10675.095;13632.363
;;-10668.941;13598.513
;;-10653.554;13573.895
;;-10641.245;13576.972
;;-10567.39;13570.818
;;-10511.999;13527.736
;;-10431.99;13512.349
;;-10333.517;13570.818
;;-10201.194;13632.363
;;-10173.498;13650.827
;;-10210.426;13629.286
;;-10130.416;13595.436
;;-10151.957;13573.895
;;-10271.971;13573.895
;;-10447.376;13626.209
;;-10604.318;13693.909
;;-10752.027;13752.377
;;-10872.041;13850.85
;;-10939.742;13918.551
;;-10893.582;13949.324
;;-10850.5;13863.16
;;-10813.573;13749.3
;;-10745.873;13832.387
;;-10675.095;13977.019
;;-10395.063;13890.855
;;-10290.435;13810.846
;;-10290.435;13583.127
;;-10305.821;13398.49
;;-10598.163;13973.942
;;-10385.831;13309.249
;;-10475.072;13383.103
;;-10579.7;13410.799
;;-10536.618;13444.649
;;-10518.154;13460.036
;;-10478.149;13466.19
;;-10348.903;13426.185
;;-10345.826;13413.876
;;-10404.294;13407.722
;;-10450.454;13432.34
;;-10521.231;13490.808
;;-10632.013;13533.89
;;-10795.109;13592.359
;;-10887.428;13595.436
;;-10853.578;13580.05
;;-10687.404;13564.663
;;-10712.023;13561.586
;;-10511.999;13567.74
;;-10281.203;13595.436
;;-10105.798;13641.595
;;-10068.871;13629.286
;;-10050.407;13623.132
;;-10151.957;13607.745
;;-10398.14;13592.359
;;-10475.072;13592.359
;;-10724.332;13567.74
;;-10635.091;13589.281
;;-10748.95;13549.277
;;-10788.955;13564.663
;;-10656.632;13580.05
;;-10367.367;13638.518
;;-10484.304;13623.132
;;-10318.131;13650.827
;;-10305.821;13644.672
;;-10336.594;13644.672
;;-10401.217;13650.827
;;-10431.99;13650.827
;;-10487.381;13656.982
;;-10582.777;13660.059
;;-10650.477;13653.904
;;-10665.864;13653.904
;;-10585.854;13653.904
;;-10505.845;13663.136
;;-9804.224;13700.064
;;-9730.369;13712.373
;;-9736.524;13773.918
;;-9831.92;13807.768
;;-9991.939;13832.387
;;-10182.73;13810.846
;;-10293.512;13773.918
;;-10419.681;13700.064
;;-10385.831;13678.523
;;-10453.531;13666.213
;;-10530.463;13687.754
;;-10416.604;13623.132
;;-10395.063;13620.054
;;-10324.285;13653.904
;;-9973.475;13749.3
;;-10111.953;13727.759
;;-10090.412;13746.223
;;-10278.126;13740.068
;;-10333.517;13709.295
;;-10487.381;13752.377
;;-10644.323;13755.455
;;-10705.868;13755.455
;;-10736.641;13832.387
;;-10782.8;13906.242
;;-10755.105;13998.56
;;-10798.187;13977.019
;;-10776.646;13853.928
;;-10619.704;13776.996
;;-10398.14;13841.619
;;-10235.044;13970.864
;;-10262.739;14004.715
;;-10287.358;14020.101
;;-10222.735;13989.328
;;-10105.798;13946.246
;;-10022.711;13970.864
;;-9924.238;13986.251
;;-9853.461;13983.174
;;-9490.341;13973.942
;;-9908.852;14007.792
;;-10201.194;14004.715
;;-9668.824;14017.024
;;-10585.854;14050.874
;;-10419.681;14017.024
;;-10742.796;14069.338
;;-10862.81;14057.028
;;-10862.81;14106.265
;;-10739.718;14177.042
;;-10650.477;14300.134
;;-10524.308;14355.525
;;-10456.608;14358.602
;;-10216.58;14340.138
;;-10075.025;14398.607
;;-10038.098;14401.684
;;-10056.561;14361.679
;;-10065.793;14315.52
;;-9976.552;14272.438
;;-9927.316;14263.206
;;-9893.465;14244.743
;;-10001.17;14244.743
;;-10115.03;14247.82
;;-10222.735;14223.202
;;-10278.126;14213.97
;;-10318.131;14278.593
;;-10419.681;14306.288
;;-10228.889;14195.506
;;-10453.531;14293.979
;;-10379.676;14253.975
;;-10053.484;14241.665
;;-10253.508;14247.82
;;-10164.266;14238.588
;;-9973.475;14247.82
;;-10041.175;14263.206
;;-10105.798;14303.211
;;-10087.334;14306.288
;;-10059.639;14257.052
;;-10019.634;14290.902
;;-10019.634;14321.675
;;-10062.716;14318.597
;;-10071.948;14321.675
;;-10065.793;14315.52
;;-10188.885;14290.902
;;-10185.807;14247.82
;;-10096.566;14303.211
;;-10124.262;14244.743
;;-10105.798;14300.134
;;-10093.489;14281.67
;;-10068.871;14263.206
;;-10031.943;14223.202
;;-10065.793;14170.888
;;-10004.248;14133.96
;;-10111.953;14143.192
;;-10201.194;14109.342
;;-10262.739;14106.265
;;-10327.362;14155.501
;;-10401.217;14170.888
;;-10521.231;14207.815
;;-10502.768;14226.279
;;-10487.381;14220.124
;;-10456.608;14195.506
;;-10410.449;14189.352
;;-10111.953;14183.197
;;-9933.47;14192.429
;;-9942.702;14180.12
;;-10038.098;14170.888
;;-10176.576;14152.424
;;-10241.198;14149.347
;;-10345.826;14149.347
;;-10428.913;14140.115
;;-10370.444;14118.574
;;-10299.667;14112.42
;;-10164.266;14112.42
;;-10056.561;14050.874
;;-10007.325;14041.642
;;-10084.257;14084.724
;;-10195.039;14112.42
;;-10351.981;14103.188
;;-10508.922;14118.574
;;-10668.941;14140.115
;;-10299.667;14097.033
;;-10585.854;14155.501
;;-10739.718;14146.27
;;-10536.618;14180.12
;;-10475.072;14186.274
;;-10336.594;14180.12
;;-10367.367;14186.274
;;-10515.077;14137.038
;;-10391.985;14164.733
;;-10444.299;14118.574
;;-10490.458;14130.883
;;-10398.14;14183.197
;;-10502.768;14198.583
;;-10213.503;14158.579
;;-10450.454;14177.042
;;-10176.576;14173.965
;;-10530.463;14130.883
;;-10641.245;14170.888
;;-10311.976;14180.12
;;-10438.145;14127.806
;;-10508.922;14158.579
;;-10844.346;14149.347
;;-10761.259;14207.815
;;-10665.864;14257.052
;;-10681.25;14303.211
;;-10616.627;14300.134
;;-10825.882;14180.12
;;-10930.51;14130.883
;;-10844.346;14158.579
;;-10893.582;14112.42
;;-10712.023;14290.902
;;-10801.264;14210.893
;;-10835.114;14235.511
;;-10807.419;14241.665
;;-10850.5;14238.588
;;-10875.119;14247.82
;;-10982.824;14244.743
;;-10967.437;14226.279
;;-10967.437;14260.129
;;-10785.878;14207.815
;;-10859.732;14192.429
;;-10752.027;14229.356
;;-10832.037;14269.361
;;-10788.955;14355.525
;;-10650.477;14404.761
;;-10625.859;14413.993
;;-10653.554;14404.761
;;-10773.568;14383.22
;;-10955.128;14367.834
;;-11050.524;14361.679
;;-11056.678;14349.37
;;-11038.215;14333.984
;;-10973.592;14281.67
;;-10927.433;14260.129
;;-11010.519;14272.438
;;-11056.678;14287.825
;;-11059.756;14315.52
;;-11056.678;14324.752
;;-10924.355;14327.829
;;-10887.428;14309.366
;;-10955.128;14281.67
;;-11013.596;14235.511
;;-10979.746;14198.583
;;-10961.283;14143.192
;;-10961.283;14146.27
;;-10961.283;14155.501
;;-10976.669;14180.12
;;-11044.369;14164.733
;;-11238.238;14213.97
;;-11309.016;14229.356
;;-11376.716;14303.211
;;-11395.18;14373.989
;;-11410.566;14377.066
;;-11407.489;14340.138
;;-11382.87;14306.288
;;-11401.334;14281.67
;;-11404.411;14275.516
;;-11364.407;14300.134
;;-11358.252;14306.288
;;-11349.02;14207.815
;;-11349.02;14232.434
;;-11330.557;14186.274
;;-11305.938;14186.274
;;-11182.847;14189.352
;;-11173.615;14173.965
;;-11232.084;14195.506
;;-11185.924;14124.729
;;-11145.92;14041.642
;;-11102.838;14032.41
;;-11078.219;14060.106
;;-11099.76;14078.569
;;-11139.765;14060.106
;;-11152.074;14038.565
;;-11105.915;14069.338
;;-11072.065;14130.883
;;-11139.765;14057.028
;;-11185.924;14198.583
;;-11302.861;14244.743
;;-11413.643;14275.516
;;-11398.257;14287.825
;;-11410.566;14303.211
;;-11398.257;14303.211
;;-11382.87;14297.056
;;-11395.18;14281.67
;;-11401.334;14287.825
;;-11321.325;14253.975
;;-11299.784;14266.284
;;-11278.243;14275.516
;;-11182.847;14293.979
;;-11182.847;14315.52
;;-11235.161;14355.525
;;-11312.093;14370.911
;;-11373.639;14340.138
;;-11416.721;14275.516
;;-11385.948;14213.97
;;-11389.025;14198.583
;;-11438.262;14217.047
;;-11512.116;14281.67
;;-11465.957;14312.443
;;-11247.47;14266.284
;;-11349.02;14284.747
;;-11229.006;14232.434
;;-11229.006;14198.583
;;-11210.543;14173.965
;;-11229.006;14161.656
;;-11250.547;14152.424
;;-11259.779;14152.424
;;-11318.248;14201.661
;;-11410.566;14300.134
;;-11478.266;14432.457
;;-11444.416;14438.612
;;-11361.329;14386.298
;;-11275.166;14398.607
;;-11256.702;14407.839
;;-11192.079;14404.761
;;-11173.615;14392.452
;;-11247.47;14432.457
;;-11330.557;14512.466
;;-11296.707;14444.766
;;-11382.87;14567.857
;;-11438.262;14650.944
;;-11438.262;14647.867
;;-11379.793;14604.785
;;-11315.17;14586.321
;;-11222.852;14570.935
;;-11170.538;14570.935
;;-11170.538;14583.244
;;-11121.301;14577.089
;;-11105.915;14574.012
;;-11118.224;14589.398
;;-11155.152;14647.867
;;-11158.229;14617.094
;;-11148.997;14669.408
;;-11148.997;14718.644
;;-11130.533;14743.263
;;-11133.611;14755.572
;;-11075.142;14740.185
;;-11081.297;14743.263
;;-11084.374;14758.649
;;-11028.983;14740.185
;;-10970.515;14749.417
;;-10924.355;14777.113
;;-10908.969;14798.654
;;-10896.66;14804.808
;;-10838.191;14814.04
;;-10819.728;14798.654
;;-10776.646;14761.726
;;-10773.568;14740.185
;;-10758.182;14712.49
;;-10730.486;14697.103
;;-10730.486;14746.34
;;-10712.023;14755.572
;;-10708.945;14755.572
;;-10641.245;14774.035
;;-10672.018;14804.808
;;-10727.409;14786.345
;;-10712.023;14774.035
;;-10656.632;14758.649
;;-10595.086;14737.108
;;-10582.777;14730.953
;;-10570.468;14789.422
;;-10558.159;14857.122
;;-10518.154;14894.049
;;-10552.004;14921.745
;;-10570.468;14943.286
;;-10567.39;14940.209
;;-10511.999;14912.513
;;-10431.99;14872.508
;;-10373.522;14857.122
;;-10321.208;14841.736
;;-10302.744;14838.658
;;-10278.126;14835.581
;;-10244.276;14872.508
;;-10238.121;14872.508
;;-10253.508;14850.967
;;-10290.435;14841.736
;;-10333.517;14854.045
;;-10364.29;14878.663
;;-10373.522;14887.895
;;-10391.985;14900.204
;;-10361.212;14921.745
;;-10413.526;14912.513
;;-10321.208;14918.668
;;-10308.899;14921.745
;;-10256.585;14912.513
;;-10204.271;14890.972
;;-10158.112;14887.895
;;-10130.416;14875.586
;;-10096.566;14844.813
;;-10075.025;14826.349
;;-10081.18;14823.272
;;-10093.489;14817.117
;;-10025.789;14798.654
;;-10031.943;14792.499
;;-10053.484;14820.195
;;-10071.948;14841.736
;;-10065.793;14844.813
;;-10038.098;14884.818
;;-10059.639;14890.972
;;-10056.561;14850.967
;;-10093.489;14878.663
;;-10087.334;14863.277
;;-10028.866;14832.504
;;-9998.093;14801.731
;;-9970.398;14804.808
;;-9998.093;14727.876
;;-10025.789;14561.703
;;-10050.407;14564.78
;;-10056.561;14567.857
;;-10050.407;14574.012
;;-10038.098;14577.089
;;-10004.248;14604.785
;;-9998.093;14823.272
;;-10001.17;14583.244
;;-9985.784;14623.249
;;-9948.857;14694.026
;;-9998.093;14641.712
;;-9933.47;14715.567
;;-9936.547;14734.031
;;-9933.47;14755.572
;;-9933.47;14737.108
;;-9964.243;14724.799
;;-9988.861;14700.181
;;-9955.011;14669.408
;;-10007.325;14577.089
;;-10068.871;14866.354
;;-9967.32;14650.944
;;-9979.629;14792.499
;;-9995.016;14789.422
;;-9985.784;14690.949
;;-10001.17;14672.485
;;-10010.402;14666.33
;;-10038.098;14654.021
;;-10071.948;14644.789
;;-10068.871;14626.326
;;-10075.025;14607.862
;;-10013.48;14623.249
;;-9970.398;14647.867
;;-10084.257;14620.171
;;-9955.011;14669.408
;;-10062.716;14610.939
;;-9961.166;14654.021
;;-9964.243;14638.635
;;-9964.243;14617.094
;;-9967.32;14598.63
;;-9964.243;14574.012
;;-9985.784;14500.157
;;-9995.016;14497.08
;;-9995.016;14540.162
;;-9973.475;14561.703
;;-10019.634;14494.003
;;-10078.102;14469.384
;;-10053.484;14478.616
;;-10115.03;14450.921
;;-10130.416;14386.298
;;-10127.339;14373.989
;;-10111.953;14361.679
;;-10133.494;14426.302
;;-10078.102;14355.525
;;-10062.716;14337.061
;;-10044.252;14306.288
;;-10035.02;14284.747
;;-9985.784;14229.356
;;-9991.939;14220.124
;;-9995.016;14192.429
;;-10013.48;14257.052
;;-10047.33;14103.188
;;-10001.17;14164.733
;;-10035.02;14121.651
;;-10105.798;14010.869
;;-10068.871;14053.951
;;-10127.339;13973.942
;;-10158.112;13943.169
;;-10176.576;13906.242
;;-10182.73;13857.005
;;-10182.73;13817
;;-10173.498;13783.15
;;-10145.803;13776.996
;;-10084.257;13767.764
;;-10078.102;13764.687
;;-10062.716;13761.609
;;-10053.484;13761.609
;;-10111.953;13773.918
;;-10056.561;13764.687
;;-10062.716;13761.609
;;-10075.025;13736.991
;;-10105.798;13666.213
;;-10170.421;13672.368
;;-10133.494;13660.059
;;-10204.271;13684.677
;;-10053.484;13767.764
;;-10219.657;13758.532
;;-10065.793;13700.064
;;-10099.643;13675.445
;;-10210.426;13715.45
;;-10235.044;13773.918
;;-10198.116;13835.464
;;-10136.571;13989.328
;;-10133.494;14013.946
;;-10225.812;13804.691
;;-10158.112;13890.855
;;-10139.648;13946.246
;;-10139.648;14041.642
;;-10142.725;14072.415
;;-10136.571;14115.497
;;-10145.803;14155.501
;;-10158.112;14198.583
;;-10198.116;14250.897
;;-10213.503;14238.588
;;-10238.121;14226.279
;;-10179.653;14229.356
;;-10281.203;14244.743
;;-10315.053;14303.211
;;-10330.44;14355.525
;;-10333.517;14410.916
;;-10336.594;14487.848
;;-10345.826;14586.321
;;-10336.594;14684.794
;;-10278.126;14706.335
;;-10281.203;14694.026
;;-10262.739;14730.953
;;-10330.44;14715.567
;;-10281.203;14727.876
;;-10259.662;14727.876
;;-10275.049;14721.722
;;-10262.739;14727.876
;;-10275.049;14703.258
;;-10284.28;14678.64
;;-10305.821;14657.099
;;-10339.672;14626.326
;;-10367.367;14592.476
;;-10395.063;14570.935
;;-10413.526;14555.548
;;-10416.604;14564.78
;;-10416.604;14564.78
;;-10407.372;14558.626
;;-10391.985;14564.78
;;-10355.058;14574.012
;;-10327.362;14570.935
;;-10324.285;14570.935
;;-10315.053;14580.167
;;-10324.285;14580.167
;;-10327.362;14577.089
;;-10324.285;14580.167
;;-10324.285;14583.244
;;-10339.672;14561.703
;;-10367.367;14552.471
;;-10388.908;14543.239
;;-10404.294;14524.775
;;-10441.222;14500.157
;;-10425.835;14506.312
;;-10450.454;14503.234
;;-10444.299;14494.003
;;-10416.604;14484.771
;;-10388.908;14481.693
;;-10348.903;14537.085
;;-10330.44;14567.857
;;-10315.053;14574.012
;;-10253.508;14598.63
;;-10278.126;14580.167
;;-10250.43;14589.398
;;-10250.43;14617.094
;;-10244.276;14614.017
;;-10222.735;14546.316
;;-10259.662;14540.162
;;-10278.126;14524.775
;;-10311.976;14509.389
;;-10342.749;14500.157
;;-10345.826;14475.539
;;-10351.981;14478.616
;;-10228.889;14549.394
;;-10327.362;14475.539
;;-10216.58;14518.621
;;-10148.88;14543.239
;;-10315.053;14475.539
;;-10115.03;14558.626
;;-10136.571;14552.471
;;-10096.566;14561.703
;;-10170.421;14537.085
;;-10287.358;14475.539
;;-10084.257;14564.78
;;-10090.412;14561.703
;;-10105.798;14555.548
;;-10115.03;14546.316
;;-10121.184;14537.085
;;-10102.721;14564.78
;;-10139.648;14518.621
;;-10198.116;14497.08
;;-10207.348;14481.693
;;-10204.271;14478.616
;;-10182.73;14490.925
;;-10182.73;14509.389
;;-10121.184;14469.384
;;-10158.112;14509.389
;;-10093.489;14494.003
;;-10155.035;14478.616
;;-10108.875;14503.234
;;-10115.03;14484.771
;;-10093.489;14466.307
;;-10099.643;14469.384
;;-10111.953;14469.384
;;-10090.412;14469.384
;;-10105.798;14441.689
;;-10115.03;14463.23
;;-10127.339;14417.071
;;-10179.653;14395.53
;;-10148.88;14401.684
;;-10250.43;14377.066
;;-10262.739;14373.989
;;-10259.662;14364.757
;;-10219.657;14383.22
;;-10302.744;14395.53
;;-10281.203;14426.302
;;-10278.126;14463.23
;;-10256.585;14463.23
;;-10235.044;14463.23
;;-10284.28;14457.075
;;-10231.967;14450.921
;;-10231.967;14447.843
;;-10253.508;14435.534
;;-10271.971;14432.457
;;-10315.053;14410.916
;;-10290.435;14420.148
;;-10345.826;14389.375
;;-10382.753;14380.143
;;-10419.681;14361.679
;;-10391.985;14373.989
;;-10373.522;14389.375
;;-10345.826;14404.761
;;-10324.285;14423.225
;;-10324.285;14426.302
;;-10321.208;14432.457
;;-10308.899;14450.921
;;-10302.744;14466.307
;;-10416.604;14364.757
;;-10287.358;14484.771
;;-10404.294;14346.293
;;-10293.512;14466.307
;;-10302.744;14460.152
;;-10324.285;14435.534
;;-10358.135;14395.53
;;-10287.358;14481.693
;;-10388.908;14355.525
;;-10462.763;14361.679
;;-10508.922;14370.911
;;-10521.231;14364.757
;;-10518.154;14370.911
;;-10490.458;14401.684
;;-10401.217;14367.834
;;-10478.149;14410.916
;;-10456.608;14432.457
;;-10453.531;14447.843
;;-10456.608;14450.921
;;-10508.922;14392.452
;;-10462.763;14457.075
;;-10465.84;14472.462
;;-10478.149;14478.616
;;-10478.149;14478.616
;;-10490.458;14478.616
;;-10511.999;14475.539
;;-10515.077;14469.384
;;-10524.308;14460.152
;;-10542.772;14450.921
;;-10579.7;14438.612
;;-10653.554;14404.761
;;-10628.936;14417.071
;;-10595.086;14453.998
;;-10610.472;14429.38
;;-10647.4;14407.839
;;-10613.55;14420.148
;;-10641.245;14487.848
;;-10610.472;14466.307
;;-10632.013;14472.462
;;-10641.245;14475.539
;;-10638.168;14494.003
;;-10613.55;14487.848
;;-10635.091;14413.993
;;-10545.849;14472.462
;;-10521.231;14463.23
;;-10601.241;14484.771
;;-10724.332;14460.152
;;-10659.709;14472.462
;;-10868.964;14435.534
;;-10536.618;14466.307
;;-10835.114;14432.457
;;-10868.964;14450.921
;;-10782.8;14441.689
;;-10807.419;14472.462
;;-10601.241;14478.616
;;-10745.873;14503.234
;;-10727.409;14543.239
;;-10715.1;14552.471
;;-10742.796;14521.698
;;-10733.564;14534.007
;;-10782.8;14481.693
;;-10844.346;14463.23
;;-10693.559;14534.007
;;-10687.404;14537.085
;;-10690.482;14534.007
;;-10687.404;14537.085
;;-10690.482;14537.085
;;-10742.796;14503.234
;;-10721.255;14518.621
;;-10748.95;14466.307
;;-10776.646;14466.307
;;-10801.264;14494.003
;;-10715.1;14534.007
;;-10739.718;14472.462
;;-10798.187;14524.775
;;-10822.805;14552.471
;;-10850.5;14598.63
;;-10868.964;14647.867
;;-10865.887;14623.249
;;-10862.81;14650.944
;;-10847.423;14657.099
;;-10825.882;14675.562
;;-10828.96;14675.562
;;-10825.882;14684.794
;;-10816.65;14703.258
;;-10822.805;14694.026
;;-10832.037;14703.258
;;-10844.346;14697.103
;;-10868.964;14697.103
;;-10884.351;14694.026
;;-10896.66;14687.871
;;-10912.046;14687.871
;;-10902.814;14712.49
;;-10890.505;14737.108
;;-10853.578;14798.654
;;-10868.964;14767.881
;;-10838.191;14838.658
;;-10832.037;14875.586
;;-10838.191;14894.049
;;-10832.037;14912.513
;;-10810.496;14943.286
;;-10813.573;14934.054
;;-10798.187;14952.518
;;-10804.341;14943.286
;;-10819.728;14906.359
;;-10816.65;14934.054
;;-10819.728;14869.431
;;-10825.882;14847.89
;;-10856.655;14838.658
;;-10881.273;14829.426
;;-10912.046;14786.345
;;-10887.428;14777.113
;;-10875.119;14789.422
;;-10872.041;14795.576
;;-10856.655;14783.267
;;-10822.805;14764.804
;;-10785.878;14740.185
;;-10761.259;14724.799
;;-10752.027;14709.412
;;-10761.259;14730.953
;;-10752.027;14706.335
;;-10761.259;14684.794
;;-10770.491;14669.408
;;-10782.8;14654.021
;;-10792.032;14644.789
;;-10810.496;14638.635
;;-10838.191;14626.326
;;-10862.81;14635.558
;;-10902.814;14617.094
;;-10912.046;14598.63
;;-10893.582;14598.63
;;-10915.123;14592.476
;;-10859.732;14620.171
;;-10822.805;14638.635
;;-10761.259;14660.176
;;-10748.95;14666.33
;;-10727.409;14672.485
;;-10675.095;14681.717
;;-10662.786;14684.794
;;-10659.709;14669.408
;;-10656.632;14663.253
;;-10684.327;14678.64
;;-10745.873;14718.644
;;-10662.786;14666.33
;;-10838.191;14724.799
;;-10798.187;14724.799
;;-10715.1;14687.871
;;-10844.346;14718.644
;;-10850.5;14700.181
;;-10825.882;14700.181
;;-10807.419;14703.258
;;-10752.027;14718.644
;;-10779.723;14709.412
;;-10718.177;14712.49
;;-10693.559;14700.181
;;-10675.095;14690.949
;;-10681.25;14684.794
;;-10653.554;14700.181
;;-10665.864;14700.181
;;-10656.632;14681.717
;;-10647.4;14690.949
;;-10656.632;14703.258
;;-10656.632;14638.635
;;-10653.554;14663.253
;;-10668.941;14632.48
;;-10693.559;14617.094
;;-10721.255;14595.553
;;-10748.95;14577.089
;;-10758.182;14564.78
;;-10755.105;14564.78
;;-10718.177;14567.857
;;-10687.404;14558.626
;;-10650.477;14561.703
;;-10604.318;14577.089
;;-10588.931;14592.476
;;-10567.39;14577.089
;;-10604.318;14577.089
;;-10564.313;14577.089
;;-10564.313;14577.089
;;-10579.7;14592.476
;;-10625.859;14595.553
;;-10653.554;14589.398
;;-10650.477;14586.321
;;-10665.864;14583.244
;;-10718.177;14552.471
;;-10792.032;14503.234
;;-10801.264;14497.08
;;-10779.723;14478.616
;;-10761.259;14515.544
;;-10690.482;14574.012
;;-10761.259;14478.616
;;-10730.486;14484.771
;;-10699.714;14487.848
;;-10690.482;14484.771
;;-10684.327;14472.462
;;-10684.327;14460.152
;;-10681.25;14457.075
;;-10678.173;14447.843
;;-10684.327;14447.843
;;-10693.559;14438.612
;;-10705.868;14417.071
;;-10715.1;14407.839
;;-10748.95;14377.066
;;-10788.955;14367.834
;;-10730.486;14392.452
;;-10816.65;14346.293
;;-10838.191;14358.602
;;-10862.81;14361.679
;;-10859.732;14380.143
;;-10841.269;14395.53
;;-10832.037;14398.607
;;-10804.341;14306.288
;;-10822.805;14355.525
;;-10792.032;14330.907
;;-10801.264;14404.761
;;-10798.187;14438.612
;;-10792.032;14475.539
;;-10779.723;14466.307
;;-10767.414;14377.066
;;-10758.182;14235.511
;;-10748.95;14143.192
;;-10742.796;14177.042
;;-10730.486;14167.811
;;-10733.564;14177.042
;;-10742.796;14204.738
;;-10742.796;14198.583
;;-10739.718;14152.424
;;-10736.641;14090.879
;;-10755.105;14087.801
;;-10776.646;14093.956
;;-10779.723;14118.574
;;-10770.491;14173.965
;;-10764.337;14226.279
;;-10770.491;14263.206
;;-10764.337;14312.443
;;-10748.95;14349.37
;;-10736.641;14349.37
;;-10715.1;14364.757
;;-10702.791;14367.834
;;-10690.482;14364.757
;;-10693.559;14358.602
;;-10693.559;14333.984
;;-10721.255;14337.061
;;-10730.486;14333.984
;;-10748.95;14312.443
;;-10764.337;14287.825
;;-10767.414;14287.825
;;-10761.259;14281.67
;;-10733.564;14300.134
;;-10644.323;14337.061
;;-10693.559;14327.829
;;-10588.931;14364.757
;;-10536.618;14373.989
;;-10478.149;14346.293
;;-10456.608;14330.907
;;-10416.604;14293.979
;;-10416.604;14306.288
;;-10419.681;14324.752
;;-10456.608;14324.752
;;-10496.613;14324.752
;;-10524.308;14333.984
;;-10579.7;14343.216
;;-10628.936;14370.911
;;-10641.245;14373.989
;;-10656.632;14373.989
;;-10653.554;14361.679
;;-10638.168;14346.293
;;-10628.936;14349.37
;;-10616.627;14358.602
;;-10598.163;14352.448
;;-10579.7;14358.602
;;-10561.236;14364.757
;;-10555.081;14370.911
;;-10545.849;14367.834
;;-10552.004;14361.679
;;-10548.927;14358.602
;;-10567.39;14355.525
;;-10582.777;14346.293
;;-10613.55;14346.293
;;-10641.245;14364.757
;;-10672.018;14358.602
;;-10730.486;14380.143
;;-10816.65;14355.525
;;-10847.423;14337.061
;;-10899.737;14290.902
;;-10955.128;14278.593
;;-11013.596;14247.82
;;-11068.988;14220.124
;;-11108.992;14180.12
;;-11130.533;14167.811
;;-11158.229;14170.888
;;-11185.924;14170.888
;;-11232.084;14186.274
;;-11318.248;14173.965
;;-11425.952;14189.352
;;-11385.948;14167.811
;;-11339.788;14170.888
;;-11465.957;14189.352
;;-11515.194;14177.042
;;-11561.353;14177.042
;;-11601.358;14137.038
;;-11672.135;14084.724
;;-11739.835;14029.333
;;-11804.458;14032.41
;;-11696.753;14069.338
;;-11862.927;14029.333
;;-11964.477;14053.951
;;-11992.173;14035.487
;;-11915.24;14044.719
;;-12013.713;14035.487
;;-12007.559;14017.024
;;-12072.182;14090.879
;;-12084.491;14097.033
;;-12136.805;14103.188
;;-12112.187;14118.574
;;-12167.578;14103.188
;;-12210.66;14103.188
;;-12250.664;14090.879
;;-12278.36;14078.569
;;-12312.21;13973.942
;;-12364.524;13869.314
;;-12404.528;13853.928
;;-12453.765;13857.005
;;-12499.924;13857.005
;;-12536.852;13853.928
;;-12564.547;13860.082
;;-12561.47;13866.237
;;-12543.006;13872.391
;;-12524.542;13881.623
;;-12475.306;13844.696
;;-12459.92;13838.541
;;-12466.074;13844.696
;;-12481.461;13863.16
;;-12487.615;13860.082
;;-12496.847;13832.387
;;-12499.924;13838.541
;;-12506.079;13826.232
;;-12539.929;13813.923
;;-12530.697;13795.459
;;-12561.47;13746.223
;;-12616.861;13718.527
;;-12647.634;13700.064
;;-12641.479;13684.677
;;-12626.093;13684.677
;;-12601.475;13700.064
;;-12567.624;13718.527
;;-12558.393;13724.682
;;-12521.465;13746.223
;;-12481.461;13755.455
;;-12416.838;13789.305
;;-12382.987;13810.846
;;-12333.751;13860.082
;;-12315.287;13897.01
;;-12330.674;13915.473
;;-12339.905;13912.396
;;-12321.442;13897.01
;;-12302.978;13820.078
;;-12324.519;13780.073
;;-12330.674;13746.223
;;-12342.983;13736.991
;;-12336.828;13727.759
;;-12321.442;13743.146
;;-12296.824;13758.532
;;-12272.205;13798.537
;;-12250.664;13826.232
;;-12173.732;13903.164
;;-12229.123;13853.928
;;-12139.882;13924.705
;;-12155.269;13918.551
;;-12099.877;13933.937
;;-12081.414;13940.092
;;-12059.873;13921.628
;;-12035.254;13915.473
;;-12026.023;13915.473
;;-12038.332;13906.242
;;-12026.023;13912.396
;;-12019.868;13900.087
;;-12022.945;13909.319
;;-12016.791;13900.087
;;-11995.25;13900.087
;;-11986.018;13900.087
;;-11973.709;13900.087
;;-11952.168;13912.396
;;-11921.395;13924.705
;;-11893.699;13884.701
;;-11844.463;13869.314
;;-11832.154;13921.628
;;-11810.613;13946.246
;;-11761.376;13952.401
;;-11733.681;13970.864
;;-11709.062;13940.092
;;-11705.985;13927.783
;;-11801.381;13949.324
;;-11715.217;13949.324
;;-11782.917;13952.401
;;-11745.99;13958.555
;;-11727.526;13893.932
;;-11739.835;13863.16
;;-11752.144;13853.928
;;-11755.222;13857.005
;;-11749.067;13844.696
;;-11752.144;13857.005
;;-11718.294;13872.391
;;-11656.749;13872.391
;;-11490.575;13872.391
;;-11425.952;13906.242
;;-11358.252;13924.705
;;-11333.634;13937.014
;;-11302.861;13943.169
;;-11256.702;13949.324
;;-11259.779;13955.478
;;-11259.779;13958.555
;;-11238.238;13964.71
;;-11312.093;13924.705
;;-11379.793;13884.701
;;-11472.112;13853.928
;;-11272.088;13961.633
;;-11499.807;13832.387
;;-11447.493;13823.155
;;-11490.575;13826.232
;;-11447.493;13832.387
;;-11447.493;13829.309
;;-11355.175;13857.005
;;-11198.233;13860.082
;;-11293.629;13857.005
;;-11127.456;13887.778
;;-11099.76;13897.01
;;-11032.06;13912.396
;;-11025.906;13918.551
;;-11059.756;13924.705
;;-11164.383;13906.242
;;-11244.393;13878.546
;;-11225.929;13887.778
;;-11238.238;13878.546
;;-11244.393;13918.551
;;-11207.465;13897.01
;;-11195.156;13890.855
;;-11269.011;13893.932
;;-11238.238;13912.396
;;-11152.074;13924.705
;;-11176.692;13890.855
;;-11105.915;13955.478
;;-11093.606;13970.864
;;-11072.065;13970.864
;;-11065.91;13977.019
;;-11065.91;13986.251
;;-11068.988;13989.328
;;-11078.219;14004.715
;;-11062.833;14032.41
;;-11047.447;14035.487
;;-11047.447;14035.487
;;-11053.601;14035.487
;;-11059.756;14020.101
;;-11038.215;14017.024
;;-11032.06;14004.715
;;-11056.678;13986.251
;;-11087.451;13970.864
;;-11093.606;13964.71
;;-11093.606;13964.71
;;-11081.297;13967.787
;;-11047.447;13967.787
;;-11032.06;13973.942
;;-10988.978;13973.942
;;-11010.519;13967.787
;;-11001.287;13989.328
;;-11010.519;13992.405
;;-11013.596;13986.251
;;-10995.133;14001.637
;;-10995.133;14001.637
;;-11007.442;13998.56
;;-11028.983;14001.637
;;-11047.447;13998.56
;;-11072.065;13977.019
;;-11078.219;13973.942
;;-11062.833;14001.637
;;-11090.529;13967.787
;;-11078.219;13992.405
;;-11078.219;14017.024
;;-11102.838;13973.942
;;-11010.519;14087.801
;;-10992.056;14112.42
;;-10973.592;14140.115
;;-10964.36;14143.192
;;-10958.205;14137.038
;;-10942.819;14112.42
;;-10939.742;14069.338
;;-11047.447;14044.719
;;-10942.819;14090.879
;;-10930.51;14044.719
;;-10945.896;14075.492
;;-10930.51;14057.028
;;-10933.587;14050.874
;;-10958.205;14097.033
;;-10982.824;14106.265
;;-10992.056;14090.879
;;-11010.519;14106.265
;;-11010.519;14106.265
;;-10998.21;14130.883
;;-11004.365;14100.11
;;-11038.215;14066.26
;;-10998.21;14177.042
;;-10979.746;14207.815
;;-10967.437;14238.588
;;-10958.205;14241.665
;;-10948.974;14253.975
;;-10942.819;14250.897
;;-10933.587;14183.197
;;-10927.433;14137.038
;;-10912.046;14078.569
;;-10912.046;14066.26
;;-10915.123;14038.565
;;-10918.201;13998.56
;;-10921.278;13927.783
;;-10936.664;13949.324
;;-10915.123;13992.405
;;-10908.969;14001.637
;;-10918.201;13998.56
;;-10927.433;14020.101
;;-10924.355;14084.724
;;-10887.428;14189.352
;;-10881.273;14207.815
;;-10853.578;14207.815
;;-10847.423;14217.047
;;-10838.191;14226.279
;;-10804.341;14220.124
;;-10798.187;14220.124
;;-10804.341;14195.506
;;-10859.732;14232.434
;;-10899.737;14238.588
;;-10961.283;14238.588
;;-10979.746;14235.511
;;-10982.824;14210.893
;;-11007.442;14232.434
;;-11028.983;14244.743
;;-11032.06;14244.743
;;-11001.287;14244.743
;;-10967.437;14257.052
;;-10952.051;14257.052
;;-10908.969;14266.284
;;-10893.582;14281.67
;;-10902.814;14306.288
;;-10902.814;14346.293
;;-10902.814;14343.216
;;-10955.128;14337.061
;;-10970.515;14330.907
;;-10982.824;14327.829
;;-10927.433;14324.752
;;-10924.355;14324.752
;;-10918.201;14343.216
;;-10893.582;14337.061
;;-10890.505;14324.752
;;-10908.969;14318.597
;;-10915.123;14300.134
;;-10924.355;14290.902
;;-10924.355;14250.897
;;-10945.896;14223.202
;;-10952.051;14269.361
;;-10961.283;14235.511
;;-10942.819;14235.511
;;-10939.742;14232.434
;;-10948.974;14238.588
;;-10945.896;14235.511
;;-10945.896;14229.356
;;-10945.896;14232.434
;;-10942.819;14232.434
;;-10930.51;14223.202
;;-10912.046;14226.279
;;-10905.892;14226.279
;;-10930.51;14213.97
;;-10942.819;14198.583
;;-10945.896;14189.352
;;-10936.664;14192.429
;;-10945.896;14186.274
;;-10948.974;14183.197
;;-10967.437;14173.965
;;-10992.056;14167.811
;;-10995.133;14217.047
;;-10998.21;14186.274
;;-10992.056;14238.588
;;-10998.21;14244.743
;;-11001.287;14241.665
;;-11007.442;14253.975
;;-11007.442;14220.124
;;-10998.21;14238.588
;;-11019.751;14143.192
;;-11022.828;14158.579
;;-11001.287;14072.415
;;-11004.365;14093.956
;;-11016.674;14106.265
;;-11038.215;14130.883
;;-11050.524;14133.96
;;-11056.678;14140.115
;;-11062.833;14121.651
;;-11053.601;14097.033
;;-11056.678;14109.342
;;-11053.601;14100.11
;;-11022.828;14072.415
;;-11007.442;14026.256
;;-10985.901;13980.096
;;-10967.437;14004.715
;;-10958.205;14010.869
;;-10964.36;14023.178
;;-10982.824;14044.719
;;-10976.669;14053.951
;;-10936.664;13992.405
;;-10967.437;14038.565
;;-10933.587;13980.096
;;-10927.433;13961.633
;;-10933.587;13958.555
;;-10939.742;13952.401
;;-10979.746;13937.014
;;-10995.133;13912.396
;;-11010.519;13924.705
;;-11019.751;13940.092
;;-10992.056;13915.473
;;-10976.669;13937.014
;;-10998.21;13930.86
;;-11007.442;13943.169
;;-10985.901;13933.937
;;-10995.133;13933.937
;;-10985.901;13937.014
;;-11007.442;13937.014
;;-10979.746;13937.014
;;-10973.592;13930.86
;;-11007.442;13927.783
;;-11001.287;13924.705
;;-11010.519;13949.324
;;-11004.365;13915.473
;;-11087.451;13890.855
;;-11019.751;13906.242
;;-11059.756;13900.087
;;-11078.219;13887.778
;;-11087.451;13906.242
;;-11121.301;13937.014
;;-11148.997;13961.633
;;-11133.611;13961.633
;;-11152.074;13970.864
;;-11142.842;13983.174
;;-11108.992;13977.019
;;-11093.606;13970.864
;;-11081.297;13977.019
;;-11081.297;13992.405
;;-11078.219;13995.483
;;-11072.065;13980.096
;;-11084.374;13980.096
;;-11093.606;13967.787
;;-11102.838;13946.246
;;-11108.992;13924.705
;;-11133.611;13940.092
;;-11170.538;13964.71
;;-11173.615;13952.401
;;-11170.538;13958.555
;;-11173.615;13961.633
;;-11164.383;13961.633
;;-11161.306;13958.555
;;-11173.615;13964.71
;;-11130.533;13952.401
;;-11155.152;13961.633
;;-11102.838;13952.401
;;-11112.07;13961.633
;;-11139.765;14020.101
;;-11096.683;13955.478
;;-11161.306;14023.178
;;-11216.697;14017.024
;;-11219.774;14010.869
;;-11198.233;13998.56
;;-11192.079;14001.637
;;-11195.156;13989.328
;;-11201.311;13967.787
;;-11185.924;13952.401
;;-11167.461;13927.783
;;-11155.152;13918.551
;;-11176.692;13918.551
;;-11158.229;13930.86
;;-11164.383;13930.86
;;-11185.924;13921.628
;;-11170.538;13952.401
;;-11161.306;13918.551
;;-11182.847;13943.169
;;-11164.383;13958.555
;;-11179.77;13930.86
;;-11167.461;13927.783
;;-11173.615;13952.401
;;-11176.692;13955.478
;;-11164.383;13915.473
;;-11189.002;13930.86
;;-11182.847;13927.783
;;-11176.692;13927.783
;;-11155.152;13918.551
;;-11155.152;13915.473
;;-11152.074;13918.551
;;-11142.842;13937.014
;;-11127.456;13946.246
;;-11115.147;13949.324
;;-11093.606;13958.555
;;-11075.142;13977.019
;;-11068.988;14004.715
;;-11059.756;14017.024
;;-11056.678;14023.178
;;-11059.756;14026.256
;;-11056.678;14026.256
;;-11044.369;14032.41
;;-11044.369;14047.797
;;-11047.447;14041.642
;;-11050.524;14038.565
;;-11047.447;14044.719
;;-11028.983;14041.642
;;-11044.369;14053.951
;;-11038.215;14053.951
;;-10995.133;14066.26
;;-10979.746;14081.647
;;-10961.283;14084.724
;;-10961.283;14103.188
;;-11010.519;14050.874
;;-10942.819;14121.651
;;-10939.742;14118.574
;;-10933.587;14124.729
;;-10961.283;14115.497
;;-10955.128;14124.729
;;-10939.742;14133.96
;;-10933.587;14133.96
;;-10924.355;14143.192
;;-10927.433;14152.424
;;-10930.51;14149.347
;;-10915.123;14149.347
;;-10933.587;14133.96
;;-10930.51;14130.883
;;-10924.355;14130.883
;;-10927.433;14127.806
;;-10921.278;14143.192
;;-10912.046;14152.424
;;-10896.66;14152.424
;;-10890.505;14152.424
;;-10921.278;14140.115
;;-10872.041;14164.733
;;-10881.273;14164.733
;;-10859.732;14146.27
;;-10856.655;14143.192
;;-10850.5;14133.96
;;-10841.269;14133.96
;;-10862.81;14149.347
;;-10835.114;14140.115
;;-10835.114;14140.115
;;-10835.114;14137.038
;;-10828.96;14133.96
;;-10825.882;14137.038
;;-10822.805;14137.038
;;-10819.728;14130.883
;;-10816.65;14118.574
;;-10813.573;14121.651
;;-10804.341;14130.883
;;-10795.109;14115.497
;;-10788.955;14103.188
;;-10776.646;14084.724
;;-10764.337;14087.801
;;-10773.568;14047.797
;;-10776.646;14032.41
;;-10767.414;14010.869
;;-10758.182;14013.946
;;-10742.796;14004.715
;;-10748.95;14001.637
;;-10748.95;13992.405
;;-10748.95;13977.019
;;-10767.414;13924.705
;;-10779.723;13881.623
;;-10767.414;13860.082
;;-10770.491;13866.237
;;-10742.796;13875.469
;;-10727.409;13884.701
;;-10715.1;13897.01
;;-10702.791;13900.087
;;-10699.714;13900.087
;;-10687.404;13897.01
;;-10684.327;13887.778
;;-10653.554;13884.701
;;-10647.4;13881.623
;;-10647.4;13878.546
;;-10653.554;13878.546
;;-10625.859;13872.391
;;-10579.7;13863.16
;;-10561.236;13850.85
;;-10579.7;13844.696
;;-10628.936;13841.619
;;-10638.168;13841.619
;;-10665.864;13841.619
;;-10708.945;13823.155
;;-10727.409;13817
;;-10755.105;13826.232
;;-10752.027;13823.155
;;-10733.564;13810.846
;;-10705.868;13823.155
;;-10684.327;13835.464
;;-10684.327;13832.387
;;-10684.327;13801.614
;;-10672.018;13817
;;-10681.25;13792.382
;;-10672.018;13789.305
;;-10684.327;13789.305
;;-10678.173;13752.377
;;-10675.095;13746.223
;;-10641.245;13770.841
;;-10644.323;13807.768
;;-10542.772;13810.846
;;-10490.458;13798.537
;;-10638.168;13740.068
;;-10675.095;13743.146
;;-10438.145;13798.537
;;-10447.376;13798.537
;;-10481.227;13776.996
;;-10659.709;13724.682
;;-10779.723;13693.909
;;-10868.964;13669.291
;;-10905.892;13663.136
;;-10961.283;13681.6
;;-10933.587;13684.677
;;-10924.355;13718.527
;;-10927.433;13743.146
;;-10908.969;13767.764
;;-10875.119;13795.459
;;-10872.041;13826.232
;;-10875.119;13863.16
;;-10896.66;13866.237
;;-10921.278;13853.928
;;-10927.433;13823.155
;;-10798.187;13795.459
;;-10730.486;13780.073
;;-10647.4;13789.305
;;-10638.168;13823.155
;;-10548.927;13810.846
;;-10576.622;13817
;;-10705.868;13826.232
;;-10770.491;13835.464
;;-10884.351;13853.928
;;-10902.814;13863.16
;;-10958.205;13863.16
;;-10979.746;13850.85
;;-10988.978;13860.082
;;-10982.824;13860.082
;;-10902.814;13863.16
;;-10742.796;13863.16
;;-10668.941;13847.773
;;-10696.636;13853.928
;;-10678.173;13850.85
;;-10730.486;13841.619
;;-10798.187;13826.232
;;-10868.964;13807.768
;;-11084.374;13703.141
;;-10942.819;13770.841
;;-11062.833;13733.914
;;-11093.606;13770.841
;;-11072.065;13764.687
;;-11047.447;13743.146
;;-11093.606;13767.764
;;-11047.447;13736.991
;;-11022.828;13718.527
;;-10715.1;13620.054
;;-10518.154;13601.591
;;-10530.463;13641.595
;;-10912.046;13500.04
;;-10607.395;13666.213
;;-10712.023;13669.291
;;-10995.133;13475.422
;;-11096.683;13530.813
;;-11272.088;13653.904
;;-11225.929;13644.672
;;-11059.756;13703.141
;;-11204.388;13620.054
;;-10825.882;13783.15
;;-10825.882;13610.822
;;-10721.255;13832.387
;;-10610.472;13909.319
;;-10570.468;13875.469
;;-10539.695;13746.223
;;-10592.009;13604.668
;;-10635.091;13601.591
;;-10647.4;13647.75
;;-10496.613;13666.213
;;-10616.627;13669.291
;;-10416.604;13712.373
;;-10435.067;13767.764
;;-10613.55;13740.068
;;-10518.154;13783.15
;;-10844.346;13586.204
;;-10893.582;13573.895
;;-10727.409;13656.982
;;-10915.123;13555.431
;;-10844.346;13543.122
;;-10853.578;13610.822
;;-10819.728;13653.904
;;-10893.582;13521.581
;;-10776.646;13733.914
;;-10758.182;13783.15
;;-10625.859;13813.923
;;-10558.159;13801.614
;;-10552.004;13749.3
;;-10662.786;13700.064
;;-10758.182;13626.209
;;-10816.65;13549.277
;;-10844.346;13530.813
;;-10868.964;13561.586
;;-10865.887;13543.122
;;-10884.351;13564.663
;;-10896.66;13595.436
;;-10865.887;13641.595
;;-10853.578;13678.523
;;-10862.81;13623.132
;;-10801.264;13718.527
;;-10715.1;13804.691
;;-10702.791;13853.928
;;-10705.868;13820.078
;;-10712.023;13798.537
;;-10752.027;13807.768
;;-10776.646;13770.841
;;-10724.332;13813.923
;;-10718.177;13817
;;-10798.187;13810.846
;;-10813.573;13893.932
;;-10721.255;13878.546
;;-10650.477;13746.223
;;-10644.323;13629.286
;;-10668.941;13558.509
;;-10718.177;13487.731
;;-10715.1;13389.258
;;-10699.714;13426.185
;;-10696.636;13509.272
;;-10727.409;13589.281
;;-10761.259;13629.286
;;-10755.105;13635.441
;;-10721.255;13620.054
;;-10678.173;13626.209
;;-10628.936;13610.822
;;-10635.091;13632.363
;;-10616.627;13610.822
;;-10613.55;13567.74
;;-10628.936;13616.977
;;-10625.859;13607.745
;;-10715.1;13749.3
;;-10718.177;13835.464
;;-10727.409;13807.768
;;-10681.25;13872.391
;;-10552.004;13860.082
;;-10555.081;13786.228
;;-10555.081;13893.932
;;-10539.695;13672.368
;;-10668.941;13678.523
;;-10533.54;13543.122
;;-10555.081;13573.895
;;-10616.627;13580.05
;;-10592.009;13607.745
;;-10616.627;13592.359
;;-10548.927;13555.431
;;-10570.468;13598.513
;;-10515.077;13586.204
;;-10478.149;13589.281
;;-10487.381;13690.832
;;-10490.458;13644.672
;;-10447.376;13718.527
;;-10468.917;13727.759
;;-10490.458;13675.445
;;-10595.086;13650.827
;;-10625.859;13641.595
;;-10484.304;13718.527
;;-10693.559;13653.904
;;-10748.95;13666.213
;;-10788.955;13672.368
;;-10850.5;13700.064
;;-10875.119;13693.909
;;-10921.278;13669.291
;;-10952.051;13709.295
;;-10942.819;13712.373
;;-10899.737;13746.223
;;-10835.114;13795.459
;;-10715.1;13792.382
;;-10656.632;13773.918
;;-10619.704;13749.3
;;-10570.468;13669.291
;;-10576.622;13706.218
;;-10585.854;13663.136
;;-10625.859;13721.605
;;-10616.627;13783.15
;;-10656.632;13817
;;-10708.945;13853.928
;;-10656.632;13884.701
;;-10582.777;13890.855
;;-10444.299;13841.619
;;-10361.212;13767.764
;;-10342.749;13743.146
;;-10395.063;13724.682
;;-10558.159;13693.909
;;-10684.327;13712.373
;;-10515.077;13690.832
;;-10838.191;13835.464
;;-10881.273;13866.237
;;-10878.196;13884.701
;;-10933.587;13875.469
;;-10795.109;13755.455
;;-10801.264;13893.932
;;-10752.027;13909.319
;;-10662.786;13930.86
;;-10511.999;13903.164
;;-10431.99;13878.546
;;-10364.29;13857.005
;;-10385.831;13850.85
;;-10376.599;13853.928
;;-10391.985;13850.85
;;-10395.063;13853.928
;;-10358.135;13853.928
;;-10281.203;13857.005
;;-10305.821;13857.005
;;-10342.749;13881.623
;;-10422.758;13903.164
;;-10468.917;13924.705
;;-10524.308;13921.628
;;-10632.013;13912.396
;;-10724.332;13909.319
;;-10788.955;13906.242
;;-10813.573;13915.473
;;-10755.105;13961.633
;;-10592.009;14017.024
;;-10533.54;14044.719
;;-10478.149;14050.874
;;-10376.599;14035.487
;;-10311.976;14026.256
;;-10081.18;14013.946
;;-10001.17;13989.328
;;-10078.102;13949.324
;;-10151.957;13940.092
;;-10004.248;14001.637
;;-10311.976;13930.86
;;-10453.531;13961.633
;;-10576.622;13995.483
;;-10672.018;14026.256
;;-10708.945;14020.101
;;-10690.482;14001.637
;;-10638.168;13986.251
;;-10588.931;14017.024
;;-10521.231;14093.956
;;-10471.995;14121.651
;;-10176.576;14177.042
;;-10044.252;14238.588
;;-10053.484;14241.665
;;-10028.866;14189.352
;;-10016.557;14133.96
;;-10059.639;14106.265
;;-10124.262;14097.033
;;-10216.58;14097.033
;;-10348.903;14081.647
;;-10388.908;14084.724
;;-10198.116;14109.342
;;-10327.362;14100.11
;;-10065.793;14137.038
;;-10053.484;14183.197
;;-10053.484;14213.97
;;-10167.344;14235.511
;;-10235.044;14257.052
;;-10284.28;14241.665
;;-10515.077;14093.956
;;-10481.227;14084.724
;;-10431.99;14161.656
;;-10505.845;14115.497
;;-10521.231;14158.579
;;-10468.917;14195.506
;;-10348.903;14192.429
;;-10225.812;14186.274
;;-10151.957;14158.579
;;-10167.344;14137.038
;;-10222.735;14127.806
;;-10151.957;14127.806
;;-10216.58;14149.347
;;-10093.489;14146.27
;;-10413.526;14133.96
;;-10478.149;14112.42
;;-10530.463;14109.342
;;-10536.618;14149.347
;;-10524.308;14180.12
;;-10404.294;14253.975
;;-10050.407;14278.593
;;-10071.948;14244.743
;;-10170.421;14229.356
;;-10118.107;14220.124
;;-10250.43;14210.893
;;-10401.217;14220.124
;;-10475.072;14253.975
;;-10524.308;14226.279
;;-10459.686;14164.733
;;-10308.899;14118.574
;;-10271.971;14115.497
;;-10444.299;14180.12
;;-10293.512;14149.347
;;-10607.395;14220.124
;;-10604.318;14210.893
;;-10539.695;14217.047
;;-10564.313;14204.738
;;-10792.032;14173.965
;;-10967.437;14210.893
;;-10844.346;14198.583
;;-10868.964;14220.124
;;-10905.892;14201.661
;;-10878.196;14201.661
;;-10872.041;14217.047
;;-10819.728;14220.124
;;-10936.664;14272.438
;;-10985.901;14263.206
;;-10865.887;14229.356
;;-10881.273;14244.743
;;-10970.515;14213.97
;;-10924.355;14198.583
;;-10992.056;14244.743
;;-10813.573;14207.815
;;-10748.95;14183.197
;;-10678.173;14189.352
;;-10625.859;14213.97
;;-10610.472;14253.975
;;-10601.241;14247.82
;;-10601.241;14260.129
;;-10672.018;14213.97
;;-10785.878;14170.888
;;-10832.037;14143.192
;;-10890.505;14127.806
;;-11001.287;14124.729
;;-11105.915;14084.724
;;-11207.465;14050.874
;;-11305.938;14084.724
;;-11318.248;14180.12
;;-11318.248;14220.124
;;-11312.093;14260.129
;;-11330.557;14281.67
;;-11321.325;14287.825
;;-11312.093;14217.047
;;-11324.402;14173.965
;;-11287.475;14263.206
;;-11315.17;14155.501
;;-11413.643;14109.342
;;-11429.03;14087.801
;;-11441.339;14112.42
;;-11429.03;14075.492
;;-11456.725;14087.801
;;-11542.889;14140.115
;;-11555.198;14213.97
;;-11496.73;14266.284
;;-11429.03;14247.82
;;-11355.175;14210.893
;;-11309.016;14183.197
;;-11305.938;14186.274
;;-11309.016;14183.197
;;-11321.325;14201.661
;;-11290.552;14195.506
;;-11302.861;14167.811
;;-11336.711;14158.579
;;-11379.793;14164.733
;;-11392.102;14173.965
;;-11422.875;14164.733
;;-11490.575;14060.106
;;-11505.962;14026.256
;;-11570.585;14013.946
;;-11484.421;14029.333
;;-11349.02;14047.797
;;-11345.943;14081.647
;;-11456.725;14115.497
;;-11509.039;14115.497
;;-11592.126;14133.96
;;-11558.276;14133.96
;;-11542.889;14217.047
;;-11622.899;14137.038
;;-11582.894;14155.501
;;-11509.039;14260.129
;;-11422.875;14275.516
;;-11432.107;14226.279
;;-11536.735;14207.815
;;-11512.116;14201.661
;;-11641.362;14229.356
;;-11601.358;14189.352
;;-11601.358;14186.274
;;-11545.966;14192.429
;;-11567.507;14192.429
;;-11567.507;14220.124
;;-11499.807;14192.429
;;-11447.493;14229.356
;;-11259.779;14275.516
;;-11265.934;14275.516
;;-11324.402;14217.047
;;-11244.393;14290.902
;;-11278.243;14257.052
;;-11305.938;14152.424
;;-11333.634;14177.042
;;-11361.329;14164.733
;;-11327.479;14143.192
;;-11302.861;14140.115
;;-11472.112;14327.829
;;-11512.116;14306.288
;;-11425.952;14253.975
;;-11552.121;14272.438
;;-11438.262;14284.747
;;-11404.411;14272.438
;;-11376.716;14223.202
;;-11373.639;14241.665
;;-11407.489;14204.738
;;-11395.18;14170.888
;;-11327.479;14109.342
;;-11219.774;14078.569
;;-11198.233;14057.028
;;-11213.62;14041.642
;;-11262.856;14038.565
;;-11238.238;14020.101
;;-11269.011;14023.178
;;-11204.388;14050.874
;;-11189.002;14057.028
;;-11130.533;14053.951
;;-11121.301;14017.024
;;-11207.465;13986.251
;;-11358.252;13964.71
;;-11419.798;13952.401
;;-11281.32;13986.251
;;-11318.248;14013.946
;;-11382.87;13983.174
;;-11358.252;14026.256
;;-11398.257;14069.338
;;-11305.938;14001.637
;;-11447.493;14115.497
;;-11429.03;14109.342
;;-11441.339;14121.651
;;-11469.034;14130.883
;;-11450.571;14133.96
;;-11410.566;14161.656
;;-11385.948;14204.738
;;-11373.639;14204.738
;;-11432.107;14155.501
;;-11379.793;14186.274
;;-11453.648;14210.893
;;-11518.271;14183.197
;;-11545.966;14189.352
;;-11555.198;14201.661
;;-11579.817;14223.202
;;-11613.667;14223.202
;;-11635.208;14226.279
;;-11598.28;14247.82
;;-11521.348;14229.356
;;-11499.807;14238.588
;;-11552.121;14260.129
;;-11619.821;14269.361
;;-11589.048;14260.129
;;-11561.353;14250.897
;;-11512.116;14223.202
;;-11450.571;14204.738
;;-11450.571;14204.738
;;-11475.189;14220.124
;;-11521.348;14210.893
;;-11616.744;14204.738
;;-11629.053;14232.434
;;-11632.13;14220.124
;;-11665.981;14278.593
;;-11693.676;14337.061
;;-11709.062;14389.375
;;-11699.831;14398.607
;;-11644.44;14355.525
;;-11539.812;14343.216
;;-11465.957;14343.216
;;-11361.329;14373.989
;;-11429.03;14364.757
;;-11299.784;14401.684
;;-11293.629;14407.839
;;-11287.475;14441.689
;;-11284.397;14478.616
;;-11315.17;14494.003
;;-11342.866;14386.298
;;-11367.484;14509.389
;;-11441.339;14524.775
;;-11459.803;14580.167
;;-11475.189;14592.476
;;-11499.807;14607.862
;;-11524.425;14635.558
;;-11469.034;14700.181
;;-11518.271;14669.408
;;-11395.18;14749.417
;;-11361.329;14761.726
;;-11345.943;14804.808
;;-11333.634;14890.972
;;-11336.711;14915.59
;;-11315.17;14940.209
;;-11349.02;14841.736
;;-11315.17;14961.75
;;-11355.175;14983.291
;;-11339.788;14986.368
;;-11389.025;15029.45
;;-11438.262;15087.918
;;-11469.034;15041.759
;;-11490.575;15014.063
;;-11456.725;15004.832
;;-11398.257;14998.677
;;-11339.788;14995.6
;;-11269.011;14989.445
;;-11222.852;14995.6
;;-11253.625;14986.368
;;-11247.47;14955.595
;;-11232.084;14958.672
;;-11235.161;14986.368
;;-11250.547;15004.832
;;-11244.393;15004.832
;;-11250.547;15032.527
;;-11265.934;15060.223
;;-11330.557;15023.295
;;-11269.011;15060.223
;;-11364.407;14909.436
;;-11352.098;14983.291
;;-11349.02;14875.586
;;-11333.634;14878.663
;;-11315.17;14890.972
;;-11256.702;14918.668
;;-11272.088;14909.436
;;-11247.47;14909.436
;;-11195.156;14915.59
;;-11136.688;14927.9
;;-11108.992;14937.131
;;-11087.451;14958.672
;;-11072.065;14946.363
;;-11078.219;14940.209
;;-11072.065;14927.9
;;-11090.529;14915.59
;;-11112.07;14915.59
;;-11072.065;14918.668
;;-11136.688;14912.513
;;-11173.615;14878.663
;;-11195.156;14869.431
;;-11198.233;14866.354
;;-11192.079;14844.813
;;-11152.074;14854.045
;;-11099.76;14878.663
;;-11081.297;14897.127
;;-11053.601;14909.436
;;-11025.906;14909.436
;;-10976.669;14897.127
;;-10961.283;14900.204
;;-10930.51;14906.359
;;-10955.128;14897.127
;;-10918.201;14887.895
;;-10908.969;14863.277
;;-10902.814;14857.122
;;-10899.737;14854.045
;;-10912.046;14863.277
;;-10930.51;14847.89
;;-10948.974;14835.581
;;-10967.437;14832.504
;;-10976.669;14829.426
;;-10988.978;14817.117
;;-10967.437;14810.963
;;-10973.592;14817.117
;;-10819.728;14810.963
;;-10896.66;14804.808
;;-10792.032;14814.04
;;-10761.259;14820.195
;;-10727.409;14810.963
;;-10684.327;14850.967
;;-10656.632;14860.199
;;-10641.245;14860.199
;;-10650.477;14860.199
;;-10659.709;14829.426
;;-10647.4;14761.726
;;-10622.782;14740.185
;;-10690.482;14746.34
;;-10659.709;14746.34
;;-10736.641;14743.263
;;-10779.723;14737.108
;;-10816.65;14734.031
;;-10828.96;14724.799
;;-10804.341;14737.108
;;-10761.259;14734.031
;;-10721.255;14734.031
;;-10832.037;14727.876
;;-10656.632;14737.108
;;-10628.936;14727.876
;;-10598.163;14721.722
;;-10573.545;14712.49
;;-10545.849;14697.103
;;-10536.618;14678.64
;;-10653.554;14801.731
;;-10508.922;14660.176
;;-10502.768;14647.867
;;-10539.695;14610.939
;;-10558.159;14610.939
;;-10521.231;14623.249
;;-10573.545;14598.63
;;-10604.318;14580.167
;;-10616.627;14577.089
;;-10607.395;14574.012
;;-10567.39;14558.626
;;-10542.772;14518.621
;;-10527.386;14503.234
;;-10490.458;14487.848
;;-10447.376;14478.616
;;-10404.294;14472.462
;;-10478.149;14546.316
;;-10542.772;14574.012
;;-10555.081;14589.398
;;-10487.381;14574.012
;;-10422.758;14537.085
;;-10398.14;14521.698
;;-10391.985;14518.621
;;-10370.444;14518.621
;;-10358.135;14509.389
;;-10367.367;14518.621
;;-10348.903;14457.075
;;-10351.981;14429.38
;;-10388.908;14404.761
;;-10416.604;14407.839
;;-10410.449;14423.225
;;-10407.372;14432.457
;;-10419.681;14453.998
;;-10425.835;14407.839
;;-10459.686;14577.089
;;-10416.604;14543.239
;;-10441.222;14500.157
;;-10351.981;14512.466
;;-10287.358;14487.848
;;-10271.971;14466.307
;;-10256.585;14460.152
;;-10250.43;14450.921
;;-10247.353;14435.534
;;-10228.889;14398.607
;;-10225.812;14404.761
;;-10256.585;14383.22
;;-10296.59;14337.061
;;-10302.744;14303.211
;;-10287.358;14275.516
;;-10278.126;14275.516
;;-10281.203;14281.67
;;-10262.739;14281.67
;;-10238.121;14293.979
;;-10170.421;14324.752
;;-10145.803;14333.984
;;-10145.803;14333.984
;;-10124.262;14333.984
;;-10105.798;14327.829
;;-10105.798;14330.907
;;-10127.339;14340.138
;;-10133.494;14303.211
;;-10118.107;14312.443
;;-10151.957;14315.52
;;-10158.112;14321.675
;;-10191.962;14337.061
;;-10244.276;14337.061
;;-10275.049;14324.752
;;-10305.821;14300.134
;;-10305.821;14290.902
;;-10268.894;14284.747
;;-10231.967;14266.284
;;-10191.962;14290.902
;;-10124.262;14284.747
;;-10078.102;14284.747
;;-10056.561;14312.443
;;-10108.875;14352.448
;;-10127.339;14386.298
;;-10124.262;14401.684
;;-10133.494;14386.298
;;-10115.03;14370.911
;;-10108.875;14361.679
;;-10133.494;14340.138
;;-10136.571;14330.907
;;-10145.803;14318.597
;;-10158.112;14309.366
;;-10188.885;14297.056
;;-10207.348;14278.593
;;-10222.735;14269.361
;;-10225.812;14263.206
;;-10219.657;14238.588
;;-10191.962;14235.511
;;-10151.957;14253.975
;;-10111.953;14266.284
;;-10102.721;14263.206
;;-10081.18;14263.206
;;-10078.102;14266.284
;;-10081.18;14266.284
;;-10078.102;14269.361
;;-10081.18;14263.206
;;-10090.412;14257.052
;;-10102.721;14250.897
;;-10099.643;14207.815
;;-10161.189;14183.197
;;-10105.798;14223.202
;;-10127.339;14198.583
;;-10191.962;14177.042
;;-10204.271;14140.115
;;-10204.271;14155.501
;;-10176.576;14115.497
;;-10173.498;14044.719
;;-10185.807;14081.647
;;-10127.339;14087.801
;;-10084.257;14100.11
;;-10087.334;14109.342
;;-10065.793;14109.342
;;-10038.098;14112.42
;;-10044.252;14066.26
;;-10059.639;14047.797
;;-10028.866;14115.497
;;-10031.943;14097.033
;;-10071.948;14041.642
;;-10081.18;14038.565
;;-10102.721;14010.869
;;-10127.339;13980.096
;;-10155.035;13958.555
;;-10176.576;13933.937
;;-10213.503;13887.778
;;-10238.121;13869.314
;;-10238.121;13863.16
;;-10225.812;13875.469
;;-10179.653;13903.164
;;-10136.571;13921.628
;;-10102.721;13943.169
;;-10087.334;13964.71
;;-10084.257;13940.092
;;-10096.566;13924.705
;;-10111.953;13912.396
;;-10124.262;13897.01
;;-10127.339;13887.778
;;-10139.648;13869.314
;;-10142.725;13860.082
;;-10139.648;13878.546
;;-10167.344;13887.778
;;-10201.194;13878.546
;;-10228.889;13866.237
;;-10268.894;13838.541
;;-10318.131;13813.923
;;-10336.594;13764.687
;;-10324.285;13718.527
;;-10278.126;13690.832
;;-10219.657;13721.605
;;-10195.039;13746.223
;;-10167.344;13758.532
;;-10161.189;13767.764
;;-10176.576;13767.764
;;-10182.73;13764.687
;;-10201.194;13767.764
;;-10228.889;13755.455
;;-10210.426;13767.764
;;-10241.198;13752.377
;;-10265.817;13740.068
;;-10345.826;13718.527
;;-10299.667;13727.759
;;-10250.43;13743.146
;;-10376.599;13706.218
;;-10398.14;13703.141
;;-10422.758;13703.141
;;-10419.681;13718.527
;;-10401.217;13740.068
;;-10385.831;13752.377
;;-10373.522;13755.455
;;-10361.212;13755.455
;;-10348.903;13755.455
;;-10342.749;13764.687
;;-10348.903;13786.228
;;-10358.135;13804.691
;;-10358.135;13820.078
;;-10361.212;13829.309
;;-10382.753;13838.541
;;-10395.063;13835.464
;;-10407.372;13817
;;-10447.376;13780.073
;;-10478.149;13770.841
;;-10481.227;13758.532
;;-10478.149;13755.455
;;-10441.222;13804.691
;;-10450.454;13795.459
;;-10468.917;13746.223
;;-10382.753;13832.387
;;-10419.681;13813.923
;;-10361.212;13850.85
;;-10345.826;13857.005
;;-10311.976;13875.469
;;-10330.44;13869.314
;;-10296.59;13875.469
;;-10293.512;13884.701
;;-10302.744;13884.701
;;-10311.976;13878.546
;;-10311.976;13878.546
;;-10321.208;13878.546
;;-10330.44;13869.314
;;-10355.058;13860.082
;;-10364.29;13850.85
;;-10367.367;13841.619
;;-10364.29;13841.619
;;-10364.29;13863.16
;;-10358.135;13872.391
;;-10336.594;13887.778
;;-10315.053;13903.164
;;-10293.512;13909.319
;;-10287.358;13887.778
;;-10281.203;13863.16
;;-10287.358;13869.314
;;-10278.126;13857.005
;;-10268.894;13832.387
;;-10259.662;13832.387
;;-10268.894;13863.16
;;-10275.049;13875.469
;;-10281.203;13890.855
;;-10281.203;13893.932
;;-10305.821;13915.473
;;-10339.672;13893.932
;;-10361.212;13878.546
;;-10382.753;13897.01
;;-10391.985;13909.319
;;-10388.908;13890.855
;;-10379.676;13887.778
;;-10361.212;13893.932
;;-10336.594;13909.319
;;-10308.899;13927.783
;;-10293.512;13946.246
;;-10284.28;13970.864
;;-10284.28;13998.56
;;-10284.28;14013.946
;;-10265.817;14007.792
;;-10259.662;14017.024
;;-10278.126;14020.101
;;-10281.203;14010.869
;;-10290.435;13992.405
;;-10299.667;13973.942
;;-10321.208;13955.478
;;-10336.594;13943.169
;;-10367.367;13967.787
;;-10351.981;13986.251
;;-10345.826;13943.169
;;-10358.135;13949.324
;;-10339.672;14004.715
;;-10302.744;14044.719
;;-10321.208;14020.101
;;-10287.358;14057.028
;;-10281.203;14066.26
;;-10281.203;14084.724
;;-10278.126;14097.033
;;-10290.435;14103.188
;;-10278.126;14106.265
;;-10302.744;14103.188
;;-10302.744;14106.265
;;-10308.899;14109.342
;;-10324.285;14106.265
;;-10348.903;14100.11
;;-10367.367;14103.188
;;-10376.599;14112.42
;;-10391.985;14137.038
;;-10388.908;14158.579
;;-10373.522;14177.042
;;-10361.212;14195.506
;;-10333.517;14210.893
;;-10308.899;14223.202
;;-10305.821;14232.434
;;-10302.744;14235.511
;;-10293.512;14247.82
;;-10293.512;14257.052
;;-10296.59;14244.743
;;-10290.435;14253.975
;;-10299.667;14226.279
;;-10296.59;14244.743
;;-10311.976;14201.661
;;-10324.285;14195.506
;;-10348.903;14183.197
;;-10385.831;14173.965
;;-10370.444;14173.965
;;-10376.599;14204.738
;;-10361.212;14189.352
;;-10315.053;14204.738
;;-10342.749;14192.429
;;-10388.908;14180.12
;;-10305.821;14204.738
;;-10299.667;14204.738
;;-10290.435;14201.661
;;-10287.358;14195.506
;;-10290.435;14195.506
;;-10302.744;14183.197
;;-10296.59;14173.965
;;-10296.59;14170.888
;;-10299.667;14140.115
;;-10293.512;14155.501
;;-10339.672;14081.647
;;-10327.362;14093.956
;;-10311.976;14115.497
;;-10345.826;14060.106
;;-10336.594;14060.106
;;-10308.899;14069.338
;;-10293.512;14078.569
;;-10271.971;14093.956
;;-10253.508;14100.11
;;-10244.276;14093.956
;;-10231.967;14078.569
;;-10225.812;14075.492
;;-10216.58;14084.724
;;-10225.812;14103.188
;;-10262.739;14084.724
;;-10241.198;14090.879
;;-10268.894;14066.26
;;-10231.967;14100.11
;;-10284.28;14060.106
;;-10305.821;14057.028
;;-10321.208;14050.874
;;-10336.594;14047.797
;;-10339.672;14060.106
;;-10342.749;14050.874
;;-10324.285;14066.26
;;-10290.435;14081.647
;;-10259.662;14109.342
;;-10247.353;14118.574
;;-10235.044;14130.883
;;-10308.899;14075.492
;;-10225.812;14130.883
;;-10247.353;14010.869
;;-10228.889;14118.574
;;-10238.121;14050.874
;;-10290.435;13918.551
;;-10265.817;13955.478
;;-10302.744;13893.932
;;-10265.817;13977.019
;;-10348.903;13863.16
;;-10382.753;13835.464
;;-10416.604;13798.537
;;-10425.835;13792.382
;;-10413.526;13789.305
;;-10385.831;13789.305
;;-10351.981;13795.459
;;-10330.44;13804.691
;;-10327.362;13810.846
;;-10330.44;13804.691
;;-10333.517;13795.459
;;-10327.362;13798.537
;;-10348.903;13786.228
;;-10324.285;13804.691
;;-10367.367;13780.073
;;-10376.599;13780.073
;;-10391.985;13773.918
;;-10407.372;13764.687
;;-10435.067;13752.377
;;-10459.686;13740.068
;;-10481.227;13709.295
;;-10499.69;13703.141
;;-10505.845;13706.218
;;-10502.768;13718.527
;;-10490.458;13727.759
;;-10468.917;13736.991
;;-10453.531;13755.455
;;-10450.454;13755.455
;;-10444.299;13761.609
;;-10447.376;13761.609
;;-10444.299;13764.687
;;-10456.608;13767.764
;;-10465.84;13770.841
;;-10478.149;13767.764
;;-10484.304;13767.764
;;-10502.768;13761.609
;;-10530.463;13752.377
;;-10567.39;13733.914
;;-10598.163;13709.295
;;-10638.168;13690.832
;;-10665.864;13693.909
;;-10659.709;13687.754
;;-10665.864;13703.141
;;-10647.4;13715.45
;;-10625.859;13721.605
;;-10616.627;13733.914
;;-10595.086;13761.609
;;-10653.554;13767.764
;;-10625.859;13767.764
;;-10607.395;13764.687
;;-10604.318;13755.455
;;-10665.864;13767.764
;;-10696.636;13761.609
;;-10678.173;13770.841
;;-10721.255;13758.532
;;-10755.105;13755.455
;;-10798.187;13743.146
;;-10816.65;13743.146
;;-10847.423;13740.068
;;-10853.578;13740.068
;;-10872.041;13749.3
;;-10875.119;13761.609
;;-10862.81;13789.305
;;-10862.81;13798.537
;;-10865.887;13804.691
;;-10884.351;13820.078
;;-10868.964;13807.768
;;-10868.964;13776.996
;;-10896.66;13826.232
;;-10905.892;13832.387
;;-10933.587;13835.464
;;-10955.128;13838.541
;;-10964.36;13835.464
;;-10979.746;13829.309
;;-11007.442;13817
;;-11044.369;13798.537
;;-11050.524;13789.305
;;-11056.678;13792.382
;;-11059.756;13795.459
;;-11068.988;13795.459
;;-11068.988;13792.382
;;-11065.91;13795.459
;;-11093.606;13807.768
;;-11081.297;13829.309
;;-11081.297;13838.541
;;-11068.988;13853.928
;;-11087.451;13875.469
;;-11078.219;13875.469
;;-11078.219;13887.778
;;-11105.915;13890.855
;;-11108.992;13884.701
;;-11118.224;13884.701
;;-11130.533;13872.391
;;-11133.611;13838.541
;;-11084.374;13890.855
;;-11133.611;13829.309
;;-11142.842;13798.537
;;-11148.997;13783.15
;;-11142.842;13817
;;-11145.92;13786.228
;;-11136.688;13798.537
;;-11121.301;13804.691
;;-11099.76;13804.691
;;-11072.065;13813.923
;;-11050.524;13829.309
;;-11028.983;13841.619
;;-11035.137;13838.541
;;-11035.137;13832.387
;;-11038.215;13832.387
;;-11044.369;13832.387
;;-11056.678;13820.078
;;-11062.833;13820.078
;;-11078.219;13810.846
;;-11102.838;13795.459
;;-11152.074;13770.841
;;-11155.152;13764.687
;;-11176.692;13761.609
;;-11195.156;13758.532
;;-11195.156;13752.377
;;-11204.388;13749.3
;;-11192.079;13758.532
;;-11179.77;13767.764
;;-11155.152;13783.15
;;-11139.765;13792.382
;;-11124.379;13798.537
;;-11072.065;13807.768
;;-11075.142;13798.537
;;-11072.065;13783.15
;;-11059.756;13758.532
;;-11068.988;13743.146
;;-11075.142;13733.914
;;-11075.142;13718.527
;;-11078.219;13690.832
;;-11093.606;13641.595
;;-11099.76;13626.209
;;-11108.992;13604.668
;;-11118.224;13580.05
;;-11115.147;13564.663
;;-11093.606;13555.431
;;-11081.297;13555.431
;;-11050.524;13555.431
;;-11010.519;13552.354
;;-10979.746;13549.277
;;-10952.051;13540.045
;;-10893.582;13524.658
;;-10884.351;13518.504
;;-10887.428;13512.349
;;-10881.273;13503.117
;;-10912.046;13500.04
;;-10936.664;13493.886
;;-10952.051;13493.886
;;-10942.819;13475.422
;;-10930.51;13438.495
;;-10927.433;13432.34
;;-10936.664;13413.876
;;-10945.896;13395.413
;;-10955.128;13380.026
;;-10964.36;13364.64
;;-10970.515;13361.562
;;-10967.437;13364.64
;;-10979.746;13355.408
;;-10908.969;13346.176
;;-10952.051;13355.408
;;-10862.81;13343.099
;;-10881.273;13333.867
;;-10902.814;13318.48
;;-10884.351;13309.249
;;-10841.269;13293.862
;;-10782.8;13284.63
;;-10656.632;13290.785
;;-10536.618;13284.63
;;-10539.695;13293.862
;;-10708.945;13284.63
;;-10527.386;13266.167
;;-10536.618;13241.548
;;-10585.854;13247.703
;;-10564.313;13232.317
;;-10588.931;13266.167
;;-10558.159;13226.162
;;-10595.086;13278.476
;;-10598.163;13287.708
;;-10607.395;13309.249
;;-10610.472;13327.712
;;-10585.854;13318.48
;;-10555.081;13281.553
;;-10564.313;13290.785
;;-10570.468;13300.017
;;-10558.159;13269.244
;;-10552.004;13269.244
;;-10567.39;13266.167
;;-10555.081;13269.244
;;-10567.39;13263.089
;;-10582.777;13247.703
;;-10579.7;13232.317
;;-10588.931;13204.621
;;-10601.241;13195.389
;;-10601.241;13198.466
;;-10573.545;13232.317
;;-10592.009;13220.007
;;-10607.395;13183.08
;;-10545.849;13296.94
;;-10536.618;13303.094
;;-10545.849;13303.094
;;-10573.545;13293.862
;;-10552.004;13269.244
;;-10598.163;13287.708
;;-10619.704;13281.553
;;-10625.859;13278.476
;;-10641.245;13266.167
;;-10659.709;13238.471
;;-10668.941;13241.548
;;-10702.791;13229.239
;;-10724.332;13216.93
;;-10748.95;13204.621
;;-10770.491;13198.466
;;-10798.187;13198.466
;;-10810.496;13204.621
;;-10810.496;13213.853
;;-10810.496;13220.007
;;-10828.96;13232.317
;;-10816.65;13260.012
;;-10795.109;13244.626
;;-10822.805;13244.626
;;-10798.187;13266.167
;;-10795.109;13278.476
;;-10782.8;13278.476
;;-10770.491;13256.935
;;-10758.182;13216.93
;;-10758.182;13226.162
;;-10776.646;13223.085
;;-10792.032;13207.698
;;-10792.032;13220.007
;;-10779.723;13216.93
;;-10785.878;13238.471
;;-10773.568;13232.317
;;-10742.796;13241.548
;;-10715.1;13260.012
;;-10678.173;13235.394
;;-10604.318;13223.085
;;-10616.627;13192.312
;;-10619.704;13170.771
;;-10610.472;13229.239
;;-10567.39;13238.471
;;-10582.777;13235.394
;;-10613.55;13223.085
;;-10625.859;13213.853
;;-10681.25;13201.544
;;-10758.182;13180.003
;;-10810.496;13152.307
;;-10915.123;13115.38
;;-10902.814;13115.38
;;-10887.428;13109.225
;;-10859.732;13130.766
;;-10761.259;13173.848
;;-10804.341;13124.612
;;-10675.095;13306.171
;;-10672.018;13296.94
;;-10699.714;13250.78
;;-10656.632;13324.635
;;-10687.404;13300.017
;;-10647.4;13398.49
;;-10638.168;13370.794
;;-10665.864;13413.876
;;-10656.632;13432.34
;;-10672.018;13435.417
;;-10668.941;13432.34
;;-10662.786;13423.108
;;-10668.941;13256.935
;;-10650.477;13389.258
;;-10672.018;13244.626
;;-10665.864;13330.79
;;-10665.864;13269.244
;;-10665.864;13232.317
;;-10675.095;13256.935
;;-10644.323;13303.094
;;-10625.859;13364.64
;;-10641.245;13420.031
;;-10687.404;13444.649
;;-10672.018;13423.108
;;-10684.327;13438.495
;;-10622.782;13463.113
;;-10647.4;13453.881
;;-10604.318;13453.881
;;-10653.554;13426.185
;;-10576.622;13404.644
;;-10678.173;13438.495
;;-10567.39;13413.876
;;-10561.236;13398.49
;;-10552.004;13352.331
;;-10508.922;13355.408
;;-10533.54;13336.944
;;-10475.072;13370.794
;;-10456.608;13413.876
;;-10459.686;13472.345
;;-10465.84;13475.422
;;-10487.381;13478.499
;;-10508.922;13512.349
;;-10502.768;13549.277
;;-10450.454;13487.731
;;-10508.922;13552.354
;;-10518.154;13518.504
;;-10536.618;13540.045
;;-10518.154;13533.89
;;-10508.922;13521.581
;;-10548.927;13567.74
;;-10555.081;13573.895
;;-10564.313;13589.281
;;-10588.931;13610.822
;;-10613.55;13620.054
;;-10632.013;13604.668
;;-10638.168;13635.441
;;-10632.013;13644.672
;;-10638.168;13613.9
;;-10622.782;13647.75
;;-10625.859;13653.904
;;-10610.472;13644.672
;;-10659.709;13632.363
;;-10628.936;13626.209
;;-10616.627;13626.209
;;-10672.018;13583.127
;;-10672.018;13536.968
;;-10681.25;13530.813
;;-10678.173;13527.736
;;-10687.404;13533.89
;;-10693.559;13543.122
;;-10699.714;13564.663
;;-10712.023;13567.74
;;-10730.486;13570.818
;;-10748.95;13613.9
;;-10672.018;13623.132
;;-10724.332;13650.827
;;-10745.873;13592.359
;;-10712.023;13660.059
;;-10742.796;13570.818
;;-10708.945;13666.213
;;-10675.095;13660.059
;;-10598.163;13656.982
;;-10552.004;13653.904
;;-10558.159;13653.904
;;-10570.468;13656.982
;;-10702.791;13653.904
;;-10588.931;13656.982
;;-10616.627;13660.059
;;-10715.1;13653.904
;;-10727.409;13641.595
;;-10742.796;13626.209
;;-10739.718;13629.286
;;-10705.868;13629.286
;;-10687.404;13641.595
;;-10647.4;13616.977
;;-10638.168;13616.977
;;-10748.95;13576.972
;;-10662.786;13669.291
;;-10672.018;13635.441
;;-10619.704;13626.209
;;-10607.395;13656.982
;;-10598.163;13663.136
;;-10582.777;13656.982
;;-10564.313;13666.213
;;-10567.39;13653.904
;;-10573.545;13638.518
;;-10579.7;13626.209
;;-10601.241;13616.977
;;-10607.395;13607.745
;;-10622.782;13595.436
;;-10625.859;13573.895
;;-10635.091;13546.199
;;-10647.4;13527.736
;;-10681.25;13515.427
;;-10678.173;13524.658
;;-10696.636;13503.117
;;-10690.482;13506.195
;;-10693.559;13503.117
;;-10696.636;13500.04
;;-10712.023;13484.654
;;-10718.177;13472.345
;;-10736.641;13450.804
;;-10742.796;13426.185
;;-10755.105;13401.567
;;-10764.337;13426.185
;;-10767.414;13432.34
;;-10770.491;13432.34
;;-10776.646;13429.263
;;-10785.878;13429.263
;;-10804.341;13429.263
;;-10825.882;13416.954
;;-10844.346;13401.567
;;-10847.423;13367.717
;;-10841.269;13361.562
;;-10844.346;13367.717
;;-10850.5;13373.872
;;-10865.887;13373.872
;;-10887.428;13364.64
;;-10905.892;13352.331
;;-10893.582;13358.485
;;-10930.51;13346.176
;;-10915.123;13346.176
;;-10955.128;13315.403
;;-10945.896;13321.558
;;-10976.669;13306.171
;;-10982.824;13293.862
;;-10976.669;13284.63
;;-10992.056;13272.321
;;-10998.21;13269.244
;;-11007.442;13275.399
;;-11004.365;13266.167
;;-11013.596;13278.476
;;-11013.596;13275.399
;;-11010.519;13281.553
;;-11010.519;13290.785
;;-11013.596;13296.94
;;-11004.365;13300.017
;;-11019.751;13303.094
;;-11019.751;13306.171
;;-11032.06;13306.171
;;-11044.369;13300.017
;;-11053.601;13290.785
;;-11056.678;13293.862
;;-11059.756;13290.785
;;-11062.833;13290.785
;;-11075.142;13287.708
;;-11081.297;13281.553
;;-11090.529;13284.63
;;-11096.683;13287.708
;;-11096.683;13312.326
;;-11102.838;13318.48
;;-11081.297;13343.099
;;-11093.606;13333.867
;;-11072.065;13346.176
;;-11078.219;13281.553
;;-11068.988;13355.408
;;-11062.833;13358.485
;;-11062.833;13355.408
;;-11056.678;13349.253
;;-11075.142;13358.485
;;-11065.91;13358.485
;;-11075.142;13358.485
;;-11081.297;13361.562
;;-11081.297;13352.331
;;-11078.219;13324.635
;;-11087.451;13324.635
;;-11090.529;13340.021
;;-11093.606;13349.253
;;-11102.838;13352.331
;;-11099.76;13355.408
;;-11105.915;13367.717
;;-11093.606;13367.717
;;-11093.606;13349.253
;;-11096.683;13340.021
;;-11105.915;13309.249
;;-11105.915;13293.862
;;-11105.915;13281.553
;;-11099.76;13290.785
;;-11115.147;13287.708
;;-11108.992;13306.171
;;-11108.992;13315.403
;;-11118.224;13318.48
;;-11124.379;13333.867
;;-11133.611;13373.872
;;-11155.152;13432.34
;;-11148.997;13472.345
;;-11148.997;13490.808
;;-11102.838;13506.195
;;-11118.224;13543.122
;;-11121.301;13555.431
;;-11105.915;13576.972
;;-11099.76;13601.591
;;-11105.915;13604.668
;;-11096.683;13607.745
;;-11093.606;13610.822
;;-11090.529;13616.977
;;-11065.91;13638.518
;;-11059.756;13641.595
;;-11022.828;13635.441
;;-11038.215;13647.75
;;-11047.447;13653.904
;;-11056.678;13663.136
;;-11078.219;13669.291
;;-11084.374;13693.909
;;-11121.301;13703.141
;;-11142.842;13703.141
;;-11139.765;13709.295
;;-11124.379;13718.527
;;-11121.301;13718.527
;;-11105.915;13715.45
;;-11105.915;13730.836
;;-11090.529;13736.991
;;-11093.606;13755.455
;;-11059.756;13776.996
;;-11065.91;13792.382
;;-11068.988;13810.846
;;-11059.756;13823.155
;;-11056.678;13844.696
;;-11059.756;13853.928
;;-11050.524;13872.391
;;-11041.292;13893.932
;;-11041.292;13915.473
;;-11025.906;13955.478
;;-11013.596;13964.71
;;-10995.133;14004.715
;;-10976.669;14020.101
;;-11004.365;13983.174
;;-11028.983;13940.092
;;-10945.896;14053.951
;;-10933.587;14072.415
;;-10958.205;14044.719
;;-10915.123;14090.879
;;-10905.892;14100.11
;;-10896.66;14118.574
;;-10899.737;14118.574
;;-10905.892;14090.879
;;-10899.737;14106.265
;;-10887.428;14097.033
;;-10890.505;14087.801
;;-10884.351;14103.188
;;-10872.041;14097.033
;;-10862.81;14081.647
;;-10875.119;14106.265
;;-10853.578;14078.569
;;-10847.423;14100.11
;;-10832.037;14093.956
;;-10819.728;14090.879
;;-10813.573;14078.569
;;-10810.496;14069.338
;;-10795.109;14066.26
;;-10782.8;14053.951
;;-10770.491;14041.642
;;-10764.337;14038.565
;;-10782.8;14041.642
;;-10758.182;14035.487
;;-10758.182;14029.333
;;-10739.718;14035.487
;;-10730.486;14041.642
;;-10727.409;14041.642
;;-10724.332;14038.565
;;-10718.177;14038.565
;;-10718.177;14035.487
;;-10715.1;14010.869
;;-10718.177;13998.56
;;-10708.945;13983.174
;;-10699.714;13961.633
;;-10690.482;13961.633
;;-10675.095;13967.787
;;-10656.632;13961.633
;;-10647.4;13952.401
;;-10628.936;13924.705
;;-10638.168;13940.092
;;-10607.395;13909.319
;;-10601.241;13853.928
;;-10598.163;13884.701
;;-10592.009;13810.846
;;-10588.931;13773.918
;;-10585.854;13743.146
;;-10582.777;13712.373
;;-10585.854;13706.218
;;-10585.854;13666.213
;;-10582.777;13592.359
;;-10582.777;13481.576
;;-10576.622;13438.495
;;-10564.313;13447.726
;;-10582.777;13564.663
;;-10561.236;13444.649
;;-10548.927;13420.031
;;-10542.772;13429.263
;;-10539.695;13432.34
;;-10533.54;13407.722
;;-10539.695;13386.181
;;-10539.695;13426.185
;;-10542.772;13389.258
;;-10564.313;13349.253
;;-10576.622;13275.399
;;-10582.777;13241.548
;;-10576.622;13229.239
;;-10579.7;13235.394
;;-10576.622;13232.317
;;-10564.313;13213.853
;;-10542.772;13247.703
;;-10576.622;13207.698
;;-10521.231;13266.167
;;-10511.999;13253.858
;;-10521.231;13226.162
;;-10536.618;13195.389
;;-10570.468;13133.844
;;-10592.009;13136.921
;;-10610.472;13176.925
;;-10638.168;13220.007
;;-10647.4;13266.167
;;-10641.245;13284.63
;;-10610.472;13303.094
;;-10588.931;13309.249
;;-10616.627;13349.253
;;-10632.013;13358.485
;;-10653.554;13376.949
;;-10665.864;13392.335
;;-10770.491;13410.799
;;-10921.278;13429.263
;;-10964.36;13460.036
;;-10865.887;13410.799
;;-10832.037;13401.567
;;-10736.641;13410.799
;;-10992.056;13481.576
;;-10985.901;13496.963
;;-10982.824;13506.195
;;-10982.824;13533.89
;;-10998.21;13540.045
;;-10967.437;13518.504
;;-11013.596;13552.354
;;-10995.133;13558.509
;;-10964.36;13564.663
;;-10961.283;13570.818
;;-10942.819;13583.127
;;-10933.587;13604.668
;;-10933.587;13623.132
;;-10945.896;13644.672
;;-10930.51;13638.518
;;-10992.056;13660.059
;;-11022.828;13666.213
;;-11044.369;13703.141
;;-11053.601;13690.832
;;-11056.678;13681.6
;;-11035.137;13712.373
;;-11047.447;13718.527
;;-11050.524;13727.759
;;-10961.283;13724.682
;;-10902.814;13730.836
;;-10847.423;13761.609
;;-10779.723;13789.305
;;-10785.878;13795.459
;;-10813.573;13789.305
;;-10816.65;13773.918
;;-10915.123;13740.068
;;-11016.674;13730.836
;;-11096.683;13727.759
;;-11124.379;13736.991
;;-11207.465;13783.15
;;-11207.465;13795.459
;;-11192.079;13813.923
;;-11195.156;13838.541
;;-11192.079;13869.314
;;-11198.233;13878.546
;;-11204.388;13850.85
;;-11167.461;13801.614
;;-11102.838;13770.841
;;-11025.906;13752.377
;;-10967.437;13755.455
;;-10912.046;13761.609
;;-10767.414;13783.15
;;-10656.632;13813.923
;;-10585.854;13838.541
;;-10592.009;13847.773
;;-10610.472;13844.696
;;-10601.241;13838.541
;;-10607.395;13823.155
;;-10653.554;13817
;;-10730.486;13804.691
;;-10810.496;13795.459
;;-10881.273;13776.996
;;-10939.742;13764.687
;;-10927.433;13767.764
;;-10902.814;13783.15
;;-10835.114;13801.614
;;-10804.341;13817
;;-10699.714;13795.459
;;-10872.041;13783.15
;;-10595.086;13767.764
;;-10708.945;13780.073
;;-10810.496;13813.923
;;-10724.332;13773.918
;;-10825.882;13746.223
;;-10939.742;13700.064
;;-11019.751;13678.523
;;-11041.292;13663.136
;;-11065.91;13650.827
;;-10995.133;13604.668
;;-10930.51;13524.658
;;-10905.892;13478.499
;;-10699.714;13472.345
;;-10524.308;13592.359
;;-10552.004;13558.509
;;-10518.154;13610.822
;;-10407.372;13613.9
;;-10459.686;13610.822
;;-10450.454;13638.518
;;-10379.676;13635.441
;;-10373.522;13641.595
;;-10296.59;13629.286
;;-10398.14;13644.672
;;-10508.922;13653.904
;;-10345.826;13638.518
;;-10542.772;13696.986
;;-10684.327;13740.068
;;-10798.187;13743.146
;;-10887.428;13724.682
;;-10942.819;13684.677
;;-10850.5;13684.677
;;-10816.65;13647.75
;;-10782.8;13644.672
;;-10844.346;13681.6
;;-10693.559;13635.441
;;-10662.786;13660.059
;;-10678.173;13718.527
;;-10678.173;13733.914
;;-10672.018;13740.068
;;-10684.327;13746.223
;;-10693.559;13761.609
;;-10690.482;13764.687
;;-10675.095;13820.078
;;-10650.477;13841.619
;;-10690.482;13776.996
;;-10625.859;13810.846
;;-10616.627;13798.537
;;-10632.013;13789.305
;;-10438.145;13872.391
;;-10622.782;13813.923
;;-10459.686;13866.237
;;-10428.913;13838.541
;;-10447.376;13709.295
;;-10435.067;13752.377
;;-10401.217;13749.3
;;-10453.531;13776.996
;;-10407.372;13706.218
;;-10527.386;13776.996
;;-10555.081;13773.918
;;-10527.386;13780.073
;;-10573.545;13780.073
;;-10545.849;13786.228
;;-10561.236;13783.15
;;-10573.545;13789.305
;;-10619.704;13801.614
;;-10604.318;13786.228
;;-10422.758;13764.687
;;-10281.203;13743.146
;;-10299.667;13740.068
;;-10410.449;13733.914
;;-10382.753;13740.068
;;-10487.381;13706.218
;;-10585.854;13693.909
;;-10675.095;13687.754
;;-10755.105;13669.291
;;-10847.423;13656.982
;;-10881.273;13672.368
;;-10822.805;13629.286
;;-10672.018;13595.436
;;-10718.177;13604.668
;;-10668.941;13586.204
;;-10690.482;13620.054
;;-10696.636;13632.363
;;-10718.177;13626.209
;;-10832.037;13564.663
;;-10742.796;13416.954
;;-10890.505;13527.736
;;-10801.264;13481.576
;;-10764.337;13595.436
;;-10650.477;13392.335
;;-10604.318;13389.258
;;-10358.135;13475.422
;;-10450.454;13426.185
;;-10413.526;13493.886
;;-10638.168;13438.495
;;-10379.676;13503.117
;;-10785.878;13475.422
;;-10875.119;13496.963
;;-10518.154;13447.726
;;-10939.742;13490.808
;;-10844.346;13416.954
;;-10795.109;13404.644
;;-10585.854;13392.335
;;-10422.758;13416.954
;;-10416.604;13435.417
;;-10558.159;13558.509
;;-10471.995;13463.113
;;-10533.54;13521.581
;;-10619.704;13570.818
;;-10684.327;13527.736
;;-10715.1;13509.272
;;-10798.187;13472.345
;;-10705.868;13432.34
;;-10484.304;13389.258
;;-10164.266;13349.253
;;-10170.421;13380.026
;;-10259.662;13358.485
;;-10222.735;13413.876
;;-10244.276;13392.335
;;-10278.126;13407.722
;;-10505.845;13321.558
;;-10542.772;13303.094
;;-10428.913;13275.399
;;-10475.072;13272.321
;;-10604.318;13281.553
;;-10665.864;13306.171
;;-10659.709;13349.253
;;-10690.482;13410.799
;;-10825.882;13475.422
;;-10776.646;13469.267
;;-10930.51;13481.576
;;-11010.519;13524.658
;;-11050.524;13549.277
;;-11044.369;13543.122
;;-10847.423;13521.581
;;-10419.681;13518.504
;;-10204.271;13527.736
;;-10130.416;13530.813
;;-10035.02;13490.808
;;-10102.721;13444.649
;;-10127.339;13447.726
;;-10207.348;13438.495
;;-10367.367;13420.031
;;-10570.468;13407.722
;;-10582.777;13386.181
;;-10422.758;13340.021
;;-10410.449;13336.944
;;-10361.212;13404.644
;;-10244.276;13472.345
;;-10170.421;13521.581
;;-10355.058;13589.281
;;-10613.55;13660.059
;;-10862.81;13700.064
;;-11278.243;13740.068
;;-11118.224;13733.914
;;-11216.697;13727.759
;;-10982.824;13736.991
;;-10878.196;13832.387
;;-10832.037;13835.464
;;-10792.032;13832.387
;;-10598.163;13835.464
;;-10182.73;13838.541
;;-10111.953;13863.16
;;-10228.889;13878.546
;;-10502.768;13863.16
;;-10724.332;13826.232
;;-11004.365;13887.778
;;-11155.152;13952.401
;;-11152.074;13977.019
;;-11216.697;13986.251
;;-11219.774;13980.096
;;-11010.519;14047.797
;;-10832.037;14192.429
;;-10635.091;14204.738
;;-10712.023;14204.738
;;-10832.037;14137.038
;;-10792.032;14087.801
;;-10776.646;13986.251
;;-10850.5;13915.473
;;-10955.128;13909.319
;;-11044.369;13918.551
;;-11124.379;13958.555
;;-11192.079;14013.946
;;-11213.62;14050.874
;;-11238.238;14112.42
;;-11164.383;14170.888
;;-10948.974;14146.27
;;-10598.163;14127.806
;;-10530.463;14140.115
;;-10708.945;14124.729
;;-10521.231;14173.965
;;-10585.854;14173.965
;;-10708.945;14170.888
;;-10942.819;14167.811
;;-11038.215;14149.347
;;-11022.828;14118.574
;;-10918.201;14100.11
;;-10592.009;14078.569
;;-10502.768;14090.879
;;-10484.304;14130.883
;;-10530.463;14140.115
;;-11056.678;14164.733
;;-10961.283;14198.583
;;-10712.023;14177.042
;;-11019.751;14133.96
;;-10893.582;14121.651
;;-10702.791;14143.192
;;-10619.704;14189.352
;;-10502.768;14213.97
;;-10518.154;14210.893
;;-10373.522;14180.12
;;-10536.618;14140.115
;;-10622.782;14109.342
;;-10702.791;14109.342
;;-10715.1;14090.879
;;-10745.873;14103.188
;;-10921.278;14127.806
;;-10982.824;14170.888
;;-10868.964;14177.042
;;-10736.641;14152.424
;;-10730.486;14173.965
;;-10708.945;14192.429
;;-10662.786;14183.197
;;-10576.622;14177.042
;;-10567.39;14189.352
;;-10511.999;14183.197
;;-10419.681;14180.12
;;-10299.667;14177.042
;;-10247.353;14186.274
;;-10253.508;14192.429
;;-10268.894;14180.12
;;-10410.449;14155.501
;;-10561.236;14112.42
;;-10653.554;14093.956
;;-10665.864;14093.956
;;-10752.027;14053.951
;;-10875.119;14017.024
;;-10961.283;13995.483
;;-10810.496;13998.56
;;-10702.791;13989.328
;;-10364.29;13977.019
;;-10281.203;13955.478
;;-10315.053;13933.937
;;-10490.458;13912.396
;;-10773.568;13887.778
;;-11087.451;13887.778
;;-11472.112;13860.082
;;-11330.557;13872.391
;;-11379.793;13881.623
;;-11148.997;13977.019
;;-11108.992;14087.801
;;-11099.76;14201.661
;;-11244.393;13909.319
;;-11204.388;14241.665
;;-11207.465;14232.434
;;-11232.084;14220.124
;;-11235.161;14207.815
;;-11244.393;14167.811
;;-11262.856;14186.274
;;-11256.702;14180.12
;;-11244.393;14186.274
;;-11284.397;14177.042
;;-11389.025;14137.038
;;-11364.407;14146.27
;;-11410.566;14084.724
;;-11425.952;14121.651
;;-11241.315;14084.724
;;-11250.547;14075.492
;;-11330.557;14180.12
;;-11459.803;14152.424
;;-11392.102;14213.97
;;-11502.884;14078.569
;;-11573.662;14001.637
;;-11653.671;13958.555
;;-11669.058;13937.014
;;-11641.362;13893.932
;;-11641.362;13875.469
;;-11659.826;13857.005
;;-11641.362;13813.923
;;-11638.285;13807.768
;;-11598.28;13817
;;-11536.735;13838.541
;;-11530.58;13857.005
;;-11613.667;13850.85
;;-11705.985;13844.696
;;-11730.603;13820.078
;;-11705.985;13872.391
;;-11699.831;13820.078
;;-11610.589;14057.028
;;-11921.395;14066.26
;;-11961.4;14060.106
;;-11967.554;14066.26
;;-11869.081;14081.647
;;-11822.922;13955.478
;;-11850.617;13986.251
;;-11930.627;14075.492
;;-11792.149;13844.696
;;-11872.158;14035.487
;;-11678.29;14029.333
;;-11825.999;14060.106
;;-11705.985;14066.26
;;-11678.29;13955.478
;;-11733.681;13850.85
;;-11890.622;14093.956
;;-11782.917;13887.778
;;-11675.212;13915.473
;;-11629.053;13924.705
;;-11610.589;13906.242
;;-11662.903;13878.546
;;-11684.444;13890.855
;;-11656.749;13918.551
;;-11552.121;13943.169
;;-11475.189;13995.483
;;-11533.657;14057.028
;;-11690.599;14050.874
;;-11745.99;14007.792
;;-11693.676;13973.942
;;-11675.212;13992.405
;;-11595.203;14081.647
;;-11613.667;14013.946
;;-11542.889;13983.174
;;-11545.966;13924.705
;;-11469.034;13866.237
;;-11444.416;13872.391
;;-11432.107;13933.937
;;-11425.952;13906.242
;;-11475.189;13970.864
;;-11564.43;14023.178
;;-11665.981;14078.569
;;-11653.671;14066.26
;;-11659.826;14097.033
;;-11650.594;14084.724
;;-11625.976;14053.951
;;-11619.821;14007.792
;;-11632.13;14001.637
;;-11684.444;14017.024
;;-11782.917;14084.724
;;-11801.381;14100.11
;;-11853.695;14173.965
;;-11878.313;14143.192
;;-11779.84;14195.506
;;-11715.217;14213.97
;;-11690.599;14229.356
;;-11742.913;14260.129
;;-11779.84;14275.516
;;-11752.144;14260.129
;;-11742.913;14232.434
;;-11749.067;14204.738
;;-11687.521;14198.583
;;-11604.435;14192.429
;;-11576.739;14241.665
;;-11650.594;14284.747
;;-11752.144;14290.902
;;-11745.99;14281.67
;;-11733.681;14293.979
;;-11736.758;14284.747
;;-11752.144;14287.825
;;-11727.526;14275.516
;;-11705.985;14315.52
;;-11632.13;14337.061
;;-11619.821;14364.757
;;-11607.512;14389.375
;;-11610.589;14429.38
;;-11622.899;14441.689
;;-11564.43;14453.998
;;-11521.348;14481.693
;;-11518.271;14503.234
;;-11518.271;14518.621
;;-11505.962;14537.085
;;-11496.73;14524.775
;;-11462.88;14543.239
;;-11610.589;14564.78
;;-11555.198;14534.007
;;-11619.821;14589.398
;;-11659.826;14632.48
;;-11644.44;14635.558
;;-11607.512;14629.403
;;-11555.198;14635.558
;;-11505.962;14660.176
;;-11518.271;14700.181
;;-11545.966;14755.572
;;-11558.276;14820.195
;;-11478.266;14881.74
;;-11385.948;14934.054
;;-11315.17;15050.991
;;-11376.716;15106.382
;;-11373.639;15127.923
;;-11293.629;15090.996
;;-11367.484;15084.841
;;-11382.87;15072.532
;;-11342.866;15118.691
;;-11379.793;15032.527
;;-11373.639;15060.223
;;-11382.87;14983.291
;;-11382.87;14961.75
;;-11367.484;14930.977
;;-11309.016;14909.436
;;-11278.243;14930.977
;;-11275.166;14967.904
;;-11269.011;14986.368
;;-11309.016;15020.218
;;-11293.629;15020.218
;;-11290.552;15010.986
;;-11244.393;15014.063
;;-11195.156;14992.522
;;-11185.924;14995.6
;;-11213.62;14986.368
;;-11167.461;14989.445
;;-11145.92;14967.904
;;-11115.147;14924.822
;;-11084.374;14869.431
;;-11068.988;14835.581
;;-11102.838;14820.195
;;-11078.219;14823.272
;;-11105.915;14829.426
;;-11105.915;14838.658
;;-11084.374;14841.736
;;-11075.142;14850.967
;;-11093.606;14890.972
;;-11081.297;14937.131
;;-11090.529;14974.059
;;-11093.606;14998.677
;;-11013.596;14986.368
;;-10933.587;14958.672
;;-10896.66;14958.672
;;-10995.133;14921.745
;;-10918.201;14940.209
;;-11013.596;14890.972
;;-10967.437;14835.581
;;-10930.51;14823.272
;;-10998.21;14847.89
;;-10905.892;14844.813
;;-10887.428;14854.045
;;-10841.269;14838.658
;;-10779.723;14850.967
;;-10736.641;14866.354
;;-10727.409;14881.74
;;-10702.791;14927.9
;;-10724.332;14952.518
;;-10702.791;14934.054
;;-10675.095;14927.9
;;-10592.009;14897.127
;;-10635.091;14890.972
;;-10724.332;14949.441
;;-10555.081;14900.204
;;-10530.463;14900.204
;;-10518.154;14912.513
;;-10515.077;14884.818
;;-10567.39;14801.731
;;-10555.081;14786.345
;;-10561.236;14783.267
;;-10573.545;14789.422
;;-10579.7;14804.808
;;-10579.7;14807.885
;;-10561.236;14826.349
;;-10533.54;14841.736
;;-10502.768;14857.122
;;-10484.304;14850.967
;;-10462.763;14835.581
;;-10401.217;14829.426
;;-10407.372;14838.658
;;-10413.526;14832.504
;;-10404.294;14823.272
;;-10395.063;14835.581
;;-10391.985;14857.122
;;-10404.294;14866.354
;;-10422.758;14869.431
;;-10447.376;14844.813
;;-10453.531;14801.731
;;-10462.763;14774.035
;;-10355.058;14734.031
;;-10459.686;14743.263
;;-10431.99;14727.876
;;-10395.063;14724.799
;;-10315.053;14761.726
;;-10471.995;14749.417
;;-10275.049;14774.035
;;-10271.971;14770.958
;;-10216.58;14700.181
;;-10198.116;14675.562
;;-10253.508;14761.726
;;-10228.889;14740.185
;;-10222.735;14672.485
;;-10195.039;14675.562
;;-10204.271;14681.717
;;-10231.967;14657.099
;;-10250.43;14644.789
;;-10250.43;14644.789
;;-10268.894;14614.017
;;-10275.049;14598.63
;;-10271.971;14570.935
;;-10262.739;14626.326
;;-10247.353;14540.162
;;-10213.503;14521.698
;;-10204.271;14534.007
;;-10167.344;14543.239
;;-10081.18;14444.766
;;-10102.721;14481.693
;;-10139.648;14524.775
;;-10010.402;14386.298
;;-10035.02;14413.993
;;-10007.325;14364.757
;;-10007.325;14352.448
;;-10022.711;14324.752
;;-10044.252;14297.056
;;-10038.098;14321.675
;;-10059.639;14318.597
;;-10115.03;14247.82
;;-10136.571;14180.12
;;-10127.339;14161.656
;;-10115.03;14143.192
;;-10108.875;14155.501
;;-10102.721;14183.197
;;-10047.33;14167.811
;;-9995.016;14189.352
;;-9964.243;14232.434
;;-9939.625;14241.665
;;-9908.852;14158.579
;;-9884.234;14149.347
;;-9841.152;14149.347
;;-9819.611;14143.192
;;-9782.683;14164.733
;;-9776.529;14173.965
;;-9791.915;14204.738
;;-9798.07;14229.356
;;-9807.302;14257.052
;;-9822.688;14247.82
;;-9868.847;14087.801
;;-9930.393;14032.41
;;-10001.17;13995.483
;;-10022.711;13921.628
;;-10025.789;13764.687
;;-10025.789;14004.715
;;-9995.016;14053.951
;;-10053.484;13832.387
;;-10001.17;13798.537
;;-9991.939;13733.914
;;-9884.234;13983.174
;;-9899.62;13943.169
;;-9902.697;14041.642
;;-9853.461;14090.879
;;-9813.456;14121.651
;;-9668.824;14109.342
;;-9739.601;14109.342
;;-9650.36;14161.656
;;-9696.519;14158.579
;;-9730.369;14063.183
;;-9785.761;14007.792
;;-9908.852;13949.324
;;-9927.316;13930.86
;;-9976.552;13933.937
;;-10010.402;13940.092
;;-9991.939;13924.705
;;-9948.857;13903.164
;;-9911.929;13881.623
;;-9871.924;13801.614
;;-9798.07;13807.768
;;-9804.224;13783.15
;;-9773.451;13813.923
;;-9748.833;13813.923
;;-9751.91;13792.382
;;-9733.447;13780.073
;;-9708.828;13595.436
;;-9721.138;13487.731
;;-9733.447;13493.886
;;-9758.065;13512.349
;;-9788.838;13592.359
;;-9788.838;13638.518
;;-9801.147;13653.904
;;-9813.456;13650.827
;;-9828.843;13561.586
;;-9828.843;13401.567
;;-9798.07;13324.635
;;-9779.606;13232.317
;;-9708.828;13244.626
;;-9671.901;13416.954
;;-9696.519;13376.949
;;-9702.674;13315.403
;;-9656.515;13475.422
;;-9665.747;13543.122
;;-9681.133;13536.968
;;-9684.21;13484.654
;;-9674.978;13503.117
;;-9684.21;13518.504
;;-9739.601;13432.34
;;-9776.529;13481.576
;;-9788.838;13506.195
;;-9807.302;13595.436
;;-9819.611;13623.132
;;-9831.92;13626.209
;;-9816.533;13700.064
;;-9794.992;13804.691
;;-9807.302;13792.382
;;-9804.224;13795.459
;;-9794.992;13746.223
;;-9785.761;13767.764
;;-9767.297;13758.532
;;-9761.142;13727.759
;;-9758.065;13733.914
;;-9742.679;13761.609
;;-9718.06;13795.459
;;-9751.91;13826.232
;;-9779.606;13866.237
;;-9828.843;13817
;;-9856.538;13786.228
;;-9875.002;13755.455
;;-9881.156;13740.068
;;-9896.543;13712.373
;;-9890.388;13703.141
;;-9881.156;13709.295
;;-9838.074;13746.223
;;-9871.924;13721.605
;;-9816.533;13773.918
;;-9810.379;13770.841
;;-9804.224;13776.996
;;-9807.302;13804.691
;;-9810.379;13804.691
;;-9810.379;13801.614
;;-9801.147;13801.614
;;-9807.302;13804.691
;;-9847.306;13770.841
;;-9896.543;13733.914
;;-9810.379;13801.614
;;-9871.924;13755.455
;;-9902.697;13730.836
;;-9908.852;13684.677
;;-9915.006;13678.523
;;-9896.543;13678.523
;;-9884.234;13672.368
;;-9844.229;13703.141
;;-9899.62;13693.909
;;-9828.843;13706.218
;;-9810.379;13703.141
;;-9831.92;13712.373
;;-9819.611;13709.295
;;-9834.997;13718.527
;;-9841.152;13706.218
;;-9831.92;13693.909
;;-9844.229;13675.445
;;-9896.543;13684.677
;;-9948.857;13681.6
;;-9985.784;13696.986
;;-10016.557;13684.677
;;-10028.866;13687.754
;;-10050.407;13721.605
;;-10065.793;13730.836
;;-10062.716;13641.595
;;-10047.33;13632.363
;;-10044.252;13700.064
;;-10028.866;13749.3
;;-10035.02;13817
;;-10031.943;13736.991
;;-10056.561;13887.778
;;-10075.025;13850.85
;;-10096.566;13807.768
;;-10111.953;13798.537
;;-10179.653;13767.764
;;-10118.107;13773.918
;;-10213.503;13752.377
;;-10256.585;13733.914
;;-10244.276;13736.991
;;-10281.203;13724.682
;;-10296.59;13727.759
;;-10321.208;13740.068
;;-10311.976;13752.377
;;-10296.59;13767.764
;;-10278.126;13795.459
;;-10281.203;13804.691
;;-10278.126;13810.846
;;-10278.126;13820.078
;;-10275.049;13823.155
;;-10278.126;13829.309
;;-10281.203;13835.464
;;-10290.435;13826.232
;;-10299.667;13826.232
;;-10315.053;13826.232
;;-10339.672;13783.15
;;-10358.135;13767.764
;;-10385.831;13736.991
;;-10395.063;13718.527
;;-10410.449;13712.373
;;-10425.835;13740.068
;;-10425.835;13780.073
;;-10401.217;13881.623
;;-10391.985;13903.164
;;-10367.367;13915.473
;;-10358.135;13952.401
;;-10348.903;13977.019
;;-10342.749;13970.864
;;-10364.29;13992.405
;;-10370.444;13998.56
;;-10370.444;14001.637
;;-10382.753;13986.251
;;-10407.372;13973.942
;;-10428.913;13986.251
;;-10459.686;14023.178
;;-10481.227;14038.565
;;-10450.454;14001.637
;;-10505.845;14066.26
;;-10524.308;14118.574
;;-10533.54;14155.501
;;-10539.695;14140.115
;;-10515.077;14143.192
;;-10527.386;14118.574
;;-10511.999;14158.579
;;-10499.69;14198.583
;;-10484.304;14210.893
;;-10468.917;14223.202
;;-10444.299;14247.82
;;-10444.299;14281.67
;;-10444.299;14293.979
;;-10428.913;14269.361
;;-10422.758;14269.361
;;-10431.99;14263.206
;;-10441.222;14260.129
;;-10447.376;14235.511
;;-10462.763;14195.506
;;-10505.845;14173.965
;;-10490.458;14183.197
;;-10505.845;14167.811
;;-10508.922;14158.579
;;-10496.613;14146.27
;;-10468.917;14186.274
;;-10465.84;14198.583
;;-10450.454;14198.583
;;-10413.526;14186.274
;;-10391.985;14192.429
;;-10370.444;14198.583
;;-10379.676;14198.583
;;-10367.367;14198.583
;;-10358.135;14192.429
;;-10351.981;14170.888
;;-10348.903;14155.501
;;-10373.522;14161.656
;;-10358.135;14155.501
;;-10385.831;14161.656
;;-10410.449;14121.651
;;-10444.299;14164.733
;;-10465.84;14140.115
;;-10471.995;14121.651
;;-10471.995;14149.347
;;-10465.84;14158.579
;;-10435.067;14198.583
;;-10471.995;14121.651
;;-10410.449;14260.129
;;-10395.063;14257.052
;;-10382.753;14241.665
;;-10367.367;14235.511
;;-10367.367;14244.743
;;-10370.444;14250.897
;;-10370.444;14253.975
;;-10382.753;14235.511
;;-10364.29;14250.897
;;-10376.599;14257.052
;;-10367.367;14250.897
;;-10398.14;14253.975
;;-10407.372;14247.82
;;-10419.681;14244.743
;;-10422.758;14247.82
;;-10413.526;14250.897
;;-10428.913;14235.511
;;-10404.294;14260.129
;;-10382.753;14281.67
;;-10361.212;14303.211
;;-10327.362;14321.675
;;-10315.053;14349.37
;;-10299.667;14370.911
;;-10290.435;14380.143
;;-10278.126;14389.375
;;-10268.894;14404.761
;;-10271.971;14435.534
;;-10293.512;14417.071
;;-10299.667;14395.53
;;-10299.667;14395.53
;;-10324.285;14398.607
;;-10351.981;14398.607
;;-10391.985;14407.839
;;-10425.835;14404.761
;;-10447.376;14457.075
;;-10441.222;14410.916
;;-10444.299;14444.766
;;-10428.913;14420.148
;;-10401.217;14432.457
;;-10382.753;14447.843
;;-10413.526;14417.071
;;-10382.753;14457.075
;;-10401.217;14453.998
;;-10395.063;14450.921
;;-10395.063;14463.23
;;-10410.449;14472.462
;;-10422.758;14463.23
;;-10441.222;14453.998
;;-10465.84;14447.843
;;-10490.458;14444.766
;;-10533.54;14432.457
;;-10564.313;14420.148
;;-10579.7;14417.071
;;-10595.086;14417.071
;;-10598.163;14417.071
;;-10598.163;14417.071
;;-10588.931;14423.225
;;-10579.7;14417.071
;;-10561.236;14417.071
;;-10536.618;14410.916
;;-10515.077;14389.375
;;-10518.154;14367.834
;;-10521.231;14361.679
;;-10521.231;14364.757
;;-10545.849;14367.834
;;-10588.931;14343.216
;;-10635.091;14306.288
;;-10656.632;14272.438
;;-10678.173;14241.665
;;-10718.177;14198.583
;;-10761.259;14155.501
;;-10798.187;14118.574
;;-10838.191;14060.106
;;-10828.96;14081.647
;;-10853.578;14044.719
;;-10865.887;14038.565
;;-10859.732;14029.333
;;-10844.346;14029.333
;;-10807.419;14029.333
;;-10807.419;14038.565
;;-10810.496;14044.719
;;-10822.805;14029.333
;;-10807.419;14029.333
;;-10813.573;14047.797
;;-10838.191;14053.951
;;-10868.964;14050.874
;;-10899.737;14041.642
;;-10921.278;14032.41
;;-10933.587;14026.256
;;-10958.205;14013.946
;;-10988.978;14004.715
;;-11028.983;14001.637
;;-11047.447;14001.637
;;-11072.065;13998.56
;;-11075.142;14001.637
;;-11068.988;14004.715
;;-11062.833;14010.869
;;-11078.219;14001.637
;;-11056.678;14020.101
;;-11059.756;14017.024
;;-11072.065;14017.024
;;-11084.374;14017.024
;;-11087.451;14026.256
;;-11127.456;14010.869
;;-11161.306;14017.024
;;-11173.615;14020.101
;;-11204.388;14026.256
;;-11219.774;14017.024
;;-11253.625;14004.715
;;-11349.02;13977.019
;;-11398.257;13983.174
;;-11432.107;13977.019
;;-11456.725;13983.174
;;-11309.016;13980.096
;;-11450.571;14007.792
;;-11416.721;13980.096
;;-11422.875;14044.719
;;-11441.339;14072.415
;;-11450.571;14032.41
;;-11459.803;14084.724
;;-11453.648;14087.801
;;-11502.884;14041.642
;;-11530.58;14041.642
;;-11429.03;14035.487
;;-11542.889;14032.41
;;-11589.048;14029.333
;;-11610.589;14041.642
;;-11650.594;14057.028
;;-11493.653;14063.183
;;-11693.676;14078.569
;;-11770.608;14050.874
;;-11730.603;14078.569
;;-11773.685;14026.256
;;-11745.99;13924.705
;;-11770.608;13961.633
;;-11721.372;14020.101
;;-11745.99;14035.487
;;-11727.526;13940.092
;;-11767.531;13983.174
;;-11758.299;14023.178
;;-11776.763;13973.942
;;-11782.917;14001.637
;;-11801.381;13989.328
;;-11798.304;13983.174
;;-11795.226;13967.787
;;-11856.772;13989.328
;;-11829.077;14004.715
;;-11862.927;13964.71
;;-11930.627;13952.401
;;-11884.468;13943.169
;;-11949.091;13977.019
;;-11936.781;13998.56
;;-11921.395;14010.869
;;-11838.308;14041.642
;;-11841.386;14038.565
;;-11838.308;14017.024
;;-11798.304;13967.787
;;-11755.222;13930.86
;;-11875.236;14010.869
;;-11813.69;13998.56
;;-11721.372;13986.251
;;-11736.758;13921.628
;;-11770.608;14004.715
;;-11724.449;13918.551
;;-11712.14;13890.855
;;-11702.908;13869.314
;;-11721.372;13853.928
;;-11736.758;13853.928
;;-11715.217;13789.305
;;-11712.14;13783.15
;;-11730.603;13918.551
;;-11684.444;13767.764
;;-11641.362;13767.764
;;-11619.821;13783.15
;;-11598.28;13798.537
;;-11589.048;13813.923
;;-11589.048;13813.923
;;-11570.585;13795.459
;;-11570.585;13755.455
;;-11542.889;13743.146
;;-11527.503;13733.914
;;-11490.575;13736.991
;;-11493.653;13724.682
;;-11509.039;13700.064
;;-11484.421;13718.527
;;-11570.585;13669.291
;;-11549.044;13681.6
;;-11616.744;13613.9
;;-11416.721;13604.668
;;-11736.758;13829.309
;;-11352.098;13616.977
;;-11339.788;13613.9
;;-11604.435;13629.286
;;-11382.87;13610.822
;;-11715.217;13783.15
;;-11567.507;13810.846
;;-11330.557;13607.745
;;-11324.402;13604.668
;;-11339.788;13607.745
;;-11318.248;13610.822
;;-11281.32;13607.745
;;-11238.238;13601.591
;;-11207.465;13604.668
;;-11213.62;13592.359
;;-11259.779;13564.663
;;-11244.393;13540.045
;;-11207.465;13490.808
;;-11204.388;13484.654
;;-11201.311;13453.881
;;-11179.77;13447.726
;;-11127.456;13426.185
;;-11072.065;13432.34
;;-11056.678;13484.654
;;-11072.065;13527.736
;;-11047.447;13573.895
;;-11035.137;13635.441
;;-11032.06;13632.363
;;-11035.137;13641.595
;;-11059.756;13623.132
;;-11075.142;13552.354
;;-11081.297;13460.036
;;-11084.374;13435.417
;;-11108.992;13413.876
;;-11139.765;13398.49
;;-11167.461;13386.181
;;-11195.156;13355.408
;;-11201.311;13343.099
;;-11204.388;13336.944
;;-11195.156;13315.403
;;-11179.77;13312.326
;;-11189.002;13315.403
;;-11167.461;13306.171
;;-11139.765;13300.017
;;-11145.92;13303.094
;;-11142.842;13300.017
;;-11155.152;13293.862
;;-11158.229;13296.94
;;-11167.461;13287.708
;;-11189.002;13284.63
;;-11216.697;13266.167
;;-11244.393;13253.858
;;-11253.625;13232.317
;;-11275.166;13223.085
;;-11296.707;13220.007
;;-11336.711;13201.544
;;-11361.329;13183.08
;;-11425.952;13198.466
;;-11422.875;13201.544
;;-11422.875;13207.698
;;-11410.566;13213.853
;;-11401.334;13226.162
;;-11413.643;13238.471
;;-11425.952;13269.244
;;-11410.566;13296.94
;;-11395.18;13324.635
;;-11361.329;13355.408
;;-11342.866;13380.026
;;-11339.788;13389.258
;;-11345.943;13389.258
;;-11373.639;13395.413
;;-11385.948;13407.722
;;-11376.716;13395.413
;;-11370.561;13367.717
;;-11367.484;13330.79
;;-11321.325;13278.476
;;-11312.093;13281.553
;;-11281.32;13303.094
;;-11269.011;13330.79
;;-11216.697;13330.79
;;-11158.229;13333.867
;;-11118.224;13343.099
;;-11087.451;13380.026
;;-11078.219;13450.804
;;-11032.06;13450.804
;;-11022.828;13444.649
;;-11013.596;13426.185
;;-11019.751;13410.799
;;-11032.06;13438.495
;;-11035.137;13432.34
;;-11053.601;13383.103
;;-11059.756;13352.331
;;-11078.219;13300.017
;;-11081.297;13161.539
;;-11078.219;13096.916
;;-11078.219;13075.375
;;-11068.988;13096.916
;;-11084.374;13155.384
;;-11078.219;13189.235
;;-11053.601;13232.317
;;-11078.219;13250.78
;;-11115.147;13263.089
;;-11164.383;13309.249
;;-11170.538;13407.722
;;-11155.152;13398.49
;;-11189.002;13364.64
;;-11155.152;13432.34
;;-11158.229;13460.036
;;-11170.538;13469.267
;;-11164.383;13469.267
;;-11164.383;13447.726
;;-11176.692;13472.345
;;-11195.156;13518.504
;;-11179.77;13546.199
;;-11148.997;13595.436
;;-11170.538;13629.286
;;-11115.147;13687.754
;;-11081.297;13561.586
;;-11041.292;13743.146
;;-10979.746;13801.614
;;-10976.669;13801.614
;;-10976.669;13810.846
;;-10976.669;13829.309
;;-10985.901;13847.773
;;-10995.133;13863.16
;;-11022.828;13835.464
;;-11035.137;13786.228
;;-11032.06;13730.836
;;-11007.442;13696.986
;;-10961.283;13687.754
;;-11019.751;13696.986
;;-10930.51;13684.677
;;-10915.123;13690.832
;;-10902.814;13693.909
;;-10844.346;13700.064
;;-10792.032;13712.373
;;-10764.337;13715.45
;;-10770.491;13740.068
;;-10773.568;13773.918
;;-10779.723;13792.382
;;-10767.414;13817
;;-10770.491;13804.691
;;-10779.723;13835.464
;;-10767.414;13835.464
;;-10764.337;13838.541
;;-10773.568;13841.619
;;-10773.568;13823.155
;;-10816.65;13764.687
;;-10785.878;13795.459
;;-10832.037;13758.532
;;-10875.119;13752.377
;;-10878.196;13755.455
;;-10881.273;13764.687
;;-10868.964;13780.073
;;-10856.655;13795.459
;;-10832.037;13786.228
;;-10801.264;13746.223
;;-10810.496;13712.373
;;-10795.109;13678.523
;;-10798.187;13669.291
;;-10813.573;13761.609
;;-10813.573;13684.677
;;-10795.109;13653.904
;;-10813.573;13684.677
;;-10832.037;13672.368
;;-10844.346;13653.904
;;-10859.732;13632.363
;;-10868.964;13607.745
;;-10878.196;13589.281
;;-10875.119;13580.05
;;-10875.119;13570.818
;;-10872.041;13580.05
;;-10813.573;13703.141
;;-10862.81;13589.281
;;-10838.191;13592.359
;;-10822.805;13598.513
;;-10841.269;13589.281
;;-10862.81;13752.377
;;-10825.882;13601.591
;;-10819.728;13595.436
;;-10816.65;13592.359
;;-10807.419;13589.281
;;-10828.96;13595.436
;;-10825.882;13607.745
;;-10819.728;13586.204
;;-10819.728;13576.972
;;-10822.805;13589.281
;;-10853.578;13586.204
;;-10887.428;13583.127
;;-10890.505;13564.663
;;-10887.428;13512.349
;;-10862.81;13447.726
;;-10844.346;13438.495
;;-10850.5;13429.263
;;-10850.5;13475.422
;;-10868.964;13500.04
;;-10828.96;13527.736
;;-10838.191;13512.349
;;-10816.65;13533.89
;;-10807.419;13543.122
;;-10810.496;13540.045
;;-10816.65;13546.199
;;-10822.805;13543.122
;;-10822.805;13530.813
;;-10859.732;13490.808
;;-10865.887;13481.576
;;-10952.051;13444.649
;;-10930.51;13435.417
;;-10859.732;13506.195
;;-10893.582;13444.649
;;-10933.587;13460.036
;;-10872.041;13475.422
;;-10936.664;13463.113
;;-10964.36;13453.881
;;-10921.278;13496.963
;;-10915.123;13493.886
;;-10924.355;13503.117
;;-10921.278;13487.731
;;-10927.433;13509.272
;;-10936.664;13515.427
;;-10952.051;13506.195
;;-10945.896;13503.117
;;-10948.974;13490.808
;;-10964.36;13487.731
;;-10976.669;13484.654
;;-10976.669;13472.345
;;-10964.36;13460.036
;;-10976.669;13469.267
;;-11001.287;13478.499
;;-11001.287;13478.499
;;-10988.978;13487.731
;;-10979.746;13490.808
;;-10893.582;13478.499
;;-10930.51;13463.113
;;-10952.051;13478.499
;;-10881.273;13506.195
;;-10884.351;13493.886
;;-10847.423;13506.195
;;-10825.882;13540.045
;;-10838.191;13583.127
;;-10847.423;13586.204
;;-10841.269;13583.127
;;-10841.269;13598.513
;;-10841.269;13598.513
;;-10835.114;13592.359
;;-10838.191;13589.281
;;-10847.423;13583.127
;;-10847.423;13576.972
;;-10847.423;13573.895
;;-10850.5;13580.05
;;-10853.578;13573.895
;;-10841.269;13586.204
;;-10835.114;13595.436
;;-10816.65;13626.209
;;-10810.496;13635.441
;;-10785.878;13656.982
;;-10773.568;13666.213
;;-10767.414;13656.982
;;-10776.646;13672.368
;;-10785.878;13684.677
;;-10779.723;13660.059
;;-10773.568;13635.441
;;-10764.337;13604.668
;;-10752.027;13607.745
;;-10755.105;13650.827
;;-10767.414;13638.518
;;-10770.491;13632.363
;;-10776.646;13616.977
;;-10779.723;13629.286
;;-10776.646;13626.209
;;-10773.568;13638.518
;;-10764.337;13641.595
;;-10752.027;13672.368
;;-10745.873;13687.754
;;-10724.332;13736.991
;;-10733.564;13715.45
;;-10721.255;13752.377
;;-10712.023;13773.918
;;-10712.023;13807.768
;;-10708.945;13826.232
;;-10715.1;13826.232
;;-10712.023;13838.541
;;-10705.868;13857.005
;;-10705.868;13863.16
;;-10721.255;13847.773
;;-10721.255;13820.078
;;-10708.945;13866.237
;;-10724.332;13807.768
;;-10712.023;13783.15
;;-10696.636;13789.305
;;-10690.482;13823.155
;;-10693.559;13826.232
;;-10696.636;13829.309
;;-10668.941;13826.232
;;-10665.864;13817
;;-10672.018;13823.155
;;-10650.477;13817
;;-10727.409;13795.459
;;-10647.4;13817
;;-10665.864;13829.309
;;-10672.018;13847.773
;;-10668.941;13844.696
;;-10665.864;13850.85
;;-10665.864;13844.696
;;-10665.864;13835.464
;;-10662.786;13832.387
;;-10665.864;13823.155
;;-10672.018;13820.078
;;-10672.018;13813.923
;;-10665.864;13817
;;-10653.554;13820.078
;;-10650.477;13823.155
;;-10638.168;13835.464
;;-10619.704;13847.773
;;-10610.472;13853.928
;;-10604.318;13853.928
;;-10598.163;13853.928
;;-10598.163;13857.005
;;-10601.241;13844.696
;;-10607.395;13829.309
;;-10610.472;13804.691
;;-10610.472;13789.305
;;-10610.472;13795.459
;;-10601.241;13798.537
;;-10604.318;13789.305
;;-10622.782;13773.918
;;-10622.782;13752.377
;;-10619.704;13733.914
;;-10619.704;13718.527
;;-10610.472;13709.295
;;-10607.395;13709.295
;;-10595.086;13703.141
;;-10582.777;13700.064
;;-10564.313;13669.291
;;-10570.468;13684.677
;;-10555.081;13635.441
;;-10552.004;13589.281
;;-10536.618;13540.045
;;-10518.154;13543.122
;;-10511.999;13561.586
;;-10515.077;13481.576
;;-10533.54;13555.431
;;-10552.004;13543.122
;;-10567.39;13518.504
;;-10558.159;13493.886
;;-10548.927;13460.036
;;-10545.849;13416.954
;;-10539.695;13398.49
;;-10533.54;13392.335
;;-10542.772;13380.026
;;-10536.618;13373.872
;;-10515.077;13358.485
;;-10499.69;13376.949
;;-10496.613;13373.872
;;-10490.458;13358.485
;;-10490.458;13355.408
;;-10468.917;13389.258
;;-10462.763;13398.49
;;-10465.84;13395.413
;;-10475.072;13401.567
;;-10468.917;13386.181
;;-10465.84;13373.872
;;-10465.84;13367.717
;;-10475.072;13367.717
;;-10465.84;13352.331
;;-10471.995;13333.867
;;-10481.227;13333.867
;;-10478.149;13330.79
;;-10456.608;13321.558
;;-10447.376;13324.635
;;-10431.99;13330.79
;;-10422.758;13343.099
;;-10413.526;13346.176
;;-10398.14;13349.253
;;-10388.908;13340.021
;;-10385.831;13333.867
;;-10382.753;13330.79
;;-10382.753;13330.79
;;-10373.522;13324.635
;;-10367.367;13330.79
;;-10364.29;13340.021
;;-10358.135;13346.176
;;-10358.135;13361.562
;;-10358.135;13389.258
;;-10351.981;13404.644
;;-10348.903;13395.413
;;-10351.981;13398.49
;;-10342.749;13401.567
;;-10342.749;13392.335
;;-10336.594;13398.49
;;-10321.208;13416.954
;;-10315.053;13420.031
;;-10299.667;13438.495
;;-10284.28;13475.422
;;-10284.28;13496.963
;;-10287.358;13472.345
;;-10290.435;13438.495
;;-10271.971;13407.722
;;-10278.126;13420.031
;;-10290.435;13404.644
;;-10278.126;13420.031
;;-10330.44;13413.876
;;-10290.435;13383.103
;;-10256.585;13401.567
;;-10247.353;13398.49
;;-10271.971;13392.335
;;-10213.503;13392.335
;;-10238.121;13401.567
;;-10222.735;13398.49
;;-10219.657;13389.258
;;-10219.657;13389.258
;;-10210.426;13336.944
;;-10216.58;13370.794
;;-10278.126;13370.794
;;-10213.503;13327.712
;;-10284.28;13392.335
;;-10290.435;13380.026
;;-10216.58;13315.403
;;-10222.735;13293.862
;;-10231.967;13266.167
;;-10244.276;13253.858
;;-10253.508;13247.703
;;-10265.817;13238.471
;;-10268.894;13229.239
;;-10271.971;13186.157
;;-10271.971;13164.616
;;-10253.508;13063.066
;;-10231.967;13004.598
;;-10225.812;12906.125
;;-10225.812;12838.424
;;-10207.348;12915.356
;;-10238.121;12943.052
;;-10250.43;12946.129
;;-10216.58;12878.429
;;-10275.049;12927.666
;;-10333.517;12856.888
;;-10373.522;12761.492
;;-10373.522;12669.174
;;-10382.753;12706.101
;;-10361.212;12693.792
;;-10299.667;12903.047
;;-10259.662;13124.612
;;-10361.212;12724.565
;;-10355.058;12755.338
;;-10351.981;12749.183
;;-10348.903;12746.106
;;-10339.672;12736.874
;;-10339.672;12724.565
;;-10324.285;12715.333
;;-10271.971;12703.024
;;-10204.271;12684.56
;;-10164.266;12659.942
;;-10173.498;12641.478
;;-10222.735;12623.015
;;-10241.198;12613.783
;;-10293.512;12586.087
;;-10348.903;12543.005
;;-10401.217;12521.464
;;-10453.531;12493.769
;;-10499.69;12462.996
;;-10533.54;12419.914
;;-10521.231;12376.832
;;-10490.458;12401.45
;;-10468.917;12438.378
;;-10453.531;12496.846
;;-10422.758;12552.237
;;-10410.449;12567.623
;;-10407.372;12601.474
;;-10410.449;12672.251
;;-10407.372;12706.101
;;-10355.058;12712.256
;;-10318.131;12743.029
;;-10321.208;12764.57
;;-10305.821;12819.961
;;-10244.276;12826.115
;;-10275.049;12804.574
;;-10315.053;12779.956
;;-10416.604;12733.797
;;-10367.367;12761.492
;;-10484.304;12675.328
;;-10511.999;12616.86
;;-10502.768;12647.633
;;-10518.154;12619.937
;;-10487.381;12684.56
;;-10459.686;12693.792
;;-10431.99;12712.256
;;-10398.14;12727.642
;;-10376.599;12746.106
;;-10376.599;12749.183
;;-10364.29;12724.565
;;-10302.744;12721.488
;;-10379.676;12736.874
;;-10271.971;12724.565
;;-10256.585;12696.869
;;-10228.889;12681.483
;;-10164.266;12650.71
;;-10176.576;12619.937
;;-10250.43;12564.546
;;-10284.28;12546.082
;;-10210.426;12595.319
;;-10345.826;12576.855
;;-10407.372;12592.242
;;-10422.758;12613.783
;;-10419.681;12623.015
;;-10391.985;12650.71
;;-10391.985;12675.328
;;-10385.831;12687.637
;;-10351.981;12684.56
;;-10278.126;12699.947
;;-10228.889;12727.642
;;-10195.039;12733.797
;;-10198.116;12736.874
;;-10170.421;12746.106
;;-10204.271;12736.874
;;-10213.503;12718.41
;;-10265.817;12706.101
;;-10311.976;12687.637
;;-10351.981;12666.096
;;-10398.14;12669.174
;;-10431.99;12663.019
;;-10444.299;12687.637
;;-10453.531;12776.879
;;-10447.376;12792.265
;;-10376.599;12810.729
;;-10305.821;12823.038
;;-10244.276;12853.811
;;-10207.348;12872.274
;;-10133.494;12884.584
;;-10047.33;12893.815
;;-9871.924;12915.356
;;-9859.615;12939.975
;;-9865.77;12943.052
;;-9936.547;12906.125
;;-10013.48;12866.12
;;-10087.334;12807.652
;;-10201.194;12783.033
;;-10290.435;12746.106
;;-10333.517;12690.715
;;-10404.294;12656.865
;;-10471.995;12733.797
;;-10425.835;12795.342
;;-10407.372;12816.883
;;-10336.594;12847.656
;;-10268.894;12859.965
;;-10250.43;12856.888
;;-10191.962;12829.192
;;-10173.498;12816.883
;;-10201.194;12801.497
;;-10213.503;12807.652
;;-10148.88;12801.497
;;-10179.653;12798.42
;;-10225.812;12826.115
;;-10299.667;12832.27
;;-10379.676;12838.424
;;-10521.231;12878.429
;;-10450.454;12856.888
;;-10478.149;12943.052
;;-10398.14;12958.438
;;-10318.131;12989.211
;;-10351.981;12970.748
;;-10558.159;12899.97
;;-10284.28;13007.675
;;-10287.358;13066.143
;;-10259.662;13143.075
;;-10231.967;13183.08
;;-10238.121;13173.848
;;-10259.662;13152.307
;;-10315.053;13149.23
;;-10275.049;13161.539
;;-10358.135;13180.003
;;-10305.821;13059.989
;;-10404.294;13139.998
;;-10302.744;13050.757
;;-10308.899;13173.848
;;-10268.894;12939.975
;;-10244.276;12943.052
;;-10158.112;12921.511
;;-10155.035;12921.511
;;-10293.512;12992.288
;;-10324.285;12918.434
;;-10198.116;12943.052
;;-10259.662;12986.134
;;-10336.594;13056.911
;;-10370.444;13084.607
;;-10542.772;13087.684
;;-10548.927;13041.525
;;-10527.386;13016.907
;;-10552.004;12989.211
;;-10552.004;12973.825
;;-10533.54;13010.752
;;-10579.7;13053.834
;;-10552.004;13041.525
;;-10478.149;12906.125
;;-10475.072;12823.038
;;-10542.772;12973.825
;;-10478.149;12795.342
;;-10324.285;12773.801
;;-10345.826;12733.797
;;-10324.285;12813.806
;;-10355.058;12890.738
;;-10385.831;12964.593
;;-10410.449;12995.366
;;-10435.067;13053.834
;;-10521.231;13130.766
;;-10576.622;13164.616
;;-10499.69;13155.384
;;-10548.927;13170.771
;;-10459.686;13035.37
;;-10342.749;12856.888
;;-10287.358;12838.424
;;-10305.821;12770.724
;;-10321.208;12961.516
;;-10382.753;13007.675
;;-10438.145;13041.525
;;-10355.058;13004.598
;;-10441.222;13072.298
;;-10410.449;13026.139
;;-10447.376;13084.607
;;-10431.99;13103.071
;;-10367.367;13096.916
;;-10281.203;13090.762
;;-10404.294;13130.766
;;-10241.198;13158.462
;;-10262.739;13121.534
;;-10281.203;13127.689
;;-10324.285;13032.293
;;-10459.686;13136.921
;;-10502.768;13118.457
;;-10388.908;13066.143
;;-10484.304;13069.221
;;-10438.145;13050.757
;;-10367.367;13084.607
;;-10376.599;13066.143
;;-10373.522;13041.525
;;-10435.067;13053.834
;;-10367.367;13013.829
;;-10367.367;13081.53
;;-10376.599;13013.829
;;-10407.372;13047.68
;;-10376.599;13087.684
;;-10345.826;13106.148
;;-10351.981;13139.998
;;-10339.672;13115.38
;;-10275.049;13176.925
;;-10250.43;13152.307
;;-10256.585;13136.921
;;-10287.358;13183.08
;;-10318.131;13201.544
;;-10290.435;13136.921
;;-10351.981;13213.853
;;-10385.831;13250.78
;;-10444.299;13303.094
;;-10438.145;13343.099
;;-10428.913;13275.399
;;-10431.99;13361.562
;;-10395.063;13395.413
;;-10327.362;13398.49
;;-10311.976;13429.263
;;-10278.126;13472.345
;;-10275.049;13493.886
;;-10167.344;13524.658
;;-10121.184;13567.74
;;-10133.494;13570.818
;;-10179.653;13580.05
;;-10241.198;13592.359
;;-10305.821;13607.745
;;-10398.14;13687.754
;;-10404.294;13700.064
;;-10351.981;13632.363
;;-10376.599;13650.827
;;-10355.058;13700.064
;;-10287.358;13715.45
;;-10050.407;13770.841
;;-10028.866;13804.691
;;-10062.716;13820.078
;;-10130.416;13817
;;-10201.194;13826.232
;;-10238.121;13832.387
;;-10333.517;13835.464
;;-10388.908;13823.155
;;-10487.381;13813.923
;;-10515.077;13810.846
;;-10545.849;13813.923
;;-10484.304;13801.614
;;-10308.899;13832.387
;;-10216.58;13869.314
;;-10204.271;13875.469
;;-10231.967;13875.469
;;-10173.498;13878.546
;;-10111.953;13878.546
;;-10195.039;13863.16
;;-10278.126;13872.391
;;-10330.44;13847.773
;;-10361.212;13832.387
;;-10364.29;13844.696
;;-10342.749;13835.464
;;-10364.29;13860.082
;;-10351.981;13890.855
;;-10348.903;13927.783
;;-10395.063;13946.246
;;-10370.444;13949.324
;;-10355.058;13973.942
;;-10342.749;13992.405
;;-10315.053;14017.024
;;-10296.59;14029.333
;;-10345.826;14013.946
;;-10333.517;13998.56
;;-10238.121;13992.405
;;-10471.995;13970.864
;;-10431.99;13967.787
;;-10496.613;13989.328
;;-10281.203;14007.792
;;-10459.686;13970.864
;;-10395.063;13946.246
;;-10388.908;13940.092
;;-10404.294;13943.169
;;-10419.681;13949.324
;;-10336.594;13964.71
;;-10358.135;13977.019
;;-10281.203;13995.483
;;-10355.058;13924.705
;;-10407.372;13955.478
;;-10185.807;13881.623
;;-10201.194;13887.778
;;-10281.203;13897.01
;;-10355.058;13875.469
;;-10299.667;13893.932
;;-10268.894;13884.701
;;-10361.212;13980.096
;;-10395.063;13853.928
;;-10422.758;13835.464
;;-10370.444;13844.696
;;-10231.967;13872.391
;;-10133.494;13918.551
;;-10139.648;13955.478
;;-10216.58;13967.787
;;-10238.121;13973.942
;;-10293.512;13992.405
;;-10281.203;13980.096
;;-10315.053;13992.405
;;-10293.512;13973.942
;;-10271.971;13964.71
;;-10256.585;13977.019
;;-10256.585;14013.946
;;-10185.807;14020.101
;;-10284.28;13995.483
;;-10176.576;13980.096
;;-10075.025;13900.087
;;-9936.547;13804.691
;;-9847.306;13780.073
;;-9905.775;13792.382
;;-10044.252;13792.382
;;-10219.657;13776.996
;;-10385.831;13770.841
;;-10518.154;13761.609
;;-10573.545;13752.377
;;-10727.409;13727.759
;;-10687.404;13706.218
;;-10515.077;13684.677
;;-10499.69;13712.373
;;-10508.922;13780.073
;;-10422.758;13841.619
;;-10339.672;13829.309
;;-10311.976;13820.078
;;-10265.817;13813.923
;;-10336.594;13770.841
;;-10315.053;13709.295
;;-10299.667;13696.986
;;-10324.285;13675.445
;;-10308.899;13663.136
;;-10348.903;13700.064
;;-10407.372;13727.759
;;-10444.299;13736.991
;;-10496.613;13736.991
;;-10518.154;13727.759
;;-10579.7;13727.759
;;-10705.868;13733.914
;;-10705.868;13740.068
;;-10675.095;13761.609
;;-10699.714;13764.687
;;-10742.796;13764.687
;;-10721.255;13752.377
;;-10638.168;13764.687
;;-10564.313;13770.841
;;-10518.154;13783.15
;;-10555.081;13798.537
;;-10592.009;13835.464
;;-10678.173;13850.85
;;-10727.409;13835.464
;;-10764.337;13829.309
;;-10724.332;13838.541
;;-10721.255;13897.01
;;-10730.486;13955.478
;;-10690.482;14004.715
;;-10656.632;14032.41
;;-10678.173;14026.256
;;-10702.791;14013.946
;;-10730.486;13998.56
;;-10742.796;13986.251
;;-10764.337;13961.633
;;-10782.8;13933.937
;;-10767.414;13918.551
;;-10773.568;13912.396
;;-10730.486;13893.932
;;-10708.945;13857.005
;;-10699.714;13807.768
;;-10764.337;13807.768
;;-10832.037;13820.078
;;-10918.201;13829.309
;;-10995.133;13829.309
;;-11028.983;13826.232
;;-11068.988;13823.155
;;-11072.065;13820.078
;;-11044.369;13869.314
;;-11035.137;13878.546
;;-11062.833;13841.619
;;-11032.06;13881.623
;;-11062.833;13903.164
;;-11062.833;13909.319
;;-11062.833;13890.855
;;-11004.365;13847.773
;;-10942.819;13807.768
;;-10912.046;13743.146
;;-10918.201;13721.605
;;-10970.515;13767.764
;;-11102.838;13755.455
;;-11164.383;13743.146
;;-11222.852;13749.3
;;-11265.934;13755.455
;;-11299.784;13736.991
;;-11339.788;13770.841
;;-11302.861;13792.382
;;-11265.934;13801.614
;;-11201.311;13826.232
;;-11130.533;13841.619
;;-11093.606;13810.846
;;-11121.301;13758.532
;;-11065.91;13841.619
;;-11145.92;13675.445
;;-11136.688;13613.9
;;-11090.529;13536.968
;;-11041.292;13561.586
;;-11035.137;13570.818
;;-11195.156;13675.445
;;-11290.552;13712.373
;;-11262.856;13696.986
;;-11290.552;13743.146
;;-11287.475;13767.764
;;-11327.479;13798.537
;;-11087.451;13632.363
;;-11395.18;13872.391
;;-11355.175;13832.387
;;-11395.18;13933.937
;;-11342.866;13952.401
;;-11302.861;13940.092
;;-11253.625;13952.401
;;-11210.543;13958.555
;;-11161.306;13949.324
;;-11130.533;13955.478
;;-11108.992;13958.555
;;-11050.524;13915.473
;;-11136.688;13955.478
;;-11028.983;13909.319
;;-10979.746;13881.623
;;-11001.287;13933.937
;;-11013.596;13973.942
;;-10958.205;14013.946
;;-10973.592;14010.869
;;-11001.287;14020.101
;;-11068.988;14013.946
;;-10992.056;14001.637
;;-11041.292;14001.637
;;-11084.374;14017.024
;;-11112.07;14078.569
;;-11133.611;14053.951
;;-11108.992;14112.42
;;-11115.147;14032.41
;;-11087.451;14137.038
;;-11072.065;14152.424
;;-10976.669;14081.647
;;-10958.205;14078.569
;;-11041.292;14133.96
;;-10933.587;14093.956
;;-10930.51;14115.497
;;-10998.21;14177.042
;;-10967.437;14155.501
;;-10942.819;14137.038
;;-11056.678;14278.593
;;-11062.833;14315.52
;;-11050.524;14349.37
;;-11056.678;14343.216
;;-11050.524;14241.665
;;-11016.674;14201.661
;;-11028.983;14404.761
;;-10939.742;14441.689
;;-10872.041;14472.462
;;-11004.365;14413.993
;;-10807.419;14521.698
;;-10785.878;14537.085
;;-10788.955;14586.321
;;-10798.187;14623.249
;;-10828.96;14681.717
;;-10918.201;14752.494
;;-10992.056;14761.726
;;-11050.524;14749.417
;;-10782.8;14574.012
;;-11081.297;14718.644
;;-10841.269;14506.312
;;-11078.219;14694.026
;;-11084.374;14638.635
;;-11078.219;14650.944
;;-11032.06;14641.712
;;-11096.683;14641.712
;;-10878.196;14617.094
;;-10819.728;14607.862
;;-10822.805;14592.476
;;-11068.988;14654.021
;;-10816.65;14598.63
;;-10810.496;14586.321
;;-10813.573;14549.394
;;-10825.882;14530.93
;;-10847.423;14530.93
;;-10921.278;14530.93
;;-11004.365;14530.93
;;-11099.76;14537.085
;;-11158.229;14552.471
;;-11167.461;14537.085
;;-11158.229;14506.312
;;-11173.615;14490.925
;;-11192.079;14484.771
;;-11207.465;14487.848
;;-11167.461;14497.08
;;-11136.688;14490.925
;;-11068.988;14497.08
;;-11019.751;14487.848
;;-11013.596;14484.771
;;-11013.596;14475.539
;;-11016.674;14463.23
;;-11022.828;14450.921
;;-11105.915;14463.23
;;-11164.383;14466.307
;;-11176.692;14481.693
;;-11207.465;14494.003
;;-11213.62;14494.003
;;-11225.929;14475.539
;;-11272.088;14466.307
;;-11278.243;14463.23
;;-11229.006;14447.843
;;-11259.779;14457.075
;;-11090.529;14423.225
;;-11142.842;14435.534
;;-11013.596;14404.761
;;-11062.833;14417.071
;;-11007.442;14398.607
;;-10998.21;14407.839
;;-10964.36;14404.761
;;-10942.819;14395.53
;;-10859.732;14358.602
;;-10822.805;14324.752
;;-10838.191;14309.366
;;-10942.819;14321.675
;;-10887.428;14315.52
;;-11001.287;14340.138
;;-11059.756;14346.293
;;-11099.76;14337.061
;;-11145.92;14349.37
;;-11142.842;14395.53
;;-11032.06;14432.457
;;-10933.587;14410.916
;;-10841.269;14401.684
;;-10816.65;14395.53
;;-10816.65;14386.298
;;-10893.582;14401.684
;;-10832.037;14386.298
;;-10872.041;14401.684
;;-10924.355;14426.302
;;-10939.742;14429.38
;;-10970.515;14447.843
;;-10985.901;14447.843
;;-10976.669;14426.302
;;-10958.205;14417.071
;;-10942.819;14395.53
;;-10952.051;14392.452
;;-10973.592;14395.53
;;-10979.746;14380.143
;;-10967.437;14373.989
;;-10915.123;14386.298
;;-10881.273;14392.452
;;-10828.96;14386.298
;;-10795.109;14386.298
;;-10724.332;14386.298
;;-10662.786;14377.066
;;-10604.318;14367.834
;;-10573.545;14355.525
;;-10567.39;14367.834
;;-10573.545;14361.679
;;-10576.622;14355.525
;;-10573.545;14333.984
;;-10576.622;14330.907
;;-10592.009;14343.216
;;-10681.25;14340.138
;;-10715.1;14352.448
;;-10758.182;14352.448
;;-10862.81;14349.37
;;-10868.964;14386.298
;;-10816.65;14364.757
;;-10632.013;14333.984
;;-10810.496;14386.298
;;-10739.718;14352.448
;;-10672.018;14330.907
;;-10856.655;14395.53
;;-10601.241;14312.443
;;-10487.381;14272.438
;;-10545.849;14290.902
;;-10496.613;14232.434
;;-10475.072;14257.052
;;-10475.072;14266.284
;;-10530.463;14217.047
;;-10638.168;14180.12
;;-10595.086;14207.815
;;-10715.1;14195.506
;;-10819.728;14189.352
;;-10785.878;14198.583
;;-10832.037;14183.197
;;-10733.564;14146.27
;;-10675.095;14152.424
;;-10607.395;14152.424
;;-10576.622;14143.192
;;-10465.84;14109.342
;;-10441.222;14115.497
;;-10431.99;14100.11
;;-10511.999;14130.883
;;-10453.531;14075.492
;;-10471.995;14066.26
;;-10502.768;14066.26
;;-10527.386;14066.26
;;-10502.768;14057.028
;;-10496.613;14038.565
;;-10505.845;14010.869
;;-10502.768;13980.096
;;-10499.69;13955.478
;;-10508.922;13964.71
;;-10382.753;13918.551
;;-10422.758;13924.705
;;-10324.285;13890.855
;;-10382.753;13918.551
;;-10265.817;13869.314
;;-10216.58;13853.928
;;-10179.653;13860.082
;;-10176.576;13878.546
;;-10176.576;13847.773
;;-10179.653;13860.082
;;-10179.653;13857.005
;;-10195.039;13863.16
;;-10198.116;13869.314
;;-10201.194;13866.237
;;-10228.889;13810.846
;;-10195.039;13844.696
;;-10222.735;13829.309
;;-10139.648;13727.759
;;-10185.807;13736.991
;;-10102.721;13724.682
;;-10078.102;13709.295
;;-10065.793;13703.141
;;-10004.248;13675.445
;;-10019.634;13684.677
;;-9964.243;13660.059
;;-9958.088;13660.059
;;-9967.32;13632.363
;;-9961.166;13623.132
;;-9967.32;13607.745
;;-9961.166;13586.204
;;-9967.32;13644.672
;;-9970.398;13656.982
;;-9967.32;13570.818
;;-10213.503;13780.073
;;-9985.784;13663.136
;;-9964.243;13549.277
;;-9967.32;13543.122
;;-9948.857;13533.89
;;-9921.161;13518.504
;;-9924.238;13503.117
;;-9887.311;13475.422
;;-9819.611;13432.34
;;-9841.152;13450.804
;;-9785.761;13435.417
;;-9767.297;13438.495
;;-9742.679;13407.722
;;-9736.524;13389.258
;;-9733.447;13426.185
;;-9736.524;13423.108
;;-9733.447;13370.794
;;-9807.302;13435.417
;;-9730.369;13327.712
;;-9733.447;13355.408
;;-9724.215;13349.253
;;-9770.374;13315.403
;;-9831.92;13293.862
;;-9868.847;13281.553
;;-9899.62;13266.167
;;-9887.311;13241.548
;;-9905.775;13253.858
;;-9859.615;13232.317
;;-9816.533;13235.394
;;-9782.683;13226.162
;;-9828.843;13229.239
;;-9758.065;13192.312
;;-9758.065;13183.08
;;-9761.142;13112.303
;;-9754.988;13081.53
;;-9754.988;13081.53
;;-9739.601;13059.989
;;-9770.374;13207.698
;;-9761.142;13136.921
;;-9751.91;13167.694
;;-9828.843;13121.534
;;-9875.002;13115.38
;;-9779.606;13109.225
;;-9918.084;13118.457
;;-9905.775;13146.153
;;-9911.929;13161.539
;;-9881.156;13189.235
;;-9865.77;13207.698
;;-9850.384;13213.853
;;-9838.074;13250.78
;;-9844.229;13229.239
;;-9834.997;13253.858
;;-9834.997;13253.858
;;-9905.775;13173.848
;;-9856.538;13247.703
;;-9868.847;13238.471
;;-9834.997;13263.089
;;-9844.229;13260.012
;;-9890.388;13235.394
;;-9875.002;13244.626
;;-9893.465;13220.007
;;-9927.316;13226.162
;;-9973.475;13226.162
;;-9976.552;13229.239
;;-9985.784;13235.394
;;-9979.629;13235.394
;;-9961.166;13244.626
;;-9945.779;13269.244
;;-9936.547;13284.63
;;-9915.006;13296.94
;;-9911.929;13290.785
;;-9911.929;13281.553
;;-9908.852;13281.553
;;-9905.775;13275.399
;;-9918.084;13260.012
;;-9927.316;13244.626
;;-9921.161;13253.858
;;-9936.547;13250.78
;;-9955.011;13250.78
;;-9985.784;13241.548
;;-10013.48;13241.548
;;-10038.098;13241.548
;;-10084.257;13250.78
;;-10099.643;13226.162
;;-10093.489;13244.626
;;-10071.948;13213.853
;;-10041.175;13213.853
;;-10025.789;13220.007
;;-10087.334;13220.007
;;-10007.325;13235.394
;;-10010.402;13256.935
;;-10013.48;13266.167
;;-10019.634;13278.476
;;-10025.789;13269.244
;;-10031.943;13250.78
;;-10044.252;13250.78
;;-10056.561;13247.703
;;-10065.793;13244.626
;;-10078.102;13232.317
;;-10115.03;13223.085
;;-10170.421;13229.239
;;-10170.421;13244.626
;;-10161.189;13223.085
;;-10093.489;13229.239
;;-10167.344;13253.858
;;-10142.725;13250.78
;;-10118.107;13260.012
;;-10108.875;13263.089
;;-10090.412;13278.476
;;-10071.948;13284.63
;;-10065.793;13287.708
;;-10059.639;13290.785
;;-10050.407;13287.708
;;-10053.484;13287.708
;;-10059.639;13293.862
;;-10068.871;13296.94
;;-10071.948;13293.862
;;-10136.571;13287.708
;;-10093.489;13281.553
;;-10167.344;13284.63
;;-10075.025;13284.63
;;-10161.189;13287.708
;;-10161.189;13287.708
;;-10164.266;13275.399
;;-10151.957;13300.017
;;-10130.416;13306.171
;;-10118.107;13306.171
;;-10102.721;13309.249
;;-10075.025;13303.094
;;-10068.871;13303.094
;;-10053.484;13306.171
;;-10050.407;13318.48
;;-10044.252;13324.635
;;-10053.484;13330.79
;;-10059.639;13327.712
;;-10068.871;13330.79
;;-10071.948;13355.408
;;-10124.262;13383.103
;;-10090.412;13373.872
;;-10164.266;13373.872
;;-10179.653;13373.872
;;-10182.73;13370.794
;;-10170.421;13367.717
;;-10151.957;13370.794
;;-10093.489;13370.794
;;-10130.416;13367.717
;;-10071.948;13376.949
;;-10065.793;13373.872
;;-10056.561;13367.717
;;-10038.098;13364.64
;;-10044.252;13361.562
;;-10031.943;13370.794
;;-10035.02;13367.717
;;-10044.252;13370.794
;;-10056.561;13367.717
;;-10065.793;13367.717
;;-10099.643;13370.794
;;-10127.339;13361.562
;;-10145.803;13355.408
;;-10155.035;13352.331
;;-10158.112;13358.485
;;-10151.957;13361.562
;;-10139.648;13361.562
;;-10111.953;13364.64
;;-10081.18;13361.562
;;-10053.484;13373.872
;;-10050.407;13376.949
;;-10031.943;13383.103
;;-10041.175;13380.026
;;-10031.943;13392.335
;;-10038.098;13386.181
;;-10038.098;13370.794
;;-10047.33;13373.872
;;-10059.639;13380.026
;;-10084.257;13364.64
;;-10068.871;13373.872
;;-10118.107;13352.331
;;-10133.494;13343.099
;;-10148.88;13330.79
;;-10142.725;13336.944
;;-10130.416;13333.867
;;-10081.18;13343.099
;;-10139.648;13333.867
;;-10050.407;13346.176
;;-10105.798;13336.944
;;-10038.098;13349.253
;;-10022.711;13346.176
;;-10007.325;13340.021
;;-9995.016;13327.712
;;-9988.861;13318.48
;;-9982.707;13303.094
;;-9982.707;13293.862
;;-9991.939;13287.708
;;-10016.557;13281.553
;;-10047.33;13281.553
;;-10078.102;13281.553
;;-10075.025;13290.785
;;-10007.325;13287.708
;;-10068.871;13275.399
;;-10071.948;13293.862
;;-10065.793;13303.094
;;-10041.175;13318.48
;;-10013.48;13315.403
;;-9982.707;13324.635
;;-9939.625;13370.794
;;-9933.47;13398.49
;;-9918.084;13426.185
;;-9911.929;13478.499
;;-9915.006;13453.881
;;-9924.238;13524.658
;;-9939.625;13552.354
;;-9921.161;13500.04
;;-9964.243;13595.436
;;-9973.475;13607.745
;;-10001.17;13632.363
;;-10035.02;13653.904
;;-10062.716;13672.368
;;-10078.102;13700.064
;;-10084.257;13715.45
;;-10081.18;13743.146
;;-10068.871;13770.841
;;-10038.098;13789.305
;;-10022.711;13813.923
;;-9998.093;13844.696
;;-9988.861;13857.005
;;-9982.707;13878.546
;;-9967.32;13887.778
;;-9958.088;13906.242
;;-9945.779;13921.628
;;-9942.702;13933.937
;;-9942.702;13949.324
;;-9958.088;13952.401
;;-9964.243;13952.401
;;-9982.707;13949.324
;;-10025.789;13946.246
;;-10050.407;13949.324
;;-10071.948;13949.324
;;-10081.18;13961.633
;;-10084.257;13961.633
;;-10081.18;13958.555
;;-10065.793;13946.246
;;-10050.407;13927.783
;;-10035.02;13918.551
;;-10019.634;13900.087
;;-10025.789;13884.701
;;-10019.634;13897.01
;;-10022.711;13863.16
;;-10028.866;13850.85
;;-10031.943;13841.619
;;-10047.33;13829.309
;;-10068.871;13807.768
;;-10084.257;13773.918
;;-10115.03;13740.068
;;-10121.184;13727.759
;;-10182.73;13687.754
;;-10142.725;13709.295
;;-10207.348;13669.291
;;-10228.889;13653.904
;;-10244.276;13644.672
;;-10250.43;13641.595
;;-10253.508;13635.441
;;-10250.43;13632.363
;;-10256.585;13635.441
;;-10250.43;13635.441
;;-10250.43;13632.363
;;-10250.43;13632.363
;;-10259.662;13635.441
;;-10275.049;13647.75
;;-10290.435;13644.672
;;-10311.976;13641.595
;;-10330.44;13641.595
;;-10361.212;13644.672
;;-10391.985;13644.672
;;-10407.372;13644.672
;;-10441.222;13641.595
;;-10539.695;13641.595
;;-10579.7;13638.518
;;-10493.536;13641.595
;;-10635.091;13626.209
;;-10619.704;13635.441
;;-10635.091;13626.209
;;-10628.936;13629.286
;;-10622.782;13635.441
;;-10601.241;13635.441
;;-10607.395;13638.518
;;-10613.55;13641.595
;;-10628.936;13638.518
;;-10635.091;13638.518
;;-10641.245;13644.672
;;-10696.636;13626.209
;;-10659.709;13641.595
;;-10708.945;13626.209
;;-10733.564;13623.132
;;-10816.65;13607.745
;;-10850.5;13601.591
;;-10764.337;13610.822
;;-10862.81;13601.591
;;-10881.273;13607.745
;;-10887.428;13610.822
;;-10887.428;13610.822
;;-10896.66;13613.9
;;-10912.046;13632.363
;;-10918.201;13632.363
;;-10942.819;13638.518
;;-10955.128;13638.518
;;-10970.515;13641.595
;;-10942.819;13635.441
;;-10992.056;13635.441
;;-10985.901;13638.518
;;-10995.133;13641.595
;;-11028.983;13656.982
;;-11068.988;13660.059
;;-11112.07;13663.136
;;-11148.997;13663.136
;;-11179.77;13666.213
;;-11201.311;13660.059
;;-11219.774;13663.136
;;-11232.084;13647.75
;;-11238.238;13666.213
;;-11241.315;13656.982
;;-11235.161;13684.677
;;-11222.852;13684.677
;;-11216.697;13693.909
;;-11229.006;13712.373
;;-11229.006;13727.759
;;-11247.47;13746.223
;;-11259.779;13758.532
;;-11302.861;13755.455
;;-11333.634;13761.609
;;-11349.02;13764.687
;;-11364.407;13758.532
;;-11321.325;13761.609
;;-11290.552;13758.532
;;-11382.87;13749.3
;;-11389.025;13733.914
;;-11373.639;13730.836
;;-11358.252;13752.377
;;-11370.561;13795.459
;;-11358.252;13807.768
;;-11361.329;13807.768
;;-11364.407;13810.846
;;-11376.716;13826.232
;;-11361.329;13817
;;-11370.561;13823.155
;;-11361.329;13817
;;-11370.561;13826.232
;;-11370.561;13823.155
;;-11379.793;13810.846
;;-11404.411;13792.382
;;-11419.798;13770.841
;;-11435.184;13693.909
;;-11432.107;13730.836
;;-11438.262;13675.445
;;-11432.107;13690.832
;;-11441.339;13672.368
;;-11425.952;13703.141
;;-11336.711;13700.064
;;-11327.479;13706.218
;;-11312.093;13712.373
;;-11361.329;13690.832
;;-11272.088;13712.373
;;-11299.784;13721.605
;;-11250.547;13718.527
;;-11247.47;13706.218
;;-11222.852;13684.677
;;-11213.62;13684.677
;;-11201.311;13684.677
;;-11201.311;13687.754
;;-11198.233;13693.909
;;-11198.233;13669.291
;;-11192.079;13663.136
;;-11195.156;13663.136
;;-11182.847;13663.136
;;-11164.383;13675.445
;;-11139.765;13681.6
;;-11065.91;13656.982
;;-10976.669;13669.291
;;-11035.137;13666.213
;;-10955.128;13681.6
;;-10881.273;13749.3
;;-10912.046;13724.682
;;-10841.269;13724.682
;;-10924.355;13709.295
;;-10828.96;13752.377
;;-10776.646;13761.609
;;-10758.182;13752.377
;;-10739.718;13715.45
;;-10718.177;13678.523
;;-10702.791;13681.6
;;-10684.327;13696.986
;;-10647.4;13690.832
;;-10628.936;13696.986
;;-10619.704;13712.373
;;-10622.782;13743.146
;;-10622.782;13761.609
;;-10592.009;13773.918
;;-10564.313;13783.15
;;-10552.004;13795.459
;;-10527.386;13813.923
;;-10518.154;13804.691
;;-10511.999;13752.377
;;-10496.613;13681.6
;;-10481.227;13592.359
;;-10493.536;13555.431
;;-10508.922;13515.427
;;-10530.463;13484.654
;;-10552.004;13435.417
;;-10576.622;13343.099
;;-10595.086;13269.244
;;-10610.472;13232.317
;;-10628.936;13213.853
;;-10638.168;13201.544
;;-10539.695;13139.998
;;-10576.622;13161.539
;;-10521.231;13136.921
;;-10518.154;13143.075
;;-10515.077;13127.689
;;-10521.231;13096.916
;;-10524.308;13066.143
;;-10524.308;13078.452
;;-10601.241;13050.757
;;-10564.313;13053.834
;;-10521.231;13103.071
;;-10628.936;13032.293
;;-10542.772;13053.834
;;-10653.554;13023.061
;;-10675.095;13001.52
;;-10684.327;12970.748
;;-10684.327;12952.284
;;-10659.709;12915.356
;;-10628.936;12887.661
;;-10619.704;12875.352
;;-10595.086;12872.274
;;-10576.622;12881.506
;;-10567.39;12890.738
;;-10573.545;12903.047
;;-10598.163;12918.434
;;-10668.941;12970.748
;;-10690.482;12976.902
;;-10681.25;12955.361
;;-10696.636;12961.516
;;-10628.936;12946.129
;;-10687.404;12949.207
;;-10659.709;12973.825
;;-10724.332;12930.743
;;-10779.723;12927.666
;;-10730.486;12955.361
;;-10779.723;12949.207
;;-10693.559;12973.825
;;-10659.709;13032.293
;;-10656.632;13069.221
;;-10653.554;13103.071
;;-10653.554;13112.303
;;-10641.245;13066.143
;;-10619.704;13059.989
;;-10598.163;13059.989
;;-10592.009;13078.452
;;-10558.159;13130.766
;;-10496.613;13136.921
;;-10475.072;13127.689
;;-10456.608;13118.457
;;-10428.913;13050.757
;;-10450.454;13072.298
;;-10419.681;13032.293
;;-10428.913;12983.057
;;-10395.063;12989.211
;;-10336.594;13026.139
;;-10315.053;13069.221
;;-10278.126;13106.148
;;-10275.049;13164.616
;;-10262.739;13226.162
;;-10256.585;13275.399
;;-10250.43;13306.171
;;-10244.276;13312.326
;;-10241.198;13315.403
;;-10256.585;13336.944
;;-10275.049;13312.326
;;-10284.28;13269.244
;;-10318.131;13176.925
;;-10355.058;13155.384
;;-10382.753;13155.384
;;-10410.449;13164.616
;;-10444.299;13213.853
;;-10471.995;13229.239
;;-10508.922;13241.548
;;-10536.618;13244.626
;;-10567.39;13229.239
;;-10567.39;13216.93
;;-10573.545;13216.93
;;-10595.086;13253.858
;;-10613.55;13269.244
;;-10601.241;13256.935
;;-10604.318;13284.63
;;-10601.241;13284.63
;;-10588.931;13275.399
;;-10588.931;13303.094
;;-10598.163;13309.249
;;-10613.55;13312.326
;;-10616.627;13315.403
;;-10619.704;13293.862
;;-10616.627;13260.012
;;-10616.627;13250.78
;;-10625.859;13250.78
;;-10653.554;13247.703
;;-10665.864;13232.317
;;-10672.018;13223.085
;;-10668.941;13195.389
;;-10665.864;13198.466
;;-10668.941;13235.394
;;-10665.864;13260.012
;;-10644.323;13272.321
;;-10622.782;13266.167
;;-10610.472;13269.244
;;-10573.545;13281.553
;;-10604.318;13284.63
;;-10570.468;13272.321
;;-10530.463;13263.089
;;-10552.004;13247.703
;;-10511.999;13275.399
;;-10496.613;13284.63
;;-10490.458;13290.785
;;-10493.536;13293.862
;;-10499.69;13272.321
;;-10511.999;13244.626
;;-10564.313;13241.548
;;-10588.931;13253.858
;;-10601.241;13275.399
;;-10632.013;13343.099
;;-10632.013;13358.485
;;-10635.091;13364.64
;;-10616.627;13318.48
;;-10647.4;13340.021
;;-10659.709;13346.176
;;-10665.864;13370.794
;;-10662.786;13349.253
;;-10665.864;13336.944
;;-10662.786;13336.944
;;-10665.864;13336.944
;;-10656.632;13333.867
;;-10653.554;13340.021
;;-10684.327;13361.562
;;-10675.095;13361.562
;;-10733.564;13355.408
;;-10785.878;13367.717
;;-10841.269;13370.794
;;-10835.114;13370.794
;;-10792.032;13373.872
;;-10779.723;13380.026
;;-10761.259;13383.103
;;-10758.182;13376.949
;;-10761.259;13392.335
;;-10758.182;13389.258
;;-10761.259;13395.413
;;-10761.259;13413.876
;;-10764.337;13426.185
;;-10755.105;13432.34
;;-10764.337;13435.417
;;-10782.8;13460.036
;;-10807.419;13456.958
;;-10819.728;13460.036
;;-10961.283;13423.108
;;-10967.437;13420.031
;;-10964.36;13429.263
;;-10918.201;13500.04
;;-10921.278;13530.813
;;-10948.974;13456.958
;;-10927.433;13543.122
;;-10921.278;13533.89
;;-10936.664;13552.354
;;-10958.205;13540.045
;;-10952.051;13540.045
;;-10948.974;13536.968
;;-10952.051;13509.272
;;-10961.283;13478.499
;;-10979.746;13493.886
;;-10988.978;13496.963
;;-10998.21;13484.654
;;-11007.442;13475.422
;;-11013.596;13478.499
;;-11004.365;13453.881
;;-10998.21;13484.654
;;-11007.442;13466.19
;;-10982.824;13460.036
;;-10964.36;13456.958
;;-10936.664;13453.881
;;-10927.433;13453.881
;;-10896.66;13466.19
;;-10890.505;13478.499
;;-10878.196;13503.117
;;-10872.041;13512.349
;;-10841.269;13524.658
;;-10841.269;13512.349
;;-10835.114;13506.195
;;-10822.805;13530.813
;;-10813.573;13561.586
;;-10807.419;13613.9
;;-10822.805;13733.914
;;-10807.419;13712.373
;;-10832.037;13746.223
;;-10825.882;13770.841
;;-10825.882;13801.614
;;-10813.573;13829.309
;;-10798.187;13863.16
;;-10764.337;13881.623
;;-10761.259;13878.546
;;-10767.414;13872.391
;;-10764.337;13887.778
;;-10755.105;13875.469
;;-10752.027;13810.846
;;-10733.564;13758.532
;;-10721.255;13715.45
;;-10712.023;13706.218
;;-10715.1;13696.986
;;-10736.641;13706.218
;;-10733.564;13718.527
;;-10736.641;13749.3
;;-10712.023;13789.305
;;-10708.945;13807.768
;;-10705.868;13813.923
;;-10693.559;13795.459
;;-10690.482;13776.996
;;-10684.327;13764.687
;;-10672.018;13780.073
;;-10656.632;13770.841
;;-10641.245;13770.841
;;-10632.013;13767.764
;;-10625.859;13758.532
;;-10622.782;13746.223
;;-10613.55;13740.068
;;-10616.627;13752.377
;;-10616.627;13758.532
;;-10616.627;13776.996
;;-10628.936;13783.15
;;-10613.55;13764.687
;;-10653.554;13764.687
;;-10681.25;13776.996
;;-10656.632;13773.918
;;-10650.477;13773.918
;;-10687.404;13773.918
;;-10662.786;13801.614
;;-10653.554;13829.309
;;-10638.168;13817
;;-10622.782;13844.696
;;-10616.627;13847.773
;;-10632.013;13823.155
;;-10610.472;13841.619
;;-10588.931;13807.768
;;-10598.163;13838.541
;;-10604.318;13835.464
;;-10592.009;13826.232
;;-10588.931;13798.537
;;-10604.318;13761.609
;;-10613.55;13715.45
;;-10610.472;13727.759
;;-10610.472;13721.605
;;-10607.395;13767.764
;;-10598.163;13786.228
;;-10604.318;13776.996
;;-10592.009;13780.073
;;-10595.086;13776.996
;;-10570.468;13789.305
;;-10567.39;13786.228
;;-10579.7;13786.228
;;-10564.313;13786.228
;;-10558.159;13789.305
;;-10558.159;13780.073
;;-10548.927;13743.146
;;-10558.159;13755.455
;;-10555.081;13727.759
;;-10564.313;13709.295
;;-10564.313;13687.754
;;-10567.39;13647.75
;;-10570.468;13650.827
;;-10570.468;13690.832
;;-10561.236;13804.691
;;-10561.236;13752.377
;;-10536.618;13807.768
;;-10567.39;13798.537
;;-10521.231;13820.078
;;-10499.69;13810.846
;;-10567.39;13817
;;-10490.458;13795.459
;;-10490.458;13783.15
;;-10487.381;13776.996
;;-10471.995;13783.15
;;-10468.917;13783.15
;;-10471.995;13817
;;-10487.381;13832.387
;;-10496.613;13835.464
;;-10468.917;13838.541
;;-10459.686;13863.16
;;-10435.067;13893.932
;;-10404.294;13897.01
;;-10441.222;13900.087
;;-10302.744;13875.469
;;-10238.121;13860.082
;;-10268.894;13838.541
;;-10321.208;13810.846
;;-10376.599;13792.382
;;-10450.454;13755.455
;;-10555.081;13715.45
;;-10508.922;13724.682
;;-10579.7;13721.605
;;-10613.55;13730.836
;;-10625.859;13736.991
;;-10628.936;13721.605
;;-10582.777;13693.909
;;-10635.091;13730.836
;;-10536.618;13672.368
;;-10453.531;13700.064
;;-10490.458;13687.754
;;-10431.99;13700.064
;;-10416.604;13666.213
;;-10425.835;13641.595
;;-10438.145;13613.9
;;-10438.145;13604.668
;;-10431.99;13598.513
;;-10428.913;13592.359
;;-10428.913;13580.05
;;-10419.681;13573.895
;;-10410.449;13583.127
;;-10407.372;13576.972
;;-10388.908;13573.895
;;-10379.676;13567.74
;;-10367.367;13567.74
;;-10395.063;13552.354
;;-10376.599;13561.586
;;-10391.985;13543.122
;;-10391.985;13521.581
;;-10404.294;13552.354
;;-10388.908;13509.272
;;-10395.063;13481.576
;;-10391.985;13533.89
;;-10395.063;13475.422
;;-10401.217;13456.958
;;-10410.449;13423.108
;;-10413.526;13410.799
;;-10404.294;13392.335
;;-10407.372;13441.572
;;-10395.063;13398.49
;;-10373.522;13401.567
;;-10361.212;13401.567
;;-10342.749;13401.567
;;-10385.831;13395.413
;;-10339.672;13401.567
;;-10333.517;13401.567
;;-10330.44;13398.49
;;-10324.285;13404.644
;;-10324.285;13398.49
;;-10336.594;13401.567
;;-10336.594;13404.644
;;-10355.058;13367.717
;;-10345.826;13383.103
;;-10358.135;13355.408
;;-10355.058;13349.253
;;-10355.058;13361.562
;;-10342.749;13352.331
;;-10339.672;13358.485
;;-10327.362;13361.562
;;-10315.053;13367.717
;;-10318.131;13367.717
;;-10302.744;13401.567
;;-10311.976;13398.49
;;-10299.667;13383.103
;;-10287.358;13392.335
;;-10281.203;13389.258
;;-10271.971;13389.258
;;-10268.894;13413.876
;;-10293.512;13380.026
;;-10296.59;13349.253
;;-10290.435;13293.862
;;-10293.512;13324.635
;;-10284.28;13395.413
;;-10281.203;13256.935
;;-10256.585;13192.312
;;-10225.812;13103.071
;;-10176.576;13063.066
;;-10151.957;13096.916
;;-10142.725;13121.534
;;-10148.88;13090.762
;;-10188.885;13029.216
;;-10173.498;13050.757
;;-10216.58;12955.361
;;-10235.044;12915.356
;;-10201.194;12992.288
;;-10262.739;12819.961
;;-10287.358;12749.183
;;-10265.817;12669.174
;;-10262.739;12635.324
;;-10271.971;12601.474
;;-10290.435;12524.541
;;-10299.667;12478.382
;;-10302.744;12462.996
;;-10265.817;12438.378
;;-10228.889;12410.682
;;-10213.503;12364.523
;;-10198.116;12312.209
;;-10179.653;12241.431
;;-10170.421;12232.2
;;-10179.653;12226.045
;;-10185.807;12222.968
;;-10204.271;12216.813
;;-10222.735;12179.886
;;-10210.426;12173.731
;;-10179.653;12142.958
;;-10155.035;12029.099
;;-10158.112;12022.944
;;-10173.498;12010.635
;;-10191.962;11992.172
;;-10222.735;11955.244
;;-10244.276;11973.708
;;-10278.126;11949.09
;;-10293.512;11927.549
;;-10281.203;11921.394
;;-10278.126;11921.394
;;-10287.358;11976.785
;;-10235.044;12133.727
;;-10207.348;12244.509
;;-10148.88;12302.977
;;-10118.107;12318.364
;;-10102.721;12352.214
;;-10025.789;12401.45
;;-10105.798;12358.368
;;-9988.861;12444.532
;;-9982.707;12503
;;-10059.639;12552.237
;;-10118.107;12610.705
;;-10188.885;12653.787
;;-10235.044;12681.483
;;-10259.662;12730.719
;;-10296.59;12786.111
;;-10311.976;12801.497
;;-10318.131;12813.806
;;-10321.208;12804.574
;;-10265.817;12853.811
;;-10253.508;12899.97
;;-10241.198;12949.207
;;-10210.426;13016.907
;;-10191.962;13047.68
;;-10158.112;13087.684
;;-10167.344;13161.539
;;-10173.498;13183.08
;;-10244.276;13229.239
;;-10222.735;13263.089
;;-10207.348;13296.94
;;-10216.58;13349.253
;;-10235.044;13373.872
;;-10256.585;13404.644
;;-10262.739;13429.263
;;-10207.348;13226.162
;;-10231.967;13456.958
;;-10136.571;13466.19
;;-10084.257;13487.731
;;-10096.566;13487.731
;;-10099.643;13506.195
;;-10105.798;13543.122
;;-10059.639;13580.05
;;-10068.871;13595.436
;;-10078.102;13604.668
;;-10124.262;13580.05
;;-10108.875;13576.972
;;-9865.77;13478.499
;;-9890.388;13496.963
;;-9933.47;13423.108
;;-10025.789;13380.026
;;-9853.461;13456.958
;;-10130.416;13361.562
;;-10231.967;13355.408
;;-10438.145;13383.103
;;-10499.69;13398.49
;;-10348.903;13361.562
;;-10545.849;13407.722
;;-10524.308;13413.876
;;-10370.444;13435.417
;;-10321.208;13463.113
;;-10235.044;13496.963
;;-10148.88;13490.808
;;-10115.03;13466.19
;;-10111.953;13429.263
;;-10075.025;13404.644
;;-10010.402;13364.64
;;-9868.847;13303.094
;;-9868.847;13220.007
;;-9924.238;13198.466
;;-10007.325;13186.157
;;-10068.871;13164.616
;;-10164.266;13143.075
;;-10268.894;13115.38
;;-10355.058;13081.53
;;-10450.454;13035.37
;;-10441.222;13044.602
;;-10435.067;13075.375
;;-10410.449;13103.071
;;-10345.826;13127.689
;;-10256.585;13121.534
;;-10204.271;13127.689
;;-10271.971;13130.766
;;-9998.093;13115.38
;;-9822.688;13106.148
;;-9822.688;13087.684
;;-10090.412;13133.844
;;-9801.147;13099.993
;;-9831.92;13038.448
;;-9871.924;12979.979
;;-9967.32;12933.82
;;-10210.426;12866.12
;;-10259.662;12816.883
;;-10305.821;12810.729
;;-10351.981;12909.202
;;-10108.875;12853.811
;;-10235.044;12899.97
;;-10339.672;12829.192
;;-10038.098;12798.42
;;-10093.489;12909.202
;;-10013.48;12764.57
;;-9991.939;12783.033
;;-9976.552;12829.192
;;-9998.093;12853.811
;;-10010.402;12835.347
;;-10022.711;12829.192
;;-10071.948;12850.733
;;-10124.262;12875.352
;;-10185.807;12890.738
;;-10262.739;12884.584
;;-10231.967;12909.202
;;-10235.044;12869.197
;;-10213.503;12866.12
;;-10158.112;12869.197
;;-10155.035;12896.893
;;-10087.334;12915.356
;;-10056.561;12927.666
;;-9976.552;12903.047
;;-9881.156;12890.738
;;-9875.002;12906.125
;;-9927.316;12915.356
;;-9970.398;12936.897
;;-10050.407;12995.366
;;-10118.107;13063.066
;;-10158.112;13075.375
;;-10238.121;13090.762
;;-10287.358;13096.916
;;-10296.59;13084.607
;;-10287.358;13044.602
;;-10253.508;12976.902
;;-10204.271;12927.666
;;-10170.421;12976.902
;;-10111.953;13044.602
;;-9998.093;13109.225
;;-10028.866;13158.462
;;-10062.716;13164.616
;;-9782.683;13121.534
;;-9484.187;13096.916
;;-9416.487;13066.143
;;-9379.559;13047.68
;;-9401.1;13038.448
;;-9505.728;13026.139
;;-9733.447;12995.366
;;-9764.22;12979.979
;;-9902.697;12970.748
;;-10124.262;12973.825
;;-10348.903;12995.366
;;-10499.69;13007.675
;;-10579.7;12992.288
;;-10533.54;12979.979
;;-10487.381;12973.825
;;-10493.536;13016.907
;;-10505.845;13084.607
;;-10038.098;13146.153
;;-10111.953;13155.384
;;-10105.798;13130.766
;;-10155.035;13176.925
;;-10253.508;13183.08
;;-10351.981;13189.235
;;-10388.908;13201.544
;;-10385.831;13213.853
;;-10438.145;13263.089
;;-10441.222;13275.399
;;-10422.758;13312.326
;;-10407.372;13361.562
;;-10401.217;13420.031
;;-10293.512;13478.499
;;-10219.657;13518.504
;;-10121.184;13530.813
;;-10075.025;13506.195
;;-10065.793;13487.731
;;-10148.88;13456.958
;;-10151.957;13441.572
;;-9893.465;13432.34
;;-9847.306;13416.954
;;-9776.529;13426.185
;;-9791.915;13466.19
;;-9881.156;13503.117
;;-9973.475;13533.89
;;-10047.33;13546.199
;;-10204.271;13604.668
;;-10250.43;13620.054
;;-10339.672;13641.595
;;-10425.835;13666.213
;;-10475.072;13666.213
;;-10478.149;13703.141
;;-10471.995;13780.073
;;-10361.212;13844.696
;;-10244.276;13906.242
;;-10213.503;13961.633
;;-10247.353;13986.251
;;-10028.866;13980.096
;;-9850.384;13977.019
;;-9813.456;13958.555
;;-9890.388;13964.71
;;-9979.629;13995.483
;;-10068.871;14013.946
;;-10195.039;14029.333
;;-10318.131;14035.487
;;-10456.608;14075.492
;;-10524.308;14097.033
;;-10622.782;14140.115
;;-10644.323;14164.733
;;-10490.458;14220.124
;;-10607.395;14210.893
;;-10262.739;14343.216
;;-10265.817;14361.679
;;-10293.512;14337.061
;;-10271.971;14198.583
;;-10324.285;14177.042
;;-10358.135;14275.516
;;-10268.894;14250.897
;;-10302.744;14143.192
;;-10278.126;14229.356
;;-10050.407;14109.342
;;-9878.079;14143.192
;;-9868.847;14124.729
;;-9911.929;14155.501
;;-10053.484;14177.042
;;-10299.667;14287.825
;;-10121.184;14217.047
;;-10191.962;14210.893
;;-10195.039;14217.047
;;-10250.43;14192.429
;;-10278.126;14189.352
;;-10281.203;14177.042
;;-10268.894;14232.434
;;-10364.29;14340.138
;;-10305.821;14315.52
;;-10299.667;14306.288
;;-10225.812;14263.206
;;-10275.049;14257.052
;;-10142.725;14272.438
;;-10188.885;14300.134
;;-10155.035;14241.665
;;-10213.503;14343.216
;;-10173.498;14349.37
;;-10173.498;14333.984
;;-10195.039;14318.597
;;-10213.503;14309.366
;;-10281.203;14306.288
;;-10287.358;14278.593
;;-10167.344;14250.897
;;-10031.943;14253.975
;;-9859.615;14269.361
;;-9871.924;14278.593
;;-9847.306;14260.129
;;-9850.384;14241.665
;;-10019.634;14226.279
;;-10158.112;14195.506
;;-10231.967;14158.579
;;-10373.522;14137.038
;;-10345.826;14100.11
;;-10259.662;14103.188
;;-10121.184;14118.574
;;-10016.557;14167.811
;;-10001.17;14220.124
;;-10047.33;14140.115
;;-9991.939;14226.279
;;-9871.924;14201.661
;;-10404.294;14112.42
;;-9601.124;14127.806
;;-9678.056;14149.347
;;-9834.997;14161.656
;;-9641.128;14140.115
;;-9727.292;14140.115
;;-9887.311;14204.738
;;-9813.456;14177.042
;;-9714.983;14130.883
;;-9674.978;14103.188
;;-9530.346;14097.033
;;-9404.177;14167.811
;;-9413.409;14121.651
;;-9539.578;14195.506
;;-9742.679;14217.047
;;-9948.857;14217.047
;;-10105.798;14170.888
;;-10118.107;14158.579
;;-10176.576;14183.197
;;-10188.885;14204.738
;;-10133.494;14223.202
;;-10038.098;14241.665
;;-9834.997;14253.975
;;-9693.442;14244.743
;;-9616.51;14177.042
;;-9730.369;14066.26
;;-9739.601;14032.41
;;-9801.147;13983.174
;;-9871.924;13940.092
;;-9921.161;13937.014
;;-9921.161;13930.86
;;-9942.702;13875.469
;;-9970.398;13838.541
;;-10121.184;13721.605
;;-10155.035;13684.677
;;-10016.557;13798.537
;;-9779.606;13570.818
;;-9915.006;13629.286
;;-9945.779;13527.736
;;-10062.716;13592.359
;;-9838.074;13527.736
;;-10225.812;13592.359
;;-10358.135;13484.654
;;-10330.44;13558.509
;;-10327.362;13466.19
;;-10327.362;13463.113
;;-10253.508;13475.422
;;-10195.039;13527.736
;;-10148.88;13558.509
;;-10182.73;13518.504
;;-10124.262;13463.113
;;-10108.875;13413.876
;;-10164.266;13404.644
;;-10185.807;13401.567
;;-10204.271;13395.413
;;-10173.498;13395.413
;;-10216.58;13370.794
;;-10311.976;13340.021
;;-10376.599;13324.635
;;-10407.372;13309.249
;;-10447.376;13306.171
;;-10450.454;13370.794
;;-10475.072;13426.185
;;-10588.931;13521.581
;;-10610.472;13530.813
;;-10665.864;13543.122
;;-10675.095;13540.045
;;-10604.318;13543.122
;;-10582.777;13552.354
;;-10622.782;13552.354
;;-10730.486;13546.199
;;-10712.023;13546.199
;;-10745.873;13533.89
;;-10662.786;13561.586
;;-10632.013;13561.586
;;-10672.018;13549.277
;;-10708.945;13543.122
;;-10718.177;13561.586
;;-10705.868;13586.204
;;-10684.327;13573.895
;;-10730.486;13583.127
;;-10868.964;13561.586
;;-10936.664;13456.958
;;-10887.428;13413.876
;;-10899.737;13380.026
;;-10921.278;13355.408
;;-10918.201;13392.335
;;-10912.046;13401.567
;;-10973.592;13463.113
;;-11053.601;13530.813
;;-11105.915;13632.363
;;-11102.838;13653.904
;;-11068.988;13718.527
;;-11028.983;13783.15
;;-10958.205;13770.841
;;-10902.814;13709.295
;;-10810.496;13598.513
;;-10822.805;13552.354
;;-10822.805;13620.054
;;-10896.66;13389.258
;;-10942.819;13398.49
;;-11038.215;13401.567
;;-11108.992;13398.49
;;-11136.688;13441.572
;;-11155.152;13506.195
;;-11219.774;13583.127
;;-11222.852;13663.136
;;-11210.543;13736.991
;;-11195.156;13780.073
;;-11173.615;13813.923
;;-11185.924;13780.073
;;-11164.383;13795.459
;;-11096.683;13752.377
;;-11044.369;13700.064
;;-10992.056;13669.291
;;-10921.278;13684.677
;;-10844.346;13727.759
;;-10819.728;13746.223
;;-10952.051;13789.305
;;-11001.287;13792.382
;;-11081.297;13810.846
;;-11127.456;13817
;;-11155.152;13823.155
;;-11127.456;13897.01
;;-11072.065;13909.319
;;-11161.306;13853.928
;;-11010.519;13946.246
;;-10964.36;13980.096
;;-10908.969;13989.328
;;-10865.887;13992.405
;;-10847.423;13958.555
;;-10788.955;13940.092
;;-10755.105;13943.169
;;-10739.718;13964.71
;;-10761.259;13961.633
;;-10767.414;13943.169
;;-10807.419;13933.937
;;-10798.187;13986.251
;;-10828.96;14084.724
;;-10918.201;14152.424
;;-11025.906;14198.583
;;-11068.988;14217.047
;;-11090.529;14244.743
;;-11050.524;14266.284
;;-10985.901;14253.975
;;-10924.355;14244.743
;;-10865.887;14226.279
;;-10801.264;14173.965
;;-10792.032;14173.965
;;-10776.646;14192.429
;;-10758.182;14247.82
;;-10773.568;14278.593
;;-10792.032;14352.448
;;-10813.573;14398.607
;;-10810.496;14410.916
;;-10788.955;14392.452
;;-10813.573;14361.679
;;-10841.269;14333.984
;;-10856.655;14327.829
;;-10838.191;14340.138
;;-10835.114;14367.834
;;-10850.5;14435.534
;;-10859.732;14490.925
;;-10856.655;14546.316
;;-10853.578;14537.085
;;-10862.81;14527.853
;;-10878.196;14540.162
;;-10862.81;14521.698
;;-10859.732;14509.389
;;-10875.119;14503.234
;;-10850.5;14506.312
;;-10816.65;14487.848
;;-10755.105;14466.307
;;-10761.259;14472.462
;;-10782.8;14481.693
;;-10828.96;14490.925
;;-10841.269;14500.157
;;-10838.191;14527.853
;;-10807.419;14524.775
;;-10779.723;14524.775
;;-10752.027;14527.853
;;-10721.255;14524.775
;;-10718.177;14524.775
;;-10693.559;14524.775
;;-10659.709;14537.085
;;-10662.786;14552.471
;;-10668.941;14567.857
;;-10672.018;14583.244
;;-10693.559;14592.476
;;-10715.1;14601.708
;;-10715.1;14595.553
;;-10684.327;14586.321
;;-10672.018;14583.244
;;-10672.018;14577.089
;;-10690.482;14577.089
;;-10705.868;14555.548
;;-10705.868;14534.007
;;-10708.945;14518.621
;;-10708.945;14515.544
;;-10687.404;14537.085
;;-10659.709;14570.935
;;-10638.168;14592.476
;;-10573.545;14610.939
;;-10545.849;14607.862
;;-10475.072;14604.785
;;-10459.686;14595.553
;;-10453.531;14580.167
;;-10435.067;14564.78
;;-10413.526;14534.007
;;-10395.063;14543.239
;;-10367.367;14570.935
;;-10416.604;14586.321
;;-10435.067;14549.394
;;-10459.686;14592.476
;;-10475.072;14598.63
;;-10450.454;14583.244
;;-10481.227;14595.553
;;-10336.594;14567.857
;;-10293.512;14561.703
;;-10382.753;14564.78
;;-10367.367;14574.012
;;-10244.276;14567.857
;;-10253.508;14537.085
;;-10241.198;14521.698
;;-10216.58;14534.007
;;-10219.657;14558.626
;;-10407.372;14574.012
;;-10222.735;14524.775
;;-10262.739;14549.394
;;-10311.976;14570.935
;;-10330.44;14577.089
;;-10367.367;14580.167
;;-10404.294;14583.244
;;-10425.835;14555.548
;;-10435.067;14537.085
;;-10422.758;14540.162
;;-10398.14;14540.162
;;-10376.599;14527.853
;;-10345.826;14524.775
;;-10318.131;14524.775
;;-10293.512;14515.544
;;-10278.126;14509.389
;;-10287.358;14512.466
;;-10293.512;14515.544
;;-10290.435;14515.544
;;-10287.358;14515.544
;;-10284.28;14518.621
;;-10241.198;14503.234
;;-10228.889;14490.925
;;-10228.889;14487.848
;;-10219.657;14469.384
;;-10244.276;14466.307
;;-10281.203;14453.998
;;-10219.657;14478.616
;;-10321.208;14453.998
;;-10367.367;14460.152
;;-10388.908;14463.23
;;-10388.908;14463.23
;;-10364.29;14460.152
;;-10324.285;14463.23
;;-10299.667;14475.539
;;-10290.435;14500.157
;;-10287.358;14500.157
;;-10284.28;14490.925
;;-10278.126;14490.925
;;-10278.126;14490.925
;;-10278.126;14494.003
;;-10265.817;14484.771
;;-10281.203;14478.616
;;-10311.976;14475.539
;;-10348.903;14407.839
;;-10358.135;14392.452
;;-10336.594;14435.534
;;-10327.362;14444.766
;;-10382.753;14389.375
;;-10358.135;14352.448
;;-10361.212;14340.138
;;-10345.826;14312.443
;;-10207.348;14278.593
;;-10099.643;14260.129
;;-10308.899;14297.056
;;-10136.571;14269.361
;;-10259.662;14290.902
;;-10111.953;14253.975
;;-10133.494;14241.665
;;-10188.885;14204.738
;;-10225.812;14204.738
;;-10241.198;14201.661
;;-10155.035;14223.202
;;-10201.194;14201.661
;;-10287.358;14186.274
;;-10284.28;14180.12
;;-10287.358;14158.579
;;-10308.899;14103.188
;;-10247.353;14075.492
;;-10293.512;14133.96
;;-10299.667;14090.879
;;-10207.348;14066.26
;;-10198.116;14078.569
;;-10158.112;14069.338
;;-10044.252;14060.106
;;-10019.634;14063.183
;;-10044.252;14060.106
;;-10087.334;14066.26
;;-10148.88;14078.569
;;-10115.03;14081.647
;;-10096.566;14075.492
;;-10075.025;14053.951
;;-10025.789;14026.256
;;-10019.634;14020.101
;;-10028.866;14020.101
;;-10062.716;14032.41
;;-10065.793;14001.637
;;-10035.02;13973.942
;;-10001.17;13961.633
;;-9991.939;13937.014
;;-9970.398;13906.242
;;-9958.088;13893.932
;;-9887.311;13884.701
;;-9745.756;13841.619
;;-9831.92;13860.082
;;-9711.906;13847.773
;;-9671.901;13841.619
;;-9619.587;13820.078
;;-9634.974;13786.228
;;-9628.819;13835.464
;;-9662.669;13770.841
;;-9696.519;13752.377
;;-9758.065;13727.759
;;-9810.379;13733.914
;;-9844.229;13721.605
;;-9742.679;13724.682
;;-9828.843;13672.368
;;-9816.533;13660.059
;;-9813.456;13650.827
;;-9801.147;13638.518
;;-9791.915;13644.672
;;-9761.142;13666.213
;;-9724.215;13653.904
;;-9674.978;13641.595
;;-9668.824;13660.059
;;-9662.669;13666.213
;;-9681.133;13669.291
;;-9684.21;13647.75
;;-9693.442;13672.368
;;-9711.906;13644.672
;;-9705.751;13653.904
;;-9705.751;13613.9
;;-9696.519;13589.281
;;-9718.06;13580.05
;;-9831.92;13555.431
;;-9884.234;13555.431
;;-9758.065;13567.74
;;-9794.992;13555.431
;;-9878.079;13549.277
;;-9908.852;13561.586
;;-9887.311;13570.818
;;-9801.147;13540.045
;;-9834.997;13564.663
;;-9764.22;13444.649
;;-9785.761;13509.272
;;-9776.529;13484.654
;;-9736.524;13383.103
;;-9748.833;13395.413
;;-9748.833;13376.949
;;-9739.601;13380.026
;;-9770.374;13364.64
;;-9785.761;13383.103
;;-9807.302;13395.413
;;-9828.843;13413.876
;;-9828.843;13420.031
;;-9767.297;13361.562
;;-9844.229;13429.263
;;-9862.693;13429.263
;;-9853.461;13435.417
;;-9862.693;13410.799
;;-9847.306;13389.258
;;-9828.843;13392.335
;;-9788.838;13407.722
;;-9785.761;13398.49
;;-9773.451;13407.722
;;-9782.683;13426.185
;;-9779.606;13429.263
;;-9788.838;13429.263
;;-9788.838;13426.185
;;-9791.915;13423.108
;;-9831.92;13420.031
;;-9853.461;13420.031
;;-9878.079;13413.876
;;-9924.238;13392.335
;;-9810.379;13420.031
;;-9970.398;13367.717
;;-9985.784;13352.331
;;-9998.093;13355.408
;;-10010.402;13349.253
;;-9995.016;13333.867
;;-9945.779;13315.403
;;-9939.625;13324.635
;;-9976.552;13321.558
;;-9933.47;13340.021
;;-9933.47;13340.021
;;-9936.547;13340.021
;;-9939.625;13324.635
;;-9948.857;13303.094
;;-9948.857;13309.249
;;-9955.011;13300.017
;;-9976.552;13272.321
;;-10028.866;13216.93
;;-9998.093;13232.317
;;-10068.871;13210.776
;;-10102.721;13198.466
;;-10136.571;13192.312
;;-10145.803;13189.235
;;-10151.957;13152.307
;;-10142.725;13152.307
;;-10121.184;13143.075
;;-10105.798;13143.075
;;-10081.18;13146.153
;;-10081.18;13152.307
;;-10075.025;13158.462
;;-10062.716;13176.925
;;-10062.716;13198.466
;;-10075.025;13220.007
;;-10102.721;13253.858
;;-10115.03;13260.012
;;-10139.648;13275.399
;;-10151.957;13287.708
;;-10176.576;13306.171
;;-10207.348;13303.094
;;-10262.739;13293.862
;;-10308.899;13266.167
;;-10336.594;13250.78
;;-10348.903;13220.007
;;-10324.285;13201.544
;;-10308.899;13244.626
;;-10296.59;13260.012
;;-10275.049;13266.167
;;-10265.817;13269.244
;;-10262.739;13263.089
;;-10265.817;13269.244
;;-10256.585;13266.167
;;-10253.508;13263.089
;;-10256.585;13269.244
;;-10262.739;13272.321
;;-10271.971;13300.017
;;-10262.739;13278.476
;;-10278.126;13303.094
;;-10305.821;13290.785
;;-10290.435;13303.094
;;-10327.362;13260.012
;;-10351.981;13247.703
;;-10367.367;13232.317
;;-10367.367;13244.626
;;-10358.135;13266.167
;;-10271.971;13321.558
;;-10275.049;13340.021
;;-10293.512;13287.708
;;-10265.817;13333.867
;;-10262.739;13346.176
;;-10333.517;13281.553
;;-10271.971;13355.408
;;-10287.358;13358.485
;;-10321.208;13364.64
;;-10342.749;13370.794
;;-10302.744;13364.64
;;-10351.981;13376.949
;;-10404.294;13383.103
;;-10355.058;13373.872
;;-10441.222;13392.335
;;-10456.608;13380.026
;;-10471.995;13361.562
;;-10444.299;13358.485
;;-10459.686;13343.099
;;-10398.14;13367.717
;;-10425.835;13367.717
;;-10391.985;13358.485
;;-10364.29;13364.64
;;-10382.753;13361.562
;;-10351.981;13392.335
;;-10355.058;13432.34
;;-10364.29;13447.726
;;-10370.444;13447.726
;;-10388.908;13453.881
;;-10407.372;13453.881
;;-10425.835;13453.881
;;-10450.454;13441.572
;;-10505.845;13426.185
;;-10487.381;13435.417
;;-10533.54;13416.954
;;-10561.236;13420.031
;;-10564.313;13423.108
;;-10561.236;13450.804
;;-10545.849;13456.958
;;-10527.386;13466.19
;;-10505.845;13466.19
;;-10576.622;13438.495
;;-10499.69;13469.267
;;-10499.69;13469.267
;;-10493.536;13472.345
;;-10496.613;13472.345
;;-10493.536;13456.958
;;-10493.536;13460.036
;;-10502.768;13453.881
;;-10511.999;13450.804
;;-10527.386;13450.804
;;-10542.772;13450.804
;;-10570.468;13453.881
;;-10601.241;13460.036
;;-10628.936;13460.036
;;-10650.477;13460.036
;;-10650.477;13460.036
;;-10653.554;13466.19
;;-10650.477;13466.19
;;-10632.013;13478.499
;;-10582.777;13500.04
;;-10607.395;13487.731
;;-10558.159;13509.272
;;-10545.849;13515.427
;;-10542.772;13530.813
;;-10527.386;13536.968
;;-10527.386;13533.89
;;-10527.386;13543.122
;;-10539.695;13552.354
;;-10527.386;13543.122
;;-10552.004;13552.354
;;-10564.313;13558.509
;;-10582.777;13561.586
;;-10619.704;13552.354
;;-10650.477;13546.199
;;-10687.404;13546.199
;;-10690.482;13543.122
;;-10690.482;13564.663
;;-10684.327;13570.818
;;-10662.786;13564.663
;;-10632.013;13583.127
;;-10601.241;13583.127
;;-10558.159;13580.05
;;-10545.849;13580.05
;;-10536.618;13589.281
;;-10518.154;13589.281
;;-10496.613;13595.436
;;-10493.536;13583.127
;;-10487.381;13564.663
;;-10490.458;13540.045
;;-10487.381;13536.968
;;-10493.536;13536.968
;;-10515.077;13527.736
;;-10570.468;13496.963
;;-10592.009;13487.731
;;-10536.618;13512.349
;;-10582.777;13484.654
;;-10558.159;13487.731
;;-10499.69;13478.499
;;-10533.54;13484.654
;;-10459.686;13487.731
;;-10407.372;13500.04
;;-10431.99;13496.963
;;-10385.831;13506.195
;;-10351.981;13518.504
;;-10342.749;13524.658
;;-10339.672;13524.658
;;-10333.517;13527.736
;;-10339.672;13533.89
;;-10333.517;13530.813
;;-10336.594;13524.658
;;-10351.981;13527.736
;;-10373.522;13527.736
;;-10388.908;13546.199
;;-10373.522;13583.127
;;-10342.749;13672.368
;;-10364.29;13620.054
;;-10318.131;13721.605
;;-10284.28;13783.15
;;-10253.508;13795.459
;;-10238.121;13810.846
;;-10238.121;13847.773
;;-10219.657;13887.778
;;-10213.503;13897.01
;;-10207.348;13900.087
;;-10213.503;13903.164
;;-10228.889;13915.473
;;-10253.508;13924.705
;;-10262.739;13933.937
;;-10287.358;13927.783
;;-10315.053;13930.86
;;-10358.135;13933.937
;;-10376.599;13943.169
;;-10376.599;13949.324
;;-10367.367;13967.787
;;-10345.826;13973.942
;;-10321.208;13977.019
;;-10284.28;13992.405
;;-10271.971;14007.792
;;-10259.662;14023.178
;;-10247.353;14032.41
;;-10247.353;14020.101
;;-10259.662;13989.328
;;-10265.817;13980.096
;;-10262.739;13967.787
;;-10265.817;13961.633
;;-10278.126;13958.555
;;-10290.435;13949.324
;;-10318.131;13940.092
;;-10351.981;13912.396
;;-10376.599;13878.546
;;-10361.212;13841.619
;;-10370.444;13857.005
;;-10348.903;13832.387
;;-10315.053;13817
;;-10287.358;13807.768
;;-10250.43;13804.691
;;-10238.121;13804.691
;;-10228.889;13810.846
;;-10213.503;13801.614
;;-10231.967;13798.537
;;-10235.044;13795.459
;;-10250.43;13795.459
;;-10268.894;13795.459
;;-10287.358;13783.15
;;-10308.899;13767.764
;;-10345.826;13752.377
;;-10438.145;13733.914
;;-10419.681;13740.068
;;-10462.763;13721.605
;;-10484.304;13703.141
;;-10502.768;13718.527
;;-10524.308;13727.759
;;-10524.308;13740.068
;;-10515.077;13740.068
;;-10499.69;13740.068
;;-10515.077;13749.3
;;-10499.69;13746.223
;;-10542.772;13755.455
;;-10570.468;13767.764
;;-10592.009;13773.918
;;-10601.241;13764.687
;;-10632.013;13767.764
;;-10653.554;13807.768
;;-10690.482;13820.078
;;-10739.718;13813.923
;;-10930.51;13773.918
;;-10825.882;13795.459
;;-10893.582;13780.073
;;-10967.437;13761.609
;;-10958.205;13767.764
;;-10982.824;13761.609
;;-10998.21;13755.455
;;-10998.21;13758.532
;;-10998.21;13743.146
;;-11016.674;13743.146
;;-11022.828;13733.914
;;-11038.215;13743.146
;;-11019.751;13727.759
;;-11050.524;13736.991
;;-11115.147;13730.836
;;-11139.765;13727.759
;;-11075.142;13730.836
;;-11173.615;13718.527
;;-11262.856;13703.141
;;-11315.17;13696.986
;;-11349.02;13687.754
;;-11392.102;13687.754
;;-11422.875;13696.986
;;-11435.184;13700.064
;;-11453.648;13696.986
;;-11472.112;13709.295
;;-11472.112;13709.295
;;-11484.421;13703.141
;;-11505.962;13684.677
;;-11536.735;13675.445
;;-11592.126;13669.291
;;-11564.43;13666.213
;;-11607.512;13660.059
;;-11622.899;13656.982
;;-11659.826;13647.75
;;-11696.753;13635.441
;;-11752.144;13635.441
;;-11776.763;13635.441
;;-11810.613;13638.518
;;-11835.231;13620.054
;;-11875.236;13610.822
;;-11887.545;13610.822
;;-11884.468;13635.441
;;-11902.931;13610.822
;;-11862.927;13641.595
;;-11856.772;13647.75
;;-11899.854;13604.668
;;-11906.009;13647.75
;;-11902.931;13650.827
;;-11887.545;13644.672
;;-11896.777;13650.827
;;-11878.313;13644.672
;;-11878.313;13653.904
;;-11875.236;13660.059
;;-11866.004;13647.75
;;-11829.077;13626.209
;;-11850.617;13638.518
;;-11906.009;13656.982
;;-11915.24;13678.523
;;-11918.318;13672.368
;;-11912.163;13770.841
;;-11921.395;13696.986
;;-11899.854;13783.15
;;-11859.849;13801.614
;;-11816.767;13780.073
;;-11782.917;13773.918
;;-11745.99;13749.3
;;-11715.217;13740.068
;;-11672.135;13727.759
;;-11696.753;13736.991
;;-11653.671;13706.218
;;-11650.594;13687.754
;;-11644.44;13681.6
;;-11638.285;13678.523
;;-11632.13;13684.677
;;-11632.13;13690.832
;;-11635.208;13675.445
;;-11638.285;13669.291
;;-11647.517;13660.059
;;-11644.44;13647.75
;;-11644.44;13650.827
;;-11635.208;13641.595
;;-11625.976;13632.363
;;-11595.203;13626.209
;;-11558.276;13632.363
;;-11512.116;13641.595
;;-11475.189;13647.75
;;-11419.798;13641.595
;;-11407.489;13641.595
;;-11389.025;13647.75
;;-11367.484;13644.672
;;-11355.175;13644.672
;;-11352.098;13644.672
;;-11345.943;13641.595
;;-11339.788;13629.286
;;-11299.784;13616.977
;;-11299.784;13616.977
;;-11315.17;13604.668
;;-11321.325;13573.895
;;-11318.248;13561.586
;;-11312.093;13567.74
;;-11290.552;13555.431
;;-11262.856;13561.586
;;-11222.852;13564.663
;;-11189.002;13564.663
;;-11139.765;13573.895
;;-11124.379;13570.818
;;-11115.147;13564.663
;;-11093.606;13549.277
;;-11065.91;13543.122
;;-11047.447;13512.349
;;-11032.06;13493.886
;;-11032.06;13478.499
;;-11028.983;13469.267
;;-10992.056;13466.19
;;-10985.901;13456.958
;;-11013.596;13472.345
;;-10970.515;13441.572
;;-10896.66;13426.185
;;-10875.119;13429.263
;;-10902.814;13416.954
;;-10893.582;13438.495
;;-10893.582;13463.113
;;-10884.351;13463.113
;;-10813.573;13450.804
;;-10862.81;13460.036
;;-10635.091;13416.954
;;-10665.864;13423.108
;;-10607.395;13432.34
;;-10558.159;13423.108
;;-10515.077;13404.644
;;-10536.618;13413.876
;;-10536.618;13413.876
;;-10539.695;13410.799
;;-10527.386;13386.181
;;-10536.618;13361.562
;;-10545.849;13303.094
;;-10558.159;13253.858
;;-10601.241;13204.621
;;-10595.086;13167.694
;;-10585.854;13130.766
;;-10530.463;13109.225
;;-10536.618;13109.225
;;-10558.159;13109.225
;;-10548.927;13121.534
;;-10576.622;13081.53
;;-10595.086;13056.911
;;-10555.081;13026.139
;;-10511.999;13004.598
;;-10475.072;12983.057
;;-10468.917;12964.593
;;-10515.077;12943.052
;;-10521.231;12936.897
;;-10539.695;12921.511
;;-10468.917;12936.897
;;-10579.7;12884.584
;;-10601.241;12859.965
;;-10616.627;12841.502
;;-10644.323;12823.038
;;-10665.864;12813.806
;;-10675.095;12813.806
;;-10675.095;12823.038
;;-10678.173;12850.733
;;-10687.404;12872.274
;;-10705.868;12869.197
;;-10724.332;12881.506
;;-10718.177;12893.815
;;-10712.023;12884.584
;;-10690.482;12878.429
;;-10693.559;12875.352
;;-10690.482;12884.584
;;-10699.714;12899.97
;;-10690.482;12924.588
;;-10699.714;12890.738
;;-10696.636;12943.052
;;-10708.945;12964.593
;;-10724.332;13004.598
;;-10739.718;13059.989
;;-10748.95;13106.148
;;-10742.796;13139.998
;;-10708.945;13176.925
;;-10662.786;13226.162
;;-10632.013;13303.094
;;-10625.859;13324.635
;;-10616.627;13370.794
;;-10619.704;13435.417
;;-10632.013;13444.649
;;-10647.4;13469.267
;;-10635.091;13484.654
;;-10635.091;13472.345
;;-10598.163;13444.649
;;-10570.468;13432.34
;;-10521.231;13413.876
;;-10518.154;13395.413
;;-10542.772;13373.872
;;-10558.159;13346.176
;;-10524.308;13312.326
;;-10527.386;13318.48
;;-10505.845;13318.48
;;-10481.227;13296.94
;;-10487.381;13376.949
;;-10502.768;13469.267
;;-10521.231;13546.199
;;-10499.69;13586.204
;;-10450.454;13626.209
;;-10471.995;13601.591
;;-10410.449;13635.441
;;-10373.522;13632.363
;;-10318.131;13518.504
;;-10315.053;13509.272
;;-10305.821;13475.422
;;-10333.517;13586.204
;;-10302.744;13558.509
;;-10281.203;13506.195
;;-10345.826;13586.204
;;-10395.063;13592.359
;;-10428.913;13589.281
;;-10450.454;13576.972
;;-10444.299;13576.972
;;-10370.444;13576.972
;;-10231.967;13496.963
;;-10225.812;13478.499
;;-10241.198;13447.726
;;-10256.585;13376.949
;;-10281.203;13361.562
;;-10336.594;13410.799
;;-10388.908;13466.19
;;-10447.376;13493.886
;;-10468.917;13500.04
;;-10462.763;13515.427
;;-10459.686;13518.504
;;-10419.681;13518.504
;;-10382.753;13509.272
;;-10444.299;13481.576
;;-10481.227;13426.185
;;-10493.536;13407.722
;;-10515.077;13441.572
;;-10505.845;13441.572
;;-10511.999;13435.417
;;-10459.686;13435.417
;;-10456.608;13447.726
;;-10511.999;13432.34
;;-10484.304;13435.417
;;-10530.463;13426.185
;;-10561.236;13444.649
;;-10592.009;13450.804
;;-10613.55;13453.881
;;-10598.163;13441.572
;;-10610.472;13444.649
;;-10622.782;13432.34
;;-10635.091;13392.335
;;-10638.168;13367.717
;;-10616.627;13309.249
;;-10647.4;13336.944
;;-10619.704;13330.79
;;-10628.936;13312.326
;;-10635.091;13330.79
;;-10653.554;13330.79
;;-10647.4;13324.635
;;-10647.4;13318.48
;;-10650.477;13336.944
;;-10668.941;13340.021
;;-10656.632;13346.176
;;-10644.323;13358.485
;;-10644.323;13376.949
;;-10632.013;13370.794
;;-10653.554;13380.026
;;-10678.173;13376.949
;;-10687.404;13358.485
;;-10693.559;13364.64
;;-10668.941;13386.181
;;-10712.023;13367.717
;;-10739.718;13361.562
;;-10745.873;13373.872
;;-10745.873;13373.872
;;-10758.182;13367.717
;;-10739.718;13352.331
;;-10730.486;13364.64
;;-10736.641;13364.64
;;-10727.409;13373.872
;;-10730.486;13376.949
;;-10718.177;13373.872
;;-10715.1;13389.258
;;-10718.177;13389.258
;;-10721.255;13395.413
;;-10724.332;13386.181
;;-10745.873;13407.722
;;-10758.182;13407.722
;;-10761.259;13401.567
;;-10758.182;13404.644
;;-10767.414;13398.49
;;-10795.109;13383.103
;;-10804.341;13361.562
;;-10776.646;13401.567
;;-10801.264;13349.253
;;-10813.573;13380.026
;;-10810.496;13380.026
;;-10792.032;13373.872
;;-10801.264;13346.176
;;-10779.723;13361.562
;;-10764.337;13352.331
;;-10758.182;13336.944
;;-10748.95;13284.63
;;-10736.641;13247.703
;;-10727.409;13244.626
;;-10727.409;13247.703
;;-10724.332;13247.703
;;-10721.255;13260.012
;;-10724.332;13266.167
;;-10724.332;13263.089
;;-10730.486;13253.858
;;-10733.564;13213.853
;;-10748.95;13198.466
;;-10755.105;13186.157
;;-10761.259;13176.925
;;-10776.646;13167.694
;;-10761.259;13183.08
;;-10752.027;13183.08
;;-10724.332;13158.462
;;-10715.1;13158.462
;;-10712.023;13161.539
;;-10702.791;13180.003
;;-10696.636;13186.157
;;-10687.404;13164.616
;;-10684.327;13139.998
;;-10681.25;13099.993
;;-10681.25;13081.53
;;-10672.018;13063.066
;;-10675.095;13063.066
;;-10681.25;13078.452
;;-10668.941;13075.375
;;-10678.173;13063.066
;;-10687.404;13041.525
;;-10684.327;13016.907
;;-10687.404;13010.752
;;-10690.482;13023.061
;;-10684.327;13038.448
;;-10684.327;13007.675
;;-10672.018;13001.52
;;-10656.632;13001.52
;;-10619.704;13001.52
;;-10638.168;13007.675
;;-10622.782;13010.752
;;-10625.859;13010.752
;;-10628.936;13004.598
;;-10638.168;13004.598
;;-10644.323;12995.366
;;-10662.786;12986.134
;;-10665.864;12986.134
;;-10678.173;12992.288
;;-10687.404;13007.675
;;-10684.327;12998.443
;;-10696.636;12989.211
;;-10715.1;12983.057
;;-10721.255;12986.134
;;-10730.486;12989.211
;;-10724.332;12998.443
;;-10724.332;13001.52
;;-10721.255;13013.829
;;-10702.791;13035.37
;;-10693.559;13044.602
;;-10690.482;13053.834
;;-10681.25;13056.911
;;-10693.559;13066.143
;;-10681.25;13063.066
;;-10696.636;13066.143
;;-10681.25;13066.143
;;-10693.559;13072.298
;;-10693.559;13066.143
;;-10727.409;13056.911
;;-10696.636;13081.53
;;-10718.177;13059.989
;;-10662.786;13121.534
;;-10718.177;13056.911
;;-10712.023;13072.298
;;-10659.709;13136.921
;;-10675.095;13109.225
;;-10687.404;13096.916
;;-10702.791;13063.066
;;-10647.4;13146.153
;;-10638.168;13158.462
;;-10635.091;13158.462
;;-10628.936;13164.616
;;-10613.55;13180.003
;;-10628.936;13167.694
;;-10638.168;13167.694
;;-10619.704;13176.925
;;-10724.332;13053.834
;;-10625.859;13155.384
;;-10619.704;13183.08
;;-10616.627;13195.389
;;-10619.704;13198.466
;;-10625.859;13189.235
;;-10628.936;13176.925
;;-10588.931;13173.848
;;-10601.241;13180.003
;;-10610.472;13183.08
;;-10573.545;13176.925
;;-10552.004;13176.925
;;-10530.463;13210.776
;;-10527.386;13263.089
;;-10518.154;13306.171
;;-10521.231;13343.099
;;-10508.922;13401.567
;;-10511.999;13386.181
;;-10518.154;13376.949
;;-10508.922;13410.799
;;-10511.999;13416.954
;;-10515.077;13407.722
;;-10524.308;13413.876
;;-10527.386;13410.799
;;-10539.695;13435.417
;;-10530.463;13435.417
;;-10511.999;13481.576
;;-10493.536;13493.886
;;-10521.231;13453.881
;;-10481.227;13496.963
;;-10462.763;13503.117
;;-10456.608;13512.349
;;-10462.763;13515.427
;;-10478.149;13512.349
;;-10478.149;13478.499
;;-10478.149;13500.04
;;-10475.072;13466.19
;;-10481.227;13438.495
;;-10502.768;13456.958
;;-10493.536;13432.34
;;-10505.845;13453.881
;;-10459.686;13515.427
;;-10468.917;13490.808
;;-10502.768;13463.113
;;-10499.69;13460.036
;;-10508.922;13450.804
;;-10493.536;13460.036
;;-10478.149;13466.19
;;-10465.84;13490.808
;;-10462.763;13503.117
;;-10450.454;13509.272
;;-10441.222;13530.813
;;-10431.99;13530.813
;;-10425.835;13530.813
;;-10431.99;13521.581
;;-10444.299;13506.195
;;-10447.376;13500.04
;;-10453.531;13500.04
;;-10447.376;13506.195
;;-10444.299;13512.349
;;-10438.145;13527.736
;;-10444.299;13540.045
;;-10447.376;13515.427
;;-10438.145;13487.731
;;-10425.835;13475.422
;;-10391.985;13453.881
;;-10407.372;13456.958
;;-10370.444;13435.417
;;-10367.367;13466.19
;;-10351.981;13500.04
;;-10355.058;13493.886
;;-10358.135;13490.808
;;-10361.212;13484.654
;;-10361.212;13478.499
;;-10367.367;13478.499
;;-10361.212;13478.499
;;-10382.753;13435.417
;;-10358.135;13469.267
;;-10373.522;13466.19
;;-10385.831;13426.185
;;-10379.676;13404.644
;;-10385.831;13410.799
;;-10373.522;13407.722
;;-10348.903;13410.799
;;-10361.212;13401.567
;;-10339.672;13423.108
;;-10327.362;13420.031
;;-10318.131;13416.954
;;-10302.744;13410.799
;;-10293.512;13423.108
;;-10293.512;13423.108
;;-10293.512;13420.031
;;-10293.512;13410.799
;;-10293.512;13410.799
;;-10293.512;13404.644
;;-10302.744;13392.335
;;-10305.821;13367.717
;;-10308.899;13340.021
;;-10311.976;13333.867
;;-10305.821;13330.79
;;-10299.667;13330.79
;;-10290.435;13327.712
;;-10275.049;13327.712
;;-10256.585;13330.79
;;-10247.353;13333.867
;;-10244.276;13336.944
;;-10238.121;13336.944
;;-10225.812;13330.79
;;-10222.735;13318.48
;;-10213.503;13306.171
;;-10216.58;13293.862
;;-10213.503;13287.708
;;-10219.657;13281.553
;;-10216.58;13275.399
;;-10219.657;13266.167
;;-10225.812;13256.935
;;-10228.889;13250.78
;;-10231.967;13253.858
;;-10231.967;13253.858
;;-10225.812;13260.012
;;-10225.812;13263.089
;;-10219.657;13278.476
;;-10207.348;13287.708
;;-10198.116;13293.862
;;-10188.885;13303.094
;;-10176.576;13315.403
;;-10167.344;13327.712
;;-10155.035;13343.099
;;-10148.88;13346.176
;;-10145.803;13352.331
;;-10142.725;13364.64
;;-10145.803;13367.717
;;-10148.88;13370.794
;;-10155.035;13370.794
;;-10170.421;13349.253
;;-10167.344;13343.099
;;-10176.576;13321.558
;;-10158.112;13361.562
;;-10176.576;13315.403
;;-10173.498;13306.171
;;-10167.344;13309.249
;;-10158.112;13324.635
;;-10148.88;13343.099
;;-10142.725;13349.253
;;-10133.494;13340.021
;;-10127.339;13336.944
;;-10108.875;13340.021
;;-10118.107;13340.021
;;-10105.798;13340.021
;;-10108.875;13343.099
;;-10111.953;13340.021
;;-10111.953;13343.099
;;-10108.875;13343.099
;;-10121.184;13346.176
;;-10121.184;13358.485
;;-10124.262;13361.562
;;-10121.184;13373.872
;;-10121.184;13386.181
;;-10124.262;13398.49
;;-10127.339;13410.799
;;-10118.107;13429.263
;;-10111.953;13450.804
;;-10111.953;13447.726
;;-10102.721;13444.649
;;-10093.489;13478.499
;;-10071.948;13521.581
;;-10068.871;13549.277
;;-10068.871;13586.204
;;-10065.793;13570.818
;;-10065.793;13595.436
;;-10071.948;13586.204
;;-10075.025;13580.05
;;-10075.025;13586.204
;;-10075.025;13613.9
;;-10087.334;13675.445
;;-10090.412;13687.754
;;-10093.489;13601.591
;;-10096.566;13380.026
;;-10093.489;13247.703
;;-10084.257;13115.38
;;-10078.102;13139.998
;;-10102.721;13493.886
;;-10056.561;13192.312
;;-10068.871;13173.848
;;-10022.711;13201.544
;;-9927.316;13183.08
;;-9862.693;13158.462
;;-9865.77;13130.766
;;-9893.465;13090.762
;;-9911.929;13075.375
;;-9951.934;13023.061
;;-10031.943;12958.438
;;-10105.798;12890.738
;;-10148.88;12832.27
;;-10059.639;12936.897
;;-10188.885;12773.801
;;-10222.735;12696.869
;;-10228.889;12607.628
;;-10207.348;12527.619
;;-10173.498;12453.764
;;-10041.175;12392.218
;;-9970.398;12222.968
;;-9985.784;12269.127
;;-9991.939;12226.045
;;-10111.953;12426.068
;;-9948.857;12226.045
;;-9967.32;12124.495
;;-9942.702;12167.577
;;-10019.634;12112.186
;;-9985.784;12112.186
;;-10065.793;12102.954
;;-10075.025;12081.413
;;-10065.793;12010.635
;;-10035.02;11979.862
;;-10084.257;12029.099
;;-10028.866;11902.93
;;-10007.325;11875.235
;;-10038.098;11946.012
;;-10035.02;11835.23
;;-10062.716;11850.616
;;-9982.707;11862.926
;;-9973.475;11862.926
;;-10071.948;11810.612
;;-10093.489;11829.076
;;-10099.643;11856.771
;;-10065.793;11859.848
;;-10087.334;11856.771
;;-10031.943;11899.853
;;-10062.716;11939.858
;;-10035.02;11909.085
;;-10062.716;11958.321
;;-10047.33;11989.094
;;-10007.325;12019.867
;;-9948.857;12050.64
;;-9958.088;12026.022
;;-9850.384;12096.799
;;-9834.997;12096.799
;;-10001.17;12084.49
;;-10062.716;11998.326
;;-10044.252;12010.635
;;-9878.079;12115.263
;;-9884.234;12109.108
;;-10035.02;11856.771
;;-10053.484;11822.921
;;-9930.393;12102.954
;;-10010.402;12127.572
;;-10078.102;12139.881
;;-10118.107;12136.804
;;-10228.889;12115.263
;;-10256.585;12127.572
;;-10265.817;12170.654
;;-10195.039;12195.272
;;-10145.803;12219.89
;;-10022.711;12287.591
;;-10111.953;12241.431
;;-9893.465;12342.982
;;-9881.156;12395.296
;;-9930.393;12407.605
;;-10004.248;12379.909
;;-10028.866;12361.445
;;-10025.789;12367.6
;;-10081.18;12367.6
;;-10084.257;12355.291
;;-10047.33;12373.755
;;-10068.871;12373.755
;;-10050.407;12389.141
;;-10038.098;12386.064
;;-9995.016;12398.373
;;-9995.016;12422.991
;;-10004.248;12416.837
;;-10028.866;12398.373
;;-10059.639;12336.827
;;-10093.489;12293.745
;;-10093.489;12275.282
;;-10059.639;12284.513
;;-10056.561;12321.441
;;-10062.716;12361.445
;;-10038.098;12401.45
;;-9988.861;12419.914
;;-9927.316;12429.146
;;-9899.62;12426.068
;;-9887.311;12404.527
;;-9875.002;12392.218
;;-9868.847;12392.218
;;-9875.002;12389.141
;;-9871.924;12386.064
;;-9853.461;12370.677
;;-9884.234;12389.141
;;-9862.693;12389.141
;;-9896.543;12382.986
;;-9893.465;12373.755
;;-9865.77;12349.136
;;-9862.693;12342.982
;;-9905.775;12349.136
;;-9930.393;12342.982
;;-9890.388;12352.214
;;-9945.779;12339.904
;;-9942.702;12306.054
;;-9948.857;12315.286
;;-9936.547;12349.136
;;-9936.547;12404.527
;;-9951.934;12438.378
;;-9970.398;12422.991
;;-9982.707;12401.45
;;-9948.857;12373.755
;;-9905.775;12346.059
;;-9905.775;12349.136
;;-9927.316;12342.982
;;-9933.47;12336.827
;;-9902.697;12324.518
;;-9810.379;12290.668
;;-9711.906;12275.282
;;-9674.978;12275.282
;;-9613.433;12253.741
;;-9650.36;12229.122
;;-9801.147;12216.813
;;-9850.384;12195.272
;;-9955.011;12136.804
;;-10081.18;12124.495
;;-10182.73;12115.263
;;-10241.198;12099.876
;;-10318.131;12112.186
;;-10351.981;12124.495
;;-10262.739;12124.495
;;-10324.285;12121.417
;;-10028.866;12186.04
;;-9939.625;12201.427
;;-10142.725;12161.422
;;-9951.934;12198.349
;;-10019.634;12216.813
;;-10136.571;12232.2
;;-10216.58;12244.509
;;-10250.43;12259.895
;;-10278.126;12269.127
;;-10318.131;12241.431
;;-10284.28;12216.813
;;-10185.807;12349.136
;;-10179.653;12389.141
;;-10155.035;12450.687
;;-10090.412;12506.078
;;-10031.943;12558.392
;;-10001.17;12616.86
;;-10019.634;12647.633
;;-10071.948;12666.096
;;-10108.875;12699.947
;;-10145.803;12752.26
;;-10158.112;12767.647
;;-10179.653;12786.111
;;-10179.653;12795.342
;;-10124.262;12795.342
;;-10041.175;12810.729
;;-10022.711;12819.961
;;-10031.943;12832.27
;;-10007.325;12887.661
;;-10004.248;12896.893
;;-9918.084;12915.356
;;-9899.62;12946.129
;;-9927.316;12973.825
;;-9964.243;12970.748
;;-9887.311;12912.279
;;-9930.393;12943.052
;;-9893.465;12930.743
;;-9955.011;12986.134
;;-10016.557;13066.143
;;-10065.793;13118.457
;;-10075.025;13139.998
;;-10090.412;13183.08
;;-10059.639;13189.235
;;-10010.402;13195.389
;;-10025.789;13186.157
;;-10010.402;13216.93
;;-10050.407;13167.694
;;-9991.939;13146.153
;;-9951.934;13201.544
;;-9955.011;13241.548
;;-9979.629;13343.099
;;-10050.407;13410.799
;;-10121.184;13441.572
;;-10158.112;13472.345
;;-10188.885;13472.345
;;-10188.885;13481.576
;;-10176.576;13506.195
;;-9982.707;13444.649
;;-10121.184;13484.654
;;-9881.156;13395.413
;;-9865.77;13380.026
;;-9915.006;13370.794
;;-9973.475;13358.485
;;-9998.093;13398.49
;;-10041.175;13432.34
;;-10096.566;13472.345
;;-10139.648;13487.731
;;-10087.334;13500.04
;;-10075.025;13515.427
;;-10068.871;13518.504
;;-10065.793;13552.354
;;-10115.03;13626.209
;;-10136.571;13672.368
;;-10151.957;13703.141
;;-10155.035;13687.754
;;-10099.643;13693.909
;;-10068.871;13669.291
;;-10056.561;13629.286
;;-9970.398;13629.286
;;-10007.325;13696.986
;;-10016.557;13724.682
;;-10019.634;13770.841
;;-10090.412;13798.537
;;-10145.803;13823.155
;;-10207.348;13844.696
;;-10253.508;13844.696
;;-10305.821;13847.773
;;-10324.285;13832.387
;;-10278.126;13838.541
;;-10259.662;13915.473
;;-10318.131;13912.396
;;-10370.444;13906.242
;;-10262.739;13878.546
;;-10376.599;13881.623
;;-10348.903;13903.164
;;-10345.826;13937.014
;;-10321.208;13937.014
;;-10308.899;13906.242
;;-10185.807;13872.391
;;-10133.494;13863.16
;;-10028.866;13847.773
;;-9939.625;13829.309
;;-9911.929;13807.768
;;-9948.857;13783.15
;;-9970.398;13752.377
;;-10001.17;13712.373
;;-9961.166;13647.75
;;-9988.861;13626.209
;;-10078.102;13620.054
;;-10139.648;13632.363
;;-10179.653;13626.209
;;-10188.885;13623.132
;;-10164.266;13626.209
;;-10102.721;13684.677
;;-10105.798;13696.986
;;-10087.334;13641.595
;;-10148.88;13635.441
;;-10195.039;13610.822
;;-10151.957;13724.682
;;-10121.184;13653.904
;;-10241.198;13598.513
;;-10296.59;13589.281
;;-10311.976;13570.818
;;-10404.294;13730.836
;;-10268.894;13773.918
;;-10142.725;13813.923
;;-10019.634;13844.696
;;-10413.526;13620.054
;;-10367.367;13573.895
;;-9724.215;13758.532
;;-9696.519;13804.691
;;-9801.147;13832.387
;;-9862.693;13727.759
;;-9979.629;13672.368
;;-10161.189;13573.895
;;-10204.271;13521.581
;;-10161.189;13472.345
;;-10158.112;13453.881
;;-10299.667;13469.267
;;-10382.753;13620.054
;;-10382.753;13666.213
;;-10376.599;13543.122
;;-10416.604;13641.595
;;-10265.817;13607.745
;;-10407.372;13684.677
;;-10241.198;13447.726
;;-10385.831;13675.445
;;-10447.376;13678.523
;;-9810.379;13580.05
;;-9834.997;13555.431
;;-10121.184;13589.281
;;-10022.711;13567.74
;;-9973.475;13469.267
;;-10007.325;13447.726
;;-10041.175;13426.185
;;-9878.079;13567.74
;;-10035.02;13416.954
;;-10068.871;13432.34
;;-10022.711;13420.031
;;-10198.116;13478.499
;;-10250.43;13506.195
;;-10213.503;13503.117
;;-10167.344;13444.649
;;-10130.416;13395.413
;;-10115.03;13472.345
;;-10185.807;13487.731
;;-10053.484;13340.021
;;-9970.398;13229.239
;;-10004.248;13284.63
;;-9831.92;13133.844
;;-9970.398;13149.23
;;-9979.629;13189.235
;;-9764.22;13149.23
;;-9973.475;13149.23
;;-9896.543;13173.848
;;-10059.639;13124.612
;;-10275.049;13121.534
;;-10327.362;13099.993
;;-10102.721;12973.825
;;-10090.412;13124.612
;;-10299.667;13053.834
;;-10188.885;13130.766
;;-10050.407;12952.284
;;-9945.779;12930.743
;;-9847.306;12918.434
;;-9804.224;12924.588
;;-9844.229;12863.043
;;-9834.997;12863.043
;;-9878.079;12869.197
;;-9930.393;12884.584
;;-10004.248;12912.279
;;-9828.843;12899.97
;;-10007.325;12952.284
;;-9964.243;12936.897
;;-9973.475;12936.897
;;-9939.625;12961.516
;;-9871.924;12995.366
;;-9801.147;12992.288
;;-9754.988;12992.288
;;-9751.91;12973.825
;;-9841.152;12949.207
;;-9924.238;12887.661
;;-9942.702;12896.893
;;-9887.311;12918.434
;;-9798.07;12939.975
;;-9714.983;12979.979
;;-9696.519;13059.989
;;-9708.828;13124.612
;;-9733.447;13167.694
;;-9721.138;13149.23
;;-9724.215;13059.989
;;-9721.138;13001.52
;;-9622.665;12924.588
;;-9650.36;12958.438
;;-9634.974;12903.047
;;-9727.292;12872.274
;;-9844.229;12921.511
;;-10010.402;13007.675
;;-10121.184;13109.225
;;-10121.184;13149.23
;;-10044.252;13139.998
;;-9847.306;13133.844
;;-9681.133;13133.844
;;-9607.278;13127.689
;;-9610.355;13130.766
;;-9619.587;13103.071
;;-9684.21;13066.143
;;-9739.601;13063.066
;;-9798.07;13087.684
;;-9776.529;13099.993
;;-9773.451;13121.534
;;-9754.988;13167.694
;;-9702.674;13189.235
;;-9696.519;13226.162
;;-9721.138;13275.399
;;-9724.215;13296.94
;;-9819.611;13241.548
;;-9951.934;13152.307
;;-9991.939;13118.457
;;-10068.871;13081.53
;;-10124.262;13081.53
;;-10118.107;13069.221
;;-10118.107;13115.38
;;-10130.416;13161.539
;;-10185.807;13229.239
;;-10278.126;13263.089
;;-10348.903;13290.785
;;-10410.449;13284.63
;;-10348.903;13266.167
;;-10259.662;13269.244
;;-10235.044;13263.089
;;-10262.739;13281.553
;;-10333.517;13296.94
;;-10435.067;13293.862
;;-10462.763;13293.862
;;-10542.772;13250.78
;;-10545.849;13204.621
;;-10490.458;13223.085
;;-10610.472;13223.085
;;-10468.917;13213.853
;;-10508.922;13223.085
;;-10530.463;13226.162
;;-10582.777;13161.539
;;-10552.004;13204.621
;;-10604.318;13093.839
;;-10588.931;13066.143
;;-10632.013;13136.921
;;-10727.409;13238.471
;;-10696.636;13284.63
;;-10705.868;13318.48
;;-10708.945;13315.403
;;-10675.095;13321.558
;;-10592.009;13327.712
;;-10558.159;13330.79
;;-10567.39;13318.48
;;-10576.622;13315.403
;;-10607.395;13256.935
;;-10598.163;13300.017
;;-10622.782;13284.63
;;-10672.018;13315.403
;;-10647.4;13303.094
;;-10548.927;13321.558
;;-10351.981;13413.876
;;-10407.372;13370.794
;;-10404.294;13438.495
;;-10508.922;13441.572
;;-10539.695;13389.258
;;-10573.545;13330.79
;;-10570.468;13309.249
;;-10499.69;13340.021
;;-10478.149;13423.108
;;-10511.999;13490.808
;;-10616.627;13567.74
;;-10785.878;13610.822
;;-10761.259;13536.968
;;-10675.095;13515.427
;;-10595.086;13509.272
;;-10524.308;13463.113
;;-10545.849;13490.808
;;-10539.695;13478.499
;;-10533.54;13509.272
;;-10536.618;13447.726
;;-10530.463;13404.644
;;-10810.496;13586.204
;;-10985.901;13601.591
;;-11068.988;13644.672
;;-10511.999;13435.417
;;-11035.137;13623.132
;;-10896.66;13564.663
;;-10825.882;13543.122
;;-10798.187;13506.195
;;-10788.955;13466.19
;;-10807.419;13410.799
;;-10810.496;13370.794
;;-10825.882;13361.562
;;-10899.737;13373.872
;;-10936.664;13407.722
;;-10982.824;13435.417
;;-11108.992;13460.036
;;-11047.447;13460.036
;;-11062.833;13432.34
;;-11010.519;13404.644
;;-10973.592;13404.644
;;-10973.592;13416.954
;;-10958.205;13487.731
;;-10985.901;13536.968
;;-10998.21;13570.818
;;-10985.901;13472.345
;;-11007.442;13589.281
;;-11056.678;13589.281
;;-11136.688;13616.977
;;-11075.142;13607.745
;;-11185.924;13555.431
;;-11182.847;13558.509
;;-11179.77;13555.431
;;-11152.074;13530.813
;;-11136.688;13549.277
;;-11130.533;13580.05
;;-11155.152;13635.441
;;-11142.842;13656.982
;;-11148.997;13610.822
;;-11148.997;13678.523
;;-11142.842;13706.218
;;-11133.611;13718.527
;;-11136.688;13715.45
;;-11148.997;13715.45
;;-11145.92;13715.45
;;-11148.997;13730.836
;;-11152.074;13755.455
;;-11136.688;13767.764
;;-11136.688;13773.918
;;-11155.152;13770.841
;;-11164.383;13770.841
;;-11179.77;13780.073
;;-11198.233;13780.073
;;-11207.465;13770.841
;;-11176.692;13767.764
;;-11121.301;13764.687
;;-11084.374;13783.15
;;-10945.896;13770.841
;;-11022.828;13789.305
;;-10945.896;13789.305
;;-10918.201;13906.242
;;-10930.51;13983.174
;;-10933.587;14017.024
;;-10952.051;14063.183
;;-10995.133;14118.574
;;-11019.751;14143.192
;;-11025.906;14133.96
;;-11032.06;14118.574
;;-11053.601;14093.956
;;-11056.678;14084.724
;;-11044.369;14081.647
;;-11032.06;14087.801
;;-11004.365;14109.342
;;-10976.669;14130.883
;;-10924.355;14137.038
;;-10875.119;14127.806
;;-10810.496;14127.806
;;-10739.718;14161.656
;;-10675.095;14223.202
;;-10665.864;14272.438
;;-10665.864;14370.911
;;-10662.786;14312.443
;;-10668.941;14432.457
;;-10659.709;14487.848
;;-10638.168;14546.316
;;-10625.859;14620.171
;;-10647.4;14758.649
;;-10616.627;14681.717
;;-10644.323;14814.04
;;-10647.4;14798.654
;;-10641.245;14814.04
;;-10644.323;14814.04
;;-10638.168;14798.654
;;-10582.777;14789.422
;;-10511.999;14795.576
;;-10453.531;14820.195
;;-10395.063;14844.813
;;-10342.749;14844.813
;;-10324.285;14872.508
;;-10302.744;14884.818
;;-10265.817;14884.818
;;-10250.43;14869.431
;;-10247.353;14857.122
;;-10247.353;14844.813
;;-10253.508;14835.581
;;-10250.43;14832.504
;;-10256.585;14817.117
;;-10253.508;14820.195
;;-10256.585;14810.963
;;-10250.43;14792.499
;;-10250.43;14783.267
;;-10241.198;14783.267
;;-10238.121;14792.499
;;-10241.198;14817.117
;;-10210.426;14854.045
;;-10198.116;14884.818
;;-10198.116;14894.049
;;-10182.73;14887.895
;;-10145.803;14850.967
;;-10161.189;14881.74
;;-10164.266;14817.117
;;-10164.266;14786.345
;;-10139.648;14786.345
;;-10127.339;14770.958
;;-10173.498;14746.34
;;-10191.962;14712.49
;;-10182.73;14694.026
;;-10185.807;14678.64
;;-10170.421;14669.408
;;-10155.035;14663.253
;;-10133.494;14647.867
;;-10124.262;14626.326
;;-10108.875;14589.398
;;-10044.252;14546.316
;;-9988.861;14509.389
;;-9890.388;14463.23
;;-9927.316;14487.848
;;-9834.997;14432.457
;;-9822.688;14426.302
;;-9844.229;14417.071
;;-9875.002;14389.375
;;-9905.775;14330.907
;;-9936.547;14315.52
;;-9955.011;14303.211
;;-9998.093;14260.129
;;-9985.784;14287.825
;;-9985.784;14201.661
;;-9964.243;14130.883
;;-9921.161;14081.647
;;-9853.461;14063.183
;;-9810.379;14035.487
;;-9767.297;13995.483
;;-9742.679;13983.174
;;-9733.447;13949.324
;;-9708.828;13900.087
;;-9681.133;13850.85
;;-9607.278;13789.305
;;-9570.351;13746.223
;;-9524.192;13687.754
;;-9502.651;13632.363
;;-9471.878;13610.822
;;-9478.032;13644.672
;;-9490.341;13675.445
;;-9499.573;13672.368
;;-9499.573;13653.904
;;-9521.114;13629.286
;;-9536.501;13632.363
;;-9536.501;13613.9
;;-9499.573;13567.74
;;-9478.032;13583.127
;;-9459.569;13644.672
;;-9471.878;13690.832
;;-9490.341;13724.682
;;-9502.651;13706.218
;;-9514.96;13743.146
;;-9518.037;13767.764
;;-9499.573;13755.455
;;-9484.187;13730.836
;;-9450.337;13693.909
;;-9438.028;13647.75
;;-9422.641;13616.977
;;-9434.95;13601.591
;;-9453.414;13543.122
;;-9471.878;13524.658
;;-9505.728;13493.886
;;-9539.578;13496.963
;;-9558.042;13490.808
;;-9551.887;13503.117
;;-9533.423;13509.272
;;-9508.805;13515.427
;;-9490.341;13555.431
;;-9462.646;13564.663
;;-9459.569;13555.431
;;-9453.414;13527.736
;;-9444.182;13493.886
;;-9438.028;13435.417
;;-9407.255;13401.567
;;-9401.1;13361.562
;;-9410.332;13336.944
;;-9434.95;13336.944
;;-9459.569;13376.949
;;-9459.569;13416.954
;;-9459.569;13423.108
;;-9468.8;13416.954
;;-9487.264;13410.799
;;-9508.805;13420.031
;;-9545.732;13420.031
;;-9573.428;13453.881
;;-9588.814;13496.963
;;-9607.278;13536.968
;;-9638.051;13561.586
;;-9622.665;13629.286
;;-9613.433;13653.904
;;-9594.969;13678.523
;;-9564.196;13684.677
;;-9542.655;13681.6
;;-9524.192;13669.291
;;-9521.114;13641.595
;;-9508.805;13623.132
;;-9481.11;13626.209
;;-9474.955;13647.75
;;-9484.187;13629.286
;;-9490.341;13567.74
;;-9493.419;13546.199
;;-9533.423;13540.045
;;-9533.423;13515.427
;;-9533.423;13503.117
;;-9530.346;13512.349
;;-9511.882;13493.886
;;-9487.264;13506.195
;;-9459.569;13530.813
;;-9428.796;13540.045
;;-9407.255;13546.199
;;-9434.95;13530.813
;;-9416.487;13536.968
;;-9416.487;13533.89
;;-9401.1;13546.199
;;-9398.023;13540.045
;;-9462.646;13564.663
;;-9419.564;13552.354
;;-9478.032;13558.509
;;-9474.955;13512.349
;;-9474.955;13481.576
;;-9484.187;13463.113
;;-9514.96;13475.422
;;-9533.423;13456.958
;;-9521.114;13444.649
;;-9511.882;13453.881
;;-9487.264;13472.345
;;-9453.414;13503.117
;;-9404.177;13549.277
;;-9354.941;13552.354
;;-9376.482;13552.354
;;-9348.786;13543.122
;;-9321.091;13543.122
;;-9305.704;13521.581
;;-9308.782;13484.654
;;-9339.555;13478.499
;;-9339.555;13481.576
;;-9407.255;13453.881
;;-9444.182;13432.34
;;-9474.955;13426.185
;;-9521.114;13426.185
;;-9542.655;13416.954
;;-9551.887;13413.876
;;-9548.81;13420.031
;;-9545.732;13407.722
;;-9539.578;13383.103
;;-9536.501;13370.794
;;-9545.732;13358.485
;;-9576.505;13343.099
;;-9561.119;13343.099
;;-9582.66;13373.872
;;-9588.814;13376.949
;;-9591.892;13373.872
;;-9594.969;13376.949
;;-9601.124;13383.103
;;-9622.665;13392.335
;;-9665.747;13389.258
;;-9699.597;13389.258
;;-9758.065;13392.335
;;-9791.915;13395.413
;;-9813.456;13398.49
;;-9816.533;13395.413
;;-9804.224;13386.181
;;-9754.988;13392.335
;;-9739.601;13401.567
;;-9693.442;13416.954
;;-9650.36;13432.34
;;-9644.206;13444.649
;;-9641.128;13460.036
;;-9622.665;13472.345
;;-9628.819;13469.267
;;-9638.051;13466.19
;;-9644.206;13466.19
;;-9662.669;13463.113
;;-9705.751;13441.572
;;-9730.369;13420.031
;;-9767.297;13413.876
;;-9791.915;13410.799
;;-9828.843;13386.181
;;-9856.538;13373.872
;;-9887.311;13367.717
;;-9893.465;13367.717
;;-9887.311;13380.026
;;-9856.538;13392.335
;;-9828.843;13407.722
;;-9813.456;13420.031
;;-9813.456;13416.954
;;-9810.379;13416.954
;;-9816.533;13423.108
;;-9819.611;13416.954
;;-9834.997;13389.258
;;-9847.306;13343.099
;;-9896.543;13343.099
;;-9945.779;13361.562
;;-9988.861;13373.872
;;-10010.402;13383.103
;;-10053.484;13407.722
;;-9918.084;13352.331
;;-10084.257;13456.958
;;-10090.412;13429.263
;;-10111.953;13407.722
;;-10093.489;13413.876
;;-10087.334;13413.876
;;-10071.948;13426.185
;;-10041.175;13438.495
;;-10038.098;13444.649
;;-10044.252;13453.881
;;-10041.175;13447.726
;;-10053.484;13460.036
;;-10075.025;13407.722
;;-10041.175;13453.881
;;-10044.252;13456.958
;;-10102.721;13364.64
;;-10130.416;13383.103
;;-10188.885;13401.567
;;-10228.889;13407.722
;;-10170.421;13395.413
;;-10265.817;13432.34
;;-10315.053;13506.195
;;-10293.512;13460.036
;;-10302.744;13401.567
;;-10204.271;13275.399
;;-10161.189;13312.326
;;-10158.112;13266.167
;;-10167.344;13358.485
;;-10167.344;13404.644
;;-10161.189;13426.185
;;-10151.957;13466.19
;;-10158.112;13527.736
;;-10173.498;13546.199
;;-10228.889;13558.509
;;-10244.276;13521.581
;;-10265.817;13496.963
;;-10305.821;13484.654
;;-10318.131;13487.731
;;-10348.903;13493.886
;;-10361.212;13500.04
;;-10364.29;13524.658
;;-10370.444;13558.509
;;-10327.362;13524.658
;;-10259.662;13543.122
;;-10244.276;13567.74
;;-10244.276;13586.204
;;-10299.667;13527.736
;;-10231.967;13592.359
;;-10219.657;13644.672
;;-10238.121;13623.132
;;-10250.43;13601.591
;;-10207.348;13629.286
;;-10213.503;13620.054
;;-10219.657;13607.745
;;-10265.817;13595.436
;;-10296.59;13580.05
;;-10308.899;13570.818
;;-10330.44;13564.663
;;-10348.903;13549.277
;;-10351.981;13620.054
;;-10355.058;13589.281
;;-10339.672;13623.132
;;-10315.053;13613.9
;;-10290.435;13616.977
;;-10241.198;13638.518
;;-10216.58;13650.827
;;-10188.885;13644.672
;;-10167.344;13672.368
;;-10155.035;13693.909
;;-10142.725;13616.977
;;-10139.648;13635.441
;;-10179.653;13672.368
;;-10188.885;13690.832
;;-10201.194;13709.295
;;-10219.657;13721.605
;;-10244.276;13733.914
;;-10253.508;13746.223
;;-10284.28;13764.687
;;-10302.744;13700.064
;;-10290.435;13653.904
;;-10290.435;13656.982
;;-10281.203;13653.904
;;-10244.276;13666.213
;;-10210.426;13644.672
;;-10148.88;13647.75
;;-10136.571;13666.213
;;-10164.266;13647.75
;;-10130.416;13681.6
;;-10127.339;13690.832
;;-10118.107;13675.445
;;-10127.339;13681.6
;;-10136.571;13696.986
;;-10158.112;13607.745
;;-10179.653;13515.427
;;-10213.503;13487.731
;;-10253.508;13484.654
;;-10271.971;13493.886
;;-10299.667;13518.504
;;-10327.362;13570.818
;;-10358.135;13770.841
;;-10351.981;13693.909
;;-10345.826;13669.291
;;-10370.444;13789.305
;;-10290.435;13764.687
;;-10355.058;13776.996
;;-10296.59;13780.073
;;-10315.053;13780.073
;;-10281.203;13761.609
;;-10275.049;13758.532
;;-10265.817;13749.3
;;-10259.662;13718.527
;;-10268.894;13721.605
;;-10290.435;13727.759
;;-10315.053;13712.373
;;-10342.749;13696.986
;;-10388.908;13681.6
;;-10416.604;13675.445
;;-10441.222;13669.291
;;-10478.149;13678.523
;;-10481.227;13681.6
;;-10481.227;13684.677
;;-10459.686;13696.986
;;-10428.913;13706.218
;;-10401.217;13712.373
;;-10364.29;13703.141
;;-10351.981;13687.754
;;-10342.749;13693.909
;;-10327.362;13715.45
;;-10318.131;13740.068
;;-10318.131;13758.532
;;-10327.362;13761.609
;;-10333.517;13764.687
;;-10348.903;13746.223
;;-10367.367;13721.605
;;-10401.217;13712.373
;;-10425.835;13709.295
;;-10450.454;13696.986
;;-10484.304;13672.368
;;-10484.304;13672.368
;;-10484.304;13681.6
;;-10468.917;13690.832
;;-10435.067;13703.141
;;-10398.14;13712.373
;;-10351.981;13724.682
;;-10333.517;13743.146
;;-10315.053;13758.532
;;-10290.435;13780.073
;;-10296.59;13801.614
;;-10299.667;13767.764
;;-10302.744;13804.691
;;-10321.208;13795.459
;;-10345.826;13783.15
;;-10370.444;13752.377
;;-10438.145;13718.527
;;-10450.454;13712.373
;;-10471.995;13678.523
;;-10484.304;13656.982
;;-10481.227;13653.904
;;-10398.14;13733.914
;;-10478.149;13653.904
;;-10453.531;13675.445
;;-10376.599;13709.295
;;-10342.749;13733.914
;;-10425.835;13690.832
;;-10330.44;13736.991
;;-10321.208;13743.146
;;-10308.899;13736.991
;;-10299.667;13733.914
;;-10302.744;13703.141
;;-10318.131;13703.141
;;-10342.749;13669.291
;;-10367.367;13635.441
;;-10382.753;13693.909
;;-10422.758;13592.359
;;-10456.608;13543.122
;;-10471.995;13521.581
;;-10508.922;13466.19
;;-10511.999;13447.726
;;-10505.845;13410.799
;;-10505.845;13392.335
;;-10484.304;13404.644
;;-10401.217;13438.495
;;-10398.14;13420.031
;;-10379.676;13395.413
;;-10459.686;13420.031
;;-10425.835;13435.417
;;-10324.285;13426.185
;;-10333.517;13404.644
;;-10339.672;13376.949
;;-10324.285;13450.804
;;-10293.512;13549.277
;;-10290.435;13589.281
;;-10321.208;13484.654
;;-10315.053;13512.349
;;-10296.59;13663.136
;;-10284.28;13607.745
;;-10299.667;13684.677
;;-10268.894;13773.918
;;-10188.885;13881.623
;;-10225.812;13832.387
;;-10158.112;13924.705
;;-10124.262;13973.942
;;-10290.435;13721.605
;;-10102.721;14020.101
;;-10028.866;14075.492
;;-10075.025;14053.951
;;-10022.711;14081.647
;;-10016.557;14087.801
;;-10016.557;14060.106
;;-10016.557;14023.178
;;-10056.561;13924.705
;;-10087.334;13940.092
;;-10115.03;13946.246
;;-10019.634;13915.473
;;-10007.325;13927.783
;;-10019.634;13967.787
;;-10025.789;14026.256
;;-10111.953;14001.637
;;-10133.494;13992.405
;;-10065.793;14017.024
;;-10124.262;13952.401
;;-10133.494;13970.864
;;-9998.093;14035.487
;;-9979.629;14041.642
;;-9967.32;14032.41
;;-9979.629;14010.869
;;-10022.711;14029.333
;;-10050.407;14035.487
;;-10081.18;14007.792
;;-10007.325;14026.256
;;-10087.334;13983.174
;;-10078.102;13989.328
;;-10115.03;13992.405
;;-10167.344;13986.251
;;-10241.198;13989.328
;;-10216.58;13989.328
;;-10290.435;13973.942
;;-10268.894;14001.637
;;-10308.899;14010.869
;;-10302.744;14004.715
;;-10311.976;14032.41
;;-10296.59;14063.183
;;-10293.512;14093.956
;;-10305.821;14115.497
;;-10302.744;14106.265
;;-10302.744;14118.574
;;-10327.362;14121.651
;;-10348.903;14124.729
;;-10382.753;14146.27
;;-10435.067;14146.27
;;-10487.381;14137.038
;;-10653.554;14133.96
;;-10773.568;14124.729
;;-10727.409;14130.883
;;-10552.004;14137.038
;;-10835.114;14124.729
;;-10862.81;14146.27
;;-10884.351;14152.424
;;-10890.505;14186.274
;;-10902.814;14241.665
;;-10878.196;14253.975
;;-10813.573;14238.588
;;-10841.269;14253.975
;;-10841.269;14192.429
;;-10804.341;14210.893
;;-10905.892;14180.12
;;-10948.974;14173.965
;;-10875.119;14180.12
;;-10992.056;14173.965
;;-11056.678;14204.738
;;-11142.842;14204.738
;;-11198.233;14195.506
;;-11229.006;14167.811
;;-11259.779;14133.96
;;-11327.479;14133.96
;;-11281.32;14130.883
;;-11361.329;14133.96
;;-11373.639;14137.038
;;-11376.716;14133.96
;;-11376.716;14124.729
;;-11373.639;14127.806
;;-11385.948;14121.651
;;-11395.18;14087.801
;;-11379.793;14078.569
;;-11336.711;13952.401
;;-11364.407;14038.565
;;-11336.711;13973.942
;;-11342.866;13903.164
;;-11339.788;13930.86
;;-11376.716;13875.469
;;-11422.875;13844.696
;;-11481.344;13804.691
;;-11555.198;13770.841
;;-11607.512;13730.836
;;-11641.362;13724.682
;;-11764.454;13721.605
;;-11807.536;13727.759
;;-11825.999;13727.759
;;-11718.294;13718.527
;;-11838.308;13721.605
;;-11819.845;13672.368
;;-11829.077;13669.291
;;-11835.231;13632.363
;;-11810.613;13570.818
;;-11822.922;13715.45
;;-11789.072;13533.89
;;-11798.304;13533.89
;;-11807.536;13712.373
;;-11924.472;13512.349
;;-11847.54;13536.968
;;-12016.791;13420.031
;;-11890.622;13521.581
;;-12072.182;13380.026
;;-12099.877;13370.794
;;-11964.477;13475.422
;;-12106.032;13358.485
;;-12084.491;13333.867
;;-12001.404;13306.171
;;-11958.322;13275.399
;;-11899.854;13272.321
;;-11758.299;13287.708
;;-11755.222;13312.326
;;-11835.231;13275.399
;;-11761.376;13318.48
;;-11730.603;13343.099
;;-11702.908;13340.021
;;-11745.99;13312.326
;;-11705.985;13309.249
;;-11699.831;13327.712
;;-11709.062;13287.708
;;-11721.372;13281.553
;;-11724.449;13281.553
;;-11733.681;13213.853
;;-11764.454;13133.844
;;-11761.376;13081.53
;;-11733.681;13093.839
;;-11752.144;13072.298
;;-11721.372;13093.839
;;-11696.753;13066.143
;;-11656.749;13047.68
;;-11564.43;13044.602
;;-11616.744;13050.757
;;-11512.116;13063.066
;;-11465.957;13056.911
;;-11447.493;13053.834
;;-11422.875;13044.602
;;-11404.411;13044.602
;;-11385.948;13044.602
;;-11370.561;13041.525
;;-11361.329;13038.448
;;-11355.175;13026.139
;;-11339.788;13001.52
;;-11327.479;12967.67
;;-11293.629;12943.052
;;-11275.166;12930.743
;;-11262.856;12899.97
;;-11247.47;12887.661
;;-11204.388;12863.043
;;-11148.997;12835.347
;;-11112.07;12823.038
;;-11078.219;12819.961
;;-11176.692;12850.733
;;-11041.292;12823.038
;;-10998.21;12804.574
;;-10945.896;12798.42
;;-10976.669;12798.42
;;-10924.355;12795.342
;;-10902.814;12792.265
;;-10902.814;12795.342
;;-10893.582;12786.111
;;-10893.582;12739.951
;;-10884.351;12703.024
;;-10875.119;12696.869
;;-10856.655;12672.251
;;-10887.428;12635.324
;;-10890.505;12632.246
;;-10899.737;12604.551
;;-10893.582;12613.783
;;-10890.505;12632.246
;;-10878.196;12626.092
;;-10844.346;12604.551
;;-10819.728;12592.242
;;-10798.187;12663.019
;;-10798.187;12715.333
;;-10810.496;12739.951
;;-10813.573;12718.41
;;-10822.805;12672.251
;;-10838.191;12663.019
;;-10859.732;12641.478
;;-10887.428;12629.169
;;-10905.892;12619.937
;;-10896.66;12623.015
;;-10859.732;12604.551
;;-10865.887;12583.01
;;-10875.119;12583.01
;;-10881.273;12579.933
;;-10847.423;12555.314
;;-10804.341;12539.928
;;-10825.882;12490.691
;;-10853.578;12432.223
;;-10804.341;12382.986
;;-10742.796;12389.141
;;-10702.791;12429.146
;;-10733.564;12413.759
;;-10693.559;12432.223
;;-10672.018;12413.759
;;-10659.709;12410.682
;;-10665.864;12438.378
;;-10678.173;12481.46
;;-10675.095;12509.155
;;-10696.636;12552.237
;;-10702.791;12564.546
;;-10708.945;12564.546
;;-10690.482;12567.623
;;-10672.018;12564.546
;;-10678.173;12586.087
;;-10712.023;12629.169
;;-10678.173;12653.787
;;-10653.554;12675.328
;;-10638.168;12684.56
;;-10619.704;12693.792
;;-10604.318;12724.565
;;-10588.931;12743.029
;;-10588.931;12770.724
;;-10582.777;12798.42
;;-10582.777;12819.961
;;-10592.009;12856.888
;;-10607.395;12896.893
;;-10598.163;12949.207
;;-10592.009;13026.139
;;-10601.241;13029.216
;;-10604.318;13016.907
;;-10592.009;12976.902
;;-10601.241;12878.429
;;-10601.241;12884.584
;;-10604.318;12927.666
;;-10588.931;12949.207
;;-10567.39;12973.825
;;-10530.463;13004.598
;;-10499.69;13010.752
;;-10468.917;13007.675
;;-10456.608;13004.598
;;-10462.763;13010.752
;;-10484.304;13038.448
;;-10518.154;13072.298
;;-10539.695;13075.375
;;-10585.854;13099.993
;;-10613.55;13081.53
;;-10641.245;13075.375
;;-10653.554;13078.452
;;-10675.095;13087.684
;;-10696.636;13093.839
;;-10705.868;13099.993
;;-10702.791;13118.457
;;-10681.25;13173.848
;;-10641.245;13229.239
;;-10628.936;13250.78
;;-10632.013;13278.476
;;-10622.782;13281.553
;;-10604.318;13290.785
;;-10610.472;13306.171
;;-10616.627;13300.017
;;-10613.55;13306.171
;;-10595.086;13300.017
;;-10601.241;13272.321
;;-10619.704;13281.553
;;-10622.782;13272.321
;;-10625.859;13244.626
;;-10616.627;13244.626
;;-10598.163;13269.244
;;-10595.086;13253.858
;;-10579.7;13269.244
;;-10555.081;13269.244
;;-10536.618;13272.321
;;-10484.304;13290.785
;;-10462.763;13309.249
;;-10431.99;13315.403
;;-10505.845;13278.476
;;-10413.526;13330.79
;;-10428.913;13349.253
;;-10478.149;13346.176
;;-10468.917;13343.099
;;-10471.995;13327.712
;;-10428.913;13330.79
;;-10404.294;13327.712
;;-10456.608;13330.79
;;-10422.758;13318.48
;;-10410.449;13306.171
;;-10355.058;13281.553
;;-10333.517;13272.321
;;-10281.203;13250.78
;;-10225.812;13229.239
;;-10256.585;13223.085
;;-10244.276;13216.93
;;-10281.203;13284.63
;;-10311.976;13343.099
;;-10315.053;13416.954
;;-10333.517;13438.495
;;-10342.749;13475.422
;;-10373.522;13441.572
;;-10391.985;13429.263
;;-10435.067;13423.108
;;-10468.917;13401.567
;;-10518.154;13398.49
;;-10598.163;13392.335
;;-10653.554;13367.717
;;-10733.564;13343.099
;;-10813.573;13306.171
;;-10795.109;13296.94
;;-10779.723;13281.553
;;-10844.346;13263.089
;;-10838.191;13247.703
;;-10816.65;13250.78
;;-10804.341;13250.78
;;-10752.027;13253.858
;;-10712.023;13244.626
;;-10681.25;13232.317
;;-10665.864;13256.935
;;-10638.168;13232.317
;;-10675.095;13269.244
;;-10675.095;13260.012
;;-10687.404;13232.317
;;-10724.332;13247.703
;;-10764.337;13275.399
;;-10788.955;13287.708
;;-10813.573;13293.862
;;-10841.269;13272.321
;;-10875.119;13253.858
;;-10893.582;13256.935
;;-10902.814;13256.935
;;-10924.355;13250.78
;;-10933.587;13235.394
;;-10936.664;13207.698
;;-10936.664;13210.776
;;-10952.051;13204.621
;;-10955.128;13192.312
;;-10948.974;13189.235
;;-10939.742;13195.389
;;-10942.819;13186.157
;;-10936.664;13186.157
;;-10939.742;13183.08
;;-10955.128;13180.003
;;-10998.21;13133.844
;;-10964.36;13161.539
;;-11013.596;13124.612
;;-11035.137;13103.071
;;-11065.91;13090.762
;;-11087.451;13078.452
;;-11090.529;13066.143
;;-11096.683;13041.525
;;-11099.76;13016.907
;;-11078.219;13019.984
;;-11072.065;13019.984
;;-11035.137;13023.061
;;-11016.674;13050.757
;;-10992.056;13072.298
;;-10995.133;13081.53
;;-11044.369;13084.607
;;-11025.906;13090.762
;;-11025.906;13087.684
;;-11041.292;13047.68
;;-11032.06;13010.752
;;-11038.215;12943.052
;;-11059.756;12927.666
;;-11081.297;12915.356
;;-11096.683;12896.893
;;-11148.997;12847.656
;;-11185.924;12841.502
;;-11189.002;12832.27
;;-11201.311;12832.27
;;-11201.311;12838.424
;;-11179.77;12847.656
;;-11170.538;12866.12
;;-11158.229;12844.579
;;-11164.383;12847.656
;;-11148.997;12841.502
;;-11148.997;12859.965
;;-11155.152;12859.965
;;-11133.611;12841.502
;;-11130.533;12823.038
;;-11155.152;12838.424
;;-11152.074;12829.192
;;-11152.074;12829.192
;;-11155.152;12813.806
;;-11133.611;12804.574
;;-11115.147;12801.497
;;-11115.147;12795.342
;;-11112.07;12783.033
;;-11102.838;12804.574
;;-11093.606;12813.806
;;-11072.065;12875.352
;;-11056.678;12847.656
;;-11059.756;12850.733
;;-11047.447;12869.197
;;-11004.365;12847.656
;;-11025.906;12850.733
;;-10982.824;12829.192
;;-10961.283;12844.579
;;-10936.664;12838.424
;;-10930.51;12918.434
;;-10912.046;12973.825
;;-10912.046;13112.303
;;-10924.355;12949.207
;;-10902.814;13127.689
;;-10905.892;13173.848
;;-10918.201;13192.312
;;-10918.201;13241.548
;;-10905.892;12983.057
;;-10905.892;13281.553
;;-10881.273;13327.712
;;-10862.81;13330.79
;;-10847.423;13352.331
;;-10828.96;13420.031
;;-10810.496;13484.654
;;-10770.491;13598.513
;;-10742.796;13795.459
;;-10742.796;13724.682
;;-10788.955;13530.813
;;-10730.486;13801.614
;;-10724.332;13743.146
;;-10696.636;13715.45
;;-10730.486;13820.078
;;-10699.714;13736.991
;;-10718.177;13761.609
;;-10712.023;13749.3
;;-10696.636;13773.918
;;-10687.404;13767.764
;;-10687.404;13733.914
;;-10656.632;13804.691
;;-10684.327;13743.146
;;-10635.091;13823.155
;;-10628.936;13838.541
;;-10607.395;13838.541
;;-10585.854;13863.16
;;-10561.236;13860.082
;;-10548.927;13804.691
;;-10530.463;13826.232
;;-10539.695;13807.768
;;-10548.927;13817
;;-10545.849;13835.464
;;-10536.618;13832.387
;;-10567.39;13847.773
;;-10561.236;13863.16
;;-10558.159;13838.541
;;-10533.54;13853.928
;;-10518.154;13847.773
;;-10496.613;13844.696
;;-10468.917;13847.773
;;-10456.608;13838.541
;;-10450.454;13841.619
;;-10444.299;13841.619
;;-10450.454;13758.532
;;-10462.763;13761.609
;;-10471.995;13696.986
;;-10465.84;13641.595
;;-10462.763;13635.441
;;-10456.608;13804.691
;;-10481.227;13647.75
;;-10478.149;13629.286
;;-10490.458;13620.054
;;-10493.536;13598.513
;;-10471.995;13644.672
;;-10496.613;13613.9
;;-10484.304;13623.132
;;-10475.072;13641.595
;;-10490.458;13616.977
;;-10468.917;13678.523
;;-10468.917;13706.218
;;-10453.531;13718.527
;;-10450.454;13764.687
;;-10447.376;13798.537
;;-10459.686;13786.228
;;-10478.149;13746.223
;;-10484.304;13746.223
;;-10496.613;13743.146
;;-10515.077;13693.909
;;-10521.231;13663.136
;;-10521.231;13623.132
;;-10518.154;13592.359
;;-10548.927;13604.668
;;-10527.386;13555.431
;;-10508.922;13527.736
;;-10515.077;13540.045
;;-10515.077;13546.199
;;-10524.308;13586.204
;;-10518.154;13595.436
;;-10508.922;13595.436
;;-10496.613;13675.445
;;-10521.231;13730.836
;;-10496.613;13613.9
;;-10496.613;13629.286
;;-10545.849;13776.996
;;-10579.7;13813.923
;;-10601.241;13869.314
;;-10576.622;13826.232
;;-10607.395;13866.237
;;-10508.922;13749.3
;;-10465.84;13743.146
;;-10459.686;13743.146
;;-10450.454;13740.068
;;-10462.763;13736.991
;;-10471.995;13736.991
;;-10484.304;13746.223
;;-10471.995;13749.3
;;-10490.458;13758.532
;;-10481.227;13773.918
;;-10496.613;13752.377
;;-10490.458;13712.373
;;-10484.304;13715.45
;;-10487.381;13709.295
;;-10487.381;13715.45
;;-10471.995;13746.223
;;-10490.458;13749.3
;;-10508.922;13721.605
;;-10508.922;13669.291
;;-10524.308;13700.064
;;-10502.768;13638.518
;;-10511.999;13607.745
;;-10515.077;13589.281
;;-10508.922;13620.054
;;-10515.077;13616.977
;;-10511.999;13552.354
;;-10490.458;13484.654
;;-10484.304;13376.949
;;-10471.995;13290.785
;;-10447.376;13284.63
;;-10395.063;13250.78
;;-10370.444;13241.548
;;-10376.599;13149.23
;;-10376.599;13044.602
;;-10382.753;13032.293
;;-10388.908;13047.68
;;-10398.14;13013.829
;;-10395.063;12949.207
;;-10395.063;12899.97
;;-10419.681;12826.115
;;-10416.604;12699.947
;;-10441.222;12598.396
;;-10438.145;12533.773
;;-10413.526;12512.232
;;-10373.522;12506.078
;;-10364.29;12490.691
;;-10379.676;12416.837
;;-10370.444;12382.986
;;-10388.908;12398.373
;;-10407.372;12429.146
;;-10398.14;12426.068
;;-10401.217;12462.996
;;-10398.14;12499.923
;;-10385.831;12506.078
;;-10348.903;12503
;;-10351.981;12539.928
;;-10379.676;12579.933
;;-10376.599;12675.328
;;-10388.908;12730.719
;;-10388.908;12752.26
;;-10348.903;12786.111
;;-10302.744;12804.574
;;-10225.812;12832.27
;;-10210.426;12878.429
;;-10235.044;12890.738
;;-10287.358;12924.588
;;-10293.512;12946.129
;;-10345.826;12949.207
;;-10342.749;12927.666
;;-10299.667;12899.97
;;-10195.039;12952.284
;;-10250.43;12909.202
;;-10198.116;12998.443
;;-10225.812;13007.675
;;-10302.744;12896.893
;;-10290.435;12933.82
;;-10191.962;12992.288
;;-10321.208;12872.274
;;-10262.739;12979.979
;;-10348.903;12878.429
;;-10370.444;12890.738
;;-10299.667;12964.593
;;-10370.444;12924.588
;;-10228.889;13056.911
;;-10216.58;13072.298
;;-10250.43;13081.53
;;-10241.198;13072.298
;;-10225.812;13081.53
;;-10182.73;13032.293
;;-10133.494;12952.284
;;-10124.262;12863.043
;;-10155.035;12776.879
;;-10235.044;12693.792
;;-10299.667;12675.328
;;-10336.594;12653.787
;;-10339.672;12647.633
;;-10311.976;12672.251
;;-10302.744;12706.101
;;-10321.208;12736.874
;;-10330.44;12739.951
;;-10330.44;12715.333
;;-10268.894;12672.251
;;-10241.198;12703.024
;;-10268.894;12672.251
;;-10275.049;12739.951
;;-10278.126;12749.183
;;-10308.899;12749.183
;;-10302.744;12770.724
;;-10284.28;12776.879
;;-10244.276;12727.642
;;-10145.803;12693.792
;;-9998.093;12687.637
;;-9939.625;12699.947
;;-9958.088;12656.865
;;-9995.016;12598.396
;;-9902.697;12684.56
;;-10053.484;12623.015
;;-10145.803;12644.556
;;-10127.339;12592.242
;;-10145.803;12579.933
;;-10219.657;12579.933
;;-10241.198;12570.701
;;-10191.962;12610.705
;;-10170.421;12641.478
;;-10133.494;12687.637
;;-10118.107;12779.956
;;-10065.793;12844.579
;;-10068.871;12921.511
;;-10219.657;12589.164
;;-10130.416;13047.68
;;-10216.58;13038.448
;;-10262.739;12952.284
;;-10075.025;12979.979
;;-10293.512;12863.043
;;-10345.826;12786.111
;;-10388.908;12755.338
;;-10453.531;12761.492
;;-10555.081;12887.661
;;-10524.308;12798.42
;;-10527.386;12927.666
;;-10425.835;12961.516
;;-10370.444;12946.129
;;-10336.594;12946.129
;;-10262.739;12952.284
;;-10093.489;12936.897
;;-9936.547;12943.052
;;-9890.388;12946.129
;;-9964.243;12933.82
;;-10059.639;12939.975
;;-10161.189;12964.593
;;-10259.662;12998.443
;;-10339.672;13013.829
;;-10382.753;12976.902
;;-10419.681;12912.279
;;-10219.657;12819.961
;;-10127.339;12801.497
;;-10173.498;12755.338
;;-10222.735;12835.347
;;-10244.276;12872.274
;;-10281.203;12915.356
;;-10284.28;12918.434
;;-10311.976;12878.429
;;-10348.903;12859.965
;;-10388.908;12869.197
;;-10339.672;12798.42
;;-10308.899;12767.647
;;-10299.667;12743.029
;;-10268.894;12761.492
;;-10213.503;12823.038
;;-10198.116;12872.274
;;-10185.807;12909.202
;;-10124.262;12903.047
;;-9998.093;12881.506
;;-10001.17;12884.584
;;-10047.33;12924.588
;;-10124.262;12829.192
;;-10108.875;12733.797
;;-10115.03;12715.333
;;-10219.657;12832.27
;;-10139.648;12749.183
;;-10318.131;12881.506
;;-10410.449;12943.052
;;-10493.536;12939.975
;;-10431.99;12863.043
;;-10330.44;12841.502
;;-10290.435;12850.733
;;-10296.59;12844.579
;;-10324.285;12841.502
;;-10185.807;12866.12
;;-10118.107;12875.352
;;-10216.58;12912.279
;;-10216.58;12853.811
;;-10133.494;12909.202
;;-10185.807;12927.666
;;-10158.112;12872.274
;;-10087.334;12872.274
;;-10071.948;12869.197
;;-10090.412;12872.274
;;-10056.561;12869.197
;;-10028.866;12872.274
;;-10010.402;12893.815
;;-10078.102;12952.284
;;-10188.885;12986.134
;;-10250.43;13007.675
;;-10342.749;13044.602
;;-10367.367;13047.68
;;-10419.681;13072.298
;;-10481.227;13106.148
;;-10398.14;13189.235
;;-10299.667;13229.239
;;-10459.686;13146.153
;;-10228.889;13241.548
;;-10207.348;13207.698
;;-10201.194;13183.08
;;-10185.807;13180.003
;;-10161.189;13186.157
;;-10118.107;13220.007
;;-10133.494;13272.321
;;-10161.189;13306.171
;;-10207.348;13278.476
;;-10241.198;13272.321
;;-10185.807;13300.017
;;-10213.503;13312.326
;;-10244.276;13309.249
;;-10028.866;13367.717
;;-10179.653;13340.021
;;-9918.084;13395.413
;;-9884.234;13453.881
;;-9948.857;13518.504
;;-10096.566;13570.818
;;-10148.88;13580.05
;;-10253.508;13576.972
;;-10318.131;13573.895
;;-10431.99;13570.818
;;-10511.999;13580.05
;;-10515.077;13623.132
;;-10376.599;13669.291
;;-10333.517;13727.759
;;-10348.903;13690.832
;;-10284.28;13715.45
;;-10151.957;13690.832
;;-10068.871;13690.832
;;-10004.248;13696.986
;;-9998.093;13681.6
;;-10065.793;13650.827
;;-10185.807;13604.668
;;-10290.435;13549.277
;;-10271.971;13487.731
;;-10265.817;13453.881
;;-10284.28;13441.572
;;-10278.126;13435.417
;;-10259.662;13444.649
;;-10198.116;13444.649
;;-10185.807;13447.726
;;-10133.494;13453.881
;;-10161.189;13487.731
;;-10158.112;13472.345
;;-10124.262;13453.881
;;-10124.262;13429.263
;;-10059.639;13426.185
;;-10047.33;13536.968
;;-10001.17;13469.267
;;-10007.325;13570.818
;;-9915.006;13586.204
;;-9927.316;13580.05
;;-9961.166;13558.509
;;-9985.784;13530.813
;;-10038.098;13496.963
;;-10142.725;13509.272
;;-10188.885;13555.431
;;-10244.276;13583.127
;;-10207.348;13613.9
;;-10247.353;13641.595
;;-10247.353;13632.363
;;-10173.498;13635.441
;;-10127.339;13626.209
;;-10145.803;13610.822
;;-10130.416;13592.359
;;-10007.325;13586.204
;;-10050.407;13586.204
;;-10016.557;13592.359
;;-10053.484;13616.977
;;-10028.866;13638.518
;;-9995.016;13629.286
;;-9942.702;13620.054
;;-9896.543;13623.132
;;-9896.543;13644.672
;;-9828.843;13638.518
;;-9844.229;13583.127
;;-9828.843;13567.74
;;-9878.079;13580.05
;;-9902.697;13576.972
;;-9887.311;13558.509
;;-9868.847;13558.509
;;-9865.77;13546.199
;;-9838.074;13536.968
;;-9834.997;13493.886
;;-9828.843;13481.576
;;-9856.538;13484.654
;;-9890.388;13500.04
;;-9856.538;13506.195
;;-9807.302;13515.427
;;-9773.451;13521.581
;;-9754.988;13500.04
;;-9708.828;13487.731
;;-9758.065;13484.654
;;-9745.756;13490.808
;;-9622.665;13472.345
;;-9644.206;13447.726
;;-9644.206;13423.108
;;-9622.665;13389.258
;;-9582.66;13395.413
;;-9622.665;13420.031
;;-9684.21;13444.649
;;-9736.524;13493.886
;;-9718.06;13530.813
;;-9718.06;13515.427
;;-9733.447;13500.04
;;-9699.597;13524.658
;;-9714.983;13595.436
;;-9693.442;13552.354
;;-9665.747;13527.736
;;-9582.66;13512.349
;;-9727.292;13555.431
;;-9604.201;13512.349
;;-9727.292;13595.436
;;-9761.142;13570.818
;;-9887.311;13601.591
;;-10124.262;13616.977
;;-10019.634;13620.054
;;-10130.416;13610.822
;;-10124.262;13592.359
;;-10130.416;13589.281
;;-10231.967;13610.822
;;-10235.044;13616.977
;;-10161.189;13573.895
;;-10238.121;13632.363
;;-10216.58;13638.518
;;-10225.812;13644.672
;;-10268.894;13647.75
;;-10278.126;13656.982
;;-10410.449;13684.677
;;-10471.995;13687.754
;;-10561.236;13690.832
;;-10530.463;13700.064
;;-10441.222;13706.218
;;-10450.454;13721.605
;;-10515.077;13724.682
;;-10868.964;13613.9
;;-10868.964;13604.668
;;-10828.96;13607.745
;;-10450.454;13696.986
;;-10567.39;13727.759
;;-10758.182;13616.977
;;-10668.941;13672.368
;;-10592.009;13807.768
;;-10662.786;13838.541
;;-10619.704;13736.991
;;-10702.791;13820.078
;;-10822.805;13730.836
;;-10952.051;13635.441
;;-10912.046;13644.672
;;-10955.128;13712.373
;;-11025.906;13561.586
;;-10755.105;13773.918
;;-10942.819;13706.218
;;-10979.746;13647.75
;;-10918.201;13607.745
;;-11004.365;13469.267
;;-10976.669;13410.799
;;-10918.201;13293.862
;;-10942.819;13296.94
;;-10945.896;13321.558
;;-10992.056;13367.717
;;-11118.224;13420.031
;;-11204.388;13481.576
;;-11047.447;13380.026
;;-11207.465;13487.731
;;-11173.615;13460.036
;;-11201.311;13509.272
;;-11130.533;13490.808
;;-11010.519;13509.272
;;-11078.219;13484.654
;;-11198.233;13426.185
;;-11247.47;13450.804
;;-11004.365;13493.886
;;-11142.842;13450.804
;;-11065.91;13472.345
;;-11059.756;13444.649
;;-11290.552;13527.736
;;-11004.365;13423.108
;;-10988.978;13398.49
;;-11050.524;13386.181
;;-11016.674;13435.417
;;-11093.606;13447.726
;;-11118.224;13512.349
;;-11155.152;13552.354
;;-11195.156;13552.354
;;-11195.156;13549.277
;;-11189.002;13570.818
;;-11158.229;13558.509
;;-11112.07;13490.808
;;-11007.442;13487.731
;;-10967.437;13466.19
;;-10988.978;13506.195
;;-11016.674;13558.509
;;-11013.596;13586.204
;;-11075.142;13576.972
;;-11170.538;13613.9
;;-11238.238;13610.822
;;-11284.397;13610.822
;;-11309.016;13598.513
;;-11302.861;13626.209
;;-11269.011;13580.05
;;-11198.233;13589.281
;;-11229.006;13629.286
;;-11115.147;13629.286
;;-11065.91;13678.523
;;-11053.601;13712.373
;;-10995.133;13724.682
;;-10992.056;13740.068
;;-10988.978;13715.45
;;-10979.746;13632.363
;;-10942.819;13586.204
;;-10912.046;13543.122
;;-10945.896;13536.968
;;-10961.283;13527.736
;;-10985.901;13561.586
;;-10976.669;13620.054
;;-10942.819;13687.754
;;-10992.056;13672.368
;;-10976.669;13669.291
;;-10952.051;13743.146
;;-10881.273;13801.614
;;-10832.037;13826.232
;;-10828.96;13884.701
;;-10853.578;13884.701
;;-10875.119;13893.932
;;-10890.505;13912.396
;;-10844.346;14007.792
;;-10832.037;14044.719
;;-10795.109;14087.801
;;-10813.573;14170.888
;;-10835.114;14269.361
;;-10816.65;14349.37
;;-10752.027;14401.684
;;-10672.018;14420.148
;;-10632.013;14444.766
;;-10613.55;14472.462
;;-10687.404;14558.626
;;-10764.337;14626.326
;;-10798.187;14660.176
;;-10862.81;14709.412
;;-10908.969;14758.649
;;-10955.128;14841.736
;;-10948.974;14814.04
;;-10948.974;14857.122
;;-10896.66;14860.199
;;-10844.346;14869.431
;;-10776.646;14838.658
;;-10733.564;14820.195
;;-10708.945;14804.808
;;-10662.786;14801.731
;;-10601.241;14789.422
;;-10619.704;14792.499
;;-10576.622;14764.804
;;-10564.313;14743.263
;;-10638.168;14798.654
;;-10548.927;14734.031
;;-10521.231;14712.49
;;-10508.922;14694.026
;;-10505.845;14669.408
;;-10518.154;14650.944
;;-10542.772;14644.789
;;-10555.081;14617.094
;;-10570.468;14610.939
;;-10527.386;14577.089
;;-10459.686;14543.239
;;-10481.227;14552.471
;;-10398.14;14534.007
;;-10336.594;14509.389
;;-10555.081;14601.708
;;-10247.353;14478.616
;;-10278.126;14494.003
;;-10210.426;14457.075
;;-10185.807;14435.534
;;-10148.88;14423.225
;;-10179.653;14367.834
;;-10176.576;14355.525
;;-10164.266;14333.984
;;-10158.112;14321.675
;;-10145.803;14312.443
;;-10136.571;14281.67
;;-10127.339;14247.82
;;-10130.416;14229.356
;;-10099.643;14204.738
;;-10090.412;14173.965
;;-10087.334;14155.501
;;-10090.412;14140.115
;;-10087.334;14130.883
;;-10081.18;14112.42
;;-10056.561;14115.497
;;-10022.711;14127.806
;;-9985.784;14140.115
;;-9970.398;14137.038
;;-9967.32;14140.115
;;-9964.243;14158.579
;;-9982.707;14177.042
;;-10004.248;14152.424
;;-9998.093;14180.12
;;-10004.248;14133.96
;;-9998.093;14124.729
;;-9967.32;14121.651
;;-9921.161;14137.038
;;-9930.393;14146.27
;;-9979.629;14158.579
;;-10035.02;14155.501
;;-10010.402;14158.579
;;-10090.412;14177.042
;;-10102.721;14198.583
;;-10078.102;14269.361
;;-10050.407;14297.056
;;-9973.475;14330.907
;;-9942.702;14333.984
;;-10007.325;14321.675
;;-9896.543;14352.448
;;-9905.775;14349.37
;;-10096.566;14232.434
;;-9893.465;14340.138
;;-9890.388;14327.829
;;-9884.234;14330.907
;;-9890.388;14333.984
;;-9905.775;14337.061
;;-9924.238;14330.907
;;-9970.398;14315.52
;;-9951.934;14324.752
;;-9988.861;14306.288
;;-9979.629;14281.67
;;-9982.707;14284.747
;;-9945.779;14284.747
;;-9967.32;14287.825
;;-9905.775;14269.361
;;-9862.693;14263.206
;;-9834.997;14272.438
;;-9813.456;14253.975
;;-9773.451;14217.047
;;-9767.297;14201.661
;;-9751.91;14180.12
;;-9736.524;14152.424
;;-9739.601;14158.579
;;-9745.756;14170.888
;;-9758.065;14173.965
;;-9794.992;14167.811
;;-9825.765;14158.579
;;-9828.843;14149.347
;;-9816.533;14164.733
;;-9804.224;14155.501
;;-9788.838;14146.27
;;-9751.91;14149.347
;;-9730.369;14149.347
;;-9696.519;14133.96
;;-9668.824;14121.651
;;-9644.206;14115.497
;;-9610.355;14097.033
;;-9598.046;14078.569
;;-9585.737;14066.26
;;-9585.737;14041.642
;;-9594.969;14020.101
;;-9582.66;13977.019
;;-9570.351;13937.014
;;-9591.892;13897.01
;;-9607.278;13844.696
;;-9610.355;13795.459
;;-9625.742;13758.532
;;-9610.355;13656.982
;;-9598.046;13629.286
;;-9508.805;13484.654
;;-9551.887;13564.663
;;-9456.491;13398.49
;;-9391.868;13290.785
;;-9345.709;13149.23
;;-9296.473;13013.829
;;-9278.009;13093.839
;;-9287.241;13155.384
;;-9302.627;13167.694
;;-9278.009;13143.075
;;-9324.168;13189.235
;;-9327.245;13223.085
;;-9370.327;13293.862
;;-9336.477;13269.244
;;-9398.023;13312.326
;;-9407.255;13315.403
;;-9447.259;13315.403
;;-9441.105;13296.94
;;-9425.718;13293.862
;;-9394.946;13275.399
;;-9382.636;13278.476
;;-9351.864;13300.017
;;-9354.941;13309.249
;;-9348.786;13296.94
;;-9345.709;13300.017
;;-9382.636;13287.708
;;-9410.332;13260.012
;;-9348.786;13300.017
;;-9425.718;13226.162
;;-9499.573;13176.925
;;-9468.8;13216.93
;;-9601.124;13072.298
;;-9634.974;13004.598
;;-9656.515;12986.134
;;-9656.515;13001.52
;;-9545.732;13143.075
;;-9644.206;13010.752
;;-9638.051;13016.907
;;-9616.51;13038.448
;;-9444.182;13223.085
;;-9588.814;13044.602
;;-9548.81;13056.911
;;-9533.423;13084.607
;;-9536.501;13112.303
;;-9533.423;13118.457
;;-9527.269;13115.38
;;-9524.192;13099.993
;;-9527.269;13109.225
;;-9545.732;13115.38
;;-9558.042;13127.689
;;-9579.583;13139.998
;;-9594.969;13139.998
;;-9625.742;13173.848
;;-9533.423;13118.457
;;-9665.747;13266.167
;;-9681.133;13373.872
;;-9674.978;13389.258
;;-9668.824;13321.558
;;-9653.437;13395.413
;;-9622.665;13401.567
;;-9585.737;13432.34
;;-9582.66;13466.19
;;-9591.892;13420.031
;;-9598.046;13466.19
;;-9610.355;13469.267
;;-9659.592;13420.031
;;-9631.896;13466.19
;;-9711.906;13395.413
;;-9754.988;13398.49
;;-9816.533;13404.644
;;-9813.456;13401.567
;;-9822.688;13429.263
;;-9813.456;13426.185
;;-9684.21;13389.258
;;-9644.206;13460.036
;;-9801.147;13413.876
;;-9668.824;13392.335
;;-9684.21;13416.954
;;-9662.669;13426.185
;;-9718.06;13392.335
;;-9638.051;13423.108
;;-9770.374;13395.413
;;-9607.278;13413.876
;;-9628.819;13410.799
;;-9591.892;13413.876
;;-9598.046;13413.876
;;-9598.046;13416.954
;;-9607.278;13410.799
;;-9610.355;13395.413
;;-9634.974;13380.026
;;-9656.515;13364.64
;;-9674.978;13358.485
;;-9687.288;13352.331
;;-9681.133;13361.562
;;-9656.515;13367.717
;;-9588.814;13413.876
;;-9613.433;13395.413
;;-9641.128;13373.872
;;-9561.119;13432.34
;;-9530.346;13432.34
;;-9527.269;13426.185
;;-9502.651;13432.34
;;-9493.419;13453.881
;;-9502.651;13460.036
;;-9511.882;13456.958
;;-9511.882;13450.804
;;-9508.805;13463.113
;;-9511.882;13456.958
;;-9518.037;13456.958
;;-9536.501;13447.726
;;-9567.273;13426.185
;;-9570.351;13404.644
;;-9554.964;13407.722
;;-9533.423;13429.263
;;-9576.505;13413.876
;;-9518.037;13432.34
;;-9505.728;13441.572
;;-9484.187;13450.804
;;-9474.955;13463.113
;;-9465.723;13460.036
;;-9447.259;13472.345
;;-9444.182;13500.04
;;-9447.259;13515.427
;;-9465.723;13533.89
;;-9478.032;13530.813
;;-9493.419;13533.89
;;-9518.037;13527.736
;;-9530.346;13521.581
;;-9548.81;13536.968
;;-9594.969;13536.968
;;-9622.665;13530.813
;;-9647.283;13533.89
;;-9653.437;13521.581
;;-9634.974;13521.581
;;-9591.892;13583.127
;;-9601.124;13555.431
;;-9551.887;13601.591
;;-9558.042;13607.745
;;-9536.501;13570.818
;;-9622.665;13524.658
;;-9539.578;13552.354
;;-9533.423;13506.195
;;-9533.423;13484.654
;;-9536.501;13527.736
;;-9530.346;13469.267
;;-9542.655;13469.267
;;-9561.119;13469.267
;;-9576.505;13466.19
;;-9656.515;13435.417
;;-9721.138;13395.413
;;-9754.988;13352.331
;;-9751.91;13364.64
;;-9687.288;13416.954
;;-9699.597;13352.331
;;-9671.901;13364.64
;;-9733.447;13352.331
;;-9653.437;13364.64
;;-9644.206;13361.562
;;-9721.138;13346.176
;;-9638.051;13367.717
;;-9656.515;13358.485
;;-9671.901;13358.485
;;-9641.128;13364.64
;;-9693.442;13355.408
;;-9647.283;13367.717
;;-9644.206;13373.872
;;-9714.983;13349.253
;;-9733.447;13343.099
;;-9804.224;13330.79
;;-9841.152;13324.635
;;-9853.461;13324.635
;;-9862.693;13327.712
;;-9856.538;13333.867
;;-9841.152;13327.712
;;-9834.997;13318.48
;;-9742.679;13364.64
;;-9816.533;13318.48
;;-9748.833;13349.253
;;-9745.756;13364.64
;;-9736.524;13373.872
;;-9742.679;13383.103
;;-9761.142;13355.408
;;-9770.374;13352.331
;;-9779.606;13358.485
;;-9754.988;13367.717
;;-9785.761;13358.485
;;-9810.379;13367.717
;;-9936.547;13358.485
;;-9958.088;13349.253
;;-9976.552;13333.867
;;-9899.62;13361.562
;;-9973.475;13333.867
;;-9945.779;13343.099
;;-9911.929;13352.331
;;-9862.693;13383.103
;;-9951.934;13343.099
;;-9856.538;13392.335
;;-9838.074;13413.876
;;-9825.765;13423.108
;;-9834.997;13429.263
;;-9838.074;13426.185
;;-9831.92;13460.036
;;-9834.997;13441.572
;;-9847.306;13404.644
;;-9856.538;13466.19
;;-9893.465;13460.036
;;-9939.625;13432.34
;;-9979.629;13392.335
;;-9985.784;13340.021
;;-9945.779;13327.712
;;-9924.238;13346.176
;;-9921.161;13370.794
;;-9924.238;13386.181
;;-9927.316;13392.335
;;-9918.084;13423.108
;;-9915.006;13432.34
;;-9915.006;13441.572
;;-9933.47;13469.267
;;-9955.011;13490.808
;;-9924.238;13490.808
;;-9905.775;13496.963
;;-9939.625;13493.886
;;-9918.084;13493.886
;;-9933.47;13490.808
;;-9951.934;13484.654
;;-9982.707;13478.499
;;-10031.943;13463.113
;;-10044.252;13469.267
;;-10053.484;13463.113
;;-10053.484;13460.036
;;-10025.789;13456.958
;;-10013.48;13460.036
;;-9985.784;13472.345
;;-10007.325;13469.267
;;-9955.011;13493.886
;;-9961.166;13490.808
;;-9970.398;13509.272
;;-9945.779;13506.195
;;-9955.011;13490.808
;;-9973.475;13506.195
;;-10001.17;13503.117
;;-9958.088;13487.731
;;-9967.32;13500.04
;;-10047.33;13503.117
;;-9955.011;13518.504
;;-10078.102;13496.963
;;-10096.566;13493.886
;;-10115.03;13493.886
;;-10111.953;13493.886
;;-10078.102;13506.195
;;-10016.557;13530.813
;;-9951.934;13536.968
;;-9299.55;13487.731
;;-9754.988;13540.045
;;-9311.859;13466.19
;;-9490.341;13515.427
;;-9967.32;13478.499
;;-9422.641;13475.422
;;-9558.042;13484.654
;;-9702.674;13484.654
;;-9884.234;13493.886
;;-10388.908;13675.445
;;-10195.039;13561.586
;;-10447.376;13712.373
;;-10413.526;13690.832
;;-10336.594;13666.213
;;-10278.126;13629.286
;;-10293.512;13650.827
;;-10256.585;13629.286
;;-10219.657;13641.595
;;-10173.498;13660.059
;;-10111.953;13663.136
;;-10065.793;13666.213
;;-10038.098;13663.136
;;-10016.557;13663.136
;;-10001.17;13669.291
;;-9998.093;13678.523
;;-9998.093;13690.832
;;-10007.325;13700.064
;;-10038.098;13718.527
;;-10071.948;13749.3
;;-10090.412;13736.991
;;-10133.494;13730.836
;;-10173.498;13736.991
;;-10198.116;13749.3
;;-10216.58;13758.532
;;-10213.503;13767.764
;;-10207.348;13786.228
;;-10191.962;13807.768
;;-10161.189;13847.773
;;-10142.725;13875.469
;;-10136.571;13900.087
;;-10139.648;13921.628
;;-10133.494;13946.246
;;-10136.571;13967.787
;;-10142.725;13986.251
;;-10158.112;14001.637
;;-10188.885;14023.178
;;-10228.889;14041.642
;;-10302.744;14038.565
;;-10342.749;14032.41
;;-10385.831;14038.565
;;-10407.372;14053.951
;;-10256.585;14044.719
;;-10425.835;14066.26
;;-10428.913;14087.801
;;-10413.526;14124.729
;;-10395.063;14177.042
;;-10379.676;14189.352
;;-10355.058;14226.279
;;-10345.826;14269.361
;;-10364.29;14337.061
;;-10373.522;14373.989
;;-10382.753;14404.761
;;-10385.831;14429.38
;;-10407.372;14447.843
;;-10391.985;14444.766
;;-10413.526;14447.843
;;-10435.067;14463.23
;;-10453.531;14487.848
;;-10484.304;14500.157
;;-10539.695;14497.08
;;-10592.009;14478.616
;;-10625.859;14450.921
;;-10638.168;14404.761
;;-10632.013;14343.216
;;-10607.395;14324.752
;;-10561.236;14321.675
;;-10502.768;14303.211
;;-10450.454;14290.902
;;-10435.067;14257.052
;;-10468.917;14300.134
;;-10438.145;14272.438
;;-10431.99;14238.588
;;-10435.067;14217.047
;;-10459.686;14186.274
;;-10471.995;14149.347
;;-10536.618;14093.956
;;-10496.613;14106.265
;;-10478.149;14127.806
;;-10576.622;14069.338
;;-10610.472;14041.642
;;-10635.091;13989.328
;;-10625.859;13983.174
;;-10644.323;13998.56
;;-10598.163;13943.169
;;-10570.468;13890.855
;;-10555.081;13866.237
;;-10508.922;13820.078
;;-10481.227;13764.687
;;-10462.763;13721.605
;;-10453.531;13703.141
;;-10438.145;13690.832
;;-10435.067;13690.832
;;-10447.376;13696.986
;;-10468.917;13672.368
;;-10478.149;13666.213
;;-10505.845;13660.059
;;-10521.231;13650.827
;;-10548.927;13647.75
;;-10585.854;13644.672
;;-10610.472;13660.059
;;-10628.936;13666.213
;;-10644.323;13675.445
;;-10638.168;13684.677
;;-10622.782;13690.832
;;-10592.009;13700.064
;;-10579.7;13696.986
;;-10552.004;13703.141
;;-10518.154;13715.45
;;-10502.768;13733.914
;;-10493.536;13746.223
;;-10487.381;13761.609
;;-10481.227;13770.841
;;-10487.381;13773.918
;;-10496.613;13761.609
;;-10493.536;13761.609
;;-10508.922;13761.609
;;-10524.308;13743.146
;;-10539.695;13736.991
;;-10576.622;13733.914
;;-10604.318;13730.836
;;-10628.936;13727.759
;;-10647.4;13727.759
;;-10650.477;13727.759
;;-10638.168;13733.914
;;-10613.55;13724.682
;;-10579.7;13715.45
;;-10567.39;13721.605
;;-10518.154;13733.914
;;-10493.536;13740.068
;;-10484.304;13736.991
;;-10471.995;13736.991
;;-10459.686;13733.914
;;-10444.299;13736.991
;;-10447.376;13730.836
;;-10450.454;13727.759
;;-10459.686;13727.759
;;-10468.917;13724.682
;;-10487.381;13721.605
;;-10505.845;13709.295
;;-10539.695;13700.064
;;-10567.39;13684.677
;;-10588.931;13678.523
;;-10595.086;13656.982
;;-10595.086;13626.209
;;-10533.54;13623.132
;;-10515.077;13629.286
;;-10481.227;13635.441
;;-10419.681;13656.982
;;-10404.294;13666.213
;;-10385.831;13684.677
;;-10438.145;13644.672
;;-10364.29;13693.909
;;-10345.826;13690.832
;;-10351.981;13693.909
;;-10364.29;13696.986
;;-10348.903;13690.832
;;-10419.681;13678.523
;;-10382.753;13684.677
;;-10481.227;13656.982
;;-10465.84;13663.136
;;-10447.376;13669.291
;;-10484.304;13616.977
;;-10444.299;13653.904
;;-10407.372;13681.6
;;-10382.753;13681.6
;;-10330.44;13696.986
;;-10302.744;13715.45
;;-10281.203;13718.527
;;-10268.894;13746.223
;;-10256.585;13761.609
;;-10235.044;13792.382
;;-10235.044;13817
;;-10238.121;13844.696
;;-10244.276;13881.623
;;-10268.894;13927.783
;;-10293.512;13930.86
;;-10250.43;13909.319
;;-10305.821;13952.401
;;-10315.053;13949.324
;;-10305.821;13930.86
;;-10287.358;13980.096
;;-10265.817;14032.41
;;-10247.353;14057.028
;;-10081.18;14247.82
;;-10075.025;14253.975
;;-10053.484;14266.284
;;-10047.33;14297.056
;;-10041.175;14321.675
;;-10068.871;14343.216
;;-10124.262;14352.448
;;-10148.88;14337.061
;;-10167.344;14312.443
;;-10053.484;14343.216
;;-10176.576;14306.288
;;-10167.344;14306.288
;;-10139.648;14284.747
;;-10087.334;14309.366
;;-10044.252;14318.597
;;-10105.798;14297.056
;;-10010.402;14297.056
;;-10004.248;14247.82
;;-10019.634;14220.124
;;-10004.248;14290.902
;;-10019.634;14300.134
;;-10044.252;14146.27
;;-10056.561;14133.96
;;-10108.875;14140.115
;;-10158.112;14155.501
;;-10028.866;14177.042
;;-10075.025;14133.96
;;-10204.271;14149.347
;;-10256.585;14090.879
;;-10244.276;14140.115
;;-10259.662;14115.497
;;-10256.585;14161.656
;;-10259.662;14115.497
;;-10228.889;14198.583
;;-10207.348;14201.661
;;-10182.73;14180.12
;;-10167.344;14149.347
;;-10191.962;14207.815
;;-10176.576;14146.27
;;-10185.807;14152.424
;;-10225.812;14158.579
;;-10324.285;14177.042
;;-10287.358;14183.197
;;-10259.662;14177.042
;;-10364.29;14189.352
;;-10419.681;14204.738
;;-10462.763;14170.888
;;-10527.386;14149.347
;;-10499.69;14149.347
;;-10558.159;14195.506
;;-10564.313;14158.579
;;-10555.081;14220.124
;;-10545.849;14272.438
;;-10561.236;14290.902
;;-10561.236;14170.888
;;-10555.081;14266.284
;;-10561.236;14293.979
;;-10573.545;14315.52
;;-10616.627;14327.829
;;-10653.554;14278.593
;;-10696.636;14266.284
;;-10742.796;14263.206
;;-10795.109;14260.129
;;-10844.346;14266.284
;;-10908.969;14253.975
;;-10948.974;14260.129
;;-10979.746;14260.129
;;-11053.601;14293.979
;;-11068.988;14309.366
;;-11087.451;14346.293
;;-11072.065;14327.829
;;-11090.529;14346.293
;;-11105.915;14346.293
;;-11133.611;14361.679
;;-11158.229;14383.22
;;-11176.692;14475.539
;;-11164.383;14432.457
;;-11195.156;14490.925
;;-11207.465;14509.389
;;-11222.852;14515.544
;;-11238.238;14503.234
;;-11265.934;14487.848
;;-11395.18;14494.003
;;-11358.252;14490.925
;;-11305.938;14487.848
;;-11429.03;14490.925
;;-11450.571;14472.462
;;-11447.493;14469.384
;;-11456.725;14481.693
;;-11456.725;14484.771
;;-11459.803;14481.693
;;-11444.416;14484.771
;;-11450.571;14487.848
;;-11459.803;14494.003
;;-11475.189;14512.466
;;-11478.266;14515.544
;;-11490.575;14503.234
;;-11515.194;14500.157
;;-11536.735;14512.466
;;-11561.353;14518.621
;;-11589.048;14521.698
;;-11625.976;14503.234
;;-11669.058;14490.925
;;-11733.681;14478.616
;;-11702.908;14478.616
;;-11749.067;14472.462
;;-11767.531;14469.384
;;-11770.608;14472.462
;;-11739.835;14475.539
;;-11761.376;14478.616
;;-11721.372;14472.462
;;-11681.367;14481.693
;;-11702.908;14478.616
;;-11681.367;14469.384
;;-11647.517;14420.148
;;-11647.517;14413.993
;;-11656.749;14410.916
;;-11653.671;14410.916
;;-11650.594;14401.684
;;-11659.826;14373.989
;;-11653.671;14392.452
;;-11687.521;14346.293
;;-11718.294;14318.597
;;-11730.603;14281.67
;;-11733.681;14293.979
;;-11752.144;14253.975
;;-11736.758;14238.588
;;-11724.449;14229.356
;;-11709.062;14220.124
;;-11684.444;14201.661
;;-11665.981;14201.661
;;-11622.899;14195.506
;;-11595.203;14180.12
;;-11564.43;14180.12
;;-11524.425;14149.347
;;-11490.575;14127.806
;;-11469.034;14093.956
;;-11465.957;14103.188
;;-11545.966;14170.888
;;-11459.803;14032.41
;;-11459.803;14093.956
;;-11462.88;14010.869
;;-11484.421;13989.328
;;-11453.648;14066.26
;;-11487.498;13857.005
;;-11469.034;13817
;;-11444.416;13776.996
;;-11456.725;13795.459
;;-11419.798;13743.146
;;-11379.793;13715.45
;;-11352.098;13706.218
;;-11324.402;13693.909
;;-11296.707;13700.064
;;-11284.397;13700.064
;;-11250.547;13696.986
;;-11225.929;13684.677
;;-11158.229;13626.209
;;-11192.079;13672.368
;;-11078.219;13607.745
;;-11105.915;13601.591
;;-11059.756;13583.127
;;-11068.988;13598.513
;;-11081.297;13530.813
;;-11053.601;13561.586
;;-11078.219;13518.504
;;-11065.91;13493.886
;;-11047.447;13453.881
;;-11010.519;13386.181
;;-11001.287;13392.335
;;-10995.133;13386.181
;;-10973.592;13358.485
;;-10945.896;13352.331
;;-10927.433;13336.944
;;-10912.046;13300.017
;;-10948.974;13346.176
;;-10905.892;13260.012
;;-10902.814;13241.548
;;-10899.737;13213.853
;;-10890.505;13192.312
;;-10884.351;13170.771
;;-10890.505;13136.921
;;-10915.123;13087.684
;;-10908.969;13066.143
;;-10912.046;13050.757
;;-10927.433;13016.907
;;-10918.201;12967.67
;;-10899.737;12979.979
;;-10905.892;12967.67
;;-10921.278;12970.748
;;-10933.587;12967.67
;;-10939.742;12976.902
;;-10915.123;12995.366
;;-10896.66;12983.057
;;-10841.269;12973.825
;;-10776.646;12955.361
;;-10755.105;12943.052
;;-10708.945;12939.975
;;-10681.25;12933.82
;;-10742.796;12936.897
;;-10668.941;12939.975
;;-10721.255;12955.361
;;-10872.041;12915.356
;;-10788.955;12952.284
;;-10905.892;12887.661
;;-10942.819;12881.506
;;-10933.587;12859.965
;;-10918.201;12813.806
;;-10890.505;12835.347
;;-10856.655;12872.274
;;-10859.732;12943.052
;;-10862.81;12952.284
;;-10847.423;12893.815
;;-10881.273;12955.361
;;-10884.351;12970.748
;;-10878.196;12989.211
;;-10872.041;13004.598
;;-10875.119;13019.984
;;-10872.041;13035.37
;;-10872.041;13053.834
;;-10844.346;13066.143
;;-10801.264;13069.221
;;-10755.105;13044.602
;;-10822.805;13075.375
;;-10675.095;13059.989
;;-10576.622;13084.607
;;-10444.299;13152.307
;;-10410.449;13180.003
;;-10484.304;13118.457
;;-10373.522;13198.466
;;-10336.594;13247.703
;;-10333.517;13253.858
;;-10373.522;13309.249
;;-10410.449;13315.403
;;-10422.758;13315.403
;;-10345.826;13275.399
;;-10419.681;13303.094
;;-10425.835;13318.48
;;-10441.222;13367.717
;;-10428.913;13386.181
;;-10444.299;13383.103
;;-10441.222;13383.103
;;-10419.681;13383.103
;;-10391.985;13386.181
;;-10342.749;13410.799
;;-10293.512;13423.108
;;-10271.971;13435.417
;;-10238.121;13450.804
;;-10198.116;13472.345
;;-10167.344;13549.277
;;-10164.266;13530.813
;;-10176.576;13509.272
;;-10201.194;13564.663
;;-10225.812;13573.895
;;-10228.889;13592.359
;;-10219.657;13598.513
;;-10191.962;13592.359
;;-10185.807;13583.127
;;-10167.344;13564.663
;;-10161.189;13546.199
;;-10164.266;13546.199
;;-10133.494;13601.591
;;-10111.953;13613.9
;;-10093.489;13672.368
;;-10151.957;13589.281
;;-10102.721;13641.595
;;-10090.412;13684.677
;;-10081.18;13730.836
;;-10078.102;13789.305
;;-10068.871;13841.619
;;-10075.025;13857.005
;;-10087.334;13863.16
;;-10090.412;13946.246
;;-10093.489;14032.41
;;-10102.721;14060.106
;;-10164.266;13946.246
;;-10182.73;13853.928
;;-10127.339;13998.56
;;-10204.271;13860.082
;;-10250.43;13780.073
;;-10219.657;13878.546
;;-10284.28;13761.609
;;-10308.899;13696.986
;;-10336.594;13573.895
;;-10361.212;13552.354
;;-10379.676;13660.059
;;-10407.372;13629.286
;;-10462.763;13700.064
;;-10490.458;13564.663
;;-10499.69;13543.122
;;-10542.772;13570.818
;;-10576.622;13613.9
;;-10595.086;13635.441
;;-10579.7;13641.595
;;-10576.622;13598.513
;;-10588.931;13576.972
;;-10595.086;13592.359
;;-10641.245;13601.591
;;-10687.404;13632.363
;;-10702.791;13638.518
;;-10712.023;13660.059
;;-10715.1;13653.904
;;-10727.409;13663.136
;;-10733.564;13696.986
;;-10736.641;13740.068
;;-10724.332;13749.3
;;-10708.945;13736.991
;;-10696.636;13721.605
;;-10693.559;13709.295
;;-10681.25;13693.909
;;-10659.709;13687.754
;;-10625.859;13730.836
;;-10628.936;13709.295
;;-10619.704;13733.914
;;-10622.782;13746.223
;;-10613.55;13730.836
;;-10656.632;13761.609
;;-10668.941;13770.841
;;-10687.404;13789.305
;;-10690.482;13776.996
;;-10705.868;13764.687
;;-10678.173;13776.996
;;-10705.868;13780.073
;;-10730.486;13770.841
;;-10736.641;13789.305
;;-10730.486;13798.537
;;-10730.486;13786.228
;;-10718.177;13813.923
;;-10708.945;13823.155
;;-10718.177;13863.16
;;-10730.486;13878.546
;;-10736.641;13881.623
;;-10724.332;13863.16
;;-10712.023;13875.469
;;-10702.791;13881.623
;;-10770.491;13906.242
;;-10748.95;13909.319
;;-10752.027;13872.391
;;-10785.878;13900.087
;;-10828.96;13930.86
;;-10847.423;13927.783
;;-10838.191;13927.783
;;-10832.037;13930.86
;;-10813.573;13915.473
;;-10810.496;13890.855
;;-10801.264;13912.396
;;-10822.805;13918.551
;;-10816.65;13912.396
;;-10801.264;13921.628
;;-10752.027;13927.783
;;-10758.182;13915.473
;;-10736.641;13890.855
;;-10730.486;13878.546
;;-10708.945;13869.314
;;-10908.969;13878.546
;;-10715.1;13866.237
;;-10942.819;13884.701
;;-10973.592;13884.701
;;-10985.901;13878.546
;;-10992.056;13881.623
;;-10967.437;13872.391
;;-10936.664;13869.314
;;-10924.355;13853.928
;;-10905.892;13844.696
;;-10887.428;13838.541
;;-10832.037;13826.232
;;-10828.96;13829.309
;;-10828.96;13841.619
;;-10819.728;13857.005
;;-10807.419;13850.85
;;-10810.496;13841.619
;;-10801.264;13850.85
;;-10792.032;13832.387
;;-10782.8;13826.232
;;-10761.259;13810.846
;;-10764.337;13792.382
;;-10755.105;13786.228
;;-10755.105;13776.996
;;-10752.027;13764.687
;;-10752.027;13758.532
;;-10748.95;13752.377
;;-10718.177;13758.532
;;-10690.482;13767.764
;;-10678.173;13773.918
;;-10653.554;13792.382
;;-10644.323;13798.537
;;-10604.318;13817
;;-10561.236;13850.85
;;-10533.54;13872.391
;;-10533.54;13863.16
;;-10548.927;13869.314
;;-10548.927;13866.237
;;-10536.618;13860.082
;;-10545.849;13853.928
;;-10536.618;13841.619
;;-10539.695;13847.773
;;-10555.081;13850.85
;;-10567.39;13844.696
;;-10570.468;13853.928
;;-10558.159;13860.082
;;-10536.618;13881.623
;;-10536.618;13881.623
;;-10536.618;13890.855
;;-10518.154;13909.319
;;-10515.077;13924.705
;;-10515.077;13946.246
;;-10505.845;13955.478
;;-10505.845;13977.019
;;-10518.154;14010.869
;;-10539.695;14038.565
;;-10536.618;14060.106
;;-10570.468;14053.951
;;-10595.086;14032.41
;;-10592.009;14035.487
;;-10576.622;14053.951
;;-10567.39;14072.415
;;-10561.236;14090.879
;;-10564.313;14109.342
;;-10564.313;14130.883
;;-10558.159;14149.347
;;-10545.849;14167.811
;;-10524.308;14201.661
;;-10530.463;14201.661
;;-10515.077;14204.738
;;-10527.386;14195.506
;;-10515.077;14204.738
;;-10521.231;14220.124
;;-10511.999;14253.975
;;-10508.922;14269.361
;;-10511.999;14272.438
;;-10515.077;14263.206
;;-10530.463;14244.743
;;-10536.618;14247.82
;;-10536.618;14257.052
;;-10545.849;14235.511
;;-10539.695;14235.511
;;-10530.463;14241.665
;;-10542.772;14241.665
;;-10508.922;14247.82
;;-10521.231;14250.897
;;-10496.613;14247.82
;;-10487.381;14232.434
;;-10462.763;14217.047
;;-10435.067;14210.893
;;-10407.372;14183.197
;;-10388.908;14152.424
;;-10342.749;14149.347
;;-10342.749;14143.192
;;-10345.826;14140.115
;;-10339.672;14140.115
;;-10345.826;14143.192
;;-10339.672;14109.342
;;-10311.976;14063.183
;;-10318.131;14081.647
;;-10311.976;14041.642
;;-10259.662;14007.792
;;-10271.971;13992.405
;;-10133.494;13992.405
;;-10247.353;13992.405
;;-10164.266;13977.019
;;-10210.426;13986.251
;;-10244.276;13989.328
;;-10299.667;13983.174
;;-10364.29;13980.096
;;-10401.217;13949.324
;;-10428.913;13921.628
;;-10435.067;13955.478
;;-10438.145;13949.324
;;-10416.604;13952.401
;;-10339.672;13958.555
;;-10136.571;13890.855
;;-10056.561;13872.391
;;-10235.044;13927.783
;;-10062.716;13835.464
;;-10084.257;13798.537
;;-10127.339;13749.3
;;-10170.421;13736.991
;;-10238.121;13736.991
;;-10219.657;13740.068
;;-10241.198;13721.605
;;-10225.812;13703.141
;;-10228.889;13693.909
;;-10247.353;13666.213
;;-10265.817;13660.059
;;-10253.508;13641.595
;;-10253.508;13663.136
;;-10231.967;13647.75
;;-10235.044;13613.9
;;-10041.175;13536.968
;;-10207.348;13583.127
;;-9955.011;13512.349
;;-9958.088;13355.408
;;-9967.32;13487.731
;;-10025.789;13290.785
;;-9967.32;13463.113
;;-10075.025;13226.162
;;-10136.571;13136.921
;;-10179.653;13087.684
;;-10250.43;12979.979
;;-10321.208;12896.893
;;-10330.44;12829.192
;;-10333.517;12736.874
;;-10324.285;12727.642
;;-10281.203;12703.024
;;-10222.735;12675.328
;;-10204.271;12626.092
;;-10201.194;12558.392
;;-10133.494;12459.919
;;-10065.793;12333.75
;;-10047.33;12509.155
;;-10078.102;12512.232
;;-10062.716;12373.755
;;-10204.271;12576.855
;;-10268.894;12586.087
;;-10330.44;12546.082
;;-10361.212;12469.15
;;-10370.444;12389.141
;;-10351.981;12355.291
;;-10308.899;12269.127
;;-10268.894;12186.04
;;-10201.194;12056.794
;;-10173.498;12022.944
;;-10167.344;11992.172
;;-10133.494;11961.399
;;-10105.798;11952.167
;;-10111.953;11930.626
;;-10145.803;11884.467
;;-10155.035;11801.38
;;-10108.875;11724.448
;;-10115.03;11705.984
;;-10127.339;11733.68
;;-10173.498;11789.071
;;-10176.576;11832.153
;;-10127.339;11859.848
;;-10136.571;11881.389
;;-10182.73;11927.549
;;-10231.967;11924.471
;;-10244.276;11902.93
;;-10281.203;11921.394
;;-10256.585;11964.476
;;-10093.489;11986.017
;;-10022.711;12032.176
;;-10035.02;12059.872
;;-10056.561;12096.799
;;-10099.643;12118.34
;;-10158.112;12136.804
;;-10136.571;12158.345
;;-10068.871;12179.886
;;-10044.252;12192.195
;;-10059.639;12192.195
;;-10121.184;12216.813
;;-10182.73;12244.509
;;-10271.971;12352.214
;;-10311.976;12432.223
;;-10299.667;12499.923
;;-10161.189;12555.314
;;-10121.184;12570.701
;;-9951.934;12573.778
;;-9822.688;12576.855
;;-9767.297;12635.324
;;-9764.22;12650.71
;;-9798.07;12666.096
;;-9915.006;12690.715
;;-10038.098;12709.178
;;-10078.102;12709.178
;;-10099.643;12733.797
;;-10053.484;12730.719
;;-9955.011;12727.642
;;-9856.538;12743.029
;;-9831.92;12761.492
;;-9785.761;12758.415
;;-9779.606;12770.724
;;-9751.91;12736.874
;;-9807.302;12761.492
;;-9988.861;12798.42
;;-10158.112;12835.347
;;-10213.503;12853.811
;;-10308.899;12829.192
;;-10361.212;12804.574
;;-10324.285;12810.729
;;-10275.049;12804.574
;;-10179.653;12783.033
;;-10093.489;12776.879
;;-9979.629;12813.806
;;-9905.775;12841.502
;;-9911.929;12890.738
;;-9930.393;12936.897
;;-9951.934;12961.516
;;-9905.775;12939.975
;;-9699.597;12856.888
;;-9598.046;12687.637
;;-9665.747;12699.947
;;-9785.761;12715.333
;;-9896.543;12727.642
;;-9973.475;12739.951
;;-10044.252;12749.183
;;-10102.721;12764.57
;;-10241.198;12770.724
;;-10318.131;12767.647
;;-10355.058;12733.797
;;-10355.058;12690.715
;;-10290.435;12739.951
;;-10179.653;12832.27
;;-10028.866;12881.506
;;-9921.161;12887.661
;;-9893.465;12816.883
;;-9945.779;12767.647
;;-10031.943;12758.415
;;-9961.166;12749.183
;;-9761.142;12690.715
;;-9764.22;12659.942
;;-9770.374;12659.942
;;-9798.07;12709.178
;;-9859.615;12764.57
;;-10004.248;12863.043
;;-9948.857;12829.192
;;-10115.03;12921.511
;;-10244.276;12933.82
;;-10216.58;12906.125
;;-10139.648;12804.574
;;-10068.871;12838.424
;;-9884.234;12890.738
;;-9788.838;13047.68
;;-9810.379;13146.153
;;-9924.238;13050.757
;;-9813.456;12961.516
;;-10228.889;12890.738
;;-10068.871;12816.883
;;-10256.585;12819.961
;;-10081.18;12881.506
;;-9807.302;12844.579
;;-9721.138;12835.347
;;-9721.138;12850.733
;;-9748.833;12859.965
;;-9847.306;12878.429
;;-9915.006;12909.202
;;-10118.107;13007.675
;;-10185.807;13010.752
;;-10318.131;12989.211
;;-10247.353;12961.516
;;-10161.189;12979.979
;;-10041.175;12967.67
;;-9985.784;12804.574
;;-9976.552;12678.406
;;-9948.857;12703.024
;;-9951.934;12752.26
;;-10108.875;12863.043
;;-10271.971;12933.82
;;-10355.058;12859.965
;;-10379.676;12706.101
;;-10250.43;12712.256
;;-10201.194;12727.642
;;-10416.604;12779.956
;;-10170.421;12699.947
;;-10133.494;12743.029
;;-9998.093;12939.975
;;-9982.707;12946.129
;;-9936.547;12875.352
;;-9921.161;12721.488
;;-9939.625;12653.787
;;-9995.016;12656.865
;;-9988.861;12687.637
;;-10013.48;12709.178
;;-10053.484;12795.342
;;-10102.721;12927.666
;;-10124.262;12961.516
;;-10075.025;12878.429
;;-10010.402;12838.424
;;-10001.17;12792.265
;;-9979.629;12773.801
;;-9884.234;12838.424
;;-9798.07;12893.815
;;-9825.765;12915.356
;;-9908.852;12909.202
;;-9951.934;12912.279
;;-10047.33;12887.661
;;-10093.489;12887.661
;;-10170.421;12952.284
;;-10244.276;12998.443
;;-10302.744;13063.066
;;-10210.426;13044.602
;;-10142.725;12952.284
;;-10047.33;12961.516
;;-9911.929;12992.288
;;-9625.742;13059.989
;;-9631.896;13099.993
;;-9561.119;13093.839
;;-9573.428;13096.916
;;-9745.756;13127.689
;;-9884.234;13139.998
;;-9979.629;13170.771
;;-9970.398;13167.694
;;-10022.711;13192.312
;;-10065.793;13207.698
;;-10139.648;13232.317
;;-10188.885;13250.78
;;-10167.344;13287.708
;;-9985.784;13303.094
;;-9924.238;13358.485
;;-10044.252;13413.876
;;-10136.571;13450.804
;;-10207.348;13426.185
;;-10330.44;13429.263
;;-10428.913;13444.649
;;-10333.517;13447.726
;;-10290.435;13484.654
;;-10179.653;13506.195
;;-10111.953;13521.581
;;-10093.489;13567.74
;;-10038.098;13641.595
;;-9921.161;13669.291
;;-9702.674;13681.6
;;-9699.597;13678.523
;;-9770.374;13690.832
;;-9816.533;13693.909
;;-9844.229;13675.445
;;-9887.311;13684.677
;;-9976.552;13736.991
;;-10108.875;13770.841
;;-10084.257;13773.918
;;-10001.17;13776.996
;;-10031.943;13810.846
;;-10124.262;13810.846
;;-10173.498;13817
;;-10111.953;13844.696
;;-10035.02;13853.928
;;-10041.175;13869.314
;;-10090.412;13813.923
;;-10065.793;13764.687
;;-9862.693;13718.527
;;-9573.428;13727.759
;;-9702.674;13703.141
;;-9594.969;13761.609
;;-9650.36;13758.532
;;-9742.679;13740.068
;;-9850.384;13736.991
;;-10004.248;13721.605
;;-10164.266;13718.527
;;-10225.812;13709.295
;;-10241.198;13696.986
;;-10204.271;13672.368
;;-10124.262;13706.218
;;-9902.697;13764.687
;;-9736.524;13810.846
;;-9761.142;13820.078
;;-9767.297;13829.309
;;-9767.297;13823.155
;;-9838.074;13795.459
;;-9884.234;13789.305
;;-9945.779;13783.15
;;-9951.934;13801.614
;;-10010.402;13817
;;-10105.798;13752.377
;;-10019.634;13721.605
;;-9788.838;13647.75
;;-9690.365;13703.141
;;-9656.515;13795.459
;;-9687.288;13829.309
;;-9708.828;13838.541
;;-9844.229;13850.85
;;-9924.238;13823.155
;;-9970.398;13832.387
;;-10022.711;13844.696
;;-9991.939;13841.619
;;-9976.552;13820.078
;;-10031.943;13832.387
;;-10022.711;13964.71
;;-10038.098;13977.019
;;-10084.257;13912.396
;;-9761.142;13943.169
;;-9911.929;13964.71
;;-9616.51;13890.855
;;-9585.737;13844.696
;;-9585.737;13823.155
;;-9674.978;13826.232
;;-9714.983;13820.078
;;-9853.461;13767.764
;;-9736.524;13693.909
;;-9681.133;13638.518
;;-9644.206;13595.436
;;-9644.206;13592.359
;;-9705.751;13598.513
;;-9764.22;13626.209
;;-9893.465;13632.363
;;-9988.861;13589.281
;;-9955.011;13527.736
;;-9871.924;13493.886
;;-9761.142;13515.427
;;-9702.674;13555.431
;;-9598.046;13595.436
;;-9582.66;13592.359
;;-9594.969;13598.513
;;-9653.437;13595.436
;;-9699.597;13558.509
;;-9616.51;13536.968
;;-9598.046;13509.272
;;-9662.669;13469.267
;;-9705.751;13460.036
;;-9678.056;13438.495
;;-9868.847;13407.722
;;-9936.547;13389.258
;;-10075.025;13373.872
;;-10151.957;13383.103
;;-10195.039;13367.717
;;-10182.73;13349.253
;;-10108.875;13312.326
;;-10108.875;13303.094
;;-10216.58;13321.558
;;-10391.985;13343.099
;;-10419.681;13361.562
;;-10410.449;13435.417
;;-10481.227;13463.113
;;-10425.835;13453.881
;;-10462.763;13527.736
;;-10518.154;13466.19
;;-10419.681;13583.127
;;-10450.454;13601.591
;;-10428.913;13595.436
;;-10422.758;13620.054
;;-10499.69;13623.132
;;-10548.927;13663.136
;;-10604.318;13712.373
;;-10745.873;13789.305
;;-10810.496;13863.16
;;-10785.878;13884.701
;;-10724.332;13893.932
;;-10607.395;13893.932
;;-10564.313;13933.937
;;-10515.077;13915.473
;;-10502.768;13869.314
;;-10487.381;13832.387
;;-10435.067;13792.382
;;-10438.145;13786.228
;;-10459.686;13801.614
;;-10515.077;13783.15
;;-10468.917;13798.537
;;-10490.458;13690.832
;;-10573.545;13567.74
;;-10647.4;13503.117
;;-10776.646;13475.422
;;-10896.66;13509.272
;;-10958.205;13564.663
;;-10952.051;13610.822
;;-10859.732;13653.904
;;-10693.559;13700.064
;;-10533.54;13752.377
;;-10490.458;13761.609
;;-10524.308;13724.682
;;-10598.163;13696.986
;;-10675.095;13690.832
;;-10773.568;13693.909
;;-10807.419;13703.141
;;-10542.772;13712.373
;;-10810.496;13703.141
;;-10835.114;13709.295
;;-10850.5;13700.064
;;-10813.573;13712.373
;;-10828.96;13696.986
;;-10859.732;13666.213
;;-10899.737;13647.75
;;-10952.051;13632.363
;;-10995.133;13635.441
;;-10998.21;13678.523
;;-10930.51;13675.445
;;-10881.273;13700.064
;;-10862.81;13721.605
;;-10853.578;13709.295
;;-10868.964;13709.295
;;-10908.969;13672.368
;;-10918.201;13629.286
;;-10942.819;13555.431
;;-11004.365;13487.731
;;-11062.833;13496.963
;;-11093.606;13561.586
;;-11145.92;13589.281
;;-11164.383;13570.818
;;-11222.852;13540.045
;;-11293.629;13573.895
;;-11318.248;13620.054
;;-11299.784;13607.745
;;-11250.547;13589.281
;;-11152.074;13610.822
;;-11050.524;13583.127
;;-10902.814;13586.204
;;-10884.351;13610.822
;;-10887.428;13623.132
;;-10856.655;13635.441
;;-10856.655;13663.136
;;-10881.273;13690.832
;;-10878.196;13696.986
;;-10890.505;13690.832
;;-10967.437;13687.754
;;-10979.746;13675.445
;;-11004.365;13601.591
;;-11068.988;13623.132
;;-11096.683;13647.75
;;-11121.301;13684.677
;;-11112.07;13712.373
;;-11078.219;13761.609
;;-10976.669;13740.068
;;-10733.564;13607.745
;;-10905.892;13638.518
;;-10770.491;13592.359
;;-10733.564;13601.591
;;-11025.906;13789.305
;;-10832.037;13561.586
;;-10850.5;13626.209
;;-10967.437;13767.764
;;-10988.978;13850.85
;;-10961.283;13918.551
;;-10884.351;13696.986
;;-10936.664;13980.096
;;-10948.974;14066.26
;;-10967.437;14103.188
;;-10921.278;14124.729
;;-10822.805;14177.042
;;-10872.041;14337.061
;;-10875.119;14130.883
;;-10939.742;14370.911
;;-10998.21;14429.38
;;-10998.21;14453.998
;;-10948.974;14469.384
;;-10902.814;14503.234
;;-10865.887;14534.007
;;-10828.96;14561.703
;;-10721.255;14549.394
;;-10638.168;14570.935
;;-10788.955;13586.204
;;-10653.554;14647.867
;;-10687.404;14712.49
;;-10939.742;13930.86
;;-10813.573;13567.74
;;-10745.873;14749.417
;;-10708.945;14755.572
;;-10672.018;14783.267
;;-10678.173;14875.586
;;-10668.941;14878.663
;;-10644.323;14841.736
;;-10619.704;14826.349
;;-10684.327;14832.504
;;-10582.777;14810.963
;;-10598.163;14826.349
;;-10595.086;14826.349
;;-10585.854;14832.504
;;-10564.313;14817.117
;;-10555.081;14795.576
;;-10527.386;14777.113
;;-10521.231;14758.649
;;-10533.54;14734.031
;;-10521.231;14743.263
;;-10561.236;14724.799
;;-10598.163;14681.717
;;-10585.854;14709.412
;;-10588.931;14650.944
;;-10545.849;14660.176
;;-10502.768;14663.253
;;-10462.763;14660.176
;;-10404.294;14654.021
;;-10376.599;14632.48
;;-10348.903;14635.558
;;-10339.672;14647.867
;;-10321.208;14650.944
;;-10311.976;14657.099
;;-10315.053;14669.408
;;-10296.59;14703.258
;;-10293.512;14727.876
;;-10296.59;14737.108
;;-10293.512;14694.026
;;-10305.821;14675.562
;;-10339.672;14666.33
;;-10370.444;14641.712
;;-10391.985;14632.48
;;-10391.985;14626.326
;;-10333.517;14641.712
;;-10278.126;14687.871
;;-10367.367;14629.403
;;-10244.276;14700.181
;;-10185.807;14700.181
;;-10145.803;14678.64
;;-10136.571;14675.562
;;-10139.648;14687.871
;;-10155.035;14697.103
;;-10167.344;14669.408
;;-10188.885;14660.176
;;-10198.116;14647.867
;;-10195.039;14641.712
;;-10185.807;14617.094
;;-10231.967;14620.171
;;-10204.271;14626.326
;;-10238.121;14610.939
;;-10265.817;14604.785
;;-10302.744;14586.321
;;-10345.826;14577.089
;;-10311.976;14577.089
;;-10228.889;14601.708
;;-10275.049;14595.553
;;-10201.194;14601.708
;;-10151.957;14592.476
;;-10115.03;14589.398
;;-10093.489;14595.553
;;-10056.561;14607.862
;;-10053.484;14629.403
;;-10090.412;14626.326
;;-10105.798;14620.171
;;-10136.571;14610.939
;;-10059.639;14632.48
;;-10179.653;14589.398
;;-10201.194;14580.167
;;-10075.025;14635.558
;;-10161.189;14598.63
;;-10219.657;14564.78
;;-10179.653;14540.162
;;-10118.107;14558.626
;;-10093.489;14561.703
;;-10090.412;14570.935
;;-10093.489;14570.935
;;-10090.412;14564.78
;;-10071.948;14537.085
;;-10065.793;14543.239
;;-10084.257;14546.316
;;-10071.948;14549.394
;;-10139.648;14552.471
;;-10158.112;14543.239
;;-10170.421;14543.239
;;-10173.498;14530.93
;;-10151.957;14552.471
;;-10179.653;14481.693
;;-10185.807;14444.766
;;-10124.262;14429.38
;;-10090.412;14435.534
;;-10038.098;14432.457
;;-10010.402;14426.302
;;-9982.707;14444.766
;;-9951.934;14435.534
;;-10065.793;14540.162
;;-9942.702;14429.38
;;-9924.238;14438.612
;;-9936.547;14441.689
;;-9927.316;14447.843
;;-9902.697;14386.298
;;-9933.47;14438.612
;;-9881.156;14349.37
;;-9878.079;14312.443
;;-9918.084;14287.825
;;-9924.238;14266.284
;;-10108.875;14555.548
;;-10213.503;14540.162
;;-9936.547;14266.284
;;-9936.547;14257.052
;;-9939.625;14257.052
;;-9918.084;14263.206
;;-10090.412;14552.471
;;-9875.002;14278.593
;;-9875.002;14303.211
;;-9881.156;14300.134
;;-9868.847;14281.67
;;-9844.229;14257.052
;;-9828.843;14244.743
;;-9794.992;14213.97
;;-9767.297;14170.888
;;-9764.22;14161.656
;;-9754.988;14149.347
;;-9745.756;14130.883
;;-9736.524;14093.956
;;-9745.756;14057.028
;;-9758.065;14029.333
;;-9773.451;14004.715
;;-9785.761;13967.787
;;-9794.992;13933.937
;;-9758.065;13897.01
;;-9724.215;13860.082
;;-9687.288;13829.309
;;-9619.587;13810.846
;;-9558.042;13810.846
;;-9499.573;13786.228
;;-9484.187;13783.15
;;-9514.96;13792.382
;;-9478.032;13780.073
;;-9468.8;13758.532
;;-9471.878;13740.068
;;-9490.341;13733.914
;;-9511.882;13718.527
;;-9533.423;13696.986
;;-9548.81;13678.523
;;-9545.732;13650.827
;;-9558.042;13623.132
;;-9530.346;13589.281
;;-9524.192;13580.05
;;-9518.037;13570.818
;;-9462.646;13564.663
;;-9364.173;13546.199
;;-9324.168;13549.277
;;-9314.936;13567.74
;;-9419.564;13558.509
;;-9324.168;13580.05
;;-9321.091;13586.204
;;-9324.168;13592.359
;;-9333.4;13604.668
;;-9351.864;13610.822
;;-9385.714;13620.054
;;-9422.641;13626.209
;;-9441.105;13610.822
;;-9422.641;13592.359
;;-9401.1;13583.127
;;-9410.332;13564.663
;;-9398.023;13549.277
;;-9401.1;13527.736
;;-9364.173;13518.504
;;-9394.946;13512.349
;;-9370.327;13503.117
;;-9358.018;13524.658
;;-9382.636;13561.586
;;-9382.636;13607.745
;;-9376.482;13626.209
;;-9354.941;13629.286
;;-9348.786;13623.132
;;-9364.173;13623.132
;;-9333.4;13583.127
;;-9342.632;13601.591
;;-9327.245;13586.204
;;-9354.941;13573.895
;;-9358.018;13570.818
;;-9330.323;13586.204
;;-9373.405;13558.509
;;-9410.332;13540.045
;;-9536.501;13515.427
;;-9533.423;13496.963
;;-9468.8;13490.808
;;-9567.273;13493.886
;;-9484.187;13521.581
;;-9456.491;13506.195
;;-9361.096;13481.576
;;-9370.327;13481.576
;;-9376.482;13500.04
;;-9428.796;13515.427
;;-9401.1;13478.499
;;-9459.569;13512.349
;;-9508.805;13506.195
;;-9530.346;13481.576
;;-9564.196;13460.036
;;-9579.583;13456.958
;;-9616.51;13447.726
;;-9644.206;13423.108
;;-9674.978;13395.413
;;-9678.056;13340.021
;;-9650.36;13318.48
;;-9638.051;13321.558
;;-9625.742;13336.944
;;-9613.433;13336.944
;;-9588.814;13330.79
;;-9564.196;13343.099
;;-9558.042;13346.176
;;-9567.273;13309.249
;;-9567.273;13281.553
;;-9521.114;13241.548
;;-9493.419;13210.776
;;-9462.646;13170.771
;;-9425.718;13133.844
;;-9361.096;13106.148
;;-9354.941;13069.221
;;-9398.023;13041.525
;;-9425.718;13007.675
;;-9474.955;12967.67
;;-9576.505;12939.975
;;-9671.901;12946.129
;;-9727.292;12946.129
;;-9745.756;12936.897
;;-9699.597;12899.97
;;-9641.128;12850.733
;;-9585.737;12795.342
;;-9539.578;12749.183
;;-9493.419;12724.565
;;-9478.032;12733.797
;;-9471.878;12730.719
;;-9465.723;12712.256
;;-9453.414;12681.483
;;-9447.259;12647.633
;;-9462.646;12616.86
;;-9502.651;12601.474
;;-9545.732;12604.551
;;-9588.814;12595.319
;;-9628.819;12573.778
;;-9631.896;12573.778
;;-9644.206;12576.855
;;-9634.974;12576.855
;;-9594.969;12570.701
;;-9551.887;12576.855
;;-9514.96;12592.242
;;-9481.11;12604.551
;;-9478.032;12613.783
;;-9536.501;12635.324
;;-9613.433;12663.019
;;-9638.051;12687.637
;;-9671.901;12709.178
;;-9684.21;12727.642
;;-9653.437;12752.26
;;-9619.587;12795.342
;;-9616.51;12823.038
;;-9638.051;12856.888
;;-9625.742;12847.656
;;-9625.742;12816.883
;;-9561.119;12767.647
;;-9567.273;12764.57
;;-9558.042;12749.183
;;-9487.264;12727.642
;;-9462.646;12727.642
;;-9490.341;12736.874
;;-9527.269;12761.492
;;-9561.119;12792.265
;;-9634.974;12826.115
;;-9711.906;12869.197
;;-9758.065;12912.279
;;-9761.142;12930.743
;;-9761.142;12939.975
;;-9711.906;12939.975
;;-9662.669;12936.897
;;-9616.51;12927.666
;;-9598.046;12924.588
;;-9591.892;12924.588
;;-9582.66;12927.666
;;-9594.969;12924.588
;;-9656.515;12924.588
;;-9690.365;12933.82
;;-9724.215;12930.743
;;-9739.601;12939.975
;;-9736.524;12939.975
;;-9705.751;12918.434
;;-9678.056;12918.434
;;-9674.978;12936.897
;;-9653.437;12958.438
;;-9631.896;12970.748
;;-9613.433;12989.211
;;-9598.046;13007.675
;;-9591.892;13007.675
;;-9582.66;13016.907
;;-9582.66;12992.288
;;-9576.505;12967.67
;;-9554.964;12946.129
;;-9551.887;12933.82
;;-9579.583;12961.516
;;-9594.969;12964.593
;;-9607.278;12955.361
;;-9616.51;12964.593
;;-9638.051;12983.057
;;-9638.051;13004.598
;;-9647.283;13001.52
;;-9616.51;13019.984
;;-9619.587;13044.602
;;-9604.201;13035.37
;;-9634.974;13063.066
;;-9616.51;13084.607
;;-9591.892;13090.762
;;-9564.196;13106.148
;;-9551.887;13109.225
;;-9551.887;13118.457
;;-9588.814;13121.534
;;-9610.355;13127.689
;;-9644.206;13143.075
;;-9634.974;13139.998
;;-9650.36;13136.921
;;-9687.288;13139.998
;;-9699.597;13139.998
;;-9751.91;13146.153
;;-9745.756;13136.921
;;-9727.292;13136.921
;;-9696.519;13130.766
;;-9656.515;13146.153
;;-9631.896;13173.848
;;-9604.201;13170.771
;;-9567.273;13173.848
;;-9585.737;13170.771
;;-9548.81;13170.771
;;-9551.887;13183.08
;;-9558.042;13183.08
;;-9576.505;13198.466
;;-9594.969;13198.466
;;-9607.278;13210.776
;;-9619.587;13220.007
;;-9647.283;13210.776
;;-9674.978;13183.08
;;-9696.519;13173.848
;;-9721.138;13183.08
;;-9727.292;13204.621
;;-9678.056;13180.003
;;-9690.365;13220.007
;;-9644.206;13223.085
;;-9594.969;13238.471
;;-9551.887;13244.626
;;-9521.114;13260.012
;;-9518.037;13281.553
;;-9521.114;13284.63
;;-9518.037;13284.63
;;-9527.269;13278.476
;;-9536.501;13275.399
;;-9536.501;13278.476
;;-9554.964;13281.553
;;-9601.124;13275.399
;;-9681.133;13256.935
;;-9656.515;13263.089
;;-9690.365;13260.012
;;-9684.21;13247.703
;;-9644.206;13216.93
;;-9622.665;13223.085
;;-9582.66;13235.394
;;-9518.037;13229.239
;;-9450.337;13235.394
;;-9379.559;13278.476
;;-9431.873;13306.171
;;-9471.878;13336.944
;;-9573.428;13355.408
;;-9514.96;13346.176
;;-9644.206;13370.794
;;-9671.901;13370.794
;;-9693.442;13376.949
;;-9671.901;13355.408
;;-9681.133;13346.176
;;-9699.597;13327.712
;;-9711.906;13315.403
;;-9718.06;13306.171
;;-9730.369;13315.403
;;-9736.524;13318.48
;;-9718.06;13324.635
;;-9681.133;13340.021
;;-9644.206;13364.64
;;-9598.046;13380.026
;;-9567.273;13395.413
;;-9564.196;13407.722
;;-9573.428;13413.876
;;-9573.428;13413.876
;;-9582.66;13426.185
;;-9582.66;13441.572
;;-9594.969;13441.572
;;-9622.665;13435.417
;;-9656.515;13401.567
;;-9711.906;13343.099
;;-9730.369;13321.558
;;-9745.756;13324.635
;;-9748.833;13336.944
;;-9727.292;13333.867
;;-9684.21;13330.79
;;-9644.206;13324.635
;;-9619.587;13361.562
;;-9588.814;13324.635
;;-9656.515;13389.258
;;-9616.51;13324.635
;;-9733.447;13447.726
;;-9693.442;13413.876
;;-9748.833;13456.958
;;-9739.601;13444.649
;;-9733.447;13429.263
;;-9733.447;13432.34
;;-9742.679;13426.185
;;-9767.297;13416.954
;;-9785.761;13410.799
;;-9819.611;13407.722
;;-9847.306;13404.644
;;-9859.615;13401.567
;;-9862.693;13413.876
;;-9875.002;13413.876
;;-9868.847;13426.185
;;-9841.152;13426.185
;;-9825.765;13432.34
;;-9791.915;13444.649
;;-9782.683;13475.422
;;-9791.915;13475.422
;;-9785.761;13475.422
;;-9791.915;13469.267
;;-9807.302;13463.113
;;-9828.843;13456.958
;;-9838.074;13456.958
;;-9847.306;13441.572
;;-9844.229;13404.644
;;-9905.775;13416.954
;;-9945.779;13423.108
;;-9970.398;13410.799
;;-9970.398;13420.031
;;-9945.779;13407.722
;;-9908.852;13404.644
;;-9859.615;13376.949
;;-9804.224;13370.794
;;-9739.601;13386.181
;;-9754.988;13444.649
;;-9798.07;13450.804
;;-9838.074;13475.422
;;-9868.847;13484.654
;;-9887.311;13484.654
;;-9911.929;13487.731
;;-9958.088;13490.808
;;-9939.625;13481.576
;;-9930.393;13481.576
;;-9933.47;13466.19
;;-9964.243;13453.881
;;-9988.861;13444.649
;;-10025.789;13444.649
;;-10050.407;13438.495
;;-10053.484;13444.649
;;-10041.175;13456.958
;;-10007.325;13463.113
;;-9964.243;13463.113
;;-9939.625;13487.731
;;-9924.238;13496.963
;;-9905.775;13493.886
;;-9871.924;13493.886
;;-9847.306;13496.963
;;-9850.384;13500.04
;;-9856.538;13490.808
;;-9868.847;13475.422
;;-9868.847;13469.267
;;-9871.924;13466.19
;;-9875.002;13460.036
;;-9899.62;13456.958
;;-9924.238;13444.649
;;-9945.779;13435.417
;;-9967.32;13420.031
;;-9961.166;13404.644
;;-9939.625;13386.181
;;-9908.852;13386.181
;;-9875.002;13380.026
;;-9831.92;13386.181
;;-9776.529;13420.031
;;-9788.838;13389.258
;;-9828.843;13463.113
;;-9881.156;13496.963
;;-9868.847;13515.427
;;-9862.693;13496.963
;;-9859.615;13490.808
;;-9871.924;13493.886
;;-9856.538;13493.886
;;-9838.074;13481.576
;;-9841.152;13484.654
;;-9850.384;13484.654
;;-9871.924;13493.886
;;-9893.465;13487.731
;;-9915.006;13475.422
;;-9945.779;13466.19
;;-9955.011;13456.958
;;-9967.32;13469.267
;;-9964.243;13484.654
;;-9930.393;13484.654
;;-9881.156;13484.654
;;-9834.997;13487.731
;;-9804.224;13490.808
;;-9788.838;13487.731
;;-9779.606;13487.731
;;-9767.297;13472.345
;;-9773.451;13472.345
;;-9733.447;13466.19
;;-9761.142;13475.422
;;-9739.601;13478.499
;;-9767.297;13478.499
;;-9767.297;13481.576
;;-9791.915;13481.576
;;-9819.611;13456.958
;;-9828.843;13426.185
;;-9822.688;13383.103
;;-9825.765;13380.026
;;-9807.302;13389.258
;;-9773.451;13389.258
;;-9721.138;13386.181
;;-9634.974;13404.644
;;-9628.819;13416.954
;;-9625.742;13441.572
;;-9659.592;13450.804
;;-9714.983;13463.113
;;-9761.142;13484.654
;;-9773.451;13484.654
;;-9807.302;13493.886
;;-9807.302;13503.117
;;-9782.683;13493.886
;;-9751.91;13484.654
;;-9758.065;13481.576
;;-9788.838;13469.267
;;-9807.302;13450.804
;;-9822.688;13447.726
;;-9844.229;13432.34
;;-9828.843;13426.185
;;-9816.533;13416.954
;;-9841.152;13447.726
;;-9736.524;13416.954
;;-9684.21;13441.572
;;-9668.824;13456.958
;;-9681.133;13453.881
;;-9659.592;13466.19
;;-9653.437;13466.19
;;-9650.36;13466.19
;;-9647.283;13463.113
;;-9619.587;13453.881
;;-9619.587;13447.726
;;-9622.665;13438.495
;;-9628.819;13426.185
;;-9625.742;13407.722
;;-9647.283;13386.181
;;-9681.133;13367.717
;;-9727.292;13364.64
;;-9782.683;13376.949
;;-9801.147;13404.644
;;-9782.683;13426.185
;;-9739.601;13466.19
;;-9705.751;13496.963
;;-9708.828;13493.886
;;-9699.597;13496.963
;;-9684.21;13484.654
;;-9647.283;13466.19
;;-9613.433;13444.649
;;-9604.201;13441.572
;;-9601.124;13441.572
;;-9594.969;13441.572
;;-9591.892;13438.495
;;-9594.969;13438.495
;;-9625.742;13432.34
;;-9674.978;13441.572
;;-9727.292;13456.958
;;-9764.22;13456.958
;;-9782.683;13453.881
;;-9779.606;13450.804
;;-9770.374;13444.649
;;-9724.215;13441.572
;;-9671.901;13453.881
;;-9634.974;13469.267
;;-9616.51;13481.576
;;-9607.278;13484.654
;;-9588.814;13475.422
;;-9579.583;13466.19
;;-9561.119;13444.649
;;-9561.119;13447.726
;;-9558.042;13447.726
;;-9567.273;13450.804
;;-9582.66;13447.726
;;-9588.814;13444.649
;;-9594.969;13432.34
;;-9613.433;13435.417
;;-9622.665;13429.263
;;-9641.128;13423.108
;;-9659.592;13420.031
;;-9678.056;13413.876
;;-9647.283;13423.108
;;-9650.36;13441.572
;;-9644.206;13450.804
;;-9622.665;13472.345
;;-9601.124;13469.267
;;-9598.046;13463.113
;;-9591.892;13472.345
;;-9561.119;13487.731
;;-9542.655;13487.731
;;-9518.037;13484.654
;;-9524.192;13475.422
;;-9530.346;13475.422
;;-9588.814;13466.19
;;-9616.51;13466.19
;;-9554.964;13472.345
;;-9668.824;13466.19
;;-9711.906;13469.267
;;-9708.828;13472.345
;;-9668.824;13466.19
;;-9696.519;13469.267
;;-9721.138;13475.422
;;-9594.969;13466.19
;;-9573.428;13469.267
;;-9561.119;13484.654
;;-9628.819;13472.345
;;-9542.655;13487.731
;;-9524.192;13478.499
;;-9511.882;13463.113
;;-9524.192;13463.113
;;-9542.655;13469.267
;;-9499.573;13472.345
;;-9554.964;13469.267
;;-9573.428;13472.345
;;-9579.583;13453.881
;;-9567.273;13420.031
;;-9579.583;13392.335
;;-9564.196;13398.49
;;-9570.351;13395.413
;;-9564.196;13413.876
;;-9567.273;13432.34
;;-9551.887;13493.886
;;-9518.037;13490.808
;;-9508.805;13490.808
;;-9511.882;13490.808
;;-9511.882;13490.808
;;-9502.651;13478.499
;;-9508.805;13484.654
;;-9542.655;13493.886
;;-9561.119;13496.963
;;-9573.428;13490.808
;;-9588.814;13472.345
;;-9616.51;13463.113
;;-9644.206;13453.881
;;-9662.669;13453.881
;;-9613.433;13475.422
;;-9644.206;13472.345
;;-9598.046;13472.345
;;-9573.428;13490.808
;;-9548.81;13496.963
;;-9554.964;13500.04
;;-9539.578;13503.117
;;-9521.114;13490.808
;;-9493.419;13481.576
;;-9499.573;13481.576
;;-9511.882;13475.422
;;-9505.728;13484.654
;;-9542.655;13460.036
;;-9567.273;13453.881
;;-9588.814;13460.036
;;-9619.587;13460.036
;;-9628.819;13456.958
;;-9619.587;13463.113
;;-9610.355;13469.267
;;-9594.969;13496.963
;;-9558.042;13509.272
;;-9601.124;13475.422
;;-9542.655;13512.349
;;-9533.423;13500.04
;;-9514.96;13503.117
;;-9474.955;13509.272
;;-9462.646;13509.272
;;-9462.646;13500.04
;;-9465.723;13493.886
;;-9487.264;13496.963
;;-9524.192;13487.731
;;-9561.119;13503.117
;;-9558.042;13493.886
;;-9594.969;13506.195
;;-9619.587;13515.427
;;-9644.206;13509.272
;;-9674.978;13509.272
;;-9678.056;13496.963
;;-9671.901;13466.19
;;-9650.36;13460.036
;;-9613.433;13460.036
;;-9579.583;13469.267
;;-9518.037;13475.422
;;-9478.032;13487.731
;;-9438.028;13490.808
;;-9404.177;13490.808
;;-9382.636;13490.808
;;-9364.173;13478.499
;;-9373.405;13475.422
;;-9419.564;13475.422
;;-9481.11;13493.886
;;-9514.96;13506.195
;;-9530.346;13500.04
;;-9567.273;13493.886
;;-9604.201;13496.963
;;-9653.437;13490.808
;;-9696.519;13509.272
;;-9693.442;13496.963
;;-9681.133;13490.808
;;-9665.747;13484.654
;;-9628.819;13484.654
;;-9591.892;13500.04
;;-9558.042;13515.427
;;-9530.346;13527.736
;;-9508.805;13533.89
;;-9496.496;13546.199
;;-9493.419;13546.199
;;-9484.187;13536.968
;;-9484.187;13536.968
;;-9487.264;13533.89
;;-9484.187;13521.581
;;-9496.496;13524.658
;;-9511.882;13530.813
;;-9527.269;13521.581
;;-9564.196;13512.349
;;-9601.124;13493.886
;;-9610.355;13481.576
;;-9598.046;13472.345
;;-9591.892;13472.345
;;-9567.273;13463.113
;;-9554.964;13460.036
;;-9524.192;13463.113
;;-9474.955;13469.267
;;-9447.259;13487.731
;;-9462.646;13506.195
;;-9471.878;13509.272
;;-9478.032;13518.504
;;-9468.8;13524.658
;;-9468.8;13530.813
;;-9474.955;13540.045
;;-9496.496;13543.122
;;-9508.805;13546.199
;;-9514.96;13540.045
;;-9536.501;13530.813
;;-9545.732;13518.504
;;-9588.814;13518.504
;;-9619.587;13509.272
;;-9634.974;13503.117
;;-9634.974;13496.963
;;-9619.587;13493.886
;;-9598.046;13493.886
;;-9551.887;13487.731
;;-9533.423;13512.349
;;-9490.341;13533.89
;;-9468.8;13533.89
;;-9459.569;13530.813
;;-9453.414;13524.658
;;-9434.95;13506.195
;;-9431.873;13500.04
;;-9434.95;13503.117
;;-9438.028;13500.04
;;-9462.646;13500.04
;;-9487.264;13496.963
;;-9505.728;13493.886
;;-9542.655;13475.422
;;-9536.501;13487.731
;;-9561.119;13475.422
;;-9591.892;13484.654
;;-9576.505;13478.499
;;-9591.892;13490.808
;;-9564.196;13503.117
;;-9533.423;13515.427
;;-9505.728;13527.736
;;-9459.569;13540.045
;;-9468.8;13533.89
;;-9431.873;13515.427
;;-9407.255;13512.349
;;-9459.569;13533.89
;;-9447.259;13512.349
;;-9419.564;13509.272
;;-9407.255;13512.349
;;-9416.487;13512.349
;;-9536.501;13524.658
;;-9487.264;13518.504
;;-9573.428;13518.504
;;-9622.665;13515.427
;;-9638.051;13487.731
;;-9650.36;13475.422
;;-9641.128;13469.267
;;-9607.278;13469.267
;;-9511.882;13512.349
;;-9478.032;13518.504
;;-9428.796;13521.581
;;-9398.023;13521.581
;;-9385.714;13521.581
;;-9388.791;13521.581
;;-9404.177;13521.581
;;-9428.796;13524.658
;;-9453.414;13515.427
;;-9459.569;13506.195
;;-9542.655;13490.808
;;-9385.714;13524.658
;;-9573.428;13490.808
;;-9570.351;13484.654
;;-9487.264;13490.808
;;-9573.428;13490.808
;;-9561.119;13487.731
;;-9539.578;13500.04
;;-9521.114;13490.808
;;-9419.564;13506.195
;;-9459.569;13500.04
;;-9398.023;13500.04
;;-9401.1;13515.427
;;-9404.177;13518.504
;;-9401.1;13515.427
;;-9407.255;13515.427
;;-9425.718;13518.504
;;-9447.259;13512.349
;;-9453.414;13512.349
;;-9474.955;13509.272
;;-9567.273;13496.963
;;-9585.737;13478.499
;;-9576.505;13469.267
;;-9505.728;13472.345
;;-9462.646;13487.731
;;-9434.95;13490.808
;;-9567.273;13484.654
;;-9551.887;13503.117
;;-9382.636;13500.04
;;-9410.332;13487.731
;;-9551.887;13472.345
;;-9573.428;13472.345
;;-9367.25;13503.117
;;-9361.096;13500.04
;;-9410.332;13500.04
;;-9419.564;13500.04
;;-9447.259;13506.195
;;-9376.482;13500.04
;;-9518.037;13506.195
;;-9545.732;13493.886
;;-9478.032;13518.504
;;-9561.119;13484.654
;;-9567.273;13475.422
;;-9548.81;13472.345
;;-9533.423;13490.808
;;-9502.651;13496.963
;;-9478.032;13506.195
;;-9453.414;13518.504
;;-9441.105;13518.504
;;-9416.487;13500.04
;;-9388.791;13487.731
;;-9367.25;13503.117
;;-9358.018;13496.963
;;-9364.173;13493.886
;;-9379.559;13487.731
;;-9394.946;13478.499
;;-9438.028;13460.036
;;-9499.573;13453.881
;;-9576.505;13469.267
;;-9582.66;13469.267
;;-9579.583;13463.113
;;-9573.428;13456.958
;;-9542.655;13456.958
;;-9499.573;13466.19
;;-9462.646;13484.654
;;-9394.946;13496.963
;;-9367.25;13478.499
;;-9367.25;13475.422
;;-9376.482;13472.345
;;-9379.559;13469.267
;;-9394.946;13481.576
;;-9441.105;13512.349
;;-9462.646;13521.581
;;-9453.414;13518.504
;;-9447.259;13509.272
;;-9456.491;13503.117
;;-9465.723;13496.963
;;-9493.419;13475.422
;;-9508.805;13441.572
;;-9533.423;13426.185
;;-9530.346;13441.572
;;-9530.346;13447.726
;;-9521.114;13456.958
;;-9496.496;13466.19
;;-9478.032;13484.654
;;-9438.028;13487.731
;;-9416.487;13484.654
;;-9364.173;13478.499
;;-9339.555;13475.422
;;-9354.941;13484.654
;;-9398.023;13484.654
;;-9416.487;13481.576
;;-9419.564;13475.422
;;-9425.718;13478.499
;;-9419.564;13469.267
;;-9438.028;13447.726
;;-9481.11;13435.417
;;-9511.882;13441.572
;;-9545.732;13453.881
;;-9561.119;13463.113
;;-9545.732;13466.19
;;-9508.805;13472.345
;;-9481.11;13478.499
;;-9419.564;13496.963
;;-9398.023;13496.963
;;-9382.636;13493.886
;;-9434.95;13490.808
;;-9385.714;13493.886
;;-9379.559;13493.886
;;-9379.559;13493.886
;;-9391.868;13487.731
;;-9382.636;13487.731
;;-9419.564;13484.654
;;-9441.105;13475.422
;;-9465.723;13453.881
;;-9487.264;13453.881
;;-9502.651;13450.804
;;-9505.728;13441.572
;;-9508.805;13447.726
;;-9518.037;13453.881
;;-9533.423;13466.19
;;-9530.346;13466.19
;;-9505.728;13447.726
;;-9462.646;13444.649
;;-9434.95;13469.267
;;-9394.946;13478.499
;;-9376.482;13475.422
;;-9364.173;13481.576
;;-9367.25;13484.654
;;-9367.25;13487.731
;;-9367.25;13484.654
;;-9376.482;13481.576
;;-9394.946;13478.499
;;-9410.332;13460.036
;;-9425.718;13460.036
;;-9453.414;13447.726
;;-9493.419;13447.726
;;-9524.192;13460.036
;;-9542.655;13463.113
;;-9539.578;13472.345
;;-9514.96;13469.267
;;-9490.341;13472.345
;;-9474.955;13475.422
;;-9431.873;13478.499
;;-9410.332;13490.808
;;-9351.864;13487.731
;;-9358.018;13487.731
;;-9391.868;13493.886
;;-9367.25;13487.731
;;-9370.327;13484.654
;;-9348.786;13487.731
;;-9398.023;13478.499
;;-9422.641;13478.499
;;-9416.487;13478.499
;;-9348.786;13487.731
;;-9456.491;13475.422
;;-9514.96;13472.345
;;-9524.192;13469.267
;;-9551.887;13478.499
;;-9558.042;13478.499
;;-9508.805;13463.113
;;-9551.887;13475.422
;;-9431.873;13472.345
;;-9471.878;13466.19
;;-9333.4;13475.422
;;-9333.4;13481.576
;;-9339.555;13487.731
;;-9351.864;13500.04
;;-9379.559;13518.504
;;-9401.1;13527.736
;;-9401.1;13527.736
;;-9391.868;13515.427
;;-9404.177;13500.04
;;-9413.409;13496.963
;;-9438.028;13490.808
;;-9453.414;13484.654
;;-9465.723;13484.654
;;-9450.337;13484.654
;;-9444.182;13493.886
;;-9447.259;13493.886
;;-9456.491;13484.654
;;-9441.105;13450.804
;;-9413.409;13453.881
;;-9367.25;13472.345
;;-9385.714;13506.195
;;-9407.255;13521.581
;;-9394.946;13527.736
;;-9391.868;13527.736
;;-9382.636;13515.427
;;-9382.636;13506.195
;;-9382.636;13496.963
;;-9382.636;13484.654
;;-9410.332;13484.654
;;-9385.714;13481.576
;;-9453.414;13478.499
;;-9471.878;13469.267
;;-9471.878;13463.113
;;-9481.11;13460.036
;;-9484.187;13469.267
;;-9478.032;13472.345
;;-9462.646;13460.036
;;-9425.718;13472.345
;;-9388.791;13500.04
;;-9361.096;13493.886
;;-9379.559;13496.963
;;-9336.477;13496.963
;;-9333.4;13509.272
;;-9336.477;13515.427
;;-9351.864;13506.195
;;-9358.018;13506.195
;;-9361.096;13496.963
;;-9367.25;13487.731
;;-9385.714;13490.808
;;-9422.641;13487.731
;;-9453.414;13478.499
;;-9493.419;13481.576
;;-9484.187;13472.345
;;-9493.419;13481.576
;;-9493.419;13484.654
;;-9493.419;13496.963
;;-9453.414;13506.195
;;-9404.177;13509.272
;;-9385.714;13509.272
;;-9345.709;13518.504
;;-9314.936;13521.581
;;-9305.704;13518.504
;;-9308.782;13512.349
;;-9321.091;13515.427
;;-9333.4;13518.504
;;-9453.414;13472.345
;;-9404.177;13481.576
;;-9364.173;13512.349
;;-9361.096;13518.504
;;-9361.096;13512.349
;;-9342.632;13506.195
;;-9342.632;13509.272
;;-9324.168;13509.272
;;-9342.632;13506.195
;;-9367.25;13509.272
;;-9370.327;13509.272
;;-9370.327;13500.04
;;-9358.018;13509.272
;;-9398.023;13490.808
;;-9431.873;13484.654
;;-9453.414;13478.499
;;-9474.955;13478.499
;;-9474.955;13490.808
;;-9465.723;13496.963
;;-9444.182;13506.195
;;-9410.332;13506.195
;;-9401.1;13503.117
;;-9354.941;13503.117
;;-9336.477;13515.427
;;-9330.323;13524.658
;;-9336.477;13533.89
;;-9336.477;13524.658
;;-9345.709;13518.504
;;-9336.477;13512.349
;;-9336.477;13512.349
;;-9336.477;13496.963
;;-9327.245;13493.886
;;-9327.245;13490.808
;;-9333.4;13484.654
;;-9364.173;13478.499
;;-9398.023;13478.499
;;-9438.028;13481.576
;;-9450.337;13484.654
;;-9465.723;13490.808
;;-9471.878;13493.886
;;-9431.873;13503.117
;;-9376.482;13515.427
;;-9336.477;13509.272
;;-9321.091;13515.427
;;-9314.936;13536.968
;;-9324.168;13540.045
;;-9348.786;13533.89
;;-9361.096;13512.349
;;-9364.173;13512.349
;;-9351.864;13512.349
;;-9351.864;13515.427
;;-9339.555;13518.504
;;-9342.632;13521.581
;;-9361.096;13518.504
;;-9416.487;13509.272
;;-9438.028;13496.963
;;-9453.414;13481.576
;;-9388.791;13506.195
;;-9462.646;13469.267
;;-9450.337;13487.731
;;-9376.482;13512.349
;;-9358.018;13515.427
;;-9410.332;13503.117
;;-9336.477;13512.349
;;-9305.704;13512.349
;;-9271.854;13515.427
;;-9259.545;13518.504
;;-9265.7;13515.427
;;-9284.163;13524.658
;;-9299.55;13524.658
;;-9314.936;13521.581
;;-9345.709;13521.581
;;-9364.173;13518.504
;;-9373.405;13518.504
;;-9391.868;13521.581
;;-9431.873;13515.427
;;-9468.8;13500.04
;;-9484.187;13490.808
;;-9462.646;13463.113
;;-9438.028;13460.036
;;-9394.946;13460.036
;;-9348.786;13475.422
;;-9345.709;13493.886
;;-9339.555;13506.195
;;-9324.168;13521.581
;;-9318.014;13524.658
;;-9314.936;13521.581
;;-9318.014;13521.581
;;-9314.936;13518.504
;;-9321.091;13524.658
;;-9321.091;13524.658
;;-9379.559;13515.427
;;-9416.487;13496.963
;;-9450.337;13481.576
;;-9450.337;13469.267
;;-9462.646;13475.422
;;-9339.555;13521.581
;;-9453.414;13484.654
;;-9447.259;13487.731
;;-9416.487;13484.654
;;-9367.25;13481.576
;;-9302.627;13490.808
;;-9293.395;13506.195
;;-9305.704;13506.195
;;-9302.627;13509.272
;;-9308.782;13515.427
;;-9311.859;13512.349
;;-9318.014;13527.736
;;-9330.323;13536.968
;;-9333.4;13530.813
;;-9339.555;13518.504
;;-9339.555;13509.272
;;-9351.864;13515.427
;;-9404.177;13500.04
;;-9438.028;13490.808
;;-9444.182;13484.654
;;-9431.873;13478.499
;;-9428.796;13472.345
;;-9422.641;13472.345
;;-9398.023;13478.499
;;-9354.941;13493.886
;;-9318.014;13509.272
;;-9299.55;13515.427
;;-9299.55;13512.349
;;-9302.627;13512.349
;;-9287.241;13521.581
;;-9296.473;13518.504
;;-9293.395;13512.349
;;-9281.086;13509.272
;;-9278.009;13509.272
;;-9287.241;13518.504
;;-9305.704;13521.581
;;-9314.936;13521.581
;;-9342.632;13518.504
;;-9382.636;13512.349
;;-9422.641;13506.195
;;-9453.414;13496.963
;;-9462.646;13496.963
;;-9459.569;13500.04
;;-9407.255;13506.195
;;-9434.95;13500.04
;;-9376.482;13509.272
;;-9336.477;13512.349
;;-9302.627;13503.117
;;-9290.318;13500.04
;;-9271.854;13496.963
;;-9250.313;13506.195
;;-9256.468;13515.427
;;-9278.009;13527.736
;;-9281.086;13527.736
;;-9342.632;13512.349
;;-9302.627;13515.427
;;-9379.559;13512.349
;;-9410.332;13515.427
;;-9425.718;13506.195
;;-9441.105;13500.04
;;-9407.255;13490.808
;;-9391.868;13487.731
;;-9376.482;13493.886
;;-9361.096;13493.886
;;-9336.477;13490.808
;;-9314.936;13490.808
;;-9302.627;13500.04
;;-9281.086;13521.581
;;-9259.545;13524.658
;;-9268.777;13530.813
;;-9287.241;13546.199
;;-9305.704;13546.199
;;-9311.859;13536.968
;;-9321.091;13530.813
;;-9336.477;13524.658
;;-9361.096;13503.117
;;-9398.023;13490.808
;;-9428.796;13493.886
;;-9441.105;13500.04
;;-9444.182;13506.195
;;-9441.105;13509.272
;;-9422.641;13521.581
;;-9401.1;13527.736
;;-9361.096;13533.89
;;-9333.4;13521.581
;;-9321.091;13524.658
;;-9302.627;13521.581
;;-9290.318;13527.736
;;-9281.086;13540.045
;;-9271.854;13540.045
;;-9274.932;13555.431
;;-9284.163;13555.431
;;-9299.55;13558.509
;;-9305.704;13558.509
;;-9327.245;13549.277
;;-9351.864;13543.122
;;-9373.405;13543.122
;;-9401.1;13540.045
;;-9431.873;13530.813
;;-9425.718;13527.736
;;-9379.559;13540.045
;;-9348.786;13546.199
;;-9321.091;13552.354
;;-9284.163;13552.354
;;-9299.55;13552.354
;;-9274.932;13555.431
;;-9259.545;13567.74
;;-9244.159;13564.663
;;-9244.159;13561.586
;;-9259.545;13561.586
;;-9271.854;13552.354
;;-9290.318;13530.813
;;-9327.245;13530.813
;;-9367.25;13527.736
;;-9385.714;13527.736
;;-9419.564;13521.581
;;-9447.259;13509.272
;;-9434.95;13530.813
;;-9382.636;13533.89
;;-9336.477;13543.122
;;-9305.704;13558.509
;;-9293.395;13546.199
;;-9327.245;13552.354
;;-9278.009;13540.045
;;-9253.391;13549.277
;;-9262.622;13546.199
;;-9238.004;13552.354
;;-9247.236;13561.586
;;-9259.545;13567.74
;;-9281.086;13552.354
;;-9293.395;13546.199
;;-9314.936;13543.122
;;-9367.25;13540.045
;;-9407.255;13533.89
;;-9444.182;13524.658
;;-9441.105;13527.736
;;-9416.487;13521.581
;;-9385.714;13533.89
;;-9339.555;13536.968
;;-9308.782;13546.199
;;-9274.932;13555.431
;;-9265.7;13549.277
;;-9256.468;13552.354
;;-9250.313;13549.277
;;-9250.313;13549.277
;;-9238.004;13561.586
;;-9225.695;13561.586
;;-9207.231;13552.354
;;-9207.231;13543.122
;;-9222.618;13530.813
;;-9234.927;13521.581
;;-9284.163;13515.427
;;-9342.632;13509.272
;;-9407.255;13496.963
;;-9428.796;13518.504
;;-9404.177;13527.736
;;-9385.714;13552.354
;;-9361.096;13558.509
;;-9318.014;13567.74
;;-9284.163;13567.74
;;-9287.241;13592.359
;;-9278.009;13595.436
;;-9253.391;13570.818
;;-9247.236;13561.586
;;-9259.545;13558.509
;;-9314.936;13573.895
;;-9281.086;13564.663
;;-9361.096;13583.127
;;-9342.632;13583.127
;;-9425.718;13549.277
;;-9431.873;13524.658
;;-9379.559;13518.504
;;-9388.791;13576.972
;;-9336.477;13533.89
;;-9318.014;13543.122
;;-9296.473;13549.277
;;-9274.932;13570.818
;;-9271.854;13583.127
;;-9296.473;13586.204
;;-9247.236;13564.663
;;-9253.391;13558.509
;;-9268.777;13589.281
;;-9281.086;13567.74
;;-9268.777;13576.972
;;-9287.241;13558.509
;;-9281.086;13564.663
;;-9293.395;13549.277
;;-9314.936;13536.968
;;-9367.25;13524.658
;;-9379.559;13527.736
;;-9385.714;13533.89
;;-9388.791;13540.045
;;-9388.791;13549.277
;;-9367.25;13549.277
;;-9339.555;13558.509
;;-9284.163;13592.359
;;-9318.014;13573.895
;;-9259.545;13586.204
;;-9256.468;13567.74
;;-9271.854;13592.359
;;-9244.159;13570.818
;;-9241.081;13570.818
;;-9241.081;13573.895
;;-9250.313;13576.972
;;-9268.777;13573.895
;;-9268.777;13573.895
;;-9274.932;13570.818
;;-9293.395;13570.818
;;-9333.4;13549.277
;;-9348.786;13546.199
;;-9376.482;13540.045
;;-9367.25;13540.045
;;-9379.559;13540.045
;;-9367.25;13540.045
;;-9345.709;13540.045
;;-9324.168;13543.122
;;-9278.009;13546.199
;;-9247.236;13540.045
;;-9225.695;13543.122
;;-9231.85;13564.663
;;-9231.85;13564.663
;;-9238.004;13576.972
;;-9256.468;13586.204
;;-9256.468;13580.05
;;-9262.622;13580.05
;;-9268.777;13570.818
;;-9265.7;13567.74
;;-9299.55;13567.74
;;-9333.4;13555.431
;;-9336.477;13549.277
;;-9342.632;13533.89
;;-9348.786;13540.045
;;-9345.709;13540.045
;;-9324.168;13540.045
;;-9299.55;13543.122
;;-9281.086;13543.122
;;-9234.927;13546.199
;;-9250.313;13543.122
;;-9241.081;13573.895
;;-9234.927;13586.204
;;-9228.772;13595.436
;;-9234.927;13613.9
;;-9244.159;13595.436
;;-9234.927;13604.668
;;-9247.236;13580.05
;;-9250.313;13576.972
;;-9244.159;13561.586
;;-9247.236;13540.045
;;-9274.932;13515.427
;;-9287.241;13512.349
;;-9305.704;13509.272
;;-9327.245;13515.427
;;-9336.477;13524.658
;;-9354.941;13540.045
;;-9351.864;13555.431
;;-9345.709;13558.509
;;-9324.168;13573.895
;;-9305.704;13576.972
;;-9278.009;13573.895
;;-9216.463;13576.972
;;-9231.85;13567.74
;;-9207.231;13583.127
;;-9201.077;13583.127
;;-9213.386;13580.05
;;-9222.618;13580.05
;;-9231.85;13576.972
;;-9259.545;13564.663
;;-9308.782;13564.663
;;-9324.168;13558.509
;;-9339.555;13552.354
;;-9361.096;13555.431
;;-9373.405;13561.586
;;-9361.096;13564.663
;;-9333.4;13570.818
;;-9308.782;13567.74
;;-9290.318;13567.74
;;-9265.7;13558.509
;;-9244.159;13561.586
;;-9222.618;13580.05
;;-9222.618;13573.895
;;-9219.54;13580.05
;;-9207.231;13580.05
;;-9219.54;13576.972
;;-9247.236;13561.586
;;-9244.159;13546.199
;;-9250.313;13558.509
;;-9290.318;13546.199
;;-9302.627;13546.199
;;-9336.477;13533.89
;;-9324.168;13536.968
;;-9330.323;13533.89
;;-9318.014;13543.122
;;-9311.859;13546.199
;;-9299.55;13552.354
;;-9259.545;13573.895
;;-9281.086;13558.509
;;-9250.313;13589.281
;;-9228.772;13583.127
;;-9256.468;13583.127
;;-9222.618;13583.127
;;-9231.85;13589.281
;;-9225.695;13589.281
;;-9234.927;13589.281
;;-9238.004;13592.359
;;-9274.932;13580.05
;;-9247.236;13589.281
;;-9287.241;13580.05
;;-9305.704;13567.74
;;-9336.477;13552.354
;;-9324.168;13555.431
;;-9345.709;13552.354
;;-9364.173;13543.122
;;-9336.477;13552.354
;;-9256.468;13583.127
;;-9293.395;13567.74
;;-9219.54;13601.591
;;-9201.077;13601.591
;;-9210.309;13607.745
;;-9219.54;13610.822
;;-9231.85;13604.668
;;-9225.695;13580.05
;;-9222.618;13576.972
;;-9222.618;13573.895
;;-9234.927;13586.204
;;-9274.932;13573.895
;;-9296.473;13564.663
;;-9339.555;13558.509
;;-9373.405;13558.509
;;-9388.791;13552.354
;;-9382.636;13524.658
;;-9324.168;13512.349
;;-9296.473;13533.89
;;-9259.545;13564.663
;;-9398.023;13543.122
;;-9204.154;13576.972
;;-9207.231;13583.127
;;-9201.077;13583.127
;;-9179.536;13589.281
;;-9167.227;13595.436
;;-9170.304;13598.513
;;-9188.768;13589.281
;;-9210.309;13580.05
;;-9225.695;13583.127
;;-9278.009;13586.204
;;-9284.163;13586.204
;;-9311.859;13570.818
;;-9318.014;13558.509
;;-9327.245;13549.277
;;-9333.4;13552.354
;;-9342.632;13552.354
;;-9324.168;13555.431
;;-9299.55;13558.509
;;-9278.009;13564.663
;;-9241.081;13589.281
;;-9204.154;13592.359
;;-9219.54;13586.204
;;-9167.227;13592.359
;;-9148.763;13589.281
;;-9142.608;13586.204
;;-9133.377;13586.204
;;-9121.067;13580.05
;;-9139.531;13580.05
;;-9161.072;13576.972
;;-9219.54;13567.74
;;-9250.313;13564.663
;;-9314.936;13549.277
;;-9370.327;13546.199
;;-9398.023;13558.509
;;-9416.487;13546.199
;;-9394.946;13546.199
;;-9324.168;13558.509
;;-9305.704;13570.818
;;-9250.313;13583.127
;;-9222.618;13598.513
;;-9207.231;13601.591
;;-9201.077;13604.668
;;-9198;13607.745
;;-9194.922;13610.822
;;-9207.231;13601.591
;;-9216.463;13589.281
;;-9219.54;13592.359
;;-9228.772;13592.359
;;-9274.932;13583.127
;;-9324.168;13561.586
;;-9339.555;13564.663
;;-9354.941;13561.586
;;-9305.704;13570.818
;;-9358.018;13558.509
;;-9302.627;13570.818
;;-9259.545;13583.127
;;-9231.85;13589.281
;;-9228.772;13607.745
;;-9204.154;13604.668
;;-9336.477;13564.663
;;-9198;13607.745
;;-9210.309;13607.745
;;-9204.154;13604.668
;;-9330.323;13570.818
;;-9330.323;13573.895
;;-9333.4;13580.05
;;-9253.391;13595.436
;;-9311.859;13583.127
;;-9213.386;13607.745
;;-9179.536;13607.745
;;-9207.231;13610.822
;;-9157.995;13601.591
;;-9164.149;13601.591
;;-9185.69;13610.822
;;-9145.686;13610.822
;;-9151.84;13613.9
;;-9201.077;13604.668
;;-9241.081;13598.513
;;-9308.782;13573.895
;;-9170.304;13607.745
;;-9339.555;13561.586
;;-9354.941;13552.354
;;-9361.096;13567.74
;;-9321.091;13576.972
;;-9274.932;13586.204
;;-9210.309;13601.591
;;-9207.231;13610.822
;;-9345.709;13573.895
;;-9321.091;13595.436
;;-9367.25;13558.509
;;-9194.922;13616.977
;;-9216.463;13598.513
;;-9176.459;13616.977
;;-9191.845;13620.054
;;-9176.459;13616.977
;;-9234.927;13620.054
;;-9216.463;13613.9
;;-9253.391;13607.745
;;-9204.154;13595.436
;;-9330.323;13564.663
;;-9299.55;13592.359
;;-9327.245;13583.127
;;-9271.854;13601.591
;;-9345.709;13567.74
;;-9358.018;13573.895
;;-9376.482;13580.05
;;-9354.941;13580.05
;;-9274.932;13592.359
;;-9253.391;13598.513
;;-9225.695;13610.822
;;-9207.231;13613.9
;;-9198;13607.745
;;-9204.154;13616.977
;;-9198;13613.9
;;-9198;13604.668
;;-9204.154;13610.822
;;-9210.309;13589.281
;;-9210.309;13598.513
;;-9207.231;13607.745
;;-9241.081;13586.204
;;-9281.086;13583.127
;;-9302.627;13576.972
;;-9219.54;13586.204
;;-9348.786;13570.818
;;-9330.323;13573.895
;;-9361.096;13580.05
;;-9348.786;13573.895
;;-9290.318;13576.972
;;-9234.927;13598.513
;;-9216.463;13607.745
;;-9274.932;13583.127
;;-9210.309;13623.132
;;-9216.463;13620.054
;;-9201.077;13623.132
;;-9185.69;13623.132
;;-9191.845;13620.054
;;-9204.154;13607.745
;;-9210.309;13601.591
;;-9213.386;13601.591
;;-9216.463;13592.359
;;-9216.463;13576.972
;;-9238.004;13570.818
;;-9268.777;13573.895
;;-9287.241;13573.895
;;-9293.395;13558.509
;;-9308.782;13564.663
;;-9327.245;13570.818
;;-9314.936;13576.972
;;-9299.55;13576.972
;;-9265.7;13589.281
;;-9234.927;13595.436
;;-9213.386;13601.591
;;-9185.69;13610.822
;;-9179.536;13616.977
;;-9176.459;13616.977
;;-9170.304;13613.9
;;-9170.304;13610.822
;;-9179.536;13613.9
;;-9219.54;13607.745
;;-9231.85;13610.822
;;-9253.391;13607.745
;;-9290.318;13601.591
;;-9305.704;13598.513
;;-9318.014;13583.127
;;-9318.014;13561.586
;;-9327.245;13558.509
;;-9318.014;13558.509
;;-9308.782;13564.663
;;-9287.241;13573.895
;;-9256.468;13583.127
;;-9244.159;13592.359
;;-9225.695;13607.745
;;-9182.613;13613.9
;;-9176.459;13620.054
;;-9164.149;13623.132
;;-9142.608;13620.054
;;-9157.995;13620.054
;;-9148.763;13626.209
;;-9142.608;13623.132
;;-9148.763;13623.132
;;-9164.149;13623.132
;;-9188.768;13586.204
;;-9210.309;13549.277
;;-9265.7;13558.509
;;-9330.323;13561.586
;;-9376.482;13570.818
;;-9376.482;13592.359
;;-9339.555;13598.513
;;-9314.936;13607.745
;;-9281.086;13616.977
;;-9250.313;13613.9
;;-9244.159;13616.977
;;-9191.845;13620.054
;;-9194.922;13610.822
;;-9213.386;13607.745
;;-9234.927;13589.281
;;-9247.236;13586.204
;;-9268.777;13580.05
;;-9302.627;13580.05
;;-9299.55;13589.281
;;-9305.704;13601.591
;;-9318.014;13607.745
;;-9293.395;13604.668
;;-9250.313;13604.668
;;-9253.391;13598.513
;;-9225.695;13604.668
;;-9194.922;13613.9
;;-9179.536;13635.441
;;-9167.227;13635.441
;;-9161.072;13644.672
;;-9151.84;13632.363
;;-9154.918;13623.132
;;-9167.227;13592.359
;;-9201.077;13604.668
;;-9216.463;13613.9
;;-9231.85;13616.977
;;-9265.7;13623.132
;;-9299.55;13620.054
;;-9324.168;13610.822
;;-9336.477;13598.513
;;-9327.245;13576.972
;;-9293.395;13573.895
;;-9244.159;13589.281
;;-9228.772;13604.668
;;-9201.077;13616.977
;;-9182.613;13620.054
;;-9179.536;13613.9
;;-9167.227;13607.745
;;-9173.381;13613.9
;;-9194.922;13616.977
;;-9204.154;13616.977
;;-9198;13620.054
;;-9210.309;13620.054
;;-9210.309;13616.977
;;-9213.386;13607.745
;;-9234.927;13604.668
;;-9244.159;13604.668
;;-9271.854;13604.668
;;-9293.395;13595.436
;;-9299.55;13592.359
;;-9287.241;13589.281
;;-9271.854;13592.359
;;-9262.622;13586.204
;;-9228.772;13601.591
;;-9204.154;13607.745
;;-9198;13616.977
;;-9185.69;13626.209
;;-9157.995;13632.363
;;-9130.299;13626.209
;;-9167.227;13629.286
;;-9133.377;13623.132
;;-9191.845;13632.363
;;-9207.231;13629.286
;;-9219.54;13620.054
;;-9265.7;13610.822
;;-9308.782;13610.822
;;-9330.323;13601.591
;;-9324.168;13589.281
;;-9311.859;13583.127
;;-9311.859;13583.127
;;-9290.318;13592.359
;;-9265.7;13595.436
;;-9231.85;13598.513
;;-9182.613;13607.745
;;-9170.304;13616.977
;;-9148.763;13626.209
;;-9130.299;13620.054
;;-9127.222;13620.054
;;-9124.145;13610.822
;;-9154.918;13607.745
;;-9173.381;13616.977
;;-9182.613;13620.054
;;-9194.922;13620.054
;;-9238.004;13616.977
;;-9281.086;13610.822
;;-9302.627;13610.822
;;-9308.782;13613.9
;;-9321.091;13610.822
;;-9293.395;13595.436
;;-9228.772;13601.591
;;-9198;13604.668
;;-9185.69;13620.054
;;-9185.69;13629.286
;;-9176.459;13626.209
;;-9164.149;13607.745
;;-9167.227;13616.977
;;-9157.995;13613.9
;;-9259.545;13592.359
;;-9176.459;13620.054
;;-9188.768;13607.745
;;-9213.386;13598.513
;;-9222.618;13598.513
;;-9308.782;13580.05
;;-9268.777;13595.436
;;-9244.159;13598.513
;;-9274.932;13595.436
;;-9299.55;13586.204
;;-9262.622;13598.513
;;-9188.768;13626.209
;;-9173.381;13632.363
;;-9164.149;13638.518
;;-9228.772;13613.9
;;-9241.081;13601.591
;;-9157.995;13641.595
;;-9161.072;13638.518
;;-9157.995;13632.363
;;-9179.536;13632.363
;;-9194.922;13620.054
;;-9207.231;13598.513
;;-9219.54;13598.513
;;-9164.149;13629.286
;;-9207.231;13595.436
;;-9247.236;13589.281
;;-9268.777;13586.204
;;-9293.395;13586.204
;;-9299.55;13589.281
;;-9299.55;13589.281
;;-9290.318;13595.436
;;-9262.622;13610.822
;;-9213.386;13623.132
;;-9167.227;13638.518
;;-9142.608;13653.904
;;-9139.531;13660.059
;;-9176.459;13656.982
;;-9167.227;13653.904
;;-9191.845;13635.441
;;-9194.922;13629.286
;;-9201.077;13632.363
;;-9154.918;13641.595
;;-9225.695;13629.286
;;-9213.386;13635.441
;;-9133.377;13666.213
;;-9262.622;13620.054
;;-9284.163;13620.054
;;-9305.704;13613.9
;;-9311.859;13598.513
;;-9287.241;13576.972
;;-9287.241;13583.127
;;-9287.241;13586.204
;;-9262.622;13576.972
;;-9219.54;13607.745
;;-9210.309;13616.977
;;-9244.159;13592.359
;;-9176.459;13620.054
;;-9194.922;13620.054
;;-9127.222;13623.132
;;-9114.913;13620.054
;;-9139.531;13629.286
;;-9114.913;13626.209
;;-9161.072;13626.209
;;-9167.227;13620.054
;;-9201.077;13616.977
;;-9238.004;13616.977
;;-9296.473;13592.359
;;-9293.395;13592.359
;;-9274.932;13607.745
;;-9290.318;13592.359
;;-9281.086;13589.281
;;-9256.468;13595.436
;;-9225.695;13601.591
;;-9194.922;13613.9
;;-9173.381;13613.9
;;-9176.459;13620.054
;;-9145.686;13644.672
;;-9145.686;13641.595
;;-9157.995;13647.75
;;-9161.072;13641.595
;;-9164.149;13632.363
;;-9179.536;13644.672
;;-9231.85;13620.054
;;-9287.241;13601.591
;;-9164.149;13638.518
;;-9148.763;13638.518
;;-9259.545;13598.513
;;-9194.922;13647.75
;;-9290.318;13595.436
;;-9287.241;13592.359
;;-9287.241;13595.436
;;-9274.932;13607.745
;;-9244.159;13616.977
;;-9204.154;13629.286
;;-9164.149;13641.595
;;-9164.149;13647.75
;;-9176.459;13650.827
;;-9179.536;13656.982
;;-9204.154;13650.827
;;-9262.622;13620.054
;;-9287.241;13598.513
;;-9296.473;13595.436
;;-9274.932;13620.054
;;-9287.241;13607.745
;;-9222.618;13635.441
;;-9244.159;13626.209
;;-9281.086;13610.822
;;-9188.768;13638.518
;;-9164.149;13653.904
;;-9157.995;13647.75
;;-9228.772;13644.672
;;-9170.304;13644.672
;;-9139.531;13641.595
;;-9157.995;13626.209
;;-9145.686;13641.595
;;-9148.763;13635.441
;;-9154.918;13629.286
;;-9210.309;13623.132
;;-9161.072;13632.363
;;-9173.381;13629.286
;;-9308.782;13626.209
;;-9302.627;13613.9
;;-9290.318;13626.209
;;-9293.395;13616.977
;;-9274.932;13626.209
;;-9274.932;13623.132
;;-9210.309;13644.672
;;-9179.536;13653.904
;;-9247.236;13635.441
;;-9167.227;13653.904
;;-9154.918;13663.136
;;-9154.918;13656.982
;;-9173.381;13647.75
;;-9185.69;13650.827
;;-9201.077;13647.75
;;-9225.695;13650.827
;;-9241.081;13650.827
;;-9296.473;13635.441
;;-9321.091;13623.132
;;-9308.782;13629.286
;;-9321.091;13613.9
;;-9302.627;13607.745
;;-9268.777;13610.822
;;-9244.159;13623.132
;;-9222.618;13641.595
;;-9188.768;13647.75
;;-9161.072;13650.827
;;-9170.304;13650.827
;;-9142.608;13653.904
;;-9148.763;13656.982
;;-9154.918;13656.982
;;-9173.381;13669.291
;;-9182.613;13672.368
;;-9194.922;13675.445
;;-9210.309;13666.213
;;-9219.54;13660.059
;;-9256.468;13647.75
;;-9268.777;13644.672
;;-9290.318;13635.441
;;-9308.782;13638.518
;;-9311.859;13632.363
;;-9305.704;13632.363
;;-9287.241;13632.363
;;-9259.545;13629.286
;;-9225.695;13629.286
;;-9191.845;13629.286
;;-9161.072;13644.672
;;-9151.84;13660.059
;;-9151.84;13666.213
;;-9154.918;13653.904
;;-9182.613;13641.595
;;-9167.227;13650.827
;;-9194.922;13635.441
;;-9194.922;13635.441
;;-9201.077;13635.441
;;-9222.618;13638.518
;;-9231.85;13635.441
;;-9259.545;13635.441
;;-9268.777;13629.286
;;-9281.086;13623.132
;;-9293.395;13623.132
;;-9284.163;13626.209
;;-9253.391;13632.363
;;-9228.772;13644.672
;;-9191.845;13647.75
;;-9185.69;13653.904
;;-9182.613;13663.136
;;-9161.072;13644.672
;;-9167.227;13660.059
;;-9185.69;13666.213
;;-9201.077;13675.445
;;-9207.231;13675.445
;;-9210.309;13656.982
;;-9231.85;13635.441
;;-9265.7;13613.9
;;-9299.55;13604.668
;;-9308.782;13620.054
;;-9302.627;13626.209
;;-9299.55;13629.286
;;-9262.622;13632.363
;;-9234.927;13632.363
;;-9210.309;13641.595
;;-9182.613;13641.595
;;-9151.84;13650.827
;;-9148.763;13663.136
;;-9154.918;13669.291
;;-9145.686;13672.368
;;-9154.918;13666.213
;;-9167.227;13638.518
;;-9170.304;13635.441
;;-9179.536;13644.672
;;-9204.154;13629.286
;;-9244.159;13613.9
;;-9259.545;13607.745
;;-9281.086;13607.745
;;-9293.395;13601.591
;;-9302.627;13598.513
;;-9299.55;13607.745
;;-9284.163;13595.436
;;-9259.545;13595.436
;;-9234.927;13610.822
;;-9198;13632.363
;;-9173.381;13647.75
;;-9154.918;13666.213
;;-9142.608;13669.291
;;-9145.686;13672.368
;;-9157.995;13675.445
;;-9167.227;13663.136
;;-9176.459;13644.672
;;-9185.69;13635.441
;;-9191.845;13647.75
;;-9219.54;13656.982
;;-9268.777;13653.904
;;-9287.241;13647.75
;;-9293.395;13650.827
;;-9299.55;13644.672
;;-9293.395;13635.441
;;-9265.7;13644.672
;;-9247.236;13644.672
;;-9216.463;13656.982
;;-9182.613;13635.441
;;-9148.763;13653.904
;;-9139.531;13666.213
;;-9142.608;13669.291
;;-9136.454;13663.136
;;-9136.454;13660.059
;;-9151.84;13660.059
;;-9167.227;13681.6
;;-9198;13690.832
;;-9207.231;13678.523
;;-9250.313;13678.523
;;-9281.086;13684.677
;;-9296.473;13653.904
;;-9311.859;13620.054
;;-9311.859;13604.668
;;-9256.468;13558.509
;;-9207.231;13564.663
;;-9173.381;13620.054
;;-9204.154;13598.513
;;-9151.84;13626.209
;;-9124.145;13620.054
;;-9127.222;13632.363
;;-9121.067;13620.054
;;-9121.067;13626.209
;;-9136.454;13629.286
;;-9151.84;13613.9
;;-9145.686;13623.132
;;-9154.918;13604.668
;;-9179.536;13598.513
;;-9204.154;13595.436
;;-9234.927;13592.359
;;-9256.468;13583.127
;;-9262.622;13583.127
;;-9253.391;13589.281
;;-9247.236;13598.513
;;-9222.618;13601.591
;;-9185.69;13607.745
;;-9142.608;13607.745
;;-9130.299;13607.745
;;-9084.14;13626.209
;;-9105.681;13616.977
;;-9065.676;13626.209
;;-9071.831;13632.363
;;-9081.063;13641.595
;;-9099.526;13647.75
;;-9111.836;13632.363
;;-9130.299;13620.054
;;-9154.918;13610.822
;;-9191.845;13610.822
;;-9216.463;13613.9
;;-9250.313;13613.9
;;-9281.086;13623.132
;;-9299.55;13638.518
;;-9290.318;13641.595
;;-9234.927;13635.441
;;-9182.613;13632.363
;;-9265.7;13641.595
;;-9105.681;13641.595
;;-9077.985;13635.441
;;-9047.213;13632.363
;;-9050.29;13620.054
;;-9065.676;13616.977
;;-9093.372;13616.977
;;-9114.913;13635.441
;;-9139.531;13641.595
;;-9173.381;13647.75
;;-9176.459;13647.75
;;-9102.604;13620.054
;;-9213.386;13638.518
;;-9228.772;13629.286
;;-9265.7;13610.822
;;-9271.854;13595.436
;;-9253.391;13595.436
;;-9241.081;13586.204
;;-9231.85;13583.127
;;-9207.231;13592.359
;;-9136.454;13601.591
;;-9102.604;13604.668
;;-9071.831;13613.9
;;-9071.831;13647.75
;;-9068.754;13656.982
;;-9059.522;13663.136
;;-9077.985;13675.445
;;-9105.681;13672.368
;;-9185.69;13678.523
;;-9250.313;13693.909
;;-9231.85;13687.754
;;-9154.918;13635.441
;;-9164.149;13632.363
;;-9167.227;13626.209
;;-9173.381;13616.977
;;-9188.768;13623.132
;;-9207.231;13635.441
;;-9247.236;13638.518
;;-9281.086;13660.059
;;-9262.622;13650.827
;;-9250.313;13663.136
;;-9225.695;13681.6
;;-9194.922;13696.986
;;-9164.149;13700.064
;;-9142.608;13696.986
;;-9142.608;13687.754
;;-9145.686;13693.909
;;-9136.454;13669.291
;;-9148.763;13669.291
;;-9151.84;13672.368
;;-9188.768;13669.291
;;-9207.231;13666.213
;;-9228.772;13653.904
;;-9241.081;13638.518
;;-9241.081;13626.209
;;-9234.927;13610.822
;;-9219.54;13616.977
;;-9188.768;13629.286
;;-9161.072;13620.054
;;-9151.84;13629.286
;;-9133.377;13647.75
;;-9130.299;13672.368
;;-9127.222;13690.832
;;-9114.913;13693.909
;;-9105.681;13681.6
;;-9114.913;13672.368
;;-9127.222;13663.136
;;-9127.222;13660.059
;;-9136.454;13672.368
;;-9179.536;13681.6
;;-9198;13681.6
;;-9234.927;13684.677
;;-9268.777;13690.832
;;-9290.318;13690.832
;;-9305.704;13666.213
;;-9259.545;13620.054
;;-9213.386;13650.827
;;-9299.55;13632.363
;;-9154.918;13681.6
;;-9133.377;13675.445
;;-9121.067;13672.368
;;-9090.295;13663.136
;;-9074.908;13678.523
;;-9087.217;13690.832
;;-9099.526;13681.6
;;-9096.449;13693.909
;;-9114.913;13656.982
;;-9154.918;13672.368
;;-9185.69;13650.827
;;-9170.304;13663.136
;;-9234.927;13653.904
;;-9244.159;13635.441
;;-9216.463;13653.904
;;-9234.927;13632.363
;;-9210.309;13650.827
;;-9182.613;13666.213
;;-9161.072;13672.368
;;-9157.995;13678.523
;;-9151.84;13687.754
;;-9154.918;13687.754
;;-9151.84;13681.6
;;-9154.918;13703.141
;;-9145.686;13681.6
;;-9151.84;13721.605
;;-9142.608;13730.836
;;-9151.84;13733.914
;;-9161.072;13718.527
;;-9191.845;13693.909
;;-9204.154;13678.523
;;-9238.004;13629.286
;;-9238.004;13610.822
;;-9247.236;13623.132
;;-9247.236;13623.132
;;-9198;13626.209
;;-9185.69;13632.363
;;-9157.995;13650.827
;;-9139.531;13672.368
;;-9121.067;13681.6
;;-9117.99;13690.832
;;-9121.067;13703.141
;;-9105.681;13709.295
;;-9105.681;13709.295
;;-9127.222;13718.527
;;-9130.299;13724.682
;;-9117.99;13724.682
;;-9124.145;13718.527
;;-9161.072;13706.218
;;-9188.768;13709.295
;;-9225.695;13712.373
;;-9253.391;13700.064
;;-9274.932;13700.064
;;-9268.777;13693.909
;;-9247.236;13693.909
;;-9219.54;13696.986
;;-9201.077;13709.295
;;-9154.918;13678.523
;;-9114.913;13681.6
;;-9114.913;13693.909
;;-9102.604;13696.986
;;-9093.372;13715.45
;;-9093.372;13715.45
;;-9102.604;13706.218
;;-9127.222;13715.45
;;-9157.995;13706.218
;;-9201.077;13693.909
;;-9222.618;13681.6
;;-9096.449;13715.45
;;-9256.468;13666.213
;;-9278.009;13672.368
;;-9293.395;13678.523
;;-9274.932;13684.677
;;-9231.85;13696.986
;;-9198;13718.527
;;-9164.149;13727.759
;;-9142.608;13743.146
;;-9114.913;13740.068
;;-9108.758;13730.836
;;-9127.222;13746.223
;;-9108.758;13730.836
;;-9087.217;13718.527
;;-9105.681;13730.836
;;-9121.067;13727.759
;;-9136.454;13718.527
;;-9161.072;13712.373
;;-9191.845;13700.064
;;-9204.154;13703.141
;;-9241.081;13696.986
;;-9259.545;13690.832
;;-9268.777;13700.064
;;-9278.009;13687.754
;;-9250.313;13693.909
;;-9231.85;13712.373
;;-9210.309;13730.836
;;-9185.69;13715.45
;;-9148.763;13712.373
;;-9111.836;13700.064
;;-9093.372;13715.45
;;-9093.372;13724.682
;;-9102.604;13721.605
;;-9130.299;13721.605
;;-9176.459;13721.605
;;-9179.536;13712.373
;;-9176.459;13706.218
;;-9191.845;13706.218
;;-9222.618;13700.064
;;-9231.85;13700.064
;;-9250.313;13696.986
;;-9256.468;13693.909
;;-9238.004;13687.754
;;-9228.772;13703.141
;;-9250.313;13684.677
;;-9164.149;13721.605
;;-9210.309;13712.373
;;-9105.681;13746.223
;;-9121.067;13727.759
;;-9111.836;13746.223
;;-9105.681;13743.146
;;-9102.604;13727.759
;;-9108.758;13724.682
;;-9127.222;13724.682
;;-9136.454;13712.373
;;-9136.454;13693.909
;;-9139.531;13690.832
;;-9142.608;13669.291
;;-9173.381;13656.982
;;-9198;13666.213
;;-9238.004;13678.523
;;-9259.545;13678.523
;;-9265.7;13681.6
;;-9268.777;13690.832
;;-9173.381;13727.759
;;-9133.377;13727.759
;;-9151.84;13718.527
;;-9142.608;13724.682
;;-9136.454;13730.836
;;-9154.918;13718.527
;;-9167.227;13709.295
;;-9256.468;13678.523
;;-9164.149;13733.914
;;-9145.686;13721.605
;;-9207.231;13681.6
;;-9219.54;13681.6
;;-9241.081;13684.677
;;-9253.391;13681.6
;;-9241.081;13687.754
;;-9262.622;13684.677
;;-9253.391;13684.677
;;-9213.386;13693.909
;;-9176.459;13703.141
;;-9182.613;13687.754
;;-9117.99;13706.218
;;-9105.681;13712.373
;;-9096.449;13709.295
;;-9087.217;13712.373
;;-9099.526;13718.527
;;-9136.454;13709.295
;;-9133.377;13721.605
;;-9121.067;13721.605
;;-9133.377;13709.295
;;-9157.995;13703.141
;;-9179.536;13693.909
;;-9194.922;13687.754
;;-9213.386;13690.832
;;-9145.686;13706.218
;;-9222.618;13687.754
;;-9231.85;13690.832
;;-9228.772;13687.754
;;-9219.54;13681.6
;;-9204.154;13669.291
;;-9188.768;13663.136
;;-9154.918;13669.291
;;-9142.608;13681.6
;;-9148.763;13706.218
;;-9136.454;13715.45
;;-9136.454;13715.45
;;-9148.763;13718.527
;;-9157.995;13721.605
;;-9142.608;13715.45
;;-9148.763;13724.682
;;-9148.763;13721.605
;;-9170.304;13718.527
;;-9210.309;13709.295
;;-9228.772;13715.45
;;-9265.7;13709.295
;;-9290.318;13687.754
;;-9284.163;13669.291
;;-9293.395;13678.523
;;-9262.622;13687.754
;;-9225.695;13703.141
;;-9161.072;13718.527
;;-9133.377;13721.605
;;-9191.845;13715.45
;;-9130.299;13727.759
;;-9130.299;13727.759
;;-9117.99;13700.064
;;-9093.372;13693.909
;;-9074.908;13687.754
;;-9059.522;13675.445
;;-9062.599;13681.6
;;-9087.217;13684.677
;;-9145.686;13687.754
;;-9210.309;13684.677
;;-9268.777;13666.213
;;-9234.927;13681.6
;;-9274.932;13647.75
;;-9268.777;13669.291
;;-9256.468;13684.677
;;-9274.932;13653.904
;;-9182.613;13715.45
;;-9231.85;13696.986
;;-9154.918;13724.682
;;-9157.995;13733.914
;;-9154.918;13730.836
;;-9145.686;13703.141
;;-9139.531;13696.986
;;-9139.531;13703.141
;;-9117.99;13678.523
;;-9127.222;13678.523
;;-9148.763;13690.832
;;-9188.768;13672.368
;;-9164.149;13681.6
;;-9191.845;13675.445
;;-9213.386;13663.136
;;-9222.618;13656.982
;;-9253.391;13663.136
;;-9250.313;13669.291
;;-9231.85;13669.291
;;-9216.463;13681.6
;;-9188.768;13687.754
;;-9151.84;13696.986
;;-9127.222;13693.909
;;-9102.604;13696.986
;;-9081.063;13703.141
;;-9081.063;13706.218
;;-9081.063;13715.45
;;-9099.526;13718.527
;;-9124.145;13715.45
;;-9133.377;13696.986
;;-9228.772;13703.141
;;-9194.922;13712.373
;;-9151.84;13703.141
;;-9244.159;13681.6
;;-9256.468;13672.368
;;-9262.622;13672.368
;;-9253.391;13666.213
;;-9244.159;13672.368
;;-9228.772;13681.6
;;-9207.231;13687.754
;;-9188.768;13703.141
;;-9151.84;13712.373
;;-9121.067;13709.295
;;-9111.836;13693.909
;;-9090.295;13690.832
;;-9108.758;13703.141
;;-9114.913;13724.682
;;-9111.836;13727.759
;;-9130.299;13718.527
;;-9145.686;13715.45
;;-9157.995;13709.295
;;-9176.459;13687.754
;;-9213.386;13669.291
;;-9228.772;13663.136
;;-9250.313;13656.982
;;-9259.545;13656.982
;;-9247.236;13666.213
;;-9222.618;13678.523
;;-9201.077;13690.832
;;-9176.459;13696.986
;;-9151.84;13709.295
;;-9142.608;13718.527
;;-9105.681;13715.45
;;-9084.14;13703.141
;;-9068.754;13693.909
;;-9074.908;13687.754
;;-9087.217;13681.6
;;-9090.295;13672.368
;;-9096.449;13684.677
;;-9130.299;13687.754
;;-9164.149;13696.986
;;-9188.768;13693.909
;;-9250.313;13663.136
;;-9222.618;13669.291
;;-9262.622;13653.904
;;-9241.081;13650.827
;;-9219.54;13666.213
;;-9204.154;13666.213
;;-9164.149;13681.6
;;-9148.763;13700.064
;;-9130.299;13700.064
;;-9117.99;13700.064
;;-9114.913;13693.909
;;-9124.145;13696.986
;;-9142.608;13681.6
;;-9145.686;13681.6
;;-9151.84;13666.213
;;-9164.149;13656.982
;;-9247.236;13644.672
;;-9222.618;13650.827
;;-9201.077;13647.75
;;-9244.159;13650.827
;;-9234.927;13656.982
;;-9216.463;13666.213
;;-9194.922;13675.445
;;-9167.227;13675.445
;;-9145.686;13678.523
;;-9133.377;13678.523
;;-9102.604;13672.368
;;-9093.372;13690.832
;;-9093.372;13690.832
;;-9090.295;13678.523
;;-9096.449;13675.445
;;-9096.449;13672.368
;;-9111.836;13675.445
;;-9127.222;13666.213
;;-9154.918;13641.595
;;-9216.463;13632.363
;;-9185.69;13629.286
;;-9234.927;13632.363
;;-9250.313;13629.286
;;-9244.159;13641.595
;;-9228.772;13663.136
;;-9201.077;13666.213
;;-9161.072;13678.523
;;-9136.454;13681.6
;;-9114.913;13687.754
;;-9099.526;13678.523
;;-9093.372;13672.368
;;-9093.372;13666.213
;;-9102.604;13656.982
;;-9102.604;13644.672
;;-9105.681;13644.672
;;-9121.067;13647.75
;;-9164.149;13650.827
;;-9210.309;13644.672
;;-9241.081;13641.595
;;-9244.159;13638.518
;;-9250.313;13635.441
;;-9204.154;13613.9
;;-9231.85;13623.132
;;-9250.313;13635.441
;;-9167.227;13623.132
;;-9136.454;13638.518
;;-9121.067;13653.904
;;-9105.681;13653.904
;;-9099.526;13666.213
;;-9105.681;13663.136
;;-9102.604;13669.291
;;-9114.913;13669.291
;;-9130.299;13660.059
;;-9121.067;13666.213
;;-9127.222;13660.059
;;-9121.067;13653.904
;;-9142.608;13647.75
;;-9179.536;13613.9
;;-9167.227;13635.441
;;-9188.768;13607.745
;;-9207.231;13601.591
;;-9210.309;13601.591
;;-9204.154;13607.745
;;-9201.077;13616.977
;;-9170.304;13626.209
;;-9142.608;13641.595
;;-9105.681;13650.827
;;-9096.449;13641.595
;;-9099.526;13644.672
;;-9108.758;13650.827
;;-9102.604;13641.595
;;-9105.681;13629.286
;;-9105.681;13638.518
;;-9111.836;13666.213
;;-9121.067;13666.213
;;-9136.454;13660.059
;;-9099.526;13653.904
;;-9157.995;13653.904
;;-9207.231;13641.595
;;-9238.004;13623.132
;;-9241.081;13610.822
;;-9228.772;13595.436
;;-9228.772;13589.281
;;-9176.459;13601.591
;;-9222.618;13604.668
;;-9201.077;13598.513
;;-9139.531;13632.363
;;-9136.454;13641.595
;;-9117.99;13656.982
;;-9105.681;13653.904
;;-9102.604;13632.363
;;-9124.145;13650.827
;;-9077.985;13595.436
;;-9071.831;13598.513
;;-9059.522;13586.204
;;-9090.295;13604.668
;;-9238.004;13592.359
;;-9222.618;13604.668
;;-9231.85;13598.513
;;-9234.927;13595.436
;;-9222.618;13592.359
;;-9124.145;13610.822
;;-9225.695;13589.281
;;-9219.54;13583.127
;;-9188.768;13583.127
;;-9154.918;13586.204
;;-9124.145;13623.132
;;-9133.377;13616.977
;;-9102.604;13629.286
;;-9084.14;13632.363
;;-9065.676;13623.132
;;-9071.831;13632.363
;;-9071.831;13607.745
;;-9068.754;13620.054
;;-9164.149;13589.281
;;-9071.831;13607.745
;;-9216.463;13570.818
;;-9071.831;13613.9
;;-9234.927;13567.74
;;-9244.159;13552.354
;;-9250.313;13555.431
;;-9201.077;13580.05
;;-9234.927;13564.663
;;-9179.536;13589.281
;;-9127.222;13598.513
;;-9090.295;13610.822
;;-9090.295;13607.745
;;-9093.372;13613.9
;;-9096.449;13610.822
;;-9096.449;13607.745
;;-9087.217;13613.9
;;-9093.372;13610.822
;;-9108.758;13613.9
;;-9130.299;13620.054
;;-9167.227;13589.281
;;-9188.768;13573.895
;;-9198;13573.895
;;-9198;13573.895
;;-9207.231;13570.818
;;-9222.618;13564.663
;;-9213.386;13567.74
;;-9102.604;13607.745
;;-9173.381;13576.972
;;-9117.99;13598.513
;;-9081.063;13620.054
;;-9077.985;13620.054
;;-9074.908;13613.9
;;-9130.299;13589.281
;;-9081.063;13607.745
;;-9071.831;13607.745
;;-9127.222;13607.745
;;-9102.604;13616.977
;;-9133.377;13589.281
;;-9188.768;13558.509
;;-9164.149;13580.05
;;-9219.54;13543.122
;;-9188.768;13533.89
;;-9213.386;13546.199
;;-9204.154;13533.89
;;-9148.763;13576.972
;;-9161.072;13536.968
;;-9124.145;13595.436
;;-9111.836;13586.204
;;-9124.145;13610.822
;;-9176.459;13536.968
;;-9127.222;13613.9
;;-9121.067;13610.822
;;-9117.99;13601.591
;;-9102.604;13589.281
;;-9099.526;13573.895
;;-9099.526;13555.431
;;-9136.454;13558.509
;;-9176.459;13546.199
;;-9204.154;13533.89
;;-9234.927;13524.658
;;-9216.463;13533.89
;;-9231.85;13524.658
;;-9225.695;13530.813
;;-9194.922;13540.045
;;-9161.072;13549.277
;;-9124.145;13570.818
;;-9105.681;13580.05
;;-9102.604;13592.359
;;-9093.372;13586.204
;;-9090.295;13589.281
;;-9084.14;13583.127
;;-9081.063;13576.972
;;-9081.063;13561.586
;;-9081.063;13558.509
;;-9096.449;13580.05
;;-9087.217;13570.818
;;-9161.072;13573.895
;;-9191.845;13558.509
;;-9204.154;13536.968
;;-9210.309;13527.736
;;-9222.618;13509.272
;;-9222.618;13509.272
;;-9216.463;13512.349
;;-9188.768;13527.736
;;-9148.763;13540.045
;;-9093.372;13549.277
;;-9071.831;13558.509
;;-9071.831;13561.586
;;-9071.831;13567.74
;;-9077.985;13570.818
;;-9114.913;13583.127
;;-9121.067;13576.972
;;-9090.295;13583.127
;;-9099.526;13552.354
;;-9121.067;13546.199
;;-9114.913;13570.818
;;-9145.686;13546.199
;;-9179.536;13533.89
;;-9204.154;13527.736
;;-9231.85;13521.581
;;-9231.85;13521.581
;;-9213.386;13524.658
;;-9124.145;13561.586
;;-9124.145;13567.74
;;-9127.222;13549.277
;;-9173.381;13543.122
;;-9108.758;13527.736
;;-9084.14;13533.89
;;-9074.908;13546.199
;;-9071.831;13540.045
;;-9084.14;13540.045
;;-9093.372;13549.277
;;-9105.681;13549.277
;;-9117.99;13549.277
;;-9182.613;13533.89
;;-9148.763;13536.968
;;-9191.845;13527.736
;;-9201.077;13524.658
;;-9207.231;13509.272
;;-9210.309;13509.272
;;-9201.077;13506.195
;;-9161.072;13512.349
;;-9148.763;13521.581
;;-9108.758;13527.736
;;-9090.295;13543.122
;;-9077.985;13558.509
;;-9065.676;13564.663
;;-9050.29;13573.895
;;-9047.213;13558.509
;;-9041.058;13549.277
;;-9053.367;13558.509
;;-9068.754;13561.586
;;-9087.217;13561.586
;;-9090.295;13552.354
;;-9096.449;13530.813
;;-9136.454;13521.581
;;-9182.613;13512.349
;;-9213.386;13506.195
;;-9219.54;13512.349
;;-9210.309;13515.427
;;-9194.922;13515.427
;;-9173.381;13527.736
;;-9164.149;13524.658
;;-9142.608;13533.89
;;-9099.526;13530.813
;;-9084.14;13521.581
;;-9090.295;13533.89
;;-9093.372;13552.354
;;-9084.14;13564.663
;;-9074.908;13555.431
;;-9065.676;13552.354
;;-9081.063;13555.431
;;-9099.526;13546.199
;;-9102.604;13536.968
;;-9136.454;13533.89
;;-9176.459;13533.89
;;-9207.231;13533.89
;;-9222.618;13527.736
;;-9234.927;13530.813
;;-9231.85;13540.045
;;-9213.386;13543.122
;;-9191.845;13543.122
;;-9167.227;13521.581
;;-9139.531;13509.272
;;-9108.758;13524.658
;;-9084.14;13540.045
;;-9074.908;13546.199
;;-9068.754;13549.277
;;-9071.831;13546.199
;;-9084.14;13536.968
;;-9087.217;13527.736
;;-9099.526;13524.658
;;-9105.681;13515.427
;;-9111.836;13500.04
;;-9139.531;13487.731
;;-9176.459;13500.04
;;-9204.154;13500.04
;;-9216.463;13503.117
;;-9222.618;13500.04
;;-9204.154;13496.963
;;-9198;13503.117
;;-9167.227;13512.349
;;-9127.222;13509.272
;;-9090.295;13524.658
;;-9081.063;13540.045
;;-9068.754;13540.045
;;-9062.599;13533.89
;;-9053.367;13527.736
;;-9062.599;13527.736
;;-9090.295;13527.736
;;-9090.295;13536.968
;;-9074.908;13527.736
;;-9102.604;13543.122
;;-9201.077;13509.272
;;-9127.222;13540.045
;;-9161.072;13527.736
;;-9207.231;13503.117
;;-9204.154;13487.731
;;-9216.463;13493.886
;;-9176.459;13487.731
;;-9167.227;13496.963
;;-9121.067;13503.117
;;-9081.063;13503.117
;;-9071.831;13509.272
;;-9059.522;13515.427
;;-9050.29;13527.736
;;-9065.676;13512.349
;;-9053.367;13546.199
;;-9068.754;13549.277
;;-9084.14;13549.277
;;-9111.836;13555.431
;;-9114.913;13549.277
;;-9121.067;13543.122
;;-9151.84;13536.968
;;-9170.304;13509.272
;;-9176.459;13481.576
;;-9179.536;13478.499
;;-9201.077;13466.19
;;-9191.845;13463.113
;;-9179.536;13472.345
;;-9145.686;13496.963
;;-9117.99;13506.195
;;-9096.449;13506.195
;;-9093.372;13509.272
;;-9093.372;13515.427
;;-9084.14;13527.736
;;-9096.449;13533.89
;;-9081.063;13530.813
;;-9121.067;13546.199
;;-9096.449;13533.89
;;-9142.608;13549.277
;;-9145.686;13555.431
;;-9154.918;13530.813
;;-9179.536;13530.813
;;-9198;13521.581
;;-9204.154;13512.349
;;-9188.768;13466.19
;;-9176.459;13466.19
;;-9170.304;13475.422
;;-9151.84;13481.576
;;-9136.454;13481.576
;;-9117.99;13500.04
;;-9093.372;13527.736
;;-9114.913;13521.581
;;-9081.063;13527.736
;;-9087.217;13524.658
;;-9084.14;13524.658
;;-9084.14;13527.736
;;-9074.908;13512.349
;;-9087.217;13500.04
;;-9111.836;13493.886
;;-9071.831;13518.504
;;-9127.222;13490.808
;;-9096.449;13503.117
;;-9154.918;13487.731
;;-9198;13481.576
;;-9176.459;13487.731
;;-9201.077;13481.576
;;-9161.072;13490.808
;;-9157.995;13512.349
;;-9173.381;13481.576
;;-9099.526;13521.581
;;-9121.067;13524.658
;;-9077.985;13518.504
;;-9062.599;13521.581
;;-9065.676;13527.736
;;-9090.295;13540.045
;;-9105.681;13543.122
;;-9105.681;13540.045
;;-9124.145;13540.045
;;-9173.381;13530.813
;;-9136.454;13536.968
;;-9194.922;13530.813
;;-9207.231;13512.349
;;-9207.231;13506.195
;;-9198;13484.654
;;-9191.845;13487.731
;;-9176.459;13503.117
;;-9161.072;13509.272
;;-9093.372;13509.272
;;-9133.377;13506.195
;;-9062.599;13496.963
;;-9041.058;13487.731
;;-9031.826;13506.195
;;-9044.135;13506.195
;;-9034.904;13493.886
;;-9074.908;13518.504
;;-9084.14;13527.736
;;-9124.145;13533.89
;;-9157.995;13521.581
;;-9182.613;13509.272
;;-9198;13496.963
;;-9213.386;13493.886
;;-9225.695;13487.731
;;-9231.85;13490.808
;;-9238.004;13484.654
;;-9216.463;13487.731
;;-9127.222;13512.349
;;-9176.459;13500.04
;;-9096.449;13506.195
;;-9090.295;13496.963
;;-9077.985;13496.963
;;-9084.14;13496.963
;;-9074.908;13509.272
;;-9081.063;13503.117
;;-9081.063;13503.117
;;-9084.14;13493.886
;;-9081.063;13493.886
;;-9081.063;13487.731
;;-9114.913;13490.808
;;-9191.845;13466.19
;;-9161.072;13475.422
;;-9142.608;13496.963
;;-9204.154;13469.267
;;-9222.618;13472.345
;;-9225.695;13475.422
;;-9219.54;13481.576
;;-9207.231;13496.963
;;-9111.836;13500.04
;;-9164.149;13506.195
;;-9087.217;13506.195
;;-9062.599;13509.272
;;-9059.522;13503.117
;;-9081.063;13512.349
;;-9081.063;13512.349
;;-9090.295;13509.272
;;-9102.604;13509.272
;;-9102.604;13503.117
;;-9127.222;13487.731
;;-9151.84;13487.731
;;-9176.459;13481.576
;;-9161.072;13487.731
;;-9207.231;13472.345
;;-9234.927;13472.345
;;-9222.618;13475.422
;;-9201.077;13484.654
;;-9173.381;13496.963
;;-9142.608;13515.427
;;-9121.067;13515.427
;;-9096.449;13518.504
;;-9136.454;13521.581
;;-9087.217;13524.658
;;-9077.985;13533.89
;;-9077.985;13527.736
;;-9084.14;13521.581
;;-9096.449;13518.504
;;-9136.454;13496.963
;;-9111.836;13509.272
;;-9167.227;13481.576
;;-9191.845;13460.036
;;-9201.077;13463.113
;;-9207.231;13469.267
;;-9225.695;13478.499
;;-9241.081;13500.04
;;-9234.927;13506.195
;;-9173.381;13487.731
;;-9127.222;13493.886
;;-9108.758;13496.963
;;-9096.449;13484.654
;;-9114.913;13506.195
;;-9204.154;13496.963
;;-9065.676;13475.422
;;-9062.599;13487.731
;;-9065.676;13496.963
;;-9084.14;13493.886
;;-9111.836;13478.499
;;-9145.686;13469.267
;;-9194.922;13453.881
;;-9210.309;13447.726
;;-9216.463;13447.726
;;-9207.231;13441.572
;;-9204.154;13441.572
;;-9198;13456.958
;;-9176.459;13463.113
;;-9157.995;13469.267
;;-9133.377;13478.499
;;-9111.836;13481.576
;;-9105.681;13490.808
;;-9111.836;13493.886
;;-9099.526;13472.345
;;-9090.295;13475.422
;;-9084.14;13484.654
;;-9077.985;13481.576
;;-9090.295;13478.499
;;-9111.836;13472.345
;;-9121.067;13466.19
;;-9127.222;13463.113
;;-9157.995;13460.036
;;-9185.69;13463.113
;;-9207.231;13463.113
;;-9216.463;13463.113
;;-9222.618;13463.113
;;-9219.54;13466.19
;;-9210.309;13469.267
;;-9182.613;13478.499
;;-9154.918;13484.654
;;-9124.145;13490.808
;;-9096.449;13500.04
;;-9108.758;13481.576
;;-9084.14;13484.654
;;-9084.14;13475.422
;;-9074.908;13466.19
;;-9077.985;13475.422
;;-9065.676;13463.113
;;-9081.063;13475.422
;;-9087.217;13472.345
;;-9093.372;13460.036
;;-9117.99;13453.881
;;-9207.231;13447.726
;;-9213.386;13453.881
;;-9216.463;13447.726
;;-9151.84;13456.958
;;-9179.536;13453.881
;;-9210.309;13447.726
;;-9198;13453.881
;;-9170.304;13456.958
;;-9142.608;13460.036
;;-9093.372;13487.731
;;-9084.14;13484.654
;;-9077.985;13481.576
;;-9074.908;13487.731
;;-9105.681;13478.499
;;-9068.754;13493.886
;;-9077.985;13481.576
;;-9096.449;13481.576
;;-9111.836;13493.886
;;-9127.222;13493.886
;;-9173.381;13487.731
;;-9201.077;13472.345
;;-9198;13469.267
;;-9188.768;13453.881
;;-9142.608;13416.954
;;-9127.222;13429.263
;;-9124.145;13438.495
;;-9071.831;13453.881
;;-9093.372;13456.958
;;-9068.754;13450.804
;;-9084.14;13466.19
;;-9087.217;13472.345
;;-9087.217;13469.267
;;-9087.217;13481.576
;;-9081.063;13484.654
;;-9081.063;13481.576
;;-9139.531;13463.113
;;-9170.304;13441.572
;;-9081.063;13475.422
;;-9198;13426.185
;;-9185.69;13432.34
;;-9176.459;13435.417
;;-9148.763;13469.267
;;-9102.604;13472.345
;;-9127.222;13481.576
;;-9121.067;13490.808
;;-9167.227;13447.726
;;-9127.222;13500.04
;;-9124.145;13481.576
;;-9090.295;13456.958
;;-9068.754;13460.036
;;-9053.367;13466.19
;;-9194.922;13435.417
;;-9047.213;13466.19
;;-9148.763;13466.19
;;-9050.29;13466.19
;;-9213.386;13456.958
;;-9099.526;13466.19
;;-9225.695;13456.958
;;-9228.772;13460.036
;;-9176.459;13450.804
;;-9219.54;13453.881
;;-9121.067;13453.881
;;-9090.295;13453.881
;;-9065.676;13463.113
;;-9142.608;13453.881
;;-9108.758;13469.267
;;-9102.604;13481.576
;;-9102.604;13469.267
;;-9114.913;13466.19
;;-9111.836;13496.963
;;-9099.526;13500.04
;;-9105.681;13500.04
;;-9105.681;13503.117
;;-9105.681;13475.422
;;-9124.145;13432.34
;;-9121.067;13466.19
;;-9164.149;13429.263
;;-9173.381;13438.495
;;-9176.459;13435.417
;;-9176.459;13429.263
;;-9167.227;13441.572
;;-9148.763;13447.726
;;-9139.531;13456.958
;;-9074.908;13500.04
;;-9133.377;13475.422
;;-9102.604;13487.731
;;-9074.908;13500.04
;;-9062.599;13500.04
;;-9050.29;13500.04
;;-9062.599;13490.808
;;-9053.367;13509.272
;;-9071.831;13472.345
;;-9090.295;13472.345
;;-9117.99;13463.113
;;-9188.768;13447.726
;;-9216.463;13444.649
;;-9213.386;13450.804
;;-9204.154;13444.649
;;-9204.154;13447.726
;;-9198;13460.036
;;-9170.304;13469.267
;;-9139.531;13463.113
;;-9071.831;13466.19
;;-9041.058;13469.267
;;-9041.058;13475.422
;;-9037.981;13487.731
;;-9041.058;13487.731
;;-9050.29;13475.422
;;-9068.754;13481.576
;;-9087.217;13493.886
;;-9093.372;13481.576
;;-9102.604;13466.19
;;-9154.918;13447.726
;;-9170.304;13435.417
;;-9182.613;13435.417
;;-9191.845;13438.495
;;-9194.922;13444.649
;;-9167.227;13447.726
;;-9130.299;13460.036
;;-9108.758;13469.267
;;-9077.985;13481.576
;;-9056.444;13500.04
;;-9071.831;13496.963
;;-9068.754;13496.963
;;-9096.449;13487.731
;;-9093.372;13487.731
;;-9084.14;13496.963
;;-9093.372;13503.117
;;-9090.295;13503.117
;;-9117.99;13475.422
;;-9157.995;13472.345
;;-9176.459;13460.036
;;-9182.613;13456.958
;;-9185.69;13453.881
;;-9198;13453.881
;;-9179.536;13460.036
;;-9145.686;13456.958
;;-9117.99;13460.036
;;-9087.217;13456.958
;;-9071.831;13460.036
;;-9037.981;13478.499
;;-9071.831;13487.731
;;-9117.99;13503.117
;;-9161.072;13493.886
;;-9099.526;13496.963
;;-9025.672;13481.576
;;-9025.672;13490.808
;;-9050.29;13478.499
;;-9019.517;13481.576
;;-9188.768;13484.654
;;-9216.463;13472.345
;;-9225.695;13466.19
;;-9228.772;13472.345
;;-9207.231;13475.422
;;-9176.459;13478.499
;;-9151.84;13487.731
;;-9105.681;13506.195
;;-9099.526;13503.117
;;-9090.295;13506.195
;;-9087.217;13506.195
;;-9071.831;13506.195
;;-9050.29;13509.272
;;-9041.058;13506.195
;;-9050.29;13509.272
;;-9047.213;13506.195
;;-9056.444;13500.04
;;-9068.754;13506.195
;;-9130.299;13481.576
;;-9148.763;13472.345
;;-9173.381;13481.576
;;-9191.845;13490.808
;;-9191.845;13493.886
;;-9185.69;13496.963
;;-9167.227;13512.349
;;-9139.531;13524.658
;;-9111.836;13543.122
;;-9108.758;13543.122
;;-9087.217;13536.968
;;-9077.985;13527.736
;;-9053.367;13515.427
;;-9034.904;13521.581
;;-9041.058;13536.968
;;-9053.367;13536.968
;;-9074.908;13540.045
;;-9065.676;13515.427
;;-9050.29;13518.504
;;-9068.754;13533.89
;;-9108.758;13530.813
;;-9157.995;13512.349
;;-9194.922;13481.576
;;-9182.613;13444.649
;;-9173.381;13453.881
;;-9176.459;13456.958
;;-9167.227;13466.19
;;-9145.686;13478.499
;;-9105.681;13484.654
;;-9081.063;13493.886
;;-9062.599;13506.195
;;-9053.367;13506.195
;;-9041.058;13512.349
;;-9031.826;13521.581
;;-9034.904;13524.658
;;-9034.904;13530.813
;;-9044.135;13536.968
;;-9056.444;13536.968
;;-9068.754;13543.122
;;-9090.295;13524.658
;;-9121.067;13515.427
;;-9142.608;13509.272
;;-9161.072;13500.04
;;-9170.304;13484.654
;;-9157.995;13466.19
;;-9142.608;13460.036
;;-9136.454;13472.345
;;-9105.681;13490.808
;;-9099.526;13503.117
;;-9065.676;13527.736
;;-9028.749;13530.813
;;-9013.363;13518.504
;;-9004.131;13524.658
;;-9001.053;13536.968
;;-9019.517;13540.045
;;-9050.29;13543.122
;;-9056.444;13530.813
;;-9056.444;13518.504
;;-9099.526;13530.813
;;-9111.836;13524.658
;;-9136.454;13521.581
;;-9151.84;13521.581
;;-9164.149;13515.427
;;-9179.536;13512.349
;;-9182.613;13509.272
;;-9170.304;13515.427
;;-9145.686;13512.349
;;-9136.454;13524.658
;;-9087.217;13536.968
;;-9077.985;13536.968
;;-9068.754;13540.045
;;-9056.444;13555.431
;;-9025.672;13558.509
;;-9037.981;13561.586
;;-9019.517;13546.199
;;-9022.594;13549.277
;;-9016.44;13524.658
;;-9031.826;13512.349
;;-9059.522;13518.504
;;-9133.377;13503.117
;;-9102.604;13515.427
;;-9154.918;13512.349
;;-9167.227;13515.427
;;-9167.227;13518.504
;;-9167.227;13512.349
;;-9142.608;13515.427
;;-9136.454;13521.581
;;-9105.681;13533.89
;;-9065.676;13543.122
;;-9050.29;13552.354
;;-9037.981;13561.586
;;-9022.594;13561.586
;;-9016.44;13561.586
;;-9010.285;13561.586
;;-9041.058;13564.663
;;-9013.363;13561.586
;;-9068.754;13546.199
;;-9127.222;13536.968
;;-9084.14;13530.813
;;-9148.763;13552.354
;;-9185.69;13527.736
;;-9188.768;13518.504
;;-9179.536;13536.968
;;-9185.69;13527.736
;;-9185.69;13533.89
;;-9148.763;13512.349
;;-9139.531;13506.195
;;-9105.681;13515.427
;;-9074.908;13524.658
;;-9065.676;13540.045
;;-9050.29;13558.509
;;-9007.208;13552.354
;;-8988.744;13552.354
;;-8985.667;13552.354
;;-9010.285;13543.122
;;-9050.29;13561.586
