~o
<STREAMINFO> 1 6
<VECSIZE> 6<NULLD><USER><DIAGC>
~h "SegundoPRIMARIA"
<BEGINHMM>
<NUMSTATES> 3
<STATE> 2
<NUMMIXES> 7
<MIXTURE> 1 4.245279e-03
<MEAN> 6
 7.375426e+01 -3.364493e+02 -7.478767e+01 8.034409e+01 -1.736978e+03 5.598295e+02
<VARIANCE> 6
 7.177957e+03 9.930908e+05 1.133163e+05 4.713177e+05 2.312171e+08 2.900765e+11
<GCONST> 1.040681e+02
<MIXTURE> 2 1.797581e-01
<MEAN> 6
 8.082300e+01 3.637155e+01 -1.266847e+01 -1.111133e+00 -7.003871e+00 -5.201379e+01
<VARIANCE> 6
 2.947998e+02 2.108725e+05 6.681712e+05 2.457224e+02 9.711659e+03 5.932458e+06
<GCONST> 7.266611e+01
<MIXTURE> 3 1.186820e-01
<MEAN> 6
 -3.127065e+01 9.949073e+01 4.895500e+01 7.543694e+01 6.320796e+02 -1.072624e+03
<VARIANCE> 6
 7.107901e+02 2.149850e+05 9.745638e+04 2.939378e+04 3.486599e+05 7.288552e+07
<GCONST> 8.251392e+01
<MIXTURE> 4 1.994186e-01
<MEAN> 6
 2.412692e+01 -1.179062e+02 2.849566e+01 -5.967613e+01 7.497729e+01 1.945017e+03
<VARIANCE> 6
 3.999696e+03 6.484981e+05 8.455596e+05 5.953209e+04 2.371341e+06 7.760164e+08
<GCONST> 9.249432e+01
<MIXTURE> 5 2.632557e-01
<MEAN> 6
 6.947203e+01 6.798503e+00 2.483875e+01 6.030727e+00 -5.308263e+02 -5.830058e+02
<VARIANCE> 6
 8.959872e+02 1.686815e+05 1.102984e+05 3.816184e+04 3.408720e+05 9.923362e+07
<GCONST> 8.317374e+01
<MIXTURE> 6 1.088645e-01
<MEAN> 6
 8.712855e+01 8.979414e+01 -4.122513e+01 -2.657740e+00 -8.067159e+00 -1.063802e+02
<VARIANCE> 6
 3.666397e+02 2.242394e+06 2.829791e+05 2.457224e+02 9.711659e+03 5.932458e+06
<GCONST> 7.438906e+01
<MIXTURE> 7 1.247137e-01
<MEAN> 6
 -4.630797e+01 -3.956062e+01 -8.791385e+01 1.472326e+01 4.762712e+02 -7.212495e+02
<VARIANCE> 6
 5.301479e+02 1.753998e+05 2.146916e+05 1.515137e+04 2.199129e+05 6.342494e+07
<GCONST> 8.154440e+01
<TRANSP> 3
 0.000000e+00 1.000000e+00 0.000000e+00
 0.000000e+00 9.999629e-01 3.712926e-05
 0.000000e+00 0.000000e+00 0.000000e+00
<ENDHMM>
~h "SegundoESO"
<BEGINHMM>
<NUMSTATES> 3
<STATE> 2
<NUMMIXES> 7
<MIXTURE> 1 2.137498e-01
<MEAN> 6
 7.064314e+01 1.075363e+02 -1.149685e+02 -1.510650e+00 -8.945384e+00 -5.075639e+01
<VARIANCE> 6
 9.967698e+01 6.284399e+05 4.480616e+05 2.457224e+02 9.711659e+03 5.932458e+06
<GCONST> 7.227412e+01
<MIXTURE> 2 1.042162e-01
<MEAN> 6
 6.014356e+00 1.062168e+02 4.053314e+02 -6.775439e+01 9.534605e+01 2.840772e+03
<VARIANCE> 6
 2.861128e+03 2.993351e+06 4.878266e+06 4.479336e+04 1.676224e+06 5.109177e+08
<GCONST> 9.439202e+01
<MIXTURE> 3 1.177395e-01
<MEAN> 6
 5.553216e+01 4.869832e+01 2.013547e+01 2.049530e+01 -4.022100e+02 -3.708205e+02
<VARIANCE> 6
 8.999976e+02 1.079518e+07 2.802731e+06 2.394588e+04 1.812048e+05 3.741494e+07
<GCONST> 8.849889e+01
<MIXTURE> 4 1.328609e-01
<MEAN> 6
 3.965246e+01 7.149160e+01 1.037223e+02 2.235177e+01 -2.786959e+02 2.396126e+02
<VARIANCE> 6
 9.606940e+02 3.182686e+05 1.420134e+05 2.698670e+04 1.537910e+05 5.704960e+07
<GCONST> 8.243512e+01
<MIXTURE> 5 2.167590e-01
<MEAN> 6
 -4.094195e+01 8.182470e+01 7.059578e+01 1.807989e+01 5.832738e+02 -7.189234e+02
<VARIANCE> 6
 3.474179e+02 4.411499e+05 4.667990e+05 1.729395e+04 2.455591e+05 7.098379e+07
<GCONST> 8.317596e+01
<MIXTURE> 6 8.228439e-02
<MEAN> 6
 7.682275e+01 -6.186138e+02 -5.731315e+02 -1.620181e+00 -7.225294e+00 -4.674119e+01
<VARIANCE> 6
 1.597096e+02 4.960118e+06 1.548915e+07 2.457224e+02 9.711659e+03 5.932458e+06
<GCONST> 7.835445e+01
<MIXTURE> 7 1.310406e-01
<MEAN> 6
 4.000264e+01 -1.232975e+02 -1.540922e+01 -1.153671e+01 -3.745294e+02 -8.750101e+02
<VARIANCE> 6
 1.081353e+03 3.392922e+05 1.135423e+05 3.034799e+04 2.536040e+05 7.809240e+07
<GCONST> 8.332520e+01
<TRANSP> 3
 0.000000e+00 1.000000e+00 0.000000e+00
 0.000000e+00 9.999630e-01 3.692727e-05
 0.000000e+00 0.000000e+00 0.000000e+00
<ENDHMM>
~h "QuintoPRIMARIA"
<BEGINHMM>
<NUMSTATES> 3
<STATE> 2
<NUMMIXES> 7
<MIXTURE> 1 1.082602e-01
<MEAN> 6
 7.949870e+01 1.254290e+02 -9.352287e+00 -1.933017e+00 -4.458715e+00 -2.317443e+01
<VARIANCE> 6
 2.918759e+02 4.455277e+06 7.147665e+06 2.457224e+02 9.711659e+03 5.932458e+06
<GCONST> 7.807672e+01
<MIXTURE> 2 7.706793e-02
<MEAN> 6
 1.230079e+01 8.567171e+01 -3.895069e+02 -1.020131e+02 1.277250e+02 4.009412e+03
<VARIANCE> 6
 3.753576e+03 2.869968e+06 7.007680e+06 6.403055e+04 5.734856e+06 3.748485e+09
<GCONST> 9.856386e+01
<MIXTURE> 3 1.285389e-01
<MEAN> 6
 -3.831440e+01 5.622118e+01 2.399154e+02 4.741433e+01 6.929156e+02 -7.095881e+02
<VARIANCE> 6
 5.643943e+02 5.742342e+05 5.823726e+05 3.185355e+04 3.539040e+05 9.779451e+07
<GCONST> 8.544273e+01
<MIXTURE> 4 1.504721e-01
<MEAN> 6
 5.968604e+01 2.850565e+01 1.049133e+02 3.253248e+01 -4.597421e+02 -5.204027e+02
<VARIANCE> 6
 7.579166e+02 1.142687e+06 1.953264e+06 2.814286e+04 1.721125e+05 5.041974e+07
<GCONST> 8.612859e+01
<MIXTURE> 5 2.166554e-01
<MEAN> 6
 7.348219e+01 -5.821048e+01 -3.487976e+01 -1.849374e+00 -9.062105e+00 -6.956677e+01
<VARIANCE> 6
 1.991837e+02 2.176418e+05 3.081639e+05 2.457224e+02 9.711659e+03 5.932458e+06
<GCONST> 7.153172e+01
<MIXTURE> 6 1.885111e-01
<MEAN> 6
 5.023849e+01 -4.230106e+01 -7.104765e+00 -2.083337e+01 -5.007179e+02 -2.117607e+02
<VARIANCE> 6
 1.112565e+03 1.821655e+05 1.290047e+05 3.982007e+04 4.195253e+05 1.569744e+08
<GCONST> 8.433257e+01
<MIXTURE> 7 1.288859e-01
<MEAN> 6
 -4.870659e+01 -8.633423e+01 -5.147522e+01 1.337006e+01 5.233322e+02 -6.186898e+02
<VARIANCE> 6
 4.929045e+02 3.311303e+05 8.626638e+05 1.677824e+04 2.549750e+05 8.126164e+07
<GCONST> 8.399556e+01
<TRANSP> 3
 0.000000e+00 1.000000e+00 0.000000e+00
 0.000000e+00 9.999639e-01 3.608049e-05
 0.000000e+00 0.000000e+00 0.000000e+00
<ENDHMM>
