~o
<STREAMINFO> 1 6
<VECSIZE> 6<NULLD><USER><DIAGC>
~h "SegundoPRIMARIA"
<BEGINHMM>
<NUMSTATES> 6
<STATE> 2
<NUMMIXES> 4
<MIXTURE> 1 1.785540e-01
<MEAN> 6
 -9.514467e+00 1.153327e+02 4.951772e+01 1.231810e+02 3.405411e+02 -1.196620e+03
<VARIANCE> 6
 2.005698e+03 9.003381e+04 5.538355e+04 2.330450e+04 3.869009e+05 5.988056e+07
<GCONST> 8.179118e+01
<MIXTURE> 2 3.089658e-01
<MEAN> 6
 3.781071e+01 3.030372e+01 4.195959e+01 -7.752544e+01 -2.849930e+02 1.749610e+03
<VARIANCE> 6
 3.314718e+03 2.028373e+05 2.610584e+05 5.916118e+04 2.721154e+06 9.906164e+08
<GCONST> 9.034447e+01
<MIXTURE> 3 3.229195e-01
<MEAN> 6
 8.073820e+01 -4.200262e+01 -5.196799e+01 -7.728422e+00 -1.708428e+02 -4.946449e+02
<VARIANCE> 6
 2.647433e+02 1.874586e+05 1.150734e+05 3.113958e+03 1.289595e+05 5.114818e+07
<GCONST> 7.796181e+01
<MIXTURE> 4 1.887949e-01
<MEAN> 6
 -2.138317e+01 1.901329e+00 -4.977290e+00 2.828716e+01 4.369874e+02 -9.374169e+02
<VARIANCE> 6
 1.511996e+03 6.890707e+04 6.150898e+04 3.424071e+04 3.613076e+05 7.333914e+07
<GCONST> 8.186517e+01
<STATE> 3
<NUMMIXES> 4
<MIXTURE> 1 2.459550e-01
<MEAN> 6
 8.901579e+01 -5.505177e+01 1.844650e+02 -3.388197e+00 -3.304368e+00 5.108833e+01
<VARIANCE> 6
 3.634380e+02 3.139545e+04 1.471109e+04 2.996745e+02 3.997395e+04 5.114818e+07
<GCONST> 7.092256e+01
<MIXTURE> 2 2.652178e-01
<MEAN> 6
 9.901370e+01 -8.102216e+01 -2.855127e+01 -3.062876e+00 -5.788934e+00 5.153735e+01
<VARIANCE> 6
 8.055679e+01 5.426550e+05 1.337268e+05 2.996745e+02 3.997395e+04 5.114818e+07
<GCONST> 7.447293e+01
<MIXTURE> 3 2.179802e-01
<MEAN> 6
 7.911784e+01 5.496426e+01 -1.863516e+02 -2.421863e+00 2.608486e+00 -2.881643e+01
<VARIANCE> 6
 9.750672e+01 1.887712e+04 6.909905e+04 2.996745e+02 3.997395e+04 5.114818e+07
<GCONST> 7.064510e+01
<MIXTURE> 4 2.708083e-01
<MEAN> 6
 9.866669e+01 -3.109468e+02 -1.786457e+02 -2.567099e+00 -3.664612e+00 -1.339024e-01
<VARIANCE> 6
 9.105270e+01 4.929621e+05 1.161519e+05 2.996745e+02 3.997395e+04 5.114818e+07
<GCONST> 7.435846e+01
<STATE> 4
<NUMMIXES> 4
<MIXTURE> 1 3.966331e-01
<MEAN> 6
 7.528291e+01 1.103049e+03 -1.758019e+02 -8.819490e-01 -2.548810e+00 -9.269769e+01
<VARIANCE> 6
 4.201094e+01 1.827552e+06 8.017552e+05 2.996745e+02 3.997395e+04 5.114818e+07
<GCONST> 7.682716e+01
<MIXTURE> 2 1.876430e-01
<MEAN> 6
 8.528101e+01 -3.138308e+03 6.089163e+02 -3.983255e+00 -2.089308e+00 -6.321398e+01
<VARIANCE> 6
 2.931030e+02 1.205530e+07 5.232155e+05 2.996745e+02 3.997395e+04 5.114818e+07
<GCONST> 8.022947e+01
<MIXTURE> 3 1.927835e-01
<MEAN> 6
 7.195141e+01 -3.476604e+02 7.816474e+02 -4.332093e-01 -3.482794e+00 -5.879846e+01
<VARIANCE> 6
 6.430807e+01 3.783200e+05 3.767804e+06 2.996745e+02 3.997395e+04 5.114818e+07
<GCONST> 7.722536e+01
<MIXTURE> 4 2.229225e-01
<MEAN> 6
 6.517152e+01 -4.025804e+02 9.959340e+02 -3.761463e-01 1.726265e+00 -1.156093e+02
<VARIANCE> 6
 6.343787e+01 2.728587e+05 1.405112e+06 2.996745e+02 3.997395e+04 5.114818e+07
<GCONST> 7.589858e+01
<STATE> 5
<NUMMIXES> 4
<MIXTURE> 1 2.901074e-02
<MEAN> 6
 3.254286e+01 6.419448e+02 -2.219986e+02 -3.099879e+01 -3.818297e+02 3.990362e+03
<VARIANCE> 6
 7.562324e+03 2.687458e+07 1.191914e+06 5.071191e+05 2.574708e+08 3.703937e+11
<GCONST> 1.101967e+02
<MIXTURE> 2 2.953612e-01
<MEAN> 6
 1.803479e+01 1.292754e+02 4.577833e+01 5.549907e+01 1.056576e+02 -4.567736e+02
<VARIANCE> 6
 4.069683e+03 4.450688e+05 2.720557e+05 1.988919e+04 1.874614e+05 5.114818e+07
<GCONST> 8.464783e+01
<MIXTURE> 3 3.954892e-01
<MEAN> 6
 2.339456e+01 -3.201685e+01 -1.007431e+02 -3.381972e+01 1.128324e+01 2.877537e+02
<VARIANCE> 6
 4.253709e+03 5.613549e+05 1.539344e+06 5.333971e+04 1.792082e+06 5.127300e+08
<GCONST> 9.220637e+01
<MIXTURE> 4 2.801799e-01
<MEAN> 6
 5.342614e+01 1.238150e+00 -9.540219e+01 -6.782704e+00 -8.661456e+01 -2.796278e+02
<VARIANCE> 6
 4.145493e+03 1.362546e+06 4.744317e+05 9.489103e+03 1.626612e+05 5.114818e+07
<GCONST> 8.545934e+01
<TRANSP> 6
 0.000000e+00 1.000000e+00 0.000000e+00 0.000000e+00 0.000000e+00 0.000000e+00
 0.000000e+00 9.999239e-01 7.611546e-05 0.000000e+00 0.000000e+00 0.000000e+00
 0.000000e+00 0.000000e+00 9.994569e-01 5.430632e-04 0.000000e+00 0.000000e+00
 0.000000e+00 0.000000e+00 0.000000e+00 9.993723e-01 6.276912e-04 0.000000e+00
 0.000000e+00 0.000000e+00 0.000000e+00 0.000000e+00 9.999048e-01 9.519615e-05
 0.000000e+00 0.000000e+00 0.000000e+00 0.000000e+00 0.000000e+00 0.000000e+00
<ENDHMM>
~h "SegundoESO"
<BEGINHMM>
<NUMSTATES> 6
<STATE> 2
<NUMMIXES> 4
<MIXTURE> 1 2.080533e-01
<MEAN> 6
 2.172220e+01 7.099697e+02 4.130561e+02 -4.234592e+01 -1.394187e+02 1.238600e+03
<VARIANCE> 6
 2.652842e+03 1.879282e+07 4.930759e+06 4.910209e+04 1.329359e+06 3.016741e+08
<GCONST> 9.549735e+01
<MIXTURE> 2 3.360263e-01
<MEAN> 6
 -3.064290e+01 4.015526e+02 4.589688e+02 2.299847e+01 3.453927e+02 -4.880133e+02
<VARIANCE> 6
 1.117971e+03 1.499342e+06 2.999554e+06 2.711999e+04 2.160975e+05 5.114818e+07
<GCONST> 8.742279e+01
<MIXTURE> 3 2.695048e-01
<MEAN> 6
 7.514357e+01 -2.239475e+02 -6.558961e+02 -1.004900e+00 -1.902123e+01 -1.637209e+02
<VARIANCE> 6
 1.051338e+02 3.591127e+06 1.290610e+07 2.996745e+02 3.997395e+04 5.114818e+07
<GCONST> 8.119860e+01
<MIXTURE> 4 1.859517e-01
<MEAN> 6
 7.629017e+01 -4.974318e+02 2.356212e+02 1.296244e+01 -4.444684e+02 -3.491427e+02
<VARIANCE> 6
 2.834644e+02 4.438631e+06 3.904664e+06 1.280765e+04 1.197968e+05 5.114818e+07
<GCONST> 8.605947e+01
<STATE> 3
<NUMMIXES> 4
<MIXTURE> 1 3.744877e-01
<MEAN> 6
 8.042353e+01 -7.476187e+01 -4.027205e+02 -1.779942e+00 -1.892270e+00 1.896404e+01
<VARIANCE> 6
 8.917249e+01 6.022004e+05 3.211949e+06 2.996745e+02 3.997395e+04 5.114818e+07
<GCONST> 7.785749e+01
<MIXTURE> 2 2.751912e-01
<MEAN> 6
 8.972795e+01 -2.325825e+03 -1.171284e+03 -4.853128e+00 3.347695e+00 3.837686e+01
<VARIANCE> 6
 1.066553e+02 6.382636e+06 1.597878e+07 2.996745e+02 3.997395e+04 5.114818e+07
<GCONST> 8.200165e+01
<MIXTURE> 3 1.554746e-01
<MEAN> 6
 6.539605e+01 -5.487675e+02 -8.887544e+02 -6.170760e-01 -1.589865e+00 -8.173124e+01
<VARIANCE> 6
 5.803777e+01 1.334374e+06 1.950628e+05 2.996745e+02 3.997395e+04 5.114818e+07
<GCONST> 7.542233e+01
<MIXTURE> 4 1.948080e-01
<MEAN> 6
 6.027001e+01 -7.417977e+02 -7.697266e+02 -2.397141e-01 -2.279800e+00 -9.566081e+01
<VARIANCE> 6
 3.331060e+01 1.818317e+06 1.695385e+05 2.996745e+02 3.997395e+04 5.114818e+07
<GCONST> 7.503632e+01
<STATE> 4
<NUMMIXES> 4
<MIXTURE> 1 2.655720e-01
<MEAN> 6
 7.432558e+01 -2.232067e+02 1.751968e+02 -5.030333e-01 -5.641469e+00 -1.110535e+02
<VARIANCE> 6
 6.061776e+01 5.646567e+05 3.455001e+04 2.996745e+02 3.997395e+04 5.114818e+07
<GCONST> 7.287491e+01
<MIXTURE> 2 2.527523e-01
<MEAN> 6
 6.591772e+01 1.931411e+02 -8.368944e+01 -2.816370e-01 -4.442004e+00 -1.271386e+02
<VARIANCE> 6
 4.573832e+01 1.153654e+05 1.046312e+05 2.996745e+02 3.997395e+04 5.114818e+07
<GCONST> 7.211317e+01
<MIXTURE> 3 2.291267e-01
<MEAN> 6
 7.107639e+01 -4.198879e+01 9.184850e+01 -5.099474e-01 -4.556824e+00 -1.140856e+02
<VARIANCE> 6
 5.150603e+01 7.483396e+05 3.441046e+04 2.996745e+02 3.997395e+04 5.114818e+07
<GCONST> 7.298961e+01
<MIXTURE> 4 2.523673e-01
<MEAN> 6
 6.150602e+01 -6.226760e+01 -1.013863e+02 -8.923569e-02 -2.241354e+00 -1.308176e+02
<VARIANCE> 6
 3.524310e+01 1.119661e+05 6.565071e+04 2.996745e+02 3.997395e+04 5.114818e+07
<GCONST> 7.135651e+01
<STATE> 5
<NUMMIXES> 4
<MIXTURE> 1 2.545666e-01
<MEAN> 6
 5.975533e+01 -4.262562e+01 -2.234687e+01 1.336017e+01 -2.676036e+02 9.743073e+00
<VARIANCE> 6
 1.119350e+03 1.173012e+06 8.119744e+05 1.593213e+04 1.533261e+05 5.114818e+07
<GCONST> 8.499673e+01
<MIXTURE> 2 2.363890e-01
<MEAN> 6
 -3.999589e+00 1.480801e+02 1.103572e+02 -4.897124e+01 3.013557e+02 1.119848e+03
<VARIANCE> 6
 2.590850e+03 8.718611e+05 3.405448e+05 3.502970e+04 1.309354e+06 3.478658e+08
<GCONST> 8.952002e+01
<MIXTURE> 3 2.648324e-01
<MEAN> 6
 5.133191e+00 7.335579e+01 2.140648e+01 4.152645e+01 1.390008e+02 -7.322221e+02
<VARIANCE> 6
 2.131708e+03 2.120554e+05 8.465974e+04 1.706586e+04 1.986005e+05 5.114818e+07
<GCONST> 8.199706e+01
<MIXTURE> 4 2.435100e-01
<MEAN> 6
 3.155641e+01 -4.307934e+01 -2.249563e+01 -1.084868e+01 -1.605274e+02 -1.871697e+02
<VARIANCE> 6
 1.858098e+03 2.317928e+05 6.943708e+04 2.226906e+04 2.542652e+05 5.114818e+07
<GCONST> 8.226366e+01
<TRANSP> 6
 0.000000e+00 1.000000e+00 0.000000e+00 0.000000e+00 0.000000e+00 0.000000e+00
 0.000000e+00 9.998476e-01 1.524312e-04 0.000000e+00 0.000000e+00 0.000000e+00
 0.000000e+00 0.000000e+00 9.993095e-01 6.905737e-04 0.000000e+00 0.000000e+00
 0.000000e+00 0.000000e+00 0.000000e+00 9.996388e-01 3.611692e-04 0.000000e+00
 0.000000e+00 0.000000e+00 0.000000e+00 0.000000e+00 9.999395e-01 6.051780e-05
 0.000000e+00 0.000000e+00 0.000000e+00 0.000000e+00 0.000000e+00 0.000000e+00
<ENDHMM>
~h "QuintoPRIMARIA"
<BEGINHMM>
<NUMSTATES> 6
<STATE> 2
<NUMMIXES> 4
<MIXTURE> 1 3.313861e-01
<MEAN> 6
 -2.677868e+01 2.067696e+01 3.285466e+01 4.484287e+01 4.568636e+02 -9.599897e+02
<VARIANCE> 6
 1.428397e+03 8.815370e+04 1.022552e+05 2.437854e+04 2.794902e+05 6.359862e+07
<GCONST> 8.182391e+01
<MIXTURE> 2 1.743550e-01
<MEAN> 6
 1.436780e+01 -2.726689e+01 -9.845293e+01 -7.230134e+01 2.092429e+02 2.984156e+03
<VARIANCE> 6
 3.567396e+03 4.869396e+05 4.785512e+06 4.868956e+04 2.071854e+06 7.232122e+08
<GCONST> 9.342024e+01
<MIXTURE> 3 3.019349e-01
<MEAN> 6
 7.017134e+01 2.471363e+00 -3.962263e+01 5.375627e+00 -1.798198e+02 -2.192640e+02
<VARIANCE> 6
 2.642021e+02 1.386179e+05 1.052457e+05 8.854995e+03 9.853741e+04 5.114818e+07
<GCONST> 7.834467e+01
<MIXTURE> 4 1.917552e-01
<MEAN> 6
 5.951525e+01 -5.452454e+00 -6.195974e+01 -1.509478e+01 -6.975988e+02 -7.472831e+02
<VARIANCE> 6
 8.279176e+02 2.266054e+05 9.884729e+04 4.055243e+04 4.220410e+05 1.410044e+08
<GCONST> 8.390598e+01
<STATE> 3
<NUMMIXES> 4
<MIXTURE> 1 3.867160e-01
<MEAN> 6
 8.820351e+01 7.232914e+02 4.677137e+02 -2.171311e+00 -2.038674e+00 2.824174e+01
<VARIANCE> 6
 2.559482e+02 1.265165e+06 1.912753e+06 2.996745e+02 3.997395e+04 5.114818e+07
<GCONST> 7.913593e+01
<MIXTURE> 2 1.110109e-01
<MEAN> 6
 6.156633e+01 -3.088262e+03 -5.254295e+03 3.992781e-01 -4.489475e+00 -5.329269e+01
<VARIANCE> 6
 3.171542e+01 1.729036e+07 7.440158e+06 2.996745e+02 3.997395e+04 5.114818e+07
<GCONST> 8.102105e+01
<MIXTURE> 3 2.445731e-01
<MEAN> 6
 7.359955e+01 1.583978e+02 -1.018329e+02 -2.637191e-01 -3.847181e+00 -6.210423e+01
<VARIANCE> 6
 1.815045e+02 9.675990e+05 1.667375e+06 2.996745e+02 3.997395e+04 5.114818e+07
<GCONST> 7.838680e+01
<MIXTURE> 4 2.576349e-01
<MEAN> 6
 6.347182e+01 3.211982e+01 -1.368219e+03 5.268657e-01 -3.740850e+00 -1.048216e+02
<VARIANCE> 6
 9.648132e+01 6.784004e+05 3.004166e+06 2.996745e+02 3.997395e+04 5.114818e+07
<GCONST> 7.798853e+01
<STATE> 4
<NUMMIXES> 4
<MIXTURE> 1 2.467392e-01
<MEAN> 6
 8.591505e+01 -1.003397e+02 -1.784132e+01 -3.974243e+00 3.200905e+00 1.991192e+01
<VARIANCE> 6
 8.501978e+01 1.549546e+05 5.640805e+04 2.996745e+02 3.997395e+04 5.114818e+07
<GCONST> 7.241032e+01
<MIXTURE> 2 2.688698e-01
<MEAN> 6
 7.769637e+01 -8.618007e+01 1.160398e+02 -3.089075e+00 1.487472e+00 -2.003736e+01
<VARIANCE> 6
 1.229159e+02 6.036891e+04 1.122330e+05 2.996745e+02 3.997395e+04 5.114818e+07
<GCONST> 7.252425e+01
<MIXTURE> 3 2.506151e-01
<MEAN> 6
 6.835847e+01 -1.196133e+02 -1.692206e+02 -1.552593e+00 -3.877735e-02 -3.008137e+01
<VARIANCE> 6
 6.915617e+01 6.242707e+04 9.269341e+04 2.996745e+02 3.997395e+04 5.114818e+07
<GCONST> 7.179136e+01
<MIXTURE> 4 2.337646e-01
<MEAN> 6
 7.793476e+01 -4.338254e+02 -1.389849e+02 -2.645876e+00 -2.515544e+00 -3.197882e+01
<VARIANCE> 6
 6.091064e+01 3.430295e+05 7.860288e+04 2.996745e+02 3.997395e+04 5.114818e+07
<GCONST> 7.320332e+01
<STATE> 5
<NUMMIXES> 4
<MIXTURE> 1 2.835352e-01
<MEAN> 6
 5.767345e+01 3.002180e+02 4.951987e+02 1.448600e+01 -1.105078e+02 -1.714426e+02
<VARIANCE> 6
 2.242470e+03 2.881198e+06 3.355980e+06 1.228707e+04 1.251666e+05 5.114818e+07
<GCONST> 8.754651e+01
<MIXTURE> 2 2.301099e-02
<MEAN> 6
 1.066060e+01 -2.279836e+02 2.426738e+01 -1.507068e+01 -4.073430e+02 3.129257e+03
<VARIANCE> 6
 1.084286e+04 2.105482e+06 7.132548e+05 1.424502e+06 7.720366e+08 1.133108e+12
<GCONST> 1.107460e+02
<MIXTURE> 3 3.145401e-01
<MEAN> 6
 -1.935409e+00 -1.222389e+02 5.111470e+01 -3.390327e+01 2.386334e+02 5.704194e+02
<VARIANCE> 6
 3.480101e+03 1.549184e+06 1.512182e+06 4.610947e+04 1.598497e+06 5.196496e+08
<GCONST> 9.275639e+01
<MIXTURE> 4 3.790127e-01
<MEAN> 6
 3.073838e+01 -3.374186e+01 4.008874e+01 1.924399e+01 -8.844890e+01 -4.774551e+02
<VARIANCE> 6
 3.441510e+03 5.286464e+05 1.429439e+06 1.876655e+04 2.300901e+05 5.114818e+07
<GCONST> 8.645809e+01
<TRANSP> 6
 0.000000e+00 1.000000e+00 0.000000e+00 0.000000e+00 0.000000e+00 0.000000e+00
 0.000000e+00 9.999154e-01 8.460689e-05 0.000000e+00 0.000000e+00 0.000000e+00
 0.000000e+00 0.000000e+00 9.995199e-01 4.801275e-04 0.000000e+00 0.000000e+00
 0.000000e+00 0.000000e+00 0.000000e+00 9.994597e-01 5.402626e-04 0.000000e+00
 0.000000e+00 0.000000e+00 0.000000e+00 0.000000e+00 9.999168e-01 8.319753e-05
 0.000000e+00 0.000000e+00 0.000000e+00 0.000000e+00 0.000000e+00 0.000000e+00
<ENDHMM>
