~o
<STREAMINFO> 1 6
<VECSIZE> 6<NULLD><USER><DIAGC>
~h "SegundoPRIMARIA"
<BEGINHMM>
<NUMSTATES> 3
<STATE> 2
<NUMMIXES> 6
<MIXTURE> 1 4.793153e-03
<MEAN> 6
 2.491807e+01 -3.299036e+02 7.098017e+00 1.617977e+01 -7.329908e+02 5.152095e+03
<VARIANCE> 6
 9.426393e+03 6.542844e+05 9.492041e+05 1.106481e+06 5.866134e+08 8.468874e+11
<GCONST> 1.089046e+02
<MIXTURE> 2 1.208157e-01
<MEAN> 6
 9.132044e+01 7.862009e+01 1.495105e+02 -3.205073e+00 -1.000194e+01 -1.115789e+02
<VARIANCE> 6
 4.473465e+02 2.113164e+06 6.846352e+05 2.557775e+02 1.562023e+04 1.498377e+07
<GCONST> 7.685404e+01
<MIXTURE> 3 1.204429e-01
<MEAN> 6
 2.303633e+01 -1.357221e+02 -2.396218e+00 -6.881343e+01 1.384151e+02 3.054137e+03
<VARIANCE> 6
 4.647120e+03 4.829006e+06 1.262057e+06 6.047794e+04 3.283436e+06 1.327871e+09
<GCONST> 9.593095e+01
<MIXTURE> 4 2.746943e-01
<MEAN> 6
 -3.867113e+01 3.685199e+01 -2.140271e+01 3.378010e+01 5.962832e+02 -8.697368e+02
<VARIANCE> 6
 7.051686e+02 2.097482e+05 2.010521e+05 2.571626e+04 3.425278e+05 8.820188e+07
<GCONST> 8.324481e+01
<MIXTURE> 5 3.014710e-01
<MEAN> 6
 6.700582e+01 2.244141e-01 3.713779e+01 -3.689752e-01 -5.744114e+02 -4.159566e+02
<VARIANCE> 6
 1.050763e+03 1.959378e+05 1.734893e+05 4.524751e+04 4.534526e+05 1.555674e+08
<GCONST> 8.484109e+01
<MIXTURE> 6 1.771357e-01
<MEAN> 6
 7.922809e+01 -9.408118e+00 -1.306505e+02 -9.405708e-01 -1.306511e+01 -9.493602e+01
<VARIANCE> 6
 2.308169e+02 1.977796e+05 3.535772e+05 2.557775e+02 1.562023e+04 1.498377e+07
<GCONST> 7.316276e+01
<TRANSP> 3
 0.000000e+00 1.000000e+00 0.000000e+00
 0.000000e+00 9.999629e-01 3.716001e-05
 0.000000e+00 0.000000e+00 0.000000e+00
<ENDHMM>
~h "SegundoESO"
<BEGINHMM>
<NUMSTATES> 3
<STATE> 2
<NUMMIXES> 6
<MIXTURE> 1 1.835135e-01
<MEAN> 6
 7.270038e+01 5.421088e+01 -8.996944e+00 -1.979179e+00 -1.283706e+01 -8.090845e+01
<VARIANCE> 6
 1.214833e+02 5.423264e+05 2.117145e+05 2.557775e+02 1.562023e+04 1.498377e+07
<GCONST> 7.301676e+01
<MIXTURE> 2 1.421025e-01
<MEAN> 6
 1.280067e-01 8.493648e+01 2.856594e+02 -7.071786e+01 2.044438e+02 2.042302e+03
<VARIANCE> 6
 2.851516e+03 1.978635e+06 2.224917e+06 4.060051e+04 1.521015e+06 4.433647e+08
<GCONST> 9.285234e+01
<MIXTURE> 3 8.760335e-02
<MEAN> 6
 4.641311e+01 -1.224649e+02 2.554610e+02 3.173254e+01 -2.835673e+02 -2.540369e+02
<VARIANCE> 6
 1.509707e+03 6.286843e+06 1.171253e+07 2.512644e+04 1.884077e+05 3.371894e+07
<GCONST> 8.988869e+01
<MIXTURE> 4 2.335499e-01
<MEAN> 6
 -3.238644e+01 4.621350e+01 2.954487e+01 3.136879e+01 4.442041e+02 -8.038193e+02
<VARIANCE> 6
 5.510018e+02 3.644637e+05 2.333723e+05 1.866020e+04 2.050542e+05 5.499476e+07
<GCONST> 8.239350e+01
<MIXTURE> 5 2.288168e-01
<MEAN> 6
 5.183324e+01 -3.471595e+01 3.355196e+01 3.507311e+00 -4.546414e+02 -2.596140e+02
<VARIANCE> 6
 6.034598e+02 5.363692e+05 1.525109e+05 2.683202e+04 1.774507e+05 5.745662e+07
<GCONST> 8.270785e+01
<MIXTURE> 6 1.233866e-01
<MEAN> 6
 7.396734e+01 -1.141550e+02 -6.163724e+02 -1.700621e+00 -1.107101e+01 -5.675117e+01
<VARIANCE> 6
 1.257100e+02 2.526438e+06 6.144842e+06 2.557775e+02 1.562023e+04 1.498377e+07
<GCONST> 7.795779e+01
<TRANSP> 3
 0.000000e+00 1.000000e+00 0.000000e+00
 0.000000e+00 9.999633e-01 3.666713e-05
 0.000000e+00 0.000000e+00 0.000000e+00
<ENDHMM>
~h "QuintoPRIMARIA"
<BEGINHMM>
<NUMSTATES> 3
<STATE> 2
<NUMMIXES> 6
<MIXTURE> 1 1.227665e-01
<MEAN> 6
 8.034604e+01 2.810050e+02 4.512442e+01 -2.047888e+00 -8.727880e+00 -3.405575e+01
<VARIANCE> 6
 2.869352e+02 2.257128e+06 6.368107e+06 2.557775e+02 1.562023e+04 1.498377e+07
<GCONST> 7.870605e+01
<MIXTURE> 2 1.198682e-01
<MEAN> 6
 1.750025e+01 7.847285e+01 -1.878280e+02 -5.960929e+01 3.708117e+01 2.498438e+03
<VARIANCE> 6
 3.567555e+03 2.567750e+06 6.060115e+06 5.827346e+04 4.161747e+06 2.542104e+09
<GCONST> 9.745329e+01
<MIXTURE> 3 2.466889e-01
<MEAN> 6
 -4.150425e+01 -9.855032e+01 4.009995e+01 3.345943e+01 5.832322e+02 -7.080507e+02
<VARIANCE> 6
 5.778220e+02 3.334508e+05 6.254007e+05 2.327312e+04 2.997300e+05 8.259390e+07
<GCONST> 8.434506e+01
<MIXTURE> 4 1.526504e-01
<MEAN> 6
 6.110461e+01 1.715582e+01 8.622086e+01 2.902064e+01 -4.527907e+02 -5.856660e+02
<VARIANCE> 6
 6.486013e+02 3.838211e+05 5.575014e+05 2.481935e+04 1.704719e+05 5.348482e+07
<GCONST> 8.355184e+01
<MIXTURE> 5 2.100936e-01
<MEAN> 6
 7.380370e+01 -4.422601e+01 -1.865560e+00 -2.320587e+00 -1.070917e+01 -1.208798e+02
<VARIANCE> 6
 1.946096e+02 1.888291e+05 2.981340e+05 2.557775e+02 1.562023e+04 1.498377e+07
<GCONST> 7.277526e+01
<MIXTURE> 6 1.464693e-01
<MEAN> 6
 4.681580e+01 -8.848145e+01 -3.842918e+01 -3.057737e+01 -5.135311e+02 -2.933878e+01
<VARIANCE> 6
 1.110445e+03 3.250556e+05 1.992923e+05 4.483546e+04 4.376291e+05 1.653580e+08
<GCONST> 8.555756e+01
<TRANSP> 3
 0.000000e+00 1.000000e+00 0.000000e+00
 0.000000e+00 9.999640e-01 3.600937e-05
 0.000000e+00 0.000000e+00 0.000000e+00
<ENDHMM>
