~o
<STREAMINFO> 1 6
<VECSIZE> 6<NULLD><USER><DIAGC>
~h "SegundoPRIMARIA"
<BEGINHMM>
<NUMSTATES> 5
<STATE> 2
<NUMMIXES> 5
<MIXTURE> 1 1.177098e-01
<MEAN> 6
 3.865729e+01 4.329403e+01 2.005227e+02 5.587374e+01 -1.092500e+02 -6.762849e+02
<VARIANCE> 6
 2.840291e+03 1.502657e+05 5.728534e+05 2.304434e+04 1.848605e+05 5.131893e+07
<GCONST> 8.408357e+01
<MIXTURE> 2 2.228235e-01
<MEAN> 6
 1.508629e+01 -2.295957e+01 5.214381e+01 -6.001047e+01 7.737593e+01 1.902530e+03
<VARIANCE> 6
 3.882015e+03 2.211451e+05 6.331911e+05 6.189284e+04 2.435895e+06 7.704205e+08
<GCONST> 9.115791e+01
<MIXTURE> 3 1.886910e-01
<MEAN> 6
 2.081120e+01 3.962676e+01 4.211280e+01 5.149274e+01 4.275523e+01 3.422289e+02
<VARIANCE> 6
 3.267148e+03 4.968927e+04 6.131299e+04 3.322958e+04 6.733625e+05 6.701248e+07
<GCONST> 8.280785e+01
<MIXTURE> 4 2.816827e-01
<MEAN> 6
 5.155816e+01 -2.839636e+01 -1.625590e+02 -1.445787e+00 8.881637e+00 -8.051807e+01
<VARIANCE> 6
 3.268052e+03 1.336045e+05 5.889941e+05 2.980957e+02 4.002993e+04 5.131893e+07
<GCONST> 7.825639e+01
<MIXTURE> 5 1.884836e-01
<MEAN> 6
 1.556821e+01 -4.761495e+01 -5.085661e+01 -9.047396e+00 -7.629566e+01 -2.131767e+03
<VARIANCE> 6
 3.358252e+03 4.727867e+04 6.341863e+04 3.553600e+04 7.201761e+05 6.939576e+07
<GCONST> 8.298866e+01
<STATE> 3
<NUMMIXES> 5
<MIXTURE> 1 2.507103e-01
<MEAN> 6
 9.164251e+01 5.876171e+01 4.753569e+02 -2.538663e+00 -4.006036e+00 3.777705e+01
<VARIANCE> 6
 3.044818e+02 6.605649e+05 7.688949e+05 2.980957e+02 4.002993e+04 5.131893e+07
<GCONST> 7.774780e+01
<MIXTURE> 2 2.160324e-01
<MEAN> 6
 7.949079e+01 -4.281624e+02 1.471587e+02 -1.779039e+00 9.830188e-01 -7.612376e+01
<VARIANCE> 6
 1.614010e+02 1.175551e+07 5.886973e+05 2.980957e+02 4.002993e+04 5.131893e+07
<GCONST> 7.972502e+01
<MIXTURE> 3 2.582722e-01
<MEAN> 6
 8.386407e+01 4.063819e+02 9.746780e+01 -1.484945e+00 -4.010091e+00 4.005274e+01
<VARIANCE> 6
 1.855599e+02 4.014754e+05 1.115749e+05 2.980957e+02 4.002993e+04 5.131893e+07
<GCONST> 7.482436e+01
<MIXTURE> 4 1.389500e-01
<MEAN> 6
 8.764423e+01 7.031863e+01 -7.007859e+01 -7.813544e-01 7.610823e+00 1.058956e+02
<VARIANCE> 6
 1.938816e+02 5.826664e+04 1.017484e+05 2.980957e+02 4.002993e+04 5.131893e+07
<GCONST> 7.284592e+01
<MIXTURE> 5 1.359901e-01
<MEAN> 6
 8.312366e+01 6.756280e+00 -1.925013e+02 -1.725492e+00 -1.293089e+01 -1.056016e+02
<VARIANCE> 6
 1.734522e+02 5.718708e+04 1.027172e+05 2.980957e+02 4.002993e+04 5.131893e+07
<GCONST> 7.272535e+01
<STATE> 4
<NUMMIXES> 5
<MIXTURE> 1 3.011193e-02
<MEAN> 6
 3.721244e+01 7.614907e+02 -2.430719e+02 -8.672720e+00 -7.209559e+02 3.837830e+03
<VARIANCE> 6
 7.508161e+03 2.531038e+07 1.366640e+06 4.752899e+05 2.413271e+08 3.467963e+11
<GCONST> 1.100710e+02
<MIXTURE> 2 3.031905e-01
<MEAN> 6
 -1.111780e+01 6.055664e+01 2.161865e+01 8.346994e+01 3.521661e+02 -8.481130e+02
<VARIANCE> 6
 2.695556e+03 4.088793e+05 1.029371e+05 2.355029e+04 2.685484e+05 5.497507e+07
<GCONST> 8.377974e+01
<MIXTURE> 3 1.758692e-01
<MEAN> 6
 3.542662e+01 7.696706e+01 8.463333e+01 -2.193415e+01 6.996779e+01 4.063732e+03
<VARIANCE> 6
 4.278776e+03 6.455860e+05 5.041098e+05 6.066346e+04 2.481170e+06 8.636974e+08
<GCONST> 9.221121e+01
<MIXTURE> 4 3.124681e-01
<MEAN> 6
 8.279053e+01 -6.462370e+01 -6.301569e+01 -1.966802e+01 -2.406618e+02 -2.943037e+02
<VARIANCE> 6
 1.440795e+03 1.259386e+06 2.454069e+05 1.470925e+04 1.701663e+05 5.131893e+07
<GCONST> 8.415135e+01
<MIXTURE> 5 1.780278e-01
<MEAN> 6
 2.315091e+01 -1.959864e+02 -1.258429e+02 -8.215923e+01 -1.240281e+02 -2.617496e+03
<VARIANCE> 6
 4.172854e+03 6.107550e+05 5.172563e+05 5.744446e+04 2.569994e+06 7.808622e+08
<GCONST> 9.203625e+01
<TRANSP> 5
 0.000000e+00 1.000000e+00 0.000000e+00 0.000000e+00 0.000000e+00
 0.000000e+00 9.999215e-01 7.849321e-05 0.000000e+00 0.000000e+00
 0.000000e+00 0.000000e+00 9.996952e-01 3.047270e-04 0.000000e+00
 0.000000e+00 0.000000e+00 0.000000e+00 9.999081e-01 9.184114e-05
 0.000000e+00 0.000000e+00 0.000000e+00 0.000000e+00 0.000000e+00
<ENDHMM>
~h "SegundoESO"
<BEGINHMM>
<NUMSTATES> 5
<STATE> 2
<NUMMIXES> 5
<MIXTURE> 1 1.669778e-01
<MEAN> 6
 8.179533e+01 -1.744833e+01 -2.203943e+01 -2.351855e+00 -1.281888e+01 2.409143e+01
<VARIANCE> 6
 9.653456e+01 1.606774e+07 1.911612e+07 2.980957e+02 4.002993e+04 5.131893e+07
<GCONST> 8.300390e+01
<MIXTURE> 2 1.511222e-01
<MEAN> 6
 1.022023e+01 6.205906e+02 6.219582e+02 -3.605129e+01 7.777348e+00 8.370815e+02
<VARIANCE> 6
 3.012582e+03 1.671234e+07 9.071832e+06 5.876062e+04 1.743472e+06 4.344714e+08
<GCONST> 9.693241e+01
<MIXTURE> 3 2.276573e-01
<MEAN> 6
 6.963675e+01 -2.970178e+02 2.183978e+02 9.607288e+00 -5.292372e+02 -1.541292e+00
<VARIANCE> 6
 3.691457e+02 5.455840e+06 4.745740e+06 2.520078e+04 1.581724e+05 5.131893e+07
<GCONST> 8.768305e+01
<MIXTURE> 4 2.858026e-01
<MEAN> 6
 -3.332517e+01 1.352835e+02 3.586655e+02 1.815474e+01 4.395942e+02 -2.996054e+02
<VARIANCE> 6
 1.052968e+03 3.608456e+06 3.582901e+06 3.146274e+04 3.038843e+05 5.131893e+07
<GCONST> 8.891164e+01
<MIXTURE> 5 1.681743e-01
<MEAN> 6
 7.969820e+01 -5.248530e+02 -1.444493e+03 -3.985347e+00 -2.979663e+01 -2.658522e+02
<VARIANCE> 6
 8.666652e+01 8.546687e+06 1.610995e+07 2.980957e+02 4.002993e+04 5.131893e+07
<GCONST> 8.209370e+01
<STATE> 3
<NUMMIXES> 5
<MIXTURE> 1 2.276710e-01
<MEAN> 6
 7.304726e+01 2.059794e+02 1.378161e+02 -8.913602e-01 -3.518370e+00 -8.414698e+01
<VARIANCE> 6
 3.998809e+01 3.304621e+05 8.321769e+05 2.980957e+02 4.002993e+04 5.131893e+07
<GCONST> 7.510426e+01
<MIXTURE> 2 1.511307e-01
<MEAN> 6
 7.222932e+01 -6.301153e+01 1.571572e+02 -2.551925e-01 1.424568e+00 -4.649597e+01
<VARIANCE> 6
 1.001043e+02 3.017223e+05 5.152353e+04 2.980957e+02 4.002993e+04 5.131893e+07
<GCONST> 7.314890e+01
<MIXTURE> 3 2.263597e-01
<MEAN> 6
 6.199830e+01 1.620897e+02 -2.223466e+02 8.386125e-02 -9.279271e-01 -1.026434e+02
<VARIANCE> 6
 3.889793e+01 1.910536e+06 6.623242e+04 2.980957e+02 4.002993e+04 5.131893e+07
<GCONST> 7.430038e+01
<MIXTURE> 4 2.443317e-01
<MEAN> 6
 6.575604e+01 1.649273e+02 -5.804417e+02 -4.701931e-01 -2.188702e+00 -9.693288e+01
<VARIANCE> 6
 5.500476e+01 1.638297e+05 6.219639e+05 2.980957e+02 4.002993e+04 5.131893e+07
<GCONST> 7.443027e+01
<MIXTURE> 5 1.504328e-01
<MEAN> 6
 6.871851e+01 -2.033543e+02 6.014052e+01 -5.359886e-01 -1.007309e+01 -1.995675e+02
<VARIANCE> 6
 9.862778e+01 2.676300e+05 5.085358e+04 2.980957e+02 4.002993e+04 5.131893e+07
<GCONST> 7.300105e+01
<STATE> 4
<NUMMIXES> 5
<MIXTURE> 1 1.817692e-01
<MEAN> 6
 -2.367689e+01 1.309568e+02 1.041637e+02 5.285311e+01 4.349519e+02 9.620029e+01
<VARIANCE> 6
 7.209904e+02 2.687554e+05 2.171387e+05 2.179228e+04 2.377157e+05 5.715884e+07
<GCONST> 8.262723e+01
<MIXTURE> 2 1.653381e-01
<MEAN> 6
 1.219635e+01 -1.020926e+02 9.855586e+01 -7.348742e+01 7.142661e+01 2.457271e+03
<VARIANCE> 6
 2.747301e+03 1.849181e+06 1.608703e+06 3.648394e+04 1.467996e+06 4.510146e+08
<GCONST> 9.229787e+01
<MIXTURE> 3 2.786076e-01
<MEAN> 6
 6.873462e+01 6.066696e+01 1.202248e+00 2.305958e+01 -1.696366e+02 -3.567434e+02
<VARIANCE> 6
 3.571737e+02 6.921884e+05 4.402685e+05 7.474611e+03 6.536668e+04 5.131893e+07
<GCONST> 8.110885e+01
<MIXTURE> 4 1.899905e-01
<MEAN> 6
 5.586186e+01 -1.208550e+02 2.257055e+01 -3.011813e+01 -5.541537e+02 2.882956e+02
<VARIANCE> 6
 5.507540e+02 5.870107e+05 1.674485e+05 2.720164e+04 2.111668e+05 5.199344e+07
<GCONST> 8.288785e+01
<MIXTURE> 5 1.829489e-01
<MEAN> 6
 -2.906300e+01 -6.655685e+01 -6.690688e+01 1.131330e+01 3.407859e+02 -1.943279e+03
<VARIANCE> 6
 6.759646e+02 2.749244e+05 2.339907e+05 2.108489e+04 2.053052e+05 5.974417e+07
<GCONST> 8.252484e+01
<TRANSP> 5
 0.000000e+00 1.000000e+00 0.000000e+00 0.000000e+00 0.000000e+00
 0.000000e+00 9.997879e-01 2.121594e-04 0.000000e+00 0.000000e+00
 0.000000e+00 0.000000e+00 9.997489e-01 2.511143e-04 0.000000e+00
 0.000000e+00 0.000000e+00 0.000000e+00 9.999459e-01 5.410799e-05
 0.000000e+00 0.000000e+00 0.000000e+00 0.000000e+00 0.000000e+00
<ENDHMM>
~h "QuintoPRIMARIA"
<BEGINHMM>
<NUMSTATES> 5
<STATE> 2
<NUMMIXES> 5
<MIXTURE> 1 1.626073e-01
<MEAN> 6
 6.732191e+01 4.090728e+01 9.090443e+00 1.490974e+01 -4.963545e+01 2.279279e+02
<VARIANCE> 6
 3.779287e+02 1.192948e+05 1.655435e+05 3.764271e+03 4.002993e+04 5.131893e+07
<GCONST> 7.725258e+01
<MIXTURE> 2 1.637111e-01
<MEAN> 6
 1.727908e+01 -4.253204e+01 8.926838e+00 -2.986383e+01 4.378158e+00 1.819705e+03
<VARIANCE> 6
 2.977858e+03 8.855558e+05 1.164184e+06 4.132654e+04 1.666414e+06 5.420080e+08
<GCONST> 9.175396e+01
<MIXTURE> 3 2.763784e-01
<MEAN> 6
 -1.394216e+01 3.643438e+01 2.042499e+01 4.271505e+01 3.269980e+02 -9.202796e+02
<VARIANCE> 6
 1.749430e+03 6.833408e+04 8.579573e+04 2.250369e+04 3.579763e+05 5.131893e+07
<GCONST> 8.154942e+01
<MIXTURE> 4 2.405147e-01
<MEAN> 6
 3.024376e+01 7.690319e+00 -2.616208e+01 -3.450616e+01 -2.753800e+02 2.532010e+01
<VARIANCE> 6
 2.132673e+03 7.169843e+04 6.208736e+04 3.454336e+04 6.930721e+05 1.686011e+08
<GCONST> 8.375082e+01
<MIXTURE> 5 1.562363e-01
<MEAN> 6
 6.335426e+01 -7.303920e+01 -1.098909e+02 -1.689585e+00 -1.057972e+02 -6.238541e+02
<VARIANCE> 6
 5.358923e+02 1.221716e+05 1.622351e+05 4.142551e+03 4.002993e+04 5.131893e+07
<GCONST> 7.770120e+01
<STATE> 3
<NUMMIXES> 5
<MIXTURE> 1 2.081978e-01
<MEAN> 6
 7.721285e+01 4.748109e+02 6.634457e+02 -2.148600e-01 2.283558e+00 2.685986e+01
<VARIANCE> 6
 1.770678e+02 9.792769e+05 3.729112e+06 2.980957e+02 4.002993e+04 5.131893e+07
<GCONST> 7.917841e+01
<MIXTURE> 2 2.396693e-01
<MEAN> 6
 8.233614e+01 -4.551542e+01 -6.494232e+01 -2.927020e+00 -1.489113e+00 4.066587e+01
<VARIANCE> 6
 5.905085e+01 7.163703e+04 7.831680e+04 2.980957e+02 4.002993e+04 5.131893e+07
<GCONST> 7.160191e+01
<MIXTURE> 3 2.344943e-01
<MEAN> 6
 7.027907e+01 -3.509953e+02 1.470071e+02 -1.852338e+00 -1.548203e+00 -2.672648e+01
<VARIANCE> 6
 1.264429e+02 2.282621e+05 8.781748e+04 2.980957e+02 4.002993e+04 5.131893e+07
<GCONST> 7.363669e+01
<MIXTURE> 4 9.199399e-02
<MEAN> 6
 6.165193e+01 -1.994976e+03 -4.465992e+03 5.111019e-01 -3.438644e+00 -6.031345e+01
<VARIANCE> 6
 3.167434e+01 1.374659e+07 6.920572e+06 2.980957e+02 4.002993e+04 5.131893e+07
<GCONST> 8.071745e+01
<MIXTURE> 5 2.256058e-01
<MEAN> 6
 7.189387e+01 9.066943e+01 -2.345245e+02 -7.772624e-01 -1.054941e+01 -1.034399e+02
<VARIANCE> 6
 1.764976e+02 8.189006e+05 3.603278e+06 2.980957e+02 4.002993e+04 5.131893e+07
<GCONST> 7.896201e+01
<STATE> 4
<NUMMIXES> 5
<MIXTURE> 1 3.021286e-01
<MEAN> 6
 7.966813e+01 3.025307e+02 4.525716e+02 3.175488e-01 -8.630773e+01 -5.841136e+01
<VARIANCE> 6
 6.288782e+02 2.270149e+06 2.475009e+06 3.189099e+03 4.581255e+04 5.131893e+07
<GCONST> 8.338169e+01
<MIXTURE> 2 2.056030e-02
<MEAN> 6
 6.452878e+00 -1.268698e+02 3.713530e+01 -1.099961e+01 -3.352182e+02 2.468904e+03
<VARIANCE> 6
 1.118256e+04 1.431961e+06 5.731812e+05 1.546297e+06 8.396933e+08 1.233286e+12
<GCONST> 1.104235e+02
<MIXTURE> 3 2.782364e-01
<MEAN> 6
 6.989377e+00 7.626309e+01 -2.476581e+02 -6.123679e+01 8.893477e+01 1.209437e+03
<VARIANCE> 6
 3.742529e+03 2.132392e+06 4.778394e+06 5.093030e+04 1.894253e+06 6.086426e+08
<GCONST> 9.472644e+01
<MIXTURE> 4 1.966513e-01
<MEAN> 6
 5.037493e+00 -4.601773e+01 3.197283e+02 7.162723e+01 9.641918e+01 9.543811e+01
<VARIANCE> 6
 3.450012e+03 4.360431e+05 1.427004e+06 2.404355e+04 3.890562e+05 5.131893e+07
<GCONST> 8.704265e+01
<MIXTURE> 5 2.016302e-01
<MEAN> 6
 4.432931e-01 -2.585673e+02 -1.091625e+02 1.736506e+01 -4.948019e+01 -1.814170e+03
<VARIANCE> 6
 3.575936e+03 4.107462e+05 1.403848e+06 2.723310e+04 3.960054e+05 5.131893e+07
<GCONST> 8.714465e+01
<TRANSP> 5
 0.000000e+00 1.000000e+00 0.000000e+00 0.000000e+00 0.000000e+00
 0.000000e+00 9.999136e-01 8.635168e-05 0.000000e+00 0.000000e+00
 0.000000e+00 0.000000e+00 9.997398e-01 2.601792e-04 0.000000e+00
 0.000000e+00 0.000000e+00 0.000000e+00 9.999191e-01 8.094686e-05
 0.000000e+00 0.000000e+00 0.000000e+00 0.000000e+00 0.000000e+00
<ENDHMM>
