~o
<STREAMINFO> 1 6
<VECSIZE> 6<NULLD><USER><DIAGC>
~h "SegundoPRIMARIA"
<BEGINHMM>
<NUMSTATES> 6
<STATE> 2
<NUMMIXES> 11
<MIXTURE> 1 8.842393e-02
<MEAN> 6
 1.079376e+02 2.281938e+01 3.666278e+02 -8.904058e+00 -5.347868e+01 -3.256597e+02
<VARIANCE> 6
 1.810431e+02 1.187022e+06 8.305629e+05 3.320953e+02 3.743564e+04 4.829342e+07
<GCONST> 7.787143e+01
<MIXTURE> 2 5.486448e-02
<MEAN> 6
 4.660883e+01 -5.790594e+02 -5.521906e+01 -3.006392e+01 -3.430903e+02 2.115499e+03
<VARIANCE> 6
 4.648415e+03 3.436824e+07 1.803168e+06 6.219224e+04 4.144279e+06 3.113025e+09
<GCONST> 9.936333e+01
<MIXTURE> 3 9.643396e-02
<MEAN> 6
 -3.962061e+01 3.775386e+01 -6.103593e+01 -1.167714e+02 1.194453e+03 2.280799e+03
<VARIANCE> 6
 8.705302e+02 3.635151e+05 1.652466e+06 5.804734e+04 1.099559e+06 6.989045e+08
<GCONST> 9.016217e+01
<MIXTURE> 4 8.757836e-02
<MEAN> 6
 4.350421e+01 2.554932e+01 3.177892e+01 1.578228e+02 -2.015592e+02 -2.128806e+03
<VARIANCE> 6
 1.192366e+03 4.991910e+05 9.886121e+05 2.543869e+04 1.320854e+05 4.829342e+07
<GCONST> 8.466380e+01
<MIXTURE> 5 8.868925e-02
<MEAN> 6
 -6.903652e+01 9.445851e+01 -2.401565e+02 -2.926215e+00 1.582576e+02 3.792200e+02
<VARIANCE> 6
 3.216460e+02 3.550922e+05 1.150176e+06 8.523721e+02 6.541627e+04 4.829342e+07
<GCONST> 7.906563e+01
<MIXTURE> 6 6.925298e-02
<MEAN> 6
 8.590891e+01 6.330429e+01 1.934693e+02 1.747341e-01 -7.136463e+02 1.406450e+03
<VARIANCE> 6
 8.211506e+02 4.350218e+05 1.641382e+06 3.190904e+04 7.659711e+05 3.355500e+08
<GCONST> 8.858299e+01
<MIXTURE> 7 1.256155e-01
<MEAN> 6
 7.813964e+01 1.267565e+02 -3.265910e+02 1.975709e-01 -2.113138e+01 -1.162624e+02
<VARIANCE> 6
 9.297047e+01 6.432622e+05 3.081206e+06 2.940807e+02 3.743564e+04 4.829342e+07
<GCONST> 7.778172e+01
<MIXTURE> 8 1.289337e-01
<MEAN> 6
 -4.724025e+01 -1.363417e+00 3.186141e+01 8.165711e+01 6.637822e+02 -1.352230e+03
<VARIANCE> 6
 5.937334e+02 3.200756e+05 1.249738e+06 2.095850e+04 1.633899e+05 7.211878e+07
<GCONST> 8.417647e+01
<MIXTURE> 9 9.601444e-02
<MEAN> 6
 6.433549e+01 -6.788786e+01 5.145989e+02 1.241033e+00 -1.004878e+01 -1.173761e+02
<VARIANCE> 6
 4.045513e+01 3.924308e+05 1.337967e+06 2.940807e+02 3.743564e+04 4.829342e+07
<GCONST> 7.562128e+01
<MIXTURE> 10 9.589847e-02
<MEAN> 6
 5.681275e+01 -5.215931e+01 1.436112e+01 -4.057148e+01 -4.723644e+02 8.016212e+01
<VARIANCE> 6
 1.249690e+03 1.741390e+05 6.997736e+05 4.098531e+04 1.832057e+05 4.829342e+07
<GCONST> 8.411617e+01
<MIXTURE> 11 6.799060e-02
<MEAN> 6
 6.818621e+01 -7.930745e+01 -1.529221e+02 -9.106274e+01 -1.102061e+03 -8.795720e+02
<VARIANCE> 6
 9.964163e+02 3.986511e+05 1.802778e+06 5.109800e+04 6.173669e+05 2.929996e+08
<GCONST> 8.890251e+01
<STATE> 3
<NUMMIXES> 11
<MIXTURE> 1 5.067382e-02
<MEAN> 6
 1.222216e+02 -1.136711e+02 2.077640e+03 -2.019377e+00 2.395808e+00 -1.437824e+02
<VARIANCE> 6
 3.451164e+01 1.817255e+05 1.923567e+05 2.940807e+02 3.743564e+04 4.829342e+07
<GCONST> 7.275296e+01
<MIXTURE> 2 5.184879e-02
<MEAN> 6
 9.649525e+01 -2.388445e+02 7.921382e+02 -2.297566e+00 2.391618e-01 -5.781897e+01
<VARIANCE> 6
 3.163787e+01 2.192638e+04 5.668596e+04 2.940807e+02 3.743564e+04 4.829342e+07
<GCONST> 6.932938e+01
<MIXTURE> 3 7.820630e-02
<MEAN> 6
 1.026002e+02 -3.413749e+02 3.120382e+02 -4.280510e+00 8.294630e-02 -8.951920e+01
<VARIANCE> 6
 3.163787e+01 3.860944e+06 1.131065e+05 2.940807e+02 3.743564e+04 4.829342e+07
<GCONST> 7.519116e+01
<MIXTURE> 4 1.437382e-01
<MEAN> 6
 8.751866e+01 6.478679e+02 -1.679720e+03 -3.034792e+00 -4.884302e+00 8.686619e+01
<VARIANCE> 6
 4.016624e+01 3.960135e+05 1.062624e+06 2.940807e+02 3.743564e+04 4.829342e+07
<GCONST> 7.539278e+01
<MIXTURE> 5 9.250522e-02
<MEAN> 6
 8.360583e+01 6.349044e+01 -7.107000e+02 -2.003138e+00 3.294013e+00 -1.231392e+02
<VARIANCE> 6
 3.163787e+01 4.522869e+04 2.447124e+04 2.940807e+02 3.743564e+04 4.829342e+07
<GCONST> 6.921339e+01
<MIXTURE> 6 1.203971e-01
<MEAN> 6
 9.372312e+01 -4.461158e+02 -5.461395e+02 -4.333034e-03 -4.841000e+00 -3.128453e+01
<VARIANCE> 6
 3.163787e+01 2.278389e+04 1.373229e+04 2.940807e+02 3.743564e+04 4.829342e+07
<GCONST> 6.794997e+01
<MIXTURE> 7 1.409112e-01
<MEAN> 6
 8.905159e+01 3.196044e+02 3.215451e+02 -7.690667e-01 -2.025888e+00 -6.613948e+01
<VARIANCE> 6
 3.163787e+01 6.650580e+04 3.617471e+04 2.940807e+02 3.743564e+04 4.829342e+07
<GCONST> 6.998982e+01
<MIXTURE> 8 4.085492e-02
<MEAN> 6
 8.001584e+01 2.402752e+03 -2.253141e+02 -1.105042e+00 -2.084301e+00 -1.902003e+01
<VARIANCE> 6
 3.163787e+01 2.631104e+05 1.373229e+04 2.940807e+02 3.743564e+04 4.829342e+07
<GCONST> 7.039648e+01
<MIXTURE> 9 9.178010e-02
<MEAN> 6
 9.108787e+01 -2.021157e+01 8.417226e+01 -8.850609e-01 1.433409e-01 -1.399955e+02
<VARIANCE> 6
 3.163787e+01 1.606745e+04 1.373229e+04 2.940807e+02 3.743564e+04 4.829342e+07
<GCONST> 6.760071e+01
<MIXTURE> 10 1.058663e-01
<MEAN> 6
 8.577885e+01 -8.081323e+01 -6.000997e+01 -1.949552e+00 -3.934530e-01 -8.123194e+01
<VARIANCE> 6
 3.163787e+01 6.976361e+04 1.373229e+04 2.940807e+02 3.743564e+04 4.829342e+07
<GCONST> 6.906903e+01
<MIXTURE> 11 8.317440e-02
<MEAN> 6
 9.960580e+01 -2.054307e+03 -2.010264e+01 -3.610741e+00 -5.007662e+00 -1.358857e+02
<VARIANCE> 6
 3.163787e+01 2.893238e+06 7.595930e+04 2.940807e+02 3.743564e+04 4.829342e+07
<GCONST> 7.450450e+01
<STATE> 4
<NUMMIXES> 11
<MIXTURE> 1 1.239367e-01
<MEAN> 6
 7.261075e+01 1.389314e+02 4.704027e+02 3.107765e-01 -1.763688e+00 -1.393043e+02
<VARIANCE> 6
 3.163787e+01 4.612049e+05 7.767544e+04 2.940807e+02 3.743564e+04 4.829342e+07
<GCONST> 7.269055e+01
<MIXTURE> 2 7.294369e-02
<MEAN> 6
 6.760861e+01 -8.524550e-01 -9.471376e+02 -1.035988e+00 -6.551366e+00 -1.116925e+02
<VARIANCE> 6
 3.163787e+01 1.276023e+04 1.946936e+04 2.940807e+02 3.743564e+04 4.829342e+07
<GCONST> 6.771935e+01
<MIXTURE> 3 1.043849e-01
<MEAN> 6
 7.297643e+01 5.046784e+01 -4.525240e+01 3.184975e-02 -1.347404e+00 -1.181919e+02
<VARIANCE> 6
 3.163787e+01 1.276023e+04 4.130805e+04 2.940807e+02 3.743564e+04 4.829342e+07
<GCONST> 6.847156e+01
<MIXTURE> 4 1.096662e-01
<MEAN> 6
 6.673754e+01 -8.102418e+02 -4.999800e+02 -1.240372e+00 -1.818678e+00 -1.037164e+01
<VARIANCE> 6
 5.609289e+01 1.126964e+05 4.326133e+04 2.940807e+02 3.743564e+04 4.829342e+07
<GCONST> 7.126878e+01
<MIXTURE> 5 9.570947e-02
<MEAN> 6
 6.587652e+01 2.166929e+02 -1.023806e+02 -5.282401e-01 -2.336636e-01 -1.287271e+02
<VARIANCE> 6
 3.638192e+01 2.563898e+05 1.373229e+04 2.940807e+02 3.743564e+04 4.829342e+07
<GCONST> 7.051033e+01
<MIXTURE> 6 6.450680e-02
<MEAN> 6
 7.079339e+01 -2.452530e+02 1.845777e+02 6.677001e-01 -9.514533e-01 -1.635860e+02
<VARIANCE> 6
 3.163787e+01 1.692268e+04 2.394104e+04 2.940807e+02 3.743564e+04 4.829342e+07
<GCONST> 6.820842e+01
<MIXTURE> 7 4.170498e-02
<MEAN> 6
 6.670457e+01 -3.697545e+02 -1.048937e+03 4.134077e-01 -1.076353e+01 5.183459e+00
<VARIANCE> 6
 3.163787e+01 6.590438e+04 6.634895e+04 2.940807e+02 3.743564e+04 4.829342e+07
<GCONST> 7.058730e+01
<MIXTURE> 8 8.441226e-02
<MEAN> 6
 7.361047e+01 6.863918e+01 -2.972486e+02 -5.327760e-01 -2.930466e+00 -1.150166e+02
<VARIANCE> 6
 3.163787e+01 1.276023e+04 1.373229e+04 2.940807e+02 3.743564e+04 4.829342e+07
<GCONST> 6.737025e+01
<MIXTURE> 9 1.548014e-01
<MEAN> 6
 6.107557e+01 -6.160844e+01 -2.485359e+02 4.813831e-01 7.985464e-01 -1.474971e+02
<VARIANCE> 6
 3.185763e+01 1.291884e+05 1.373229e+04 2.940807e+02 3.743564e+04 4.829342e+07
<GCONST> 6.969211e+01
<MIXTURE> 10 6.454480e-02
<MEAN> 6
 6.608601e+01 -3.987890e+02 2.551372e+02 4.688223e-01 3.863047e+00 -1.076939e+02
<VARIANCE> 6
 3.232477e+01 2.771660e+04 1.492565e+04 2.940807e+02 3.743564e+04 4.829342e+07
<GCONST> 6.825076e+01
<MIXTURE> 11 8.329978e-02
<MEAN> 6
 7.149954e+01 3.030391e+01 -3.155309e+02 -1.829163e-01 -2.873314e+00 -1.464420e+02
<VARIANCE> 6
 3.494653e+01 1.276023e+04 1.373229e+04 2.940807e+02 3.743564e+04 4.829342e+07
<GCONST> 6.746971e+01
<STATE> 5
<NUMMIXES> 11
<MIXTURE> 1 7.727913e-03
<MEAN> 6
 1.532069e+01 1.072646e+02 1.816578e+02 3.242573e+00 -6.901959e+02 8.166709e+03
<VARIANCE> 6
 8.747867e+03 1.769093e+06 1.923524e+06 8.069936e+05 4.358530e+08 6.659743e+11
<GCONST> 1.096779e+02
<MIXTURE> 2 7.469528e-02
<MEAN> 6
 2.570988e+01 2.031285e+02 8.669876e+01 1.679554e+02 5.434084e+01 -1.409098e+03
<VARIANCE> 6
 7.234310e+02 1.844851e+05 1.085738e+05 2.983622e+04 1.397499e+05 5.386017e+07
<GCONST> 8.128477e+01
<MIXTURE> 3 9.834107e-02
<MEAN> 6
 8.674687e+01 -6.713543e+01 8.286382e+01 1.305010e+01 -9.873819e+02 -1.248233e+03
<VARIANCE> 6
 7.551087e+02 7.597034e+05 4.770260e+05 4.284407e+04 2.222300e+06 1.201825e+09
<GCONST> 9.045661e+01
<MIXTURE> 4 8.211911e-02
<MEAN> 6
 9.768089e+01 -3.951149e+01 9.670228e+01 -5.500495e+00 -2.454138e+01 -1.781804e+02
<VARIANCE> 6
 1.575289e+02 1.581839e+05 1.542925e+05 2.940807e+02 3.743564e+04 4.829342e+07
<GCONST> 7.391203e+01
<MIXTURE> 5 1.149782e-01
<MEAN> 6
 -3.474110e+01 3.360924e+01 2.920317e+01 -1.423958e+02 1.303177e+03 3.573777e+03
<VARIANCE> 6
 7.679239e+02 1.399689e+05 2.491012e+05 5.031491e+04 1.260007e+06 8.808139e+08
<GCONST> 8.741479e+01
<MIXTURE> 6 1.388876e-01
<MEAN> 6
 8.500493e+01 1.140991e+01 6.561158e+01 -1.641224e+00 -6.546044e+02 -1.528341e+03
<VARIANCE> 6
 2.691252e+02 1.213338e+05 1.167306e+05 2.159537e+04 1.992914e+05 6.380115e+07
<GCONST> 8.015041e+01
<MIXTURE> 7 1.228678e-01
<MEAN> 6
 -3.933216e+01 9.743064e+01 1.847033e+01 7.871512e+01 8.782108e+02 -1.545289e+03
<VARIANCE> 6
 2.848934e+02 1.754287e+05 5.538827e+04 2.252381e+04 2.202281e+05 7.712052e+07
<GCONST> 8.016212e+01
<MIXTURE> 8 1.132920e-01
<MEAN> 6
 5.645988e+01 1.433541e+01 4.688356e+01 -1.263692e+02 -8.070718e+02 3.687704e+03
<VARIANCE> 6
 1.034166e+03 5.509323e+04 5.992221e+04 5.479391e+04 6.027344e+05 2.606447e+08
<GCONST> 8.348544e+01
<MIXTURE> 9 9.244383e-02
<MEAN> 6
 -5.414908e+01 8.738571e+01 -2.808411e+00 1.024584e+01 2.941036e+02 4.484858e+02
<VARIANCE> 6
 2.198004e+02 1.753317e+05 1.353907e+05 1.370582e+03 1.005108e+05 4.829342e+07
<GCONST> 7.674416e+01
<MIXTURE> 10 8.013330e-02
<MEAN> 6
 9.358556e+01 -1.651382e+02 -1.993143e+02 -6.099700e+00 -2.767224e+01 -2.224408e+02
<VARIANCE> 6
 2.453076e+02 6.775417e+05 1.021715e+05 2.940807e+02 3.743564e+04 4.829342e+07
<GCONST> 7.539745e+01
<MIXTURE> 11 7.372804e-02
<MEAN> 6
 1.635215e+01 2.201441e+01 -8.567463e+00 1.079067e+02 3.715554e+00 -3.447018e+03
<VARIANCE> 6
 6.550867e+02 1.674362e+05 1.034462e+05 5.236600e+04 1.493218e+05 6.414078e+07
<GCONST> 8.184366e+01
<TRANSP> 6
 0.000000e+00 1.000000e+00 0.000000e+00 0.000000e+00 0.000000e+00 0.000000e+00
 0.000000e+00 9.998595e-01 1.404870e-04 0.000000e+00 0.000000e+00 0.000000e+00
 0.000000e+00 0.000000e+00 9.992042e-01 7.957970e-04 0.000000e+00 0.000000e+00
 0.000000e+00 0.000000e+00 0.000000e+00 9.995217e-01 4.783308e-04 0.000000e+00
 0.000000e+00 0.000000e+00 0.000000e+00 0.000000e+00 9.999384e-01 6.165823e-05
 0.000000e+00 0.000000e+00 0.000000e+00 0.000000e+00 0.000000e+00 0.000000e+00
<ENDHMM>
~h "SegundoESO"
<BEGINHMM>
<NUMSTATES> 6
<STATE> 2
<NUMMIXES> 11
<MIXTURE> 1 1.339893e-01
<MEAN> 6
 8.997038e+01 -9.594222e+02 1.940000e+03 -3.921581e+00 -3.277460e+01 -8.478043e-01
<VARIANCE> 6
 1.409845e+02 3.718827e+07 2.117528e+07 2.940807e+02 3.743564e+04 4.829342e+07
<GCONST> 8.418280e+01
<MIXTURE> 2 4.194589e-02
<MEAN> 6
 7.137066e+01 4.868552e+02 1.541548e+03 -1.366750e+01 -9.157160e+02 5.998428e+02
<VARIANCE> 6
 8.646710e+02 2.049036e+07 2.727576e+07 4.624120e+04 7.195151e+05 3.560802e+08
<GCONST> 9.566521e+01
<MIXTURE> 3 1.054135e-01
<MEAN> 6
 1.076238e+01 -1.417686e+03 3.234388e+02 1.858093e+01 7.073999e+01 -2.797418e+02
<VARIANCE> 6
 2.309913e+03 3.076384e+07 3.883352e+05 2.570960e+04 1.839813e+05 4.829342e+07
<GCONST> 8.885371e+01
<MIXTURE> 4 1.176471e-01
<MEAN> 6
 7.409204e+01 -1.089608e+03 1.572764e+03 1.111066e-01 -5.815904e+00 -1.217189e+02
<VARIANCE> 6
 3.163787e+01 4.142826e+06 2.454998e+06 2.940807e+02 3.743564e+04 4.829342e+07
<GCONST> 7.833919e+01
<MIXTURE> 5 1.156848e-01
<MEAN> 6
 2.646694e+01 1.946027e+03 -2.796992e+03 2.540120e+01 -1.726522e+01 -1.564341e+02
<VARIANCE> 6
 1.213444e+03 2.981938e+06 2.105288e+06 2.549794e+04 7.295484e+04 4.829342e+07
<GCONST> 8.663329e+01
<MIXTURE> 6 7.539987e-02
<MEAN> 6
 -3.572206e+01 7.832193e+02 2.058796e+03 9.903266e+00 8.737421e+02 3.917983e+02
<VARIANCE> 6
 6.288400e+02 1.607482e+06 6.134462e+06 5.047575e+04 3.965230e+05 1.642160e+08
<GCONST> 9.002718e+01
<MIXTURE> 7 9.522321e-02
<MEAN> 6
 8.735430e+01 -3.475254e+02 4.465512e+02 3.160904e+01 -4.643250e+02 -3.986961e+02
<VARIANCE> 6
 2.197686e+02 1.752621e+06 6.320539e+06 1.025640e+04 7.221726e+04 4.829342e+07
<GCONST> 8.457167e+01
<MIXTURE> 8 6.980350e-02
<MEAN> 6
 -5.595513e+01 3.388243e+02 5.817692e+02 1.199250e+01 1.645621e+02 9.307487e+01
<VARIANCE> 6
 3.304807e+02 9.908341e+05 5.205066e+06 8.464037e+02 4.492823e+04 4.829342e+07
<GCONST> 8.124588e+01
<MIXTURE> 9 8.802117e-02
<MEAN> 6
 7.596289e+01 1.202338e+02 -5.087353e+03 4.788658e-01 -1.085764e+01 -1.449814e+02
<VARIANCE> 6
 3.163787e+01 5.746090e+05 1.418379e+07 2.940807e+02 3.743564e+04 4.829342e+07
<GCONST> 7.811771e+01
<MIXTURE> 10 8.060930e-02
<MEAN> 6
 6.062447e+01 8.801634e+00 1.233252e+03 -5.494636e+01 -7.169606e+02 9.411255e+02
<VARIANCE> 6
 6.115170e+02 7.576452e+05 6.574278e+06 4.710664e+04 2.089862e+05 5.428665e+07
<GCONST> 8.749983e+01
<MIXTURE> 11 7.613640e-02
<MEAN> 6
 -3.800444e+01 2.062213e+02 9.066741e+02 -2.828153e+01 8.228330e+02 -6.414528e+02
<VARIANCE> 6
 5.576299e+02 2.245878e+06 6.400836e+06 3.780383e+04 3.248568e+05 1.403379e+08
<GCONST> 8.963837e+01
<STATE> 3
<NUMMIXES> 11
<MIXTURE> 1 9.104545e-02
<MEAN> 6
 7.463993e+01 5.411180e+02 6.847975e+02 -3.415793e-01 -2.718743e+00 -5.315388e+01
<VARIANCE> 6
 3.163787e+01 4.467649e+04 1.944244e+05 2.940807e+02 3.743564e+04 4.829342e+07
<GCONST> 7.127365e+01
<MIXTURE> 2 4.447559e-02
<MEAN> 6
 1.037223e+02 1.627542e+02 -4.645916e+03 -6.978980e+00 8.000578e+00 5.458509e+01
<VARIANCE> 6
 5.400381e+01 1.795690e+06 5.728189e+06 2.940807e+02 3.743564e+04 4.829342e+07
<GCONST> 7.888516e+01
<MIXTURE> 3 4.005530e-02
<MEAN> 6
 8.393815e+01 4.264155e+02 -3.323309e+03 -2.624001e+00 1.319797e+00 -2.357534e+01
<VARIANCE> 6
 8.479293e+01 2.099238e+04 7.189824e+05 2.940807e+02 3.743564e+04 4.829342e+07
<GCONST> 7.281203e+01
<MIXTURE> 4 1.286661e-01
<MEAN> 6
 7.459934e+01 -4.436035e+02 7.389460e+02 -1.788832e+00 -3.828330e+00 -1.509668e+01
<VARIANCE> 6
 3.163787e+01 2.069862e+04 6.370991e+05 2.940807e+02 3.743564e+04 4.829342e+07
<GCONST> 7.169116e+01
<MIXTURE> 5 9.788628e-02
<MEAN> 6
 5.837197e+01 4.478565e+02 -3.304595e+03 1.008091e+00 -2.607230e+00 -7.068382e+01
<VARIANCE> 6
 3.163787e+01 6.456127e+04 1.672842e+06 2.940807e+02 3.743564e+04 4.829342e+07
<GCONST> 7.379407e+01
<MIXTURE> 6 1.288469e-01
<MEAN> 6
 7.437138e+01 3.365347e+02 -6.976822e+02 -6.193848e-01 -5.107121e+00 -7.754394e+01
<VARIANCE> 6
 3.163787e+01 2.644024e+05 1.890509e+04 2.940807e+02 3.743564e+04 4.829342e+07
<GCONST> 7.072107e+01
<MIXTURE> 7 1.262506e-01
<MEAN> 6
 7.218217e+01 -2.956177e+01 -3.278582e+02 -6.350152e-01 1.295625e+00 -6.929305e+01
<VARIANCE> 6
 7.177776e+01 2.227220e+04 2.129157e+06 2.940807e+02 3.743564e+04 4.829342e+07
<GCONST> 7.379021e+01
<MIXTURE> 8 6.639621e-02
<MEAN> 6
 6.987098e+01 4.339749e+02 -9.099641e+01 7.501751e-03 -3.647129e+00 -5.849201e+01
<VARIANCE> 6
 3.163787e+01 1.276023e+04 5.627503e+04 2.940807e+02 3.743564e+04 4.829342e+07
<GCONST> 6.878075e+01
<MIXTURE> 9 7.114948e-02
<MEAN> 6
 6.676687e+01 4.984812e+02 -1.148271e+03 2.401208e-01 -3.949744e+00 -1.279370e+02
<VARIANCE> 6
 3.163787e+01 2.022871e+05 1.489796e+05 2.940807e+02 3.743564e+04 4.829342e+07
<GCONST> 7.251767e+01
<MIXTURE> 10 1.320468e-01
<MEAN> 6
 7.521234e+01 5.090424e+02 3.284957e+02 -9.727383e-01 -3.543059e+00 -5.237979e+01
<VARIANCE> 6
 3.163787e+01 7.759592e+04 2.261739e+04 2.940807e+02 3.743564e+04 4.829342e+07
<GCONST> 6.967439e+01
<MIXTURE> 11 7.304364e-02
<MEAN> 6
 6.903851e+01 4.015005e+02 -2.018170e+02 4.512072e-03 -5.352521e+00 -6.445938e+01
<VARIANCE> 6
 3.163787e+01 1.276023e+04 3.971453e+04 2.940807e+02 3.743564e+04 4.829342e+07
<GCONST> 6.843222e+01
<STATE> 4
<NUMMIXES> 11
<MIXTURE> 1 1.488856e-01
<MEAN> 6
 6.587872e+01 5.522268e+01 5.199481e+01 -2.688066e-01 -4.724480e+00 -1.374520e+02
<VARIANCE> 6
 3.163787e+01 1.004291e+06 1.373229e+04 2.940807e+02 3.743564e+04 4.829342e+07
<GCONST> 7.173595e+01
<MIXTURE> 2 6.985521e-02
<MEAN> 6
 5.975435e+01 3.048704e+02 4.461757e+01 2.168161e-01 6.243389e-01 -1.253392e+02
<VARIANCE> 6
 3.163787e+01 2.651918e+05 1.373229e+04 2.940807e+02 3.743564e+04 4.829342e+07
<GCONST> 7.040437e+01
<MIXTURE> 3 1.296598e-01
<MEAN> 6
 8.267164e+01 -7.645972e+02 1.335661e+02 -3.213025e-01 -6.309932e+00 -1.260594e+02
<VARIANCE> 6
 3.163787e+01 1.517740e+04 3.612750e+04 2.940807e+02 3.743564e+04 4.829342e+07
<GCONST> 6.851103e+01
<MIXTURE> 4 5.957183e-02
<MEAN> 6
 5.928830e+01 2.295332e+03 -2.801416e+02 3.406481e-01 -4.425578e+00 -1.849953e+02
<VARIANCE> 6
 3.163787e+01 1.659874e+05 1.373229e+04 2.940807e+02 3.743564e+04 4.829342e+07
<GCONST> 6.993582e+01
<MIXTURE> 5 7.854052e-02
<MEAN> 6
 6.565182e+01 -1.962619e+02 2.980783e+02 -1.693714e-01 -3.709947e+00 -9.591594e+01
<VARIANCE> 6
 3.163787e+01 6.708918e+04 1.373229e+04 2.940807e+02 3.743564e+04 4.829342e+07
<GCONST> 6.902994e+01
<MIXTURE> 6 1.136316e-01
<MEAN> 6
 5.992674e+01 2.040075e+01 -1.445405e+02 -1.445395e-01 -4.073194e+00 -1.407711e+02
<VARIANCE> 6
 3.163787e+01 1.276023e+04 1.373229e+04 2.940807e+02 3.743564e+04 4.829342e+07
<GCONST> 6.737025e+01
<MIXTURE> 7 7.673756e-02
<MEAN> 6
 6.015112e+01 -2.604713e+02 -5.713455e+02 -1.316561e-01 -1.355509e+00 -1.001211e+02
<VARIANCE> 6
 3.163787e+01 2.379372e+06 1.444306e+05 2.940807e+02 3.743564e+04 4.829342e+07
<GCONST> 7.495155e+01
<MIXTURE> 8 7.756478e-02
<MEAN> 6
 8.505828e+01 -1.472835e+03 1.568618e+02 -1.130506e+00 -5.298156e+00 -1.254604e+02
<VARIANCE> 6
 3.163787e+01 2.281905e+05 8.241841e+04 2.940807e+02 3.743564e+04 4.829342e+07
<GCONST> 7.204616e+01
<MIXTURE> 9 9.681351e-02
<MEAN> 6
 6.082448e+01 -3.777017e+02 -4.027539e+02 2.603554e-01 7.404153e-01 -8.392039e+01
<VARIANCE> 6
 3.163787e+01 8.222810e+04 4.994322e+04 2.940807e+02 3.743564e+04 4.829342e+07
<GCONST> 7.052455e+01
<MIXTURE> 10 7.042356e-02
<MEAN> 6
 5.952730e+01 2.533937e+02 2.105947e+01 3.047463e-01 1.163707e+00 -1.244584e+02
<VARIANCE> 6
 3.163787e+01 2.648987e+05 1.373229e+04 2.940807e+02 3.743564e+04 4.829342e+07
<GCONST> 7.040326e+01
<MIXTURE> 11 7.818441e-02
<MEAN> 6
 6.511121e+01 -2.420734e+02 2.650766e+02 -1.983072e-01 -3.777572e+00 -1.082552e+02
<VARIANCE> 6
 3.163787e+01 6.447135e+04 1.374083e+04 2.940807e+02 3.743564e+04 4.829342e+07
<GCONST> 6.899075e+01
<STATE> 5
<NUMMIXES> 11
<MIXTURE> 1 7.882933e-02
<MEAN> 6
 8.327987e+01 1.869274e+02 6.391676e+01 -5.004963e+00 -3.133108e+01 1.614085e+02
<VARIANCE> 6
 1.839823e+02 1.147092e+06 1.697870e+06 2.940807e+02 3.743564e+04 4.829342e+07
<GCONST> 7.844676e+01
<MIXTURE> 2 6.385186e-02
<MEAN> 6
 2.161514e+01 4.548077e+01 5.968697e+01 -9.283803e+01 -6.044526e+01 4.089875e+03
<VARIANCE> 6
 3.108926e+03 1.698565e+06 2.661341e+06 4.414227e+04 2.225519e+06 7.859370e+08
<GCONST> 9.400200e+01
<MIXTURE> 3 7.327758e-02
<MEAN> 6
 -3.884996e+01 1.503561e+02 1.390280e+02 1.782637e+01 9.879689e+02 4.536626e+02
<VARIANCE> 6
 2.085506e+02 4.593116e+05 2.645422e+05 3.107502e+04 2.795709e+05 1.517039e+08
<GCONST> 8.361329e+01
<MIXTURE> 4 9.341308e-02
<MEAN> 6
 6.127192e+00 5.783461e+01 6.712173e+01 6.347049e+01 1.608062e+01 -1.673718e+03
<VARIANCE> 6
 4.813757e+02 2.180215e+05 6.157734e+05 3.380736e+04 6.205387e+04 4.829342e+07
<GCONST> 8.198389e+01
<MIXTURE> 5 1.177505e-01
<MEAN> 6
 5.842803e+01 -1.076977e+01 4.331341e+01 8.786563e+01 -3.976904e+02 -9.023524e+02
<VARIANCE> 6
 3.162940e+02 4.666989e+05 7.106419e+05 1.526695e+04 7.528580e+04 4.829342e+07
<GCONST> 8.186659e+01
<MIXTURE> 6 9.644115e-02
<MEAN> 6
 -5.400738e+01 -2.232544e+01 5.201699e+01 2.047574e+01 3.589169e+02 -5.273293e+01
<VARIANCE> 6
 1.401603e+02 3.534613e+05 6.960268e+05 1.696226e+03 1.038653e+05 4.829342e+07
<GCONST> 7.887854e+01
<MIXTURE> 7 1.070585e-01
<MEAN> 6
 6.902324e+01 1.438199e+01 1.806666e+01 -4.165768e+01 -7.206639e+02 -3.694965e+02
<VARIANCE> 6
 2.441683e+02 2.242011e+05 7.672076e+04 1.764838e+04 2.588667e+05 1.002007e+08
<GCONST> 8.075850e+01
<MIXTURE> 8 8.116172e-02
<MEAN> 6
 5.578483e+01 -1.673629e+02 8.058995e+01 -5.677485e+01 -6.414921e+02 1.559028e+03
<VARIANCE> 6
 7.347564e+02 2.689863e+06 4.113032e+05 3.540798e+04 2.128951e+05 7.402406e+07
<GCONST> 8.622204e+01
<MIXTURE> 9 1.220099e-01
<MEAN> 6
 5.599255e-01 -1.581340e+01 1.485087e+01 -3.366409e+01 7.031624e+01 4.329895e+02
<VARIANCE> 6
 4.262532e+02 3.678432e+05 6.540805e+04 4.169823e+04 1.222024e+05 8.767061e+07
<GCONST> 8.162686e+01
<MIXTURE> 10 9.107925e-02
<MEAN> 6
 7.876912e+01 -9.533190e+01 7.731034e+00 -4.769613e+00 -4.017040e+01 -1.590979e+02
<VARIANCE> 6
 1.242523e+02 3.675591e+05 1.860506e+05 2.940807e+02 3.743564e+04 4.829342e+07
<GCONST> 7.470503e+01
<MIXTURE> 11 7.381867e-02
<MEAN> 6
 -4.266587e+01 -8.482948e+01 -5.220845e+01 8.760027e+00 9.454453e+02 -1.919025e+03
<VARIANCE> 6
 2.271596e+02 5.067519e+05 2.938670e+05 2.442909e+04 2.883788e+05 1.607680e+08
<GCONST> 8.375061e+01
<TRANSP> 6
 0.000000e+00 1.000000e+00 0.000000e+00 0.000000e+00 0.000000e+00 0.000000e+00
 0.000000e+00 9.997095e-01 2.905339e-04 0.000000e+00 0.000000e+00 0.000000e+00
 0.000000e+00 0.000000e+00 9.994988e-01 5.012114e-04 0.000000e+00 0.000000e+00
 0.000000e+00 0.000000e+00 0.000000e+00 9.995553e-01 4.447404e-04 0.000000e+00
 0.000000e+00 0.000000e+00 0.000000e+00 0.000000e+00 9.999493e-01 5.072714e-05
 0.000000e+00 0.000000e+00 0.000000e+00 0.000000e+00 0.000000e+00 0.000000e+00
<ENDHMM>
~h "QuintoPRIMARIA"
<BEGINHMM>
<NUMSTATES> 6
<STATE> 2
<NUMMIXES> 11
<MIXTURE> 1 1.231363e-01
<MEAN> 6
 -4.312867e+01 -4.395125e+01 1.476439e+02 -1.763171e+01 1.171215e+03 -1.547206e+02
<VARIANCE> 6
 3.637201e+02 2.159454e+05 2.538505e+05 4.009469e+04 4.618497e+05 3.013665e+08
<GCONST> 8.481676e+01
<MIXTURE> 2 2.990419e-02
<MEAN> 6
 1.213998e+01 -3.814446e+02 -2.660971e+00 -1.311147e+02 6.083676e+01 1.111681e+04
<VARIANCE> 6
 2.445696e+03 1.501484e+06 1.934715e+06 6.725780e+04 3.102980e+06 1.288477e+09
<GCONST> 9.456767e+01
<MIXTURE> 3 8.465984e-02
<MEAN> 6
 7.444682e+01 3.750007e+01 4.258773e+01 -4.258820e+00 -3.053018e+01 -3.723198e+02
<VARIANCE> 6
 1.231926e+02 5.506040e+04 1.094955e+05 2.940807e+02 3.743564e+04 4.829342e+07
<GCONST> 7.226787e+01
<MIXTURE> 4 1.193296e-01
<MEAN> 6
 6.394204e+01 2.503055e+01 -1.148791e+01 2.887877e+01 -3.810746e+02 -6.440636e+02
<VARIANCE> 6
 4.513628e+02 5.189954e+04 3.506683e+04 2.336428e+04 1.401502e+05 4.829342e+07
<GCONST> 7.806385e+01
<MIXTURE> 5 7.963607e-02
<MEAN> 6
 7.955753e+01 -8.725662e+00 -2.985075e+02 -4.410994e+00 -2.818521e+01 -1.357191e+02
<VARIANCE> 6
 1.661885e+02 6.010969e+05 9.947598e+04 2.940807e+02 3.743564e+04 4.829342e+07
<GCONST> 7.486160e+01
<MIXTURE> 6 7.318085e-02
<MEAN> 6
 8.743768e+01 1.131801e+02 -9.394292e+01 2.123944e+01 -1.087243e+03 -1.555574e+03
<VARIANCE> 6
 1.889364e+02 2.054549e+05 1.219888e+05 1.798674e+04 8.949359e+05 4.865030e+08
<GCONST> 8.371799e+01
<MIXTURE> 7 1.394855e-01
<MEAN> 6
 -4.841124e+01 6.424045e+00 1.034225e+01 3.788242e+01 4.298402e+02 -5.856194e+01
<VARIANCE> 6
 2.946711e+02 8.964719e+04 8.239666e+04 4.545782e+03 1.302360e+05 4.829342e+07
<GCONST> 7.732793e+01
<MIXTURE> 8 8.067156e-02
<MEAN> 6
 1.028463e+01 2.994752e+01 1.203432e+02 2.832562e+01 8.391389e+01 -1.718484e+02
<VARIANCE> 6
 4.211715e+02 8.784180e+04 1.593819e+05 6.054871e+04 2.268819e+05 1.403493e+08
<GCONST> 8.253569e+01
<MIXTURE> 9 1.052920e-01
<MEAN> 6
 5.862207e+01 2.062448e+01 -1.131464e+02 -1.844183e+01 -7.439072e+02 5.685834e+02
<VARIANCE> 6
 3.454674e+02 3.869880e+05 2.641592e+05 3.983609e+04 2.284801e+05 5.775654e+07
<GCONST> 8.302610e+01
<MIXTURE> 10 8.325244e-02
<MEAN> 6
 6.350711e+01 -9.676015e+01 -4.559971e+01 -1.710261e-01 -1.356184e+01 -1.488892e+02
<VARIANCE> 6
 4.995178e+01 4.211638e+04 2.002451e+05 2.940807e+02 3.743564e+04 4.829342e+07
<GCONST> 7.170085e+01
<MIXTURE> 11 8.072759e-02
<MEAN> 6
 4.097410e+00 -9.012632e+01 -2.329889e+01 -3.800483e+01 -4.377792e+01 -1.359873e+03
<VARIANCE> 6
 3.833068e+02 9.078472e+04 1.114115e+05 5.936869e+04 2.676603e+05 1.464999e+08
<GCONST> 8.230486e+01
<STATE> 3
<NUMMIXES> 11
<MIXTURE> 1 7.712766e-02
<MEAN> 6
 6.204417e+01 -3.245850e+03 -1.411585e+03 -1.046332e+00 -1.902464e+00 -1.702900e+01
<VARIANCE> 6
 3.758066e+01 5.377878e+07 4.867640e+05 2.940807e+02 3.743564e+04 4.829342e+07
<GCONST> 7.945671e+01
<MIXTURE> 2 6.078669e-02
<MEAN> 6
 7.319113e+01 2.670297e+02 4.057892e+02 -5.285286e-01 1.095948e+00 -1.935692e+02
<VARIANCE> 6
 2.321486e+02 4.218943e+04 1.373229e+04 2.940807e+02 3.743564e+04 4.829342e+07
<GCONST> 7.055911e+01
<MIXTURE> 3 1.579954e-01
<MEAN> 6
 8.585361e+01 3.986713e+01 9.107333e+01 -4.502878e+00 4.006414e+00 7.845028e+01
<VARIANCE> 6
 3.163787e+01 2.261726e+04 1.373229e+04 2.940807e+02 3.743564e+04 4.829342e+07
<GCONST> 6.794263e+01
<MIXTURE> 4 8.996147e-02
<MEAN> 6
 7.966882e+01 -3.717708e+02 2.200259e+02 -3.301659e+00 -2.335415e+00 -1.045456e+02
<VARIANCE> 6
 3.163787e+01 1.276023e+04 3.184936e+04 2.940807e+02 3.743564e+04 4.829342e+07
<GCONST> 6.821152e+01
<MIXTURE> 5 8.250868e-02
<MEAN> 6
 6.729581e+01 1.613403e+02 1.700448e+02 -2.841167e+00 6.983638e+00 -3.098049e+01
<VARIANCE> 6
 3.163787e+01 2.208371e+04 1.373229e+04 2.940807e+02 3.743564e+04 4.829342e+07
<GCONST> 6.791876e+01
<MIXTURE> 6 7.883986e-02
<MEAN> 6
 8.442962e+01 -9.794685e+01 6.948978e+01 -3.903650e+00 2.582654e+00 3.986289e+01
<VARIANCE> 6
 3.163787e+01 2.956717e+04 1.373229e+04 2.940807e+02 3.743564e+04 4.829342e+07
<GCONST> 6.821059e+01
<MIXTURE> 7 1.048601e-01
<MEAN> 6
 7.669974e+01 -7.433785e+02 3.881150e+01 -1.420903e+00 1.191125e+00 -2.500456e+01
<VARIANCE> 6
 3.163787e+01 2.396395e+04 2.175609e+04 2.940807e+02 3.743564e+04 4.829342e+07
<GCONST> 6.846060e+01
<MIXTURE> 8 8.617435e-02
<MEAN> 6
 7.420406e+01 -4.224916e+01 5.252132e+02 -2.966661e+00 -3.154751e+00 7.163389e+01
<VARIANCE> 6
 3.163787e+01 1.276023e+04 2.131123e+04 2.940807e+02 3.743564e+04 4.829342e+07
<GCONST> 6.780974e+01
<MIXTURE> 9 8.749249e-02
<MEAN> 6
 8.382733e+01 -1.981882e+02 6.334603e+01 -4.126159e+00 3.024311e+00 1.733880e+01
<VARIANCE> 6
 3.163787e+01 2.288010e+04 1.373229e+04 2.940807e+02 3.743564e+04 4.829342e+07
<GCONST> 6.795418e+01
<MIXTURE> 10 9.142857e-02
<MEAN> 6
 7.422078e+01 -5.168322e+02 1.577932e+02 -2.411010e+00 1.385188e+00 -8.473932e+01
<VARIANCE> 6
 3.163787e+01 1.788119e+04 1.373229e+04 2.940807e+02 3.743564e+04 4.829342e+07
<GCONST> 6.770766e+01
<MIXTURE> 11 8.270345e-02
<MEAN> 6
 6.458862e+01 8.080679e+01 1.545648e+02 -2.633633e+00 7.101260e+00 -3.311557e+01
<VARIANCE> 6
 3.185149e+01 1.877747e+04 1.373229e+04 2.940807e+02 3.743564e+04 4.829342e+07
<GCONST> 6.776331e+01
<STATE> 4
<NUMMIXES> 11
<MIXTURE> 1 1.466494e-01
<MEAN> 6
 7.621868e+01 1.642550e+02 1.570440e+03 -2.154252e-01 -3.230919e+00 -1.004480e+02
<VARIANCE> 6
 3.163787e+01 9.501198e+05 3.320958e+05 2.940807e+02 3.743564e+04 4.829342e+07
<GCONST> 7.486618e+01
<MIXTURE> 2 9.522606e-02
<MEAN> 6
 9.947633e+01 3.087192e+02 -1.721650e+01 -5.201539e+00 -1.006864e+01 1.703681e+02
<VARIANCE> 6
 3.163787e+01 3.462008e+05 4.536416e+04 2.940807e+02 3.743564e+04 4.829342e+07
<GCONST> 7.186591e+01
<MIXTURE> 3 9.278035e-02
<MEAN> 6
 8.401006e+01 2.298094e+02 -2.592487e+02 -1.675540e+00 -9.920474e-01 -4.625631e+01
<VARIANCE> 6
 3.163787e+01 8.975149e+04 1.373229e+04 2.940807e+02 3.743564e+04 4.829342e+07
<GCONST> 6.932095e+01
<MIXTURE> 4 1.118160e-01
<MEAN> 6
 6.467060e+01 1.281391e+03 -5.372030e+02 4.949701e-01 -2.741135e+00 -6.683875e+01
<VARIANCE> 6
 3.163787e+01 4.175388e+04 7.160032e+05 2.940807e+02 3.743564e+04 4.829342e+07
<GCONST> 7.250964e+01
<MIXTURE> 5 8.227856e-02
<MEAN> 6
 7.549997e+01 -8.254331e+02 -8.650271e+02 9.824000e-01 -7.958300e+00 -2.498319e-01
<VARIANCE> 6
 3.816177e+01 5.803332e+05 6.316394e+05 2.940807e+02 3.743564e+04 4.829342e+07
<GCONST> 7.520357e+01
<MIXTURE> 6 8.299760e-02
<MEAN> 6
 6.064286e+01 5.234482e+02 -2.341751e+03 2.212973e-01 -5.145671e+00 -1.137046e+02
<VARIANCE> 6
 3.163787e+01 7.233739e+04 1.152032e+06 2.940807e+02 3.743564e+04 4.829342e+07
<GCONST> 7.353479e+01
<MIXTURE> 7 7.528654e-02
<MEAN> 6
 8.037928e+01 -2.717461e+02 -4.046055e+02 -2.964122e+00 -2.413382e+00 6.913765e+01
<VARIANCE> 6
 6.394720e+01 1.367524e+04 1.661913e+04 2.940807e+02 3.743564e+04 4.829342e+07
<GCONST> 6.833401e+01
<MIXTURE> 8 7.913005e-02
<MEAN> 6
 5.864195e+01 -1.090756e+03 1.547593e+02 -9.080541e-01 -4.754930e+00 -1.425437e+02
<VARIANCE> 6
 1.339999e+02 1.276023e+04 1.846819e+05 2.940807e+02 3.743564e+04 4.829342e+07
<GCONST> 7.141261e+01
<MIXTURE> 9 9.520271e-02
<MEAN> 6
 8.478152e+01 1.268745e+02 -2.501459e+02 -1.922395e+00 -5.312289e-01 -4.826496e+01
<VARIANCE> 6
 3.163787e+01 1.061849e+05 1.373229e+04 2.940807e+02 3.743564e+04 4.829342e+07
<GCONST> 6.948909e+01
<MIXTURE> 10 6.893799e-02
<MEAN> 6
 6.407441e+01 -5.144543e+02 -1.435448e+03 1.080572e+00 -2.825691e+00 -9.218774e+01
<VARIANCE> 6
 4.076237e+01 3.788121e+04 6.652055e+04 2.940807e+02 3.743564e+04 4.829342e+07
<GCONST> 7.028954e+01
<MIXTURE> 11 6.960011e-02
<MEAN> 6
 5.838793e+01 3.965998e+02 -3.224604e+03 1.710638e+00 -9.145487e+00 -1.131918e+02
<VARIANCE> 6
 3.163787e+01 5.985610e+04 4.317657e+06 2.940807e+02 3.743564e+04 4.829342e+07
<GCONST> 7.466658e+01
<STATE> 5
<NUMMIXES> 11
<MIXTURE> 1 6.916803e-02
<MEAN> 6
 8.892660e+01 4.345111e+02 2.938057e+02 -3.693683e+00 -2.646754e+01 3.157519e+01
<VARIANCE> 6
 1.226347e+02 6.722507e+05 3.513145e+06 2.940807e+02 3.743564e+04 4.829342e+07
<GCONST> 7.823392e+01
<MIXTURE> 2 1.656106e-02
<MEAN> 6
 -4.013359e+00 1.766633e+02 7.082855e+01 3.725092e+01 -2.021853e+02 1.132753e+02
<VARIANCE> 6
 1.295263e+04 1.868946e+05 4.016197e+05 2.117738e+06 1.183781e+09 1.748614e+12
<GCONST> 1.091856e+02
<MIXTURE> 3 1.331109e-01
<MEAN> 6
 5.156721e+01 2.230467e+02 2.398040e+02 3.699083e+01 -4.511637e+02 -7.221760e+02
<VARIANCE> 6
 9.545640e+02 1.667918e+06 4.159545e+06 3.307372e+04 1.961995e+05 4.934511e+07
<GCONST> 8.776425e+01
<MIXTURE> 4 1.053929e-01
<MEAN> 6
 -6.443580e+01 1.497561e+02 -1.169028e+02 9.584832e+00 2.779349e+02 3.815567e+02
<VARIANCE> 6
 8.514622e+01 8.263109e+05 1.706805e+06 1.324461e+03 9.661338e+04 4.829342e+07
<GCONST> 7.980653e+01
<MIXTURE> 5 1.089120e-01
<MEAN> 6
 -1.594816e+00 1.045921e+02 -3.623772e+02 -1.155636e+02 2.891246e+02 3.860301e+03
<VARIANCE> 6
 4.433027e+03 1.761106e+06 3.003170e+06 4.061931e+04 3.007478e+06 1.455285e+09
<GCONST> 9.534781e+01
<MIXTURE> 6 7.751793e-02
<MEAN> 6
 -3.628842e+01 -2.048394e+02 3.441415e+02 9.796883e+01 7.439293e+02 -1.304534e+03
<VARIANCE> 6
 4.297542e+02 6.814896e+05 1.395507e+06 3.137679e+04 2.541098e+05 7.857924e+07
<GCONST> 8.565025e+01
<MIXTURE> 7 1.259307e-01
<MEAN> 6
 8.458821e+01 2.849213e+02 -1.575556e+02 -3.419089e+00 -2.112487e+01 -2.016850e+02
<VARIANCE> 6
 1.464820e+02 3.970005e+05 5.529681e+05 2.940807e+02 3.743564e+04 4.829342e+07
<GCONST> 7.603595e+01
<MIXTURE> 8 1.063182e-01
<MEAN> 6
 5.397602e+01 -1.870991e+02 3.270959e+02 3.009211e+01 -3.966444e+02 -7.857909e+02
<VARIANCE> 6
 7.722990e+02 2.983152e+05 5.457420e+05 2.892846e+04 1.593499e+05 4.829342e+07
<GCONST> 8.343669e+01
<MIXTURE> 9 1.005891e-01
<MEAN> 6
 5.020374e+01 -1.679832e+02 7.592175e+01 -7.125721e+01 -6.170107e+02 6.657256e+02
<VARIANCE> 6
 1.216645e+03 9.220976e+05 5.283694e+05 4.546681e+04 5.478271e+05 2.114967e+08
<GCONST> 8.815125e+01
<MIXTURE> 10 7.786455e-02
<MEAN> 6
 7.846938e+01 1.018897e+02 7.594489e+02 -1.765988e+00 -1.924832e+01 -8.367655e+01
<VARIANCE> 6
 2.309540e+02 1.388796e+06 2.338509e+06 2.940807e+02 3.743564e+04 4.829342e+07
<GCONST> 7.918549e+01
<MIXTURE> 11 7.803801e-02
<MEAN> 6
 -4.017935e+01 -4.400041e+02 -7.434892e+01 4.807083e+01 7.208734e+02 -2.553090e+03
<VARIANCE> 6
 4.426707e+02 6.468456e+05 1.424311e+06 3.366796e+04 2.697972e+05 1.003845e+08
<GCONST> 8.602339e+01
<TRANSP> 6
 0.000000e+00 1.000000e+00 0.000000e+00 0.000000e+00 0.000000e+00 0.000000e+00
 0.000000e+00 9.999251e-01 7.485511e-05 0.000000e+00 0.000000e+00 0.000000e+00
 0.000000e+00 0.000000e+00 9.992583e-01 7.416321e-04 0.000000e+00 0.000000e+00
 0.000000e+00 0.000000e+00 0.000000e+00 9.995149e-01 4.850506e-04 0.000000e+00
 0.000000e+00 0.000000e+00 0.000000e+00 0.000000e+00 9.999099e-01 9.009020e-05
 0.000000e+00 0.000000e+00 0.000000e+00 0.000000e+00 0.000000e+00 0.000000e+00
<ENDHMM>
