~h "SegundoESO"
<BEGINHMM>
<NUMSTATES> 5
<STATE> 2
<MEAN> 4
 3.431488e+01 2.927723e-01 -5.797453e-02 1.650967e-01
<VARIANCE> 4
 3.190663e+03 2.978771e+04 3.928750e+06 5.015123e+09
<GCONST> 6.324090e+01
<STATE> 3
<MEAN> 4
 3.431488e+01 2.927723e-01 -5.797453e-02 1.650967e-01
<VARIANCE> 4
 3.190663e+03 2.978771e+04 3.928750e+06 5.015123e+09
<GCONST> 6.324090e+01
<STATE> 4
<MEAN> 4
 3.431488e+01 2.927723e-01 -5.797453e-02 1.650967e-01
<VARIANCE> 4
 3.190663e+03 2.978771e+04 3.928750e+06 5.015123e+09
<GCONST> 6.324090e+01
<TRANSP> 5
 0.000000e+00 1.000000e+00 0.000000e+00 0.000000e+00 0.000000e+00
 0.000000e+00 6.000000e-01 4.000000e-01 0.000000e+00 0.000000e+00
 0.000000e+00 0.000000e+00 6.000000e-01 4.000000e-01 0.000000e+00
 0.000000e+00 0.000000e+00 0.000000e+00 7.000000e-01 3.000000e-01
 0.000000e+00 0.000000e+00 0.000000e+00 0.000000e+00 0.000000e+00
<ENDHMM>

~h "SegundoPRIMARIA"
<BEGINHMM>
<NUMSTATES> 5
<STATE> 2
<MEAN> 4
 3.431488e+01 2.927723e-01 -5.797453e-02 1.650967e-01
<VARIANCE> 4
 3.190663e+03 2.978771e+04 3.928750e+06 5.015123e+09
<GCONST> 6.324090e+01
<STATE> 3
<MEAN> 4
 3.431488e+01 2.927723e-01 -5.797453e-02 1.650967e-01
<VARIANCE> 4
 3.190663e+03 2.978771e+04 3.928750e+06 5.015123e+09
<GCONST> 6.324090e+01
<STATE> 4
<MEAN> 4
 3.431488e+01 2.927723e-01 -5.797453e-02 1.650967e-01
<VARIANCE> 4
 3.190663e+03 2.978771e+04 3.928750e+06 5.015123e+09
<GCONST> 6.324090e+01
<TRANSP> 5
 0.000000e+00 1.000000e+00 0.000000e+00 0.000000e+00 0.000000e+00
 0.000000e+00 6.000000e-01 4.000000e-01 0.000000e+00 0.000000e+00
 0.000000e+00 0.000000e+00 6.000000e-01 4.000000e-01 0.000000e+00
 0.000000e+00 0.000000e+00 0.000000e+00 7.000000e-01 3.000000e-01
 0.000000e+00 0.000000e+00 0.000000e+00 0.000000e+00 0.000000e+00
<ENDHMM>

~h "QuintoPRIMARIA"
<BEGINHMM>
<NUMSTATES> 5
<STATE> 2
<MEAN> 4
 3.431488e+01 2.927723e-01 -5.797453e-02 1.650967e-01
<VARIANCE> 4
 3.190663e+03 2.978771e+04 3.928750e+06 5.015123e+09
<GCONST> 6.324090e+01
<STATE> 3
<MEAN> 4
 3.431488e+01 2.927723e-01 -5.797453e-02 1.650967e-01
<VARIANCE> 4
 3.190663e+03 2.978771e+04 3.928750e+06 5.015123e+09
<GCONST> 6.324090e+01
<STATE> 4
<MEAN> 4
 3.431488e+01 2.927723e-01 -5.797453e-02 1.650967e-01
<VARIANCE> 4
 3.190663e+03 2.978771e+04 3.928750e+06 5.015123e+09
<GCONST> 6.324090e+01
<TRANSP> 5
 0.000000e+00 1.000000e+00 0.000000e+00 0.000000e+00 0.000000e+00
 0.000000e+00 6.000000e-01 4.000000e-01 0.000000e+00 0.000000e+00
 0.000000e+00 0.000000e+00 6.000000e-01 4.000000e-01 0.000000e+00
 0.000000e+00 0.000000e+00 0.000000e+00 7.000000e-01 3.000000e-01
 0.000000e+00 0.000000e+00 0.000000e+00 0.000000e+00 0.000000e+00
<ENDHMM>

