~o
<STREAMINFO> 1 6
<VECSIZE> 6<NULLD><USER><DIAGC>
~h "SegundoPRIMARIA"
<BEGINHMM>
<NUMSTATES> 5
<STATE> 2
<NUMMIXES> 9
<MIXTURE> 1 1.692628e-01
<MEAN> 6
 8.118863e+01 6.290319e+02 -3.840792e+02 -8.898273e-01 -2.794749e+01 -1.852532e+02
<VARIANCE> 6
 1.592256e+02 1.218217e+06 1.068444e+06 3.028640e+02 4.053393e+04 5.195771e+07
<GCONST> 7.808131e+01
<MIXTURE> 2 5.799292e-02
<MEAN> 6
 4.766841e+01 -5.805582e+02 -9.186017e+01 -4.498864e+01 -3.166678e+02 2.559246e+03
<VARIANCE> 6
 4.662036e+03 3.227909e+07 1.583079e+06 6.317534e+04 4.639537e+06 3.130294e+09
<GCONST> 9.930747e+01
<MIXTURE> 3 8.785517e-02
<MEAN> 6
 -8.855870e+00 4.566622e+01 2.383971e+01 2.333590e+02 3.296214e+02 -4.027636e+03
<VARIANCE> 6
 1.127899e+03 3.897026e+05 1.151374e+06 6.495797e+03 2.659562e+05 5.195771e+07
<GCONST> 8.392091e+01
<MIXTURE> 4 1.254618e-01
<MEAN> 6
 -6.632304e+01 7.211887e+01 -1.903461e+02 6.945771e+00 2.681852e+02 4.239013e+02
<VARIANCE> 6
 3.125564e+02 4.084253e+05 1.232046e+06 2.323384e+03 1.160013e+05 5.195771e+07
<GCONST> 8.089438e+01
<MIXTURE> 5 1.356704e-01
<MEAN> 6
 7.274189e+01 -3.266557e+01 -7.725479e+01 -2.846896e+01 -9.002714e+02 3.069242e+02
<VARIANCE> 6
 7.991078e+02 4.932873e+05 1.724770e+06 4.633026e+04 7.493564e+05 3.509803e+08
<GCONST> 8.912697e+01
<MIXTURE> 6 8.831863e-02
<MEAN> 6
 8.873235e+01 -1.974223e+02 4.142862e+02 -3.263628e+00 -2.765197e+01 -2.205458e+02
<VARIANCE> 6
 4.368760e+02 2.563735e+05 2.564373e+06 3.028640e+02 4.053393e+04 5.195771e+07
<GCONST> 7.840765e+01
<MIXTURE> 7 1.237976e-01
<MEAN> 6
 -4.304076e+01 -1.085829e+02 6.534087e+01 -9.374508e+01 1.132060e+03 1.375551e+03
<VARIANCE> 6
 7.446113e+02 5.281521e+05 1.470509e+06 4.699172e+04 8.786134e+05 4.841930e+08
<GCONST> 8.946020e+01
<MIXTURE> 8 1.225760e-01
<MEAN> 6
 5.544365e+01 -1.235138e+02 9.046093e+01 -2.213130e+01 -4.355524e+02 4.214537e+01
<VARIANCE> 6
 1.017011e+03 3.668857e+05 5.483066e+05 4.179760e+04 1.732155e+05 5.195771e+07
<GCONST> 8.444810e+01
<MIXTURE> 9 8.875690e-02
<MEAN> 6
 7.701198e+01 -2.988455e+02 4.186462e+02 -7.255015e-01 -1.426480e+01 -1.987241e+02
<VARIANCE> 6
 2.486578e+02 2.679135e+05 3.224559e+06 3.028640e+02 4.053393e+04 5.195771e+07
<GCONST> 7.811719e+01
<STATE> 3
<NUMMIXES> 9
<MIXTURE> 1 6.750798e-02
<MEAN> 6
 1.064308e+02 -8.228761e+02 1.704758e+02 -6.123548e+00 1.095406e+00 -2.416585e+01
<VARIANCE> 6
 1.478821e+02 5.651766e+06 9.477405e+04 3.028640e+02 4.053393e+04 5.195771e+07
<GCONST> 7.711952e+01
<MIXTURE> 2 1.490788e-01
<MEAN> 6
 8.860589e+01 2.602911e+02 2.735373e+02 -1.865829e+00 -2.387163e+00 -3.091689e+01
<VARIANCE> 6
 3.345835e+01 1.814493e+05 3.809841e+04 3.028640e+02 4.053393e+04 5.195771e+07
<GCONST> 7.128334e+01
<MIXTURE> 3 1.504958e-01
<MEAN> 6
 8.027610e+01 3.842024e+01 -2.023905e+02 -8.830622e-01 -4.392821e+00 -1.105412e+02
<VARIANCE> 6
 6.518073e+01 1.183674e+04 8.527157e+04 3.028640e+02 4.053393e+04 5.195771e+07
<GCONST> 7.002611e+01
<MIXTURE> 4 1.070692e-01
<MEAN> 6
 6.578396e+01 3.348255e+02 -1.917542e+02 1.072784e-02 -1.709123e+00 -1.025074e+02
<VARIANCE> 6
 3.185140e+01 2.397248e+05 1.398304e+04 3.028640e+02 4.053393e+04 5.195771e+07
<GCONST> 7.051031e+01
<MIXTURE> 5 1.262764e-01
<MEAN> 6
 7.203658e+01 -5.401814e+01 1.760781e+02 6.143593e-01 4.302807e-01 -1.343446e+02
<VARIANCE> 6
 3.185140e+01 7.243630e+04 1.710415e+04 3.028640e+02 4.053393e+04 5.195771e+07
<GCONST> 6.951500e+01
<MIXTURE> 6 8.279575e-02
<MEAN> 6
 6.971053e+01 -6.821005e+02 -6.627124e+02 -1.390608e+00 5.030615e-01 -7.639441e+01
<VARIANCE> 6
 6.821012e+01 5.620442e+05 2.556113e+04 3.028640e+02 4.053393e+04 5.195771e+07
<GCONST> 7.272714e+01
<MIXTURE> 7 9.950377e-02
<MEAN> 6
 7.036263e+01 4.599179e+01 -4.541738e+02 1.706004e-01 -1.191361e+00 -1.000536e+02
<VARIANCE> 6
 3.185140e+01 9.945479e+03 1.626697e+05 3.028640e+02 4.053393e+04 5.195771e+07
<GCONST> 6.978181e+01
<MIXTURE> 8 1.086575e-01
<MEAN> 6
 7.149068e+01 -4.026371e+02 1.557810e+02 -4.301136e-01 2.546787e-01 -1.041309e+02
<VARIANCE> 6
 5.426307e+01 1.504921e+05 5.263676e+04 3.028640e+02 4.053393e+04 5.195771e+07
<GCONST> 7.190306e+01
<MIXTURE> 9 1.084285e-01
<MEAN> 6
 6.266313e+01 4.348303e+00 -2.370446e+02 8.182026e-01 1.086836e+00 -1.014047e+02
<VARIANCE> 6
 4.659020e+01 2.304164e+05 1.398304e+04 3.028640e+02 4.053393e+04 5.195771e+07
<GCONST> 7.085101e+01
<STATE> 4
<NUMMIXES> 9
<MIXTURE> 1 6.128553e-03
<MEAN> 6
 7.854022e-01 -3.401562e+02 9.619209e+01 4.522234e+01 -1.688342e+02 1.291040e+03
<VARIANCE> 6
 9.124229e+03 8.643028e+05 1.206951e+06 1.359981e+06 7.469761e+08 1.081866e+12
<GCONST> 1.100835e+02
<MIXTURE> 2 1.271756e-01
<MEAN> 6
 8.477786e+00 9.992466e+01 2.240860e+01 2.552251e+02 2.955450e+02 -4.327395e+03
<VARIANCE> 6
 8.946810e+02 1.875462e+05 6.203547e+04 6.663625e+03 3.625370e+05 7.380738e+07
<GCONST> 8.072324e+01
<MIXTURE> 3 9.281453e-02
<MEAN> 6
 6.658224e+01 2.859102e+01 6.486965e+01 -1.536266e+00 -7.813210e+02 -1.942402e+02
<VARIANCE> 6
 3.277266e+03 8.561251e+05 7.090134e+05 5.670580e+04 2.935660e+06 1.662579e+09
<GCONST> 9.332354e+01
<MIXTURE> 4 8.723069e-02
<MEAN> 6
 9.887428e+01 -4.476372e+01 3.296902e+01 -5.343884e+00 -2.315430e+01 -2.589387e+02
<VARIANCE> 6
 2.534337e+02 3.265773e+05 1.411677e+05 3.028640e+02 4.053393e+04 5.195771e+07
<GCONST> 7.520561e+01
<MIXTURE> 5 1.280086e-01
<MEAN> 6
 -2.863291e+01 6.323093e+01 2.755015e+01 -1.831275e+02 1.160198e+03 4.035542e+03
<VARIANCE> 6
 7.647866e+02 1.167349e+05 1.180573e+05 3.398328e+04 1.209104e+06 6.888518e+08
<GCONST> 8.580299e+01
<MIXTURE> 6 1.476694e-01
<MEAN> 6
 7.857571e+01 3.361092e+01 7.340166e+01 1.725029e+01 -5.400013e+02 -1.249719e+03
<VARIANCE> 6
 5.015586e+02 2.022131e+05 1.630549e+05 2.917862e+04 2.211698e+05 6.397129e+07
<GCONST> 8.202573e+01
<MIXTURE> 7 1.771577e-01
<MEAN> 6
 -5.051210e+01 6.039989e+01 1.229599e+01 2.769912e+01 5.160571e+02 2.473947e+02
<VARIANCE> 6
 2.835958e+02 1.757688e+05 1.148214e+05 6.119434e+03 2.166234e+05 5.512700e+07
<GCONST> 7.923315e+01
<MIXTURE> 8 1.435024e-01
<MEAN> 6
 6.906094e+01 2.294585e+00 3.246131e+01 -1.052421e+02 -8.328118e+02 1.718564e+03
<VARIANCE> 6
 1.014659e+03 8.960860e+04 5.228480e+04 4.007912e+04 6.071635e+05 2.282102e+08
<GCONST> 8.337817e+01
<MIXTURE> 9 8.949333e-02
<MEAN> 6
 9.439063e+01 -2.630770e+02 -1.622401e+02 -5.499415e+00 -2.799788e+01 -2.848594e+02
<VARIANCE> 6
 1.637949e+02 3.759036e+05 1.008648e+05 3.028640e+02 4.053393e+04 5.195771e+07
<GCONST> 7.457362e+01
<TRANSP> 5
 0.000000e+00 1.000000e+00 0.000000e+00 0.000000e+00 0.000000e+00
 0.000000e+00 9.998566e-01 1.433805e-04 0.000000e+00 0.000000e+00
 0.000000e+00 0.000000e+00 9.996644e-01 3.356469e-04 0.000000e+00
 0.000000e+00 0.000000e+00 0.000000e+00 9.999408e-01 5.920522e-05
 0.000000e+00 0.000000e+00 0.000000e+00 0.000000e+00 0.000000e+00
<ENDHMM>
~h "SegundoESO"
<BEGINHMM>
<NUMSTATES> 5
<STATE> 2
<NUMMIXES> 9
<MIXTURE> 1 1.429313e-01
<MEAN> 6
 4.442326e+00 4.770625e+02 -4.551248e+02 -3.414132e+00 7.550780e+01 -2.599241e+02
<VARIANCE> 6
 4.451014e+02 2.566194e+06 3.654843e+06 3.224233e+04 5.800518e+04 5.195771e+07
<GCONST> 8.611032e+01
<MIXTURE> 2 1.675243e-01
<MEAN> 6
 8.339070e+01 -1.329219e+03 4.482274e+02 -2.998591e+00 -1.951340e+01 -2.894515e+01
<VARIANCE> 6
 1.910730e+02 6.415542e+06 2.059997e+07 3.028640e+02 4.053393e+04 5.195771e+07
<GCONST> 8.288408e+01
<MIXTURE> 3 1.073468e-01
<MEAN> 6
 7.379181e+01 1.928387e+02 -1.081948e+02 -1.732735e+00 -2.508632e+01 -1.568615e+02
<VARIANCE> 6
 1.351264e+02 2.952172e+05 2.951150e+06 3.028640e+02 4.053393e+04 5.195771e+07
<GCONST> 7.751576e+01
<MIXTURE> 4 1.189429e-01
<MEAN> 6
 -4.353574e+01 3.758420e+02 9.563311e+02 -2.150190e-01 7.991521e+02 -3.010786e+01
<VARIANCE> 6
 3.467312e+02 1.348445e+06 5.843112e+06 2.602860e+04 2.726318e+05 9.988491e+07
<GCONST> 8.767342e+01
<MIXTURE> 5 1.104086e-01
<MEAN> 6
 6.256190e+01 6.983916e+02 -2.876904e+02 8.431091e+01 -3.159279e+02 -7.188934e+02
<VARIANCE> 6
 4.399625e+02 3.645746e+06 6.091320e+06 1.205819e+04 6.595584e+04 5.195771e+07
<GCONST> 8.610558e+01
<MIXTURE> 6 4.917986e-02
<MEAN> 6
 3.227819e+01 -2.061327e+02 1.321474e+03 -4.556886e+01 -2.879094e+02 1.751702e+03
<VARIANCE> 6
 2.760705e+03 9.138108e+06 1.615635e+07 5.322605e+04 1.406501e+06 4.444362e+08
<GCONST> 9.652753e+01
<MIXTURE> 7 1.047260e-01
<MEAN> 6
 6.746992e+01 -2.584997e+01 4.407842e+02 -6.878262e+01 -6.353803e+02 6.762640e+02
<VARIANCE> 6
 5.100784e+02 7.664191e+05 3.213750e+06 1.922719e+04 1.709105e+05 5.195771e+07
<GCONST> 8.547318e+01
<MIXTURE> 8 9.965868e-02
<MEAN> 6
 -4.541891e+01 -7.063666e+01 1.492555e+02 1.537197e+01 1.569756e+02 -8.935147e+01
<VARIANCE> 6
 2.669615e+02 7.359532e+05 1.483198e+06 1.326695e+03 5.641338e+04 5.195771e+07
<GCONST> 8.022984e+01
<MIXTURE> 9 9.903947e-02
<MEAN> 6
 6.940918e+01 1.544417e+02 -2.247192e+03 -1.616192e-01 -1.377021e+01 -1.211845e+02
<VARIANCE> 6
 8.949416e+01 2.139670e+05 1.025791e+07 3.028640e+02 4.053393e+04 5.195771e+07
<GCONST> 7.802769e+01
<STATE> 3
<NUMMIXES> 9
<MIXTURE> 1 9.138174e-02
<MEAN> 6
 7.405201e+01 4.367576e+02 3.239397e+02 -5.621843e-01 -4.007423e+00 -6.880853e+01
<VARIANCE> 6
 3.185140e+01 1.305252e+05 2.348936e+04 3.028640e+02 4.053393e+04 5.195771e+07
<GCONST> 7.042109e+01
<MIXTURE> 2 1.196765e-01
<MEAN> 6
 6.298095e+01 8.079883e+02 -1.096720e+02 9.375443e-02 -2.170955e+00 -1.364345e+02
<VARIANCE> 6
 3.185140e+01 1.360014e+06 3.069987e+04 3.028640e+02 4.053393e+04 5.195771e+07
<GCONST> 7.303249e+01
<MIXTURE> 3 1.469485e-01
<MEAN> 6
 8.324870e+01 -9.750038e+02 1.443210e+02 -6.873847e-01 -5.637634e+00 -1.155318e+02
<VARIANCE> 6
 3.185140e+01 2.159797e+05 5.461014e+04 3.028640e+02 4.053393e+04 5.195771e+07
<GCONST> 7.176838e+01
<MIXTURE> 4 1.066960e-01
<MEAN> 6
 6.607227e+01 3.274818e+02 -8.372383e+01 1.078433e-01 -6.242263e+00 -1.384521e+02
<VARIANCE> 6
 5.023417e+01 6.155793e+04 3.349377e+04 3.028640e+02 4.053393e+04 5.195771e+07
<GCONST> 7.047993e+01
<MIXTURE> 5 1.242248e-01
<MEAN> 6
 6.473283e+01 -9.718402e+01 -3.558421e+01 -2.898948e-01 -3.469798e+00 -1.113250e+02
<VARIANCE> 6
 6.177509e+01 9.473523e+04 1.338043e+05 3.028640e+02 4.053393e+04 5.195771e+07
<GCONST> 7.250285e+01
<MIXTURE> 6 7.233788e-02
<MEAN> 6
 6.055003e+01 2.127186e+02 -4.111758e+02 -9.307393e-02 -1.025793e-01 -8.281971e+01
<VARIANCE> 6
 3.185140e+01 2.630108e+06 1.154471e+05 3.028640e+02 4.053393e+04 5.195771e+07
<GCONST> 7.501657e+01
<MIXTURE> 7 1.119244e-01
<MEAN> 6
 6.003820e+01 1.419980e+02 -2.776463e+01 3.005814e-02 -1.789282e+00 -1.283799e+02
<VARIANCE> 6
 3.185140e+01 9.833885e+04 3.966335e+04 3.028640e+02 4.053393e+04 5.195771e+07
<GCONST> 7.066182e+01
<MIXTURE> 8 1.262315e-01
<MEAN> 6
 6.581475e+01 -3.458362e+02 -1.104719e+02 -5.070411e-02 -2.314545e+00 -1.046923e+02
<VARIANCE> 6
 3.185140e+01 1.285547e+05 1.310206e+05 3.028640e+02 4.053393e+04 5.195771e+07
<GCONST> 7.212468e+01
<MIXTURE> 9 1.003650e-01
<MEAN> 6
 6.959144e+01 1.876189e+02 2.032540e+02 -3.564257e-01 -4.484257e+00 -1.114139e+02
<VARIANCE> 6
 3.185140e+01 4.517303e+05 1.798785e+04 3.028640e+02 4.053393e+04 5.195771e+07
<GCONST> 7.139575e+01
<STATE> 4
<NUMMIXES> 9
<MIXTURE> 1 1.078964e-01
<MEAN> 6
 -4.532008e+01 1.444714e+02 2.904054e+01 -4.321758e+01 1.187808e+03 1.051390e+03
<VARIANCE> 6
 2.122742e+02 8.122501e+05 4.626535e+05 2.729759e+04 5.411564e+05 3.296436e+08
<GCONST> 8.606699e+01
<MIXTURE> 2 8.090855e-02
<MEAN> 6
 6.262109e+01 -1.285367e+02 9.014937e+01 -1.252999e+01 -8.133493e+02 7.301107e+02
<VARIANCE> 6
 1.250001e+03 3.360073e+06 1.196216e+06 4.035375e+04 9.703687e+05 5.854785e+08
<GCONST> 9.175912e+01
<MIXTURE> 3 1.522932e-01
<MEAN> 6
 8.071560e+01 -7.997918e+01 -5.796665e+01 -5.866891e+00 -3.415492e+01 -4.775613e+01
<VARIANCE> 6
 1.720454e+02 8.026464e+05 4.672820e+05 3.028640e+02 4.053393e+04 5.195771e+07
<GCONST> 7.691450e+01
<MIXTURE> 4 1.257512e-01
<MEAN> 6
 3.402520e+01 4.418454e+01 -4.710718e+01 1.807672e+02 -1.905414e+02 -1.740174e+03
<VARIANCE> 6
 5.606475e+02 4.033440e+05 2.853452e+05 4.078134e+03 7.036790e+04 5.195771e+07
<GCONST> 8.006618e+01
<MIXTURE> 5 1.249933e-01
<MEAN> 6
 -7.297436e+00 3.150140e+01 5.827365e+01 -3.579636e+01 2.081109e+02 -3.689586e+02
<VARIANCE> 6
 2.659672e+02 2.391352e+05 6.543202e+04 4.150510e+04 1.460725e+05 1.341314e+08
<GCONST> 8.132395e+01
<MIXTURE> 6 8.552886e-02
<MEAN> 6
 7.132536e+01 -1.386981e+01 3.138366e+01 -5.494984e+00 -6.052639e+02 -3.697534e+02
<VARIANCE> 6
 1.996521e+02 4.754433e+05 1.296676e+05 1.332276e+04 1.538342e+05 6.051410e+07
<GCONST> 8.052782e+01
<MIXTURE> 7 1.533516e-01
<MEAN> 6
 -4.277160e+01 1.797207e+01 -1.433924e+01 4.485421e+01 4.823260e+02 -5.114778e+02
<VARIANCE> 6
 2.483201e+02 2.131967e+05 1.813999e+05 8.164435e+03 1.313328e+05 5.195771e+07
<GCONST> 7.947939e+01
<MIXTURE> 8 8.580932e-02
<MEAN> 6
 2.888499e+01 4.513452e+01 2.741087e+01 -1.442726e+02 -2.142679e+02 2.705038e+03
<VARIANCE> 6
 5.609114e+02 6.889772e+05 2.610441e+05 2.546529e+04 1.070252e+05 5.343250e+07
<GCONST> 8.279205e+01
<MIXTURE> 9 8.254653e-02
<MEAN> 6
 6.549841e+01 -7.590532e+01 6.332099e+00 -6.429819e+01 -7.481788e+02 1.357605e+01
<VARIANCE> 6
 2.041680e+02 4.574774e+05 8.254577e+04 1.693820e+04 1.931122e+05 7.021833e+07
<GCONST> 8.067627e+01
<TRANSP> 5
 0.000000e+00 1.000000e+00 0.000000e+00 0.000000e+00 0.000000e+00
 0.000000e+00 9.998422e-01 1.577999e-04 0.000000e+00 0.000000e+00
 0.000000e+00 0.000000e+00 9.997009e-01 2.991444e-04 0.000000e+00
 0.000000e+00 0.000000e+00 0.000000e+00 9.999419e-01 5.811432e-05
 0.000000e+00 0.000000e+00 0.000000e+00 0.000000e+00 0.000000e+00
<ENDHMM>
~h "QuintoPRIMARIA"
<BEGINHMM>
<NUMSTATES> 5
<STATE> 2
<NUMMIXES> 9
<MIXTURE> 1 1.110803e-01
<MEAN> 6
 -4.086377e+01 -3.765519e+01 1.885817e+02 -9.885114e+01 1.217936e+03 3.535835e+03
<VARIANCE> 6
 5.111741e+02 2.178020e+05 2.980727e+05 4.073003e+04 8.187049e+05 5.714769e+08
<GCONST> 8.655434e+01
<MIXTURE> 2 1.388014e-02
<MEAN> 6
 6.832303e+01 -2.872730e+03 -5.053577e+02 1.448940e+01 -9.288511e+02 4.748522e+03
<VARIANCE> 6
 9.186058e+02 2.687020e+07 1.848898e+06 2.018058e+04 2.188696e+06 1.154006e+09
<GCONST> 9.476454e+01
<MIXTURE> 3 1.662368e-01
<MEAN> 6
 6.667143e+01 2.550519e+01 -4.179078e+01 -1.808725e+00 -1.778832e+01 -2.557791e+02
<VARIANCE> 6
 9.341624e+01 3.318560e+04 9.393799e+04 3.028640e+02 4.053393e+04 5.195771e+07
<GCONST> 7.151370e+01
<MIXTURE> 4 1.117138e-01
<MEAN> 6
 6.121845e+01 6.222113e+01 -1.104855e+00 3.903227e+01 -4.171775e+02 -4.239753e+02
<VARIANCE> 6
 6.449413e+02 7.651760e+04 3.892497e+04 2.774139e+04 1.878641e+05 5.195771e+07
<GCONST> 7.945119e+01
<MIXTURE> 5 1.249038e-01
<MEAN> 6
 -1.828149e+01 -4.809924e+01 8.392817e+01 9.247321e+01 5.302019e+02 -3.158397e+03
<VARIANCE> 6
 4.927417e+02 1.070325e+05 9.849403e+04 3.542398e+04 2.201345e+05 5.738959e+07
<GCONST> 8.094839e+01
<MIXTURE> 6 1.479411e-01
<MEAN> 6
 5.968439e+01 7.849701e+01 -4.115860e+01 -1.614647e+01 -8.431481e+02 3.149886e+02
<VARIANCE> 6
 1.020552e+03 2.817668e+05 2.535148e+05 5.067412e+04 7.179386e+05 3.720512e+08
<GCONST> 8.699923e+01
<MIXTURE> 7 1.024394e-01
<MEAN> 6
 8.084456e+01 8.646729e+00 -2.532034e+02 -5.788636e+00 -3.127228e+01 -2.199158e+02
<VARIANCE> 6
 1.754138e+02 5.129517e+05 1.136221e+05 3.028640e+02 4.053393e+04 5.195771e+07
<GCONST> 7.507210e+01
<MIXTURE> 8 1.075013e-01
<MEAN> 6
 -5.248528e+01 1.183146e+01 1.706387e+01 2.650912e+01 3.865724e+02 2.710846e+02
<VARIANCE> 6
 2.307984e+02 8.726395e+04 7.143920e+04 2.185202e+03 1.276623e+05 5.195771e+07
<GCONST> 7.623465e+01
<MIXTURE> 9 1.137984e-01
<MEAN> 6
 4.985623e+01 -3.860497e+01 -6.805667e+01 -3.586288e+01 -4.650945e+02 -2.551277e+02
<VARIANCE> 6
 8.676329e+02 8.138831e+04 6.689662e+04 3.760705e+04 2.206378e+05 5.256021e+07
<GCONST> 8.082762e+01
<STATE> 3
<NUMMIXES> 9
<MIXTURE> 1 1.370549e-01
<MEAN> 6
 7.832317e+01 2.099349e+01 2.119275e+03 -2.490449e-01 -3.270710e+00 -6.348991e+01
<VARIANCE> 6
 5.471545e+01 2.138722e+05 3.443180e+06 3.028640e+02 4.053393e+04 5.195771e+07
<GCONST> 7.644357e+01
<MIXTURE> 2 8.248357e-02
<MEAN> 6
 8.495101e+01 9.631810e+01 -1.346503e+02 -2.380782e+00 6.833121e-01 -3.698774e+01
<VARIANCE> 6
 3.185140e+01 9.809778e+04 3.835831e+04 3.028640e+02 4.053393e+04 5.195771e+07
<GCONST> 7.062591e+01
<MIXTURE> 3 1.445050e-01
<MEAN> 6
 7.558425e+01 -3.533070e+02 4.783318e+02 -1.988628e+00 -1.245202e+00 -6.436317e+01
<VARIANCE> 6
 3.185140e+01 4.781258e+04 2.256107e+05 3.028640e+02 4.053393e+04 5.195771e+07
<GCONST> 7.167908e+01
<MIXTURE> 4 1.298592e-01
<MEAN> 6
 6.698925e+01 3.827162e+02 -1.000189e+03 5.028608e-01 -3.403040e+00 -7.592100e+01
<VARIANCE> 6
 3.185140e+01 1.061020e+06 2.478502e+05 3.028640e+02 4.053393e+04 5.195771e+07
<GCONST> 7.487279e+01
<MIXTURE> 5 7.323789e-02
<MEAN> 6
 6.392220e+01 -7.340576e+02 4.321624e+01 -8.611839e-01 -9.857782e-01 -8.920760e+01
<VARIANCE> 6
 1.488115e+02 8.829607e+04 1.398304e+04 3.028640e+02 4.053393e+04 5.195771e+07
<GCONST> 7.105312e+01
<MIXTURE> 6 1.480073e-01
<MEAN> 6
 8.885660e+01 -9.297885e+01 -1.013680e+01 -4.406073e+00 3.364335e+00 2.938786e+01
<VARIANCE> 6
 5.741083e+01 4.055267e+04 2.680444e+04 3.028640e+02 4.053393e+04 5.195771e+07
<GCONST> 6.997330e+01
<MIXTURE> 7 1.132814e-01
<MEAN> 6
 5.775249e+01 4.452692e+02 -1.948446e+03 9.329107e-01 -5.812721e+00 -1.076999e+02
<VARIANCE> 6
 4.930967e+01 6.467921e+04 6.461376e+06 3.028640e+02 4.053393e+04 5.195771e+07
<GCONST> 7.577305e+01
<MIXTURE> 8 8.507234e-02
<MEAN> 6
 7.529344e+01 -7.908274e+02 -1.550099e+02 -1.567006e+00 -5.610264e+00 -2.655050e+01
<VARIANCE> 6
 3.185140e+01 1.665254e+05 7.665562e+04 3.028640e+02 4.053393e+04 5.195771e+07
<GCONST> 7.184744e+01
<MIXTURE> 9 8.630156e-02
<MEAN> 6
 8.417816e+01 -7.082627e+00 -1.803333e+02 -2.224527e+00 5.736872e-01 -2.857672e+01
<VARIANCE> 6
 3.185140e+01 8.393997e+04 4.927885e+04 3.028640e+02 4.053393e+04 5.195771e+07
<GCONST> 7.072057e+01
<STATE> 4
<NUMMIXES> 9
<MIXTURE> 1 1.388416e-01
<MEAN> 6
 8.262948e+01 1.927216e+02 6.139168e+02 -2.593341e+00 -1.870031e+01 -5.958875e+01
<VARIANCE> 6
 2.313158e+02 1.893127e+06 2.717592e+06 3.028640e+02 4.053393e+04 5.195771e+07
<GCONST> 7.982916e+01
<MIXTURE> 2 1.598691e-02
<MEAN> 6
 -5.778196e+00 1.611794e+02 1.127170e+02 -1.717781e+01 -1.877226e+00 2.743495e+03
<VARIANCE> 6
 1.150514e+04 2.001776e+05 4.118084e+05 1.868387e+06 1.019587e+09 1.499637e+12
<GCONST> 1.087326e+02
<MIXTURE> 3 1.292059e-01
<MEAN> 6
 9.746058e+00 3.910009e+01 -7.354550e+02 -1.100262e+02 1.146527e+02 3.657301e+03
<VARIANCE> 6
 4.451344e+03 1.360787e+06 5.661875e+06 4.397320e+04 3.012164e+06 1.362134e+09
<GCONST> 9.574288e+01
<MIXTURE> 4 1.423963e-01
<MEAN> 6
 -3.875768e+01 -1.315672e+02 8.738988e+01 7.552409e+01 7.680330e+02 -2.002398e+03
<VARIANCE> 6
 4.301495e+02 1.415711e+06 6.511867e+05 3.134163e+04 2.828317e+05 9.466867e+07
<GCONST> 8.591229e+01
<MIXTURE> 5 1.555067e-01
<MEAN> 6
 6.983591e+01 1.250854e+02 2.381821e+01 -8.094965e+00 -6.565319e+02 -2.448441e+02
<VARIANCE> 6
 4.462768e+02 1.423459e+06 7.557264e+05 2.557709e+04 2.310659e+05 6.682476e+07
<GCONST> 8.534973e+01
<MIXTURE> 6 1.441278e-01
<MEAN> 6
 8.653358e+01 3.414719e+02 -1.554527e+02 -3.576452e+00 -2.246601e+01 -2.463493e+02
<VARIANCE> 6
 1.396226e+02 3.343341e+05 8.068981e+05 3.028640e+02 4.053393e+04 5.195771e+07
<GCONST> 7.637617e+01
<MIXTURE> 7 8.574332e-02
<MEAN> 6
 3.638297e+01 -1.517453e+02 5.784836e+02 5.509772e+01 -2.337872e+02 -8.985667e+02
<VARIANCE> 6
 1.104350e+03 3.456592e+05 3.191766e+06 4.250042e+04 2.086333e+05 8.815121e+07
<GCONST> 8.696374e+01
<MIXTURE> 8 1.043126e-01
<MEAN> 6
 -6.527411e+01 2.353862e+01 -1.108795e+02 1.389009e+01 2.965238e+02 5.656076e+02
<VARIANCE> 6
 1.303416e+02 4.566416e+05 1.613084e+06 1.750176e+03 1.244948e+05 5.195771e+07
<GCONST> 8.018817e+01
<MIXTURE> 9 8.311573e-02
<MEAN> 6
 2.917374e+01 -3.560667e+02 2.047633e+01 2.636594e+00 -3.143387e+02 -1.350886e+03
<VARIANCE> 6
 1.043137e+03 5.008625e+05 1.565806e+06 5.948661e+04 2.852935e+05 1.228141e+08
<GCONST> 8.754621e+01
<TRANSP> 5
 0.000000e+00 1.000000e+00 0.000000e+00 0.000000e+00 0.000000e+00
 0.000000e+00 9.999159e-01 8.412616e-05 0.000000e+00 0.000000e+00
 0.000000e+00 0.000000e+00 9.996642e-01 3.357792e-04 0.000000e+00
 0.000000e+00 0.000000e+00 0.000000e+00 9.999233e-01 7.668706e-05
 0.000000e+00 0.000000e+00 0.000000e+00 0.000000e+00 0.000000e+00
<ENDHMM>
