~o
<STREAMINFO> 1 6
<VECSIZE> 6<NULLD><USER><DIAGC>
~h "SegundoPRIMARIA"
<BEGINHMM>
<NUMSTATES> 4
<STATE> 2
<MEAN> 6
 3.843387e+01 1.846944e+00 4.972356e+00 1.940552e-01 6.278536e-01 2.130182e+00
<VARIANCE> 6
 3.672396e+03 9.575518e+05 5.662983e+05 2.853725e+04 8.136280e+05 2.323347e+08
<GCONST> 8.938678e+01
<STATE> 3
<MEAN> 6
 4.124807e+01 -2.315239e+01 -6.233034e+01 2.067808e+00 -8.526296e+00 -4.780859e+01
<VARIANCE> 6
 5.076139e+03 8.724022e+05 3.323828e+05 1.188127e+05 4.116312e+07 5.722511e+10
<GCONST> 9.994123e+01
<TRANSP> 4
 0.000000e+00 1.000000e+00 0.000000e+00 0.000000e+00
 0.000000e+00 9.999602e-01 3.982697e-05 0.000000e+00
 0.000000e+00 0.000000e+00 9.995008e-01 4.992490e-04
 0.000000e+00 0.000000e+00 0.000000e+00 0.000000e+00
<ENDHMM>
~h "SegundoESO"
<BEGINHMM>
<NUMSTATES> 4
<STATE> 2
<MEAN> 6
 4.280835e+01 8.504492e+01 -1.781047e+02 -6.878112e-01 -3.653955e+00 -1.051016e+01
<VARIANCE> 6
 2.853687e+03 8.882857e+06 1.027874e+07 1.663124e+04 3.154752e+05 5.482550e+07
<GCONST> 9.132938e+01
<STATE> 3
<MEAN> 6
 2.930642e+01 -2.078287e+01 4.352387e+01 5.175499e-01 7.602236e-01 1.562034e+00
<VARIANCE> 6
 2.640325e+03 8.456733e+05 5.589278e+05 2.126021e+04 4.773728e+05 1.089294e+08
<GCONST> 8.733444e+01
<TRANSP> 4
 0.000000e+00 1.000000e+00 0.000000e+00 0.000000e+00
 0.000000e+00 9.998140e-01 1.860556e-04 0.000000e+00
 0.000000e+00 0.000000e+00 9.999545e-01 4.546509e-05
 0.000000e+00 0.000000e+00 0.000000e+00 0.000000e+00
<ENDHMM>
~h "QuintoPRIMARIA"
<BEGINHMM>
<NUMSTATES> 4
<STATE> 2
<MEAN> 6
 3.285540e+01 8.548933e+00 -1.054797e+01 1.370323e-01 3.516760e-01 1.420922e+00
<VARIANCE> 6
 3.019314e+03 1.003983e+06 1.672658e+06 2.299019e+04 5.912798e+05 1.496936e+08
<GCONST> 8.934642e+01
<STATE> 3
<MEAN> 6
 3.573433e+01 -1.855210e+02 2.289220e+02 3.008894e+00 -5.774458e+00 1.529328e+01
<VARIANCE> 6
 6.783573e+03 9.570691e+05 7.562463e+05 3.228505e+05 1.723795e+08 2.541638e+11
<GCONST> 1.050687e+02
<TRANSP> 4
 0.000000e+00 1.000000e+00 0.000000e+00 0.000000e+00
 0.000000e+00 9.999624e-01 3.758019e-05 0.000000e+00
 0.000000e+00 0.000000e+00 9.991845e-01 8.154759e-04
 0.000000e+00 0.000000e+00 0.000000e+00 0.000000e+00
<ENDHMM>
