~o
<STREAMINFO> 1 6
<VECSIZE> 6<NULLD><USER><DIAGC>
~h "SegundoPRIMARIA"
<BEGINHMM>
<NUMSTATES> 5
<STATE> 2
<NUMMIXES> 10
<MIXTURE> 1 9.865803e-02
<MEAN> 6
 9.303743e+01 -1.139536e+02 7.314868e+02 -3.883715e+00 -4.692078e+01 -3.299836e+02
<VARIANCE> 6
 4.197797e+02 2.205551e+05 4.145190e+05 2.936389e+02 3.773297e+04 4.838864e+07
<GCONST> 7.622118e+01
<MIXTURE> 2 8.408069e-02
<MEAN> 6
 1.417445e+01 4.247818e+01 -4.331163e+00 -1.095463e+02 1.567352e+02 5.466901e+03
<VARIANCE> 6
 3.112830e+03 8.333637e+05 2.358191e+06 6.577763e+04 2.232750e+06 8.672586e+08
<GCONST> 9.367081e+01
<MIXTURE> 3 8.242856e-02
<MEAN> 6
 -3.240307e+01 5.427638e+01 3.910783e+01 1.660855e+00 7.612110e+02 -4.571456e+02
<VARIANCE> 6
 5.319107e+02 1.107896e+05 4.238515e+05 3.972860e+04 3.464171e+05 1.100443e+08
<GCONST> 8.373788e+01
<MIXTURE> 4 8.941557e-02
<MEAN> 6
 3.447311e+01 1.078403e+02 1.059865e+02 1.461657e+02 -9.934928e+01 -2.290323e+03
<VARIANCE> 6
 1.102004e+03 1.041426e+05 9.583497e+05 2.206724e+04 1.237279e+05 4.838864e+07
<GCONST> 8.278111e+01
<MIXTURE> 5 1.121020e-01
<MEAN> 6
 7.002544e+01 -6.715897e+01 -7.026359e+02 -6.416056e-02 -1.398334e+01 -7.777932e+01
<VARIANCE> 6
 4.396680e+01 6.337420e+04 1.112188e+05 2.936389e+02 3.773297e+04 4.838864e+07
<GCONST> 7.140218e+01
<MIXTURE> 6 1.016670e-01
<MEAN> 6
 -5.300705e+01 1.021092e+02 -1.929155e+02 2.972405e+00 2.235824e+02 1.816730e+02
<VARIANCE> 6
 4.689136e+02 8.918068e+04 7.688957e+05 1.652792e+03 6.611440e+04 4.838864e+07
<GCONST> 7.833295e+01
<MIXTURE> 7 1.253937e-01
<MEAN> 6
 8.179158e+01 -2.395962e+01 1.432583e+02 -1.507403e+01 -9.035472e+02 -1.383722e+03
<VARIANCE> 6
 4.487245e+02 1.954562e+05 9.380606e+05 2.467662e+04 5.203908e+05 1.856642e+08
<GCONST> 8.538374e+01
<MIXTURE> 8 1.178574e-01
<MEAN> 6
 8.031895e+01 -1.436193e+02 1.007416e+02 -1.025763e+00 -2.411847e+01 -9.713705e+01
<VARIANCE> 6
 1.612402e+02 3.426796e+05 3.587342e+06 2.936389e+02 3.773297e+04 4.838864e+07
<GCONST> 7.786304e+01
<MIXTURE> 9 1.076452e-01
<MEAN> 6
 5.025872e+01 8.337021e-02 1.348070e+02 -3.657410e+01 -3.299285e+02 9.463405e+02
<VARIANCE> 6
 1.085846e+03 5.851873e+04 3.557055e+05 3.582497e+04 1.749129e+05 4.838864e+07
<GCONST> 8.202956e+01
<MIXTURE> 10 8.039785e-02
<MEAN> 6
 -4.825344e+01 -5.162651e+01 -1.544149e+02 2.786725e+01 8.519412e+02 -1.531715e+03
<VARIANCE> 6
 8.447563e+02 1.077718e+05 8.061876e+05 2.962095e+04 3.168282e+05 1.513969e+08
<GCONST> 8.475192e+01
<STATE> 3
<NUMMIXES> 10
<MIXTURE> 1 1.079402e-01
<MEAN> 6
 8.210130e+01 1.160947e+03 -2.776872e+02 -9.470449e-01 -3.910968e+00 -2.907818e+01
<VARIANCE> 6
 6.250885e+01 2.974742e+04 1.055457e+06 2.936389e+02 3.773297e+04 4.838864e+07
<GCONST> 7.324797e+01
<MIXTURE> 2 1.608324e-01
<MEAN> 6
 8.290796e+01 6.669717e+02 -1.553420e+02 -2.464034e+00 -3.903567e+00 -5.386498e+01
<VARIANCE> 6
 1.550873e+02 5.314712e+06 1.670997e+05 2.936389e+02 3.773297e+04 4.838864e+07
<GCONST> 7.749900e+01
<MIXTURE> 3 1.221930e-01
<MEAN> 6
 8.456607e+01 1.302325e+02 2.027634e+02 -1.263778e+00 -6.064272e+00 1.371974e+01
<VARIANCE> 6
 4.515935e+01 1.166531e+05 4.286366e+04 2.936389e+02 3.773297e+04 4.838864e+07
<GCONST> 7.108562e+01
<MIXTURE> 4 8.003266e-02
<MEAN> 6
 9.270540e+01 -1.483459e+02 -5.703297e+02 -6.049777e-01 -2.248904e+00 -4.655382e+01
<VARIANCE> 6
 3.134383e+01 1.488272e+05 1.252030e+04 2.936389e+02 3.773297e+04 4.838864e+07
<GCONST> 6.973335e+01
<MIXTURE> 5 9.335105e-02
<MEAN> 6
 7.369859e+01 1.008566e+02 -2.659185e+02 6.980395e-02 -3.323966e+00 -9.608312e+01
<VARIANCE> 6
 5.276325e+01 1.985234e+04 1.313533e+04 2.936389e+02 3.773297e+04 4.838864e+07
<GCONST> 6.828763e+01
<MIXTURE> 6 1.144921e-01
<MEAN> 6
 7.093742e+01 6.427665e+02 2.149609e+02 -1.586782e-01 2.102706e+00 -7.147076e+01
<VARIANCE> 6
 3.134383e+01 7.524913e+04 1.682424e+05 2.936389e+02 3.773297e+04 4.838864e+07
<GCONST> 7.164941e+01
<MIXTURE> 7 8.465457e-02
<MEAN> 6
 7.042980e+01 -7.103423e+02 -2.053435e+02 -1.914074e+00 -3.219979e+00 -5.390445e+01
<VARIANCE> 6
 3.228364e+01 4.868279e+04 1.911567e+05 2.936389e+02 3.773297e+04 4.838864e+07
<GCONST> 7.137117e+01
<MIXTURE> 8 1.470994e-01
<MEAN> 6
 7.437788e+01 -8.715931e+01 1.419779e+02 3.100308e-01 4.019821e+00 -9.860621e+01
<VARIANCE> 6
 8.207721e+01 3.514215e+04 1.207040e+04 2.936389e+02 3.773297e+04 4.838864e+07
<GCONST> 6.921600e+01
<MIXTURE> 9 1.774099e-02
<MEAN> 6
 7.524112e+01 -8.923214e+03 1.476867e+03 -2.583275e+00 -7.425370e+00 -6.136972e+01
<VARIANCE> 6
 3.134383e+01 1.973486e+04 1.775212e+05 2.936389e+02 3.773297e+04 4.838864e+07
<GCONST> 7.036469e+01
<MIXTURE> 10 7.151341e-02
<MEAN> 6
 6.270858e+01 -7.168619e+01 -2.872673e+02 3.927972e-01 5.036800e-01 -6.398304e+01
<VARIANCE> 6
 1.314956e+02 2.744316e+04 1.547190e+04 2.936389e+02 3.773297e+04 4.838864e+07
<GCONST> 6.968831e+01
<STATE> 4
<NUMMIXES> 10
<MIXTURE> 1 1.237211e-02
<MEAN> 6
 1.734898e+01 9.767053e+02 -2.213268e+02 -5.777834e+01 -2.864021e+02 7.468337e+03
<VARIANCE> 6
 7.112550e+03 3.572549e+07 1.271539e+06 5.183083e+05 2.643853e+08 4.022581e+11
<GCONST> 1.106156e+02
<MIXTURE> 2 1.312011e-01
<MEAN> 6
 2.785129e+01 5.901564e+01 1.654786e+01 2.541232e+02 -4.700939e+00 -3.318778e+03
<VARIANCE> 6
 7.856697e+02 2.758774e+05 8.465117e+04 7.116029e+03 2.564913e+05 8.621270e+07
<GCONST> 8.116508e+01
<MIXTURE> 3 1.051763e-01
<MEAN> 6
 6.298855e+01 1.488620e+01 -1.620392e+01 2.185769e+01 -7.029877e+02 -8.449110e+02
<VARIANCE> 6
 3.361578e+03 1.538390e+06 8.508623e+05 5.864347e+04 3.422488e+06 1.906056e+09
<GCONST> 9.444109e+01
<MIXTURE> 4 7.776602e-02
<MEAN> 6
 1.028575e+02 -2.490417e+02 7.740643e+01 -7.111731e+00 -2.608189e+01 -2.912552e+02
<VARIANCE> 6
 1.758167e+02 2.089590e+06 2.605123e+05 2.936389e+02 3.773297e+04 4.838864e+07
<GCONST> 7.713500e+01
<MIXTURE> 5 9.388681e-02
<MEAN> 6
 -3.630680e+01 -1.459736e+01 1.050409e+01 -1.715056e+02 1.485823e+03 3.725150e+03
<VARIANCE> 6
 5.735933e+02 2.146964e+05 1.241813e+05 3.527306e+04 1.212662e+06 9.334257e+08
<GCONST> 8.651923e+01
<MIXTURE> 6 1.661331e-01
<MEAN> 6
 9.012204e+01 -2.553398e+01 5.550522e+00 -5.791421e-01 -7.248538e+02 -1.566372e+03
<VARIANCE> 6
 2.593059e+02 2.398528e+05 8.228366e+04 1.803828e+04 4.263046e+05 1.538349e+08
<GCONST> 8.190553e+01
<MIXTURE> 7 1.251629e-01
<MEAN> 6
 -4.007071e+01 6.406026e+01 1.352438e+01 8.641013e+01 8.322443e+02 -1.147249e+03
<VARIANCE> 6
 2.775919e+02 2.113355e+05 7.178843e+04 1.656416e+04 2.520904e+05 7.191814e+07
<GCONST> 8.033968e+01
<MIXTURE> 8 1.042694e-01
<MEAN> 6
 4.016499e+01 -3.598467e+01 6.769444e+01 -2.741337e+02 -5.952523e+02 4.874698e+03
<VARIANCE> 6
 8.521389e+02 1.732382e+05 1.350979e+05 1.033880e+04 5.849489e+05 1.808701e+08
<GCONST> 8.318742e+01
<MIXTURE> 9 8.684221e-02
<MEAN> 6
 -5.815919e+01 8.412148e+00 2.337150e+01 6.357252e+00 2.522726e+02 4.147666e+02
<VARIANCE> 6
 2.459993e+02 5.118833e+05 2.054760e+05 1.251899e+03 1.209063e+05 6.716582e+07
<GCONST> 7.876939e+01
<MIXTURE> 10 9.652741e-02
<MEAN> 6
 9.091623e+01 -1.148194e+02 -1.192572e+02 -3.916973e+00 -2.745350e+01 -2.149799e+02
<VARIANCE> 6
 2.921938e+02 3.622926e+05 1.078975e+05 2.936389e+02 3.773297e+04 4.838864e+07
<GCONST> 7.500924e+01
<TRANSP> 5
 0.000000e+00 1.000000e+00 0.000000e+00 0.000000e+00 0.000000e+00
 0.000000e+00 9.998659e-01 1.340748e-04 0.000000e+00 0.000000e+00
 0.000000e+00 0.000000e+00 9.996890e-01 3.109912e-04 0.000000e+00
 0.000000e+00 0.000000e+00 0.000000e+00 9.999386e-01 6.140742e-05
 0.000000e+00 0.000000e+00 0.000000e+00 0.000000e+00 0.000000e+00
<ENDHMM>
~h "SegundoESO"
<BEGINHMM>
<NUMSTATES> 5
<STATE> 2
<NUMMIXES> 10
<MIXTURE> 1 5.036284e-02
<MEAN> 6
 8.416843e+01 1.607847e+03 2.702518e+03 -1.638389e+00 -1.698757e+01 -7.855539e+01
<VARIANCE> 6
 1.715009e+02 5.368505e+07 3.935124e+07 2.936389e+02 3.773297e+04 4.838864e+07
<GCONST> 8.537395e+01
<MIXTURE> 2 4.681145e-02
<MEAN> 6
 4.195487e+01 2.688926e+03 5.026373e+02 -7.041481e+01 -4.257578e+02 3.865002e+03
<VARIANCE> 6
 2.994827e+03 3.422795e+07 1.693062e+07 4.488561e+04 1.820028e+06 5.562895e+08
<GCONST> 9.828812e+01
<MIXTURE> 3 1.166207e-01
<MEAN> 6
 7.471242e+01 -6.138382e+02 1.936461e+03 -1.131387e-01 -1.732527e+01 -9.047125e+01
<VARIANCE> 6
 3.225174e+01 2.636642e+06 1.056920e+06 2.936389e+02 3.773297e+04 4.838864e+07
<GCONST> 7.707214e+01
<MIXTURE> 4 9.603024e-02
<MEAN> 6
 -4.509362e+01 4.810918e+02 1.958284e+02 8.864596e+00 9.386372e+02 -4.367090e+02
<VARIANCE> 6
 1.970722e+02 3.283690e+06 4.088360e+06 2.243237e+04 2.701215e+05 1.322547e+08
<GCONST> 8.776410e+01
<MIXTURE> 5 1.010846e-01
<MEAN> 6
 5.149290e+01 1.764506e+03 -1.545078e+03 1.038097e+02 -2.535219e+02 -1.089500e+03
<VARIANCE> 6
 7.221193e+02 3.074410e+06 5.675072e+06 2.122076e+04 6.829284e+04 4.838864e+07
<GCONST> 8.688874e+01
<MIXTURE> 6 1.305901e-01
<MEAN> 6
 7.243430e+01 9.078157e+02 -2.613489e+03 5.837834e-01 -1.577676e+01 -1.048494e+02
<VARIANCE> 6
 1.946442e+02 5.083754e+05 2.461936e+06 2.936389e+02 3.773297e+04 4.838864e+07
<GCONST> 7.806928e+01
<MIXTURE> 7 8.382765e-02
<MEAN> 6
 -5.914669e+01 -3.076194e+02 3.096077e+02 8.152682e+00 1.430754e+02 1.168957e+02
<VARIANCE> 6
 6.365326e+01 4.495751e+06 3.022190e+06 5.377390e+02 4.682032e+04 4.838864e+07
<GCONST> 8.015707e+01
<MIXTURE> 8 1.396331e-01
<MEAN> 6
 7.137685e+01 -8.897781e+02 4.482267e+01 -3.872289e+01 -5.402889e+02 5.020478e+02
<VARIANCE> 6
 4.583037e+02 6.276676e+06 2.759366e+06 2.150993e+04 1.894740e+05 5.467847e+07
<GCONST> 8.758291e+01
<MIXTURE> 9 1.246091e-01
<MEAN> 6
 -7.332388e+00 4.741671e+01 -3.471940e+02 -1.168115e+01 2.086666e+02 -5.789164e+02
<VARIANCE> 6
 3.914483e+02 6.337116e+06 3.813003e+06 4.001043e+04 7.779493e+04 4.838864e+07
<GCONST> 8.736649e+01
<MIXTURE> 10 1.102512e-01
<MEAN> 6
 9.259901e+01 -2.840280e+03 3.548841e+02 -7.716577e+00 -2.446207e+01 -2.354377e+02
<VARIANCE> 6
 1.005431e+02 6.797200e+06 9.629950e+06 2.936389e+02 3.773297e+04 4.838864e+07
<GCONST> 8.136568e+01
<STATE> 3
<NUMMIXES> 10
<MIXTURE> 1 6.340030e-02
<MEAN> 6
 7.457804e+01 -4.353705e+02 4.250439e+02 -1.090335e-01 -5.549858e+00 -4.742718e+01
<VARIANCE> 6
 3.134383e+01 4.222109e+04 1.465400e+05 2.936389e+02 3.773297e+04 4.838864e+07
<GCONST> 7.093343e+01
<MIXTURE> 2 1.260047e-01
<MEAN> 6
 7.150000e+01 3.998113e+02 -1.797767e+02 -3.693991e-01 -6.260822e+00 -9.377493e+01
<VARIANCE> 6
 3.134383e+01 3.324214e+04 1.649643e+05 2.936389e+02 3.773297e+04 4.838864e+07
<GCONST> 7.081275e+01
<MIXTURE> 3 1.612756e-01
<MEAN> 6
 5.975201e+01 1.300654e+02 -3.296270e+02 3.276589e-01 -2.014318e+00 -1.224886e+02
<VARIANCE> 6
 3.134383e+01 2.790584e+06 3.720008e+04 2.936389e+02 3.773297e+04 4.838864e+07
<GCONST> 7.375352e+01
<MIXTURE> 4 1.360531e-01
<MEAN> 6
 7.056435e+01 4.894144e+02 2.107140e+02 -4.787829e-01 -3.372457e+00 -9.699815e+01
<VARIANCE> 6
 3.134383e+01 2.891249e+05 1.946042e+04 2.936389e+02 3.773297e+04 4.838864e+07
<GCONST> 7.083845e+01
<MIXTURE> 5 7.533956e-02
<MEAN> 6
 6.136065e+01 1.596181e+02 -4.156891e+02 -4.372965e-01 -1.438763e+00 -1.033700e+02
<VARIANCE> 6
 6.133476e+01 9.567407e+04 7.572796e+05 2.936389e+02 3.773297e+04 4.838864e+07
<GCONST> 7.406522e+01
<MIXTURE> 6 8.022373e-02
<MEAN> 6
 6.112005e+01 1.151502e+02 -1.374681e+01 2.168009e-01 -6.151466e-01 -1.151425e+02
<VARIANCE> 6
 3.134383e+01 2.713392e+05 2.499163e+04 2.936389e+02 3.773297e+04 4.838864e+07
<GCONST> 7.102512e+01
<MIXTURE> 7 7.611006e-02
<MEAN> 6
 7.856922e+01 -9.358112e+02 1.144589e+00 -8.952414e-01 -6.749414e+00 -1.081838e+02
<VARIANCE> 6
 3.134383e+01 2.051522e+05 3.951310e+04 2.936389e+02 3.773297e+04 4.838864e+07
<GCONST> 7.120359e+01
<MIXTURE> 8 9.033460e-02
<MEAN> 6
 7.223550e+01 8.330347e+01 -3.782177e+02 -3.815704e-01 -6.558147e+00 -1.329780e+02
<VARIANCE> 6
 3.134383e+01 1.179844e+05 1.252768e+05 2.936389e+02 3.773297e+04 4.838864e+07
<GCONST> 7.180428e+01
<MIXTURE> 9 1.105860e-01
<MEAN> 6
 6.480897e+01 1.143406e+02 -1.284223e+03 -6.470242e-01 -3.112229e+00 -1.192212e+02
<VARIANCE> 6
 3.134383e+01 2.083509e+05 2.521110e+05 2.936389e+02 3.773297e+04 4.838864e+07
<GCONST> 7.307230e+01
<MIXTURE> 10 8.041336e-02
<MEAN> 6
 6.097079e+01 -8.763373e+01 -9.180639e+01 2.880650e-01 -1.974197e-01 -1.208067e+02
<VARIANCE> 6
 3.134383e+01 2.247266e+05 2.688922e+04 2.936389e+02 3.773297e+04 4.838864e+07
<GCONST> 7.090982e+01
<STATE> 4
<NUMMIXES> 10
<MIXTURE> 1 1.176758e-01
<MEAN> 6
 -4.474026e+01 1.422852e+02 2.639794e+01 4.721068e+00 1.169205e+03 -5.279431e+02
<VARIANCE> 6
 1.827296e+02 5.353863e+05 3.338709e+05 2.723751e+04 3.270513e+05 2.143417e+08
<GCONST> 8.423783e+01
<MIXTURE> 2 5.926596e-02
<MEAN> 6
 4.097123e+01 -4.759337e+02 -3.624271e+01 -7.852871e+01 -4.800138e+02 3.011034e+03
<VARIANCE> 6
 2.327569e+03 3.867831e+06 2.286506e+06 4.491617e+04 1.834660e+06 7.400627e+08
<GCONST> 9.414775e+01
<MIXTURE> 3 7.877639e-02
<MEAN> 6
 8.282436e+01 1.195466e+02 4.959274e+01 -4.560329e+00 -3.252789e+01 4.693058e+01
<VARIANCE> 6
 1.879697e+02 8.591668e+05 1.214095e+06 2.936389e+02 3.773297e+04 4.838864e+07
<GCONST> 7.785219e+01
<MIXTURE> 4 9.577202e-02
<MEAN> 6
 3.570047e+01 2.307992e+02 7.201039e+01 1.680479e+02 -1.900632e+02 -1.597139e+03
<VARIANCE> 6
 4.983406e+02 7.363418e+05 5.924241e+05 5.044239e+03 6.444368e+04 4.838864e+07
<GCONST> 8.133430e+01
<MIXTURE> 5 9.953497e-02
<MEAN> 6
 -4.008759e+00 8.469881e+01 1.432301e+02 -1.526060e+02 1.334537e+02 3.764772e+03
<VARIANCE> 6
 4.047151e+02 6.512073e+05 5.341839e+05 2.573319e+04 1.623240e+05 1.394955e+08
<GCONST> 8.451195e+01
<MIXTURE> 6 1.501804e-01
<MEAN> 6
 7.177956e+01 -1.664833e+02 1.224310e+02 -1.877652e+01 -7.761065e+02 -5.079718e+02
<VARIANCE> 6
 2.280955e+02 8.548019e+05 2.367955e+05 1.732869e+04 2.133138e+05 8.931410e+07
<GCONST> 8.282891e+01
<MIXTURE> 7 1.118638e-01
<MEAN> 6
 -1.054198e+01 -2.280287e+01 1.408417e+01 7.607902e+01 1.901881e+02 -2.885749e+03
<VARIANCE> 6
 2.979055e+02 1.934418e+05 7.664750e+04 2.640494e+04 9.858040e+04 4.985910e+07
<GCONST> 7.954839e+01
<MIXTURE> 8 9.568110e-02
<MEAN> 6
 -5.089069e+01 4.620809e+01 -2.173556e+01 2.214545e+01 3.719549e+02 -3.402701e+01
<VARIANCE> 6
 1.748077e+02 3.381039e+05 4.732693e+05 1.598657e+03 1.094876e+05 4.838864e+07
<GCONST> 7.866474e+01
<MIXTURE> 9 9.972116e-02
<MEAN> 6
 4.610430e+01 2.696772e+01 2.048192e+01 -3.688085e+01 -3.725089e+02 9.212158e+02
<VARIANCE> 6
 2.698104e+02 2.828307e+05 1.226166e+05 3.036232e+04 8.555385e+04 4.838864e+07
<GCONST> 8.026704e+01
<MIXTURE> 10 9.042139e-02
<MEAN> 6
 7.581794e+01 -2.930663e+02 1.413815e+02 -4.286452e+00 -4.388303e+01 -9.203091e+01
<VARIANCE> 6
 1.112515e+02 1.068722e+06 2.168210e+05 2.936389e+02 3.773297e+04 4.838864e+07
<GCONST> 7.582327e+01
<TRANSP> 5
 0.000000e+00 1.000000e+00 0.000000e+00 0.000000e+00 0.000000e+00
 0.000000e+00 9.997800e-01 2.199990e-04 0.000000e+00 0.000000e+00
 0.000000e+00 0.000000e+00 9.997112e-01 2.888782e-04 0.000000e+00
 0.000000e+00 0.000000e+00 0.000000e+00 9.999472e-01 5.277792e-05
 0.000000e+00 0.000000e+00 0.000000e+00 0.000000e+00 0.000000e+00
<ENDHMM>
~h "QuintoPRIMARIA"
<BEGINHMM>
<NUMSTATES> 5
<STATE> 2
<NUMMIXES> 10
<MIXTURE> 1 1.035459e-01
<MEAN> 6
 -1.497001e+01 -3.346977e+00 9.339087e+01 1.148139e+02 3.877927e+02 -3.291885e+03
<VARIANCE> 6
 4.145442e+02 1.020834e+05 1.160460e+05 2.403238e+04 1.471449e+05 4.838864e+07
<GCONST> 7.993084e+01
<MIXTURE> 2 2.699123e-02
<MEAN> 6
 5.353301e+01 -2.746803e+02 -3.397874e+02 -4.409126e+01 -8.168517e+02 2.650555e+03
<VARIANCE> 6
 1.560284e+03 1.338915e+06 1.877843e+06 3.891193e+04 1.471309e+06 5.285527e+08
<GCONST> 9.178927e+01
<MIXTURE> 3 1.598476e-01
<MEAN> 6
 6.989198e+01 4.711695e+01 -5.687585e+00 1.106098e+01 -4.981440e+02 -1.004438e+03
<VARIANCE> 6
 3.580744e+02 1.695658e+05 4.469570e+04 1.859520e+04 2.020788e+05 4.900833e+07
<GCONST> 7.941121e+01
<MIXTURE> 4 7.734765e-02
<MEAN> 6
 3.870468e+01 2.082791e+01 -8.380799e+00 -5.531062e+01 -4.036857e+02 3.420755e+03
<VARIANCE> 6
 2.107759e+03 4.573321e+04 3.407192e+04 5.085439e+04 1.805408e+06 8.827075e+08
<GCONST> 8.568897e+01
<MIXTURE> 5 1.330309e-01
<MEAN> 6
 7.206403e+01 8.799077e+00 1.120672e+02 -3.856254e+00 -3.064621e+01 -2.496730e+02
<VARIANCE> 6
 1.386382e+02 2.554362e+04 5.429673e+04 2.936389e+02 3.773297e+04 4.838864e+07
<GCONST> 7.092490e+01
<MIXTURE> 6 9.746698e-02
<MEAN> 6
 -4.439112e+01 -2.786362e+01 -9.816590e+00 -5.983154e+01 1.136152e+03 8.231987e+02
<VARIANCE> 6
 2.942691e+02 1.181326e+05 2.041600e+05 2.844183e+04 4.471445e+05 2.630532e+08
<GCONST> 8.327209e+01
<MIXTURE> 7 8.361304e-02
<MEAN> 6
 3.781643e+01 8.256998e+01 -3.898409e+01 1.564011e+01 -3.200591e+02 4.289407e+02
<VARIANCE> 6
 6.806095e+02 6.209489e+04 2.444464e+05 4.087694e+04 1.853310e+05 6.335080e+07
<GCONST> 8.170584e+01
<MIXTURE> 8 1.238618e-01
<MEAN> 6
 6.641953e+01 -1.205550e+02 1.866460e+01 -5.615456e-01 -1.957070e+01 -1.384982e+02
<VARIANCE> 6
 8.125471e+01 1.501696e+05 2.043075e+05 2.936389e+02 3.773297e+04 4.838864e+07
<GCONST> 7.348717e+01
<MIXTURE> 9 1.083970e-01
<MEAN> 6
 -5.090292e+01 -2.037502e+01 7.287644e+00 2.461653e+01 3.919151e+02 1.655060e+02
<VARIANCE> 6
 2.118480e+02 2.484031e+04 6.501171e+04 2.732291e+03 1.137264e+05 4.838864e+07
<GCONST> 7.483490e+01
<MIXTURE> 10 8.528502e-02
<MEAN> 6
 3.094888e+01 2.628088e+00 -9.684177e+01 -6.117131e+01 -3.152851e+02 8.741894e+02
<VARIANCE> 6
 8.586651e+02 4.719611e+04 1.230347e+05 3.927248e+04 2.577712e+05 7.660395e+07
<GCONST> 8.145720e+01
<STATE> 3
<NUMMIXES> 10
<MIXTURE> 1 5.169101e-02
<MEAN> 6
 1.018834e+02 2.242313e+03 -4.242670e+02 -3.707776e+00 1.924059e+00 -7.115670e+00
<VARIANCE> 6
 2.468204e+02 1.101347e+06 6.346839e+04 2.936389e+02 3.773297e+04 4.838864e+07
<GCONST> 7.542168e+01
<MIXTURE> 2 1.417939e-01
<MEAN> 6
 7.655095e+01 -4.334768e+02 -1.109308e+02 -8.138874e-01 -4.111223e+00 -6.593773e+01
<VARIANCE> 6
 3.134383e+01 4.958734e+05 4.918871e+04 2.936389e+02 3.773297e+04 4.838864e+07
<GCONST> 7.230519e+01
<MIXTURE> 3 1.061417e-01
<MEAN> 6
 8.910940e+01 2.767071e+01 -1.060305e+02 -2.101925e+00 -1.353438e+00 5.110130e+01
<VARIANCE> 6
 4.208836e+01 1.438107e+04 2.580287e+04 2.936389e+02 3.773297e+04 4.838864e+07
<GCONST> 6.841436e+01
<MIXTURE> 4 2.018701e-02
<MEAN> 6
 5.713302e+01 -8.674551e+03 -1.986560e+03 -5.000123e-01 -5.174299e+00 -7.098059e+01
<VARIANCE> 6
 3.134383e+01 2.167356e+07 3.277077e+04 2.936389e+02 3.773297e+04 4.838864e+07
<GCONST> 7.567659e+01
<MIXTURE> 5 1.446135e-01
<MEAN> 6
 7.739371e+01 3.339185e+02 2.055305e+03 -6.380996e-02 -3.227981e+00 -7.693093e+01
<VARIANCE> 6
 5.612677e+01 3.049625e+05 3.835601e+06 2.936389e+02 3.773297e+04 4.838864e+07
<GCONST> 7.675807e+01
<MIXTURE> 6 8.207992e-02
<MEAN> 6
 6.376651e+01 3.760160e+01 -3.979507e+02 -1.162086e+00 -1.922667e+00 -6.679401e+01
<VARIANCE> 6
 3.134383e+01 1.438107e+04 2.753864e+04 2.936389e+02 3.773297e+04 4.838864e+07
<GCONST> 6.818471e+01
<MIXTURE> 7 1.383961e-01
<MEAN> 6
 5.996462e+01 4.421291e+02 -2.393392e+03 7.483602e-01 -3.798536e+00 -1.036009e+02
<VARIANCE> 6
 3.164489e+01 2.178134e+05 2.594281e+06 2.936389e+02 3.773297e+04 4.838864e+07
<GCONST> 7.545747e+01
<MIXTURE> 8 1.012042e-01
<MEAN> 6
 7.471098e+01 7.102820e+02 -4.958801e+02 -1.088933e+00 -5.304946e+00 -7.574831e+01
<VARIANCE> 6
 5.746227e+01 3.340053e+05 7.460338e+04 2.936389e+02 3.773297e+04 4.838864e+07
<GCONST> 7.293266e+01
<MIXTURE> 9 1.273185e-01
<MEAN> 6
 8.451017e+01 -2.530888e+02 1.437720e+01 -3.017490e+00 1.664225e+00 8.462029e+00
<VARIANCE> 6
 3.134383e+01 3.073462e+04 5.773646e+04 2.936389e+02 3.773297e+04 4.838864e+07
<GCONST> 6.968449e+01
<MIXTURE> 10 8.646022e-02
<MEAN> 6
 7.038862e+01 5.128740e+02 -5.470645e+02 -2.504318e-01 -4.762810e+00 -7.139530e+01
<VARIANCE> 6
 3.134383e+01 8.374172e+05 6.950537e+04 2.936389e+02 3.773297e+04 4.838864e+07
<GCONST> 7.317493e+01
<STATE> 4
<NUMMIXES> 10
<MIXTURE> 1 1.109357e-01
<MEAN> 6
 8.489866e+01 4.738769e+02 6.667244e+02 -3.943077e+00 -1.581367e+01 -2.857236e+01
<VARIANCE> 6
 2.257574e+02 2.766822e+06 3.042980e+06 2.936389e+02 3.773297e+04 4.838864e+07
<GCONST> 8.012370e+01
<MIXTURE> 2 1.415927e-02
<MEAN> 6
 -6.991495e+00 1.599714e+02 1.105275e+02 -1.925318e+01 4.521970e+01 3.784082e+03
<VARIANCE> 6
 1.161092e+04 1.998967e+05 4.084511e+05 1.926876e+06 1.053070e+09 1.549042e+12
<GCONST> 1.088277e+02
<MIXTURE> 3 1.083904e-01
<MEAN> 6
 1.289922e+01 -6.216248e+01 -6.292080e+02 -1.004484e+02 -1.864237e+01 3.861506e+03
<VARIANCE> 6
 4.419053e+03 2.567514e+06 6.662735e+06 5.537504e+04 3.585482e+06 1.755984e+09
<GCONST> 9.719201e+01
<MIXTURE> 4 1.097429e-01
<MEAN> 6
 -6.164863e+00 -2.455669e+02 1.528004e+02 1.513016e+01 2.335907e+02 -1.695072e+03
<VARIANCE> 6
 4.790984e+02 5.870216e+05 4.020571e+05 6.404622e+04 2.038622e+05 1.258539e+08
<GCONST> 8.532953e+01
<MIXTURE> 5 7.394647e-02
<MEAN> 6
 4.780059e+01 3.221229e+01 4.045814e+02 9.164665e+01 -3.262586e+02 -6.805327e+02
<VARIANCE> 6
 7.859681e+02 1.615433e+06 2.218040e+06 2.753146e+04 1.247380e+05 4.838864e+07
<GCONST> 8.625326e+01
<MIXTURE> 6 1.249857e-01
<MEAN> 6
 -5.161222e+01 -2.933851e+02 1.213832e+02 4.627322e+01 1.017434e+03 -1.038438e+03
<VARIANCE> 6
 2.428920e+02 7.289827e+05 1.087569e+06 2.456338e+04 3.107868e+05 1.378167e+08
<GCONST> 8.541605e+01
<MIXTURE> 7 1.440275e-01
<MEAN> 6
 8.562067e+01 1.812879e+02 -7.641440e+01 -4.507197e+00 -1.790627e+01 -2.549162e+02
<VARIANCE> 6
 1.975217e+02 2.924044e+05 3.720775e+05 2.936389e+02 3.773297e+04 4.838864e+07
<GCONST> 7.564127e+01
<MIXTURE> 8 1.403349e-01
<MEAN> 6
 7.840022e+01 8.006409e+01 1.103632e+01 -2.733292e+01 -7.113221e+02 -4.001231e+02
<VARIANCE> 6
 3.025905e+02 6.559579e+05 3.317161e+05 2.356450e+04 5.166873e+05 2.087059e+08
<GCONST> 8.522466e+01
<MIXTURE> 9 8.397655e-02
<MEAN> 6
 -6.688250e+01 2.324376e+01 -6.368221e+01 9.874404e+00 2.201347e+02 2.925630e+02
<VARIANCE> 6
 1.570357e+02 8.226838e+05 1.201604e+06 9.243160e+02 8.517826e+04 4.838864e+07
<GCONST> 7.957957e+01
<MIXTURE> 10 8.865844e-02
<MEAN> 6
 4.476138e+01 -3.906863e+02 -7.209502e+01 1.619216e+01 -4.622397e+02 -1.569838e+02
<VARIANCE> 6
 7.157325e+02 5.557741e+05 1.805454e+06 4.726414e+04 1.705605e+05 4.838864e+07
<GCONST> 8.574014e+01
<TRANSP> 5
 0.000000e+00 1.000000e+00 0.000000e+00 0.000000e+00 0.000000e+00
 0.000000e+00 9.999046e-01 9.539236e-05 0.000000e+00 0.000000e+00
 0.000000e+00 0.000000e+00 9.996552e-01 3.447475e-04 0.000000e+00
 0.000000e+00 0.000000e+00 0.000000e+00 9.999298e-01 7.018192e-05
 0.000000e+00 0.000000e+00 0.000000e+00 0.000000e+00 0.000000e+00
<ENDHMM>
