~o
<STREAMINFO> 1 6
<VECSIZE> 6<NULLD><USER><DIAGC>
~h "SegundoPRIMARIA"
<BEGINHMM>
<NUMSTATES> 11
<STATE> 2
<NUMMIXES> 5
<MIXTURE> 1 3.035660e-01
<MEAN> 6
 7.976533e+01 2.860033e+00 3.700587e+01 -1.219219e+00 -3.975310e+01 -2.746254e+02
<VARIANCE> 6
 2.822688e+02 5.653115e+05 2.326812e+06 3.028640e+02 4.053393e+04 5.195771e+07
<GCONST> 7.866438e+01
<MIXTURE> 2 1.578914e-01
<MEAN> 6
 3.595906e+01 -9.760881e+00 1.688664e+02 -6.143746e+01 -2.101681e+02 3.004562e+03
<VARIANCE> 6
 3.559522e+03 4.934117e+05 1.467425e+06 5.912332e+04 1.935751e+06 5.855804e+08
<GCONST> 9.216426e+01
<MIXTURE> 3 2.020558e-01
<MEAN> 6
 5.413296e+00 2.829602e+01 6.235394e+01 9.570615e+01 1.157436e+02 -1.948507e+03
<VARIANCE> 6
 3.300868e+03 1.618070e+05 4.464704e+05 3.049705e+04 4.298600e+05 5.195771e+07
<GCONST> 8.519504e+01
<MIXTURE> 4 1.771741e-01
<MEAN> 6
 -4.295247e+01 2.506014e+01 -2.116821e+02 3.015084e+01 3.656748e+02 2.158506e+02
<VARIANCE> 6
 1.916736e+03 2.024568e+05 1.794230e+06 1.646524e+04 2.112814e+05 5.195771e+07
<GCONST> 8.493991e+01
<MIXTURE> 5 1.589680e-01
<MEAN> 6
 3.368233e+01 -1.261616e+02 -8.219135e+01 -8.844514e+01 -2.669729e+02 -2.768812e+02
<VARIANCE> 6
 3.585787e+03 5.476972e+05 1.530227e+06 5.268150e+04 1.917379e+06 4.608921e+08
<GCONST> 9.195358e+01
<STATE> 3
<NUMMIXES> 5
<MIXTURE> 1 1.594459e-01
<MEAN> 6
 9.355100e+01 5.852991e+00 3.203346e+02 -3.038704e+00 -2.058407e+00 1.246082e+02
<VARIANCE> 6
 7.029079e+01 2.893695e+05 2.760234e+04 3.028640e+02 4.053393e+04 5.195771e+07
<GCONST> 7.217014e+01
<MIXTURE> 2 2.670162e-01
<MEAN> 6
 9.155540e+01 4.575719e+02 2.465911e+02 -2.021674e+00 -2.068433e+00 2.536857e+01
<VARIANCE> 6
 3.185140e+01 1.297600e+05 1.705354e+04 3.028640e+02 4.053393e+04 5.195771e+07
<GCONST> 7.009502e+01
<MIXTURE> 3 1.787986e-01
<MEAN> 6
 9.409076e+01 -8.396345e+01 2.160758e+01 -8.547340e-01 5.727010e+00 -2.571597e+01
<VARIANCE> 6
 3.185140e+01 6.201409e+04 2.442252e+04 3.028640e+02 4.053393e+04 5.195771e+07
<GCONST> 6.971584e+01
<MIXTURE> 4 2.195479e-01
<MEAN> 6
 9.196349e+01 1.931367e+02 1.680093e+02 -1.675076e+00 -2.273933e+00 -2.673401e+01
<VARIANCE> 6
 3.185140e+01 2.128882e+05 1.398304e+04 3.028640e+02 4.053393e+04 5.195771e+07
<GCONST> 7.039159e+01
<MIXTURE> 5 1.751901e-01
<MEAN> 6
 9.241860e+01 -2.585739e+02 -7.291962e+00 -1.087080e+00 9.014473e-01 -2.463626e+01
<VARIANCE> 6
 3.185140e+01 1.165538e+05 2.537278e+04 3.028640e+02 4.053393e+04 5.195771e+07
<GCONST> 7.038500e+01
<STATE> 4
<NUMMIXES> 5
<MIXTURE> 1 2.716249e-01
<MEAN> 6
 7.622437e+01 7.205878e+01 1.433872e+02 -1.304528e+00 -8.543928e-01 -1.289192e+02
<VARIANCE> 6
 3.185140e+01 9.945479e+03 1.398304e+04 3.028640e+02 4.053393e+04 5.195771e+07
<GCONST> 6.732794e+01
<MIXTURE> 2 2.087448e-01
<MEAN> 6
 8.029172e+01 1.519012e+02 -3.897843e+01 2.062275e-01 -7.032457e+00 -2.211259e+01
<VARIANCE> 6
 3.185140e+01 5.857697e+04 1.419371e+04 3.028640e+02 4.053393e+04 5.195771e+07
<GCONST> 6.911612e+01
<MIXTURE> 3 2.168611e-01
<MEAN> 6
 7.742307e+01 6.560928e+01 -1.533653e+02 -9.592136e-01 -1.335525e+00 -1.113953e+02
<VARIANCE> 6
 3.185140e+01 9.945479e+03 4.241481e+04 3.028640e+02 4.053393e+04 5.195771e+07
<GCONST> 6.843759e+01
<MIXTURE> 4 1.446731e-01
<MEAN> 6
 7.794579e+01 6.481680e+01 -2.926154e+02 -1.046078e+00 -1.653887e+00 -9.668344e+01
<VARIANCE> 6
 3.185140e+01 9.945479e+03 1.488904e+04 3.028640e+02 4.053393e+04 5.195771e+07
<GCONST> 6.739072e+01
<MIXTURE> 5 1.580731e-01
<MEAN> 6
 7.723019e+01 5.777948e+01 -3.345359e+02 -1.138919e+00 -2.772187e+00 -1.076574e+02
<VARIANCE> 6
 3.185140e+01 9.945479e+03 1.398304e+04 3.028640e+02 4.053393e+04 5.195771e+07
<GCONST> 6.732794e+01
<STATE> 5
<NUMMIXES> 5
<MIXTURE> 1 2.549768e-01
<MEAN> 6
 6.532243e+01 3.065192e+02 -1.655513e+02 -7.527014e-02 -2.552504e+00 -1.216382e+02
<VARIANCE> 6
 3.185140e+01 2.734364e+05 1.398304e+04 3.028640e+02 4.053393e+04 5.195771e+07
<GCONST> 7.064189e+01
<MIXTURE> 2 2.263959e-01
<MEAN> 6
 6.911176e+01 -1.139987e+02 1.433137e+02 1.401733e+00 -2.309078e+00 -1.446398e+02
<VARIANCE> 6
 3.185140e+01 1.149605e+04 1.398304e+04 3.028640e+02 4.053393e+04 5.195771e+07
<GCONST> 6.747282e+01
<MIXTURE> 3 1.689842e-01
<MEAN> 6
 6.321455e+01 5.579903e+01 -2.169593e+02 9.155209e-01 2.302790e-02 -1.205767e+02
<VARIANCE> 6
 3.957864e+01 1.684247e+05 1.398304e+04 3.028640e+02 4.053393e+04 5.195771e+07
<GCONST> 7.037451e+01
<MIXTURE> 4 1.794034e-01
<MEAN> 6
 6.525694e+01 -3.822631e+02 1.824547e+02 -4.560589e-02 -4.305743e+00 -9.757584e+01
<VARIANCE> 6
 3.185140e+01 3.906246e+04 3.502761e+04 3.028640e+02 4.053393e+04 5.195771e+07
<GCONST> 6.961427e+01
<MIXTURE> 5 1.701925e-01
<MEAN> 6
 6.133352e+01 -4.472067e+01 -2.516533e+02 1.479461e+00 -2.989416e+00 -1.344980e+02
<VARIANCE> 6
 4.087178e+01 1.437522e+05 1.398304e+04 3.028640e+02 4.053393e+04 5.195771e+07
<GCONST> 7.024827e+01
<STATE> 6
<NUMMIXES> 5
<MIXTURE> 1 1.892443e-01
<MEAN> 6
 8.607089e+01 -1.699000e+02 -2.983819e+03 -5.434254e+00 -5.689837e-01 1.235340e+02
<VARIANCE> 6
 8.599059e+01 2.027454e+04 5.172925e+04 3.028640e+02 4.053393e+04 5.195771e+07
<GCONST> 7.034152e+01
<MIXTURE> 2 2.303865e-01
<MEAN> 6
 7.115063e+01 -7.020720e+02 -5.418802e+02 -2.798164e+00 2.576185e+00 -2.606679e+02
<VARIANCE> 6
 3.185140e+01 2.815378e+04 1.614466e+04 3.028640e+02 4.053393e+04 5.195771e+07
<GCONST> 6.851225e+01
<MIXTURE> 3 1.663315e-01
<MEAN> 6
 6.414883e+01 -1.291762e+03 -5.940596e+02 1.694976e+00 -8.352660e+00 -1.343216e+02
<VARIANCE> 6
 1.170850e+02 1.705543e+05 3.665866e+04 3.028640e+02 4.053393e+04 5.195771e+07
<GCONST> 7.243549e+01
<MIXTURE> 4 2.332521e-01
<MEAN> 6
 6.991816e+01 -7.854768e+02 -6.950629e+02 -3.036148e+00 -2.892534e+00 -1.463678e+02
<VARIANCE> 6
 3.185140e+01 9.945479e+03 1.158061e+05 3.028640e+02 4.053393e+04 5.195771e+07
<GCONST> 6.944201e+01
<MIXTURE> 5 1.807824e-01
<MEAN> 6
 6.773164e+01 -1.538952e+03 -7.063864e+02 3.093551e+00 -1.336276e+01 -1.335642e+02
<VARIANCE> 6
 1.186879e+02 9.203209e+04 1.398304e+04 3.028640e+02 4.053393e+04 5.195771e+07
<GCONST> 7.086838e+01
<STATE> 7
<NUMMIXES> 5
<MIXTURE> 1 1.707244e-01
<MEAN> 6
 9.537029e+01 1.909390e+02 1.027516e+03 -3.658500e+00 -6.084389e+00 5.733498e+01
<VARIANCE> 6
 4.745211e+01 3.863033e+05 5.172286e+04 3.028640e+02 4.053393e+04 5.195771e+07
<GCONST> 7.269414e+01
<MIXTURE> 2 1.104700e-01
<MEAN> 6
 7.506062e+01 -1.028577e+03 1.570438e+02 -9.276640e-03 7.894366e+00 6.926669e+01
<VARIANCE> 6
 3.185140e+01 1.633942e+04 1.003641e+05 3.028640e+02 4.053393e+04 5.195771e+07
<GCONST> 6.979536e+01
<MIXTURE> 3 2.990764e-01
<MEAN> 6
 7.456476e+01 7.365342e+02 6.168989e+02 -8.773001e-01 -1.885113e+00 -1.113976e+02
<VARIANCE> 6
 3.185140e+01 1.974581e+05 4.078973e+04 3.028640e+02 4.053393e+04 5.195771e+07
<GCONST> 7.138693e+01
<MIXTURE> 4 2.481280e-01
<MEAN> 6
 7.993455e+01 4.325882e+02 4.629450e+02 -1.221709e+00 -2.128046e+00 -1.133242e+02
<VARIANCE> 6
 3.185140e+01 2.076322e+05 1.398304e+04 3.028640e+02 4.053393e+04 5.195771e+07
<GCONST> 7.036659e+01
<MIXTURE> 5 1.715798e-01
<MEAN> 6
 9.153130e+01 -5.274912e+02 8.226761e+02 -2.737113e+00 -2.045031e+00 -6.248970e+01
<VARIANCE> 6
 3.185140e+01 6.114506e+05 3.144095e+04 3.028640e+02 4.053393e+04 5.195771e+07
<GCONST> 7.225692e+01
<STATE> 8
<NUMMIXES> 5
<MIXTURE> 1 1.202056e-01
<MEAN> 6
 1.041768e+02 -2.608731e+00 -5.184473e+02 -2.526748e+00 -1.023035e+01 -5.916999e+01
<VARIANCE> 6
 1.151669e+02 9.721068e+04 1.398304e+04 3.028640e+02 4.053393e+04 5.195771e+07
<GCONST> 7.089301e+01
<MIXTURE> 2 1.617169e-01
<MEAN> 6
 8.686932e+01 7.714993e+02 -7.656681e+02 -3.139065e+00 -1.566220e+00 3.526039e+01
<VARIANCE> 6
 4.596826e+01 3.916281e+05 9.325950e+04 3.028640e+02 4.053393e+04 5.195771e+07
<GCONST> 7.326554e+01
<MIXTURE> 3 3.008962e-01
<MEAN> 6
 6.865538e+01 -7.779121e-02 -8.998215e+02 -4.465020e-01 -4.835050e+00 -1.536496e+02
<VARIANCE> 6
 3.185140e+01 2.534271e+04 2.802579e+04 3.028640e+02 4.053393e+04 5.195771e+07
<GCONST> 6.895859e+01
<MIXTURE> 4 2.438635e-01
<MEAN> 6
 9.353112e+01 -4.451570e+02 -5.508188e+02 6.971331e-02 -4.671463e+00 -6.176249e+01
<VARIANCE> 6
 3.185140e+01 2.294929e+04 1.398304e+04 3.028640e+02 4.053393e+04 5.195771e+07
<GCONST> 6.816411e+01
<MIXTURE> 5 1.732879e-01
<MEAN> 6
 8.298141e+01 6.010102e+02 -8.838768e+02 -2.374954e+00 -5.704603e+00 -4.201917e+01
<VARIANCE> 6
 4.283249e+01 3.342271e+05 6.541314e+04 3.028640e+02 4.053393e+04 5.195771e+07
<GCONST> 7.268173e+01
<STATE> 9
<NUMMIXES> 5
<MIXTURE> 1 1.923558e-01
<MEAN> 6
 1.040311e+02 -4.940751e+02 2.262575e+03 -2.607588e+00 3.843643e+00 -1.142786e+02
<VARIANCE> 6
 2.596766e+02 9.945479e+03 5.949575e+04 3.028640e+02 4.053393e+04 5.195771e+07
<GCONST> 7.087435e+01
<MIXTURE> 2 2.724985e-01
<MEAN> 6
 7.720919e+01 2.745731e+03 1.520722e+02 -2.036729e+00 -9.995880e+00 -1.216109e+02
<VARIANCE> 6
 3.185140e+01 6.030463e+04 1.135002e+05 3.028640e+02 4.053393e+04 5.195771e+07
<GCONST> 7.122418e+01
<MIXTURE> 3 1.590919e-01
<MEAN> 6
 1.028916e+02 -2.350995e+03 2.019426e+02 -6.201339e+00 6.167679e+00 -3.458489e+02
<VARIANCE> 6
 3.988748e+01 7.490952e+05 1.547018e+05 3.028640e+02 4.053393e+04 5.195771e+07
<GCONST> 7.427832e+01
<MIXTURE> 4 1.820743e-01
<MEAN> 6
 7.522471e+01 -8.923166e+03 1.475636e+03 -2.620660e+00 -7.521799e+00 -8.578089e+01
<VARIANCE> 6
 3.185140e+01 1.979410e+04 1.769545e+05 3.028640e+02 4.053393e+04 5.195771e+07
<GCONST> 7.055424e+01
<MIXTURE> 5 1.939795e-01
<MEAN> 6
 9.989776e+01 -3.163466e+03 -9.960872e+01 -3.865978e+00 -6.245467e+00 -2.559942e+02
<VARIANCE> 6
 3.185140e+01 6.062482e+05 2.296024e+04 3.028640e+02 4.053393e+04 5.195771e+07
<GCONST> 7.193403e+01
<STATE> 10
<NUMMIXES> 5
<MIXTURE> 1 2.727756e-02
<MEAN> 6
 3.286458e+01 8.127603e+02 -1.905189e+02 -1.092721e+01 -5.070433e+02 2.560243e+03
<VARIANCE> 6
 6.967061e+03 1.857105e+07 1.677412e+06 3.515405e+05 1.692361e+08 2.416534e+11
<GCONST> 1.088737e+02
<MIXTURE> 2 3.091730e-01
<MEAN> 6
 -1.650179e+01 8.563334e+01 3.239366e+01 8.540659e+01 3.696143e+02 -1.093237e+03
<VARIANCE> 6
 2.087080e+03 2.105746e+05 6.352419e+04 2.313956e+04 2.697638e+05 5.195771e+07
<GCONST> 8.230811e+01
<MIXTURE> 3 1.627049e-01
<MEAN> 6
 2.750031e+01 9.366840e+01 1.455656e+02 -4.149318e+01 -1.255373e+01 2.760045e+03
<VARIANCE> 6
 3.780707e+03 2.183068e+05 2.778919e+05 6.161063e+04 2.250666e+06 7.443460e+08
<GCONST> 9.017692e+01
<MIXTURE> 4 3.343506e-01
<MEAN> 6
 8.735215e+01 -3.119103e+01 -2.984853e+01 -1.106180e+01 -3.064198e+02 -3.567444e+02
<VARIANCE> 6
 5.579439e+02 4.572714e+05 1.187485e+05 1.297757e+04 1.964699e+05 5.195771e+07
<GCONST> 8.149449e+01
<MIXTURE> 5 1.657627e-01
<MEAN> 6
 1.739429e+01 -9.453436e+01 -5.161633e+01 -9.184107e+01 2.580078e+01 -2.571271e+02
<VARIANCE> 6
 3.626706e+03 2.341467e+05 2.279353e+05 5.534123e+04 2.345086e+06 6.278301e+08
<GCONST> 8.977075e+01
<TRANSP> 11
 0.000000e+00 1.000000e+00 0.000000e+00 0.000000e+00 0.000000e+00 0.000000e+00 0.000000e+00 0.000000e+00 0.000000e+00 0.000000e+00 0.000000e+00
 0.000000e+00 9.998286e-01 1.713786e-04 0.000000e+00 0.000000e+00 0.000000e+00 0.000000e+00 0.000000e+00 0.000000e+00 0.000000e+00 0.000000e+00
 0.000000e+00 0.000000e+00 9.979885e-01 2.011516e-03 0.000000e+00 0.000000e+00 0.000000e+00 0.000000e+00 0.000000e+00 0.000000e+00 0.000000e+00
 0.000000e+00 0.000000e+00 0.000000e+00 9.983619e-01 1.638092e-03 0.000000e+00 0.000000e+00 0.000000e+00 0.000000e+00 0.000000e+00 0.000000e+00
 0.000000e+00 0.000000e+00 0.000000e+00 0.000000e+00 9.989530e-01 1.046911e-03 0.000000e+00 0.000000e+00 0.000000e+00 0.000000e+00 0.000000e+00
 0.000000e+00 0.000000e+00 0.000000e+00 0.000000e+00 0.000000e+00 9.960380e-01 3.962057e-03 0.000000e+00 0.000000e+00 0.000000e+00 0.000000e+00
 0.000000e+00 0.000000e+00 0.000000e+00 0.000000e+00 0.000000e+00 0.000000e+00 9.980960e-01 1.903923e-03 0.000000e+00 0.000000e+00 0.000000e+00
 0.000000e+00 0.000000e+00 0.000000e+00 0.000000e+00 0.000000e+00 0.000000e+00 0.000000e+00 9.982836e-01 1.716387e-03 0.000000e+00 0.000000e+00
 0.000000e+00 0.000000e+00 0.000000e+00 0.000000e+00 0.000000e+00 0.000000e+00 0.000000e+00 0.000000e+00 9.968071e-01 3.192859e-03 0.000000e+00
 0.000000e+00 0.000000e+00 0.000000e+00 0.000000e+00 0.000000e+00 0.000000e+00 0.000000e+00 0.000000e+00 0.000000e+00 9.999421e-01 5.789410e-05
 0.000000e+00 0.000000e+00 0.000000e+00 0.000000e+00 0.000000e+00 0.000000e+00 0.000000e+00 0.000000e+00 0.000000e+00 0.000000e+00 0.000000e+00
<ENDHMM>
~h "SegundoESO"
<BEGINHMM>
<NUMSTATES> 11
<STATE> 2
<NUMMIXES> 5
<MIXTURE> 1 1.717737e-01
<MEAN> 6
 6.053275e+01 2.130124e+03 -2.660860e+02 3.000217e-01 -4.258619e+00 -1.583168e+02
<VARIANCE> 6
 3.185140e+01 4.769172e+05 1.585705e+04 3.028640e+02 4.053393e+04 5.195771e+07
<GCONST> 7.132393e+01
<MIXTURE> 2 1.604120e-01
<MEAN> 6
 6.450559e+01 2.626678e+02 -4.388779e+03 8.331074e-01 -5.440221e-01 -4.637672e+01
<VARIANCE> 6
 7.150580e+01 1.513242e+05 5.548272e+06 3.028640e+02 4.053393e+04 5.195771e+07
<GCONST> 7.684234e+01
<MIXTURE> 3 2.870175e-01
<MEAN> 6
 6.308080e+01 8.568700e+02 -1.288856e+03 -2.533278e-01 -4.113700e+00 -9.661131e+01
<VARIANCE> 6
 3.185140e+01 1.418422e+06 1.717115e+05 3.028640e+02 4.053393e+04 5.195771e+07
<GCONST> 7.479609e+01
<MIXTURE> 4 2.221408e-01
<MEAN> 6
 6.079375e+01 -6.121013e+02 -5.660057e+02 -1.746681e-01 -3.402707e+00 -1.133892e+02
<VARIANCE> 6
 3.185140e+01 1.085138e+06 2.524617e+04 3.028640e+02 4.053393e+04 5.195771e+07
<GCONST> 7.261111e+01
<MIXTURE> 5 1.586313e-01
<MEAN> 6
 6.831260e+01 5.351772e+01 -5.723878e+03 -8.759141e-03 -2.505893e+00 -4.053192e+01
<VARIANCE> 6
 6.968536e+01 1.838306e+05 7.579782e+06 3.028640e+02 4.053393e+04 5.195771e+07
<GCONST> 7.732314e+01
<STATE> 3
<NUMMIXES> 5
<MIXTURE> 1 2.835981e-01
<MEAN> 6
 7.672733e+01 6.165721e+02 1.361646e+03 3.006396e-01 -1.369306e+00 -8.928497e+01
<VARIANCE> 6
 3.185140e+01 7.929572e+05 3.969089e+05 3.028640e+02 4.053393e+04 5.195771e+07
<GCONST> 7.505245e+01
<MIXTURE> 2 1.775663e-01
<MEAN> 6
 8.514545e+01 -6.343660e+02 4.266908e+02 -1.265067e+00 -4.672948e+00 -1.728306e+02
<VARIANCE> 6
 3.185140e+01 6.551072e+05 2.901484e+04 3.028640e+02 4.053393e+04 5.195771e+07
<GCONST> 7.224557e+01
<MIXTURE> 3 2.415950e-01
<MEAN> 6
 7.881068e+01 -1.905298e+03 -5.103722e-01 -1.174549e+00 -3.821081e+00 -9.844370e+01
<VARIANCE> 6
 1.085174e+02 1.063308e+06 1.627444e+05 3.028640e+02 4.053393e+04 5.195771e+07
<GCONST> 7.568012e+01
<MIXTURE> 4 1.549381e-01
<MEAN> 6
 8.279710e+01 -7.545698e+02 1.224591e+02 -2.825375e-01 -2.658798e+00 -1.226078e+02
<VARIANCE> 6
 3.185140e+01 1.724696e+04 2.409547e+04 3.028640e+02 4.053393e+04 5.195771e+07
<GCONST> 6.842264e+01
<MIXTURE> 5 1.422669e-01
<MEAN> 6
 8.150991e+01 -7.871569e+02 5.546062e+01 -5.489147e-01 -3.768532e+00 -1.413293e+02
<VARIANCE> 6
 3.185140e+01 3.889228e+04 2.703914e+04 3.028640e+02 4.053393e+04 5.195771e+07
<GCONST> 6.935106e+01
<STATE> 4
<NUMMIXES> 5
<MIXTURE> 1 7.430308e-02
<MEAN> 6
 8.987801e+01 -2.525402e+03 5.197983e+03 -8.821595e-01 -5.965954e+01 -1.440432e+02
<VARIANCE> 6
 1.310704e+02 7.075821e+06 3.570697e+07 3.273643e+02 4.053393e+04 5.195771e+07
<GCONST> 8.323296e+01
<MIXTURE> 2 3.531221e-01
<MEAN> 6
 -2.258800e+01 3.424708e+02 1.360060e+03 -6.461975e+00 4.274532e+02 1.382137e+02
<VARIANCE> 6
 1.906605e+03 2.304478e+06 7.214111e+06 3.885488e+04 6.402011e+05 1.552584e+08
<GCONST> 9.181998e+01
<MIXTURE> 3 1.468990e-01
<MEAN> 6
 7.801656e+01 -1.638490e+03 1.822893e+03 -1.470350e+00 -4.141740e+01 -1.361319e+02
<VARIANCE> 6
 7.285674e+01 2.805848e+06 3.869328e+06 3.028640e+02 4.053393e+04 5.195771e+07
<GCONST> 7.942068e+01
<MIXTURE> 4 2.192763e-01
<MEAN> 6
 4.503490e+01 8.849351e+02 -4.302612e+02 3.600674e+01 -2.883929e+02 1.935566e+02
<VARIANCE> 6
 1.984831e+03 4.038054e+06 8.444640e+06 2.354017e+04 2.211449e+05 5.195771e+07
<GCONST> 8.991985e+01
<MIXTURE> 5 2.063048e-01
<MEAN> 6
 4.213483e+01 2.789514e+02 -7.342889e+02 -3.099027e+01 -3.850269e+02 -2.878852e+02
<VARIANCE> 6
 2.296815e+03 5.374648e+06 5.917463e+06 2.581282e+04 3.931758e+05 5.195771e+07
<GCONST> 9.066374e+01
<STATE> 5
<NUMMIXES> 5
<MIXTURE> 1 1.430620e-01
<MEAN> 6
 6.802522e+01 7.862713e+01 1.645524e+02 -5.658297e-01 -1.122110e+01 -9.929278e+01
<VARIANCE> 6
 3.307681e+01 9.133874e+04 7.498751e+05 3.028640e+02 4.053393e+04 5.195771e+07
<GCONST> 7.356521e+01
<MIXTURE> 2 2.951409e-01
<MEAN> 6
 7.090389e+01 6.067603e+02 1.820170e+02 -5.439984e-01 -6.733465e+00 -1.026887e+02
<VARIANCE> 6
 3.185140e+01 2.269964e+05 2.753453e+04 3.028640e+02 4.053393e+04 5.195771e+07
<GCONST> 7.113335e+01
<MIXTURE> 3 1.747256e-01
<MEAN> 6
 6.337919e+01 -2.557388e+02 1.592798e+02 -7.232338e-02 -3.420000e+00 -1.122851e+02
<VARIANCE> 6
 3.890382e+01 8.221386e+04 7.003683e+04 3.028640e+02 4.053393e+04 5.195771e+07
<GCONST> 7.125133e+01
<MIXTURE> 4 2.166132e-01
<MEAN> 6
 6.953863e+01 2.587431e+02 -1.292616e+02 -5.046676e-01 -6.132280e+00 -1.407317e+02
<VARIANCE> 6
 3.185140e+01 1.615079e+05 9.835392e+04 3.028640e+02 4.053393e+04 5.195771e+07
<GCONST> 7.206610e+01
<MIXTURE> 5 1.704102e-01
<MEAN> 6
 6.231712e+01 -3.870290e+02 2.718522e+01 -1.579030e-01 -3.392592e+00 -1.220844e+02
<VARIANCE> 6
 3.185140e+01 8.900395e+04 6.645334e+04 3.028640e+02 4.053393e+04 5.195771e+07
<GCONST> 7.107816e+01
<STATE> 6
<NUMMIXES> 5
<MIXTURE> 1 1.443057e-01
<MEAN> 6
 1.623991e+01 1.197768e+02 -5.097440e+00 -8.490192e+01 4.131640e+01 3.181852e+03
<VARIANCE> 6
 3.187747e+03 2.156826e+06 1.556206e+06 3.917178e+04 2.016595e+06 6.600373e+08
<GCONST> 9.333669e+01
<MIXTURE> 2 1.947413e-01
<MEAN> 6
 -3.643814e+01 1.727926e+02 1.157580e+02 4.442385e+01 6.069498e+02 -1.420254e+03
<VARIANCE> 6
 4.756542e+02 2.927195e+05 3.358767e+05 1.923511e+04 2.935487e+05 6.974210e+07
<GCONST> 8.301802e+01
<MIXTURE> 3 2.212410e-01
<MEAN> 6
 6.406123e+01 1.146855e+02 1.314029e+02 2.938636e+01 -3.370541e+02 2.697481e+02
<VARIANCE> 6
 5.141529e+02 7.885611e+05 4.846058e+05 1.901520e+04 1.380638e+05 5.195771e+07
<GCONST> 8.339325e+01
<MIXTURE> 4 2.208514e-01
<MEAN> 6
 -2.246056e+01 -6.256430e+01 -2.277670e+01 9.702626e+00 2.714016e+02 -2.687448e+02
<VARIANCE> 6
 7.112278e+02 6.581621e+05 3.910037e+05 2.829755e+04 1.328074e+05 5.250422e+07
<GCONST> 8.369153e+01
<MIXTURE> 5 2.182083e-01
<MEAN> 6
 5.850251e+01 -1.617511e+02 -5.453207e+01 -1.659329e+01 -4.939286e+02 -8.085029e+02
<VARIANCE> 6
 5.714166e+02 1.232675e+06 3.635846e+05 2.788499e+04 1.857184e+05 5.195771e+07
<GCONST> 8.433762e+01
<STATE> 7
<NUMMIXES> 5
<MIXTURE> 1 1.443873e-01
<MEAN> 6
 1.047999e+02 1.087572e+03 -9.168695e+02 -6.667416e+00 9.092731e-01 3.394287e+02
<VARIANCE> 6
 5.847563e+01 4.421152e+05 6.895674e+05 3.028640e+02 4.053393e+04 5.195771e+07
<GCONST> 7.562814e+01
<MIXTURE> 2 2.807613e-01
<MEAN> 6
 8.806893e+01 -5.017911e+02 -3.302990e+03 -4.124169e+00 -1.928121e+00 1.564793e+02
<VARIANCE> 6
 1.460767e+02 4.453686e+05 1.680116e+07 3.028640e+02 4.053393e+04 5.195771e+07
<GCONST> 7.974413e+01
<MIXTURE> 3 2.302518e-01
<MEAN> 6
 9.418884e+01 -1.878354e+02 -3.290904e+02 -4.365350e+00 -5.570666e+00 1.064593e+02
<VARIANCE> 6
 3.185140e+01 2.582018e+05 1.088420e+06 3.028640e+02 4.053393e+04 5.195771e+07
<GCONST> 7.493919e+01
<MIXTURE> 4 2.009278e-01
<MEAN> 6
 8.945771e+01 -1.488574e+02 -1.211085e+03 -3.265298e+00 -5.100375e+00 1.290702e+02
<VARIANCE> 6
 3.185140e+01 3.981060e+05 1.975962e+06 3.028640e+02 4.053393e+04 5.195771e+07
<GCONST> 7.596851e+01
<MIXTURE> 5 1.436300e-01
<MEAN> 6
 1.001703e+02 1.052771e+03 -1.306088e+03 -5.923808e+00 -1.986259e+00 2.272799e+02
<VARIANCE> 6
 6.616369e+01 5.441136e+05 1.131212e+06 3.028640e+02 4.053393e+04 5.195771e+07
<GCONST> 7.645422e+01
<STATE> 8
<NUMMIXES> 5
<MIXTURE> 1 2.368041e-01
<MEAN> 6
 6.830544e+01 3.067436e+02 5.753109e+02 -2.878862e+00 -3.052712e+00 1.966207e+02
<VARIANCE> 6
 7.200577e+01 2.932529e+06 5.449155e+05 3.028640e+02 4.053393e+04 5.195771e+07
<GCONST> 7.749289e+01
<MIXTURE> 2 7.423082e-02
<MEAN> 6
 8.575911e+01 -5.121788e+03 2.262343e+02 -7.265566e+00 1.502965e+01 1.550245e+02
<VARIANCE> 6
 6.683268e+01 6.741761e+06 1.757463e+06 3.028640e+02 4.053393e+04 5.195771e+07
<GCONST> 7.942178e+01
<MIXTURE> 3 1.766320e-01
<MEAN> 6
 7.984003e+01 -1.814432e+02 8.632919e+01 -3.080402e+00 -3.660023e+00 1.038381e+02
<VARIANCE> 6
 3.185140e+01 4.530877e+05 9.017541e+04 3.028640e+02 4.053393e+04 5.195771e+07
<GCONST> 7.301082e+01
<MIXTURE> 4 3.342021e-01
<MEAN> 6
 7.723428e+01 1.561042e+02 -1.923073e+02 -2.863611e+00 -5.596627e+00 8.760999e+01
<VARIANCE> 6
 3.185140e+01 4.886138e+05 1.962487e+05 3.028640e+02 4.053393e+04 5.195771e+07
<GCONST> 7.386393e+01
<MIXTURE> 5 1.781109e-01
<MEAN> 6
 7.901333e+01 -3.570154e+02 3.436274e+00 -3.184735e+00 -3.692677e+00 9.720848e+01
<VARIANCE> 6
 3.185140e+01 5.064403e+05 9.715441e+04 3.028640e+02 4.053393e+04 5.195771e+07
<GCONST> 7.319668e+01
<STATE> 9
<NUMMIXES> 5
<MIXTURE> 1 3.265861e-02
<MEAN> 6
 6.554363e+01 -8.179224e+02 4.894029e+01 -2.443653e-01 -2.034643e+00 -6.107277e+01
<VARIANCE> 6
 3.185140e+01 2.920849e+05 1.986786e+04 3.028640e+02 4.053393e+04 5.195771e+07
<GCONST> 7.105912e+01
<MIXTURE> 2 3.663471e-01
<MEAN> 6
 5.869770e+01 5.076823e+02 5.327890e+01 3.058437e-01 -1.738360e-01 -1.446786e+02
<VARIANCE> 6
 3.185140e+01 5.589743e+04 1.398304e+04 3.028640e+02 4.053393e+04 5.195771e+07
<GCONST> 6.905434e+01
<MIXTURE> 3 8.974553e-02
<MEAN> 6
 6.573855e+01 -9.164440e+02 -2.210147e+00 -1.120076e+00 7.449690e-01 -1.292360e+01
<VARIANCE> 6
 3.185140e+01 4.763430e+04 8.529993e+04 3.028640e+02 4.053393e+04 5.195771e+07
<GCONST> 7.070270e+01
<MIXTURE> 4 2.565860e-01
<MEAN> 6
 6.153577e+01 1.611078e+02 -1.147450e+02 2.454909e-01 -4.911609e+00 -1.409418e+02
<VARIANCE> 6
 3.185140e+01 3.378250e+04 1.398304e+04 3.028640e+02 4.053393e+04 5.195771e+07
<GCONST> 6.855077e+01
<MIXTURE> 5 2.546546e-01
<MEAN> 6
 5.952289e+01 7.861971e+01 -1.311165e+02 2.246474e-01 -3.527038e+00 -1.435794e+02
<VARIANCE> 6
 3.185140e+01 2.247207e+04 1.398304e+04 3.028640e+02 4.053393e+04 5.195771e+07
<GCONST> 6.814310e+01
<STATE> 10
<NUMMIXES> 5
<MIXTURE> 1 3.310247e-01
<MEAN> 6
 -2.343857e+01 -2.233966e+01 -1.967844e+01 4.211027e+01 3.356875e+02 -1.088673e+03
<VARIANCE> 6
 5.231682e+02 7.171535e+04 1.059668e+05 1.634598e+04 1.800795e+05 5.195771e+07
<GCONST> 7.960734e+01
<MIXTURE> 2 1.503337e-01
<MEAN> 6
 -1.150080e+01 4.487903e+01 5.588171e+01 -1.292805e+02 4.223369e+02 4.786123e+03
<VARIANCE> 6
 9.934144e+02 6.658162e+04 3.035989e+04 2.138575e+04 6.158482e+05 2.085531e+08
<GCONST> 8.181241e+01
<MIXTURE> 3 2.123915e-01
<MEAN> 6
 5.990047e+01 -3.453478e+01 2.462379e+01 2.595403e+01 -2.303915e+02 9.607208e+01
<VARIANCE> 6
 2.841067e+02 1.583881e+05 4.291357e+04 1.041820e+04 8.914373e+04 5.195771e+07
<GCONST> 7.773161e+01
<MIXTURE> 4 9.341741e-02
<MEAN> 6
 4.038953e+01 -9.583521e+01 2.415689e+00 -5.986291e+00 -5.001057e+02 -2.185257e+03
<VARIANCE> 6
 2.100147e+03 4.308497e+05 6.510552e+04 2.974746e+04 1.164124e+06 3.301815e+08
<GCONST> 8.661744e+01
<MIXTURE> 5 2.125482e-01
<MEAN> 6
 5.752352e+01 -9.991277e+01 -3.401235e+01 2.900523e+00 -3.676891e+02 -7.011228e+02
<VARIANCE> 6
 3.417671e+02 1.444414e+05 4.877593e+04 1.548825e+04 1.358373e+05 5.195771e+07
<GCONST> 7.877000e+01
<TRANSP> 11
 0.000000e+00 1.000000e+00 0.000000e+00 0.000000e+00 0.000000e+00 0.000000e+00 0.000000e+00 0.000000e+00 0.000000e+00 0.000000e+00 0.000000e+00
 0.000000e+00 9.990161e-01 9.838731e-04 0.000000e+00 0.000000e+00 0.000000e+00 0.000000e+00 0.000000e+00 0.000000e+00 0.000000e+00 0.000000e+00
 0.000000e+00 0.000000e+00 9.989723e-01 1.027750e-03 0.000000e+00 0.000000e+00 0.000000e+00 0.000000e+00 0.000000e+00 0.000000e+00 0.000000e+00
 0.000000e+00 0.000000e+00 0.000000e+00 9.996340e-01 3.659508e-04 0.000000e+00 0.000000e+00 0.000000e+00 0.000000e+00 0.000000e+00 0.000000e+00
 0.000000e+00 0.000000e+00 0.000000e+00 0.000000e+00 9.994152e-01 5.848535e-04 0.000000e+00 0.000000e+00 0.000000e+00 0.000000e+00 0.000000e+00
 0.000000e+00 0.000000e+00 0.000000e+00 0.000000e+00 0.000000e+00 9.999209e-01 7.909063e-05 0.000000e+00 0.000000e+00 0.000000e+00 0.000000e+00
 0.000000e+00 0.000000e+00 0.000000e+00 0.000000e+00 0.000000e+00 0.000000e+00 9.988412e-01 1.158779e-03 0.000000e+00 0.000000e+00 0.000000e+00
 0.000000e+00 0.000000e+00 0.000000e+00 0.000000e+00 0.000000e+00 0.000000e+00 0.000000e+00 9.989249e-01 1.075034e-03 0.000000e+00 0.000000e+00
 0.000000e+00 0.000000e+00 0.000000e+00 0.000000e+00 0.000000e+00 0.000000e+00 0.000000e+00 0.000000e+00 9.986011e-01 1.398854e-03 0.000000e+00
 0.000000e+00 0.000000e+00 0.000000e+00 0.000000e+00 0.000000e+00 0.000000e+00 0.000000e+00 0.000000e+00 0.000000e+00 9.998115e-01 1.885418e-04
 0.000000e+00 0.000000e+00 0.000000e+00 0.000000e+00 0.000000e+00 0.000000e+00 0.000000e+00 0.000000e+00 0.000000e+00 0.000000e+00 0.000000e+00
<ENDHMM>
~h "QuintoPRIMARIA"
<BEGINHMM>
<NUMSTATES> 11
<STATE> 2
<NUMMIXES> 5
<MIXTURE> 1 2.729098e-01
<MEAN> 6
 7.610335e+01 1.267531e+02 1.056787e+02 -8.779938e-01 -4.390923e+01 -1.930609e+02
<VARIANCE> 6
 1.619729e+02 7.117562e+05 2.915976e+06 3.028640e+02 4.053393e+04 5.195771e+07
<GCONST> 7.856502e+01
<MIXTURE> 2 2.015466e-01
<MEAN> 6
 1.543389e+01 -1.312967e+01 -5.692529e+02 -9.347221e+01 2.683424e+01 2.745692e+03
<VARIANCE> 6
 3.389240e+03 4.774720e+06 5.375033e+06 4.213072e+04 2.095776e+06 7.354038e+08
<GCONST> 9.565164e+01
<MIXTURE> 3 2.165987e-01
<MEAN> 6
 8.353493e+00 -4.502436e+01 2.954231e+02 5.579266e+01 5.249331e+01 -1.593601e+02
<VARIANCE> 6
 3.027551e+03 5.477486e+05 1.059475e+06 3.331576e+04 5.794971e+05 6.618410e+07
<GCONST> 8.782127e+01
<MIXTURE> 4 9.275506e-02
<MEAN> 6
 -2.036285e+01 7.584346e+01 -2.020215e+02 1.930447e+00 7.256132e+01 2.520222e+02
<VARIANCE> 6
 4.251949e+03 4.420560e+05 1.723134e+06 3.028640e+02 4.053393e+04 5.195771e+07
<GCONST> 8.083036e+01
<MIXTURE> 5 2.155131e-01
<MEAN> 6
 1.040394e+01 -2.713999e+02 -9.466948e+01 1.303617e+01 -1.856680e+01 -2.089312e+03
<VARIANCE> 6
 2.983604e+03 5.232525e+05 9.857879e+05 3.992708e+04 6.356151e+05 7.620244e+07
<GCONST> 8.810323e+01
<STATE> 3
<NUMMIXES> 5
<MIXTURE> 1 7.248405e-02
<MEAN> 6
 9.026190e+01 2.163808e+02 2.957645e+02 1.057329e+02 -1.218656e+03 4.807143e+03
<VARIANCE> 6
 2.860335e+02 1.608990e+06 3.939112e+06 2.941484e+04 5.322078e+06 6.065223e+09
<GCONST> 9.446342e+01
<MIXTURE> 2 3.071666e-01
<MEAN> 6
 7.753996e+01 3.712427e+02 1.524561e+02 9.313602e+01 -6.210877e+02 1.124388e+03
<VARIANCE> 6
 3.273094e+02 1.592430e+06 1.304534e+06 5.505260e+03 2.349442e+05 9.970038e+07
<GCONST> 8.457854e+01
<MIXTURE> 3 2.708010e-01
<MEAN> 6
 9.501139e+00 2.767764e+02 7.737792e+02 2.538828e+02 1.693859e+02 -3.475529e+03
<VARIANCE> 6
 1.051540e+03 1.184857e+06 2.522886e+06 5.006035e+03 4.089749e+05 7.138335e+07
<GCONST> 8.623470e+01
<MIXTURE> 4 7.248669e-02
<MEAN> 6
 1.011039e+02 -3.634140e+02 -2.404166e+03 8.906396e+01 -1.079330e+03 -1.521122e+03
<VARIANCE> 6
 1.403549e+02 5.895828e+05 6.311258e+06 1.253149e+04 3.260840e+06 1.539467e+09
<GCONST> 9.050465e+01
<MIXTURE> 5 2.770490e-01
<MEAN> 6
 1.177855e+01 -1.580015e+02 7.211139e+01 2.438599e+02 8.830368e+01 -4.556098e+03
<VARIANCE> 6
 1.162448e+03 8.601902e+05 3.135495e+06 4.187332e+03 3.734798e+05 5.848848e+07
<GCONST> 8.576353e+01
<STATE> 4
<NUMMIXES> 5
<MIXTURE> 1 2.090606e-01
<MEAN> 6
 1.024822e+02 6.498968e+02 2.162135e+02 -4.877335e+00 1.670877e+00 1.525508e+02
<VARIANCE> 6
 1.048046e+02 3.290327e+04 4.278614e+04 3.028640e+02 4.053393e+04 5.195771e+07
<GCONST> 7.083377e+01
<MIXTURE> 2 2.842158e-01
<MEAN> 6
 9.748536e+01 6.521700e+02 -1.836757e+03 -2.704727e+00 -7.727604e-01 1.165660e+02
<VARIANCE> 6
 4.083039e+01 1.948422e+04 1.027163e+06 3.028640e+02 4.053393e+04 5.195771e+07
<GCONST> 7.254548e+01
<MIXTURE> 3 3.063102e-01
<MEAN> 6
 9.613692e+01 3.522923e+02 -1.269978e+02 -4.006647e+00 -7.503181e+00 8.921292e+01
<VARIANCE> 6
 3.185140e+01 9.106713e+04 5.821335e+04 3.028640e+02 4.053393e+04 5.195771e+07
<GCONST> 7.096869e+01
<MIXTURE> 4 1.042401e-01
<MEAN> 6
 9.440307e+01 4.067874e+02 -8.785648e+02 -3.617238e+00 2.557912e-01 2.684545e+01
<VARIANCE> 6
 3.453070e+01 1.853211e+04 1.932805e+05 3.028640e+02 4.053393e+04 5.195771e+07
<GCONST> 7.065739e+01
<MIXTURE> 5 9.615644e-02
<MEAN> 6
 9.092805e+01 3.381109e+02 -8.728955e+02 -3.904147e+00 -2.144231e+00 1.925332e+02
<VARIANCE> 6
 3.430364e+01 1.602550e+04 9.930905e+04 3.028640e+02 4.053393e+04 5.195771e+07
<GCONST> 6.983956e+01
<STATE> 5
<NUMMIXES> 5
<MIXTURE> 1 2.373336e-01
<MEAN> 6
 6.629325e+01 1.304584e+03 -5.201557e+02 -7.905125e-01 -4.715479e+00 -8.041255e+01
<VARIANCE> 6
 3.185140e+01 1.337350e+04 4.739831e+04 3.028640e+02 4.053393e+04 5.195771e+07
<GCONST> 6.884483e+01
<MIXTURE> 2 2.828919e-01
<MEAN> 6
 7.226813e+01 6.526502e+02 -2.715774e+02 -1.678732e+00 -3.836155e+00 1.005065e+01
<VARIANCE> 6
 3.363290e+01 7.975940e+04 2.645791e+04 3.028640e+02 4.053393e+04 5.195771e+07
<GCONST> 7.010197e+01
<MIXTURE> 3 1.276613e-01
<MEAN> 6
 7.710986e+01 1.225233e+03 -1.323618e+03 -3.105348e+00 -1.141227e+00 1.744588e+01
<VARIANCE> 6
 4.443575e+01 1.213466e+04 1.700068e+05 3.028640e+02 4.053393e+04 5.195771e+07
<GCONST> 7.035784e+01
<MIXTURE> 4 1.844744e-01
<MEAN> 6
 7.681896e+01 5.431642e+02 -6.309731e+02 -1.309460e+00 -3.118215e+00 -5.864911e+01
<VARIANCE> 6
 3.185140e+01 2.943922e+04 1.097171e+05 3.028640e+02 4.053393e+04 5.195771e+07
<GCONST> 7.047321e+01
<MIXTURE> 5 1.676219e-01
<MEAN> 6
 7.574829e+01 4.929518e+02 -7.534792e+02 -1.490271e+00 -3.583471e+00 -4.998622e+01
<VARIANCE> 6
 3.185140e+01 2.584410e+04 1.530034e+05 3.028640e+02 4.053393e+04 5.195771e+07
<GCONST> 7.067551e+01
<STATE> 6
<NUMMIXES> 5
<MIXTURE> 1 1.854661e-01
<MEAN> 6
 8.012534e+01 1.195261e+03 3.038500e+02 -3.164669e+00 -2.046677e+00 8.691674e+01
<VARIANCE> 6
 3.185140e+01 3.733118e+05 5.230273e+04 3.028640e+02 4.053393e+04 5.195771e+07
<GCONST> 7.227243e+01
<MIXTURE> 2 3.235563e-01
<MEAN> 6
 6.690094e+01 -1.024619e+03 1.377930e+02 2.726650e+00 -7.923034e+00 2.720633e+01
<VARIANCE> 6
 6.851392e+01 5.198630e+04 8.631418e+04 3.028640e+02 4.053393e+04 5.195771e+07
<GCONST> 7.156790e+01
<MIXTURE> 3 2.008663e-01
<MEAN> 6
 7.000488e+01 1.615134e+03 -6.448849e+02 -1.375037e+00 1.263756e+00 -6.450700e+00
<VARIANCE> 6
 3.185140e+01 7.580156e+06 1.398304e+04 3.028640e+02 4.053393e+04 5.195771e+07
<GCONST> 7.396411e+01
<MIXTURE> 4 8.958510e-02
<MEAN> 6
 1.196418e+02 -2.380729e+03 2.698035e+01 -1.616225e+00 -1.059886e+00 2.545918e+01
<VARIANCE> 6
 3.185140e+01 7.455237e+04 1.398304e+04 3.028640e+02 4.053393e+04 5.195771e+07
<GCONST> 6.934232e+01
<MIXTURE> 5 2.005188e-01
<MEAN> 6
 7.777216e+01 9.637795e+02 2.277201e+02 -3.526399e+00 -2.620703e+00 7.087109e+01
<VARIANCE> 6
 3.287005e+01 2.323632e+05 3.202620e+04 3.028640e+02 4.053393e+04 5.195771e+07
<GCONST> 7.133931e+01
<STATE> 7
<NUMMIXES> 5
<MIXTURE> 1 1.959573e-01
<MEAN> 6
 7.064735e+01 9.308817e+01 2.127866e+02 -1.989892e-01 -3.577007e+00 -1.690226e+02
<VARIANCE> 6
 7.490836e+01 1.091142e+04 4.038082e+04 3.028640e+02 4.053393e+04 5.195771e+07
<GCONST> 6.933632e+01
<MIXTURE> 2 2.598324e-01
<MEAN> 6
 5.863340e+01 4.969635e+01 -5.913203e+01 -1.187619e-01 1.399285e+00 -1.480872e+02
<VARIANCE> 6
 3.185140e+01 4.538252e+04 3.830538e+04 3.028640e+02 4.053393e+04 5.195771e+07
<GCONST> 6.985369e+01
<MIXTURE> 3 1.563483e-01
<MEAN> 6
 6.154368e+01 -8.545726e+01 -1.333074e+02 -3.577714e-01 -7.015030e+00 -1.219049e+02
<VARIANCE> 6
 3.185140e+01 1.213982e+04 7.520352e+04 3.028640e+02 4.053393e+04 5.195771e+07
<GCONST> 6.920966e+01
<MIXTURE> 4 1.956824e-01
<MEAN> 6
 6.304738e+01 -1.869588e+02 -3.595692e+02 -4.699565e-01 -1.086727e+01 -1.677071e+02
<VARIANCE> 6
 3.185140e+01 9.945479e+03 5.735238e+04 3.028640e+02 4.053393e+04 5.195771e+07
<GCONST> 6.873930e+01
<MIXTURE> 5 1.921125e-01
<MEAN> 6
 6.675510e+01 6.328168e+01 1.703771e+02 -3.381062e-01 -3.334971e+00 -1.700180e+02
<VARIANCE> 6
 8.610413e+01 1.059638e+04 4.395991e+04 3.028640e+02 4.053393e+04 5.195771e+07
<GCONST> 6.953123e+01
<STATE> 8
<NUMMIXES> 5
<MIXTURE> 1 1.804453e-01
<MEAN> 6
 8.465894e+01 -8.757176e+01 -7.697919e+01 -6.313003e-01 -2.723139e+00 -2.494431e+01
<VARIANCE> 6
 3.185140e+01 9.945479e+03 1.811364e+04 3.028640e+02 4.053393e+04 5.195771e+07
<GCONST> 6.758676e+01
<MIXTURE> 2 2.153318e-01
<MEAN> 6
 9.759003e+01 -4.997289e+02 -5.428171e+02 -9.866438e-01 -3.093414e+00 -8.558681e+01
<VARIANCE> 6
 3.189024e+01 9.945479e+03 1.398304e+04 3.028640e+02 4.053393e+04 5.195771e+07
<GCONST> 6.732915e+01
<MIXTURE> 3 2.566373e-01
<MEAN> 6
 8.196992e+01 -1.350400e+02 -2.074779e+02 -1.681194e+00 -6.939676e-01 1.978311e+01
<VARIANCE> 6
 3.185140e+01 2.087021e+04 2.261003e+04 3.028640e+02 4.053393e+04 5.195771e+07
<GCONST> 6.854969e+01
<MIXTURE> 4 1.670202e-01
<MEAN> 6
 8.614635e+01 -2.408030e+02 -8.576752e+02 -1.360620e+00 -1.287742e+00 4.326308e+01
<VARIANCE> 6
 3.185140e+01 1.932297e+04 9.226188e+04 3.028640e+02 4.053393e+04 5.195771e+07
<GCONST> 6.987890e+01
<MIXTURE> 5 1.805460e-01
<MEAN> 6
 8.267252e+01 -1.204145e+02 -1.522370e+02 -9.225459e-01 -4.193193e+00 -4.928975e+01
<VARIANCE> 6
 3.185140e+01 9.945479e+03 2.351192e+04 3.028640e+02 4.053393e+04 5.195771e+07
<GCONST> 6.784760e+01
<STATE> 9
<NUMMIXES> 5
<MIXTURE> 1 2.092114e-01
<MEAN> 6
 9.867157e+01 6.277361e+02 2.469023e+03 -2.401076e+00 -5.702672e+00 -3.764846e+01
<VARIANCE> 6
 3.185140e+01 3.370429e+05 4.490390e+05 3.028640e+02 4.053393e+04 5.195771e+07
<GCONST> 7.432030e+01
<MIXTURE> 2 2.726732e-01
<MEAN> 6
 7.977450e+01 -2.650474e+02 2.553345e+03 -3.842601e+00 4.108094e+00 1.746709e+02
<VARIANCE> 6
 2.385610e+02 1.903554e+05 9.385267e+05 3.028640e+02 4.053393e+04 5.195771e+07
<GCONST> 7.649973e+01
<MIXTURE> 3 1.885986e-01
<MEAN> 6
 7.504893e+01 -6.487034e+00 7.058750e+02 -1.363726e+00 -1.008627e+00 -9.116436e+01
<VARIANCE> 6
 3.185140e+01 1.750358e+05 7.168221e+05 3.028640e+02 4.053393e+04 5.195771e+07
<GCONST> 7.413280e+01
<MIXTURE> 4 1.616012e-01
<MEAN> 6
 8.316980e+01 7.288582e+02 1.868572e+03 -2.452235e+00 6.344570e+00 1.511872e+02
<VARIANCE> 6
 1.253997e+02 3.117289e+05 3.866316e+05 3.028640e+02 4.053393e+04 5.195771e+07
<GCONST> 7.546301e+01
<MIXTURE> 5 1.678909e-01
<MEAN> 6
 7.304940e+01 -2.441888e+02 -1.961884e+02 -2.055323e+00 -4.726577e+00 -4.341045e+01
<VARIANCE> 6
 3.681821e+01 1.391017e+05 2.078476e+06 3.028640e+02 4.053393e+04 5.195771e+07
<GCONST> 7.511248e+01
<STATE> 10
<NUMMIXES> 5
<MIXTURE> 1 1.954584e-01
<MEAN> 6
 2.900159e+01 -1.331368e+02 1.323312e+02 2.341960e+01 3.120584e+01 -2.325605e+02
<VARIANCE> 6
 3.565179e+03 5.891016e+05 5.361342e+05 1.244331e+04 1.208768e+05 5.195771e+07
<GCONST> 8.458214e+01
<MIXTURE> 2 2.353289e-02
<MEAN> 6
 3.463401e+00 3.394407e+01 1.832075e+02 -3.345469e+01 -7.396887e+01 5.408098e+03
<VARIANCE> 6
 1.041609e+04 7.272449e+05 8.644674e+05 1.393351e+06 7.548872e+08 1.109070e+12
<GCONST> 1.097691e+02
<MIXTURE> 3 1.982901e-01
<MEAN> 6
 -6.654904e-01 6.064139e+01 1.262785e+02 6.984491e+00 2.491872e+02 1.449029e+03
<VARIANCE> 6
 3.111295e+03 1.371951e+05 1.654345e+05 4.622563e+04 1.358136e+06 3.968105e+08
<GCONST> 8.757742e+01
<MIXTURE> 4 3.831913e-01
<MEAN> 6
 5.974565e+01 -6.698659e+00 -1.741489e+01 6.689958e+00 -2.202239e+02 -3.914641e+02
<VARIANCE> 6
 1.433831e+03 1.589761e+05 4.851902e+04 1.643522e+04 1.917260e+05 5.195771e+07
<GCONST> 8.069853e+01
<MIXTURE> 5 1.994555e-01
<MEAN> 6
 -1.089918e+00 -6.547325e+01 -9.560652e+00 -3.626365e+01 1.587359e+02 -9.843072e+02
<VARIANCE> 6
 3.064583e+03 1.365260e+05 1.306373e+05 4.217645e+04 1.459719e+06 3.850625e+08
<GCONST> 8.727167e+01
<TRANSP> 11
 0.000000e+00 1.000000e+00 0.000000e+00 0.000000e+00 0.000000e+00 0.000000e+00 0.000000e+00 0.000000e+00 0.000000e+00 0.000000e+00 0.000000e+00
 0.000000e+00 9.999150e-01 8.499224e-05 0.000000e+00 0.000000e+00 0.000000e+00 0.000000e+00 0.000000e+00 0.000000e+00 0.000000e+00 0.000000e+00
 0.000000e+00 0.000000e+00 9.968038e-01 3.196270e-03 0.000000e+00 0.000000e+00 0.000000e+00 0.000000e+00 0.000000e+00 0.000000e+00 0.000000e+00
 0.000000e+00 0.000000e+00 0.000000e+00 9.976049e-01 2.395077e-03 0.000000e+00 0.000000e+00 0.000000e+00 0.000000e+00 0.000000e+00 0.000000e+00
 0.000000e+00 0.000000e+00 0.000000e+00 0.000000e+00 9.980015e-01 1.998525e-03 0.000000e+00 0.000000e+00 0.000000e+00 0.000000e+00 0.000000e+00
 0.000000e+00 0.000000e+00 0.000000e+00 0.000000e+00 0.000000e+00 9.976328e-01 2.367255e-03 0.000000e+00 0.000000e+00 0.000000e+00 0.000000e+00
 0.000000e+00 0.000000e+00 0.000000e+00 0.000000e+00 0.000000e+00 0.000000e+00 9.992294e-01 7.706602e-04 0.000000e+00 0.000000e+00 0.000000e+00
 0.000000e+00 0.000000e+00 0.000000e+00 0.000000e+00 0.000000e+00 0.000000e+00 0.000000e+00 9.983321e-01 1.667843e-03 0.000000e+00 0.000000e+00
 0.000000e+00 0.000000e+00 0.000000e+00 0.000000e+00 0.000000e+00 0.000000e+00 0.000000e+00 0.000000e+00 9.983195e-01 1.680506e-03 0.000000e+00
 0.000000e+00 0.000000e+00 0.000000e+00 0.000000e+00 0.000000e+00 0.000000e+00 0.000000e+00 0.000000e+00 0.000000e+00 9.999166e-01 8.337593e-05
 0.000000e+00 0.000000e+00 0.000000e+00 0.000000e+00 0.000000e+00 0.000000e+00 0.000000e+00 0.000000e+00 0.000000e+00 0.000000e+00 0.000000e+00
<ENDHMM>
