~o
<STREAMINFO> 1 6
<VECSIZE> 6<NULLD><USER><DIAGC>
~h "SegundoPRIMARIA"
<BEGINHMM>
<NUMSTATES> 3
<STATE> 2
<NUMMIXES> 2
<MIXTURE> 1 4.752890e-01
<MEAN> 6
 4.734818e+01 8.094130e+01 9.649226e+01 2.171584e+01 -6.742983e+01 -5.510552e+02
<VARIANCE> 6
 3.321908e+03 5.844819e+05 5.756994e+05 3.479150e+04 6.591872e+06 8.672930e+09
<GCONST> 9.471933e+01
<MIXTURE> 2 5.247991e-01
<MEAN> 6
 2.952634e+01 -7.339027e+01 -8.745686e+01 -1.892026e+01 6.101654e+01 4.966411e+02
<VARIANCE> 6
 3.806351e+03 1.363247e+06 4.962376e+05 3.208786e+04 9.693828e+05 3.181052e+08
<GCONST> 9.025041e+01
<TRANSP> 3
 0.000000e+00 1.000000e+00 0.000000e+00
 0.000000e+00 9.999629e-01 3.711135e-05
 0.000000e+00 0.000000e+00 0.000000e+00
<ENDHMM>
~h "SegundoESO"
<BEGINHMM>
<NUMSTATES> 3
<STATE> 2
<NUMMIXES> 2
<MIXTURE> 1 4.888476e-01
<MEAN> 6
 3.423545e+01 7.161198e+01 1.092374e+02 1.535359e+01 2.269707e+01 5.037377e+02
<VARIANCE> 6
 2.693766e+03 3.622712e+06 3.218012e+06 1.834615e+04 3.492227e+05 7.012021e+07
<GCONST> 8.965933e+01
<MIXTURE> 2 5.112503e-01
<MEAN> 6
 3.062338e+01 -6.832669e+01 -1.043155e+02 -1.410007e+01 -2.195931e+01 -4.822079e+02
<VARIANCE> 6
 2.734391e+03 1.137749e+06 1.635378e+06 2.181627e+04 5.255772e+05 1.157154e+08
<GCONST> 8.892219e+01
<TRANSP> 3
 0.000000e+00 1.000000e+00 0.000000e+00
 0.000000e+00 9.999635e-01 3.648380e-05
 0.000000e+00 0.000000e+00 0.000000e+00
<ENDHMM>
~h "QuintoPRIMARIA"
<BEGINHMM>
<NUMSTATES> 3
<STATE> 2
<NUMMIXES> 2
<MIXTURE> 1 5.139764e-01
<MEAN> 6
 4.361782e+01 9.962267e+01 1.634537e+02 1.314741e+01 -5.603683e+01 -2.317629e+02
<VARIANCE> 6
 2.693560e+03 6.052160e+05 9.360031e+05 2.458611e+04 4.450118e+06 1.202582e+10
<GCONST> 9.461729e+01
<MIXTURE> 2 4.859384e-01
<MEAN> 6
 2.404074e+01 -1.058998e+02 -1.736279e+02 -1.353451e+01 5.909378e+01 2.391450e+02
<VARIANCE> 6
 3.457348e+03 1.418197e+06 2.080110e+06 4.697998e+04 1.154256e+07 9.802993e+09
<GCONST> 9.791333e+01
<TRANSP> 3
 0.000000e+00 1.000000e+00 0.000000e+00
 0.000000e+00 9.999640e-01 3.600278e-05
 0.000000e+00 0.000000e+00 0.000000e+00
<ENDHMM>
