~o
<STREAMINFO> 1 6
<VECSIZE> 6<NULLD><USER><DIAGC>
~h "SegundoPRIMARIA"
<BEGINHMM>
<NUMSTATES> 5
<STATE> 2
<NUMMIXES> 10
<MIXTURE> 1 1.316404e-01
<MEAN> 6
 9.750871e+01 -1.001608e+02 2.737465e+02 -4.806840e+00 -1.242907e+01 -1.885970e+02
<VARIANCE> 6
 4.273867e+02 1.117837e+07 5.878086e+05 2.583944e+02 1.537745e+04 1.477096e+07
<GCONST> 7.830191e+01
<MIXTURE> 2 5.562244e-02
<MEAN> 6
 4.807058e+01 3.172912e+02 -3.104115e+02 -4.420932e+01 -5.986860e+02 2.900356e+03
<VARIANCE> 6
 5.128715e+03 1.419814e+07 1.373837e+06 8.168140e+04 5.547049e+06 3.622015e+09
<GCONST> 9.902127e+01
<MIXTURE> 3 7.833309e-02
<MEAN> 6
 7.751858e+00 3.580994e+01 1.627839e+01 2.248264e+02 1.630011e+02 -2.264892e+03
<VARIANCE> 6
 1.409251e+03 6.774504e+05 3.686674e+05 5.890965e+03 2.178213e+05 3.739875e+07
<GCONST> 8.293157e+01
<MIXTURE> 4 9.804881e-02
<MEAN> 6
 -6.036790e+01 -5.604601e+01 -1.273044e+02 2.552029e+00 1.776702e+02 5.023283e+02
<VARIANCE> 6
 2.763307e+02 6.308029e+05 8.143862e+05 8.056547e+02 7.331580e+04 3.591084e+07
<GCONST> 7.890454e+01
<MIXTURE> 5 1.249269e-01
<MEAN> 6
 9.302710e+01 -1.086172e+02 9.764427e+01 7.230543e+00 -5.207062e+02 -1.088472e+03
<VARIANCE> 6
 5.783129e+02 7.741178e+05 7.937985e+05 2.186232e+04 5.815789e+05 2.603344e+08
<GCONST> 8.717494e+01
<MIXTURE> 6 1.080791e-01
<MEAN> 6
 8.225420e+01 2.914828e+02 3.500162e+02 3.306041e+00 1.277233e+01 6.383027e+02
<VARIANCE> 6
 2.068559e+02 4.491870e+05 2.624208e+06 2.583944e+02 1.537745e+04 1.477096e+07
<GCONST> 7.585809e+01
<MIXTURE> 7 8.449951e-02
<MEAN> 6
 -4.024941e+01 -2.471076e+02 1.113268e+02 -1.059097e+02 1.225214e+03 2.107882e+03
<VARIANCE> 6
 6.682833e+02 6.101544e+05 4.054601e+05 4.573799e+04 9.885153e+05 5.731308e+08
<GCONST> 8.846749e+01
<MIXTURE> 8 8.298283e-02
<MEAN> 6
 -3.998265e+01 3.568818e+01 -2.283570e+02 4.990203e+01 7.404385e+02 -1.996166e+03
<VARIANCE> 6
 8.567317e+02 2.729729e+05 2.707359e+06 3.557115e+04 3.360288e+05 1.550659e+08
<GCONST> 8.717260e+01
<MIXTURE> 9 1.273909e-01
<MEAN> 6
 5.747010e+01 -9.572018e+01 -5.460901e+01 -8.757247e+01 -7.204187e+02 1.112922e+03
<VARIANCE> 6
 9.315486e+02 3.193592e+05 1.527962e+06 5.496935e+04 4.493065e+05 1.566374e+08
<GCONST> 8.757706e+01
<MIXTURE> 10 1.080791e-01
<MEAN> 6
 7.650121e+01 2.339717e+01 -2.979601e+02 -3.123820e+00 -3.683001e+01 -8.990176e+02
<VARIANCE> 6
 2.068559e+02 4.491870e+05 2.624208e+06 2.583944e+02 1.537745e+04 1.477096e+07
<GCONST> 7.585809e+01
<STATE> 3
<NUMMIXES> 10
<MIXTURE> 1 1.454898e-02
<MEAN> 6
 5.937728e+01 -4.358413e+03 1.123421e+03 -2.410739e+00 1.019106e+00 -1.591297e+01
<VARIANCE> 6
 3.133708e+01 2.269625e+06 1.540943e+04 2.583944e+02 2.039911e+04 1.477096e+07
<GCONST> 7.073583e+01
<MIXTURE> 2 1.321156e-01
<MEAN> 6
 8.767441e+01 8.472574e+02 3.063261e+02 -2.054469e+00 2.140107e-01 3.696026e+00
<VARIANCE> 6
 4.036605e+01 1.493021e+05 1.702874e+04 2.583944e+02 1.537745e+04 1.477096e+07
<GCONST> 6.808495e+01
<MIXTURE> 3 1.423399e-01
<MEAN> 6
 7.923801e+01 5.825516e+01 -2.917235e+02 -9.646001e-01 -4.144153e+00 -4.136233e+01
<VARIANCE> 6
 5.830503e+01 1.154995e+04 8.287675e+04 2.583944e+02 1.537745e+04 1.477096e+07
<GCONST> 6.747581e+01
<MIXTURE> 4 1.573284e-01
<MEAN> 6
 7.024007e+01 -4.384688e+02 -3.314471e+02 -1.592247e+00 -2.870727e+00 -6.896143e-01
<VARIANCE> 6
 4.550800e+01 7.944112e+04 1.880118e+05 2.583944e+02 1.537745e+04 1.477096e+07
<GCONST> 6.997549e+01
<MIXTURE> 5 1.449671e-01
<MEAN> 6
 7.141441e+01 9.562059e+01 4.123840e+01 1.023895e+00 1.460422e-01 -5.767002e+01
<VARIANCE> 6
 8.208457e+01 1.124372e+05 2.728756e+04 2.583944e+02 1.537745e+04 1.477096e+07
<GCONST> 6.898267e+01
<MIXTURE> 6 6.524634e-02
<MEAN> 6
 6.805814e+01 -5.967993e+02 -6.487515e+01 -1.038609e+00 4.708907e+00 -5.746251e+01
<VARIANCE> 6
 6.271246e+01 1.143894e+05 2.241155e+05 2.583944e+02 1.537745e+04 1.477096e+07
<GCONST> 7.083642e+01
<MIXTURE> 7 7.888260e-02
<MEAN> 6
 6.538346e+01 4.352921e+02 -1.793777e+02 3.708325e+00 2.666483e+01 6.932865e+02
<VARIANCE> 6
 4.037337e+01 1.961575e+05 1.540943e+04 2.583944e+02 1.537745e+04 1.477096e+07
<GCONST> 6.825816e+01
<MIXTURE> 8 1.232321e-01
<MEAN> 6
 6.946136e+01 2.450865e+01 -4.716765e+02 1.405776e-02 -1.064714e+00 -6.574812e+01
<VARIANCE> 6
 3.133708e+01 1.095385e+04 2.066928e+05 2.583944e+02 1.537745e+04 1.477096e+07
<GCONST> 6.771581e+01
<MIXTURE> 9 6.236705e-02
<MEAN> 6
 6.318169e+01 -8.192541e+02 -1.771804e+02 7.336047e-01 1.297991e+00 -9.278989e+01
<VARIANCE> 6
 6.107752e+01 1.769234e+05 2.778768e+05 2.583944e+02 1.537745e+04 1.477096e+07
<GCONST> 7.146113e+01
<MIXTURE> 10 7.888260e-02
<MEAN> 6
 6.284186e+01 2.581334e+02 -2.290316e+02 -2.721535e+00 -2.293751e+01 -8.440338e+02
<VARIANCE> 6
 4.037337e+01 1.961575e+05 1.540943e+04 2.583944e+02 1.537745e+04 1.477096e+07
<GCONST> 6.825816e+01
<STATE> 4
<NUMMIXES> 10
<MIXTURE> 1 7.836540e-03
<MEAN> 6
 1.708983e+01 3.105749e+01 1.685058e+02 5.456717e+01 -5.303341e+02 1.150291e+03
<VARIANCE> 6
 9.384652e+03 2.433934e+06 2.207899e+06 1.091912e+06 6.013882e+08 8.722466e+11
<GCONST> 1.110992e+02
<MIXTURE> 2 1.352529e-01
<MEAN> 6
 2.921572e+00 1.732097e+02 6.311906e+00 1.071659e+02 2.442383e+02 -2.927525e+03
<VARIANCE> 6
 7.079838e+02 1.648507e+05 3.794725e+04 4.581557e+04 1.800079e+05 6.652840e+07
<GCONST> 8.099271e+01
<MIXTURE> 3 1.211188e-01
<MEAN> 6
 4.676793e+01 2.112319e+00 1.830459e+02 -1.104693e+01 -3.773598e+02 1.013541e+03
<VARIANCE> 6
 9.905361e+02 9.095663e+04 4.170337e+05 6.271525e+04 2.963615e+05 9.644174e+07
<GCONST> 8.431471e+01
<MIXTURE> 4 7.796775e-02
<MEAN> 6
 9.833202e+01 1.162919e+01 4.263432e+01 -1.499371e+00 1.293746e+01 6.931826e+02
<VARIANCE> 6
 2.147665e+02 4.607402e+05 1.754768e+05 2.583944e+02 1.537745e+04 1.477096e+07
<GCONST> 7.321598e+01
<MIXTURE> 5 1.310879e-01
<MEAN> 6
 2.698297e+01 -6.346906e+01 -3.231551e-01 -1.040499e+02 1.184498e+02 4.799645e+03
<VARIANCE> 6
 4.436814e+03 4.686186e+05 2.610158e+05 6.392787e+04 3.631303e+06 1.496172e+09
<GCONST> 9.225162e+01
<MIXTURE> 6 1.135621e-01
<MEAN> 6
 8.705882e+01 7.704076e+00 -9.907305e+00 1.333161e+01 -4.805160e+02 -1.029543e+03
<VARIANCE> 6
 3.797182e+02 3.495194e+05 8.956520e+04 1.721241e+04 1.695055e+05 7.180304e+07
<GCONST> 8.101720e+01
<MIXTURE> 7 1.162444e-01
<MEAN> 6
 -4.130229e+01 7.833519e+01 1.296076e+01 2.503891e+01 1.073303e+03 -1.722395e+02
<VARIANCE> 6
 2.008302e+02 1.168095e+05 9.021480e+04 2.885729e+04 3.938236e+05 1.235556e+08
<GCONST> 8.119395e+01
<MIXTURE> 8 1.104018e-01
<MEAN> 6
 8.274149e+01 -1.049893e+01 2.108976e+01 -3.487685e+01 -9.965136e+02 -1.655497e+03
<VARIANCE> 6
 4.446865e+02 9.585991e+04 4.545946e+04 3.365445e+04 4.837517e+05 2.078003e+08
<GCONST> 8.198517e+01
<MIXTURE> 9 1.076511e-01
<MEAN> 6
 -5.548717e+01 3.538314e+01 -1.949426e+01 1.005058e+01 3.982512e+02 -2.443242e+02
<VARIANCE> 6
 2.096875e+02 1.838689e+05 1.826151e+05 2.536041e+03 1.613308e+05 7.301003e+07
<GCONST> 7.854568e+01
<MIXTURE> 10 7.796775e-02
<MEAN> 6
 9.247005e+01 -2.598822e+02 -1.249255e+02 -7.929232e+00 -3.666488e+01 -8.441377e+02
<VARIANCE> 6
 2.147665e+02 4.607402e+05 1.754768e+05 2.583944e+02 1.537745e+04 1.477096e+07
<GCONST> 7.321598e+01
<TRANSP> 5
 0.000000e+00 1.000000e+00 0.000000e+00 0.000000e+00 0.000000e+00
 0.000000e+00 9.998728e-01 1.271694e-04 0.000000e+00 0.000000e+00
 0.000000e+00 0.000000e+00 9.996349e-01 3.650950e-04 0.000000e+00
 0.000000e+00 0.000000e+00 0.000000e+00 9.999390e-01 6.096517e-05
 0.000000e+00 0.000000e+00 0.000000e+00 0.000000e+00 0.000000e+00
<ENDHMM>
~h "SegundoESO"
<BEGINHMM>
<NUMSTATES> 5
<STATE> 2
<NUMMIXES> 10
<MIXTURE> 1 1.090931e-01
<MEAN> 6
 3.121688e+01 1.087165e+02 6.635558e+02 -8.704234e+01 -2.944467e+02 2.321160e+03
<VARIANCE> 6
 2.138290e+03 5.950505e+06 1.194644e+07 5.323514e+04 1.220603e+06 3.738286e+08
<GCONST> 9.522659e+01
<MIXTURE> 2 1.412063e-01
<MEAN> 6
 8.693198e+01 -2.382237e+03 1.935809e+03 -4.569256e+00 -1.302249e+01 -1.480334e+02
<VARIANCE> 6
 1.473410e+02 5.475391e+06 1.729973e+07 2.583944e+02 1.537745e+04 1.477096e+07
<GCONST> 7.990530e+01
<MIXTURE> 3 7.611930e-02
<MEAN> 6
 7.449811e+01 1.364547e+03 -1.165433e+03 3.426620e+00 1.980710e+01 7.266891e+02
<VARIANCE> 6
 8.756767e+01 5.815285e+05 3.923249e+06 2.583944e+02 1.537745e+04 1.477096e+07
<GCONST> 7.565884e+01
<MIXTURE> 4 1.497568e-01
<MEAN> 6
 -4.190353e+01 5.842391e+02 9.281010e+02 7.119227e+00 7.989802e+02 -5.775289e+02
<VARIANCE> 6
 4.404701e+02 2.656600e+06 5.178257e+06 3.253497e+04 2.809414e+05 9.033286e+07
<GCONST> 8.862262e+01
<MIXTURE> 5 9.301556e-02
<MEAN> 6
 3.301360e+01 1.727722e+03 -9.078376e+02 1.775309e+02 -1.584150e+02 -2.163081e+03
<VARIANCE> 6
 8.821060e+02 4.116540e+06 6.732694e+06 9.040830e+03 9.660743e+04 2.064468e+07
<GCONST> 8.619347e+01
<MIXTURE> 6 9.720177e-02
<MEAN> 6
 7.771124e+01 9.202740e+00 -3.787128e+03 -1.369877e+00 -8.454040e+00 -7.207220e+01
<VARIANCE> 6
 1.361552e+02 3.004066e+05 1.501618e+07 2.583944e+02 1.537745e+04 1.477096e+07
<GCONST> 7.678191e+01
<MIXTURE> 7 8.525687e-02
<MEAN> 6
 8.261214e+01 -2.123289e+02 8.135637e+02 4.256346e+01 -4.791875e+02 1.471425e+02
<VARIANCE> 6
 2.549116e+02 1.427801e+06 5.848702e+06 1.053611e+04 8.084234e+04 4.008765e+07
<GCONST> 8.439095e+01
<MIXTURE> 8 9.376519e-02
<MEAN> 6
 -5.322919e+01 3.994805e+02 3.817953e+02 6.403403e+00 1.598193e+02 2.401530e+02
<VARIANCE> 6
 3.281811e+02 1.544350e+06 3.413134e+06 2.296211e+03 4.013352e+04 1.477096e+07
<GCONST> 8.096124e+01
<MIXTURE> 9 7.816555e-02
<MEAN> 6
 6.593499e+01 -6.673238e+02 -1.019973e+02 -1.345154e+02 -5.637720e+02 2.361247e+02
<VARIANCE> 6
 5.384252e+02 3.858231e+06 3.884440e+06 1.164730e+04 2.540007e+05 4.762581e+07
<GCONST> 8.714092e+01
<MIXTURE> 10 7.611930e-02
<MEAN> 6
 7.075500e+01 1.059515e+03 -1.957721e+03 -3.003240e+00 -2.979524e+01 -8.106312e+02
<VARIANCE> 6
 8.756767e+01 5.815285e+05 3.923249e+06 2.583944e+02 1.537745e+04 1.477096e+07
<GCONST> 7.565884e+01
<STATE> 3
<NUMMIXES> 10
<MIXTURE> 1 1.339078e-01
<MEAN> 6
 8.337397e+01 -9.267150e+02 1.512778e+02 -8.293514e-01 -3.691462e+00 -7.207139e+01
<VARIANCE> 6
 3.133708e+01 1.735706e+05 6.240860e+04 2.583944e+02 1.537745e+04 1.477096e+07
<GCONST> 6.928117e+01
<MIXTURE> 2 7.437065e-02
<MEAN> 6
 7.162458e+01 4.944623e+02 2.725898e+02 2.632396e+00 2.351119e+01 7.230637e+02
<VARIANCE> 6
 3.133708e+01 3.016717e+05 2.010650e+04 2.583944e+02 1.537745e+04 1.477096e+07
<GCONST> 6.870127e+01
<MIXTURE> 3 1.331825e-01
<MEAN> 6
 6.970180e+01 -3.629354e+02 5.772674e+02 -1.057124e+00 -2.605848e+00 -8.963332e+00
<VARIANCE> 6
 3.133708e+01 5.510009e+04 1.370436e+06 2.583944e+02 1.537745e+04 1.477096e+07
<GCONST> 7.122292e+01
<MIXTURE> 4 6.116727e-02
<MEAN> 6
 6.946091e+01 -1.145633e+03 -5.861768e+01 -2.013150e-01 -1.247331e+00 -5.057561e+01
<VARIANCE> 6
 3.133708e+01 1.372351e+06 1.765551e+05 2.583944e+02 1.537745e+04 1.477096e+07
<GCONST> 7.238880e+01
<MIXTURE> 5 1.081973e-01
<MEAN> 6
 5.946293e+01 2.057471e+02 -8.467722e+00 2.439338e-01 2.940407e+00 -5.126730e+01
<VARIANCE> 6
 3.133708e+01 1.803547e+05 3.138956e+04 2.583944e+02 1.537745e+04 1.477096e+07
<GCONST> 6.863229e+01
<MIXTURE> 6 1.063367e-01
<MEAN> 6
 5.957670e+01 3.745874e+01 -8.287142e+02 -3.153474e-01 6.045710e-01 -5.656628e+01
<VARIANCE> 6
 3.133708e+01 1.072246e+05 5.747724e+05 2.583944e+02 1.537745e+04 1.477096e+07
<GCONST> 7.101979e+01
<MIXTURE> 7 1.331052e-01
<MEAN> 6
 7.011063e+01 3.837231e+02 -2.803156e+02 -2.825840e-01 -5.181301e+00 -6.935638e+01
<VARIANCE> 6
 3.133708e+01 7.968063e+04 7.187770e+04 2.583944e+02 1.537745e+04 1.477096e+07
<GCONST> 6.864388e+01
<MIXTURE> 8 1.099208e-01
<MEAN> 6
 6.050830e+01 -3.495697e+01 -7.635243e+01 1.886488e-01 1.648901e+00 -5.733201e+01
<VARIANCE> 6
 3.133708e+01 1.297631e+05 5.800374e+04 2.583944e+02 1.537745e+04 1.477096e+07
<GCONST> 6.891711e+01
<MIXTURE> 9 6.520143e-02
<MEAN> 6
 6.733218e+01 -1.346613e+03 -2.857700e+02 -2.610232e-01 7.922307e-01 -5.891563e+01
<VARIANCE> 6
 3.133708e+01 9.746419e+05 1.219844e+05 2.583944e+02 1.537745e+04 1.477096e+07
<GCONST> 7.167685e+01
<MIXTURE> 10 7.437065e-02
<MEAN> 6
 6.938540e+01 2.747637e+02 2.158708e+02 -3.797465e+00 -2.609115e+01 -8.142567e+02
<VARIANCE> 6
 3.133708e+01 3.016717e+05 2.010650e+04 2.583944e+02 1.537745e+04 1.477096e+07
<GCONST> 6.870127e+01
<STATE> 4
<NUMMIXES> 10
<MIXTURE> 1 8.851679e-02
<MEAN> 6
 2.687813e+01 6.271468e+01 7.984254e+01 -9.617230e+01 -1.773135e+02 4.425347e+03
<VARIANCE> 6
 2.732907e+03 2.518794e+06 2.522475e+06 4.678001e+04 1.789384e+06 6.163422e+08
<GCONST> 9.381033e+01
<MIXTURE> 2 8.305544e-02
<MEAN> 6
 8.441798e+01 1.753606e+02 -1.297177e+02 -4.912091e+00 -1.036368e+01 -3.883398e+01
<VARIANCE> 6
 1.572780e+02 6.108809e+05 1.266504e+06 2.583944e+02 1.537745e+04 1.477096e+07
<GCONST> 7.516302e+01
<MIXTURE> 3 1.548926e-01
<MEAN> 6
 -4.530534e+01 8.184498e+01 6.734975e+01 1.364658e+01 9.986481e+02 -6.498447e+02
<VARIANCE> 6
 2.113782e+02 5.228312e+05 3.359289e+05 2.456342e+04 2.951964e+05 1.562591e+08
<GCONST> 8.384402e+01
<MIXTURE> 4 1.032945e-01
<MEAN> 6
 9.263848e+00 1.510857e+01 2.428187e+01 2.208574e+01 -4.340314e+00 -3.449372e+02
<VARIANCE> 6
 5.236037e+02 2.380039e+05 2.177537e+05 3.559552e+04 5.973083e+04 2.825686e+07
<GCONST> 8.059358e+01
<MIXTURE> 5 7.974335e-02
<MEAN> 6
 5.971328e+01 1.445421e+02 1.769924e+02 8.509496e+01 -3.701884e+02 3.778820e+02
<VARIANCE> 6
 3.537756e+02 7.569870e+05 5.543364e+05 2.311730e+04 7.665848e+04 2.554113e+07
<GCONST> 8.200980e+01
<MIXTURE> 6 7.818109e-02
<MEAN> 6
 -5.419829e+01 2.387687e+01 2.396316e+01 1.903597e+01 2.693441e+02 1.128247e+02
<VARIANCE> 6
 1.810583e+02 3.495618e+05 5.485944e+05 9.321465e+02 8.001904e+04 2.285951e+07
<GCONST> 7.727802e+01
<MIXTURE> 7 1.366164e-01
<MEAN> 6
 7.034737e+01 1.632266e+00 8.853860e+01 -3.617364e+01 -7.648300e+02 -4.029963e+01
<VARIANCE> 6
 3.128795e+02 6.089561e+05 1.605166e+05 2.110617e+04 2.839554e+05 1.303799e+08
<GCONST> 8.327859e+01
<MIXTURE> 8 1.104351e-01
<MEAN> 6
 -5.829150e+00 8.276011e+00 1.136667e+01 -1.895490e+00 1.432126e+02 -1.192608e+03
<VARIANCE> 6
 3.168916e+02 4.680838e+05 1.113350e+05 4.744459e+04 1.494621e+05 1.200655e+08
<GCONST> 8.274818e+01
<MIXTURE> 9 8.426529e-02
<MEAN> 6
 7.537853e+01 -1.900228e+02 5.861631e+01 -3.485139e+00 -1.937554e+01 -1.127833e+02
<VARIANCE> 6
 7.908497e+01 1.240764e+06 3.919354e+05 2.583944e+02 1.537745e+04 1.477096e+07
<GCONST> 7.401119e+01
<MIXTURE> 10 7.974335e-02
<MEAN> 6
 5.218972e+01 -2.034779e+02 -1.208227e+02 2.427746e+01 -4.809375e+02 -1.643647e+03
<VARIANCE> 6
 3.537756e+02 7.569870e+05 5.543364e+05 2.311730e+04 7.665848e+04 2.554113e+07
<GCONST> 8.200980e+01
<TRANSP> 5
 0.000000e+00 1.000000e+00 0.000000e+00 0.000000e+00 0.000000e+00
 0.000000e+00 9.998058e-01 1.941342e-04 0.000000e+00 0.000000e+00
 0.000000e+00 0.000000e+00 9.997184e-01 2.816271e-04 0.000000e+00
 0.000000e+00 0.000000e+00 0.000000e+00 9.999472e-01 5.282974e-05
 0.000000e+00 0.000000e+00 0.000000e+00 0.000000e+00 0.000000e+00
<ENDHMM>
~h "QuintoPRIMARIA"
<BEGINHMM>
<NUMSTATES> 5
<STATE> 2
<NUMMIXES> 10
<MIXTURE> 1 1.163602e-01
<MEAN> 6
 6.132802e+01 6.138517e+02 6.525494e+02 1.399212e+01 -5.534520e+02 1.283640e+02
<VARIANCE> 6
 5.940673e+02 2.495665e+06 5.292457e+06 2.970104e+04 1.747029e+05 4.820875e+07
<GCONST> 8.768694e+01
<MIXTURE> 2 8.513135e-02
<MEAN> 6
 8.471063e+01 6.582396e+02 5.567088e+02 1.229825e+00 6.533890e+00 6.744824e+02
<VARIANCE> 6
 2.304801e+02 8.062006e+05 3.613860e+06 2.583944e+02 1.537745e+04 1.477096e+07
<GCONST> 7.687112e+01
<MIXTURE> 3 3.554257e-02
<MEAN> 6
 6.196970e+01 -2.332312e+03 -4.817946e+03 1.189229e-01 -2.734690e+00 -2.468123e+01
<VARIANCE> 6
 3.133708e+01 1.524175e+07 6.596440e+06 2.583944e+02 1.537745e+04 1.477096e+07
<GCONST> 7.841697e+01
<MIXTURE> 4 1.053501e-01
<MEAN> 6
 -4.578782e+01 2.513986e+02 1.490477e+02 7.182907e+01 8.353167e+02 -1.340655e+03
<VARIANCE> 6
 2.403386e+02 1.351047e+06 2.129464e+06 2.227414e+04 2.263514e+05 7.586319e+07
<GCONST> 8.568255e+01
<MIXTURE> 5 9.859749e-02
<MEAN> 6
 -1.048937e+01 3.145453e+02 -4.114171e+02 -1.625013e+02 4.899069e+02 4.456047e+03
<VARIANCE> 6
 2.049406e+03 2.645136e+06 3.644505e+06 4.388438e+04 2.068575e+06 9.134333e+08
<GCONST> 9.441394e+01
<MIXTURE> 6 1.231625e-01
<MEAN> 6
 1.131788e+01 -2.413029e+02 4.012431e+02 7.259456e+01 -7.056651e+01 -2.536261e+03
<VARIANCE> 6
 8.054033e+02 3.332655e+05 2.560435e+06 4.264118e+04 1.577832e+05 4.345176e+07
<GCONST> 8.540770e+01
<MIXTURE> 7 1.537869e-01
<MEAN> 6
 6.736575e+01 -5.337462e+02 1.149864e+02 1.345358e+00 -1.508300e+01 -8.198657e+01
<VARIANCE> 6
 1.520606e+02 2.136097e+05 2.090470e+06 2.583944e+02 1.537745e+04 1.477096e+07
<GCONST> 7.457966e+01
<MIXTURE> 8 1.017353e-01
<MEAN> 6
 7.470834e+01 -7.355377e+01 9.049956e+01 -2.342122e+01 -8.129608e+02 -9.851889e+01
<VARIANCE> 6
 4.256778e+02 5.165368e+05 2.467909e+06 2.388670e+04 4.286772e+05 2.025748e+08
<GCONST> 8.713088e+01
<MIXTURE> 9 9.462287e-02
<MEAN> 6
 -6.498724e+01 2.857809e+02 -2.811794e+02 8.552237e+00 2.708031e+02 4.229911e+02
<VARIANCE> 6
 8.814033e+01 9.436872e+05 2.487298e+06 1.345543e+03 9.940237e+04 3.850992e+07
<GCONST> 8.016837e+01
<MIXTURE> 10 8.513135e-02
<MEAN> 6
 7.863800e+01 2.990848e+02 -2.036974e+02 -5.200035e+00 -4.306845e+01 -8.628380e+02
<VARIANCE> 6
 2.304801e+02 8.062006e+05 3.613860e+06 2.583944e+02 1.537745e+04 1.477096e+07
<GCONST> 7.687112e+01
<STATE> 3
<NUMMIXES> 10
<MIXTURE> 1 5.009125e-02
<MEAN> 6
 1.027745e+02 -2.902193e+03 2.421053e+03 -3.904271e+00 -9.147588e-01 6.368964e+01
<VARIANCE> 6
 1.799765e+02 7.962108e+05 2.570978e+06 2.583944e+02 1.537745e+04 1.477096e+07
<GCONST> 7.627082e+01
<MIXTURE> 2 1.214742e-01
<MEAN> 6
 7.498666e+01 1.455604e+02 3.262408e+02 9.102546e-01 -3.332657e-01 -9.245202e+01
<VARIANCE> 6
 3.133708e+01 2.932421e+04 8.804304e+04 2.583944e+02 1.537745e+04 1.477096e+07
<GCONST> 6.784713e+01
<MIXTURE> 3 1.002348e-01
<MEAN> 6
 9.161853e+01 -9.900702e+00 -6.721259e+02 -1.489882e+00 -5.243379e-01 -5.801255e+00
<VARIANCE> 6
 8.945126e+01 2.470527e+05 3.929140e+04 2.583944e+02 1.537745e+04 1.477096e+07
<GCONST> 7.022039e+01
<MIXTURE> 4 8.342624e-02
<MEAN> 6
 5.881936e+01 1.021836e+01 2.779094e+02 3.703080e-01 -7.837073e-01 -7.497890e+01
<VARIANCE> 6
 3.133708e+01 1.095385e+04 3.013033e+04 2.583944e+02 1.537745e+04 1.477096e+07
<GCONST> 6.579012e+01
<MIXTURE> 5 1.290123e-01
<MEAN> 6
 6.942103e+01 -1.333727e+02 -2.079592e+02 -4.740386e-02 -2.542069e+00 -5.139255e+01
<VARIANCE> 6
 3.133708e+01 6.983031e+05 9.618031e+04 2.583944e+02 1.537745e+04 1.477096e+07
<GCONST> 7.110577e+01
<MIXTURE> 6 1.478712e-01
<MEAN> 6
 7.750327e+01 5.157825e+01 -1.397991e+02 -1.602380e-01 -3.394376e+00 -6.421684e+01
<VARIANCE> 6
 1.360360e+02 2.115136e+04 1.540943e+04 2.583944e+02 1.537745e+04 1.477096e+07
<GCONST> 6.724569e+01
<MIXTURE> 7 7.543870e-02
<MEAN> 6
 6.340874e+01 -1.414244e+02 -2.758415e+02 3.261955e+00 2.511466e+01 6.948041e+02
<VARIANCE> 6
 3.133708e+01 1.095385e+04 6.282545e+04 2.583944e+02 1.537745e+04 1.477096e+07
<GCONST> 6.652494e+01
<MIXTURE> 8 1.361929e-01
<MEAN> 6
 6.612056e+01 6.210238e+02 -4.005165e+02 -3.845964e-01 -6.027982e-01 -5.349401e+01
<VARIANCE> 6
 3.133708e+01 3.281465e+05 5.506405e+04 2.583944e+02 1.537745e+04 1.477096e+07
<GCONST> 6.979285e+01
<MIXTURE> 9 8.066370e-02
<MEAN> 6
 5.629683e+01 -2.997026e+01 1.411649e+02 4.038067e-01 -1.737529e+00 -9.978966e+01
<VARIANCE> 6
 3.133708e+01 2.456467e+04 4.468869e+04 2.583944e+02 1.537745e+04 1.477096e+07
<GCONST> 6.699192e+01
<MIXTURE> 10 7.543870e-02
<MEAN> 6
 6.116956e+01 -1.832886e+02 -3.761015e+02 -3.167905e+00 -2.448768e+01 -8.425162e+02
<VARIANCE> 6
 3.133708e+01 1.095385e+04 6.282545e+04 2.583944e+02 1.537745e+04 1.477096e+07
<GCONST> 6.652494e+01
<STATE> 4
<NUMMIXES> 10
<MIXTURE> 1 8.690495e-02
<MEAN> 6
 8.392340e+01 2.009209e+02 1.278927e+02 -6.643221e+00 -9.164089e-01 -1.246818e+02
<VARIANCE> 6
 1.864720e+02 4.307990e+05 1.254816e+05 2.583944e+02 1.537745e+04 1.477096e+07
<GCONST> 7.267216e+01
<MIXTURE> 2 4.600918e-02
<MEAN> 6
 3.101380e+01 -1.179427e+01 -1.714826e+00 -9.334711e+01 -2.381821e+02 7.242494e+03
<VARIANCE> 6
 3.448039e+03 6.769137e+05 5.721064e+05 7.613512e+04 7.413386e+06 4.288202e+09
<GCONST> 9.509339e+01
<MIXTURE> 3 6.892395e-02
<MEAN> 6
 1.368790e+01 -2.944416e+02 2.131252e+02 5.815771e+01 4.282788e+01 -1.741319e+03
<VARIANCE> 6
 2.209406e+03 1.474472e+06 1.975330e+06 4.191891e+04 5.632786e+05 1.282387e+08
<GCONST> 8.998222e+01
<MIXTURE> 4 1.538226e-01
<MEAN> 6
 -3.985807e+01 -4.209784e+01 4.018906e+01 -8.263059e-01 1.061585e+03 -2.868049e+02
<VARIANCE> 6
 3.765612e+02 1.579352e+05 1.545749e+05 3.825011e+04 4.124327e+05 2.613988e+08
<GCONST> 8.374001e+01
<MIXTURE> 5 1.128246e-01
<MEAN> 6
 8.404137e+01 7.100956e+01 3.446890e+00 8.690929e-02 -5.963385e+02 -1.027505e+03
<VARIANCE> 6
 1.815668e+02 1.992485e+05 5.195741e+04 1.235429e+04 3.593884e+05 1.955871e+08
<GCONST> 8.059481e+01
<MIXTURE> 6 1.000194e-01
<MEAN> 6
 2.755703e+01 4.122063e+01 6.824036e+01 5.183925e+01 -4.502575e+01 1.698264e+03
<VARIANCE> 6
 6.785906e+02 8.186542e+04 8.840834e+04 5.089518e+04 2.089283e+05 9.640686e+07
<GCONST> 8.172119e+01
<MIXTURE> 7 1.073712e-01
<MEAN> 6
 -5.159843e+01 2.554679e+01 2.254706e+01 2.845757e+01 3.408776e+02 2.654182e+02
<VARIANCE> 6
 2.499064e+02 1.058235e+05 9.600557e+04 2.119891e+03 1.018298e+05 2.633272e+07
<GCONST> 7.586654e+01
<MIXTURE> 8 1.162518e-01
<MEAN> 6
 6.535713e+01 7.720966e+01 -6.883588e+01 -2.187273e+01 -8.155475e+02 1.213168e+02
<VARIANCE> 6
 3.225090e+02 2.392321e+05 2.556627e+05 3.310550e+04 3.353986e+05 8.200669e+07
<GCONST> 8.299304e+01
<MIXTURE> 9 1.068988e-01
<MEAN> 6
 7.832201e+01 -1.049206e+02 -2.773146e+01 -5.532494e+00 -2.094623e+01 -1.797858e+02
<VARIANCE> 6
 1.293319e+02 8.403899e+04 1.387606e+05 2.583944e+02 1.537745e+04 1.477096e+07
<GCONST> 7.077250e+01
<MIXTURE> 10 1.000194e-01
<MEAN> 6
 1.713712e+01 -7.322791e+01 -5.069381e+01 -3.840060e+01 -2.278604e+02 -2.229216e+03
<VARIANCE> 6
 6.785906e+02 8.186542e+04 8.840834e+04 5.089518e+04 2.089283e+05 9.640686e+07
<GCONST> 8.172119e+01
<TRANSP> 5
 0.000000e+00 1.000000e+00 0.000000e+00 0.000000e+00 0.000000e+00
 0.000000e+00 9.998827e-01 1.173023e-04 0.000000e+00 0.000000e+00
 0.000000e+00 0.000000e+00 9.996501e-01 3.498828e-04 0.000000e+00
 0.000000e+00 0.000000e+00 0.000000e+00 9.999378e-01 6.225648e-05
 0.000000e+00 0.000000e+00 0.000000e+00 0.000000e+00 0.000000e+00
<ENDHMM>
