~o
<STREAMINFO> 1 2
<VECSIZE> 2<NULLD><USER><DIAGC>
~h "SegundoPRIMARIA"
<BEGINHMM>
<NUMSTATES> 5
<STATE> 2
<MEAN> 2
 1.329494e+02 -2.420574e+02
<VARIANCE> 2
 1.666791e+06 8.597872e+05
<GCONST> 3.166660e+01
<STATE> 3
<MEAN> 2
 -1.193353e+02 2.700490e+02
<VARIANCE> 2
 6.802848e+06 3.216239e+06
<GCONST> 3.439233e+01
<STATE> 4
<MEAN> 2
 -6.019623e+00 5.538761e+00
<VARIANCE> 2
 2.366244e+05 2.261876e+05
<GCONST> 2.837910e+01
<TRANSP> 5
 0.000000e+00 1.000000e+00 0.000000e+00 0.000000e+00 0.000000e+00
 0.000000e+00 9.996676e-01 3.323306e-04 0.000000e+00 0.000000e+00
 0.000000e+00 0.000000e+00 9.995552e-01 4.448141e-04 0.000000e+00
 0.000000e+00 0.000000e+00 0.000000e+00 9.999543e-01 4.567221e-05
 0.000000e+00 0.000000e+00 0.000000e+00 0.000000e+00 0.000000e+00
<ENDHMM>
~h "SegundoESO"
<BEGINHMM>
<NUMSTATES> 5
<STATE> 2
<MEAN> 2
 -5.636486e+02 4.213071e+02
<VARIANCE> 2
 2.341050e+07 1.355250e+07
<GCONST> 3.706653e+01
<STATE> 3
<MEAN> 2
 3.276943e+02 -4.581640e+02
<VARIANCE> 2
 1.543658e+06 9.733673e+06
<GCONST> 3.401652e+01
<STATE> 4
<MEAN> 2
 -5.365692e+00 3.547540e+01
<VARIANCE> 2
 7.116281e+05 5.031263e+05
<GCONST> 3.027966e+01
<TRANSP> 5
 0.000000e+00 1.000000e+00 0.000000e+00 0.000000e+00 0.000000e+00
 0.000000e+00 9.994130e-01 5.870217e-04 0.000000e+00 0.000000e+00
 0.000000e+00 0.000000e+00 9.996966e-01 3.034145e-04 0.000000e+00
 0.000000e+00 0.000000e+00 0.000000e+00 9.999552e-01 4.477525e-05
 0.000000e+00 0.000000e+00 0.000000e+00 0.000000e+00 0.000000e+00
<ENDHMM>
~h "QuintoPRIMARIA"
<BEGINHMM>
<NUMSTATES> 5
<STATE> 2
<MEAN> 2
 -3.441938e+01 -1.786470e+02
<VARIANCE> 2
 3.714318e+06 4.724819e+06
<GCONST> 3.417180e+01
<STATE> 3
<MEAN> 2
 1.207627e+01 1.292950e+02
<VARIANCE> 2
 5.357531e+05 6.060838e+06
<GCONST> 3.248454e+01
<STATE> 4
<MEAN> 2
 2.914936e+00 2.098686e+00
<VARIANCE> 2
 2.998729e+05 3.878481e+05
<GCONST> 2.915524e+01
<TRANSP> 5
 0.000000e+00 1.000000e+00 0.000000e+00 0.000000e+00 0.000000e+00
 0.000000e+00 9.996850e-01 3.150031e-04 0.000000e+00 0.000000e+00
 0.000000e+00 0.000000e+00 9.997531e-01 2.468685e-04 0.000000e+00
 0.000000e+00 0.000000e+00 0.000000e+00 9.999517e-01 4.834932e-05
 0.000000e+00 0.000000e+00 0.000000e+00 0.000000e+00 0.000000e+00
<ENDHMM>
