~o
<STREAMINFO> 1 6
<VECSIZE> 6<NULLD><USER><DIAGC>
~h "SegundoPRIMARIA"
<BEGINHMM>
<NUMSTATES> 4
<STATE> 2
<NUMMIXES> 12
<MIXTURE> 1 7.475624e-02
<MEAN> 6
 8.574551e+01 -2.539007e+01 2.090016e+02 -1.812645e+00 -1.833959e+01 -1.452474e+02
<VARIANCE> 6
 3.426991e+02 4.636617e+05 3.649270e+06 2.974921e+02 3.970494e+04 5.102170e+07
<GCONST> 7.905344e+01
<MIXTURE> 2 4.432665e-02
<MEAN> 6
 2.665551e+01 4.177050e+02 -4.609501e+02 -9.702508e+01 -4.603741e+01 4.777282e+03
<VARIANCE> 6
 5.016296e+03 1.713248e+07 1.499847e+06 8.069800e+04 5.405394e+06 3.528485e+09
<GCONST> 9.921059e+01
<MIXTURE> 3 7.981804e-02
<MEAN> 6
 -6.706346e+01 2.770733e+01 -1.393217e+02 5.056513e+00 2.469753e+02 4.548650e+02
<VARIANCE> 6
 1.800094e+02 9.247837e+05 1.437642e+06 1.895923e+03 9.070832e+04 5.102170e+07
<GCONST> 8.084673e+01
<MIXTURE> 4 1.053909e-01
<MEAN> 6
 7.220863e+01 7.452707e+02 -3.096636e+02 3.988487e-01 -1.198693e+01 -1.178089e+02
<VARIANCE> 6
 3.458107e+01 1.733062e+06 3.976454e+05 2.974921e+02 3.970494e+04 5.102170e+07
<GCONST> 7.586166e+01
<MIXTURE> 5 9.026527e-02
<MEAN> 6
 5.117386e+01 5.660271e+01 -1.057862e+02 7.898017e+01 -3.878719e+02 -1.557368e+03
<VARIANCE> 6
 1.163599e+03 7.700103e+05 1.378979e+06 3.622706e+04 2.121481e+05 5.929523e+07
<GCONST> 8.643819e+01
<MIXTURE> 6 8.345934e-02
<MEAN> 6
 7.114328e+01 1.584157e+01 -1.216545e+02 -7.903554e-02 -5.212454e+00 -9.547067e+01
<VARIANCE> 6
 3.216270e+01 2.041005e+04 4.646525e+04 2.974921e+02 3.970494e+04 5.102170e+07
<GCONST> 6.920069e+01
<MIXTURE> 7 1.021391e-01
<MEAN> 6
 -4.128189e+01 3.021324e+01 -4.116729e+01 1.790054e+01 9.544919e+02 -1.418228e+03
<VARIANCE> 6
 5.465486e+02 5.555273e+05 1.964501e+06 4.668232e+04 4.928676e+05 2.689348e+08
<GCONST> 8.831841e+01
<MIXTURE> 8 4.285370e-02
<MEAN> 6
 9.144951e+01 -1.631809e+03 4.426733e+02 -6.697688e+00 -2.411610e+01 -2.399786e+02
<VARIANCE> 6
 4.831698e+02 2.780624e+07 8.633559e+05 2.974921e+02 3.970494e+04 5.102170e+07
<GCONST> 8.204936e+01
<MIXTURE> 9 8.096792e-02
<MEAN> 6
 6.746338e+01 -1.124004e+02 -6.469838e+02 4.534619e-01 -7.460479e+00 -8.117421e+01
<VARIANCE> 6
 7.198209e+01 7.987661e+04 1.581069e+05 2.974921e+02 3.970494e+04 5.102170e+07
<GCONST> 7.259532e+01
<MIXTURE> 10 1.359374e-01
<MEAN> 6
 6.383223e+01 -2.467858e+01 1.355835e+02 7.778871e-01 -5.854079e+00 -1.122068e+02
<VARIANCE> 6
 4.849324e+01 4.095403e+05 3.378619e+05 2.974921e+02 3.970494e+04 5.102170e+07
<GCONST> 7.459425e+01
<MIXTURE> 11 8.466673e-02
<MEAN> 6
 6.140221e+01 2.602777e+01 -9.261397e+01 -8.509067e+01 -9.219342e+02 9.147847e+02
<VARIANCE> 6
 1.092275e+03 2.801292e+05 1.970788e+06 4.883203e+04 7.049321e+05 2.672851e+08
<GCONST> 8.872606e+01
<MIXTURE> 12 7.503930e-02
<MEAN> 6
 7.878504e+01 -1.392966e+02 1.413797e+02 -1.086973e+00 -1.582619e+01 -1.057088e+02
<VARIANCE> 6
 2.324201e+02 4.124609e+05 3.791512e+06 2.974921e+02 3.970494e+04 5.102170e+07
<GCONST> 7.858636e+01
<STATE> 3
<NUMMIXES> 12
<MIXTURE> 1 5.934036e-03
<MEAN> 6
 -3.666666e+00 -3.492895e+02 1.873665e+02 2.036991e+01 -1.968245e+02 6.619605e+03
<VARIANCE> 6
 9.096183e+03 6.798076e+05 1.870118e+06 1.222644e+06 6.634892e+08 9.599223e+11
<GCONST> 1.099336e+02
<MIXTURE> 2 1.166149e-01
<MEAN> 6
 2.397787e+01 4.218599e+01 3.345771e+00 2.476473e+02 1.139417e+00 -3.065556e+03
<VARIANCE> 6
 7.266786e+02 1.931222e+05 1.203235e+05 6.736057e+03 1.836577e+05 6.596717e+07
<GCONST> 8.042549e+01
<MIXTURE> 3 6.282627e-02
<MEAN> 6
 9.559717e+01 -2.699416e+01 1.472869e+02 2.235215e+01 -1.098495e+03 1.213446e+03
<VARIANCE> 6
 1.061824e+03 9.987939e+05 5.471084e+05 4.504175e+04 3.311780e+06 2.217506e+09
<GCONST> 9.226971e+01
<MIXTURE> 4 8.423468e-02
<MEAN> 6
 1.029096e+02 1.189981e+02 9.111357e+01 -6.143414e+00 -2.165225e+01 -1.324397e+02
<VARIANCE> 6
 2.781066e+02 1.166614e+06 3.633412e+05 2.974921e+02 3.970494e+04 5.102170e+07
<GCONST> 7.746036e+01
<MIXTURE> 5 1.019072e-01
<MEAN> 6
 -3.799852e+01 -3.185257e+01 3.685687e+01 -1.214662e+02 1.328592e+03 2.114990e+03
<VARIANCE> 6
 7.511515e+02 2.203117e+05 2.872104e+05 4.899221e+04 1.289583e+06 9.037144e+08
<GCONST> 8.801091e+01
<MIXTURE> 6 6.565136e-02
<MEAN> 6
 8.527168e+01 3.076373e+01 1.867647e+02 1.741658e+00 -5.065606e+02 4.933540e+02
<VARIANCE> 6
 3.440834e+02 1.399520e+05 2.469514e+05 1.949837e+04 1.662708e+05 5.102170e+07
<GCONST> 8.078137e+01
<MIXTURE> 7 1.274153e-01
<MEAN> 6
 -4.221736e+01 2.631798e+01 -4.988643e+00 6.851973e+01 8.303546e+02 -9.987418e+02
<VARIANCE> 6
 2.846140e+02 1.585346e+05 9.520198e+04 1.855836e+04 2.057560e+05 6.688280e+07
<GCONST> 8.019745e+01
<MIXTURE> 8 7.837292e-02
<MEAN> 6
 8.443083e+01 1.683599e+01 2.623376e+01 4.647432e+01 -8.440185e+02 -3.337970e+03
<VARIANCE> 6
 6.080821e+02 9.232939e+04 3.977594e+04 3.289083e+04 8.253359e+05 3.549685e+08
<GCONST> 8.317374e+01
<MIXTURE> 9 1.302681e-01
<MEAN> 6
 9.233738e+01 -1.114059e+02 -8.736681e+01 -3.864718e+00 -2.568234e+01 -2.084556e+02
<VARIANCE> 6
 1.532100e+02 1.539213e+05 1.141554e+05 2.974921e+02 3.970494e+04 5.102170e+07
<GCONST> 7.368097e+01
<MIXTURE> 10 7.450429e-02
<MEAN> 6
 -5.495735e+01 3.395064e+01 -8.009268e+00 5.169974e+00 2.139802e+02 4.116816e+02
<VARIANCE> 6
 2.212238e+02 1.555488e+05 1.559215e+05 7.995702e+02 7.630086e+04 5.102170e+07
<GCONST> 7.601254e+01
<MIXTURE> 11 8.702862e-02
<MEAN> 6
 2.710778e+01 -7.380877e+00 5.816741e+01 -2.838867e+02 -3.934188e+02 6.096381e+03
<VARIANCE> 6
 7.885103e+02 9.904768e+04 1.094510e+05 9.458608e+03 5.791836e+05 1.906935e+08
<GCONST> 8.229424e+01
<MIXTURE> 12 6.444634e-02
<MEAN> 6
 8.153648e+01 -1.239911e+02 3.633581e+01 -5.700318e+01 -7.185674e+02 -2.029269e+03
<VARIANCE> 6
 3.268956e+02 1.913559e+05 1.879973e+05 2.195773e+04 1.991686e+05 5.160090e+07
<GCONST> 8.108081e+01
<TRANSP> 4
 0.000000e+00 1.000000e+00 0.000000e+00 0.000000e+00
 0.000000e+00 9.998627e-01 1.372948e-04 0.000000e+00
 0.000000e+00 0.000000e+00 9.999492e-01 5.077452e-05
 0.000000e+00 0.000000e+00 0.000000e+00 0.000000e+00
<ENDHMM>
~h "SegundoESO"
<BEGINHMM>
<NUMSTATES> 4
<STATE> 2
<NUMMIXES> 12
<MIXTURE> 1 1.040952e-01
<MEAN> 6
 8.795155e+01 -1.489355e+03 1.360784e+03 -4.798646e+00 -2.069363e+01 -1.271565e+02
<VARIANCE> 6
 1.408503e+02 2.781341e+07 2.231414e+07 2.974921e+02 3.970494e+04 5.102170e+07
<GCONST> 8.406911e+01
<MIXTURE> 2 3.413520e-02
<MEAN> 6
 4.012174e+01 2.660949e+03 4.009711e+01 -5.936002e+01 -5.168323e+02 1.304177e+03
<VARIANCE> 6
 3.103726e+03 3.452878e+07 3.791308e+06 3.970947e+04 1.911139e+06 5.363737e+08
<GCONST> 9.672604e+01
<MIXTURE> 3 1.092478e-01
<MEAN> 6
 7.533009e+01 9.115861e+02 -9.490759e+02 -7.877761e-01 -7.330245e+00 -1.049825e+02
<VARIANCE> 6
 3.160539e+01 6.404148e+05 4.203185e+06 2.974921e+02 3.970494e+04 5.102170e+07
<GCONST> 7.713419e+01
<MIXTURE> 4 1.163692e-01
<MEAN> 6
 -3.605481e+01 5.440284e+01 -2.497439e+02 -1.737440e+00 4.892029e+02 -7.025650e+01
<VARIANCE> 6
 5.710475e+02 7.775109e+06 4.261749e+06 2.217413e+04 2.535268e+05 5.847273e+07
<GCONST> 8.884034e+01
<MIXTURE> 5 9.780724e-02
<MEAN> 6
 6.779568e+01 2.098354e+02 2.383717e+02 -3.585972e-01 -4.043855e+00 -1.084513e+02
<VARIANCE> 6
 3.160539e+01 2.988944e+05 2.151712e+04 2.974921e+02 3.970494e+04 5.102170e+07
<GCONST> 7.109742e+01
<MIXTURE> 6 5.232091e-02
<MEAN> 6
 4.565170e+01 1.793492e+03 -1.265884e+03 1.051286e+02 -1.721082e+02 -1.466500e+03
<VARIANCE> 6
 9.564040e+02 5.219436e+06 1.583853e+07 2.296704e+04 1.092221e+05 5.102170e+07
<GCONST> 8.932701e+01
<MIXTURE> 7 1.089312e-01
<MEAN> 6
 6.326766e+01 1.682244e+02 -2.344609e+02 1.563848e-01 -2.798333e+00 -1.092120e+02
<VARIANCE> 6
 4.113596e+01 2.767924e+06 2.729807e+04 2.974921e+02 3.970494e+04 5.102170e+07
<GCONST> 7.382471e+01
<MIXTURE> 8 6.466241e-02
<MEAN> 6
 7.069205e+01 4.377508e+02 -4.325354e+02 -3.448161e-01 -6.083044e+00 -8.683306e+01
<VARIANCE> 6
 3.160539e+01 1.176327e+05 2.687887e+05 2.974921e+02 3.970494e+04 5.102170e+07
<GCONST> 7.268997e+01
<MIXTURE> 9 1.087505e-01
<MEAN> 6
 6.036177e+01 4.594959e+01 -3.641154e+01 3.971506e-02 -1.638815e+00 -1.166190e+02
<VARIANCE> 6
 3.160539e+01 1.712965e+05 2.940787e+04 2.974921e+02 3.970494e+04 5.102170e+07
<GCONST> 7.085313e+01
<MIXTURE> 10 6.948631e-02
<MEAN> 6
 6.089381e+01 5.848942e+01 -8.698002e+02 1.134463e-01 3.243656e-01 -9.275035e+01
<VARIANCE> 6
 4.536489e+01 9.224849e+04 2.390107e+06 2.974921e+02 3.970494e+04 5.102170e+07
<GCONST> 7.499347e+01
<MIXTURE> 11 7.288963e-02
<MEAN> 6
 6.273362e+01 -1.359978e+03 -4.299667e+02 -5.094110e+01 -4.015037e+02 8.947303e+02
<VARIANCE> 6
 7.322336e+02 9.462627e+06 3.432260e+06 2.663000e+04 1.667118e+05 5.102170e+07
<GCONST> 8.869653e+01
<MIXTURE> 12 6.101193e-02
<MEAN> 6
 6.614598e+01 2.839239e+02 -7.970377e+02 -2.862958e-01 -4.726013e+00 -9.846038e+01
<VARIANCE> 6
 4.864700e+01 2.376638e+05 3.526672e+05 2.974921e+02 3.970494e+04 5.102170e+07
<GCONST> 7.409613e+01
<STATE> 3
<NUMMIXES> 12
<MIXTURE> 1 9.649425e-02
<MEAN> 6
 8.356760e+01 -2.711960e+00 -5.984251e+01 -5.232679e+00 -2.629428e+01 2.539397e+01
<VARIANCE> 6
 1.852227e+02 1.582247e+06 1.558060e+06 2.974921e+02 3.970494e+04 5.102170e+07
<GCONST> 7.881451e+01
<MIXTURE> 2 5.542126e-02
<MEAN> 6
 1.052186e+01 7.826099e+01 1.032323e+02 -1.356270e+02 1.813048e+02 6.873562e+03
<VARIANCE> 6
 3.171183e+03 1.776021e+06 2.696614e+06 4.118740e+04 2.571133e+06 8.504842e+08
<GCONST> 9.423357e+01
<MIXTURE> 3 6.493877e-02
<MEAN> 6
 -4.439578e+01 1.358864e+02 1.042789e+02 3.209378e+01 1.027955e+03 4.998586e+02
<VARIANCE> 6
 1.696158e+02 4.972109e+05 3.145742e+05 2.495711e+04 2.292409e+05 1.173611e+08
<GCONST> 8.298476e+01
<MIXTURE> 4 1.174837e-01
<MEAN> 6
 2.828353e+01 4.337796e+01 -6.194979e+00 1.973296e+01 -1.501625e+02 4.490200e+01
<VARIANCE> 6
 7.614518e+02 1.536598e+05 5.016425e+04 3.032665e+04 7.426448e+04 5.102170e+07
<GCONST> 7.971098e+01
<MIXTURE> 5 1.085693e-01
<MEAN> 6
 5.333353e+01 1.033495e+02 8.714739e+01 1.143824e+02 -3.682941e+02 -1.500301e+03
<VARIANCE> 6
 4.519812e+02 7.981101e+05 9.298816e+05 1.592565e+04 8.764987e+04 5.102170e+07
<GCONST> 8.327827e+01
<MIXTURE> 6 7.539830e-02
<MEAN> 6
 -2.288351e+00 1.672744e+02 1.511243e+02 -2.292249e+01 1.409870e+02 3.160891e+01
<VARIANCE> 6
 3.733859e+02 1.150333e+06 6.854239e+05 4.319535e+04 7.381777e+04 5.651982e+07
<GCONST> 8.407617e+01
<MIXTURE> 7 8.154926e-02
<MEAN> 6
 7.549959e+01 9.762121e+00 4.912153e+01 -1.983536e+01 -9.149149e+02 -1.646698e+03
<VARIANCE> 6
 2.367579e+02 4.241341e+05 1.563251e+05 1.835159e+04 3.147578e+05 1.655588e+08
<GCONST> 8.281367e+01
<MIXTURE> 8 7.356119e-02
<MEAN> 6
 -5.593481e+01 1.890847e+01 4.512437e+01 1.601742e+01 2.418263e+02 -1.042681e+02
<VARIANCE> 6
 1.577705e+02 4.646319e+05 6.258491e+05 7.256325e+02 7.078178e+04 5.102170e+07
<GCONST> 7.798643e+01
<MIXTURE> 9 9.597723e-02
<MEAN> 6
 7.889920e+01 -3.940402e+02 1.430526e+02 -3.993662e+00 -3.895388e+01 -9.534261e+01
<VARIANCE> 6
 9.971712e+01 5.055207e+05 1.591109e+05 2.974921e+02 3.970494e+04 5.102170e+07
<GCONST> 7.477268e+01
<MIXTURE> 10 7.911859e-02
<MEAN> 6
 5.956609e+01 -4.882339e+02 2.507332e+02 -9.970235e+01 -6.523347e+02 2.473745e+03
<VARIANCE> 6
 5.391898e+02 2.915980e+06 5.463871e+05 2.333514e+04 2.003112e+05 6.830370e+07
<GCONST> 8.571895e+01
<MIXTURE> 11 8.517193e-02
<MEAN> 6
 -1.394388e+01 -3.135842e+01 1.206625e+01 1.463062e+01 2.563999e+02 -1.973462e+03
<VARIANCE> 6
 2.014342e+02 2.364147e+05 1.794001e+05 3.955207e+04 1.386755e+05 1.252145e+08
<GCONST> 8.187425e+01
<MIXTURE> 12 6.488692e-02
<MEAN> 6
 -4.977467e+01 -4.490100e+01 -2.144995e+01 1.636648e+01 9.907910e+02 -1.859955e+03
<VARIANCE> 6
 1.719378e+02 5.090839e+05 3.800287e+05 1.657521e+04 2.319656e+05 1.367966e+08
<GCONST> 8.296678e+01
<TRANSP> 4
 0.000000e+00 1.000000e+00 0.000000e+00 0.000000e+00
 0.000000e+00 9.998377e-01 1.622849e-04 0.000000e+00
 0.000000e+00 0.000000e+00 9.999525e-01 4.749616e-05
 0.000000e+00 0.000000e+00 0.000000e+00 0.000000e+00
<ENDHMM>
~h "QuintoPRIMARIA"
<BEGINHMM>
<NUMSTATES> 4
<STATE> 2
<NUMMIXES> 12
<MIXTURE> 1 1.071823e-01
<MEAN> 6
 8.212663e+01 -5.501407e+01 3.489633e+01 -6.334782e+00 -2.716441e+01 -2.229046e+02
<VARIANCE> 6
 7.597621e+01 5.777880e+04 5.011377e+04 2.974921e+02 3.970494e+04 5.102170e+07
<GCONST> 7.117649e+01
<MIXTURE> 2 2.879763e-02
<MEAN> 6
 3.941211e+01 -1.017845e+02 -8.327354e+01 -1.180041e+01 -6.446365e+02 2.565741e+03
<VARIANCE> 6
 2.116569e+03 1.073956e+06 2.079902e+06 7.012492e+04 1.993158e+06 1.024704e+09
<GCONST> 9.353044e+01
<MIXTURE> 3 1.139355e-01
<MEAN> 6
 -3.075632e+01 9.107836e+00 1.610439e+02 1.048972e+02 6.822002e+02 -2.594177e+03
<VARIANCE> 6
 5.171816e+02 1.632949e+05 2.361242e+05 2.525710e+04 2.091157e+05 5.427156e+07
<GCONST> 8.184810e+01
<MIXTURE> 4 1.358402e-01
<MEAN> 6
 5.264790e+01 1.681762e+00 -3.074504e+01 8.078371e+01 -3.974446e+02 -9.324128e+02
<VARIANCE> 6
 5.713635e+02 8.979269e+04 1.010978e+05 2.543419e+04 1.286557e+05 5.102170e+07
<GCONST> 7.996089e+01
<MIXTURE> 5 1.108112e-01
<MEAN> 6
 7.940167e+01 -8.872943e+01 -2.609869e+02 -3.451758e+00 -1.900050e+01 -5.233973e+01
<VARIANCE> 6
 1.365751e+02 3.947924e+05 9.082274e+04 2.974921e+02 3.970494e+04 5.102170e+07
<GCONST> 7.427930e+01
<MIXTURE> 6 4.702619e-02
<MEAN> 6
 2.216899e+01 4.867572e+00 3.394442e+01 2.386666e+01 -2.063754e+02 -3.060360e+03
<VARIANCE> 6
 8.469442e+02 3.205392e+04 5.173759e+04 5.933297e+04 4.229093e+05 2.588033e+08
<GCONST> 8.231543e+01
<MIXTURE> 7 8.427400e-02
<MEAN> 6
 -5.384424e+01 -1.574566e-02 1.860604e+01 2.180024e+01 3.115836e+02 2.761805e+02
<VARIANCE> 6
 2.255825e+02 7.354502e+04 7.577923e+04 1.369989e+03 1.013337e+05 5.102170e+07
<GCONST> 7.538368e+01
<MIXTURE> 8 6.796877e-02
<MEAN> 6
 6.539256e+01 -1.664017e+01 1.422375e+02 -7.034469e-01 -1.552120e+01 -1.216834e+02
<VARIANCE> 6
 6.321827e+01 4.183327e+04 1.645376e+05 2.974921e+02 3.970494e+04 5.102170e+07
<GCONST> 7.185858e+01
<MIXTURE> 9 1.013362e-01
<MEAN> 6
 7.745966e+01 9.930965e+01 -8.353548e+01 -2.756939e+01 -1.018647e+03 -3.539949e+02
<VARIANCE> 6
 3.239213e+02 2.950616e+05 1.409358e+05 2.321936e+04 4.479667e+05 1.857541e+08
<GCONST> 8.336391e+01
<MIXTURE> 10 6.708670e-02
<MEAN> 6
 -4.625841e+01 -6.271378e+01 4.256710e+01 -1.031437e+02 1.404898e+03 2.973856e+03
<VARIANCE> 6
 3.291671e+02 1.423042e+05 1.460892e+05 3.064295e+04 6.595732e+05 5.618147e+08
<GCONST> 8.445771e+01
<MIXTURE> 11 6.500433e-02
<MEAN> 6
 9.524561e+00 -3.397142e+01 -1.884614e+01 -2.308104e+02 -1.041094e+02 5.379085e+03
<VARIANCE> 6
 5.798043e+02 7.869809e+04 1.392778e+05 1.283395e+04 2.938702e+05 1.336681e+08
<GCONST> 8.126917e+01
<MIXTURE> 12 6.967559e-02
<MEAN> 6
 6.130989e+01 -4.541909e+01 -7.922824e+01 -5.203192e-01 -1.336691e+01 -1.508084e+02
<VARIANCE> 6
 3.349131e+01 2.332652e+04 1.363847e+05 2.974921e+02 3.970494e+04 5.102170e+07
<GCONST> 7.045151e+01
<STATE> 3
<NUMMIXES> 12
<MIXTURE> 1 1.123540e-01
<MEAN> 6
 8.427638e+01 1.362056e+02 1.057043e+03 -2.941995e+00 -1.566259e+01 -4.255900e+01
<VARIANCE> 6
 2.241726e+02 2.588046e+06 2.054642e+06 2.974921e+02 3.970494e+04 5.102170e+07
<GCONST> 7.977409e+01
<MIXTURE> 2 1.349248e-02
<MEAN> 6
 -5.055107e+00 1.753720e+02 7.222867e+01 3.612083e+01 -1.725032e+02 4.593149e+02
<VARIANCE> 6
 1.301492e+04 1.848528e+05 3.944125e+05 2.190603e+06 1.225009e+09 1.809405e+12
<GCONST> 1.092635e+02
<MIXTURE> 3 8.995903e-02
<MEAN> 6
 4.976913e+01 5.380657e+02 4.662372e+02 -1.992775e+00 -5.181487e+02 3.479685e+02
<VARIANCE> 6
 1.111348e+03 2.997434e+06 5.929038e+06 4.130216e+04 3.137800e+05 7.693997e+07
<GCONST> 8.999288e+01
<MIXTURE> 4 9.669204e-02
<MEAN> 6
 3.061405e+00 -1.481838e+02 -2.067100e+02 -9.135432e+01 2.276380e+02 3.585803e+03
<VARIANCE> 6
 4.138005e+03 2.204440e+06 1.806964e+06 5.178634e+04 3.430034e+06 1.786165e+09
<GCONST> 9.557467e+01
<MIXTURE> 5 2.471518e-02
<MEAN> 6
 6.708791e+01 -1.647005e+03 -3.326166e+03 -9.175540e-01 -9.517199e+00 8.332901e-01
<VARIANCE> 6
 1.341536e+02 2.235756e+07 1.402958e+07 2.974921e+02 3.970494e+04 5.102170e+07
<GCONST> 8.333798e+01
<MIXTURE> 6 7.704172e-02
<MEAN> 6
 -4.863159e+01 3.501863e+01 2.916878e+02 5.600902e+01 8.280874e+02 -1.561722e+01
<VARIANCE> 6
 2.230310e+02 1.570856e+06 2.206750e+06 2.062092e+04 2.880235e+05 7.416661e+07
<GCONST> 8.593542e+01
<MIXTURE> 7 1.062639e-01
<MEAN> 6
 6.544489e+01 -1.998101e+02 -4.685350e+02 9.027014e-01 -1.738982e+01 -1.082085e+02
<VARIANCE> 6
 1.428389e+02 3.498612e+05 3.857628e+06 2.974921e+02 3.970494e+04 5.102170e+07
<GCONST> 7.795221e+01
<MIXTURE> 8 1.193288e-01
<MEAN> 6
 -6.027721e+00 -1.693305e+02 8.454994e+01 4.685590e+01 1.318914e+02 -2.099991e+03
<VARIANCE> 6
 1.133632e+03 4.728720e+05 1.337011e+06 4.080007e+04 1.458683e+05 5.207759e+07
<GCONST> 8.550812e+01
<MIXTURE> 9 8.414858e-02
<MEAN> 6
 7.946508e+01 2.503186e+02 1.852382e+02 -1.107264e+01 -5.552678e+02 -1.436434e+03
<VARIANCE> 6
 2.141277e+02 5.816445e+05 5.872170e+05 1.386685e+04 3.931698e+05 1.353966e+08
<GCONST> 8.409357e+01
<MIXTURE> 10 1.158219e-01
<MEAN> 6
 8.440468e+01 5.196120e+02 -1.973661e+02 -3.232421e+00 -1.458257e+01 -1.768881e+02
<VARIANCE> 6
 2.471515e+02 4.505977e+05 6.416058e+05 2.974921e+02 3.970494e+04 5.102170e+07
<GCONST> 7.695970e+01
<MIXTURE> 11 7.560723e-02
<MEAN> 6
 4.612371e+01 -3.364300e+02 -8.518511e+01 1.566240e+00 -4.833933e+02 1.017849e+03
<VARIANCE> 6
 5.207808e+02 5.628936e+05 5.529093e+05 4.377683e+04 1.603364e+05 7.067359e+07
<GCONST> 8.449185e+01
<MIXTURE> 12 8.385535e-02
<MEAN> 6
 -6.280001e+01 -8.400853e+01 -1.581768e+02 1.213420e+01 4.553780e+02 -5.107477e+02
<VARIANCE> 6
 1.679457e+02 8.981654e+05 1.429086e+06 4.608105e+03 2.043726e+05 6.764812e+07
<GCONST> 8.272466e+01
<TRANSP> 4
 0.000000e+00 1.000000e+00 0.000000e+00 0.000000e+00
 0.000000e+00 9.999338e-01 6.618445e-05 0.000000e+00
 0.000000e+00 0.000000e+00 9.999215e-01 7.851170e-05
 0.000000e+00 0.000000e+00 0.000000e+00 0.000000e+00
<ENDHMM>
