~o
<STREAMINFO> 1 6
<VECSIZE> 6<NULLD><USER><DIAGC>
~h "SegundoPRIMARIA"
<BEGINHMM>
<NUMSTATES> 3
<STATE> 2
<MEAN> 6
 3.831951e+01 -1.886259e-06 -3.014476e-04 3.281592e-01 -9.835798e-02 -2.127851e+00
<VARIANCE> 6
 3.752837e+03 8.195313e+05 5.716733e+05 3.488102e+04 3.784944e+06 4.452180e+09
<GCONST> 9.395324e+01
<TRANSP> 3
 0.000000e+00 1.000000e+00 0.000000e+00
 0.000000e+00 9.999627e-01 3.730236e-05
 0.000000e+00 0.000000e+00 0.000000e+00
<ENDHMM>
~h "SegundoESO"
<BEGINHMM>
<NUMSTATES> 3
<STATE> 2
<MEAN> 6
 3.187818e+01 6.383747e-04 5.988747e-05 3.288118e-01 -9.622202e-02 -6.863639e-02
<VARIANCE> 6
 2.637616e+03 2.238164e+06 1.699952e+06 1.976026e+04 4.264879e+05 9.392334e+07
<GCONST> 8.908493e+01
<TRANSP> 3
 0.000000e+00 1.000000e+00 0.000000e+00
 0.000000e+00 9.999629e-01 3.707283e-05
 0.000000e+00 0.000000e+00 0.000000e+00
<ENDHMM>
~h "QuintoPRIMARIA"
<BEGINHMM>
<NUMSTATES> 3
<STATE> 2
<MEAN> 6
 3.248457e+01 2.708609e-04 -9.772412e-05 3.327201e-01 -1.333795e-02 3.162785e+00
<VARIANCE> 6
 3.189880e+03 7.444108e+05 1.187008e+06 3.665246e+04 8.254142e+06 1.142745e+10
<GCONST> 9.619704e+01
<TRANSP> 3
 0.000000e+00 1.000000e+00 0.000000e+00
 0.000000e+00 9.999640e-01 3.603094e-05
 0.000000e+00 0.000000e+00 0.000000e+00
<ENDHMM>
