~o
<STREAMINFO> 1 6
<VECSIZE> 6<NULLD><USER><DIAGC>
~h "SegundoPRIMARIA"
<BEGINHMM>
<NUMSTATES> 7
<STATE> 2
<NUMMIXES> 6
<MIXTURE> 1 1.553744e-01
<MEAN> 6
 8.473767e+01 -5.908041e+00 3.273454e+02 -1.659878e+00 -3.282328e+01 -2.534189e+02
<VARIANCE> 6
 3.686571e+02 7.029782e+05 2.404259e+06 3.028640e+02 4.053393e+04 5.195771e+07
<GCONST> 7.918208e+01
<MIXTURE> 2 9.643508e-02
<MEAN> 6
 3.051409e+01 -3.820775e+02 -3.092102e+01 -5.881173e+01 1.043657e+02 1.969813e+03
<VARIANCE> 6
 5.375283e+03 2.366859e+07 1.673774e+06 6.069602e+04 4.531434e+06 2.550401e+09
<GCONST> 9.892677e+01
<MIXTURE> 3 2.450152e-01
<MEAN> 6
 -1.363605e+01 1.178515e+01 3.079500e+01 9.149744e+01 4.206426e+02 -1.933357e+03
<VARIANCE> 6
 2.811150e+03 3.662078e+05 9.733366e+05 3.196513e+04 5.268844e+05 7.711906e+07
<GCONST> 8.727606e+01
<MIXTURE> 4 9.357207e-02
<MEAN> 6
 -6.789211e+01 1.411215e+02 -2.218712e+02 -7.461124e-01 1.959355e+02 3.504420e+02
<VARIANCE> 6
 2.537276e+02 3.536673e+05 1.526744e+06 7.882314e+02 7.025402e+04 5.195771e+07
<GCONST> 7.917389e+01
<MIXTURE> 5 2.539119e-01
<MEAN> 6
 4.698243e+01 -4.469582e+01 -3.452110e+01 -6.206862e+01 -4.706555e+02 1.265011e+03
<VARIANCE> 6
 2.504418e+03 3.174611e+05 1.651258e+06 5.137523e+04 9.082623e+05 2.653669e+08
<GCONST> 8.980106e+01
<MIXTURE> 6 1.552093e-01
<MEAN> 6
 8.072178e+01 -7.303204e+01 1.396511e+02 -2.214663e+00 -3.980593e+01 -2.516088e+02
<VARIANCE> 6
 2.777667e+02 6.232062e+05 2.268502e+06 3.028640e+02 4.053393e+04 5.195771e+07
<GCONST> 7.872043e+01
<STATE> 3
<NUMMIXES> 6
<MIXTURE> 1 2.295702e-01
<MEAN> 6
 1.056667e+02 -8.591422e+02 1.377986e+02 -5.623353e+00 -2.609373e+00 -2.381423e+00
<VARIANCE> 6
 1.570767e+02 5.090446e+06 9.201925e+04 3.028640e+02 4.053393e+04 5.195771e+07
<GCONST> 7.704575e+01
<MIXTURE> 2 1.887492e-01
<MEAN> 6
 9.234734e+01 5.573760e+02 2.304595e+02 -2.117064e+00 -3.807305e+00 -1.733241e+01
<VARIANCE> 6
 3.185140e+01 1.596282e+05 1.756987e+04 3.028640e+02 4.053393e+04 5.195771e+07
<GCONST> 7.033201e+01
<MIXTURE> 3 1.892325e-01
<MEAN> 6
 9.143247e+01 -1.281680e+02 -1.584810e+02 -1.945660e+00 3.091899e+00 -5.117969e+01
<VARIANCE> 6
 3.185140e+01 4.238348e+04 1.039479e+05 3.028640e+02 4.053393e+04 5.195771e+07
<GCONST> 7.078362e+01
<MIXTURE> 4 1.164727e-01
<MEAN> 6
 8.894494e+01 8.583739e+01 3.645630e+02 -1.326711e+00 1.450755e+00 -1.046019e+02
<VARIANCE> 6
 3.185140e+01 6.660013e+04 4.298274e+04 3.028640e+02 4.053393e+04 5.195771e+07
<GCONST> 7.035248e+01
<MIXTURE> 5 1.558282e-01
<MEAN> 6
 9.325100e+01 -4.174864e+02 -5.563549e+02 -2.499650e-01 -3.879639e+00 -5.402559e+01
<VARIANCE> 6
 3.185140e+01 3.315960e+04 1.398304e+04 3.028640e+02 4.053393e+04 5.195771e+07
<GCONST> 6.853215e+01
<MIXTURE> 6 1.201480e-01
<MEAN> 6
 8.892128e+01 -9.891940e+01 2.415112e+02 -1.999765e+00 1.875332e+00 -7.920783e+01
<VARIANCE> 6
 3.185140e+01 9.452616e+04 5.295452e+04 3.028640e+02 4.053393e+04 5.195771e+07
<GCONST> 7.091129e+01
<STATE> 4
<NUMMIXES> 6
<MIXTURE> 1 1.467881e-01
<MEAN> 6
 7.694682e+01 1.696252e+02 3.366561e+01 5.860114e-01 -9.381351e+00 -5.069158e+01
<VARIANCE> 6
 3.185140e+01 3.412426e+04 2.423362e+04 3.028640e+02 4.053393e+04 5.195771e+07
<GCONST> 6.911073e+01
<MIXTURE> 2 1.365861e-01
<MEAN> 6
 7.091756e+01 -1.595925e+02 2.310307e+02 3.673289e-01 -2.086627e+00 -1.349597e+02
<VARIANCE> 6
 3.185140e+01 4.255015e+04 1.665003e+04 3.028640e+02 4.053393e+04 5.195771e+07
<GCONST> 6.895607e+01
<MIXTURE> 3 1.700368e-01
<MEAN> 6
 6.516273e+01 2.970125e+02 -1.592974e+02 3.391836e-02 -4.751541e-01 -1.260034e+02
<VARIANCE> 6
 3.185140e+01 2.525221e+05 1.398304e+04 3.028640e+02 4.053393e+04 5.195771e+07
<GCONST> 7.056232e+01
<MIXTURE> 4 2.359320e-01
<MEAN> 6
 7.320200e+01 3.773310e+01 -2.586638e+02 -6.207706e-02 -3.472023e+00 -1.279727e+02
<VARIANCE> 6
 3.790866e+01 9.945479e+03 2.508669e+04 3.028640e+02 4.053393e+04 5.195771e+07
<GCONST> 6.808652e+01
<MIXTURE> 5 1.799168e-01
<MEAN> 6
 6.296180e+01 -5.231037e+01 -2.356743e+02 5.117450e-01 2.856552e-01 -1.180799e+02
<VARIANCE> 6
 5.039863e+01 1.797386e+05 1.398304e+04 3.028640e+02 4.053393e+04 5.195771e+07
<GCONST> 7.068121e+01
<MIXTURE> 6 1.306484e-01
<MEAN> 6
 6.818904e+01 -2.624549e+02 2.176781e+02 3.930626e-01 2.794064e-01 -1.137089e+02
<VARIANCE> 6
 3.185140e+01 4.692012e+04 1.856739e+04 3.028640e+02 4.053393e+04 5.195771e+07
<GCONST> 6.916283e+01
<STATE> 5
<NUMMIXES> 6
<MIXTURE> 1 2.118163e-01
<MEAN> 6
 8.568138e+01 7.608261e+02 -1.649467e+03 -2.454775e+00 -6.382905e+00 6.671149e+01
<VARIANCE> 6
 5.417154e+01 3.846269e+05 9.225409e+05 3.028640e+02 4.053393e+04 5.195771e+07
<GCONST> 7.570345e+01
<MIXTURE> 2 2.052530e-01
<MEAN> 6
 7.613751e+01 1.179346e+03 5.233767e+02 -7.679057e-01 2.097425e-01 -1.822690e+02
<VARIANCE> 6
 3.185140e+01 1.171110e+06 1.398304e+04 3.028640e+02 4.053393e+04 5.195771e+07
<GCONST> 7.209653e+01
<MIXTURE> 3 1.309596e-01
<MEAN> 6
 7.476573e+01 1.525491e+02 -8.033397e+02 -2.551096e-01 -4.290359e+00 -4.636456e+01
<VARIANCE> 6
 3.890779e+01 1.645957e+05 2.412386e+04 3.028640e+02 4.053393e+04 5.195771e+07
<GCONST> 7.087978e+01
<MIXTURE> 4 1.854509e-01
<MEAN> 6
 6.854776e+01 -1.080886e+03 -6.151945e+02 -1.870428e-01 -1.865361e+00 -1.118080e+02
<VARIANCE> 6
 7.863912e+01 2.032350e+05 2.364262e+04 3.028640e+02 4.053393e+04 5.195771e+07
<GCONST> 7.177418e+01
<MIXTURE> 5 1.181872e-01
<MEAN> 6
 7.744569e+01 8.693428e+02 6.820019e+00 -1.418929e+00 -1.706591e+00 -1.189546e+01
<VARIANCE> 6
 3.185140e+01 2.749767e+06 1.097070e+05 3.028640e+02 4.053393e+04 5.195771e+07
<GCONST> 7.501006e+01
<MIXTURE> 6 1.482870e-01
<MEAN> 6
 6.756204e+01 -1.081269e+02 -9.714073e+02 -2.072107e-01 -1.122953e+01 -5.575680e+01
<VARIANCE> 6
 3.185140e+01 1.002729e+05 2.492955e+04 3.028640e+02 4.053393e+04 5.195771e+07
<GCONST> 7.021692e+01
<STATE> 6
<NUMMIXES> 6
<MIXTURE> 1 1.063971e-02
<MEAN> 6
 3.481309e+01 2.636823e+02 9.177025e+01 4.733727e+01 -9.950548e+02 3.171423e+03
<VARIANCE> 6
 8.417728e+03 2.436556e+06 1.778024e+06 7.802526e+05 4.222569e+08 6.097286e+11
<GCONST> 1.097272e+02
<MIXTURE> 2 3.264766e-01
<MEAN> 6
 -2.837494e+01 6.954601e+01 2.552323e+01 6.805154e+01 4.905225e+02 -1.154771e+03
<VARIANCE> 6
 1.064281e+03 1.706383e+05 7.676469e+04 2.711789e+04 3.045803e+05 6.695148e+07
<GCONST> 8.214724e+01
<MIXTURE> 3 1.680189e-01
<MEAN> 6
 6.033401e+01 1.265481e+01 1.375323e+02 -6.085971e+00 -8.590457e+02 -1.680291e+03
<VARIANCE> 6
 1.766557e+03 1.416091e+05 3.798612e+05 6.865921e+04 1.314669e+06 6.037476e+08
<GCONST> 8.865710e+01
<MIXTURE> 4 1.871030e-01
<MEAN> 6
 9.284595e+01 4.396122e+00 1.231513e+01 4.629908e+00 -1.532626e+02 2.325918e+02
<VARIANCE> 6
 3.552735e+02 3.459220e+05 1.241390e+05 6.158654e+03 1.185861e+05 5.195771e+07
<GCONST> 7.955823e+01
<MIXTURE> 5 1.337806e-01
<MEAN> 6
 -7.531135e+00 -1.502692e+01 -3.486934e+01 -1.453082e+02 8.170499e+02 6.333670e+03
<VARIANCE> 6
 3.003486e+03 4.443755e+05 1.903992e+05 4.895180e+04 2.172656e+06 9.666495e+08
<GCONST> 9.027549e+01
<MIXTURE> 6 1.730511e-01
<MEAN> 6
 8.414682e+01 -1.128324e+02 -5.347859e+01 -1.508380e+01 -4.939547e+02 -1.442491e+03
<VARIANCE> 6
 3.827954e+02 3.062347e+05 9.622877e+04 1.928807e+04 3.045909e+05 5.377039e+07
<GCONST> 8.137555e+01
<TRANSP> 7
 0.000000e+00 1.000000e+00 0.000000e+00 0.000000e+00 0.000000e+00 0.000000e+00 0.000000e+00
 0.000000e+00 9.998296e-01 1.704316e-04 0.000000e+00 0.000000e+00 0.000000e+00 0.000000e+00
 0.000000e+00 0.000000e+00 9.989677e-01 1.032349e-03 0.000000e+00 0.000000e+00 0.000000e+00
 0.000000e+00 0.000000e+00 0.000000e+00 9.994196e-01 5.804395e-04 0.000000e+00 0.000000e+00
 0.000000e+00 0.000000e+00 0.000000e+00 0.000000e+00 9.989150e-01 1.084961e-03 0.000000e+00
 0.000000e+00 0.000000e+00 0.000000e+00 0.000000e+00 0.000000e+00 9.999424e-01 5.759194e-05
 0.000000e+00 0.000000e+00 0.000000e+00 0.000000e+00 0.000000e+00 0.000000e+00 0.000000e+00
<ENDHMM>
~h "SegundoESO"
<BEGINHMM>
<NUMSTATES> 7
<STATE> 2
<NUMMIXES> 6
<MIXTURE> 1 1.337226e-01
<MEAN> 6
 8.568072e+01 -4.226666e+03 6.650486e+03 6.007801e-01 -1.811631e+01 -7.737882e+01
<VARIANCE> 6
 9.787149e+01 2.820328e+06 3.433769e+07 1.052538e+03 5.293996e+04 5.195771e+07
<GCONST> 8.341685e+01
<MIXTURE> 2 1.828257e-01
<MEAN> 6
 6.200793e+01 1.725331e+03 -2.202890e+02 2.194144e-01 -4.372178e+00 -1.486561e+02
<VARIANCE> 6
 3.185140e+01 9.803009e+05 2.306790e+04 3.028640e+02 4.053393e+04 5.195771e+07
<GCONST> 7.241927e+01
<MIXTURE> 3 2.401322e-01
<MEAN> 6
 6.669215e+01 1.477304e+02 -5.191319e+03 -1.807217e-01 -2.443674e+00 -4.546943e+01
<VARIANCE> 6
 7.249842e+01 1.767814e+05 6.583612e+06 3.028640e+02 4.053393e+04 5.195771e+07
<GCONST> 7.718271e+01
<MIXTURE> 4 1.130458e-01
<MEAN> 6
 6.349470e+01 1.310090e+03 -1.123575e+03 -1.457646e-01 -4.619547e+00 -8.935355e+01
<VARIANCE> 6
 3.185140e+01 2.026982e+06 1.648490e+05 3.028640e+02 4.053393e+04 5.195771e+07
<GCONST> 7.511230e+01
<MIXTURE> 5 1.973040e-01
<MEAN> 6
 6.166101e+01 -6.979213e+02 -4.981362e+02 1.247908e-01 -3.903148e+00 -1.100313e+02
<VARIANCE> 6
 3.185140e+01 7.813483e+05 3.137736e+04 3.028640e+02 4.053393e+04 5.195771e+07
<GCONST> 7.250008e+01
<MIXTURE> 6 1.329692e-01
<MEAN> 6
 6.219909e+01 4.245361e+02 -1.363572e+03 -2.092769e-01 -2.404184e+00 -1.015007e+02
<VARIANCE> 6
 3.185140e+01 5.362561e+05 2.478509e+05 3.028640e+02 4.053393e+04 5.195771e+07
<GCONST> 7.419041e+01
<STATE> 3
<NUMMIXES> 6
<MIXTURE> 1 1.927044e-01
<MEAN> 6
 7.534741e+01 1.494097e+02 1.806081e+03 -5.611949e-03 -1.398768e+00 -1.300113e+02
<VARIANCE> 6
 3.535550e+01 1.423225e+06 9.093708e+05 3.028640e+02 4.053393e+04 5.195771e+07
<GCONST> 7.657078e+01
<MIXTURE> 2 6.602141e-02
<MEAN> 6
 8.744673e+01 -1.130899e+03 3.834775e+02 -2.470613e+00 -2.194359e+00 -1.286968e+02
<VARIANCE> 6
 3.185140e+01 4.184356e+05 3.695245e+04 3.028640e+02 4.053393e+04 5.195771e+07
<GCONST> 7.203912e+01
<MIXTURE> 3 1.422257e-01
<MEAN> 6
 7.786526e+01 -1.635408e+03 9.671026e+00 -1.194334e+00 1.343185e+00 -1.181927e+02
<VARIANCE> 6
 8.570303e+01 9.548078e+05 1.396387e+05 3.028640e+02 4.053393e+04 5.195771e+07
<GCONST> 7.518335e+01
<MIXTURE> 4 2.128015e-01
<MEAN> 6
 7.352050e+01 4.449447e+02 2.837621e+02 -3.029960e-01 -4.393010e+00 -9.981393e+01
<VARIANCE> 6
 3.185140e+01 8.665961e+04 1.889827e+05 3.028640e+02 4.053393e+04 5.195771e+07
<GCONST> 7.209662e+01
<MIXTURE> 5 1.595158e-01
<MEAN> 6
 8.223740e+01 -7.610974e+02 1.201679e+02 -2.067453e-01 -3.854747e+00 -1.486962e+02
<VARIANCE> 6
 3.185140e+01 1.745505e+04 2.492049e+04 3.028640e+02 4.053393e+04 5.195771e+07
<GCONST> 6.846829e+01
<MIXTURE> 6 2.266544e-01
<MEAN> 6
 7.096709e+01 2.889903e+02 2.105220e+02 -2.470217e-01 -3.005841e+00 -1.103963e+02
<VARIANCE> 6
 3.185140e+01 1.178027e+05 2.404288e+05 3.028640e+02 4.053393e+04 5.195771e+07
<GCONST> 7.264441e+01
<STATE> 4
<NUMMIXES> 6
<MIXTURE> 1 1.372509e-01
<MEAN> 6
 -4.567851e+00 5.111395e+02 3.533642e+02 -6.638940e+01 3.971247e+02 2.362330e+03
<VARIANCE> 6
 2.777781e+03 3.318501e+06 6.565244e+06 4.789130e+04 1.767127e+06 5.755414e+08
<GCONST> 9.500137e+01
<MIXTURE> 2 1.615984e-01
<MEAN> 6
 8.561307e+01 -3.968422e+02 -4.342356e+02 -4.831685e+00 -3.824893e+01 -1.528529e+02
<VARIANCE> 6
 1.834725e+02 2.827042e+06 6.191636e+06 3.028640e+02 4.053393e+04 5.195771e+07
<GCONST> 8.082190e+01
<MIXTURE> 3 1.832807e-01
<MEAN> 6
 6.271002e+01 2.406108e+02 1.660009e+02 3.324664e+01 -4.931979e+02 2.098034e+02
<VARIANCE> 6
 5.569749e+02 1.285309e+06 2.517427e+06 2.713009e+04 1.735149e+05 6.231915e+07
<GCONST> 8.637524e+01
<MIXTURE> 4 1.836851e-01
<MEAN> 6
 -2.901732e+01 1.887378e+02 3.730029e+01 5.290587e+01 5.484069e+02 -1.903873e+03
<VARIANCE> 6
 6.855023e+02 3.906948e+05 3.274268e+05 2.752882e+04 3.197815e+05 8.111691e+07
<GCONST> 8.424191e+01
<MIXTURE> 5 1.653493e-01
<MEAN> 6
 -3.163544e+01 -6.418386e+00 2.286188e+01 3.790147e-01 2.736187e+02 3.424451e+02
<VARIANCE> 6
 7.052209e+02 1.162993e+06 1.805583e+06 1.876892e+04 1.093196e+05 5.195771e+07
<GCONST> 8.516661e+01
<MIXTURE> 6 1.683292e-01
<MEAN> 6
 5.899775e+01 -1.214317e+02 -3.154930e+01 -3.262083e+01 -6.130302e+02 -1.496522e+02
<VARIANCE> 6
 6.862529e+02 2.993531e+06 1.036382e+06 3.420731e+04 2.709805e+05 8.073180e+07
<GCONST> 8.747836e+01
<STATE> 5
<NUMMIXES> 6
<MIXTURE> 1 1.357656e-01
<MEAN> 6
 6.977840e+01 3.600120e+02 1.892532e+02 -1.172665e+00 -5.251469e+00 -3.500714e+01
<VARIANCE> 6
 3.185140e+01 8.692399e+05 8.086414e+04 3.028640e+02 4.053393e+04 5.195771e+07
<GCONST> 7.355336e+01
<MIXTURE> 2 2.001716e-01
<MEAN> 6
 7.968417e+01 -7.649803e-02 -1.443831e+02 -2.505394e+00 -3.756649e+00 -6.843139e+01
<VARIANCE> 6
 2.112982e+02 1.027641e+05 1.500909e+05 3.028640e+02 4.053393e+04 5.195771e+07
<GCONST> 7.392884e+01
<MIXTURE> 3 2.097716e-01
<MEAN> 6
 6.063831e+01 1.883429e+02 3.902073e+01 8.398237e-02 -1.262221e+00 -1.049567e+02
<VARIANCE> 6
 3.185140e+01 2.120518e+05 1.973764e+04 3.028640e+02 4.053393e+04 5.195771e+07
<GCONST> 7.073233e+01
<MIXTURE> 4 1.732443e-01
<MEAN> 6
 6.233611e+01 8.785335e+01 -9.775104e+01 -7.408854e-02 -2.184365e+00 -1.173600e+02
<VARIANCE> 6
 5.891897e+01 2.990912e+04 1.006685e+05 3.028640e+02 4.053393e+04 5.195771e+07
<GCONST> 7.101805e+01
<MIXTURE> 5 1.397132e-01
<MEAN> 6
 6.250806e+01 -2.407129e+02 -2.223567e+01 -7.174113e-02 -2.655313e+00 -7.770378e+01
<VARIANCE> 6
 3.185140e+01 5.306544e+05 2.252810e+04 3.028640e+02 4.053393e+04 5.195771e+07
<GCONST> 7.178185e+01
<MIXTURE> 6 1.412809e-01
<MEAN> 6
 6.920260e+01 8.423642e+01 1.061330e+02 -9.124131e-01 -6.152741e+00 -4.675191e+01
<VARIANCE> 6
 3.291234e+01 5.257625e+05 7.279691e+04 3.028640e+02 4.053393e+04 5.195771e+07
<GCONST> 7.297826e+01
<STATE> 6
<NUMMIXES> 6
<MIXTURE> 1 1.725668e-01
<MEAN> 6
 6.300334e+01 -2.064777e+02 -1.052468e+02 4.041075e+01 -1.673504e+02 -2.089465e+02
<VARIANCE> 6
 5.595947e+02 8.908621e+05 3.190224e+05 1.007653e+04 6.007521e+04 5.195771e+07
<GCONST> 8.171469e+01
<MIXTURE> 2 1.527084e-01
<MEAN> 6
 6.169430e+00 9.897571e+01 1.104493e+02 -8.398730e+01 9.088694e+01 2.790147e+03
<VARIANCE> 6
 2.296264e+03 6.316025e+05 2.422079e+05 3.022563e+04 1.307525e+06 4.262310e+08
<GCONST> 8.879045e+01
<MIXTURE> 3 1.921390e-01
<MEAN> 6
 -3.663741e+01 2.612861e+01 2.738893e+01 4.065805e+01 5.793804e+02 -1.368309e+03
<VARIANCE> 6
 3.481700e+02 1.666844e+05 9.952965e+04 1.359180e+04 2.115751e+05 5.316130e+07
<GCONST> 7.998042e+01
<MIXTURE> 4 1.457967e-01
<MEAN> 6
 6.442091e+01 2.734849e+01 2.087860e+01 9.494513e+00 -3.032454e+02 -8.467606e+01
<VARIANCE> 6
 2.448498e+02 1.850644e+05 4.901248e+04 1.117613e+04 1.168165e+05 5.195771e+07
<GCONST> 7.821204e+01
<MIXTURE> 5 1.942449e-01
<MEAN> 6
 -8.285039e+00 -5.637257e+01 -4.191484e+00 6.065310e+00 1.308151e+02 -1.638752e+02
<VARIANCE> 6
 5.869755e+02 1.354152e+05 8.012030e+04 2.961418e+04 9.172148e+04 5.195771e+07
<GCONST> 7.999809e+01
<MIXTURE> 6 1.419401e-01
<MEAN> 6
 5.925054e+01 -3.441173e+01 -2.221305e+01 -2.899867e+01 -5.414663e+02 -4.056797e+02
<VARIANCE> 6
 3.268529e+02 1.822716e+05 5.088423e+04 1.977411e+04 2.092997e+05 5.195771e+07
<GCONST> 7.967693e+01
<TRANSP> 7
 0.000000e+00 1.000000e+00 0.000000e+00 0.000000e+00 0.000000e+00 0.000000e+00 0.000000e+00
 0.000000e+00 9.992332e-01 7.667393e-04 0.000000e+00 0.000000e+00 0.000000e+00 0.000000e+00
 0.000000e+00 0.000000e+00 9.994146e-01 5.853866e-04 0.000000e+00 0.000000e+00 0.000000e+00
 0.000000e+00 0.000000e+00 0.000000e+00 9.999112e-01 8.876085e-05 0.000000e+00 0.000000e+00
 0.000000e+00 0.000000e+00 0.000000e+00 0.000000e+00 9.995307e-01 4.692777e-04 0.000000e+00
 0.000000e+00 0.000000e+00 0.000000e+00 0.000000e+00 0.000000e+00 9.999046e-01 9.543941e-05
 0.000000e+00 0.000000e+00 0.000000e+00 0.000000e+00 0.000000e+00 0.000000e+00 0.000000e+00
<ENDHMM>
~h "QuintoPRIMARIA"
<BEGINHMM>
<NUMSTATES> 7
<STATE> 2
<NUMMIXES> 6
<MIXTURE> 1 1.574802e-01
<MEAN> 6
 7.802518e+01 2.984410e+02 5.112017e+02 -1.402775e+00 -3.604192e+01 -1.814834e+02
<VARIANCE> 6
 1.711689e+02 7.692873e+05 3.112922e+06 3.028640e+02 4.053393e+04 5.195771e+07
<GCONST> 7.876332e+01
<MIXTURE> 2 1.290419e-01
<MEAN> 6
 8.545915e+00 -1.721913e+02 -9.393190e+02 -1.143088e+02 2.449891e+02 3.601157e+03
<VARIANCE> 6
 3.541758e+03 6.419530e+06 6.682895e+06 4.262814e+04 2.885030e+06 1.135020e+09
<GCONST> 9.697479e+01
<MIXTURE> 3 2.177406e-01
<MEAN> 6
 -2.756273e+00 -1.416483e+02 2.784138e+02 1.006809e+02 2.657806e+02 -1.880549e+03
<VARIANCE> 6
 2.259357e+03 8.323158e+05 2.235918e+06 2.960075e+04 5.238112e+05 5.195771e+07
<GCONST> 8.823260e+01
<MIXTURE> 4 1.064633e-01
<MEAN> 6
 -6.523933e+01 1.282942e+02 -1.792810e+02 1.032536e+01 2.957976e+02 3.011812e+02
<VARIANCE> 6
 1.116238e+02 7.529719e+05 1.413256e+06 1.192700e+03 1.164637e+05 5.195771e+07
<GCONST> 7.995084e+01
<MIXTURE> 5 2.297177e-01
<MEAN> 6
 4.241553e+01 -9.949202e+01 -3.831505e+01 -3.526920e+01 -4.550323e+02 -1.780634e+02
<VARIANCE> 6
 1.785166e+03 7.329414e+05 8.280190e+05 4.299988e+04 4.849206e+05 1.377904e+08
<GCONST> 8.814808e+01
<MIXTURE> 6 1.586065e-01
<MEAN> 6
 7.217409e+01 -2.038249e+01 -2.333029e+02 -5.881978e-01 -3.390469e+01 -1.302079e+02
<VARIANCE> 6
 1.667950e+02 6.149881e+05 2.749113e+06 3.028640e+02 4.053393e+04 5.195771e+07
<GCONST> 7.838930e+01
<STATE> 3
<NUMMIXES> 6
<MIXTURE> 1 1.477265e-01
<MEAN> 6
 8.251411e+01 6.687379e+02 3.388072e+02 7.986559e+01 -5.666774e+02 2.081198e+03
<VARIANCE> 6
 2.745897e+02 1.212134e+06 9.143790e+05 6.265875e+03 4.805672e+05 3.036538e+08
<GCONST> 8.573343e+01
<MIXTURE> 2 3.051285e-01
<MEAN> 6
 6.891167e+01 -8.212664e+02 7.086992e+01 2.553250e-01 2.421146e-01 -7.095771e+01
<VARIANCE> 6
 3.185140e+01 4.069214e+04 1.398304e+04 3.028640e+02 4.053393e+04 5.195771e+07
<GCONST> 6.873685e+01
<MIXTURE> 3 1.027294e-01
<MEAN> 6
 6.190863e+01 -1.119902e+03 4.388794e+02 1.613925e+00 -3.802176e+00 1.424367e+01
<VARIANCE> 6
 3.185140e+01 9.945479e+03 1.398304e+04 3.028640e+02 4.053393e+04 5.195771e+07
<GCONST> 6.732794e+01
<MIXTURE> 4 2.552928e-01
<MEAN> 6
 7.083900e+01 -1.129538e+03 -4.412704e+02 8.713531e-01 -7.848605e+00 6.251951e+01
<VARIANCE> 6
 3.185140e+01 1.558071e+05 7.714215e+04 3.028640e+02 4.053393e+04 5.195771e+07
<GCONST> 7.178724e+01
<MIXTURE> 5 3.918729e-02
<MEAN> 6
 4.930123e+01 -1.066630e+03 6.021079e+02 1.869564e+01 -2.828903e+01 3.306438e+01
<VARIANCE> 6
 6.189398e+01 9.945479e+03 1.398304e+04 3.028640e+02 4.053393e+04 5.195771e+07
<GCONST> 6.799228e+01
<MIXTURE> 6 1.499034e-01
<MEAN> 6
 8.190257e+01 4.217621e+01 -7.409321e+01 1.126221e+02 -7.475704e+02 -1.855383e+03
<VARIANCE> 6
 2.461638e+02 1.169245e+06 1.136152e+06 5.824097e+03 2.958121e+05 1.772127e+08
<GCONST> 8.470838e+01
<STATE> 4
<NUMMIXES> 6
<MIXTURE> 1 1.143475e-01
<MEAN> 6
 7.335241e+01 1.872335e+03 -2.593294e+02 -2.438113e+00 -6.533290e-02 -1.341174e+01
<VARIANCE> 6
 3.185140e+01 2.318826e+06 3.874703e+05 3.028640e+02 4.053393e+04 5.195771e+07
<GCONST> 7.610143e+01
<MIXTURE> 2 1.853570e-01
<MEAN> 6
 9.543998e+01 4.393372e+02 1.366149e+03 -2.993154e+00 -1.190003e+00 1.240302e+02
<VARIANCE> 6
 1.029304e+02 3.314635e+05 2.251042e+06 3.028640e+02 4.053393e+04 5.195771e+07
<GCONST> 7.708861e+01
<MIXTURE> 3 2.512501e-01
<MEAN> 6
 8.595674e+01 7.402830e+02 -2.763150e+02 -2.346548e+00 -6.197959e-01 6.748783e+01
<VARIANCE> 6
 1.453022e+02 1.476278e+05 2.010622e+06 3.028640e+02 4.053393e+04 5.195771e+07
<GCONST> 7.651160e+01
<MIXTURE> 4 1.396098e-01
<MEAN> 6
 9.308431e+01 6.619969e+01 -4.744816e+02 -2.526093e+00 -4.877584e+00 3.662158e+01
<VARIANCE> 6
 7.555320e+01 2.172170e+05 1.474552e+05 3.028640e+02 4.053393e+04 5.195771e+07
<GCONST> 7.363115e+01
<MIXTURE> 5 1.558624e-01
<MEAN> 6
 8.568359e+01 4.905027e+02 2.443304e+02 -2.214630e+00 -8.859686e-01 6.030966e+01
<VARIANCE> 6
 1.323868e+02 2.902660e+05 1.745843e+06 3.028640e+02 4.053393e+04 5.195771e+07
<GCONST> 7.695341e+01
<MIXTURE> 6 1.535711e-01
<MEAN> 6
 8.931056e+01 -7.570268e+01 -7.186104e+02 -1.872692e+00 -4.306828e+00 1.661345e+01
<VARIANCE> 6
 6.959318e+01 1.780962e+05 1.181179e+05 3.028640e+02 4.053393e+04 5.195771e+07
<GCONST> 7.312857e+01
<STATE> 5
<NUMMIXES> 6
<MIXTURE> 1 2.121597e-01
<MEAN> 6
 8.186353e+01 -7.231670e+01 -8.690205e+01 -8.049910e-01 -4.396811e+00 -4.600936e+01
<VARIANCE> 6
 3.185140e+01 2.593336e+04 2.529615e+04 3.028640e+02 4.053393e+04 5.195771e+07
<GCONST> 6.887916e+01
<MIXTURE> 2 1.261924e-01
<MEAN> 6
 6.656429e+01 1.033764e+02 1.999271e+02 5.608113e-01 -2.773169e+00 -2.037663e+02
<VARIANCE> 6
 8.407449e+01 1.237348e+04 3.447752e+04 3.028640e+02 4.053393e+04 5.195771e+07
<GCONST> 6.941946e+01
<MIXTURE> 3 1.427207e-01
<MEAN> 6
 6.661300e+01 2.173559e+02 -1.669944e+02 -8.808963e-01 4.663019e-01 -9.623042e+01
<VARIANCE> 6
 6.723414e+01 9.092180e+04 3.054955e+04 3.028640e+02 4.053393e+04 5.195771e+07
<GCONST> 7.106943e+01
<MIXTURE> 4 2.451820e-01
<MEAN> 6
 6.114448e+01 -1.273551e+02 -2.650455e+02 8.417731e-03 -8.057748e+00 -1.456721e+02
<VARIANCE> 6
 3.185140e+01 1.323092e+04 6.530164e+04 3.028640e+02 4.053393e+04 5.195771e+07
<GCONST> 6.915455e+01
<MIXTURE> 5 1.455029e-01
<MEAN> 6
 6.755507e+01 2.538145e+02 -2.232388e+02 -8.678190e-01 -1.061853e+00 -1.014232e+02
<VARIANCE> 6
 6.124334e+01 1.272081e+05 1.535592e+04 3.028640e+02 4.053393e+04 5.195771e+07
<GCONST> 7.062407e+01
<MIXTURE> 6 1.281179e-01
<MEAN> 6
 5.995860e+01 3.205018e+01 1.436320e+02 1.740435e-02 -2.120982e+00 -1.545857e+02
<VARIANCE> 6
 4.502719e+01 1.142650e+04 3.356720e+04 3.028640e+02 4.053393e+04 5.195771e+07
<GCONST> 6.868864e+01
<STATE> 6
<NUMMIXES> 6
<MIXTURE> 1 2.118767e-01
<MEAN> 6
 8.360615e+01 -1.260053e+02 4.586670e+01 -7.408742e+00 -1.584895e+01 -2.173507e+02
<VARIANCE> 6
 1.574257e+02 4.573026e+05 2.467082e+05 3.028640e+02 4.053393e+04 5.195771e+07
<GCONST> 7.562440e+01
<MIXTURE> 2 1.743635e-02
<MEAN> 6
 -5.632807e+00 1.615348e+02 1.953408e+02 -3.262269e+01 7.096554e+01 4.901236e+03
<VARIANCE> 6
 1.141833e+04 2.704246e+05 8.720403e+05 1.750215e+06 9.560211e+08 1.406134e+12
<GCONST> 1.095820e+02
<MIXTURE> 3 1.538583e-01
<MEAN> 6
 -2.528969e+01 3.189698e+01 1.199171e+02 6.921518e+01 4.602206e+02 -3.843794e+02
<VARIANCE> 6
 1.328917e+03 9.420502e+04 8.727413e+04 2.270654e+04 2.940726e+05 5.205502e+07
<GCONST> 8.143922e+01
<MIXTURE> 4 2.159949e-01
<MEAN> 6
 7.807011e+00 -6.544827e+01 1.476769e+02 -4.815390e+01 1.527731e+02 1.554600e+03
<VARIANCE> 6
 3.425174e+03 4.318438e+05 4.231068e+05 5.367372e+04 1.917290e+06 7.101366e+08
<GCONST> 9.083543e+01
<MIXTURE> 5 2.432229e-01
<MEAN> 6
 6.907339e+01 2.723564e+01 -5.123241e+01 -7.026076e-01 -6.455724e+02 -4.237244e+02
<VARIANCE> 6
 4.308344e+02 1.754278e+05 8.883680e+04 2.851698e+04 2.709668e+05 8.040998e+07
<GCONST> 8.153317e+01
<MIXTURE> 6 1.570620e-01
<MEAN> 6
 -2.462121e+01 -9.042522e+01 6.817793e+00 1.622686e+01 3.569362e+02 -1.229316e+03
<VARIANCE> 6
 1.132706e+03 1.045702e+05 6.977264e+04 2.728718e+04 2.260889e+05 5.519771e+07
<GCONST> 8.113953e+01
<TRANSP> 7
 0.000000e+00 1.000000e+00 0.000000e+00 0.000000e+00 0.000000e+00 0.000000e+00 0.000000e+00
 0.000000e+00 9.999128e-01 8.719526e-05 0.000000e+00 0.000000e+00 0.000000e+00 0.000000e+00
 0.000000e+00 0.000000e+00 9.967751e-01 3.224908e-03 0.000000e+00 0.000000e+00 0.000000e+00
 0.000000e+00 0.000000e+00 0.000000e+00 9.993417e-01 6.582546e-04 0.000000e+00 0.000000e+00
 0.000000e+00 0.000000e+00 0.000000e+00 0.000000e+00 9.994597e-01 5.403109e-04 0.000000e+00
 0.000000e+00 0.000000e+00 0.000000e+00 0.000000e+00 0.000000e+00 9.999216e-01 7.839109e-05
 0.000000e+00 0.000000e+00 0.000000e+00 0.000000e+00 0.000000e+00 0.000000e+00 0.000000e+00
<ENDHMM>
