~o
<STREAMINFO> 1 6
<VECSIZE> 6<NULLD><USER><DIAGC>
~h "SegundoPRIMARIA"
<BEGINHMM>
<NUMSTATES> 5
<STATE> 2
<NUMMIXES> 4
<MIXTURE> 1 3.231613e-01
<MEAN> 6
 8.256895e+01 5.811238e+01 7.428951e+01 -1.085889e+00 -3.918016e+01 -2.108896e+02
<VARIANCE> 6
 3.488274e+02 4.076996e+05 1.904272e+06 2.966935e+02 3.907247e+04 4.999102e+07
<GCONST> 7.825296e+01
<MIXTURE> 2 3.154752e-01
<MEAN> 6
 3.215701e+01 -2.609442e+01 3.979688e+01 -4.376299e+01 -1.890779e+02 6.775660e+02
<VARIANCE> 6
 3.461380e+03 5.261992e+05 1.459392e+06 5.753712e+04 1.796619e+06 4.828512e+08
<GCONST> 9.190047e+01
<MIXTURE> 3 1.862441e-01
<MEAN> 6
 -4.646406e+00 5.530249e+01 5.044167e+01 6.110274e+01 2.010285e+02 -3.714209e+02
<VARIANCE> 6
 3.181221e+03 1.217456e+05 5.564359e+05 2.366095e+04 3.531132e+05 4.999102e+07
<GCONST> 8.460476e+01
<MIXTURE> 4 1.747822e-01
<MEAN> 6
 -1.713028e+01 -5.483842e+01 -1.902099e+02 1.685093e+01 2.023645e+02 -4.599236e+02
<VARIANCE> 6
 3.217626e+03 1.287240e+05 8.858646e+05 1.814279e+04 2.596467e+05 4.999102e+07
<GCONST> 8.456387e+01
<STATE> 3
<NUMMIXES> 4
<MIXTURE> 1 3.644570e-01
<MEAN> 6
 7.907428e+01 1.665305e+02 1.043220e+02 -7.416114e-01 -2.091853e+00 -4.052390e+01
<VARIANCE> 6
 1.629578e+02 3.289645e+05 9.205078e+04 2.966935e+02 3.907247e+04 4.999102e+07
<GCONST> 7.424778e+01
<MIXTURE> 2 1.738077e-01
<MEAN> 6
 8.174168e+01 -1.114295e+03 1.762582e+02 -2.430546e+00 -1.103812e+00 -1.053749e+02
<VARIANCE> 6
 2.240016e+02 1.318138e+07 5.156826e+05 2.966935e+02 3.907247e+04 4.999102e+07
<GCONST> 7.997971e+01
<MIXTURE> 3 2.330532e-01
<MEAN> 6
 7.674312e+01 -2.306619e+01 -1.579445e+02 -1.866668e-01 -1.704219e+00 -7.052189e+01
<VARIANCE> 6
 2.289447e+02 1.186315e+05 1.041258e+05 2.966935e+02 3.907247e+04 4.999102e+07
<GCONST> 7.369110e+01
<MIXTURE> 4 2.286550e-01
<MEAN> 6
 7.251109e+01 -2.445425e+02 -3.373723e+02 -4.075283e-01 -1.905439e+00 -7.899777e+01
<VARIANCE> 6
 1.663891e+02 1.539812e+05 1.589664e+05 2.966935e+02 3.907247e+04 4.999102e+07
<GCONST> 7.405585e+01
<STATE> 4
<NUMMIXES> 4
<MIXTURE> 1 4.020420e-02
<MEAN> 6
 4.651700e+01 4.848248e+02 -2.071678e+02 -1.710680e+01 -6.562607e+02 2.931811e+03
<VARIANCE> 6
 6.584962e+03 1.530092e+07 1.285148e+06 2.819223e+05 1.300701e+08 1.845934e+11
<GCONST> 1.076040e+02
<MIXTURE> 2 2.758814e-01
<MEAN> 6
 3.214616e+01 1.441861e+02 5.318641e+01 5.726063e+01 8.264761e+01 -3.971149e+02
<VARIANCE> 6
 4.232923e+03 6.348347e+05 1.294927e+05 1.870896e+04 2.164247e+05 4.999102e+07
<GCONST> 8.435952e+01
<MIXTURE> 3 3.960188e-01
<MEAN> 6
 2.359281e+01 -1.424837e+01 1.429521e+01 -4.690103e+01 5.836741e+01 5.432194e+02
<VARIANCE> 6
 3.815903e+03 1.906643e+05 1.171510e+05 5.837994e+04 2.106396e+06 5.747179e+08
<GCONST> 8.880829e+01
<MIXTURE> 4 2.877338e-01
<MEAN> 6
 4.532787e+01 -6.918886e+01 -3.500694e+01 1.444462e+01 -6.786575e+01 -7.270913e+02
<VARIANCE> 6
 3.806303e+03 3.326122e+05 8.245448e+04 1.815486e+04 2.727178e+05 4.999102e+07
<GCONST> 8.335666e+01
<TRANSP> 5
 0.000000e+00 1.000000e+00 0.000000e+00 0.000000e+00 0.000000e+00
 0.000000e+00 9.998869e-01 1.131282e-04 0.000000e+00 0.000000e+00
 0.000000e+00 0.000000e+00 9.996788e-01 3.211850e-04 0.000000e+00
 0.000000e+00 0.000000e+00 0.000000e+00 9.999332e-01 6.675586e-05
 0.000000e+00 0.000000e+00 0.000000e+00 0.000000e+00 0.000000e+00
<ENDHMM>
~h "SegundoESO"
<BEGINHMM>
<NUMSTATES> 5
<STATE> 2
<NUMMIXES> 4
<MIXTURE> 1 3.479159e-01
<MEAN> 6
 8.051305e+01 -3.699754e+02 1.481783e+02 -2.382459e+00 -3.023434e+01 -1.412986e+02
<VARIANCE> 6
 1.429239e+02 9.456300e+06 1.049889e+07 2.966935e+02 3.907247e+04 4.999102e+07
<GCONST> 8.221178e+01
<MIXTURE> 2 1.756895e-01
<MEAN> 6
 2.314021e+01 -1.669267e+02 1.214874e+02 -5.577623e+01 -8.761229e+01 1.355327e+03
<VARIANCE> 6
 3.379770e+03 1.563794e+07 3.974279e+06 3.909493e+04 1.480319e+06 3.413181e+08
<GCONST> 9.534323e+01
<MIXTURE> 3 2.396837e-01
<MEAN> 6
 -1.476259e+00 4.295020e+02 -7.189520e+01 5.871707e+01 1.205184e+02 -8.249464e+02
<VARIANCE> 6
 2.801066e+03 2.326250e+06 2.847660e+06 2.329448e+04 3.429227e+05 4.999102e+07
<GCONST> 8.901538e+01
<MIXTURE> 4 2.363459e-01
<MEAN> 6
 8.027103e+00 7.082454e+01 -2.150847e+02 -1.074776e+01 -1.432006e+01 2.629944e+01
<VARIANCE> 6
 2.883292e+03 1.670512e+06 2.949922e+06 2.746289e+04 2.905749e+05 4.999102e+07
<GCONST> 8.874744e+01
<STATE> 3
<NUMMIXES> 4
<MIXTURE> 1 3.238261e-01
<MEAN> 6
 7.515725e+01 -2.168436e+02 2.119304e+02 -7.864782e-01 -4.592663e+00 -9.571270e+01
<VARIANCE> 6
 7.695898e+01 4.800788e+05 5.950752e+04 2.966935e+02 3.907247e+04 4.999102e+07
<GCONST> 7.343932e+01
<MIXTURE> 2 2.766521e-01
<MEAN> 6
 6.783659e+01 3.609662e+02 -6.826118e+02 -8.842404e-01 -4.204506e+00 -9.271919e+01
<VARIANCE> 6
 5.242543e+01 4.058420e+05 5.616041e+05 2.966935e+02 3.907247e+04 4.999102e+07
<GCONST> 7.513215e+01
<MIXTURE> 3 2.039558e-01
<MEAN> 6
 6.548066e+01 3.727264e+02 -8.837955e+01 -5.644803e-02 -4.371511e+00 -1.376271e+02
<VARIANCE> 6
 4.287261e+01 2.721548e+05 6.611306e+04 2.966935e+02 3.907247e+04 4.999102e+07
<GCONST> 7.239197e+01
<MIXTURE> 4 1.954390e-01
<MEAN> 6
 6.167103e+01 6.329750e+01 -2.439136e+02 -7.507257e-02 -2.718620e+00 -1.282572e+02
<VARIANCE> 6
 3.927596e+01 2.212080e+06 6.354120e+04 2.966935e+02 3.907247e+04 4.999102e+07
<GCONST> 7.435999e+01
<STATE> 4
<NUMMIXES> 4
<MIXTURE> 1 2.998539e-01
<MEAN> 6
 3.576740e+01 1.266512e+02 -1.258860e+01 3.912438e+01 -3.913924e+01 -4.340078e+02
<VARIANCE> 6
 2.605619e+03 8.456395e+05 5.837759e+05 9.292822e+03 1.077631e+05 4.999102e+07
<GCONST> 8.426985e+01
<MIXTURE> 2 2.258723e-01
<MEAN> 6
 3.134914e+00 -1.169486e+02 1.420404e+02 -5.500109e+01 2.341424e+02 1.328027e+03
<VARIANCE> 6
 2.913992e+03 1.867006e+06 7.735776e+05 3.723196e+04 1.407230e+06 3.706869e+08
<GCONST> 9.141609e+01
<MIXTURE> 3 2.469668e-01
<MEAN> 6
 1.364293e+01 4.515622e+01 4.433551e+01 2.402401e+01 4.437170e+01 -3.208716e+02
<VARIANCE> 6
 2.256134e+03 2.223595e+05 7.414478e+04 2.317585e+04 3.325444e+05 4.999102e+07
<GCONST> 8.276725e+01
<MIXTURE> 4 2.265099e-01
<MEAN> 6
 3.478188e+01 -1.481918e+02 -5.861659e-01 -2.240741e+01 -2.260943e+02 -2.824313e+02
<VARIANCE> 6
 1.819648e+03 3.666649e+05 7.566083e+04 2.459971e+04 3.077215e+05 4.999102e+07
<GCONST> 8.305467e+01
<TRANSP> 5
 0.000000e+00 1.000000e+00 0.000000e+00 0.000000e+00 0.000000e+00
 0.000000e+00 9.998510e-01 1.490128e-04 0.000000e+00 0.000000e+00
 0.000000e+00 0.000000e+00 9.997314e-01 2.686151e-04 0.000000e+00
 0.000000e+00 0.000000e+00 0.000000e+00 9.999406e-01 5.934134e-05
 0.000000e+00 0.000000e+00 0.000000e+00 0.000000e+00 0.000000e+00
<ENDHMM>
~h "QuintoPRIMARIA"
<BEGINHMM>
<NUMSTATES> 5
<STATE> 2
<NUMMIXES> 4
<MIXTURE> 1 3.565128e-01
<MEAN> 6
 6.709175e+01 2.000111e+01 -2.294820e+01 7.827299e+00 -1.091673e+02 -1.759563e+02
<VARIANCE> 6
 4.096113e+02 1.396015e+05 1.460469e+05 6.513531e+03 4.918097e+04 4.999102e+07
<GCONST> 7.809296e+01
<MIXTURE> 2 1.535788e-01
<MEAN> 6
 2.270601e+01 7.751751e-02 -9.682540e+00 -3.430982e+01 -1.417991e+02 2.137922e+03
<VARIANCE> 6
 3.253237e+03 6.262120e+05 1.151516e+06 4.780469e+04 1.990266e+06 6.509891e+08
<GCONST> 9.199136e+01
<MIXTURE> 3 2.417105e-01
<MEAN> 6
 1.679121e+00 1.051477e+01 4.769183e+01 2.043671e+01 9.909041e+01 -6.255959e+01
<VARIANCE> 6
 2.409250e+03 6.109629e+04 6.971036e+04 2.967400e+04 6.229111e+05 8.664227e+07
<GCONST> 8.290413e+01
<MIXTURE> 4 2.475248e-01
<MEAN> 6
 -2.618150e+00 -6.670247e+01 -4.304950e+01 -6.930766e+00 1.478880e+02 -1.035837e+03
<VARIANCE> 6
 2.195873e+03 7.244198e+04 8.287827e+04 3.191755e+04 6.348288e+05 1.052627e+08
<GCONST> 8.344125e+01
<STATE> 3
<NUMMIXES> 4
<MIXTURE> 1 2.984872e-01
<MEAN> 6
 7.621457e+01 4.330072e+02 5.448120e+02 -2.867493e-01 -1.571886e+00 -5.999450e+01
<VARIANCE> 6
 2.679141e+02 1.126069e+06 4.096060e+06 2.966935e+02 3.907247e+04 4.999102e+07
<GCONST> 7.977094e+01
<MIXTURE> 2 2.497247e-01
<MEAN> 6
 7.941821e+01 1.269771e+02 -2.688944e+02 -2.250814e+00 -1.109479e+00 -3.231930e+00
<VARIANCE> 6
 2.170792e+02 4.425390e+05 4.721902e+05 2.966935e+02 3.907247e+04 4.999102e+07
<GCONST> 7.646617e+01
<MIXTURE> 3 3.338104e-01
<MEAN> 6
 7.501124e+01 -2.202654e+02 2.029661e+01 -2.225824e+00 -1.289956e-01 -1.712930e+01
<VARIANCE> 6
 1.488394e+02 1.730837e+05 1.464247e+05 2.966935e+02 3.907247e+04 4.999102e+07
<GCONST> 7.397915e+01
<MIXTURE> 4 1.178800e-01
<MEAN> 6
 6.257548e+01 -1.418192e+03 -3.535199e+03 5.716271e-01 -4.701362e+00 -8.034499e+01
<VARIANCE> 6
 3.603419e+01 1.118026e+07 8.429566e+06 2.966935e+02 3.907247e+04 4.999102e+07
<GCONST> 8.078188e+01
<STATE> 4
<NUMMIXES> 4
<MIXTURE> 1 2.940330e-01
<MEAN> 6
 6.368900e+01 3.151566e+02 4.835885e+02 1.276647e+01 -8.592415e+01 -1.338707e+02
<VARIANCE> 6
 1.844938e+03 2.367714e+06 2.319470e+06 7.455792e+03 7.595681e+04 4.999102e+07
<GCONST> 8.576377e+01
<MIXTURE> 2 2.010548e-02
<MEAN> 6
 1.667147e+01 -2.645546e+02 -7.290642e+01 3.540541e+01 -7.112286e+02 1.785500e+03
<VARIANCE> 6
 1.153764e+04 2.455508e+06 8.198831e+05 1.477854e+06 8.198710e+08 1.208178e+12
<GCONST> 1.112623e+02
<MIXTURE> 3 3.414007e-01
<MEAN> 6
 -3.809952e+00 -1.087744e+02 -1.994264e+02 -3.406001e+01 2.320225e+02 6.984119e+02
<VARIANCE> 6
 3.447302e+03 1.400195e+06 3.698670e+06 4.948230e+04 1.565891e+06 4.718180e+08
<GCONST> 9.349365e+01
<MIXTURE> 4 3.436277e-01
<MEAN> 6
 2.492060e+01 -5.302570e+01 1.066307e+02 2.203304e+01 -1.135526e+02 -6.247002e+02
<VARIANCE> 6
 3.655725e+03 5.388429e+05 1.876391e+06 2.154459e+04 2.539036e+05 4.999102e+07
<GCONST> 8.702330e+01
<TRANSP> 5
 0.000000e+00 1.000000e+00 0.000000e+00 0.000000e+00 0.000000e+00
 0.000000e+00 9.999128e-01 8.718602e-05 0.000000e+00 0.000000e+00
 0.000000e+00 0.000000e+00 9.997500e-01 2.500688e-04 0.000000e+00
 0.000000e+00 0.000000e+00 0.000000e+00 9.999196e-01 8.038467e-05
 0.000000e+00 0.000000e+00 0.000000e+00 0.000000e+00 0.000000e+00
<ENDHMM>
