~o
<STREAMINFO> 1 6
<VECSIZE> 6<NULLD><USER><DIAGC>
~h "SegundoPRIMARIA"
<BEGINHMM>
<NUMSTATES> 7
<STATE> 2
<NUMMIXES> 8
<MIXTURE> 1 1.210911e-01
<MEAN> 6
 1.019121e+02 -1.177362e+02 9.153217e+02 -5.763643e+00 -3.812667e+01 -2.994061e+02
<VARIANCE> 6
 4.285378e+02 1.098910e+06 2.319255e+06 2.998198e+02 4.022584e+04 5.158639e+07
<GCONST> 7.971844e+01
<MIXTURE> 2 8.762021e-02
<MEAN> 6
 3.696284e+01 -4.105719e+02 -4.349462e+01 -6.092884e+01 3.379256e+01 3.867489e+03
<VARIANCE> 6
 4.966402e+03 2.732571e+07 1.649965e+06 6.996555e+04 4.617093e+06 2.882857e+09
<GCONST> 9.926039e+01
<MIXTURE> 3 9.340521e-02
<MEAN> 6
 -3.426506e+01 1.262499e+02 4.816685e+01 2.774154e+01 8.878348e+02 -3.491836e+02
<VARIANCE> 6
 7.761434e+02 3.151818e+05 1.307201e+06 5.311870e+04 5.273017e+05 2.116783e+08
<GCONST> 8.765229e+01
<MIXTURE> 4 1.205963e-01
<MEAN> 6
 -6.704597e+01 1.082083e+02 -1.754566e+02 1.437593e+00 2.145661e+02 3.283501e+02
<VARIANCE> 6
 3.280517e+02 3.291270e+05 1.230160e+06 1.407283e+03 7.313411e+04 5.158639e+07
<GCONST> 7.975552e+01
<MIXTURE> 5 1.541527e-01
<MEAN> 6
 5.718055e+01 -2.925692e+01 -5.007237e+01 7.384389e+01 -3.404003e+02 -1.423016e+03
<VARIANCE> 6
 1.192770e+03 2.641651e+05 9.515898e+05 3.519322e+04 1.813032e+05 5.158639e+07
<GCONST> 8.469682e+01
<MIXTURE> 6 1.897690e-01
<MEAN> 6
 7.176087e+01 1.752514e+02 -4.461389e+02 1.590227e+00 -1.953161e+01 -1.096171e+02
<VARIANCE> 6
 1.096771e+02 3.519603e+05 2.297898e+06 2.998198e+02 4.022584e+04 5.158639e+07
<GCONST> 7.720780e+01
<MIXTURE> 7 1.393968e-01
<MEAN> 6
 7.287617e+01 -8.877330e+00 -6.022825e+01 -7.629536e+01 -9.172471e+02 9.875200e+02
<VARIANCE> 6
 1.246379e+03 3.222384e+05 1.786110e+06 5.151599e+04 7.583063e+05 3.346346e+08
<GCONST> 8.925089e+01
<MIXTURE> 8 9.371297e-02
<MEAN> 6
 -4.535500e+01 -5.301208e+01 -1.456051e+02 2.927329e+01 8.230395e+02 -2.230011e+03
<VARIANCE> 6
 6.975854e+02 1.928930e+05 1.629114e+06 3.458554e+04 3.608842e+05 2.355689e+08
<GCONST> 8.657334e+01
<STATE> 3
<NUMMIXES> 8
<MIXTURE> 1 1.212822e-01
<MEAN> 6
 6.516920e+01 7.493216e+02 -1.395500e+02 -3.520316e-01 -1.478629e+00 -2.028715e+02
<VARIANCE> 6
 3.185104e+01 5.310639e+04 1.387160e+04 2.998198e+02 4.022584e+04 5.158639e+07
<GCONST> 6.897020e+01
<MIXTURE> 2 1.547805e-01
<MEAN> 6
 6.232391e+01 -5.683320e+02 -5.642126e+02 3.499644e-01 2.024010e-01 -7.831537e+01
<VARIANCE> 6
 3.185104e+01 3.890582e+05 1.387160e+04 2.998198e+02 4.022584e+04 5.158639e+07
<GCONST> 7.096163e+01
<MIXTURE> 3 1.424223e-01
<MEAN> 6
 9.382865e+01 -3.988070e+02 -5.409889e+02 -7.583956e-02 -2.705086e+00 -6.436868e+01
<VARIANCE> 6
 3.185104e+01 3.722581e+04 1.387160e+04 2.998198e+02 4.022584e+04 5.158639e+07
<GCONST> 6.861491e+01
<MIXTURE> 4 1.385821e-01
<MEAN> 6
 7.923079e+01 -5.913499e+02 -7.537374e+02 -1.612147e+00 1.752787e+00 -1.281941e+02
<VARIANCE> 6
 3.185104e+01 4.858044e+05 1.387160e+04 2.998198e+02 4.022584e+04 5.158639e+07
<GCONST> 7.118371e+01
<MIXTURE> 5 8.186630e-02
<MEAN> 6
 6.628188e+01 -2.028586e+02 -2.302837e+02 -2.654566e-01 -6.255233e+00 -8.005016e+01
<VARIANCE> 6
 3.185104e+01 1.493834e+05 1.387160e+04 2.998198e+02 4.022584e+04 5.158639e+07
<GCONST> 7.000442e+01
<MIXTURE> 6 1.769927e-01
<MEAN> 6
 6.377681e+01 -1.948107e+02 -2.395443e+02 4.427132e-01 -3.428850e+00 -1.002571e+02
<VARIANCE> 6
 3.185104e+01 7.821795e+04 1.387160e+04 2.998198e+02 4.022584e+04 5.158639e+07
<GCONST> 6.935740e+01
<MIXTURE> 7 1.008649e-01
<MEAN> 6
 5.935628e+01 3.588724e+02 -2.439662e+02 1.427163e+00 -1.598604e+00 -1.678070e+02
<VARIANCE> 6
 4.946852e+01 3.708841e+04 1.387160e+04 2.998198e+02 4.022584e+04 5.158639e+07
<GCONST> 6.905148e+01
<MIXTURE> 8 8.317042e-02
<MEAN> 6
 6.487631e+01 -2.687599e+02 -2.392698e+02 -1.684822e-01 -5.122693e+00 -8.942477e+01
<VARIANCE> 6
 3.185104e+01 1.100578e+05 1.387160e+04 2.998198e+02 4.022584e+04 5.158639e+07
<GCONST> 6.969891e+01
<STATE> 4
<NUMMIXES> 8
<MIXTURE> 1 1.059635e-01
<MEAN> 6
 9.330146e+01 3.161358e+02 1.070853e+03 -3.156165e+00 -2.935778e+00 3.633168e+01
<VARIANCE> 6
 8.040451e+01 2.012047e+05 2.413578e+04 2.998198e+02 4.022584e+04 5.158639e+07
<GCONST> 7.178207e+01
<MIXTURE> 2 1.580035e-01
<MEAN> 6
 9.702173e+01 4.349134e+01 5.427924e+02 -3.925661e+00 -3.521288e+00 -2.757434e+01
<VARIANCE> 6
 7.905089e+01 1.111072e+06 2.127997e+04 2.998198e+02 4.022584e+04 5.158639e+07
<GCONST> 7.334792e+01
<MIXTURE> 3 1.734923e-01
<MEAN> 6
 9.083364e+01 -1.039116e+03 -1.093791e+02 -3.209725e+00 -2.036130e+00 -8.669492e+01
<VARIANCE> 6
 1.338606e+02 4.942830e+06 1.995882e+04 2.998198e+02 4.022584e+04 5.158639e+07
<GCONST> 7.530315e+01
<MIXTURE> 4 8.574914e-02
<MEAN> 6
 9.024725e+01 7.841512e+02 2.589312e+02 -2.235201e+00 -1.447367e+00 -5.096498e+01
<VARIANCE> 6
 4.032719e+01 5.523168e+04 1.387160e+04 2.998198e+02 4.022584e+04 5.158639e+07
<GCONST> 6.924539e+01
<MIXTURE> 5 1.645786e-01
<MEAN> 6
 9.197475e+01 -8.384622e+01 1.052947e+02 -1.883200e+00 1.910869e+00 -4.488537e+01
<VARIANCE> 6
 3.185104e+01 6.369338e+04 1.785739e+04 2.998198e+02 4.022584e+04 5.158639e+07
<GCONST> 6.940456e+01
<MIXTURE> 6 1.167601e-01
<MEAN> 6
 7.517777e+01 1.173956e+03 5.661785e+02 -1.259570e+00 -2.729085e+00 -1.427247e+02
<VARIANCE> 6
 3.185104e+01 1.224990e+06 1.826864e+04 2.998198e+02 4.022584e+04 5.158639e+07
<GCONST> 7.238393e+01
<MIXTURE> 7 1.125972e-01
<MEAN> 6
 7.769143e+01 5.636689e+02 5.077618e+02 -1.237765e+00 3.662159e-01 -1.882804e+02
<VARIANCE> 6
 3.185104e+01 1.192870e+06 2.237081e+04 2.998198e+02 4.022584e+04 5.158639e+07
<GCONST> 7.255994e+01
<MIXTURE> 8 8.277906e-02
<MEAN> 6
 8.804633e+01 6.322719e+02 2.945583e+02 -1.419160e+00 1.178305e+00 -7.282353e+01
<VARIANCE> 6
 3.185104e+01 1.060903e+05 1.662500e+04 2.998198e+02 4.022584e+04 5.158639e+07
<GCONST> 6.984325e+01
<STATE> 5
<NUMMIXES> 8
<MIXTURE> 1 1.600893e-01
<MEAN> 6
 7.740031e+01 1.558021e+02 9.032424e+00 1.103988e-02 -8.266664e+00 -5.721513e+01
<VARIANCE> 6
 3.185104e+01 4.241784e+04 1.538048e+04 2.998198e+02 4.022584e+04 5.158639e+07
<GCONST> 6.884872e+01
<MIXTURE> 2 1.020053e-01
<MEAN> 6
 6.857120e+01 2.232173e+01 -9.297919e+02 -1.596667e+00 -6.913874e+00 -1.674474e+02
<VARIANCE> 6
 3.185104e+01 1.195217e+04 1.934725e+04 2.998198e+02 4.022584e+04 5.158639e+07
<GCONST> 6.781152e+01
<MIXTURE> 3 1.271907e-01
<MEAN> 6
 7.220932e+01 1.719395e+01 1.941986e+02 4.712146e-01 -1.989698e+00 -8.794361e+01
<VARIANCE> 6
 3.185104e+01 3.229309e+04 1.387160e+04 2.998198e+02 4.022584e+04 5.158639e+07
<GCONST> 6.847276e+01
<MIXTURE> 4 1.180717e-01
<MEAN> 6
 7.999095e+01 2.246311e+01 -2.015037e+02 -7.794870e-01 -4.280720e+00 -1.244970e+02
<VARIANCE> 6
 3.185104e+01 1.195217e+04 1.387160e+04 2.998198e+02 4.022584e+04 5.158639e+07
<GCONST> 6.747881e+01
<MIXTURE> 5 1.664966e-01
<MEAN> 6
 6.783771e+01 -3.871482e+02 2.799195e+02 -1.699128e-01 -1.087769e-01 -1.290359e+02
<VARIANCE> 6
 4.171552e+01 2.493264e+04 1.936845e+04 2.998198e+02 4.022584e+04 5.158639e+07
<GCONST> 6.881769e+01
<MIXTURE> 6 1.082047e-01
<MEAN> 6
 7.502589e+01 1.129774e+02 -3.256681e+02 -8.509343e-01 5.557900e-01 -1.791850e+02
<VARIANCE> 6
 3.185104e+01 1.195217e+04 1.387160e+04 2.998198e+02 4.022584e+04 5.158639e+07
<GCONST> 6.747881e+01
<MIXTURE> 7 1.480433e-01
<MEAN> 6
 7.025786e+01 -1.073454e+02 1.363934e+02 9.213707e-01 3.304211e+00 -1.599314e+02
<VARIANCE> 6
 3.185104e+01 1.496544e+04 1.387160e+04 2.998198e+02 4.022584e+04 5.158639e+07
<GCONST> 6.770364e+01
<MIXTURE> 8 6.984882e-02
<MEAN> 6
 6.588434e+01 -1.657757e+02 -1.093785e+03 8.071516e-01 -8.803380e+00 -1.195357e+02
<VARIANCE> 6
 3.185104e+01 2.306232e+04 3.399240e+04 2.998198e+02 4.022584e+04 5.158639e+07
<GCONST> 6.903239e+01
<STATE> 6
<NUMMIXES> 8
<MIXTURE> 1 7.051142e-03
<MEAN> 6
 3.290717e+01 2.047065e+01 1.470479e+02 8.444793e+01 -1.193583e+03 -1.505508e+03
<VARIANCE> 6
 9.464023e+03 2.263669e+06 1.122926e+06 1.125248e+06 6.206361e+08 8.992228e+11
<GCONST> 1.104510e+02
<MIXTURE> 2 1.577233e-01
<MEAN> 6
 -2.767831e+00 8.747160e+01 3.443254e+01 8.805241e+01 3.277988e+02 -2.722071e+03
<VARIANCE> 6
 6.387232e+02 1.884621e+05 4.863857e+04 5.155808e+04 2.441276e+05 7.763781e+07
<GCONST> 8.184903e+01
<MIXTURE> 3 1.425139e-01
<MEAN> 6
 7.326974e+01 8.884523e+00 3.550703e+01 -3.115343e+01 -8.741667e+02 -2.293563e+02
<VARIANCE> 6
 1.101231e+03 1.191168e+05 5.666834e+04 5.196833e+04 9.265901e+05 4.248318e+08
<GCONST> 8.512914e+01
<MIXTURE> 4 1.732917e-01
<MEAN> 6
 9.447368e+01 -7.027277e+01 -8.229627e+01 -4.742447e+00 -2.870187e+01 -2.495955e+02
<VARIANCE> 6
 2.919638e+02 5.205694e+05 1.311385e+05 2.998198e+02 4.022584e+04 5.158639e+07
<GCONST> 7.571479e+01
<MIXTURE> 5 1.281662e-01
<MEAN> 6
 1.716960e+01 -6.056381e+01 4.840403e+01 -1.127991e+02 3.424946e+02 5.417180e+03
<VARIANCE> 6
 4.276430e+03 6.155459e+05 5.352609e+05 6.035498e+04 3.673908e+06 1.511512e+09
<GCONST> 9.317005e+01
<MIXTURE> 6 9.559675e-02
<MEAN> 6
 6.846310e+01 1.009014e+02 1.526021e+02 5.449002e+01 -3.901048e+02 -1.122705e+02
<VARIANCE> 6
 6.466284e+02 1.699679e+05 1.998017e+05 3.222144e+04 1.695745e+05 5.158639e+07
<GCONST> 8.192768e+01
<MIXTURE> 7 2.000194e-01
<MEAN> 6
 -5.072050e+01 3.142349e+01 -2.950177e+00 1.831402e+01 7.233521e+02 -2.096137e+02
<VARIANCE> 6
 2.356550e+02 1.801498e+05 1.057374e+05 1.217551e+04 3.950638e+05 1.004586e+08
<GCONST> 8.087913e+01
<MIXTURE> 8 9.450387e-02
<MEAN> 6
 7.453724e+01 -7.317068e+01 2.455991e+00 -3.328858e+01 -6.843698e+02 -1.159353e+03
<VARIANCE> 6
 5.729040e+02 2.263704e+05 1.069583e+05 3.343463e+04 1.961895e+05 5.637811e+07
<GCONST> 8.173988e+01
<TRANSP> 7
 0.000000e+00 1.000000e+00 0.000000e+00 0.000000e+00 0.000000e+00 0.000000e+00 0.000000e+00
 0.000000e+00 9.998177e-01 1.822529e-04 0.000000e+00 0.000000e+00 0.000000e+00 0.000000e+00
 0.000000e+00 0.000000e+00 9.991177e-01 8.823210e-04 0.000000e+00 0.000000e+00 0.000000e+00
 0.000000e+00 0.000000e+00 0.000000e+00 9.991427e-01 8.572955e-04 0.000000e+00 0.000000e+00
 0.000000e+00 0.000000e+00 0.000000e+00 0.000000e+00 9.991812e-01 8.188598e-04 0.000000e+00
 0.000000e+00 0.000000e+00 0.000000e+00 0.000000e+00 0.000000e+00 9.999436e-01 5.637055e-05
 0.000000e+00 0.000000e+00 0.000000e+00 0.000000e+00 0.000000e+00 0.000000e+00 0.000000e+00
<ENDHMM>
~h "SegundoESO"
<BEGINHMM>
<NUMSTATES> 7
<STATE> 2
<NUMMIXES> 8
<MIXTURE> 1 1.227502e-01
<MEAN> 6
 9.199895e+01 -4.054175e+03 3.503281e+03 -3.588879e+00 -3.062721e+01 -9.969459e+01
<VARIANCE> 6
 7.139214e+01 8.302397e+06 2.620776e+07 2.998198e+02 4.022584e+04 5.158639e+07
<GCONST> 8.237328e+01
<MIXTURE> 2 9.681968e-02
<MEAN> 6
 4.473287e+01 2.678252e+03 1.146848e+03 -6.338814e+01 -3.930673e+02 1.275395e+03
<VARIANCE> 6
 2.626753e+03 3.612791e+07 1.751478e+07 3.498914e+04 1.094854e+06 2.962368e+08
<GCONST> 9.685750e+01
<MIXTURE> 3 7.093368e-02
<MEAN> 6
 7.544260e+01 4.776442e+03 -1.050455e+03 -1.338010e+00 -1.606492e+01 -1.288729e+02
<VARIANCE> 6
 1.206875e+02 4.314393e+07 1.557519e+05 2.998198e+02 4.022584e+04 5.158639e+07
<GCONST> 7.942075e+01
<MIXTURE> 4 1.820934e-01
<MEAN> 6
 -3.598401e+01 1.092579e+03 -3.173862e+02 -1.582425e+00 5.402037e+02 -8.121817e+01
<VARIANCE> 6
 4.267935e+02 2.776945e+06 5.557898e+06 1.766149e+04 2.484883e+05 5.866776e+07
<GCONST> 8.754085e+01
<MIXTURE> 5 1.183275e-01
<MEAN> 6
 2.172114e+01 -4.183867e+03 4.023130e+02 9.054992e+00 -3.331606e+01 -3.405951e+02
<VARIANCE> 6
 3.005270e+03 4.691600e+06 2.613439e+05 1.937654e+04 2.242479e+05 5.158639e+07
<GCONST> 8.682136e+01
<MIXTURE> 6 1.287153e-01
<MEAN> 6
 5.036135e+01 1.885044e+03 -1.938743e+03 8.028186e+01 -1.979281e+02 -6.802150e+02
<VARIANCE> 6
 1.036671e+03 3.086612e+06 5.270304e+06 1.834411e+04 7.736341e+04 5.158639e+07
<GCONST> 8.722332e+01
<MIXTURE> 7 1.518721e-01
<MEAN> 6
 7.454318e+01 -1.370205e+03 1.886106e+03 -1.824256e-02 -1.144185e+01 -1.273685e+02
<VARIANCE> 6
 3.185104e+01 4.399886e+06 2.773079e+06 2.998198e+02 4.022584e+04 5.158639e+07
<GCONST> 7.868510e+01
<MIXTURE> 8 1.283671e-01
<MEAN> 6
 5.002611e+01 9.901852e+02 -2.360459e+03 -2.355247e+01 -2.076594e+02 2.513433e+02
<VARIANCE> 6
 1.248478e+03 3.303877e+06 2.423252e+06 2.414344e+04 1.312320e+05 5.158639e+07
<GCONST> 8.750343e+01
<STATE> 3
<NUMMIXES> 8
<MIXTURE> 1 1.409342e-01
<MEAN> 6
 7.280156e+01 4.190783e+02 1.939146e+02 -3.350988e-01 -4.418178e+00 -8.038158e+01
<VARIANCE> 6
 3.185104e+01 1.395438e+05 5.954553e+05 2.998198e+02 4.022584e+04 5.158639e+07
<GCONST> 7.369576e+01
<MIXTURE> 2 1.651402e-01
<MEAN> 6
 6.797054e+01 3.426005e+02 -3.473022e+03 9.715559e-02 -2.043496e+00 -6.969685e+01
<VARIANCE> 6
 7.305604e+01 2.947715e+05 8.628679e+06 2.998198e+02 4.022584e+04 5.158639e+07
<GCONST> 7.794727e+01
<MIXTURE> 3 1.244283e-01
<MEAN> 6
 7.063750e+01 5.510676e+02 -9.166799e+01 -4.958754e-01 -5.431908e+00 -1.008888e+02
<VARIANCE> 6
 3.185104e+01 3.642398e+05 1.678677e+05 2.998198e+02 4.022584e+04 5.158639e+07
<GCONST> 7.338905e+01
<MIXTURE> 4 8.630773e-02
<MEAN> 6
 8.019703e+01 -8.821962e+02 2.121784e+02 -1.033883e+00 -2.618466e+00 -9.942673e+01
<VARIANCE> 6
 8.627183e+01 4.211839e+05 5.097716e+04 2.998198e+02 4.022584e+04 5.158639e+07
<GCONST> 7.333894e+01
<MIXTURE> 5 1.395213e-01
<MEAN> 6
 6.102856e+01 3.846333e+01 -3.391773e+02 -1.275747e-01 4.455747e-02 -9.635600e+01
<VARIANCE> 6
 3.185104e+01 1.557856e+06 1.409090e+05 2.998198e+02 4.022584e+04 5.158639e+07
<GCONST> 7.466724e+01
<MIXTURE> 6 1.466411e-01
<MEAN> 6
 6.861451e+01 -1.016011e+02 1.790803e+02 -3.868684e-01 -3.366621e+00 -8.700207e+01
<VARIANCE> 6
 5.165171e+01 1.457615e+05 2.157847e+05 2.998198e+02 4.022584e+04 5.158639e+07
<GCONST> 7.320776e+01
<MIXTURE> 7 1.104225e-01
<MEAN> 6
 6.855620e+01 9.792590e+01 -5.097309e+01 -2.329877e-01 -4.043542e+00 -1.118235e+02
<VARIANCE> 6
 3.185104e+01 2.693617e+05 1.379811e+05 2.998198e+02 4.022584e+04 5.158639e+07
<GCONST> 7.289123e+01
<MIXTURE> 8 8.638845e-02
<MEAN> 6
 7.648419e+01 -7.969431e+02 7.680730e+01 -7.437454e-01 -4.497924e+00 -1.016952e+02
<VARIANCE> 6
 9.376728e+01 2.689693e+05 4.849793e+04 2.998198e+02 4.022584e+04 5.158639e+07
<GCONST> 7.292392e+01
<STATE> 4
<NUMMIXES> 8
<MIXTURE> 1 9.332997e-02
<MEAN> 6
 1.016088e+00 1.985942e+02 1.112462e+03 -8.067873e+01 2.762075e+02 4.167474e+03
<VARIANCE> 6
 2.771375e+03 9.371209e+05 6.123441e+06 5.490070e+04 1.775218e+06 5.898266e+08
<GCONST> 9.383061e+01
<MIXTURE> 2 1.780793e-01
<MEAN> 6
 -4.402184e+01 4.040350e+01 1.161294e+02 2.709409e+01 9.486301e+02 -5.787965e+02
<VARIANCE> 6
 2.060678e+02 6.371866e+05 3.439615e+05 2.474774e+04 2.281895e+05 1.241719e+08
<GCONST> 8.356017e+01
<MIXTURE> 3 1.090069e-01
<MEAN> 6
 8.136738e+01 -1.642267e+02 4.682559e+02 -4.284799e+00 -1.597979e+02 -1.586253e+02
<VARIANCE> 6
 1.073589e+02 5.897679e+05 1.156463e+06 8.811443e+02 6.395606e+04 5.158639e+07
<GCONST> 7.855775e+01
<MIXTURE> 4 1.004178e-01
<MEAN> 6
 1.875541e+00 2.109802e+02 6.630927e+01 1.733144e+00 6.096797e+01 -6.197380e+02
<VARIANCE> 6
 3.969028e+02 5.922041e+05 2.778888e+05 4.971783e+04 9.093953e+04 5.782819e+07
<GCONST> 8.294260e+01
<MIXTURE> 5 2.008134e-01
<MEAN> 6
 5.918435e+01 4.238887e+01 -3.456082e+01 2.277254e+01 -5.326204e+02 -2.035360e+02
<VARIANCE> 6
 3.201483e+02 5.229360e+05 4.052786e+05 2.925548e+04 1.093672e+05 5.158639e+07
<GCONST> 8.252065e+01
<MIXTURE> 6 9.884915e-02
<MEAN> 6
 -5.799065e+01 -4.359878e+01 1.680950e+02 1.553365e+01 2.488872e+02 -1.528217e+02
<VARIANCE> 6
 1.021773e+02 4.953817e+05 7.504593e+05 8.008303e+02 7.970651e+04 5.158639e+07
<GCONST> 7.802602e+01
<MIXTURE> 7 1.200128e-01
<MEAN> 6
 7.059367e+01 -1.675119e+02 1.354303e+02 -2.698306e+01 -8.723505e+02 2.374312e+02
<VARIANCE> 6
 5.298824e+02 2.890174e+06 4.644444e+05 2.718020e+04 3.919576e+05 1.847288e+08
<GCONST> 8.734889e+01
<MIXTURE> 8 9.886421e-02
<MEAN> 6
 1.557330e+00 -7.995863e+01 -1.023909e+02 9.137570e+00 4.688071e+01 -1.670256e+03
<VARIANCE> 6
 3.665015e+02 6.877284e+05 4.543517e+05 5.300125e+04 1.154179e+05 6.844342e+07
<GCONST> 8.397495e+01
<STATE> 5
<NUMMIXES> 8
<MIXTURE> 1 1.270541e-01
<MEAN> 6
 9.315170e+01 8.635847e+02 -8.662363e+02 -5.191387e+00 1.479680e+00 1.635209e+02
<VARIANCE> 6
 1.789057e+02 7.678665e+05 2.837673e+05 2.998198e+02 4.022584e+04 5.158639e+07
<GCONST> 7.638562e+01
<MIXTURE> 2 1.662111e-01
<MEAN> 6
 7.722423e+01 5.735428e+02 -9.073883e+01 -2.344753e+00 -4.189411e+00 6.610196e+01
<VARIANCE> 6
 3.185104e+01 2.414447e+05 1.822599e+05 2.998198e+02 4.022584e+04 5.158639e+07
<GCONST> 7.306013e+01
<MIXTURE> 3 1.195666e-01
<MEAN> 6
 5.909189e+01 4.625794e+02 3.479759e+01 3.944916e-01 2.683535e-02 -1.163235e+02
<VARIANCE> 6
 3.185104e+01 7.205841e+04 1.387160e+04 2.998198e+02 4.022584e+04 5.158639e+07
<GCONST> 6.927538e+01
<MIXTURE> 4 6.707919e-02
<MEAN> 6
 8.765901e+01 -7.340621e+02 -4.106458e+03 -4.000516e+00 -3.720536e-01 7.341980e+01
<VARIANCE> 6
 2.605792e+02 2.351925e+06 1.873468e+07 2.998198e+02 4.022584e+04 5.158639e+07
<GCONST> 8.207101e+01
<MIXTURE> 5 1.679890e-01
<MEAN> 6
 9.143971e+01 1.524463e-01 -6.204169e+02 -3.934368e+00 -2.649256e+00 7.948731e+01
<VARIANCE> 6
 4.191492e+01 1.701015e+05 1.825859e+06 2.998198e+02 4.022584e+04 5.158639e+07
<GCONST> 7.528883e+01
<MIXTURE> 6 7.518709e-02
<MEAN> 6
 7.508914e+01 -8.796943e+02 1.723125e+02 -3.093987e+00 7.135282e+00 2.974277e+01
<VARIANCE> 6
 1.137090e+02 4.249472e+06 1.345532e+05 2.998198e+02 4.022584e+04 5.158639e+07
<GCONST> 7.689714e+01
<MIXTURE> 7 1.433948e-01
<MEAN> 6
 8.095119e+01 -6.235567e+02 4.566508e+02 -3.636550e+00 -1.828287e+00 8.082997e+01
<VARIANCE> 6
 6.099576e+01 2.841368e+05 2.446223e+06 2.998198e+02 4.022584e+04 5.158639e+07
<GCONST> 7.646955e+01
<MIXTURE> 8 1.334332e-01
<MEAN> 6
 6.040190e+01 1.287903e+02 -1.176141e+02 1.458010e-01 -2.424145e+00 -1.120568e+02
<VARIANCE> 6
 3.185104e+01 3.330109e+04 1.387160e+04 2.998198e+02 4.022584e+04 5.158639e+07
<GCONST> 6.850349e+01
<STATE> 6
<NUMMIXES> 8
<MIXTURE> 1 1.614081e-01
<MEAN> 6
 3.193635e+01 8.839848e+01 6.662215e+01 -7.212913e+01 -2.757305e+02 1.759254e+03
<VARIANCE> 6
 5.199536e+02 8.516051e+04 3.436118e+04 2.878447e+04 1.306712e+05 6.316907e+07
<GCONST> 7.908733e+01
<MIXTURE> 2 1.439004e-01
<MEAN> 6
 -3.992879e+01 7.208302e+01 -3.957639e+01 1.012076e+01 5.030902e+02 1.337581e+01
<VARIANCE> 6
 1.611724e+02 1.040675e+05 1.560795e+05 6.821450e+03 1.507466e+05 5.158639e+07
<GCONST> 7.813061e+01
<MIXTURE> 3 1.209459e-01
<MEAN> 6
 7.005428e+01 -2.355878e+02 9.046638e+00 -6.539062e+00 -4.027319e+01 6.673293e+01
<VARIANCE> 6
 5.378613e+01 2.538268e+05 4.320807e+04 2.998198e+02 4.022584e+04 5.158639e+07
<GCONST> 7.219469e+01
<MIXTURE> 4 8.504789e-02
<MEAN> 6
 -1.936741e+01 3.888192e+01 9.745925e+01 -1.050741e+02 5.965936e+02 3.404147e+03
<VARIANCE> 6
 5.403336e+02 1.096054e+05 7.252721e+04 2.699963e+04 5.279494e+05 3.045270e+08
<GCONST> 8.303041e+01
<MIXTURE> 5 1.129684e-01
<MEAN> 6
 7.282581e+01 -2.132975e+02 6.579824e+00 -2.849815e+01 -8.143926e+02 -3.480869e+02
<VARIANCE> 6
 3.005806e+02 4.915656e+05 4.680373e+04 1.573046e+04 4.606044e+05 2.040506e+08
<GCONST> 8.242957e+01
<MIXTURE> 6 1.561354e-01
<MEAN> 6
 1.018628e+01 -9.225818e+01 -2.278142e+01 1.375749e+02 9.040030e+00 -1.400763e+03
<VARIANCE> 6
 5.596946e+02 1.296526e+05 6.510450e+04 5.737574e+03 5.386653e+04 5.158639e+07
<GCONST> 7.751884e+01
<MIXTURE> 7 1.203976e-01
<MEAN> 6
 6.128818e+01 -8.043191e+01 -4.433570e+01 3.785814e+01 -3.668621e+02 -6.752852e+02
<VARIANCE> 6
 8.360773e+01 1.039270e+05 6.930806e+04 7.949431e+03 7.054609e+04 5.158639e+07
<GCONST> 7.605481e+01
<MIXTURE> 8 9.884376e-02
<MEAN> 6
 -2.951530e+01 -5.546607e+01 -6.191402e-01 -2.294176e+01 6.251194e+02 -2.289201e+03
<VARIANCE> 6
 3.450348e+02 7.275185e+04 2.436648e+04 2.421275e+04 3.866322e+05 1.400729e+08
<GCONST> 7.988422e+01
<TRANSP> 7
 0.000000e+00 1.000000e+00 0.000000e+00 0.000000e+00 0.000000e+00 0.000000e+00 0.000000e+00
 0.000000e+00 9.995680e-01 4.320341e-04 0.000000e+00 0.000000e+00 0.000000e+00 0.000000e+00
 0.000000e+00 0.000000e+00 9.997236e-01 2.763983e-04 0.000000e+00 0.000000e+00 0.000000e+00
 0.000000e+00 0.000000e+00 0.000000e+00 9.999243e-01 7.574043e-05 0.000000e+00 0.000000e+00
 0.000000e+00 0.000000e+00 0.000000e+00 0.000000e+00 9.995902e-01 4.098568e-04 0.000000e+00
 0.000000e+00 0.000000e+00 0.000000e+00 0.000000e+00 0.000000e+00 9.998279e-01 1.721665e-04
 0.000000e+00 0.000000e+00 0.000000e+00 0.000000e+00 0.000000e+00 0.000000e+00 0.000000e+00
<ENDHMM>
~h "QuintoPRIMARIA"
<BEGINHMM>
<NUMSTATES> 7
<STATE> 2
<NUMMIXES> 8
<MIXTURE> 1 1.656857e-01
<MEAN> 6
 7.922084e+01 3.456390e+02 3.857682e+02 -1.423582e+00 -3.545877e+01 -8.482351e+01
<VARIANCE> 6
 2.334684e+02 2.647322e+05 5.592002e+06 2.998198e+02 4.022584e+04 5.158639e+07
<GCONST> 7.856785e+01
<MIXTURE> 2 9.625755e-02
<MEAN> 6
 3.422909e+01 3.320641e+02 -8.368012e+01 -9.584914e+01 -3.887881e+02 2.366231e+03
<VARIANCE> 6
 2.260132e+03 2.652312e+06 2.109340e+06 4.370541e+04 8.573404e+05 2.486102e+08
<GCONST> 9.178149e+01
<MIXTURE> 3 1.757874e-01
<MEAN> 6
 -4.619406e+01 -2.365031e+02 1.686075e+01 7.040372e+01 7.322603e+02 -1.407019e+03
<VARIANCE> 6
 4.337664e+02 3.056703e+05 1.748966e+06 2.717988e+04 2.379821e+05 8.903389e+07
<GCONST> 8.499928e+01
<MIXTURE> 4 8.142270e-02
<MEAN> 6
 -6.836621e+01 7.631288e+01 -1.904342e+02 3.990462e+00 1.823794e+02 2.497416e+02
<VARIANCE> 6
 8.136876e+01 5.052745e+05 1.902462e+06 6.094873e+02 6.540443e+04 5.158639e+07
<GCONST> 7.827750e+01
<MIXTURE> 5 1.144868e-01
<MEAN> 6
 5.069785e+01 -6.164310e+01 4.314975e+02 6.487940e+01 -4.447482e+02 -5.494558e+02
<VARIANCE> 6
 7.861867e+02 3.822893e+05 2.854386e+06 2.796558e+04 1.310315e+05 5.158639e+07
<GCONST> 8.519345e+01
<MIXTURE> 6 8.476689e-02
<MEAN> 6
 8.383324e+00 -1.823250e+02 -1.644666e+03 -1.339440e+02 1.708938e+02 4.282419e+03
<VARIANCE> 6
 3.686330e+03 5.936457e+05 1.032621e+07 4.996037e+04 3.383969e+06 1.290962e+09
<GCONST> 9.551608e+01
<MIXTURE> 7 1.664857e-01
<MEAN> 6
 6.814460e+01 -4.450604e+02 -1.147453e+02 1.772623e+00 -2.338686e+01 -1.404904e+02
<VARIANCE> 6
 1.900074e+02 2.952881e+05 1.475005e+06 2.998198e+02 4.022584e+04 5.158639e+07
<GCONST> 7.713842e+01
<MIXTURE> 8 1.146146e-01
<MEAN> 6
 4.372007e+01 -2.339069e+02 5.138044e+01 8.567326e+00 -5.198768e+02 -2.297954e+03
<VARIANCE> 6
 1.057825e+03 2.897649e+05 1.852043e+06 4.146007e+04 2.424334e+05 5.890342e+07
<GCONST> 8.592224e+01
<STATE> 3
<NUMMIXES> 8
<MIXTURE> 1 1.009374e-01
<MEAN> 6
 7.575368e+01 2.169993e+02 3.299503e+02 1.757380e-01 -3.892375e+00 -1.162765e+02
<VARIANCE> 6
 3.185104e+01 2.331041e+04 1.027332e+05 2.998198e+02 4.022584e+04 5.158639e+07
<GCONST> 7.014909e+01
<MIXTURE> 2 1.168308e-01
<MEAN> 6
 5.662340e+01 2.257177e+01 2.276651e+02 -9.355071e-02 -3.690922e+00 -1.699318e+02
<VARIANCE> 6
 3.185104e+01 1.195217e+04 3.971289e+04 2.998198e+02 4.022584e+04 5.158639e+07
<GCONST> 6.853065e+01
<MIXTURE> 3 1.204669e-01
<MEAN> 6
 6.569982e+01 3.975109e+02 -2.362834e+02 -5.395277e-01 -2.317191e+00 -1.267990e+02
<VARIANCE> 6
 4.640937e+01 1.608152e+04 1.909455e+04 2.998198e+02 4.022584e+04 5.158639e+07
<GCONST> 6.847157e+01
<MIXTURE> 4 1.713942e-01
<MEAN> 6
 6.366475e+01 -6.384904e+00 -3.524271e+02 -2.174833e-01 -4.696148e+00 -1.269081e+02
<VARIANCE> 6
 3.185104e+01 2.846813e+04 5.998171e+04 2.998198e+02 4.022584e+04 5.158639e+07
<GCONST> 6.981088e+01
<MIXTURE> 5 6.517601e-02
<MEAN> 6
 6.010236e+01 -2.049924e+02 4.815466e+02 -6.247341e-01 -5.416102e+00 -2.482616e+01
<VARIANCE> 6
 3.185104e+01 1.195217e+04 2.226964e+05 2.998198e+02 4.022584e+04 5.158639e+07
<GCONST> 7.025478e+01
<MIXTURE> 6 2.064745e-01
<MEAN> 6
 6.267361e+01 -1.642817e+02 -3.196786e+02 -1.349633e-01 -5.108006e+00 -1.087276e+02
<VARIANCE> 6
 3.185104e+01 1.195217e+04 5.781592e+04 2.998198e+02 4.022584e+04 5.158639e+07
<GCONST> 6.890623e+01
<MIXTURE> 7 1.163732e-01
<MEAN> 6
 5.690149e+01 1.988249e+01 1.597093e+02 -7.133666e-02 -5.191679e+00 -1.867058e+02
<VARIANCE> 6
 3.185104e+01 1.195217e+04 4.087304e+04 2.998198e+02 4.022584e+04 5.158639e+07
<GCONST> 6.855944e+01
<MIXTURE> 8 1.022011e-01
<MEAN> 6
 7.543076e+01 1.564527e+02 1.610374e+02 1.583675e-01 -6.152013e+00 -1.356276e+02
<VARIANCE> 6
 3.185104e+01 1.195217e+04 6.366603e+04 2.998198e+02 4.022584e+04 5.158639e+07
<GCONST> 6.900262e+01
<STATE> 4
<NUMMIXES> 8
<MIXTURE> 1 9.405413e-02
<MEAN> 6
 5.882134e+01 2.626932e+03 9.516993e+02 3.976519e-01 -6.779053e+00 7.636786e+01
<VARIANCE> 6
 5.884117e+01 2.169164e+06 1.825811e+06 2.998198e+02 4.022584e+04 5.158639e+07
<GCONST> 7.817371e+01
<MIXTURE> 2 1.024830e-01
<MEAN> 6
 9.681937e+01 6.710475e+02 -8.610833e+02 -2.012616e+00 -1.867331e-01 1.542526e+01
<VARIANCE> 6
 3.185104e+01 2.389285e+04 2.341243e+06 2.998198e+02 4.022584e+04 5.158639e+07
<GCONST> 7.330008e+01
<MIXTURE> 3 1.252001e-01
<MEAN> 6
 8.103769e+01 -2.361689e+02 3.189673e+03 -4.579021e+00 7.870165e+00 1.189526e+02
<VARIANCE> 6
 2.679607e+02 1.716139e+05 6.145639e+04 2.998198e+02 4.022584e+04 5.158639e+07
<GCONST> 7.376141e+01
<MIXTURE> 4 1.209659e-01
<MEAN> 6
 8.012523e+01 1.763428e+03 -1.101852e+02 -2.657904e+00 -1.145482e+01 -1.934539e+02
<VARIANCE> 6
 3.185104e+01 4.944924e+05 1.878859e+05 2.998198e+02 4.022584e+04 5.158639e+07
<GCONST> 7.380743e+01
<MIXTURE> 5 1.802123e-01
<MEAN> 6
 6.827834e+01 1.209525e+03 -3.921697e+02 -1.307368e+00 -1.934103e+00 -6.602572e+01
<VARIANCE> 6
 3.185104e+01 4.597631e+04 6.892493e+04 2.998198e+02 4.022584e+04 5.158639e+07
<GCONST> 7.042920e+01
<MIXTURE> 6 9.271988e-02
<MEAN> 6
 1.023306e+02 5.584561e+02 -4.889254e+02 -4.976527e+00 -6.232459e-01 1.468254e+02
<VARIANCE> 6
 9.183445e+01 2.095799e+04 8.024832e+05 2.998198e+02 4.022584e+04 5.158639e+07
<GCONST> 7.315721e+01
<MIXTURE> 7 1.788627e-01
<MEAN> 6
 7.715224e+01 7.845268e+02 -9.705033e+02 -2.111650e+00 -1.771468e+00 -5.821569e+01
<VARIANCE> 6
 3.185104e+01 1.356289e+05 1.829312e+05 2.998198e+02 4.022584e+04 5.158639e+07
<GCONST> 7.248709e+01
<MIXTURE> 8 1.054490e-01
<MEAN> 6
 9.287817e+01 5.564280e+02 6.177694e+01 -1.773998e+00 -1.641790e+00 4.405346e+01
<VARIANCE> 6
 3.200529e+01 2.872349e+04 3.009062e+06 2.998198e+02 4.022584e+04 5.158639e+07
<GCONST> 7.373999e+01
<STATE> 5
<NUMMIXES> 8
<MIXTURE> 1 1.068854e-01
<MEAN> 6
 8.792788e+01 6.405333e+01 -1.854809e+02 -7.701231e-01 -5.319917e+00 -1.886510e+01
<VARIANCE> 6
 3.185104e+01 1.195217e+04 1.387160e+04 2.998198e+02 4.022584e+04 5.158639e+07
<GCONST> 6.747881e+01
<MIXTURE> 2 1.009341e-01
<MEAN> 6
 9.547849e+01 -4.938534e+02 -5.435480e+02 -9.684753e-01 -3.138647e+00 -6.160804e+01
<VARIANCE> 6
 8.532050e+01 1.195217e+04 1.387160e+04 2.998198e+02 4.022584e+04 5.158639e+07
<GCONST> 6.846416e+01
<MIXTURE> 3 1.128644e-01
<MEAN> 6
 7.144855e+01 -6.161031e+02 1.496214e+02 -6.708920e-01 -4.304370e+00 -1.703276e+02
<VARIANCE> 6
 3.185104e+01 1.195217e+04 1.387160e+04 2.998198e+02 4.022584e+04 5.158639e+07
<GCONST> 6.747881e+01
<MIXTURE> 4 1.906961e-01
<MEAN> 6
 6.918346e+01 -1.116637e+03 -1.454238e+02 7.968054e-01 -1.124968e+01 -5.163275e+01
<VARIANCE> 6
 3.185104e+01 6.919612e+04 1.578916e+05 2.998198e+02 4.022584e+04 5.158639e+07
<GCONST> 7.166692e+01
<MIXTURE> 5 1.422769e-01
<MEAN> 6
 8.534897e+01 -1.142403e+02 -1.905485e+01 -3.254242e-02 8.329554e-01 -5.164788e+01
<VARIANCE> 6
 3.185104e+01 1.195217e+04 1.387160e+04 2.998198e+02 4.022584e+04 5.158639e+07
<GCONST> 6.747881e+01
<MIXTURE> 6 1.296202e-01
<MEAN> 6
 8.213402e+01 -1.409027e+02 -2.211939e+02 -1.150375e-02 -2.441640e+00 -7.305457e+01
<VARIANCE> 6
 3.185104e+01 1.195217e+04 1.911402e+04 2.998198e+02 4.022584e+04 5.158639e+07
<GCONST> 6.779939e+01
<MIXTURE> 7 1.194193e-01
<MEAN> 6
 8.542899e+01 2.919827e+01 -2.122154e+02 -2.631128e-01 -3.500705e+00 -3.360710e+01
<VARIANCE> 6
 3.185104e+01 1.195217e+04 1.387160e+04 2.998198e+02 4.022584e+04 5.158639e+07
<GCONST> 6.747881e+01
<MIXTURE> 8 9.728301e-02
<MEAN> 6
 8.473046e+01 -4.475848e+02 -5.546147e+02 -9.446430e-01 -6.927728e+00 -2.330037e+01
<VARIANCE> 6
 2.016528e+02 1.195217e+04 1.387160e+04 2.998198e+02 4.022584e+04 5.158639e+07
<GCONST> 6.932429e+01
<STATE> 6
<NUMMIXES> 8
<MIXTURE> 1 1.053060e-01
<MEAN> 6
 8.412428e+01 5.408873e+01 2.874188e+01 -7.556180e+00 -1.750875e+01 -2.011300e+02
<VARIANCE> 6
 1.689412e+02 5.941177e+05 1.831560e+05 2.998198e+02 4.022584e+04 5.158639e+07
<GCONST> 7.563396e+01
<MIXTURE> 2 1.395451e-02
<MEAN> 6
 -7.637049e+00 1.491969e+02 1.212786e+02 -3.847092e+01 1.178233e+02 5.427453e+03
<VARIANCE> 6
 1.127352e+04 1.995488e+05 4.089682e+05 1.762351e+06 9.618474e+08 1.414195e+12
<GCONST> 1.085268e+02
<MIXTURE> 3 1.730148e-01
<MEAN> 6
 -4.779890e+01 -2.929648e+01 6.568946e+01 4.950476e+01 5.019525e+02 -3.143310e+02
<VARIANCE> 6
 3.818505e+02 2.561657e+05 1.596770e+05 8.917361e+03 1.791138e+05 5.158639e+07
<GCONST> 8.035708e+01
<MIXTURE> 4 1.198530e-01
<MEAN> 6
 2.699261e+01 -4.550949e+01 2.261775e+02 -7.569484e+00 -1.060281e+02 1.523999e+02
<VARIANCE> 6
 3.973492e+03 1.908484e+06 9.513359e+05 4.781182e+04 2.074027e+06 9.125753e+08
<GCONST> 9.349392e+01
<MIXTURE> 5 1.712456e-01
<MEAN> 6
 5.772832e+01 -1.377380e+01 -1.559216e-01 3.691544e+01 -4.171194e+02 -5.845520e+02
<VARIANCE> 6
 6.163287e+02 2.346147e+05 9.320801e+04 2.685418e+04 1.486081e+05 5.158639e+07
<GCONST> 8.112534e+01
<MIXTURE> 6 1.405062e-01
<MEAN> 6
 -2.558356e+01 -4.159429e+01 2.270267e+01 -4.733537e+01 7.735448e+02 5.111974e+02
<VARIANCE> 6
 6.733655e+02 8.694912e+04 8.869725e+04 4.992751e+04 6.700875e+05 2.918335e+08
<GCONST> 8.403079e+01
<MIXTURE> 7 1.611178e-01
<MEAN> 6
 5.413618e+01 4.026262e+01 -5.914334e+00 -3.059110e+01 -6.666642e+02 3.654833e+02
<VARIANCE> 6
 9.159086e+02 1.212966e+05 1.765332e+05 4.182268e+04 4.764476e+05 1.567696e+08
<GCONST> 8.422003e+01
<MIXTURE> 8 1.141761e-01
<MEAN> 6
 7.869369e+01 -7.355711e+01 -5.630519e+01 -5.662349e+00 -2.509327e+01 -2.352757e+02
<VARIANCE> 6
 1.212308e+02 1.293588e+05 1.381900e+05 2.998198e+02 4.022584e+04 5.158639e+07
<GCONST> 7.349590e+01
<TRANSP> 7
 0.000000e+00 1.000000e+00 0.000000e+00 0.000000e+00 0.000000e+00 0.000000e+00 0.000000e+00
 0.000000e+00 9.998824e-01 1.176123e-04 0.000000e+00 0.000000e+00 0.000000e+00 0.000000e+00
 0.000000e+00 0.000000e+00 9.994050e-01 5.950838e-04 0.000000e+00 0.000000e+00 0.000000e+00
 0.000000e+00 0.000000e+00 0.000000e+00 9.991083e-01 8.917180e-04 0.000000e+00 0.000000e+00
 0.000000e+00 0.000000e+00 0.000000e+00 0.000000e+00 9.988939e-01 1.106107e-03 0.000000e+00
 0.000000e+00 0.000000e+00 0.000000e+00 0.000000e+00 0.000000e+00 9.999369e-01 6.309676e-05
 0.000000e+00 0.000000e+00 0.000000e+00 0.000000e+00 0.000000e+00 0.000000e+00 0.000000e+00
<ENDHMM>
