~o
<STREAMINFO> 1 6
<VECSIZE> 6<NULLD><USER><DIAGC>
~h "SegundoPRIMARIA"
<BEGINHMM>
<NUMSTATES> 4
<STATE> 2
<NUMMIXES> 10
<MIXTURE> 1 1.443078e-01
<MEAN> 6
 7.973999e+01 -3.228929e+01 1.377010e+01 -1.040973e+00 -2.271091e+01 -7.562176e+01
<VARIANCE> 6
 1.711594e+02 5.129474e+05 3.816852e+06 2.931646e+02 3.748502e+04 4.834107e+07
<GCONST> 7.837894e+01
<MIXTURE> 2 5.073243e-02
<MEAN> 6
 5.741496e+00 2.810858e+02 -3.369973e+02 -9.105189e+01 1.044153e+02 4.862637e+03
<VARIANCE> 6
 4.162226e+03 1.653464e+07 1.876009e+06 5.944205e+04 2.925590e+06 1.754165e+09
<GCONST> 9.759372e+01
<MIXTURE> 3 8.283529e-02
<MEAN> 6
 -3.753680e+01 -2.465659e+01 -2.119378e+02 2.252496e+01 8.374632e+02 -1.519780e+03
<VARIANCE> 6
 6.475331e+02 2.514850e+05 2.184127e+06 4.616100e+04 4.680142e+05 2.039597e+08
<GCONST> 8.746188e+01
<MIXTURE> 4 1.297330e-01
<MEAN> 6
 7.135425e+01 4.164902e+02 -1.196446e+02 4.676248e-01 -1.479160e+01 -1.343999e+02
<VARIANCE> 6
 3.414565e+01 7.250851e+05 4.650594e+05 2.931646e+02 3.748502e+04 4.834107e+07
<GCONST> 7.500808e+01
<MIXTURE> 5 1.358758e-01
<MEAN> 6
 5.085049e+01 9.385392e+00 -1.323049e+02 -1.016249e+00 -6.823962e+02 -8.264562e+02
<VARIANCE> 6
 7.818897e+02 2.745448e+05 1.846766e+06 4.293940e+04 4.338768e+05 1.162265e+08
<GCONST> 8.685991e+01
<MIXTURE> 6 1.122865e-01
<MEAN> 6
 7.232896e+01 4.448803e+01 -4.114209e+02 -3.616287e-01 -9.191497e+00 -8.945287e+01
<VARIANCE> 6
 3.265012e+01 1.616226e+04 2.048188e+05 2.931646e+02 3.748502e+04 4.834107e+07
<GCONST> 7.033965e+01
<MIXTURE> 7 4.181393e-02
<MEAN> 6
 8.678493e+01 -2.382461e+03 4.886230e+02 -4.461678e+00 -1.620461e+01 -1.038880e+02
<VARIANCE> 6
 3.592690e+02 2.878912e+07 7.942452e+05 2.931646e+02 3.748502e+04 4.834107e+07
<GCONST> 8.157822e+01
<MIXTURE> 8 9.413281e-02
<MEAN> 6
 6.429806e+01 -2.265848e+02 -3.186394e+02 4.076630e-01 -3.530053e+00 -6.868234e+01
<VARIANCE> 6
 6.272013e+01 6.163654e+04 1.224680e+05 2.931646e+02 3.748502e+04 4.834107e+07
<GCONST> 7.181678e+01
<MIXTURE> 9 1.295038e-01
<MEAN> 6
 6.473819e+01 -2.378373e+02 3.330840e+02 4.357254e-01 -3.967787e+00 -1.199131e+02
<VARIANCE> 6
 4.263766e+01 4.176468e+05 6.701239e+05 2.931646e+02 3.748502e+04 4.834107e+07
<GCONST> 7.504383e+01
<MIXTURE> 10 7.848497e-02
<MEAN> 6
 -6.490536e+01 -9.904043e+01 -3.715287e+02 7.345998e+00 2.986949e+02 3.997518e+02
<VARIANCE> 6
 4.165457e+02 1.667273e+05 1.545404e+06 4.371579e+03 9.681347e+04 4.834107e+07
<GCONST> 8.089138e+01
<STATE> 3
<NUMMIXES> 10
<MIXTURE> 1 5.827910e-03
<MEAN> 6
 1.874892e+01 2.466701e+01 2.603815e+01 -3.643962e+01 -5.717854e+02 9.318491e+03
<VARIANCE> 6
 8.392887e+03 1.800398e+06 1.214699e+06 8.948008e+05 4.705674e+08 7.149421e+11
<GCONST> 1.094452e+02
<MIXTURE> 2 1.157467e-01
<MEAN> 6
 2.410116e+01 1.426322e+02 1.732772e+01 2.397091e+02 2.998804e+01 -3.009077e+03
<VARIANCE> 6
 7.868293e+02 2.138474e+05 1.274651e+05 6.763253e+03 1.719308e+05 5.318142e+07
<GCONST> 8.038722e+01
<MIXTURE> 3 9.423354e-02
<MEAN> 6
 6.528701e+01 -1.650105e+00 1.231254e+02 -1.402544e+01 -7.533990e+02 5.693922e+02
<VARIANCE> 6
 2.419979e+03 9.118638e+05 9.790860e+05 6.111365e+04 2.519068e+06 1.443161e+09
<GCONST> 9.318639e+01
<MIXTURE> 4 8.356737e-02
<MEAN> 6
 1.018565e+02 -4.681612e+01 1.153162e+02 -6.681758e+00 -2.434924e+01 -2.033066e+02
<VARIANCE> 6
 1.440908e+02 1.251888e+06 4.655298e+05 2.931646e+02 3.748502e+04 4.834107e+07
<GCONST> 7.699503e+01
<MIXTURE> 5 1.290766e-01
<MEAN> 6
 -3.568013e+01 2.446254e+01 9.511388e+00 -9.991920e+01 1.276926e+03 9.883959e+02
<VARIANCE> 6
 6.290881e+02 1.838703e+05 1.705743e+05 4.935420e+04 9.504427e+05 6.223353e+08
<GCONST> 8.646091e+01
<MIXTURE> 6 1.311109e-01
<MEAN> 6
 8.634772e+01 -1.704420e+01 8.158875e+01 -1.223841e+01 -6.386113e+02 -1.173592e+03
<VARIANCE> 6
 2.835176e+02 2.313467e+05 2.398665e+05 1.886256e+04 1.931104e+05 6.282345e+07
<GCONST> 8.138583e+01
<MIXTURE> 7 9.387963e-02
<MEAN> 6
 -4.180524e+01 1.376338e+02 3.951881e+01 7.315952e+01 7.126092e+02 -1.335260e+02
<VARIANCE> 6
 2.691937e+02 1.770761e+05 1.285721e+05 1.298857e+04 1.732617e+05 4.834107e+07
<GCONST> 7.969945e+01
<MIXTURE> 8 1.379915e-01
<MEAN> 6
 5.659215e+01 1.828809e+01 5.078755e+01 -1.208569e+02 -6.850908e+02 2.335292e+03
<VARIANCE> 6
 1.167091e+03 1.028987e+05 6.099835e+04 4.528873e+04 6.713561e+05 2.439930e+08
<GCONST> 8.410016e+01
<MIXTURE> 9 1.165572e-01
<MEAN> 6
 9.126108e+01 -8.992750e+01 -9.382493e+01 -3.654308e+00 -2.556511e+01 -2.205146e+02
<VARIANCE> 6
 1.687613e+02 1.607538e+05 1.274537e+05 2.931646e+02 3.748502e+04 4.834107e+07
<GCONST> 7.380511e+01
<MIXTURE> 10 9.111864e-02
<MEAN> 6
 -5.385653e+01 1.356922e+02 1.314133e+01 5.061544e+00 2.577598e+02 6.960466e+01
<VARIANCE> 6
 3.154516e+02 2.587195e+05 2.355110e+05 1.478658e+03 9.989556e+04 4.834107e+07
<GCONST> 7.811884e+01
<TRANSP> 4
 0.000000e+00 1.000000e+00 0.000000e+00 0.000000e+00
 0.000000e+00 9.998521e-01 1.478370e-04 0.000000e+00
 0.000000e+00 0.000000e+00 9.999502e-01 4.977246e-05
 0.000000e+00 0.000000e+00 0.000000e+00 0.000000e+00
<ENDHMM>
~h "SegundoESO"
<BEGINHMM>
<NUMSTATES> 4
<STATE> 2
<NUMMIXES> 10
<MIXTURE> 1 1.091605e-01
<MEAN> 6
 8.537265e+01 -1.526518e+03 1.395325e+03 -3.955273e+00 -2.251052e+01 -1.628180e+02
<VARIANCE> 6
 1.451494e+02 2.250566e+07 1.748496e+07 2.931646e+02 3.748502e+04 4.834107e+07
<GCONST> 8.351737e+01
<MIXTURE> 2 3.900409e-02
<MEAN> 6
 2.966984e+01 1.743376e+03 4.000230e+02 -6.448044e+01 -2.025037e+02 2.054884e+03
<VARIANCE> 6
 3.399890e+03 2.800859e+07 1.346424e+07 4.208641e+04 2.151404e+06 5.671650e+08
<GCONST> 9.810760e+01
<MIXTURE> 3 1.013538e-01
<MEAN> 6
 7.456009e+01 1.102490e+02 7.090325e+02 -4.984437e-01 -1.715535e+01 -7.027243e+01
<VARIANCE> 6
 3.155390e+01 3.199582e+05 1.431886e+06 2.931646e+02 3.748502e+04 4.834107e+07
<GCONST> 7.523563e+01
<MIXTURE> 4 1.507404e-01
<MEAN> 6
 -4.205929e+01 4.837687e+01 1.810569e+02 8.403381e+00 4.555173e+02 -1.806428e+02
<VARIANCE> 6
 4.279478e+02 4.492616e+06 3.281769e+06 1.749614e+04 1.953825e+05 4.834107e+07
<GCONST> 8.705435e+01
<MIXTURE> 5 1.250779e-01
<MEAN> 6
 6.506781e+01 2.556092e+01 1.058137e+02 -1.346555e-02 -4.522366e+00 -9.042364e+01
<VARIANCE> 6
 4.710834e+01 2.267440e+05 5.021263e+04 2.931646e+02 3.748502e+04 4.834107e+07
<GCONST> 7.194153e+01
<MIXTURE> 6 8.248992e-02
<MEAN> 6
 4.707668e+01 1.145978e+03 -9.760823e+02 9.881667e+01 -2.541160e+02 -1.299963e+03
<VARIANCE> 6
 9.044912e+02 4.392047e+06 5.936226e+06 2.225927e+04 9.569108e+04 4.834107e+07
<GCONST> 8.789971e+01
<MIXTURE> 7 8.299970e-02
<MEAN> 6
 6.764045e+01 7.880754e+02 -2.297537e+03 3.289712e-01 -9.275223e+00 -8.966386e+01
<VARIANCE> 6
 9.925404e+01 2.913888e+05 2.757687e+06 2.931646e+02 3.748502e+04 4.834107e+07
<GCONST> 7.694348e+01
<MIXTURE> 8 1.163765e-01
<MEAN> 6
 6.229881e+01 1.204321e+02 -3.167701e+02 3.098678e-02 -2.830116e+00 -1.086987e+02
<VARIANCE> 6
 4.099781e+01 2.342806e+06 6.509541e+04 2.931646e+02 3.748502e+04 4.834107e+07
<GCONST> 7.439748e+01
<MIXTURE> 9 1.075743e-01
<MEAN> 6
 6.802583e+01 6.945374e+01 -4.478287e+02 2.927819e-02 -8.854107e+00 -9.923859e+01
<VARIANCE> 6
 4.509921e+01 1.420300e+05 8.835308e+05 2.931646e+02 3.748502e+04 4.834107e+07
<GCONST> 7.429782e+01
<MIXTURE> 10 8.488485e-02
<MEAN> 6
 5.257616e+01 -1.281417e+03 5.438995e+00 -8.255752e+01 -4.154352e+02 9.639872e+02
<VARIANCE> 6
 9.461137e+02 6.342496e+06 3.103054e+06 2.602566e+04 2.558082e+05 5.014579e+07
<GCONST> 8.883978e+01
<STATE> 3
<NUMMIXES> 10
<MIXTURE> 1 9.038635e-02
<MEAN> 6
 8.468114e+01 2.246144e+02 -1.534681e+02 -4.438194e+00 -2.726702e+01 8.261815e+01
<VARIANCE> 6
 1.935074e+02 9.624476e+05 1.386663e+06 2.931646e+02 3.748502e+04 4.834107e+07
<GCONST> 7.811845e+01
<MIXTURE> 2 6.348787e-02
<MEAN> 6
 3.688437e+01 -1.060053e+02 -3.708171e+01 -1.023934e+02 -4.310708e+02 4.867196e+03
<VARIANCE> 6
 2.509764e+03 3.070969e+06 1.755825e+06 4.470535e+04 1.782107e+06 7.533176e+08
<GCONST> 9.371230e+01
<MIXTURE> 3 1.043162e-01
<MEAN> 6
 -4.800510e+01 9.994291e+01 5.539664e+01 -1.503104e+01 1.195163e+03 4.839851e+02
<VARIANCE> 6
 1.591565e+02 6.145772e+05 3.922090e+05 2.506308e+04 3.474345e+05 2.137120e+08
<GCONST> 8.437301e+01
<MIXTURE> 4 1.245694e-01
<MEAN> 6
 2.550599e+01 2.053090e+02 9.668692e+01 5.595482e+01 -1.395517e+02 -9.232062e+02
<VARIANCE> 6
 5.626259e+02 8.921812e+05 7.522285e+05 3.599415e+04 6.573237e+04 4.834107e+07
<GCONST> 8.387035e+01
<MIXTURE> 5 9.140645e-02
<MEAN> 6
 7.216254e+01 4.983766e+00 8.368880e+01 2.676888e+01 -6.067561e+02 -8.639000e+02
<VARIANCE> 6
 2.625734e+02 7.342369e+05 4.287618e+05 1.591417e+04 1.240842e+05 5.795757e+07
<GCONST> 8.235194e+01
<MIXTURE> 6 1.219354e-01
<MEAN> 6
 -1.918370e+01 2.297576e+01 3.324475e+01 2.609185e+01 4.023358e+02 -2.189111e+03
<VARIANCE> 6
 2.258853e+02 3.494577e+05 2.034629e+05 3.610951e+04 1.172555e+05 8.303648e+07
<GCONST> 8.183588e+01
<MIXTURE> 7 1.186277e-01
<MEAN> 6
 2.636029e+01 1.512637e+01 1.643963e+00 -1.335063e+01 -1.864234e+02 1.027406e+03
<VARIANCE> 6
 7.480172e+02 1.740918e+05 4.251818e+04 3.687809e+04 1.015881e+05 6.493518e+07
<GCONST> 8.040266e+01
<MIXTURE> 8 1.055601e-01
<MEAN> 6
 7.842697e+01 -4.162958e+02 8.978531e+01 -3.059836e+00 -3.464674e+01 -1.390409e+02
<VARIANCE> 6
 9.752553e+01 5.708809e+05 9.057977e+04 2.931646e+02 3.748502e+04 4.834107e+07
<GCONST> 7.418252e+01
<MIXTURE> 9 8.886807e-02
<MEAN> 6
 -5.369692e+01 3.208571e+01 -1.206652e+01 2.064771e+01 3.486624e+02 1.740471e+00
<VARIANCE> 6
 1.598358e+02 3.193990e+05 4.762121e+05 1.476111e+03 1.025271e+05 4.834107e+07
<GCONST> 7.837807e+01
<MIXTURE> 10 8.948345e-02
<MEAN> 6
 6.794156e+01 -1.324174e+02 8.823414e+01 -3.883239e+01 -8.395084e+02 1.693301e+01
<VARIANCE> 6
 2.612290e+02 8.932447e+05 1.868633e+05 2.305505e+04 2.128339e+05 9.154682e+07
<GCONST> 8.307967e+01
<TRANSP> 4
 0.000000e+00 1.000000e+00 0.000000e+00 0.000000e+00
 0.000000e+00 9.998708e-01 1.291658e-04 0.000000e+00
 0.000000e+00 0.000000e+00 9.999490e-01 5.101867e-05
 0.000000e+00 0.000000e+00 0.000000e+00 0.000000e+00
<ENDHMM>
~h "QuintoPRIMARIA"
<BEGINHMM>
<NUMSTATES> 4
<STATE> 2
<NUMMIXES> 10
<MIXTURE> 1 1.239200e-01
<MEAN> 6
 7.410493e+01 9.531094e+00 6.079564e+01 -3.215287e+00 -1.912068e+01 -2.135840e+02
<VARIANCE> 6
 1.479541e+02 4.963853e+04 1.111292e+05 2.931646e+02 3.748502e+04 4.834107e+07
<GCONST> 7.236136e+01
<MIXTURE> 2 5.091043e-02
<MEAN> 6
 1.484837e+01 -3.685539e+02 -1.507537e+01 -3.811879e+01 6.473492e+00 3.811083e+03
<VARIANCE> 6
 2.883141e+03 1.640135e+06 1.161816e+06 5.716056e+04 3.009245e+06 1.417639e+09
<GCONST> 9.421276e+01
<MIXTURE> 3 8.285069e-02
<MEAN> 6
 -3.245911e+01 6.062434e+01 2.160052e+02 8.794591e+01 7.823096e+02 -3.047670e+03
<VARIANCE> 6
 5.285706e+02 1.544363e+05 2.830229e+05 3.226228e+04 2.335603e+05 8.145153e+07
<GCONST> 8.275662e+01
<MIXTURE> 4 1.123797e-01
<MEAN> 6
 4.260423e+01 1.269810e+01 2.267062e+01 7.247867e+01 -2.097113e+02 -1.475392e+03
<VARIANCE> 6
 9.075009e+02 5.074227e+04 4.341100e+04 2.867062e+04 1.378736e+05 4.834107e+07
<GCONST> 7.914246e+01
<MIXTURE> 5 9.126806e-02
<MEAN> 6
 7.001023e+01 8.824219e+01 -3.099485e+02 -1.097786e+00 -1.145408e+01 -1.028718e+02
<VARIANCE> 6
 5.770872e+01 7.626387e+05 1.417271e+05 2.931646e+02 3.748502e+04 4.834107e+07
<GCONST> 7.439509e+01
<MIXTURE> 6 1.274131e-01
<MEAN> 6
 7.846458e+01 1.399424e+02 -6.125216e+01 -1.397569e+01 -8.893753e+02 -7.207661e+02
<VARIANCE> 6
 2.908983e+02 3.022203e+05 1.342866e+05 2.244113e+04 5.392750e+05 2.371416e+08
<GCONST> 8.362769e+01
<MIXTURE> 7 8.897655e-02
<MEAN> 6
 -5.163544e+01 1.523744e+01 7.171382e+00 2.654866e+01 3.609987e+02 1.947370e+02
<VARIANCE> 6
 2.511490e+02 9.587689e+04 7.970216e+04 1.949358e+03 1.057079e+05 4.834107e+07
<GCONST> 7.614767e+01
<MIXTURE> 8 1.222093e-01
<MEAN> 6
 8.021171e+01 -1.632136e+02 -5.427781e+01 -4.954178e+00 -2.029373e+01 -2.166904e+02
<VARIANCE> 6
 1.641767e+02 1.039956e+05 1.263540e+05 2.931646e+02 3.748502e+04 4.834107e+07
<GCONST> 7.333337e+01
<MIXTURE> 9 1.130796e-01
<MEAN> 6
 3.297895e+01 -3.928921e+01 -3.797200e+01 -4.851890e+01 -3.560689e+02 1.378623e+03
<VARIANCE> 6
 6.814260e+02 1.986216e+05 2.370767e+05 5.032916e+04 2.160984e+05 7.603966e+07
<GCONST> 8.338334e+01
<MIXTURE> 10 8.574656e-02
<MEAN> 6
 -3.355987e+01 -1.061194e+02 -3.279609e+01 -8.907231e+01 9.856813e+02 2.392430e+03
<VARIANCE> 6
 5.464172e+02 1.240032e+05 8.059978e+04 3.780471e+04 6.910718e+05 3.911348e+08
<GCONST> 8.412671e+01
<STATE> 3
<NUMMIXES> 10
<MIXTURE> 1 1.127280e-01
<MEAN> 6
 9.223817e+01 6.169972e+02 1.383548e+02 -4.370358e+00 -2.233327e+01 -5.094247e+01
<VARIANCE> 6
 1.796421e+02 7.485901e+05 1.378794e+06 2.931646e+02 3.748502e+04 4.834107e+07
<GCONST> 7.778712e+01
<MIXTURE> 2 1.550201e-02
<MEAN> 6
 -5.023208e+00 1.756703e+02 6.599573e+01 3.627886e+01 -1.623260e+02 3.186271e+02
<VARIANCE> 6
 1.300432e+04 1.850858e+05 3.929956e+05 2.161958e+06 1.208578e+09 1.785381e+12
<GCONST> 1.092203e+02
<MIXTURE> 3 1.104028e-01
<MEAN> 6
 7.286884e+01 2.004280e+02 5.393536e+02 -1.005646e+01 -7.164952e+02 -9.181843e+01
<VARIANCE> 6
 5.675786e+02 2.200967e+06 5.210920e+06 2.992187e+04 3.373089e+05 1.084168e+08
<GCONST> 8.897591e+01
<MIXTURE> 4 9.722751e-02
<MEAN> 6
 7.127796e-01 -1.732672e+02 -2.266689e+02 -1.158256e+02 2.499586e+02 4.080156e+03
<VARIANCE> 6
 4.746417e+03 2.505792e+06 2.532598e+06 5.279839e+04 3.391464e+06 1.629606e+09
<GCONST> 9.609390e+01
<MIXTURE> 5 5.240846e-02
<MEAN> 6
 7.544487e+01 -6.333913e+02 -9.939147e+02 -2.389663e+00 -6.955210e+00 2.063644e+00
<VARIANCE> 6
 3.329037e+02 1.725915e+07 1.448439e+07 2.931646e+02 3.748502e+04 4.834107e+07
<GCONST> 8.389378e+01
<MIXTURE> 6 1.407607e-01
<MEAN> 6
 -3.012212e+01 2.767655e+02 3.121180e+02 5.948060e+01 4.706549e+02 -1.809175e+03
<VARIANCE> 6
 7.907305e+02 1.713608e+06 1.973850e+06 4.267004e+04 2.304837e+05 6.422092e+07
<GCONST> 8.753685e+01
<MIXTURE> 7 7.755965e-02
<MEAN> 6
 6.882328e+01 2.569636e+02 -1.249792e+03 -1.432485e-01 -1.328975e+01 -1.079086e+02
<VARIANCE> 6
 2.347803e+02 2.527763e+05 5.224236e+06 2.931646e+02 3.748502e+04 4.834107e+07
<GCONST> 7.830122e+01
<MIXTURE> 8 1.220868e-01
<MEAN> 6
 -6.465594e+01 -2.360663e+02 -5.985340e+01 2.136976e+01 5.381215e+02 -2.106167e+02
<VARIANCE> 6
 1.092458e+02 4.043809e+05 1.898961e+06 5.908494e+03 2.801629e+05 7.004376e+07
<GCONST> 8.237969e+01
<MIXTURE> 9 1.552833e-01
<MEAN> 6
 4.875251e+01 -3.165606e+02 1.780774e+02 1.765113e+01 -4.255054e+02 -5.097383e+02
<VARIANCE> 6
 9.440092e+02 5.408540e+05 1.001873e+06 4.439631e+04 1.703207e+05 5.830308e+07
<GCONST> 8.552320e+01
<MIXTURE> 10 1.153293e-01
<MEAN> 6
 8.659726e+01 -9.333893e+00 5.292074e+02 -2.466162e+00 -1.715953e+01 -1.058334e+02
<VARIANCE> 6
 6.612684e+01 1.008585e+06 1.890330e+06 2.931646e+02 3.748502e+04 4.834107e+07
<GCONST> 7.740138e+01
<TRANSP> 4
 0.000000e+00 1.000000e+00 0.000000e+00 0.000000e+00
 0.000000e+00 9.999380e-01 6.198627e-05 0.000000e+00
 0.000000e+00 0.000000e+00 9.999139e-01 8.611967e-05
 0.000000e+00 0.000000e+00 0.000000e+00 0.000000e+00
<ENDHMM>
