~o
<STREAMINFO> 1 6
<VECSIZE> 6<NULLD><USER><DIAGC>
~h "SegundoPRIMARIA"
<BEGINHMM>
<NUMSTATES> 4
<STATE> 2
<NUMMIXES> 10
<MIXTURE> 1 1.459993e-01
<MEAN> 6
 7.924638e+01 -5.072802e+01 4.408294e+01 -9.971074e-01 -2.221336e+01 -7.777650e+01
<VARIANCE> 6
 1.769328e+02 5.080645e+05 3.832329e+06 2.931646e+02 3.748502e+04 4.834107e+07
<GCONST> 7.840660e+01
<MIXTURE> 2 5.633345e-02
<MEAN> 6
 1.836066e+00 2.476820e+02 -3.424955e+02 -9.837420e+01 2.302842e+02 4.316354e+03
<VARIANCE> 6
 3.928419e+03 1.489821e+07 1.919415e+06 5.949221e+04 2.848542e+06 1.665849e+09
<GCONST> 9.737706e+01
<MIXTURE> 3 7.552774e-02
<MEAN> 6
 -3.965422e+01 -2.427484e+01 -1.781887e+02 3.694328e+01 7.964214e+02 -1.313797e+03
<VARIANCE> 6
 6.102793e+02 2.468144e+05 2.243050e+06 4.004524e+04 4.222871e+05 1.506975e+08
<GCONST> 8.686290e+01
<MIXTURE> 4 1.249787e-01
<MEAN> 6
 7.108591e+01 4.174835e+02 -9.393451e+01 5.384647e-01 -1.487861e+01 -1.379153e+02
<VARIANCE> 6
 3.507111e+01 7.179436e+05 4.824882e+05 2.931646e+02 3.748502e+04 4.834107e+07
<GCONST> 7.506172e+01
<MIXTURE> 5 1.371975e-01
<MEAN> 6
 5.047710e+01 1.075341e+01 -1.365190e+02 -1.116093e+00 -6.753527e+02 -8.646367e+02
<VARIANCE> 6
 7.965577e+02 2.727576e+05 1.846606e+06 4.359298e+04 4.416172e+05 1.188281e+08
<GCONST> 8.692680e+01
<MIXTURE> 6 1.147861e-01
<MEAN> 6
 7.226403e+01 4.157159e+01 -4.074339e+02 -3.643892e-01 -9.294824e+00 -8.852287e+01
<VARIANCE> 6
 3.271008e+01 1.691543e+04 2.040542e+05 2.931646e+02 3.748502e+04 4.834107e+07
<GCONST> 7.038329e+01
<MIXTURE> 7 4.344526e-02
<MEAN> 6
 8.696360e+01 -2.302538e+03 4.604375e+02 -4.391583e+00 -1.646445e+01 -1.002627e+02
<VARIANCE> 6
 3.534197e+02 2.814405e+07 8.053192e+05 2.931646e+02 3.748502e+04 4.834107e+07
<GCONST> 8.155299e+01
<MIXTURE> 8 9.377634e-02
<MEAN> 6
 6.433284e+01 -2.321092e+02 -3.255119e+02 4.044081e-01 -3.673551e+00 -6.948936e+01
<VARIANCE> 6
 6.372653e+01 6.381797e+04 1.256248e+05 2.931646e+02 3.748502e+04 4.834107e+07
<GCONST> 7.189293e+01
<MIXTURE> 9 1.281788e-01
<MEAN> 6
 6.510281e+01 -2.128107e+02 2.908231e+02 4.132254e-01 -4.425030e+00 -1.190934e+02
<VARIANCE> 6
 4.298846e+01 4.366761e+05 6.227771e+05 2.931646e+02 3.748502e+04 4.834107e+07
<GCONST> 7.502331e+01
<MIXTURE> 10 7.949495e-02
<MEAN> 6
 -6.355612e+01 -1.017383e+02 -3.855683e+02 7.621365e+00 3.175290e+02 1.722892e+02
<VARIANCE> 6
 4.847599e+02 1.600715e+05 1.474935e+06 6.262988e+03 1.102872e+05 4.834107e+07
<GCONST> 8.144547e+01
<STATE> 3
<NUMMIXES> 10
<MIXTURE> 1 6.056173e-03
<MEAN> 6
 1.987020e+01 5.514098e+01 2.761969e+01 -3.726182e+01 -5.712205e+02 9.635678e+03
<VARIANCE> 6
 8.355173e+03 1.922099e+06 1.211776e+06 8.641338e+05 4.533076e+08 6.883409e+11
<GCONST> 1.093935e+02
<MIXTURE> 2 1.174787e-01
<MEAN> 6
 2.280226e+01 1.410858e+02 1.604174e+01 2.399660e+02 4.927394e+01 -3.050638e+03
<VARIANCE> 6
 8.156660e+02 2.124544e+05 1.246476e+05 6.645026e+03 1.813112e+05 5.247202e+07
<GCONST> 8.041638e+01
<MIXTURE> 3 9.680323e-02
<MEAN> 6
 6.558289e+01 -7.419424e+00 1.220549e+02 -1.475139e+01 -7.552296e+02 5.345797e+02
<VARIANCE> 6
 2.380663e+03 8.907819e+05 9.640578e+05 6.062004e+04 2.441768e+06 1.387198e+09
<GCONST> 9.305232e+01
<MIXTURE> 4 8.243037e-02
<MEAN> 6
 1.017265e+02 -3.564488e+01 1.304102e+02 -6.599601e+00 -2.512108e+01 -2.136064e+02
<VARIANCE> 6
 1.489340e+02 1.221716e+06 4.684020e+05 2.931646e+02 3.748502e+04 4.834107e+07
<GCONST> 7.700983e+01
<MIXTURE> 5 1.347955e-01
<MEAN> 6
 -3.495634e+01 2.580543e+01 1.133857e+01 -9.353934e+01 1.263762e+03 9.284357e+02
<VARIANCE> 6
 6.186922e+02 1.810484e+05 1.610291e+05 5.098893e+04 9.305170e+05 6.032799e+08
<GCONST> 8.635149e+01
<MIXTURE> 6 1.288016e-01
<MEAN> 6
 8.615333e+01 -1.443728e+01 8.347431e+01 -1.135263e+01 -6.277876e+02 -1.171767e+03
<VARIANCE> 6
 2.840875e+02 2.257314e+05 2.390613e+05 1.881511e+04 1.870037e+05 6.045022e+07
<GCONST> 8.128676e+01
<MIXTURE> 7 8.821968e-02
<MEAN> 6
 -4.340007e+01 1.746047e+02 7.619099e+01 6.334586e+01 6.309286e+02 4.809757e+02
<VARIANCE> 6
 2.783844e+02 1.910696e+05 1.504303e+05 1.030534e+04 1.813688e+05 4.834107e+07
<GCONST> 7.978041e+01
<MIXTURE> 8 1.367407e-01
<MEAN> 6
 5.774722e+01 1.813528e+01 4.928572e+01 -1.182003e+02 -7.020533e+02 2.247428e+03
<VARIANCE> 6
 1.134555e+03 1.014667e+05 5.888718e+04 4.491493e+04 6.517014e+05 2.371152e+08
<GCONST> 8.395605e+01
<MIXTURE> 9 1.175783e-01
<MEAN> 6
 9.145347e+01 -9.030681e+01 -1.057238e+02 -3.743866e+00 -2.454607e+01 -2.106691e+02
<VARIANCE> 6
 1.667678e+02 1.806758e+05 1.260297e+05 2.931646e+02 3.748502e+04 4.834107e+07
<GCONST> 7.389882e+01
<MIXTURE> 10 9.021486e-02
<MEAN> 6
 -5.347378e+01 1.050268e+02 -2.005709e+01 5.103367e+00 3.058178e+02 -2.898346e+02
<VARIANCE> 6
 3.228749e+02 2.470338e+05 2.197103e+05 2.344612e+03 1.214499e+05 4.834107e+07
<GCONST> 7.868280e+01
<TRANSP> 4
 0.000000e+00 1.000000e+00 0.000000e+00 0.000000e+00
 0.000000e+00 9.998521e-01 1.478995e-04 0.000000e+00
 0.000000e+00 0.000000e+00 9.999502e-01 4.976544e-05
 0.000000e+00 0.000000e+00 0.000000e+00 0.000000e+00
<ENDHMM>
~h "SegundoESO"
<BEGINHMM>
<NUMSTATES> 4
<STATE> 2
<NUMMIXES> 10
<MIXTURE> 1 1.112390e-01
<MEAN> 6
 8.523956e+01 -1.504831e+03 1.393227e+03 -3.846215e+00 -2.256780e+01 -1.568967e+02
<VARIANCE> 6
 1.437013e+02 2.220799e+07 1.735086e+07 2.931646e+02 3.748502e+04 4.834107e+07
<GCONST> 8.348634e+01
<MIXTURE> 2 4.193537e-02
<MEAN> 6
 3.063257e+01 1.543248e+03 3.740121e+02 -6.823434e+01 -2.326912e+02 2.224489e+03
<VARIANCE> 6
 3.300083e+03 2.702734e+07 1.253638e+07 4.145109e+04 2.079744e+06 5.387738e+08
<GCONST> 9.787030e+01
<MIXTURE> 3 9.735693e-02
<MEAN> 6
 7.462659e+01 1.400767e+02 6.141800e+02 -4.858831e-01 -1.692850e+01 -7.219639e+01
<VARIANCE> 6
 3.155390e+01 2.847687e+05 1.423121e+06 2.931646e+02 3.748502e+04 4.834107e+07
<GCONST> 7.511298e+01
<MIXTURE> 4 1.502525e-01
<MEAN> 6
 -4.212202e+01 5.312348e+01 1.829074e+02 9.035592e+00 4.548176e+02 -1.883078e+02
<VARIANCE> 6
 4.266939e+02 4.485397e+06 3.280527e+06 1.741107e+04 1.947877e+05 4.834107e+07
<GCONST> 8.704150e+01
<MIXTURE> 5 1.266790e-01
<MEAN> 6
 6.494781e+01 2.566440e+01 9.886402e+01 1.847647e-03 -4.437694e+00 -9.150646e+01
<VARIANCE> 6
 4.700804e+01 2.283674e+05 5.193246e+04 2.931646e+02 3.748502e+04 4.834107e+07
<GCONST> 7.198022e+01
<MIXTURE> 6 8.193389e-02
<MEAN> 6
 4.993785e+01 7.180320e+02 -6.933401e+02 7.237332e+01 -2.806691e+02 -7.240732e+02
<VARIANCE> 6
 8.691129e+02 5.468248e+06 5.625130e+06 2.569603e+04 1.044435e+05 4.834107e+07
<GCONST> 8.825625e+01
<MIXTURE> 7 8.814981e-02
<MEAN> 6
 6.734669e+01 7.538376e+02 -2.214446e+03 3.313535e-01 -9.025454e+00 -9.104780e+01
<VARIANCE> 6
 9.779184e+01 2.929099e+05 2.748126e+06 2.931646e+02 3.748502e+04 4.834107e+07
<GCONST> 7.693037e+01
<MIXTURE> 8 1.180843e-01
<MEAN> 6
 6.220252e+01 1.225429e+02 -3.228901e+02 1.633149e-02 -2.834058e+00 -1.073527e+02
<VARIANCE> 6
 4.089406e+01 2.307557e+06 6.889827e+04 2.931646e+02 3.748502e+04 4.834107e+07
<GCONST> 7.443655e+01
<MIXTURE> 9 1.012833e-01
<MEAN> 6
 6.869952e+01 3.722701e+01 -3.187924e+02 -7.782072e-03 -9.613051e+00 -9.725561e+01
<VARIANCE> 6
 3.933511e+01 1.490213e+05 1.051214e+06 2.931646e+02 3.748502e+04 4.834107e+07
<GCONST> 7.438290e+01
<MIXTURE> 10 8.273288e-02
<MEAN> 6
 4.965126e+01 -8.505701e+02 -2.831531e+02 -5.388631e+01 -3.710118e+02 2.533938e+02
<VARIANCE> 6
 9.964326e+02 6.914414e+06 3.807543e+06 3.058962e+04 2.322982e+05 4.834107e+07
<GCONST> 8.921104e+01
<STATE> 3
<NUMMIXES> 10
<MIXTURE> 1 8.992938e-02
<MEAN> 6
 8.463208e+01 2.260390e+02 -1.548257e+02 -4.420430e+00 -2.808041e+01 7.734682e+01
<VARIANCE> 6
 1.950253e+02 9.718720e+05 1.395008e+06 2.931646e+02 3.748502e+04 4.834107e+07
<GCONST> 7.814201e+01
<MIXTURE> 2 6.625417e-02
<MEAN> 6
 3.499393e+01 -9.877537e+01 -3.934901e+01 -1.070626e+02 -4.009105e+02 4.934046e+03
<VARIANCE> 6
 2.537176e+03 3.002744e+06 1.736136e+06 4.404630e+04 1.801924e+06 7.367423e+08
<GCONST> 9.366338e+01
<MIXTURE> 3 1.056218e-01
<MEAN> 6
 -4.789011e+01 9.139810e+01 5.718126e+01 -1.481370e+01 1.178697e+03 3.979754e+02
<VARIANCE> 6
 1.676259e+02 6.271708e+05 3.797498e+05 2.479723e+04 3.432579e+05 2.095567e+08
<GCONST> 8.437048e+01
<MIXTURE> 4 1.262802e-01
<MEAN> 6
 2.600324e+01 2.050210e+02 9.286913e+01 6.224144e+01 -1.445313e+02 -1.056934e+03
<VARIANCE> 6
 5.725144e+02 8.649916e+05 7.363199e+05 3.483817e+04 6.458281e+04 4.834107e+07
<GCONST> 8.378516e+01
<MIXTURE> 5 8.955821e-02
<MEAN> 6
 7.249344e+01 2.532445e+01 1.121931e+02 2.125113e+01 -6.306789e+02 -3.890315e+02
<VARIANCE> 6
 2.699289e+02 7.764139e+05 3.737846e+05 1.658579e+04 1.486844e+05 6.768643e+07
<GCONST> 8.267558e+01
<MIXTURE> 6 1.135717e-01
<MEAN> 6
 -1.946572e+01 2.271764e+01 3.614846e+01 3.289553e+01 4.207896e+02 -2.510209e+03
<VARIANCE> 6
 2.441441e+02 3.419411e+05 1.933649e+05 3.565134e+04 1.135898e+05 7.582382e+07
<GCONST> 8.170557e+01
<MIXTURE> 7 1.213459e-01
<MEAN> 6
 2.544181e+01 1.129193e+01 1.856745e+00 -2.100610e+01 -1.830616e+02 1.194176e+03
<VARIANCE> 6
 7.663207e+02 1.887764e+05 4.297497e+04 3.720464e+04 1.046331e+05 6.954245e+07
<GCONST> 8.062540e+01
<MIXTURE> 8 1.063334e-01
<MEAN> 6
 7.848531e+01 -4.130640e+02 8.932472e+01 -3.070591e+00 -3.535062e+01 -1.423142e+02
<VARIANCE> 6
 9.750583e+01 5.644037e+05 9.243044e+04 2.931646e+02 3.748502e+04 4.834107e+07
<GCONST> 7.419113e+01
<MIXTURE> 9 9.103333e-02
<MEAN> 6
 -5.232281e+01 3.993551e+01 -1.414365e+01 2.061933e+01 3.379326e+02 1.129375e+02
<VARIANCE> 6
 1.857236e+02 2.958790e+05 4.905184e+05 1.832870e+03 9.791125e+04 4.834107e+07
<GCONST> 7.865170e+01
<MIXTURE> 10 8.866046e-02
<MEAN> 6
 6.797649e+01 -1.517274e+02 6.679539e+01 -3.262084e+01 -8.147209e+02 -5.357302e+02
<VARIANCE> 6
 2.493351e+02 8.627976e+05 2.264903e+05 2.270945e+04 1.959626e+05 8.054398e+07
<GCONST> 8.296499e+01
<TRANSP> 4
 0.000000e+00 1.000000e+00 0.000000e+00 0.000000e+00
 0.000000e+00 9.998708e-01 1.292082e-04 0.000000e+00
 0.000000e+00 0.000000e+00 9.999490e-01 5.101210e-05
 0.000000e+00 0.000000e+00 0.000000e+00 0.000000e+00
<ENDHMM>
~h "QuintoPRIMARIA"
<BEGINHMM>
<NUMSTATES> 4
<STATE> 2
<NUMMIXES> 10
<MIXTURE> 1 1.226849e-01
<MEAN> 6
 7.466203e+01 1.098408e+01 5.860133e+01 -3.503872e+00 -1.934236e+01 -2.201639e+02
<VARIANCE> 6
 1.497834e+02 5.158336e+04 1.072941e+05 2.931646e+02 3.748502e+04 4.834107e+07
<GCONST> 7.237696e+01
<MIXTURE> 2 5.682879e-02
<MEAN> 6
 1.242402e+01 -3.259903e+02 -7.948129e+00 -5.327391e+01 1.016665e+02 4.855875e+03
<VARIANCE> 6
 2.839471e+03 1.527156e+06 1.101178e+06 5.688105e+04 3.012299e+06 1.379957e+09
<GCONST> 9.404169e+01
<MIXTURE> 3 7.914641e-02
<MEAN> 6
 -3.110719e+01 6.759982e+01 2.148210e+02 5.783345e+01 8.097805e+02 -2.209823e+03
<VARIANCE> 6
 5.751718e+02 1.356334e+05 2.658180e+05 4.012802e+04 3.169822e+05 1.299173e+08
<GCONST> 8.363905e+01
<MIXTURE> 4 1.097108e-01
<MEAN> 6
 4.348765e+01 1.477835e+01 2.629213e+01 8.069576e+01 -2.151024e+02 -1.462430e+03
<VARIANCE> 6
 8.830880e+02 5.544849e+04 4.790250e+04 2.745462e+04 1.360815e+05 4.834107e+07
<GCONST> 7.924592e+01
<MIXTURE> 5 9.367572e-02
<MEAN> 6
 7.027579e+01 8.072126e+01 -3.010518e+02 -1.218078e+00 -1.195256e+01 -1.071966e+02
<VARIANCE> 6
 6.022764e+01 7.581408e+05 1.431613e+05 2.931646e+02 3.748502e+04 4.834107e+07
<GCONST> 7.444197e+01
<MIXTURE> 6 1.299301e-01
<MEAN> 6
 7.660333e+01 1.396297e+02 -6.659219e+01 -1.735302e+01 -9.005540e+02 -4.482062e+02
<VARIANCE> 6
 3.473463e+02 2.760400e+05 1.480345e+05 2.495845e+04 5.252368e+05 2.408860e+08
<GCONST> 8.390750e+01
<MIXTURE> 7 9.182045e-02
<MEAN> 6
 -5.151595e+01 1.938477e+01 9.949714e+00 2.791981e+01 3.722665e+02 1.383770e+02
<VARIANCE> 6
 2.523674e+02 9.651252e+04 8.258083e+04 2.140550e+03 1.082312e+05 4.834107e+07
<GCONST> 7.631174e+01
<MIXTURE> 8 1.217805e-01
<MEAN> 6
 7.962180e+01 -1.604685e+02 -5.267926e+01 -4.707355e+00 -2.001217e+01 -2.191010e+02
<VARIANCE> 6
 1.700249e+02 9.704698e+04 1.308645e+05 2.931646e+02 3.748502e+04 4.834107e+07
<GCONST> 7.333430e+01
<MIXTURE> 9 1.085848e-01
<MEAN> 6
 3.366573e+01 -5.260108e+01 -3.403379e+01 -4.831702e+01 -3.320729e+02 1.047935e+03
<VARIANCE> 6
 7.669478e+02 2.026978e+05 1.998179e+05 4.685762e+04 1.955980e+05 6.210948e+07
<GCONST> 8.297740e+01
<MIXTURE> 10 8.460527e-02
<MEAN> 6
 -3.324294e+01 -1.134998e+02 -2.236958e+01 -5.233589e+01 9.129501e+02 6.189364e+02
<VARIANCE> 6
 5.321166e+02 1.338245e+05 9.426496e+04 4.008773e+04 5.518773e+05 2.943259e+08
<GCONST> 8.388239e+01
<STATE> 3
<NUMMIXES> 10
<MIXTURE> 1 1.093896e-01
<MEAN> 6
 9.154317e+01 4.949294e+02 3.438290e+02 -3.873624e+00 -1.977842e+01 -5.356293e+01
<VARIANCE> 6
 1.673397e+02 9.044552e+05 1.631737e+06 2.931646e+02 3.748502e+04 4.834107e+07
<GCONST> 7.807375e+01
<MIXTURE> 2 1.548578e-02
<MEAN> 6
 -5.147853e+00 1.757856e+02 6.597307e+01 3.608964e+01 -1.599728e+02 3.986772e+02
<VARIANCE> 6
 1.300445e+04 1.849735e+05 3.925592e+05 2.159876e+06 1.207418e+09 1.783684e+12
<GCONST> 1.092157e+02
<MIXTURE> 3 1.109101e-01
<MEAN> 6
 7.099866e+01 2.121466e+02 5.769028e+02 -2.903114e+00 -6.814539e+02 -1.384290e+02
<VARIANCE> 6
 6.183568e+02 2.132465e+06 5.257982e+06 3.033151e+04 3.159162e+05 9.316189e+07
<GCONST> 8.883540e+01
<MIXTURE> 4 9.761905e-02
<MEAN> 6
 2.907527e+00 -1.492458e+02 -2.239219e+02 -1.141153e+02 2.173668e+02 4.092927e+03
<VARIANCE> 6
 4.733656e+03 2.623423e+06 2.602530e+06 5.346536e+04 3.383811e+06 1.621744e+09
<GCONST> 9.616977e+01
<MIXTURE> 5 5.302837e-02
<MEAN> 6
 7.543449e+01 -6.490629e+02 -1.029423e+03 -2.256034e+00 -7.114886e+00 -2.250766e+00
<VARIANCE> 6
 3.321160e+02 1.701516e+07 1.464142e+07 2.931646e+02 3.748502e+04 4.834107e+07
<GCONST> 8.388795e+01
<MIXTURE> 6 1.382934e-01
<MEAN> 6
 -3.147357e+01 2.972432e+02 3.046838e+02 6.177156e+01 4.498123e+02 -1.834591e+03
<VARIANCE> 6
 8.203896e+02 1.698756e+06 1.833153e+06 4.025864e+04 2.136805e+05 5.815698e+07
<GCONST> 8.725797e+01
<MIXTURE> 7 8.386917e-02
<MEAN> 6
 7.059921e+01 2.737148e+02 -1.135411e+03 -3.700055e-01 -1.357528e+01 -1.058100e+02
<VARIANCE> 6
 2.637856e+02 2.586248e+05 4.879794e+06 2.931646e+02 3.748502e+04 4.834107e+07
<GCONST> 7.837237e+01
<MIXTURE> 8 1.233220e-01
<MEAN> 6
 -6.402356e+01 -2.653776e+02 -5.517149e+01 2.061824e+01 5.771114e+02 -2.314756e+02
<VARIANCE> 6
 1.175693e+02 3.587813e+05 1.971740e+06 7.203571e+03 3.078118e+05 7.636005e+07
<GCONST> 8.274973e+01
<MIXTURE> 9 1.562862e-01
<MEAN> 6
 4.900213e+01 -3.235957e+02 1.493373e+02 1.039800e+01 -4.348200e+02 -4.713189e+02
<VARIANCE> 6
 9.825826e+02 5.446765e+05 9.555842e+05 4.549809e+04 1.909813e+05 6.667592e+07
<GCONST> 8.579617e+01
<MIXTURE> 10 1.111345e-01
<MEAN> 6
 8.715942e+01 1.101509e+02 3.582946e+02 -3.054433e+00 -2.045640e+01 -9.585426e+01
<VARIANCE> 6
 8.387487e+01 1.004441e+06 1.662483e+06 2.931646e+02 3.748502e+04 4.834107e+07
<GCONST> 7.750658e+01
<TRANSP> 4
 0.000000e+00 1.000000e+00 0.000000e+00 0.000000e+00
 0.000000e+00 9.999380e-01 6.207624e-05 0.000000e+00
 0.000000e+00 0.000000e+00 9.999141e-01 8.594672e-05
 0.000000e+00 0.000000e+00 0.000000e+00 0.000000e+00
<ENDHMM>
