~o
<STREAMINFO> 1 6
<VECSIZE> 6<NULLD><USER><DIAGC>
~h "SegundoPRIMARIA"
<BEGINHMM>
<NUMSTATES> 6
<STATE> 2
<NUMMIXES> 5
<MIXTURE> 1 2.900112e-01
<MEAN> 6
 7.894913e+01 8.484317e+01 4.569453e+00 2.261024e-02 -3.266643e+01 -1.774660e+02
<VARIANCE> 6
 2.773840e+02 3.009175e+05 1.823092e+06 2.999735e+02 3.921863e+04 4.997994e+07
<GCONST> 7.769104e+01
<MIXTURE> 2 1.236752e-01
<MEAN> 6
 2.820070e+01 1.626711e+01 2.118861e+02 -8.787008e+01 -7.811253e+01 3.990430e+03
<VARIANCE> 6
 3.250119e+03 2.616347e+05 1.529282e+06 6.903056e+04 2.412044e+06 8.881334e+08
<GCONST> 9.227164e+01
<MIXTURE> 3 2.429983e-01
<MEAN> 6
 5.259482e+01 -8.007416e+00 6.126547e+01 3.816335e+01 -3.605165e+02 -1.548426e+03
<VARIANCE> 6
 1.764355e+03 9.912391e+04 3.820210e+05 3.800986e+04 3.832591e+05 5.558735e+07
<GCONST> 8.409570e+01
<MIXTURE> 4 2.171892e-01
<MEAN> 6
 -5.379724e+01 -1.402132e+01 -1.771227e+02 2.373348e+01 4.836985e+02 1.457351e+02
<VARIANCE> 6
 4.418487e+02 1.271386e+05 8.433768e+05 9.628783e+03 1.849811e+05 5.090542e+07
<GCONST> 8.156244e+01
<MIXTURE> 5 1.258040e-01
<MEAN> 6
 2.569763e+01 -1.044591e+02 -1.668711e+02 -2.350191e+01 1.775581e+01 -8.592260e+02
<VARIANCE> 6
 3.379845e+03 5.558184e+05 1.579853e+06 6.013724e+04 2.099758e+06 4.169339e+08
<GCONST> 9.206404e+01
<STATE> 3
<NUMMIXES> 5
<MIXTURE> 1 1.532166e-01
<MEAN> 6
 8.716123e+01 1.538505e+02 8.808736e+01 -1.279357e+00 -4.702116e+00 2.179567e+01
<VARIANCE> 6
 7.155766e+01 8.334857e+04 1.625322e+04 2.999735e+02 3.921863e+04 4.997994e+07
<GCONST> 7.033233e+01
<MIXTURE> 2 3.773793e-01
<MEAN> 6
 7.275278e+01 2.262354e+01 -8.080814e+01 3.002376e-01 -6.689069e-01 -9.809156e+01
<VARIANCE> 6
 4.157846e+01 1.572111e+04 6.628888e+04 2.999735e+02 3.921863e+04 4.997994e+07
<GCONST> 6.952711e+01
<MIXTURE> 3 1.559296e-01
<MEAN> 6
 7.691989e+01 -4.265643e+02 -2.538034e+02 -9.885329e-01 -3.555298e+00 -7.977355e+01
<VARIANCE> 6
 1.817454e+02 6.395649e+04 1.229236e+05 2.999735e+02 3.921863e+04 4.997994e+07
<GCONST> 7.302288e+01
<MIXTURE> 4 1.366413e-01
<MEAN> 6
 7.105568e+01 -2.975482e+02 6.448174e-01 1.519672e-01 -7.019510e-01 -8.971294e+01
<VARIANCE> 6
 1.275813e+02 7.806591e+04 9.036510e+04 2.999735e+02 3.921863e+04 4.997994e+07
<GCONST> 7.256068e+01
<MIXTURE> 5 1.767720e-01
<MEAN> 6
 7.554639e+01 -5.392330e+02 -4.129991e+02 -1.477960e+00 -3.661502e+00 -6.219038e+01
<VARIANCE> 6
 1.637071e+02 4.749019e+04 1.015861e+05 2.999735e+02 3.921863e+04 4.997994e+07
<GCONST> 7.243002e+01
<STATE> 4
<NUMMIXES> 5
<MIXTURE> 1 2.523977e-01
<MEAN> 6
 1.081402e+02 -6.275464e+01 6.659938e+02 -4.357219e+00 -4.115807e+00 4.296067e+01
<VARIANCE> 6
 1.242704e+02 1.108042e+05 8.875806e+05 2.999735e+02 3.921863e+04 4.997994e+07
<GCONST> 7.516924e+01
<MIXTURE> 2 1.721019e-01
<MEAN> 6
 8.871951e+01 -1.385782e+01 2.105171e+02 -2.062925e+00 -6.829056e-01 -3.773897e+01
<VARIANCE> 6
 1.282235e+02 2.702672e+06 2.131465e+05 2.999735e+02 3.921863e+04 4.997994e+07
<GCONST> 7.696826e+01
<MIXTURE> 3 3.236270e-01
<MEAN> 6
 7.462316e+01 1.510352e+03 -2.239955e+02 -4.206139e-01 -1.952323e+00 -7.475078e+01
<VARIANCE> 6
 3.311055e+01 1.809104e+06 4.201572e+05 2.999735e+02 3.921863e+04 4.997994e+07
<GCONST> 7.589158e+01
<MIXTURE> 4 7.002521e-02
<MEAN> 6
 6.876971e+01 -6.521349e+03 1.299356e+03 -2.474812e+00 -2.480970e+00 -5.323820e+01
<VARIANCE> 6
 8.759788e+01 8.896729e+06 1.520687e+05 2.999735e+02 3.921863e+04 4.997994e+07
<GCONST> 7.744103e+01
<MIXTURE> 5 1.817815e-01
<MEAN> 6
 8.489950e+01 -9.641424e+02 -1.028327e+02 -2.617468e+00 -3.015497e+00 -1.252516e+01
<VARIANCE> 6
 4.719676e+02 2.514753e+06 2.445868e+05 2.999735e+02 3.921863e+04 4.997994e+07
<GCONST> 7.833692e+01
<STATE> 5
<NUMMIXES> 5
<MIXTURE> 1 2.832979e-02
<MEAN> 6
 3.406462e+01 8.000274e+02 -2.640845e+02 -1.526854e+01 -5.773159e+02 3.910737e+03
<VARIANCE> 6
 7.214958e+03 2.002533e+07 1.453954e+06 3.784992e+05 1.843070e+08 2.634718e+11
<GCONST> 1.090868e+02
<MIXTURE> 2 3.188805e-01
<MEAN> 6
 -2.071545e+01 1.122971e+02 2.266569e+01 8.188694e+01 3.996827e+02 -9.969892e+02
<VARIANCE> 6
 1.507507e+03 2.540934e+05 5.843570e+04 2.526201e+04 2.835975e+05 5.215624e+07
<GCONST> 8.222874e+01
<MIXTURE> 3 1.684796e-01
<MEAN> 6
 4.109741e+01 6.000393e+01 7.940620e+01 -4.187626e+01 -3.173123e+02 2.203446e+02
<VARIANCE> 6
 3.515151e+03 2.126615e+05 1.935935e+05 6.718956e+04 2.478050e+06 1.000624e+09
<GCONST> 9.019522e+01
<MIXTURE> 4 3.135854e-01
<MEAN> 6
 9.200575e+01 -4.657041e+01 5.116704e+00 -9.109464e+00 -2.801755e+02 -4.629051e+02
<VARIANCE> 6
 3.682907e+02 7.468879e+05 1.324743e+05 8.898870e+03 1.859266e+05 4.997994e+07
<GCONST> 8.120786e+01
<MIXTURE> 5 1.699073e-01
<MEAN> 6
 1.534184e+01 -1.191668e+02 -4.314017e+01 -8.970691e+01 1.773129e+02 1.945786e+03
<VARIANCE> 6
 3.778957e+03 5.752609e+05 1.827437e+05 5.602487e+04 2.203238e+06 5.180801e+08
<GCONST> 9.024751e+01
<TRANSP> 6
 0.000000e+00 1.000000e+00 0.000000e+00 0.000000e+00 0.000000e+00 0.000000e+00
 0.000000e+00 9.998842e-01 1.157794e-04 0.000000e+00 0.000000e+00 0.000000e+00
 0.000000e+00 0.000000e+00 9.994987e-01 5.013006e-04 0.000000e+00 0.000000e+00
 0.000000e+00 0.000000e+00 0.000000e+00 9.993097e-01 6.903095e-04 0.000000e+00
 0.000000e+00 0.000000e+00 0.000000e+00 0.000000e+00 9.999325e-01 6.751197e-05
 0.000000e+00 0.000000e+00 0.000000e+00 0.000000e+00 0.000000e+00 0.000000e+00
<ENDHMM>
~h "SegundoESO"
<BEGINHMM>
<NUMSTATES> 6
<STATE> 2
<NUMMIXES> 5
<MIXTURE> 1 1.637090e-01
<MEAN> 6
 8.687450e+01 -1.339352e+03 1.664988e+03 -5.061913e+00 -4.461029e+01 -1.782949e+02
<VARIANCE> 6
 1.535010e+02 2.282408e+07 1.688824e+07 2.999735e+02 3.921863e+04 4.997994e+07
<GCONST> 8.365416e+01
<MIXTURE> 2 2.244199e-01
<MEAN> 6
 -4.188046e-03 2.537549e+02 1.240247e+03 -2.835390e+01 1.557079e+02 7.173310e+02
<VARIANCE> 6
 3.518472e+03 2.104102e+06 6.224156e+06 4.782294e+04 1.440254e+06 2.894978e+08
<GCONST> 9.383564e+01
<MIXTURE> 3 1.952061e-01
<MEAN> 6
 2.859995e+00 5.427748e+02 -1.790635e+02 5.480865e+01 8.537035e+01 -6.576716e+02
<VARIANCE> 6
 2.956741e+03 1.603718e+07 3.581685e+06 2.273818e+04 2.840605e+05 4.997994e+07
<GCONST> 9.101675e+01
<MIXTURE> 4 1.776725e-01
<MEAN> 6
 7.562183e+01 6.411228e+02 -1.622219e+03 3.586822e-01 -2.303741e+01 -1.274494e+02
<VARIANCE> 6
 3.199395e+01 1.013961e+06 1.063747e+07 2.999735e+02 3.921863e+04 4.997994e+07
<GCONST> 7.850981e+01
<MIXTURE> 5 2.387237e-01
<MEAN> 6
 2.823584e+01 1.697813e+01 -3.591140e+02 -1.008308e+01 -1.735801e+02 2.745005e+01
<VARIANCE> 6
 2.988046e+03 4.228097e+06 4.557746e+06 2.589537e+04 2.329769e+05 4.997994e+07
<GCONST> 8.986689e+01
<STATE> 3
<NUMMIXES> 5
<MIXTURE> 1 2.582718e-01
<MEAN> 6
 8.255373e+01 -8.317070e+02 1.442043e+02 -7.118755e-01 -4.675899e+00 -1.055660e+02
<VARIANCE> 6
 3.199395e+01 1.186057e+05 5.585214e+04 2.999735e+02 3.921863e+04 4.997994e+07
<GCONST> 7.111456e+01
<MIXTURE> 2 2.523640e-01
<MEAN> 6
 7.120216e+01 2.647122e+02 -2.679892e+03 -1.623231e+00 -1.393979e+00 -4.728976e+01
<VARIANCE> 6
 1.920896e+02 8.639967e+04 1.331758e+06 2.999735e+02 3.921863e+04 4.997994e+07
<GCONST> 7.576171e+01
<MIXTURE> 3 2.278610e-01
<MEAN> 6
 6.081553e+01 5.493080e+02 -8.606159e+02 -3.215995e-01 -1.788886e+00 -9.136070e+01
<VARIANCE> 6
 3.199395e+01 1.882306e+06 2.430250e+05 2.999735e+02 3.921863e+04 4.997994e+07
<GCONST> 7.534947e+01
<MIXTURE> 4 4.758319e-02
<MEAN> 6
 9.631604e+01 -8.854151e+02 -7.797830e+03 -5.538285e+00 6.191044e+00 7.514191e+01
<VARIANCE> 6
 1.623476e+02 7.170157e+04 4.740523e+06 2.999735e+02 3.921863e+04 4.997994e+07
<GCONST> 7.667667e+01
<MIXTURE> 5 2.138497e-01
<MEAN> 6
 7.490934e+01 -1.806698e+03 -3.992931e+01 -8.948550e-01 -6.861911e-01 -4.957228e+01
<VARIANCE> 6
 8.618545e+01 7.131846e+05 1.481853e+05 2.999735e+02 3.921863e+04 4.997994e+07
<GCONST> 7.487521e+01
<STATE> 4
<NUMMIXES> 5
<MIXTURE> 1 1.468314e-01
<MEAN> 6
 7.542184e+01 3.636344e+02 3.018132e+02 -5.635825e-01 -4.613944e+00 -9.695861e+01
<VARIANCE> 6
 3.199395e+01 2.144822e+05 4.832772e+05 2.999735e+02 3.921863e+04 4.997994e+07
<GCONST> 7.386487e+01
<MIXTURE> 2 1.824470e-01
<MEAN> 6
 6.335900e+01 3.678926e+02 7.546711e+01 -1.781583e-02 -1.487245e+00 -1.324330e+02
<VARIANCE> 6
 3.814815e+01 2.609178e+05 2.983371e+04 2.999735e+02 3.921863e+04 4.997994e+07
<GCONST> 7.145183e+01
<MIXTURE> 3 2.941793e-01
<MEAN> 6
 7.193787e+01 3.542509e+02 -4.784744e+01 -4.546120e-01 -5.986506e+00 -1.260321e+02
<VARIANCE> 6
 3.199395e+01 2.387576e+05 2.154317e+05 2.999735e+02 3.921863e+04 4.997994e+07
<GCONST> 7.316415e+01
<MIXTURE> 4 2.162748e-01
<MEAN> 6
 6.100399e+01 1.427101e+02 -1.125726e+02 1.889713e-01 -2.217351e+00 -1.444830e+02
<VARIANCE> 6
 3.199395e+01 5.838105e+04 3.467125e+04 2.999735e+02 3.921863e+04 4.997994e+07
<GCONST> 6.992896e+01
<MIXTURE> 5 1.601985e-01
<MEAN> 6
 7.266766e+01 1.733347e+02 4.743794e+01 -4.321430e-01 -5.333920e+00 -1.086452e+02
<VARIANCE> 6
 3.199395e+01 1.436543e+05 2.483225e+05 2.999735e+02 3.921863e+04 4.997994e+07
<GCONST> 7.279819e+01
<STATE> 5
<NUMMIXES> 5
<MIXTURE> 1 1.754764e-01
<MEAN> 6
 7.868922e+01 2.658694e+01 1.422432e+02 -1.687623e+00 -6.165348e+01 2.588224e+01
<VARIANCE> 6
 1.732831e+02 7.574966e+05 8.491212e+05 7.281482e+02 3.921863e+04 4.997994e+07
<GCONST> 7.826646e+01
<MIXTURE> 2 1.829160e-01
<MEAN> 6
 8.755289e-01 8.918556e+01 1.040277e+02 -8.140257e+01 1.996498e+02 2.172952e+03
<VARIANCE> 6
 2.628585e+03 1.339329e+06 1.197104e+06 4.052287e+04 1.486684e+06 4.598823e+08
<GCONST> 9.177271e+01
<MIXTURE> 3 2.873974e-01
<MEAN> 6
 -3.314545e+01 1.049964e+01 2.510643e+01 4.059103e+01 4.720693e+02 -9.947757e+02
<VARIANCE> 6
 5.347282e+02 2.753705e+05 1.996528e+05 1.919768e+04 2.159274e+05 5.665866e+07
<GCONST> 8.203703e+01
<MIXTURE> 4 2.243786e-01
<MEAN> 6
 4.857850e+01 -2.621814e+01 1.269652e+01 -7.013884e-01 -4.023442e+02 -1.391757e+02
<VARIANCE> 6
 6.850388e+02 2.351552e+05 5.746465e+04 2.878828e+04 1.801686e+05 5.080783e+07
<GCONST> 8.099660e+01
<MIXTURE> 5 1.290587e-01
<MEAN> 6
 5.938163e+01 -2.396350e+02 1.266197e+02 3.064168e+01 -5.434914e+02 -4.639700e+02
<VARIANCE> 6
 5.463933e+02 1.881858e+06 1.179042e+06 2.668894e+04 1.731731e+05 4.997994e+07
<GCONST> 8.573977e+01
<TRANSP> 6
 0.000000e+00 1.000000e+00 0.000000e+00 0.000000e+00 0.000000e+00 0.000000e+00
 0.000000e+00 9.998094e-01 1.905333e-04 0.000000e+00 0.000000e+00 0.000000e+00
 0.000000e+00 0.000000e+00 9.994197e-01 5.803392e-04 0.000000e+00 0.000000e+00
 0.000000e+00 0.000000e+00 0.000000e+00 9.995875e-01 4.125548e-04 0.000000e+00
 0.000000e+00 0.000000e+00 0.000000e+00 0.000000e+00 9.999450e-01 5.494508e-05
 0.000000e+00 0.000000e+00 0.000000e+00 0.000000e+00 0.000000e+00 0.000000e+00
<ENDHMM>
~h "QuintoPRIMARIA"
<BEGINHMM>
<NUMSTATES> 6
<STATE> 2
<NUMMIXES> 5
<MIXTURE> 1 1.311847e-01
<MEAN> 6
 7.125700e+01 1.800071e+01 -4.548183e+01 -2.884976e+00 -2.512736e+01 -3.157019e+02
<VARIANCE> 6
 1.557769e+02 2.427012e+05 1.801447e+05 2.999735e+02 3.921863e+04 4.997994e+07
<GCONST> 7.458453e+01
<MIXTURE> 2 1.743091e-01
<MEAN> 6
 1.334169e+01 -9.876819e+01 2.724321e+01 -4.153382e+01 8.661843e+01 2.077975e+03
<VARIANCE> 6
 3.208823e+03 1.308986e+06 6.483321e+05 5.224409e+04 2.194960e+06 7.323138e+08
<GCONST> 9.244492e+01
<MIXTURE> 3 2.686485e-01
<MEAN> 6
 -3.639919e+01 -3.397929e+01 4.296495e+01 3.423621e+01 5.645092e+02 -8.612272e+02
<VARIANCE> 6
 6.326113e+02 1.014946e+05 1.093601e+05 2.205410e+04 2.717643e+05 6.240935e+07
<GCONST> 8.107045e+01
<MIXTURE> 4 3.161279e-01
<MEAN> 6
 5.290737e+01 2.653069e+01 -1.962134e+01 -1.415729e+00 -5.054355e+02 -1.752380e+02
<VARIANCE> 6
 8.612439e+02 1.129482e+05 9.087701e+04 3.545103e+04 2.807371e+05 9.527258e+07
<GCONST> 8.223093e+01
<MIXTURE> 5 1.091008e-01
<MEAN> 6
 7.146022e+01 -6.058808e+01 -4.486737e+01 -4.024524e+00 -3.587933e+01 -3.277390e+02
<VARIANCE> 6
 1.596690e+02 1.661161e+05 1.457282e+05 2.999735e+02 3.921863e+04 4.997994e+07
<GCONST> 7.401804e+01
<STATE> 3
<NUMMIXES> 5
<MIXTURE> 1 1.601155e-01
<MEAN> 6
 7.407449e+01 -3.200239e+01 2.366485e+03 -5.147274e-01 -4.767953e+00 -5.635531e+01
<VARIANCE> 6
 3.199395e+01 3.374612e+05 2.072056e+06 2.999735e+02 3.921863e+04 4.997994e+07
<GCONST> 7.577380e+01
<MIXTURE> 2 1.603755e-01
<MEAN> 6
 6.345568e+01 -2.159155e+03 -3.934775e+03 -5.948321e-01 -2.643781e+00 -5.385804e+01
<VARIANCE> 6
 3.199395e+01 2.362565e+07 9.271995e+06 2.999735e+02 3.921863e+04 4.997994e+07
<GCONST> 8.152090e+01
<MIXTURE> 3 2.608609e-01
<MEAN> 6
 5.881175e+01 2.829654e+02 -9.263671e+02 4.952297e-01 -4.639771e+00 -8.602055e+01
<VARIANCE> 6
 4.845080e+01 6.844538e+05 2.366179e+06 2.999735e+02 3.921863e+04 4.997994e+07
<GCONST> 7.702871e+01
<MIXTURE> 4 2.609370e-01
<MEAN> 6
 5.873505e+01 4.377883e+01 -1.996771e+03 9.588628e-01 -5.564348e+00 -9.792150e+01
<VARIANCE> 6
 4.614400e+01 5.168274e+05 6.706788e+06 2.999735e+02 3.921863e+04 4.997994e+07
<GCONST> 7.774086e+01
<MIXTURE> 5 1.575435e-01
<MEAN> 6
 7.485339e+01 -6.717624e+02 5.012682e+02 1.183357e-01 -8.650908e+00 1.242185e+01
<VARIANCE> 6
 3.199395e+01 4.059084e+05 2.607990e+06 2.999735e+02 3.921863e+04 4.997994e+07
<GCONST> 7.618851e+01
<STATE> 4
<NUMMIXES> 5
<MIXTURE> 1 1.493701e-01
<MEAN> 6
 9.094868e+01 4.598232e+02 4.687876e+02 -2.687787e+00 -2.275235e+00 8.498510e+00
<VARIANCE> 6
 3.199395e+01 9.819240e+04 3.495559e+06 2.999735e+02 3.921863e+04 4.997994e+07
<GCONST> 7.506223e+01
<MIXTURE> 2 2.080877e-01
<MEAN> 6
 8.457062e+01 4.756923e+01 1.781135e+01 -4.292901e+00 2.998535e+00 2.106080e+01
<VARIANCE> 6
 1.349948e+02 2.373348e+05 5.194784e+04 2.999735e+02 3.921863e+04 4.997994e+07
<GCONST> 7.317545e+01
<MIXTURE> 3 2.118690e-01
<MEAN> 6
 7.778204e+01 5.622041e+01 -9.324881e+01 -2.619883e+00 1.452961e+00 -1.744459e+01
<VARIANCE> 6
 1.194645e+02 5.057998e+04 8.740112e+04 2.999735e+02 3.921863e+04 4.997994e+07
<GCONST> 7.202760e+01
<MIXTURE> 4 2.147166e-01
<MEAN> 6
 7.954852e+01 -2.486956e+02 2.313791e+01 -2.523545e+00 2.225365e+00 -4.987073e+01
<VARIANCE> 6
 5.098882e+01 1.499864e+05 5.431142e+04 2.999735e+02 3.921863e+04 4.997994e+07
<GCONST> 7.178739e+01
<MIXTURE> 5 2.158718e-01
<MEAN> 6
 7.496812e+01 1.337776e+00 -9.630466e+01 -2.184514e+00 1.914872e+00 -2.684669e+01
<VARIANCE> 6
 1.203570e+02 3.407791e+04 8.691509e+04 2.999735e+02 3.921863e+04 4.997994e+07
<GCONST> 7.163455e+01
<STATE> 5
<NUMMIXES> 5
<MIXTURE> 1 2.722728e-01
<MEAN> 6
 8.438950e+01 5.954144e+01 4.426734e+02 -3.185005e+00 -3.421954e+01 -1.291260e+02
<VARIANCE> 6
 2.217820e+02 1.264496e+06 2.506011e+06 2.999735e+02 3.921863e+04 4.997994e+07
<GCONST> 7.922108e+01
<MIXTURE> 2 2.083113e-02
<MEAN> 6
 -9.561073e-01 1.321457e+02 6.103252e+01 -1.823198e+01 -8.001571e+01 2.260976e+03
<VARIANCE> 6
 1.114156e+04 2.225636e+05 5.221430e+05 1.608830e+06 8.734429e+08 1.284092e+12
<GCONST> 1.085844e+02
<MIXTURE> 3 2.826992e-01
<MEAN> 6
 1.539794e+01 3.370711e+02 -1.481881e+02 -6.272881e+01 -1.147737e+01 1.200096e+03
<VARIANCE> 6
 3.680013e+03 1.862469e+06 5.597170e+06 4.234464e+04 1.642073e+06 5.515658e+08
<GCONST> 9.430646e+01
<MIXTURE> 4 2.095810e-01
<MEAN> 6
 -1.284746e+01 -7.670788e+01 2.589354e+02 8.727801e+01 2.089350e+02 -9.118790e+02
<VARIANCE> 6
 2.847656e+03 5.120336e+05 1.318668e+06 1.847522e+04 3.371867e+05 4.997994e+07
<GCONST> 8.649950e+01
<MIXTURE> 5 2.143113e-01
<MEAN> 6
 1.714848e+01 -1.457655e+02 -7.991129e+01 5.564601e+00 -1.341428e+02 -6.514644e+02
<VARIANCE> 6
 3.154539e+03 2.750962e+05 1.248752e+06 2.843794e+04 3.487865e+05 4.997994e+07
<GCONST> 8.639122e+01
<TRANSP> 6
 0.000000e+00 1.000000e+00 0.000000e+00 0.000000e+00 0.000000e+00 0.000000e+00
 0.000000e+00 9.999222e-01 7.782958e-05 0.000000e+00 0.000000e+00 0.000000e+00
 0.000000e+00 0.000000e+00 9.993325e-01 6.675296e-04 0.000000e+00 0.000000e+00
 0.000000e+00 0.000000e+00 0.000000e+00 9.995549e-01 4.451068e-04 0.000000e+00
 0.000000e+00 0.000000e+00 0.000000e+00 0.000000e+00 9.999118e-01 8.821223e-05
 0.000000e+00 0.000000e+00 0.000000e+00 0.000000e+00 0.000000e+00 0.000000e+00
<ENDHMM>
