~o
<STREAMINFO> 1 6
<VECSIZE> 6<NULLD><USER><DIAGC>
~h "SegundoPRIMARIA"
<BEGINHMM>
<NUMSTATES> 4
<STATE> 2
<NUMMIXES> 9
<MIXTURE> 1 1.654733e-01
<MEAN> 6
 8.651811e+01 1.195687e+02 7.425244e+01 -2.677977e+00 -2.281853e+01 -1.883921e+02
<VARIANCE> 6
 3.169933e+02 2.603329e+05 7.574691e+04 2.964930e+02 3.886105e+04 4.974942e+07
<GCONST> 7.447330e+01
<MIXTURE> 2 7.738468e-02
<MEAN> 6
 7.674088e+01 7.999768e+01 1.043923e+02 1.284291e+01 -1.035163e+03 4.525580e+01
<VARIANCE> 6
 2.144645e+03 5.292117e+05 5.391302e+05 6.382681e+04 3.403438e+06 2.043203e+09
<GCONST> 9.261686e+01
<MIXTURE> 3 1.078148e-01
<MEAN> 6
 -3.658207e+01 1.386819e+01 1.132053e+01 1.081567e+02 9.538268e+02 -3.168102e+03
<VARIANCE> 6
 3.407258e+02 1.710090e+05 5.172170e+04 2.541887e+04 2.828231e+05 1.064776e+08
<GCONST> 8.094072e+01
<MIXTURE> 4 1.321069e-01
<MEAN> 6
 2.695759e+01 2.531840e+01 2.414450e+01 1.462838e+02 -3.019550e+01 -2.206124e+03
<VARIANCE> 6
 7.513276e+02 1.044889e+05 8.920032e+04 3.989533e+04 1.611018e+05 6.066328e+07
<GCONST> 8.110924e+01
<MIXTURE> 5 9.668637e-02
<MEAN> 6
 -2.434026e+01 2.918802e+01 1.345476e+00 -2.328979e+02 1.089295e+03 7.153181e+03
<VARIANCE> 6
 9.381220e+02 9.398734e+04 1.191121e+05 2.576290e+04 1.474204e+06 7.397693e+08
<GCONST> 8.579205e+01
<MIXTURE> 6 1.270699e-01
<MEAN> 6
 7.622559e+01 -1.074149e+02 -3.467639e+02 -1.324434e+00 -9.826995e+00 -1.377593e+02
<VARIANCE> 6
 1.705662e+02 8.895475e+04 1.432310e+05 2.964930e+02 3.886105e+04 4.974942e+07
<GCONST> 7.341676e+01
<MIXTURE> 7 1.039796e-01
<MEAN> 6
 9.052174e+01 6.019093e+01 5.730309e+01 1.343389e+01 -6.592339e+02 -1.556406e+03
<VARIANCE> 6
 2.830834e+02 1.159870e+05 7.637996e+04 2.083423e+04 4.012174e+05 1.594156e+08
<GCONST> 8.131135e+01
<MIXTURE> 8 9.686341e-02
<MEAN> 6
 -5.390492e+01 2.752008e+01 -5.887183e+01 1.578648e+01 3.991588e+02 5.295741e+02
<VARIANCE> 6
 2.167251e+02 7.984589e+04 1.530126e+05 2.920495e+03 1.469023e+05 4.974942e+07
<GCONST> 7.723156e+01
<MIXTURE> 9 9.160452e-02
<MEAN> 6
 6.747754e+01 -2.942342e+01 2.323996e+01 -1.253787e+02 -9.715668e+02 9.229512e+02
<VARIANCE> 6
 5.617219e+02 8.496963e+04 1.031053e+05 3.956728e+04 3.411163e+05 1.263880e+08
<GCONST> 8.223243e+01
<STATE> 3
<NUMMIXES> 9
<MIXTURE> 1 9.008188e-03
<MEAN> 6
 -8.394403e+00 -4.028332e+02 5.039956e+00 -1.061921e+01 2.541173e+02 5.774078e+03
<VARIANCE> 6
 8.654809e+03 7.649932e+05 1.256866e+06 1.439968e+06 7.798216e+08 1.129581e+12
<GCONST> 1.100925e+02
<MIXTURE> 2 1.431905e-01
<MEAN> 6
 9.936708e+01 -1.678060e+01 -3.592442e+01 -6.251551e+00 -2.784179e+01 -9.419522e+01
<VARIANCE> 6
 3.336173e+02 2.900910e+06 2.520347e+05 2.964930e+02 3.886105e+04 4.974942e+07
<GCONST> 7.813740e+01
<MIXTURE> 3 1.044635e-01
<MEAN> 6
 -2.796803e+01 8.237730e+01 9.854408e+01 8.543466e+01 5.175794e+02 -1.522195e+03
<VARIANCE> 6
 6.876123e+02 6.449756e+05 2.966080e+05 2.748145e+04 2.139971e+05 4.974942e+07
<GCONST> 8.375512e+01
<MIXTURE> 4 2.057139e-02
<MEAN> 6
 3.711356e+01 -2.167801e+03 5.853516e+02 -4.583093e+00 2.165087e+01 -1.717147e+02
<VARIANCE> 6
 5.151320e+03 3.698780e+07 9.102556e+05 2.964930e+02 3.886105e+04 4.974942e+07
<GCONST> 8.470413e+01
<MIXTURE> 5 6.135498e-02
<MEAN> 6
 7.054073e+01 1.694066e+02 -2.506834e+02 -1.623225e+01 -8.505206e+02 1.797071e+03
<VARIANCE> 6
 2.748555e+03 8.495963e+06 1.182149e+06 5.854681e+04 2.790570e+06 2.015909e+09
<GCONST> 9.612772e+01
<MIXTURE> 6 2.070347e-01
<MEAN> 6
 8.017548e+01 -3.173401e+01 1.985474e+02 -6.300428e-01 -2.097471e+01 -1.501814e+02
<VARIANCE> 6
 2.577702e+02 4.580473e+05 2.289523e+06 2.964930e+02 3.886105e+04 4.974942e+07
<GCONST> 7.824020e+01
<MIXTURE> 7 2.289506e-01
<MEAN> 6
 6.647558e+01 -1.170321e+01 4.820096e+01 4.373147e+00 -5.961911e+02 -3.986262e+02
<VARIANCE> 6
 9.402716e+02 4.542498e+05 8.900256e+05 4.201628e+04 3.579588e+05 1.002799e+08
<GCONST> 8.645630e+01
<MIXTURE> 8 1.121778e-01
<MEAN> 6
 -3.255118e+01 -4.706060e+01 -5.765229e+01 -6.883463e+01 9.965118e+02 9.151373e+02
<VARIANCE> 6
 1.263999e+03 3.895119e+05 1.855938e+06 6.261501e+04 1.058644e+06 5.983926e+08
<GCONST> 9.060287e+01
<MIXTURE> 9 1.127814e-01
<MEAN> 6
 -6.111217e+01 5.082129e+01 -1.928226e+02 2.533741e+00 2.540212e+02 4.409606e+02
<VARIANCE> 6
 3.670341e+02 3.209179e+05 8.920529e+05 2.097603e+03 1.021607e+05 4.974942e+07
<GCONST> 8.021831e+01
<TRANSP> 4
 0.000000e+00 1.000000e+00 0.000000e+00 0.000000e+00
 0.000000e+00 9.999391e-01 6.091037e-05 0.000000e+00
 0.000000e+00 0.000000e+00 9.999062e-01 9.383197e-05
 0.000000e+00 0.000000e+00 0.000000e+00 0.000000e+00
<ENDHMM>
~h "SegundoESO"
<BEGINHMM>
<NUMSTATES> 4
<STATE> 2
<NUMMIXES> 9
<MIXTURE> 1 8.712403e-02
<MEAN> 6
 8.773483e+01 -1.362259e+03 1.355430e+03 -4.630013e+00 -2.293025e+01 -1.302714e+02
<VARIANCE> 6
 1.388442e+02 2.859870e+07 2.432639e+07 2.964930e+02 3.886105e+04 4.974942e+07
<GCONST> 8.411884e+01
<MIXTURE> 2 4.211066e-02
<MEAN> 6
 2.911832e+01 1.537939e+03 -1.811266e+01 -7.993663e+01 -2.874104e+02 1.937439e+03
<VARIANCE> 6
 3.050613e+03 2.841281e+07 3.320685e+06 4.113741e+04 1.969781e+06 5.064624e+08
<GCONST> 9.638947e+01
<MIXTURE> 3 1.504779e-01
<MEAN> 6
 7.336149e+01 3.846794e+01 2.465812e+02 -7.226714e-01 -1.678846e+01 -9.290916e+01
<VARIANCE> 6
 3.160512e+01 3.949654e+05 1.891460e+06 2.964930e+02 3.886105e+04 4.974942e+07
<GCONST> 7.580228e+01
<MIXTURE> 4 1.350541e-01
<MEAN> 6
 -4.080594e+01 5.698978e+01 3.936668e+00 7.409947e+00 4.499633e+02 -2.238455e+02
<VARIANCE> 6
 4.574711e+02 5.041903e+06 3.445181e+06 1.692579e+04 2.163730e+05 4.974942e+07
<GCONST> 8.738262e+01
<MIXTURE> 5 9.194321e-02
<MEAN> 6
 6.801836e+01 2.110398e+02 1.209642e+02 -1.642515e-01 -6.666647e+00 -8.521887e+01
<VARIANCE> 6
 3.890182e+01 2.350096e+05 4.745439e+04 2.964930e+02 3.886105e+04 4.974942e+07
<GCONST> 7.180550e+01
<MIXTURE> 6 1.454378e-01
<MEAN> 6
 4.986883e+01 2.649581e+01 -6.302001e+02 1.259178e+01 -3.067534e+02 -1.723393e+02
<VARIANCE> 6
 9.363109e+02 7.439524e+06 6.040902e+06 3.119037e+04 1.559460e+05 4.974942e+07
<GCONST> 8.933324e+01
<MIXTURE> 7 1.322090e-01
<MEAN> 6
 6.672342e+01 6.831016e+02 -1.757156e+03 -1.112576e-01 -6.280724e+00 -8.731151e+01
<VARIANCE> 6
 8.174107e+01 4.325205e+05 2.321472e+06 2.964930e+02 3.886105e+04 4.974942e+07
<GCONST> 7.704819e+01
<MIXTURE> 8 1.181337e-01
<MEAN> 6
 6.317298e+01 4.173946e+01 -2.641116e+02 1.056771e-01 -2.915861e+00 -1.018633e+02
<VARIANCE> 6
 4.204555e+01 2.507822e+06 5.038697e+04 2.964930e+02 3.886105e+04 4.974942e+07
<GCONST> 7.431071e+01
<MIXTURE> 9 9.719218e-02
<MEAN> 6
 6.373927e+01 6.973625e+01 -4.403700e+01 4.915391e-02 -3.216022e+00 -9.249506e+01
<VARIANCE> 6
 4.430787e+01 1.593177e+05 7.410209e+04 2.964930e+02 3.886105e+04 4.974942e+07
<GCONST> 7.199256e+01
<STATE> 3
<NUMMIXES> 9
<MIXTURE> 1 1.375628e-01
<MEAN> 6
 -4.395188e+01 6.144419e+01 2.934723e+01 2.874287e+01 9.768444e+02 -1.069485e+03
<VARIANCE> 6
 2.117795e+02 5.455002e+05 2.852685e+05 2.301263e+04 2.222021e+05 1.259548e+08
<GCONST> 8.316003e+01
<MIXTURE> 2 6.262663e-02
<MEAN> 6
 2.954530e+00 1.133269e+02 1.472766e+02 -1.623295e+02 2.654485e+02 7.198542e+03
<VARIANCE> 6
 2.677622e+03 1.365794e+06 2.032287e+06 3.640238e+04 2.305505e+06 7.679616e+08
<GCONST> 9.318432e+01
<MIXTURE> 3 1.660230e-01
<MEAN> 6
 5.489547e+01 3.726188e+01 1.321980e+01 1.568433e+01 -4.249930e+02 -8.739577e+01
<VARIANCE> 6
 3.387919e+02 2.931507e+05 1.193115e+05 2.543321e+04 9.537721e+04 4.974942e+07
<GCONST> 8.046250e+01
<MIXTURE> 4 8.607795e-02
<MEAN> 6
 8.406697e+01 1.005517e+02 -1.286262e+02 -5.210976e+00 -2.990115e+01 3.358604e+01
<VARIANCE> 6
 1.447242e+02 7.964292e+05 1.196876e+06 2.964930e+02 3.886105e+04 4.974942e+07
<GCONST> 7.756750e+01
<MIXTURE> 5 1.069744e-01
<MEAN> 6
 5.546998e+00 2.023279e+02 1.648445e+02 4.468713e+01 4.468897e+01 -9.568165e+02
<VARIANCE> 6
 4.339389e+02 6.640118e+05 4.227077e+05 3.644447e+04 6.280817e+04 4.974942e+07
<GCONST> 8.273455e+01
<MIXTURE> 6 1.496990e-01
<MEAN> 6
 6.870158e+01 -2.466934e+02 2.473640e+02 -2.697924e+00 -7.524346e+02 -5.177853e+02
<VARIANCE> 6
 4.122513e+02 2.188434e+06 6.347658e+05 2.460659e+04 3.214088e+05 1.327998e+08
<GCONST> 8.650420e+01
<MIXTURE> 7 7.614087e-02
<MEAN> 6
 -5.434719e+01 6.272245e+01 3.793392e+00 1.907238e+01 2.787546e+02 -1.140008e+02
<VARIANCE> 6
 1.955147e+02 3.668668e+05 4.963706e+05 8.908370e+02 8.647853e+04 4.974942e+07
<GCONST> 7.811305e+01
<MIXTURE> 8 1.011060e-01
<MEAN> 6
 7.639523e+01 -4.526328e+02 1.224581e+02 -3.585124e+00 -3.667106e+01 -9.963444e+01
<VARIANCE> 6
 9.937505e+01 1.262829e+06 1.583134e+05 2.964930e+02 3.886105e+04 4.974942e+07
<GCONST> 7.562965e+01
<MIXTURE> 9 1.124199e-01
<MEAN> 6
 -5.995131e+00 -5.043579e+01 1.160259e+00 -5.770588e+00 1.214195e+02 -6.908073e+02
<VARIANCE> 6
 3.023488e+02 3.059664e+05 1.078592e+05 3.911364e+04 1.174834e+05 9.368397e+07
<GCONST> 8.156238e+01
<TRANSP> 4
 0.000000e+00 1.000000e+00 0.000000e+00 0.000000e+00
 0.000000e+00 9.998651e-01 1.348869e-04 0.000000e+00
 0.000000e+00 0.000000e+00 9.999498e-01 5.019528e-05
 0.000000e+00 0.000000e+00 0.000000e+00 0.000000e+00
<ENDHMM>
~h "QuintoPRIMARIA"
<BEGINHMM>
<NUMSTATES> 4
<STATE> 2
<NUMMIXES> 9
<MIXTURE> 1 9.078334e-02
<MEAN> 6
 7.874498e+01 8.552374e+00 6.466918e+01 -5.172609e+00 -2.981310e+01 -1.865583e+02
<VARIANCE> 6
 1.382597e+02 2.356088e+04 4.527370e+04 2.964930e+02 3.886105e+04 4.974942e+07
<GCONST> 7.072650e+01
<MIXTURE> 2 6.492954e-02
<MEAN> 6
 7.766765e+00 3.094136e+01 8.525331e+01 -9.998621e+01 1.979540e+02 5.512720e+03
<VARIANCE> 6
 2.291568e+03 2.881721e+05 5.869160e+05 6.253645e+04 2.414694e+06 1.024688e+09
<GCONST> 9.110645e+01
<MIXTURE> 3 1.584938e-01
<MEAN> 6
 -3.083527e+01 -2.469155e+01 4.378368e+01 1.791544e+01 8.291725e+02 -1.267316e+03
<VARIANCE> 6
 4.953108e+02 9.969489e+04 1.250897e+05 3.526375e+04 3.245159e+05 1.492703e+08
<GCONST> 8.246107e+01
<MIXTURE> 4 9.658992e-02
<MEAN> 6
 4.318753e+01 3.303433e+01 3.965662e+01 7.991356e+01 -2.015941e+02 -8.633513e+02
<VARIANCE> 6
 7.815071e+02 6.433560e+04 4.555804e+04 2.736156e+04 1.221287e+05 4.974942e+07
<GCONST> 7.913934e+01
<MIXTURE> 5 1.770857e-01
<MEAN> 6
 7.804512e+01 -1.238821e+02 -1.092710e+02 -3.525211e+00 -1.669414e+01 -1.074316e+02
<VARIANCE> 6
 1.637074e+02 3.006655e+05 9.899971e+04 2.964930e+02 3.886105e+04 4.974942e+07
<GCONST> 7.422425e+01
<MIXTURE> 6 1.295825e-01
<MEAN> 6
 7.734283e+01 6.816955e+01 -3.069241e+01 -1.587775e+01 -9.141588e+02 -5.749497e+02
<VARIANCE> 6
 3.305374e+02 2.046923e+05 9.280906e+04 2.298791e+04 4.481296e+05 1.926710e+08
<GCONST> 8.262760e+01
<MIXTURE> 7 9.026338e-02
<MEAN> 6
 -4.768997e+01 -1.195500e+01 -1.597700e+01 2.355037e+01 3.003535e+02 1.478524e+02
<VARIANCE> 6
 2.437887e+02 6.405959e+04 7.556066e+04 1.444075e+03 8.896734e+04 4.974942e+07
<GCONST> 7.521758e+01
<MIXTURE> 8 8.792219e-02
<MEAN> 6
 6.192258e+01 -6.076357e+01 -5.675527e+01 -3.662016e-01 -1.440230e+01 -1.342710e+02
<VARIANCE> 6
 3.160512e+01 2.263259e+04 1.566704e+05 2.964930e+02 3.886105e+04 4.974942e+07
<GCONST> 7.045191e+01
<MIXTURE> 9 1.034016e-01
<MEAN> 6
 3.264582e+01 -1.637465e+01 -4.807343e+01 -3.451328e+01 -2.718547e+02 3.065959e+02
<VARIANCE> 6
 8.019182e+02 5.331244e+04 1.060683e+05 4.317607e+04 1.839461e+05 6.861502e+07
<GCONST> 8.100949e+01
<STATE> 3
<NUMMIXES> 9
<MIXTURE> 1 1.516684e-01
<MEAN> 6
 8.368608e+01 4.325746e+02 1.548580e+02 -2.923281e+00 -1.417850e+01 -7.280214e+01
<VARIANCE> 6
 2.201011e+02 2.630016e+06 1.382503e+06 2.964930e+02 3.886105e+04 4.974942e+07
<GCONST> 7.932554e+01
<MIXTURE> 2 1.200366e-02
<MEAN> 6
 -4.966435e+00 1.745517e+02 6.806154e+01 3.521299e+01 -1.729758e+02 9.631136e+02
<VARIANCE> 6
 1.295021e+04 1.884369e+05 3.937442e+05 2.103198e+06 1.175434e+09 1.736476e+12
<GCONST> 1.091529e+02
<MIXTURE> 3 1.315836e-01
<MEAN> 6
 -4.218085e+01 -2.244244e+02 1.048067e+02 6.094379e+01 8.694062e+02 -1.576431e+03
<VARIANCE> 6
 3.755199e+02 1.073018e+06 1.025688e+06 3.260778e+04 2.720921e+05 1.120546e+08
<GCONST> 8.612314e+01
<MIXTURE> 4 1.165539e-01
<MEAN> 6
 1.566637e+01 4.125934e+01 -4.155913e+02 -9.823566e+01 3.968741e+01 3.496891e+03
<VARIANCE> 6
 4.220517e+03 2.714282e+06 7.274395e+06 5.261418e+04 3.133232e+06 1.394703e+09
<GCONST> 9.687315e+01
<MIXTURE> 5 1.437136e-01
<MEAN> 6
 8.401524e+01 1.882645e+02 5.962922e+02 -2.319675e+00 -1.706361e+01 -1.168251e+02
<VARIANCE> 6
 1.953703e+02 3.090976e+05 3.100560e+06 2.964930e+02 3.886105e+04 4.974942e+07
<GCONST> 7.787295e+01
<MIXTURE> 6 1.483306e-01
<MEAN> 6
 7.675314e+01 8.625818e+01 5.559298e+01 -1.122465e+01 -6.826480e+02 -7.000099e+02
<VARIANCE> 6
 2.556533e+02 9.141671e+05 1.398192e+06 2.178015e+04 2.934944e+05 9.555441e+07
<GCONST> 8.540112e+01
<MIXTURE> 7 1.477808e-01
<MEAN> 6
 2.467648e+01 -3.033714e+02 7.202243e+01 3.868203e+01 -2.043942e+02 -7.930714e+02
<VARIANCE> 6
 6.551005e+02 6.663454e+05 1.281311e+06 5.833462e+04 1.900144e+05 7.753785e+07
<GCONST> 8.628009e+01
<MIXTURE> 8 8.656745e-02
<MEAN> 6
 -6.623159e+01 8.951844e+01 -9.829394e+01 1.032398e+01 2.517701e+02 4.993077e+02
<VARIANCE> 6
 1.870284e+02 8.001547e+05 1.764798e+06 1.304266e+03 1.069746e+05 4.974942e+07
<GCONST> 8.071088e+01
<MIXTURE> 9 6.104037e-02
<MEAN> 6
 7.186762e+01 -4.558539e+02 -1.211634e+03 -1.403566e-01 -8.766473e+00 3.277180e+00
<VARIANCE> 6
 1.647902e+02 1.281975e+06 1.055756e+07 2.964930e+02 3.886105e+04 4.974942e+07
<GCONST> 8.035049e+01
<TRANSP> 4
 0.000000e+00 1.000000e+00 0.000000e+00 0.000000e+00
 0.000000e+00 9.999260e-01 7.397809e-05 0.000000e+00
 0.000000e+00 0.000000e+00 9.999309e-01 6.916143e-05
 0.000000e+00 0.000000e+00 0.000000e+00 0.000000e+00
<ENDHMM>
