~o
<STREAMINFO> 1 6
<VECSIZE> 6<NULLD><USER><DIAGC>
~h "SegundoPRIMARIA"
<BEGINHMM>
<NUMSTATES> 6
<STATE> 2
<NUMMIXES> 3
<MIXTURE> 1 3.085498e-01
<MEAN> 6
 6.570548e+01 6.328613e+01 2.070585e+02 7.718573e+00 -4.829376e+01 -2.169567e+02
<VARIANCE> 6
 1.677972e+03 4.417078e+05 2.557543e+06 2.706689e+03 4.338756e+04 5.162498e+07
<GCONST> 8.254649e+01
<MIXTURE> 2 3.580236e-01
<MEAN> 6
 2.580099e+01 -4.690046e+01 -4.781438e+01 -1.941378e+01 -7.028734e+01 3.450823e+02
<VARIANCE> 6
 3.223318e+03 3.249256e+05 1.399240e+06 6.302515e+04 1.960797e+06 5.405635e+08
<GCONST> 9.159650e+01
<MIXTURE> 3 3.333144e-01
<MEAN> 6
 6.577449e+00 1.591786e+01 -1.941416e+02 1.537956e+01 1.212962e+02 -1.977546e+02
<VARIANCE> 6
 4.226860e+03 7.919606e+04 7.775636e+05 9.287177e+03 2.061639e+05 5.162498e+07
<GCONST> 8.335241e+01
<STATE> 3
<NUMMIXES> 3
<MIXTURE> 1 4.832359e-01
<MEAN> 6
 7.762901e+01 2.711997e+02 1.565138e+02 -5.521446e-01 -1.224184e-01 -4.679124e+01
<VARIANCE> 6
 1.273633e+02 2.253319e+05 3.548813e+04 2.988645e+02 4.035168e+04 5.162498e+07
<GCONST> 7.274149e+01
<MIXTURE> 2 2.181989e-01
<MEAN> 6
 7.226738e+01 -5.304687e+01 -1.443860e+02 3.722312e-01 -7.392142e-01 -9.645006e+01
<VARIANCE> 6
 1.548132e+02 7.073788e+04 5.821666e+04 2.988645e+02 4.035168e+04 5.162498e+07
<GCONST> 7.227304e+01
<MIXTURE> 3 2.984152e-01
<MEAN> 6
 7.701316e+01 -2.390840e+02 -3.344246e+02 -4.560698e-01 -3.071754e+00 -6.427434e+01
<VARIANCE> 6
 2.915306e+02 1.236869e+05 3.623900e+04 2.988645e+02 4.035168e+04 5.162498e+07
<GCONST> 7.299070e+01
<STATE> 4
<NUMMIXES> 3
<MIXTURE> 1 2.336706e-01
<MEAN> 6
 1.008207e+02 1.593254e+02 1.127016e+03 -4.823256e+00 -1.627637e+00 1.082886e+01
<VARIANCE> 6
 4.245569e+02 8.535015e+05 4.469794e+05 2.988645e+02 4.035168e+04 5.162498e+07
<GCONST> 7.781057e+01
<MIXTURE> 2 4.135930e-01
<MEAN> 6
 7.171626e+01 -6.247156e+02 -1.416393e+02 -1.220872e+00 -3.835052e+00 -1.057981e+02
<VARIANCE> 6
 5.895206e+01 1.217792e+07 1.180318e+06 2.988645e+02 4.035168e+04 5.162498e+07
<GCONST> 7.946531e+01
<MIXTURE> 3 3.527056e-01
<MEAN> 6
 8.062211e+01 -3.088697e+02 -1.193426e+01 -2.348959e+00 -2.466655e+00 -1.285997e+02
<VARIANCE> 6
 2.197608e+02 3.903882e+06 4.350568e+05 2.988645e+02 4.035168e+04 5.162498e+07
<GCONST> 7.864541e+01
<STATE> 5
<NUMMIXES> 3
<MIXTURE> 1 3.744807e-02
<MEAN> 6
 4.291685e+01 3.762177e+02 -1.343027e+02 -1.952901e+01 -5.202749e+02 2.946050e+03
<VARIANCE> 6
 6.698516e+03 1.461992e+07 1.290358e+06 2.702462e+05 1.227745e+08 1.731829e+11
<GCONST> 1.074158e+02
<MIXTURE> 2 5.524226e-01
<MEAN> 6
 3.167800e+01 4.851464e+01 1.018576e+01 4.111938e+01 5.957912e+01 -6.702698e+02
<VARIANCE> 6
 3.995268e+03 3.919577e+05 9.006823e+04 2.084224e+04 2.808925e+05 5.162498e+07
<GCONST> 8.385734e+01
<MIXTURE> 3 4.102887e-01
<MEAN> 6
 3.032533e+01 -6.272210e+01 -4.974351e+00 -5.249892e+01 -3.226513e+01 6.706208e+02
<VARIANCE> 6
 3.950134e+03 4.117942e+05 2.029245e+05 5.074796e+04 1.897636e+06 5.182245e+08
<GCONST> 8.981430e+01
<TRANSP> 6
 0.000000e+00 1.000000e+00 0.000000e+00 0.000000e+00 0.000000e+00 0.000000e+00
 0.000000e+00 9.998181e-01 1.819414e-04 0.000000e+00 0.000000e+00 0.000000e+00
 0.000000e+00 0.000000e+00 9.996009e-01 3.990924e-04 0.000000e+00 0.000000e+00
 0.000000e+00 0.000000e+00 0.000000e+00 9.992394e-01 7.606342e-04 0.000000e+00
 0.000000e+00 0.000000e+00 0.000000e+00 0.000000e+00 9.999436e-01 5.639712e-05
 0.000000e+00 0.000000e+00 0.000000e+00 0.000000e+00 0.000000e+00 0.000000e+00
<ENDHMM>
~h "SegundoESO"
<BEGINHMM>
<NUMSTATES> 6
<STATE> 2
<NUMMIXES> 3
<MIXTURE> 1 4.096515e-01
<MEAN> 6
 8.200415e+01 -3.146432e+02 -1.099540e+02 7.345226e+00 -1.120617e+02 -1.623460e+02
<VARIANCE> 6
 1.722528e+02 1.556187e+07 1.861421e+07 3.645799e+03 4.977164e+04 5.162498e+07
<GCONST> 8.625204e+01
<MIXTURE> 2 2.800823e-01
<MEAN> 6
 -2.281939e+01 5.767806e+02 1.024906e+03 8.122134e+00 3.960923e+02 -1.825637e+02
<VARIANCE> 6
 1.983601e+03 1.303200e+06 6.595668e+06 4.011891e+04 6.534626e+05 1.617593e+08
<GCONST> 9.129345e+01
<MIXTURE> 3 3.101210e-01
<MEAN> 6
 2.196015e+01 7.298141e+01 -2.477251e+02 -1.215063e+01 -2.117198e+02 3.365253e+02
<VARIANCE> 6
 2.898542e+03 1.269141e+07 3.808796e+06 3.190860e+04 5.470901e+05 8.736454e+07
<GCONST> 9.237708e+01
<STATE> 3
<NUMMIXES> 3
<MIXTURE> 1 3.250922e-01
<MEAN> 6
 6.990661e+01 1.614674e+02 -7.686915e+02 -7.605988e-01 -2.701186e+00 -9.274168e+01
<VARIANCE> 6
 7.936560e+01 1.318739e+06 1.423765e+06 2.988645e+02 4.035168e+04 5.162498e+07
<GCONST> 7.772723e+01
<MIXTURE> 2 3.299809e-01
<MEAN> 6
 8.416172e+01 -8.775280e+02 -1.464821e+03 -3.434837e+00 2.542711e+00 1.245429e+01
<VARIANCE> 6
 1.911514e+02 2.439508e+06 1.221606e+07 2.988645e+02 4.035168e+04 5.162498e+07
<GCONST> 8.137080e+01
<MIXTURE> 3 3.448954e-01
<MEAN> 6
 6.355673e+01 1.528405e+02 -1.071081e+03 -3.450469e-01 -2.995324e+00 -1.121650e+02
<VARIANCE> 6
 5.635743e+01 1.795616e+06 8.693032e+05 2.988645e+02 4.035168e+04 5.162498e+07
<GCONST> 7.720018e+01
<STATE> 4
<NUMMIXES> 3
<MIXTURE> 1 2.796330e-01
<MEAN> 6
 7.398498e+01 -2.861300e+01 2.185468e+02 -4.375612e-01 -5.987450e+00 -1.089993e+02
<VARIANCE> 6
 5.772776e+01 5.048919e+05 3.434222e+04 2.988645e+02 4.035168e+04 5.162498e+07
<GCONST> 7.272412e+01
<MIXTURE> 2 4.949695e-01
<MEAN> 6
 6.450889e+01 1.078844e+02 -9.529712e+01 -2.233537e-01 -4.319797e+00 -1.397843e+02
<VARIANCE> 6
 3.870334e+01 1.256738e+05 7.677078e+04 2.988645e+02 4.035168e+04 5.162498e+07
<GCONST> 7.173811e+01
<MIXTURE> 3 2.252797e-01
<MEAN> 6
 7.199989e+01 -1.244693e+02 1.257832e+02 -3.197791e-01 -5.080042e+00 -1.233319e+02
<VARIANCE> 6
 6.815582e+01 4.704279e+05 4.202004e+04 2.988645e+02 4.035168e+04 5.162498e+07
<GCONST> 7.302126e+01
<STATE> 5
<NUMMIXES> 3
<MIXTURE> 1 2.962495e-01
<MEAN> 6
 2.991541e+01 1.058826e+02 8.516737e+01 3.207841e+01 -1.728458e+01 -3.593989e+02
<VARIANCE> 6
 2.758578e+03 6.464277e+05 1.166944e+06 1.304302e+04 1.552203e+05 5.162498e+07
<GCONST> 8.548697e+01
<MIXTURE> 2 2.549463e-01
<MEAN> 6
 6.156469e+00 -6.855060e+01 1.636196e+02 -4.903848e+01 2.004965e+02 1.062797e+03
<VARIANCE> 6
 3.001040e+03 1.639793e+06 5.672936e+05 3.693189e+04 1.429831e+06 3.584586e+08
<GCONST> 9.097990e+01
<MIXTURE> 3 4.482496e-01
<MEAN> 6
 2.835375e+01 -2.062264e+01 7.068059e+00 7.080191e+00 -1.006528e+02 -3.049073e+02
<VARIANCE> 6
 2.098104e+03 2.908998e+05 1.152249e+05 2.120066e+04 2.399082e+05 5.162498e+07
<GCONST> 8.302074e+01
<TRANSP> 6
 0.000000e+00 1.000000e+00 0.000000e+00 0.000000e+00 0.000000e+00 0.000000e+00
 0.000000e+00 9.997441e-01 2.559109e-04 0.000000e+00 0.000000e+00 0.000000e+00
 0.000000e+00 0.000000e+00 9.994703e-01 5.296777e-04 0.000000e+00 0.000000e+00
 0.000000e+00 0.000000e+00 0.000000e+00 9.996059e-01 3.940983e-04 0.000000e+00
 0.000000e+00 0.000000e+00 0.000000e+00 0.000000e+00 9.999472e-01 5.277072e-05
 0.000000e+00 0.000000e+00 0.000000e+00 0.000000e+00 0.000000e+00 0.000000e+00
<ENDHMM>
~h "QuintoPRIMARIA"
<BEGINHMM>
<NUMSTATES> 6
<STATE> 2
<NUMMIXES> 3
<MIXTURE> 1 3.865456e-01
<MEAN> 6
 1.947052e+01 1.192146e+01 1.832054e+00 3.220713e+01 1.154059e+02 -4.518525e+02
<VARIANCE> 6
 3.187540e+03 1.287824e+05 1.472528e+05 1.147401e+04 1.870238e+05 5.162498e+07
<GCONST> 8.200639e+01
<MIXTURE> 2 2.119321e-01
<MEAN> 6
 7.162768e+00 -3.760961e+00 4.952631e+01 -4.237761e+01 2.124521e+02 1.712790e+03
<VARIANCE> 6
 3.250650e+03 8.197901e+05 6.802840e+05 4.881412e+04 1.899109e+06 5.684683e+08
<GCONST> 9.157207e+01
<MIXTURE> 3 4.010611e-01
<MEAN> 6
 4.196059e+01 -2.888882e+01 -4.254064e+01 -6.812530e+00 -2.234828e+02 -4.860455e+02
<VARIANCE> 6
 1.901765e+03 1.927995e+05 1.000033e+05 2.612626e+04 3.786271e+05 5.162498e+07
<GCONST> 8.303468e+01
<STATE> 3
<NUMMIXES> 3
<MIXTURE> 1 2.925529e-01
<MEAN> 6
 7.221988e+01 -1.726205e+02 3.938813e+02 -2.497786e+00 -9.918927e-01 3.245641e+01
<VARIANCE> 6
 3.196565e+01 8.170640e+04 1.684940e+05 2.988645e+02 4.035168e+04 5.162498e+07
<GCONST> 7.190236e+01
<MIXTURE> 2 3.126688e-01
<MEAN> 6
 5.780813e+01 1.195396e+02 -2.249213e+03 9.244770e-01 -4.772498e+00 -7.752711e+01
<VARIANCE> 6
 3.337925e+01 9.955166e+04 7.283848e+06 2.988645e+02 4.035168e+04 5.162498e+07
<GCONST> 7.590969e+01
<MIXTURE> 3 3.947465e-01
<MEAN> 6
 6.515376e+01 -7.757183e+01 2.822261e+01 -1.836189e+00 1.256490e-02 2.317111e+00
<VARIANCE> 6
 5.940705e+01 7.598585e+04 4.366564e+04 2.988645e+02 4.035168e+04 5.162498e+07
<GCONST> 7.109919e+01
<STATE> 4
<NUMMIXES> 3
<MIXTURE> 1 4.150998e-01
<MEAN> 6
 7.624424e+01 -2.658760e+01 1.326061e+02 -3.045930e-01 -2.923833e+00 -4.859965e+01
<VARIANCE> 6
 2.501392e+02 1.918851e+06 8.127258e+06 2.988645e+02 4.035168e+04 5.162498e+07
<GCONST> 8.099215e+01
<MIXTURE> 2 3.186940e-01
<MEAN> 6
 8.895067e+01 3.606194e+02 -1.067771e+02 -3.248701e+00 -8.620788e-01 8.347504e+00
<VARIANCE> 6
 1.298508e+02 5.845351e+05 8.609413e+04 2.988645e+02 4.035168e+04 5.162498e+07
<GCONST> 7.460031e+01
<MIXTURE> 3 2.660992e-01
<MEAN> 6
 8.245409e+01 -1.828937e+02 -3.081637e+02 -2.480098e+00 -1.977512e+00 -1.650354e+01
<VARIANCE> 6
 4.070271e+01 4.330977e+05 4.002055e+05 2.988645e+02 4.035168e+04 5.162498e+07
<GCONST> 7.467690e+01
<STATE> 5
<NUMMIXES> 3
<MIXTURE> 1 5.952616e-01
<MEAN> 6
 4.299485e+01 9.468752e+01 2.836858e+02 1.852575e+01 -7.318828e+01 -3.023871e+02
<VARIANCE> 6
 3.257966e+03 1.693384e+06 1.969892e+06 1.278244e+04 1.484071e+05 5.162498e+07
<GCONST> 8.707491e+01
<MIXTURE> 2 2.960669e-02
<MEAN> 6
 1.349205e+01 -2.841966e+02 -3.573584e+01 -1.726513e+01 -3.921581e+02 3.093765e+03
<VARIANCE> 6
 1.019688e+04 2.912056e+06 7.524413e+05 1.243455e+06 6.697285e+08 9.822010e+11
<GCONST> 1.106414e+02
<MIXTURE> 3 3.753113e-01
<MEAN> 6
 2.711062e+00 -1.187266e+02 -1.650209e+02 -2.707344e+01 1.491830e+02 2.926833e+02
<VARIANCE> 6
 3.641783e+03 9.399663e+05 4.130077e+06 4.828493e+04 1.461602e+06 4.178347e+08
<GCONST> 9.304541e+01
<TRANSP> 6
 0.000000e+00 1.000000e+00 0.000000e+00 0.000000e+00 0.000000e+00 0.000000e+00
 0.000000e+00 9.999241e-01 7.592689e-05 0.000000e+00 0.000000e+00 0.000000e+00
 0.000000e+00 0.000000e+00 9.993708e-01 6.292149e-04 0.000000e+00 0.000000e+00
 0.000000e+00 0.000000e+00 0.000000e+00 9.995902e-01 4.097643e-04 0.000000e+00
 0.000000e+00 0.000000e+00 0.000000e+00 0.000000e+00 9.999073e-01 9.273623e-05
 0.000000e+00 0.000000e+00 0.000000e+00 0.000000e+00 0.000000e+00 0.000000e+00
<ENDHMM>
