~o
<STREAMINFO> 1 6
<VECSIZE> 6<NULLD><USER><DIAGC>
~h "SegundoPRIMARIA"
<BEGINHMM>
<NUMSTATES> 8
<STATE> 2
<NUMMIXES> 13
<MIXTURE> 1 7.693628e-02
<MEAN> 6
 1.092124e+02 -2.085817e+02 4.851410e+02 -9.786169e+00 -5.993658e+01 -5.094088e+02
<VARIANCE> 6
 1.948629e+02 1.290669e+06 9.348116e+05 3.745843e+02 4.022584e+04 5.158639e+07
<GCONST> 7.840518e+01
<MIXTURE> 2 6.978393e-02
<MEAN> 6
 4.633466e+01 -5.636290e+02 -8.522565e+01 -3.023261e+01 -4.177825e+02 2.519673e+03
<VARIANCE> 6
 4.925793e+03 3.606350e+07 1.688605e+06 6.787202e+04 4.873624e+06 3.452513e+09
<GCONST> 9.975681e+01
<MIXTURE> 3 1.041500e-01
<MEAN> 6
 -3.831073e+01 -3.689057e+01 -4.744101e+01 -7.248608e+01 1.235757e+03 3.456556e+02
<VARIANCE> 6
 9.106193e+02 4.290258e+05 1.559800e+06 6.156074e+04 8.733398e+05 5.986290e+08
<GCONST> 8.998874e+01
<MIXTURE> 4 7.686660e-02
<MEAN> 6
 3.271213e+01 2.344299e+01 -1.509764e+02 2.435137e+02 -1.541097e+02 -3.645275e+03
<VARIANCE> 6
 8.306834e+02 4.218680e+05 1.425392e+06 8.595888e+03 1.808119e+05 6.755637e+07
<GCONST> 8.406464e+01
<MIXTURE> 5 8.811042e-02
<MEAN> 6
 -6.842291e+01 1.396186e+02 -2.411514e+02 -4.662668e+00 1.158688e+02 2.011266e+02
<VARIANCE> 6
 3.441115e+02 3.532910e+05 1.180440e+06 5.856987e+02 4.783382e+04 5.158639e+07
<GCONST> 7.853173e+01
<MIXTURE> 6 7.379944e-02
<MEAN> 6
 1.025384e+02 -9.218743e-01 1.881909e+02 2.616622e+01 -7.075927e+02 -1.265867e+03
<VARIANCE> 6
 4.486075e+02 6.990754e+05 1.331306e+06 2.263037e+04 1.124167e+06 5.244525e+08
<GCONST> 8.873006e+01
<MIXTURE> 7 7.011051e-02
<MEAN> 6
 7.005925e+01 7.035597e+02 -6.099206e+02 4.638883e+00 -3.428008e+01 -1.045617e+02
<VARIANCE> 6
 6.293649e+01 4.394191e+05 7.747811e+05 2.998198e+02 4.022584e+04 5.158639e+07
<GCONST> 7.578715e+01
<MIXTURE> 8 6.100774e-02
<MEAN> 6
 -4.459489e+01 6.435225e+01 2.433083e+02 8.546529e+01 6.350455e+02 7.454061e+02
<VARIANCE> 6
 5.621911e+02 2.652256e+05 1.478456e+06 1.684043e+04 1.174653e+05 5.158639e+07
<GCONST> 8.321815e+01
<MIXTURE> 9 7.788695e-02
<MEAN> 6
 6.659197e+01 -3.612977e+02 1.615828e+03 -2.574936e-01 -6.364710e+00 -5.863862e+01
<VARIANCE> 6
 9.604979e+01 1.932068e+05 2.037141e+06 2.998198e+02 4.022584e+04 5.158639e+07
<GCONST> 7.635492e+01
<MIXTURE> 10 9.020053e-02
<MEAN> 6
 6.475476e+01 -8.153234e+01 -4.999595e+01 -3.611413e+01 -3.885264e+02 1.046952e+02
<VARIANCE> 6
 1.128414e+03 1.316167e+05 4.710341e+05 3.203523e+04 1.755096e+05 5.158639e+07
<GCONST> 8.311497e+01
<MIXTURE> 11 7.178895e-02
<MEAN> 6
 5.433142e+01 2.967733e+01 -1.930434e+02 -1.889588e+02 -9.988796e+02 3.357736e+03
<VARIANCE> 6
 8.132565e+02 2.772555e+05 2.371885e+06 3.724003e+04 4.893867e+05 2.316462e+08
<GCONST> 8.782697e+01
<MIXTURE> 12 7.732265e-02
<MEAN> 6
 8.126919e+01 1.088331e+02 -1.721312e+03 -3.386680e-01 -2.380928e+01 -2.067813e+02
<VARIANCE> 6
 1.294494e+02 6.914736e+04 9.103656e+05 2.998198e+02 4.022584e+04 5.158639e+07
<GCONST> 7.482037e+01
<MIXTURE> 13 6.177312e-02
<MEAN> 6
 -5.331705e+01 -8.973679e+01 -1.788328e+02 3.214003e+01 5.188398e+02 -1.412546e+03
<VARIANCE> 6
 5.908881e+02 2.107683e+05 1.490560e+06 1.576406e+04 1.098073e+05 5.230702e+07
<GCONST> 8.292668e+01
<STATE> 3
<NUMMIXES> 13
<MIXTURE> 1 7.009058e-02
<MEAN> 6
 9.179149e+01 8.580560e+02 2.569036e+02 -2.896416e+00 -2.424700e+00 -1.296553e+01
<VARIANCE> 6
 5.860310e+01 1.774841e+04 1.387160e+04 2.998198e+02 4.022584e+04 5.158639e+07
<GCONST> 6.848392e+01
<MIXTURE> 2 8.945404e-02
<MEAN> 6
 8.675780e+01 -1.677462e+02 4.181378e+02 -2.852466e+00 1.639123e+00 1.070132e+02
<VARIANCE> 6
 3.185104e+01 9.926013e+04 1.387160e+04 2.998198e+02 4.022584e+04 5.158639e+07
<GCONST> 6.959564e+01
<MIXTURE> 3 9.652963e-02
<MEAN> 6
 9.251244e+01 8.785477e+01 7.054262e+01 -1.270889e+00 -6.689855e+00 -1.455132e+01
<VARIANCE> 6
 3.185104e+01 1.594058e+04 1.648900e+04 2.998198e+02 4.022584e+04 5.158639e+07
<GCONST> 6.793962e+01
<MIXTURE> 4 8.269481e-02
<MEAN> 6
 9.428881e+01 -3.685943e+02 -5.548287e+02 -1.128742e+00 -5.729219e+00 6.470640e+01
<VARIANCE> 6
 3.185104e+01 1.420104e+04 1.387160e+04 2.998198e+02 4.022584e+04 5.158639e+07
<GCONST> 6.765121e+01
<MIXTURE> 5 6.051421e-02
<MEAN> 6
 8.086371e+01 3.346276e+02 7.464627e+01 2.335169e+00 9.935362e+00 -8.960083e+00
<VARIANCE> 6
 3.185104e+01 1.414759e+04 1.387160e+04 2.998198e+02 4.022584e+04 5.158639e+07
<GCONST> 6.764745e+01
<MIXTURE> 6 7.994537e-02
<MEAN> 6
 8.387435e+01 5.441605e+02 4.346228e+02 -3.143136e-01 -9.624956e-01 -5.962309e+01
<VARIANCE> 6
 3.185104e+01 1.195217e+04 1.387160e+04 2.998198e+02 4.022584e+04 5.158639e+07
<GCONST> 6.747881e+01
<MIXTURE> 7 1.022375e-01
<MEAN> 6
 9.011461e+01 -6.813801e+01 -2.369736e+02 -2.099123e+00 3.516770e+00 -1.069242e+02
<VARIANCE> 6
 3.185104e+01 1.195217e+04 2.195216e+05 2.998198e+02 4.022584e+04 5.158639e+07
<GCONST> 7.024043e+01
<MIXTURE> 8 8.866298e-02
<MEAN> 6
 8.647031e+01 -2.271826e+02 -4.263886e+01 -3.282286e+00 1.690716e+00 -1.055782e+02
<VARIANCE> 6
 3.185104e+01 5.098613e+04 1.387160e+04 2.998198e+02 4.022584e+04 5.158639e+07
<GCONST> 6.892945e+01
<MIXTURE> 9 4.225411e-02
<MEAN> 6
 9.377776e+01 -5.263160e+02 1.055208e+01 -9.465610e-01 -8.072732e+00 -1.120772e+02
<VARIANCE> 6
 3.185104e+01 1.749606e+05 1.387160e+04 2.998198e+02 4.022584e+04 5.158639e+07
<GCONST> 7.016246e+01
<MIXTURE> 10 7.348572e-02
<MEAN> 6
 9.304778e+01 -5.472848e+02 -5.415438e+02 1.297284e+00 -3.476789e+00 -1.244230e+02
<VARIANCE> 6
 3.185104e+01 1.195217e+04 1.387160e+04 2.998198e+02 4.022584e+04 5.158639e+07
<GCONST> 6.747881e+01
<MIXTURE> 11 8.245375e-02
<MEAN> 6
 9.047469e+01 1.507364e+01 2.469682e+02 -2.145218e+00 -1.258904e-01 -9.140163e+01
<VARIANCE> 6
 3.185104e+01 1.195217e+04 9.385480e+04 2.998198e+02 4.022584e+04 5.158639e+07
<GCONST> 6.939072e+01
<MIXTURE> 12 7.109462e-02
<MEAN> 6
 8.920342e+01 8.617843e+02 2.039980e+02 -1.824641e+00 -1.858090e+00 -1.375839e+02
<VARIANCE> 6
 3.185104e+01 4.084650e+04 1.387160e+04 2.998198e+02 4.022584e+04 5.158639e+07
<GCONST> 6.870773e+01
<MIXTURE> 13 6.053856e-02
<MEAN> 6
 8.025163e+01 2.937781e+02 4.639392e+01 6.867068e-01 -2.348251e+01 -9.831763e+01
<VARIANCE> 6
 3.185104e+01 1.386871e+04 1.387160e+04 2.998198e+02 4.022584e+04 5.158639e+07
<GCONST> 6.762753e+01
<STATE> 4
<NUMMIXES> 13
<MIXTURE> 1 4.528519e-02
<MEAN> 6
 6.782869e+01 -5.111747e+01 6.105573e+01 8.899917e-01 3.688201e+00 -3.718080e+01
<VARIANCE> 6
 3.185104e+01 1.195217e+04 7.396845e+04 2.998198e+02 4.022584e+04 5.158639e+07
<GCONST> 6.915261e+01
<MIXTURE> 2 1.140166e-01
<MEAN> 6
 7.251033e+01 8.178202e+00 1.746157e+02 2.386374e-01 -1.620834e+00 -9.609808e+01
<VARIANCE> 6
 3.185104e+01 1.195217e+04 1.387160e+04 2.998198e+02 4.022584e+04 5.158639e+07
<GCONST> 6.747881e+01
<MIXTURE> 3 8.570802e-02
<MEAN> 6
 6.545377e+01 7.743079e+02 -1.371283e+02 -4.724848e-01 -1.017024e+00 -1.929085e+02
<VARIANCE> 6
 3.185104e+01 4.865821e+04 1.387160e+04 2.998198e+02 4.022584e+04 5.158639e+07
<GCONST> 6.888272e+01
<MIXTURE> 4 6.620832e-02
<MEAN> 6
 7.254868e+01 9.213841e+01 -2.735199e+02 -3.100047e-01 -3.526211e+00 -1.197741e+02
<VARIANCE> 6
 3.185104e+01 1.358218e+04 1.387160e+04 2.998198e+02 4.022584e+04 5.158639e+07
<GCONST> 6.760666e+01
<MIXTURE> 5 5.718174e-02
<MEAN> 6
 7.036480e+01 -4.369670e+02 -1.907998e+02 -2.535435e+00 -1.012671e+01 -9.184646e+01
<VARIANCE> 6
 3.185104e+01 1.133831e+05 1.387160e+04 2.998198e+02 4.022584e+04 5.158639e+07
<GCONST> 6.972868e+01
<MIXTURE> 6 1.100236e-01
<MEAN> 6
 6.876391e+01 -4.233311e+02 3.199789e+02 -5.512301e-01 -2.993038e+00 -1.342988e+02
<VARIANCE> 6
 3.805663e+01 1.829463e+04 1.387160e+04 2.998198e+02 4.022584e+04 5.158639e+07
<GCONST> 6.808251e+01
<MIXTURE> 7 6.191778e-02
<MEAN> 6
 5.673232e+01 4.031616e+02 -2.303066e+02 1.175027e+00 6.489733e-01 -1.512841e+02
<VARIANCE> 6
 3.869214e+01 1.195217e+04 1.387160e+04 2.998198e+02 4.022584e+04 5.158639e+07
<GCONST> 6.767338e+01
<MIXTURE> 8 1.126959e-01
<MEAN> 6
 6.996333e+01 -1.496510e+02 1.224555e+02 1.042057e+00 2.422765e+00 -1.447021e+02
<VARIANCE> 6
 3.185104e+01 1.195217e+04 1.387160e+04 2.998198e+02 4.022584e+04 5.158639e+07
<GCONST> 6.747881e+01
<MIXTURE> 9 6.539080e-02
<MEAN> 6
 6.789711e+01 1.062784e+02 -2.095867e+02 2.070167e-02 -7.322080e-01 -1.283167e+02
<VARIANCE> 6
 3.185104e+01 1.087430e+05 1.387160e+04 2.998198e+02 4.022584e+04 5.158639e+07
<GCONST> 6.968689e+01
<MIXTURE> 10 6.852920e-02
<MEAN> 6
 7.263493e+01 7.809155e+01 -2.528140e+02 1.313732e-01 5.531952e+00 -4.767249e+01
<VARIANCE> 6
 3.185104e+01 1.350876e+04 1.387160e+04 2.998198e+02 4.022584e+04 5.158639e+07
<GCONST> 6.760124e+01
<MIXTURE> 11 7.427607e-02
<MEAN> 6
 5.890086e+01 -4.231824e+02 -1.902901e+02 7.558477e-01 2.249061e+00 -4.958768e+01
<VARIANCE> 6
 3.185104e+01 1.195217e+04 1.530136e+04 2.998198e+02 4.022584e+04 5.158639e+07
<GCONST> 6.757691e+01
<MIXTURE> 12 6.974045e-02
<MEAN> 6
 7.097749e+01 5.421904e+01 -2.788856e+02 2.285414e-01 1.855954e-01 -1.302312e+02
<VARIANCE> 6
 3.185104e+01 1.398386e+04 1.387160e+04 2.998198e+02 4.022584e+04 5.158639e+07
<GCONST> 6.763580e+01
<MIXTURE> 13 6.891922e-02
<MEAN> 6
 7.041499e+01 3.429079e+01 -2.860291e+02 -1.555326e-01 -8.963570e+00 -2.290396e+02
<VARIANCE> 6
 3.243633e+01 1.348615e+04 1.387160e+04 2.998198e+02 4.022584e+04 5.158639e+07
<GCONST> 6.761777e+01
<STATE> 5
<NUMMIXES> 13
<MIXTURE> 1 7.210305e-02
<MEAN> 6
 1.210851e+02 1.862157e+03 1.146801e+03 -2.534384e+00 9.534719e+00 3.302781e+01
<VARIANCE> 6
 3.185104e+01 5.659721e+04 5.992658e+04 2.998198e+02 4.022584e+04 5.158639e+07
<GCONST> 7.049714e+01
<MIXTURE> 2 4.463305e-02
<MEAN> 6
 1.055683e+02 2.373508e+02 1.265420e+03 2.885893e-01 -3.359803e+01 1.732386e+02
<VARIANCE> 6
 3.185104e+01 2.478818e+04 1.387160e+04 2.998198e+02 4.022584e+04 5.158639e+07
<GCONST> 6.820827e+01
<MIXTURE> 3 7.102880e-02
<MEAN> 6
 1.291993e+02 3.277805e+02 1.518097e+03 -2.804444e+00 5.199596e+00 -1.152682e+02
<VARIANCE> 6
 3.185104e+01 2.251037e+04 9.171311e+04 2.998198e+02 4.022584e+04 5.158639e+07
<GCONST> 7.000070e+01
<MIXTURE> 4 9.096050e-02
<MEAN> 6
 9.947634e+01 -3.756973e+03 3.206529e+00 -4.692915e+00 1.250852e+01 4.280900e+00
<VARIANCE> 6
 3.185104e+01 1.236622e+05 1.387160e+04 2.998198e+02 4.022584e+04 5.158639e+07
<GCONST> 6.981545e+01
<MIXTURE> 5 8.077389e-02
<MEAN> 6
 1.174873e+02 -4.730536e+02 2.421815e+03 -1.216064e+00 2.025373e+00 -2.605322e+02
<VARIANCE> 6
 3.185104e+01 1.195217e+04 3.906332e+04 2.998198e+02 4.022584e+04 5.158639e+07
<GCONST> 6.851415e+01
<MIXTURE> 6 5.769306e-02
<MEAN> 6
 1.013126e+02 -9.354950e+02 6.620468e+02 -1.999696e+00 3.809175e+00 -2.689955e+02
<VARIANCE> 6
 3.185104e+01 4.592522e+05 2.332314e+04 2.998198e+02 4.022584e+04 5.158639e+07
<GCONST> 7.164710e+01
<MIXTURE> 7 7.464808e-02
<MEAN> 6
 7.856532e+01 5.151536e+02 9.582490e+02 -3.903788e+00 -1.850939e+00 1.987799e+01
<VARIANCE> 6
 3.185104e+01 1.358213e+04 1.387160e+04 2.998198e+02 4.022584e+04 5.158639e+07
<GCONST> 6.760666e+01
<MIXTURE> 8 1.003908e-01
<MEAN> 6
 1.036587e+02 1.592734e+03 4.800345e+02 -4.098759e+00 -5.895475e-02 8.875591e+00
<VARIANCE> 6
 3.813812e+01 1.456018e+05 2.108997e+04 2.998198e+02 4.022584e+04 5.158639e+07
<GCONST> 7.057787e+01
<MIXTURE> 9 7.585748e-02
<MEAN> 6
 1.240270e+02 2.401482e+03 2.052249e+02 -6.739285e+00 3.498052e+00 7.212824e+01
<VARIANCE> 6
 4.615625e+01 7.441016e+04 1.387160e+04 2.998198e+02 4.022584e+04 5.158639e+07
<GCONST> 6.967846e+01
<MIXTURE> 10 1.027805e-01
<MEAN> 6
 1.001020e+02 -2.555858e+03 -2.322224e+02 -3.180948e+00 -2.104686e+01 -4.219606e+02
<VARIANCE> 6
 3.185104e+01 3.360997e+05 1.387160e+04 2.998198e+02 4.022584e+04 5.158639e+07
<GCONST> 7.081531e+01
<MIXTURE> 11 1.098876e-01
<MEAN> 6
 9.418209e+01 3.626156e+02 1.111252e+03 -2.860052e+00 4.759204e+00 3.319109e+01
<VARIANCE> 6
 3.185104e+01 3.772679e+05 1.387160e+04 2.998198e+02 4.022584e+04 5.158639e+07
<GCONST> 7.093085e+01
<MIXTURE> 12 6.188537e-02
<MEAN> 6
 8.557026e+01 -4.996417e+02 2.038792e+03 -4.117643e+00 -1.430764e+01 2.497420e+02
<VARIANCE> 6
 3.185104e+01 1.506322e+04 1.387160e+04 2.998198e+02 4.022584e+04 5.158639e+07
<GCONST> 6.771016e+01
<MIXTURE> 13 5.735437e-02
<MEAN> 6
 1.009623e+02 -1.087027e+03 5.925184e+02 -1.140410e+00 -1.666592e+01 -5.454973e+02
<VARIANCE> 6
 3.185104e+01 4.095315e+05 2.099450e+04 2.998198e+02 4.022584e+04 5.158639e+07
<GCONST> 7.142733e+01
<STATE> 6
<NUMMIXES> 13
<MIXTURE> 1 1.005270e-01
<MEAN> 6
 7.728314e+01 2.190608e+03 4.575261e+02 -2.143866e+00 -1.205180e+01 -1.463907e+02
<VARIANCE> 6
 3.185104e+01 5.785123e+05 1.387160e+04 2.998198e+02 4.022584e+04 5.158639e+07
<GCONST> 7.135836e+01
<MIXTURE> 2 4.939023e-02
<MEAN> 6
 7.904105e+01 1.633582e+02 -7.331589e+02 9.675508e-01 -3.054325e+00 -1.762406e+02
<VARIANCE> 6
 3.185104e+01 1.195217e+04 1.387160e+04 2.998198e+02 4.022584e+04 5.158639e+07
<GCONST> 6.747881e+01
<MIXTURE> 3 7.030783e-02
<MEAN> 6
 7.737018e+01 -1.199187e+03 -7.842258e+02 -1.846682e+00 -2.120543e+00 -1.921650e+02
<VARIANCE> 6
 3.185104e+01 4.175219e+05 1.387160e+04 2.998198e+02 4.022584e+04 5.158639e+07
<GCONST> 7.103223e+01
<MIXTURE> 4 4.639234e-02
<MEAN> 6
 7.895955e+01 2.616743e+03 -2.102147e+02 -1.391163e+00 -1.027102e+00 -1.310591e+02
<VARIANCE> 6
 3.185104e+01 7.791948e+04 1.387160e+04 2.998198e+02 4.022584e+04 5.158639e+07
<GCONST> 6.935358e+01
<MIXTURE> 5 9.495934e-02
<MEAN> 6
 6.186725e+01 -2.813736e+01 -5.146006e+02 2.139889e-01 -4.372147e+00 -1.988707e+02
<VARIANCE> 6
 3.185104e+01 2.977970e+05 2.290096e+04 2.998198e+02 4.022584e+04 5.158639e+07
<GCONST> 7.119565e+01
<MIXTURE> 6 7.446500e-02
<MEAN> 6
 6.692540e+01 -3.470331e+02 -1.190637e+03 1.296554e+00 -1.170387e+01 2.797159e+01
<VARIANCE> 6
 3.185104e+01 7.652797e+04 1.838137e+04 2.998198e+02 4.022584e+04 5.158639e+07
<GCONST> 6.961705e+01
<MIXTURE> 7 1.024121e-01
<MEAN> 6
 7.136485e+01 7.436163e+02 6.705444e+02 -2.255041e-01 -3.271215e+00 -1.385428e+02
<VARIANCE> 6
 3.185104e+01 1.190056e+05 1.387160e+04 2.998198e+02 4.022584e+04 5.158639e+07
<GCONST> 6.977707e+01
<MIXTURE> 8 5.734777e-02
<MEAN> 6
 6.972274e+01 -6.584636e+02 -5.704418e+02 -2.283375e+00 3.649738e+00 -6.664124e+01
<VARIANCE> 6
 3.292831e+01 2.868005e+04 1.387160e+04 2.998198e+02 4.022584e+04 5.158639e+07
<GCONST> 6.838737e+01
<MIXTURE> 9 1.025410e-01
<MEAN> 6
 6.946858e+01 3.935794e+01 -9.636016e+02 -1.809438e+00 -5.113474e+00 -9.409414e+01
<VARIANCE> 6
 3.185104e+01 1.195217e+04 2.146988e+04 2.998198e+02 4.022584e+04 5.158639e+07
<GCONST> 6.791562e+01
<MIXTURE> 10 9.370385e-02
<MEAN> 6
 7.416859e+01 -6.490046e+02 2.026304e+02 5.722972e-01 1.149340e+01 -7.204390e+01
<VARIANCE> 6
 3.185104e+01 4.238070e+05 7.291880e+04 2.998198e+02 4.022584e+04 5.158639e+07
<GCONST> 7.270668e+01
<MIXTURE> 11 9.088074e-02
<MEAN> 6
 6.670712e+01 -7.032750e+01 -9.178376e+02 -8.841898e-01 -1.089717e+01 -2.128050e+02
<VARIANCE> 6
 3.185104e+01 1.594011e+04 1.387160e+04 2.998198e+02 4.022584e+04 5.158639e+07
<GCONST> 6.776674e+01
<MIXTURE> 12 5.867077e-02
<MEAN> 6
 5.787321e+01 -1.260999e+03 -5.778960e+02 3.195357e+00 -8.169142e+00 1.264647e+01
<VARIANCE> 6
 3.185104e+01 6.486888e+04 1.790952e+04 2.998198e+02 4.022584e+04 5.158639e+07
<GCONST> 6.942576e+01
<MIXTURE> 13 5.837409e-02
<MEAN> 6
 6.909982e+01 -6.964693e+02 -5.960961e+02 -2.546592e+00 -5.312683e+00 -2.379471e+02
<VARIANCE> 6
 3.185104e+01 2.913088e+04 1.387160e+04 2.998198e+02 4.022584e+04 5.158639e+07
<GCONST> 6.836970e+01
<STATE> 7
<NUMMIXES> 13
<MIXTURE> 1 6.290694e-03
<MEAN> 6
 4.381255e+00 -3.784285e+02 2.560664e+02 4.408294e+01 -5.435327e+02 2.980141e+03
<VARIANCE> 6
 9.316920e+03 6.845083e+05 2.040330e+06 1.258238e+06 6.854957e+08 9.939401e+11
<GCONST> 1.101478e+02
<MIXTURE> 2 1.179125e-01
<MEAN> 6
 7.331729e+00 9.945757e+01 2.774437e+01 1.316744e+02 1.889139e+02 -3.518687e+03
<VARIANCE> 6
 5.807072e+02 1.848769e+05 4.006464e+04 4.484661e+04 1.786015e+05 8.360854e+07
<GCONST> 8.116277e+01
<MIXTURE> 3 7.139501e-02
<MEAN> 6
 9.809667e+01 3.336392e+01 2.786939e+01 5.136834e+01 -1.100132e+03 -1.165332e+03
<VARIANCE> 6
 6.345867e+02 9.066711e+05 2.667290e+05 3.108735e+04 3.196718e+06 1.966165e+09
<GCONST> 9.041330e+01
<MIXTURE> 4 8.568204e-02
<MEAN> 6
 9.412763e+01 -1.335565e+02 3.525594e+01 -4.937768e+00 -4.121358e+01 -1.795887e+02
<VARIANCE> 6
 1.853943e+02 1.039885e+05 8.627655e+04 2.998198e+02 4.022584e+04 5.158639e+07
<GCONST> 7.323132e+01
<MIXTURE> 5 8.643831e-02
<MEAN> 6
 -3.655427e+01 -5.154552e+01 -2.591112e+01 -1.467470e+02 1.396574e+03 4.175994e+03
<VARIANCE> 6
 8.472678e+02 3.424924e+05 3.747225e+05 5.177398e+04 1.568794e+06 1.089494e+09
<GCONST> 8.927666e+01
<MIXTURE> 6 6.271405e-02
<MEAN> 6
 5.522318e+01 1.332117e+02 1.521375e+02 1.137186e+02 -2.650752e+02 -2.417936e+02
<VARIANCE> 6
 6.357438e+02 1.743905e+05 2.481690e+05 3.207542e+04 1.438181e+05 5.158639e+07
<GCONST> 8.198389e+01
<MIXTURE> 7 6.905860e-02
<MEAN> 6
 -4.029608e+01 1.343250e+02 6.138477e+01 8.037677e+01 1.033367e+03 2.251384e+02
<VARIANCE> 6
 2.582821e+02 1.440389e+05 8.188688e+04 2.344665e+04 2.453205e+05 9.958078e+07
<GCONST> 8.066153e+01
<MIXTURE> 8 1.310955e-01
<MEAN> 6
 8.657253e+01 2.173031e+01 2.577528e+01 7.959637e+00 -7.415019e+02 -2.197980e+03
<VARIANCE> 6
 3.180830e+02 9.914217e+04 4.767034e+04 2.268821e+04 3.820209e+05 1.327718e+08
<GCONST> 8.065292e+01
<MIXTURE> 9 8.743907e-02
<MEAN> 6
 9.436098e+01 -6.428919e+01 -1.647540e+02 -4.839635e+00 -2.316896e+01 -2.202686e+02
<VARIANCE> 6
 4.070523e+02 7.944229e+05 1.777773e+05 2.998198e+02 4.022584e+04 5.158639e+07
<GCONST> 7.677408e+01
<MIXTURE> 10 8.149589e-02
<MEAN> 6
 -5.434568e+01 4.560093e+01 8.024454e-02 8.051326e+00 2.075533e+02 4.802907e+02
<VARIANCE> 6
 2.212475e+02 2.334023e+05 1.135843e+05 8.240962e+02 8.155641e+04 5.158639e+07
<GCONST> 7.620947e+01
<MIXTURE> 11 7.141970e-02
<MEAN> 6
 4.061407e+01 4.320614e+00 6.177545e+01 -2.956357e+02 -7.583495e+02 9.468568e+03
<VARIANCE> 6
 8.687150e+02 9.557123e+04 1.077923e+05 1.122190e+04 7.414230e+05 2.711742e+08
<GCONST> 8.311009e+01
<MIXTURE> 12 5.862016e-02
<MEAN> 6
 6.042628e+01 -1.861976e+02 1.036273e+02 -4.579351e+00 -6.274368e+02 -1.269705e+03
<VARIANCE> 6
 8.122768e+02 3.584090e+05 5.033800e+05 5.093678e+04 2.568290e+05 7.730647e+07
<GCONST> 8.510342e+01
<MIXTURE> 13 6.950045e-02
<MEAN> 6
 -4.708282e+01 -9.746838e+00 -4.898423e+01 2.183491e+01 8.837003e+02 -2.618650e+03
<VARIANCE> 6
 2.856540e+02 1.320332e+05 8.571505e+04 2.046345e+04 2.306345e+05 1.086244e+08
<GCONST> 8.061003e+01
<TRANSP> 8
 0.000000e+00 1.000000e+00 0.000000e+00 0.000000e+00 0.000000e+00 0.000000e+00 0.000000e+00 0.000000e+00
 0.000000e+00 9.998048e-01 1.952293e-04 0.000000e+00 0.000000e+00 0.000000e+00 0.000000e+00 0.000000e+00
 0.000000e+00 0.000000e+00 9.989254e-01 1.074663e-03 0.000000e+00 0.000000e+00 0.000000e+00 0.000000e+00
 0.000000e+00 0.000000e+00 0.000000e+00 9.993243e-01 6.757011e-04 0.000000e+00 0.000000e+00 0.000000e+00
 0.000000e+00 0.000000e+00 0.000000e+00 0.000000e+00 9.977059e-01 2.294157e-03 0.000000e+00 0.000000e+00
 0.000000e+00 0.000000e+00 0.000000e+00 0.000000e+00 0.000000e+00 9.988124e-01 1.187562e-03 0.000000e+00
 0.000000e+00 0.000000e+00 0.000000e+00 0.000000e+00 0.000000e+00 0.000000e+00 9.999443e-01 5.575049e-05
 0.000000e+00 0.000000e+00 0.000000e+00 0.000000e+00 0.000000e+00 0.000000e+00 0.000000e+00 0.000000e+00
<ENDHMM>
~h "SegundoESO"
<BEGINHMM>
<NUMSTATES> 8
<STATE> 2
<NUMMIXES> 13
<MIXTURE> 1 1.178627e-01
<MEAN> 6
 -5.223270e+01 9.290164e+02 3.705851e+03 9.208376e+01 7.357443e+02 -2.566737e+03
<VARIANCE> 6
 5.893196e+02 6.794021e+05 1.709108e+06 2.586318e+04 3.564278e+05 9.092297e+07
<GCONST> 8.645667e+01
<MIXTURE> 2 9.759202e-02
<MEAN> 6
 6.230952e+01 2.013370e+03 -7.984764e+02 2.036399e-01 -3.372011e+00 -1.046876e+02
<VARIANCE> 6
 3.185104e+01 9.206182e+05 2.628239e+05 2.998198e+02 4.022584e+04 5.158639e+07
<GCONST> 7.476459e+01
<MIXTURE> 3 7.804915e-02
<MEAN> 6
 5.659829e+01 4.630490e+02 -3.575874e+03 1.209719e+00 1.973698e+00 -8.911246e+01
<VARIANCE> 6
 3.185104e+01 6.757010e+04 1.782096e+06 2.998198e+02 4.022584e+04 5.158639e+07
<GCONST> 7.406677e+01
<MIXTURE> 4 9.099228e-02
<MEAN> 6
 6.918613e+01 9.389818e+02 -8.574457e+02 4.561110e-01 -3.236837e+00 -8.402029e+01
<VARIANCE> 6
 3.185104e+01 2.112719e+05 3.089470e+06 2.998198e+02 4.022584e+04 5.158639e+07
<GCONST> 7.575696e+01
<MIXTURE> 5 1.097954e-01
<MEAN> 6
 7.497926e+01 -4.871853e+01 -5.738436e+03 -6.034360e-01 -5.343098e+00 -7.569657e+01
<VARIANCE> 6
 3.185104e+01 1.314366e+05 8.137370e+06 2.998198e+02 4.022584e+04 5.158639e+07
<GCONST> 7.625081e+01
<MIXTURE> 6 6.311668e-02
<MEAN> 6
 8.802581e+01 -4.226846e+03 7.048938e+03 -1.135609e+00 -1.081308e+01 -2.513171e+01
<VARIANCE> 6
 6.900815e+01 1.962294e+06 3.003784e+07 2.998198e+02 4.022584e+04 5.158639e+07
<GCONST> 8.103329e+01
<MIXTURE> 7 2.582645e-02
<MEAN> 6
 7.175271e+01 1.320454e+04 -1.200047e+03 -8.294966e-01 -7.438558e+00 -1.967967e+02
<VARIANCE> 6
 3.185104e+01 1.195217e+04 1.387160e+04 2.998198e+02 4.022584e+04 5.158639e+07
<GCONST> 6.747881e+01
<MIXTURE> 8 2.301358e-02
<MEAN> 6
 6.371552e+01 -9.225813e+02 4.998366e+03 2.645916e+01 -7.567505e+02 -1.823728e+03
<VARIANCE> 6
 7.624325e+02 1.366784e+07 5.610659e+07 5.298149e+04 9.261147e+05 4.013450e+08
<GCONST> 9.636388e+01
<MIXTURE> 9 7.924595e-02
<MEAN> 6
 -2.451661e+01 -6.587802e+01 1.960094e+03 -1.690771e+02 6.192085e+02 4.801887e+03
<VARIANCE> 6
 9.569605e+02 1.242993e+06 5.486013e+06 4.092129e+04 6.279234e+05 1.802287e+08
<GCONST> 9.042108e+01
<MIXTURE> 10 7.847620e-02
<MEAN> 6
 8.799165e+01 -2.412852e+02 1.998576e+03 -4.167760e+00 -5.828896e+01 -3.853854e+01
<VARIANCE> 6
 1.220601e+02 3.114323e+06 2.748326e+06 2.998198e+02 4.022584e+04 5.158639e+07
<GCONST> 7.967402e+01
<MIXTURE> 11 7.180134e-02
<MEAN> 6
 7.294059e+01 5.077789e+01 3.285827e+03 5.993724e+01 -6.553467e+02 7.665315e+02
<VARIANCE> 6
 5.724532e+02 8.962896e+05 3.542301e+06 3.173620e+04 1.854415e+05 5.839057e+07
<GCONST> 8.654187e+01
<MIXTURE> 12 9.285102e-02
<MEAN> 6
 7.511520e+01 -2.825485e+03 2.598014e+03 -2.665888e-01 -1.239958e+01 -1.519814e+02
<VARIANCE> 6
 6.218970e+01 2.640479e+06 2.728027e+06 2.998198e+02 4.022584e+04 5.158639e+07
<GCONST> 7.882722e+01
<MIXTURE> 13 7.132156e-02
<MEAN> 6
 6.956462e+01 -2.625396e+02 2.187100e+03 -2.317202e+01 -8.663037e+02 -1.298617e+03
<VARIANCE> 6
 6.315499e+02 8.147766e+05 3.904843e+06 4.511748e+04 1.920075e+05 5.609871e+07
<GCONST> 8.698877e+01
<STATE> 3
<NUMMIXES> 13
<MIXTURE> 1 1.086376e-02
<MEAN> 6
 7.890839e+01 2.254313e+03 1.114877e+03 5.603818e-02 7.604435e+00 -5.178845e+01
<VARIANCE> 6
 3.185104e+01 7.423126e+04 5.900902e+04 2.998198e+02 4.022584e+04 5.158639e+07
<GCONST> 7.075294e+01
<MIXTURE> 2 6.463011e-02
<MEAN> 6
 7.235283e+01 2.125928e+02 3.108611e+02 -4.821296e-01 -4.268837e-01 -3.617395e+01
<VARIANCE> 6
 3.185104e+01 1.920495e+05 1.387160e+04 2.998198e+02 4.022584e+04 5.158639e+07
<GCONST> 7.025565e+01
<MIXTURE> 3 9.183931e-02
<MEAN> 6
 7.425676e+01 5.450734e+02 5.011431e+02 -3.821671e-01 -2.445516e+00 -4.278392e+01
<VARIANCE> 6
 3.185104e+01 2.889800e+04 2.240840e+05 2.998198e+02 4.022584e+04 5.158639e+07
<GCONST> 7.114385e+01
<MIXTURE> 4 4.965365e-02
<MEAN> 6
 6.763036e+01 -2.085564e+03 -1.891910e+02 1.470713e-01 -4.381859e+00 -9.324958e+01
<VARIANCE> 6
 3.185104e+01 1.262964e+05 1.415558e+05 2.998198e+02 4.022584e+04 5.158639e+07
<GCONST> 7.215939e+01
<MIXTURE> 5 6.378796e-02
<MEAN> 6
 8.643282e+01 -1.174724e+03 2.546068e+02 -1.599886e+00 -1.796929e+00 -8.896967e+01
<VARIANCE> 6
 3.185104e+01 3.446265e+05 6.394922e+04 2.998198e+02 4.022584e+04 5.158639e+07
<GCONST> 7.236861e+01
<MIXTURE> 6 1.102292e-01
<MEAN> 6
 6.622416e+01 -1.891138e+02 5.163012e+02 -9.907317e-01 -2.523857e+00 -8.644588e+01
<VARIANCE> 6
 7.638845e+01 6.582538e+04 4.472889e+05 2.998198e+02 4.022584e+04 5.158639e+07
<GCONST> 7.353303e+01
<MIXTURE> 7 7.598648e-02
<MEAN> 6
 7.120640e+01 7.051138e+02 -3.654381e+02 -2.909542e-01 -5.836030e+00 -1.217599e+02
<VARIANCE> 6
 3.185104e+01 1.768791e+05 1.210550e+05 2.998198e+02 4.022584e+04 5.158639e+07
<GCONST> 7.233977e+01
<MIXTURE> 8 8.974391e-02
<MEAN> 6
 6.279366e+01 -3.969357e+02 7.160452e+01 -1.569514e-01 -2.278199e+00 -1.069889e+02
<VARIANCE> 6
 3.185104e+01 1.209962e+05 4.888644e+04 2.998198e+02 4.022584e+04 5.158639e+07
<GCONST> 7.105331e+01
<MIXTURE> 9 1.122103e-01
<MEAN> 6
 7.216237e+01 2.061004e+02 -4.754450e+02 -6.675980e-01 -5.065262e+00 -1.302890e+02
<VARIANCE> 6
 3.185104e+01 5.191821e+04 6.212988e+04 2.998198e+02 4.022584e+04 5.158639e+07
<GCONST> 7.044695e+01
<MIXTURE> 10 1.175074e-01
<MEAN> 6
 6.941564e+01 3.579449e+02 9.174030e+01 -6.119227e-01 -3.920272e+00 -1.061684e+02
<VARIANCE> 6
 3.185104e+01 7.920320e+05 1.387160e+04 2.998198e+02 4.022584e+04 5.158639e+07
<GCONST> 7.167250e+01
<MIXTURE> 11 7.784801e-02
<MEAN> 6
 6.184121e+01 -5.035058e+02 -4.135073e+02 1.012415e-01 -1.955046e+00 -1.105355e+02
<VARIANCE> 6
 3.185104e+01 6.450184e+04 1.118601e+05 2.998198e+02 4.022584e+04 5.158639e+07
<GCONST> 7.125200e+01
<MIXTURE> 12 7.071510e-02
<MEAN> 6
 8.281389e+01 -7.925397e+02 1.206761e+01 -1.236781e+00 -4.470795e+00 -8.921619e+01
<VARIANCE> 6
 3.185104e+01 1.246305e+05 5.536184e+04 2.998198e+02 4.022584e+04 5.158639e+07
<GCONST> 7.120731e+01
<MIXTURE> 13 6.480042e-02
<MEAN> 6
 6.984451e+01 1.896006e+01 2.707525e+02 -7.808354e-01 -1.006009e+01 -1.794753e+02
<VARIANCE> 6
 3.185104e+01 1.689333e+05 1.387160e+04 2.998198e+02 4.022584e+04 5.158639e+07
<GCONST> 7.012740e+01
<STATE> 4
<NUMMIXES> 13
<MIXTURE> 1 1.112297e-01
<MEAN> 6
 4.254777e+01 1.107737e+02 -9.802983e+02 -4.312829e-01 -3.980061e+02 -1.577570e+01
<VARIANCE> 6
 2.397481e+03 1.575000e+07 4.241866e+06 3.178458e+04 8.401474e+05 3.212992e+08
<GCONST> 9.423826e+01
<MIXTURE> 2 5.984674e-02
<MEAN> 6
 -4.858116e+01 1.448300e+02 1.197186e+02 -1.491308e+02 1.484818e+03 3.525951e+03
<VARIANCE> 6
 2.015131e+02 1.005418e+06 1.089084e+06 1.492762e+04 6.509107e+05 5.817125e+08
<GCONST> 8.723346e+01
<MIXTURE> 3 8.134135e-02
<MEAN> 6
 8.094643e+01 -2.047320e+02 3.753063e+02 -5.458275e+00 -7.094510e+01 -2.658272e+02
<VARIANCE> 6
 1.135207e+02 6.736912e+05 7.928087e+05 2.998198e+02 4.022584e+04 5.158639e+07
<GCONST> 7.682732e+01
<MIXTURE> 4 1.060025e-01
<MEAN> 6
 4.281218e+01 1.514679e+02 -9.247932e+01 1.955025e+02 -3.782804e+02 -1.330662e+03
<VARIANCE> 6
 3.284898e+02 9.672204e+05 4.691864e+05 4.360099e+03 1.009790e+05 5.158639e+07
<GCONST> 8.132439e+01
<MIXTURE> 5 6.830896e-02
<MEAN> 6
 -3.409305e+01 8.499066e+01 2.783687e+01 1.438038e+02 7.779971e+02 -3.200102e+03
<VARIANCE> 6
 2.000797e+02 4.428271e+05 1.517611e+05 1.110966e+04 2.120596e+05 5.870566e+07
<GCONST> 8.072522e+01
<MIXTURE> 6 6.559061e-02
<MEAN> 6
 -1.796195e+00 2.271260e+02 1.269895e+02 -2.402232e+02 1.041254e+02 5.089888e+03
<VARIANCE> 6
 5.262342e+02 7.966504e+05 3.986652e+05 6.239184e+03 2.100017e+05 1.506227e+08
<GCONST> 8.360081e+01
<MIXTURE> 7 7.504993e-02
<MEAN> 6
 -5.889394e+01 -1.397285e+01 1.011672e+02 1.150233e+01 1.691937e+02 -1.985819e+02
<VARIANCE> 6
 9.896944e+01 4.569558e+05 8.725311e+05 4.919469e+02 5.681050e+04 5.158639e+07
<GCONST> 7.723818e+01
<MIXTURE> 8 5.689433e-02
<MEAN> 6
 7.912786e+01 5.844790e+01 2.159836e+02 4.218933e+01 -4.885047e+02 5.416285e+02
<VARIANCE> 6
 1.730409e+02 1.034850e+06 1.154426e+06 8.467348e+03 1.500430e+05 6.968054e+07
<GCONST> 8.301175e+01
<MIXTURE> 9 6.614179e-02
<MEAN> 6
 -1.557595e+00 3.405257e+01 -3.993934e+00 2.213790e+02 1.104546e+02 -4.985572e+03
<VARIANCE> 6
 1.728893e+02 6.682439e+05 5.096850e+05 6.960544e+03 8.904977e+04 5.816115e+07
<GCONST> 8.085757e+01
<MIXTURE> 10 9.203732e-02
<MEAN> 6
 6.711049e+01 6.673307e+01 6.765805e+01 -1.176588e+02 -8.529576e+02 1.312754e+03
<VARIANCE> 6
 2.549579e+02 6.150813e+05 1.925079e+05 1.293443e+04 2.156805e+05 7.819373e+07
<GCONST> 8.198966e+01
<MIXTURE> 11 9.490447e-02
<MEAN> 6
 -4.920873e+01 9.590445e+00 1.284372e+02 3.372747e+01 7.311075e+02 3.675452e+02
<VARIANCE> 6
 1.577975e+02 8.616874e+05 5.481383e+05 9.061879e+03 1.430891e+05 5.158639e+07
<GCONST> 8.171133e+01
<MIXTURE> 12 6.545029e-02
<MEAN> 6
 1.300911e+01 2.526890e+01 -1.380713e+02 -2.303448e+02 -9.334099e+01 2.309191e+03
<VARIANCE> 6
 5.464317e+02 8.912211e+05 6.699521e+05 4.940296e+03 1.722474e+05 6.584438e+07
<GCONST> 8.301065e+01
<MIXTURE> 13 5.661592e-02
<MEAN> 6
 7.497314e+01 -3.117469e+02 -1.309722e+02 6.306049e+00 -6.230311e+02 -2.504482e+03
<VARIANCE> 6
 1.524370e+02 1.019394e+06 1.246678e+06 1.041626e+04 1.535248e+05 6.602538e+07
<GCONST> 8.312302e+01
<STATE> 5
<NUMMIXES> 13
<MIXTURE> 1 6.335488e-02
<MEAN> 6
 9.957518e+01 3.872177e+02 -3.333735e+02 -5.089443e+00 1.041254e+01 1.014154e+02
<VARIANCE> 6
 5.671711e+01 6.529934e+04 5.631295e+04 2.998198e+02 4.022584e+04 5.158639e+07
<GCONST> 7.115497e+01
<MIXTURE> 2 6.771392e-02
<MEAN> 6
 9.630648e+01 -8.927635e+02 -7.828497e+03 -5.551936e+00 5.162690e+00 1.003978e+02
<VARIANCE> 6
 1.624689e+02 7.063823e+04 4.476646e+06 2.998198e+02 4.022584e+04 5.158639e+07
<GCONST> 7.666167e+01
<MIXTURE> 3 8.164413e-02
<MEAN> 6
 8.945277e+01 2.013779e+02 -1.451014e+02 -3.442111e+00 -2.318467e+00 7.838725e+01
<VARIANCE> 6
 3.185104e+01 4.054562e+04 3.498591e+06 2.998198e+02 4.022584e+04 5.158639e+07
<GCONST> 7.423060e+01
<MIXTURE> 4 4.723631e-02
<MEAN> 6
 7.555365e+01 -5.888936e+02 2.908956e+03 -3.208694e+00 -3.686921e+00 3.248235e+01
<VARIANCE> 6
 7.889189e+01 8.337313e+04 1.619421e+05 2.998198e+02 4.022584e+04 5.158639e+07
<GCONST> 7.278563e+01
<MIXTURE> 5 1.186300e-01
<MEAN> 6
 9.440018e+01 1.457321e+03 -1.221640e+03 -5.311026e+00 -4.621839e+00 2.336786e+02
<VARIANCE> 6
 1.533510e+02 4.029676e+05 1.080993e+05 2.998198e+02 4.022584e+04 5.158639e+07
<GCONST> 7.462162e+01
<MIXTURE> 6 1.117971e-01
<MEAN> 6
 9.555896e+01 -3.334755e+02 -7.617936e+02 -4.841742e+00 -5.761695e+00 9.152935e+01
<VARIANCE> 6
 3.198151e+01 6.033399e+04 8.262201e+05 2.998198e+02 4.022584e+04 5.158639e+07
<GCONST> 7.318890e+01
<MIXTURE> 7 6.199455e-02
<MEAN> 6
 7.369980e+01 3.646812e+02 -2.928326e+03 -1.808298e+00 -5.588661e+00 1.461293e+02
<VARIANCE> 6
 3.185104e+01 1.773616e+05 1.580748e+06 2.998198e+02 4.022584e+04 5.158639e+07
<GCONST> 7.491190e+01
<MIXTURE> 8 8.691307e-02
<MEAN> 6
 8.834130e+01 -5.415153e+03 3.749349e+01 -6.885168e+00 9.237520e+00 9.835904e+01
<VARIANCE> 6
 6.831886e+01 5.877998e+06 1.376238e+06 2.998198e+02 4.022584e+04 5.158639e+07
<GCONST> 7.903725e+01
<MIXTURE> 9 9.051512e-02
<MEAN> 6
 8.796922e+01 -7.405366e+02 1.049658e+02 -4.269384e+00 -1.961973e+01 2.744429e+02
<VARIANCE> 6
 3.185104e+01 8.607113e+04 1.017991e+06 2.998198e+02 4.022584e+04 5.158639e+07
<GCONST> 7.374882e+01
<MIXTURE> 10 7.706879e-02
<MEAN> 6
 9.025103e+01 2.968946e+02 -1.290718e+03 -3.162324e+00 -1.248485e+00 6.432575e+01
<VARIANCE> 6
 3.185104e+01 6.349060e+04 3.340795e+06 2.998198e+02 4.022584e+04 5.158639e+07
<GCONST> 7.463291e+01
<MIXTURE> 11 6.071270e-02
<MEAN> 6
 7.780441e+01 -1.104196e+03 9.056697e+02 -3.825887e+00 2.879042e+00 4.433144e+01
<VARIANCE> 6
 3.185104e+01 1.006895e+05 1.528085e+05 2.998198e+02 4.022584e+04 5.158639e+07
<GCONST> 7.200928e+01
<MIXTURE> 12 6.863637e-02
<MEAN> 6
 8.203313e+01 -7.344432e+02 -1.161064e+03 -3.472641e+00 -2.038811e+00 1.304035e+02
<VARIANCE> 6
 3.894064e+01 1.046998e+05 6.437824e+05 2.998198e+02 4.022584e+04 5.158639e+07
<GCONST> 7.368748e+01
<MIXTURE> 13 6.372921e-02
<MEAN> 6
 9.726896e+01 2.981523e+02 -3.923680e+02 -5.147623e+00 1.699753e-01 3.861926e+01
<VARIANCE> 6
 5.893506e+01 4.970823e+04 4.967936e+04 2.998198e+02 4.022584e+04 5.158639e+07
<GCONST> 7.079519e+01
<STATE> 6
<NUMMIXES> 13
<MIXTURE> 1 6.574897e-02
<MEAN> 6
 7.587218e+01 4.589877e+02 5.838294e+02 -4.036124e+00 -5.088425e+00 6.791436e+01
<VARIANCE> 6
 3.185104e+01 4.836530e+04 2.129866e+04 2.998198e+02 4.022584e+04 5.158639e+07
<GCONST> 6.930549e+01
<MIXTURE> 2 1.086090e-01
<MEAN> 6
 5.950072e+01 4.774904e+02 1.079701e+02 -1.889456e-01 3.028288e-02 -1.219437e+02
<VARIANCE> 6
 3.185104e+01 1.195217e+04 1.387160e+04 2.998198e+02 4.022584e+04 5.158639e+07
<GCONST> 6.747881e+01
<MIXTURE> 3 8.627459e-02
<MEAN> 6
 6.385823e+01 3.552305e+02 -1.734272e+02 6.284828e-01 -7.317130e+00 -1.153734e+02
<VARIANCE> 6
 3.185104e+01 1.195217e+04 1.387160e+04 2.998198e+02 4.022584e+04 5.158639e+07
<GCONST> 6.747881e+01
<MIXTURE> 4 3.926199e-02
<MEAN> 6
 6.119711e+01 2.100015e+03 7.788784e+02 -1.313593e+00 7.074282e+00 3.378975e+01
<VARIANCE> 6
 3.185104e+01 3.367363e+05 5.504711e+05 2.998198e+02 4.022584e+04 5.158639e+07
<GCONST> 7.449813e+01
<MIXTURE> 5 8.694451e-02
<MEAN> 6
 7.505744e+01 9.969071e+02 -2.489999e+02 -2.761978e+00 -3.411646e+00 1.081904e+02
<VARIANCE> 6
 3.185104e+01 2.277768e+05 1.054251e+05 2.998198e+02 4.022584e+04 5.158639e+07
<GCONST> 7.245443e+01
<MIXTURE> 6 1.087524e-01
<MEAN> 6
 5.929386e+01 2.109011e+01 -1.009857e+02 3.031248e-02 -4.066213e+00 -1.631465e+02
<VARIANCE> 6
 3.185104e+01 1.195217e+04 1.387160e+04 2.998198e+02 4.022584e+04 5.158639e+07
<GCONST> 6.747881e+01
<MIXTURE> 7 9.157737e-02
<MEAN> 6
 7.173032e+01 -1.137730e+03 -1.291878e+02 -2.986083e+00 1.638323e+00 2.540939e+01
<VARIANCE> 6
 7.410935e+01 3.873151e+05 1.387160e+04 2.998198e+02 4.022584e+04 5.158639e+07
<GCONST> 7.180161e+01
<MIXTURE> 8 7.715378e-02
<MEAN> 6
 7.903588e+01 6.838812e+01 2.874430e+01 -1.106559e+00 -1.908928e+00 6.123560e+01
<VARIANCE> 6
 3.185104e+01 2.288304e+05 3.610785e+04 2.998198e+02 4.022584e+04 5.158639e+07
<GCONST> 7.138755e+01
<MIXTURE> 9 7.861374e-02
<MEAN> 6
 6.049510e+01 5.816052e+01 -4.791515e+01 -1.393831e-01 -4.535304e+00 -1.609892e+02
<VARIANCE> 6
 3.185104e+01 1.195217e+04 1.387160e+04 2.998198e+02 4.022584e+04 5.158639e+07
<GCONST> 6.747881e+01
<MIXTURE> 10 4.776870e-02
<MEAN> 6
 5.511889e+01 8.129488e+02 -3.423836e+00 1.259148e+00 4.598715e+00 -1.025758e+02
<VARIANCE> 6
 3.185104e+01 1.408101e+04 1.387160e+04 2.998198e+02 4.022584e+04 5.158639e+07
<GCONST> 6.764273e+01
<MIXTURE> 11 4.724328e-02
<MEAN> 6
 5.672401e+01 7.769970e+01 -3.081932e+02 3.506415e-01 -1.884625e+00 -2.774552e+01
<VARIANCE> 6
 3.185104e+01 1.195217e+04 3.163987e+04 2.998198e+02 4.022584e+04 5.158639e+07
<GCONST> 6.830339e+01
<MIXTURE> 12 8.453926e-02
<MEAN> 6
 7.504523e+01 9.049308e+02 -3.688189e+02 -2.236747e+00 -6.322882e+00 1.165733e+02
<VARIANCE> 6
 3.185104e+01 2.168577e+05 8.962850e+04 2.998198e+02 4.022584e+04 5.158639e+07
<GCONST> 7.224297e+01
<MIXTURE> 13 7.743803e-02
<MEAN> 6
 7.714098e+01 -1.369696e+02 -4.670466e+01 -1.899947e+00 -9.339565e+00 -5.886487e+01
<VARIANCE> 6
 3.185104e+01 2.295893e+05 3.183976e+04 2.998198e+02 4.022584e+04 5.158639e+07
<GCONST> 7.126507e+01
<STATE> 7
<NUMMIXES> 13
<MIXTURE> 1 4.795659e-02
<MEAN> 6
 -4.181332e+01 5.061770e+01 2.002861e+01 -4.585396e+01 1.182415e+03 6.673411e+02
<VARIANCE> 6
 2.132818e+02 1.073100e+05 3.110436e+05 2.394641e+04 4.628708e+05 3.490995e+08
<GCONST> 8.342068e+01
<MIXTURE> 2 5.729830e-02
<MEAN> 6
 7.873357e+01 -3.643842e+02 -4.962206e+01 2.279233e+01 -8.522444e+02 -1.990504e+03
<VARIANCE> 6
 1.686618e+02 8.195646e+05 1.260385e+05 1.039580e+04 5.834228e+05 2.777721e+08
<GCONST> 8.348417e+01
<MIXTURE> 3 6.892642e-02
<MEAN> 6
 1.853624e+01 5.996330e+01 6.163611e+01 2.084395e+02 -2.098354e+02 -2.875318e+03
<VARIANCE> 6
 4.578081e+02 7.275436e+04 8.592734e+04 2.903038e+03 1.321219e+05 6.461535e+07
<GCONST> 7.745877e+01
<MIXTURE> 4 1.139446e-01
<MEAN> 6
 7.254482e+01 -2.038879e+02 2.360075e+01 -6.159252e+00 -3.764374e+01 1.258587e+02
<VARIANCE> 6
 1.038801e+02 2.523758e+05 7.736607e+04 2.998198e+02 4.022584e+04 5.158639e+07
<GCONST> 7.342970e+01
<MIXTURE> 5 9.431922e-02
<MEAN> 6
 -1.881838e+01 -4.303646e+01 2.003766e+01 2.613779e+01 2.066959e+02 -2.817040e+03
<VARIANCE> 6
 1.151378e+02 5.758916e+04 1.956825e+04 2.181198e+04 1.047556e+05 7.657530e+07
<GCONST> 7.631953e+01
<MIXTURE> 6 6.697620e-02
<MEAN> 6
 9.557963e+00 5.107660e+00 1.094389e+02 -1.728182e+02 1.036694e+02 2.157896e+03
<VARIANCE> 6
 5.808600e+02 2.836276e+05 1.046639e+05 3.460558e+03 1.795555e+05 8.708482e+07
<GCONST> 8.003551e+01
<MIXTURE> 7 6.248299e-02
<MEAN> 6
 6.139019e+01 2.459367e+01 3.093569e+01 6.134689e+01 -2.576397e+02 4.454670e+02
<VARIANCE> 6
 1.016163e+02 1.004725e+05 5.423539e+04 6.817515e+03 5.747765e+04 5.158639e+07
<GCONST> 7.561237e+01
<MIXTURE> 8 8.995503e-02
<MEAN> 6
 -4.559100e+01 2.276604e+01 -1.485058e+01 3.161145e+01 8.255101e+02 -5.261469e+02
<VARIANCE> 6
 1.029375e+02 6.136902e+04 3.258983e+04 1.052226e+04 1.355578e+05 5.392772e+07
<GCONST> 7.595936e+01
<MIXTURE> 9 9.218886e-02
<MEAN> 6
 6.420374e+01 -5.831457e+00 1.711716e+01 -8.775247e+01 -7.273751e+02 4.676903e+02
<VARIANCE> 6
 2.249496e+02 1.219381e+05 1.454757e+04 1.015307e+04 1.654314e+05 5.158639e+07
<GCONST> 7.674020e+01
<MIXTURE> 10 9.268493e-02
<MEAN> 6
 2.054901e+01 -8.392388e+01 -3.402900e+01 1.315783e+02 -1.006833e+01 -2.065135e+02
<VARIANCE> 6
 4.403964e+02 1.765665e+05 6.874339e+04 1.311593e+03 4.354994e+04 5.158639e+07
<GCONST> 7.595396e+01
<MIXTURE> 11 7.437000e-02
<MEAN> 6
 -3.791972e+01 8.618440e+01 -5.563602e+01 8.379992e+00 2.574572e+02 4.823563e+01
<VARIANCE> 6
 1.475587e+02 1.178164e+05 1.104188e+05 2.276251e+03 4.841176e+04 5.158639e+07
<GCONST> 7.558696e+01
<MIXTURE> 12 7.625459e-02
<MEAN> 6
 1.253283e+01 5.051702e+01 6.896910e+01 -2.154957e+02 -3.290786e+01 6.223144e+03
<VARIANCE> 6
 5.500408e+02 7.336053e+04 3.351285e+04 4.160304e+03 2.867708e+05 1.813716e+08
<GCONST> 7.887592e+01
<MIXTURE> 13 6.241523e-02
<MEAN> 6
 5.827257e+01 -1.009824e+02 -6.017232e+01 3.454261e+01 -3.422925e+02 -1.262321e+03
<VARIANCE> 6
 9.867892e+01 9.604866e+04 5.987468e+04 8.517281e+03 5.512561e+04 5.158639e+07
<GCONST> 7.581774e+01
<TRANSP> 8
 0.000000e+00 1.000000e+00 0.000000e+00 0.000000e+00 0.000000e+00 0.000000e+00 0.000000e+00 0.000000e+00
 0.000000e+00 9.994919e-01 5.081044e-04 0.000000e+00 0.000000e+00 0.000000e+00 0.000000e+00 0.000000e+00
 0.000000e+00 0.000000e+00 9.996629e-01 3.371451e-04 0.000000e+00 0.000000e+00 0.000000e+00 0.000000e+00
 0.000000e+00 0.000000e+00 0.000000e+00 9.999263e-01 7.373023e-05 0.000000e+00 0.000000e+00 0.000000e+00
 0.000000e+00 0.000000e+00 0.000000e+00 0.000000e+00 9.991956e-01 8.044096e-04 0.000000e+00 0.000000e+00
 0.000000e+00 0.000000e+00 0.000000e+00 0.000000e+00 0.000000e+00 9.992727e-01 7.272582e-04 0.000000e+00
 0.000000e+00 0.000000e+00 0.000000e+00 0.000000e+00 0.000000e+00 0.000000e+00 9.998404e-01 1.595349e-04
 0.000000e+00 0.000000e+00 0.000000e+00 0.000000e+00 0.000000e+00 0.000000e+00 0.000000e+00 0.000000e+00
<ENDHMM>
~h "QuintoPRIMARIA"
<BEGINHMM>
<NUMSTATES> 8
<STATE> 2
<NUMMIXES> 13
<MIXTURE> 1 6.501991e-02
<MEAN> 6
 8.921440e+01 3.159973e+02 1.238847e+03 -1.093841e+00 -1.496925e+01 1.033865e+02
<VARIANCE> 6
 9.621380e+01 2.726131e+05 3.729152e+06 2.998198e+02 4.022584e+04 5.158639e+07
<GCONST> 7.730555e+01
<MIXTURE> 2 6.257530e-02
<MEAN> 6
 4.301402e+01 2.683204e+02 2.620154e+02 -7.371814e+01 -4.922419e+02 2.294131e+03
<VARIANCE> 6
 9.066415e+02 2.691790e+06 5.010984e+06 4.208028e+04 4.077513e+05 9.774009e+07
<GCONST> 9.003344e+01
<MIXTURE> 3 8.764917e-02
<MEAN> 6
 -3.717463e+01 -3.233827e+02 1.652379e+02 1.935999e+02 6.616201e+02 -2.523276e+03
<VARIANCE> 6
 3.838917e+02 3.024709e+05 1.519323e+06 6.199174e+03 1.437954e+05 5.158639e+07
<GCONST> 8.219822e+01
<MIXTURE> 4 1.057092e-01
<MEAN> 6
 -6.748714e+01 -1.543597e+02 -8.493617e+01 9.179841e+00 2.634695e+02 2.186584e+02
<VARIANCE> 6
 1.061121e+02 2.332488e+05 2.288428e+06 1.310796e+03 9.778937e+04 5.158639e+07
<GCONST> 7.912273e+01
<MIXTURE> 5 1.001603e-01
<MEAN> 6
 7.798961e+01 8.741866e+01 -3.579362e+02 -3.374584e+01 -8.214000e+02 -1.391086e+03
<VARIANCE> 6
 2.953601e+02 3.361061e+05 1.989805e+06 2.067469e+04 3.222310e+05 1.475577e+08
<GCONST> 8.537360e+01
<MIXTURE> 6 5.446677e-02
<MEAN> 6
 3.246075e+01 -9.958778e+01 -2.333037e+03 -1.240978e+02 -3.986091e+02 6.586254e+03
<VARIANCE> 6
 2.826980e+03 1.104742e+06 1.334381e+07 6.105109e+04 2.788755e+06 1.329880e+09
<GCONST> 9.616484e+01
<MIXTURE> 7 5.072057e-02
<MEAN> 6
 5.919072e+01 -3.685773e+02 -4.298672e+02 2.444594e+00 -2.491022e+01 -8.252398e+01
<VARIANCE> 6
 8.176454e+01 1.463224e+05 1.416774e+06 2.998198e+02 4.022584e+04 5.158639e+07
<GCONST> 7.555278e+01
<MIXTURE> 8 9.770626e-02
<MEAN> 6
 4.261113e+01 -2.980103e+02 4.418299e+02 1.320505e+02 -4.252208e+02 -1.180218e+03
<VARIANCE> 6
 4.029493e+02 1.812171e+05 1.911985e+06 1.864841e+04 7.774046e+04 5.158639e+07
<GCONST> 8.245059e+01
<MIXTURE> 9 8.213664e-02
<MEAN> 6
 6.153590e+01 4.295627e+02 -5.020431e+02 6.271365e-01 -2.245767e+01 -1.164350e+02
<VARIANCE> 6
 7.000843e+01 1.707779e+05 7.918888e+06 2.998198e+02 4.022584e+04 5.158639e+07
<GCONST> 7.727297e+01
<MIXTURE> 10 8.559741e-02
<MEAN> 6
 -5.532069e+01 -3.210636e+02 -4.659394e+02 -1.088715e+02 1.220468e+03 1.126412e+03
<VARIANCE> 6
 2.635293e+02 3.332114e+05 2.889551e+06 1.960521e+04 6.507949e+05 3.900876e+08
<GCONST> 8.724596e+01
<MIXTURE> 11 8.950086e-02
<MEAN> 6
 7.836872e-02 -2.067909e+02 1.226701e+01 -6.872159e+01 -4.899860e+01 -1.104122e+03
<VARIANCE> 6
 5.442923e+02 1.550929e+05 3.497795e+06 4.937576e+04 1.597758e+05 9.500668e+07
<GCONST> 8.550438e+01
<MIXTURE> 12 5.267602e-02
<MEAN> 6
 5.790888e+01 -5.494049e+02 -2.103925e+02 2.087224e+00 -1.947899e+01 -7.197279e+01
<VARIANCE> 6
 8.899988e+01 2.304325e+05 9.805549e+05 2.998198e+02 4.022584e+04 5.158639e+07
<GCONST> 7.572370e+01
<MIXTURE> 13 6.571244e-02
<MEAN> 6
 8.608955e+01 1.114717e+02 6.944092e+02 -3.067257e+00 -6.474344e+01 -5.362089e+02
<VARIANCE> 6
 9.832511e+01 2.811619e+05 3.801619e+06 2.998198e+02 4.022584e+04 5.158639e+07
<GCONST> 7.737738e+01
<STATE> 3
<NUMMIXES> 13
<MIXTURE> 1 7.346692e-02
<MEAN> 6
 7.303430e+01 1.749746e+02 2.219761e+01 2.581015e-01 -4.169842e+00 -1.465045e+02
<VARIANCE> 6
 3.185104e+01 1.195217e+04 1.387160e+04 2.998198e+02 4.022584e+04 5.158639e+07
<GCONST> 6.747881e+01
<MIXTURE> 2 6.903405e-02
<MEAN> 6
 6.023341e+01 3.510956e+02 -2.583834e+02 2.737033e-02 6.561802e-02 -8.211778e+01
<VARIANCE> 6
 3.185104e+01 1.357198e+04 1.387160e+04 2.998198e+02 4.022584e+04 5.158639e+07
<GCONST> 6.760591e+01
<MIXTURE> 3 3.608158e-02
<MEAN> 6
 5.838737e+01 -2.383384e+02 8.750485e+02 -6.135719e-01 -9.664108e+00 -1.131761e+02
<VARIANCE> 6
 3.185104e+01 1.195217e+04 1.387160e+04 2.998198e+02 4.022584e+04 5.158639e+07
<GCONST> 6.747881e+01
<MIXTURE> 4 6.320415e-02
<MEAN> 6
 5.684807e+01 2.736730e+01 3.213027e+02 2.891452e-01 3.028606e+00 -8.029944e+01
<VARIANCE> 6
 3.185104e+01 1.195217e+04 2.424044e+04 2.998198e+02 4.022584e+04 5.158639e+07
<GCONST> 6.803699e+01
<MIXTURE> 5 8.492318e-02
<MEAN> 6
 5.783886e+01 -7.928345e+01 -3.255534e+01 1.286127e-01 -3.740589e+00 -1.301179e+02
<VARIANCE> 6
 3.185104e+01 3.074327e+04 1.387160e+04 2.998198e+02 4.022584e+04 5.158639e+07
<GCONST> 6.842357e+01
<MIXTURE> 6 1.231538e-01
<MEAN> 6
 6.317886e+01 -1.362290e+02 -2.636128e+02 -2.179797e-01 -3.862706e+00 -1.112608e+02
<VARIANCE> 6
 3.185104e+01 1.195217e+04 7.651560e+04 2.998198e+02 4.022584e+04 5.158639e+07
<GCONST> 6.918646e+01
<MIXTURE> 7 1.209462e-01
<MEAN> 6
 6.331904e+01 -1.908329e+02 -5.224789e+02 -4.834365e-01 -5.448493e+00 -1.074995e+02
<VARIANCE> 6
 3.185104e+01 1.254664e+04 2.871199e+04 2.998198e+02 4.022584e+04 5.158639e+07
<GCONST> 6.825483e+01
<MIXTURE> 8 8.608148e-02
<MEAN> 6
 6.478469e+01 -1.716937e+02 -2.437906e+02 -1.185649e-01 -5.044235e+00 -1.281650e+02
<VARIANCE> 6
 3.185104e+01 1.270488e+04 1.387160e+04 2.998198e+02 4.022584e+04 5.158639e+07
<GCONST> 6.753989e+01
<MIXTURE> 9 6.090470e-02
<MEAN> 6
 5.720864e+01 2.800824e+01 1.963476e+02 2.119947e-02 -4.432170e+00 -1.798395e+02
<VARIANCE> 6
 3.185104e+01 1.195217e+04 3.568096e+04 2.998198e+02 4.022584e+04 5.158639e+07
<GCONST> 6.842359e+01
<MIXTURE> 10 8.738483e-02
<MEAN> 6
 6.415054e+01 1.194881e+02 -4.699708e+02 -3.050510e-01 -4.047631e+00 -1.490886e+02
<VARIANCE> 6
 3.185104e+01 1.880239e+04 3.302259e+04 2.998198e+02 4.022584e+04 5.158639e+07
<GCONST> 6.879923e+01
<MIXTURE> 11 7.289841e-02
<MEAN> 6
 7.318080e+01 1.670152e+02 2.113230e+01 2.040402e-01 -4.731415e+00 -1.445728e+02
<VARIANCE> 6
 3.185104e+01 1.195217e+04 1.387160e+04 2.998198e+02 4.022584e+04 5.158639e+07
<GCONST> 6.747881e+01
<MIXTURE> 12 5.960525e-02
<MEAN> 6
 5.771524e+01 -4.146246e+00 1.278158e+02 -1.437317e-01 -6.642974e+00 -1.846251e+02
<VARIANCE> 6
 3.185104e+01 1.195217e+04 3.481867e+04 2.998198e+02 4.022584e+04 5.158639e+07
<GCONST> 6.839912e+01
<MIXTURE> 13 6.220919e-02
<MEAN> 6
 5.614478e+01 -3.966546e+00 2.715821e+02 -1.267606e+00 -1.355660e+01 -2.260731e+02
<VARIANCE> 6
 3.185104e+01 1.195217e+04 3.275960e+04 2.998198e+02 4.022584e+04 5.158639e+07
<GCONST> 6.833817e+01
<STATE> 4
<NUMMIXES> 13
<MIXTURE> 1 9.533492e-02
<MEAN> 6
 1.062999e+02 5.807859e+02 2.452301e+02 -5.352839e+00 -2.037480e+00 1.741386e+01
<VARIANCE> 6
 1.103818e+02 1.718496e+04 3.971006e+04 2.998198e+02 4.022584e+04 5.158639e+07
<GCONST> 7.013657e+01
<MIXTURE> 2 1.008884e-01
<MEAN> 6
 9.141859e+01 4.758663e+02 2.076940e+03 6.277588e-01 -3.327269e+00 -6.437349e+01
<VARIANCE> 6
 3.185104e+01 1.984015e+04 3.529779e+04 2.998198e+02 4.022584e+04 5.158639e+07
<GCONST> 6.891959e+01
<MIXTURE> 3 7.709633e-02
<MEAN> 6
 9.902332e+01 6.613674e+02 -1.863287e+03 7.418848e-01 1.259661e+00 3.552358e+01
<VARIANCE> 6
 3.185104e+01 1.195217e+04 1.387160e+04 2.998198e+02 4.022584e+04 5.158639e+07
<GCONST> 6.747881e+01
<MIXTURE> 4 9.716129e-02
<MEAN> 6
 9.635266e+01 1.375898e+02 3.338028e+03 -4.411364e+00 -2.196621e+00 -2.312655e+01
<VARIANCE> 6
 3.185104e+01 3.931156e+04 1.387160e+04 2.998198e+02 4.546771e+04 5.158639e+07
<GCONST> 6.879192e+01
<MIXTURE> 5 7.055610e-02
<MEAN> 6
 8.886594e+01 4.673152e+02 -1.328421e+03 -3.329551e-01 -6.221248e+00 -1.146746e+02
<VARIANCE> 6
 3.185104e+01 2.210928e+04 1.387160e+04 2.998198e+02 4.022584e+04 5.158639e+07
<GCONST> 6.809389e+01
<MIXTURE> 6 6.545268e-02
<MEAN> 6
 8.484542e+01 -4.279730e+02 1.434963e+03 -4.009913e+00 8.614186e-01 1.248932e+01
<VARIANCE> 6
 3.185104e+01 1.195217e+04 1.387160e+04 2.998198e+02 4.022584e+04 5.158639e+07
<GCONST> 6.747881e+01
<MIXTURE> 7 9.891474e-02
<MEAN> 6
 7.814655e+01 -7.316302e+02 3.131068e+03 -1.671613e+00 -8.151948e-01 -3.345633e+01
<VARIANCE> 6
 3.185104e+01 1.688549e+04 4.618692e+04 2.998198e+02 4.022584e+04 5.158639e+07
<GCONST> 6.902721e+01
<MIXTURE> 8 1.041036e-01
<MEAN> 6
 9.777850e+01 4.871991e+02 -6.626707e+02 -4.283640e+00 2.100196e+00 2.003728e+01
<VARIANCE> 6
 3.185104e+01 1.195217e+04 1.925506e+05 2.998198e+02 4.022584e+04 5.158639e+07
<GCONST> 7.010933e+01
<MIXTURE> 9 5.592258e-02
<MEAN> 6
 7.600597e+01 5.254413e+01 3.026900e+03 -5.552591e+00 4.329317e+01 6.941289e+02
<VARIANCE> 6
 4.344760e+02 3.442366e+04 1.236771e+05 2.998198e+02 4.022584e+04 5.158639e+07
<GCONST> 7.333755e+01
<MIXTURE> 10 4.313250e-02
<MEAN> 6
 1.039509e+02 4.486995e+02 -1.492771e+03 -7.169317e+00 1.494793e+01 6.985921e+01
<VARIANCE> 6
 3.185104e+01 1.195217e+04 2.176796e+05 2.998198e+02 4.022584e+04 5.158639e+07
<GCONST> 7.023199e+01
<MIXTURE> 11 6.774423e-02
<MEAN> 6
 9.115533e+01 7.479254e+02 -2.683513e+03 -3.489762e+00 2.857794e+00 1.304364e+01
<VARIANCE> 6
 3.185104e+01 1.195217e+04 9.878641e+04 2.998198e+02 4.022584e+04 5.158639e+07
<GCONST> 6.944193e+01
<MIXTURE> 12 6.779461e-02
<MEAN> 6
 8.935204e+01 4.170583e+02 -1.316856e+03 -1.434383e+00 -5.602583e+00 -7.823505e+01
<VARIANCE> 6
 3.185104e+01 3.112489e+04 1.387160e+04 2.998198e+02 4.022584e+04 5.158639e+07
<GCONST> 6.843591e+01
<MIXTURE> 13 5.589086e-02
<MEAN> 6
 7.004611e+01 -2.333062e+00 2.929374e+03 -7.481870e+00 -7.410656e+00 9.293860e+01
<VARIANCE> 6
 4.380479e+02 3.056182e+04 1.867570e+05 2.998198e+02 4.022584e+04 5.158639e+07
<GCONST> 7.363888e+01
<STATE> 5
<NUMMIXES> 13
<MIXTURE> 1 6.024208e-02
<MEAN> 6
 8.512639e+01 4.663835e+01 -1.996002e+02 5.357169e-01 -9.108606e+00 -2.489613e+01
<VARIANCE> 6
 3.185104e+01 1.195217e+04 1.387160e+04 2.998198e+02 4.022584e+04 5.158639e+07
<GCONST> 6.747881e+01
<MIXTURE> 2 8.606762e-02
<MEAN> 6
 9.852832e+01 -4.997921e+02 -5.426017e+02 -1.176409e+00 -2.460969e+00 -7.467195e+01
<VARIANCE> 6
 3.350532e+01 1.195217e+04 1.387160e+04 2.998198e+02 4.022584e+04 5.158639e+07
<GCONST> 6.752945e+01
<MIXTURE> 3 9.970511e-02
<MEAN> 6
 7.958273e+01 -1.324544e+02 4.036849e+02 -8.453465e-01 2.007073e+00 -9.426595e+01
<VARIANCE> 6
 3.185104e+01 5.838505e+04 1.387160e+04 2.998198e+02 4.022584e+04 5.158639e+07
<GCONST> 6.906496e+01
<MIXTURE> 4 1.009341e-01
<MEAN> 6
 8.477286e+01 -1.172339e+02 -1.869752e+01 3.569692e-02 -7.267404e-02 -4.943345e+01
<VARIANCE> 6
 3.185104e+01 1.195217e+04 1.387160e+04 2.998198e+02 4.022584e+04 5.158639e+07
<GCONST> 6.747881e+01
<MIXTURE> 5 5.931681e-03
<MEAN> 6
 7.871090e+01 -5.131541e+01 3.221194e+02 -1.744840e+00 -6.002388e+01 -8.746179e+01
<VARIANCE> 6
 1.817468e+02 1.777376e+05 3.730662e+06 2.998198e+02 4.022584e+04 5.158639e+07
<GCONST> 7.751425e+01
<MIXTURE> 6 7.057243e-02
<MEAN> 6
 8.495997e+01 4.148849e+01 -2.051001e+02 5.418246e-01 -8.464192e+00 -2.354352e+01
<VARIANCE> 6
 3.185104e+01 1.195217e+04 1.387160e+04 2.998198e+02 4.022584e+04 5.158639e+07
<GCONST> 6.747881e+01
<MIXTURE> 7 1.032696e-01
<MEAN> 6
 8.142691e+01 -1.851290e+02 -2.907527e+02 9.082167e-01 -1.015372e+01 -7.231305e+00
<VARIANCE> 6
 3.185104e+01 1.222212e+04 1.387160e+04 2.998198e+02 4.022584e+04 5.158639e+07
<GCONST> 6.750115e+01
<MIXTURE> 8 7.511511e-02
<MEAN> 6
 8.182126e+01 1.751818e+02 2.434063e+02 -5.490029e-01 3.992855e+00 -3.856445e+00
<VARIANCE> 6
 3.185104e+01 1.022109e+05 1.387160e+04 2.998198e+02 4.022584e+04 5.158639e+07
<GCONST> 6.962494e+01
<MIXTURE> 9 8.749714e-02
<MEAN> 6
 9.647405e+01 -4.995668e+02 -5.439250e+02 -7.140148e-01 -2.888915e+00 -9.562231e+01
<VARIANCE> 6
 3.185104e+01 1.195217e+04 1.387160e+04 2.998198e+02 4.022584e+04 5.158639e+07
<GCONST> 6.747881e+01
<MIXTURE> 10 1.034266e-01
<MEAN> 6
 8.461412e+01 -1.520409e+02 -1.106540e+01 8.107992e-02 -5.285891e-01 -5.621465e+01
<VARIANCE> 6
 3.185104e+01 1.195217e+04 1.387160e+04 2.998198e+02 4.022584e+04 5.158639e+07
<GCONST> 6.747881e+01
<MIXTURE> 11 7.087532e-02
<MEAN> 6
 8.460102e+01 2.787765e+01 -2.150701e+02 5.329020e-01 -7.192210e+00 -2.243649e+01
<VARIANCE> 6
 3.185104e+01 1.195217e+04 1.387160e+04 2.998198e+02 4.022584e+04 5.158639e+07
<GCONST> 6.747881e+01
<MIXTURE> 12 6.057226e-02
<MEAN> 6
 8.443726e+01 2.177072e+01 -2.201355e+02 5.373837e-01 -6.853584e+00 -2.184306e+01
<VARIANCE> 6
 3.185104e+01 1.195217e+04 1.387160e+04 2.998198e+02 4.022584e+04 5.158639e+07
<GCONST> 6.747881e+01
<MIXTURE> 13 7.575668e-02
<MEAN> 6
 8.119774e+01 8.384919e+00 2.147579e+02 -3.975370e-01 -8.675529e+00 -2.344840e+02
<VARIANCE> 6
 3.185104e+01 1.353823e+05 1.387160e+04 2.998198e+02 4.022584e+04 5.158639e+07
<GCONST> 6.990601e+01
<STATE> 6
<NUMMIXES> 13
<MIXTURE> 1 4.660216e-02
<MEAN> 6
 5.362539e+01 1.815921e+03 1.840125e+03 2.375358e+00 -9.815419e+00 1.119371e+02
<VARIANCE> 6
 3.185104e+01 2.357104e+05 5.989641e+05 2.998198e+02 4.022584e+04 5.158639e+07
<GCONST> 7.422586e+01
<MIXTURE> 2 8.625892e-02
<MEAN> 6
 7.084502e+01 1.632146e+03 -6.452905e+02 -1.173023e+00 -5.680673e+00 -8.668024e+01
<VARIANCE> 6
 3.185104e+01 5.144506e+06 1.387160e+04 2.998198e+02 4.022584e+04 5.158639e+07
<GCONST> 7.354359e+01
<MIXTURE> 3 7.305817e-02
<MEAN> 6
 7.135618e+01 2.736639e+02 7.508063e+02 4.211586e-02 -8.555869e-01 -6.958557e+01
<VARIANCE> 6
 3.185104e+01 6.236143e+04 2.282488e+04 2.998198e+02 4.022584e+04 5.158639e+07
<GCONST> 6.962885e+01
<MIXTURE> 4 4.604490e-02
<MEAN> 6
 6.566855e+01 -1.127603e+03 2.496961e+02 1.567248e+00 -7.976655e+00 -3.693360e+01
<VARIANCE> 6
 3.185104e+01 1.195217e+04 8.532577e+04 2.998198e+02 4.022584e+04 5.158639e+07
<GCONST> 6.929545e+01
<MIXTURE> 5 5.215256e-02
<MEAN> 6
 8.115440e+01 2.050035e+03 -4.915714e+01 -3.620461e+00 -1.029019e+01 -2.644691e+02
<VARIANCE> 6
 3.185104e+01 2.570097e+05 1.786123e+05 2.998198e+02 4.022584e+04 5.158639e+07
<GCONST> 7.310239e+01
<MIXTURE> 6 1.311685e-01
<MEAN> 6
 7.238081e+01 -7.033972e+02 7.121085e+01 -7.333219e-02 -2.340317e+00 -1.156831e+02
<VARIANCE> 6
 3.185104e+01 1.663264e+04 1.845737e+04 2.998198e+02 4.022584e+04 5.158639e+07
<GCONST> 6.809489e+01
<MIXTURE> 7 7.815713e-02
<MEAN> 6
 7.533111e+01 5.546292e+02 -5.286677e+02 -1.291849e+00 -3.817728e+00 -6.116577e+00
<VARIANCE> 6
 3.185104e+01 2.112533e+04 1.370020e+05 2.998198e+02 4.022584e+04 5.158639e+07
<GCONST> 7.033852e+01
<MIXTURE> 8 1.999641e-02
<MEAN> 6
 9.017661e+01 -1.530367e+03 -1.439309e+03 2.527448e+00 -2.967175e+01 9.718490e+01
<VARIANCE> 6
 7.202416e+01 1.195217e+04 9.133201e+04 4.623601e+02 4.022584e+04 5.158639e+07
<GCONST> 7.061256e+01
<MIXTURE> 9 9.055505e-02
<MEAN> 6
 6.931453e+01 1.172169e+03 -3.809722e+02 -1.393414e+00 -2.369375e+00 -5.617035e+01
<VARIANCE> 6
 3.185104e+01 5.559263e+04 1.500660e+05 2.998198e+02 4.022584e+04 5.158639e+07
<GCONST> 7.139719e+01
<MIXTURE> 10 9.889466e-02
<MEAN> 6
 7.391914e+01 -4.246413e+02 9.363088e+02 -4.433401e-01 -6.720959e+00 -6.541496e+01
<VARIANCE> 6
 3.185104e+01 1.195217e+04 1.833168e+04 2.998198e+02 4.022584e+04 5.158639e+07
<GCONST> 6.775760e+01
<MIXTURE> 11 1.116573e-01
<MEAN> 6
 7.278429e+01 -1.268690e+03 -3.871528e+02 -3.195138e-01 -4.490365e+00 -1.255686e+02
<VARIANCE> 6
 3.185104e+01 3.772805e+04 1.137925e+05 2.998198e+02 4.022584e+04 5.158639e+07
<GCONST> 7.073284e+01
<MIXTURE> 12 8.849046e-02
<MEAN> 6
 6.910571e+01 1.204885e+03 -4.778197e+02 -1.295962e+00 -2.101691e+00 -4.706810e+01
<VARIANCE> 6
 3.185104e+01 4.364102e+04 1.231942e+05 2.998198e+02 4.022584e+04 5.158639e+07
<GCONST> 7.095782e+01
<MIXTURE> 13 7.693462e-02
<MEAN> 6
 7.419002e+01 4.906075e+02 -6.395176e+02 -1.925825e+00 -1.361063e+01 -1.413064e+02
<VARIANCE> 6
 3.185104e+01 1.945186e+04 1.741570e+05 2.998198e+02 4.022584e+04 5.158639e+07
<GCONST> 7.049596e+01
<STATE> 7
<NUMMIXES> 13
<MIXTURE> 1 7.360990e-02
<MEAN> 6
 8.098166e+01 1.671945e+01 4.827803e+01 -4.879130e+00 -6.273122e+00 4.212476e+01
<VARIANCE> 6
 1.381750e+02 9.747900e+04 8.307943e+04 2.998198e+02 4.022584e+04 5.158639e+07
<GCONST> 7.283495e+01
<MIXTURE> 2 1.068404e-02
<MEAN> 6
 -7.528525e+00 1.593845e+02 1.109059e+02 -1.793492e+01 9.209003e+01 5.492039e+03
<VARIANCE> 6
 1.183694e+04 1.975470e+05 4.178381e+05 2.103710e+06 1.153559e+09 1.696840e+12
<GCONST> 1.091279e+02
<MIXTURE> 3 5.249894e-02
<MEAN> 6
 2.453102e+01 1.367161e+02 6.317280e+00 -4.540135e+01 -2.128774e+02 1.543073e+03
<VARIANCE> 6
 4.867783e+03 1.052576e+06 6.322254e+05 6.013822e+04 4.493472e+06 2.657385e+09
<GCONST> 9.476456e+01
<MIXTURE> 4 8.044167e-02
<MEAN> 6
 6.205499e+00 -5.629266e+01 2.385294e+02 1.136851e+01 2.033251e+00 -1.056625e+03
<VARIANCE> 6
 2.346446e+03 2.401268e+06 1.439605e+06 5.755873e+04 6.011226e+05 1.293765e+08
<GCONST> 9.060466e+01
<MIXTURE> 5 1.066461e-01
<MEAN> 6
 -3.735201e+01 -2.998524e+01 1.062355e+02 9.981379e+01 7.338649e+02 -1.531874e+03
<VARIANCE> 6
 3.959622e+02 1.975707e+05 1.854987e+05 1.883199e+04 1.328021e+05 5.158639e+07
<GCONST> 8.073193e+01
<MIXTURE> 6 7.766195e-02
<MEAN> 6
 8.208858e+01 1.914402e+02 -3.944086e+01 1.316541e+01 -6.814774e+02 -4.922618e+02
<VARIANCE> 6
 2.028067e+02 4.038996e+05 3.489509e+05 1.398953e+04 2.895466e+05 1.287522e+08
<GCONST> 8.280666e+01
<MIXTURE> 7 1.287607e-01
<MEAN> 6
 3.225616e+01 -4.095507e+01 1.491536e+01 6.326807e+01 -1.812173e+02 -1.251427e+03
<VARIANCE> 6
 7.720399e+02 1.124515e+05 1.147927e+05 3.746979e+04 1.132458e+05 5.158639e+07
<GCONST> 8.088483e+01
<MIXTURE> 8 7.990100e-02
<MEAN> 6
 8.763849e+01 2.492386e+01 -1.883703e+01 -5.284189e+00 -1.752555e+01 1.433073e+00
<VARIANCE> 6
 1.405175e+02 1.137335e+06 6.415531e+05 2.998198e+02 4.022584e+04 5.158639e+07
<GCONST> 7.735265e+01
<MIXTURE> 9 7.748310e-02
<MEAN> 6
 -5.819884e+01 8.224917e+01 -2.931490e+01 1.542495e+01 2.212540e+02 2.557102e+02
<VARIANCE> 6
 1.950675e+02 3.015486e+05 1.674185e+05 6.684626e+02 7.188191e+04 5.158639e+07
<GCONST> 7.639207e+01
<MIXTURE> 10 8.481287e-02
<MEAN> 6
 3.311885e+01 1.918311e+01 6.548328e+00 -1.128784e+02 -3.780244e+02 3.600323e+03
<VARIANCE> 6
 1.325883e+03 4.544290e+04 6.217409e+04 4.471679e+04 6.023077e+05 2.810777e+08
<GCONST> 8.344977e+01
<MIXTURE> 11 7.438210e-02
<MEAN> 6
 -4.581321e+01 -6.856341e+01 1.579361e+01 -7.354266e+01 1.317870e+03 1.640675e+03
<VARIANCE> 6
 3.191555e+02 1.544496e+05 1.352796e+05 3.357080e+04 5.486242e+05 3.976434e+08
<GCONST> 8.399331e+01
<MIXTURE> 12 7.864244e-02
<MEAN> 6
 6.807777e+01 -1.673434e+01 6.538235e+00 -3.207093e+01 -8.681325e+02 -8.992079e+02
<VARIANCE> 6
 2.621423e+02 3.885905e+05 1.140751e+05 2.849301e+04 2.561858e+05 6.949604e+07
<GCONST> 8.187889e+01
<MIXTURE> 13 7.346679e-02
<MEAN> 6
 7.754942e+01 -9.307933e+01 -5.681231e+01 -8.120399e+00 -5.226888e+01 -6.598174e+02
<VARIANCE> 6
 1.310919e+02 9.310424e+04 8.949751e+04 2.998198e+02 4.022584e+04 5.158639e+07
<GCONST> 7.281081e+01
<TRANSP> 8
 0.000000e+00 1.000000e+00 0.000000e+00 0.000000e+00 0.000000e+00 0.000000e+00 0.000000e+00 0.000000e+00
 0.000000e+00 9.998519e-01 1.481173e-04 0.000000e+00 0.000000e+00 0.000000e+00 0.000000e+00 0.000000e+00
 0.000000e+00 0.000000e+00 9.993141e-01 6.858528e-04 0.000000e+00 0.000000e+00 0.000000e+00 0.000000e+00
 0.000000e+00 0.000000e+00 0.000000e+00 9.980851e-01 1.914868e-03 0.000000e+00 0.000000e+00 0.000000e+00
 0.000000e+00 0.000000e+00 0.000000e+00 0.000000e+00 9.986679e-01 1.332085e-03 0.000000e+00 0.000000e+00
 0.000000e+00 0.000000e+00 0.000000e+00 0.000000e+00 0.000000e+00 9.992626e-01 7.373687e-04 0.000000e+00
 0.000000e+00 0.000000e+00 0.000000e+00 0.000000e+00 0.000000e+00 0.000000e+00 9.999419e-01 5.807986e-05
 0.000000e+00 0.000000e+00 0.000000e+00 0.000000e+00 0.000000e+00 0.000000e+00 0.000000e+00 0.000000e+00
<ENDHMM>
