~o
<STREAMINFO> 1 6
<VECSIZE> 6<NULLD><USER><DIAGC>
~h "SegundoPRIMARIA"
<BEGINHMM>
<NUMSTATES> 4
<STATE> 2
<NUMMIXES> 4
<MIXTURE> 1 4.420733e-01
<MEAN> 6
 8.113221e+01 8.315528e+01 -7.262046e+00 -1.481051e+00 -1.921597e+01 -1.476583e+02
<VARIANCE> 6
 2.924406e+02 9.709772e+05 9.126671e+05 2.874942e+02 3.406208e+04 4.202037e+07
<GCONST> 7.786652e+01
<MIXTURE> 2 2.408742e-01
<MEAN> 6
 2.340138e+01 -1.400006e+01 1.072239e+02 8.025713e+00 -2.355893e+01 1.083365e+03
<VARIANCE> 6
 3.490131e+03 4.610837e+05 6.732832e+05 5.047987e+04 1.175700e+06 3.729456e+08
<GCONST> 9.018987e+01
<MIXTURE> 3 7.786046e-02
<MEAN> 6
 -4.005656e+01 -5.403926e+01 -2.050226e+02 1.052250e+00 1.667905e+02 2.590508e+02
<VARIANCE> 6
 2.243199e+03 2.705137e+05 5.577099e+05 6.467302e+02 6.073808e+04 4.202037e+07
<GCONST> 7.952251e+01
<MIXTURE> 4 2.394439e-01
<MEAN> 6
 1.933555e+01 -1.608169e+02 -9.370978e+01 -8.566574e+00 -5.375536e+00 -9.547750e+02
<VARIANCE> 6
 3.713358e+03 4.777376e+05 1.013585e+06 4.948078e+04 1.599410e+06 3.476133e+08
<GCONST> 9.091387e+01
<STATE> 3
<NUMMIXES> 4
<MIXTURE> 1 2.066667e-02
<MEAN> 6
 6.089664e+01 3.560784e+01 -1.117786e+01 5.860483e+00 -1.127850e+03 6.631481e+03
<VARIANCE> 6
 6.065596e+03 8.021048e+05 3.629440e+05 2.704315e+05 1.138712e+08 1.379411e+11
<GCONST> 1.028431e+02
<MIXTURE> 2 2.708542e-01
<MEAN> 6
 2.214573e+01 1.434507e+02 6.339188e+01 6.185863e+01 1.589874e+02 -1.285888e+02
<VARIANCE> 6
 3.758348e+03 2.335034e+05 4.279092e+04 1.954813e+04 2.999575e+05 4.202037e+07
<GCONST> 8.232973e+01
<MIXTURE> 3 4.234149e-01
<MEAN> 6
 3.696649e+01 -3.566200e+01 1.014088e+01 -5.494332e+01 -4.628488e+01 6.415019e+02
<VARIANCE> 6
 3.724518e+03 2.818405e+05 1.289449e+05 4.903055e+04 1.842922e+06 5.353555e+08
<GCONST> 8.889169e+01
<MIXTURE> 4 2.850919e-01
<MEAN> 6
 3.834180e+01 -4.463917e+01 -5.409801e+00 2.756317e+01 9.630241e+00 -1.272701e+03
<VARIANCE> 6
 3.602846e+03 1.737351e+05 4.452766e+04 2.124490e+04 2.807909e+05 4.202037e+07
<GCONST> 8.204880e+01
<TRANSP> 4
 0.000000e+00 1.000000e+00 0.000000e+00 0.000000e+00
 0.000000e+00 9.999331e-01 6.684804e-05 0.000000e+00
 0.000000e+00 0.000000e+00 9.999166e-01 8.338444e-05
 0.000000e+00 0.000000e+00 0.000000e+00 0.000000e+00
<ENDHMM>
~h "SegundoESO"
<BEGINHMM>
<NUMSTATES> 4
<STATE> 2
<NUMMIXES> 4
<MIXTURE> 1 1.740920e-01
<MEAN> 6
 7.835213e+01 -5.992249e+02 3.354152e+02 -3.044228e+00 -2.356219e+01 -1.545293e+02
<VARIANCE> 6
 1.611643e+02 1.272486e+07 2.495242e+06 2.874942e+02 3.406208e+04 4.202037e+07
<GCONST> 8.084946e+01
<MIXTURE> 2 2.901580e-01
<MEAN> 6
 9.707277e+00 2.993841e+02 5.541704e+02 1.927575e+01 3.968961e+01 5.646110e+02
<VARIANCE> 6
 3.119148e+03 7.173130e+06 4.243432e+06 4.007190e+04 8.302124e+05 2.334896e+08
<GCONST> 9.361583e+01
<MIXTURE> 3 2.133431e-01
<MEAN> 6
 7.893346e+01 -1.560510e+01 -1.321826e+03 -2.116545e+00 -2.141049e+01 -9.541716e+01
<VARIANCE> 6
 1.783480e+02 1.159403e+06 1.223903e+07 2.874942e+02 3.406208e+04 4.202037e+07
<GCONST> 8.014536e+01
<MIXTURE> 4 3.218069e-01
<MEAN> 6
 1.117344e+01 -7.207608e+01 6.413757e+01 -1.512470e+01 -1.448331e+01 -3.703480e+02
<VARIANCE> 6
 3.203904e+03 2.212279e+06 2.145994e+06 3.375963e+04 7.971533e+05 1.074384e+08
<GCONST> 9.079630e+01
<STATE> 3
<NUMMIXES> 4
<MIXTURE> 1 3.068345e-01
<MEAN> 6
 7.260358e+01 -1.869330e+01 -6.430840e+01 -1.260069e+00 -4.187040e+01 -3.107986e+01
<VARIANCE> 6
 1.541089e+02 6.322291e+05 2.371604e+05 2.912528e+02 3.406208e+04 4.202037e+07
<GCONST> 7.546222e+01
<MIXTURE> 2 1.614678e-01
<MEAN> 6
 -7.130470e-01 2.076649e+02 2.274668e+02 -2.361740e+01 1.871907e+02 1.781112e+03
<VARIANCE> 6
 2.491382e+03 6.324324e+05 4.989681e+05 2.948249e+04 8.917711e+05 2.459796e+08
<GCONST> 8.863876e+01
<MIXTURE> 3 3.709528e-01
<MEAN> 6
 2.614093e+01 6.483583e-01 2.074508e+01 1.743165e+01 -1.994846e+02 -4.415602e+02
<VARIANCE> 6
 1.645545e+03 3.023794e+05 1.173965e+05 2.386507e+04 2.086979e+05 4.202037e+07
<GCONST> 8.260832e+01
<MIXTURE> 4 1.590958e-01
<MEAN> 6
 -1.335517e+01 -3.904262e+01 -2.420249e+01 -1.133159e+01 3.618278e+02 -7.138256e+02
<VARIANCE> 6
 1.936025e+03 5.439668e+05 3.008697e+05 2.594354e+04 7.023504e+05 1.813550e+08
<GCONST> 8.705856e+01
<TRANSP> 4
 0.000000e+00 1.000000e+00 0.000000e+00 0.000000e+00
 0.000000e+00 9.998899e-01 1.101182e-04 0.000000e+00
 0.000000e+00 0.000000e+00 9.999453e-01 5.475822e-05
 0.000000e+00 0.000000e+00 0.000000e+00 0.000000e+00
<ENDHMM>
~h "QuintoPRIMARIA"
<BEGINHMM>
<NUMSTATES> 4
<STATE> 2
<NUMMIXES> 4
<MIXTURE> 1 3.431701e-01
<MEAN> 6
 7.297462e+01 -4.769735e+01 -4.366792e+01 -3.244333e+00 -2.777628e+01 -1.438581e+02
<VARIANCE> 6
 1.955258e+02 1.445668e+05 1.271341e+05 2.874942e+02 3.406208e+04 4.202037e+07
<GCONST> 7.358826e+01
<MIXTURE> 2 1.443502e-01
<MEAN> 6
 1.897191e+01 -1.091589e+01 2.331750e+01 -5.547513e+01 -2.454931e+00 2.926387e+03
<VARIANCE> 6
 3.321869e+03 6.891003e+05 8.225596e+05 4.717739e+04 2.063302e+06 7.211582e+08
<GCONST> 9.189672e+01
<MIXTURE> 3 2.563394e-01
<MEAN> 6
 4.741442e+00 6.438588e+01 4.845645e+01 3.888032e+01 1.001124e+02 -1.870221e+01
<VARIANCE> 6
 2.686798e+03 1.077197e+05 8.180197e+04 2.837212e+04 5.527968e+05 7.059951e+07
<GCONST> 8.337115e+01
<MIXTURE> 4 2.552886e-01
<MEAN> 6
 1.405009e+01 -2.739442e+01 -4.681211e+01 -4.019145e+00 -6.197817e+01 -1.415466e+03
<VARIANCE> 6
 2.606684e+03 1.055874e+05 8.311295e+04 3.247774e+04 6.005382e+05 8.794007e+07
<GCONST> 8.377441e+01
<STATE> 3
<NUMMIXES> 4
<MIXTURE> 1 3.679999e-01
<MEAN> 6
 7.901749e+01 2.620863e+02 1.544574e+02 -2.244989e+00 -1.904692e+01 -1.131580e+02
<VARIANCE> 6
 2.863905e+02 2.658871e+06 2.436211e+06 2.874942e+02 3.406208e+04 4.202037e+07
<GCONST> 7.983479e+01
<MIXTURE> 2 3.022194e-02
<MEAN> 6
 1.340583e+01 -2.297837e+02 -9.612363e+01 -3.208809e+01 -2.184425e+02 3.590491e+03
<VARIANCE> 6
 9.314544e+03 2.672149e+06 1.024024e+06 1.003493e+06 5.336438e+08 7.813690e+11
<GCONST> 1.101028e+02
<MIXTURE> 3 3.265169e-01
<MEAN> 6
 5.445420e+00 -3.292976e+01 1.411637e+02 3.134947e+01 4.755162e+01 -4.042791e+02
<VARIANCE> 6
 3.452037e+03 1.443037e+06 7.850844e+05 3.047134e+04 6.443408e+05 1.341131e+08
<GCONST> 8.934451e+01
<MIXTURE> 4 2.750331e-01
<MEAN> 6
 9.538164e+00 -2.527240e+02 -3.199343e+02 -2.798267e+01 -6.726266e+00 2.344887e+02
<VARIANCE> 6
 3.513116e+03 6.675291e+05 4.128526e+06 3.856504e+04 1.007018e+06 2.731805e+08
<GCONST> 9.164454e+01
<TRANSP> 4
 0.000000e+00 1.000000e+00 0.000000e+00 0.000000e+00
 0.000000e+00 9.999300e-01 7.004879e-05 0.000000e+00
 0.000000e+00 0.000000e+00 9.999248e-01 7.522768e-05
 0.000000e+00 0.000000e+00 0.000000e+00 0.000000e+00
<ENDHMM>
