~o
<STREAMINFO> 1 6
<VECSIZE> 6<NULLD><USER><DIAGC>
~h "SegundoPRIMARIA"
<BEGINHMM>
<NUMSTATES> 3
<STATE> 2
<NUMMIXES> 4
<MIXTURE> 1 2.358914e-02
<MEAN> 6
 2.865831e+01 1.041097e+02 -5.255648e+01 -6.237071e+01 -2.379741e+02 5.823629e+03
<VARIANCE> 6
 5.231696e+03 9.985449e+05 3.688603e+06 2.272185e+05 8.896130e+07 1.301430e+11
<GCONST> 1.047538e+02
<MIXTURE> 2 3.076680e-01
<MEAN> 6
 4.407700e+01 1.053165e+02 7.741940e+01 4.141032e+01 3.093637e+01 -1.813644e+01
<VARIANCE> 6
 3.134477e+03 2.986422e+05 5.599367e+05 1.296309e+04 1.395254e+05 4.815014e+07
<GCONST> 8.392576e+01
<MIXTURE> 3 3.588890e-01
<MEAN> 6
 2.643171e+01 -3.992620e+01 2.808449e+01 -3.689133e+01 1.692367e+01 2.717309e+02
<VARIANCE> 6
 3.747817e+03 2.302458e+06 2.778105e+05 5.127467e+04 1.688788e+06 4.033500e+08
<GCONST> 9.144016e+01
<MIXTURE> 4 3.082414e-01
<MEAN> 6
 4.353526e+01 -6.656670e+01 -1.059877e+02 7.454069e+00 -3.254092e+01 -7.478781e+02
<VARIANCE> 6
 3.531871e+03 2.495357e+05 5.366533e+05 1.120227e+04 1.727898e+05 4.815014e+07
<GCONST> 8.389085e+01
<TRANSP> 3
 0.000000e+00 1.000000e+00 0.000000e+00
 0.000000e+00 9.999630e-01 3.699700e-05
 0.000000e+00 0.000000e+00 0.000000e+00
<ENDHMM>
~h "SegundoESO"
<BEGINHMM>
<NUMSTATES> 3
<STATE> 2
<NUMMIXES> 4
<MIXTURE> 1 1.966771e-01
<MEAN> 6
 7.438009e+01 -1.123930e+02 3.970480e+01 2.720952e+00 -3.748658e+01 -2.390848e+01
<VARIANCE> 6
 1.843610e+02 1.941761e+06 4.882165e+06 9.453734e+02 3.762512e+04 4.815014e+07
<GCONST> 8.120120e+01
<MIXTURE> 2 3.774866e-01
<MEAN> 6
 -7.999110e+00 1.043127e+02 4.954221e+01 2.620453e+01 1.935456e+02 -4.932362e+02
<VARIANCE> 6
 1.745930e+03 4.304288e+05 8.539850e+05 2.552154e+04 3.007657e+05 4.815014e+07
<GCONST> 8.557372e+01
<MIXTURE> 3 2.418137e-01
<MEAN> 6
 2.801569e+01 8.744083e+01 3.483017e+01 -4.194057e+01 -2.015726e+02 9.207402e+02
<VARIANCE> 6
 2.657725e+03 2.500379e+06 6.746215e+05 3.670180e+04 1.183733e+06 3.146452e+08
<GCONST> 9.112807e+01
<MIXTURE> 4 1.806714e-01
<MEAN> 6
 7.143562e+01 -2.142919e+02 -1.942736e+02 -5.979538e-01 -9.621126e+01 -1.749820e+02
<VARIANCE> 6
 2.217378e+02 2.191004e+06 1.567648e+06 2.318713e+03 3.935311e+04 4.815014e+07
<GCONST> 8.131265e+01
<TRANSP> 3
 0.000000e+00 1.000000e+00 0.000000e+00
 0.000000e+00 9.999630e-01 3.698709e-05
 0.000000e+00 0.000000e+00 0.000000e+00
<ENDHMM>
~h "QuintoPRIMARIA"
<BEGINHMM>
<NUMSTATES> 3
<STATE> 2
<NUMMIXES> 4
<MIXTURE> 1 2.463041e-01
<MEAN> 6
 7.580919e+01 2.083049e+02 1.960367e+02 6.147636e+00 -3.897200e+01 6.001678e+00
<VARIANCE> 6
 5.338500e+02 1.162198e+06 1.607132e+06 3.223358e+03 3.762512e+04 4.815014e+07
<GCONST> 8.186661e+01
<MIXTURE> 2 4.060455e-02
<MEAN> 6
 1.771738e+01 -3.201671e+02 -6.387806e+02 -7.006612e+01 -8.114970e+01 4.580462e+03
<VARIANCE> 6
 5.731782e+03 8.199886e+06 1.037127e+07 3.942795e+05 1.918895e+08 2.786639e+11
<GCONST> 1.100658e+02
<MIXTURE> 3 5.031663e-01
<MEAN> 6
 5.353719e+00 -6.131640e+01 4.467538e+01 3.571917e+00 6.565871e+01 -2.396096e+02
<VARIANCE> 6
 3.299455e+03 4.321786e+05 4.173332e+05 3.900623e+04 9.344212e+05 2.023569e+08
<GCONST> 8.849171e+01
<MIXTURE> 4 2.095025e-01
<MEAN> 6
 6.149822e+01 -3.620183e+01 -2.141792e+02 -7.938762e-01 -9.563888e+01 -3.051527e+02
<VARIANCE> 6
 1.766786e+03 1.000525e+06 3.329899e+06 8.061055e+03 8.320273e+04 4.815014e+07
<GCONST> 8.535234e+01
<TRANSP> 3
 0.000000e+00 1.000000e+00 0.000000e+00
 0.000000e+00 9.999641e-01 3.593174e-05
 0.000000e+00 0.000000e+00 0.000000e+00
<ENDHMM>
