~o
<STREAMINFO> 1 6
<VECSIZE> 6<NULLD><USER><DIAGC>
~h "SegundoPRIMARIA"
<BEGINHMM>
<NUMSTATES> 4
<STATE> 2
<NUMMIXES> 5
<MIXTURE> 1 1.978425e-01
<MEAN> 6
 8.392902e+01 3.162827e+02 1.175518e+02 2.201246e+00 1.105301e+01 4.219051e+02
<VARIANCE> 6
 2.815960e+02 1.044305e+06 6.582299e+05 2.406484e+02 9.637669e+03 5.970928e+06
<GCONST> 7.418309e+01
<MIXTURE> 2 1.798987e-01
<MEAN> 6
 4.037004e+01 -6.944488e+01 1.342373e+02 -5.035283e+01 -2.985898e+02 1.403484e+03
<VARIANCE> 6
 3.222378e+03 2.990424e+05 4.960864e+05 5.813301e+04 1.666519e+06 6.763212e+08
<GCONST> 9.045689e+01
<MIXTURE> 3 2.477697e-01
<MEAN> 6
 -7.491888e-01 8.838631e+00 -2.167314e+01 4.522576e+01 1.526672e+02 -3.684405e+02
<VARIANCE> 6
 3.579800e+03 1.628812e+05 4.293415e+05 1.743915e+04 2.541569e+05 2.951062e+07
<GCONST> 8.359355e+01
<MIXTURE> 4 1.765487e-01
<MEAN> 6
 2.071521e+01 -2.258945e+02 -2.466504e+01 -1.342799e+01 9.367540e+01 -7.843996e+02
<VARIANCE> 6
 3.984728e+03 9.390709e+05 1.085576e+06 4.469768e+04 1.509609e+06 2.410852e+08
<GCONST> 9.120345e+01
<MIXTURE> 5 1.978425e-01
<MEAN> 6
 7.721669e+01 -9.248229e+01 -2.069737e+02 -4.003893e+00 -2.821564e+01 -5.555143e+02
<VARIANCE> 6
 2.815960e+02 1.044305e+06 6.582299e+05 2.406484e+02 9.637669e+03 5.970928e+06
<GCONST> 7.418309e+01
<STATE> 3
<NUMMIXES> 5
<MIXTURE> 1 1.359398e-02
<MEAN> 6
 6.318207e+01 -2.406375e+02 -9.201739e+00 3.083109e+01 -1.187633e+03 6.662770e+03
<VARIANCE> 6
 6.828651e+03 6.957785e+05 4.575955e+05 3.885527e+05 1.786692e+08 2.212795e+11
<GCONST> 1.043366e+02
<MIXTURE> 2 2.955863e-01
<MEAN> 6
 -1.363526e+00 1.557319e+02 4.450683e+01 6.835230e+01 2.645528e+02 -6.105138e+02
<VARIANCE> 6
 2.940016e+03 1.259747e+05 3.199257e+04 2.057049e+04 2.646197e+05 3.600254e+07
<GCONST> 8.094730e+01
<MIXTURE> 3 1.902945e-01
<MEAN> 6
 3.600407e+01 8.693581e+01 6.514084e+01 -1.782116e+00 3.306553e+02 5.227568e+03
<VARIANCE> 6
 3.683874e+03 1.677567e+05 9.627811e+04 5.607375e+04 1.934169e+06 5.302291e+08
<GCONST> 8.824268e+01
<MIXTURE> 4 3.101675e-01
<MEAN> 6
 7.632734e+01 -1.179648e+02 -3.165225e+01 -1.109949e+00 -2.528351e+02 -4.660794e+02
<VARIANCE> 6
 1.589785e+03 4.011919e+05 6.882019e+04 1.561275e+04 1.962380e+05 3.079350e+07
<GCONST> 8.152580e+01
<MIXTURE> 5 1.902945e-01
<MEAN> 6
 1.172609e+01 -7.689664e+01 -5.897402e+01 -9.650171e+01 -2.256423e+02 -3.983113e+03
<VARIANCE> 6
 3.683874e+03 1.677567e+05 9.627811e+04 5.607375e+04 1.934169e+06 5.302291e+08
<GCONST> 8.824268e+01
<TRANSP> 4
 0.000000e+00 1.000000e+00 0.000000e+00 0.000000e+00
 0.000000e+00 9.999353e-01 6.468027e-05 0.000000e+00
 0.000000e+00 0.000000e+00 9.999125e-01 8.746042e-05
 0.000000e+00 0.000000e+00 0.000000e+00 0.000000e+00
<ENDHMM>
~h "SegundoESO"
<BEGINHMM>
<NUMSTATES> 4
<STATE> 2
<NUMMIXES> 5
<MIXTURE> 1 2.095246e-01
<MEAN> 6
 7.458779e+01 2.651228e+02 -9.285626e+01 -1.148407e+00 -9.690424e+00 -8.004861e+01
<VARIANCE> 6
 1.037132e+02 1.018953e+06 1.260411e+06 2.406484e+02 9.637669e+03 5.970928e+06
<GCONST> 7.380931e+01
<MIXTURE> 2 2.062531e-01
<MEAN> 6
 2.226565e+01 3.143773e+02 1.811770e+02 -3.295316e+01 -3.288964e+01 1.067018e+03
<VARIANCE> 6
 2.997198e+03 1.393128e+07 6.852782e+06 4.162980e+04 1.238494e+06 3.410180e+08
<GCONST> 9.553593e+01
<MIXTURE> 3 2.241834e-01
<MEAN> 6
 1.780177e+01 2.741960e+02 3.400557e+02 4.752925e+01 1.465934e+02 9.089691e+02
<VARIANCE> 6
 2.852896e+03 1.091410e+06 1.417279e+06 2.474885e+04 4.001643e+05 4.543996e+07
<GCONST> 8.769865e+01
<MIXTURE> 4 1.356050e-01
<MEAN> 6
 7.890469e+01 -9.920920e+02 -5.943219e+02 -2.085774e+00 -9.596323e+00 -7.664211e+01
<VARIANCE> 6
 1.504353e+02 6.602522e+06 1.858455e+07 2.406484e+02 9.637669e+03 5.970928e+06
<GCONST> 7.874078e+01
<MIXTURE> 5 2.241834e-01
<MEAN> 6
 -3.563229e+00 -1.436863e+02 -1.361425e+02 -1.539782e+01 -1.064408e+02 -1.787398e+03
<VARIANCE> 6
 2.852896e+03 1.091410e+06 1.417279e+06 2.474885e+04 4.001643e+05 4.543996e+07
<GCONST> 8.769865e+01
<STATE> 3
<NUMMIXES> 5
<MIXTURE> 1 2.571128e-01
<MEAN> 6
 7.068329e+01 -2.535209e+01 -5.556219e+01 -1.921618e+00 -8.718518e+00 -2.399419e+01
<VARIANCE> 6
 1.132572e+02 4.923470e+05 1.301445e+05 2.406484e+02 9.637669e+03 5.970928e+06
<GCONST> 7.089944e+01
<MIXTURE> 2 1.617093e-01
<MEAN> 6
 -2.218780e+00 8.741560e+01 1.158779e+02 -1.569449e+01 2.401947e+02 9.286371e+02
<VARIANCE> 6
 2.320897e+03 4.417318e+05 7.319693e+05 2.869606e+04 6.404239e+05 1.318354e+08
<GCONST> 8.761039e+01
<MIXTURE> 3 1.939038e-01
<MEAN> 6
 3.085706e+01 8.458353e+01 7.399490e+01 5.406059e+01 -4.182673e+01 3.936049e+02
<VARIANCE> 6
 1.771228e+03 2.684885e+05 1.025574e+05 2.026158e+04 2.007061e+05 2.671840e+07
<GCONST> 8.177237e+01
<MIXTURE> 4 1.928499e-01
<MEAN> 6
 1.058950e+01 -6.269983e+01 2.554991e+01 -3.287891e+01 7.842813e+01 5.585027e+02
<VARIANCE> 6
 2.581869e+03 9.353258e+05 1.452662e+05 2.911170e+04 1.084863e+06 3.060683e+08
<GCONST> 8.823369e+01
<MIXTURE> 5 1.939038e-01
<MEAN> 6
 1.402268e+01 -1.226800e+02 -5.410344e+01 -2.876686e+00 -2.210277e+02 -1.673989e+03
<VARIANCE> 6
 1.771228e+03 2.684885e+05 1.025574e+05 2.026158e+04 2.007061e+05 2.671840e+07
<GCONST> 8.177237e+01
<TRANSP> 4
 0.000000e+00 1.000000e+00 0.000000e+00 0.000000e+00
 0.000000e+00 9.999158e-01 8.415818e-05 0.000000e+00
 0.000000e+00 0.000000e+00 9.999341e-01 6.590228e-05
 0.000000e+00 0.000000e+00 0.000000e+00 0.000000e+00
<ENDHMM>
~h "QuintoPRIMARIA"
<BEGINHMM>
<NUMSTATES> 4
<STATE> 2
<NUMMIXES> 5
<MIXTURE> 1 1.769896e-01
<MEAN> 6
 7.992957e+01 1.598907e+02 5.884923e+02 2.288625e+00 9.033617e+00 4.411680e+02
<VARIANCE> 6
 2.541569e+02 1.408901e+06 4.796016e+06 2.406484e+02 9.637669e+03 5.970928e+06
<GCONST> 7.636601e+01
<MIXTURE> 2 4.783303e-02
<MEAN> 6
 2.188178e+01 -5.617925e+02 -1.214416e+03 -1.113427e+02 8.323729e+01 4.464923e+03
<VARIANCE> 6
 4.077551e+03 1.206956e+07 1.069644e+07 8.976145e+04 1.428701e+07 1.153359e+10
<GCONST> 1.028804e+02
<MIXTURE> 3 2.991275e-01
<MEAN> 6
 2.014251e+00 3.363626e+02 2.944214e+02 4.032823e+01 7.935734e+01 -8.720930e+02
<VARIANCE> 6
 3.300878e+03 1.680774e+06 1.941850e+06 2.706620e+04 4.327490e+05 5.452940e+07
<GCONST> 8.894133e+01
<MIXTURE> 4 2.987815e-01
<MEAN> 6
 1.717775e+01 -1.792644e+02 -3.032258e+02 -2.162710e+01 -8.169627e+01 2.356417e+02
<VARIANCE> 6
 3.414203e+03 4.839951e+05 2.460177e+06 3.821024e+04 8.805809e+05 2.043891e+08
<GCONST> 9.034327e+01
<MIXTURE> 5 1.769896e-01
<MEAN> 6
 7.355265e+01 -3.148978e+02 -2.875001e+02 -3.916513e+00 -3.023504e+01 -5.362513e+02
<VARIANCE> 6
 2.541569e+02 1.408901e+06 4.796016e+06 2.406484e+02 9.637669e+03 5.970928e+06
<GCONST> 7.636601e+01
<STATE> 3
<NUMMIXES> 5
<MIXTURE> 1 1.503414e-01
<MEAN> 6
 7.762078e+01 6.858418e+01 2.210892e+01 2.745214e-01 1.189173e+01 4.225117e+02
<VARIANCE> 6
 1.731949e+02 1.495472e+05 1.290115e+05 2.406484e+02 9.637669e+03 5.970928e+06
<GCONST> 7.012389e+01
<MIXTURE> 2 1.773632e-01
<MEAN> 6
 2.304913e+01 -1.629871e+00 8.198565e+01 -1.990961e+01 9.998497e+00 1.144899e+03
<VARIANCE> 6
 3.232434e+03 7.608963e+05 5.580526e+05 4.392486e+04 1.740796e+06 6.050910e+08
<GCONST> 9.116370e+01
<MIXTURE> 3 2.289594e-01
<MEAN> 6
 3.866947e+00 3.158232e+01 3.274236e+01 5.461664e+01 9.905311e+01 -5.826887e+02
<VARIANCE> 6
 2.571259e+03 6.654411e+04 3.371547e+05 1.630264e+04 2.662275e+05 2.232150e+07
<GCONST> 8.182558e+01
<MIXTURE> 4 2.927216e-01
<MEAN> 6
 2.341147e+01 4.228952e+00 -4.633000e+00 -2.568197e+01 -7.431619e+01 -1.677464e+02
<VARIANCE> 6
 2.541384e+03 1.753042e+05 6.966591e+04 3.423983e+04 7.158731e+05 1.223998e+08
<GCONST> 8.463867e+01
<MIXTURE> 5 1.503414e-01
<MEAN> 6
 7.235664e+01 -8.610115e+01 -1.215638e+02 -5.930617e+00 -2.737693e+01 -5.549076e+02
<VARIANCE> 6
 1.731949e+02 1.495472e+05 1.290115e+05 2.406484e+02 9.637669e+03 5.970928e+06
<GCONST> 7.012389e+01
<TRANSP> 4
 0.000000e+00 1.000000e+00 0.000000e+00 0.000000e+00
 0.000000e+00 9.999171e-01 8.292584e-05 0.000000e+00
 0.000000e+00 0.000000e+00 9.999360e-01 6.399840e-05
 0.000000e+00 0.000000e+00 0.000000e+00 0.000000e+00
<ENDHMM>
