~o
<STREAMINFO> 1 6
<VECSIZE> 6<NULLD><USER><DIAGC>
~h "SegundoPRIMARIA"
<BEGINHMM>
<NUMSTATES> 15
<STATE> 2
<NUMMIXES> 3
<MIXTURE> 1 4.872196e-01
<MEAN> 6
 4.999213e+01 -8.459331e+01 1.896325e+01 8.314180e+00 -2.617922e+01 -1.401118e+02
<VARIANCE> 6
 3.387787e+03 8.543431e+06 5.623864e+05 9.232590e+03 1.039607e+05 5.181961e+07
<GCONST> 8.680135e+01
<MIXTURE> 2 2.641333e-01
<MEAN> 6
 1.708834e+01 1.265096e+02 6.865171e+01 2.464319e+01 1.121613e+02 6.072830e+02
<VARIANCE> 6
 3.743177e+03 6.255854e+05 1.724589e+05 4.875669e+04 1.255280e+06 3.776907e+08
<GCONST> 8.924636e+01
<MIXTURE> 3 2.486301e-01
<MEAN> 6
 2.104245e+01 -1.266105e+02 -4.576102e+01 -4.178967e+01 -6.517694e+01 -4.181973e+02
<VARIANCE> 6
 3.914969e+03 1.493152e+06 3.086575e+05 5.407324e+04 2.185748e+06 7.593594e+08
<GCONST> 9.209976e+01
<STATE> 3
<NUMMIXES> 3
<MIXTURE> 1 5.107414e-01
<MEAN> 6
 9.422382e+01 -4.090403e+02 -4.653194e+02 1.191157e-01 -4.024750e+00 -2.291907e+01
<VARIANCE> 6
 3.179780e+01 7.789219e+04 3.733164e+04 2.998339e+02 4.032245e+04 5.181961e+07
<GCONST> 7.034851e+01
<MIXTURE> 2 2.227315e-01
<MEAN> 6
 8.063505e+01 -3.079702e+02 -7.745711e+02 -2.035862e+00 4.150384e+00 6.466904e-01
<VARIANCE> 6
 1.167263e+02 3.260162e+04 3.959218e+04 2.998339e+02 4.032245e+04 5.181961e+07
<GCONST> 7.083677e+01
<MIXTURE> 3 2.665249e-01
<MEAN> 6
 7.513015e+01 -3.414657e+02 -8.283560e+02 -2.441770e+00 1.590312e+00 1.784218e+00
<VARIANCE> 6
 8.901060e+01 2.776735e+04 3.403293e+04 2.998339e+02 4.032245e+04 5.181961e+07
<GCONST> 7.025389e+01
<STATE> 4
<NUMMIXES> 3
<MIXTURE> 1 5.060847e-01
<MEAN> 6
 7.593533e+01 8.505286e+01 -2.593616e+02 -7.740800e-01 -7.003052e+00 -7.829964e+01
<VARIANCE> 6
 3.179780e+01 1.280424e+04 4.086285e+04 2.998339e+02 4.032245e+04 5.181961e+07
<GCONST> 6.863334e+01
<MIXTURE> 2 2.493206e-01
<MEAN> 6
 7.411098e+01 1.132873e+02 -7.976138e+02 -2.366611e-01 5.569964e+00 -3.424496e+01
<VARIANCE> 6
 3.179780e+01 1.280424e+04 1.835586e+05 2.998339e+02 4.032245e+04 5.181961e+07
<GCONST> 7.013565e+01
<MIXTURE> 3 2.445915e-01
<MEAN> 6
 7.124294e+01 4.236898e+01 -9.486974e+02 -1.285135e+00 1.843780e+00 -8.669210e+01
<VARIANCE> 6
 3.179780e+01 1.690613e+04 1.239589e+05 2.998339e+02 4.032245e+04 5.181961e+07
<GCONST> 7.002097e+01
<STATE> 5
<NUMMIXES> 3
<MIXTURE> 1 4.741023e-01
<MEAN> 6
 7.305384e+01 -9.172207e+01 1.794159e+02 -5.013284e-01 -1.213654e+00 -5.429091e+01
<VARIANCE> 6
 3.179780e+01 4.108514e+04 1.679684e+04 2.998339e+02 4.032245e+04 5.181961e+07
<GCONST> 6.891018e+01
<MIXTURE> 2 2.655375e-01
<MEAN> 6
 7.168156e+01 -8.986187e+01 1.539385e+02 2.013874e-02 6.426147e+00 -5.995304e+01
<VARIANCE> 6
 3.179780e+01 2.431498e+04 1.446404e+04 2.998339e+02 4.032245e+04 5.181961e+07
<GCONST> 6.823610e+01
<MIXTURE> 3 2.603564e-01
<MEAN> 6
 6.840910e+01 -1.915415e+02 1.155440e+02 -3.905263e-01 9.786445e+00 -3.187324e+01
<VARIANCE> 6
 4.628429e+01 2.579277e+04 1.446404e+04 2.998339e+02 4.032245e+04 5.181961e+07
<GCONST> 6.867050e+01
<STATE> 6
<NUMMIXES> 3
<MIXTURE> 1 3.816389e-01
<MEAN> 6
 5.886443e+01 1.704494e+02 9.613268e+02 1.245616e-01 -6.840801e-02 -7.521371e+01
<VARIANCE> 6
 3.179780e+01 1.280424e+04 1.446404e+04 2.998339e+02 4.032245e+04 5.181961e+07
<GCONST> 6.759479e+01
<MIXTURE> 2 2.311075e-01
<MEAN> 6
 6.104414e+01 1.744767e+02 7.617098e+02 1.210367e+00 1.271018e+01 4.752737e+01
<VARIANCE> 6
 3.179780e+01 2.363142e+04 8.351411e+04 2.998339e+02 4.032245e+04 5.181961e+07
<GCONST> 6.996094e+01
<MIXTURE> 3 3.872604e-01
<MEAN> 6
 5.904746e+01 1.732381e+02 9.440948e+02 1.419863e-01 4.597010e-01 -5.549783e+01
<VARIANCE> 6
 3.179780e+01 1.280424e+04 1.446404e+04 2.998339e+02 4.032245e+04 5.181961e+07
<GCONST> 6.759479e+01
<STATE> 7
<NUMMIXES> 3
<MIXTURE> 1 2.662396e-01
<MEAN> 6
 1.049691e+02 1.345156e+03 3.495512e+02 -4.244241e+00 -2.776347e+00 8.466769e+01
<VARIANCE> 6
 1.794516e+02 6.317835e+05 2.926885e+04 2.998339e+02 4.032245e+04 5.181961e+07
<GCONST> 7.392892e+01
<MIXTURE> 2 3.704003e-01
<MEAN> 6
 9.062207e+01 1.606924e+02 1.002824e+02 -6.949984e-01 1.024451e+00 -7.985717e+01
<VARIANCE> 6
 3.179780e+01 9.488983e+04 1.966327e+04 2.998339e+02 4.032245e+04 5.181961e+07
<GCONST> 6.990482e+01
<MIXTURE> 3 3.633566e-01
<MEAN> 6
 8.911166e+01 2.974801e+01 6.396921e+00 -4.438603e-01 -1.460568e+00 -1.186900e+02
<VARIANCE> 6
 3.657224e+01 6.753617e+04 1.446404e+04 2.998339e+02 4.032245e+04 5.181961e+07
<GCONST> 6.939757e+01
<STATE> 8
<NUMMIXES> 3
<MIXTURE> 1 4.388028e-01
<MEAN> 6
 6.283101e+01 4.266295e+02 -2.057195e+02 -6.760043e-02 -3.895267e+00 -1.131568e+02
<VARIANCE> 6
 3.206728e+01 1.952712e+05 1.446404e+04 2.998339e+02 4.032245e+04 5.181961e+07
<GCONST> 7.032784e+01
<MIXTURE> 2 2.718578e-01
<MEAN> 6
 6.292897e+01 -7.127654e+01 -2.554633e+02 1.358774e+00 -1.656944e+00 -1.356105e+02
<VARIANCE> 6
 3.179780e+01 6.332682e+04 1.446404e+04 2.998339e+02 4.032245e+04 5.181961e+07
<GCONST> 6.919331e+01
<MIXTURE> 3 2.893380e-01
<MEAN> 6
 6.129202e+01 -1.853086e+02 -2.863889e+02 1.010102e+00 -1.301790e+00 -1.068882e+02
<VARIANCE> 6
 3.179780e+01 6.927418e+04 1.446404e+04 2.998339e+02 4.032245e+04 5.181961e+07
<GCONST> 6.928308e+01
<STATE> 9
<NUMMIXES> 3
<MIXTURE> 1 3.238656e-01
<MEAN> 6
 6.982001e+01 -7.414816e+02 1.516227e+03 5.875552e-02 -9.947696e-01 -1.972450e+02
<VARIANCE> 6
 3.179780e+01 6.969202e+04 5.495803e+05 2.998339e+02 4.032245e+04 5.181961e+07
<GCONST> 7.292658e+01
<MIXTURE> 2 3.436369e-01
<MEAN> 6
 7.371988e+01 -9.818290e+02 1.735390e+02 -1.363822e+00 -1.425246e+00 -7.997128e+01
<VARIANCE> 6
 3.179780e+01 1.890860e+04 4.576334e+05 2.998339e+02 4.032245e+04 5.181961e+07
<GCONST> 7.143903e+01
<MIXTURE> 3 3.324955e-01
<MEAN> 6
 6.799123e+01 -7.100925e+02 1.173956e+03 -1.260146e+00 -1.327740e+01 -9.513518e+01
<VARIANCE> 6
 3.179780e+01 3.302421e+04 4.257280e+05 2.998339e+02 4.032245e+04 5.181961e+07
<GCONST> 7.192438e+01
<STATE> 10
<NUMMIXES> 3
<MIXTURE> 1 2.610352e-01
<MEAN> 6
 9.340142e+01 -3.875002e+02 5.373607e+02 -1.801905e+00 -3.804805e+00 -7.407326e+01
<VARIANCE> 6
 4.441232e+01 1.912026e+05 5.433936e+04 2.998339e+02 4.032245e+04 5.181961e+07
<GCONST> 7.195604e+01
<MIXTURE> 2 4.887853e-01
<MEAN> 6
 9.610788e+01 -8.956368e+02 5.089085e+02 -2.177233e+00 -1.855693e+00 -1.149666e+02
<VARIANCE> 6
 4.877686e+01 3.456207e+05 1.051509e+05 2.998339e+02 4.032245e+04 5.181961e+07
<GCONST> 7.330194e+01
<MIXTURE> 3 2.501792e-01
<MEAN> 6
 9.170226e+01 -5.619719e+02 4.196724e+02 -2.048467e+00 -6.603130e+00 -1.594296e+02
<VARIANCE> 6
 5.235643e+01 2.713137e+05 8.565254e+04 2.998339e+02 4.032245e+04 5.181961e+07
<GCONST> 7.292560e+01
<STATE> 11
<NUMMIXES> 3
<MIXTURE> 1 3.767706e-01
<MEAN> 6
 5.368490e+01 1.781055e+01 -2.396959e+02 -8.984067e+00 6.687346e+01 -2.524440e+03
<VARIANCE> 6
 2.494806e+02 2.195316e+05 4.404759e+05 5.550970e+03 5.738307e+05 2.868120e+08
<GCONST> 8.319766e+01
<MIXTURE> 2 3.049766e-01
<MEAN> 6
 7.411236e+01 3.487305e+00 -9.422139e+01 -6.856348e+01 -1.187006e+03 -1.129822e+04
<VARIANCE> 6
 1.331138e+02 6.468230e+04 1.833098e+05 3.932262e+03 3.563074e+05 2.377364e+08
<GCONST> 7.946183e+01
<MIXTURE> 3 3.182499e-01
<MEAN> 6
 6.988645e+01 -9.041090e+01 -2.237792e+02 -1.059646e+02 -1.636372e+03 -1.039854e+04
<VARIANCE> 6
 1.457576e+02 5.179560e+04 1.782870e+05 4.677649e+03 7.071697e+05 3.539051e+08
<GCONST> 8.055954e+01
<STATE> 12
<NUMMIXES> 3
<MIXTURE> 1 3.695882e-01
<MEAN> 6
 8.552673e+01 1.020997e+03 -6.565895e+02 -2.928979e-01 -7.034523e+00 2.327046e+01
<VARIANCE> 6
 3.179780e+01 5.464382e+04 1.323964e+06 2.998339e+02 4.032245e+04 5.181961e+07
<GCONST> 7.356256e+01
<MIXTURE> 2 3.080462e-01
<MEAN> 6
 7.824311e+01 8.748357e+02 5.730262e+02 -1.401325e+00 -3.268666e-01 -8.462955e+01
<VARIANCE> 6
 4.114117e+01 1.651888e+05 7.500523e+04 2.998339e+02 4.032245e+04 5.181961e+07
<GCONST> 7.205560e+01
<MIXTURE> 3 3.223669e-01
<MEAN> 6
 7.622379e+01 7.231215e+02 5.922703e+02 -1.866337e+00 -1.132130e+01 -1.110670e+02
<VARIANCE> 6
 3.332153e+01 1.296733e+05 5.886283e+04 2.998339e+02 4.032245e+04 5.181961e+07
<GCONST> 7.136038e+01
<STATE> 13
<NUMMIXES> 3
<MIXTURE> 1 5.764256e-01
<MEAN> 6
 7.170142e+01 3.377570e+02 -1.001809e+03 1.510903e+00 -5.687124e+00 -8.643126e+01
<VARIANCE> 6
 7.044609e+01 2.884805e+04 1.079381e+06 2.998339e+02 4.032245e+04 5.181961e+07
<GCONST> 7.351498e+01
<MIXTURE> 2 1.996020e-01
<MEAN> 6
 6.689958e+01 -6.176124e+02 2.433313e+03 -2.921647e-01 -2.633711e+00 -5.236286e+01
<VARIANCE> 6
 1.472647e+02 2.014821e+05 3.793725e+06 2.998339e+02 4.032245e+04 5.181961e+07
<GCONST> 7.745299e+01
<MIXTURE> 3 2.239702e-01
<MEAN> 6
 5.842067e+01 -7.086664e+02 8.052554e+02 7.812632e-01 -1.259712e+01 -9.668785e+01
<VARIANCE> 6
 4.689507e+01 2.727483e+05 2.873846e+06 2.998339e+02 4.032245e+04 5.181961e+07
<GCONST> 7.633382e+01
<STATE> 14
<NUMMIXES> 3
<MIXTURE> 1 5.552217e-02
<MEAN> 6
 3.428344e+01 1.010817e+02 -3.073529e+01 -7.787787e+01 -1.052468e+02 6.763672e+03
<VARIANCE> 6
 5.571959e+03 1.170214e+06 1.523361e+06 2.074157e+05 7.945601e+07 1.090587e+11
<GCONST> 1.037102e+02
<MIXTURE> 2 4.730279e-01
<MEAN> 6
 3.510817e+01 7.352811e+01 8.542015e+01 2.577600e+01 4.188194e+01 5.763148e+02
<VARIANCE> 6
 3.989921e+03 2.408753e+05 3.881068e+05 2.933121e+04 6.209661e+05 1.269196e+08
<GCONST> 8.686436e+01
<MIXTURE> 3 4.712793e-01
<MEAN> 6
 2.743187e+01 -7.272924e+01 -9.514875e+01 -1.499090e+01 -1.731262e+01 -1.241298e+03
<VARIANCE> 6
 4.018003e+03 1.813817e+05 4.776218e+05 3.469781e+04 8.401196e+05 1.542396e+08
<GCONST> 8.746048e+01
<TRANSP> 15
 0.000000e+00 1.000000e+00 0.000000e+00 0.000000e+00 0.000000e+00 0.000000e+00 0.000000e+00 0.000000e+00 0.000000e+00 0.000000e+00 0.000000e+00 0.000000e+00 0.000000e+00 0.000000e+00 0.000000e+00
 0.000000e+00 9.997249e-01 2.751244e-04 0.000000e+00 0.000000e+00 0.000000e+00 0.000000e+00 0.000000e+00 0.000000e+00 0.000000e+00 0.000000e+00 0.000000e+00 0.000000e+00 0.000000e+00 0.000000e+00
 0.000000e+00 0.000000e+00 9.969877e-01 3.012299e-03 0.000000e+00 0.000000e+00 0.000000e+00 0.000000e+00 0.000000e+00 0.000000e+00 0.000000e+00 0.000000e+00 0.000000e+00 0.000000e+00 0.000000e+00
 0.000000e+00 0.000000e+00 0.000000e+00 9.981046e-01 1.895459e-03 0.000000e+00 0.000000e+00 0.000000e+00 0.000000e+00 0.000000e+00 0.000000e+00 0.000000e+00 0.000000e+00 0.000000e+00 0.000000e+00
 0.000000e+00 0.000000e+00 0.000000e+00 0.000000e+00 9.981259e-01 1.874061e-03 0.000000e+00 0.000000e+00 0.000000e+00 0.000000e+00 0.000000e+00 0.000000e+00 0.000000e+00 0.000000e+00 0.000000e+00
 0.000000e+00 0.000000e+00 0.000000e+00 0.000000e+00 0.000000e+00 9.893922e-01 1.060780e-02 0.000000e+00 0.000000e+00 0.000000e+00 0.000000e+00 0.000000e+00 0.000000e+00 0.000000e+00 0.000000e+00
 0.000000e+00 0.000000e+00 0.000000e+00 0.000000e+00 0.000000e+00 0.000000e+00 9.980845e-01 1.915401e-03 0.000000e+00 0.000000e+00 0.000000e+00 0.000000e+00 0.000000e+00 0.000000e+00 0.000000e+00
 0.000000e+00 0.000000e+00 0.000000e+00 0.000000e+00 0.000000e+00 0.000000e+00 0.000000e+00 9.981700e-01 1.829999e-03 0.000000e+00 0.000000e+00 0.000000e+00 0.000000e+00 0.000000e+00 0.000000e+00
 0.000000e+00 0.000000e+00 0.000000e+00 0.000000e+00 0.000000e+00 0.000000e+00 0.000000e+00 0.000000e+00 9.961632e-01 3.836830e-03 0.000000e+00 0.000000e+00 0.000000e+00 0.000000e+00 0.000000e+00
 0.000000e+00 0.000000e+00 0.000000e+00 0.000000e+00 0.000000e+00 0.000000e+00 0.000000e+00 0.000000e+00 0.000000e+00 9.966692e-01 3.330870e-03 0.000000e+00 0.000000e+00 0.000000e+00 0.000000e+00
 0.000000e+00 0.000000e+00 0.000000e+00 0.000000e+00 0.000000e+00 0.000000e+00 0.000000e+00 0.000000e+00 0.000000e+00 0.000000e+00 9.918850e-01 8.115004e-03 0.000000e+00 0.000000e+00 0.000000e+00
 0.000000e+00 0.000000e+00 0.000000e+00 0.000000e+00 0.000000e+00 0.000000e+00 0.000000e+00 0.000000e+00 0.000000e+00 0.000000e+00 0.000000e+00 9.973067e-01 2.693282e-03 0.000000e+00 0.000000e+00
 0.000000e+00 0.000000e+00 0.000000e+00 0.000000e+00 0.000000e+00 0.000000e+00 0.000000e+00 0.000000e+00 0.000000e+00 0.000000e+00 0.000000e+00 0.000000e+00 9.979790e-01 2.021053e-03 0.000000e+00
 0.000000e+00 0.000000e+00 0.000000e+00 0.000000e+00 0.000000e+00 0.000000e+00 0.000000e+00 0.000000e+00 0.000000e+00 0.000000e+00 0.000000e+00 0.000000e+00 0.000000e+00 9.999478e-01 5.218194e-05
 0.000000e+00 0.000000e+00 0.000000e+00 0.000000e+00 0.000000e+00 0.000000e+00 0.000000e+00 0.000000e+00 0.000000e+00 0.000000e+00 0.000000e+00 0.000000e+00 0.000000e+00 0.000000e+00 0.000000e+00
<ENDHMM>
~h "SegundoESO"
<BEGINHMM>
<NUMSTATES> 15
<STATE> 2
<NUMMIXES> 3
<MIXTURE> 1 3.929637e-01
<MEAN> 6
 6.230431e+01 2.449976e+03 -7.031323e+02 -1.591151e-01 -2.720819e+00 -1.032163e+02
<VARIANCE> 6
 3.179780e+01 1.657364e+07 2.170190e+05 2.998339e+02 4.032245e+04 5.181961e+07
<GCONST> 7.746889e+01
<MIXTURE> 2 2.930564e-01
<MEAN> 6
 6.638116e+01 3.472584e+02 -2.622999e+03 2.343355e-01 -2.647249e+00 -8.939065e+01
<VARIANCE> 6
 6.664579e+01 6.414503e+05 7.807822e+06 2.998339e+02 4.032245e+04 5.181961e+07
<GCONST> 7.853995e+01
<MIXTURE> 3 3.139596e-01
<MEAN> 6
 6.475714e+01 1.984200e+02 -3.259747e+03 2.192241e-01 -2.205618e+00 -7.524448e+01
<VARIANCE> 6
 8.188654e+01 3.169657e+05 8.659145e+06 2.998339e+02 4.032245e+04 5.181961e+07
<GCONST> 7.814444e+01
<STATE> 3
<NUMMIXES> 3
<MIXTURE> 1 3.677003e-01
<MEAN> 6
 7.253986e+01 1.632864e+02 4.141261e+02 -8.681127e-01 -3.577932e+00 -1.202827e+02
<VARIANCE> 6
 4.970933e+01 1.776603e+05 6.255228e+05 2.998339e+02 4.032245e+04 5.181961e+07
<GCONST> 7.443860e+01
<MIXTURE> 2 2.914816e-01
<MEAN> 6
 6.957392e+01 3.790714e+02 1.201445e+01 -2.419879e-01 -4.627144e+00 -1.238966e+02
<VARIANCE> 6
 3.179780e+01 2.786879e+05 1.578584e+05 2.998339e+02 4.032245e+04 5.181961e+07
<GCONST> 7.306513e+01
<MIXTURE> 3 3.407790e-01
<MEAN> 6
 6.625944e+01 3.230955e+01 -7.953679e+01 -1.252100e-01 -4.758322e+00 -1.420906e+02
<VARIANCE> 6
 3.417614e+01 2.146480e+05 1.274289e+05 2.998339e+02 4.032245e+04 5.181961e+07
<GCONST> 7.266203e+01
<STATE> 4
<NUMMIXES> 3
<MIXTURE> 1 3.482458e-01
<MEAN> 6
 8.031703e+01 -6.439804e+02 1.504332e+02 -3.860022e-01 -5.718160e+00 -1.274095e+02
<VARIANCE> 6
 3.179780e+01 7.747923e+04 4.453493e+04 2.998339e+02 4.032245e+04 5.181961e+07
<GCONST> 7.051962e+01
<MIXTURE> 2 3.040265e-01
<MEAN> 6
 8.404822e+01 -2.042504e+03 -1.436216e+01 -1.075738e+00 -4.220672e+00 -1.698796e+02
<VARIANCE> 6
 7.218867e+01 1.006969e+06 2.297343e+05 2.998339e+02 4.032245e+04 5.181961e+07
<GCONST> 7.554485e+01
<MIXTURE> 3 3.477235e-01
<MEAN> 6
 8.055747e+01 -6.840456e+02 8.531608e+01 -6.976501e-01 -8.538872e+00 -1.666155e+02
<VARIANCE> 6
 3.179780e+01 8.354446e+04 3.675667e+04 2.998339e+02 4.032245e+04 5.181961e+07
<GCONST> 7.040305e+01
<STATE> 5
<NUMMIXES> 3
<MIXTURE> 1 2.167447e-01
<MEAN> 6
 2.741483e+01 1.079416e+02 -4.451226e+01 -7.656010e+01 -1.394597e+02 3.453851e+03
<VARIANCE> 6
 3.299159e+03 3.124446e+06 1.512472e+06 4.271205e+04 2.013468e+06 6.785815e+08
<GCONST> 9.382583e+01
<MIXTURE> 2 3.919512e-01
<MEAN> 6
 1.126298e+01 1.935227e+02 1.081174e+02 3.061221e+01 9.550303e+01 8.513715e+01
<VARIANCE> 6
 2.891967e+03 5.721836e+05 2.548591e+05 3.550723e+04 6.763979e+05 8.292370e+07
<GCONST> 8.683810e+01
<MIXTURE> 3 3.913126e-01
<MEAN> 6
 1.359799e+01 -4.100195e+01 -1.121519e+01 9.682853e+00 6.143821e+00 -1.949608e+03
<VARIANCE> 6
 2.772587e+03 5.782774e+05 2.911831e+05 3.904918e+04 6.627921e+05 8.638524e+07
<GCONST> 8.705544e+01
<STATE> 6
<NUMMIXES> 3
<MIXTURE> 1 3.621605e-01
<MEAN> 6
 9.101309e+01 -3.984272e+03 8.580807e+03 -2.258521e+00 -4.083682e+00 -5.520473e+01
<VARIANCE> 6
 6.760452e+01 4.305761e+05 1.499800e+07 2.998339e+02 4.032245e+04 5.181961e+07
<GCONST> 7.880841e+01
<MIXTURE> 2 2.167372e-01
<MEAN> 6
 7.757634e+01 -4.260394e+03 1.014554e+04 -2.609906e+01 -2.657604e+02 1.713289e+03
<VARIANCE> 6
 2.070620e+02 1.047521e+07 8.418283e+07 7.042539e+03 4.435468e+05 7.715724e+07
<GCONST> 9.079694e+01
<MIXTURE> 3 4.211032e-01
<MEAN> 6
 8.713440e+01 -4.505549e+03 5.826813e+03 -3.112653e+00 -1.309802e+01 -3.138896e+02
<VARIANCE> 6
 3.179780e+01 6.388532e+04 1.690001e+07 2.998339e+02 4.032245e+04 5.181961e+07
<GCONST> 7.626550e+01
<STATE> 7
<NUMMIXES> 3
<MIXTURE> 1 3.185465e-01
<MEAN> 6
 7.730214e+01 -3.129827e+01 8.536504e+02 -1.355866e+00 -2.211176e+01 -4.738239e+01
<VARIANCE> 6
 3.179780e+01 7.435964e+05 1.797362e+06 2.998339e+02 4.032245e+04 5.181961e+07
<GCONST> 7.647891e+01
<MIXTURE> 2 3.764437e-01
<MEAN> 6
 7.416678e+01 -2.448471e+03 1.991775e+03 -1.615459e+00 -6.966195e+00 -1.174926e+02
<VARIANCE> 6
 4.352534e+01 4.210922e+06 3.197817e+06 2.998339e+02 4.032245e+04 5.181961e+07
<GCONST> 7.910295e+01
<MIXTURE> 3 3.050037e-01
<MEAN> 6
 7.632386e+01 -1.236621e+02 4.426168e+02 -2.273145e+00 -3.527771e+01 -1.461623e+02
<VARIANCE> 6
 3.179780e+01 9.405542e+05 1.210652e+06 2.998339e+02 4.032245e+04 5.181961e+07
<GCONST> 7.631873e+01
<STATE> 8
<NUMMIXES> 3
<MIXTURE> 1 3.488429e-01
<MEAN> 6
 1.210990e+01 4.189702e+02 2.334462e+02 -1.904330e+01 9.771213e+01 6.483364e+02
<VARIANCE> 6
 3.051245e+03 2.648772e+06 7.060842e+06 3.074192e+04 6.473876e+05 1.244439e+08
<GCONST> 9.196370e+01
<MIXTURE> 2 3.300637e-01
<MEAN> 6
 1.615599e+01 3.829160e+01 2.124527e+02 2.238809e+01 8.992417e+00 -6.858575e+01
<VARIANCE> 6
 2.786994e+03 3.887904e+05 6.799139e+05 1.309134e+04 1.729517e+05 5.181961e+07
<GCONST> 8.456425e+01
<MIXTURE> 3 3.209816e-01
<MEAN> 6
 1.995638e+01 -1.853665e+02 -7.240287e+01 -7.603263e+00 -6.720554e+01 -5.914282e+02
<VARIANCE> 6
 2.619636e+03 4.691982e+05 6.024782e+05 1.641159e+04 1.957505e+05 5.181961e+07
<GCONST> 8.491925e+01
<STATE> 9
<NUMMIXES> 3
<MIXTURE> 1 2.840031e-01
<MEAN> 6
 5.448043e+01 1.816505e+02 6.528300e+01 1.508951e+02 -3.332726e+02 -9.608922e+02
<VARIANCE> 6
 3.063703e+02 4.797121e+05 1.476329e+06 4.377354e+03 8.464487e+04 5.181961e+07
<GCONST> 8.153177e+01
<MIXTURE> 2 4.002414e-01
<MEAN> 6
 8.315966e+01 -6.162922e+01 -3.092365e+02 8.582970e+01 -7.296954e+02 7.914940e+02
<VARIANCE> 6
 2.745128e+02 2.049088e+06 4.678333e+06 4.420803e+03 2.356162e+05 1.514881e+08
<GCONST> 8.613367e+01
<MIXTURE> 3 3.157527e-01
<MEAN> 6
 5.081631e+01 -1.179967e+02 -3.052939e+02 1.624419e+02 -3.785111e+02 -1.471625e+03
<VARIANCE> 6
 3.041089e+02 6.781355e+05 1.022673e+06 4.538379e+03 8.039244e+04 5.181961e+07
<GCONST> 8.148796e+01
<STATE> 10
<NUMMIXES> 3
<MIXTURE> 1 3.642814e-01
<MEAN> 6
 9.976623e+01 7.459728e+02 -5.286647e+02 -5.653273e+00 -5.092355e+00 2.442956e+02
<VARIANCE> 6
 8.009698e+01 6.520496e+05 1.587650e+06 2.998339e+02 4.032245e+04 5.181961e+07
<GCONST> 7.714731e+01
<MIXTURE> 2 2.490695e-01
<MEAN> 6
 9.298190e+01 -7.237386e+02 -4.341054e+03 -4.698545e+00 -2.424129e+00 1.533334e+02
<VARIANCE> 6
 1.150348e+02 3.934538e+05 1.895217e+07 2.998339e+02 4.032245e+04 5.181961e+07
<GCONST> 7.948381e+01
<MIXTURE> 3 3.866452e-01
<MEAN> 6
 9.460143e+01 3.451889e+02 -4.747264e+02 -5.101941e+00 -7.255440e+00 2.002345e+02
<VARIANCE> 6
 4.033250e+01 4.595983e+05 1.935251e+06 2.998339e+02 4.032245e+04 5.181961e+07
<GCONST> 7.630945e+01
<STATE> 11
<NUMMIXES> 3
<MIXTURE> 1 3.704253e-01
<MEAN> 6
 7.877000e+01 2.593845e+02 -5.995411e+01 -3.265124e+00 -1.768061e+00 6.695174e+01
<VARIANCE> 6
 3.179780e+01 6.749203e+05 2.646153e+05 2.998339e+02 4.032245e+04 5.181961e+07
<GCONST> 7.446622e+01
<MIXTURE> 2 2.703618e-01
<MEAN> 6
 7.375210e+01 2.134174e+01 -2.736634e+02 -3.739194e+00 8.665497e-01 7.806764e+01
<VARIANCE> 6
 3.977327e+01 6.212995e+05 4.866768e+06 2.998339e+02 4.032245e+04 5.181961e+07
<GCONST> 7.751913e+01
<MIXTURE> 3 3.592118e-01
<MEAN> 6
 7.819856e+01 1.438898e+02 -1.193771e+02 -3.393231e+00 -1.935128e+00 6.832563e+01
<VARIANCE> 6
 3.179780e+01 8.201406e+05 2.976815e+05 2.998339e+02 4.032245e+04 5.181961e+07
<GCONST> 7.477884e+01
<STATE> 12
<NUMMIXES> 3
<MIXTURE> 1 4.039139e-01
<MEAN> 6
 6.171663e+01 -1.401431e+02 1.321860e+01 -1.526739e-01 -5.142728e+00 -6.315234e+01
<VARIANCE> 6
 3.179780e+01 8.433678e+05 2.797029e+04 2.998339e+02 4.032245e+04 5.181961e+07
<GCONST> 7.244189e+01
<MIXTURE> 2 3.050178e-01
<MEAN> 6
 6.020088e+01 2.898051e+02 -4.325893e+01 3.938377e-01 -5.161389e+00 -1.556550e+02
<VARIANCE> 6
 3.179780e+01 6.176707e+04 2.290511e+04 2.998339e+02 4.032245e+04 5.181961e+07
<GCONST> 6.962807e+01
<MIXTURE> 3 2.910557e-01
<MEAN> 6
 5.932743e+01 1.687849e+02 -1.286385e+02 2.012928e-01 -6.816212e+00 -1.231377e+02
<VARIANCE> 6
 3.179780e+01 4.388420e+04 4.580008e+04 2.998339e+02 4.032245e+04 5.181961e+07
<GCONST> 6.997918e+01
<STATE> 13
<NUMMIXES> 3
<MIXTURE> 1 5.562035e-01
<MEAN> 6
 5.263334e+01 -1.350294e+03 4.478036e+02 6.161605e+00 -1.391814e+02 -5.242612e+01
<VARIANCE> 6
 1.777645e+03 3.608429e+07 6.269714e+05 1.270740e+04 1.209489e+05 5.181961e+07
<GCONST> 8.817667e+01
<MIXTURE> 2 2.207754e-01
<MEAN> 6
 -2.899005e+00 -6.467938e+02 5.104256e+02 1.892755e+01 1.189895e+02 6.244062e+02
<VARIANCE> 6
 1.557272e+03 2.503621e+06 3.462787e+05 1.606105e+04 2.902899e+05 7.790750e+07
<GCONST> 8.630002e+01
<MIXTURE> 3 2.230145e-01
<MEAN> 6
 -1.097586e+01 -2.213774e+03 2.472625e+02 -3.463004e+01 2.418570e+02 -1.365676e+02
<VARIANCE> 6
 1.614413e+03 5.421743e+06 3.764872e+05 1.654629e+04 4.598075e+05 1.235790e+08
<GCONST> 8.814343e+01
<STATE> 14
<NUMMIXES> 3
<MIXTURE> 1 2.620177e-01
<MEAN> 6
 1.513575e+01 1.784136e+01 2.061863e+01 4.540473e+01 5.373000e+01 -1.218218e+02
<VARIANCE> 6
 1.862230e+03 7.647415e+04 1.245474e+05 1.467570e+04 1.874585e+05 5.181961e+07
<GCONST> 8.103249e+01
<MIXTURE> 2 4.567262e-01
<MEAN> 6
 2.536061e+01 -6.385662e+01 1.810837e+01 -3.763404e+01 -5.640699e+01 6.765585e+02
<VARIANCE> 6
 2.246666e+03 2.059845e+05 3.397902e+04 2.237492e+04 6.849999e+05 1.586573e+08
<GCONST> 8.374864e+01
<MIXTURE> 3 2.812350e-01
<MEAN> 6
 1.343351e+01 -6.480517e+01 -5.430532e+01 1.912271e+01 4.517611e+01 -8.682618e+02
<VARIANCE> 6
 1.919498e+03 7.013067e+04 6.259163e+04 1.444728e+04 1.712227e+05 5.181961e+07
<GCONST> 8.018185e+01
<TRANSP> 15
 0.000000e+00 1.000000e+00 0.000000e+00 0.000000e+00 0.000000e+00 0.000000e+00 0.000000e+00 0.000000e+00 0.000000e+00 0.000000e+00 0.000000e+00 0.000000e+00 0.000000e+00 0.000000e+00 0.000000e+00
 0.000000e+00 9.991533e-01 8.466711e-04 0.000000e+00 0.000000e+00 0.000000e+00 0.000000e+00 0.000000e+00 0.000000e+00 0.000000e+00 0.000000e+00 0.000000e+00 0.000000e+00 0.000000e+00 0.000000e+00
 0.000000e+00 0.000000e+00 9.994035e-01 5.965268e-04 0.000000e+00 0.000000e+00 0.000000e+00 0.000000e+00 0.000000e+00 0.000000e+00 0.000000e+00 0.000000e+00 0.000000e+00 0.000000e+00 0.000000e+00
 0.000000e+00 0.000000e+00 0.000000e+00 9.984234e-01 1.576626e-03 0.000000e+00 0.000000e+00 0.000000e+00 0.000000e+00 0.000000e+00 0.000000e+00 0.000000e+00 0.000000e+00 0.000000e+00 0.000000e+00
 0.000000e+00 0.000000e+00 0.000000e+00 0.000000e+00 9.998456e-01 1.543942e-04 0.000000e+00 0.000000e+00 0.000000e+00 0.000000e+00 0.000000e+00 0.000000e+00 0.000000e+00 0.000000e+00 0.000000e+00
 0.000000e+00 0.000000e+00 0.000000e+00 0.000000e+00 0.000000e+00 9.928886e-01 7.111476e-03 0.000000e+00 0.000000e+00 0.000000e+00 0.000000e+00 0.000000e+00 0.000000e+00 0.000000e+00 0.000000e+00
 0.000000e+00 0.000000e+00 0.000000e+00 0.000000e+00 0.000000e+00 0.000000e+00 9.984349e-01 1.565084e-03 0.000000e+00 0.000000e+00 0.000000e+00 0.000000e+00 0.000000e+00 0.000000e+00 0.000000e+00
 0.000000e+00 0.000000e+00 0.000000e+00 0.000000e+00 0.000000e+00 0.000000e+00 0.000000e+00 9.998688e-01 1.312514e-04 0.000000e+00 0.000000e+00 0.000000e+00 0.000000e+00 0.000000e+00 0.000000e+00
 0.000000e+00 0.000000e+00 0.000000e+00 0.000000e+00 0.000000e+00 0.000000e+00 0.000000e+00 0.000000e+00 9.964624e-01 3.537630e-03 0.000000e+00 0.000000e+00 0.000000e+00 0.000000e+00 0.000000e+00
 0.000000e+00 0.000000e+00 0.000000e+00 0.000000e+00 0.000000e+00 0.000000e+00 0.000000e+00 0.000000e+00 0.000000e+00 9.984183e-01 1.581675e-03 0.000000e+00 0.000000e+00 0.000000e+00 0.000000e+00
 0.000000e+00 0.000000e+00 0.000000e+00 0.000000e+00 0.000000e+00 0.000000e+00 0.000000e+00 0.000000e+00 0.000000e+00 0.000000e+00 9.990051e-01 9.948751e-04 0.000000e+00 0.000000e+00 0.000000e+00
 0.000000e+00 0.000000e+00 0.000000e+00 0.000000e+00 0.000000e+00 0.000000e+00 0.000000e+00 0.000000e+00 0.000000e+00 0.000000e+00 0.000000e+00 9.988037e-01 1.196282e-03 0.000000e+00 0.000000e+00
 0.000000e+00 0.000000e+00 0.000000e+00 0.000000e+00 0.000000e+00 0.000000e+00 0.000000e+00 0.000000e+00 0.000000e+00 0.000000e+00 0.000000e+00 0.000000e+00 9.988116e-01 1.188379e-03 0.000000e+00
 0.000000e+00 0.000000e+00 0.000000e+00 0.000000e+00 0.000000e+00 0.000000e+00 0.000000e+00 0.000000e+00 0.000000e+00 0.000000e+00 0.000000e+00 0.000000e+00 0.000000e+00 9.998042e-01 1.957823e-04
 0.000000e+00 0.000000e+00 0.000000e+00 0.000000e+00 0.000000e+00 0.000000e+00 0.000000e+00 0.000000e+00 0.000000e+00 0.000000e+00 0.000000e+00 0.000000e+00 0.000000e+00 0.000000e+00 0.000000e+00
<ENDHMM>
~h "QuintoPRIMARIA"
<BEGINHMM>
<NUMSTATES> 15
<STATE> 2
<NUMMIXES> 3
<MIXTURE> 1 3.537581e-01
<MEAN> 6
 2.636728e+01 -5.305168e+00 1.456972e+02 3.310363e+01 1.989705e+01 -6.844714e+01
<VARIANCE> 6
 3.067871e+03 1.948052e+05 4.170977e+05 1.493896e+04 2.486857e+05 5.181961e+07
<GCONST> 8.397578e+01
<MIXTURE> 2 2.933037e-01
<MEAN> 6
 1.716069e+01 2.908092e+01 -1.783456e+02 -4.245539e+01 7.453529e+01 1.030098e+03
<VARIANCE> 6
 3.269789e+03 2.536702e+06 4.951659e+06 3.817734e+04 1.255976e+06 3.618257e+08
<GCONST> 9.358145e+01
<MIXTURE> 3 3.517368e-01
<MEAN> 6
 2.713858e+01 -1.328598e+02 -7.251200e+01 -2.301442e+00 -5.653374e+01 -7.977212e+02
<VARIANCE> 6
 2.973906e+03 1.953199e+05 3.624760e+05 1.800950e+04 2.919711e+05 5.181961e+07
<GCONST> 8.415434e+01
<STATE> 3
<NUMMIXES> 3
<MIXTURE> 1 2.894641e-01
<MEAN> 6
 7.066056e+01 3.670741e+02 -5.117926e+01 1.454841e+02 -8.325110e+02 -1.601418e+03
<VARIANCE> 6
 4.461577e+02 4.956396e+05 1.074171e+05 8.848347e+03 1.611832e+05 9.650669e+07
<GCONST> 8.128942e+01
<MIXTURE> 2 3.448251e-01
<MEAN> 6
 4.937017e+01 1.940092e+01 -4.933228e+01 1.633059e+02 -2.647316e+02 -5.018139e+02
<VARIANCE> 6
 5.040587e+02 1.132271e+05 2.944487e+05 5.460480e+03 1.065949e+05 5.181961e+07
<GCONST> 7.942532e+01
<MIXTURE> 3 3.657068e-01
<MEAN> 6
 4.409822e+01 -1.064331e+02 -2.355108e+02 1.735047e+02 -3.286895e+02 -2.218594e+03
<VARIANCE> 6
 5.299749e+02 1.168775e+05 2.447652e+05 5.909593e+03 1.169932e+05 5.181961e+07
<GCONST> 7.949451e+01
<STATE> 4
<NUMMIXES> 3
<MIXTURE> 1 3.186301e-01
<MEAN> 6
 5.314980e+01 -7.082543e+02 3.484662e+02 1.132879e+01 -1.176443e+01 -1.506739e+02
<VARIANCE> 6
 2.598851e+02 3.228706e+05 8.551666e+04 5.942308e+02 4.032245e+04 5.181961e+07
<GCONST> 7.538419e+01
<MIXTURE> 2 3.138935e-01
<MEAN> 6
 1.196071e+02 -2.370986e+03 2.656054e+01 -1.755972e+00 -1.997849e+00 4.804382e+01
<VARIANCE> 6
 3.179780e+01 9.686609e+04 1.446404e+04 2.998339e+02 4.032245e+04 5.181961e+07
<GCONST> 6.961833e+01
<MIXTURE> 3 3.674797e-01
<MEAN> 6
 5.208769e+01 -8.754105e+02 2.595697e+02 6.352098e+00 -1.132439e+01 -8.486806e+01
<VARIANCE> 6
 2.624329e+02 1.146338e+05 9.072401e+04 2.998339e+02 4.032245e+04 5.181961e+07
<GCONST> 7.373351e+01
<STATE> 5
<NUMMIXES> 3
<MIXTURE> 1 3.722898e-01
<MEAN> 6
 7.658608e+01 -4.674519e+01 -1.911216e+02 1.654886e+02 -9.668715e+02 -5.751056e+03
<VARIANCE> 6
 6.265283e+02 9.933333e+05 8.887690e+06 2.328956e+04 2.878632e+06 2.020992e+09
<GCONST> 9.363190e+01
<MIXTURE> 2 3.100969e-01
<MEAN> 6
 9.409100e+01 2.690895e+02 -3.292080e+02 1.162137e+01 -4.503391e+02 8.112269e+03
<VARIANCE> 6
 2.383054e+02 7.221449e+05 3.083526e+06 3.119248e+03 7.746968e+05 2.573529e+08
<GCONST> 8.590392e+01
<MIXTURE> 3 3.176118e-01
<MEAN> 6
 8.630338e+01 -2.813027e+02 -7.533130e+02 3.308790e+01 -6.395193e+02 4.567193e+03
<VARIANCE> 6
 2.847239e+02 1.054748e+06 4.770442e+06 4.263963e+03 6.285991e+05 2.275495e+08
<GCONST> 8.687762e+01
<STATE> 6
<NUMMIXES> 3
<MIXTURE> 1 2.931160e-01
<MEAN> 6
 6.626719e+01 2.559128e+03 7.284596e+02 -1.259985e+00 -1.884892e+00 8.121524e+01
<VARIANCE> 6
 1.091245e+02 1.483415e+06 1.545622e+06 2.998339e+02 4.032245e+04 5.181961e+07
<GCONST> 7.825172e+01
<MIXTURE> 2 3.347606e-01
<MEAN> 6
 7.475676e+01 1.327167e+03 1.627862e+02 -1.571098e+00 -6.765158e-01 4.447384e+01
<VARIANCE> 6
 5.069179e+01 1.608101e+05 1.406070e+06 2.998339e+02 4.032245e+04 5.181961e+07
<GCONST> 7.516849e+01
<MIXTURE> 3 3.721198e-01
<MEAN> 6
 7.113238e+01 1.149184e+03 -4.268184e+02 -8.168525e-01 -4.471698e+00 -2.756405e+00
<VARIANCE> 6
 7.010015e+01 6.594438e+04 1.236241e+06 2.998339e+02 4.032245e+04 5.181961e+07
<GCONST> 7.447251e+01
<STATE> 7
<NUMMIXES> 3
<MIXTURE> 1 2.495029e-01
<MEAN> 6
 7.827464e+01 5.606156e+02 2.291809e+02 -4.476037e+00 -5.101771e+00 1.582576e+02
<VARIANCE> 6
 5.040855e+01 4.650158e+05 2.888000e+04 2.998339e+02 4.032245e+04 5.181961e+07
<GCONST> 7.233932e+01
<MIXTURE> 2 5.266138e-01
<MEAN> 6
 7.223978e+01 8.058765e+01 3.837699e+02 -1.648523e+00 -4.682243e+00 -5.982180e+00
<VARIANCE> 6
 5.076019e+01 6.358721e+04 2.247731e+04 2.998339e+02 4.032245e+04 5.181961e+07
<GCONST> 7.010597e+01
<MIXTURE> 3 2.238761e-01
<MEAN> 6
 7.623898e+01 3.873262e+02 2.196852e+02 -4.196247e+00 -5.760624e+00 1.053829e+02
<VARIANCE> 6
 5.253323e+01 4.310770e+05 2.300912e+04 2.998339e+02 4.032245e+04 5.181961e+07
<GCONST> 7.207756e+01
<STATE> 8
<NUMMIXES> 3
<MIXTURE> 1 2.272973e-01
<MEAN> 6
 8.189483e+01 -1.077421e+01 3.940804e+01 -3.099178e+00 -1.044232e+00 8.208115e+01
<VARIANCE> 6
 1.029976e+02 3.988373e+04 1.446404e+04 2.998339e+02 4.032245e+04 5.181961e+07
<GCONST> 6.990628e+01
<MIXTURE> 2 5.325482e-01
<MEAN> 6
 6.593163e+01 6.066329e+01 -9.384277e+01 -1.082642e+00 -2.576603e+00 -1.807673e+01
<VARIANCE> 6
 1.080876e+02 2.096230e+04 1.932678e+04 2.998339e+02 4.032245e+04 5.181961e+07
<GCONST> 6.960110e+01
<MIXTURE> 3 2.401451e-01
<MEAN> 6
 7.743510e+01 -7.431100e+01 5.500059e+00 -2.617397e+00 -1.660381e+00 7.367247e+01
<VARIANCE> 6
 1.529260e+02 4.092720e+04 1.446404e+04 2.998339e+02 4.032245e+04 5.181961e+07
<GCONST> 7.032736e+01
<STATE> 9
<NUMMIXES> 3
<MIXTURE> 1 5.101144e-01
<MEAN> 6
 9.990310e+01 6.787501e+02 1.931322e+02 -3.260307e+00 8.463237e-01 2.734298e+01
<VARIANCE> 6
 6.320367e+01 7.152340e+04 4.058742e+04 2.998339e+02 4.032245e+04 5.181961e+07
<GCONST> 7.103379e+01
<MIXTURE> 2 2.342012e-01
<MEAN> 6
 9.558183e+01 5.845241e+02 -1.606998e+03 -2.523679e+00 -9.473090e-01 -2.639782e+01
<VARIANCE> 6
 4.876168e+01 2.984868e+04 7.761542e+05 2.998339e+02 4.032245e+04 5.181961e+07
<GCONST> 7.285138e+01
<MIXTURE> 3 2.556843e-01
<MEAN> 6
 9.280888e+01 5.361753e+02 -1.595090e+03 -2.129892e+00 -2.169013e-01 -4.146913e+01
<VARIANCE> 6
 4.027279e+01 3.513386e+04 5.770846e+05 2.998339e+02 4.032245e+04 5.181961e+07
<GCONST> 7.252678e+01
<STATE> 10
<NUMMIXES> 3
<MIXTURE> 1 3.873110e-01
<MEAN> 6
 8.097750e+01 1.921427e+02 -2.734663e+02 -1.024528e+00 -2.011220e+00 9.889555e+00
<VARIANCE> 6
 3.179780e+01 6.281862e+04 2.094509e+04 2.998339e+02 4.032245e+04 5.181961e+07
<GCONST> 6.955550e+01
<MIXTURE> 2 3.074817e-01
<MEAN> 6
 8.211671e+01 -2.295703e+02 -8.777903e+02 -1.813955e+00 -9.459467e+00 9.963756e+01
<VARIANCE> 6
 3.798603e+01 1.400843e+05 1.567752e+05 2.998339e+02 4.032245e+04 5.181961e+07
<GCONST> 7.254822e+01
<MIXTURE> 3 3.052076e-01
<MEAN> 6
 8.148676e+01 1.180405e+02 -3.593260e+02 -1.192323e+00 -7.018707e+00 4.606008e+01
<VARIANCE> 6
 3.179780e+01 7.448664e+04 4.704602e+04 2.998339e+02 4.032245e+04 5.181961e+07
<GCONST> 7.053509e+01
<STATE> 11
<NUMMIXES> 3
<MIXTURE> 1 2.528167e-01
<MEAN> 6
 9.687383e+01 1.978662e+02 2.853556e+03 -2.333576e+00 7.615465e+00 8.836060e+00
<VARIANCE> 6
 4.337551e+01 7.199980e+04 3.557466e+05 2.998339e+02 4.032245e+04 5.181961e+07
<GCONST> 7.283472e+01
<MIXTURE> 2 4.552492e-01
<MEAN> 6
 8.146748e+01 -5.457025e+02 2.278326e+03 -3.375989e+00 5.326446e+00 8.589327e+01
<VARIANCE> 6
 4.153482e+01 7.707305e+04 9.440329e+05 2.998339e+02 4.032245e+04 5.181961e+07
<GCONST> 7.383539e+01
<MIXTURE> 3 2.919354e-01
<MEAN> 6
 9.378946e+01 3.025293e+02 2.534379e+03 -2.148542e+00 -5.415031e+00 2.353929e+01
<VARIANCE> 6
 4.341875e+01 6.350797e+04 4.415692e+05 2.998339e+02 4.032245e+04 5.181961e+07
<GCONST> 7.292633e+01
<STATE> 12
<NUMMIXES> 3
<MIXTURE> 1 2.877741e-01
<MEAN> 6
 6.376933e+01 -6.860079e+00 5.644342e+02 -3.244018e+00 -3.672583e+00 -7.846658e+00
<VARIANCE> 6
 4.757776e+01 9.037878e+04 3.556352e+06 2.998339e+02 4.032245e+04 5.181961e+07
<GCONST> 7.545681e+01
<MIXTURE> 2 3.286562e-01
<MEAN> 6
 6.585476e+01 -2.330797e+01 -1.183926e+02 -1.476344e+00 -3.666858e+00 -9.383453e+01
<VARIANCE> 6
 3.179780e+01 3.998562e+04 3.356202e+05 2.998339e+02 4.032245e+04 5.181961e+07
<GCONST> 7.187784e+01
<MIXTURE> 3 3.835671e-01
<MEAN> 6
 6.300369e+01 -8.670314e+01 -3.013395e+02 -9.377036e-01 -4.653403e+00 -1.138397e+02
<VARIANCE> 6
 3.179780e+01 2.872249e+04 1.844663e+05 2.998339e+02 4.032245e+04 5.181961e+07
<GCONST> 7.094849e+01
<STATE> 13
<NUMMIXES> 3
<MIXTURE> 1 5.715453e-02
<MEAN> 6
 7.156979e+01 6.685497e+02 -6.879306e+02 -4.488167e+01 -6.565045e+02 -5.186035e+03
<VARIANCE> 6
 1.889846e+02 4.025781e+05 9.111379e+05 6.745544e+02 6.882169e+04 5.556834e+07
<GCONST> 7.838348e+01
<MIXTURE> 2 4.421713e-01
<MEAN> 6
 7.648246e+01 -8.180646e+02 -4.288316e+01 -7.579567e-01 2.567972e+00 -5.178852e+00
<VARIANCE> 6
 3.179780e+01 3.296780e+04 2.252451e+04 2.998339e+02 4.032245e+04 5.181961e+07
<GCONST> 6.898347e+01
<MIXTURE> 3 5.006598e-01
<MEAN> 6
 7.395330e+01 -9.721279e+02 -1.182525e+02 5.901412e-01 -6.021602e+00 -4.752249e+01
<VARIANCE> 6
 3.179780e+01 7.295296e+04 1.994712e+04 2.998339e+02 4.032245e+04 5.181961e+07
<GCONST> 6.965624e+01
<STATE> 14
<NUMMIXES> 3
<MIXTURE> 1 4.684286e-01
<MEAN> 6
 3.123639e+01 3.651082e+01 1.596446e+02 2.320107e+01 6.755698e+01 3.379824e+02
<VARIANCE> 6
 3.837081e+03 5.450859e+05 6.131334e+05 3.021302e+04 7.313012e+05 1.647923e+08
<GCONST> 8.855357e+01
<MIXTURE> 2 4.675544e-02
<MEAN> 6
 -3.313990e+00 1.149318e+02 7.106525e+01 -4.904622e+01 1.678334e+02 4.832103e+03
<VARIANCE> 6
 9.844396e+03 2.635783e+05 3.871446e+05 1.291134e+06 6.935793e+08 1.018501e+12
<GCONST> 1.076483e+02
<MIXTURE> 3 4.847888e-01
<MEAN> 6
 2.983681e+01 -1.330808e+02 -6.943804e+01 -1.569531e+01 -7.806306e+01 -7.287632e+02
<VARIANCE> 6
 3.715253e+03 4.642682e+05 4.102906e+05 3.570894e+04 9.930962e+05 2.451116e+08
<GCONST> 8.882927e+01
<TRANSP> 15
 0.000000e+00 1.000000e+00 0.000000e+00 0.000000e+00 0.000000e+00 0.000000e+00 0.000000e+00 0.000000e+00 0.000000e+00 0.000000e+00 0.000000e+00 0.000000e+00 0.000000e+00 0.000000e+00 0.000000e+00
 0.000000e+00 9.999419e-01 5.806612e-05 0.000000e+00 0.000000e+00 0.000000e+00 0.000000e+00 0.000000e+00 0.000000e+00 0.000000e+00 0.000000e+00 0.000000e+00 0.000000e+00 0.000000e+00 0.000000e+00
 0.000000e+00 0.000000e+00 9.946938e-01 5.306295e-03 0.000000e+00 0.000000e+00 0.000000e+00 0.000000e+00 0.000000e+00 0.000000e+00 0.000000e+00 0.000000e+00 0.000000e+00 0.000000e+00 0.000000e+00
 0.000000e+00 0.000000e+00 0.000000e+00 9.917246e-01 8.275426e-03 0.000000e+00 0.000000e+00 0.000000e+00 0.000000e+00 0.000000e+00 0.000000e+00 0.000000e+00 0.000000e+00 0.000000e+00 0.000000e+00
 0.000000e+00 0.000000e+00 0.000000e+00 0.000000e+00 9.893098e-01 1.069025e-02 0.000000e+00 0.000000e+00 0.000000e+00 0.000000e+00 0.000000e+00 0.000000e+00 0.000000e+00 0.000000e+00 0.000000e+00
 0.000000e+00 0.000000e+00 0.000000e+00 0.000000e+00 0.000000e+00 9.981673e-01 1.832677e-03 0.000000e+00 0.000000e+00 0.000000e+00 0.000000e+00 0.000000e+00 0.000000e+00 0.000000e+00 0.000000e+00
 0.000000e+00 0.000000e+00 0.000000e+00 0.000000e+00 0.000000e+00 0.000000e+00 9.975973e-01 2.402647e-03 0.000000e+00 0.000000e+00 0.000000e+00 0.000000e+00 0.000000e+00 0.000000e+00 0.000000e+00
 0.000000e+00 0.000000e+00 0.000000e+00 0.000000e+00 0.000000e+00 0.000000e+00 0.000000e+00 9.988534e-01 1.146616e-03 0.000000e+00 0.000000e+00 0.000000e+00 0.000000e+00 0.000000e+00 0.000000e+00
 0.000000e+00 0.000000e+00 0.000000e+00 0.000000e+00 0.000000e+00 0.000000e+00 0.000000e+00 0.000000e+00 9.974363e-01 2.563703e-03 0.000000e+00 0.000000e+00 0.000000e+00 0.000000e+00 0.000000e+00
 0.000000e+00 0.000000e+00 0.000000e+00 0.000000e+00 0.000000e+00 0.000000e+00 0.000000e+00 0.000000e+00 0.000000e+00 9.980277e-01 1.972281e-03 0.000000e+00 0.000000e+00 0.000000e+00 0.000000e+00
 0.000000e+00 0.000000e+00 0.000000e+00 0.000000e+00 0.000000e+00 0.000000e+00 0.000000e+00 0.000000e+00 0.000000e+00 0.000000e+00 9.956160e-01 4.383993e-03 0.000000e+00 0.000000e+00 0.000000e+00
 0.000000e+00 0.000000e+00 0.000000e+00 0.000000e+00 0.000000e+00 0.000000e+00 0.000000e+00 0.000000e+00 0.000000e+00 0.000000e+00 0.000000e+00 9.980059e-01 1.994133e-03 0.000000e+00 0.000000e+00
 0.000000e+00 0.000000e+00 0.000000e+00 0.000000e+00 0.000000e+00 0.000000e+00 0.000000e+00 0.000000e+00 0.000000e+00 0.000000e+00 0.000000e+00 0.000000e+00 9.927842e-01 7.215790e-03 0.000000e+00
 0.000000e+00 0.000000e+00 0.000000e+00 0.000000e+00 0.000000e+00 0.000000e+00 0.000000e+00 0.000000e+00 0.000000e+00 0.000000e+00 0.000000e+00 0.000000e+00 0.000000e+00 9.998479e-01 1.520299e-04
 0.000000e+00 0.000000e+00 0.000000e+00 0.000000e+00 0.000000e+00 0.000000e+00 0.000000e+00 0.000000e+00 0.000000e+00 0.000000e+00 0.000000e+00 0.000000e+00 0.000000e+00 0.000000e+00 0.000000e+00
<ENDHMM>
