~o
<STREAMINFO> 1 6
<VECSIZE> 6<NULLD><USER><DIAGC>
~h "SegundoPRIMARIA"
<BEGINHMM>
<NUMSTATES> 5
<STATE> 2
<NUMMIXES> 2
<MIXTURE> 1 5.000000e-01
<MEAN> 6
 4.384907e+01 8.134248e+01 2.137584e+02 3.211406e+01 1.511549e+02 2.291642e+03
<VARIANCE> 6
 3.670463e+03 2.332084e+05 1.035641e+06 2.477338e+04 5.670117e+05 1.325754e+08
<GCONST> 8.751388e+01
<MIXTURE> 2 5.000000e-01
<MEAN> 6
 1.961533e+01 -1.118242e+02 -1.933074e+02 -3.084419e+01 -1.500458e+02 -2.314013e+03
<VARIANCE> 6
 3.670463e+03 2.332084e+05 1.035641e+06 2.477338e+04 5.670117e+05 1.325754e+08
<GCONST> 8.751388e+01
<STATE> 3
<NUMMIXES> 2
<MIXTURE> 1 5.000000e-01
<MEAN> 6
 8.408459e+01 4.735143e+02 5.221014e+01 2.378226e+00 3.471182e+01 1.250917e+03
<VARIANCE> 6
 1.584326e+02 1.077821e+06 3.859143e+05 2.892574e+02 3.394150e+04 4.192794e+07
<GCONST> 7.649758e+01
<MIXTURE> 2 5.000000e-01
<MEAN> 6
 7.904979e+01 5.824167e+01 -1.962779e+02 -4.424802e+00 -3.898106e+01 -1.339154e+03
<VARIANCE> 6
 1.584326e+02 1.077821e+06 3.859143e+05 2.892574e+02 3.394150e+04 4.192794e+07
<GCONST> 7.649758e+01
<STATE> 4
<NUMMIXES> 2
<MIXTURE> 1 5.000000e-01
<MEAN> 6
 4.641198e+01 8.276521e+01 9.396257e+01 4.240890e+01 3.543739e+02 1.043415e+04
<VARIANCE> 6
 4.077871e+03 4.716886e+05 1.735279e+05 4.407084e+04 3.138281e+06 2.713642e+09
<GCONST> 9.184306e+01
<MIXTURE> 2 5.000000e-01
<MEAN> 6
 2.086870e+01 -1.919531e+02 -7.266415e+01 -4.156332e+01 -3.542339e+02 -1.040290e+04
<VARIANCE> 6
 4.077871e+03 4.716886e+05 1.735279e+05 4.407084e+04 3.138281e+06 2.713642e+09
<GCONST> 9.184306e+01
<TRANSP> 5
 0.000000e+00 1.000000e+00 0.000000e+00 0.000000e+00 0.000000e+00
 0.000000e+00 9.998951e-01 1.048567e-04 0.000000e+00 0.000000e+00
 0.000000e+00 0.000000e+00 9.997084e-01 2.916051e-04 0.000000e+00
 0.000000e+00 0.000000e+00 0.000000e+00 9.999288e-01 7.123039e-05
 0.000000e+00 0.000000e+00 0.000000e+00 0.000000e+00 0.000000e+00
<ENDHMM>
~h "SegundoESO"
<BEGINHMM>
<NUMSTATES> 5
<STATE> 2
<NUMMIXES> 2
<MIXTURE> 1 5.000000e-01
<MEAN> 6
 5.093714e+01 6.899815e+02 6.154604e+02 3.030189e+01 1.218214e+02 1.599911e+03
<VARIANCE> 6
 3.469714e+03 1.416476e+07 1.480562e+07 2.038888e+04 3.735272e+05 6.492610e+07
<GCONST> 9.289812e+01
<MIXTURE> 2 5.000000e-01
<MEAN> 6
 2.737542e+01 -8.154625e+02 -9.236625e+02 -2.681397e+01 -1.226461e+02 -1.623158e+03
<VARIANCE> 6
 3.469714e+03 1.416476e+07 1.480562e+07 2.038888e+04 3.735272e+05 6.492610e+07
<GCONST> 9.289812e+01
<STATE> 3
<NUMMIXES> 2
<MIXTURE> 1 5.000000e-01
<MEAN> 6
 7.133618e+01 2.722586e+02 -6.833725e+00 3.120702e+00 3.372618e+01 1.206081e+03
<VARIANCE> 6
 8.852995e+01 8.439242e+05 9.152632e+05 2.892574e+02 3.394150e+04 4.192794e+07
<GCONST> 7.653456e+01
<MIXTURE> 2 5.000000e-01
<MEAN> 6
 6.757257e+01 -9.520277e+01 -3.895113e+02 -3.682326e+00 -3.996670e+01 -1.383990e+03
<VARIANCE> 6
 8.852995e+01 8.439242e+05 9.152632e+05 2.892574e+02 3.394150e+04 4.192794e+07
<GCONST> 7.653456e+01
<STATE> 4
<NUMMIXES> 2
<MIXTURE> 1 5.000000e-01
<MEAN> 6
 3.337247e+01 1.853103e+02 2.231093e+02 3.113027e+01 1.450289e+02 2.155006e+03
<VARIANCE> 6
 2.758262e+03 9.692062e+05 6.670799e+05 2.396121e+04 5.212409e+05 1.138539e+08
<GCONST> 8.794310e+01
<MIXTURE> 2 5.000000e-01
<MEAN> 6
 1.236481e+01 -2.084827e+02 -1.035905e+02 -3.078737e+01 -1.437592e+02 -2.113088e+03
<VARIANCE> 6
 2.758262e+03 9.692062e+05 6.670799e+05 2.396121e+04 5.212409e+05 1.138539e+08
<GCONST> 8.794310e+01
<TRANSP> 5
 0.000000e+00 1.000000e+00 0.000000e+00 0.000000e+00 0.000000e+00
 0.000000e+00 9.995774e-01 4.225762e-04 0.000000e+00 0.000000e+00
 0.000000e+00 0.000000e+00 9.997713e-01 2.286635e-04 0.000000e+00
 0.000000e+00 0.000000e+00 0.000000e+00 9.999515e-01 4.853365e-05
 0.000000e+00 0.000000e+00 0.000000e+00 0.000000e+00 0.000000e+00
<ENDHMM>
~h "QuintoPRIMARIA"
<BEGINHMM>
<NUMSTATES> 5
<STATE> 2
<NUMMIXES> 2
<MIXTURE> 1 5.000000e-01
<MEAN> 6
 3.827082e+01 1.886089e+02 1.964012e+02 3.254506e+01 1.609985e+02 2.592227e+03
<VARIANCE> 6
 3.066918e+03 9.950129e+05 1.413106e+06 2.544796e+04 6.456835e+05 1.690341e+08
<GCONST> 8.949557e+01
<MIXTURE> 2 5.000000e-01
<MEAN> 6
 1.611892e+01 -2.103925e+02 -2.790954e+02 -3.126462e+01 -1.604193e+02 -2.608298e+03
<VARIANCE> 6
 3.066918e+03 9.950129e+05 1.413106e+06 2.544796e+04 6.456835e+05 1.690341e+08
<GCONST> 8.949557e+01
<STATE> 3
<NUMMIXES> 2
<MIXTURE> 1 5.000000e-01
<MEAN> 6
 8.425224e+01 2.947860e+02 4.454632e+02 -4.469728e-02 3.578721e+01 1.372743e+03
<VARIANCE> 6
 2.002950e+02 4.529539e+05 1.170213e+06 2.892574e+02 3.394150e+04 4.192794e+07
<GCONST> 7.697446e+01
<MIXTURE> 2 5.000000e-01
<MEAN> 6
 7.859122e+01 2.557860e+01 1.275763e+01 -6.847725e+00 -3.790567e+01 -1.217329e+03
<VARIANCE> 6
 2.002950e+02 4.529539e+05 1.170213e+06 2.892574e+02 3.394150e+04 4.192794e+07
<GCONST> 7.697446e+01
<STATE> 4
<NUMMIXES> 2
<MIXTURE> 1 5.000000e-01
<MEAN> 6
 5.007705e+01 5.114581e+01 3.420662e+02 1.033161e+02 2.253864e+03 8.629339e+04
<VARIANCE> 6
 6.111976e+03 8.356721e+05 8.077724e+05 2.557886e+05 1.271466e+08 1.860529e+11
<GCONST> 1.040455e+02
<MIXTURE> 2 5.000000e-01
<MEAN> 6
 1.880539e+01 -3.145146e+02 -1.743842e+01 -9.898608e+01 -2.256508e+03 -8.624202e+04
<VARIANCE> 6
 6.111976e+03 8.356721e+05 8.077724e+05 2.557886e+05 1.271466e+08 1.860529e+11
<GCONST> 1.040455e+02
<TRANSP> 5
 0.000000e+00 1.000000e+00 0.000000e+00 0.000000e+00 0.000000e+00
 0.000000e+00 9.999564e-01 4.360709e-05 0.000000e+00 0.000000e+00
 0.000000e+00 0.000000e+00 9.996604e-01 3.396015e-04 0.000000e+00
 0.000000e+00 0.000000e+00 0.000000e+00 9.994066e-01 5.933995e-04
 0.000000e+00 0.000000e+00 0.000000e+00 0.000000e+00 0.000000e+00
<ENDHMM>
