~o
<STREAMINFO> 1 6
<VECSIZE> 6<NULLD><USER><DIAGC>
~h "SegundoPRIMARIA"
<BEGINHMM>
<NUMSTATES> 4
<STATE> 2
<NUMMIXES> 6
<MIXTURE> 1 1.843075e-01
<MEAN> 6
 8.731886e+01 -1.355836e+02 2.822859e+02 -2.768234e+00 -2.094750e+01 -1.456746e+02
<VARIANCE> 6
 3.643043e+02 6.532949e+06 2.031009e+06 2.936239e+02 3.739780e+04 4.792847e+07
<GCONST> 8.103855e+01
<MIXTURE> 2 9.585639e-02
<MEAN> 6
 2.483942e+01 8.459442e+00 -1.298717e+02 -8.465747e+01 -4.489494e+01 3.615261e+03
<VARIANCE> 6
 4.366518e+03 6.414556e+06 1.511614e+06 6.247587e+04 3.491376e+06 1.773746e+09
<GCONST> 9.671645e+01
<MIXTURE> 3 1.792759e-01
<MEAN> 6
 -1.490307e+01 3.000283e+01 -5.044676e+00 5.157993e+01 2.017450e+02 -2.643138e+02
<VARIANCE> 6
 3.095469e+03 4.077494e+05 9.639736e+05 2.016585e+04 3.187206e+05 5.049909e+07
<GCONST> 8.608347e+01
<MIXTURE> 4 1.750343e-01
<MEAN> 6
 7.532848e+01 1.435473e+02 -3.039886e+01 3.415314e+00 2.520372e+01 1.278392e+03
<VARIANCE> 6
 1.185573e+02 2.643520e+05 3.050974e+05 2.936239e+02 3.739780e+04 4.792847e+07
<GCONST> 7.481297e+01
<MIXTURE> 5 1.895123e-01
<MEAN> 6
 2.099498e+01 -1.427784e+02 -1.983167e+02 -7.448328e+00 -1.230879e+02 -1.281586e+03
<VARIANCE> 6
 3.414712e+03 2.449930e+05 9.945573e+05 3.839339e+04 9.243964e+05 1.444850e+08
<GCONST> 8.846337e+01
<MIXTURE> 6 1.750343e-01
<MEAN> 6
 7.097312e+01 -6.211340e+01 -2.513413e+02 -3.438869e+00 -5.215032e+01 -1.490824e+03
<VARIANCE> 6
 1.185573e+02 2.643520e+05 3.050974e+05 2.936239e+02 3.739780e+04 4.792847e+07
<GCONST> 7.481297e+01
<STATE> 3
<NUMMIXES> 6
<MIXTURE> 1 1.186003e-02
<MEAN> 6
 4.982724e+01 3.454756e+02 7.091687e+01 3.127164e+01 -1.198999e+03 6.485258e+03
<VARIANCE> 6
 7.113034e+03 2.614829e+06 1.492415e+06 5.379384e+05 2.843311e+08 4.332163e+11
<GCONST> 1.083452e+02
<MIXTURE> 2 3.328730e-01
<MEAN> 6
 -2.369846e+01 1.186321e+02 2.712997e+01 7.504130e+01 4.382245e+02 -1.051438e+03
<VARIANCE> 6
 1.229445e+03 1.830295e+05 6.568447e+04 2.539296e+04 2.799667e+05 5.598096e+07
<GCONST> 8.187678e+01
<MIXTURE> 3 1.546653e-01
<MEAN> 6
 4.572406e+01 5.194632e+01 1.481642e+02 -2.589895e+01 -5.486884e+02 -8.596340e+02
<VARIANCE> 6
 2.739573e+03 2.425307e+05 3.661000e+05 6.544276e+04 1.690594e+06 7.079610e+08
<GCONST> 8.995979e+01
<MIXTURE> 4 1.695838e-01
<MEAN> 6
 9.314148e+01 4.850927e+01 7.785947e+01 1.623815e+01 -2.258399e+02 8.328678e+02
<VARIANCE> 6
 3.068837e+02 3.732418e+05 1.235328e+05 9.870119e+03 2.184296e+05 4.792847e+07
<GCONST> 8.048468e+01
<MIXTURE> 5 1.607927e-01
<MEAN> 6
 1.005582e+01 -2.807763e+01 -9.329602e+00 -1.181198e+02 3.807703e+02 3.711247e+03
<VARIANCE> 6
 3.154444e+03 1.979407e+05 8.532304e+04 5.738990e+04 2.590454e+06 7.415845e+08
<GCONST> 8.878302e+01
<MIXTURE> 6 1.695838e-01
<MEAN> 6
 8.613425e+01 -1.958648e+02 -6.272945e+01 -2.350124e+01 -4.127857e+02 -1.936348e+03
<VARIANCE> 6
 3.068837e+02 3.732418e+05 1.235328e+05 9.870119e+03 2.184296e+05 4.792847e+07
<GCONST> 8.048468e+01
<TRANSP> 4
 0.000000e+00 1.000000e+00 0.000000e+00 0.000000e+00
 0.000000e+00 9.999099e-01 9.003626e-05 0.000000e+00
 0.000000e+00 0.000000e+00 9.999368e-01 6.318672e-05
 0.000000e+00 0.000000e+00 0.000000e+00 0.000000e+00
<ENDHMM>
~h "SegundoESO"
<BEGINHMM>
<NUMSTATES> 4
<STATE> 2
<NUMMIXES> 6
<MIXTURE> 1 1.421799e-01
<MEAN> 6
 7.991975e+01 -8.188367e+02 2.470781e+02 -2.828707e+00 -2.121168e+01 -1.010476e+02
<VARIANCE> 6
 1.777573e+02 1.412290e+07 1.560460e+07 2.936239e+02 3.739780e+04 4.792847e+07
<GCONST> 8.313095e+01
<MIXTURE> 2 1.413881e-01
<MEAN> 6
 2.810866e+01 -1.289351e+02 -6.153169e+01 -4.979181e+01 -2.070801e+02 1.302022e+03
<VARIANCE> 6
 2.847194e+03 1.332589e+07 3.088898e+06 3.812366e+04 1.235342e+06 3.011421e+08
<GCONST> 9.442844e+01
<MIXTURE> 3 2.089218e-01
<MEAN> 6
 7.235291e+01 4.262256e+01 9.287505e+01 -4.155931e-01 -2.080339e+01 -8.600861e+01
<VARIANCE> 6
 9.225645e+01 3.763968e+05 6.593201e+05 2.936239e+02 3.739780e+04 4.792847e+07
<GCONST> 7.568609e+01
<MIXTURE> 4 1.517549e-01
<MEAN> 6
 4.391528e+00 5.555687e+02 2.519031e+02 5.644826e+01 2.376596e+02 8.700339e+02
<VARIANCE> 6
 2.431511e+03 1.449264e+06 2.617715e+06 2.499483e+04 3.245985e+05 4.792847e+07
<GCONST> 8.828989e+01
<MIXTURE> 5 2.031736e-01
<MEAN> 6
 6.756656e+01 -6.579474e+00 -1.934598e+02 -2.530681e-01 -1.074978e+01 -1.069722e+02
<VARIANCE> 6
 8.037486e+01 1.023717e+06 4.332019e+05 2.936239e+02 3.739780e+04 4.792847e+07
<GCONST> 7.612876e+01
<MIXTURE> 6 1.517549e-01
<MEAN> 6
 -1.533261e+01 7.402715e+01 -3.952711e+02 -6.790756e+00 9.765404e+00 -1.899182e+03
<VARIANCE> 6
 2.431511e+03 1.449264e+06 2.617715e+06 2.499483e+04 3.245985e+05 4.792847e+07
<GCONST> 8.828989e+01
<STATE> 3
<NUMMIXES> 6
<MIXTURE> 1 1.826886e-01
<MEAN> 6
 7.718286e+01 -5.549530e+01 -1.007020e+02 2.557642e+00 -6.178659e+01 1.271981e+01
<VARIANCE> 6
 2.212531e+02 8.577211e+05 3.417498e+05 1.343813e+03 3.739780e+04 4.792847e+07
<GCONST> 7.824829e+01
<MIXTURE> 2 1.186856e-01
<MEAN> 6
 1.013407e+01 1.920904e+02 9.752640e+00 -7.881606e+01 1.216822e+02 3.021880e+03
<VARIANCE> 6
 2.988937e+03 1.594074e+06 6.031401e+05 4.089964e+04 1.772385e+06 5.360322e+08
<GCONST> 9.172806e+01
<MIXTURE> 3 1.779855e-01
<MEAN> 6
 5.186327e+01 3.987693e+01 8.145214e+01 4.480511e+01 -4.271623e+02 -7.776097e+02
<VARIANCE> 6
 5.571610e+02 5.979632e+05 1.761246e+05 2.545694e+04 1.251957e+05 4.792847e+07
<GCONST> 8.229794e+01
<MIXTURE> 4 1.755172e-01
<MEAN> 6
 -2.568993e+01 1.458197e+02 1.128756e+02 5.424613e+01 5.665253e+02 7.849793e+02
<VARIANCE> 6
 5.377252e+02 2.888116e+05 1.667246e+05 2.278778e+04 2.293580e+05 6.675958e+07
<GCONST> 8.230587e+01
<MIXTURE> 5 1.693803e-01
<MEAN> 6
 5.175009e+01 -5.974187e+01 1.811495e+01 -4.162036e+01 -5.395055e+02 5.481399e+02
<VARIANCE> 6
 6.695665e+02 5.729564e+05 8.663351e+04 2.953141e+04 2.348693e+05 7.317002e+07
<GCONST> 8.293019e+01
<MIXTURE> 6 1.755172e-01
<MEAN> 6
 -3.496549e+01 -6.914513e+01 -5.045210e+01 -6.136354e+00 3.749600e+02 -2.483282e+03
<VARIANCE> 6
 5.377252e+02 2.888116e+05 1.667246e+05 2.278778e+04 2.293580e+05 6.675958e+07
<GCONST> 8.230587e+01
<TRANSP> 4
 0.000000e+00 1.000000e+00 0.000000e+00 0.000000e+00
 0.000000e+00 9.999139e-01 8.611943e-05 0.000000e+00
 0.000000e+00 0.000000e+00 9.999363e-01 6.363841e-05
 0.000000e+00 0.000000e+00 0.000000e+00 0.000000e+00
<ENDHMM>
~h "QuintoPRIMARIA"
<BEGINHMM>
<NUMSTATES> 4
<STATE> 2
<NUMMIXES> 6
<MIXTURE> 1 1.545508e-01
<MEAN> 6
 7.697230e+01 6.767295e+01 -9.412476e+01 -4.146493e+00 -1.938135e+01 -1.937937e+02
<VARIANCE> 6
 1.410175e+02 4.509341e+05 1.274371e+05 2.936239e+02 3.739780e+04 4.792847e+07
<GCONST> 7.464749e+01
<MIXTURE> 2 1.477254e-01
<MEAN> 6
 1.134909e+01 -1.607442e+02 8.177219e+00 -4.666660e+01 1.021679e+02 2.062159e+03
<VARIANCE> 6
 3.162959e+03 1.207309e+06 1.155280e+06 5.193198e+04 2.233684e+06 7.940758e+08
<GCONST> 9.301983e+01
<MIXTURE> 3 2.350467e-01
<MEAN> 6
 -3.931292e+01 -3.278608e+01 4.136970e+01 2.879436e+01 5.784929e+02 -7.412979e+02
<VARIANCE> 6
 5.718568e+02 1.274572e+05 1.404282e+05 2.357748e+04 2.646118e+05 6.575758e+07
<GCONST> 8.153969e+01
<MIXTURE> 4 1.421898e-01
<MEAN> 6
 5.978197e+01 9.740369e+01 4.775321e+01 4.044168e+01 -3.987924e+02 1.659436e+03
<VARIANCE> 6
 8.030045e+02 1.687079e+05 1.250058e+05 3.538770e+04 2.815388e+05 8.905194e+07
<GCONST> 8.281453e+01
<MIXTURE> 5 1.775550e-01
<MEAN> 6
 7.247414e+01 -7.234735e+01 -6.823420e+01 -2.286187e+00 -1.770345e+01 -1.763237e+02
<VARIANCE> 6
 1.592328e+02 7.640793e+04 2.076974e+05 2.936239e+02 3.739780e+04 4.792847e+07
<GCONST> 7.348220e+01
<MIXTURE> 6 1.421898e-01
<MEAN> 6
 4.844704e+01 -6.689259e+01 -9.367143e+01 -3.480480e+01 -6.110334e+02 -2.115257e+03
<VARIANCE> 6
 8.030045e+02 1.687079e+05 1.250058e+05 3.538770e+04 2.815388e+05 8.905194e+07
<GCONST> 8.281453e+01
<STATE> 3
<NUMMIXES> 6
<MIXTURE> 1 1.861852e-01
<MEAN> 6
 8.841193e+01 4.801099e+02 6.507715e+02 8.080986e-01 2.568784e+01 1.281196e+03
<VARIANCE> 6
 2.510352e+02 1.899954e+06 4.176280e+06 2.936239e+02 3.739780e+04 4.792847e+07
<GCONST> 8.015202e+01
<MIXTURE> 2 3.123542e-02
<MEAN> 6
 1.297283e+01 -3.598384e+02 -6.763239e+01 -9.976471e+00 -3.680349e+02 1.864368e+03
<VARIANCE> 6
 1.047858e+04 2.600804e+06 8.453568e+05 1.280892e+06 6.903234e+08 1.012584e+12
<GCONST> 1.107625e+02
<MIXTURE> 3 2.836383e-01
<MEAN> 6
 -1.231280e+01 1.253157e+02 2.644784e+02 3.125351e+01 1.361311e+02 -4.721891e+02
<VARIANCE> 6
 3.153811e+03 1.748341e+06 1.394173e+06 3.528842e+04 4.809737e+05 7.412511e+07
<GCONST> 8.928177e+01
<MIXTURE> 4 9.467628e-02
<MEAN> 6
 7.586153e+01 -8.380924e+01 -4.936959e+02 1.378530e+01 -4.518151e+02 -2.430554e+02
<VARIANCE> 6
 2.596297e+02 1.376850e+06 1.079833e+07 1.461443e+04 1.321593e+05 4.792847e+07
<GCONST> 8.598348e+01
<MIXTURE> 5 2.179817e-01
<MEAN> 6
 3.234324e+00 -1.769464e+02 -3.465259e+02 -3.441469e+01 8.599751e+01 6.284603e+02
<VARIANCE> 6
 4.131113e+03 4.501235e+05 5.755832e+06 4.856675e+04 1.513551e+06 4.841026e+08
<GCONST> 9.295503e+01
<MIXTURE> 6 1.861852e-01
<MEAN> 6
 8.207430e+01 -7.124535e+01 -1.666665e+02 -6.046084e+00 -5.166620e+01 -1.488020e+03
<VARIANCE> 6
 2.510352e+02 1.899954e+06 4.176280e+06 2.936239e+02 3.739780e+04 4.792847e+07
<GCONST> 8.015202e+01
<TRANSP> 4
 0.000000e+00 1.000000e+00 0.000000e+00 0.000000e+00
 0.000000e+00 9.999447e-01 5.533526e-05 0.000000e+00
 0.000000e+00 0.000000e+00 9.998991e-01 1.008978e-04
 0.000000e+00 0.000000e+00 0.000000e+00 0.000000e+00
<ENDHMM>
