~o
<STREAMINFO> 1 6
<VECSIZE> 6<NULLD><USER><DIAGC>
~h "SegundoPRIMARIA"
<BEGINHMM>
<NUMSTATES> 7
<STATE> 2
<NUMMIXES> 11
<MIXTURE> 1 7.135776e-02
<MEAN> 6
 9.763332e+01 3.448582e+02 2.129497e+02 4.216659e-02 -1.865638e+01 -1.822681e+01
<VARIANCE> 6
 4.211380e+02 8.244431e+05 1.285847e+06 2.961554e+02 4.050157e+04 5.219723e+07
<GCONST> 7.883013e+01
<MIXTURE> 2 7.304876e-02
<MEAN> 6
 5.399901e+01 -4.808530e+02 -6.025864e+01 -8.949169e+00 -4.566453e+02 8.474684e+02
<VARIANCE> 6
 4.722825e+03 3.269665e+07 1.691678e+06 5.980985e+04 4.498056e+06 3.179414e+09
<GCONST> 9.932948e+01
<MIXTURE> 3 1.062070e-01
<MEAN> 6
 -3.969086e+01 -4.490971e+01 -7.429504e+01 -8.779272e+01 1.223986e+03 1.813144e+03
<VARIANCE> 6
 8.091587e+02 5.154190e+05 1.553222e+06 5.562024e+04 8.147488e+05 5.358081e+08
<GCONST> 8.976807e+01
<MIXTURE> 4 8.910210e-02
<MEAN> 6
 4.649181e+01 -4.887965e+01 3.229884e+01 1.056523e+02 -2.626255e+02 -1.919962e+03
<VARIANCE> 6
 1.125511e+03 2.551434e+05 1.600131e+06 3.626704e+04 1.389222e+05 5.219723e+07
<GCONST> 8.489931e+01
<MIXTURE> 5 8.130366e-02
<MEAN> 6
 -6.328835e+01 8.897588e+01 -1.376485e+02 -1.307783e+00 1.860816e+02 2.511902e+02
<VARIANCE> 6
 2.264545e+02 4.091796e+05 1.573849e+06 9.427948e+02 6.174400e+04 5.219723e+07
<GCONST> 7.929089e+01
<MIXTURE> 6 1.311131e-01
<MEAN> 6
 7.483591e+01 2.923199e+01 -6.951780e+01 -4.524400e+01 -8.715752e+02 8.114842e+02
<VARIANCE> 6
 1.005389e+03 4.497253e+05 1.743737e+06 4.506666e+04 6.739253e+05 3.179746e+08
<GCONST> 8.904258e+01
<MIXTURE> 7 7.819937e-02
<MEAN> 6
 7.617842e+01 -3.278809e+02 6.768709e+02 -8.240121e-01 -9.520434e+00 -3.929404e+01
<VARIANCE> 6
 1.742992e+02 2.517142e+05 4.164056e+06 2.961554e+02 4.050157e+04 5.219723e+07
<GCONST> 7.793661e+01
<MIXTURE> 8 1.146546e-01
<MEAN> 6
 -4.100574e+01 -1.019846e+02 2.024225e+01 8.406648e+01 6.405674e+02 -1.471316e+03
<VARIANCE> 6
 4.963488e+02 2.294463e+05 1.231885e+06 2.174738e+04 1.559208e+05 5.698149e+07
<GCONST> 8.340461e+01
<MIXTURE> 9 9.783319e-02
<MEAN> 6
 5.382185e+01 -1.364457e+02 -5.142691e+01 -2.463495e+01 -3.978528e+02 1.532517e+02
<VARIANCE> 6
 1.321380e+03 1.479221e+05 4.397708e+05 4.661402e+04 2.229827e+05 5.219723e+07
<GCONST> 8.394719e+01
<MIXTURE> 10 8.497960e-02
<MEAN> 6
 6.664120e+01 -1.804510e+02 3.218285e+02 8.002477e-01 -9.860936e+00 -1.114097e+02
<VARIANCE> 6
 6.212323e+01 2.238686e+05 1.620918e+06 2.961554e+02 4.050157e+04 5.219723e+07
<GCONST> 7.584422e+01
<MIXTURE> 11 7.199720e-02
<MEAN> 6
 9.137035e+01 1.491080e+02 -1.755957e+02 -3.427395e+00 -7.258451e+01 -6.942878e+02
<VARIANCE> 6
 3.659821e+02 6.886960e+05 1.376988e+06 2.961554e+02 4.050157e+04 5.219723e+07
<GCONST> 7.857833e+01
<STATE> 3
<NUMMIXES> 11
<MIXTURE> 1 1.004938e-01
<MEAN> 6
 8.749271e+01 9.184014e+01 4.285789e+02 -5.788996e-01 1.648573e+00 -3.522447e+01
<VARIANCE> 6
 3.128982e+01 1.219918e+05 1.353773e+04 2.961554e+02 4.050157e+04 5.219723e+07
<GCONST> 6.976602e+01
<MIXTURE> 2 5.400265e-02
<MEAN> 6
 9.257425e+01 -4.453016e+02 4.756898e+01 -1.782971e+00 -5.034572e+00 -2.918541e+01
<VARIANCE> 6
 3.128982e+01 1.580533e+05 7.783071e+04 2.961554e+02 4.050157e+04 5.219723e+07
<GCONST> 7.177406e+01
<MIXTURE> 3 8.381213e-02
<MEAN> 6
 7.636604e+01 2.032589e+02 1.121497e+02 7.432138e-01 5.167698e-01 -1.375114e+01
<VARIANCE> 6
 3.128982e+01 3.596707e+04 1.388988e+04 2.961554e+02 4.050157e+04 5.219723e+07
<GCONST> 6.857035e+01
<MIXTURE> 4 1.342675e-01
<MEAN> 6
 7.656551e+01 9.649567e+01 -2.573393e+02 -8.886800e-01 2.054746e-01 -8.911726e+01
<VARIANCE> 6
 3.128982e+01 1.293270e+04 3.690923e+04 2.961554e+02 4.050157e+04 5.219723e+07
<GCONST> 6.852480e+01
<MIXTURE> 5 1.169285e-01
<MEAN> 6
 9.317284e+01 2.393742e+00 6.863355e+01 -7.890397e-01 -2.536213e+00 -8.542839e+01
<VARIANCE> 6
 3.128982e+01 1.883779e+04 1.353773e+04 2.961554e+02 4.050157e+04 5.219723e+07
<GCONST> 6.789793e+01
<MIXTURE> 6 7.189105e-02
<MEAN> 6
 7.868439e+01 1.190717e+02 -3.466291e+02 -1.164477e-01 6.391254e+00 -4.315894e+01
<VARIANCE> 6
 3.128982e+01 1.293270e+04 5.386964e+04 2.961554e+02 4.050157e+04 5.219723e+07
<GCONST> 6.890291e+01
<MIXTURE> 7 1.279821e-01
<MEAN> 6
 7.651072e+01 6.271954e+01 -8.217639e+01 -6.810493e-01 5.446675e-01 -1.161208e+02
<VARIANCE> 6
 3.128982e+01 1.293270e+04 5.423399e+04 2.961554e+02 4.050157e+04 5.219723e+07
<GCONST> 6.890965e+01
<MIXTURE> 8 7.519668e-02
<MEAN> 6
 8.746492e+01 -2.073419e+02 -5.294269e+01 -2.845278e+00 1.324501e+00 -1.211675e+02
<VARIANCE> 6
 3.128982e+01 4.839758e+04 1.353773e+04 2.961554e+02 4.050157e+04 5.219723e+07
<GCONST> 6.884151e+01
<MIXTURE> 9 8.104509e-02
<MEAN> 6
 9.129893e+01 -4.635985e+02 -5.719169e+02 -1.562440e+00 -9.254764e+00 -3.176722e+00
<VARIANCE> 6
 3.128982e+01 2.730352e+04 1.353773e+04 2.961554e+02 4.050157e+04 5.219723e+07
<GCONST> 6.826908e+01
<MIXTURE> 10 8.260379e-02
<MEAN> 6
 7.571568e+01 1.086572e+02 1.572047e+02 1.623965e-01 2.025061e+00 -6.806271e+01
<VARIANCE> 6
 3.128982e+01 3.296760e+04 1.353773e+04 2.961554e+02 4.050157e+04 5.219723e+07
<GCONST> 6.845760e+01
<MIXTURE> 11 7.171862e-02
<MEAN> 6
 7.747831e+01 9.707874e+01 -4.035507e+02 -8.422019e-01 -5.312218e+00 -2.160220e+02
<VARIANCE> 6
 3.128982e+01 1.293270e+04 4.510317e+04 2.961554e+02 4.050157e+04 5.219723e+07
<GCONST> 6.872530e+01
<STATE> 4
<NUMMIXES> 11
<MIXTURE> 1 1.207325e-01
<MEAN> 6
 1.185850e+02 2.024477e+03 6.067483e+02 -4.789881e+00 -2.233540e-01 1.197111e+02
<VARIANCE> 6
 7.150185e+01 1.462467e+05 1.929441e+05 2.961554e+02 4.050157e+04 5.219723e+07
<GCONST> 7.343071e+01
<MIXTURE> 2 6.259269e-02
<MEAN> 6
 9.409750e+01 1.011779e+03 5.232751e+02 -3.812173e+00 -2.251015e-01 1.427473e+02
<VARIANCE> 6
 3.620777e+01 4.394364e+04 1.925381e+05 2.961554e+02 4.050157e+04 5.219723e+07
<GCONST> 7.154577e+01
<MIXTURE> 3 1.088798e-01
<MEAN> 6
 1.003395e+02 -3.129696e+03 -1.162845e+02 -4.739049e+00 -4.125593e+00 -1.831071e+02
<VARIANCE> 6
 3.128982e+01 5.429436e+05 1.834352e+04 2.961554e+02 4.050157e+04 5.219723e+07
<GCONST> 7.156287e+01
<MIXTURE> 4 6.068114e-02
<MEAN> 6
 8.606255e+01 -1.703133e+02 -2.983726e+03 -5.438404e+00 -4.745209e-01 1.174895e+02
<VARIANCE> 6
 8.602337e+01 2.002927e+04 5.174942e+04 2.961554e+02 4.050157e+04 5.219723e+07
<GCONST> 7.031152e+01
<MIXTURE> 5 1.095981e-01
<MEAN> 6
 7.722051e+01 2.744516e+03 1.454727e+02 -1.943053e+00 -1.072662e+01 -3.595475e+01
<VARIANCE> 6
 3.128982e+01 5.671241e+04 1.167614e+05 2.961554e+02 4.050157e+04 5.219723e+07
<GCONST> 7.115471e+01
<MIXTURE> 6 1.147711e-01
<MEAN> 6
 8.710717e+01 1.070803e+03 -1.549063e+03 -9.952291e-01 -7.627882e+00 1.122284e+01
<VARIANCE> 6
 3.262271e+01 1.293270e+04 3.547227e+05 2.961554e+02 4.050157e+04 5.219723e+07
<GCONST> 7.082940e+01
<MIXTURE> 7 1.166953e-01
<MEAN> 6
 7.434134e+01 1.077321e+03 5.894911e+02 -4.153643e-01 -1.764367e+00 -1.301842e+02
<VARIANCE> 6
 3.128982e+01 1.153987e+05 1.614485e+04 2.961554e+02 4.050157e+04 5.219723e+07
<GCONST> 6.988658e+01
<MIXTURE> 8 7.281913e-02
<MEAN> 6
 8.029310e+01 6.013247e+02 6.668625e+02 -2.163283e+00 -4.272085e-01 -7.375763e+01
<VARIANCE> 6
 3.128982e+01 1.293270e+04 8.384089e+04 2.961554e+02 4.050157e+04 5.219723e+07
<GCONST> 6.934527e+01
<MIXTURE> 9 1.161349e-01
<MEAN> 6
 8.427046e+01 1.004301e+03 -6.502016e+00 -2.023879e+00 -3.583261e+00 -6.343913e+01
<VARIANCE> 6
 3.128982e+01 1.227724e+05 1.976566e+05 2.961554e+02 4.050157e+04 5.219723e+07
<GCONST> 7.245345e+01
<MIXTURE> 10 5.338998e-02
<MEAN> 6
 7.380238e+01 3.684953e+02 7.225705e+02 -1.955240e+00 -8.351389e+00 -1.227557e+02
<VARIANCE> 6
 3.128982e+01 1.293270e+04 1.989267e+04 2.961554e+02 4.050157e+04 5.219723e+07
<GCONST> 6.790669e+01
<MIXTURE> 11 6.368571e-02
<MEAN> 6
 9.176818e+01 9.312760e+02 3.502505e+02 -3.624429e+00 -7.274883e+00 3.398572e+01
<VARIANCE> 6
 4.329116e+01 3.042021e+04 1.659591e+05 2.961554e+02 4.050157e+04 5.219723e+07
<GCONST> 7.120809e+01
<STATE> 5
<NUMMIXES> 11
<MIXTURE> 1 1.062449e-01
<MEAN> 6
 7.046450e+01 -2.005439e+02 1.630636e+02 2.867805e-01 -1.051198e+01 -1.684706e+02
<VARIANCE> 6
 3.128982e+01 1.301189e+04 3.492911e+04 2.961554e+02 4.050157e+04 5.219723e+07
<GCONST> 6.847577e+01
<MIXTURE> 2 1.197978e-01
<MEAN> 6
 7.311295e+01 -8.295326e+02 -2.893047e+02 -1.962242e+00 -1.148225e+00 -2.050755e+01
<VARIANCE> 6
 3.128982e+01 3.791200e+04 2.331322e+05 2.961554e+02 4.050157e+04 5.219723e+07
<GCONST> 7.144346e+01
<MIXTURE> 3 1.281188e-01
<MEAN> 6
 6.565514e+01 6.574921e+02 -1.528172e+02 -5.049231e-01 -3.671510e+00 -2.220739e+02
<VARIANCE> 6
 3.128982e+01 6.477068e+04 1.353773e+04 2.961554e+02 4.050157e+04 5.219723e+07
<GCONST> 6.913292e+01
<MIXTURE> 4 1.017750e-01
<MEAN> 6
 6.215790e+01 -5.325477e+02 -5.737020e+02 7.203127e-01 -1.055380e+00 -9.088409e+01
<VARIANCE> 6
 3.128982e+01 4.334087e+05 1.353773e+04 2.961554e+02 4.050157e+04 5.219723e+07
<GCONST> 7.103375e+01
<MIXTURE> 5 1.047080e-01
<MEAN> 6
 6.572903e+01 -5.883136e+01 -2.491331e+02 9.165459e-01 -4.723921e+00 -1.473719e+02
<VARIANCE> 6
 3.128982e+01 1.293270e+04 1.353773e+04 2.961554e+02 4.050157e+04 5.219723e+07
<GCONST> 6.752183e+01
<MIXTURE> 6 8.392192e-02
<MEAN> 6
 6.972177e+01 5.332575e+01 -9.048582e+02 -2.197436e+00 -4.496778e+00 -1.297207e+02
<VARIANCE> 6
 3.128982e+01 2.836721e+04 2.819036e+04 2.961554e+02 4.050157e+04 5.219723e+07
<GCONST> 6.904080e+01
<MIXTURE> 7 7.034048e-02
<MEAN> 6
 6.089643e+01 6.655789e+01 -2.387822e+02 1.570648e+00 9.865841e+00 -5.144775e+01
<VARIANCE> 6
 3.507903e+01 1.547879e+05 1.353773e+04 2.961554e+02 4.050157e+04 5.219723e+07
<GCONST> 7.011843e+01
<MIXTURE> 8 5.799057e-02
<MEAN> 6
 6.413750e+01 -5.012759e+02 2.689992e+02 -2.613533e-01 4.327146e+00 -1.260065e+02
<VARIANCE> 6
 3.128982e+01 1.293270e+04 1.353773e+04 2.961554e+02 4.050157e+04 5.219723e+07
<GCONST> 6.752183e+01
<MIXTURE> 9 8.604209e-02
<MEAN> 6
 6.354941e+01 -1.951561e+02 -2.304040e+02 1.810187e-01 -4.646859e+00 -1.185247e+02
<VARIANCE> 6
 3.128982e+01 7.670048e+04 1.353773e+04 2.961554e+02 4.050157e+04 5.219723e+07
<GCONST> 6.930198e+01
<MIXTURE> 10 7.148881e-02
<MEAN> 6
 6.674295e+01 -1.390425e+02 -1.067068e+03 5.621729e-01 -1.048033e+01 -8.252545e+01
<VARIANCE> 6
 3.128982e+01 2.436431e+04 3.214975e+04 2.961554e+02 4.050157e+04 5.219723e+07
<GCONST> 6.902011e+01
<MIXTURE> 11 6.949630e-02
<MEAN> 6
 5.900652e+01 -8.692563e+01 -2.762662e+02 8.388615e-01 -1.162521e+01 -2.954851e+02
<VARIANCE> 6
 3.128982e+01 1.815193e+05 1.353773e+04 2.961554e+02 4.050157e+04 5.219723e+07
<GCONST> 7.016343e+01
<STATE> 6
<NUMMIXES> 11
<MIXTURE> 1 6.119860e-03
<MEAN> 6
 1.828674e+01 -3.657496e+02 9.430601e+01 9.041975e+01 -8.989000e+02 -3.139119e+03
<VARIANCE> 6
 9.840862e+03 8.815333e+05 1.261508e+06 1.336742e+06 7.405534e+08 1.073957e+12
<GCONST> 1.101898e+02
<MIXTURE> 2 7.617041e-02
<MEAN> 6
 1.331380e+01 1.723304e+02 7.512735e+01 1.205793e+02 2.173127e+02 -7.608762e+02
<VARIANCE> 6
 6.696484e+02 1.717155e+05 5.639947e+04 4.526523e+04 1.639991e+05 7.416757e+07
<GCONST> 8.137758e+01
<MIXTURE> 3 1.015033e-01
<MEAN> 6
 3.358035e+01 -6.563065e+01 1.045678e+02 -9.444720e+01 -8.052483e+01 6.619905e+03
<VARIANCE> 6
 4.155259e+03 8.142124e+05 5.894518e+05 6.215066e+04 3.923137e+06 1.859115e+09
<GCONST> 9.381940e+01
<MIXTURE> 4 9.698122e-02
<MEAN> 6
 9.510067e+01 -1.376238e+02 3.554752e+01 -5.231765e+00 -4.151242e+01 -2.091540e+02
<VARIANCE> 6
 1.879144e+02 1.277966e+05 1.044167e+05 2.961554e+02 4.050157e+04 5.219723e+07
<GCONST> 7.364811e+01
<MIXTURE> 5 1.417251e-01
<MEAN> 6
 6.757684e+01 1.589527e+01 1.294550e+02 1.127706e+01 -5.074582e+02 -5.376760e+02
<VARIANCE> 6
 6.067067e+02 9.312130e+04 2.277930e+05 3.656713e+04 1.833843e+05 5.219723e+07
<GCONST> 8.160994e+01
<MIXTURE> 6 1.429077e-01
<MEAN> 6
 -3.986877e+01 5.298408e+01 2.081122e+01 -5.091417e+00 1.192785e+03 -1.109164e+03
<VARIANCE> 6
 3.327641e+02 1.331787e+05 7.579781e+04 3.867658e+04 4.487529e+05 2.675078e+08
<GCONST> 8.285184e+01
<MIXTURE> 7 8.661310e-02
<MEAN> 6
 9.269168e+01 5.069843e+01 1.054554e+01 4.397626e+01 -7.038809e+02 -3.734114e+03
<VARIANCE> 6
 4.078499e+02 3.326517e+05 4.687016e+04 2.065219e+04 7.906524e+05 3.430211e+08
<GCONST> 8.367764e+01
<MIXTURE> 8 1.158740e-01
<MEAN> 6
 -5.236599e+01 7.577162e+01 2.546030e+01 1.423304e+01 3.291997e+02 3.744559e+02
<VARIANCE> 6
 2.256953e+02 1.963262e+05 1.093275e+05 2.242543e+03 1.223106e+05 5.219723e+07
<GCONST> 7.743631e+01
<MIXTURE> 9 7.688005e-02
<MEAN> 6
 9.220876e+01 -1.126126e+02 -3.082979e+02 -4.653364e+00 -2.328718e+01 -2.724453e+02
<VARIANCE> 6
 3.374855e+02 7.827472e+05 1.086509e+05 2.961554e+02 4.050157e+04 5.219723e+07
<GCONST> 7.608576e+01
<MIXTURE> 10 7.833562e-02
<MEAN> 6
 6.869228e+01 -7.498954e+01 -9.425976e+00 -1.221960e+02 -1.025044e+03 2.731383e+03
<VARIANCE> 6
 7.376266e+02 1.403624e+05 4.582100e+04 4.027695e+04 4.236992e+05 2.170475e+08
<GCONST> 8.297112e+01
<MIXTURE> 11 7.587550e-02
<MEAN> 6
 4.404350e+00 5.035915e+00 -1.178763e+01 5.870338e+01 1.055647e+02 -3.123280e+03
<VARIANCE> 6
 5.766197e+02 1.600153e+05 5.736339e+04 5.540169e+04 1.708733e+05 7.936123e+07
<GCONST> 8.148519e+01
<TRANSP> 7
 0.000000e+00 1.000000e+00 0.000000e+00 0.000000e+00 0.000000e+00 0.000000e+00 0.000000e+00
 0.000000e+00 9.998228e-01 1.772149e-04 0.000000e+00 0.000000e+00 0.000000e+00 0.000000e+00
 0.000000e+00 0.000000e+00 9.991961e-01 8.039381e-04 0.000000e+00 0.000000e+00 0.000000e+00
 0.000000e+00 0.000000e+00 0.000000e+00 9.987705e-01 1.229481e-03 0.000000e+00 0.000000e+00
 0.000000e+00 0.000000e+00 0.000000e+00 0.000000e+00 9.993628e-01 6.372574e-04 0.000000e+00
 0.000000e+00 0.000000e+00 0.000000e+00 0.000000e+00 0.000000e+00 9.999433e-01 5.665836e-05
 0.000000e+00 0.000000e+00 0.000000e+00 0.000000e+00 0.000000e+00 0.000000e+00 0.000000e+00
<ENDHMM>
~h "SegundoESO"
<BEGINHMM>
<NUMSTATES> 7
<STATE> 2
<NUMMIXES> 11
<MIXTURE> 1 1.082589e-01
<MEAN> 6
 7.905973e+01 9.548757e+02 6.078680e+01 1.139948e-01 -1.392234e+01 -8.584264e+01
<VARIANCE> 6
 8.880965e+01 3.668789e+07 5.173789e+07 2.961554e+02 4.050157e+04 5.219723e+07
<GCONST> 8.476394e+01
<MIXTURE> 2 5.929822e-02
<MEAN> 6
 3.909654e+01 2.956763e+03 1.557408e+03 -2.431984e+01 -4.216819e+02 6.522592e+02
<VARIANCE> 6
 2.467721e+03 3.852612e+07 2.182078e+07 5.125608e+04 1.142981e+06 3.475706e+08
<GCONST> 9.766376e+01
<MIXTURE> 3 8.058319e-02
<MEAN> 6
 7.581973e+01 1.287493e+01 1.925778e+03 -1.169763e+00 -6.097421e+00 -4.674623e+01
<VARIANCE> 6
 3.128982e+01 9.911936e+05 4.387393e+05 2.961554e+02 4.050157e+04 5.219723e+07
<GCONST> 7.533940e+01
<MIXTURE> 4 1.246525e-01
<MEAN> 6
 -4.964143e+01 6.862145e+02 1.736150e+03 1.091534e+01 7.713610e+02 -8.056601e+01
<VARIANCE> 6
 3.555529e+02 1.807366e+06 7.671406e+06 2.285274e+04 3.377942e+05 9.761200e+07
<GCONST> 8.832486e+01
<MIXTURE> 5 8.784273e-02
<MEAN> 6
 5.685726e+01 1.983654e+03 -2.681272e+03 6.255276e+01 -2.120598e+02 -4.177664e+02
<VARIANCE> 6
 6.290234e+02 2.966731e+06 2.999584e+06 1.796447e+04 4.311654e+04 5.219723e+07
<GCONST> 8.552674e+01
<MIXTURE> 6 8.879791e-02
<MEAN> 6
 9.488800e+01 -3.313485e+03 7.634799e+02 -7.665695e+00 -5.590239e+01 1.913707e+00
<VARIANCE> 6
 5.857378e+01 1.037092e+07 2.822034e+06 2.961554e+02 4.050157e+04 5.219723e+07
<GCONST> 8.017555e+01
<MIXTURE> 7 9.403040e-02
<MEAN> 6
 -2.122057e+00 1.083526e+03 -1.180943e+03 -4.041931e+01 1.859169e+02 2.382745e+02
<VARIANCE> 6
 5.076413e+02 3.918689e+06 6.519324e+06 3.650050e+04 7.313264e+04 5.404268e+07
<GCONST> 8.763898e+01
<MIXTURE> 8 7.494830e-02
<MEAN> 6
 7.837182e+01 -5.980334e+02 1.555282e+03 3.310848e+01 -4.968623e+02 1.055587e+03
<VARIANCE> 6
 3.858515e+02 5.453032e+06 6.607748e+06 2.021449e+04 1.203983e+05 5.219723e+07
<GCONST> 8.758141e+01
<MIXTURE> 9 1.229810e-01
<MEAN> 6
 7.187716e+01 -6.312164e+02 1.681933e+02 8.335552e-01 -4.129004e+00 -1.306064e+02
<VARIANCE> 6
 3.128982e+01 4.957376e+06 7.773464e+06 2.961554e+02 4.050157e+04 5.219723e+07
<GCONST> 7.982368e+01
<MIXTURE> 10 8.413982e-02
<MEAN> 6
 -2.887344e+01 -1.775385e+03 -1.104477e+01 1.169864e+01 2.249613e+02 -5.197104e+02
<VARIANCE> 6
 7.783883e+02 1.153830e+07 1.825502e+06 1.624330e+04 8.245874e+04 5.219723e+07
<GCONST> 8.714906e+01
<MIXTURE> 11 7.430855e-02
<MEAN> 6
 7.253166e+01 -1.387851e+03 5.348670e+02 -3.688792e+01 -6.223035e+02 -6.872988e+02
<VARIANCE> 6
 4.273891e+02 7.030204e+06 5.591862e+06 2.641598e+04 1.297018e+05 5.219723e+07
<GCONST> 8.811276e+01
<STATE> 3
<NUMMIXES> 11
<MIXTURE> 1 9.383643e-02
<MEAN> 6
 7.440185e+01 2.444196e+02 4.189500e+02 -3.369170e-01 -4.861324e+00 -6.967529e+01
<VARIANCE> 6
 3.128982e+01 1.924645e+05 2.734643e+05 2.961554e+02 4.050157e+04 5.219723e+07
<GCONST> 7.322767e+01
<MIXTURE> 2 1.365740e-01
<MEAN> 6
 6.562481e+01 1.366078e+02 -1.747053e+03 -1.339291e-02 -4.501207e-01 -6.813472e+01
<VARIANCE> 6
 8.399073e+01 8.336430e+04 3.654226e+06 2.961554e+02 4.050157e+04 5.219723e+07
<GCONST> 7.597086e+01
<MIXTURE> 3 4.283556e-02
<MEAN> 6
 5.985297e+01 2.252039e+03 -2.661931e+02 2.936267e-01 -3.779572e+00 -1.599214e+02
<VARIANCE> 6
 3.128982e+01 1.685243e+05 1.353773e+04 2.961554e+02 4.050157e+04 5.219723e+07
<GCONST> 7.008915e+01
<MIXTURE> 4 7.623448e-02
<MEAN> 6
 6.854360e+01 1.581703e+02 2.638025e+02 -2.009926e-01 4.154739e-01 -4.496191e+01
<VARIANCE> 6
 4.254906e+01 2.022710e+05 1.353773e+04 2.961554e+02 4.050157e+04 5.219723e+07
<GCONST> 7.057904e+01
<MIXTURE> 5 1.381650e-01
<MEAN> 6
 6.230205e+01 -4.168901e+02 -2.294758e+02 1.211510e-02 3.759173e-01 -8.934329e+01
<VARIANCE> 6
 3.128982e+01 1.037374e+05 1.104708e+05 2.961554e+02 4.050157e+04 5.219723e+07
<GCONST> 7.170320e+01
<MIXTURE> 6 8.711047e-02
<MEAN> 6
 7.075748e+01 4.608978e+02 -2.688447e+02 -2.403254e-01 -4.086925e+00 -9.943607e+01
<VARIANCE> 6
 3.128982e+01 1.959773e+05 2.263656e+05 2.961554e+02 4.050157e+04 5.219723e+07
<GCONST> 7.305673e+01
<MIXTURE> 7 9.106702e-02
<MEAN> 6
 8.344150e+01 -8.658538e+02 1.621518e+02 -7.691242e-01 -4.919632e+00 -9.994375e+01
<VARIANCE> 6
 3.128982e+01 1.394630e+05 5.287136e+04 2.961554e+02 4.050157e+04 5.219723e+07
<GCONST> 7.126225e+01
<MIXTURE> 8 9.658144e-02
<MEAN> 6
 7.017931e+01 5.892950e+02 -4.087849e+02 -2.473708e-01 -4.045130e+00 -9.955540e+01
<VARIANCE> 6
 3.128982e+01 2.869630e+05 2.583193e+05 2.961554e+02 4.050157e+04 5.219723e+07
<GCONST> 7.357014e+01
<MIXTURE> 9 8.554796e-02
<MEAN> 6
 7.245621e+01 1.756713e+02 3.704642e+01 -3.091877e-01 -5.062973e+00 -8.681701e+01
<VARIANCE> 6
 3.128982e+01 1.999646e+05 3.235140e+05 2.961554e+02 4.050157e+04 5.219723e+07
<GCONST> 7.343397e+01
<MIXTURE> 10 7.574280e-02
<MEAN> 6
 7.786748e+01 -1.090101e+03 9.099004e+01 -6.114276e-01 -4.435632e+00 -1.029012e+02
<VARIANCE> 6
 7.528082e+01 3.115073e+05 6.873748e+04 2.961554e+02 4.050157e+04 5.219723e+07
<GCONST> 7.320624e+01
<MIXTURE> 11 7.613341e-02
<MEAN> 6
 6.554613e+01 -1.381902e+01 2.191365e+02 -5.812628e-01 -8.890572e+00 -1.875758e+02
<VARIANCE> 6
 4.177133e+01 1.901757e+05 1.353773e+04 2.961554e+02 4.050157e+04 5.219723e+07
<GCONST> 7.049893e+01
<STATE> 4
<NUMMIXES> 11
<MIXTURE> 1 5.831224e-02
<MEAN> 6
 1.839749e+01 1.394194e+02 2.524526e+02 -1.247070e+02 1.402689e+01 8.112267e+03
<VARIANCE> 6
 2.959246e+03 2.811235e+06 2.963489e+06 5.476643e+04 2.600445e+06 9.881594e+08
<GCONST> 9.516434e+01
<MIXTURE> 2 9.949135e-02
<MEAN> 6
 -3.782311e+01 1.090199e+02 6.393522e+01 3.502694e+01 8.276339e+02 1.513052e+03
<VARIANCE> 6
 1.295829e+02 3.274783e+05 3.886942e+05 3.003996e+04 1.490308e+05 1.102985e+08
<GCONST> 8.220220e+01
<MIXTURE> 3 1.049536e-01
<MEAN> 6
 8.245162e+01 -1.302365e+02 1.910398e+02 -6.308140e+00 -1.629234e+02 -3.217032e+02
<VARIANCE> 6
 1.303762e+02 6.420279e+05 7.752271e+05 1.061938e+03 6.855790e+04 5.219723e+07
<GCONST> 7.870481e+01
<MIXTURE> 4 7.624710e-02
<MEAN> 6
 3.276120e+01 1.851374e+02 1.537362e+02 6.212615e+01 -1.552625e+02 -5.706771e+02
<VARIANCE> 6
 5.038026e+02 3.456252e+05 6.267326e+05 3.482232e+04 4.693311e+04 5.219723e+07
<GCONST> 8.233586e+01
<MIXTURE> 5 1.412817e-01
<MEAN> 6
 7.761460e+01 3.982513e+01 1.190249e+02 -7.939108e+00 -8.701290e+02 -9.400886e+02
<VARIANCE> 6
 2.526785e+02 7.931136e+05 5.906352e+05 2.025854e+04 2.915904e+05 1.463353e+08
<GCONST> 8.473289e+01
<MIXTURE> 6 9.646652e-02
<MEAN> 6
 -5.691631e+01 -2.813913e+01 6.482937e-01 1.651855e+01 2.456786e+02 -6.181954e+01
<VARIANCE> 6
 1.197567e+02 4.532904e+05 7.869661e+05 7.869452e+02 7.716688e+04 5.219723e+07
<GCONST> 7.810538e+01
<MIXTURE> 7 7.117059e-02
<MEAN> 6
 -5.789853e+00 1.795335e+02 1.151752e+02 2.189590e+01 2.429756e+02 -5.244990e+02
<VARIANCE> 6
 2.290766e+02 6.495472e+05 3.070263e+05 4.976661e+04 1.029776e+05 9.012630e+07
<GCONST> 8.315413e+01
<MIXTURE> 8 1.287832e-01
<MEAN> 6
 5.223468e+01 -2.159887e+02 2.445346e+00 -7.595197e+00 -5.358416e+02 6.905146e+02
<VARIANCE> 6
 3.624008e+02 2.138059e+06 2.646033e+05 3.961408e+04 1.090329e+05 5.219723e+07
<GCONST> 8.393829e+01
<MIXTURE> 9 8.342230e-02
<MEAN> 6
 -5.470198e+01 -1.115435e+02 1.190386e+02 -7.829439e+00 1.241300e+03 -2.971322e+03
<VARIANCE> 6
 1.217024e+02 9.829291e+05 7.056458e+05 1.663481e+04 3.800302e+05 1.770906e+08
<GCONST> 8.465343e+01
<MIXTURE> 10 6.806489e-02
<MEAN> 6
 2.824230e+01 -6.610096e+01 -2.550934e+02 2.057013e+01 -2.258917e+02 -3.992075e+01
<VARIANCE> 6
 6.058251e+02 4.308062e+05 2.090815e+06 4.657389e+04 9.899469e+04 5.219723e+07
<GCONST> 8.498248e+01
<MIXTURE> 11 7.105295e-02
<MEAN> 6
 -1.053155e+01 -8.979959e+01 -8.102992e+01 -2.189803e+01 1.370052e+02 -2.714385e+03
<VARIANCE> 6
 2.183423e+02 6.671918e+05 3.095459e+05 4.715187e+04 1.128506e+05 9.376026e+07
<GCONST> 8.321822e+01
<STATE> 5
<NUMMIXES> 11
<MIXTURE> 1 4.365885e-02
<MEAN> 6
 6.467004e+01 1.984085e+03 4.885313e+02 -2.460897e+00 1.013370e+00 1.302086e+02
<VARIANCE> 6
 5.543393e+01 4.374773e+05 8.893078e+05 2.961554e+02 4.050157e+04 5.219723e+07
<GCONST> 7.579995e+01
<MIXTURE> 2 1.318209e-01
<MEAN> 6
 9.089985e+01 2.232152e+02 -2.368286e+02 -3.569548e+00 -1.081452e+00 2.352744e+01
<VARIANCE> 6
 1.099577e+02 8.972209e+04 7.364340e+04 2.961554e+02 4.050157e+04 5.219723e+07
<GCONST> 7.240934e+01
<MIXTURE> 3 1.560269e-01
<MEAN> 6
 6.064751e+01 9.574933e+01 -1.118481e+02 -8.227291e-02 -3.049522e+00 -1.305918e+02
<VARIANCE> 6
 3.128982e+01 2.391948e+04 1.353773e+04 2.961554e+02 4.050157e+04 5.219723e+07
<GCONST> 6.813676e+01
<MIXTURE> 4 6.359616e-02
<MEAN> 6
 9.063548e+01 -1.620576e+03 -4.545851e+03 -5.252250e+00 5.836701e+00 2.547493e+01
<VARIANCE> 6
 1.783025e+02 2.920914e+06 1.831915e+07 2.961554e+02 4.050157e+04 5.219723e+07
<GCONST> 8.189213e+01
<MIXTURE> 5 9.892774e-02
<MEAN> 6
 9.072131e+01 2.535699e+02 -3.330562e+02 -3.646287e+00 -2.877965e+00 1.663075e+02
<VARIANCE> 6
 3.128982e+01 3.136741e+05 3.370513e+06 2.961554e+02 4.050157e+04 5.219723e+07
<GCONST> 7.622776e+01
<MIXTURE> 6 7.823266e-02
<MEAN> 6
 8.541788e+01 -6.387551e+02 5.821251e+02 -3.950723e+00 -4.369149e+00 9.058730e+01
<VARIANCE> 6
 3.128982e+01 1.733477e+05 1.837721e+06 2.961554e+02 4.050157e+04 5.219723e+07
<GCONST> 7.502817e+01
<MIXTURE> 7 8.013301e-02
<MEAN> 6
 7.639075e+01 7.708933e+02 9.416187e+00 -2.839566e+00 1.449539e+00 9.419202e+01
<VARIANCE> 6
 3.128982e+01 1.880102e+05 2.006049e+05 2.961554e+02 4.050157e+04 5.219723e+07
<GCONST> 7.289442e+01
<MIXTURE> 8 8.643147e-02
<MEAN> 6
 9.856963e+01 1.494301e+03 -1.296700e+03 -5.606533e+00 -2.714067e+00 2.945255e+02
<VARIANCE> 6
 1.447043e+02 3.353410e+05 7.303612e+05 2.961554e+02 4.050157e+04 5.219723e+07
<GCONST> 7.629667e+01
<MIXTURE> 9 1.016541e-01
<MEAN> 6
 8.612026e+01 -1.502338e+02 -1.164768e+03 -4.026564e+00 -2.978694e-01 7.843478e+01
<VARIANCE> 6
 1.029697e+02 1.146928e+05 9.465894e+05 2.961554e+02 4.050157e+04 5.219723e+07
<GCONST> 7.514285e+01
<MIXTURE> 10 7.930081e-02
<MEAN> 6
 8.083495e+01 -1.057966e+03 9.319021e+01 -3.978264e+00 2.094898e+00 4.297771e+01
<VARIANCE> 6
 3.362884e+01 1.631173e+05 8.302101e+05 2.961554e+02 4.050157e+04 5.219723e+07
<GCONST> 7.424483e+01
<MIXTURE> 11 8.010282e-02
<MEAN> 6
 7.489354e+01 6.650834e+02 -1.031999e+02 -3.124814e+00 -5.048683e+00 1.855078e+01
<VARIANCE> 6
 3.128982e+01 1.874413e+05 2.187658e+05 2.961554e+02 4.050157e+04 5.219723e+07
<GCONST> 7.297805e+01
<STATE> 6
<NUMMIXES> 11
<MIXTURE> 1 3.192162e-02
<MEAN> 6
 6.657845e-01 -3.326397e+01 2.515234e+02 1.491282e+02 5.786219e+01 -1.922155e+03
<VARIANCE> 6
 5.366743e+02 2.670138e+05 5.203807e+05 6.685934e+03 1.437080e+05 5.449084e+07
<GCONST> 8.146687e+01
<MIXTURE> 2 1.503293e-01
<MEAN> 6
 3.889443e+00 4.072802e+01 1.482795e+02 -1.918720e+02 1.036966e+02 3.378085e+03
<VARIANCE> 6
 4.816361e+02 1.739146e+05 5.281712e+04 4.399459e+03 2.417412e+05 1.515202e+08
<GCONST> 7.976645e+01
<MIXTURE> 3 1.254008e-01
<MEAN> 6
 6.867642e+01 -1.994337e+02 1.285792e+01 -4.857681e+00 -5.035288e+01 6.886837e+01
<VARIANCE> 6
 3.582757e+01 2.482103e+05 5.087751e+04 2.961554e+02 4.050157e+04 5.219723e+07
<GCONST> 7.193571e+01
<MIXTURE> 4 5.924964e-02
<MEAN> 6
 7.230440e+01 -4.752211e+02 -1.902979e+01 1.769306e+01 -8.070483e+02 -1.804545e+03
<VARIANCE> 6
 9.177876e+01 1.080200e+06 1.342305e+05 8.435644e+03 4.863877e+05 2.481359e+08
<GCONST> 8.271108e+01
<MIXTURE> 5 9.225032e-02
<MEAN> 6
 -4.373964e+01 6.196273e+01 -7.947081e+01 8.441051e+00 1.149138e+03 -9.366035e+02
<VARIANCE> 6
 1.219893e+02 8.627751e+04 5.485114e+04 2.049429e+04 2.941412e+05 2.361270e+08
<GCONST> 7.990849e+01
<MIXTURE> 6 7.371892e-02
<MEAN> 6
 5.525429e+01 -2.894074e+01 7.350745e+00 7.167658e+01 -2.004680e+02 -2.762780e+02
<VARIANCE> 6
 1.229285e+02 1.114820e+05 6.207512e+04 4.944698e+03 4.338592e+04 5.219723e+07
<GCONST> 7.545109e+01
<MIXTURE> 7 7.718259e-02
<MEAN> 6
 -3.469495e+01 1.216942e+02 -7.749256e+00 2.176951e+01 3.904338e+02 6.975408e+02
<VARIANCE> 6
 1.521548e+02 1.114693e+05 7.982877e+04 5.481662e+03 8.915777e+04 5.219723e+07
<GCONST> 7.673917e+01
<MIXTURE> 8 1.085439e-01
<MEAN> 6
 6.003515e+01 2.477777e+01 4.470955e+01 -6.852827e+01 -7.397263e+02 6.566719e+02
<VARIANCE> 6
 2.075083e+02 8.133974e+04 1.817879e+04 1.562086e+04 1.436037e+05 5.219723e+07
<GCONST> 7.677855e+01
<MIXTURE> 9 1.331076e-01
<MEAN> 6
 7.409079e+00 -6.919942e+01 -1.689990e+01 1.643967e+02 -3.156601e+01 -1.977067e+03
<VARIANCE> 6
 3.846595e+02 1.114405e+05 4.725984e+04 3.545790e+03 9.020417e+04 6.291930e+07
<GCONST> 7.690500e+01
<MIXTURE> 10 7.072125e-02
<MEAN> 6
 5.106888e+01 -7.694059e+01 -6.999841e+01 4.017963e+01 -3.103949e+02 -6.085006e+02
<VARIANCE> 6
 1.449355e+02 1.615508e+05 8.861129e+04 1.404273e+04 5.029675e+04 5.219723e+07
<GCONST> 7.753424e+01
<MIXTURE> 11 7.738519e-02
<MEAN> 6
 -3.733768e+01 9.905698e+00 -1.286305e+02 -3.882280e+00 2.881873e+02 -6.131804e+02
<VARIANCE> 6
 1.587780e+02 7.884227e+04 7.741988e+04 4.970902e+03 8.628426e+04 5.219723e+07
<GCONST> 7.627427e+01
<TRANSP> 7
 0.000000e+00 1.000000e+00 0.000000e+00 0.000000e+00 0.000000e+00 0.000000e+00 0.000000e+00
 0.000000e+00 9.996704e-01 3.295265e-04 0.000000e+00 0.000000e+00 0.000000e+00 0.000000e+00
 0.000000e+00 0.000000e+00 9.997191e-01 2.809721e-04 0.000000e+00 0.000000e+00 0.000000e+00
 0.000000e+00 0.000000e+00 0.000000e+00 9.999270e-01 7.295804e-05 0.000000e+00 0.000000e+00
 0.000000e+00 0.000000e+00 0.000000e+00 0.000000e+00 9.995524e-01 4.476416e-04 0.000000e+00
 0.000000e+00 0.000000e+00 0.000000e+00 0.000000e+00 0.000000e+00 9.997896e-01 2.103755e-04
 0.000000e+00 0.000000e+00 0.000000e+00 0.000000e+00 0.000000e+00 0.000000e+00 0.000000e+00
<ENDHMM>
~h "QuintoPRIMARIA"
<BEGINHMM>
<NUMSTATES> 7
<STATE> 2
<NUMMIXES> 11
<MIXTURE> 1 1.420649e-01
<MEAN> 6
 -4.249084e+01 -1.172955e+01 6.288508e+01 1.213631e+01 1.058879e+03 -8.895367e+02
<VARIANCE> 6
 2.884306e+02 1.205984e+05 1.392138e+05 2.931795e+04 3.104946e+05 1.753984e+08
<GCONST> 8.215015e+01
<MIXTURE> 2 3.033095e-02
<MEAN> 6
 -7.268764e+00 -8.943046e+01 -5.814559e+00 -1.657232e+02 6.654564e+02 1.204817e+04
<VARIANCE> 6
 2.152695e+03 5.907022e+05 2.003812e+06 4.602705e+04 2.864939e+06 1.282653e+09
<GCONST> 9.307861e+01
<MIXTURE> 3 8.211468e-02
<MEAN> 6
 7.636067e+01 5.809658e+01 -1.031088e+02 -5.210999e+00 -3.305246e+01 -2.259900e+02
<VARIANCE> 6
 1.546687e+02 3.560846e+05 5.055659e+04 2.961554e+02 4.050157e+04 5.219723e+07
<GCONST> 7.375284e+01
<MIXTURE> 4 8.217540e-02
<MEAN> 6
 6.806112e+00 2.304370e+01 1.460450e+02 6.084459e+01 7.169957e+01 -2.378042e+03
<VARIANCE> 6
 4.151619e+02 9.944905e+04 2.795431e+05 4.650087e+04 1.672204e+05 5.835438e+07
<GCONST> 8.176059e+01
<MIXTURE> 5 1.010275e-01
<MEAN> 6
 5.808508e+01 3.195479e+01 4.373979e+00 9.111917e+01 -2.943803e+02 -1.131260e+03
<VARIANCE> 6
 5.318710e+02 6.428103e+04 2.987705e+04 1.741411e+04 1.162217e+05 5.219723e+07
<GCONST> 7.787836e+01
<MIXTURE> 6 7.879453e-02
<MEAN> 6
 6.835709e+01 1.552658e+01 8.934645e+01 -1.694672e-01 -1.738116e+01 -2.027185e+01
<VARIANCE> 6
 1.154414e+02 2.895664e+04 1.382722e+05 2.961554e+02 4.050157e+04 5.219723e+07
<GCONST> 7.195708e+01
<MIXTURE> 7 8.883672e-02
<MEAN> 6
 7.663472e+01 5.943319e+01 -1.807643e+02 3.754933e+01 -9.964613e+02 -1.392827e+03
<VARIANCE> 6
 3.803011e+02 3.569979e+05 1.975453e+05 2.442940e+04 7.691865e+05 3.614012e+08
<GCONST> 8.530956e+01
<MIXTURE> 8 1.030559e-01
<MEAN> 6
 -4.886484e+01 -2.068251e+01 5.361660e+00 2.311099e+01 2.937552e+02 6.050772e+01
<VARIANCE> 6
 2.424541e+02 5.426473e+04 7.172568e+04 1.429608e+03 8.214880e+04 5.219723e+07
<GCONST> 7.495229e+01
<MIXTURE> 9 1.189535e-01
<MEAN> 6
 6.182508e+01 1.672400e+01 -1.747776e+01 -7.808295e+01 -7.010301e+02 1.202825e+03
<VARIANCE> 6
 4.134340e+02 6.617788e+04 8.292406e+04 2.316299e+04 2.031950e+05 5.465403e+07
<GCONST> 7.956631e+01
<MIXTURE> 10 9.306830e-02
<MEAN> 6
 2.464902e+00 -5.330725e+01 -1.476900e+01 -6.481523e+01 2.594878e+01 1.060131e+03
<VARIANCE> 6
 3.737060e+02 5.810443e+04 5.154013e+04 5.627166e+04 3.132444e+05 2.344837e+08
<GCONST> 8.163643e+01
<MIXTURE> 11 7.911731e-02
<MEAN> 6
 6.478019e+01 -6.452750e+01 -5.190574e+01 -2.227352e+00 -4.132971e+01 -4.854492e+02
<VARIANCE> 6
 9.672514e+01 2.621677e+04 1.564631e+05 2.961554e+02 4.050157e+04 5.219723e+07
<GCONST> 7.180438e+01
<STATE> 3
<NUMMIXES> 11
<MIXTURE> 1 1.067217e-01
<MEAN> 6
 8.914029e+01 3.772063e+02 -1.148797e+03 -2.809127e+00 -5.657736e+00 3.135295e+01
<VARIANCE> 6
 3.128982e+01 4.682345e+04 2.590367e+05 2.961554e+02 4.050157e+04 5.219723e+07
<GCONST> 7.175994e+01
<MIXTURE> 2 8.555187e-02
<MEAN> 6
 7.557016e+01 2.007221e+03 1.368985e+02 -8.034694e-01 -7.791425e+00 -2.382153e+02
<VARIANCE> 6
 4.269530e+01 2.183306e+05 7.014059e+05 2.961554e+02 4.050157e+04 5.219723e+07
<GCONST> 7.460648e+01
<MIXTURE> 3 8.984064e-02
<MEAN> 6
 7.386554e+01 3.521790e+02 3.657269e+03 1.602030e-01 2.190090e+00 -1.508948e+01
<VARIANCE> 6
 1.726326e+02 7.325684e+04 5.795374e+05 2.961554e+02 4.050157e+04 5.219723e+07
<GCONST> 7.472066e+01
<MIXTURE> 4 4.397165e-02
<MEAN> 6
 5.715838e+01 -8.787230e+03 -1.988843e+03 -5.245134e-01 -5.473749e+00 -7.468179e+01
<VARIANCE> 6
 3.128982e+01 2.091844e+07 3.223796e+04 2.961554e+02 4.050157e+04 5.219723e+07
<GCONST> 7.577812e+01
<MIXTURE> 5 1.338493e-01
<MEAN> 6
 6.552894e+01 -6.710804e+02 -1.429707e+03 1.417325e+00 -2.631236e+00 -6.558670e+01
<VARIANCE> 6
 4.343319e+01 2.421445e+05 5.742516e+04 2.961554e+02 4.050157e+04 5.219723e+07
<GCONST> 7.222453e+01
<MIXTURE> 6 1.029925e-01
<MEAN> 6
 8.132225e+01 -5.507043e+02 1.733337e+03 -9.961503e-02 -2.074155e+00 -6.293834e+01
<VARIANCE> 6
 3.128982e+01 3.551995e+04 6.345434e+05 2.961554e+02 4.050157e+04 5.219723e+07
<GCONST> 7.237959e+01
<MIXTURE> 7 4.932569e-02
<MEAN> 6
 6.558968e+01 6.477999e+02 -3.131828e+03 3.050418e+00 -5.921195e+00 -1.057251e+02
<VARIANCE> 6
 3.128982e+01 1.462300e+05 8.039424e+04 2.961554e+02 4.050157e+04 5.219723e+07
<GCONST> 7.172871e+01
<MIXTURE> 8 7.655175e-02
<MEAN> 6
 6.658768e+01 1.361075e+03 5.602170e+02 1.035284e+00 -1.610036e+00 -3.640954e+01
<VARIANCE> 6
 6.771078e+01 1.628611e+04 7.320471e+05 2.961554e+02 4.050157e+04 5.219723e+07
<GCONST> 7.251469e+01
<MIXTURE> 9 9.685912e-02
<MEAN> 6
 7.398544e+01 -4.274090e+02 9.337305e+02 -4.514005e-01 -7.124503e+00 -7.034869e+01
<VARIANCE> 6
 3.128982e+01 1.293270e+04 1.808196e+04 2.961554e+02 4.050157e+04 5.219723e+07
<GCONST> 6.781126e+01
<MIXTURE> 10 1.254268e-01
<MEAN> 6
 6.550507e+01 1.184058e+03 -9.358786e+02 -2.900837e-01 -5.666736e-01 -7.649715e+01
<VARIANCE> 6
 3.128982e+01 3.482525e+04 2.206243e+05 2.961554e+02 4.050157e+04 5.219723e+07
<GCONST> 7.130339e+01
<MIXTURE> 11 8.888153e-02
<MEAN> 6
 6.630277e+01 2.557258e+02 3.009184e+03 2.049191e-01 -7.034092e+00 -1.718947e+02
<VARIANCE> 6
 2.502706e+02 6.293541e+04 9.204599e+05 2.961554e+02 4.050157e+04 5.219723e+07
<GCONST> 7.540282e+01
<STATE> 4
<NUMMIXES> 11
<MIXTURE> 1 1.084491e-01
<MEAN> 6
 7.355838e+01 -1.018147e+01 5.282495e+02 -2.736197e+00 -3.617285e+00 4.727828e+01
<VARIANCE> 6
 3.128982e+01 1.293270e+04 3.819002e+04 2.961554e+02 4.050157e+04 5.219723e+07
<GCONST> 6.855891e+01
<MIXTURE> 2 1.196180e-01
<MEAN> 6
 6.343394e+01 4.946164e+01 -3.077913e+02 -1.045877e+00 -2.053453e+00 -1.316716e+01
<VARIANCE> 6
 3.128982e+01 1.293270e+04 1.353773e+04 2.961554e+02 4.050157e+04 5.219723e+07
<GCONST> 6.752183e+01
<MIXTURE> 3 3.497725e-02
<MEAN> 6
 5.929419e+01 4.479016e+02 4.484026e+02 4.975498e+00 -9.631806e+00 -3.320615e+01
<VARIANCE> 6
 3.128982e+01 1.293270e+04 1.353773e+04 2.961554e+02 4.050157e+04 5.219723e+07
<GCONST> 6.752183e+01
<MIXTURE> 4 8.165919e-02
<MEAN> 6
 6.603629e+01 3.925767e+02 -6.969642e+02 -1.298743e+00 -1.090604e+01 -1.125428e+02
<VARIANCE> 6
 3.128982e+01 3.272536e+04 4.619090e+04 2.961554e+02 4.050157e+04 5.219723e+07
<GCONST> 6.967752e+01
<MIXTURE> 5 7.963605e-02
<MEAN> 6
 6.929970e+01 2.653690e+02 1.893498e+02 -3.151564e+00 3.603842e+00 -2.791084e+01
<VARIANCE> 6
 3.128982e+01 1.661080e+04 1.353773e+04 2.961554e+02 4.050157e+04 5.219723e+07
<GCONST> 6.777212e+01
<MIXTURE> 6 9.110508e-02
<MEAN> 6
 7.635367e+01 -6.876461e+01 2.756468e+02 -2.799151e+00 -7.166124e+00 1.472961e+02
<VARIANCE> 6
 3.128982e+01 1.317468e+04 3.700022e+04 2.961554e+02 4.050157e+04 5.219723e+07
<GCONST> 6.854581e+01
<MIXTURE> 7 7.249828e-02
<MEAN> 6
 6.769683e+01 1.728580e+02 1.441561e+02 -2.237062e+00 4.924736e+00 -1.280383e+01
<VARIANCE> 6
 3.128982e+01 1.293270e+04 1.353773e+04 2.961554e+02 4.050157e+04 5.219723e+07
<GCONST> 6.752183e+01
<MIXTURE> 8 1.217133e-01
<MEAN> 6
 6.587175e+01 2.005153e+01 -6.372555e+02 -1.645131e+00 -1.029404e+01 6.235109e+00
<VARIANCE> 6
 6.721035e+01 1.293270e+04 1.353773e+04 2.961554e+02 4.050157e+04 5.219723e+07
<GCONST> 6.828636e+01
<MIXTURE> 9 1.235343e-01
<MEAN> 6
 6.367508e+01 5.457611e+01 -3.278361e+02 -1.009632e+00 -2.646486e+00 -2.289560e+01
<VARIANCE> 6
 3.128982e+01 1.293270e+04 1.374254e+04 2.961554e+02 4.050157e+04 5.219723e+07
<GCONST> 6.753684e+01
<MIXTURE> 10 9.397394e-02
<MEAN> 6
 7.551752e+01 -5.709746e+01 1.540931e+02 -3.478274e+00 -1.894135e+00 1.503415e+02
<VARIANCE> 6
 3.128982e+01 1.394505e+04 1.926182e+04 2.961554e+02 4.050157e+04 5.219723e+07
<GCONST> 6.794984e+01
<MIXTURE> 11 7.279287e-02
<MEAN> 6
 6.609698e+01 1.353458e+02 1.142456e+02 -2.063419e+00 -2.012924e+00 -4.402686e+01
<VARIANCE> 6
 3.128982e+01 1.293270e+04 1.353773e+04 2.961554e+02 4.050157e+04 5.219723e+07
<GCONST> 6.752183e+01
<STATE> 5
<NUMMIXES> 11
<MIXTURE> 1 5.653634e-02
<MEAN> 6
 1.002560e+02 -1.150659e+02 -7.234782e+01 -6.556062e+00 -1.035062e+01 5.575539e+02
<VARIANCE> 6
 3.128982e+01 7.336846e+04 1.640941e+04 2.961554e+02 4.050157e+04 5.219723e+07
<GCONST> 6.944994e+01
<MIXTURE> 2 7.454704e-02
<MEAN> 6
 8.706232e+01 2.886091e+02 -1.907916e+02 -1.661167e+00 1.970123e+00 -3.462988e+01
<VARIANCE> 6
 3.128982e+01 1.919521e+05 1.353773e+04 2.961554e+02 4.050157e+04 5.219723e+07
<GCONST> 7.021931e+01
<MIXTURE> 3 1.257601e-01
<MEAN> 6
 9.217096e+01 -4.548538e+02 -5.330963e+02 -1.525155e+00 -6.859999e+00 -2.708831e+01
<VARIANCE> 6
 1.148141e+02 1.293270e+04 1.353773e+04 2.961554e+02 4.050157e+04 5.219723e+07
<GCONST> 6.882185e+01
<MIXTURE> 4 1.157436e-01
<MEAN> 6
 8.019492e+01 -3.862346e+02 1.307334e+02 -3.612163e+00 3.190615e+00 -4.679510e+01
<VARIANCE> 6
 3.128982e+01 1.293270e+04 2.632353e+04 2.961554e+02 4.050157e+04 5.219723e+07
<GCONST> 6.818681e+01
<MIXTURE> 5 8.898816e-02
<MEAN> 6
 7.563917e+01 -1.002001e+03 -1.105637e+02 -1.167538e+00 -3.682637e+00 -1.213290e+02
<VARIANCE> 6
 3.128982e+01 9.606092e+04 5.223351e+04 2.961554e+02 4.050157e+04 5.219723e+07
<GCONST> 7.087730e+01
<MIXTURE> 6 1.028912e-01
<MEAN> 6
 8.434730e+01 -7.955100e+01 -3.023181e+02 -9.120450e-01 1.549658e+00 -7.117631e+00
<VARIANCE> 6
 3.128982e+01 2.620430e+04 1.353773e+04 2.961554e+02 4.050157e+04 5.219723e+07
<GCONST> 6.822799e+01
<MIXTURE> 7 9.221794e-02
<MEAN> 6
 8.794366e+01 -5.062031e+01 3.854733e+01 -3.369450e+00 5.036860e+00 -3.330859e+01
<VARIANCE> 6
 3.128982e+01 2.392169e+04 1.353773e+04 2.961554e+02 4.050157e+04 5.219723e+07
<GCONST> 6.813686e+01
<MIXTURE> 8 9.559666e-02
<MEAN> 6
 7.410621e+01 -6.155663e+02 1.344372e+02 -1.664428e+00 -4.600415e-01 -7.744810e+01
<VARIANCE> 6
 3.128982e+01 2.065479e+04 1.353773e+04 2.961554e+02 4.050157e+04 5.219723e+07
<GCONST> 6.799001e+01
<MIXTURE> 9 8.305889e-02
<MEAN> 6
 7.176765e+01 -8.959802e+02 -5.794808e+02 -6.469352e-01 -1.025685e+01 -6.191228e+01
<VARIANCE> 6
 3.128982e+01 2.426001e+05 1.474790e+04 2.961554e+02 4.050157e+04 5.219723e+07
<GCONST> 7.053910e+01
<MIXTURE> 10 8.941478e-02
<MEAN> 6
 8.751591e+01 -1.143726e+02 3.868384e+01 -3.481289e+00 3.855974e+00 -3.602394e+01
<VARIANCE> 6
 3.128982e+01 2.525126e+04 1.353773e+04 2.961554e+02 4.050157e+04 5.219723e+07
<GCONST> 6.819094e+01
<MIXTURE> 11 7.514028e-02
<MEAN> 6
 8.521451e+01 1.109822e+02 -2.300733e+02 -1.796113e+00 -8.459686e+00 -1.541703e+02
<VARIANCE> 6
 3.128982e+01 1.960521e+05 1.353773e+04 2.961554e+02 4.050157e+04 5.219723e+07
<GCONST> 7.024045e+01
<STATE> 6
<NUMMIXES> 11
<MIXTURE> 1 1.303664e-01
<MEAN> 6
 9.036272e+01 1.564687e+02 4.607751e+02 -3.103564e+00 -2.069685e+01 -3.385651e+01
<VARIANCE> 6
 9.350492e+01 7.377996e+05 3.235298e+06 2.961554e+02 4.050157e+04 5.219723e+07
<GCONST> 7.813686e+01
<MIXTURE> 2 1.692163e-02
<MEAN> 6
 -6.459805e+00 1.613913e+02 1.121864e+02 -1.828174e+01 1.553926e+01 3.236377e+03
<VARIANCE> 6
 1.158297e+04 2.007952e+05 4.108850e+05 1.916629e+06 1.047057e+09 1.540063e+12
<GCONST> 1.088188e+02
<MIXTURE> 3 6.900875e-02
<MEAN> 6
 7.502510e+01 2.044909e+02 1.392317e+02 -1.242879e+01 -5.795665e+02 2.426293e+03
<VARIANCE> 6
 6.043282e+02 9.252624e+05 2.614492e+05 3.001740e+04 5.578092e+05 2.423792e+08
<GCONST> 8.649053e+01
<MIXTURE> 4 9.729405e-02
<MEAN> 6
 -3.844239e+01 -1.810328e+02 1.865726e+02 1.195738e+02 7.478691e+02 -1.855296e+03
<VARIANCE> 6
 4.504500e+02 4.075272e+05 7.698918e+05 2.266984e+04 1.830809e+05 5.610409e+07
<GCONST> 8.359857e+01
<MIXTURE> 5 1.031472e-01
<MEAN> 6
 9.712598e+00 -4.221283e+01 -8.413422e+02 -1.146856e+02 8.489795e+01 4.125355e+03
<VARIANCE> 6
 4.460109e+03 7.892749e+05 6.844982e+06 5.046377e+04 3.205564e+06 1.658641e+09
<GCONST> 9.578676e+01
<MIXTURE> 6 9.379996e-02
<MEAN> 6
 6.288124e+01 3.087401e+02 2.047852e+02 6.058325e+01 -4.991928e+02 -5.280012e+02
<VARIANCE> 6
 6.755258e+02 1.998970e+06 2.819089e+06 2.570729e+04 1.603500e+05 5.219723e+07
<GCONST> 8.681300e+01
<MIXTURE> 7 1.201740e-01
<MEAN> 6
 8.559334e+01 9.605266e+01 -7.002088e+01 -4.346770e+00 -2.067100e+01 -3.085812e+02
<VARIANCE> 6
 1.928961e+02 6.941466e+05 1.673288e+05 2.961554e+02 4.050157e+04 5.219723e+07
<GCONST> 7.583809e+01
<MIXTURE> 8 9.245678e-02
<MEAN> 6
 -6.458499e+01 1.466729e+02 -1.118305e+02 1.012404e+01 1.866742e+02 3.180300e+02
<VARIANCE> 6
 1.705217e+02 6.136137e+05 1.494410e+06 6.719939e+02 8.255952e+04 5.219723e+07
<GCONST> 7.931255e+01
<MIXTURE> 9 1.238321e-01
<MEAN> 6
 3.344917e+01 -2.090420e+02 4.960793e+01 2.937645e+01 -2.276905e+02 -1.530200e+03
<VARIANCE> 6
 9.859052e+02 3.159752e+05 1.035736e+06 4.868445e+04 1.481579e+05 5.219723e+07
<GCONST> 8.490455e+01
<MIXTURE> 10 8.409670e-02
<MEAN> 6
 -4.350432e+01 1.771381e+01 -6.312490e+01 -2.359831e+01 9.636263e+02 -1.083929e+03
<VARIANCE> 6
 4.611310e+02 2.255887e+06 5.722793e+05 3.559308e+04 4.949724e+05 2.559251e+08
<GCONST> 8.799995e+01
<MIXTURE> 11 6.816138e-02
<MEAN> 6
 6.518534e+01 -1.453266e+02 -6.368418e+01 -7.905129e+01 -8.647211e+02 -1.520359e+03
<VARIANCE> 6
 7.721727e+02 1.003166e+06 2.786662e+05 3.811316e+04 4.966144e+05 2.212226e+08
<GCONST> 8.691148e+01
<TRANSP> 7
 0.000000e+00 1.000000e+00 0.000000e+00 0.000000e+00 0.000000e+00 0.000000e+00 0.000000e+00
 0.000000e+00 9.999148e-01 8.525120e-05 0.000000e+00 0.000000e+00 0.000000e+00 0.000000e+00
 0.000000e+00 0.000000e+00 9.992642e-01 7.358075e-04 0.000000e+00 0.000000e+00 0.000000e+00
 0.000000e+00 0.000000e+00 0.000000e+00 9.987628e-01 1.237225e-03 0.000000e+00 0.000000e+00
 0.000000e+00 0.000000e+00 0.000000e+00 0.000000e+00 9.993510e-01 6.489683e-04 0.000000e+00
 0.000000e+00 0.000000e+00 0.000000e+00 0.000000e+00 0.000000e+00 9.999193e-01 8.069282e-05
 0.000000e+00 0.000000e+00 0.000000e+00 0.000000e+00 0.000000e+00 0.000000e+00 0.000000e+00
<ENDHMM>
