~o
<STREAMINFO> 1 6
<VECSIZE> 6<NULLD><USER><DIAGC>
~h "SegundoPRIMARIA"
<BEGINHMM>
<NUMSTATES> 4
<STATE> 2
<NUMMIXES> 2
<MIXTURE> 1 5.110320e-01
<MEAN> 6
 4.002108e+01 4.377851e+01 9.427106e+01 1.691813e+01 3.110268e+01 9.428036e+02
<VARIANCE> 6
 3.514666e+03 3.342756e+05 6.239754e+05 2.642230e+04 5.719424e+05 2.015659e+08
<GCONST> 8.781593e+01
<MIXTURE> 2 4.889268e-01
<MEAN> 6
 3.486561e+01 -5.732482e+01 -9.292879e+01 -1.688674e+01 -3.271796e+01 -9.873891e+02
<VARIANCE> 6
 3.794748e+03 1.409110e+06 5.265082e+05 3.069710e+04 1.039397e+06 2.533183e+08
<GCONST> 9.013736e+01
<STATE> 3
<NUMMIXES> 2
<MIXTURE> 1 4.972871e-01
<MEAN> 6
 4.882396e+01 3.422443e+02 5.079648e+01 2.686039e+01 -2.296112e+00 4.809717e+03
<VARIANCE> 6
 5.193774e+03 1.480591e+06 5.388602e+05 1.231938e+05 8.727106e+07 1.219640e+11
<GCONST> 1.025207e+02
<MIXTURE> 2 5.027128e-01
<MEAN> 6
 2.569347e+01 -6.014086e+01 -1.809264e+02 -2.585390e+01 5.334900e+00 -4.764313e+03
<VARIANCE> 6
 5.314765e+03 5.482551e+05 5.775276e+05 1.656471e+05 2.226278e+07 3.996949e+10
<GCONST> 9.943394e+01
<TRANSP> 4
 0.000000e+00 1.000000e+00 0.000000e+00 0.000000e+00
 0.000000e+00 9.999610e-01 3.900539e-05 0.000000e+00
 0.000000e+00 0.000000e+00 9.990442e-01 9.557840e-04
 0.000000e+00 0.000000e+00 0.000000e+00 0.000000e+00
<ENDHMM>
~h "SegundoESO"
<BEGINHMM>
<NUMSTATES> 4
<STATE> 2
<NUMMIXES> 2
<MIXTURE> 1 4.842108e-01
<MEAN> 6
 4.332256e+01 1.349301e+02 1.905892e+02 1.291615e+01 1.526359e+01 3.558112e+02
<VARIANCE> 6
 2.627682e+03 1.139215e+07 1.119316e+07 1.355238e+04 2.335022e+05 4.829342e+07
<GCONST> 9.094844e+01
<MIXTURE> 2 5.157784e-01
<MEAN> 6
 3.850644e+01 -2.663775e+02 -3.674437e+02 -1.328458e+01 -2.224325e+01 -3.559619e+02
<VARIANCE> 6
 2.790267e+03 3.562910e+06 7.332504e+06 1.662438e+04 3.410966e+05 6.295321e+07
<GCONST> 9.027151e+01
<STATE> 3
<NUMMIXES> 2
<MIXTURE> 1 5.020118e-01
<MEAN> 6
 3.210952e+01 1.224599e+02 1.117909e+02 1.171447e+01 1.462763e+01 6.646862e+02
<VARIANCE> 6
 2.617373e+03 5.480431e+05 4.531104e+05 1.957773e+04 3.968104e+05 8.350090e+07
<GCONST> 8.614893e+01
<MIXTURE> 2 4.979715e-01
<MEAN> 6
 2.814365e+01 -8.375886e+01 -5.915794e+01 -1.058362e+01 -1.269524e+01 -6.637103e+02
<VARIANCE> 6
 2.697012e+03 6.431816e+05 3.959111e+05 2.275339e+04 5.314997e+05 1.191798e+08
<GCONST> 8.700237e+01
<TRANSP> 4
 0.000000e+00 1.000000e+00 0.000000e+00 0.000000e+00
 0.000000e+00 9.998304e-01 1.696534e-04 0.000000e+00
 0.000000e+00 0.000000e+00 9.999535e-01 4.650178e-05
 0.000000e+00 0.000000e+00 0.000000e+00 0.000000e+00
<ENDHMM>
~h "QuintoPRIMARIA"
<BEGINHMM>
<NUMSTATES> 4
<STATE> 2
<NUMMIXES> 2
<MIXTURE> 1 5.223242e-01
<MEAN> 6
 3.845587e+01 7.268999e+01 1.443275e+02 1.697432e+01 2.381401e-01 3.116102e+02
<VARIANCE> 6
 2.861532e+03 3.877401e+05 9.606951e+05 1.912314e+04 3.861471e+05 9.472944e+07
<GCONST> 8.671904e+01
<MIXTURE> 2 4.774537e-01
<MEAN> 6
 2.764324e+01 -7.244140e+01 -1.780486e+02 -1.810835e+01 -4.491806e-02 -3.396664e+02
<VARIANCE> 6
 3.181166e+03 1.236503e+06 1.178765e+06 2.714641e+04 8.387414e+05 2.194725e+08
<GCONST> 9.015544e+01
<STATE> 3
<NUMMIXES> 2
<MIXTURE> 1 4.967424e-01
<MEAN> 6
 4.875818e+01 -6.595818e+01 3.553501e+02 1.820613e+01 5.648752e+02 9.893090e+03
<VARIANCE> 6
 5.611405e+03 7.932196e+05 9.774418e+05 2.674891e+05 1.394648e+08 2.430711e+11
<GCONST> 1.045032e+02
<MIXTURE> 2 5.032577e-01
<MEAN> 6
 2.323150e+01 -1.094161e+02 1.086815e+02 -1.186593e+01 -5.669164e+02 -9.770236e+03
<VARIANCE> 6
 7.932834e+03 6.813648e+05 4.908246e+05 4.623434e+05 2.601900e+08 3.482829e+11
<GCONST> 1.055390e+02
<TRANSP> 4
 0.000000e+00 1.000000e+00 0.000000e+00 0.000000e+00
 0.000000e+00 9.999627e-01 3.733773e-05 0.000000e+00
 0.000000e+00 0.000000e+00 9.990796e-01 9.203329e-04
 0.000000e+00 0.000000e+00 0.000000e+00 0.000000e+00
<ENDHMM>
