~o
<STREAMINFO> 1 6
<VECSIZE> 6<NULLD><USER><DIAGC>
~h "SegundoPRIMARIA"
<BEGINHMM>
<NUMSTATES> 4
<STATE> 2
<NUMMIXES> 9
<MIXTURE> 1 1.212938e-01
<MEAN> 6
 8.637040e+01 2.328692e+02 1.412496e+02 -2.635209e+00 -1.249393e+01 -7.394316e+01
<VARIANCE> 6
 3.262324e+02 3.472651e+05 1.409251e+05 2.584595e+02 1.535098e+04 1.476057e+07
<GCONST> 7.312984e+01
<MIXTURE> 2 1.070828e-01
<MEAN> 6
 7.558395e+01 1.459244e+01 1.299973e+02 -1.722112e+01 -4.767010e+02 3.598037e+01
<VARIANCE> 6
 7.703290e+02 1.431538e+05 3.494819e+05 3.397889e+04 2.221598e+05 8.622903e+07
<GCONST> 8.332712e+01
<MIXTURE> 3 1.447734e-01
<MEAN> 6
 -5.020792e+01 -3.627815e+00 -4.641090e+01 2.781951e+01 6.016272e+02 1.240773e+02
<VARIANCE> 6
 2.336195e+02 9.426682e+04 1.397395e+05 7.673647e+03 2.316096e+05 5.540712e+07
<GCONST> 7.891095e+01
<MIXTURE> 4 1.089871e-01
<MEAN> 6
 4.202662e+01 -4.815916e+01 3.187598e+01 -5.353527e+01 -2.494323e+02 1.927977e+03
<VARIANCE> 6
 4.480485e+03 4.927251e+05 4.230423e+05 6.727977e+04 4.299780e+06 1.904706e+09
<GCONST> 9.325597e+01
<MIXTURE> 5 1.112152e-01
<MEAN> 6
 1.202022e+01 2.999622e+01 5.609219e+00 2.413535e+02 1.949278e+02 -3.883434e+03
<VARIANCE> 6
 9.373359e+02 1.178877e+05 7.942022e+04 9.359144e+03 2.563847e+05 5.697619e+07
<GCONST> 8.028699e+01
<MIXTURE> 6 7.718589e-02
<MEAN> 6
 8.046742e+01 2.039134e+00 -2.079102e+02 -1.423880e+00 3.322411e+00 -2.704377e+01
<VARIANCE> 6
 1.748027e+02 5.154285e+04 1.340083e+05 2.584595e+02 1.535098e+04 1.476057e+07
<GCONST> 7.054790e+01
<MIXTURE> 7 1.146814e-01
<MEAN> 6
 -1.637144e+01 -2.179502e+00 8.079479e+00 -1.534011e+02 7.972371e+02 3.424330e+03
<VARIANCE> 6
 1.162786e+03 6.961223e+04 5.158547e+04 4.531331e+04 1.048264e+06 3.780632e+08
<GCONST> 8.442210e+01
<MIXTURE> 8 1.377347e-01
<MEAN> 6
 8.018214e+01 -9.280348e+00 1.607316e+01 -3.831497e+01 -8.686390e+02 -1.273373e+03
<VARIANCE> 6
 5.184622e+02 7.287070e+04 6.569145e+04 3.409404e+04 4.614428e+05 1.514911e+08
<GCONST> 8.188232e+01
<MIXTURE> 9 7.595912e-02
<MEAN> 6
 7.477731e+01 -1.071193e+02 -4.006319e+02 -1.246361e+00 -9.664473e+00 -1.575239e+02
<VARIANCE> 6
 1.136812e+02 7.294523e+04 1.867637e+05 2.584595e+02 1.535098e+04 1.476057e+07
<GCONST> 7.079688e+01
<STATE> 3
<NUMMIXES> 9
<MIXTURE> 1 8.364367e-03
<MEAN> 6
 -8.324910e-01 -4.424735e+02 -7.394930e-01 1.890803e+01 -1.174295e+02 4.749518e+03
<VARIANCE> 6
 9.009304e+03 7.306222e+05 1.210380e+06 1.570774e+06 8.566902e+08 1.241940e+12
<GCONST> 1.103247e+02
<MIXTURE> 2 1.614687e-01
<MEAN> 6
 9.752843e+01 4.639713e+01 6.723518e+01 -5.371080e+00 -1.188898e+01 -1.103856e+02
<VARIANCE> 6
 3.588100e+02 2.913747e+06 3.783297e+05 2.584595e+02 1.535098e+04 1.476057e+07
<GCONST> 7.633968e+01
<MIXTURE> 3 1.271903e-01
<MEAN> 6
 -3.682991e+01 1.709191e+02 9.095604e+01 4.959426e+01 6.273680e+02 1.035442e+02
<VARIANCE> 6
 8.151500e+02 4.487810e+05 6.701242e+05 3.195922e+04 3.519571e+05 1.041909e+08
<GCONST> 8.576536e+01
<MIXTURE> 4 4.239139e-02
<MEAN> 6
 -3.457443e+00 -9.557480e+02 2.798217e+02 -3.129081e+00 1.896911e+01 1.558076e+02
<VARIANCE> 6
 5.069812e+03 1.897385e+07 7.544037e+05 2.584595e+02 1.555965e+04 1.476057e+07
<GCONST> 8.156522e+01
<MIXTURE> 5 7.942575e-02
<MEAN> 6
 1.394185e+01 1.522544e+02 -1.247850e+02 -8.437053e+01 3.947014e+02 2.637509e+03
<VARIANCE> 6
 4.858518e+03 7.561200e+06 1.668460e+06 7.110636e+04 3.711627e+06 2.142215e+09
<GCONST> 9.746572e+01
<MIXTURE> 6 1.620346e-01
<MEAN> 6
 6.594930e+01 1.024996e+02 2.832607e+01 4.666294e+01 -3.558867e+02 -7.761188e+02
<VARIANCE> 6
 1.011313e+03 5.755234e+05 6.842594e+05 3.242867e+04 1.717101e+05 5.379932e+07
<GCONST> 8.488653e+01
<MIXTURE> 7 1.646850e-01
<MEAN> 6
 8.080154e+01 -6.906279e+01 5.365039e+01 -6.574298e-01 -1.191541e+01 -1.019442e+02
<VARIANCE> 6
 2.131566e+02 4.809314e+05 2.432004e+06 2.584595e+02 1.535098e+04 1.476057e+07
<GCONST> 7.587814e+01
<MIXTURE> 8 1.259589e-01
<MEAN> 6
 7.690263e+01 -2.161854e+02 7.994123e+01 -4.754202e+01 -8.554454e+02 6.208901e+02
<VARIANCE> 6
 1.089093e+03 5.760408e+05 1.000540e+06 4.741048e+04 7.562097e+05 3.061693e+08
<GCONST> 8.894267e+01
<MIXTURE> 9 1.279412e-01
<MEAN> 6
 -5.124896e+01 -1.726831e+01 -1.977959e+02 6.934070e+00 4.562661e+02 -1.391555e+03
<VARIANCE> 6
 7.558023e+02 4.425786e+05 8.373325e+05 1.836205e+04 2.680511e+05 1.104566e+08
<GCONST> 8.513050e+01
<TRANSP> 4
 0.000000e+00 1.000000e+00 0.000000e+00 0.000000e+00
 0.000000e+00 9.999388e-01 6.120787e-05 0.000000e+00
 0.000000e+00 0.000000e+00 9.999071e-01 9.290158e-05
 0.000000e+00 0.000000e+00 0.000000e+00 0.000000e+00
<ENDHMM>
~h "SegundoESO"
<BEGINHMM>
<NUMSTATES> 4
<STATE> 2
<NUMMIXES> 9
<MIXTURE> 1 9.002949e-02
<MEAN> 6
 8.951543e+01 -1.195668e+03 5.243267e+02 -4.676881e+00 -1.567304e+01 -9.108408e+01
<VARIANCE> 6
 1.358841e+02 2.304087e+07 2.349527e+07 2.584595e+02 1.535098e+04 1.476057e+07
<GCONST> 8.156530e+01
<MIXTURE> 2 8.651902e-02
<MEAN> 6
 1.488508e+01 3.146290e+02 6.010011e+02 -5.055396e+01 -2.514379e+01 1.204038e+03
<VARIANCE> 6
 2.901105e+03 1.776524e+07 9.254137e+06 5.039246e+04 1.389674e+06 3.424613e+08
<GCONST> 9.635728e+01
<MIXTURE> 3 1.503979e-01
<MEAN> 6
 7.407754e+01 1.549898e+02 1.871922e+02 -6.240084e-01 -9.016509e+00 -5.915405e+01
<VARIANCE> 6
 3.146426e+01 5.478941e+05 1.941977e+06 2.584595e+02 1.535098e+04 1.476057e+07
<GCONST> 7.387032e+01
<MIXTURE> 4 1.427726e-01
<MEAN> 6
 -4.416018e+01 3.054071e+02 5.348658e+02 1.553464e+01 4.775266e+02 -1.576466e+02
<VARIANCE> 6
 4.929877e+02 2.330377e+06 4.387553e+06 1.978162e+04 2.140246e+05 4.134943e+07
<GCONST> 8.688749e+01
<MIXTURE> 5 1.530667e-01
<MEAN> 6
 6.573376e+01 4.935590e+01 2.019834e+01 -3.567519e-02 -1.255560e+00 -5.774895e+01
<VARIANCE> 6
 6.325938e+01 1.875986e+05 7.960616e+04 2.584595e+02 1.535098e+04 1.476057e+07
<GCONST> 7.030255e+01
<MIXTURE> 6 7.906865e-02
<MEAN> 6
 6.265647e+01 1.533519e+02 2.271006e+02 5.161563e+01 -3.653353e+02 2.586222e+02
<VARIANCE> 6
 7.846152e+02 4.196417e+06 6.632950e+06 2.311905e+04 1.198348e+05 3.356102e+07
<GCONST> 8.772092e+01
<MIXTURE> 7 1.013098e-01
<MEAN> 6
 7.038343e+01 3.868535e+02 -2.595000e+03 -5.268517e-01 -3.501410e+00 -5.243077e+01
<VARIANCE> 6
 9.418726e+01 3.844801e+05 8.187216e+06 2.584595e+02 1.535098e+04 1.476057e+07
<GCONST> 7.605142e+01
<MIXTURE> 8 1.152937e-01
<MEAN> 6
 6.480187e+01 -1.351199e+01 -2.922566e+02 -2.643988e-01 -3.705736e-01 -5.286316e+01
<VARIANCE> 6
 4.486328e+01 1.913377e+06 1.510864e+05 2.584595e+02 1.535098e+04 1.476057e+07
<GCONST> 7.292201e+01
<MIXTURE> 9 8.119701e-02
<MEAN> 6
 5.676110e+01 -5.717407e+02 -2.581648e+02 -2.365672e+01 -4.307733e+02 -1.013849e+03
<VARIANCE> 6
 9.250695e+02 5.297622e+06 4.653362e+06 3.027092e+04 1.837028e+05 3.164013e+07
<GCONST> 8.840195e+01
<STATE> 3
<NUMMIXES> 9
<MIXTURE> 1 8.614969e-02
<MEAN> 6
 8.272758e+01 1.619185e+02 -1.398003e+01 -4.070830e+00 -3.977226e+00 3.358064e+01
<VARIANCE> 6
 1.482455e+02 8.162432e+05 6.504708e+05 2.584595e+02 1.535098e+04 1.476057e+07
<GCONST> 7.472519e+01
<MIXTURE> 2 8.713223e-02
<MEAN> 6
 7.234901e+01 -1.427969e+02 2.878432e+02 8.968822e+00 -8.824216e+02 -5.723682e+02
<VARIANCE> 6
 6.337556e+02 2.128071e+06 1.402874e+06 3.009018e+04 8.307774e+05 4.810913e+08
<GCONST> 9.013733e+01
<MIXTURE> 3 9.539346e-02
<MEAN> 6
 5.679675e-01 3.698818e+01 5.778472e+01 3.166419e+01 6.730997e+01 -7.087746e+02
<VARIANCE> 6
 3.969923e+02 1.864282e+05 1.768392e+05 3.428836e+04 7.180312e+04 3.860547e+07
<GCONST> 8.032313e+01
<MIXTURE> 4 9.476963e-02
<MEAN> 6
 -3.468608e+01 2.069805e+02 1.291885e+02 -1.247403e+02 9.541887e+02 3.797826e+03
<VARIANCE> 6
 5.563452e+02 1.039013e+06 1.149502e+06 3.337373e+04 8.599033e+05 4.329258e+08
<GCONST> 8.912345e+01
<MIXTURE> 5 1.431808e-01
<MEAN> 6
 5.502982e+01 -1.918376e+01 4.319991e+01 7.309550e+01 -3.580392e+02 -1.026045e+03
<VARIANCE> 6
 3.653406e+02 3.528973e+05 4.745282e+05 1.744302e+04 7.207918e+04 2.162044e+07
<GCONST> 8.061346e+01
<MIXTURE> 6 1.704195e-01
<MEAN> 6
 -4.915821e+01 -3.796049e-01 2.010391e+01 4.490283e+01 6.435125e+02 -5.231754e+02
<VARIANCE> 6
 2.030193e+02 3.647590e+05 2.812077e+05 9.453343e+03 2.156998e+05 4.737093e+07
<GCONST> 8.080369e+01
<MIXTURE> 7 1.383617e-01
<MEAN> 6
 6.064980e+01 2.142979e+01 6.269232e+01 -7.227541e+01 -6.383212e+02 1.591131e+03
<VARIANCE> 6
 4.567816e+02 7.016862e+05 9.654555e+04 2.517187e+04 1.792482e+05 8.470287e+07
<GCONST> 8.257515e+01
<MIXTURE> 8 9.709509e-02
<MEAN> 6
 -4.307905e+00 -1.277259e+02 -3.624586e+01 1.267884e+01 1.334659e+02 -2.091378e+03
<VARIANCE> 6
 3.292518e+02 4.433925e+05 1.369542e+05 4.627888e+04 1.395123e+05 1.142127e+08
<GCONST> 8.279562e+01
<MIXTURE> 9 8.631001e-02
<MEAN> 6
 7.964462e+01 -1.293426e+02 -1.478535e+02 -3.886969e+00 -2.203951e+01 -1.858529e+02
<VARIANCE> 6
 1.192941e+02 6.979269e+05 5.035488e+05 2.584595e+02 1.535098e+04 1.476057e+07
<GCONST> 7.409531e+01
<TRANSP> 4
 0.000000e+00 1.000000e+00 0.000000e+00 0.000000e+00
 0.000000e+00 9.998864e-01 1.135982e-04 0.000000e+00
 0.000000e+00 0.000000e+00 9.999466e-01 5.345477e-05
 0.000000e+00 0.000000e+00 0.000000e+00 0.000000e+00
<ENDHMM>
~h "QuintoPRIMARIA"
<BEGINHMM>
<NUMSTATES> 4
<STATE> 2
<NUMMIXES> 9
<MIXTURE> 1 1.113594e-01
<MEAN> 6
 8.143763e+01 3.736751e+02 -2.915352e+01 -1.737434e+00 -1.655622e+01 -9.949829e+01
<VARIANCE> 6
 1.687237e+02 3.873734e+05 9.763724e+05 2.584595e+02 1.535098e+04 1.476057e+07
<GCONST> 7.451541e+01
<MIXTURE> 2 5.741255e-02
<MEAN> 6
 1.011903e+01 -2.338333e+02 -1.205189e+03 -1.527269e+02 2.563596e+02 5.937894e+03
<VARIANCE> 6
 3.622631e+03 7.881921e+06 8.993406e+06 6.168888e+04 6.078007e+06 3.286938e+09
<GCONST> 9.967757e+01
<MIXTURE> 3 1.331214e-01
<MEAN> 6
 -2.555289e+01 3.649896e+02 1.689029e+02 4.439363e+01 4.380386e+02 -1.866132e+03
<VARIANCE> 6
 6.591407e+02 1.519905e+06 2.072339e+06 4.277506e+04 2.333268e+05 7.957811e+07
<GCONST> 8.751270e+01
<MIXTURE> 4 9.024613e-02
<MEAN> 6
 8.005454e+01 1.717260e+02 9.500369e+02 -1.518409e+00 -4.473371e+00 -1.190835e+01
<VARIANCE> 6
 2.719643e+02 1.668667e+06 4.716735e+06 2.584595e+02 1.535098e+04 1.476057e+07
<GCONST> 7.802824e+01
<MIXTURE> 5 1.267437e-01
<MEAN> 6
 6.409787e+01 2.203500e+02 4.222586e+02 2.265812e+01 -5.437369e+02 -2.433663e+02
<VARIANCE> 6
 6.007966e+02 1.558582e+06 3.828724e+06 2.691434e+04 1.723148e+05 5.569130e+07
<GCONST> 8.693567e+01
<MIXTURE> 6 1.245544e-01
<MEAN> 6
 6.187714e+01 -2.465620e+02 3.515934e+01 9.356228e-01 -7.631934e+00 -7.569099e+01
<VARIANCE> 6
 7.763342e+01 1.602751e+05 2.433939e+05 2.584595e+02 1.535098e+04 1.476057e+07
<GCONST> 7.146748e+01
<MIXTURE> 7 1.259109e-01
<MEAN> 6
 -6.009838e+01 -1.550087e+02 -1.228404e+02 2.023351e+01 6.654783e+02 -4.326812e+01
<VARIANCE> 6
 1.768026e+02 2.713158e+05 1.831425e+06 1.055138e+04 3.816537e+05 1.000820e+08
<GCONST> 8.367172e+01
<MIXTURE> 8 1.455028e-01
<MEAN> 6
 4.967762e+01 -2.298043e+02 -1.050384e+02 -1.810614e+01 -5.746724e+02 -1.649332e+02
<VARIANCE> 6
 1.131405e+03 4.235768e+05 1.134558e+06 4.456095e+04 4.241407e+05 1.821608e+08
<GCONST> 8.763956e+01
<MIXTURE> 9 8.434526e-02
<MEAN> 6
 7.187875e+01 -2.892904e+02 -8.741993e+02 -6.337610e-01 -1.139181e+01 -7.542215e+01
<VARIANCE> 6
 2.175008e+02 2.920336e+06 1.013768e+07 2.584595e+02 1.535098e+04 1.476057e+07
<GCONST> 7.912959e+01
<STATE> 3
<NUMMIXES> 9
<MIXTURE> 1 9.937783e-02
<MEAN> 6
 1.062183e+01 -6.781900e+00 7.942651e+01 -1.170601e+01 -9.895172e-01 -1.124156e+03
<VARIANCE> 6
 5.345369e+02 1.507120e+05 4.518321e+05 5.607868e+04 2.005011e+05 9.894953e+07
<GCONST> 8.380605e+01
<MIXTURE> 2 1.274835e-01
<MEAN> 6
 -3.249792e+01 -3.549207e+01 3.797565e+01 4.811183e+01 8.396786e+02 -1.925516e+03
<VARIANCE> 6
 3.617857e+02 1.016211e+05 9.239003e+04 2.942453e+04 2.603012e+05 9.600458e+07
<GCONST> 8.102018e+01
<MIXTURE> 3 8.774398e-02
<MEAN> 6
 5.803529e-01 -1.097444e+02 4.443685e+01 -9.915591e+01 4.159767e+02 5.000085e+03
<VARIANCE> 6
 2.802061e+03 3.505277e+05 2.091624e+05 4.732999e+04 2.524590e+06 1.033141e+09
<GCONST> 9.024580e+01
<MIXTURE> 4 1.112899e-01
<MEAN> 6
 8.112034e+01 4.038333e+01 6.220650e+01 -4.946848e+00 -1.352978e+00 -3.667987e+01
<VARIANCE> 6
 1.234418e+02 1.173363e+05 9.503259e+04 2.584595e+02 1.535098e+04 1.476057e+07
<GCONST> 7.067896e+01
<MIXTURE> 5 1.307435e-01
<MEAN> 6
 4.560451e+01 5.355091e+00 1.873705e+01 6.901744e+01 -2.337006e+02 -8.796154e+02
<VARIANCE> 6
 7.429542e+02 7.362764e+04 3.930389e+04 2.571679e+04 9.877784e+04 2.733945e+07
<GCONST> 7.820312e+01
<MIXTURE> 6 1.005842e-01
<MEAN> 6
 7.660540e+01 -3.097990e+01 -1.052397e+02 -3.752629e+00 -6.582672e+02 -4.631207e+02
<VARIANCE> 6
 1.950438e+02 6.646385e+05 2.113381e+05 1.652005e+04 2.595230e+05 8.245995e+07
<GCONST> 8.237545e+01
<MIXTURE> 7 1.159769e-01
<MEAN> 6
 6.508044e+01 4.904826e+01 -5.903671e+00 -4.913643e+01 -7.491982e+02 7.630461e+02
<VARIANCE> 6
 7.569753e+02 5.038624e+04 4.100418e+04 3.045471e+04 4.774538e+05 2.211799e+08
<GCONST> 8.172020e+01
<MIXTURE> 8 1.154507e-01
<MEAN> 6
 -4.888194e+01 8.208698e+00 -6.084422e+00 2.624856e+01 3.741337e+02 1.752781e+02
<VARIANCE> 6
 2.600958e+02 9.191568e+04 8.267182e+04 2.620962e+03 1.197521e+05 3.558997e+07
<GCONST> 7.629163e+01
<MIXTURE> 9 1.105783e-01
<MEAN> 6
 7.965907e+01 -7.548269e+01 -1.031413e+01 -5.315603e+00 -2.311024e+01 -2.293992e+02
<VARIANCE> 6
 1.032457e+02 1.296111e+05 1.070224e+05 2.584595e+02 1.535098e+04 1.476057e+07
<GCONST> 7.071861e+01
<TRANSP> 4
 0.000000e+00 1.000000e+00 0.000000e+00 0.000000e+00
 0.000000e+00 9.999329e-01 6.705165e-05 0.000000e+00
 0.000000e+00 0.000000e+00 9.999201e-01 7.991169e-05
 0.000000e+00 0.000000e+00 0.000000e+00 0.000000e+00
<ENDHMM>
