~o
<STREAMINFO> 1 6
<VECSIZE> 6<NULLD><USER><DIAGC>
~h "SegundoPRIMARIA"
<BEGINHMM>
<NUMSTATES> 14
<STATE> 2
<NUMMIXES> 5
<MIXTURE> 1 1.497855e-01
<MEAN> 6
 -1.969261e+01 1.544179e+02 3.992859e+01 1.033674e+02 5.328457e+02 -3.623026e+02
<VARIANCE> 6
 1.586474e+03 7.824203e+04 7.042813e+04 2.443420e+04 3.809449e+05 5.709423e+07
<GCONST> 8.164080e+01
<MIXTURE> 2 1.642109e-01
<MEAN> 6
 2.819802e+01 -3.691429e+01 9.127609e+01 -7.199294e+01 5.528027e+01 2.714553e+03
<VARIANCE> 6
 4.231183e+03 2.667718e+05 4.956068e+05 6.560388e+04 3.896197e+06 1.584708e+09
<GCONST> 9.243575e+01
<MIXTURE> 3 2.142213e-01
<MEAN> 6
 7.816119e+01 -8.443979e+01 -1.082223e+02 -1.223198e+00 -1.834844e+01 -1.524251e+02
<VARIANCE> 6
 2.325106e+02 1.912631e+05 1.474833e+05 2.593203e+02 1.595152e+04 1.545820e+07
<GCONST> 7.232809e+01
<MIXTURE> 4 3.197721e-01
<MEAN> 6
 5.916854e+01 1.181259e+00 4.028038e+01 -2.959253e+01 -5.088101e+02 -3.148993e+02
<VARIANCE> 6
 1.771891e+03 8.208130e+04 6.636964e+04 4.812879e+04 6.822373e+05 1.769247e+08
<GCONST> 8.413153e+01
<MIXTURE> 5 1.513725e-01
<MEAN> 6
 -3.230365e+01 3.571652e+01 -4.644411e+01 4.367381e+01 5.369210e+02 -1.829719e+03
<VARIANCE> 6
 1.119576e+03 7.590238e+04 8.821367e+04 2.451928e+04 2.946563e+05 5.781297e+07
<GCONST> 8.124619e+01
<STATE> 3
<NUMMIXES> 5
<MIXTURE> 1 1.544496e-01
<MEAN> 6
 7.719141e+01 5.278520e+01 1.777853e+02 -1.422537e+00 -6.833404e+00 7.704993e+01
<VARIANCE> 6
 3.129757e+01 1.379146e+04 1.230786e+04 2.593203e+02 1.595152e+04 1.545820e+07
<GCONST> 6.520963e+01
<MIXTURE> 2 3.653391e-01
<MEAN> 6
 9.432024e+01 -3.320309e+01 1.231610e+02 4.609092e+01 -3.761224e+02 1.319690e+03
<VARIANCE> 6
 1.742691e+02 1.411962e+05 1.158878e+05 3.292872e+03 4.140500e+05 2.432507e+08
<GCONST> 8.004900e+01
<MIXTURE> 3 1.577343e-01
<MEAN> 6
 7.723240e+01 4.054844e+01 1.838356e+02 -1.441095e+00 2.496684e+00 1.647852e+02
<VARIANCE> 6
 3.129757e+01 1.393902e+04 1.230786e+04 2.593203e+02 1.595152e+04 1.545820e+07
<GCONST> 6.522027e+01
<MIXTURE> 4 1.657276e-01
<MEAN> 6
 7.706527e+01 1.732826e+01 1.851093e+02 -1.519080e+00 -1.735685e+00 5.092800e+01
<VARIANCE> 6
 3.129757e+01 1.249696e+04 1.230786e+04 2.593203e+02 1.595152e+04 1.545820e+07
<GCONST> 6.511106e+01
<MIXTURE> 5 1.567209e-01
<MEAN> 6
 7.716227e+01 1.294524e+01 1.823423e+02 -1.536667e+00 -8.774613e+00 -7.261047e+00
<VARIANCE> 6
 3.129757e+01 1.414788e+04 1.230786e+04 2.593203e+02 1.595152e+04 1.545820e+07
<GCONST> 6.523514e+01
<STATE> 4
<NUMMIXES> 5
<MIXTURE> 1 1.823798e-04
<MEAN> 6
 1.150797e+02 -2.894738e+02 1.227454e+03 -1.373283e+01 -8.989272e+01 6.294538e+03
<VARIANCE> 6
 1.129690e+03 3.260783e+05 2.320463e+06 9.248439e+02 1.151508e+05 6.337716e+07
<GCONST> 8.185737e+01
<MIXTURE> 2 2.105029e-01
<MEAN> 6
 9.479720e+01 5.251425e+02 1.401936e+02 -2.800100e+00 -5.024793e+00 1.383982e+02
<VARIANCE> 6
 3.129757e+01 1.234171e+05 3.634167e+04 2.593203e+02 1.595152e+04 1.545820e+07
<GCONST> 6.848387e+01
<MIXTURE> 3 3.066544e-01
<MEAN> 6
 9.563618e+01 -6.058644e+01 7.793793e+01 -3.173338e+00 -1.951769e+00 5.388767e+01
<VARIANCE> 6
 3.443381e+01 3.700853e+04 1.230786e+04 2.593203e+02 1.595152e+04 1.545820e+07
<GCONST> 6.629222e+01
<MIXTURE> 4 2.684088e-01
<MEAN> 6
 9.495174e+01 2.725484e+01 7.386996e+00 -2.945099e+00 -8.378131e-01 -2.841551e+01
<VARIANCE> 6
 3.129757e+01 2.448038e+04 4.595354e+04 2.593203e+02 1.595152e+04 1.545820e+07
<GCONST> 6.710084e+01
<MIXTURE> 5 2.142764e-01
<MEAN> 6
 9.385221e+01 3.516236e+02 6.963750e+01 -2.420978e+00 -1.048999e+01 8.294939e+01
<VARIANCE> 6
 3.129757e+01 1.647174e+05 3.574726e+04 2.593203e+02 1.595152e+04 1.545820e+07
<GCONST> 6.875604e+01
<STATE> 5
<NUMMIXES> 5
<MIXTURE> 1 2.473875e-01
<MEAN> 6
 1.244734e+02 -5.712907e+01 8.929469e+01 -1.539954e+01 1.695227e+01 2.254771e+02
<VARIANCE> 6
 2.218936e+02 1.180740e+06 4.080493e+04 6.779205e+02 1.226507e+05 6.675924e+07
<GCONST> 7.728040e+01
<MIXTURE> 2 2.034609e-01
<MEAN> 6
 6.922295e+01 2.665102e+01 -8.894800e+02 -1.020909e+00 -2.166664e+00 -9.096329e+01
<VARIANCE> 6
 3.129757e+01 1.230843e+04 1.925021e+04 2.593203e+02 1.595152e+04 1.545820e+07
<GCONST> 6.554314e+01
<MIXTURE> 3 3.256862e-01
<MEAN> 6
 7.368620e+01 -3.827043e+02 -8.935483e+02 -6.322488e-01 -1.942336e+00 -1.754299e+01
<VARIANCE> 6
 3.129757e+01 1.240813e+04 1.663864e+04 2.593203e+02 1.595152e+04 1.545820e+07
<GCONST> 6.540542e+01
<MIXTURE> 4 1.108535e-01
<MEAN> 6
 7.053954e+01 3.033351e+01 -9.878383e+02 -1.748895e+00 2.609182e+00 -4.571717e+01
<VARIANCE> 6
 3.129757e+01 1.230843e+04 2.900104e+04 2.593203e+02 1.595152e+04 1.545820e+07
<GCONST> 6.595296e+01
<MIXTURE> 5 1.125952e-01
<MEAN> 6
 7.058279e+01 2.638643e+01 -1.037165e+03 -1.288579e+00 9.130635e-01 -1.050402e+02
<VARIANCE> 6
 3.129757e+01 1.230843e+04 3.953578e+04 2.593203e+02 1.595152e+04 1.545820e+07
<GCONST> 6.626283e+01
<STATE> 6
<NUMMIXES> 5
<MIXTURE> 1 2.189637e-01
<MEAN> 6
 5.911214e+01 1.722634e+02 9.329664e+02 1.843468e-01 1.781719e+00 -1.440389e+01
<VARIANCE> 6
 3.129757e+01 1.230843e+04 1.996851e+04 2.593203e+02 1.595152e+04 1.545820e+07
<GCONST> 6.557978e+01
<MIXTURE> 2 2.571671e-01
<MEAN> 6
 6.747336e+01 -4.989125e+01 1.405131e+02 -4.112053e+00 -4.309479e+00 -7.583855e+01
<VARIANCE> 6
 3.129757e+01 1.230843e+04 1.230786e+04 2.593203e+02 1.595152e+04 1.545820e+07
<GCONST> 6.509586e+01
<MIXTURE> 3 7.482644e-02
<MEAN> 6
 7.904704e+01 -2.025375e+02 8.212763e+00 -9.411217e+00 -5.046056e+00 1.776727e+02
<VARIANCE> 6
 5.650708e+01 1.106576e+05 2.989133e+04 2.593203e+02 1.595152e+04 1.545820e+07
<GCONST> 6.877017e+01
<MIXTURE> 4 2.300302e-01
<MEAN> 6
 6.873927e+01 -1.177202e+02 1.128503e+02 -4.401515e+00 -5.900680e-01 -2.190579e+01
<VARIANCE> 6
 3.129757e+01 1.586179e+04 1.230786e+04 2.593203e+02 1.595152e+04 1.545820e+07
<GCONST> 6.534949e+01
<MIXTURE> 5 2.190144e-01
<MEAN> 6
 5.933984e+01 1.756525e+02 9.077980e+02 2.209772e-01 1.948233e+00 7.879181e-01
<VARIANCE> 6
 3.129757e+01 1.230843e+04 2.066549e+04 2.593203e+02 1.595152e+04 1.545820e+07
<GCONST> 6.561409e+01
<STATE> 7
<NUMMIXES> 5
<MIXTURE> 1 9.832754e-02
<MEAN> 6
 9.649564e+01 1.086080e+03 -1.923643e+02 -1.578168e+00 1.768075e+00 5.820843e+01
<VARIANCE> 6
 8.273299e+01 1.230843e+04 3.331450e+05 2.593203e+02 1.595152e+04 1.545820e+07
<GCONST> 6.936628e+01
<MIXTURE> 2 1.734429e-01
<MEAN> 6
 7.902749e+01 -4.806308e+02 1.674263e+03 -2.129494e+00 9.772816e+00 1.461061e+02
<VARIANCE> 6
 3.129757e+01 5.043278e+05 6.849305e+06 2.593203e+02 1.595152e+04 1.545820e+07
<GCONST> 7.513046e+01
<MIXTURE> 3 2.236886e-01
<MEAN> 6
 8.530093e+01 9.650259e+02 3.995193e+02 -2.204720e+00 7.057300e-01 -1.295824e+01
<VARIANCE> 6
 3.129757e+01 9.775464e+04 4.917662e+05 2.593203e+02 1.595152e+04 1.545820e+07
<GCONST> 7.085580e+01
<MIXTURE> 4 3.325576e-01
<MEAN> 6
 7.511449e+01 2.410781e+02 -1.466545e+03 3.555297e-01 -4.123557e+00 1.802441e+02
<VARIANCE> 6
 3.129757e+01 7.685395e+04 1.162108e+06 2.593203e+02 3.097000e+04 1.545820e+07
<GCONST> 7.213870e+01
<MIXTURE> 5 1.719774e-01
<MEAN> 6
 7.821529e+01 -3.668128e+02 1.310115e+03 -1.874295e+00 -7.528891e+00 -1.292004e+02
<VARIANCE> 6
 3.129757e+01 4.839006e+05 6.881056e+06 2.593203e+02 1.595152e+04 1.545820e+07
<GCONST> 7.509374e+01
<STATE> 8
<NUMMIXES> 5
<MIXTURE> 1 1.401053e-01
<MEAN> 6
 9.522619e+01 -4.544658e+02 5.077770e+02 -6.031201e+00 1.784056e+01 2.883860e+02
<VARIANCE> 6
 6.353656e+01 6.449865e+04 3.363922e+04 2.593203e+02 1.595152e+04 1.545820e+07
<GCONST> 6.846575e+01
<MIXTURE> 2 3.261649e-01
<MEAN> 6
 6.400278e+01 -9.219848e+02 1.127832e+03 -2.475301e-01 5.822124e+00 -1.184672e+02
<VARIANCE> 6
 3.129757e+01 1.230843e+04 5.877314e+04 2.593203e+02 1.595152e+04 1.545820e+07
<GCONST> 6.665931e+01
<MIXTURE> 3 1.178501e-01
<MEAN> 6
 9.016396e+01 -1.404113e+03 8.254227e+02 -1.374057e-01 3.474199e+00 3.358853e+01
<VARIANCE> 6
 3.129757e+01 1.239565e+04 1.230786e+04 2.593203e+02 1.595152e+04 1.545820e+07
<GCONST> 6.510292e+01
<MIXTURE> 4 2.334532e-01
<MEAN> 6
 7.593957e+01 -1.024501e+03 3.394695e+01 -9.579470e-01 7.212271e+00 6.989534e+01
<VARIANCE> 6
 3.129757e+01 2.104886e+04 1.402775e+05 2.593203e+02 1.595152e+04 1.545820e+07
<GCONST> 6.806580e+01
<MIXTURE> 5 1.824106e-01
<MEAN> 6
 9.328769e+01 -5.017847e+02 4.504083e+02 -5.661464e+00 -1.153144e+01 -2.124674e+02
<VARIANCE> 6
 5.903392e+01 2.441028e+04 3.434540e+04 2.593203e+02 1.595152e+04 1.545820e+07
<GCONST> 6.744138e+01
<STATE> 9
<NUMMIXES> 5
<MIXTURE> 1 3.165236e-01
<MEAN> 6
 1.112127e+02 2.035994e+01 2.892539e+02 -3.060838e+00 8.029743e-01 -2.164615e+01
<VARIANCE> 6
 5.069599e+01 4.177248e+04 1.230786e+04 2.593203e+02 1.595152e+04 1.545820e+07
<GCONST> 6.680012e+01
<MIXTURE> 2 1.702203e-01
<MEAN> 6
 9.925208e+01 -1.197383e+03 -1.310373e+02 -3.846646e+00 9.512489e+00 1.276913e+01
<VARIANCE> 6
 3.129757e+01 4.680804e+06 2.535389e+04 2.593203e+02 1.595152e+04 1.545820e+07
<GCONST> 7.175950e+01
<MIXTURE> 3 1.833630e-01
<MEAN> 6
 1.093661e+02 -8.046656e+02 1.323096e+02 -4.018961e+00 -5.433498e+00 4.489037e+01
<VARIANCE> 6
 6.833627e+01 1.097276e+05 2.217401e+04 2.593203e+02 1.595152e+04 1.545820e+07
<GCONST> 6.865316e+01
<MIXTURE> 4 1.662287e-01
<MEAN> 6
 1.017371e+02 -7.230038e+02 -1.050447e+02 -2.614141e+00 1.778874e+00 2.983279e+01
<VARIANCE> 6
 4.555190e+01 1.892433e+04 1.743075e+04 2.593203e+02 1.595152e+04 1.545820e+07
<GCONST> 6.624934e+01
<MIXTURE> 5 1.636228e-01
<MEAN> 6
 9.914437e+01 -1.393254e+03 -1.526207e+02 -3.246306e+00 2.513847e-01 -1.628616e+02
<VARIANCE> 6
 3.129757e+01 4.448052e+06 1.946629e+04 2.593203e+02 1.595152e+04 1.545820e+07
<GCONST> 7.144424e+01
<STATE> 10
<NUMMIXES> 5
<MIXTURE> 1 2.037658e-01
<MEAN> 6
 1.039488e+02 -6.488989e+01 -4.193308e+02 -2.933340e+00 -4.945852e+00 1.444032e+01
<VARIANCE> 6
 7.766113e+01 7.122884e+04 1.230786e+04 2.593203e+02 1.595152e+04 1.545820e+07
<GCONST> 6.776028e+01
<MIXTURE> 2 2.503940e-01
<MEAN> 6
 9.344079e+01 2.845021e+02 -5.318661e+02 -1.710794e-01 3.162557e+00 -1.401219e+02
<VARIANCE> 6
 3.129757e+01 1.230843e+04 3.285288e+04 2.593203e+02 1.595152e+04 1.545820e+07
<GCONST> 6.607766e+01
<MIXTURE> 3 1.697972e-01
<MEAN> 6
 9.250565e+01 -2.744362e+02 -4.494669e+02 -2.226686e+00 8.080100e+00 -1.020526e+02
<VARIANCE> 6
 7.774391e+01 6.565613e+04 1.230786e+04 2.593203e+02 1.595152e+04 1.545820e+07
<GCONST> 6.767989e+01
<MIXTURE> 4 1.725589e-01
<MEAN> 6
 8.316493e+01 -3.527727e+02 -5.534808e+02 5.042917e-01 -1.421010e+00 2.643115e+01
<VARIANCE> 6
 1.306835e+02 1.230843e+04 1.230786e+04 2.593203e+02 1.595152e+04 1.545820e+07
<GCONST> 6.652510e+01
<MIXTURE> 5 2.034798e-01
<MEAN> 6
 1.001306e+02 -2.031028e+02 -4.462346e+02 -2.386328e+00 -1.351712e+01 -9.085608e+01
<VARIANCE> 6
 1.029713e+02 1.148179e+05 1.230786e+04 2.593203e+02 1.595152e+04 1.545820e+07
<GCONST> 6.851984e+01
<STATE> 11
<NUMMIXES> 5
<MIXTURE> 1 2.356298e-01
<MEAN> 6
 7.285023e+01 1.303554e+03 -1.085867e+03 -2.032060e-01 -2.519781e+00 -4.976478e+01
<VARIANCE> 6
 3.129757e+01 1.230843e+04 1.230786e+04 2.593203e+02 1.595152e+04 1.545820e+07
<GCONST> 6.509586e+01
<MIXTURE> 2 1.748210e-01
<MEAN> 6
 6.490677e+01 8.569312e+02 -1.394635e+02 1.520860e-02 1.243351e+00 1.866222e+01
<VARIANCE> 6
 3.129757e+01 3.769427e+04 1.230786e+04 2.593203e+02 1.595152e+04 1.545820e+07
<GCONST> 6.621509e+01
<MIXTURE> 3 2.188298e-01
<MEAN> 6
 7.128643e+01 1.546330e+02 -3.278350e+02 -3.022578e-01 -9.405032e-01 -5.269566e+00
<VARIANCE> 6
 4.007853e+01 1.230843e+04 1.230786e+04 2.593203e+02 1.595152e+04 1.545820e+07
<GCONST> 6.534316e+01
<MIXTURE> 4 2.063241e-01
<MEAN> 6
 6.930246e+01 1.637291e+02 -3.516251e+02 3.043543e-01 -6.419923e-01 -1.587886e+01
<VARIANCE> 6
 3.951914e+01 1.230843e+04 1.293059e+04 2.593203e+02 1.595152e+04 1.545820e+07
<GCONST> 6.537846e+01
<MIXTURE> 5 1.643866e-01
<MEAN> 6
 6.388911e+01 7.365078e+02 -1.330278e+02 7.727621e-01 -4.485048e+00 -6.075453e+01
<VARIANCE> 6
 3.202736e+01 1.061500e+05 1.329844e+04 2.593203e+02 1.595152e+04 1.545820e+07
<GCONST> 6.735088e+01
<STATE> 12
<NUMMIXES> 5
<MIXTURE> 1 1.906454e-01
<MEAN> 6
 7.737981e+01 2.673475e+03 1.690527e+02 -1.361392e+00 -4.685313e+00 -1.201260e+02
<VARIANCE> 6
 3.129757e+01 1.374814e+05 1.117895e+05 2.593203e+02 1.595152e+04 1.545820e+07
<GCONST> 6.971545e+01
<MIXTURE> 2 2.488843e-01
<MEAN> 6
 6.507555e+01 -4.559840e+03 1.977691e+03 -1.072892e+00 -2.769181e+00 -1.376760e+01
<VARIANCE> 6
 1.276817e+02 1.779266e+07 3.998040e+05 2.593203e+02 1.595152e+04 1.545820e+07
<GCONST> 7.725885e+01
<MIXTURE> 3 1.481924e-01
<MEAN> 6
 6.956062e+01 -6.207256e+02 1.446524e+03 3.432277e-02 -2.689844e+00 -6.540714e+01
<VARIANCE> 6
 3.129757e+01 1.185605e+05 6.004412e+05 2.593203e+02 1.595152e+04 1.545820e+07
<GCONST> 7.124842e+01
<MIXTURE> 4 2.732004e-01
<MEAN> 6
 7.310389e+01 7.740242e+02 6.580591e+02 -4.552885e-01 -1.460108e+00 -1.016893e+02
<VARIANCE> 6
 3.129757e+01 2.244761e+05 1.531217e+04 2.593203e+02 1.595152e+04 1.545820e+07
<GCONST> 6.821775e+01
<MIXTURE> 5 1.390682e-01
<MEAN> 6
 7.261102e+01 -1.004646e+03 5.637732e+02 2.055854e-01 -8.521828e+00 -1.603890e+02
<VARIANCE> 6
 3.535602e+01 4.611866e+05 1.536638e+06 2.593203e+02 1.595152e+04 1.545820e+07
<GCONST> 7.366842e+01
<STATE> 13
<NUMMIXES> 5
<MIXTURE> 1 2.847719e-02
<MEAN> 6
 3.263099e+01 7.277779e+02 -2.376801e+02 -2.554659e+01 -4.349864e+02 3.362680e+03
<VARIANCE> 6
 7.437004e+03 2.656128e+07 1.247122e+06 4.966694e+05 2.525063e+08 3.634297e+11
<GCONST> 1.101543e+02
<MIXTURE> 2 3.129325e-01
<MEAN> 6
 2.445938e+01 1.899294e+02 -6.253790e+00 2.197480e+01 1.172935e+02 1.560627e+01
<VARIANCE> 6
 5.255288e+03 8.323430e+05 6.317858e+05 6.508243e+03 1.051006e+05 1.845612e+07
<GCONST> 8.365697e+01
<MIXTURE> 3 1.893933e-01
<MEAN> 6
 1.893631e+01 8.922713e+01 1.145890e+02 -1.816792e+00 1.561450e+02 1.807849e+03
<VARIANCE> 6
 4.377208e+03 5.223501e+05 1.443473e+06 5.212370e+04 1.570055e+06 5.225202e+08
<GCONST> 9.196226e+01
<MIXTURE> 4 2.779300e-01
<MEAN> 6
 6.010706e+01 -7.274864e+01 -4.556408e+01 1.097062e+01 -2.797103e+02 -8.395550e+02
<VARIANCE> 6
 2.165375e+03 3.930846e+05 2.700070e+05 2.808296e+04 2.502252e+05 4.488984e+07
<GCONST> 8.438834e+01
<MIXTURE> 5 1.909293e-01
<MEAN> 6
 1.145612e+01 -1.247926e+02 -2.253555e+02 -4.471592e+01 1.247518e+02 -1.058734e+03
<VARIANCE> 6
 4.146634e+03 4.840208e+05 1.393247e+06 5.040174e+04 1.734854e+06 4.497990e+08
<GCONST> 9.171287e+01
<TRANSP> 14
 0.000000e+00 1.000000e+00 0.000000e+00 0.000000e+00 0.000000e+00 0.000000e+00 0.000000e+00 0.000000e+00 0.000000e+00 0.000000e+00 0.000000e+00 0.000000e+00 0.000000e+00 0.000000e+00
 0.000000e+00 9.999188e-01 8.116748e-05 0.000000e+00 0.000000e+00 0.000000e+00 0.000000e+00 0.000000e+00 0.000000e+00 0.000000e+00 0.000000e+00 0.000000e+00 0.000000e+00 0.000000e+00
 0.000000e+00 0.000000e+00 9.967777e-01 3.222374e-03 0.000000e+00 0.000000e+00 0.000000e+00 0.000000e+00 0.000000e+00 0.000000e+00 0.000000e+00 0.000000e+00 0.000000e+00 0.000000e+00
 0.000000e+00 0.000000e+00 0.000000e+00 9.974292e-01 2.570793e-03 0.000000e+00 0.000000e+00 0.000000e+00 0.000000e+00 0.000000e+00 0.000000e+00 0.000000e+00 0.000000e+00 0.000000e+00
 0.000000e+00 0.000000e+00 0.000000e+00 0.000000e+00 9.966250e-01 3.374972e-03 0.000000e+00 0.000000e+00 0.000000e+00 0.000000e+00 0.000000e+00 0.000000e+00 0.000000e+00 0.000000e+00
 0.000000e+00 0.000000e+00 0.000000e+00 0.000000e+00 0.000000e+00 9.952641e-01 4.735903e-03 0.000000e+00 0.000000e+00 0.000000e+00 0.000000e+00 0.000000e+00 0.000000e+00 0.000000e+00
 0.000000e+00 0.000000e+00 0.000000e+00 0.000000e+00 0.000000e+00 0.000000e+00 9.971830e-01 2.817011e-03 0.000000e+00 0.000000e+00 0.000000e+00 0.000000e+00 0.000000e+00 0.000000e+00
 0.000000e+00 0.000000e+00 0.000000e+00 0.000000e+00 0.000000e+00 0.000000e+00 0.000000e+00 9.970927e-01 2.907304e-03 0.000000e+00 0.000000e+00 0.000000e+00 0.000000e+00 0.000000e+00
 0.000000e+00 0.000000e+00 0.000000e+00 0.000000e+00 0.000000e+00 0.000000e+00 0.000000e+00 0.000000e+00 9.979571e-01 2.042948e-03 0.000000e+00 0.000000e+00 0.000000e+00 0.000000e+00
 0.000000e+00 0.000000e+00 0.000000e+00 0.000000e+00 0.000000e+00 0.000000e+00 0.000000e+00 0.000000e+00 0.000000e+00 9.969682e-01 3.031824e-03 0.000000e+00 0.000000e+00 0.000000e+00
 0.000000e+00 0.000000e+00 0.000000e+00 0.000000e+00 0.000000e+00 0.000000e+00 0.000000e+00 0.000000e+00 0.000000e+00 0.000000e+00 9.968355e-01 3.164421e-03 0.000000e+00 0.000000e+00
 0.000000e+00 0.000000e+00 0.000000e+00 0.000000e+00 0.000000e+00 0.000000e+00 0.000000e+00 0.000000e+00 0.000000e+00 0.000000e+00 0.000000e+00 9.978789e-01 2.121132e-03 0.000000e+00
 0.000000e+00 0.000000e+00 0.000000e+00 0.000000e+00 0.000000e+00 0.000000e+00 0.000000e+00 0.000000e+00 0.000000e+00 0.000000e+00 0.000000e+00 0.000000e+00 9.999083e-01 9.168913e-05
 0.000000e+00 0.000000e+00 0.000000e+00 0.000000e+00 0.000000e+00 0.000000e+00 0.000000e+00 0.000000e+00 0.000000e+00 0.000000e+00 0.000000e+00 0.000000e+00 0.000000e+00 0.000000e+00
<ENDHMM>
~h "SegundoESO"
<BEGINHMM>
<NUMSTATES> 14
<STATE> 2
<NUMMIXES> 5
<MIXTURE> 1 2.649545e-01
<MEAN> 6
 8.189455e+01 2.929582e+02 -2.792027e+02 -1.755348e+00 -1.056397e+01 -7.716077e+01
<VARIANCE> 6
 1.329078e+02 1.839448e+07 2.111506e+07 2.593203e+02 1.595152e+04 1.545820e+07
<GCONST> 8.129900e+01
<MIXTURE> 2 1.726847e-01
<MEAN> 6
 -1.772315e+01 7.394337e+02 1.539455e+03 1.199692e+01 3.721802e+02 5.600328e+02
<VARIANCE> 6
 2.228835e+03 1.770322e+06 7.769650e+06 4.815067e+04 7.763798e+05 1.713867e+08
<GCONST> 9.229282e+01
<MIXTURE> 3 2.110561e-01
<MEAN> 6
 8.137435e+01 -5.674057e+00 4.862492e+02 7.442494e+00 -5.729199e+02 -8.112355e+01
<VARIANCE> 6
 3.812697e+02 1.613201e+06 6.584784e+06 2.160408e+04 1.519222e+05 3.770877e+07
<GCONST> 8.632194e+01
<MIXTURE> 4 1.792247e-01
<MEAN> 6
 8.199528e+00 -8.453716e+02 1.037909e+02 1.842196e+01 -1.323872e+01 -6.149571e+01
<VARIANCE> 6
 3.045131e+03 3.030820e+07 8.364286e+05 2.385810e+04 2.251838e+05 3.793712e+07
<GCONST> 8.976837e+01
<MIXTURE> 5 1.719508e-01
<MEAN> 6
 -2.059794e+01 1.556853e+02 2.189966e+02 -2.291862e+01 3.538426e+02 -3.688512e+02
<VARIANCE> 6
 1.990487e+03 2.184018e+06 7.366086e+06 3.914676e+04 6.476863e+05 1.347605e+08
<GCONST> 9.170772e+01
<STATE> 3
<NUMMIXES> 5
<MIXTURE> 1 1.771406e-01
<MEAN> 6
 9.687099e+01 -5.422025e+01 2.227142e+02 -1.686351e+01 5.749907e+01 -1.157095e+01
<VARIANCE> 6
 6.036356e+01 1.189600e+05 9.357543e+05 2.593203e+02 1.595152e+04 1.545820e+07
<GCONST> 7.235232e+01
<MIXTURE> 2 2.724156e-01
<MEAN> 6
 8.270192e+01 -8.148791e+02 -9.610754e+03 -3.775432e+00 6.354251e+00 -4.605522e+01
<VARIANCE> 6
 3.129757e+01 1.230843e+04 5.061776e+06 2.593203e+02 1.595152e+04 1.545820e+07
<GCONST> 7.111510e+01
<MIXTURE> 3 1.554071e-01
<MEAN> 6
 1.132533e+02 -1.282717e+03 -6.343178e+03 -9.888595e+00 1.418299e+01 1.737151e+02
<VARIANCE> 6
 3.129757e+01 2.485983e+04 1.230786e+04 2.593203e+02 1.595152e+04 1.545820e+07
<GCONST> 6.579883e+01
<MIXTURE> 4 2.398115e-01
<MEAN> 6
 1.010463e+02 -7.034704e+02 -7.028051e+03 -3.733273e+00 2.189506e+00 3.396609e+01
<VARIANCE> 6
 3.129757e+01 2.354862e+04 9.886178e+04 2.593203e+02 1.595152e+04 1.545820e+07
<GCONST> 6.782812e+01
<MIXTURE> 5 1.552209e-01
<MEAN> 6
 8.762378e+01 -4.461060e+02 2.508744e+02 -1.299096e+01 2.781822e+01 4.257296e+01
<VARIANCE> 6
 1.208519e+02 3.939018e+05 4.094378e+05 2.593203e+02 1.595152e+04 1.545820e+07
<GCONST> 7.341724e+01
<STATE> 4
<NUMMIXES> 5
<MIXTURE> 1 1.451240e-01
<MEAN> 6
 7.651025e+01 3.121335e+02 -3.190115e+02 -1.235793e+00 -3.961356e-01 -3.040869e+01
<VARIANCE> 6
 3.129757e+01 1.230843e+04 1.625134e+05 2.593203e+02 1.595152e+04 1.545820e+07
<GCONST> 6.767638e+01
<MIXTURE> 2 2.649691e-01
<MEAN> 6
 7.504334e+01 9.000504e+01 -1.133960e+03 -8.027697e-01 1.726498e+00 6.181504e+01
<VARIANCE> 6
 3.129757e+01 6.194053e+04 3.259309e+06 2.593203e+02 1.595152e+04 1.545820e+07
<GCONST> 7.229078e+01
<MIXTURE> 3 2.055937e-01
<MEAN> 6
 7.386031e+01 1.923262e+02 -6.411841e+02 -6.632498e-01 -9.996749e-01 -8.707279e+01
<VARIANCE> 6
 3.129757e+01 4.459469e+04 2.726391e+04 2.593203e+02 1.595152e+04 1.545820e+07
<GCONST> 6.717851e+01
<MIXTURE> 4 2.393829e-01
<MEAN> 6
 7.312563e+01 2.153290e+01 -5.619804e+02 -6.186388e-01 -1.341671e+00 -1.452313e+02
<VARIANCE> 6
 3.129757e+01 1.767336e+04 1.807377e+04 2.593203e+02 1.595152e+04 1.545820e+07
<GCONST> 6.584186e+01
<MIXTURE> 5 1.449276e-01
<MEAN> 6
 7.614174e+01 3.078662e+02 -3.859756e+02 -9.932033e-01 -8.776531e-01 -4.875293e+01
<VARIANCE> 6
 3.129757e+01 1.230843e+04 1.485289e+05 2.593203e+02 1.595152e+04 1.545820e+07
<GCONST> 6.758640e+01
<STATE> 5
<NUMMIXES> 5
<MIXTURE> 1 2.015886e-01
<MEAN> 6
 7.132586e+01 8.486713e+02 -6.989057e+02 2.022447e+00 -7.285571e+00 1.465796e+00
<VARIANCE> 6
 3.129757e+01 3.072778e+04 3.723592e+04 2.593203e+02 1.595152e+04 1.545820e+07
<GCONST> 6.711777e+01
<MIXTURE> 2 1.498100e-01
<MEAN> 6
 5.919967e+01 6.971260e+02 -3.148354e+03 2.824169e+00 -7.779614e+00 -6.461147e+01
<VARIANCE> 6
 3.129757e+01 1.230843e+04 4.738096e+05 2.593203e+02 1.595152e+04 1.545820e+07
<GCONST> 6.874643e+01
<MIXTURE> 3 2.547813e-01
<MEAN> 6
 6.700977e+01 8.152979e+02 -1.216473e+03 9.518426e-01 -2.215751e+00 -1.057792e+02
<VARIANCE> 6
 3.129757e+01 1.230843e+04 1.626119e+04 2.593203e+02 1.595152e+04 1.545820e+07
<GCONST> 6.537440e+01
<MIXTURE> 4 2.407419e-01
<MEAN> 6
 5.528863e+01 2.890164e+02 -4.220462e+03 9.084048e-01 3.847045e-01 -1.174630e+01
<VARIANCE> 6
 3.129757e+01 1.028501e+05 1.406985e+06 2.593203e+02 1.595152e+04 1.545820e+07
<GCONST> 7.195782e+01
<MIXTURE> 5 1.530501e-01
<MEAN> 6
 5.713821e+01 6.552161e+02 -3.850791e+03 1.649538e+00 -3.164830e-01 -2.818535e+01
<VARIANCE> 6
 3.129757e+01 1.230843e+04 9.090898e+05 2.593203e+02 1.595152e+04 1.545820e+07
<GCONST> 6.939806e+01
<STATE> 6
<NUMMIXES> 5
<MIXTURE> 1 1.433524e-01
<MEAN> 6
 8.047655e+01 -1.883350e+02 1.266531e+03 -1.174411e+00 -2.168739e+00 -3.611324e+01
<VARIANCE> 6
 3.129757e+01 1.448775e+05 3.493977e+05 2.593203e+02 1.595152e+04 1.545820e+07
<GCONST> 7.090743e+01
<MIXTURE> 2 1.877624e-01
<MEAN> 6
 7.529556e+01 5.815218e+02 7.705338e+02 1.511468e-02 1.982726e+00 -2.850134e+01
<VARIANCE> 6
 3.129757e+01 3.320145e+04 1.530035e+05 2.593203e+02 1.595152e+04 1.545820e+07
<GCONST> 6.860839e+01
<MIXTURE> 3 2.413758e-01
<MEAN> 6
 7.688799e+01 5.294900e+02 3.474026e+02 -3.529584e-01 -1.815566e+00 -6.545375e+01
<VARIANCE> 6
 3.129757e+01 1.027107e+05 1.230786e+04 2.593203e+02 1.595152e+04 1.545820e+07
<GCONST> 6.721749e+01
<MIXTURE> 4 2.437399e-01
<MEAN> 6
 7.328355e+01 6.330109e+02 3.027913e+02 -2.819955e-01 -4.481450e-01 -2.419430e+01
<VARIANCE> 6
 3.129757e+01 2.575177e+04 1.230786e+04 2.593203e+02 1.595152e+04 1.545820e+07
<GCONST> 6.583408e+01
<MIXTURE> 5 1.837654e-01
<MEAN> 6
 7.557258e+01 5.392863e+02 6.413575e+02 -4.619219e-01 2.621942e-01 -3.157376e+01
<VARIANCE> 6
 3.129757e+01 4.001694e+04 1.764507e+05 2.593203e+02 1.595152e+04 1.545820e+07
<GCONST> 6.893768e+01
<STATE> 7
<NUMMIXES> 5
<MIXTURE> 1 1.649668e-01
<MEAN> 6
 6.626723e+01 -4.993793e+02 1.232230e+03 -1.913300e+00 -1.714612e+00 -3.070502e+01
<VARIANCE> 6
 3.129757e+01 1.667062e+05 6.114709e+05 2.593203e+02 1.595152e+04 1.545820e+07
<GCONST> 7.160744e+01
<MIXTURE> 2 2.043198e-01
<MEAN> 6
 7.129707e+01 -3.645868e+02 4.350116e+02 -2.220678e-01 -1.313122e+00 -8.802929e+00
<VARIANCE> 6
 3.129757e+01 1.230843e+04 1.185147e+05 2.593203e+02 1.595152e+04 1.545820e+07
<GCONST> 6.736066e+01
<MIXTURE> 3 2.173078e-01
<MEAN> 6
 6.208499e+01 -5.068029e+02 -2.567879e+02 2.267523e-01 6.640875e-01 -2.406808e+01
<VARIANCE> 6
 3.129757e+01 4.967812e+04 1.019486e+05 2.593203e+02 1.595152e+04 1.545820e+07
<GCONST> 6.860537e+01
<MIXTURE> 4 2.199451e-01
<MEAN> 6
 6.277795e+01 -5.471655e+02 -2.789817e+02 1.774347e-01 -1.225796e-01 -1.458852e+01
<VARIANCE> 6
 3.129757e+01 5.945233e+04 1.054136e+05 2.593203e+02 1.595152e+04 1.545820e+07
<GCONST> 6.881841e+01
<MIXTURE> 5 1.934212e-01
<MEAN> 6
 6.915710e+01 -3.853834e+02 2.978141e+02 -1.792823e-01 -2.165105e+00 -2.751606e+01
<VARIANCE> 6
 3.234506e+01 1.230843e+04 8.131392e+04 2.593203e+02 1.595152e+04 1.545820e+07
<GCONST> 6.701686e+01
<STATE> 8
<NUMMIXES> 5
<MIXTURE> 1 2.027354e-01
<MEAN> 6
 6.455228e+01 -8.539066e+00 -1.430307e+03 -4.136699e-01 5.141180e+00 -1.190867e+01
<VARIANCE> 6
 3.129757e+01 1.230843e+04 3.338614e+04 2.593203e+02 1.595152e+04 1.545820e+07
<GCONST> 6.609377e+01
<MIXTURE> 2 1.032835e-02
<MEAN> 6
 6.896754e+01 -4.528891e+01 -7.666046e+02 -2.473661e+00 -7.637199e+01 -1.334105e+03
<VARIANCE> 6
 1.361022e+02 1.607155e+06 2.359487e+06 2.593203e+02 2.875691e+04 1.620571e+07
<GCONST> 7.733017e+01
<MIXTURE> 3 2.464941e-01
<MEAN> 6
 6.046169e+01 2.811520e+02 -1.880224e+03 -1.796325e-01 -7.182199e+00 -1.456036e+02
<VARIANCE> 6
 3.129757e+01 1.230843e+04 1.592927e+04 2.593203e+02 1.595152e+04 1.545820e+07
<GCONST> 6.535378e+01
<MIXTURE> 4 3.065684e-01
<MEAN> 6
 6.347844e+01 -1.852454e+02 -1.550225e+03 -4.145598e-01 4.256146e+00 3.091315e+01
<VARIANCE> 6
 3.129757e+01 1.541969e+04 1.230786e+04 2.593203e+02 1.595152e+04 1.545820e+07
<GCONST> 6.532122e+01
<MIXTURE> 5 2.338706e-01
<MEAN> 6
 5.936417e+01 2.515891e+02 -1.965275e+03 -2.636343e-02 -3.805832e+00 -9.939480e+01
<VARIANCE> 6
 3.129757e+01 1.230843e+04 3.045306e+04 2.593203e+02 1.595152e+04 1.545820e+07
<GCONST> 6.600181e+01
<STATE> 9
<NUMMIXES> 5
<MIXTURE> 1 2.987610e-01
<MEAN> 6
 5.827363e+01 2.647951e+03 -2.500085e+02 4.285084e-01 -1.995944e+00 -1.012879e+02
<VARIANCE> 6
 3.129757e+01 1.454965e+04 1.230786e+04 2.593203e+02 1.595152e+04 1.545820e+07
<GCONST> 6.526315e+01
<MIXTURE> 2 2.376114e-01
<MEAN> 6
 6.357124e+01 2.577627e+03 -1.290168e+03 2.115106e-01 -8.452024e+00 -1.082657e+02
<VARIANCE> 6
 3.129757e+01 6.160816e+05 1.034588e+05 2.593203e+02 1.595152e+04 1.545820e+07
<GCONST> 7.113789e+01
<MIXTURE> 3 1.711486e-01
<MEAN> 6
 6.009983e+01 1.792784e+03 -4.132198e+02 3.897583e-01 -2.744031e-02 -5.879321e+01
<VARIANCE> 6
 3.129757e+01 1.230843e+04 8.272562e+04 2.593203e+02 1.595152e+04 1.545820e+07
<GCONST> 6.700115e+01
<MIXTURE> 4 1.349502e-01
<MEAN> 6
 6.051187e+01 2.023128e+03 -2.890870e+02 4.492157e-01 -1.622871e+00 -1.496859e+02
<VARIANCE> 6
 3.129757e+01 1.025980e+05 1.230786e+04 2.593203e+02 1.595152e+04 1.545820e+07
<GCONST> 6.721639e+01
<MIXTURE> 5 1.575309e-01
<MEAN> 6
 5.933067e+01 1.637982e+03 -6.663492e+02 1.846304e-01 -9.467473e-01 -3.064588e+01
<VARIANCE> 6
 3.129757e+01 5.975075e+04 9.698853e+04 2.593203e+02 1.595152e+04 1.545820e+07
<GCONST> 6.874011e+01
<STATE> 10
<NUMMIXES> 5
<MIXTURE> 1 2.734089e-01
<MEAN> 6
 7.300928e+01 1.419689e+03 -1.654394e+03 -5.845912e-01 -4.689712e+00 -8.785892e+01
<VARIANCE> 6
 3.129757e+01 2.914205e+04 7.647742e+05 2.593203e+02 1.595152e+04 1.545820e+07
<GCONST> 7.008710e+01
<MIXTURE> 2 1.957567e-01
<MEAN> 6
 9.669667e+01 1.000669e+03 -2.623560e+03 -6.073610e+00 -1.184639e+00 7.642196e+01
<VARIANCE> 6
 6.842054e+01 8.064831e+05 3.012379e+05 2.593203e+02 1.595152e+04 1.545820e+07
<GCONST> 7.325806e+01
<MIXTURE> 3 1.610560e-01
<MEAN> 6
 9.413625e+01 -5.540474e+03 -3.527441e+02 -4.967757e+00 -7.882808e+00 2.384283e+01
<VARIANCE> 6
 3.129757e+01 3.338150e+06 1.912763e+05 2.593203e+02 1.595152e+04 1.545820e+07
<GCONST> 7.344223e+01
<MIXTURE> 4 1.524992e-01
<MEAN> 6
 8.749747e+01 -4.230485e+03 -9.155590e+02 -4.300787e+00 1.879476e+01 -9.248477e+01
<VARIANCE> 6
 4.483393e+01 5.126174e+06 8.305259e+05 2.593203e+02 1.595152e+04 1.545820e+07
<GCONST> 7.569894e+01
<MIXTURE> 5 2.172700e-01
<MEAN> 6
 9.105666e+01 4.257509e+02 -2.777165e+03 -3.650454e+00 2.716989e+00 -3.207161e+00
<VARIANCE> 6
 3.129757e+01 3.652595e+05 5.525790e+05 2.593203e+02 1.595152e+04 1.545820e+07
<GCONST> 7.229054e+01
<STATE> 11
<NUMMIXES> 5
<MIXTURE> 1 3.201439e-01
<MEAN> 6
 8.363247e+01 -7.731841e+02 2.139221e+02 -5.734261e-01 -5.410791e+00 -3.083913e+01
<VARIANCE> 6
 3.129757e+01 1.653287e+04 3.598372e+04 2.593203e+02 1.595152e+04 1.545820e+07
<GCONST> 6.646375e+01
<MIXTURE> 2 1.104346e-01
<MEAN> 6
 8.845295e+01 -1.686801e+03 3.923245e+02 4.169559e-01 -2.204471e+00 -9.549693e+01
<VARIANCE> 6
 3.129757e+01 4.991582e+04 2.785116e+04 2.593203e+02 1.595152e+04 1.545820e+07
<GCONST> 6.731255e+01
<MIXTURE> 3 1.609949e-01
<MEAN> 6
 7.928233e+01 -5.824848e+02 8.484386e+01 -1.647532e-01 1.260219e-01 -4.999332e+01
<VARIANCE> 6
 3.129757e+01 8.324306e+04 2.056951e+04 2.593203e+02 1.595152e+04 1.545820e+07
<GCONST> 6.752091e+01
<MIXTURE> 4 2.390932e-01
<MEAN> 6
 6.692607e+01 -2.065579e+03 -1.296055e+02 4.038218e-01 -2.806152e+00 -6.578902e+01
<VARIANCE> 6
 3.129757e+01 2.035230e+05 1.967529e+05 2.593203e+02 1.595152e+04 1.545820e+07
<GCONST> 7.067307e+01
<MIXTURE> 5 1.692855e-01
<MEAN> 6
 7.625549e+01 -7.348430e+02 1.985254e+01 3.405646e-01 -4.661865e+00 -2.232030e+02
<VARIANCE> 6
 4.312987e+01 8.130040e+04 1.592450e+04 2.593203e+02 1.595152e+04 1.545820e+07
<GCONST> 6.756202e+01
<STATE> 12
<NUMMIXES> 5
<MIXTURE> 1 1.769461e-01
<MEAN> 6
 6.371270e+01 8.107370e+02 4.949683e+01 -1.610427e-01 -1.074182e+00 -1.008461e+02
<VARIANCE> 6
 4.652819e+01 1.303482e+05 1.230786e+04 2.593203e+02 1.595152e+04 1.545820e+07
<GCONST> 6.785230e+01
<MIXTURE> 2 1.518968e-01
<MEAN> 6
 6.620827e+01 2.141550e+02 5.332844e+01 -1.689985e-01 -3.614907e+00 -7.622375e+01
<VARIANCE> 6
 3.129757e+01 4.251176e+04 3.745729e+04 2.593203e+02 1.595152e+04 1.545820e+07
<GCONST> 6.744832e+01
<MIXTURE> 3 3.015095e-01
<MEAN> 6
 5.927696e+01 6.246537e+01 1.243759e+01 -1.790111e-01 -1.881052e+00 -8.192754e+01
<VARIANCE> 6
 3.518696e+01 1.230843e+04 9.424192e+04 2.593203e+02 1.595152e+04 1.545820e+07
<GCONST> 6.724862e+01
<MIXTURE> 4 2.198695e-01
<MEAN> 6
 6.332469e+01 4.258662e+02 -1.404987e+02 6.636246e-01 -7.405069e-01 -9.921989e+01
<VARIANCE> 6
 3.129757e+01 5.244821e+04 2.398120e+04 2.593203e+02 1.595152e+04 1.545820e+07
<GCONST> 6.721243e+01
<MIXTURE> 5 1.497447e-01
<MEAN> 6
 6.462243e+01 1.562369e+02 -1.366142e+01 -1.317403e-01 -4.431414e+00 -9.623187e+01
<VARIANCE> 6
 3.129757e+01 4.038304e+04 3.541323e+04 2.593203e+02 1.595152e+04 1.545820e+07
<GCONST> 6.734084e+01
<STATE> 13
<NUMMIXES> 5
<MIXTURE> 1 2.383141e-01
<MEAN> 6
 6.909909e+01 4.098105e+00 6.478304e+01 1.696824e+01 -1.076775e+02 -1.026234e+02
<VARIANCE> 6
 6.364065e+02 8.435641e+05 8.678761e+05 5.059668e+03 4.056877e+04 1.545820e+07
<GCONST> 8.049576e+01
<MIXTURE> 2 1.321012e-01
<MEAN> 6
 1.331893e+01 1.345266e+02 2.786818e+02 -4.178459e+01 3.384159e+01 2.719869e+03
<VARIANCE> 6
 2.936349e+03 1.330835e+06 1.093951e+06 3.940112e+04 1.243538e+06 3.675897e+08
<GCONST> 9.135631e+01
<MIXTURE> 3 2.610624e-01
<MEAN> 6
 -3.024848e+01 3.213371e+01 2.019501e+01 4.616915e+01 4.432768e+02 -8.974351e+02
<VARIANCE> 6
 7.060376e+02 2.179143e+05 1.726128e+05 1.863434e+04 2.065126e+05 4.511030e+07
<GCONST> 8.163309e+01
<MIXTURE> 4 2.355387e-01
<MEAN> 6
 4.917418e+01 -1.212809e+00 9.774691e+00 -1.086683e+01 -4.330575e+02 -2.018251e+02
<VARIANCE> 6
 9.060042e+02 2.362338e+05 7.919952e+04 2.926859e+04 1.880762e+05 5.679692e+07
<GCONST> 8.177248e+01
<MIXTURE> 5 1.310704e-01
<MEAN> 6
 9.906187e+00 -2.695278e+02 -8.334476e+01 -5.944036e+01 5.915907e+01 -2.861196e+02
<VARIANCE> 6
 2.817360e+03 2.385952e+06 1.170532e+06 3.509696e+04 1.181627e+06 3.092926e+08
<GCONST> 9.162696e+01
<TRANSP> 14
 0.000000e+00 1.000000e+00 0.000000e+00 0.000000e+00 0.000000e+00 0.000000e+00 0.000000e+00 0.000000e+00 0.000000e+00 0.000000e+00 0.000000e+00 0.000000e+00 0.000000e+00 0.000000e+00
 0.000000e+00 9.996306e-01 3.693467e-04 0.000000e+00 0.000000e+00 0.000000e+00 0.000000e+00 0.000000e+00 0.000000e+00 0.000000e+00 0.000000e+00 0.000000e+00 0.000000e+00 0.000000e+00
 0.000000e+00 0.000000e+00 9.918649e-01 8.135053e-03 0.000000e+00 0.000000e+00 0.000000e+00 0.000000e+00 0.000000e+00 0.000000e+00 0.000000e+00 0.000000e+00 0.000000e+00 0.000000e+00
 0.000000e+00 0.000000e+00 0.000000e+00 9.976401e-01 2.359887e-03 0.000000e+00 0.000000e+00 0.000000e+00 0.000000e+00 0.000000e+00 0.000000e+00 0.000000e+00 0.000000e+00 0.000000e+00
 0.000000e+00 0.000000e+00 0.000000e+00 0.000000e+00 9.960648e-01 3.935191e-03 0.000000e+00 0.000000e+00 0.000000e+00 0.000000e+00 0.000000e+00 0.000000e+00 0.000000e+00 0.000000e+00
 0.000000e+00 0.000000e+00 0.000000e+00 0.000000e+00 0.000000e+00 9.978256e-01 2.174388e-03 0.000000e+00 0.000000e+00 0.000000e+00 0.000000e+00 0.000000e+00 0.000000e+00 0.000000e+00
 0.000000e+00 0.000000e+00 0.000000e+00 0.000000e+00 0.000000e+00 0.000000e+00 9.986939e-01 1.306078e-03 0.000000e+00 0.000000e+00 0.000000e+00 0.000000e+00 0.000000e+00 0.000000e+00
 0.000000e+00 0.000000e+00 0.000000e+00 0.000000e+00 0.000000e+00 0.000000e+00 0.000000e+00 9.923161e-01 7.683904e-03 0.000000e+00 0.000000e+00 0.000000e+00 0.000000e+00 0.000000e+00
 0.000000e+00 0.000000e+00 0.000000e+00 0.000000e+00 0.000000e+00 0.000000e+00 0.000000e+00 0.000000e+00 9.958408e-01 4.159084e-03 0.000000e+00 0.000000e+00 0.000000e+00 0.000000e+00
 0.000000e+00 0.000000e+00 0.000000e+00 0.000000e+00 0.000000e+00 0.000000e+00 0.000000e+00 0.000000e+00 0.000000e+00 9.964875e-01 3.512465e-03 0.000000e+00 0.000000e+00 0.000000e+00
 0.000000e+00 0.000000e+00 0.000000e+00 0.000000e+00 0.000000e+00 0.000000e+00 0.000000e+00 0.000000e+00 0.000000e+00 0.000000e+00 9.984531e-01 1.546851e-03 0.000000e+00 0.000000e+00
 0.000000e+00 0.000000e+00 0.000000e+00 0.000000e+00 0.000000e+00 0.000000e+00 0.000000e+00 0.000000e+00 0.000000e+00 0.000000e+00 0.000000e+00 9.991851e-01 8.149497e-04 0.000000e+00
 0.000000e+00 0.000000e+00 0.000000e+00 0.000000e+00 0.000000e+00 0.000000e+00 0.000000e+00 0.000000e+00 0.000000e+00 0.000000e+00 0.000000e+00 0.000000e+00 9.999501e-01 4.996989e-05
 0.000000e+00 0.000000e+00 0.000000e+00 0.000000e+00 0.000000e+00 0.000000e+00 0.000000e+00 0.000000e+00 0.000000e+00 0.000000e+00 0.000000e+00 0.000000e+00 0.000000e+00 0.000000e+00
<ENDHMM>
~h "QuintoPRIMARIA"
<BEGINHMM>
<NUMSTATES> 14
<STATE> 2
<NUMMIXES> 5
<MIXTURE> 1 1.748330e-01
<MEAN> 6
 7.648768e+01 3.077360e+02 9.575937e+02 -1.427132e-01 -1.360379e+01 -5.657465e+01
<VARIANCE> 6
 2.337109e+02 5.553074e+05 3.925415e+06 2.593203e+02 1.595152e+04 1.545820e+07
<GCONST> 7.668063e+01
<MIXTURE> 2 2.176579e-01
<MEAN> 6
 1.898618e+01 6.430560e+01 -9.672441e+02 -9.498814e+01 -8.410686e+01 2.250700e+03
<VARIANCE> 6
 3.515047e+03 9.620271e+05 8.736541e+06 3.999846e+04 1.770826e+06 5.837562e+08
<GCONST> 9.412044e+01
<MIXTURE> 3 2.140258e-01
<MEAN> 6
 -2.080952e+01 -1.598591e+02 1.757519e+02 7.298403e+01 2.374812e+02 -8.708732e+02
<VARIANCE> 6
 2.568721e+03 2.378567e+05 1.916706e+06 2.032638e+04 3.458003e+05 4.667487e+07
<GCONST> 8.605598e+01
<MIXTURE> 4 2.167455e-01
<MEAN> 6
 8.680444e+00 -2.068341e+02 -3.919183e+01 2.116875e+01 -1.085970e+02 -1.234253e+03
<VARIANCE> 6
 3.034359e+03 1.147806e+05 2.865094e+06 2.738681e+04 3.133639e+05 4.890522e+07
<GCONST> 8.614224e+01
<MIXTURE> 5 1.764198e-01
<MEAN> 6
 6.863061e+01 -3.654519e+01 -2.223979e+02 8.829283e-01 -2.933223e+01 -1.414476e+02
<VARIANCE> 6
 2.026723e+02 4.688434e+05 4.116512e+06 2.593203e+02 1.595152e+04 1.545820e+07
<GCONST> 7.641642e+01
<STATE> 3
<NUMMIXES> 5
<MIXTURE> 1 2.287572e-01
<MEAN> 6
 7.545861e+01 -6.036069e+01 -2.502138e+02 -1.286956e+00 -1.747685e+01 -1.789461e+02
<VARIANCE> 6
 1.626916e+02 6.143078e+05 1.160909e+05 2.593203e+02 1.595152e+04 1.545820e+07
<GCONST> 7.289852e+01
<MIXTURE> 2 1.808782e-01
<MEAN> 6
 -1.488497e+01 -8.808437e+01 1.485972e+02 -7.858050e+01 6.677425e+02 2.160633e+03
<VARIANCE> 6
 2.665247e+03 1.461333e+06 4.821535e+05 5.535822e+04 2.063521e+06 8.940700e+08
<GCONST> 9.226900e+01
<MIXTURE> 3 1.453009e-01
<MEAN> 6
 -1.860068e+01 1.003567e+02 2.616806e+02 9.449968e+01 3.831937e+02 -6.753299e+02
<VARIANCE> 6
 2.473598e+03 1.297512e+06 4.270283e+05 2.253990e+04 4.104094e+05 4.731011e+07
<GCONST> 8.650144e+01
<MIXTURE> 4 2.980134e-01
<MEAN> 6
 6.288810e+01 -7.045496e+01 -1.535684e+01 -1.835538e+01 -7.332439e+02 5.074623e+01
<VARIANCE> 6
 8.929647e+02 7.905508e+05 8.978321e+05 4.229407e+04 3.757825e+05 1.323553e+08
<GCONST> 8.730020e+01
<MIXTURE> 5 1.466771e-01
<MEAN> 6
 -2.015868e+01 -1.407510e+02 3.581506e+01 5.164115e+01 3.059783e+02 -1.825280e+03
<VARIANCE> 6
 2.385790e+03 1.159638e+06 3.522466e+05 2.821963e+04 3.576552e+05 4.633891e+07
<GCONST> 8.622684e+01
<STATE> 4
<NUMMIXES> 5
<MIXTURE> 1 2.485579e-01
<MEAN> 6
 6.880675e+01 4.292151e+03 -6.321207e+02 -1.809839e+00 1.221115e+00 1.256013e+00
<VARIANCE> 6
 3.129757e+01 6.029361e+05 1.230786e+04 2.593203e+02 1.595152e+04 1.545820e+07
<GCONST> 6.898739e+01
<MIXTURE> 2 2.780748e-01
<MEAN> 6
 5.963361e+01 -4.195460e+03 -2.043128e+03 -1.342214e+00 -6.944338e+00 4.195205e+00
<VARIANCE> 6
 3.129757e+01 1.115302e+07 6.020677e+04 2.593203e+02 1.595152e+04 1.545820e+07
<GCONST> 7.349258e+01
<MIXTURE> 3 1.308289e-01
<MEAN> 6
 5.734385e+01 1.100521e+03 -7.895225e+02 8.229913e-01 3.470482e+00 -1.148950e+01
<VARIANCE> 6
 3.129757e+01 8.789267e+04 2.037027e+05 2.593203e+02 1.595152e+04 1.545820e+07
<GCONST> 6.986812e+01
<MIXTURE> 4 1.761536e-01
<MEAN> 6
 5.747600e+01 -1.072810e+04 -2.105105e+03 -8.808027e-01 2.201327e+00 8.218745e+01
<VARIANCE> 6
 3.129757e+01 3.093623e+07 2.654327e+04 2.593203e+02 1.595152e+04 1.545820e+07
<GCONST> 7.369379e+01
<MIXTURE> 5 1.663828e-01
<MEAN> 6
 5.831435e+01 1.030584e+03 -1.053005e+03 -4.195952e-01 -7.687801e+00 -6.251334e+01
<VARIANCE> 6
 3.129757e+01 1.545767e+04 1.284615e+04 2.593203e+02 1.595152e+04 1.545820e+07
<GCONST> 6.536649e+01
<STATE> 5
<NUMMIXES> 5
<MIXTURE> 1 2.098024e-01
<MEAN> 6
 6.884499e+01 9.939424e+01 3.146562e+01 -2.247612e+00 7.580395e+00 1.524314e+01
<VARIANCE> 6
 3.129757e+01 5.063888e+05 1.230786e+04 2.593203e+02 1.595152e+04 1.545820e+07
<GCONST> 6.881288e+01
<MIXTURE> 2 1.327577e-01
<MEAN> 6
 5.485835e+01 3.960001e+02 -1.580322e+02 -5.238937e-02 9.200874e+00 -2.583268e+01
<VARIANCE> 6
 3.129757e+01 3.677372e+04 3.757968e+04 2.593203e+02 1.595152e+04 1.545820e+07
<GCONST> 6.730658e+01
<MIXTURE> 3 2.923018e-01
<MEAN> 6
 7.325246e+01 -4.831849e+02 1.050600e+02 -3.074596e+00 7.458870e+00 1.745729e+01
<VARIANCE> 6
 5.255590e+01 1.355748e+05 1.230786e+04 2.593203e+02 1.595152e+04 1.545820e+07
<GCONST> 6.801344e+01
<MIXTURE> 4 1.052605e-01
<MEAN> 6
 4.248424e+01 -4.787547e+02 8.923457e+01 5.263178e+00 4.261224e-01 -1.146352e+02
<VARIANCE> 6
 1.263754e+02 1.714193e+04 2.796094e+04 2.593203e+02 1.595152e+04 1.545820e+07
<GCONST> 6.764339e+01
<MIXTURE> 5 2.598630e-01
<MEAN> 6
 7.047321e+01 -5.784403e+02 1.023773e+02 -1.586634e+00 1.321818e+00 -4.955061e+01
<VARIANCE> 6
 3.599517e+01 1.348489e+05 1.230786e+04 2.593203e+02 1.595152e+04 1.545820e+07
<GCONST> 6.762958e+01
<STATE> 6
<NUMMIXES> 5
<MIXTURE> 1 4.145918e-02
<MEAN> 6
 5.166589e+01 2.297514e+03 2.610082e+03 1.280606e-01 -5.261590e+00 4.979369e+01
<VARIANCE> 6
 3.129757e+01 2.190730e+04 2.369023e+04 2.593203e+02 1.595152e+04 1.545820e+07
<GCONST> 6.632722e+01
<MIXTURE> 2 3.053452e-01
<MEAN> 6
 1.004495e+02 6.355012e+02 1.436205e+03 -3.690500e+00 -2.303951e+00 5.987239e+01
<VARIANCE> 6
 3.129757e+01 3.239581e+05 2.038736e+06 2.593203e+02 1.595152e+04 1.545820e+07
<GCONST> 7.347604e+01
<MIXTURE> 3 2.876056e-01
<MEAN> 6
 8.834874e+01 -4.065815e+01 1.793055e+02 -2.629041e+00 -4.893280e-01 3.401139e+01
<VARIANCE> 6
 3.129757e+01 1.453922e+05 1.726898e+06 2.593203e+02 1.595152e+04 1.545820e+07
<GCONST> 7.250886e+01
<MIXTURE> 4 1.778137e-01
<MEAN> 6
 1.003693e+02 6.110853e+02 -4.159249e+02 -4.274658e+00 5.772316e+00 8.000368e+01
<VARIANCE> 6
 7.427982e+01 3.990480e+04 2.016212e+06 2.593203e+02 1.595152e+04 1.545820e+07
<GCONST> 7.223511e+01
<MIXTURE> 5 1.877512e-01
<MEAN> 6
 9.742494e+01 5.745582e+02 -7.756871e+02 -4.005050e+00 1.030861e+00 -3.406677e-01
<VARIANCE> 6
 4.329884e+01 3.446751e+04 2.178975e+06 2.593203e+02 1.595152e+04 1.545820e+07
<GCONST> 7.162655e+01
<STATE> 7
<NUMMIXES> 5
<MIXTURE> 1 2.169819e-01
<MEAN> 6
 7.980988e+01 1.343741e+03 1.385005e+02 -3.280834e+00 1.679930e+00 1.071734e+02
<VARIANCE> 6
 3.167797e+01 2.271663e+05 3.496736e+05 2.593203e+02 1.595152e+04 1.545820e+07
<GCONST> 7.137010e+01
<MIXTURE> 2 1.239909e-01
<MEAN> 6
 7.721003e+01 6.437142e+02 -8.972938e+02 -1.487706e+00 -5.129610e-01 -8.213857e+00
<VARIANCE> 6
 3.129757e+01 5.420934e+04 4.936451e+04 2.593203e+02 1.595152e+04 1.545820e+07
<GCONST> 6.796742e+01
<MIXTURE> 3 2.036892e-01
<MEAN> 6
 7.606470e+01 3.694746e+01 -7.082082e+02 -2.862449e+00 -5.287268e+00 -2.330710e+01
<VARIANCE> 6
 1.104134e+02 4.708871e+04 1.230786e+04 2.593203e+02 1.595152e+04 1.545820e+07
<GCONST> 6.769830e+01
<MIXTURE> 4 2.248941e-01
<MEAN> 6
 7.665388e+01 6.012426e+02 -9.679590e+02 -2.798750e+00 1.099735e+00 8.403934e-01
<VARIANCE> 6
 3.129757e+01 4.962202e+05 3.783913e+05 2.593203e+02 1.595152e+04 1.545820e+07
<GCONST> 7.221828e+01
<MIXTURE> 5 2.304292e-01
<MEAN> 6
 7.620062e+01 1.081080e+03 -9.118015e+01 -2.602747e+00 1.151489e+00 4.744592e+01
<VARIANCE> 6
 3.129757e+01 9.642727e+04 6.047094e+05 2.593203e+02 1.595152e+04 1.545820e+07
<GCONST> 7.104887e+01
<STATE> 8
<NUMMIXES> 5
<MIXTURE> 1 3.162719e-01
<MEAN> 6
 5.818860e+01 5.338400e+01 1.553308e+02 4.083260e-01 1.510701e-01 -5.663488e+01
<VARIANCE> 6
 3.129757e+01 1.285859e+04 3.776355e+04 2.593203e+02 1.595152e+04 1.545820e+07
<GCONST> 6.626070e+01
<MIXTURE> 2 1.985796e-01
<MEAN> 6
 5.784121e+01 -5.473730e+01 1.229507e+02 2.465900e-01 -1.913764e+00 -5.821998e+01
<VARIANCE> 6
 3.129757e+01 1.230843e+04 7.580603e+04 2.593203e+02 1.595152e+04 1.545820e+07
<GCONST> 6.691380e+01
<MIXTURE> 3 1.601221e-01
<MEAN> 6
 5.927348e+01 -1.674955e+02 9.135604e+01 -2.777725e-03 9.185171e-01 -3.193473e+01
<VARIANCE> 6
 3.129757e+01 1.230843e+04 2.709151e+05 2.593203e+02 1.595152e+04 1.545820e+07
<GCONST> 6.818742e+01
<MIXTURE> 4 1.759612e-01
<MEAN> 6
 5.846438e+01 -5.945813e+01 2.603143e+01 2.275977e-01 -1.414880e+00 -5.374124e+01
<VARIANCE> 6
 3.129757e+01 2.117795e+04 6.797925e+04 2.593203e+02 1.595152e+04 1.545820e+07
<GCONST> 6.734750e+01
<MIXTURE> 5 1.490581e-01
<MEAN> 6
 5.901653e+01 -1.873885e+02 -4.214824e+01 4.823523e-02 -1.527228e-01 -5.077517e+01
<VARIANCE> 6
 3.129757e+01 1.230843e+04 2.278976e+05 2.593203e+02 1.595152e+04 1.545820e+07
<GCONST> 6.801452e+01
<STATE> 9
<NUMMIXES> 5
<MIXTURE> 1 2.839120e-01
<MEAN> 6
 7.813074e+01 2.227662e+02 2.879265e+02 -1.092114e+00 6.127449e-01 -8.292460e+01
<VARIANCE> 6
 4.675628e+01 3.481103e+04 5.941495e+04 2.593203e+02 1.595152e+04 1.545820e+07
<GCONST> 6.811122e+01
<MIXTURE> 2 1.241881e-01
<MEAN> 6
 7.746058e+01 -3.663677e+02 -2.000631e+02 -3.409512e+00 -7.377579e-01 4.260333e+01
<VARIANCE> 6
 3.129757e+01 5.792387e+04 1.230786e+04 2.593203e+02 1.595152e+04 1.545820e+07
<GCONST> 6.664471e+01
<MIXTURE> 3 1.629584e-01
<MEAN> 6
 7.704318e+01 -1.147370e+02 -1.720815e+02 -1.747662e+00 1.490134e+00 -8.749766e+01
<VARIANCE> 6
 3.460727e+01 1.230843e+04 1.230786e+04 2.593203e+02 1.595152e+04 1.545820e+07
<GCONST> 6.519638e+01
<MIXTURE> 4 2.735106e-01
<MEAN> 6
 7.543379e+01 1.119758e+02 4.446063e+02 -9.076121e-01 9.683357e-01 -5.849330e+01
<VARIANCE> 6
 3.368406e+01 2.011149e+04 9.912445e+04 2.593203e+02 1.595152e+04 1.545820e+07
<GCONST> 6.774649e+01
<MIXTURE> 5 1.554240e-01
<MEAN> 6
 7.389923e+01 -1.825953e+02 -2.126738e+02 -1.775401e+00 -3.079123e+00 -9.856430e+01
<VARIANCE> 6
 3.129757e+01 1.544126e+04 1.230786e+04 2.593203e+02 1.595152e+04 1.545820e+07
<GCONST> 6.532262e+01
<STATE> 10
<NUMMIXES> 5
<MIXTURE> 1 1.429988e-01
<MEAN> 6
 6.767258e+01 3.533150e+02 -2.988407e+02 -3.446367e+01 -6.173217e+02 -6.889554e+03
<VARIANCE> 6
 1.064778e+02 3.229197e+05 4.219847e+05 6.358841e+02 6.529452e+04 1.545820e+07
<GCONST> 7.542841e+01
<MIXTURE> 2 1.653971e-01
<MEAN> 6
 6.521011e+01 3.887196e+01 1.662873e+02 -1.017775e+01 -4.422600e+02 -9.000532e+03
<VARIANCE> 6
 1.155824e+02 2.408826e+04 7.403955e+04 2.593203e+02 2.986716e+04 2.173330e+07
<GCONST> 6.983601e+01
<MIXTURE> 3 2.247833e-01
<MEAN> 6
 5.870540e+01 -4.830151e-01 2.003463e+02 -6.623666e+01 -7.020066e+02 -2.211172e+03
<VARIANCE> 6
 1.659441e+02 5.261377e+04 1.588921e+05 3.556759e+02 1.000348e+05 2.933453e+07
<GCONST> 7.356719e+01
<MIXTURE> 4 2.962292e-01
<MEAN> 6
 4.375141e+01 -7.122396e+01 -1.770177e+00 -1.284126e+02 -7.621610e+02 -1.679647e+03
<VARIANCE> 6
 8.493871e+01 1.470857e+04 6.837012e+04 1.322343e+03 1.151233e+05 3.029867e+07
<GCONST> 7.226560e+01
<MIXTURE> 5 1.705864e-01
<MEAN> 6
 6.222092e+01 -5.847156e+01 6.890113e+00 -2.126661e+01 -5.527037e+02 -1.059372e+04
<VARIANCE> 6
 7.449673e+01 2.998344e+04 6.511769e+04 2.593203e+02 4.053516e+04 3.533871e+07
<GCONST> 7.027885e+01
<STATE> 11
<NUMMIXES> 5
<MIXTURE> 1 1.216186e-02
<MEAN> 6
 7.613389e+01 1.005101e+03 8.452650e+01 -3.046284e+01 -3.473670e+02 -1.164730e+04
<VARIANCE> 6
 1.075369e+02 5.188742e+05 1.289273e+06 4.716344e+02 4.203725e+05 8.343230e+07
<GCONST> 8.027875e+01
<MIXTURE> 2 2.519943e-01
<MEAN> 6
 6.410375e+01 3.890927e+01 3.091146e+00 -9.938290e+01 -1.661846e+03 -1.608862e+04
<VARIANCE> 6
 7.867608e+01 5.497349e+04 5.646011e+04 2.766069e+03 3.780124e+05 1.290769e+08
<GCONST> 7.669228e+01
<MIXTURE> 3 1.789238e-01
<MEAN> 6
 4.629760e+01 6.669999e+02 9.765821e+01 -1.737306e+02 -6.685131e+02 2.184961e+03
<VARIANCE> 6
 4.281448e+02 6.892682e+05 2.939961e+05 6.622104e+03 4.247754e+05 1.570280e+08
<GCONST> 8.375085e+01
<MIXTURE> 4 2.588635e-01
<MEAN> 6
 3.788836e+01 4.182037e+01 -4.668135e+00 -2.489325e+02 -1.210387e+03 7.162871e+03
<VARIANCE> 6
 2.686441e+02 1.333077e+05 2.176941e+05 3.064800e+03 5.039592e+05 8.502509e+07
<GCONST> 8.012836e+01
<MIXTURE> 5 2.980524e-01
<MEAN> 6
 3.195278e+01 -3.748433e+01 -2.075080e+02 -2.759574e+02 -1.228611e+03 5.340720e+03
<VARIANCE> 6
 2.270819e+02 1.642270e+05 1.978557e+05 3.273573e+03 4.774328e+05 9.397414e+07
<GCONST> 8.018522e+01
<STATE> 12
<NUMMIXES> 5
<MIXTURE> 1 8.935962e-02
<MEAN> 6
 5.835336e+01 2.646519e+01 3.053248e+03 -7.703104e+00 1.318633e+01 1.406402e+02
<VARIANCE> 6
 4.929715e+01 2.058401e+04 1.188105e+05 2.593203e+02 2.036067e+04 1.545820e+07
<GCONST> 6.857576e+01
<MIXTURE> 2 1.221899e-01
<MEAN> 6
 -2.148415e+00 4.951710e+01 -1.909562e+02 -3.478730e+02 2.015142e+02 2.397839e+04
<VARIANCE> 6
 4.054984e+02 1.814779e+05 3.101582e+05 4.033370e+03 1.196747e+06 5.535449e+08
<GCONST> 8.421543e+01
<MIXTURE> 3 2.556114e-01
<MEAN> 6
 -4.309058e+01 2.007392e+02 -1.822189e+02 2.932247e+00 1.159765e+03 -2.750751e+03
<VARIANCE> 6
 2.971372e+02 3.510916e+05 2.566845e+05 3.410182e+04 7.934533e+05 3.502748e+08
<GCONST> 8.564134e+01
<MIXTURE> 4 2.634380e-01
<MEAN> 6
 2.895499e+01 9.797595e+02 -9.267509e+02 8.213339e+00 -2.616098e+02 2.047252e+02
<VARIANCE> 6
 2.314982e+03 2.659789e+06 1.906001e+06 2.782996e+04 5.184214e+05 1.639221e+08
<GCONST> 9.033601e+01
<MIXTURE> 5 2.693880e-01
<MEAN> 6
 -5.313503e+01 -4.024487e-01 -4.142396e+02 -4.709913e+00 8.048977e+02 -2.550669e+03
<VARIANCE> 6
 2.423971e+02 2.612376e+05 3.976192e+05 1.529795e+04 5.236978e+05 1.604183e+08
<GCONST> 8.358171e+01
<STATE> 13
<NUMMIXES> 5
<MIXTURE> 1 2.191672e-01
<MEAN> 6
 5.893215e+01 1.304873e+02 6.025079e+01 1.178980e+01 -9.291528e+01 -2.261196e+02
<VARIANCE> 6
 1.616066e+03 9.227974e+05 4.301269e+05 9.075714e+03 7.383998e+04 1.545820e+07
<GCONST> 8.199867e+01
<MIXTURE> 2 4.410955e-02
<MEAN> 6
 1.655882e+01 -6.935562e+01 1.484517e+02 -5.490989e+01 1.459020e+02 4.044997e+03
<VARIANCE> 6
 3.728309e+03 7.413759e+05 9.799863e+05 9.844377e+04 1.556414e+07 1.338796e+10
<GCONST> 9.793787e+01
<MIXTURE> 3 1.851281e-01
<MEAN> 6
 1.400114e+01 1.743363e+01 7.542592e+01 4.798652e+01 1.358405e+02 1.102554e+02
<VARIANCE> 6
 2.953552e+03 4.462344e+04 6.092905e+04 1.403854e+04 2.511117e+05 2.690372e+07
<GCONST> 7.983250e+01
<MIXTURE> 4 3.592395e-01
<MEAN> 6
 2.480466e+01 -3.513116e+01 -3.760940e+00 -1.971259e+01 -9.268118e+01 7.523038e+01
<VARIANCE> 6
 2.611445e+03 1.076008e+05 8.187422e+04 3.623634e+04 9.287283e+05 2.264938e+08
<GCONST> 8.527166e+01
<MIXTURE> 5 1.920277e-01
<MEAN> 6
 1.355465e+01 -4.599812e+01 -8.249676e+00 1.190026e+01 8.670942e+01 -1.015695e+03
<VARIANCE> 6
 2.971464e+03 4.192599e+04 5.791792e+04 1.491925e+04 2.423415e+05 2.741184e+07
<GCONST> 7.976952e+01
<TRANSP> 14
 0.000000e+00 1.000000e+00 0.000000e+00 0.000000e+00 0.000000e+00 0.000000e+00 0.000000e+00 0.000000e+00 0.000000e+00 0.000000e+00 0.000000e+00 0.000000e+00 0.000000e+00 0.000000e+00
 0.000000e+00 9.998155e-01 1.844658e-04 0.000000e+00 0.000000e+00 0.000000e+00 0.000000e+00 0.000000e+00 0.000000e+00 0.000000e+00 0.000000e+00 0.000000e+00 0.000000e+00 0.000000e+00
 0.000000e+00 0.000000e+00 9.998724e-01 1.276262e-04 0.000000e+00 0.000000e+00 0.000000e+00 0.000000e+00 0.000000e+00 0.000000e+00 0.000000e+00 0.000000e+00 0.000000e+00 0.000000e+00
 0.000000e+00 0.000000e+00 0.000000e+00 9.940551e-01 5.944904e-03 0.000000e+00 0.000000e+00 0.000000e+00 0.000000e+00 0.000000e+00 0.000000e+00 0.000000e+00 0.000000e+00 0.000000e+00
 0.000000e+00 0.000000e+00 0.000000e+00 0.000000e+00 9.976704e-01 2.329599e-03 0.000000e+00 0.000000e+00 0.000000e+00 0.000000e+00 0.000000e+00 0.000000e+00 0.000000e+00 0.000000e+00
 0.000000e+00 0.000000e+00 0.000000e+00 0.000000e+00 0.000000e+00 9.986147e-01 1.385299e-03 0.000000e+00 0.000000e+00 0.000000e+00 0.000000e+00 0.000000e+00 0.000000e+00 0.000000e+00
 0.000000e+00 0.000000e+00 0.000000e+00 0.000000e+00 0.000000e+00 0.000000e+00 9.981596e-01 1.840386e-03 0.000000e+00 0.000000e+00 0.000000e+00 0.000000e+00 0.000000e+00 0.000000e+00
 0.000000e+00 0.000000e+00 0.000000e+00 0.000000e+00 0.000000e+00 0.000000e+00 0.000000e+00 9.988474e-01 1.152646e-03 0.000000e+00 0.000000e+00 0.000000e+00 0.000000e+00 0.000000e+00
 0.000000e+00 0.000000e+00 0.000000e+00 0.000000e+00 0.000000e+00 0.000000e+00 0.000000e+00 0.000000e+00 9.985661e-01 1.433890e-03 0.000000e+00 0.000000e+00 0.000000e+00 0.000000e+00
 0.000000e+00 0.000000e+00 0.000000e+00 0.000000e+00 0.000000e+00 0.000000e+00 0.000000e+00 0.000000e+00 0.000000e+00 9.822935e-01 1.770649e-02 0.000000e+00 0.000000e+00 0.000000e+00
 0.000000e+00 0.000000e+00 0.000000e+00 0.000000e+00 0.000000e+00 0.000000e+00 0.000000e+00 0.000000e+00 0.000000e+00 0.000000e+00 9.875214e-01 1.247861e-02 0.000000e+00 0.000000e+00
 0.000000e+00 0.000000e+00 0.000000e+00 0.000000e+00 0.000000e+00 0.000000e+00 0.000000e+00 0.000000e+00 0.000000e+00 0.000000e+00 0.000000e+00 9.975402e-01 2.459802e-03 0.000000e+00
 0.000000e+00 0.000000e+00 0.000000e+00 0.000000e+00 0.000000e+00 0.000000e+00 0.000000e+00 0.000000e+00 0.000000e+00 0.000000e+00 0.000000e+00 0.000000e+00 9.999030e-01 9.701135e-05
 0.000000e+00 0.000000e+00 0.000000e+00 0.000000e+00 0.000000e+00 0.000000e+00 0.000000e+00 0.000000e+00 0.000000e+00 0.000000e+00 0.000000e+00 0.000000e+00 0.000000e+00 0.000000e+00
<ENDHMM>
