~o
<STREAMINFO> 1 6
<VECSIZE> 6<NULLD><USER><DIAGC>
~h "SegundoPRIMARIA"
<BEGINHMM>
<NUMSTATES> 4
<STATE> 2
<NUMMIXES> 5
<MIXTURE> 1 1.925310e-01
<MEAN> 6
 8.696066e+01 -1.330976e+02 2.666145e+02 -2.659253e+00 -2.077309e+01 -1.465668e+02
<VARIANCE> 6
 3.596712e+02 6.141110e+06 1.977190e+06 2.936239e+02 3.739780e+04 4.792847e+07
<GCONST> 8.093704e+01
<MIXTURE> 2 1.015860e-01
<MEAN> 6
 2.507152e+01 2.377580e+01 -1.300635e+02 -8.269654e+01 -6.973288e+01 3.360371e+03
<VARIANCE> 6
 4.316521e+03 6.341124e+06 1.577588e+06 6.199962e+04 3.400907e+06 1.706110e+09
<GCONST> 9.666336e+01
<MIXTURE> 3 1.759096e-01
<MEAN> 6
 -8.231672e+00 4.107152e+01 3.054387e+01 4.827149e+01 1.565737e+02 -2.103946e+02
<VARIANCE> 6
 3.370760e+03 3.795660e+05 9.184753e+05 2.291968e+04 3.951278e+05 6.073134e+07
<GCONST> 8.657610e+01
<MIXTURE> 4 3.402392e-01
<MEAN> 6
 7.302269e+01 3.595613e+01 -1.437413e+02 1.151812e-02 -1.313204e+01 -1.052889e+02
<VARIANCE> 6
 1.166721e+02 2.530519e+05 2.959406e+05 2.936239e+02 3.739780e+04 4.792847e+07
<GCONST> 7.472278e+01
<MIXTURE> 5 1.888162e-01
<MEAN> 6
 1.384702e+01 -1.494554e+02 -2.323404e+02 -1.101339e+00 -6.316055e+01 -1.332551e+03
<VARIANCE> 6
 3.539413e+03 2.552732e+05 9.517974e+05 3.538388e+04 8.340620e+05 1.230445e+08
<GCONST> 8.815131e+01
<STATE> 3
<NUMMIXES> 5
<MIXTURE> 1 1.217829e-02
<MEAN> 6
 4.862308e+01 3.530553e+02 9.517271e+01 2.975014e+01 -1.158612e+03 5.958029e+03
<VARIANCE> 6
 7.094559e+03 2.518156e+06 1.621293e+06 5.271804e+05 2.775911e+08 4.228423e+11
<GCONST> 1.083193e+02
<MIXTURE> 2 3.306371e-01
<MEAN> 6
 -2.341723e+01 1.187058e+02 2.754016e+01 7.529394e+01 4.351462e+02 -1.050413e+03
<VARIANCE> 6
 1.228440e+03 1.813261e+05 6.233889e+04 2.550033e+04 2.798118e+05 5.556728e+07
<GCONST> 8.181058e+01
<MIXTURE> 3 1.558454e-01
<MEAN> 6
 3.972245e+01 6.685643e+01 1.567808e+02 -3.900901e+01 -3.993462e+02 1.461376e+02
<VARIANCE> 6
 2.968197e+03 2.255332e+05 3.330422e+05 6.602369e+04 1.893533e+06 7.555955e+08
<GCONST> 9.005996e+01
<MIXTURE> 4 3.436527e-01
<MEAN> 6
 8.933218e+01 -7.053578e+01 8.817660e+00 -3.489872e+00 -3.253448e+02 -5.596955e+02
<VARIANCE> 6
 3.144149e+02 3.687684e+05 1.221003e+05 1.041195e+04 2.228152e+05 4.792847e+07
<GCONST> 8.055853e+01
<MIXTURE> 5 1.571092e-01
<MEAN> 6
 1.331918e+01 -4.593803e+01 -1.863314e+01 -1.080326e+02 2.794001e+02 2.866981e+03
<VARIANCE> 6
 3.305074e+03 2.104702e+05 1.065874e+05 5.790440e+04 2.635504e+06 7.123811e+08
<GCONST> 8.909956e+01
<TRANSP> 4
 0.000000e+00 1.000000e+00 0.000000e+00 0.000000e+00
 0.000000e+00 9.999102e-01 8.974352e-05 0.000000e+00
 0.000000e+00 0.000000e+00 9.999366e-01 6.333175e-05
 0.000000e+00 0.000000e+00 0.000000e+00 0.000000e+00
<ENDHMM>
~h "SegundoESO"
<BEGINHMM>
<NUMSTATES> 4
<STATE> 2
<NUMMIXES> 5
<MIXTURE> 1 1.420979e-01
<MEAN> 6
 7.978772e+01 -8.161232e+02 2.473022e+02 -2.806213e+00 -2.104337e+01 -1.008453e+02
<VARIANCE> 6
 1.800014e+02 1.414688e+07 1.560129e+07 2.936239e+02 3.739780e+04 4.792847e+07
<GCONST> 8.314498e+01
<MIXTURE> 2 1.415756e-01
<MEAN> 6
 2.749918e+01 -1.377417e+02 -3.916384e+01 -5.017142e+01 -2.008804e+02 1.322420e+03
<VARIANCE> 6
 2.862778e+03 1.329299e+07 2.934842e+06 3.802675e+04 1.236985e+06 3.015792e+08
<GCONST> 9.438050e+01
<MIXTURE> 3 2.064723e-01
<MEAN> 6
 7.222050e+01 5.266317e+01 9.732714e+01 -4.166934e-01 -2.029340e+01 -8.760693e+01
<VARIANCE> 6
 9.221055e+01 4.320622e+05 6.234346e+05 2.936239e+02 3.739780e+04 4.792847e+07
<GCONST> 7.576755e+01
<MIXTURE> 4 3.042266e-01
<MEAN> 6
 -5.301456e+00 3.187224e+02 -7.681808e+01 2.501140e+01 1.208057e+02 -5.226291e+02
<VARIANCE> 6
 2.446147e+03 1.433609e+06 2.666376e+06 2.500514e+04 3.260373e+05 4.792847e+07
<GCONST> 8.830830e+01
<MIXTURE> 5 2.047833e-01
<MEAN> 6
 6.784343e+01 -1.447888e+01 -1.952279e+02 -2.550343e-01 -1.145211e+01 -1.064870e+02
<VARIANCE> 6
 8.251759e+01 9.372809e+05 4.720020e+05 2.936239e+02 3.739780e+04 4.792847e+07
<GCONST> 7.615264e+01
<STATE> 3
<NUMMIXES> 5
<MIXTURE> 1 1.912993e-01
<MEAN> 6
 7.484153e+01 -3.339569e+01 -1.029556e+02 9.324766e+00 -6.465973e+01 -1.090723e+01
<VARIANCE> 6
 3.038977e+02 8.700026e+05 3.491876e+05 2.477411e+03 3.739780e+04 4.792847e+07
<GCONST> 7.921313e+01
<MIXTURE> 2 1.224084e-01
<MEAN> 6
 9.615768e+00 2.148281e+02 9.934040e+00 -8.035478e+01 1.233664e+02 3.038592e+03
<VARIANCE> 6
 2.940575e+03 1.494375e+06 5.827232e+05 4.123662e+04 1.746572e+06 5.294846e+08
<GCONST> 9.159398e+01
<MIXTURE> 3 1.709325e-01
<MEAN> 6
 5.339126e+01 2.520432e+01 9.265852e+01 3.292671e+01 -4.458086e+02 -4.921888e+02
<VARIANCE> 6
 5.644073e+02 5.894714e+05 1.548460e+05 2.578339e+04 1.337088e+05 4.792847e+07
<GCONST> 8.224633e+01
<MIXTURE> 4 3.476710e-01
<MEAN> 6
 -3.044425e+01 3.523424e+01 2.958109e+01 2.520931e+01 4.705591e+02 -8.666390e+02
<VARIANCE> 6
 5.291636e+02 2.891265e+05 1.648704e+05 2.258396e+04 2.275481e+05 6.558106e+07
<GCONST> 8.224500e+01
<MIXTURE> 5 1.674105e-01
<MEAN> 6
 5.170068e+01 -8.347816e+01 1.507152e+01 -3.503202e+01 -5.328514e+02 1.958475e+02
<VARIANCE> 6
 6.715086e+02 5.893578e+05 9.307012e+04 3.001172e+04 2.250342e+05 6.895937e+07
<GCONST> 8.294706e+01
<TRANSP> 4
 0.000000e+00 1.000000e+00 0.000000e+00 0.000000e+00
 0.000000e+00 9.999141e-01 8.593647e-05 0.000000e+00
 0.000000e+00 0.000000e+00 9.999363e-01 6.373862e-05
 0.000000e+00 0.000000e+00 0.000000e+00 0.000000e+00
<ENDHMM>
~h "QuintoPRIMARIA"
<BEGINHMM>
<NUMSTATES> 4
<STATE> 2
<NUMMIXES> 5
<MIXTURE> 1 1.611286e-01
<MEAN> 6
 7.665672e+01 6.649016e+01 -7.219035e+01 -4.120754e+00 -1.972940e+01 -2.018259e+02
<VARIANCE> 6
 1.458649e+02 4.001770e+05 1.314383e+05 2.936239e+02 3.739780e+04 4.792847e+07
<GCONST> 7.459279e+01
<MIXTURE> 2 1.524105e-01
<MEAN> 6
 1.090226e+01 -1.619567e+02 2.696947e+00 -4.457449e+01 1.129566e+02 1.974747e+03
<VARIANCE> 6
 3.168266e+03 1.194208e+06 1.127014e+06 5.132693e+04 2.190066e+06 7.708321e+08
<GCONST> 9.292467e+01
<MIXTURE> 3 2.351488e-01
<MEAN> 6
 -3.822344e+01 -3.239353e+01 4.337480e+01 3.202090e+01 5.651732e+02 -8.023410e+02
<VARIANCE> 6
 6.312333e+02 1.249196e+05 1.399948e+05 2.328417e+04 2.599180e+05 6.146629e+07
<GCONST> 8.151737e+01
<MIXTURE> 4 2.795351e-01
<MEAN> 6
 5.415583e+01 1.469692e+01 -2.366047e+01 -2.357564e-01 -5.108606e+02 -1.646605e+02
<VARIANCE> 6
 8.178940e+02 1.631326e+05 1.198181e+05 3.557827e+04 2.820541e+05 9.190035e+07
<GCONST> 8.279559e+01
<MIXTURE> 5 1.709775e-01
<MEAN> 6
 7.257419e+01 -7.899995e+01 -8.650786e+01 -2.237458e+00 -1.800813e+01 -1.743057e+02
<VARIANCE> 6
 1.568480e+02 9.825727e+04 2.073676e+05 2.936239e+02 3.739780e+04 4.792847e+07
<GCONST> 7.371702e+01
<STATE> 3
<NUMMIXES> 5
<MIXTURE> 1 3.690878e-01
<MEAN> 6
 8.545614e+01 2.147700e+02 2.851758e+02 -2.647228e+00 -1.329292e+01 -1.044879e+02
<VARIANCE> 6
 2.481594e+02 1.891338e+06 3.942658e+06 2.936239e+02 3.739780e+04 4.792847e+07
<GCONST> 8.007838e+01
<MIXTURE> 2 3.286390e-02
<MEAN> 6
 1.362212e+01 -3.622890e+02 -9.916949e+01 -1.086077e+01 -3.627912e+02 1.511182e+03
<VARIANCE> 6
 1.033633e+04 2.376727e+06 9.992596e+05 1.222405e+06 6.568871e+08 9.633436e+11
<GCONST> 1.106797e+02
<MIXTURE> 3 2.726045e-01
<MEAN> 6
 -7.045956e+00 1.673266e+02 2.935813e+02 2.703725e+01 9.165839e+01 -4.493731e+02
<VARIANCE> 6
 3.413267e+03 1.857097e+06 1.459374e+06 3.659183e+04 5.497009e+05 9.026815e+07
<GCONST> 8.983374e+01
<MIXTURE> 4 8.655612e-02
<MEAN> 6
 7.527349e+01 -1.490767e+02 -8.004934e+02 1.481263e+01 -3.820145e+02 -1.755707e+02
<VARIANCE> 6
 2.433922e+02 1.411297e+06 1.182597e+07 1.169131e+04 1.171728e+05 4.792847e+07
<GCONST> 8.569099e+01
<MIXTURE> 5 2.388572e-01
<MEAN> 6
 -4.379749e-04 -1.815388e+02 -2.996054e+02 -2.483514e+01 9.900529e+01 5.322227e+02
<VARIANCE> 6
 4.028496e+03 4.347647e+05 5.480234e+06 4.629181e+04 1.333278e+06 3.933368e+08
<GCONST> 9.246368e+01
<TRANSP> 4
 0.000000e+00 1.000000e+00 0.000000e+00 0.000000e+00
 0.000000e+00 9.999447e-01 5.531580e-05 0.000000e+00
 0.000000e+00 0.000000e+00 9.998990e-01 1.009642e-04
 0.000000e+00 0.000000e+00 0.000000e+00 0.000000e+00
<ENDHMM>
