~o
<STREAMINFO> 1 6
<VECSIZE> 6<NULLD><USER><DIAGC>
~h "SegundoPRIMARIA"
<BEGINHMM>
<NUMSTATES> 11
<STATE> 2
<NUMMIXES> 2
<MIXTURE> 1 5.589075e-01
<MEAN> 6
 3.400017e+01 3.777798e+01 3.360187e+01 1.987802e+01 -3.716624e+00 -3.786934e+02
<VARIANCE> 6
 3.469659e+03 1.706184e+05 1.364510e+06 2.162096e+04 3.323162e+05 6.749295e+07
<GCONST> 8.607536e+01
<MIXTURE> 2 4.409930e-01
<MEAN> 6
 2.562576e+01 -2.059337e+01 -3.250819e+01 -2.316961e+01 5.687724e+00 4.522974e+02
<VARIANCE> 6
 3.691656e+03 1.476809e+05 2.446333e+05 3.816054e+04 1.291176e+06 3.298557e+08
<GCONST> 8.778621e+01
<STATE> 3
<NUMMIXES> 2
<MIXTURE> 1 5.131424e-01
<MEAN> 6
 9.552750e+01 4.370135e+01 -2.944019e+01 -2.217371e+00 -8.445263e+00 9.546834e+01
<VARIANCE> 6
 3.185104e+01 1.297525e+05 6.250202e+04 2.998198e+02 4.022584e+04 5.158639e+07
<GCONST> 7.136889e+01
<MIXTURE> 2 4.868554e-01
<MEAN> 6
 9.257800e+01 -1.424922e+02 -1.635425e+02 -1.543841e+00 2.105592e+00 5.554429e+01
<VARIANCE> 6
 3.943275e+01 1.441358e+05 6.939269e+04 2.998198e+02 4.022584e+04 5.158639e+07
<GCONST> 7.179212e+01
<STATE> 4
<NUMMIXES> 2
<MIXTURE> 1 4.962087e-01
<MEAN> 6
 7.329956e+01 1.139844e+00 2.077942e+01 -8.641543e-01 -2.628413e+00 -4.949676e+01
<VARIANCE> 6
 3.600319e+01 1.196658e+04 5.706507e+04 2.998198e+02 4.022584e+04 5.158639e+07
<GCONST> 6.901691e+01
<MIXTURE> 2 5.037904e-01
<MEAN> 6
 7.110937e+01 -1.985585e+01 -1.372507e+02 6.862586e-01 1.269482e+00 -8.519726e+01
<VARIANCE> 6
 3.185104e+01 3.129289e+04 6.746664e+04 2.998198e+02 4.022584e+04 5.158639e+07
<GCONST> 7.002308e+01
<STATE> 5
<NUMMIXES> 2
<MIXTURE> 1 3.961080e-01
<MEAN> 6
 8.271195e+01 4.808296e+02 3.302614e+02 -1.523358e+00 -1.983316e+00 -1.256700e+02
<VARIANCE> 6
 6.181752e+01 5.920017e+05 3.757017e+04 2.998198e+02 4.022584e+04 5.158639e+07
<GCONST> 7.304089e+01
<MIXTURE> 2 6.038877e-01
<MEAN> 6
 7.015607e+01 1.073730e+02 1.212502e+01 -2.801090e-01 1.008207e+00 -1.063073e+02
<VARIANCE> 6
 8.558558e+01 6.484128e+05 1.004296e+05 2.998198e+02 4.022584e+04 5.158639e+07
<GCONST> 7.444049e+01
<STATE> 6
<NUMMIXES> 2
<MIXTURE> 1 3.623142e-01
<MEAN> 6
 1.179820e+02 -1.097593e+02 1.474712e+03 -4.759416e+00 -1.075173e+01 7.691692e+01
<VARIANCE> 6
 1.545577e+02 2.667332e+05 7.021536e+05 2.998198e+02 4.022584e+04 5.158639e+07
<GCONST> 7.608796e+01
<MIXTURE> 2 6.376832e-01
<MEAN> 6
 1.020707e+02 -1.520070e+02 8.073880e+02 -4.172680e+00 -9.981131e+00 2.031061e+01
<VARIANCE> 6
 1.398217e+02 5.761770e+04 2.251096e+05 2.998198e+02 4.022584e+04 5.158639e+07
<GCONST> 7.331777e+01
<STATE> 7
<NUMMIXES> 2
<MIXTURE> 1 4.206513e-01
<MEAN> 6
 7.004278e+01 7.536313e+01 -9.623096e+02 -2.783537e-02 -4.604942e+00 -2.714711e+01
<VARIANCE> 6
 3.185104e+01 8.547521e+05 6.824359e+04 2.998198e+02 4.022584e+04 5.158639e+07
<GCONST> 7.334196e+01
<MIXTURE> 2 5.793505e-01
<MEAN> 6
 6.760921e+01 -4.682581e+02 -8.448481e+02 4.334926e-01 -1.843357e+00 -2.960456e+01
<VARIANCE> 6
 4.333683e+01 7.004916e+05 1.004294e+05 2.998198e+02 4.022584e+04 5.158639e+07
<GCONST> 7.383723e+01
<STATE> 8
<NUMMIXES> 2
<MIXTURE> 1 5.738732e-01
<MEAN> 6
 1.085425e+02 -6.836887e+02 -2.364648e+02 -4.773551e+00 1.609864e+00 2.264206e+00
<VARIANCE> 6
 3.996035e+01 1.219499e+06 4.578065e+04 2.998198e+02 4.022584e+04 5.158639e+07
<GCONST> 7.352493e+01
<MIXTURE> 2 4.261269e-01
<MEAN> 6
 1.071039e+02 -1.071882e+03 -2.393342e+02 -5.481136e+00 6.934209e-01 -9.155154e+01
<VARIANCE> 6
 5.605004e+01 1.752779e+06 4.564371e+04 2.998198e+02 4.022584e+04 5.158639e+07
<GCONST> 7.422306e+01
<STATE> 9
<NUMMIXES> 2
<MIXTURE> 1 5.419272e-01
<MEAN> 6
 8.470081e+01 -3.212993e+02 1.563410e+02 -1.585346e+00 -2.962006e+00 -1.186411e+02
<VARIANCE> 6
 7.035035e+01 6.880701e+06 1.420382e+06 2.998198e+02 4.022584e+04 5.158639e+07
<GCONST> 7.925563e+01
<MIXTURE> 2 4.580736e-01
<MEAN> 6
 8.075198e+01 -1.788420e+03 1.767470e+02 -2.393833e+00 -2.930632e+00 -8.172371e+01
<VARIANCE> 6
 6.133010e+01 1.810759e+07 2.290606e+06 2.998198e+02 4.022584e+04 5.158639e+07
<GCONST> 8.056392e+01
<STATE> 10
<NUMMIXES> 2
<MIXTURE> 1 4.253131e-02
<MEAN> 6
 3.841098e+01 5.255338e+02 -1.365415e+02 -3.183484e+01 -5.832328e+02 4.625603e+03
<VARIANCE> 6
 6.914743e+03 1.584830e+07 1.214470e+06 3.284273e+05 1.509074e+08 2.122440e+11
<GCONST> 1.080723e+02
<MIXTURE> 2 9.576856e-01
<MEAN> 6
 3.206388e+01 1.728829e+01 8.874081e+00 1.690826e+00 2.606939e+01 -1.892007e+02
<VARIANCE> 6
 4.083374e+03 4.778100e+05 1.879379e+05 3.657709e+04 9.855849e+05 2.570294e+08
<GCONST> 8.823564e+01
<TRANSP> 11
 0.000000e+00 1.000000e+00 0.000000e+00 0.000000e+00 0.000000e+00 0.000000e+00 0.000000e+00 0.000000e+00 0.000000e+00 0.000000e+00 0.000000e+00
 0.000000e+00 9.999045e-01 9.551043e-05 0.000000e+00 0.000000e+00 0.000000e+00 0.000000e+00 0.000000e+00 0.000000e+00 0.000000e+00 0.000000e+00
 0.000000e+00 0.000000e+00 9.986237e-01 1.376262e-03 0.000000e+00 0.000000e+00 0.000000e+00 0.000000e+00 0.000000e+00 0.000000e+00 0.000000e+00
 0.000000e+00 0.000000e+00 0.000000e+00 9.989627e-01 1.037273e-03 0.000000e+00 0.000000e+00 0.000000e+00 0.000000e+00 0.000000e+00 0.000000e+00
 0.000000e+00 0.000000e+00 0.000000e+00 0.000000e+00 9.983244e-01 1.675656e-03 0.000000e+00 0.000000e+00 0.000000e+00 0.000000e+00 0.000000e+00
 0.000000e+00 0.000000e+00 0.000000e+00 0.000000e+00 0.000000e+00 9.961548e-01 3.845170e-03 0.000000e+00 0.000000e+00 0.000000e+00 0.000000e+00
 0.000000e+00 0.000000e+00 0.000000e+00 0.000000e+00 0.000000e+00 0.000000e+00 9.973134e-01 2.686552e-03 0.000000e+00 0.000000e+00 0.000000e+00
 0.000000e+00 0.000000e+00 0.000000e+00 0.000000e+00 0.000000e+00 0.000000e+00 0.000000e+00 9.951749e-01 4.825074e-03 0.000000e+00 0.000000e+00
 0.000000e+00 0.000000e+00 0.000000e+00 0.000000e+00 0.000000e+00 0.000000e+00 0.000000e+00 0.000000e+00 9.976854e-01 2.314557e-03 0.000000e+00
 0.000000e+00 0.000000e+00 0.000000e+00 0.000000e+00 0.000000e+00 0.000000e+00 0.000000e+00 0.000000e+00 0.000000e+00 9.999214e-01 7.862514e-05
 0.000000e+00 0.000000e+00 0.000000e+00 0.000000e+00 0.000000e+00 0.000000e+00 0.000000e+00 0.000000e+00 0.000000e+00 0.000000e+00 0.000000e+00
<ENDHMM>
~h "SegundoESO"
<BEGINHMM>
<NUMSTATES> 11
<STATE> 2
<NUMMIXES> 2
<MIXTURE> 1 2.219256e-01
<MEAN> 6
 7.363148e+01 5.812539e+03 -1.460883e+03 -2.415942e-01 -1.223257e+00 -1.440518e+02
<VARIANCE> 6
 3.185104e+01 5.322326e+07 7.957201e+05 2.998198e+02 4.022584e+04 5.158639e+07
<GCONST> 7.992956e+01
<MIXTURE> 2 7.781171e-01
<MEAN> 6
 6.753143e+01 2.538480e+02 -4.818510e+03 7.235862e-01 -1.944564e+00 -6.196575e+01
<VARIANCE> 6
 8.371389e+01 2.448103e+05 6.017362e+06 2.998198e+02 4.022584e+04 5.158639e+07
<GCONST> 7.753728e+01
<STATE> 3
<NUMMIXES> 2
<MIXTURE> 1 4.771661e-01
<MEAN> 6
 7.519433e+01 1.156404e+02 7.656503e+02 -1.554765e-01 -2.274804e+00 -7.398298e+01
<VARIANCE> 6
 3.325989e+01 7.377297e+05 1.165090e+06 2.998198e+02 4.022584e+04 5.158639e+07
<GCONST> 7.607547e+01
<MIXTURE> 2 5.228288e-01
<MEAN> 6
 7.912838e+01 -7.218108e+02 1.592650e+02 -8.602719e-01 -3.728548e+00 -8.820187e+01
<VARIANCE> 6
 6.491750e+01 1.427885e+06 2.016963e+05 2.998198e+02 4.022584e+04 5.158639e+07
<GCONST> 7.565082e+01
<STATE> 4
<NUMMIXES> 2
<MIXTURE> 1 8.111691e-01
<MEAN> 6
 8.778886e+01 -4.031724e+03 7.630770e+03 -1.185348e+00 -1.018247e+01 -8.822397e+01
<VARIANCE> 6
 6.575661e+01 6.759104e+05 1.472085e+07 2.998198e+02 4.022584e+04 5.158639e+07
<GCONST> 7.920603e+01
<MIXTURE> 2 1.888433e-01
<MEAN> 6
 6.831290e+01 -2.808493e+03 8.581539e+03 3.252196e+00 -3.101339e+02 -1.905709e+03
<VARIANCE> 6
 5.581748e+02 2.580074e+07 1.128345e+08 2.039865e+04 6.842226e+05 1.164633e+08
<GCONST> 9.489163e+01
<STATE> 5
<NUMMIXES> 2
<MIXTURE> 1 5.803772e-01
<MEAN> 6
 6.499522e+01 2.558909e+02 -3.023406e+02 -2.919286e-01 -4.879992e+00 -1.450633e+02
<VARIANCE> 6
 3.866088e+01 1.400772e+06 1.479797e+05 2.998198e+02 4.022584e+04 5.158639e+07
<GCONST> 7.480367e+01
<MIXTURE> 2 4.196169e-01
<MEAN> 6
 6.223038e+01 1.182324e+02 -3.348254e+02 -1.902401e-01 -3.514653e+00 -1.348869e+02
<VARIANCE> 6
 4.197814e+01 7.759628e+05 2.510457e+05 2.998198e+02 4.022584e+04 5.158639e+07
<GCONST> 7.482388e+01
<STATE> 6
<NUMMIXES> 2
<MIXTURE> 1 3.654251e-01
<MEAN> 6
 8.833603e+00 2.212915e+02 5.643349e+02 -2.141599e+01 1.392076e+02 1.140159e+03
<VARIANCE> 6
 3.379302e+03 1.134659e+06 3.441633e+06 3.809113e+04 1.113814e+06 2.915167e+08
<GCONST> 9.210763e+01
<MIXTURE> 2 6.345396e-01
<MEAN> 6
 2.154355e+01 -5.869184e+01 7.142346e+01 1.387052e+01 -7.698462e+01 -6.419278e+02
<VARIANCE> 6
 2.888596e+03 8.043118e+05 4.269704e+05 2.859619e+04 4.522571e+05 5.713727e+07
<GCONST> 8.670200e+01
<STATE> 7
<NUMMIXES> 2
<MIXTURE> 1 6.347571e-01
<MEAN> 6
 8.942818e+01 5.124655e+01 -4.598320e+02 -4.518223e+00 -4.258788e+00 1.438386e+02
<VARIANCE> 6
 1.208688e+02 6.796491e+05 1.733464e+06 2.998198e+02 4.022584e+04 5.158639e+07
<GCONST> 7.768114e+01
<MIXTURE> 2 3.652360e-01
<MEAN> 6
 8.059810e+01 -1.249757e+03 -6.086176e+02 -3.390799e+00 -3.750337e+00 9.029408e+01
<VARIANCE> 6
 1.740504e+02 2.765354e+06 1.574382e+07 2.998198e+02 4.022584e+04 5.158639e+07
<GCONST> 8.165546e+01
<STATE> 8
<NUMMIXES> 2
<MIXTURE> 1 4.675191e-01
<MEAN> 6
 2.370402e+01 -3.920966e+02 -2.963431e+02 9.794603e+00 -2.247753e+00 7.254524e+01
<VARIANCE> 6
 2.842973e+03 1.953075e+07 1.865297e+06 1.772281e+04 2.520134e+05 5.158639e+07
<GCONST> 9.018491e+01
<MIXTURE> 2 5.324832e-01
<MEAN> 6
 1.985771e+01 2.260030e+02 -9.267800e+02 -5.760102e+00 3.999424e+00 -9.362869e+00
<VARIANCE> 6
 2.566754e+03 4.291888e+06 3.583575e+06 1.931646e+04 4.143432e+05 8.263701e+07
<GCONST> 9.027490e+01
<STATE> 9
<NUMMIXES> 2
<MIXTURE> 1 5.176963e-01
<MEAN> 6
 6.957016e+01 3.441154e+02 6.562793e+01 -9.002776e-01 -5.444420e+00 -4.743520e+01
<VARIANCE> 6
 6.796198e+01 3.978678e+05 9.575569e+04 2.998198e+02 4.022584e+04 5.158639e+07
<GCONST> 7.367386e+01
<MIXTURE> 2 4.822975e-01
<MEAN> 6
 6.544297e+01 9.551037e+01 3.867085e+01 -3.298097e-01 -4.871329e+00 -1.118671e+02
<VARIANCE> 6
 5.562074e+01 1.755504e+05 4.855393e+04 2.998198e+02 4.022584e+04 5.158639e+07
<GCONST> 7.197614e+01
<STATE> 10
<NUMMIXES> 2
<MIXTURE> 1 4.915699e-01
<MEAN> 6
 1.679867e+01 3.538483e+01 2.153198e+01 9.781595e+00 5.245192e+01 1.498622e+02
<VARIANCE> 6
 2.234439e+03 2.113039e+05 1.268144e+05 1.818468e+04 2.816257e+05 5.158639e+07
<GCONST> 8.286597e+01
<MIXTURE> 2 5.084276e-01
<MEAN> 6
 2.496463e+01 -7.239148e+01 -1.885003e+01 -8.793180e+00 -4.852591e+01 -9.410263e+01
<VARIANCE> 6
 2.267112e+03 2.827623e+05 6.439484e+04 2.036784e+04 4.832074e+05 1.154496e+08
<GCONST> 8.395293e+01
<TRANSP> 11
 0.000000e+00 1.000000e+00 0.000000e+00 0.000000e+00 0.000000e+00 0.000000e+00 0.000000e+00 0.000000e+00 0.000000e+00 0.000000e+00 0.000000e+00
 0.000000e+00 9.979986e-01 2.001402e-03 0.000000e+00 0.000000e+00 0.000000e+00 0.000000e+00 0.000000e+00 0.000000e+00 0.000000e+00 0.000000e+00
 0.000000e+00 0.000000e+00 9.993304e-01 6.695631e-04 0.000000e+00 0.000000e+00 0.000000e+00 0.000000e+00 0.000000e+00 0.000000e+00 0.000000e+00
 0.000000e+00 0.000000e+00 0.000000e+00 9.929905e-01 7.009494e-03 0.000000e+00 0.000000e+00 0.000000e+00 0.000000e+00 0.000000e+00 0.000000e+00
 0.000000e+00 0.000000e+00 0.000000e+00 0.000000e+00 9.992363e-01 7.636691e-04 0.000000e+00 0.000000e+00 0.000000e+00 0.000000e+00 0.000000e+00
 0.000000e+00 0.000000e+00 0.000000e+00 0.000000e+00 0.000000e+00 9.999074e-01 9.267525e-05 0.000000e+00 0.000000e+00 0.000000e+00 0.000000e+00
 0.000000e+00 0.000000e+00 0.000000e+00 0.000000e+00 0.000000e+00 0.000000e+00 9.992251e-01 7.749177e-04 0.000000e+00 0.000000e+00 0.000000e+00
 0.000000e+00 0.000000e+00 0.000000e+00 0.000000e+00 0.000000e+00 0.000000e+00 0.000000e+00 9.995747e-01 4.252694e-04 0.000000e+00 0.000000e+00
 0.000000e+00 0.000000e+00 0.000000e+00 0.000000e+00 0.000000e+00 0.000000e+00 0.000000e+00 0.000000e+00 9.994335e-01 5.665282e-04 0.000000e+00
 0.000000e+00 0.000000e+00 0.000000e+00 0.000000e+00 0.000000e+00 0.000000e+00 0.000000e+00 0.000000e+00 0.000000e+00 9.998708e-01 1.291853e-04
 0.000000e+00 0.000000e+00 0.000000e+00 0.000000e+00 0.000000e+00 0.000000e+00 0.000000e+00 0.000000e+00 0.000000e+00 0.000000e+00 0.000000e+00
<ENDHMM>
~h "QuintoPRIMARIA"
<BEGINHMM>
<NUMSTATES> 11
<STATE> 2
<NUMMIXES> 2
<MIXTURE> 1 6.353672e-01
<MEAN> 6
 3.366267e+01 4.738808e-01 1.503917e+01 2.095533e+01 -4.994889e+01 -4.776283e+02
<VARIANCE> 6
 2.843132e+03 5.391042e+05 4.109911e+05 1.707090e+04 2.580533e+05 5.158639e+07
<GCONST> 8.506873e+01
<MIXTURE> 2 3.639364e-01
<MEAN> 6
 1.300542e+01 -5.207290e+01 -9.202377e+01 -3.468653e+01 8.784831e+01 8.114496e+02
<VARIANCE> 6
 3.325144e+03 3.693202e+05 3.114068e+06 4.071361e+04 1.401467e+06 4.187634e+08
<GCONST> 9.152756e+01
<STATE> 3
<NUMMIXES> 2
<MIXTURE> 1 6.139368e-01
<MEAN> 6
 6.300077e+01 8.462854e+01 -2.019295e+02 -1.696143e+00 -6.805328e-01 8.394490e+01
<VARIANCE> 6
 3.185104e+01 2.654923e+04 1.387160e+04 2.998198e+02 4.022584e+04 5.158639e+07
<GCONST> 6.827690e+01
<MIXTURE> 2 3.860662e-01
<MEAN> 6
 6.132436e+01 9.148979e-02 -4.503245e+02 -1.992511e+00 -6.927444e+00 1.112041e+02
<VARIANCE> 6
 3.185104e+01 1.195217e+04 7.570359e+04 2.998198e+02 4.022584e+04 5.158639e+07
<GCONST> 6.917580e+01
<STATE> 4
<NUMMIXES> 2
<MIXTURE> 1 5.484354e-01
<MEAN> 6
 8.110825e+01 -2.760648e+02 1.438688e+03 -4.676166e+00 -5.509291e+00 2.167072e+02
<VARIANCE> 6
 2.455672e+02 1.681127e+05 3.387792e+06 2.998198e+02 4.022584e+04 5.158639e+07
<GCONST> 7.766313e+01
<MIXTURE> 2 4.515644e-01
<MEAN> 6
 9.287051e+01 -6.987921e+02 5.186792e+02 -4.364378e+00 -1.160812e+01 3.947284e+02
<VARIANCE> 6
 4.285641e+02 1.082839e+06 2.714095e+06 2.998198e+02 4.022584e+04 5.158639e+07
<GCONST> 7.986098e+01
<STATE> 5
<NUMMIXES> 2
<MIXTURE> 1 5.493163e-01
<MEAN> 6
 7.274987e+01 -6.545441e+02 1.380265e+02 -1.406930e+00 3.451720e+00 -2.691329e+01
<VARIANCE> 6
 4.973969e+02 7.768888e+04 2.917293e+04 2.998198e+02 4.022584e+04 5.158639e+07
<GCONST> 7.284233e+01
<MIXTURE> 2 4.506868e-01
<MEAN> 6
 7.041302e+01 -9.237452e+02 6.080192e+01 -1.501836e-01 -7.894951e+00 1.493328e+01
<VARIANCE> 6
 1.929172e+02 4.245901e+04 1.857450e+05 2.998198e+02 4.022584e+04 5.158639e+07
<GCONST> 7.314217e+01
<STATE> 6
<NUMMIXES> 2
<MIXTURE> 1 5.156275e-01
<MEAN> 6
 7.180563e+01 6.631466e+01 2.720561e+02 -2.668213e+00 -4.019817e+00 4.725378e+01
<VARIANCE> 6
 4.725167e+01 4.140143e+04 6.568447e+04 2.998198e+02 4.022584e+04 5.158639e+07
<GCONST> 7.067065e+01
<MIXTURE> 2 4.843738e-01
<MEAN> 6
 7.188915e+01 2.443505e+01 1.606328e+02 -3.277087e+00 -7.499632e-01 4.203275e+01
<VARIANCE> 6
 4.104955e+01 5.203746e+04 3.127302e+04 2.998198e+02 4.022584e+04 5.158639e+07
<GCONST> 7.001649e+01
<STATE> 7
<NUMMIXES> 2
<MIXTURE> 1 4.747602e-01
<MEAN> 6
 8.943627e+01 1.008163e+02 -1.360558e+02 -4.761760e+00 -2.329689e+00 4.828623e+01
<VARIANCE> 6
 6.482230e+01 1.427150e+05 4.434555e+04 2.998198e+02 4.022584e+04 5.158639e+07
<GCONST> 7.183150e+01
<MIXTURE> 2 5.252373e-01
<MEAN> 6
 8.399935e+01 -1.325935e+02 -2.787643e+02 -2.873568e+00 -1.729855e-01 7.505040e+00
<VARIANCE> 6
 3.185104e+01 6.783633e+04 1.073907e+05 2.998198e+02 4.022584e+04 5.158639e+07
<GCONST> 7.126163e+01
<STATE> 8
<NUMMIXES> 2
<MIXTURE> 1 3.756398e-01
<MEAN> 6
 6.633958e+01 2.192944e+03 5.183074e+02 -1.324872e+00 -2.468264e+00 8.873800e+01
<VARIANCE> 6
 1.151626e+02 2.031726e+06 1.495802e+06 2.998198e+02 4.022584e+04 5.158639e+07
<GCONST> 7.858039e+01
<MIXTURE> 2 6.243593e-01
<MEAN> 6
 7.470640e+01 1.008601e+03 -1.405035e+02 -2.774363e+00 -2.733839e+00 7.830021e+01
<VARIANCE> 6
 5.161122e+01 2.079893e+05 7.868612e+05 2.998198e+02 4.022584e+04 5.158639e+07
<GCONST> 7.485627e+01
<STATE> 9
<NUMMIXES> 2
<MIXTURE> 1 4.466701e-01
<MEAN> 6
 9.911014e+01 6.782626e+02 -2.054526e+02 -2.948428e+00 -4.509342e-01 6.903384e+01
<VARIANCE> 6
 3.341599e+01 6.265333e+04 1.624386e+06 2.998198e+02 4.022584e+04 5.158639e+07
<GCONST> 7.394653e+01
<MIXTURE> 2 5.533318e-01
<MEAN> 6
 9.489304e+01 5.274520e+02 1.118526e+02 -2.529138e+00 5.484837e+00 5.488527e+01
<VARIANCE> 6
 4.150667e+01 4.522266e+04 3.617992e+06 2.998198e+02 4.022584e+04 5.158639e+07
<GCONST> 7.463811e+01
<STATE> 10
<NUMMIXES> 2
<MIXTURE> 1 8.671202e-01
<MEAN> 6
 4.220277e+01 -1.349474e+02 2.006520e+02 4.862840e+00 2.897366e+00 -7.367015e+02
<VARIANCE> 6
 4.790469e+03 9.838066e+05 6.288472e+05 1.767983e+04 1.042704e+06 1.442525e+09
<GCONST> 9.137965e+01
<MIXTURE> 2 1.332424e-01
<MEAN> 6
 -9.481516e+00 1.502095e+02 1.037288e+02 -1.981851e+01 -1.096377e+01 4.898612e+03
<VARIANCE> 6
 1.093019e+04 1.938574e+05 3.594615e+05 2.021690e+06 1.098757e+09 1.612021e+12
<GCONST> 1.087392e+02
<TRANSP> 11
 0.000000e+00 1.000000e+00 0.000000e+00 0.000000e+00 0.000000e+00 0.000000e+00 0.000000e+00 0.000000e+00 0.000000e+00 0.000000e+00 0.000000e+00
 0.000000e+00 9.999570e-01 4.299629e-05 0.000000e+00 0.000000e+00 0.000000e+00 0.000000e+00 0.000000e+00 0.000000e+00 0.000000e+00 0.000000e+00
 0.000000e+00 0.000000e+00 9.954590e-01 4.540985e-03 0.000000e+00 0.000000e+00 0.000000e+00 0.000000e+00 0.000000e+00 0.000000e+00 0.000000e+00
 0.000000e+00 0.000000e+00 0.000000e+00 9.974254e-01 2.574559e-03 0.000000e+00 0.000000e+00 0.000000e+00 0.000000e+00 0.000000e+00 0.000000e+00
 0.000000e+00 0.000000e+00 0.000000e+00 0.000000e+00 9.957306e-01 4.269311e-03 0.000000e+00 0.000000e+00 0.000000e+00 0.000000e+00 0.000000e+00
 0.000000e+00 0.000000e+00 0.000000e+00 0.000000e+00 0.000000e+00 9.981611e-01 1.838833e-03 0.000000e+00 0.000000e+00 0.000000e+00 0.000000e+00
 0.000000e+00 0.000000e+00 0.000000e+00 0.000000e+00 0.000000e+00 0.000000e+00 9.990700e-01 9.299277e-04 0.000000e+00 0.000000e+00 0.000000e+00
 0.000000e+00 0.000000e+00 0.000000e+00 0.000000e+00 0.000000e+00 0.000000e+00 0.000000e+00 9.978338e-01 2.166156e-03 0.000000e+00 0.000000e+00
 0.000000e+00 0.000000e+00 0.000000e+00 0.000000e+00 0.000000e+00 0.000000e+00 0.000000e+00 0.000000e+00 9.976517e-01 2.348278e-03 0.000000e+00
 0.000000e+00 0.000000e+00 0.000000e+00 0.000000e+00 0.000000e+00 0.000000e+00 0.000000e+00 0.000000e+00 0.000000e+00 9.993103e-01 6.897249e-04
 0.000000e+00 0.000000e+00 0.000000e+00 0.000000e+00 0.000000e+00 0.000000e+00 0.000000e+00 0.000000e+00 0.000000e+00 0.000000e+00 0.000000e+00
<ENDHMM>
