~o
<STREAMINFO> 1 4
<VECSIZE> 4<NULLD><USER><DIAGC>
~h "SegundoPRIMARIA"
<BEGINHMM>
<NUMSTATES> 4
<STATE> 2
<MEAN> 4
 3.678006e+01 4.290163e-01 2.429308e-01 2.065548e-01
<VARIANCE> 4
 3.601594e+03 2.836987e+04 8.076570e+05 2.378756e+08
<GCONST> 5.868287e+01
<STATE> 3
<MEAN> 4
 3.780166e+01 -1.142189e-01 -7.086033e+00 -3.295882e+01
<VARIANCE> 4
 5.762060e+03 1.587489e+05 6.234796e+07 9.271783e+10
<GCONST> 7.118671e+01
<TRANSP> 4
 0.000000e+00 1.000000e+00 0.000000e+00 0.000000e+00
 0.000000e+00 9.999616e-01 3.847259e-05 0.000000e+00
 0.000000e+00 0.000000e+00 9.989007e-01 1.099330e-03
 0.000000e+00 0.000000e+00 0.000000e+00 0.000000e+00
<ENDHMM>
~h "SegundoESO"
<BEGINHMM>
<NUMSTATES> 4
<STATE> 2
<MEAN> 4
 4.532378e+01 2.069409e-01 -1.891908e+00 -4.816663e+01
<VARIANCE> 4
 1.525116e+03 4.605889e+03 8.013948e+04 4.848019e+07
<GCONST> 5.210461e+01
<STATE> 3
<MEAN> 4
 2.365701e+01 3.320139e-01 8.372033e-01 2.293024e+01
<VARIANCE> 4
 2.973378e+03 2.650040e+04 5.611198e+05 1.154074e+08
<GCONST> 5.733555e+01
<TRANSP> 4
 0.000000e+00 1.000000e+00 0.000000e+00 0.000000e+00
 0.000000e+00 9.998895e-01 1.104781e-04 0.000000e+00
 0.000000e+00 0.000000e+00 9.999448e-01 5.520149e-05
 0.000000e+00 0.000000e+00 0.000000e+00 0.000000e+00
<ENDHMM>
~h "QuintoPRIMARIA"
<BEGINHMM>
<NUMSTATES> 4
<STATE> 2
<MEAN> 4
 3.407576e+01 2.241009e-01 2.350124e-01 2.256158e+00
<VARIANCE> 4
 3.099714e+03 2.361470e+04 6.308422e+05 1.718991e+08
<GCONST> 5.777743e+01
<STATE> 3
<MEAN> 4
 3.656553e+01 1.489019e+00 -7.773964e+00 -5.014367e+01
<VARIANCE> 4
 8.507518e+03 5.516276e+05 3.097997e+08 4.598598e+11
<GCONST> 7.602647e+01
<TRANSP> 4
 0.000000e+00 1.000000e+00 0.000000e+00 0.000000e+00
 0.000000e+00 9.999631e-01 3.689918e-05 0.000000e+00
 0.000000e+00 0.000000e+00 9.985533e-01 1.446750e-03
 0.000000e+00 0.000000e+00 0.000000e+00 0.000000e+00
<ENDHMM>
