~o
<STREAMINFO> 1 6
<VECSIZE> 6<NULLD><USER><DIAGC>
~h "SegundoPRIMARIA"
<BEGINHMM>
<NUMSTATES> 3
<STATE> 2
<NUMMIXES> 2
<MIXTURE> 1 5.000000e-01
<MEAN> 6
 4.959644e+01 2.005905e+02 1.503197e+02 3.745056e+01 3.864630e+02 1.325994e+04
<VARIANCE> 6
 3.718621e+03 1.005912e+06 5.649019e+05 3.449689e+04 3.734066e+06 4.396381e+09
<GCONST> 9.409987e+01
<MIXTURE> 2 5.000000e-01
<MEAN> 6
 2.520424e+01 -2.005902e+02 -1.503201e+02 -3.684280e+01 -3.864863e+02 -1.326214e+04
<VARIANCE> 6
 3.718621e+03 1.005912e+06 5.649019e+05 3.449689e+04 3.734066e+06 4.396381e+09
<GCONST> 9.409987e+01
<TRANSP> 3
 0.000000e+00 1.000000e+00 0.000000e+00
 0.000000e+00 9.999630e-01 3.696096e-05
 0.000000e+00 0.000000e+00 0.000000e+00
<ENDHMM>
~h "SegundoESO"
<BEGINHMM>
<NUMSTATES> 3
<STATE> 2
<NUMMIXES> 2
<MIXTURE> 1 5.000000e-01
<MEAN> 6
 4.177547e+01 2.840439e+02 2.664175e+02 2.815014e+01 1.286374e+02 1.856033e+03
<VARIANCE> 6
 2.613351e+03 2.017014e+06 1.774458e+06 1.945549e+04 4.141256e+05 8.616178e+07
<GCONST> 8.888333e+01
<MIXTURE> 2 5.000000e-01
<MEAN> 6
 2.132709e+01 -2.840426e+02 -2.664176e+02 -2.764304e+01 -1.287729e+02 -1.856901e+03
<VARIANCE> 6
 2.613351e+03 2.017014e+06 1.774458e+06 1.945549e+04 4.141256e+05 8.616178e+07
<GCONST> 8.888333e+01
<TRANSP> 3
 0.000000e+00 1.000000e+00 0.000000e+00
 0.000000e+00 9.999633e-01 3.667742e-05
 0.000000e+00 0.000000e+00 0.000000e+00
<ENDHMM>
~h "QuintoPRIMARIA"
<BEGINHMM>
<NUMSTATES> 3
<STATE> 2
<NUMMIXES> 2
<MIXTURE> 1 5.000000e-01
<MEAN> 6
 4.637980e+01 2.065976e+02 2.746810e+02 3.896457e+01 5.713596e+02 2.124741e+04
<VARIANCE> 6
 3.317895e+03 1.067063e+06 1.886243e+06 3.745439e+04 8.160040e+06 1.128438e+10
<GCONST> 9.705719e+01
<MIXTURE> 2 5.000000e-01
<MEAN> 6
 2.333934e+01 -2.065974e+02 -2.746812e+02 -3.844799e+01 -5.712717e+02 -2.124377e+04
<VARIANCE> 6
 3.317895e+03 1.067063e+06 1.886243e+06 3.745439e+04 8.160040e+06 1.128438e+10
<GCONST> 9.705719e+01
<TRANSP> 3
 0.000000e+00 1.000000e+00 0.000000e+00
 0.000000e+00 9.999641e-01 3.593184e-05
 0.000000e+00 0.000000e+00 0.000000e+00
<ENDHMM>
