~o
<STREAMINFO> 1 6
<VECSIZE> 6<NULLD><USER><DIAGC>
~h "SegundoPRIMARIA"
<BEGINHMM>
<NUMSTATES> 4
<STATE> 2
<NUMMIXES> 7
<MIXTURE> 1 1.900943e-01
<MEAN> 6
 8.738351e+01 4.330238e+01 6.766814e+01 -3.502595e+00 -2.149217e+01 -1.349361e+02
<VARIANCE> 6
 2.345831e+02 3.319077e+06 2.035633e+06 2.936389e+02 3.773297e+04 4.838864e+07
<GCONST> 7.994200e+01
<MIXTURE> 2 7.321586e-02
<MEAN> 6
 1.358240e+01 -2.357636e+02 -5.482542e+01 -8.986630e+01 3.877947e+02 3.232252e+03
<VARIANCE> 6
 4.570724e+03 1.678036e+07 1.605038e+06 6.361632e+04 3.825426e+06 2.091765e+09
<GCONST> 9.805814e+01
<MIXTURE> 3 1.864981e-01
<MEAN> 6
 -5.039178e+01 2.645440e+01 -1.115702e+02 2.957883e+01 5.191602e+02 -4.142478e+02
<VARIANCE> 6
 6.457957e+02 4.394219e+05 9.998912e+05 1.917260e+04 3.109850e+05 8.381928e+07
<GCONST> 8.505927e+01
<MIXTURE> 4 1.689142e-01
<MEAN> 6
 7.520718e+01 2.038139e+02 1.175175e+02 -2.761225e-01 -1.175749e+01 -9.598910e+01
<VARIANCE> 6
 9.425406e+01 3.921129e+05 3.391522e+05 2.936389e+02 3.773297e+04 4.838864e+07
<GCONST> 7.510218e+01
<MIXTURE> 5 1.098170e-01
<MEAN> 6
 5.840071e+01 4.920830e+01 8.411705e+01 3.202982e+01 -5.011854e+02 -8.460713e+02
<VARIANCE> 6
 1.026359e+03 3.977317e+05 1.267553e+06 4.423718e+04 4.194539e+05 1.282765e+08
<GCONST> 8.722089e+01
<MIXTURE> 6 1.765824e-01
<MEAN> 6
 7.052120e+01 -9.048524e+01 -3.591958e+02 1.320487e-01 -8.351080e+00 -9.250961e+01
<VARIANCE> 6
 7.475001e+01 8.568788e+04 2.118209e+05 2.936389e+02 3.773297e+04 4.838864e+07
<GCONST> 7.287879e+01
<MIXTURE> 7 9.431589e-02
<MEAN> 6
 5.565017e+01 -1.346907e+02 -7.533871e+01 -3.645993e+01 -6.658994e+02 -6.253064e+01
<VARIANCE> 6
 1.315927e+03 5.047060e+05 8.878519e+05 5.299183e+04 7.764341e+05 2.281859e+08
<GCONST> 8.872388e+01
<STATE> 3
<NUMMIXES> 7
<MIXTURE> 1 9.731235e-03
<MEAN> 6
 5.253590e+01 2.808898e+02 1.329874e+02 4.696909e+01 -1.580850e+03 5.636208e+03
<VARIANCE> 6
 7.477338e+03 2.330032e+06 1.220349e+06 6.026239e+05 3.233524e+08 4.934772e+11
<GCONST> 1.084510e+02
<MIXTURE> 2 1.502567e-01
<MEAN> 6
 -1.463877e+01 1.590776e+02 6.740894e+01 1.165697e+02 4.187628e+02 -1.430741e+03
<VARIANCE> 6
 1.186181e+03 2.007948e+05 7.326841e+04 2.673311e+04 2.795924e+05 5.572347e+07
<GCONST> 8.208834e+01
<MIXTURE> 3 1.295673e-01
<MEAN> 6
 6.423327e+01 -9.016513e+01 1.628504e+02 -1.747331e+01 -6.253708e+02 2.506227e+02
<VARIANCE> 6
 2.237706e+03 5.451655e+05 5.539359e+05 5.181334e+04 1.220086e+06 4.714152e+08
<GCONST> 9.001521e+01
<MIXTURE> 4 1.820704e-01
<MEAN> 6
 9.704453e+01 -9.920669e+01 -2.827209e+01 -4.972775e+00 -2.735384e+01 -2.301441e+02
<VARIANCE> 6
 2.030686e+02 4.995126e+05 1.990957e+05 2.936389e+02 3.773297e+04 4.838864e+07
<GCONST> 7.557915e+01
<MIXTURE> 5 1.454032e-01
<MEAN> 6
 3.546402e+00 -1.104971e+01 1.255414e+01 -1.224892e+02 5.860801e+02 3.478331e+03
<VARIANCE> 6
 3.009079e+03 1.532654e+05 8.425518e+04 6.372096e+04 2.899161e+06 1.195621e+09
<GCONST> 8.916232e+01
<MIXTURE> 6 2.187677e-01
<MEAN> 6
 7.645939e+01 1.710704e+01 3.353624e+01 -8.724064e-01 -6.347725e+02 -9.685431e+02
<VARIANCE> 6
 5.185499e+02 1.337684e+05 7.938844e+04 3.346918e+04 2.858486e+05 7.659846e+07
<GCONST> 8.149995e+01
<MIXTURE> 7 1.633963e-01
<MEAN> 6
 -4.031782e+01 -1.959862e+01 -3.028339e+01 2.849607e+01 5.661514e+02 -7.761391e+02
<VARIANCE> 6
 5.741503e+02 1.569736e+05 1.132522e+05 1.807297e+04 2.520553e+05 6.950088e+07
<GCONST> 8.127779e+01
<TRANSP> 4
 0.000000e+00 1.000000e+00 0.000000e+00 0.000000e+00
 0.000000e+00 9.999003e-01 9.966723e-05 0.000000e+00
 0.000000e+00 0.000000e+00 9.999409e-01 5.908299e-05
 0.000000e+00 0.000000e+00 0.000000e+00 0.000000e+00
<ENDHMM>
~h "SegundoESO"
<BEGINHMM>
<NUMSTATES> 4
<STATE> 2
<NUMMIXES> 7
<MIXTURE> 1 1.334723e-01
<MEAN> 6
 8.385559e+01 -9.580280e+02 5.957061e+02 -3.002168e+00 -2.284955e+01 -1.800421e+02
<VARIANCE> 6
 2.006228e+02 1.935057e+07 1.909776e+07 2.936389e+02 3.773297e+04 4.838864e+07
<GCONST> 8.378742e+01
<MIXTURE> 2 1.167412e-01
<MEAN> 6
 2.658080e+01 1.649780e+01 -1.717458e+02 -3.291160e+01 -1.074705e+02 8.850486e+02
<VARIANCE> 6
 2.714428e+03 1.954772e+07 5.847286e+06 3.724571e+04 1.050024e+06 2.522013e+08
<GCONST> 9.503882e+01
<MIXTURE> 3 2.329953e-01
<MEAN> 6
 7.153977e+01 1.770827e+02 -2.714358e+02 -3.609537e-01 -1.307965e+01 -1.130872e+02
<VARIANCE> 6
 5.393349e+01 2.774605e+05 2.178105e+06 2.936389e+02 3.773297e+04 4.838864e+07
<GCONST> 7.605783e+01
<MIXTURE> 4 1.274826e-01
<MEAN> 6
 -4.352127e+01 3.918960e+02 6.234365e+01 1.628368e+01 4.268489e+02 -2.531715e+02
<VARIANCE> 6
 3.553331e+02 1.766002e+06 3.598324e+06 1.271143e+04 1.846517e+05 4.838864e+07
<GCONST> 8.565179e+01
<MIXTURE> 5 1.365326e-01
<MEAN> 6
 6.586366e+01 2.129053e+02 -7.074178e+01 1.522370e-02 -4.144248e+00 -1.083135e+02
<VARIANCE> 6
 5.056612e+01 5.110945e+05 8.761811e+04 2.936389e+02 3.773297e+04 4.838864e+07
<GCONST> 7.339101e+01
<MIXTURE> 6 1.344151e-01
<MEAN> 6
 4.791935e+01 2.801312e+02 -6.654656e+02 1.354305e+01 -2.832180e+02 -2.666950e+02
<VARIANCE> 6
 1.052002e+03 1.985290e+06 4.219698e+06 2.805472e+04 1.298370e+05 4.838864e+07
<GCONST> 8.745299e+01
<MIXTURE> 7 1.179624e-01
<MEAN> 6
 6.098641e+01 1.514413e+02 -3.487828e+02 1.320838e-01 -2.456290e+00 -9.883786e+01
<VARIANCE> 6
 3.535307e+01 1.817205e+06 2.159050e+05 2.936389e+02 3.773297e+04 4.838864e+07
<GCONST> 7.520347e+01
<STATE> 3
<NUMMIXES> 7
<MIXTURE> 1 1.760184e-01
<MEAN> 6
 8.011897e+01 -2.017940e+02 3.873226e+01 -4.196574e+00 -3.410027e+01 2.717614e-03
<VARIANCE> 6
 1.454598e+02 1.104759e+06 6.722671e+05 2.936389e+02 3.773297e+04 4.838864e+07
<GCONST> 7.725613e+01
<MIXTURE> 2 1.173791e-01
<MEAN> 6
 1.473082e+01 1.668151e+01 4.486113e+01 -1.117399e+02 1.134692e+01 4.246041e+03
<VARIANCE> 6
 3.027848e+03 1.759093e+06 1.089846e+06 3.685979e+04 1.833142e+06 5.742633e+08
<GCONST> 9.242975e+01
<MIXTURE> 3 1.702364e-01
<MEAN> 6
 -4.045108e+01 1.360090e+02 6.961523e+01 2.740806e+01 7.595743e+02 -1.353109e+03
<VARIANCE> 6
 3.266088e+02 3.949794e+05 2.202723e+05 2.042248e+04 2.945914e+05 1.029479e+08
<GCONST> 8.297270e+01
<MIXTURE> 4 1.049365e-01
<MEAN> 6
 6.592979e+01 2.010986e+00 1.016578e+02 2.169380e+01 -5.296226e+02 -6.619232e+01
<VARIANCE> 6
 2.715601e+02 3.931868e+05 1.725968e+05 1.691822e+04 1.419965e+05 4.838864e+07
<GCONST> 8.086668e+01
<MIXTURE> 5 1.616859e-01
<MEAN> 6
 3.065561e+01 6.850917e+01 1.473452e+02 4.449331e+01 -2.039594e+02 -7.169051e+02
<VARIANCE> 6
 5.116496e+02 1.252813e+06 4.495633e+05 3.777777e+04 7.493950e+04 4.838864e+07
<GCONST> 8.378053e+01
<MIXTURE> 6 1.648700e-01
<MEAN> 6
 -2.147090e+01 -3.745213e+01 -9.051067e+00 2.137104e+01 2.416603e+02 -5.121879e+02
<VARIANCE> 6
 6.032901e+02 2.241891e+05 2.067668e+05 2.228745e+04 9.411141e+04 4.838864e+07
<GCONST> 8.114804e+01
<MIXTURE> 7 1.037504e-01
<MEAN> 6
 6.468159e+01 -1.628418e+02 3.326997e+01 -3.117669e+01 -7.183789e+02 -4.133226e+02
<VARIANCE> 6
 3.010156e+02 6.307884e+05 1.153707e+05 2.186368e+04 2.067619e+05 7.163534e+07
<GCONST> 8.206406e+01
<TRANSP> 4
 0.000000e+00 1.000000e+00 0.000000e+00 0.000000e+00
 0.000000e+00 9.998792e-01 1.207001e-04 0.000000e+00
 0.000000e+00 0.000000e+00 9.999464e-01 5.356331e-05
 0.000000e+00 0.000000e+00 0.000000e+00 0.000000e+00
<ENDHMM>
~h "QuintoPRIMARIA"
<BEGINHMM>
<NUMSTATES> 4
<STATE> 2
<NUMMIXES> 7
<MIXTURE> 1 2.154588e-01
<MEAN> 6
 7.380632e+01 -4.035764e+01 1.169890e+01 -3.045511e+00 -2.024710e+01 -1.654300e+02
<VARIANCE> 6
 1.688222e+02 3.948932e+04 1.176004e+05 2.936389e+02 3.773297e+04 4.838864e+07
<GCONST> 7.233036e+01
<MIXTURE> 2 8.788738e-02
<MEAN> 6
 1.350600e+01 -5.935308e+01 -3.705621e+01 -6.878670e+01 1.066438e+02 3.334269e+03
<VARIANCE> 6
 2.888987e+03 6.806782e+05 7.822289e+05 5.312330e+04 2.353690e+06 8.490045e+08
<GCONST> 9.210811e+01
<MIXTURE> 3 1.238991e-01
<MEAN> 6
 -3.314799e+01 6.239963e+00 8.751363e+01 4.048969e+01 6.989315e+02 -1.295943e+03
<VARIANCE> 6
 5.352021e+02 8.847287e+04 1.285509e+05 3.062632e+04 3.230120e+05 8.769030e+07
<GCONST> 8.176881e+01
<MIXTURE> 4 1.619306e-01
<MEAN> 6
 5.175420e+01 2.893561e+01 5.976471e-01 4.312869e+01 -3.295523e+02 -7.439595e+02
<VARIANCE> 6
 7.570480e+02 1.443660e+05 6.352749e+04 2.855263e+04 1.358366e+05 4.838864e+07
<GCONST> 8.036951e+01
<MIXTURE> 5 1.380917e-01
<MEAN> 6
 7.468738e+01 -7.721642e+01 -1.249302e+02 -2.545289e+00 -2.020502e+01 -6.429094e+01
<VARIANCE> 6
 9.674536e+01 3.915516e+05 1.508390e+05 2.936389e+02 3.773297e+04 4.838864e+07
<GCONST> 7.431660e+01
<MIXTURE> 6 1.449777e-01
<MEAN> 6
 5.453011e+01 4.097223e+01 -6.600102e+01 -4.336152e+01 -6.731719e+02 4.212846e+02
<VARIANCE> 6
 9.946327e+02 7.364984e+04 1.204159e+05 3.760796e+04 4.844954e+05 1.827006e+08
<GCONST> 8.348462e+01
<MIXTURE> 7 1.269105e-01
<MEAN> 6
 -4.334502e+01 -3.759959e+01 -2.517401e+01 8.677865e+00 4.782357e+02 -2.650294e+02
<VARIANCE> 6
 4.117003e+02 7.824986e+04 8.092463e+04 1.346666e+04 1.857306e+05 5.665972e+07
<GCONST> 7.910909e+01
<STATE> 3
<NUMMIXES> 7
<MIXTURE> 1 1.010919e-01
<MEAN> 6
 8.407614e+01 3.313890e+02 -8.639744e+01 -3.524941e+00 -1.432700e+01 -1.483583e+02
<VARIANCE> 6
 3.026203e+02 8.002198e+06 1.062135e+06 2.936389e+02 3.773297e+04 4.838864e+07
<GCONST> 8.042617e+01
<MIXTURE> 2 1.710824e-02
<MEAN> 6
 3.423190e+00 -6.716125e+01 7.437062e+01 -8.492617e+00 -3.197293e+02 2.061905e+03
<VARIANCE> 6
 1.128174e+04 3.374222e+06 4.440962e+05 1.694083e+06 9.242432e+08 1.357652e+12
<GCONST> 1.113176e+02
<MIXTURE> 3 2.259942e-01
<MEAN> 6
 -4.955973e+01 -1.818808e+02 7.556088e+01 5.415260e+01 5.361718e+02 -7.932274e+02
<VARIANCE> 6
 5.822299e+02 9.123023e+05 1.129682e+06 1.931288e+04 2.542318e+05 6.207946e+07
<GCONST> 8.531375e+01
<MIXTURE> 4 1.524113e-01
<MEAN> 6
 1.335629e+01 -6.428716e+01 -4.321091e+02 -8.301944e+01 1.211931e+02 2.406413e+03
<VARIANCE> 6
 4.081283e+03 1.730984e+06 6.264532e+06 5.172326e+04 2.715125e+06 1.232715e+09
<GCONST> 9.595654e+01
<MIXTURE> 5 1.403090e-01
<MEAN> 6
 6.064591e+01 7.934525e+01 2.489051e+02 2.463993e+01 -4.210509e+02 1.177740e+02
<VARIANCE> 6
 8.118708e+02 1.030820e+06 9.373282e+05 2.838507e+04 2.300782e+05 7.690213e+07
<GCONST> 8.608109e+01
<MIXTURE> 6 2.223394e-01
<MEAN> 6
 8.041380e+01 3.405592e+02 2.568685e+02 -2.213167e+00 -1.342672e+01 -1.468556e+02
<VARIANCE> 6
 2.498456e+02 4.003409e+05 3.788189e+06 2.936389e+02 3.773297e+04 4.838864e+07
<GCONST> 7.851099e+01
<MIXTURE> 7 1.400579e-01
<MEAN> 6
 4.877914e+01 -3.524387e+02 -1.062893e+02 -8.429419e+00 -4.891562e+02 -1.285538e+03
<VARIANCE> 6
 1.053588e+03 7.171469e+05 9.010097e+05 4.584981e+04 2.962586e+05 9.342062e+07
<GCONST> 8.686626e+01
<TRANSP> 4
 0.000000e+00 1.000000e+00 0.000000e+00 0.000000e+00
 0.000000e+00 9.999294e-01 7.060789e-05 0.000000e+00
 0.000000e+00 0.000000e+00 9.999257e-01 7.424029e-05
 0.000000e+00 0.000000e+00 0.000000e+00 0.000000e+00
<ENDHMM>
