~o
<STREAMINFO> 1 6
<VECSIZE> 6<NULLD><USER><DIAGC>
~h "SegundoPRIMARIA"
<BEGINHMM>
<NUMSTATES> 3
<STATE> 2
<NUMMIXES> 9
<MIXTURE> 1 4.069214e-03
<MEAN> 6
 1.402318e+01 -3.071472e+02 8.675518e+00 2.376092e+01 -6.069067e+02 3.336365e+02
<VARIANCE> 6
 8.976243e+03 7.938528e+05 9.949334e+05 1.276294e+06 6.832096e+08 9.873068e+11
<GCONST> 1.095447e+02
<MIXTURE> 2 1.025820e-01
<MEAN> 6
 9.113361e+01 1.620522e+02 9.214563e+01 -3.889520e+00 -2.769961e+01 -1.691146e+02
<VARIANCE> 6
 3.574766e+02 2.150538e+06 3.667910e+05 2.986748e+02 3.908852e+04 4.982587e+07
<GCONST> 7.829710e+01
<MIXTURE> 3 8.184904e-02
<MEAN> 6
 2.458327e+01 -9.380469e+01 -6.448093e+01 -6.812701e+01 1.092507e+02 4.527879e+03
<VARIANCE> 6
 4.677576e+03 6.670422e+06 1.894222e+06 6.252967e+04 3.760343e+06 1.735282e+09
<GCONST> 9.710316e+01
<MIXTURE> 4 1.188774e-01
<MEAN> 6
 -3.280474e+01 7.652532e+01 6.090518e+01 2.105861e+01 8.589260e+02 -5.453240e+02
<VARIANCE> 6
 5.490790e+02 1.799160e+05 9.571313e+04 4.386509e+04 5.203556e+05 1.824359e+08
<GCONST> 8.377792e+01
<MIXTURE> 5 1.670730e-01
<MEAN> 6
 5.320249e+01 8.680152e+00 6.033870e+01 4.594699e+01 -3.661327e+02 -1.038968e+03
<VARIANCE> 6
 1.096182e+03 2.282568e+05 3.857654e+05 4.512422e+04 2.515415e+05 5.387995e+07
<GCONST> 8.418287e+01
<MIXTURE> 6 7.847716e-02
<MEAN> 6
 1.448990e+01 -1.113375e+01 -1.200288e+01 -1.125058e+00 4.272031e+01 7.225306e+01
<VARIANCE> 6
 5.352486e+03 3.381085e+05 2.489103e+06 2.986748e+02 3.908852e+04 4.982587e+07
<GCONST> 8.106812e+01
<MIXTURE> 7 1.490064e-01
<MEAN> 6
 7.290890e+01 -1.618324e+01 2.959704e+01 -3.933293e+01 -8.344045e+02 4.167283e+02
<VARIANCE> 6
 1.079778e+03 1.862777e+05 7.094052e+04 5.080186e+04 9.214011e+05 4.309760e+08
<GCONST> 8.576727e+01
<MIXTURE> 8 1.793637e-01
<MEAN> 6
 8.051614e+01 -4.259076e+01 -9.460095e+01 -1.209604e+00 -2.107612e+01 -1.827810e+02
<VARIANCE> 6
 2.340718e+02 1.567466e+05 1.486820e+05 2.986748e+02 3.908852e+04 4.982587e+07
<GCONST> 7.435183e+01
<MIXTURE> 9 1.168897e-01
<MEAN> 6
 -4.612862e+01 -6.235432e+01 -6.903600e+01 1.806509e+01 6.901836e+02 -1.313668e+03
<VARIANCE> 6
 4.742827e+02 1.795378e+05 1.997562e+05 2.072661e+04 3.366086e+05 1.338565e+08
<GCONST> 8.287019e+01
<TRANSP> 3
 0.000000e+00 1.000000e+00 0.000000e+00
 0.000000e+00 9.999631e-01 3.690844e-05
 0.000000e+00 0.000000e+00 0.000000e+00
<ENDHMM>
~h "SegundoESO"
<BEGINHMM>
<NUMSTATES> 3
<STATE> 2
<NUMMIXES> 9
<MIXTURE> 1 1.147747e-01
<MEAN> 6
 7.681690e+01 2.391692e+01 9.071477e+00 -2.926499e+00 -2.866131e+01 -1.059633e+02
<VARIANCE> 6
 1.318480e+02 2.814970e+05 4.224126e+05 2.986748e+02 3.908852e+04 4.982587e+07
<GCONST> 7.540752e+01
<MIXTURE> 2 1.050679e-01
<MEAN> 6
 2.413159e+01 2.929148e+02 3.521518e+02 -2.642433e+01 -1.891895e+02 1.091807e+03
<VARIANCE> 6
 3.009784e+03 1.178328e+07 5.488592e+06 4.364673e+04 1.130368e+06 3.821735e+08
<GCONST> 9.522058e+01
<MIXTURE> 3 1.076265e-01
<MEAN> 6
 -4.308566e+01 1.095367e+02 4.069429e+01 -1.954325e+01 9.987760e+02 2.553818e+02
<VARIANCE> 6
 3.065831e+02 8.890764e+05 3.800578e+05 2.842747e+04 4.280094e+05 2.258552e+08
<GCONST> 8.575619e+01
<MIXTURE> 4 1.458644e-01
<MEAN> 6
 4.139992e+01 1.369345e+02 1.172263e+02 7.867603e+01 -2.732154e+02 -1.150469e+03
<VARIANCE> 6
 6.642014e+02 7.578337e+05 5.784665e+05 2.648546e+04 8.137902e+04 4.982587e+07
<GCONST> 8.354747e+01
<MIXTURE> 5 1.117489e-01
<MEAN> 6
 7.943665e+01 -5.404683e+02 -6.545201e+02 -2.793198e+00 -2.315025e+01 -3.851542e+01
<VARIANCE> 6
 1.726158e+02 4.046865e+06 9.927463e+06 2.986748e+02 3.908852e+04 4.982587e+07
<GCONST> 8.149959e+01
<MIXTURE> 6 9.300174e-02
<MEAN> 6
 -2.425306e+01 1.139314e+02 1.382970e+02 2.742791e+01 3.209784e+02 -3.791969e+02
<VARIANCE> 6
 6.591829e+02 2.568289e+05 3.658322e+05 2.326439e+04 1.057777e+05 4.982587e+07
<GCONST> 8.213218e+01
<MIXTURE> 7 1.248975e-01
<MEAN> 6
 6.361619e+01 -8.498434e+01 9.808986e+01 -6.361747e+01 -7.270635e+02 1.002276e+03
<VARIANCE> 6
 4.374397e+02 8.176962e+05 1.766275e+05 2.259495e+04 2.172000e+05 9.428214e+07
<GCONST> 8.348010e+01
<MIXTURE> 8 1.032640e-01
<MEAN> 6
 6.765431e+01 1.188458e+00 -6.791373e+01 -9.594464e-01 -2.239740e+01 -8.616353e+01
<VARIANCE> 6
 6.155460e+01 1.134537e+06 9.501779e+04 2.986748e+02 3.908852e+04 4.982587e+07
<GCONST> 7.454773e+01
<MIXTURE> 9 9.168120e-02
<MEAN> 6
 -2.866419e+01 -5.674649e+01 -5.141744e+01 -2.212861e+00 2.381160e+02 -4.311832e+02
<VARIANCE> 6
 6.560770e+02 2.733463e+05 4.523104e+05 1.808763e+04 8.875173e+04 4.982587e+07
<GCONST> 8.197478e+01
<TRANSP> 3
 0.000000e+00 1.000000e+00 0.000000e+00
 0.000000e+00 9.999636e-01 3.639077e-05
 0.000000e+00 0.000000e+00 0.000000e+00
<ENDHMM>
~h "QuintoPRIMARIA"
<BEGINHMM>
<NUMSTATES> 3
<STATE> 2
<NUMMIXES> 9
<MIXTURE> 1 1.537970e-01
<MEAN> 6
 8.193263e+01 3.415154e+02 2.212533e+02 -2.220323e+00 -1.551339e+01 -3.671669e+01
<VARIANCE> 6
 2.246488e+02 1.521851e+06 2.573742e+06 2.986748e+02 3.908852e+04 4.982587e+07
<GCONST> 7.943510e+01
<MIXTURE> 2 7.679203e-03
<MEAN> 6
 -4.118071e+00 1.452726e+02 1.078998e+02 -2.331317e+01 -6.159765e+00 3.572583e+03
<VARIANCE> 6
 1.135786e+04 2.248801e+05 4.173484e+05 1.755841e+06 9.572947e+08 1.407540e+12
<GCONST> 1.086609e+02
<MIXTURE> 3 1.382162e-01
<MEAN> 6
 -3.075367e+01 -7.168871e+01 5.179745e+01 2.272179e+01 7.405831e+02 -1.135224e+03
<VARIANCE> 6
 5.554642e+02 1.551063e+05 1.598837e+05 4.067755e+04 4.084895e+05 1.480439e+08
<GCONST> 8.362781e+01
<MIXTURE> 4 1.134880e-01
<MEAN> 6
 1.467438e+01 -1.386178e+02 -3.001595e+02 -5.731187e+01 5.021299e+01 2.088133e+03
<VARIANCE> 6
 3.704807e+03 2.209060e+06 4.436596e+06 5.561318e+04 2.520630e+06 1.013472e+09
<GCONST> 9.556097e+01
<MIXTURE> 5 1.494367e-01
<MEAN> 6
 5.434988e+01 -8.155478e+01 6.978150e+00 4.372985e+01 -4.155979e+02 -7.277827e+02
<VARIANCE> 6
 7.538383e+02 3.922942e+05 6.006001e+05 3.234666e+04 1.507097e+05 4.982587e+07
<GCONST> 8.386931e+01
<MIXTURE> 6 1.012780e-01
<MEAN> 6
 7.817864e+01 1.777465e+01 4.581995e+00 -3.848196e+00 -1.530124e+01 -2.242761e+02
<VARIANCE> 6
 1.876867e+02 1.436815e+05 1.186594e+05 2.986748e+02 3.908852e+04 4.982587e+07
<GCONST> 7.381839e+01
<MIXTURE> 7 1.285569e-01
<MEAN> 6
 5.736688e+01 2.277650e+01 5.715898e+00 -3.860287e+01 -6.335377e+02 2.541126e+02
<VARIANCE> 6
 1.007581e+03 2.667742e+05 7.446018e+04 3.948318e+04 5.258361e+05 1.938411e+08
<GCONST> 8.449367e+01
<MIXTURE> 8 1.042152e-01
<MEAN> 6
 -5.770956e+01 -6.447626e+01 -2.010549e+01 3.130504e+01 4.012173e+02 1.928734e+02
<VARIANCE> 6
 2.738729e+02 5.065330e+05 8.001688e+05 4.396569e+03 1.585391e+05 4.982587e+07
<GCONST> 8.145423e+01
<MIXTURE> 9 1.013910e-01
<MEAN> 6
 7.379694e+01 -1.348016e+02 -7.826295e+01 -2.615700e+00 -1.770603e+01 -2.130463e+02
<VARIANCE> 6
 1.604556e+02 1.607878e+05 1.098641e+05 2.986748e+02 3.908852e+04 4.982587e+07
<GCONST> 7.369711e+01
<TRANSP> 3
 0.000000e+00 1.000000e+00 0.000000e+00
 0.000000e+00 9.999644e-01 3.566330e-05
 0.000000e+00 0.000000e+00 0.000000e+00
<ENDHMM>
