~o
<STREAMINFO> 1 6
<VECSIZE> 6<NULLD><USER><DIAGC>
~h "SegundoPRIMARIA"
<BEGINHMM>
<NUMSTATES> 3
<STATE> 2
<NUMMIXES> 6
<MIXTURE> 1 1.317460e-02
<MEAN> 6
 4.567589e+01 5.931540e+01 -1.156169e+02 -1.859787e+01 -6.805197e+02 6.585939e+03
<VARIANCE> 6
 6.417967e+03 9.802067e+05 2.814966e+06 2.160262e+05 8.246641e+07 9.829523e+10
<GCONST> 1.042624e+02
<MIXTURE> 2 3.132218e-01
<MEAN> 6
 8.366747e+01 -5.910123e+00 -5.024392e+01 -2.240033e+00 -2.419301e+01 -1.554483e+02
<VARIANCE> 6
 3.000466e+02 6.297424e+05 7.792179e+05 2.897276e+02 3.398000e+04 4.206700e+07
<GCONST> 7.730756e+01
<MIXTURE> 3 1.779383e-01
<MEAN> 6
 1.393088e+01 1.128492e+02 3.490765e+01 8.603811e+01 7.875893e+01 -1.337111e+03
<VARIANCE> 6
 3.169898e+03 2.568904e+05 7.115319e+04 2.633911e+04 4.004871e+05 5.070840e+07
<GCONST> 8.353856e+01
<MIXTURE> 4 1.534801e-01
<MEAN> 6
 3.618364e+01 2.411646e+01 1.831393e+02 -4.800911e+01 -1.298172e+02 2.625379e+03
<VARIANCE> 6
 3.769985e+03 2.944079e+05 6.007616e+05 5.269101e+04 1.809810e+06 5.437693e+08
<GCONST> 9.055573e+01
<MIXTURE> 5 1.865045e-01
<MEAN> 6
 -3.649713e+00 -5.384686e+00 -1.938671e+01 2.960173e+01 2.375853e+02 -6.176332e+02
<VARIANCE> 6
 3.150884e+03 9.695689e+04 2.082125e+05 2.775502e+04 4.523475e+05 4.986777e+07
<GCONST> 8.378930e+01
<MIXTURE> 6 1.547306e-01
<MEAN> 6
 2.789528e+01 -1.406093e+02 -8.726351e+01 -7.890655e+01 -1.424463e+02 -5.766069e+02
<VARIANCE> 6
 3.850362e+03 3.419088e+05 6.784571e+05 4.870761e+04 1.872972e+06 4.766873e+08
<GCONST> 9.067206e+01
<TRANSP> 3
 0.000000e+00 1.000000e+00 0.000000e+00
 0.000000e+00 9.999625e-01 3.751856e-05
 0.000000e+00 0.000000e+00 0.000000e+00
<ENDHMM>
~h "SegundoESO"
<BEGINHMM>
<NUMSTATES> 3
<STATE> 2
<NUMMIXES> 6
<MIXTURE> 1 8.981331e-02
<MEAN> 6
 8.030723e+01 -7.315661e+01 -7.346650e+02 -1.523434e+00 -3.445898e+01 8.232745e+00
<VARIANCE> 6
 1.993385e+02 9.859726e+06 1.306248e+07 2.977383e+02 3.398000e+04 4.206700e+07
<GCONST> 8.249601e+01
<MIXTURE> 2 2.130183e-01
<MEAN> 6
 1.188358e+01 5.440911e+01 2.707982e+02 -2.882462e+01 1.912716e+01 1.001208e+03
<VARIANCE> 6
 3.028668e+03 3.939122e+06 3.242191e+06 3.875203e+04 1.163204e+06 3.174020e+08
<GCONST> 9.332867e+01
<MIXTURE> 3 2.303160e-01
<MEAN> 6
 7.368194e+01 -1.607355e+01 -9.264509e+00 -2.136054e+00 -1.829393e+01 -8.157687e+01
<VARIANCE> 6
 1.364892e+02 5.382068e+05 2.742632e+05 2.897276e+02 3.398000e+04 4.206700e+07
<GCONST> 7.531859e+01
<MIXTURE> 4 1.945314e-01
<MEAN> 6
 -5.875225e-01 1.183046e+02 1.026893e+02 2.670852e+01 1.281659e+02 4.584354e+02
<VARIANCE> 6
 2.032381e+03 2.940906e+05 1.779252e+05 2.742038e+04 4.149407e+05 5.517490e+07
<GCONST> 8.430594e+01
<MIXTURE> 5 7.711637e-02
<MEAN> 6
 7.072128e+01 -1.638905e+02 -1.635454e+01 2.385668e+01 -4.304211e+02 -5.959591e+02
<VARIANCE> 6
 1.966409e+02 5.342216e+05 2.865376e+05 9.401085e+03 7.110988e+04 4.206700e+07
<GCONST> 7.993816e+01
<MIXTURE> 6 1.937288e-01
<MEAN> 6
 7.991607e-01 -6.056908e+01 -4.360254e+01 4.196219e-01 5.856917e+01 -1.231090e+03
<VARIANCE> 6
 2.006058e+03 2.876042e+05 1.697295e+05 2.847237e+04 4.024757e+05 5.795910e+07
<GCONST> 8.427982e+01
<TRANSP> 3
 0.000000e+00 1.000000e+00 0.000000e+00
 0.000000e+00 9.999633e-01 3.668998e-05
 0.000000e+00 0.000000e+00 0.000000e+00
<ENDHMM>
~h "QuintoPRIMARIA"
<BEGINHMM>
<NUMSTATES> 3
<STATE> 2
<NUMMIXES> 6
<MIXTURE> 1 1.702758e-01
<MEAN> 6
 7.891576e+01 2.373744e+02 2.949890e+02 -2.449811e+00 -1.037566e+01 -9.058647e+01
<VARIANCE> 6
 2.215994e+02 7.655113e+05 1.930971e+06 2.897276e+02 3.398000e+04 4.206700e+07
<GCONST> 7.810721e+01
<MIXTURE> 2 1.562818e-02
<MEAN> 6
 1.305374e+01 -6.161001e+02 -5.839866e+02 -5.202503e+01 -1.437447e+02 3.679104e+03
<VARIANCE> 6
 7.797113e+03 1.636692e+07 4.543152e+06 9.000979e+05 4.859231e+08 7.153692e+11
<GCONST> 1.129366e+02
<MIXTURE> 3 2.754346e-01
<MEAN> 6
 -2.495040e+01 -4.466965e+01 5.156891e+01 3.950739e+01 4.045255e+02 -9.192803e+02
<VARIANCE> 6
 1.455739e+03 3.872619e+05 1.720984e+05 2.919988e+04 3.111449e+05 7.606775e+07
<GCONST> 8.431028e+01
<MIXTURE> 4 1.934292e-01
<MEAN> 6
 6.602425e+01 -6.330166e+00 -4.770540e+00 6.109514e-01 -6.613588e+02 -3.863934e+02
<VARIANCE> 6
 4.958362e+02 6.507132e+05 4.265289e+05 2.924352e+04 2.302315e+05 7.386169e+07
<GCONST> 8.433073e+01
<MIXTURE> 5 1.649770e-01
<MEAN> 6
 2.382493e+00 -7.909446e+01 -2.046737e+02 -5.526862e+01 1.490794e+02 1.933746e+03
<VARIANCE> 6
 3.379646e+03 4.187087e+05 3.733454e+06 4.738624e+04 1.775671e+06 6.446890e+08
<GCONST> 9.267062e+01
<MIXTURE> 6 1.786422e-01
<MEAN> 6
 7.399721e+01 -2.345931e+01 -1.153483e+02 -2.289825e+00 -2.032041e+01 -1.693260e+02
<VARIANCE> 6
 2.048649e+02 3.309575e+05 7.865561e+05 2.897276e+02 3.398000e+04 4.206700e+07
<GCONST> 7.629202e+01
<TRANSP> 3
 0.000000e+00 1.000000e+00 0.000000e+00
 0.000000e+00 9.999639e-01 3.610748e-05
 0.000000e+00 0.000000e+00 0.000000e+00
<ENDHMM>
