~o
<STREAMINFO> 1 6
<VECSIZE> 6<NULLD><USER><DIAGC>
~h "SegundoPRIMARIA"
<BEGINHMM>
<NUMSTATES> 4
<STATE> 2
<NUMMIXES> 6
<MIXTURE> 1 1.460110e-01
<MEAN> 6
 8.692949e+01 9.106461e+01 3.325108e+01 -3.236832e+00 -2.923758e+01 -2.153143e+02
<VARIANCE> 6
 3.270486e+02 2.371142e+05 8.280773e+04 2.986731e+02 3.942685e+04 5.040913e+07
<GCONST> 7.453518e+01
<MIXTURE> 2 1.126809e-01
<MEAN> 6
 3.454795e+01 2.540500e+01 7.535326e+01 -7.995772e+01 -4.170171e+01 3.929246e+03
<VARIANCE> 6
 4.100258e+03 4.719612e+05 4.459878e+05 7.067849e+04 4.250260e+06 1.801884e+09
<GCONST> 9.315926e+01
<MIXTURE> 3 1.250641e-01
<MEAN> 6
 1.105745e+01 5.856895e+01 3.720226e+01 1.781364e+02 1.398354e+02 -2.649783e+03
<VARIANCE> 6
 1.415187e+03 1.415978e+05 5.472120e+04 1.931872e+04 1.619957e+05 5.040913e+07
<GCONST> 8.065286e+01
<MIXTURE> 4 2.590051e-01
<MEAN> 6
 6.754598e+01 1.164651e+01 4.189835e+01 -5.000173e+01 -6.716769e+02 5.938230e+01
<VARIANCE> 6
 1.067256e+03 9.042873e+04 9.009043e+04 4.395262e+04 4.957622e+05 1.778094e+08
<GCONST> 8.362194e+01
<MIXTURE> 5 2.102555e-01
<MEAN> 6
 -4.557601e+01 2.888355e+01 -1.750124e+01 2.958281e+00 7.967097e+02 -3.753984e+02
<VARIANCE> 6
 3.352038e+02 9.456077e+04 1.026623e+05 2.215064e+04 4.088095e+05 1.211700e+08
<GCONST> 8.137753e+01
<MIXTURE> 6 1.456708e-01
<MEAN> 6
 7.625592e+01 -1.389121e+02 -2.731551e+02 -1.286748e+00 -1.375427e+01 -1.685235e+02
<VARIANCE> 6
 2.043044e+02 1.430696e+05 1.586465e+05 2.986731e+02 3.942685e+04 5.040913e+07
<GCONST> 7.420963e+01
<STATE> 3
<NUMMIXES> 6
<MIXTURE> 1 2.196392e-02
<MEAN> 6
 1.866138e+01 -1.431942e+02 -1.481921e+02 -4.475597e+01 -5.024610e+01 5.647152e+03
<VARIANCE> 6
 7.251319e+03 6.112886e+06 1.554726e+06 6.998023e+05 3.581603e+08 5.161147e+11
<GCONST> 1.099236e+02
<MIXTURE> 2 1.836129e-01
<MEAN> 6
 8.937276e+01 5.126253e+01 2.162188e+02 -3.368396e+00 -2.910316e+01 -8.879813e+01
<VARIANCE> 6
 3.696277e+02 1.770213e+06 1.196290e+06 2.986731e+02 3.942685e+04 5.040913e+07
<GCONST> 7.933834e+01
<MIXTURE> 3 5.026723e-02
<MEAN> 6
 5.209354e+01 -6.041934e+02 1.872502e+02 1.708763e-01 -1.924745e+02 1.321112e+02
<VARIANCE> 6
 3.206767e+03 2.607944e+07 1.134612e+06 2.290076e+04 3.221370e+05 6.775504e+07
<GCONST> 9.087181e+01
<MIXTURE> 4 1.285166e-01
<MEAN> 6
 -5.890575e+01 5.399144e+01 -1.992846e+02 4.193487e+00 2.592643e+02 3.350642e+02
<VARIANCE> 6
 3.782732e+02 4.029755e+05 8.704564e+05 1.978317e+03 9.711662e+04 5.040913e+07
<GCONST> 8.035564e+01
<MIXTURE> 5 4.225156e-01
<MEAN> 6
 2.114578e+01 -1.676670e+01 -1.061740e+01 3.553507e+00 -2.437031e+01 -2.856571e+02
<VARIANCE> 6
 3.269581e+03 4.546552e+05 1.112554e+06 4.844516e+04 1.205624e+06 2.836584e+08
<GCONST> 9.032312e+01
<MIXTURE> 6 1.926962e-01
<MEAN> 6
 8.062708e+01 1.002251e+01 5.478349e+01 -1.195856e+00 -3.342171e+01 -1.468367e+02
<VARIANCE> 6
 2.460955e+02 5.874539e+05 1.708906e+06 2.986731e+02 3.942685e+04 5.040913e+07
<GCONST> 7.818513e+01
<TRANSP> 4
 0.000000e+00 1.000000e+00 0.000000e+00 0.000000e+00
 0.000000e+00 9.999426e-01 5.740178e-05 0.000000e+00
 0.000000e+00 0.000000e+00 9.998962e-01 1.037747e-04
 0.000000e+00 0.000000e+00 0.000000e+00 0.000000e+00
<ENDHMM>
~h "SegundoESO"
<BEGINHMM>
<NUMSTATES> 4
<STATE> 2
<NUMMIXES> 6
<MIXTURE> 1 1.882470e-01
<MEAN> 6
 7.959005e+01 -9.071175e+02 -7.246807e+02 -1.785883e+00 -2.615554e+01 -4.461559e+01
<VARIANCE> 6
 1.747576e+02 6.476200e+06 2.397398e+07 2.986731e+02 3.942685e+04 5.040913e+07
<GCONST> 8.288402e+01
<MIXTURE> 2 1.984379e-01
<MEAN> 6
 -3.187045e+00 2.964537e+02 1.134069e+03 -6.138140e+00 1.309413e+02 7.625140e+01
<VARIANCE> 6
 2.923674e+03 1.271684e+06 7.193248e+06 3.542989e+04 7.120949e+05 1.145719e+08
<GCONST> 9.136035e+01
<MIXTURE> 3 1.372771e-01
<MEAN> 6
 3.476271e+01 1.075788e+03 -1.103295e+03 1.002564e+01 -1.498035e+02 -8.579109e+01
<VARIANCE> 6
 2.391297e+03 2.655744e+07 3.722590e+06 2.006844e+04 2.263578e+05 5.040913e+07
<GCONST> 9.100406e+01
<MIXTURE> 4 1.306004e-01
<MEAN> 6
 7.187186e+01 2.713962e+02 3.917467e+01 -3.503310e-01 -1.319950e+01 -1.056480e+02
<VARIANCE> 6
 4.477867e+01 1.343578e+05 7.595250e+05 2.986731e+02 3.942685e+04 5.040913e+07
<GCONST> 7.419494e+01
<MIXTURE> 5 2.060555e-01
<MEAN> 6
 6.375116e+01 -1.034059e+01 -1.602072e+02 2.295818e-01 -2.790967e+00 -8.494980e+01
<VARIANCE> 6
 3.895521e+01 1.289304e+06 1.042384e+05 2.986731e+02 3.942685e+04 5.040913e+07
<GCONST> 7.433096e+01
<MIXTURE> 6 1.390449e-01
<MEAN> 6
 6.666420e+01 1.388453e+02 -5.926578e+02 8.484571e-02 -8.824501e+00 -1.102300e+02
<VARIANCE> 6
 6.631557e+01 1.486541e+05 1.243126e+06 2.986731e+02 3.942685e+04 5.040913e+07
<GCONST> 7.518144e+01
<STATE> 3
<NUMMIXES> 6
<MIXTURE> 1 1.904842e-01
<MEAN> 6
 7.902425e+01 -2.425186e+02 -3.576208e+01 -4.618314e+00 -3.959633e+01 -4.581170e+01
<VARIANCE> 6
 1.142934e+02 1.232134e+06 5.941913e+05 2.986731e+02 3.942685e+04 5.040913e+07
<GCONST> 7.710248e+01
<MIXTURE> 2 1.141658e-01
<MEAN> 6
 2.377006e+01 -2.157976e+02 3.207848e+02 -8.340242e+01 -1.173798e+02 3.081095e+03
<VARIANCE> 6
 3.017079e+03 3.201146e+06 1.332822e+06 3.893026e+04 1.775173e+06 5.542916e+08
<GCONST> 9.321327e+01
<MIXTURE> 3 2.160606e-01
<MEAN> 6
 2.800192e+01 1.367921e+02 5.079774e+01 5.860602e+01 -1.430795e+02 -9.814163e+02
<VARIANCE> 6
 7.650466e+02 7.801695e+05 3.135060e+05 3.257031e+04 8.358662e+04 5.040913e+07
<GCONST> 8.335052e+01
<MIXTURE> 4 1.535125e-01
<MEAN> 6
 -3.110601e+01 1.292188e+02 7.152396e+01 -5.483594e+00 6.821064e+02 -7.367020e+02
<VARIANCE> 6
 4.224985e+02 3.652992e+05 1.322876e+05 3.032642e+04 3.424171e+05 1.356080e+08
<GCONST> 8.346349e+01
<MIXTURE> 5 1.791330e-01
<MEAN> 6
 6.375527e+01 -5.296406e+01 6.343951e+01 -2.877188e+01 -6.607766e+02 2.580890e+02
<VARIANCE> 6
 3.290962e+02 5.295009e+05 1.462453e+05 2.266157e+04 1.705789e+05 6.776910e+07
<GCONST> 8.200334e+01
<MIXTURE> 6 1.451435e-01
<MEAN> 6
 -4.319754e+01 -1.890780e+01 1.720000e+01 2.838634e+01 4.600277e+02 -3.087403e+02
<VARIANCE> 6
 3.396841e+02 3.202783e+05 3.986302e+05 9.534818e+03 1.591674e+05 5.040913e+07
<GCONST> 8.130411e+01
<TRANSP> 4
 0.000000e+00 1.000000e+00 0.000000e+00 0.000000e+00
 0.000000e+00 9.998670e-01 1.329800e-04 0.000000e+00
 0.000000e+00 0.000000e+00 9.999495e-01 5.051757e-05
 0.000000e+00 0.000000e+00 0.000000e+00 0.000000e+00
<ENDHMM>
~h "QuintoPRIMARIA"
<BEGINHMM>
<NUMSTATES> 4
<STATE> 2
<NUMMIXES> 6
<MIXTURE> 1 1.445542e-01
<MEAN> 6
 7.552473e+01 -1.359334e+00 -1.659479e+02 -2.984829e+00 -1.843431e+01 -1.076033e+02
<VARIANCE> 6
 1.458878e+02 6.191844e+05 1.730772e+05 2.986731e+02 3.942685e+04 5.040913e+07
<GCONST> 7.542499e+01
<MIXTURE> 2 1.362233e-01
<MEAN> 6
 1.016572e+01 -1.184502e+02 1.110529e+02 -4.745808e+01 1.664597e+02 2.321532e+03
<VARIANCE> 6
 3.098330e+03 1.366114e+06 5.174086e+05 5.316623e+04 2.258532e+06 8.180392e+08
<GCONST> 9.238377e+01
<MIXTURE> 3 2.345672e-01
<MEAN> 6
 -3.646567e+01 -1.864476e+01 5.000869e+01 2.918411e+01 5.694814e+02 -8.423275e+02
<VARIANCE> 6
 5.817526e+02 1.292797e+05 1.287892e+05 2.368802e+04 2.695559e+05 7.458965e+07
<GCONST> 8.163374e+01
<MIXTURE> 4 1.407530e-01
<MEAN> 6
 5.857794e+01 4.859209e+01 1.278437e+01 3.066031e+01 -4.415650e+02 -4.607824e+02
<VARIANCE> 6
 6.517089e+02 1.551396e+05 7.856608e+04 2.962458e+04 1.869980e+05 6.037285e+07
<GCONST> 8.108189e+01
<MIXTURE> 5 2.005329e-01
<MEAN> 6
 7.512235e+01 -5.238155e+01 -1.924123e+01 -3.580039e+00 -1.904169e+01 -1.928235e+02
<VARIANCE> 6
 1.545396e+02 5.922271e+04 1.067339e+05 2.986731e+02 3.942685e+04 5.040913e+07
<GCONST> 7.265210e+01
<MIXTURE> 6 1.424458e-01
<MEAN> 6
 5.432873e+01 -1.880159e+01 -5.771453e+01 -2.655726e+01 -6.144706e+02 -4.163849e+00
<VARIANCE> 6
 8.604073e+02 1.849901e+05 1.620210e+05 3.950415e+04 3.622179e+05 1.154038e+08
<GCONST> 8.385632e+01
<STATE> 3
<NUMMIXES> 6
<MIXTURE> 1 1.988703e-01
<MEAN> 6
 8.964648e+01 3.956745e+02 3.783441e+02 -3.355482e+00 -2.408916e+01 -1.085599e+02
<VARIANCE> 6
 2.021495e+02 2.618838e+06 1.830423e+06 2.986731e+02 3.942685e+04 5.040913e+07
<GCONST> 7.955180e+01
<MIXTURE> 2 1.840007e-02
<MEAN> 6
 -4.683193e+00 1.390639e+02 9.932858e+01 -1.846404e+01 7.765585e+00 2.729583e+03
<VARIANCE> 6
 1.141217e+04 2.449672e+05 4.267689e+05 1.767591e+06 9.629334e+08 1.416316e+12
<GCONST> 1.087923e+02
<MIXTURE> 3 2.056089e-01
<MEAN> 6
 -2.123563e+01 3.832649e+01 2.318787e+02 7.258540e+01 2.881829e+02 -7.331311e+02
<VARIANCE> 6
 2.781027e+03 9.763119e+05 1.738002e+06 2.296707e+04 3.733432e+05 5.040913e+07
<GCONST> 8.772537e+01
<MIXTURE> 4 1.779717e-01
<MEAN> 6
 2.103703e+01 4.263574e+01 -3.628044e+02 -8.279953e+01 -6.267174e+01 1.854369e+03
<VARIANCE> 6
 4.163690e+03 2.508326e+06 6.412544e+06 5.048511e+04 2.448584e+06 9.601778e+08
<GCONST> 9.599339e+01
<MIXTURE> 5 1.832138e-01
<MEAN> 6
 7.749181e+01 -7.565973e+01 -1.380955e+02 -2.367567e-01 -1.833552e+01 -6.744785e+01
<VARIANCE> 6
 1.994784e+02 7.496680e+05 7.556252e+06 2.986731e+02 3.942685e+04 5.040913e+07
<GCONST> 7.970547e+01
<MIXTURE> 6 2.151446e-01
<MEAN> 6
 2.238616e+01 -2.073882e+02 -1.136371e+02 9.205484e+00 -1.829398e+02 -8.717962e+02
<VARIANCE> 6
 3.434690e+03 5.111943e+05 1.218943e+06 3.559702e+04 4.466910e+05 6.912248e+07
<GCONST> 8.786797e+01
<TRANSP> 4
 0.000000e+00 1.000000e+00 0.000000e+00 0.000000e+00
 0.000000e+00 9.999390e-01 6.095731e-05 0.000000e+00
 0.000000e+00 0.000000e+00 9.999140e-01 8.598944e-05
 0.000000e+00 0.000000e+00 0.000000e+00 0.000000e+00
<ENDHMM>
