~o
<STREAMINFO> 1 6
<VECSIZE> 6<NULLD><USER><DIAGC>
~h "SegundoPRIMARIA"
<BEGINHMM>
<NUMSTATES> 5
<STATE> 2
<NUMMIXES> 2
<MIXTURE> 1 5.004035e-01
<MEAN> 6
 3.580293e+01 1.247933e+02 1.189326e+02 2.113027e+01 7.174300e+01 1.506659e+03
<VARIANCE> 6
 3.346648e+03 1.205241e+06 7.098244e+05 2.536217e+04 6.160491e+05 1.740252e+08
<GCONST> 8.906475e+01
<MIXTURE> 2 4.996057e-01
<MEAN> 6
 2.726802e+01 -1.182247e+02 -9.656002e+01 -1.988486e+01 -7.078162e+01 -1.514097e+03
<VARIANCE> 6
 3.611537e+03 1.346875e+06 6.612804e+05 2.689836e+04 7.257908e+05 1.711953e+08
<GCONST> 8.938754e+01
<STATE> 3
<NUMMIXES> 2
<MIXTURE> 1 5.326583e-01
<MEAN> 6
 8.967456e+01 1.369655e+02 7.955349e+01 -1.423956e+00 8.353789e+00 1.474237e+02
<VARIANCE> 6
 2.388780e+02 5.006244e+05 5.308805e+05 2.552438e+02 1.535166e+04 1.480595e+07
<GCONST> 7.450085e+01
<MIXTURE> 2 4.673435e-01
<MEAN> 6
 8.362870e+01 -7.206625e+01 -2.322076e+02 -1.438205e+00 -1.436589e+01 -1.777736e+02
<VARIANCE> 6
 2.124606e+02 4.457934e+05 5.816741e+05 2.552438e+02 1.535166e+04 1.480595e+07
<GCONST> 7.435904e+01
<STATE> 4
<NUMMIXES> 2
<MIXTURE> 1 4.992785e-01
<MEAN> 6
 4.748959e+01 9.334166e+01 8.301130e+01 3.396923e+01 1.514918e+02 5.876275e+03
<VARIANCE> 6
 4.426923e+03 4.903668e+05 2.075086e+05 6.510114e+04 1.516874e+07 2.068542e+10
<GCONST> 9.613969e+01
<MIXTURE> 2 5.007174e-01
<MEAN> 6
 2.502968e+01 -1.477025e+02 -8.839263e+01 -3.330024e+01 -1.519914e+02 -5.844180e+03
<VARIANCE> 6
 4.659358e+03 3.654462e+05 2.224400e+05 7.631812e+04 1.329027e+07 1.653926e+10
<GCONST> 9.576939e+01
<TRANSP> 5
 0.000000e+00 1.000000e+00 0.000000e+00 0.000000e+00 0.000000e+00
 0.000000e+00 9.999443e-01 5.574034e-05 0.000000e+00 0.000000e+00
 0.000000e+00 0.000000e+00 9.996420e-01 3.580404e-04 0.000000e+00
 0.000000e+00 0.000000e+00 0.000000e+00 9.998394e-01 1.606598e-04
 0.000000e+00 0.000000e+00 0.000000e+00 0.000000e+00 0.000000e+00
<ENDHMM>
~h "SegundoESO"
<BEGINHMM>
<NUMSTATES> 5
<STATE> 2
<NUMMIXES> 2
<MIXTURE> 1 4.986663e-01
<MEAN> 6
 7.155877e+01 9.753447e+02 -9.082956e+02 -4.824424e-02 3.286173e+00 1.119672e+01
<VARIANCE> 6
 8.340016e+01 9.718796e+06 5.045088e+06 2.552438e+02 1.535166e+04 1.480595e+07
<GCONST> 7.866615e+01
<MIXTURE> 2 5.013283e-01
<MEAN> 6
 6.860384e+01 3.564763e+02 -1.890572e+03 -4.948523e-01 -6.883310e+00 -1.221646e+02
<VARIANCE> 6
 8.335716e+01 3.418526e+06 7.198734e+06 2.552438e+02 1.535166e+04 1.480595e+07
<GCONST> 7.797627e+01
<STATE> 3
<NUMMIXES> 2
<MIXTURE> 1 4.975410e-01
<MEAN> 6
 6.962907e+01 1.595126e+01 3.447592e+01 2.901263e-01 4.098875e+00 4.400574e+00
<VARIANCE> 6
 8.411267e+01 2.939319e+05 1.780863e+05 2.552438e+02 1.535166e+04 1.480595e+07
<GCONST> 7.183228e+01
<MIXTURE> 2 5.024562e-01
<MEAN> 6
 6.656149e+01 -1.327860e+02 -1.371139e+02 -2.393286e-01 -8.220772e+00 -1.466428e+02
<VARIANCE> 6
 8.508057e+01 2.860401e+05 1.582770e+05 2.552438e+02 1.535166e+04 1.480595e+07
<GCONST> 7.169859e+01
<STATE> 4
<NUMMIXES> 2
<MIXTURE> 1 5.004455e-01
<MEAN> 6
 2.639378e+01 1.514931e+02 2.928901e+02 2.055020e+01 4.995327e+01 1.187428e+03
<VARIANCE> 6
 2.848682e+03 1.958710e+06 1.450424e+06 2.318284e+04 4.946976e+05 1.028513e+08
<GCONST> 8.926871e+01
<MIXTURE> 2 4.995761e-01
<MEAN> 6
 2.157739e+01 -2.465068e+02 -5.288137e+01 -1.979871e+01 -4.936880e+01 -1.164912e+03
<VARIANCE> 6
 2.832490e+03 1.780722e+06 1.494757e+06 2.371265e+04 5.151623e+05 1.042343e+08
<GCONST> 8.927433e+01
<TRANSP> 5
 0.000000e+00 1.000000e+00 0.000000e+00 0.000000e+00 0.000000e+00
 0.000000e+00 9.994646e-01 5.353211e-04 0.000000e+00 0.000000e+00
 0.000000e+00 0.000000e+00 9.996241e-01 3.759201e-04 0.000000e+00
 0.000000e+00 0.000000e+00 0.000000e+00 9.999564e-01 4.361433e-05
 0.000000e+00 0.000000e+00 0.000000e+00 0.000000e+00 0.000000e+00
<ENDHMM>
~h "QuintoPRIMARIA"
<BEGINHMM>
<NUMSTATES> 5
<STATE> 2
<NUMMIXES> 2
<MIXTURE> 1 4.933078e-01
<MEAN> 6
 6.013822e+01 -1.768263e+03 -3.675251e+03 8.880156e+00 3.697850e+01 4.654518e+02
<VARIANCE> 6
 6.226450e+02 7.792273e+06 8.970686e+06 5.800787e+03 2.637858e+05 5.305871e+07
<GCONST> 8.827490e+01
<MIXTURE> 2 5.066933e-01
<MEAN> 6
 5.526003e+01 -2.796593e+03 -4.490415e+03 -7.088802e+00 -6.151556e+01 -5.551075e+02
<VARIANCE> 6
 8.355382e+02 1.674748e+07 8.921477e+06 6.086067e+03 2.321928e+05 3.594102e+07
<GCONST> 8.885954e+01
<STATE> 3
<NUMMIXES> 2
<MIXTURE> 1 4.953234e-01
<MEAN> 6
 7.175883e+01 1.320123e+02 3.084074e+02 1.270905e-01 4.360760e+00 1.859424e+01
<VARIANCE> 6
 1.525975e+02 4.855219e+05 1.899225e+06 2.552438e+02 1.535166e+04 1.480595e+07
<GCONST> 7.529674e+01
<MIXTURE> 2 5.046815e-01
<MEAN> 6
 6.681862e+01 -1.302576e+02 -2.443000e+02 -2.256708e-01 -8.462685e+00 -1.512086e+02
<VARIANCE> 6
 1.228308e+02 4.018347e+05 1.283380e+06 2.552438e+02 1.535166e+04 1.480595e+07
<GCONST> 7.449861e+01
<STATE> 4
<NUMMIXES> 2
<MIXTURE> 1 5.013822e-01
<MEAN> 6
 3.179302e+01 1.687417e+02 2.685098e+02 2.272083e+01 5.377864e+01 1.353581e+03
<VARIANCE> 6
 3.176909e+03 7.667091e+05 1.360024e+06 2.590270e+04 7.518211e+05 2.554110e+08
<GCONST> 8.981454e+01
<MIXTURE> 2 4.986940e-01
<MEAN> 6
 2.084767e+01 -9.671564e+01 -1.503989e+02 -2.210075e+01 -5.288640e+01 -1.329978e+03
<VARIANCE> 6
 3.278964e+03 5.863607e+05 1.459031e+06 2.911513e+04 8.507292e+05 2.567313e+08
<GCONST> 8.989392e+01
<TRANSP> 5
 0.000000e+00 1.000000e+00 0.000000e+00 0.000000e+00 0.000000e+00
 0.000000e+00 9.972550e-01 2.745027e-03 0.000000e+00 0.000000e+00
 0.000000e+00 0.000000e+00 9.997541e-01 2.458530e-04 0.000000e+00
 0.000000e+00 0.000000e+00 0.000000e+00 9.999565e-01 4.351416e-05
 0.000000e+00 0.000000e+00 0.000000e+00 0.000000e+00 0.000000e+00
<ENDHMM>
