~o
<STREAMINFO> 1 6
<VECSIZE> 6<NULLD><USER><DIAGC>
~h "SegundoPRIMARIA"
<BEGINHMM>
<NUMSTATES> 5
<STATE> 2
<NUMMIXES> 4
<MIXTURE> 1 3.396604e-01
<MEAN> 6
 8.037698e+01 3.738248e+01 6.879189e+01 -7.566977e-01 -4.463250e+01 -1.841873e+02
<VARIANCE> 6
 3.434854e+02 4.184673e+05 1.927750e+06 3.016785e+02 3.739780e+04 4.792847e+07
<GCONST> 7.820657e+01
<MIXTURE> 2 2.920282e-01
<MEAN> 6
 2.169726e+01 5.918028e+00 -5.280589e+01 -3.804305e+01 -9.889701e+01 7.187814e+02
<VARIANCE> 6
 3.294534e+03 4.716252e+05 1.627084e+06 5.459539e+04 1.753884e+06 4.805549e+08
<GCONST> 9.176903e+01
<MIXTURE> 3 1.857684e-01
<MEAN> 6
 4.061022e-01 7.047390e+01 1.502632e+02 5.570276e+01 1.423512e+02 1.015960e+02
<VARIANCE> 6
 3.320913e+03 9.040751e+04 5.844540e+05 1.850439e+04 2.890534e+05 4.792847e+07
<GCONST> 8.391113e+01
<MIXTURE> 4 1.822731e-01
<MEAN> 6
 -7.702597e+00 -8.082873e+01 -1.644840e+02 7.560036e+00 9.761588e+01 -9.513406e+02
<VARIANCE> 6
 3.588577e+03 1.013343e+05 6.751845e+05 1.712436e+04 2.827187e+05 4.792847e+07
<GCONST> 8.414738e+01
<STATE> 3
<NUMMIXES> 4
<MIXTURE> 1 3.321871e-01
<MEAN> 6
 7.692332e+01 2.637859e+02 1.301930e+02 -7.779920e-01 -1.670410e+00 -5.640306e+01
<VARIANCE> 6
 1.055485e+02 3.896478e+05 1.711568e+05 2.936239e+02 3.739780e+04 4.792847e+07
<GCONST> 7.450665e+01
<MIXTURE> 2 1.982684e-01
<MEAN> 6
 8.041465e+01 -7.413132e+02 1.825938e+02 -2.195689e+00 -2.911345e+00 -8.265434e+01
<VARIANCE> 6
 2.012688e+02 1.225393e+07 4.909532e+05 2.936239e+02 3.739780e+04 4.792847e+07
<GCONST> 7.965425e+01
<MIXTURE> 3 2.373811e-01
<MEAN> 6
 7.528867e+01 -1.124263e+02 -1.308190e+02 -1.063600e-01 1.393315e+00 -7.517648e+01
<VARIANCE> 6
 1.449708e+02 1.170369e+05 1.144698e+05 2.936239e+02 3.739780e+04 4.792847e+07
<GCONST> 7.321899e+01
<MIXTURE> 4 2.321020e-01
<MEAN> 6
 7.116145e+01 -3.018658e+02 -2.824973e+02 -4.478883e-01 -3.426060e+00 -7.936723e+01
<VARIANCE> 6
 1.476559e+02 1.514685e+05 1.324582e+05 2.936239e+02 3.739780e+04 4.792847e+07
<GCONST> 7.364119e+01
<STATE> 4
<NUMMIXES> 4
<MIXTURE> 1 3.029480e-02
<MEAN> 6
 4.472291e+01 5.711617e+02 -1.612281e+02 -1.870472e+01 -6.052569e+02 2.671815e+03
<VARIANCE> 6
 6.367734e+03 1.898916e+07 1.400695e+06 2.495148e+05 1.124666e+08 1.680174e+11
<GCONST> 1.075109e+02
<MIXTURE> 2 2.869762e-01
<MEAN> 6
 3.047294e+01 1.517389e+02 4.209459e+01 6.532483e+01 8.319246e+01 -8.863168e+01
<VARIANCE> 6
 3.705562e+03 3.408158e+05 8.830198e+04 1.945480e+04 2.818971e+05 4.792847e+07
<GCONST> 8.348284e+01
<MIXTURE> 3 3.855564e-01
<MEAN> 6
 2.776349e+01 -4.949998e+01 1.612176e+01 -6.072308e+01 9.910004e+00 9.165693e+02
<VARIANCE> 6
 3.862989e+03 4.754421e+05 2.060359e+05 5.342215e+04 2.112207e+06 5.899180e+08
<GCONST> 9.023898e+01
<MIXTURE> 4 2.971808e-01
<MEAN> 6
 3.691488e+01 -5.203659e+01 -4.211771e+01 1.938861e+01 -3.093960e+01 -1.319967e+03
<VARIANCE> 6
 3.774919e+03 3.162266e+05 8.537835e+04 1.985390e+04 3.002577e+05 4.792847e+07
<GCONST> 8.347623e+01
<TRANSP> 5
 0.000000e+00 1.000000e+00 0.000000e+00 0.000000e+00 0.000000e+00
 0.000000e+00 9.998642e-01 1.357536e-04 0.000000e+00 0.000000e+00
 0.000000e+00 0.000000e+00 9.997007e-01 2.992449e-04 0.000000e+00
 0.000000e+00 0.000000e+00 0.000000e+00 9.999384e-01 6.163448e-05
 0.000000e+00 0.000000e+00 0.000000e+00 0.000000e+00 0.000000e+00
<ENDHMM>
~h "SegundoESO"
<BEGINHMM>
<NUMSTATES> 5
<STATE> 2
<NUMMIXES> 4
<MIXTURE> 1 3.658289e-01
<MEAN> 6
 7.867878e+01 -4.716710e+02 1.990968e+02 -1.889434e+00 -3.148737e+01 -1.317643e+02
<VARIANCE> 6
 1.437018e+02 9.461566e+06 1.054201e+07 2.936239e+02 3.739780e+04 4.792847e+07
<GCONST> 8.212552e+01
<MIXTURE> 2 1.789807e-01
<MEAN> 6
 2.830067e+01 -4.447058e+01 -7.381920e+01 -4.150021e+01 -1.599956e+02 1.041631e+03
<VARIANCE> 6
 3.091201e+03 1.616432e+07 4.582272e+06 3.757257e+04 1.266943e+06 2.893475e+08
<GCONST> 9.506889e+01
<MIXTURE> 3 2.305308e-01
<MEAN> 6
 -2.661321e+00 5.998513e+02 4.777812e+01 4.765333e+01 1.211620e+02 -1.714877e+02
<VARIANCE> 6
 2.569887e+03 1.943146e+06 2.860142e+06 2.248812e+04 2.937237e+05 4.792847e+07
<GCONST> 8.852143e+01
<MIXTURE> 4 2.242358e-01
<MEAN> 6
 -6.304388e-01 1.522169e+02 -3.098440e+02 -9.270101e+00 5.264048e+01 -4.849768e+02
<VARIANCE> 6
 2.586049e+03 1.811853e+06 2.799273e+06 2.349064e+04 2.471793e+05 4.792847e+07
<GCONST> 8.830733e+01
<STATE> 3
<NUMMIXES> 4
<MIXTURE> 1 2.180251e-01
<MEAN> 6
 6.977690e+01 2.811140e+02 -1.215918e+02 -3.576457e-01 -4.074941e+00 -9.665298e+01
<VARIANCE> 6
 4.789194e+01 1.468280e+05 4.390057e+05 2.936239e+02 3.739780e+04 4.792847e+07
<GCONST> 7.368238e+01
<MIXTURE> 2 3.352636e-01
<MEAN> 6
 7.327666e+01 -2.230759e+02 1.622267e+02 -5.584523e-01 -4.055740e+00 -9.571969e+01
<VARIANCE> 6
 1.030725e+02 5.594936e+05 4.864670e+04 2.936239e+02 3.739780e+04 4.792847e+07
<GCONST> 7.358671e+01
<MIXTURE> 3 2.347748e-01
<MEAN> 6
 6.197710e+01 -1.989410e+02 -2.332614e+02 2.006757e-02 -1.855626e+00 -1.100919e+02
<VARIANCE> 6
 3.895632e+01 1.704371e+06 9.408384e+04 2.936239e+02 3.739780e+04 4.792847e+07
<GCONST> 7.438724e+01
<MIXTURE> 4 2.118730e-01
<MEAN> 6
 6.633638e+01 1.438057e+02 -4.080565e+02 -5.124573e-01 -4.165185e+00 -1.160464e+02
<VARIANCE> 6
 5.669849e+01 1.685203e+05 5.086546e+05 2.936239e+02 3.739780e+04 4.792847e+07
<GCONST> 7.413623e+01
<STATE> 4
<NUMMIXES> 4
<MIXTURE> 1 3.446158e-01
<MEAN> 6
 -1.830556e+01 7.264090e+01 3.821444e+01 4.843846e+01 3.768330e+02 -1.174210e+03
<VARIANCE> 6
 1.554191e+03 3.041428e+05 1.859682e+05 1.915211e+04 2.462689e+05 4.836904e+07
<GCONST> 8.310327e+01
<MIXTURE> 2 2.255036e-01
<MEAN> 6
 2.023124e+01 3.407209e+01 2.554247e+01 -6.300512e+01 8.477119e+00 1.932100e+03
<VARIANCE> 6
 3.028496e+03 1.897586e+06 7.951215e+05 3.439292e+04 1.322566e+06 3.551381e+08
<GCONST> 9.131413e+01
<MIXTURE> 3 2.276105e-01
<MEAN> 6
 5.889305e+01 6.493276e+01 5.694130e+01 1.469748e+01 -2.568816e+02 3.311399e+02
<VARIANCE> 6
 7.628318e+02 5.596178e+05 1.406985e+05 1.640631e+04 1.141125e+05 4.792847e+07
<GCONST> 8.178927e+01
<MIXTURE> 4 2.013240e-01
<MEAN> 6
 5.287687e+01 -1.885550e+02 -3.991191e+01 -2.821610e+01 -3.602986e+02 -4.020672e+02
<VARIANCE> 6
 9.723593e+02 5.118640e+05 1.312842e+05 2.255468e+04 1.757650e+05 4.792847e+07
<GCONST> 8.262374e+01
<TRANSP> 5
 0.000000e+00 1.000000e+00 0.000000e+00 0.000000e+00 0.000000e+00
 0.000000e+00 9.998518e-01 1.482055e-04 0.000000e+00 0.000000e+00
 0.000000e+00 0.000000e+00 9.997248e-01 2.751685e-04 0.000000e+00
 0.000000e+00 0.000000e+00 0.000000e+00 9.999410e-01 5.901784e-05
 0.000000e+00 0.000000e+00 0.000000e+00 0.000000e+00 0.000000e+00
<ENDHMM>
~h "QuintoPRIMARIA"
<BEGINHMM>
<NUMSTATES> 5
<STATE> 2
<NUMMIXES> 4
<MIXTURE> 1 3.556078e-01
<MEAN> 6
 5.853718e+00 -3.500555e+01 3.299307e+01 3.867632e+01 2.099274e+02 -6.566147e+02
<VARIANCE> 6
 3.206401e+03 7.555636e+04 2.893214e+05 1.193913e+04 1.983650e+05 4.792847e+07
<GCONST> 8.217876e+01
<MIXTURE> 2 2.644897e-01
<MEAN> 6
 2.289067e+01 8.160650e+01 -2.965054e+02 -3.338780e+01 5.584155e+01 1.398385e+03
<VARIANCE> 6
 3.389297e+03 9.834363e+05 8.028404e+06 3.691295e+04 1.374784e+06 3.966617e+08
<GCONST> 9.330166e+01
<MIXTURE> 3 1.940724e-01
<MEAN> 6
 4.694997e+01 6.830420e+01 1.187079e+01 1.304041e+01 -2.000096e+02 4.111576e+02
<VARIANCE> 6
 1.585504e+03 1.027258e+05 7.591440e+04 2.481354e+04 3.213945e+05 5.336702e+07
<GCONST> 8.176537e+01
<MIXTURE> 4 1.848597e-01
<MEAN> 6
 4.004891e+01 -4.010630e+01 -7.063153e+01 -3.600474e+01 -2.730789e+02 -1.209681e+03
<VARIANCE> 6
 1.804875e+03 9.909050e+04 8.855330e+04 2.915190e+04 4.430223e+05 7.207443e+07
<GCONST> 8.279552e+01
<STATE> 3
<NUMMIXES> 4
<MIXTURE> 1 2.226536e-01
<MEAN> 6
 8.466066e+01 2.377800e+02 6.666059e+02 -1.830174e+00 -8.492012e-01 -2.307438e+00
<VARIANCE> 6
 2.648254e+02 2.146692e+06 3.088035e+06 2.936239e+02 3.739780e+04 4.792847e+07
<GCONST> 8.002570e+01
<MIXTURE> 2 2.637428e-01
<MEAN> 6
 7.795332e+01 -6.233027e+01 -7.443715e+01 -2.148174e+00 -1.887705e+00 -8.929090e+00
<VARIANCE> 6
 1.332812e+02 1.655824e+05 1.074370e+05 2.936239e+02 3.739780e+04 4.792847e+07
<GCONST> 7.341850e+01
<MIXTURE> 3 2.983782e-01
<MEAN> 6
 7.490002e+01 -1.046388e+02 -1.214605e+02 -1.695511e+00 -1.896195e+00 -2.242402e+01
<VARIANCE> 6
 1.426351e+02 1.166720e+05 9.487134e+04 2.936239e+02 3.739780e+04 4.792847e+07
<GCONST> 7.301184e+01
<MIXTURE> 4 2.153068e-01
<MEAN> 6
 7.665872e+01 -1.453180e+02 -2.063264e+02 -1.317643e+00 -4.110886e+00 -1.191460e+01
<VARIANCE> 6
 2.117220e+02 1.858284e+06 5.212203e+06 2.936239e+02 3.739780e+04 4.792847e+07
<GCONST> 8.018111e+01
<STATE> 4
<NUMMIXES> 4
<MIXTURE> 1 2.991545e-01
<MEAN> 6
 5.264005e+01 2.476942e+02 2.035641e+02 2.923092e+01 -5.666001e+01 7.835077e+01
<VARIANCE> 6
 2.937650e+03 1.806356e+06 1.217256e+06 1.283598e+04 1.449360e+05 4.792847e+07
<GCONST> 8.646083e+01
<MIXTURE> 2 2.932325e-02
<MEAN> 6
 1.464062e+01 -2.138898e+02 -1.428538e+02 -1.268893e+01 -4.680674e+02 2.769191e+03
<VARIANCE> 6
 1.022748e+04 3.198562e+06 1.420246e+06 1.253962e+06 6.759853e+08 9.909101e+11
<GCONST> 1.114000e+02
<MIXTURE> 3 3.696828e-01
<MEAN> 6
 3.035562e+00 -1.647801e+02 1.069355e+02 -2.747081e+01 1.818634e+02 3.640864e+02
<VARIANCE> 6
 3.828306e+03 8.231911e+05 6.069245e+05 5.302682e+04 1.671185e+06 5.109628e+08
<GCONST> 9.147394e+01
<MIXTURE> 4 3.017389e-01
<MEAN> 6
 3.902608e+01 -5.223834e+01 -6.287084e+01 6.990833e+00 -1.187894e+02 -7.255950e+02
<VARIANCE> 6
 3.708249e+03 8.766864e+05 1.047657e+06 1.865033e+04 2.176129e+05 4.792847e+07
<GCONST> 8.660086e+01
<TRANSP> 5
 0.000000e+00 1.000000e+00 0.000000e+00 0.000000e+00 0.000000e+00
 0.000000e+00 9.999243e-01 7.571755e-05 0.000000e+00 0.000000e+00
 0.000000e+00 0.000000e+00 9.997489e-01 2.510379e-04 0.000000e+00
 0.000000e+00 0.000000e+00 0.000000e+00 9.999073e-01 9.265949e-05
 0.000000e+00 0.000000e+00 0.000000e+00 0.000000e+00 0.000000e+00
<ENDHMM>
