~o
<STREAMINFO> 1 6
<VECSIZE> 6<NULLD><USER><DIAGC>
~h "SegundoPRIMARIA"
<BEGINHMM>
<NUMSTATES> 10
<STATE> 2
<NUMMIXES> 8
<MIXTURE> 1 1.260566e-01
<MEAN> 6
 2.611385e+01 7.936914e+01 2.069552e+01 2.571684e+02 -1.208242e+01 -3.438073e+03
<VARIANCE> 6
 7.798662e+02 9.522982e+04 7.177945e+04 6.739537e+03 2.386043e+05 7.700402e+07
<GCONST> 7.968946e+01
<MIXTURE> 2 7.705031e-02
<MEAN> 6
 6.531979e+01 1.580038e+01 5.663132e+01 2.679329e+01 -6.936921e+02 -2.498767e+03
<VARIANCE> 6
 3.353571e+03 4.779321e+05 6.482926e+05 5.663713e+04 4.522682e+06 2.389219e+09
<GCONST> 9.346763e+01
<MIXTURE> 3 1.117514e-01
<MEAN> 6
 8.133539e+01 -1.753470e+01 -3.124678e+01 2.462733e-01 1.919786e+00 -1.286243e+01
<VARIANCE> 6
 2.333168e+02 1.418694e+05 1.110549e+05 3.028640e+02 4.053393e+04 5.195771e+07
<GCONST> 7.404922e+01
<MIXTURE> 4 1.208535e-01
<MEAN> 6
 -3.936779e+01 6.945721e+01 2.134777e+01 6.876999e+01 1.035360e+03 -2.936152e+03
<VARIANCE> 6
 2.749357e+02 1.043817e+05 4.426627e+04 2.724702e+04 4.131356e+05 1.488293e+08
<GCONST> 8.086013e+01
<MIXTURE> 5 2.112809e-01
<MEAN> 6
 8.489841e+01 -3.941018e+00 4.764550e+01 -2.955622e+01 -7.905850e+02 -1.171166e+03
<VARIANCE> 6
 3.597086e+02 9.488716e+04 7.935638e+04 2.566537e+04 4.255454e+05 1.520817e+08
<GCONST> 8.160866e+01
<MIXTURE> 6 1.255367e-01
<MEAN> 6
 2.710353e+00 4.073087e+01 7.721983e+01 -2.967586e+02 3.675850e+02 9.991084e+03
<VARIANCE> 6
 1.180238e+03 6.095091e+04 1.220096e+05 1.128370e+04 1.824423e+06 5.067883e+08
<GCONST> 8.462190e+01
<MIXTURE> 7 1.156916e-01
<MEAN> 6
 -5.631591e+01 5.585683e+01 -6.740185e+00 1.659395e+01 4.686336e+02 1.952589e+02
<VARIANCE> 6
 2.345214e+02 8.436955e+04 1.518301e+05 4.081462e+03 2.007357e+05 7.078619e+07
<GCONST> 7.835742e+01
<MIXTURE> 8 1.113537e-01
<MEAN> 6
 7.638256e+01 -1.842639e+02 -1.901217e+02 -2.096614e+00 -3.097574e+01 -5.455729e+02
<VARIANCE> 6
 2.194827e+02 1.688956e+05 1.258523e+05 3.028640e+02 4.053393e+04 5.195771e+07
<GCONST> 7.428755e+01
<STATE> 3
<NUMMIXES> 8
<MIXTURE> 1 1.165852e-01
<MEAN> 6
 1.101720e+02 -1.165875e+01 3.131955e+02 -2.655186e+00 -9.749743e+00 5.602833e+00
<VARIANCE> 6
 3.185140e+01 2.302443e+04 1.398304e+04 3.028640e+02 4.053393e+04 5.195771e+07
<GCONST> 6.816737e+01
<MIXTURE> 2 1.697244e-01
<MEAN> 6
 9.300961e+01 6.475627e+02 1.667705e+02 -2.425012e+00 -3.140934e-02 1.064771e+02
<VARIANCE> 6
 3.185140e+01 8.834142e+04 1.421123e+04 3.028640e+02 4.053393e+04 5.195771e+07
<GCONST> 6.952821e+01
<MIXTURE> 3 8.582033e-02
<MEAN> 6
 1.041230e+02 -5.627740e+02 -4.843599e+01 -3.760322e+00 1.351307e+01 2.632770e+02
<VARIANCE> 6
 5.040453e+01 1.096920e+05 1.748581e+04 3.028640e+02 4.053393e+04 5.195771e+07
<GCONST> 7.041104e+01
<MIXTURE> 4 1.391784e-01
<MEAN> 6
 1.250500e+02 -1.372183e+02 1.610471e+02 -1.037633e+01 -2.980494e+00 1.698971e+02
<VARIANCE> 6
 8.352170e+01 9.488528e+05 1.398304e+04 4.170469e+02 5.707014e+04 5.195771e+07
<GCONST> 7.351216e+01
<MIXTURE> 5 1.439164e-01
<MEAN> 6
 9.529565e+01 1.571903e+02 8.826926e+01 -3.281645e+00 -3.081442e+00 1.438487e+02
<VARIANCE> 6
 3.185140e+01 7.087241e+04 1.398304e+04 3.028640e+02 4.053393e+04 5.195771e+07
<GCONST> 6.929170e+01
<MIXTURE> 6 1.495333e-01
<MEAN> 6
 1.004640e+02 -5.766372e+02 3.845662e+02 -4.647510e+00 -1.733367e+01 -1.511604e+01
<VARIANCE> 6
 3.495777e+01 4.648070e+04 6.807816e+04 3.028640e+02 4.053393e+04 5.195771e+07
<GCONST> 7.054573e+01
<MIXTURE> 7 1.069867e-01
<MEAN> 6
 1.041507e+02 -1.974294e+01 1.751914e+02 -4.776669e+00 -2.143843e+00 1.864973e+02
<VARIANCE> 6
 5.345491e+01 1.594375e+04 1.992086e+04 3.028640e+02 4.053393e+04 5.195771e+07
<GCONST> 6.867157e+01
<MIXTURE> 8 8.820677e-02
<MEAN> 6
 1.016215e+02 -6.661090e+02 -1.089420e+02 -4.087708e+00 -6.080135e+00 1.589348e+02
<VARIANCE> 6
 4.645367e+01 8.548322e+04 1.564382e+04 3.028640e+02 4.053393e+04 5.195771e+07
<GCONST> 6.996874e+01
<STATE> 4
<NUMMIXES> 8
<MIXTURE> 1 2.062439e-01
<MEAN> 6
 7.528059e+01 1.191656e+01 1.509602e+02 -2.886431e+00 -1.733460e+01 -7.305750e+01
<VARIANCE> 6
 3.551825e+01 9.945479e+03 1.398304e+04 3.028640e+02 4.053393e+04 5.195771e+07
<GCONST> 6.743690e+01
<MIXTURE> 2 8.511421e-02
<MEAN> 6
 7.165197e+01 1.838403e+02 -1.371331e+02 -1.799518e+00 2.395348e+01 3.813630e+01
<VARIANCE> 6
 3.185140e+01 9.945479e+03 3.432268e+04 3.028640e+02 4.053393e+04 5.195771e+07
<GCONST> 6.822590e+01
<MIXTURE> 3 1.206210e-01
<MEAN> 6
 8.833869e+01 -2.146511e+02 1.439466e+02 -2.454016e+00 1.503880e+01 1.053757e+02
<VARIANCE> 6
 3.185140e+01 2.083811e+04 1.398304e+04 3.028640e+02 4.053393e+04 5.195771e+07
<GCONST> 6.806760e+01
<MIXTURE> 4 1.629268e-01
<MEAN> 6
 7.582033e+01 9.970160e+01 -3.000871e+02 -2.585090e+00 1.710024e+00 8.184463e+01
<VARIANCE> 6
 3.185140e+01 9.945479e+03 1.398304e+04 3.028640e+02 4.053393e+04 5.195771e+07
<GCONST> 6.732794e+01
<MIXTURE> 5 1.228190e-01
<MEAN> 6
 7.203488e+01 -1.916728e+01 1.635721e+02 -2.378644e+00 -7.567310e+00 -1.084732e+02
<VARIANCE> 6
 3.185140e+01 9.945479e+03 1.398304e+04 3.028640e+02 4.053393e+04 5.195771e+07
<GCONST> 6.732794e+01
<MIXTURE> 6 6.001550e-02
<MEAN> 6
 8.337451e+01 -1.023084e+02 1.329441e+02 -2.117785e+00 -1.549490e+01 2.019185e+01
<VARIANCE> 6
 4.067015e+01 1.130955e+05 2.319820e+04 3.028640e+02 4.053393e+04 5.195771e+07
<GCONST> 7.050969e+01
<MIXTURE> 7 1.264238e-01
<MEAN> 6
 7.065334e+01 -9.404845e+01 1.397748e+02 -2.854032e+00 -2.635194e+00 -8.252206e+01
<VARIANCE> 6
 3.185140e+01 1.614378e+04 1.398304e+04 3.028640e+02 4.053393e+04 5.195771e+07
<GCONST> 6.781236e+01
<MIXTURE> 8 1.158047e-01
<MEAN> 6
 8.669638e+01 -2.654037e+02 1.195321e+02 -4.795721e+00 -4.258688e+00 -1.388079e+02
<VARIANCE> 6
 3.185140e+01 2.266164e+04 1.398304e+04 3.028640e+02 4.053393e+04 5.195771e+07
<GCONST> 6.815149e+01
<STATE> 5
<NUMMIXES> 8
<MIXTURE> 1 1.392713e-01
<MEAN> 6
 8.157923e+01 1.205615e+03 3.994964e+02 -1.515998e+00 -6.588478e-01 -5.465222e+01
<VARIANCE> 6
 3.185140e+01 9.567526e+04 1.398304e+04 3.028640e+02 4.053393e+04 5.195771e+07
<GCONST> 6.959178e+01
<MIXTURE> 2 1.524487e-01
<MEAN> 6
 6.533123e+01 9.603203e+02 -1.421105e+02 2.047893e-02 1.313177e+00 -1.256763e+02
<VARIANCE> 6
 3.185140e+01 9.945479e+03 1.398304e+04 3.028640e+02 4.053393e+04 5.195771e+07
<GCONST> 6.732794e+01
<MIXTURE> 3 9.094728e-02
<MEAN> 6
 7.142365e+01 1.312588e+03 -1.120723e+03 6.585934e-01 -5.337455e+00 -1.365631e+02
<VARIANCE> 6
 3.185140e+01 9.945479e+03 1.398304e+04 3.028640e+02 4.053393e+04 5.195771e+07
<GCONST> 6.732794e+01
<MIXTURE> 4 1.864374e-01
<MEAN> 6
 7.055433e+01 9.497476e+02 6.824277e+02 5.485525e-01 -6.327835e-01 -9.531465e+01
<VARIANCE> 6
 3.185140e+01 4.263502e+04 1.398304e+04 3.028640e+02 4.053393e+04 5.195771e+07
<GCONST> 6.878349e+01
<MIXTURE> 5 5.943396e-02
<MEAN> 6
 4.660710e+01 4.460393e+02 -8.791376e+01 5.149023e+00 4.103309e+01 -2.237240e+02
<VARIANCE> 6
 3.185140e+01 9.945479e+03 1.398304e+04 3.028640e+02 4.053393e+04 5.195771e+07
<GCONST> 6.732794e+01
<MIXTURE> 6 1.375040e-01
<MEAN> 6
 6.521815e+01 8.422387e+02 -1.593555e+02 -5.055305e-01 -5.536190e+00 -1.843846e+02
<VARIANCE> 6
 3.185140e+01 1.560482e+04 1.398304e+04 3.028640e+02 4.053393e+04 5.195771e+07
<GCONST> 6.777840e+01
<MIXTURE> 7 9.598128e-02
<MEAN> 6
 7.141358e+01 1.313293e+03 -1.120766e+03 6.664817e-01 -5.152413e+00 -1.361424e+02
<VARIANCE> 6
 3.185140e+01 9.945479e+03 1.398304e+04 3.028640e+02 4.053393e+04 5.195771e+07
<GCONST> 6.732794e+01
<MIXTURE> 8 1.379641e-01
<MEAN> 6
 8.221629e+01 1.107023e+03 3.625493e+02 -1.518949e+00 -1.362113e+01 -3.039490e+02
<VARIANCE> 6
 3.185140e+01 1.419391e+05 1.398304e+04 3.028640e+02 4.053393e+04 5.195771e+07
<GCONST> 6.998622e+01
<STATE> 6
<NUMMIXES> 8
<MIXTURE> 1 1.732391e-01
<MEAN> 6
 9.528504e+01 2.391637e+02 -2.490462e+02 9.233509e-01 7.070483e+00 -1.366483e+02
<VARIANCE> 6
 3.185140e+01 3.293132e+04 1.582084e+04 3.028640e+02 4.053393e+04 5.195771e+07
<GCONST> 6.864873e+01
<MIXTURE> 2 8.845370e-02
<MEAN> 6
 1.029860e+02 8.655679e+02 -2.975983e+02 -7.273617e-01 -1.694451e+01 2.361622e+02
<VARIANCE> 6
 3.279419e+01 3.929959e+05 2.178211e+04 3.028640e+02 4.053393e+04 5.195771e+07
<GCONST> 7.147704e+01
<MIXTURE> 3 9.882683e-02
<MEAN> 6
 9.704777e+01 -1.527036e+02 -4.968338e+02 -1.124289e+00 -4.819449e+00 -7.093136e+01
<VARIANCE> 6
 3.185140e+01 5.096271e+04 1.398304e+04 3.028640e+02 4.053393e+04 5.195771e+07
<GCONST> 6.896191e+01
<MIXTURE> 4 1.218858e-01
<MEAN> 6
 9.307030e+01 -4.476802e+02 -4.643996e+02 -1.387184e-01 4.720798e+00 -1.155596e+02
<VARIANCE> 6
 4.044833e+01 1.559429e+04 1.398304e+04 3.028640e+02 4.053393e+04 5.195771e+07
<GCONST> 6.801667e+01
<MIXTURE> 5 1.248626e-01
<MEAN> 6
 1.040146e+02 -7.926894e+01 -4.114085e+02 -3.489457e+00 -9.985305e+00 7.973753e+01
<VARIANCE> 6
 9.666031e+01 1.486210e+05 1.398304e+04 3.028640e+02 4.053393e+04 5.195771e+07
<GCONST> 7.114234e+01
<MIXTURE> 6 1.766615e-01
<MEAN> 6
 9.401960e+01 2.562938e+02 -4.672438e+02 -1.466782e+00 1.377044e+01 9.756026e+01
<VARIANCE> 6
 3.185140e+01 9.945479e+03 4.770646e+04 3.028640e+02 4.053393e+04 5.195771e+07
<GCONST> 6.855516e+01
<MIXTURE> 7 1.280652e-01
<MEAN> 6
 1.000574e+02 -1.128104e+02 -4.128650e+02 -3.666348e+00 8.418524e-01 6.026888e+01
<VARIANCE> 6
 1.353765e+02 1.071150e+05 1.398304e+04 3.028640e+02 4.053393e+04 5.195771e+07
<GCONST> 7.115170e+01
<MIXTURE> 8 8.799091e-02
<MEAN> 6
 1.021054e+02 6.642695e+02 -3.419335e+02 -3.791091e+00 -5.122490e+01 -1.313888e+02
<VARIANCE> 6
 3.185140e+01 3.923032e+05 2.256630e+04 3.028640e+02 4.053393e+04 5.195771e+07
<GCONST> 7.148146e+01
<STATE> 7
<NUMMIXES> 8
<MIXTURE> 1 1.110970e-01
<MEAN> 6
 7.779199e+01 -9.436959e+02 9.459297e+01 -5.387516e-01 4.605947e+00 -1.448589e+02
<VARIANCE> 6
 3.185140e+01 1.198531e+05 1.442300e+05 3.028640e+02 4.053393e+04 5.195771e+07
<GCONST> 7.215065e+01
<MIXTURE> 2 1.099874e-01
<MEAN> 6
 6.422243e+01 -8.941373e+02 1.161868e+03 -1.526201e-01 1.628044e+00 -7.382471e+01
<VARIANCE> 6
 3.185140e+01 9.945479e+03 1.398304e+04 3.028640e+02 4.053393e+04 5.195771e+07
<GCONST> 6.732794e+01
<MIXTURE> 3 1.276989e-01
<MEAN> 6
 7.635807e+01 -2.743662e+02 -1.020053e+03 -6.264476e-01 2.552081e+00 -9.913630e+01
<VARIANCE> 6
 3.185140e+01 9.945479e+03 1.398304e+04 3.028640e+02 4.053393e+04 5.195771e+07
<GCONST> 6.732794e+01
<MIXTURE> 4 7.567959e-02
<MEAN> 6
 7.786668e+01 -1.839601e+03 -7.985761e+02 8.436086e-01 -3.657363e+00 -2.715283e+02
<VARIANCE> 6
 3.185140e+01 2.630376e+04 1.398304e+04 3.028640e+02 4.053393e+04 5.195771e+07
<GCONST> 6.830053e+01
<MIXTURE> 5 1.260004e-01
<MEAN> 6
 6.567688e+01 -9.857858e+02 9.289232e+02 6.746398e-01 1.185100e+01 -1.831206e+02
<VARIANCE> 6
 3.185140e+01 9.945479e+03 1.777034e+05 3.028640e+02 4.053393e+04 5.195771e+07
<GCONST> 6.987021e+01
<MIXTURE> 6 1.640929e-01
<MEAN> 6
 7.180089e+01 -4.529831e+02 -8.072226e+02 -7.729777e-01 -7.980937e+00 -1.196688e+02
<VARIANCE> 6
 3.185140e+01 9.945479e+03 1.398304e+04 3.028640e+02 4.053393e+04 5.195771e+07
<GCONST> 6.732794e+01
<MIXTURE> 7 1.766136e-01
<MEAN> 6
 7.899631e+01 -1.091652e+03 -1.397047e+02 -1.177888e+00 -5.145962e+00 4.599015e+01
<VARIANCE> 6
 3.185140e+01 3.982336e+04 1.322975e+05 3.028640e+02 4.053393e+04 5.195771e+07
<GCONST> 7.096248e+01
<MIXTURE> 8 1.088221e-01
<MEAN> 6
 6.300839e+01 -8.947098e+02 1.136659e+03 -2.638418e+00 -8.605278e+00 -1.971738e+02
<VARIANCE> 6
 3.185140e+01 9.945479e+03 1.398304e+04 3.028640e+02 4.053393e+04 5.195771e+07
<GCONST> 6.732794e+01
<STATE> 8
<NUMMIXES> 8
<MIXTURE> 1 1.192906e-01
<MEAN> 6
 6.926418e+01 -6.546699e+02 2.723391e+03 -1.884530e-01 8.232191e+00 4.556885e+00
<VARIANCE> 6
 1.057808e+02 8.241014e+04 1.268364e+06 3.028640e+02 4.053393e+04 5.195771e+07
<GCONST> 7.515045e+01
<MIXTURE> 2 2.010267e-01
<MEAN> 6
 8.215039e+01 1.133200e+03 5.714124e+02 -2.153624e+00 -1.932916e+00 -4.584109e+01
<VARIANCE> 6
 4.828332e+01 2.794146e+06 2.287509e+05 3.028640e+02 4.053393e+04 5.195771e+07
<GCONST> 7.617690e+01
<MIXTURE> 3 1.512352e-01
<MEAN> 6
 7.889903e+01 2.453659e+02 -2.196902e+03 8.467807e-01 -1.120422e+01 -4.559959e+01
<VARIANCE> 6
 3.185140e+01 3.622956e+04 3.165009e+04 3.028640e+02 4.053393e+04 5.195771e+07
<GCONST> 6.943759e+01
<MIXTURE> 4 1.384800e-01
<MEAN> 6
 6.542774e+01 2.713431e+02 6.195098e+02 -1.746105e+00 -2.123322e+00 -4.813677e+01
<VARIANCE> 6
 4.481945e+01 1.380543e+04 3.356299e+05 3.028640e+02 4.053393e+04 5.195771e+07
<GCONST> 7.117561e+01
<MIXTURE> 5 6.155457e-02
<MEAN> 6
 7.522777e+01 -8.923357e+03 1.476028e+03 -2.601054e+00 -6.996177e+00 -7.085439e+01
<VARIANCE> 6
 3.185140e+01 1.972630e+04 1.770548e+05 3.028640e+02 4.053393e+04 5.195771e+07
<GCONST> 7.055138e+01
<MIXTURE> 6 8.950987e-02
<MEAN> 6
 9.991540e+01 -3.145151e+03 -1.202698e+02 -3.602225e+00 -2.058852e+00 -1.665764e+02
<VARIANCE> 6
 3.185140e+01 5.469138e+05 1.800821e+04 3.028640e+02 4.053393e+04 5.195771e+07
<GCONST> 7.158809e+01
<MIXTURE> 7 1.191707e-01
<MEAN> 6
 6.804671e+01 5.354526e+01 -9.413317e+02 -2.860586e-02 2.778162e+00 -9.091396e+01
<VARIANCE> 6
 3.185140e+01 9.945479e+03 1.528144e+05 3.028640e+02 4.053393e+04 5.195771e+07
<GCONST> 6.971931e+01
<MIXTURE> 8 1.197093e-01
<MEAN> 6
 6.671517e+01 -6.571082e+02 2.330301e+03 -1.792514e+00 -1.739145e+01 -2.212267e+02
<VARIANCE> 6
 1.026264e+02 6.709023e+04 8.418030e+05 3.028640e+02 4.053393e+04 5.195771e+07
<GCONST> 7.450457e+01
<STATE> 9
<NUMMIXES> 8
<MIXTURE> 1 1.207544e-02
<MEAN> 6
 1.386016e+01 8.101086e+02 -1.083213e+02 -1.601676e+01 -1.046473e+02 3.475184e+03
<VARIANCE> 6
 8.199112e+03 3.239541e+07 1.115124e+06 1.146418e+06 6.181770e+08 8.955287e+11
<GCONST> 1.129722e+02
<MIXTURE> 2 1.349914e-01
<MEAN> 6
 -1.999954e+01 1.114192e+02 7.276732e+01 1.213682e+02 5.062197e+02 -2.646479e+03
<VARIANCE> 6
 8.757297e+02 4.453397e+05 1.668313e+05 2.823721e+04 3.030534e+05 5.817510e+07
<GCONST> 8.358268e+01
<MIXTURE> 3 9.124559e-02
<MEAN> 6
 4.259536e+01 1.728814e+02 -1.297732e+02 -4.729152e+01 -3.376359e+02 2.614650e+03
<VARIANCE> 6
 5.151047e+03 5.846650e+06 9.569003e+05 5.892526e+04 4.031912e+06 2.143535e+09
<GCONST> 9.660655e+01
<MIXTURE> 4 2.141473e-01
<MEAN> 6
 9.244830e+01 9.643610e+01 -1.549942e+02 -4.917230e+00 -3.579309e+01 -2.619888e+02
<VARIANCE> 6
 3.440272e+02 9.403561e+05 1.116709e+06 3.028640e+02 4.053393e+04 5.195771e+07
<GCONST> 7.863701e+01
<MIXTURE> 5 1.553188e-01
<MEAN> 6
 -1.213263e+01 -3.415339e+01 -2.920709e+01 -7.414380e+01 5.593508e+02 1.638927e+03
<VARIANCE> 6
 2.509059e+03 2.946622e+05 2.104674e+06 5.876019e+04 1.226744e+06 3.963284e+08
<GCONST> 9.080703e+01
<MIXTURE> 6 1.280324e-01
<MEAN> 6
 7.608967e+01 9.274250e+01 1.473199e+02 3.399437e+01 -4.899489e+02 8.238008e+02
<VARIANCE> 6
 8.122986e+02 4.335304e+05 3.853321e+05 3.331180e+04 3.055361e+05 9.916409e+07
<GCONST> 8.502448e+01
<MIXTURE> 7 1.357442e-01
<MEAN> 6
 -6.070528e+01 3.170257e+01 -8.247832e+01 8.390167e+00 3.052494e+02 5.870270e+02
<VARIANCE> 6
 3.396386e+02 3.866527e+05 6.447461e+05 2.622915e+03 1.301054e+05 5.247483e+07
<GCONST> 8.052103e+01
<MIXTURE> 8 1.281044e-01
<MEAN> 6
 6.767727e+01 -1.532311e+02 -6.701318e+01 -3.645564e+01 -7.310906e+02 -2.247179e+03
<VARIANCE> 6
 8.089926e+02 4.362875e+05 3.978500e+05 4.027848e+04 3.392663e+05 9.993530e+07
<GCONST> 8.536109e+01
<TRANSP> 10
 0.000000e+00 1.000000e+00 0.000000e+00 0.000000e+00 0.000000e+00 0.000000e+00 0.000000e+00 0.000000e+00 0.000000e+00 0.000000e+00
 0.000000e+00 9.999239e-01 7.603847e-05 0.000000e+00 0.000000e+00 0.000000e+00 0.000000e+00 0.000000e+00 0.000000e+00 0.000000e+00
 0.000000e+00 0.000000e+00 9.987218e-01 1.278272e-03 0.000000e+00 0.000000e+00 0.000000e+00 0.000000e+00 0.000000e+00 0.000000e+00
 0.000000e+00 0.000000e+00 0.000000e+00 9.981375e-01 1.862538e-03 0.000000e+00 0.000000e+00 0.000000e+00 0.000000e+00 0.000000e+00
 0.000000e+00 0.000000e+00 0.000000e+00 0.000000e+00 9.966506e-01 3.349322e-03 0.000000e+00 0.000000e+00 0.000000e+00 0.000000e+00
 0.000000e+00 0.000000e+00 0.000000e+00 0.000000e+00 0.000000e+00 9.978250e-01 2.174929e-03 0.000000e+00 0.000000e+00 0.000000e+00
 0.000000e+00 0.000000e+00 0.000000e+00 0.000000e+00 0.000000e+00 0.000000e+00 9.970855e-01 2.914511e-03 0.000000e+00 0.000000e+00
 0.000000e+00 0.000000e+00 0.000000e+00 0.000000e+00 0.000000e+00 0.000000e+00 0.000000e+00 9.989201e-01 1.079868e-03 0.000000e+00
 0.000000e+00 0.000000e+00 0.000000e+00 0.000000e+00 0.000000e+00 0.000000e+00 0.000000e+00 0.000000e+00 9.999033e-01 9.665341e-05
 0.000000e+00 0.000000e+00 0.000000e+00 0.000000e+00 0.000000e+00 0.000000e+00 0.000000e+00 0.000000e+00 0.000000e+00 0.000000e+00
<ENDHMM>
~h "SegundoESO"
<BEGINHMM>
<NUMSTATES> 10
<STATE> 2
<NUMMIXES> 8
<MIXTURE> 1 8.285424e-02
<MEAN> 6
 9.446802e+01 -4.036519e+03 5.526347e+03 -1.728329e+00 -1.151912e+01 -9.080569e+01
<VARIANCE> 6
 3.185140e+01 4.325287e+05 1.950464e+07 3.028640e+02 4.053393e+04 5.195771e+07
<GCONST> 7.834103e+01
<MIXTURE> 2 7.857912e-02
<MEAN> 6
 7.729397e+01 2.006350e+03 9.749124e+02 7.445768e+00 -8.520618e+00 -1.555613e+02
<VARIANCE> 6
 3.185140e+01 1.253183e+06 4.656032e+05 1.093430e+03 4.053393e+04 5.195771e+07
<GCONST> 7.695354e+01
<MIXTURE> 3 1.198416e-01
<MEAN> 6
 8.418472e+01 -7.681976e+02 2.200955e+02 -3.843613e-01 2.268078e+00 -4.420728e+01
<VARIANCE> 6
 3.185140e+01 9.945479e+03 2.170740e+04 3.028640e+02 4.053393e+04 5.195771e+07
<GCONST> 6.776775e+01
<MIXTURE> 4 1.974831e-01
<MEAN> 6
 8.815080e+01 -1.509625e+03 1.628430e+02 -2.558161e+00 -1.609531e+00 -1.344634e+02
<VARIANCE> 6
 3.185140e+01 1.010043e+06 1.566262e+05 3.028640e+02 4.053393e+04 5.195771e+07
<GCONST> 7.436458e+01
<MIXTURE> 5 1.214947e-01
<MEAN> 6
 8.089635e+01 -7.611096e+02 -4.369963e+01 -7.327877e-01 -3.446944e+00 -1.118133e+02
<VARIANCE> 6
 3.185140e+01 9.516397e+04 1.398304e+04 3.028640e+02 4.053393e+04 5.195771e+07
<GCONST> 6.958643e+01
<MIXTURE> 6 1.415272e-01
<MEAN> 6
 7.866701e+01 3.378330e+02 1.204098e+03 -5.985675e-01 -3.572515e-01 -1.666187e+01
<VARIANCE> 6
 3.185140e+01 3.368993e+05 4.663497e+05 3.028640e+02 4.053393e+04 5.195771e+07
<GCONST> 7.435770e+01
<MIXTURE> 7 1.378421e-01
<MEAN> 6
 7.683675e+01 -6.554914e+00 1.106923e+03 -1.291633e+00 -2.541112e-01 1.788144e+00
<VARIANCE> 6
 3.557729e+01 1.622378e+05 3.621460e+05 3.028640e+02 4.053393e+04 5.195771e+07
<GCONST> 7.348471e+01
<MIXTURE> 8 1.203377e-01
<MEAN> 6
 8.277622e+01 -8.051641e+02 1.758368e+02 -8.611915e-01 -9.966274e+00 -1.707404e+02
<VARIANCE> 6
 3.185140e+01 1.038588e+04 1.809622e+04 3.028640e+02 4.053393e+04 5.195771e+07
<GCONST> 6.762912e+01
<STATE> 3
<NUMMIXES> 8
<MIXTURE> 1 1.280857e-01
<MEAN> 6
 7.388030e+01 5.007203e+02 2.627521e+02 -4.410631e-01 -4.391224e+00 -1.348182e+02
<VARIANCE> 6
 3.185140e+01 9.837408e+04 1.398304e+04 3.028640e+02 4.053393e+04 5.195771e+07
<GCONST> 6.961960e+01
<MIXTURE> 2 1.237829e-01
<MEAN> 6
 6.657747e+01 -1.774423e+03 -9.304557e+01 1.465680e-01 -3.815645e+00 -8.651447e+01
<VARIANCE> 6
 3.185140e+01 3.993982e+05 1.573952e+05 3.028640e+02 4.053393e+04 5.195771e+07
<GCONST> 7.344170e+01
<MIXTURE> 3 1.405618e-01
<MEAN> 6
 6.022838e+01 2.190123e+03 -5.700010e+02 4.097940e-01 -4.499577e-01 -1.067375e+02
<VARIANCE> 6
 3.185140e+01 3.213218e+05 2.555841e+05 3.028640e+02 4.053393e+04 5.195771e+07
<GCONST> 7.370897e+01
<MIXTURE> 4 1.326951e-01
<MEAN> 6
 6.268452e+01 -5.164835e+02 -1.495162e+02 2.739008e-01 -1.994053e+00 -1.323839e+02
<VARIANCE> 6
 3.185140e+01 5.850554e+04 8.043185e+04 3.028640e+02 4.053393e+04 5.195771e+07
<GCONST> 7.084950e+01
<MIXTURE> 5 1.056209e-01
<MEAN> 6
 6.724306e+01 -1.625524e+02 2.985706e+02 2.461076e-02 -5.463867e-01 -4.863000e+01
<VARIANCE> 6
 3.185140e+01 5.710720e+04 1.398304e+04 3.028640e+02 4.053393e+04 5.195771e+07
<GCONST> 6.907574e+01
<MIXTURE> 6 1.391410e-01
<MEAN> 6
 6.169110e+01 -4.406064e+02 -3.964366e+02 4.074869e-02 -1.878288e-01 -8.004707e+01
<VARIANCE> 6
 3.185140e+01 6.895027e+04 1.250655e+05 3.028640e+02 4.053393e+04 5.195771e+07
<GCONST> 7.145520e+01
<MIXTURE> 7 1.246545e-01
<MEAN> 6
 7.013489e+01 8.341116e+02 1.055461e+02 -4.335861e-01 -4.948528e+00 -1.388146e+02
<VARIANCE> 6
 3.185140e+01 3.570006e+05 1.398304e+04 3.028640e+02 4.053393e+04 5.195771e+07
<GCONST> 7.090855e+01
<MIXTURE> 8 1.053927e-01
<MEAN> 6
 6.540750e+01 -2.466217e+02 2.569095e+02 -4.066336e-01 -7.667389e+00 -1.865382e+02
<VARIANCE> 6
 3.185140e+01 5.202509e+04 1.398304e+04 3.028640e+02 4.053393e+04 5.195771e+07
<GCONST> 6.898254e+01
<STATE> 4
<NUMMIXES> 8
<MIXTURE> 1 1.630635e-01
<MEAN> 6
 7.727623e+01 -2.496741e+03 3.007006e+03 -5.427008e-01 -9.933563e+00 -2.207811e+02
<VARIANCE> 6
 4.310887e+01 3.356850e+06 1.223090e+07 3.028640e+02 4.053393e+04 5.195771e+07
<GCONST> 8.022610e+01
<MIXTURE> 2 1.341598e-01
<MEAN> 6
 -4.409589e+01 3.766004e+02 1.762042e+02 7.199134e+00 9.145297e+02 -6.719007e+02
<VARIANCE> 6
 2.113527e+02 4.915201e+06 4.719181e+06 1.935448e+04 3.276807e+05 1.400433e+08
<GCONST> 8.848372e+01
<MIXTURE> 3 5.573592e-02
<MEAN> 6
 6.719144e+01 -5.369090e+02 2.287844e+03 -8.459171e+01 -8.365596e+02 3.414081e+03
<VARIANCE> 6
 1.436477e+03 1.643749e+07 4.486127e+07 3.483434e+04 1.258761e+06 4.705846e+08
<GCONST> 9.700485e+01
<MIXTURE> 4 1.345654e-01
<MEAN> 6
 4.470802e+01 2.348833e+03 -3.048606e+03 7.393600e+01 -1.315900e+02 -4.882036e+02
<VARIANCE> 6
 9.148325e+02 2.599211e+06 2.299404e+06 1.805877e+04 4.053393e+04 5.195771e+07
<GCONST> 8.544211e+01
<MIXTURE> 5 1.335495e-01
<MEAN> 6
 9.381207e+01 1.212973e+02 -4.687409e+02 5.232342e+00 -2.747932e+02 -1.834680e+02
<VARIANCE> 6
 2.085344e+02 2.267520e+06 4.349844e+06 5.174680e+03 1.072158e+05 5.195771e+07
<GCONST> 8.418729e+01
<MIXTURE> 6 1.246995e-01
<MEAN> 6
 -1.404010e+01 8.318253e+02 -3.566682e+02 -8.994532e+00 2.534592e+02 6.976613e+02
<VARIANCE> 6
 8.845081e+02 3.651109e+06 4.152130e+06 2.962958e+04 6.991055e+04 5.195771e+07
<GCONST> 8.737941e+01
<MIXTURE> 7 1.304262e-01
<MEAN> 6
 6.357495e+01 -4.663477e+01 -1.969932e+02 -2.074489e+01 -5.370656e+02 3.956542e+02
<VARIANCE> 6
 4.339949e+02 4.945882e+06 4.111782e+06 3.417671e+04 1.163083e+05 5.195771e+07
<GCONST> 8.761298e+01
<MIXTURE> 8 1.237042e-01
<MEAN> 6
 -2.167943e+01 2.515526e+02 -7.464818e+02 -3.194711e+01 1.614505e+02 -8.432581e+02
<VARIANCE> 6
 8.948741e+02 3.748079e+06 3.931852e+06 2.353826e+04 6.147865e+04 5.195771e+07
<GCONST> 8.700409e+01
<STATE> 5
<NUMMIXES> 8
<MIXTURE> 1 1.748840e-01
<MEAN> 6
 6.843331e+01 7.294468e+02 -1.600023e+02 1.362512e-01 -1.039396e+01 -9.721251e+01
<VARIANCE> 6
 3.185140e+01 2.335133e+04 6.590762e+05 3.028640e+02 4.053393e+04 5.195771e+07
<GCONST> 7.203447e+01
<MIXTURE> 2 1.463541e-01
<MEAN> 6
 7.427422e+01 3.031890e+01 -6.552704e+03 -6.018174e-01 -4.776241e+00 -5.208985e+01
<VARIANCE> 6
 3.185140e+01 2.039006e+05 5.159710e+06 3.028640e+02 4.053393e+04 5.195771e+07
<GCONST> 7.625924e+01
<MIXTURE> 3 1.531119e-01
<MEAN> 6
 6.475179e+01 1.731279e+02 -4.403602e+02 -3.899903e-01 -3.031510e+00 -1.393897e+02
<VARIANCE> 6
 3.185140e+01 1.014798e+05 2.498434e+06 3.028640e+02 4.053393e+04 5.195771e+07
<GCONST> 7.483625e+01
<MIXTURE> 4 9.398055e-02
<MEAN> 6
 6.655778e+01 4.348633e+02 -1.914607e+02 6.579368e-01 3.214409e+00 -7.019397e+01
<VARIANCE> 6
 3.185140e+01 2.787147e+04 1.398304e+04 3.028640e+02 4.053393e+04 5.195771e+07
<GCONST> 6.835842e+01
<MIXTURE> 5 9.821624e-02
<MEAN> 6
 5.919760e+01 4.242423e+02 -2.889258e+03 -4.487964e-02 -1.862379e+00 -8.461749e+01
<VARIANCE> 6
 3.185140e+01 6.998598e+04 2.559975e+06 3.028640e+02 4.053393e+04 5.195771e+07
<GCONST> 7.448902e+01
<MIXTURE> 6 1.523915e-01
<MEAN> 6
 7.041866e+01 9.420271e+01 -2.979413e+02 -1.505304e+00 -1.032128e+01 -1.609886e+02
<VARIANCE> 6
 3.185140e+01 3.667237e+04 8.260100e+04 3.028640e+02 4.053393e+04 5.195771e+07
<GCONST> 7.040902e+01
<MIXTURE> 7 8.782175e-02
<MEAN> 6
 5.630432e+01 2.076061e+02 -1.480346e+03 2.366131e-02 1.767449e+00 -9.127821e+01
<VARIANCE> 6
 3.236035e+01 4.308580e+04 3.874845e+06 3.028640e+02 4.053393e+04 5.195771e+07
<GCONST> 7.443428e+01
<MIXTURE> 8 9.319168e-02
<MEAN> 6
 6.554525e+01 3.756783e+02 -2.177599e+02 -3.905478e-01 -1.124786e+01 -2.448243e+02
<VARIANCE> 6
 3.185140e+01 2.808790e+04 1.398304e+04 3.028640e+02 4.053393e+04 5.195771e+07
<GCONST> 6.836616e+01
<STATE> 6
<NUMMIXES> 8
<MIXTURE> 1 9.570851e-02
<MEAN> 6
 -3.329186e+00 2.423918e+02 1.117367e+03 -7.247530e+01 4.183687e+02 3.561888e+03
<VARIANCE> 6
 2.995623e+03 1.001207e+06 5.315094e+06 5.046704e+04 2.039099e+06 7.341682e+08
<GCONST> 9.410629e+01
<MIXTURE> 2 1.180035e-01
<MEAN> 6
 -4.467852e+01 1.559934e+02 1.841201e+02 4.753254e+01 7.485302e+02 6.372751e+02
<VARIANCE> 6
 1.701691e+02 4.645264e+05 4.465920e+05 1.308554e+04 2.523016e+05 5.907012e+07
<GCONST> 8.203410e+01
<MIXTURE> 3 1.263501e-01
<MEAN> 6
 7.610968e+01 -6.388120e+01 3.060611e+02 1.400393e+01 -2.189723e+02 -3.798685e+02
<VARIANCE> 6
 2.095584e+02 6.742633e+05 1.229651e+06 5.643243e+03 9.114618e+04 5.195771e+07
<GCONST> 8.164026e+01
<MIXTURE> 4 1.337592e-01
<MEAN> 6
 -6.476239e+00 1.144366e+02 4.294485e+01 -1.642730e+01 1.841092e+02 -7.344509e+02
<VARIANCE> 6
 3.056713e+02 5.107597e+05 1.562277e+05 4.757417e+04 1.507095e+05 1.112564e+08
<GCONST> 8.307300e+01
<MIXTURE> 5 1.376362e-01
<MEAN> 6
 6.952194e+01 -1.529039e+02 5.885133e+01 -4.358047e+01 -8.562485e+02 5.458183e+02
<VARIANCE> 6
 5.509838e+02 2.773045e+06 3.096412e+05 2.670286e+04 3.885156e+05 1.817660e+08
<GCONST> 8.689844e+01
<MIXTURE> 6 1.186681e-01
<MEAN> 6
 1.162517e+01 2.833127e+01 7.447419e+01 3.805565e+01 -2.958982e+01 -8.118545e+02
<VARIANCE> 6
 4.195578e+02 7.382993e+05 8.491602e+05 4.086142e+04 5.531757e+04 5.195771e+07
<GCONST> 8.353531e+01
<MIXTURE> 7 1.508939e-01
<MEAN> 6
 5.866401e+01 3.031782e+01 -5.239823e+01 2.023523e+01 -4.640663e+02 -3.339214e+02
<VARIANCE> 6
 3.093598e+02 4.233517e+05 3.222331e+05 2.658330e+04 9.548738e+04 5.195771e+07
<GCONST> 8.182149e+01
<MIXTURE> 8 1.181476e-01
<MEAN> 6
 -5.090781e+01 -1.117424e+02 -7.198923e+01 1.175172e+01 5.629956e+02 -1.603162e+03
<VARIANCE> 6
 1.714316e+02 5.035228e+05 5.225989e+05 8.248896e+03 2.486608e+05 6.429122e+07
<GCONST> 8.188802e+01
<STATE> 7
<NUMMIXES> 8
<MIXTURE> 1 6.862030e-02
<MEAN> 6
 6.144629e+01 1.913004e+03 8.107560e+02 -3.056771e+00 -1.359123e+00 1.828284e+02
<VARIANCE> 6
 3.185140e+01 5.429792e+05 5.298941e+05 3.028640e+02 4.053393e+04 5.195771e+07
<GCONST> 7.496272e+01
<MIXTURE> 2 1.492456e-01
<MEAN> 6
 9.140724e+01 -2.320943e+03 -3.615775e+03 -5.489762e+00 6.118470e+00 8.143983e+01
<VARIANCE> 6
 1.364683e+02 7.922824e+06 1.846939e+07 3.028640e+02 4.053393e+04 5.195771e+07
<GCONST> 8.264935e+01
<MIXTURE> 3 1.509209e-01
<MEAN> 6
 9.384577e+01 -3.050836e+02 -4.326962e+02 -4.731044e+00 -2.568039e+00 1.193035e+02
<VARIANCE> 6
 3.755696e+01 1.369959e+05 7.636865e+05 3.028640e+02 4.053393e+04 5.195771e+07
<GCONST> 7.411586e+01
<MIXTURE> 4 1.595427e-01
<MEAN> 6
 8.026569e+01 -7.572224e+02 9.366288e+02 -3.723598e+00 -3.957546e+00 1.483427e+02
<VARIANCE> 6
 6.073642e+01 1.013106e+05 2.712252e+06 3.028640e+02 4.053393e+04 5.195771e+07
<GCONST> 7.556216e+01
<MIXTURE> 5 1.066519e-01
<MEAN> 6
 1.036207e+02 1.118501e+03 -8.225901e+02 -6.107829e+00 7.564362e+00 3.302966e+02
<VARIANCE> 6
 6.643425e+01 4.163122e+05 8.964269e+05 3.028640e+02 4.053393e+04 5.195771e+07
<GCONST> 7.595796e+01
<MIXTURE> 6 1.516580e-01
<MEAN> 6
 8.976022e+01 5.692890e+00 -1.353668e+03 -3.619560e+00 9.074262e-01 1.205209e+02
<VARIANCE> 6
 3.185140e+01 3.507457e+05 2.162449e+06 3.028640e+02 4.053393e+04 5.195771e+07
<GCONST> 7.593203e+01
<MIXTURE> 7 1.072398e-01
<MEAN> 6
 7.575503e+01 -1.428680e+03 1.379652e+02 -2.886984e+00 -2.078127e+00 1.301193e+02
<VARIANCE> 6
 9.268572e+01 1.765843e+05 4.408394e+05 3.028640e+02 4.053393e+04 5.195771e+07
<GCONST> 7.472359e+01
<MIXTURE> 8 1.060770e-01
<MEAN> 6
 1.004186e+02 9.393605e+02 -1.099280e+03 -6.371861e+00 -5.704247e+00 1.719417e+02
<VARIANCE> 6
 6.725101e+01 4.584305e+05 1.008555e+06 3.028640e+02 4.053393e+04 5.195771e+07
<GCONST> 7.618440e+01
<STATE> 8
<NUMMIXES> 8
<MIXTURE> 1 1.195993e-01
<MEAN> 6
 8.015221e+01 1.318985e+02 -3.345459e+01 -1.503354e+00 -4.214254e+00 8.929407e+01
<VARIANCE> 6
 3.185140e+01 1.105033e+05 6.849350e+04 3.028640e+02 4.053393e+04 5.195771e+07
<GCONST> 7.132475e+01
<MIXTURE> 2 1.055549e-01
<MEAN> 6
 5.864586e+01 5.340540e+02 8.464504e+01 5.941271e-02 3.248428e-01 -1.370021e+02
<VARIANCE> 6
 3.185140e+01 3.539800e+04 1.398304e+04 3.028640e+02 4.053393e+04 5.195771e+07
<GCONST> 6.859747e+01
<MIXTURE> 3 8.299385e-02
<MEAN> 6
 7.038628e+01 -7.119944e+02 -1.921634e+01 -2.905040e+00 4.874402e+00 2.003599e+01
<VARIANCE> 6
 3.185140e+01 8.646799e+04 3.346516e+04 3.028640e+02 4.053393e+04 5.195771e+07
<GCONST> 7.036325e+01
<MIXTURE> 4 1.963308e-01
<MEAN> 6
 5.993699e+01 2.650357e+01 -7.912198e+01 -3.519172e-03 -3.384172e+00 -1.543166e+02
<VARIANCE> 6
 3.185140e+01 9.945479e+03 1.398304e+04 3.028640e+02 4.053393e+04 5.195771e+07
<GCONST> 6.732794e+01
<MIXTURE> 5 1.993512e-01
<MEAN> 6
 7.453952e+01 6.152251e+02 -1.951274e+02 -3.134380e+00 -1.130978e+00 6.012982e+01
<VARIANCE> 6
 3.185140e+01 4.044917e+05 2.627327e+05 3.028640e+02 4.053393e+04 5.195771e+07
<GCONST> 7.396674e+01
<MIXTURE> 6 7.840549e-02
<MEAN> 6
 5.690270e+01 6.464967e+01 -2.546109e+02 5.267455e-01 5.297232e+00 -7.290952e+01
<VARIANCE> 6
 3.185140e+01 9.945479e+03 3.257128e+04 3.028640e+02 4.053393e+04 5.195771e+07
<GCONST> 6.817352e+01
<MIXTURE> 7 9.841934e-02
<MEAN> 6
 5.791990e+01 5.747814e+02 6.665316e+01 1.929780e-01 1.307864e+00 -1.318103e+02
<VARIANCE> 6
 3.185140e+01 4.782334e+04 1.398304e+04 3.028640e+02 4.053393e+04 5.195771e+07
<GCONST> 6.889833e+01
<MIXTURE> 8 1.192727e-01
<MEAN> 6
 7.824092e+01 2.136280e+00 -1.233767e+02 -2.136271e+00 -1.425632e+01 -5.305078e+01
<VARIANCE> 6
 3.185140e+01 1.032839e+05 6.962837e+04 3.028640e+02 4.053393e+04 5.195771e+07
<GCONST> 7.127363e+01
<STATE> 9
<NUMMIXES> 8
<MIXTURE> 1 1.263669e-01
<MEAN> 6
 -3.966782e+01 4.456449e+01 -2.336395e+01 -2.306626e+01 9.274844e+02 1.663513e+02
<VARIANCE> 6
 2.527166e+02 7.925055e+04 1.943454e+05 2.237688e+04 4.239623e+05 2.344425e+08
<GCONST> 8.226320e+01
<MIXTURE> 2 9.750225e-02
<MEAN> 6
 5.263991e+01 -6.107581e+01 3.142035e+01 -7.489151e+01 -6.582949e+02 2.842747e+03
<VARIANCE> 6
 1.050169e+03 4.198580e+05 5.061850e+04 2.867970e+04 7.170616e+05 3.357755e+08
<GCONST> 8.514252e+01
<MIXTURE> 3 1.296927e-01
<MEAN> 6
 2.433195e+01 8.155579e+01 8.363738e+01 7.927963e+00 -1.392215e+02 7.592102e+02
<VARIANCE> 6
 5.336189e+02 7.873998e+04 6.579518e+04 3.269006e+04 7.714845e+04 5.195771e+07
<GCONST> 7.908940e+01
<MIXTURE> 4 1.203417e-01
<MEAN> 6
 7.061356e+01 -1.889884e+02 -7.917138e+00 -6.205632e+00 -5.873009e+01 1.164098e+02
<VARIANCE> 6
 9.476698e+01 2.372739e+05 4.949328e+04 3.028640e+02 4.053393e+04 5.195771e+07
<GCONST> 7.285437e+01
<MIXTURE> 5 1.111742e-01
<MEAN> 6
 -2.528025e+01 1.988024e+01 2.674774e+01 1.470526e+01 4.167647e+02 3.568176e+02
<VARIANCE> 6
 3.687233e+02 6.404808e+04 2.663153e+04 1.796885e+04 1.149731e+05 5.195771e+07
<GCONST> 7.740934e+01
<MIXTURE> 6 1.687465e-01
<MEAN> 6
 6.362460e+01 -2.469543e+01 8.519603e+00 -5.634315e+00 -5.738797e+02 -6.998893e+02
<VARIANCE> 6
 1.674909e+02 1.038915e+05 2.969896e+04 1.440239e+04 1.306275e+05 5.195771e+07
<GCONST> 7.711935e+01
<MIXTURE> 7 1.352579e-01
<MEAN> 6
 2.225497e+01 -1.078366e+02 -7.448400e+01 8.263040e+01 -7.923238e+01 -9.125656e+02
<VARIANCE> 6
 6.755852e+02 8.256130e+04 6.310698e+04 1.837971e+04 6.261724e+04 5.195771e+07
<GCONST> 7.854646e+01
<MIXTURE> 8 1.106654e-01
<MEAN> 6
 -2.995858e+01 -7.131326e+01 -3.660892e+01 -1.537236e+01 3.098282e+02 -1.644752e+03
<VARIANCE> 6
 3.094574e+02 6.510893e+04 2.853584e+04 1.447177e+04 1.133440e+05 5.243409e+07
<GCONST> 7.709802e+01
<TRANSP> 10
 0.000000e+00 1.000000e+00 0.000000e+00 0.000000e+00 0.000000e+00 0.000000e+00 0.000000e+00 0.000000e+00 0.000000e+00 0.000000e+00
 0.000000e+00 9.988767e-01 1.123282e-03 0.000000e+00 0.000000e+00 0.000000e+00 0.000000e+00 0.000000e+00 0.000000e+00 0.000000e+00
 0.000000e+00 0.000000e+00 9.994174e-01 5.826314e-04 0.000000e+00 0.000000e+00 0.000000e+00 0.000000e+00 0.000000e+00 0.000000e+00
 0.000000e+00 0.000000e+00 0.000000e+00 9.995010e-01 4.989576e-04 0.000000e+00 0.000000e+00 0.000000e+00 0.000000e+00 0.000000e+00
 0.000000e+00 0.000000e+00 0.000000e+00 0.000000e+00 9.992197e-01 7.803007e-04 0.000000e+00 0.000000e+00 0.000000e+00 0.000000e+00
 0.000000e+00 0.000000e+00 0.000000e+00 0.000000e+00 0.000000e+00 9.999250e-01 7.495398e-05 0.000000e+00 0.000000e+00 0.000000e+00
 0.000000e+00 0.000000e+00 0.000000e+00 0.000000e+00 0.000000e+00 0.000000e+00 9.991887e-01 8.113275e-04 0.000000e+00 0.000000e+00
 0.000000e+00 0.000000e+00 0.000000e+00 0.000000e+00 0.000000e+00 0.000000e+00 0.000000e+00 9.991056e-01 8.943668e-04 0.000000e+00
 0.000000e+00 0.000000e+00 0.000000e+00 0.000000e+00 0.000000e+00 0.000000e+00 0.000000e+00 0.000000e+00 9.998114e-01 1.885722e-04
 0.000000e+00 0.000000e+00 0.000000e+00 0.000000e+00 0.000000e+00 0.000000e+00 0.000000e+00 0.000000e+00 0.000000e+00 0.000000e+00
<ENDHMM>
~h "QuintoPRIMARIA"
<BEGINHMM>
<NUMSTATES> 10
<STATE> 2
<NUMMIXES> 8
<MIXTURE> 1 1.891285e-01
<MEAN> 6
 7.873604e+01 3.090045e+02 5.628477e+02 -1.524260e+00 -3.017483e+01 -1.270726e+02
<VARIANCE> 6
 1.920681e+02 5.152050e+05 4.735600e+06 3.028640e+02 4.053393e+04 5.195771e+07
<GCONST> 7.889717e+01
<MIXTURE> 2 1.139449e-01
<MEAN> 6
 5.564332e+01 2.647605e+01 3.938708e+02 2.900313e+01 -4.583884e+02 4.921200e+02
<VARIANCE> 6
 7.013780e+02 6.079232e+05 2.236930e+06 2.696961e+04 1.812520e+05 5.563925e+07
<GCONST> 8.566324e+01
<MIXTURE> 3 8.616692e-02
<MEAN> 6
 -2.722571e+01 -1.886966e+02 2.269981e+02 1.792772e+02 4.064644e+02 -3.326768e+03
<VARIANCE> 6
 5.799299e+02 2.466485e+05 2.127216e+06 1.209922e+04 1.422631e+05 5.195771e+07
<GCONST> 8.340849e+01
<MIXTURE> 4 9.207655e-02
<MEAN> 6
 1.354766e+01 1.000706e+02 -1.300667e+03 -1.691878e+02 -9.400776e+01 5.304268e+03
<VARIANCE> 6
 2.472483e+03 1.594647e+06 1.174429e+07 3.865896e+04 1.999241e+06 7.058175e+08
<GCONST> 9.484695e+01
<MIXTURE> 5 9.601334e-02
<MEAN> 6
 -6.684701e+01 5.339318e+01 -1.517827e+02 3.193191e+00 1.437085e+02 3.339910e+02
<VARIANCE> 6
 1.174938e+02 3.985623e+05 1.840043e+06 4.955899e+02 6.579498e+04 5.195771e+07
<GCONST> 7.818056e+01
<MIXTURE> 6 1.001639e-01
<MEAN> 6
 -5.467843e+01 -1.207723e+02 -2.276770e+02 -3.904808e+01 9.137477e+02 -8.918224e+01
<VARIANCE> 6
 3.116925e+02 3.509226e+05 1.949014e+06 2.325162e+04 4.505956e+05 2.089404e+08
<GCONST> 8.625046e+01
<MIXTURE> 7 2.105532e-01
<MEAN> 6
 7.064472e+01 -3.124026e+02 -2.939987e+02 3.519600e-01 -2.379954e+01 -1.202500e+02
<VARIANCE> 6
 1.597474e+02 4.208380e+05 1.785860e+06 3.028640e+02 4.053393e+04 5.195771e+07
<GCONST> 7.753539e+01
<MIXTURE> 8 1.116927e-01
<MEAN> 6
 4.897717e+01 -2.203148e+02 -1.237058e+02 -2.094297e+01 -5.882706e+02 -1.821234e+03
<VARIANCE> 6
 8.408683e+02 6.080866e+05 2.111098e+06 3.402638e+04 2.312260e+05 6.013733e+07
<GCONST> 8.634067e+01
<STATE> 3
<NUMMIXES> 8
<MIXTURE> 1 7.321592e-02
<MEAN> 6
 9.539146e+01 -2.851363e+02 -1.193772e+03 8.891406e+01 -1.368844e+03 -1.829492e+03
<VARIANCE> 6
 2.094477e+02 1.127767e+06 2.861361e+06 2.376719e+04 3.059442e+06 2.491398e+09
<GCONST> 9.182021e+01
<MIXTURE> 2 1.010983e-01
<MEAN> 6
 9.070771e+01 8.249461e+02 1.372773e+02 -1.574635e+01 -4.086938e+02 -2.776641e+02
<VARIANCE> 6
 9.466646e+01 1.154889e+06 5.446896e+05 3.405689e+03 3.185227e+05 1.127585e+08
<GCONST> 8.209052e+01
<MIXTURE> 3 1.970339e-01
<MEAN> 6
 -3.611071e+01 1.338170e+02 5.317929e+01 -7.666723e+01 8.494733e+02 4.678264e+03
<VARIANCE> 6
 1.189520e+03 1.530656e+06 1.121220e+06 4.164403e+04 9.139180e+05 3.778197e+08
<GCONST> 9.039204e+01
<MIXTURE> 4 5.915464e-02
<MEAN> 6
 5.028814e+01 2.910719e+02 4.130165e+02 2.327977e+02 -4.991290e+02 1.056541e+03
<VARIANCE> 6
 3.726115e+02 2.406954e+06 2.648185e+06 4.779997e+03 2.130991e+05 8.121230e+07
<GCONST> 8.538534e+01
<MIXTURE> 5 1.143849e-01
<MEAN> 6
 -1.721619e+01 -4.669207e+02 3.700364e+02 2.725543e+02 6.302608e+02 -6.334785e+03
<VARIANCE> 6
 4.579636e+02 7.359749e+05 6.937874e+05 3.989046e+03 2.270340e+05 5.912280e+07
<GCONST> 8.263221e+01
<MIXTURE> 6 1.798619e-01
<MEAN> 6
 6.989356e+01 -2.123425e+02 -1.625184e+02 -1.163632e+02 -8.332737e+02 2.563141e+02
<VARIANCE> 6
 3.287858e+02 1.007127e+06 5.904891e+05 2.368419e+04 2.343445e+05 9.306000e+07
<GCONST> 8.471986e+01
<MIXTURE> 7 7.498461e-02
<MEAN> 6
 4.404654e+01 -6.792759e+02 2.047963e+02 2.564593e+02 -5.676830e+02 -3.761617e+03
<VARIANCE> 6
 4.217139e+02 6.081259e+05 9.783283e+05 4.164312e+03 1.296896e+05 6.837330e+07
<GCONST> 8.233102e+01
<MIXTURE> 8 2.001022e-01
<MEAN> 6
 -3.734607e+01 -2.291538e+02 -3.190374e+02 -1.134743e+02 5.838328e+02 2.333042e+02
<VARIANCE> 6
 1.124609e+03 1.371860e+06 1.160053e+06 3.403423e+04 8.434438e+05 3.204557e+08
<GCONST> 8.981374e+01
<STATE> 4
<NUMMIXES> 8
<MIXTURE> 1 1.410908e-01
<MEAN> 6
 9.865837e+01 1.019441e+03 2.165455e+03 -1.488874e+00 -8.569700e-02 -2.779024e+01
<VARIANCE> 6
 3.185140e+01 2.130925e+05 2.067968e+05 3.028640e+02 4.053393e+04 5.195771e+07
<GCONST> 7.308644e+01
<MIXTURE> 2 1.641346e-01
<MEAN> 6
 1.013466e+02 7.033489e+02 1.654764e+02 -3.844867e+00 5.440434e-01 1.081770e+02
<VARIANCE> 6
 7.905053e+01 2.083118e+04 4.569564e+04 3.028640e+02 4.053393e+04 5.195771e+07
<GCONST> 7.016043e+01
<MIXTURE> 3 9.784732e-02
<MEAN> 6
 9.336353e+01 3.498061e+02 -2.727175e+02 -2.734905e+00 -1.796873e+00 2.342139e+01
<VARIANCE> 6
 3.185140e+01 2.610993e+04 1.787618e+05 3.028640e+02 4.053393e+04 5.195771e+07
<GCONST> 7.084134e+01
<MIXTURE> 4 7.234809e-02
<MEAN> 6
 9.901550e+01 1.882891e+02 6.178027e+02 -2.282755e+00 -1.234856e+01 1.123703e+03
<VARIANCE> 6
 1.237691e+02 5.774572e+05 8.121054e+05 3.028640e+02 4.053393e+04 5.195771e+07
<GCONST> 7.680858e+01
<MIXTURE> 5 1.262951e-01
<MEAN> 6
 9.468323e+01 7.251680e+02 -2.136699e+03 -6.579212e-01 -1.881311e+00 3.484902e+01
<VARIANCE> 6
 3.185140e+01 9.945479e+03 9.678174e+05 3.028640e+02 4.053393e+04 5.195771e+07
<GCONST> 7.156514e+01
<MIXTURE> 6 1.706230e-01
<MEAN> 6
 9.549783e+01 2.086636e+02 2.804076e+03 -3.079355e+00 -4.920794e+00 1.099586e+02
<VARIANCE> 6
 5.154712e+01 5.667047e+04 3.991642e+05 3.028640e+02 4.053393e+04 5.195771e+07
<GCONST> 7.290102e+01
<MIXTURE> 7 1.301953e-01
<MEAN> 6
 1.003350e+02 5.146848e+02 -1.095784e+03 -4.763767e+00 2.126507e+00 1.140748e+02
<VARIANCE> 6
 3.185140e+01 1.259383e+04 5.690679e+05 3.028640e+02 4.053393e+04 5.195771e+07
<GCONST> 7.127018e+01
<MIXTURE> 8 9.744558e-02
<MEAN> 6
 9.160880e+01 2.969607e+02 -4.337203e+02 -3.166765e+00 -1.396569e+01 -5.293457e+01
<VARIANCE> 6
 3.185140e+01 2.213563e+04 1.787867e+05 3.028640e+02 4.053393e+04 5.195771e+07
<GCONST> 7.067636e+01
<STATE> 5
<NUMMIXES> 8
<MIXTURE> 1 6.843960e-02
<MEAN> 6
 7.840779e+01 1.238511e+03 -1.328750e+03 -3.473180e+00 -1.002395e+00 5.641172e+00
<VARIANCE> 6
 3.185140e+01 9.945479e+03 2.520170e+05 3.028640e+02 4.053393e+04 5.195771e+07
<GCONST> 7.021959e+01
<MIXTURE> 2 1.395972e-01
<MEAN> 6
 8.091122e+01 1.403931e+03 1.815412e+01 -3.058303e+00 -5.830377e-01 -6.214835e+01
<VARIANCE> 6
 3.185140e+01 1.328100e+05 5.089139e+04 3.028640e+02 4.053393e+04 5.195771e+07
<GCONST> 7.121159e+01
<MIXTURE> 3 9.517729e-02
<MEAN> 6
 6.586665e+01 1.282264e+03 -6.513347e+02 -6.801889e-01 2.823605e+00 7.887939e+00
<VARIANCE> 6
 3.185140e+01 2.166119e+04 7.279921e+04 3.028640e+02 4.053393e+04 5.195771e+07
<GCONST> 6.975620e+01
<MIXTURE> 4 1.098548e-01
<MEAN> 6
 7.877256e+01 6.114149e+02 -8.368922e+02 -1.986335e+00 -1.272403e+00 -2.018282e+01
<VARIANCE> 6
 3.185140e+01 3.767288e+04 1.398304e+04 3.028640e+02 4.053393e+04 5.195771e+07
<GCONST> 6.865976e+01
<MIXTURE> 5 2.012105e-01
<MEAN> 6
 7.511950e+01 4.198422e+02 -4.159937e+02 -1.065448e+00 -2.995014e+00 -1.013381e+02
<VARIANCE> 6
 3.185140e+01 9.945479e+03 2.276430e+05 3.028640e+02 4.053393e+04 5.195771e+07
<GCONST> 7.011787e+01
<MIXTURE> 6 1.830356e-01
<MEAN> 6
 6.913828e+01 6.926973e+02 -2.385410e+02 -1.660123e+00 -1.192180e+00 4.352951e-02
<VARIANCE> 6
 3.185140e+01 9.974523e+04 1.398304e+04 3.028640e+02 4.053393e+04 5.195771e+07
<GCONST> 6.963344e+01
<MIXTURE> 7 1.108447e-01
<MEAN> 6
 6.659525e+01 8.937808e+02 -3.001181e+02 -4.093803e-01 -5.674845e+00 -3.912440e+01
<VARIANCE> 6
 5.000069e+01 3.006041e+05 1.398304e+04 3.028640e+02 4.053393e+04 5.195771e+07
<GCONST> 7.118757e+01
<MIXTURE> 8 9.179456e-02
<MEAN> 6
 6.284800e+01 1.169447e+03 -8.295850e+02 -1.127281e+00 -1.106944e+01 -1.732874e+02
<VARIANCE> 6
 3.185140e+01 3.144613e+04 7.704245e+04 3.028640e+02 4.053393e+04 5.195771e+07
<GCONST> 7.018561e+01
<STATE> 6
<NUMMIXES> 8
<MIXTURE> 1 1.625169e-01
<MEAN> 6
 7.371696e+01 1.081810e+03 7.691668e+02 -3.806069e+00 -3.318151e+00 7.342115e+01
<VARIANCE> 6
 3.185140e+01 3.361079e+05 1.587986e+05 3.028640e+02 4.053393e+04 5.195771e+07
<GCONST> 7.327805e+01
<MIXTURE> 2 2.121827e-01
<MEAN> 6
 7.106046e+01 1.737549e+03 -6.516441e+02 -9.822314e-01 -1.162705e+00 -8.657743e+01
<VARIANCE> 6
 3.185140e+01 6.227611e+06 1.398304e+04 3.028640e+02 4.053393e+04 5.195771e+07
<GCONST> 7.376756e+01
<MIXTURE> 3 1.199995e-01
<MEAN> 6
 5.710461e+01 -8.783240e+03 -1.989375e+03 -6.768626e-01 -7.532842e+00 -9.216638e+01
<VARIANCE> 6
 3.185140e+01 2.073449e+07 3.245223e+04 3.028640e+02 4.053393e+04 5.195771e+07
<GCONST> 7.581230e+01
<MIXTURE> 4 1.354175e-01
<MEAN> 6
 7.094833e+01 -9.118887e+02 1.329034e+01 5.202330e-01 -3.642342e+00 -1.744241e+02
<VARIANCE> 6
 3.185140e+01 7.527409e+04 1.398304e+04 3.028640e+02 4.053393e+04 5.195771e+07
<GCONST> 6.935196e+01
<MIXTURE> 5 8.542603e-02
<MEAN> 6
 7.246806e+01 1.949396e+02 7.450084e+02 1.185832e+00 1.520161e+00 -8.731604e+01
<VARIANCE> 6
 3.185140e+01 1.966263e+04 1.398304e+04 3.028640e+02 4.053393e+04 5.195771e+07
<GCONST> 6.800954e+01
<MIXTURE> 6 7.583898e-02
<MEAN> 6
 7.813258e+01 6.368407e+00 5.052090e+02 -1.567401e+00 -3.701833e+00 -1.677663e+02
<VARIANCE> 6
 3.185140e+01 9.945479e+03 1.398304e+04 3.028640e+02 4.053393e+04 5.195771e+07
<GCONST> 6.732794e+01
<MIXTURE> 7 1.338525e-01
<MEAN> 6
 6.440339e+01 -1.142303e+03 2.001505e+02 2.954576e+00 -9.130308e+00 7.749677e+01
<VARIANCE> 6
 3.220504e+01 9.945479e+03 1.332539e+05 3.028640e+02 4.053393e+04 5.195771e+07
<GCONST> 6.959338e+01
<MIXTURE> 8 7.475960e-02
<MEAN> 6
 7.147312e+01 1.455765e+02 7.037612e+02 2.366483e-01 -4.785152e+00 -7.829736e+01
<VARIANCE> 6
 3.185140e+01 2.221003e+04 1.805929e+04 3.028640e+02 4.053393e+04 5.195771e+07
<GCONST> 6.838718e+01
<STATE> 7
<NUMMIXES> 8
<MIXTURE> 1 1.752240e-01
<MEAN> 6
 7.505243e+01 1.657772e+02 7.748880e+01 2.059589e-01 -7.293740e+00 -1.935427e+02
<VARIANCE> 6
 3.185140e+01 9.945479e+03 1.398304e+04 3.028640e+02 4.053393e+04 5.195771e+07
<GCONST> 6.732794e+01
<MIXTURE> 2 1.452250e-01
<MEAN> 6
 5.843146e+01 5.411132e+01 2.871499e+02 3.450912e-01 1.574970e+00 -1.529351e+02
<VARIANCE> 6
 3.185140e+01 9.945479e+03 1.398304e+04 3.028640e+02 4.053393e+04 5.195771e+07
<GCONST> 6.732794e+01
<MIXTURE> 3 1.314634e-01
<MEAN> 6
 5.718701e+01 1.262746e+02 -8.546821e+01 -5.717514e-01 3.526426e+00 -1.372142e+02
<VARIANCE> 6
 3.185140e+01 5.539896e+04 1.398304e+04 3.028640e+02 4.053393e+04 5.195771e+07
<GCONST> 6.904538e+01
<MIXTURE> 4 1.200004e-01
<MEAN> 6
 6.451778e+01 -2.092446e+01 -2.708063e+02 -2.797417e-01 -5.791389e+00 -1.461182e+02
<VARIANCE> 6
 3.185140e+01 2.076867e+04 3.603187e+04 3.028640e+02 4.053393e+04 5.195771e+07
<GCONST> 6.901083e+01
<MIXTURE> 5 7.998104e-02
<MEAN> 6
 6.320906e+01 -1.775609e+02 -3.026382e+02 4.781566e-01 -5.393066e-01 -5.034180e+01
<VARIANCE> 6
 3.185140e+01 1.028997e+04 6.123611e+04 3.028640e+02 4.053393e+04 5.195771e+07
<GCONST> 6.883888e+01
<MIXTURE> 6 1.478476e-01
<MEAN> 6
 5.852433e+01 -7.508017e+01 1.874189e+01 -4.794451e-01 -9.032868e+00 -1.224052e+02
<VARIANCE> 6
 3.185140e+01 9.945479e+03 1.398304e+04 3.028640e+02 4.053393e+04 5.195771e+07
<GCONST> 6.732794e+01
<MIXTURE> 7 1.193307e-01
<MEAN> 6
 6.391094e+01 -5.116616e+01 -3.391587e+02 -6.209142e-02 -7.438944e+00 -1.599274e+02
<VARIANCE> 6
 3.185140e+01 2.022370e+04 2.397887e+04 3.028640e+02 4.053393e+04 5.195771e+07
<GCONST> 6.857700e+01
<MIXTURE> 8 8.087116e-02
<MEAN> 6
 6.154585e+01 -2.117832e+02 -3.892122e+02 -2.373734e-01 -2.121569e+01 -2.841609e+02
<VARIANCE> 6
 3.185140e+01 9.945479e+03 5.694272e+04 3.028640e+02 4.053393e+04 5.195771e+07
<GCONST> 6.873214e+01
<STATE> 8
<NUMMIXES> 8
<MIXTURE> 1 8.343501e-02
<MEAN> 6
 8.503061e+01 -6.494828e+01 -6.441505e+01 1.955032e-03 1.405716e-01 6.068579e+01
<VARIANCE> 6
 3.185140e+01 1.205129e+04 1.560740e+04 3.028640e+02 4.053393e+04 5.195771e+07
<GCONST> 6.762989e+01
<MIXTURE> 2 1.165390e-01
<MEAN> 6
 6.955521e+01 -3.715328e+02 3.104798e+03 -3.299883e+00 6.402194e+00 1.786450e+02
<VARIANCE> 6
 1.282612e+02 1.916314e+05 8.465568e+04 3.028640e+02 4.053393e+04 5.195771e+07
<GCONST> 7.348013e+01
<MIXTURE> 3 1.617500e-01
<MEAN> 6
 9.761035e+01 -4.988085e+02 -5.435820e+02 -9.832222e-01 -3.047031e+00 -8.546811e+01
<VARIANCE> 6
 3.196662e+01 9.945479e+03 1.398304e+04 3.028640e+02 4.053393e+04 5.195771e+07
<GCONST> 6.733154e+01
<MIXTURE> 4 1.117623e-01
<MEAN> 6
 8.576043e+01 -3.683475e+02 2.822944e+02 -1.837263e+00 -4.521112e-01 7.923280e+00
<VARIANCE> 6
 3.185140e+01 1.458010e+04 1.464258e+06 3.028640e+02 4.053393e+04 5.195771e+07
<GCONST> 7.236173e+01
<MIXTURE> 5 1.759602e-01
<MEAN> 6
 8.346558e+01 -3.852106e+01 -2.576241e+02 -5.511987e-01 -3.531241e+00 -2.222728e+01
<VARIANCE> 6
 3.185140e+01 2.492625e+04 1.398304e+04 3.028640e+02 4.053393e+04 5.195771e+07
<GCONST> 6.824674e+01
<MIXTURE> 6 1.722245e-01
<MEAN> 6
 8.423437e+01 -6.814790e+01 -1.278583e+02 -2.909931e-01 -3.415637e+00 -3.723857e+01
<VARIANCE> 6
 3.185140e+01 1.256658e+04 2.107349e+04 3.028640e+02 4.053393e+04 5.195771e+07
<GCONST> 6.797203e+01
<MIXTURE> 7 9.469705e-02
<MEAN> 6
 8.315189e+01 -3.652693e+02 -8.011920e+02 -1.358278e+00 -1.692412e-01 1.130135e+00
<VARIANCE> 6
 3.185140e+01 4.197899e+04 5.246446e+05 3.028640e+02 4.053393e+04 5.195771e+07
<GCONST> 7.239287e+01
<MIXTURE> 8 8.361156e-02
<MEAN> 6
 8.364604e+01 -1.021986e+02 -1.106358e+02 -5.294540e-01 -8.926254e+00 -1.299423e+02
<VARIANCE> 6
 3.185140e+01 1.204341e+04 1.818651e+04 3.028640e+02 4.053393e+04 5.195771e+07
<GCONST> 6.778217e+01
<STATE> 9
<NUMMIXES> 8
<MIXTURE> 1 2.044978e-01
<MEAN> 6
 8.330715e+01 -7.013445e+01 1.297095e+01 -7.279467e+00 -1.667240e+01 -2.392971e+02
<VARIANCE> 6
 1.536132e+02 4.680627e+05 1.898017e+05 3.028640e+02 4.053393e+04 5.195771e+07
<GCONST> 7.536092e+01
<MIXTURE> 2 1.555090e-02
<MEAN> 6
 -2.703810e+00 1.521387e+02 1.298728e+02 -2.736459e+01 -1.013334e+02 3.544796e+03
<VARIANCE> 6
 1.155380e+04 2.082861e+05 4.214202e+05 1.798098e+06 9.833634e+08 1.445703e+12
<GCONST> 1.086884e+02
<MIXTURE> 3 1.085618e-01
<MEAN> 6
 -3.940368e+01 3.686718e+01 1.547079e+02 7.384588e+01 6.888683e+02 3.268098e+02
<VARIANCE> 6
 4.535161e+02 1.392674e+05 1.295940e+05 1.796647e+04 2.521825e+05 5.470124e+07
<GCONST> 8.081217e+01
<MIXTURE> 4 1.032653e-01
<MEAN> 6
 3.594939e+01 3.211006e+02 3.578133e+02 2.185622e+01 -3.981390e+02 -6.925451e+02
<VARIANCE> 6
 3.233925e+03 2.197428e+06 1.130805e+06 3.793386e+04 1.225694e+06 4.383451e+08
<GCONST> 9.211108e+01
<MIXTURE> 5 1.960987e-01
<MEAN> 6
 7.168250e+01 2.935093e+01 -4.641290e+01 1.210676e+00 -7.275592e+02 -5.614272e+02
<VARIANCE> 6
 4.034403e+02 2.146086e+05 1.277075e+05 2.781530e+04 3.450985e+05 1.056595e+08
<GCONST> 8.252202e+01
<MIXTURE> 6 1.556444e-01
<MEAN> 6
 3.104661e+01 -3.676347e+00 1.018225e+01 1.219355e+00 -1.582359e+02 -1.742682e+02
<VARIANCE> 6
 1.022647e+03 4.789856e+04 5.231286e+04 4.724763e+04 1.902279e+05 9.516382e+07
<GCONST> 8.088950e+01
<MIXTURE> 7 1.056087e-01
<MEAN> 6
 -1.629080e+01 -1.566511e+02 5.433937e+01 -9.942416e+01 7.791359e+02 3.561939e+03
<VARIANCE> 6
 2.332166e+03 4.137026e+05 1.815868e+05 5.466234e+04 1.863056e+06 1.120944e+09
<GCONST> 9.000830e+01
<MIXTURE> 8 1.101647e-01
<MEAN> 6
 -4.651382e+01 -8.892899e+01 3.013298e+01 2.036197e+01 5.191829e+02 -1.688344e+03
<VARIANCE> 6
 4.203909e+02 1.461110e+05 1.135291e+05 1.345483e+04 2.194923e+05 5.473940e+07
<GCONST> 8.022464e+01
<TRANSP> 10
 0.000000e+00 1.000000e+00 0.000000e+00 0.000000e+00 0.000000e+00 0.000000e+00 0.000000e+00 0.000000e+00 0.000000e+00 0.000000e+00
 0.000000e+00 9.998627e-01 1.372430e-04 0.000000e+00 0.000000e+00 0.000000e+00 0.000000e+00 0.000000e+00 0.000000e+00 0.000000e+00
 0.000000e+00 0.000000e+00 9.996383e-01 3.616533e-04 0.000000e+00 0.000000e+00 0.000000e+00 0.000000e+00 0.000000e+00 0.000000e+00
 0.000000e+00 0.000000e+00 0.000000e+00 9.983397e-01 1.660294e-03 0.000000e+00 0.000000e+00 0.000000e+00 0.000000e+00 0.000000e+00
 0.000000e+00 0.000000e+00 0.000000e+00 0.000000e+00 9.987525e-01 1.247478e-03 0.000000e+00 0.000000e+00 0.000000e+00 0.000000e+00
 0.000000e+00 0.000000e+00 0.000000e+00 0.000000e+00 0.000000e+00 9.979250e-01 2.075003e-03 0.000000e+00 0.000000e+00 0.000000e+00
 0.000000e+00 0.000000e+00 0.000000e+00 0.000000e+00 0.000000e+00 0.000000e+00 9.992094e-01 7.905359e-04 0.000000e+00 0.000000e+00
 0.000000e+00 0.000000e+00 0.000000e+00 0.000000e+00 0.000000e+00 0.000000e+00 0.000000e+00 9.987412e-01 1.258735e-03 0.000000e+00
 0.000000e+00 0.000000e+00 0.000000e+00 0.000000e+00 0.000000e+00 0.000000e+00 0.000000e+00 0.000000e+00 9.999281e-01 7.189915e-05
 0.000000e+00 0.000000e+00 0.000000e+00 0.000000e+00 0.000000e+00 0.000000e+00 0.000000e+00 0.000000e+00 0.000000e+00 0.000000e+00
<ENDHMM>
