~o
<STREAMINFO> 1 4
<VECSIZE> 4<NULLD><USER><DIAGC>
~h "SegundoPRIMARIA"
<BEGINHMM>
<NUMSTATES> 4
<STATE> 2
<MEAN> 4
 4.771039e+01 -5.342103e-01 -2.122907e+00 -3.883419e+01
<VARIANCE> 4
 2.395895e+03 1.012812e+04 2.030503e+05 4.706515e+07
<GCONST> 5.424435e+01
<STATE> 3
<MEAN> 4
 3.055865e+01 9.112724e-01 1.178574e+00 2.074832e+01
<VARIANCE> 4
 4.062579e+03 3.873330e+04 1.175858e+06 3.426120e+08
<GCONST> 5.985516e+01
<TRANSP> 4
 0.000000e+00 1.000000e+00 0.000000e+00 0.000000e+00
 0.000000e+00 9.998962e-01 1.038406e-04 0.000000e+00
 0.000000e+00 0.000000e+00 9.999415e-01 5.845622e-05
 0.000000e+00 0.000000e+00 0.000000e+00 0.000000e+00
<ENDHMM>
~h "SegundoESO"
<BEGINHMM>
<NUMSTATES> 4
<STATE> 2
<MEAN> 4
 4.614556e+01 2.324321e-01 -1.636876e+00 -3.597964e+01
<VARIANCE> 4
 1.576025e+03 4.797489e+03 7.601065e+04 1.837756e+07
<GCONST> 5.115529e+01
<STATE> 3
<MEAN> 4
 2.327759e+01 2.779341e-01 6.667087e-01 1.762701e+01
<VARIANCE> 4
 2.950238e+03 2.712497e+04 6.054231e+05 1.294239e+08
<GCONST> 5.754165e+01
<TRANSP> 4
 0.000000e+00 1.000000e+00 0.000000e+00 0.000000e+00
 0.000000e+00 9.998899e-01 1.101074e-04 0.000000e+00
 0.000000e+00 0.000000e+00 9.999446e-01 5.539281e-05
 0.000000e+00 0.000000e+00 0.000000e+00 0.000000e+00
<ENDHMM>
~h "QuintoPRIMARIA"
<BEGINHMM>
<NUMSTATES> 4
<STATE> 2
<MEAN> 4
 3.501442e+01 -8.709090e-01 1.952295e+00 1.227247e+01
<VARIANCE> 4
 3.459787e+03 4.797093e+04 2.763352e+06 1.701354e+09
<GCONST> 6.236546e+01
<STATE> 3
<MEAN> 4
 3.369416e+01 5.161800e-01 -3.273650e-01 1.466161e+00
<VARIANCE> 4
 3.068510e+03 1.982036e+04 4.470065e+05 1.070173e+08
<GCONST> 5.677375e+01
<TRANSP> 4
 0.000000e+00 1.000000e+00 0.000000e+00 0.000000e+00
 0.000000e+00 9.997799e-01 2.200416e-04 0.000000e+00
 0.000000e+00 0.000000e+00 9.999570e-01 4.300540e-05
 0.000000e+00 0.000000e+00 0.000000e+00 0.000000e+00
<ENDHMM>
