~o
<STREAMINFO> 1 6
<VECSIZE> 6<NULLD><USER><DIAGC>
~h "SegundoPRIMARIA"
<BEGINHMM>
<NUMSTATES> 3
<STATE> 2
<MEAN> 6
 3.739423e+01 2.066388e-04 -2.045392e-04 3.311184e-01 -4.831196e-02 -9.675367e-01
<VARIANCE> 6
 3.568086e+03 1.012982e+06 5.099417e+05 3.198851e+04 2.821843e+06 3.252980e+09
<GCONST> 9.330637e+01
<TRANSP> 3
 0.000000e+00 1.000000e+00 0.000000e+00
 0.000000e+00 9.999629e-01 3.712958e-05
 0.000000e+00 0.000000e+00 0.000000e+00
<ENDHMM>
~h "SegundoESO"
<BEGINHMM>
<NUMSTATES> 3
<STATE> 2
<MEAN> 6
 3.111133e+01 6.464772e-04 1.809281e-05 2.476409e-01 -1.049940e-01 -7.058411e-01
<VARIANCE> 6
 2.653025e+03 2.390352e+06 1.704991e+06 1.968462e+04 4.218980e+05 8.865299e+07
<GCONST> 8.908709e+01
<TRANSP> 3
 0.000000e+00 1.000000e+00 0.000000e+00
 0.000000e+00 9.999634e-01 3.659580e-05
 0.000000e+00 0.000000e+00 0.000000e+00
<ENDHMM>
~h "QuintoPRIMARIA"
<BEGINHMM>
<NUMSTATES> 3
<STATE> 2
<MEAN> 6
 3.400214e+01 -7.217928e-06 4.360923e-05 2.431466e-01 3.332248e-02 3.012671e+00
<VARIANCE> 6
 3.353520e+03 7.677928e+05 1.724718e+06 3.752854e+04 8.218152e+06 1.134514e+10
<GCONST> 9.666364e+01
<TRANSP> 3
 0.000000e+00 1.000000e+00 0.000000e+00
 0.000000e+00 9.999642e-01 3.573647e-05
 0.000000e+00 0.000000e+00 0.000000e+00
<ENDHMM>
