~o
<STREAMINFO> 1 6
<VECSIZE> 6<NULLD><USER><DIAGC>
~h "SegundoPRIMARIA"
<BEGINHMM>
<NUMSTATES> 5
<STATE> 2
<NUMMIXES> 4
<MIXTURE> 1 1.959182e-01
<MEAN> 6
 7.532415e+01 7.916660e+01 3.257732e+02 -2.334118e-04 -2.678337e+01 -3.615372e+01
<VARIANCE> 6
 1.031637e+03 6.242972e+05 2.420682e+06 3.231374e+02 3.935073e+04 5.026736e+07
<GCONST> 8.010132e+01
<MIXTURE> 2 1.885180e-01
<MEAN> 6
 3.651721e+01 -1.840725e+02 7.674889e+01 -5.444450e+01 -1.239480e+02 1.957080e+03
<VARIANCE> 6
 3.937366e+03 1.329560e+07 1.552830e+06 4.819788e+04 1.907621e+06 7.742909e+08
<GCONST> 9.567596e+01
<MIXTURE> 3 4.273753e-01
<MEAN> 6
 2.472979e+00 -9.664132e+00 -9.852625e+01 2.589760e+01 7.976449e+01 -7.612423e+02
<VARIANCE> 6
 3.509478e+03 1.917658e+05 1.327316e+06 3.574589e+04 6.773011e+05 8.277958e+07
<GCONST> 8.759494e+01
<MIXTURE> 4 1.880052e-01
<MEAN> 6
 4.643018e+01 -5.808414e+01 -7.666279e+01 -3.180391e+00 -2.688735e+01 -2.153279e+02
<VARIANCE> 6
 3.933812e+03 3.731743e+05 2.136170e+06 3.987229e+02 3.935073e+04 5.026736e+07
<GCONST> 8.101035e+01
<STATE> 3
<NUMMIXES> 4
<MIXTURE> 1 3.275851e-01
<MEAN> 6
 8.044210e+01 2.237401e+02 8.022024e+01 -1.068226e+00 -2.598955e+00 -6.558392e+01
<VARIANCE> 6
 1.986788e+02 1.924340e+06 2.363728e+05 2.994282e+02 3.935073e+04 5.026736e+07
<GCONST> 7.717722e+01
<MIXTURE> 2 2.325088e-01
<MEAN> 6
 8.154005e+01 2.346731e+02 -1.171816e+02 -1.214967e+00 -2.517421e+00 -3.343644e+01
<VARIANCE> 6
 1.336063e+02 3.234806e+05 5.753238e+05 2.994282e+02 3.935073e+04 5.026736e+07
<GCONST> 7.588675e+01
<MIXTURE> 3 2.269269e-01
<MEAN> 6
 7.214530e+01 8.569518e+01 -6.143169e+01 4.834023e-01 8.849835e-01 -1.127451e+02
<VARIANCE> 6
 9.388083e+01 9.013591e+04 9.114015e+04 2.994282e+02 3.935073e+04 5.026736e+07
<GCONST> 7.241353e+01
<MIXTURE> 4 2.129231e-01
<MEAN> 6
 6.765674e+01 -3.970732e+01 -2.277949e+02 3.670532e-01 -2.295733e+00 -1.046767e+02
<VARIANCE> 6
 9.149536e+01 1.096485e+05 1.314101e+05 2.994282e+02 3.935073e+04 5.026736e+07
<GCONST> 7.294967e+01
<STATE> 4
<NUMMIXES> 4
<MIXTURE> 1 2.291418e-02
<MEAN> 6
 3.511382e+01 1.933237e+02 7.478475e+01 -1.501464e+01 -5.856415e+02 2.591733e+03
<VARIANCE> 6
 6.744785e+03 2.294822e+06 2.065020e+06 4.086615e+05 1.937497e+08 2.759292e+11
<GCONST> 1.073767e+02
<MIXTURE> 2 2.886039e-01
<MEAN> 6
 3.596497e+01 9.001723e+01 6.290580e+01 5.685396e+01 3.894326e+01 -7.263554e+01
<VARIANCE> 6
 3.874355e+03 3.071770e+05 1.386892e+05 1.874455e+04 2.610555e+05 5.026736e+07
<GCONST> 8.380858e+01
<MIXTURE> 3 3.893750e-01
<MEAN> 6
 2.220994e+01 -3.984024e+01 1.300443e+01 -5.097234e+01 3.740855e+01 8.349859e+02
<VARIANCE> 6
 3.784978e+03 2.981844e+05 1.560417e+05 5.711769e+04 2.062920e+06 5.464785e+08
<GCONST> 8.944091e+01
<MIXTURE> 4 2.992826e-01
<MEAN> 6
 3.768569e+01 -1.082568e+02 -6.373523e+01 1.415896e+01 -4.081049e+01 -1.162045e+03
<VARIANCE> 6
 4.027494e+03 2.843490e+05 1.263554e+05 1.804785e+04 2.790768e+05 5.026736e+07
<GCONST> 8.370586e+01
<TRANSP> 5
 0.000000e+00 1.000000e+00 0.000000e+00 0.000000e+00 0.000000e+00
 0.000000e+00 9.998341e-01 1.659378e-04 0.000000e+00 0.000000e+00
 0.000000e+00 0.000000e+00 9.997284e-01 2.716157e-04 0.000000e+00
 0.000000e+00 0.000000e+00 0.000000e+00 9.999427e-01 5.733547e-05
 0.000000e+00 0.000000e+00 0.000000e+00 0.000000e+00 0.000000e+00
<ENDHMM>
~h "SegundoESO"
<BEGINHMM>
<NUMSTATES> 5
<STATE> 2
<NUMMIXES> 4
<MIXTURE> 1 1.925487e-01
<MEAN> 6
 8.086671e+01 -4.299140e+02 3.413312e+03 -1.527957e+00 -3.033446e+00 -1.212357e+02
<VARIANCE> 6
 9.103301e+01 3.685431e+07 2.991716e+07 3.180823e+02 3.935073e+04 5.026736e+07
<GCONST> 8.425036e+01
<MIXTURE> 2 2.121567e-01
<MEAN> 6
 7.224163e+01 7.714246e+02 -8.606063e+02 -6.895547e-01 -1.050527e+00 -9.273123e+01
<VARIANCE> 6
 5.918102e+01 6.191961e+05 3.028505e+06 2.994282e+02 3.935073e+04 5.026736e+07
<GCONST> 7.738263e+01
<MIXTURE> 3 3.688610e-01
<MEAN> 6
 6.892506e+01 1.711678e+02 -2.527441e+03 -3.248983e-01 -9.132138e-01 -7.847657e+01
<VARIANCE> 6
 6.828384e+01 1.898400e+05 1.043382e+07 2.994282e+02 3.935073e+04 5.026736e+07
<GCONST> 7.758044e+01
<MIXTURE> 4 2.263735e-01
<MEAN> 6
 6.795572e+01 5.380170e+02 -1.360374e+03 -6.510739e-01 -3.030882e+00 -1.009341e+02
<VARIANCE> 6
 6.936312e+01 4.216177e+05 1.748901e+06 2.994282e+02 3.935073e+04 5.026736e+07
<GCONST> 7.660798e+01
<STATE> 3
<NUMMIXES> 4
<MIXTURE> 1 2.955323e-01
<MEAN> 6
 7.649024e+01 -5.079273e+02 2.669617e+02 6.639647e-02 -7.889573e+00 -1.091263e+02
<VARIANCE> 6
 9.255521e+01 6.685185e+05 9.725241e+04 2.994282e+02 3.935073e+04 5.026736e+07
<GCONST> 7.446796e+01
<MIXTURE> 2 1.938861e-01
<MEAN> 6
 6.242648e+01 3.877875e+02 -1.194680e+02 1.567241e-01 -1.511990e+00 -1.211590e+02
<VARIANCE> 6
 3.175652e+01 1.340976e+06 4.006305e+04 2.994282e+02 3.935073e+04 5.026736e+07
<GCONST> 7.320749e+01
<MIXTURE> 3 3.175956e-01
<MEAN> 6
 6.816888e+01 7.000148e+01 1.323774e+02 -9.386891e-02 -6.210262e+00 -1.379098e+02
<VARIANCE> 6
 6.652211e+01 2.661872e+05 4.578050e+04 2.994282e+02 3.935073e+04 5.026736e+07
<GCONST> 7.246337e+01
<MIXTURE> 4 1.928975e-01
<MEAN> 6
 6.058715e+01 -2.037317e+02 -2.433218e+02 8.922569e-02 -2.517441e+00 -1.280249e+02
<VARIANCE> 6
 3.175652e+01 2.048274e+06 4.689948e+04 2.994282e+02 3.935073e+04 5.026736e+07
<GCONST> 7.378864e+01
<STATE> 4
<NUMMIXES> 4
<MIXTURE> 1 1.929572e-01
<MEAN> 6
 5.819853e+01 -3.792779e+02 1.327830e+02 1.137389e+01 -1.502667e+02 -8.442033e+01
<VARIANCE> 6
 1.527609e+03 7.001464e+06 1.833657e+06 1.184119e+04 1.069203e+05 5.026736e+07
<GCONST> 8.723421e+01
<MIXTURE> 2 2.476167e-01
<MEAN> 6
 1.205862e+01 1.753569e+02 8.248375e+01 -4.285977e+01 9.489586e+01 1.124952e+03
<VARIANCE> 6
 3.363859e+03 1.760144e+06 5.003311e+06 3.752118e+04 1.338535e+06 3.448819e+08
<GCONST> 9.325308e+01
<MIXTURE> 3 2.821380e-01
<MEAN> 6
 1.633693e+01 1.258174e+02 8.135717e+01 3.387924e+01 6.030646e+01 1.343383e+02
<VARIANCE> 6
 2.588551e+03 2.952080e+05 1.826526e+05 1.937342e+04 2.904876e+05 5.026736e+07
<GCONST> 8.378073e+01
<MIXTURE> 4 2.762282e-01
<MEAN> 6
 2.086755e+01 -5.709134e+01 -4.924933e+01 -2.796918e+00 -3.915500e+01 -1.004355e+03
<VARIANCE> 6
 2.475493e+03 3.027604e+05 1.706603e+05 2.242884e+04 3.153797e+05 5.026736e+07
<GCONST> 8.392208e+01
<TRANSP> 5
 0.000000e+00 1.000000e+00 0.000000e+00 0.000000e+00 0.000000e+00
 0.000000e+00 9.994560e-01 5.440295e-04 0.000000e+00 0.000000e+00
 0.000000e+00 0.000000e+00 9.996452e-01 3.548017e-04 0.000000e+00
 0.000000e+00 0.000000e+00 0.000000e+00 9.999561e-01 4.387142e-05
 0.000000e+00 0.000000e+00 0.000000e+00 0.000000e+00 0.000000e+00
<ENDHMM>
~h "QuintoPRIMARIA"
<BEGINHMM>
<NUMSTATES> 5
<STATE> 2
<NUMMIXES> 4
<MIXTURE> 1 3.258341e-01
<MEAN> 6
 1.913403e+01 -4.138359e+01 7.110720e+00 3.424561e+01 1.181491e+02 -5.462991e+02
<VARIANCE> 6
 3.091604e+03 1.363726e+05 2.246227e+05 9.374652e+03 1.392052e+05 5.026736e+07
<GCONST> 8.193137e+01
<MIXTURE> 2 2.425950e-01
<MEAN> 6
 2.353419e+01 -2.121479e+01 -1.711146e+02 -3.433325e+01 7.068587e+01 1.459940e+03
<VARIANCE> 6
 3.549560e+03 1.650959e+06 7.209052e+06 3.922782e+04 1.543077e+06 4.881316e+08
<GCONST> 9.414208e+01
<MIXTURE> 3 2.206458e-01
<MEAN> 6
 3.591578e+01 6.400184e+01 2.520741e+01 1.602803e+01 -7.887492e+01 5.528215e+02
<VARIANCE> 6
 2.092836e+03 6.676523e+04 5.069674e+04 2.578089e+04 4.541144e+05 6.819732e+07
<GCONST> 8.183750e+01
<MIXTURE> 4 2.099508e-01
<MEAN> 6
 3.456464e+01 -1.702806e+01 -4.309960e+01 -2.673435e+01 -1.815357e+02 -1.450374e+03
<VARIANCE> 6
 2.059969e+03 7.239273e+04 5.968606e+04 2.813496e+04 5.414891e+05 8.535808e+07
<GCONST> 8.255364e+01
<STATE> 3
<NUMMIXES> 4
<MIXTURE> 1 2.162881e-01
<MEAN> 6
 8.415241e+01 6.046965e+02 5.098495e+02 -1.997510e+00 -5.769427e-01 -3.933422e+00
<VARIANCE> 6
 2.658437e+02 3.844209e+06 2.936123e+06 2.994282e+02 3.935073e+04 5.026736e+07
<GCONST> 8.067986e+01
<MIXTURE> 2 2.596330e-01
<MEAN> 6
 7.580914e+01 -6.260244e+01 -2.935864e+01 -2.251200e+00 -1.351151e+00 -6.948575e+00
<VARIANCE> 6
 1.278557e+02 8.599760e+04 9.729800e+04 2.994282e+02 3.935073e+04 5.026736e+07
<GCONST> 7.274078e+01
<MIXTURE> 3 3.031555e-01
<MEAN> 6
 7.597417e+01 -1.621738e+02 -1.120055e+02 -1.857919e+00 -1.886907e+00 -2.370343e+01
<VARIANCE> 6
 1.227801e+02 1.746652e+05 9.651331e+04 2.994282e+02 3.935073e+04 5.026736e+07
<GCONST> 7.340073e+01
<MIXTURE> 4 2.210389e-01
<MEAN> 6
 7.498306e+01 8.475674e+01 -4.181741e+02 -1.009846e+00 -2.584647e+00 -2.433657e+01
<VARIANCE> 6
 2.115186e+02 1.959444e+06 4.578038e+06 2.994282e+02 3.935073e+04 5.026736e+07
<GCONST> 8.022153e+01
<STATE> 4
<NUMMIXES> 4
<MIXTURE> 1 3.126525e-01
<MEAN> 6
 5.229249e+01 1.600622e+02 3.041814e+02 2.535339e+01 -6.273746e+01 1.168858e+02
<VARIANCE> 6
 2.930610e+03 8.714339e+05 1.555414e+06 1.321480e+04 1.550949e+05 5.026736e+07
<GCONST> 8.611913e+01
<MIXTURE> 2 3.031185e-02
<MEAN> 6
 1.577884e+01 -1.290504e+02 -2.220773e+02 -2.854564e+01 -3.751537e+02 3.363815e+03
<VARIANCE> 6
 9.702036e+03 3.060568e+06 1.795878e+06 1.128922e+06 6.040211e+08 8.853307e+11
<GCONST> 1.112076e+02
<MIXTURE> 3 3.521385e-01
<MEAN> 6
 1.912386e-01 -1.341859e+02 4.899903e+01 -2.036074e+01 1.984963e+02 1.898993e+02
<VARIANCE> 6
 3.733614e+03 4.823039e+05 4.903503e+05 5.014227e+04 1.478411e+06 3.975477e+08
<GCONST> 9.027153e+01
<MIXTURE> 4 3.047418e-01
<MEAN> 6
 4.008971e+01 -6.452294e+01 -1.616731e+02 1.784259e+00 -1.256779e+02 -6.149281e+02
<VARIANCE> 6
 3.451362e+03 7.414242e+05 1.520932e+06 2.025365e+04 2.358540e+05 5.026736e+07
<GCONST> 8.694487e+01
<TRANSP> 5
 0.000000e+00 1.000000e+00 0.000000e+00 0.000000e+00 0.000000e+00
 0.000000e+00 9.999211e-01 7.887606e-05 0.000000e+00 0.000000e+00
 0.000000e+00 0.000000e+00 9.997511e-01 2.489107e-04 0.000000e+00
 0.000000e+00 0.000000e+00 0.000000e+00 9.999117e-01 8.834601e-05
 0.000000e+00 0.000000e+00 0.000000e+00 0.000000e+00 0.000000e+00
<ENDHMM>
