~o
<STREAMINFO> 1 6
<VECSIZE> 6<NULLD><USER><DIAGC>
~h "SegundoPRIMARIA"
<BEGINHMM>
<NUMSTATES> 3
<STATE> 2
<NUMMIXES> 5
<MIXTURE> 1 9.501645e-03
<MEAN> 6
 4.313675e+01 -7.209763e+00 1.562190e+01 -3.589411e+01 -8.379294e+02 1.058528e+04
<VARIANCE> 6
 6.806081e+03 1.205150e+06 7.660054e+05 4.681100e+05 2.215744e+08 3.320340e+11
<GCONST> 1.062051e+02
<MIXTURE> 2 1.714057e-01
<MEAN> 6
 3.316511e+01 2.131474e+02 1.271513e+02 5.190697e+01 1.703026e+02 4.119891e+02
<VARIANCE> 6
 3.893784e+03 4.218679e+05 3.269347e+05 1.221388e+04 1.370258e+05 4.889157e+07
<GCONST> 8.388773e+01
<MIXTURE> 3 2.983314e-01
<MEAN> 6
 2.951256e+01 -6.932266e+01 9.220361e+00 -3.861018e+01 6.899530e+01 5.926252e+02
<VARIANCE> 6
 4.134229e+03 2.740420e+06 1.273972e+06 5.068129e+04 2.041335e+06 6.082609e+08
<GCONST> 9.382413e+01
<MIXTURE> 4 3.418155e-01
<MEAN> 6
 5.327423e+01 -3.224793e+01 -1.835966e+01 -1.063462e+00 -1.769474e+02 -4.496909e+02
<VARIANCE> 6
 2.428919e+03 1.166653e+05 1.656027e+05 2.567718e+04 3.757900e+05 4.938364e+07
<GCONST> 8.321214e+01
<MIXTURE> 5 1.770299e-01
<MEAN> 6
 2.383776e+01 -2.662517e+01 -1.040875e+02 2.088836e+01 1.051418e+02 -1.109553e+03
<VARIANCE> 6
 4.296933e+03 4.070295e+05 3.373704e+05 1.010983e+04 1.190457e+05 4.889157e+07
<GCONST> 8.365214e+01
<TRANSP> 3
 0.000000e+00 1.000000e+00 0.000000e+00
 0.000000e+00 9.999629e-01 3.704509e-05
 0.000000e+00 0.000000e+00 0.000000e+00
<ENDHMM>
~h "SegundoESO"
<BEGINHMM>
<NUMSTATES> 3
<STATE> 2
<NUMMIXES> 5
<MIXTURE> 1 1.893471e-01
<MEAN> 6
 6.211415e+01 -1.398387e+02 -2.694740e+02 1.171507e+01 -1.505815e+02 -1.881036e+01
<VARIANCE> 6
 1.213025e+03 9.234578e+06 9.824351e+06 1.159386e+04 1.182990e+05 4.889157e+07
<GCONST> 8.901129e+01
<MIXTURE> 2 2.423868e-01
<MEAN> 6
 -8.112453e+00 1.103107e+02 2.795536e+02 -2.930890e+01 2.858906e+02 6.110233e+02
<VARIANCE> 6
 2.538082e+03 1.266279e+06 1.395331e+06 3.542567e+04 1.107492e+06 2.902237e+08
<GCONST> 9.094563e+01
<MIXTURE> 3 1.387416e-01
<MEAN> 6
 6.358604e+01 1.442472e+02 1.523644e+01 1.771459e+01 -2.420859e+01 2.183902e+02
<VARIANCE> 6
 7.524467e+02 5.610627e+05 2.288040e+05 3.172458e+03 3.790020e+04 4.889157e+07
<GCONST> 7.953889e+01
<MIXTURE> 4 2.887186e-01
<MEAN> 6
 1.678432e+01 -1.550386e+00 1.141764e+01 6.702518e+00 -1.022322e+02 -3.728033e+02
<VARIANCE> 6
 2.195380e+03 3.402650e+05 1.294034e+05 2.588985e+04 3.260044e+05 4.889157e+07
<GCONST> 8.379093e+01
<MIXTURE> 5 1.388257e-01
<MEAN> 6
 5.868089e+01 -1.430930e+02 -1.601462e+02 5.115199e+00 -5.830972e+01 -4.859124e+02
<VARIANCE> 6
 1.071573e+03 5.630216e+05 2.312766e+05 3.231221e+03 3.790020e+04 4.889157e+07
<GCONST> 7.992503e+01
<TRANSP> 3
 0.000000e+00 1.000000e+00 0.000000e+00
 0.000000e+00 9.999632e-01 3.678639e-05
 0.000000e+00 0.000000e+00 0.000000e+00
<ENDHMM>
~h "QuintoPRIMARIA"
<BEGINHMM>
<NUMSTATES> 3
<STATE> 2
<NUMMIXES> 5
<MIXTURE> 1 3.290833e-01
<MEAN> 6
 7.681133e+01 6.155402e+01 -1.315581e+01 -2.877296e+00 -2.253586e+01 -1.607290e+02
<VARIANCE> 6
 2.002558e+02 5.422619e+05 7.852198e+05 2.926148e+02 3.790020e+04 4.889157e+07
<GCONST> 7.703076e+01
<MIXTURE> 2 1.985574e-02
<MEAN> 6
 1.269889e+01 -7.017878e+02 -2.821969e+02 -4.253329e+01 -1.861174e+01 6.546379e+03
<VARIANCE> 6
 7.993400e+03 1.024409e+07 2.266937e+06 7.491968e+05 3.992883e+08 5.856101e+11
<GCONST> 1.112177e+02
<MIXTURE> 3 2.538630e-01
<MEAN> 6
 9.208550e+00 5.183811e+01 1.408467e+02 2.365638e+01 1.304524e+02 1.489125e+03
<VARIANCE> 6
 3.072460e+03 3.721038e+05 3.578978e+05 3.484350e+04 8.607456e+05 1.914151e+08
<GCONST> 8.786655e+01
<MIXTURE> 4 1.437993e-01
<MEAN> 6
 3.674805e+01 1.028922e+02 -7.534737e+01 1.887855e+01 -1.858833e+02 -2.298400e+02
<VARIANCE> 6
 2.625412e+03 3.483085e+06 7.006753e+06 2.578944e+04 3.088578e+05 4.889157e+07
<GCONST> 9.022955e+01
<MIXTURE> 5 2.526162e-01
<MEAN> 6
 2.230797e+00 -1.354306e+02 -5.936773e+01 -2.621461e+01 5.865135e+00 -1.663484e+03
<VARIANCE> 6
 3.063334e+03 3.861932e+05 3.628976e+05 3.454353e+04 8.784284e+05 1.877672e+08
<GCONST> 8.790707e+01
<TRANSP> 3
 0.000000e+00 1.000000e+00 0.000000e+00
 0.000000e+00 9.999640e-01 3.598019e-05
 0.000000e+00 0.000000e+00 0.000000e+00
<ENDHMM>
