~o
<STREAMINFO> 1 6
<VECSIZE> 6<NULLD><USER><DIAGC>
~h "SegundoPRIMARIA"
<BEGINHMM>
<NUMSTATES> 4
<STATE> 2
<NUMMIXES> 5
<MIXTURE> 1 2.024273e-01
<MEAN> 6
 8.644371e+01 -9.362344e+01 1.343758e+02 -2.692465e+00 -1.984715e+01 -1.135099e+02
<VARIANCE> 6
 2.798191e+02 4.480696e+06 2.035763e+06 2.915929e+02 3.597761e+04 4.584958e+07
<GCONST> 8.030996e+01
<MIXTURE> 2 9.308535e-02
<MEAN> 6
 2.307993e+01 7.202057e+00 -3.358793e+01 -8.239660e+01 -5.105209e-01 3.630341e+03
<VARIANCE> 6
 4.381245e+03 9.655569e+06 1.398278e+06 6.353488e+04 3.397060e+06 1.682865e+09
<GCONST> 9.698767e+01
<MIXTURE> 3 1.761592e-01
<MEAN> 6
 -1.483397e+01 1.008780e+02 -4.769061e+01 4.669290e+01 2.062333e+02 -2.594772e+02
<VARIANCE> 6
 3.040292e+03 3.921744e+05 5.463471e+05 2.323594e+04 3.411237e+05 5.210720e+07
<GCONST> 8.569971e+01
<MIXTURE> 4 3.295893e-01
<MEAN> 6
 7.499523e+01 -1.686815e+00 -9.886907e+01 -5.927768e-01 -1.338111e+01 -1.056684e+02
<VARIANCE> 6
 1.479559e+02 2.187538e+05 2.300148e+05 2.915929e+02 3.597761e+04 4.584958e+07
<GCONST> 7.447266e+01
<MIXTURE> 5 1.980457e-01
<MEAN> 6
 2.011579e+01 -3.040014e+01 -1.169637e+02 -3.335747e+00 -1.390479e+02 -1.242455e+03
<VARIANCE> 6
 3.758018e+03 2.765140e+05 1.377745e+06 4.183925e+04 9.652012e+05 1.468783e+08
<GCONST> 8.915168e+01
<STATE> 3
<NUMMIXES> 5
<MIXTURE> 1 8.312702e-03
<MEAN> 6
 3.292672e+01 5.236941e+02 4.385223e+01 1.500501e+01 -6.859116e+02 5.442616e+03
<VARIANCE> 6
 7.826721e+03 2.973070e+06 1.502576e+06 7.303742e+05 3.972514e+08 6.075516e+11
<GCONST> 1.095545e+02
<MIXTURE> 2 3.275416e-01
<MEAN> 6
 -2.767744e+01 7.002645e+01 2.881032e+01 6.174318e+01 4.835742e+02 -1.070961e+03
<VARIANCE> 6
 9.767221e+02 1.420329e+05 5.529162e+04 2.723718e+04 2.939182e+05 6.487255e+07
<GCONST> 8.148698e+01
<MIXTURE> 3 1.448409e-01
<MEAN> 6
 4.802765e+01 3.889434e+01 5.435730e+01 -3.817972e+01 -5.351465e+02 1.681403e+03
<VARIANCE> 6
 2.863885e+03 3.536727e+05 9.553227e+04 7.091459e+04 2.599818e+06 1.149889e+09
<GCONST> 9.003366e+01
<MIXTURE> 4 3.754552e-01
<MEAN> 6
 8.631709e+01 -6.462026e+01 1.472055e+01 1.153107e+00 -3.373503e+02 -5.909999e+02
<VARIANCE> 6
 4.123054e+02 3.018162e+05 9.492909e+04 1.439821e+04 2.398047e+05 4.585587e+07
<GCONST> 8.073094e+01
<MIXTURE> 5 1.435996e-01
<MEAN> 6
 7.928873e+00 -2.643900e+01 3.297373e+01 -9.864919e+01 3.554824e+02 2.005341e+03
<VARIANCE> 6
 3.191692e+03 1.528948e+05 3.367430e+05 5.662075e+04 2.033010e+06 5.157230e+08
<GCONST> 8.929039e+01
<TRANSP> 4
 0.000000e+00 1.000000e+00 0.000000e+00 0.000000e+00
 0.000000e+00 9.999100e-01 8.998124e-05 0.000000e+00
 0.000000e+00 0.000000e+00 9.999373e-01 6.269338e-05
 0.000000e+00 0.000000e+00 0.000000e+00 0.000000e+00
<ENDHMM>
~h "SegundoESO"
<BEGINHMM>
<NUMSTATES> 4
<STATE> 2
<NUMMIXES> 5
<MIXTURE> 1 1.449153e-01
<MEAN> 6
 8.036832e+01 -7.934686e+02 -6.451170e+02 -2.735604e+00 -2.332421e+01 -1.093141e+02
<VARIANCE> 6
 1.588304e+02 1.258438e+07 1.992092e+07 2.915929e+02 3.597761e+04 4.584958e+07
<GCONST> 8.305724e+01
<MIXTURE> 2 1.801414e-01
<MEAN> 6
 2.126329e+01 2.489767e+02 2.455687e+02 -2.332193e+01 -8.809973e+01 7.321702e+02
<VARIANCE> 6
 2.845666e+03 1.057886e+07 7.289254e+06 3.925774e+04 9.168109e+05 2.040191e+08
<GCONST> 9.439738e+01
<MIXTURE> 3 2.060593e-01
<MEAN> 6
 7.242867e+01 4.102762e+01 5.853336e+01 -6.194074e-01 -1.927738e+01 -8.889870e+01
<VARIANCE> 6
 9.515044e+01 4.315755e+05 9.120035e+05 2.915929e+02 3.597761e+04 4.584958e+07
<GCONST> 7.608820e+01
<MIXTURE> 4 2.561512e-01
<MEAN> 6
 -4.162499e+00 1.754896e+02 1.342722e+02 1.688300e+01 8.654967e+01 -3.939175e+02
<VARIANCE> 6
 2.519869e+03 8.436165e+05 1.904318e+06 2.037061e+04 2.975999e+05 4.584958e+07
<GCONST> 8.713054e+01
<MIXTURE> 5 2.116938e-01
<MEAN> 6
 6.763101e+01 1.668562e+02 -2.994895e+02 -8.812259e-02 -1.070027e+01 -9.084756e+01
<VARIANCE> 6
 7.742111e+01 1.194937e+06 7.060892e+05 2.915929e+02 3.597761e+04 4.584958e+07
<GCONST> 7.664451e+01
<STATE> 3
<NUMMIXES> 5
<MIXTURE> 1 1.962866e-01
<MEAN> 6
 7.859383e+01 -7.633656e+01 -6.093279e+01 -2.513708e+00 -8.088155e+01 -5.524963e+01
<VARIANCE> 6
 1.581647e+02 9.135474e+05 4.654590e+05 8.661635e+02 3.835781e+04 4.584958e+07
<GCONST> 7.782643e+01
<MIXTURE> 2 1.858260e-01
<MEAN> 6
 1.527361e+01 -5.448767e+01 2.049326e+02 -5.713852e+01 3.001738e+01 1.847091e+03
<VARIANCE> 6
 3.046124e+03 1.746606e+06 9.544534e+05 4.346139e+04 1.605008e+06 4.734973e+08
<GCONST> 9.213490e+01
<MIXTURE> 3 1.516285e-01
<MEAN> 6
 -3.263074e+01 1.558001e+02 9.191483e+01 4.475683e+01 5.781962e+02 -8.456337e+02
<VARIANCE> 6
 5.525153e+02 3.295723e+05 1.396281e+05 2.019094e+04 2.849278e+05 5.819211e+07
<GCONST> 8.224628e+01
<MIXTURE> 4 2.977374e-01
<MEAN> 6
 5.064304e+01 -1.044921e+01 5.748133e+01 5.225464e+00 -4.662465e+02 -1.713624e+02
<VARIANCE> 6
 5.803094e+02 5.243799e+05 1.233749e+05 3.066252e+04 1.741898e+05 5.023832e+07
<GCONST> 8.241476e+01
<MIXTURE> 5 1.677846e-01
<MEAN> 6
 -2.750632e+01 -5.033940e+01 -6.821397e+01 2.096316e+01 3.783171e+02 -8.216374e+02
<VARIANCE> 6
 5.923776e+02 1.957100e+05 1.588226e+05 2.275598e+04 1.639403e+05 6.705137e+07
<GCONST> 8.163214e+01
<TRANSP> 4
 0.000000e+00 1.000000e+00 0.000000e+00 0.000000e+00
 0.000000e+00 9.999112e-01 8.880308e-05 0.000000e+00
 0.000000e+00 0.000000e+00 9.999385e-01 6.152823e-05
 0.000000e+00 0.000000e+00 0.000000e+00 0.000000e+00
<ENDHMM>
~h "QuintoPRIMARIA"
<BEGINHMM>
<NUMSTATES> 4
<STATE> 2
<NUMMIXES> 5
<MIXTURE> 1 1.674361e-01
<MEAN> 6
 7.686478e+01 1.316817e+01 -2.882104e+01 -4.557585e+00 -1.919118e+01 -2.000531e+02
<VARIANCE> 6
 1.442023e+02 2.824525e+05 1.109594e+05 2.915929e+02 3.597761e+04 4.584958e+07
<GCONST> 7.397355e+01
<MIXTURE> 2 1.596956e-01
<MEAN> 6
 1.046363e+01 -1.496102e+02 7.785541e+01 -4.083445e+01 1.438197e+02 2.030916e+03
<VARIANCE> 6
 2.958822e+03 1.320749e+06 6.491592e+05 5.195242e+04 2.117055e+06 7.640406e+08
<GCONST> 9.237470e+01
<MIXTURE> 3 2.302238e-01
<MEAN> 6
 -3.707247e+01 -1.499392e+01 5.271529e+01 3.030288e+01 5.558169e+02 -8.012734e+02
<VARIANCE> 6
 5.772212e+02 1.256908e+05 1.098808e+05 2.273480e+04 2.594141e+05 6.352077e+07
<GCONST> 8.119893e+01
<MIXTURE> 4 2.743995e-01
<MEAN> 6
 5.726842e+01 3.114137e+01 -2.964849e+01 1.749211e+00 -5.301550e+02 -2.973636e+02
<VARIANCE> 6
 7.282236e+02 1.565445e+05 1.059976e+05 3.495497e+04 3.005089e+05 9.375338e+07
<GCONST> 8.258137e+01
<MIXTURE> 5 1.674975e-01
<MEAN> 6
 7.103926e+01 -8.374475e+01 -1.035953e+02 -2.089553e+00 -1.514593e+01 -1.502230e+02
<VARIANCE> 6
 1.082239e+02 2.349881e+05 1.381351e+05 2.915929e+02 3.597761e+04 4.584958e+07
<GCONST> 7.372163e+01
<STATE> 3
<NUMMIXES> 5
<MIXTURE> 1 3.690595e-01
<MEAN> 6
 8.419940e+01 1.988370e+02 3.548390e+02 -2.037075e+00 -1.313881e+01 -1.078835e+02
<VARIANCE> 6
 2.175020e+02 1.821596e+06 3.264255e+06 2.915929e+02 3.597761e+04 4.584958e+07
<GCONST> 7.963012e+01
<MIXTURE> 2 2.716237e-02
<MEAN> 6
 1.390881e+01 -3.345796e+02 -8.512175e+01 -4.624639e+00 -4.733629e+02 1.845187e+03
<VARIANCE> 6
 1.053657e+04 2.581852e+06 8.127734e+05 1.306489e+06 7.051874e+08 1.034294e+12
<GCONST> 1.107837e+02
<MIXTURE> 3 3.025014e-01
<MEAN> 6
 -1.516864e+01 1.007766e+02 1.069512e+02 4.146391e+01 1.984717e+02 -7.018950e+02
<VARIANCE> 6
 2.807515e+03 1.567297e+06 1.277724e+06 3.248733e+04 4.355185e+05 6.508749e+07
<GCONST> 8.865691e+01
<MIXTURE> 4 9.193854e-02
<MEAN> 6
 7.797106e+01 -1.949007e+02 -6.594326e+02 7.730271e+00 -4.509774e+02 -3.431238e+02
<VARIANCE> 6
 1.907148e+02 1.663695e+06 8.979508e+06 1.318315e+04 1.258989e+05 4.584958e+07
<GCONST> 8.548386e+01
<MIXTURE> 5 2.093716e-01
<MEAN> 6
 1.294184e+01 -1.462992e+02 -4.365526e+02 -5.397855e+01 8.622227e-01 1.148605e+03
<VARIANCE> 6
 3.955366e+03 7.099190e+05 5.721268e+06 4.921046e+04 1.679815e+06 5.703073e+08
<GCONST> 9.364244e+01
<TRANSP> 4
 0.000000e+00 1.000000e+00 0.000000e+00 0.000000e+00
 0.000000e+00 9.999405e-01 5.952254e-05 0.000000e+00
 0.000000e+00 0.000000e+00 9.999104e-01 8.962009e-05
 0.000000e+00 0.000000e+00 0.000000e+00 0.000000e+00
<ENDHMM>
