~o
<STREAMINFO> 1 6
<VECSIZE> 6<NULLD><USER><DIAGC>
~h "SegundoPRIMARIA"
<BEGINHMM>
<NUMSTATES> 3
<STATE> 2
<NUMMIXES> 4
<MIXTURE> 1 2.153740e-02
<MEAN> 6
 3.744005e+01 -2.071032e+01 2.880280e+02 -3.219512e+01 -5.004848e+02 4.869766e+03
<VARIANCE> 6
 6.181910e+03 8.540746e+05 4.771918e+06 3.157802e+05 1.412961e+08 1.994158e+11
<GCONST> 1.062405e+02
<MIXTURE> 2 3.401701e-01
<MEAN> 6
 4.273087e+01 9.766931e+01 9.455338e+01 4.031661e+01 3.889880e+01 -2.546060e+01
<VARIANCE> 6
 3.370055e+03 2.231911e+05 4.172555e+05 1.560861e+04 1.952803e+05 5.158639e+07
<GCONST> 8.400372e+01
<MIXTURE> 3 2.960545e-01
<MEAN> 6
 2.861108e+01 -2.928144e+01 1.751695e+01 -4.508108e+01 4.014914e+01 6.521804e+02
<VARIANCE> 6
 4.027576e+03 2.405837e+06 3.178319e+05 5.462566e+04 2.041458e+06 5.416435e+08
<GCONST> 9.223842e+01
<MIXTURE> 4 3.405769e-01
<MEAN> 6
 4.222963e+01 -7.073013e+01 -1.279304e+02 1.919290e+00 -4.231736e+01 -8.576863e+02
<VARIANCE> 6
 3.582151e+03 1.895154e+05 4.919682e+05 1.562993e+04 2.394553e+05 5.158639e+07
<GCONST> 8.427121e+01
<TRANSP> 3
 0.000000e+00 1.000000e+00 0.000000e+00
 0.000000e+00 9.999626e-01 3.738644e-05
 0.000000e+00 0.000000e+00 0.000000e+00
<ENDHMM>
~h "SegundoESO"
<BEGINHMM>
<NUMSTATES> 3
<STATE> 2
<NUMMIXES> 4
<MIXTURE> 1 2.122982e-01
<MEAN> 6
 5.081070e+01 -1.055677e+02 -1.115768e+02 3.012191e+00 -1.117766e+02 1.805497e+02
<VARIANCE> 6
 2.132952e+03 8.344676e+06 9.730390e+06 1.631897e+04 2.422080e+05 5.158639e+07
<GCONST> 9.057682e+01
<MIXTURE> 2 2.519759e-01
<MEAN> 6
 4.693277e+01 9.902857e+01 5.234544e+01 2.918983e+01 -5.167284e+01 -1.681081e+02
<VARIANCE> 6
 1.771719e+03 3.446039e+05 1.906456e+05 9.166839e+03 7.192058e+04 5.158639e+07
<GCONST> 8.148073e+01
<MIXTURE> 3 2.783912e-01
<MEAN> 6
 -4.364333e+00 8.398822e+01 9.631908e+01 -3.054391e+01 2.345915e+02 4.360741e+02
<VARIANCE> 6
 2.601071e+03 6.662626e+05 4.184518e+05 3.618943e+04 1.060104e+06 2.374382e+08
<GCONST> 8.890051e+01
<MIXTURE> 4 2.551622e-01
<MEAN> 6
 4.064330e+01 -1.017052e+02 -6.408046e+01 3.405349e+00 -1.126319e+02 -4.638459e+02
<VARIANCE> 6
 2.046424e+03 3.364799e+05 1.640850e+05 1.372718e+04 1.206451e+05 5.158639e+07
<GCONST> 8.237206e+01
<TRANSP> 3
 0.000000e+00 1.000000e+00 0.000000e+00
 0.000000e+00 9.999635e-01 3.651837e-05
 0.000000e+00 0.000000e+00 0.000000e+00
<ENDHMM>
~h "QuintoPRIMARIA"
<BEGINHMM>
<NUMSTATES> 3
<STATE> 2
<NUMMIXES> 4
<MIXTURE> 1 2.461856e-01
<MEAN> 6
 7.517084e+01 1.298502e+02 1.769574e+02 2.348102e+00 -3.403980e+01 4.552673e+00
<VARIANCE> 6
 2.773833e+02 6.122601e+05 1.556700e+06 1.320729e+03 4.022584e+04 5.158639e+07
<GCONST> 7.978263e+01
<MIXTURE> 2 3.958473e-02
<MEAN> 6
 1.113513e+01 2.241937e+02 -8.440264e+02 -8.178167e+01 -7.897709e+00 4.679509e+03
<VARIANCE> 6
 5.474912e+03 2.653374e+06 9.363613e+06 3.994560e+05 1.946032e+08 2.831905e+11
<GCONST> 1.088326e+02
<MIXTURE> 3 5.184988e-01
<MEAN> 6
 2.767591e+00 -5.733405e+01 3.703665e+01 6.293818e+00 4.956683e+01 -2.782478e+02
<VARIANCE> 6
 3.050215e+03 3.549042e+05 4.594278e+05 3.772892e+04 8.754445e+05 1.750988e+08
<GCONST> 8.806911e+01
<MIXTURE> 4 1.933993e-01
<MEAN> 6
 6.575019e+01 -5.703504e+01 -1.520694e+02 -1.628631e+00 -8.835221e+01 -2.007023e+02
<VARIANCE> 6
 1.133342e+03 4.041577e+05 1.494080e+06 3.296562e+03 5.226770e+04 5.158639e+07
<GCONST> 8.191031e+01
<TRANSP> 3
 0.000000e+00 1.000000e+00 0.000000e+00
 0.000000e+00 9.999644e-01 3.564158e-05
 0.000000e+00 0.000000e+00 0.000000e+00
<ENDHMM>
