~o
<STREAMINFO> 1 6
<VECSIZE> 6<NULLD><USER><DIAGC>
~h "SegundoPRIMARIA"
<BEGINHMM>
<NUMSTATES> 4
<STATE> 2
<NUMMIXES> 4
<MIXTURE> 1 1.903301e-01
<MEAN> 6
 8.793311e+01 1.595892e+02 1.345647e+02 -3.038490e+00 -2.241703e+01 -1.462457e+02
<VARIANCE> 6
 2.918280e+02 1.882054e+06 1.352579e+06 2.936389e+02 3.773297e+04 4.838864e+07
<GCONST> 7.918423e+01
<MIXTURE> 2 1.749097e-01
<MEAN> 6
 2.535394e+01 -1.865732e+02 -2.958169e+01 -5.953809e+01 -8.720261e+01 1.791001e+03
<VARIANCE> 6
 4.189507e+03 6.046714e+06 1.435603e+06 5.713376e+04 2.508284e+06 1.010819e+09
<GCONST> 9.558202e+01
<MIXTURE> 3 3.773925e-01
<MEAN> 6
 5.899270e+00 -2.419416e+01 4.535275e+00 2.758496e+01 5.904432e+01 -6.770939e+02
<VARIANCE> 6
 3.664096e+03 1.858617e+05 4.994456e+05 3.053872e+04 5.372566e+05 6.837745e+07
<GCONST> 8.604915e+01
<MIXTURE> 4 2.565971e-01
<MEAN> 6
 7.665578e+01 -4.840612e-01 -1.801801e+02 -5.845261e-01 -1.719948e+01 -1.208541e+02
<VARIANCE> 6
 1.499030e+02 2.113930e+05 4.228927e+05 2.936389e+02 3.773297e+04 4.838864e+07
<GCONST> 7.516901e+01
<STATE> 3
<NUMMIXES> 4
<MIXTURE> 1 2.199981e-02
<MEAN> 6
 4.971305e+01 2.759912e+02 1.738781e+02 1.801258e+01 -1.082706e+03 4.584082e+03
<VARIANCE> 6
 6.753181e+03 2.013454e+06 1.414129e+06 3.909792e+05 2.000873e+08 3.030801e+11
<GCONST> 1.069504e+02
<MIXTURE> 2 3.056292e-01
<MEAN> 6
 2.034362e+01 1.345040e+02 5.104612e+01 7.347960e+01 1.389321e+02 -5.817398e+02
<VARIANCE> 6
 3.537136e+03 2.445228e+05 6.131776e+04 2.071127e+04 2.925991e+05 4.838864e+07
<GCONST> 8.284899e+01
<MIXTURE> 3 3.697229e-01
<MEAN> 6
 2.416622e+01 8.820977e+00 4.215993e+01 -6.373870e+01 7.280577e+01 8.955297e+02
<VARIANCE> 6
 3.713896e+03 1.757185e+05 1.117082e+05 5.713120e+04 2.305908e+06 6.769827e+08
<GCONST> 8.888464e+01
<MIXTURE> 4 3.024687e-01
<MEAN> 6
 5.708440e+01 -1.209149e+02 -2.006520e+01 7.317534e+00 -1.445188e+02 -8.398559e+02
<VARIANCE> 6
 3.009374e+03 3.227244e+05 9.547205e+04 1.838117e+04 2.843531e+05 4.838864e+07
<GCONST> 8.325974e+01
<TRANSP> 4
 0.000000e+00 1.000000e+00 0.000000e+00 0.000000e+00
 0.000000e+00 9.999321e-01 6.795470e-05 0.000000e+00
 0.000000e+00 0.000000e+00 9.999183e-01 8.167889e-05
 0.000000e+00 0.000000e+00 0.000000e+00 0.000000e+00
<ENDHMM>
~h "SegundoESO"
<BEGINHMM>
<NUMSTATES> 4
<STATE> 2
<NUMMIXES> 4
<MIXTURE> 1 1.301963e-01
<MEAN> 6
 8.154512e+01 -8.424033e+02 3.782024e+02 -2.887671e+00 -2.282582e+01 -1.109275e+02
<VARIANCE> 6
 2.118086e+02 1.502706e+07 1.622202e+07 2.936389e+02 3.773297e+04 4.838864e+07
<GCONST> 8.342561e+01
<MIXTURE> 2 2.012780e-01
<MEAN> 6
 8.555916e+00 5.125890e+01 2.184515e+01 -1.703123e+00 3.430984e+01 6.188279e+02
<VARIANCE> 6
 2.892900e+03 9.333852e+06 2.651749e+06 3.497769e+04 8.237480e+05 2.126779e+08
<GCONST> 9.309654e+01
<MIXTURE> 3 4.050106e-01
<MEAN> 6
 7.009763e+01 9.031893e+01 -1.151441e+02 -4.512218e-01 -1.557063e+01 -1.141762e+02
<VARIANCE> 6
 9.297537e+01 6.932571e+05 7.797678e+05 2.936389e+02 3.773297e+04 4.838864e+07
<GCONST> 7.649092e+01
<MIXTURE> 4 2.633817e-01
<MEAN> 6
 6.176982e+00 1.217504e+02 -1.753083e+02 1.954253e+00 -3.334660e+00 -3.396645e+02
<VARIANCE> 6
 2.801303e+03 1.532243e+06 2.795951e+06 2.890574e+04 5.541438e+05 6.888939e+07
<GCONST> 8.959602e+01
<STATE> 3
<NUMMIXES> 4
<MIXTURE> 1 3.190831e-01
<MEAN> 6
 3.994208e+01 2.487316e+01 6.842168e+00 4.092555e+01 -7.171759e+01 -4.501076e+02
<VARIANCE> 6
 2.102480e+03 9.825409e+05 4.864090e+05 1.065030e+04 7.532343e+04 4.838864e+07
<GCONST> 8.376851e+01
<MIXTURE> 2 2.710415e-01
<MEAN> 6
 -8.360875e+00 1.457114e+02 4.632035e+01 -3.103739e+01 3.782885e+02 7.695041e+02
<VARIANCE> 6
 2.446629e+03 6.617162e+05 4.510601e+05 3.509106e+04 1.163629e+06 3.322869e+08
<GCONST> 8.930594e+01
<MIXTURE> 3 2.116555e-01
<MEAN> 6
 2.295411e+01 1.518380e+01 6.496101e+01 1.067496e+01 -9.060511e+01 -8.843114e+01
<VARIANCE> 6
 2.049290e+03 2.202477e+05 6.866499e+04 2.333854e+04 2.731112e+05 4.838864e+07
<GCONST> 8.236229e+01
<MIXTURE> 4 1.974729e-01
<MEAN> 6
 3.772445e+01 -1.341221e+02 1.193542e+01 -3.102255e+01 -2.942478e+02 -1.339727e+02
<VARIANCE> 6
 1.738838e+03 3.341150e+05 6.822598e+04 2.284738e+04 3.141583e+05 4.838864e+07
<GCONST> 8.272708e+01
<TRANSP> 4
 0.000000e+00 1.000000e+00 0.000000e+00 0.000000e+00
 0.000000e+00 9.999158e-01 8.420450e-05 0.000000e+00
 0.000000e+00 0.000000e+00 9.999337e-01 6.631903e-05
 0.000000e+00 0.000000e+00 0.000000e+00 0.000000e+00
<ENDHMM>
~h "QuintoPRIMARIA"
<BEGINHMM>
<NUMSTATES> 4
<STATE> 2
<NUMMIXES> 4
<MIXTURE> 1 3.485529e-01
<MEAN> 6
 7.405979e+01 -1.955289e+01 -4.189714e+01 -3.406898e+00 -3.239350e+01 -1.466497e+02
<VARIANCE> 6
 1.485994e+02 1.652668e+05 1.339681e+05 2.936389e+02 3.773297e+04 4.838864e+07
<GCONST> 7.376460e+01
<MIXTURE> 2 1.537021e-01
<MEAN> 6
 2.169587e+01 -6.069683e+01 -9.557479e+00 -3.872841e+01 -6.598568e+01 2.101020e+03
<VARIANCE> 6
 3.085030e+03 1.055109e+06 6.765544e+05 4.475904e+04 1.996016e+06 7.057282e+08
<GCONST> 9.194596e+01
<MIXTURE> 3 2.495479e-01
<MEAN> 6
 2.765003e+00 2.527204e+01 5.239902e+01 3.902683e+01 1.295873e+02 -3.308094e+02
<VARIANCE> 6
 2.550827e+03 9.032355e+04 9.097259e+04 2.671799e+04 4.682143e+05 6.220942e+07
<GCONST> 8.289669e+01
<MIXTURE> 4 2.475417e-01
<MEAN> 6
 1.465182e+01 -3.942155e+01 -5.250200e+01 -1.275766e+01 -4.843200e+01 -7.334618e+02
<VARIANCE> 6
 2.573036e+03 9.850619e+04 8.822210e+04 3.125826e+04 5.682576e+05 8.631037e+07
<GCONST> 8.363942e+01
<STATE> 3
<NUMMIXES> 4
<MIXTURE> 1 3.499337e-01
<MEAN> 6
 8.216235e+01 3.104644e+02 1.736646e+02 -2.396802e+00 -1.882700e+01 -1.326764e+02
<VARIANCE> 6
 2.650587e+02 2.899229e+06 3.007469e+06 2.936389e+02 3.773297e+04 4.838864e+07
<GCONST> 8.031919e+01
<MIXTURE> 2 3.176040e-02
<MEAN> 6
 1.491572e+01 -2.716370e+02 -1.345853e+02 -2.075215e+01 -3.406551e+02 2.185779e+03
<VARIANCE> 6
 9.661328e+03 2.435975e+06 1.031326e+06 1.056019e+06 5.629548e+08 8.243222e+11
<GCONST> 1.102119e+02
<MIXTURE> 3 3.513934e-01
<MEAN> 6
 5.206797e+00 -2.023940e+01 1.285652e+02 2.834590e+01 3.185654e+01 -5.558795e+02
<VARIANCE> 6
 3.613431e+03 1.499860e+06 8.032442e+05 3.215023e+04 5.893551e+05 1.097431e+08
<GCONST> 8.921558e+01
<MIXTURE> 4 2.666271e-01
<MEAN> 6
 8.812777e+00 -2.515249e+02 -3.027882e+02 -2.659194e+01 2.844528e+01 6.366992e+02
<VARIANCE> 6
 3.761006e+03 5.202894e+05 4.968866e+06 4.276746e+04 1.194260e+06 3.413032e+08
<GCONST> 9.214540e+01
<TRANSP> 4
 0.000000e+00 1.000000e+00 0.000000e+00 0.000000e+00
 0.000000e+00 9.999361e-01 6.392154e-05 0.000000e+00
 0.000000e+00 0.000000e+00 9.999166e-01 8.341458e-05
 0.000000e+00 0.000000e+00 0.000000e+00 0.000000e+00
<ENDHMM>
