~o
<STREAMINFO> 1 6
<VECSIZE> 6<NULLD><USER><DIAGC>
~h "SegundoPRIMARIA"
<BEGINHMM>
<NUMSTATES> 4
<STATE> 2
<NUMMIXES> 9
<MIXTURE> 1 1.116709e-01
<MEAN> 6
 8.548965e+01 3.990470e+01 5.960472e+01 -2.536889e+00 -1.952819e+01 -1.573937e+02
<VARIANCE> 6
 2.852631e+02 8.428729e+05 1.244278e+05 2.996357e+02 3.956501e+04 5.051235e+07
<GCONST> 7.608273e+01
<MIXTURE> 2 8.660506e-02
<MEAN> 6
 4.965637e+01 1.531032e+01 5.424263e+01 -7.552255e+01 -3.833177e+02 4.907260e+03
<VARIANCE> 6
 3.791734e+03 5.661201e+05 4.915759e+05 7.253091e+04 4.840394e+06 2.474793e+09
<GCONST> 9.383347e+01
<MIXTURE> 3 1.576274e-01
<MEAN> 6
 -3.179049e+01 -1.952889e+01 5.802325e+00 -1.661538e+01 1.096721e+03 -9.339108e+02
<VARIANCE> 6
 5.499227e+02 1.612054e+05 5.409127e+04 5.420223e+04 6.044549e+05 3.092000e+08
<GCONST> 8.398796e+01
<MIXTURE> 4 1.418568e-01
<MEAN> 6
 3.258126e+01 2.652341e+01 1.168350e+01 1.251894e+02 -8.730892e+01 -1.919657e+03
<VARIANCE> 6
 1.019445e+03 1.298901e+05 8.795966e+04 4.148445e+04 1.852926e+05 5.335592e+07
<GCONST> 8.166862e+01
<MIXTURE> 5 9.765273e-02
<MEAN> 6
 8.341032e+01 -2.012451e+00 -2.235668e+01 -1.686067e+00 -2.818041e+01 -1.995108e+02
<VARIANCE> 6
 2.504525e+02 6.609616e+04 6.897227e+04 2.996357e+02 3.956501e+04 5.051235e+07
<GCONST> 7.281686e+01
<MIXTURE> 6 9.831227e-02
<MEAN> 6
 8.388155e+01 6.976843e+01 6.816309e+01 -1.172231e+01 -7.404094e+02 8.117694e+02
<VARIANCE> 6
 5.895087e+02 1.449891e+05 6.067111e+04 3.161630e+04 4.515094e+05 2.047508e+08
<GCONST> 8.282327e+01
<MIXTURE> 7 1.156657e-01
<MEAN> 6
 -5.213083e+01 2.028087e+01 -2.322416e+01 2.107532e+01 4.281439e+02 3.031985e+02
<VARIANCE> 6
 2.235539e+02 1.131105e+05 1.080500e+05 4.114148e+03 1.472439e+05 5.051235e+07
<GCONST> 7.762315e+01
<MIXTURE> 8 9.326762e-02
<MEAN> 6
 7.548628e+01 -7.362505e+01 -2.523657e+02 -4.777909e-01 -1.060414e+01 -1.701948e+02
<VARIANCE> 6
 1.790062e+02 1.046299e+05 1.136582e+05 2.996357e+02 3.956501e+04 5.051235e+07
<GCONST> 7.343982e+01
<MIXTURE> 9 9.608202e-02
<MEAN> 6
 7.132568e+01 -7.092889e+01 -1.023314e+01 -9.798469e+01 -1.012634e+03 -8.137837e+02
<VARIANCE> 6
 7.056431e+02 1.184548e+05 6.519966e+04 4.189324e+04 4.324205e+05 2.051675e+08
<GCONST> 8.311324e+01
<STATE> 3
<NUMMIXES> 9
<MIXTURE> 1 9.958511e-03
<MEAN> 6
 -2.619510e+00 -6.219816e+02 -1.714999e+01 -9.010857e+00 4.054469e+01 6.816244e+03
<VARIANCE> 6
 8.705848e+03 3.181398e+06 1.224252e+06 1.418806e+06 7.682598e+08 1.112821e+12
<GCONST> 1.114526e+02
<MIXTURE> 2 1.773038e-01
<MEAN> 6
 1.010394e+02 2.558565e+02 2.035674e+02 -5.182217e+00 -2.986725e+01 -1.501287e+02
<VARIANCE> 6
 3.784890e+02 2.048969e+06 5.904099e+05 2.996357e+02 3.956501e+04 5.051235e+07
<GCONST> 7.881087e+01
<MIXTURE> 3 2.121131e-01
<MEAN> 6
 -5.066185e+01 -4.136729e+00 -1.033150e+02 3.952572e+01 4.512661e+02 -2.610551e+02
<VARIANCE> 6
 5.791430e+02 4.222440e+05 8.707111e+05 1.414569e+04 2.047888e+05 5.981383e+07
<GCONST> 8.371287e+01
<MIXTURE> 4 3.095928e-02
<MEAN> 6
 1.920276e+01 -1.495246e+03 4.418099e+02 -5.067815e+00 2.105283e+01 -2.329655e+01
<VARIANCE> 6
 5.965392e+03 2.909850e+07 8.876388e+05 2.996357e+02 3.956501e+04 5.051235e+07
<GCONST> 8.462950e+01
<MIXTURE> 5 6.945141e-02
<MEAN> 6
 6.622722e+01 2.051404e+02 -2.190578e+02 2.565933e+00 -7.962067e+02 3.326495e+02
<VARIANCE> 6
 3.410383e+03 7.852010e+06 1.110240e+06 5.397483e+04 2.479035e+06 1.725321e+09
<GCONST> 9.584654e+01
<MIXTURE> 6 1.729364e-01
<MEAN> 6
 7.546667e+01 1.887137e+01 -1.764268e+01 5.706483e-01 -1.675030e+01 -1.105605e+02
<VARIANCE> 6
 1.616305e+02 4.649729e+05 2.644996e+06 2.996357e+02 3.956501e+04 5.051235e+07
<GCONST> 7.797649e+01
<MIXTURE> 7 1.128029e-01
<MEAN> 6
 6.659020e+01 5.213059e+01 1.714879e+02 4.217908e+01 -4.279471e+02 4.449251e+02
<VARIANCE> 6
 1.078354e+03 4.879148e+05 9.074979e+05 3.630271e+04 2.820000e+05 7.929758e+07
<GCONST> 8.606483e+01
<MIXTURE> 8 1.007302e-01
<MEAN> 6
 -1.931837e+01 -1.655742e+01 -4.744054e+01 -9.223962e+01 9.111121e+02 1.935010e+03
<VARIANCE> 6
 2.021179e+03 4.607478e+05 1.948733e+06 7.085770e+04 1.613565e+06 7.948248e+08
<GCONST> 9.211800e+01
<MIXTURE> 9 1.132658e-01
<MEAN> 6
 6.211604e+01 -1.490442e+02 -7.597623e+01 -1.725772e+01 -6.829408e+02 -1.936787e+03
<VARIANCE> 6
 1.062059e+03 4.144943e+05 9.412262e+05 4.681374e+04 3.656524e+05 8.747696e+07
<GCONST> 8.653524e+01
<TRANSP> 4
 0.000000e+00 1.000000e+00 0.000000e+00 0.000000e+00
 0.000000e+00 9.999419e-01 5.808446e-05 0.000000e+00
 0.000000e+00 0.000000e+00 9.998978e-01 1.021486e-04
 0.000000e+00 0.000000e+00 0.000000e+00 0.000000e+00
<ENDHMM>
~h "SegundoESO"
<BEGINHMM>
<NUMSTATES> 4
<STATE> 2
<NUMMIXES> 9
<MIXTURE> 1 1.287128e-01
<MEAN> 6
 8.721113e+01 -1.237250e+03 7.217151e+02 -3.923565e+00 -2.798374e+01 -5.897253e+01
<VARIANCE> 6
 1.687727e+02 2.043404e+07 2.175930e+07 2.996357e+02 3.956501e+04 5.051235e+07
<GCONST> 8.391008e+01
<MIXTURE> 2 7.689028e-02
<MEAN> 6
 6.022132e+00 3.428640e+02 5.170647e+02 -4.849582e+01 9.620523e+01 9.847150e+02
<VARIANCE> 6
 2.520501e+03 2.346993e+07 9.804810e+06 4.891905e+04 1.104465e+06 2.647995e+08
<GCONST> 9.603637e+01
<MIXTURE> 3 1.189139e-01
<MEAN> 6
 7.329536e+01 5.959139e+02 -6.578967e+02 -1.397801e-01 -1.070879e+01 -8.506154e+01
<VARIANCE> 6
 3.593862e+01 4.907290e+05 2.735470e+06 2.996357e+02 3.956501e+04 5.051235e+07
<GCONST> 7.656053e+01
<MIXTURE> 4 1.389606e-01
<MEAN> 6
 -3.943578e+01 4.855367e+02 4.813970e+02 1.187223e+01 4.542285e+02 -1.529939e+02
<VARIANCE> 6
 5.805931e+02 1.787643e+06 6.008528e+06 2.067121e+04 2.181368e+05 5.051235e+07
<GCONST> 8.736351e+01
<MIXTURE> 5 8.633771e-02
<MEAN> 6
 6.672173e+01 2.840577e+02 1.162536e+02 -9.836002e-02 -3.693930e+00 -9.624429e+01
<VARIANCE> 6
 3.284571e+01 2.026857e+05 4.779740e+04 2.996357e+02 3.956501e+04 5.051235e+07
<GCONST> 7.153922e+01
<MIXTURE> 6 1.489235e-01
<MEAN> 6
 6.391308e+01 -9.243481e+00 -8.100674e+01 1.557033e+01 -4.484906e+02 -2.594526e+02
<VARIANCE> 6
 7.276717e+02 5.477599e+06 6.854812e+06 2.760115e+04 1.691095e+05 5.051235e+07
<GCONST> 8.887540e+01
<MIXTURE> 7 1.104389e-01
<MEAN> 6
 6.256856e+01 9.998166e+01 -3.182997e+02 1.264174e-01 -3.561612e+00 -9.821123e+01
<VARIANCE> 6
 4.126790e+01 2.546450e+06 1.392876e+05 2.996357e+02 3.956501e+04 5.051235e+07
<GCONST> 7.536785e+01
<MIXTURE> 8 1.029750e-01
<MEAN> 6
 6.988316e+01 2.461414e+02 -2.642346e+03 -4.140197e-01 -7.728384e+00 -9.758452e+01
<VARIANCE> 6
 8.942916e+01 2.098300e+05 9.516588e+06 2.996357e+02 3.956501e+04 5.051235e+07
<GCONST> 7.786931e+01
<MIXTURE> 9 8.751570e-02
<MEAN> 6
 6.299273e+01 1.372870e+02 9.549229e+00 -2.863622e-02 -3.401465e+00 -1.162511e+02
<VARIANCE> 6
 3.582336e+01 1.493696e+05 4.113185e+04 2.996357e+02 3.956501e+04 5.051235e+07
<GCONST> 7.117058e+01
<STATE> 3
<NUMMIXES> 9
<MIXTURE> 1 9.805099e-02
<MEAN> 6
 8.343101e+01 -3.179866e+00 1.784050e+02 -4.725751e+00 -2.995662e+01 1.131091e+02
<VARIANCE> 6
 1.768011e+02 1.377134e+06 1.386197e+06 2.996357e+02 3.956501e+04 5.051235e+07
<GCONST> 7.850587e+01
<MIXTURE> 2 9.933437e-02
<MEAN> 6
 1.861934e+01 -1.546312e+02 1.222445e+02 -1.073720e+02 -1.658203e+01 3.821494e+03
<VARIANCE> 6
 3.075420e+03 2.517390e+06 1.801072e+06 4.092535e+04 1.998472e+06 6.448823e+08
<GCONST> 9.361307e+01
<MIXTURE> 3 9.505142e-02
<MEAN> 6
 -4.420955e+01 1.797562e+02 1.418895e+02 4.365957e+01 8.401516e+02 9.907208e+01
<VARIANCE> 6
 2.097891e+02 4.220272e+05 3.249868e+05 1.829823e+04 2.743543e+05 7.827952e+07
<GCONST> 8.253027e+01
<MIXTURE> 4 1.650280e-01
<MEAN> 6
 4.319669e+01 9.574663e+01 4.486331e+01 7.390015e+01 -2.782488e+02 -9.398115e+02
<VARIANCE> 6
 5.524291e+02 7.119325e+05 5.681916e+05 2.636436e+04 7.997228e+04 5.051235e+07
<GCONST> 8.327448e+01
<MIXTURE> 5 9.236854e-02
<MEAN> 6
 -2.345777e+00 1.160324e+02 9.551656e+01 -6.242745e+01 1.342329e+02 1.839190e+03
<VARIANCE> 6
 4.063508e+02 3.919358e+05 1.186367e+05 3.737176e+04 1.124868e+05 9.880199e+07
<GCONST> 8.216505e+01
<MIXTURE> 6 1.536963e-01
<MEAN> 6
 6.792612e+01 -9.260511e+01 5.558432e+01 -3.124994e+01 -7.337393e+02 -1.833309e+01
<VARIANCE> 6
 2.955016e+02 7.021132e+05 1.398957e+05 2.133841e+04 2.101732e+05 9.015194e+07
<GCONST> 8.256740e+01
<MIXTURE> 7 1.056898e-01
<MEAN> 6
 7.801250e+01 -3.359061e+02 9.885197e+01 -3.917456e+00 -3.369354e+01 -1.769321e+02
<VARIANCE> 6
 1.068925e+02 3.760719e+05 1.003410e+05 2.996357e+02 3.956501e+04 5.051235e+07
<GCONST> 7.407895e+01
<MIXTURE> 8 9.417024e-02
<MEAN> 6
 -7.725022e+00 -6.102605e+01 -3.847026e+01 5.187986e+01 1.683574e+02 -2.585687e+03
<VARIANCE> 6
 3.952488e+02 2.341547e+05 6.179991e+04 2.863113e+04 9.836577e+04 6.246598e+07
<GCONST> 8.011100e+01
<MIXTURE> 9 9.499135e-02
<MEAN> 6
 -5.150636e+01 -1.931450e+01 -3.555725e+01 1.450589e+01 6.323831e+02 -1.429879e+03
<VARIANCE> 6
 2.036424e+02 4.509847e+05 4.020156e+05 8.464762e+03 2.646313e+05 7.860703e+07
<GCONST> 8.197679e+01
<TRANSP> 4
 0.000000e+00 1.000000e+00 0.000000e+00 0.000000e+00
 0.000000e+00 9.998679e-01 1.321640e-04 0.000000e+00
 0.000000e+00 0.000000e+00 9.999496e-01 5.042327e-05
 0.000000e+00 0.000000e+00 0.000000e+00 0.000000e+00
<ENDHMM>
~h "QuintoPRIMARIA"
<BEGINHMM>
<NUMSTATES> 4
<STATE> 2
<NUMMIXES> 9
<MIXTURE> 1 9.991945e-02
<MEAN> 6
 7.437003e+01 1.369477e+00 3.163273e+01 -4.832691e+00 -2.325674e+01 -2.632241e+02
<VARIANCE> 6
 1.563513e+02 3.654370e+04 4.531220e+04 2.996357e+02 3.956501e+04 5.051235e+07
<GCONST> 7.133296e+01
<MIXTURE> 2 4.285704e-02
<MEAN> 6
 4.613568e+01 2.698976e+01 -1.382647e+02 -4.601803e+01 -6.235519e+02 4.089026e+03
<VARIANCE> 6
 2.827241e+03 1.416756e+06 1.548838e+06 4.576836e+04 2.475014e+06 1.028106e+09
<GCONST> 9.359530e+01
<MIXTURE> 3 1.491957e-01
<MEAN> 6
 -3.140221e+01 -5.638680e+01 7.252889e+01 -2.161996e+01 9.380842e+02 -9.975070e+01
<VARIANCE> 6
 5.483929e+02 1.418324e+05 1.891725e+05 4.605478e+04 5.598635e+05 2.890768e+08
<GCONST> 8.480231e+01
<MIXTURE> 4 9.712092e-02
<MEAN> 6
 5.348421e+01 6.649136e+01 2.834982e+01 5.608094e+01 -3.650835e+02 -2.157230e+02
<VARIANCE> 6
 6.951885e+02 1.803863e+05 7.999913e+04 2.662153e+04 1.659135e+05 5.051235e+07
<GCONST> 8.091050e+01
<MIXTURE> 5 1.531622e-01
<MEAN> 6
 7.612013e+01 -3.230649e+01 -1.856284e+02 -3.713946e+00 -1.526317e+01 -1.058131e+02
<VARIANCE> 6
 1.730478e+02 4.782002e+05 1.461290e+05 2.996357e+02 3.956501e+04 5.051235e+07
<GCONST> 7.517686e+01
<MIXTURE> 6 1.307419e-01
<MEAN> 6
 4.873790e+01 1.129176e+01 -1.253387e+01 -4.051455e+01 -6.144079e+02 5.493966e+02
<VARIANCE> 6
 1.202370e+03 7.042326e+04 1.108998e+05 4.427148e+04 5.984498e+05 2.589593e+08
<GCONST> 8.427036e+01
<MIXTURE> 7 1.285113e-01
<MEAN> 6
 -4.545977e+01 3.159612e+01 6.383309e+00 3.963186e+01 4.101578e+02 -6.012027e+01
<VARIANCE> 6
 3.322269e+02 8.834739e+04 8.713932e+04 5.186252e+03 1.314845e+05 5.051235e+07
<GCONST> 7.767551e+01
<MIXTURE> 8 9.927058e-02
<MEAN> 6
 6.874744e+01 -7.559246e+01 2.729247e+01 -1.801291e+00 -2.007719e+01 -1.999947e+02
<VARIANCE> 6
 1.199345e+02 4.354129e+04 1.432029e+05 2.996357e+02 3.956501e+04 5.051235e+07
<GCONST> 7.239369e+01
<MIXTURE> 9 9.832598e-02
<MEAN> 6
 4.856540e+01 -4.890129e+01 -5.590961e+01 5.869619e+00 -4.627989e+02 -1.482985e+03
<VARIANCE> 6
 7.971314e+02 1.892484e+05 1.025898e+05 3.383742e+04 1.798017e+05 5.051235e+07
<GCONST> 8.166425e+01
<STATE> 3
<NUMMIXES> 9
<MIXTURE> 1 1.715470e-01
<MEAN> 6
 8.828909e+01 2.907140e+02 4.734633e+02 -3.541830e+00 -1.676869e+01 -1.132458e+02
<VARIANCE> 6
 2.262430e+02 1.447292e+06 1.709209e+06 2.996357e+02 3.956501e+04 5.051235e+07
<GCONST> 7.901161e+01
<MIXTURE> 2 1.481616e-02
<MEAN> 6
 -5.870157e+00 1.526143e+02 1.033274e+02 -2.034094e+01 2.033176e+01 3.477770e+03
<VARIANCE> 6
 1.150042e+04 2.137533e+05 4.119097e+05 1.833803e+06 1.000397e+09 1.471619e+12
<GCONST> 1.087415e+02
<MIXTURE> 3 1.250194e-01
<MEAN> 6
 5.883767e+01 1.863503e+02 3.798696e+02 3.256675e+01 -4.271790e+02 5.957192e+02
<VARIANCE> 6
 8.279637e+02 1.224618e+06 2.019936e+06 3.088425e+04 2.163218e+05 6.862094e+07
<GCONST> 8.694958e+01
<MIXTURE> 4 3.460599e-02
<MEAN> 6
 7.211176e+01 -8.729499e+02 -1.799577e+03 -1.787777e+00 -9.835156e+00 -1.901491e+00
<VARIANCE> 6
 2.411840e+02 1.897252e+07 1.488781e+07 2.996357e+02 3.956501e+04 5.051235e+07
<GCONST> 8.381337e+01
<MIXTURE> 5 1.288109e-01
<MEAN> 6
 1.487537e+01 -2.954077e+01 -4.473597e+02 -9.630323e+01 3.860535e+01 2.676635e+03
<VARIANCE> 6
 4.132858e+03 2.327534e+06 6.986188e+06 5.401665e+04 2.878876e+06 1.217271e+09
<GCONST> 9.646359e+01
<MIXTURE> 6 1.089245e-01
<MEAN> 6
 -3.485684e+01 1.300110e+02 2.271657e+02 8.792687e+01 5.167451e+02 -2.586924e+03
<VARIANCE> 6
 7.123848e+02 1.545235e+06 1.285182e+06 3.085034e+04 2.465647e+05 5.334572e+07
<GCONST> 8.645757e+01
<MIXTURE> 7 1.577418e-01
<MEAN> 6
 7.491878e+01 5.785332e+01 9.246500e+01 -3.094189e-01 -1.626009e+01 -1.135799e+02
<VARIANCE> 6
 2.554635e+02 2.922391e+05 4.942734e+06 2.996357e+02 3.956501e+04 5.051235e+07
<GCONST> 7.859509e+01
<MIXTURE> 8 1.297040e-01
<MEAN> 6
 -5.866321e+01 -2.121364e+02 -6.425937e+01 1.904084e+01 5.442559e+02 4.389721e+02
<VARIANCE> 6
 3.282753e+02 2.449134e+05 1.872942e+06 1.192583e+04 2.989625e+05 8.120197e+07
<GCONST> 8.387978e+01
<MIXTURE> 9 1.278407e-01
<MEAN> 6
 5.170378e+01 -1.929516e+02 -1.553720e+02 -1.258997e+01 -5.490821e+02 -1.549882e+03
<VARIANCE> 6
 9.800687e+02 8.039516e+05 1.532662e+06 4.236659e+04 2.716493e+05 7.739342e+07
<GCONST> 8.708549e+01
<TRANSP> 4
 0.000000e+00 1.000000e+00 0.000000e+00 0.000000e+00
 0.000000e+00 9.999288e-01 7.115998e-05 0.000000e+00
 0.000000e+00 0.000000e+00 9.999281e-01 7.197195e-05
 0.000000e+00 0.000000e+00 0.000000e+00 0.000000e+00
<ENDHMM>
