~o
<STREAMINFO> 1 6
<VECSIZE> 6<NULLD><USER><DIAGC>
~h "SegundoPRIMARIA"
<BEGINHMM>
<NUMSTATES> 3
<STATE> 2
<NUMMIXES> 8
<MIXTURE> 1 2.455505e-03
<MEAN> 6
 5.402947e+01 -4.160032e+02 1.341703e+02 8.624847e+01 -1.487850e+03 1.875329e+03
<VARIANCE> 6
 9.283983e+03 3.248287e+05 2.134466e+06 7.802211e+05 3.934251e+08 4.975693e+11
<GCONST> 1.077188e+02
<MIXTURE> 2 1.708438e-01
<MEAN> 6
 7.967812e+01 1.322220e+01 -2.216236e+01 -9.666218e-01 -7.161167e+00 -5.012296e+01
<VARIANCE> 6
 2.712055e+02 1.486702e+05 6.537550e+05 2.449249e+02 9.753455e+03 5.937603e+06
<GCONST> 7.221326e+01
<MIXTURE> 3 1.246852e-01
<MEAN> 6
 -3.587571e+01 1.165498e+02 5.231493e+01 5.987926e+01 6.936411e+02 -4.282997e+02
<VARIANCE> 6
 5.104012e+02 1.987272e+05 1.346574e+05 2.734908e+04 3.333670e+05 7.910894e+07
<GCONST> 8.239241e+01
<MIXTURE> 4 1.607184e-01
<MEAN> 6
 2.565031e+01 -1.490452e+02 2.237628e+01 -7.357323e+01 9.231944e+01 2.518481e+03
<VARIANCE> 6
 4.123500e+03 6.875145e+05 8.273708e+05 6.274043e+04 2.855478e+06 1.018280e+09
<GCONST> 9.307146e+01
<MIXTURE> 5 1.648305e-01
<MEAN> 6
 6.134094e+01 6.661125e+01 3.178757e+01 6.988067e+01 -2.936624e+02 -1.222519e+03
<VARIANCE> 6
 1.100288e+03 2.601001e+05 1.924294e+05 3.285361e+04 1.718753e+05 5.645226e+07
<GCONST> 8.297015e+01
<MIXTURE> 6 1.101938e-01
<MEAN> 6
 8.905493e+01 6.732817e+01 -8.793192e+00 -2.944784e+00 -7.233337e+00 -9.287776e+01
<VARIANCE> 6
 4.053879e+02 2.268244e+06 2.636323e+05 2.449249e+02 9.753455e+03 5.937603e+06
<GCONST> 7.443208e+01
<MIXTURE> 7 1.402655e-01
<MEAN> 6
 7.226313e+01 -3.854064e+01 1.569014e+01 -5.421583e+01 -7.800588e+02 7.784250e+01
<VARIANCE> 6
 9.397459e+02 1.212951e+05 6.887956e+04 4.092937e+04 5.291006e+05 1.785258e+08
<GCONST> 8.351775e+01
<MIXTURE> 8 1.243629e-01
<MEAN> 6
 -4.767494e+01 -3.829888e+01 -1.058646e+02 8.831742e+00 5.022357e+02 -1.191695e+03
<VARIANCE> 6
 4.767695e+02 1.894504e+05 2.220602e+05 1.462767e+04 2.570644e+05 7.458790e+07
<GCONST> 8.183212e+01
<TRANSP> 3
 0.000000e+00 1.000000e+00 0.000000e+00
 0.000000e+00 9.999626e-01 3.734685e-05
 0.000000e+00 0.000000e+00 0.000000e+00
<ENDHMM>
~h "SegundoESO"
<BEGINHMM>
<NUMSTATES> 3
<STATE> 2
<NUMMIXES> 8
<MIXTURE> 1 2.102640e-01
<MEAN> 6
 7.116203e+01 7.152452e+01 -8.089809e+01 -1.607932e+00 -6.820212e+00 -5.313091e+01
<VARIANCE> 6
 1.058803e+02 5.576339e+05 2.817868e+05 2.449249e+02 9.753455e+03 5.937603e+06
<GCONST> 7.175308e+01
<MIXTURE> 2 1.088596e-01
<MEAN> 6
 7.298830e+00 3.568547e+02 2.576312e+02 -4.227874e+01 1.176127e+02 2.335456e+03
<VARIANCE> 6
 2.136934e+03 3.577558e+06 7.002754e+06 4.562361e+04 6.825595e+05 1.847522e+08
<GCONST> 9.274271e+01
<MIXTURE> 3 4.702702e-02
<MEAN> 6
 6.050189e+01 6.568866e+01 4.544147e+01 -1.819063e+01 -7.846550e+02 6.675656e+02
<VARIANCE> 6
 1.339958e+03 2.194950e+07 7.237625e+05 3.123738e+04 1.046155e+06 5.581279e+08
<GCONST> 9.297424e+01
<MIXTURE> 4 1.068464e-01
<MEAN> 6
 6.289393e+01 1.684189e+00 1.876656e+02 3.208037e+01 -4.529517e+02 3.491982e+02
<VARIANCE> 6
 3.173853e+02 6.729664e+05 3.767617e+05 1.648596e+04 1.269996e+05 4.923949e+07
<GCONST> 8.222060e+01
<MIXTURE> 5 1.599985e-01
<MEAN> 6
 -4.835038e+01 1.241143e+02 1.216904e+02 9.189510e+00 7.715610e+02 -4.537965e+02
<VARIANCE> 6
 2.170246e+02 4.450488e+05 4.440458e+05 1.580455e+04 3.334924e+05 1.105174e+08
<GCONST> 8.332301e+01
<MIXTURE> 6 1.670830e-01
<MEAN> 6
 -3.480293e+00 3.569170e+01 1.083295e+00 1.956589e+01 9.813360e+01 -8.070605e+02
<VARIANCE> 6
 5.966178e+02 3.414366e+05 1.068284e+05 3.288296e+04 9.520020e+04 5.761839e+07
<GCONST> 8.147224e+01
<MIXTURE> 7 9.157132e-02
<MEAN> 6
 7.610085e+01 -6.683422e+02 -5.760683e+02 -1.876676e+00 -8.844972e+00 -5.594178e+01
<VARIANCE> 6
 1.350364e+02 4.671050e+06 1.351772e+07 2.449249e+02 9.753455e+03 5.937603e+06
<GCONST> 7.799236e+01
<MIXTURE> 8 1.067810e-01
<MEAN> 6
 5.932423e+01 -2.052181e+02 -1.972740e+00 -1.802714e+01 -6.078000e+02 -9.409037e+02
<VARIANCE> 6
 3.501831e+02 6.243328e+05 3.060363e+05 2.423586e+04 1.660415e+05 5.287531e+07
<GCONST> 8.276065e+01
<TRANSP> 3
 0.000000e+00 1.000000e+00 0.000000e+00
 0.000000e+00 9.999633e-01 3.668207e-05
 0.000000e+00 0.000000e+00 0.000000e+00
<ENDHMM>
~h "QuintoPRIMARIA"
<BEGINHMM>
<NUMSTATES> 3
<STATE> 2
<NUMMIXES> 8
<MIXTURE> 1 7.814632e-02
<MEAN> 6
 8.424062e+01 3.676250e+02 9.894746e+01 -3.356881e+00 -3.758133e+00 -3.662509e+01
<VARIANCE> 6
 2.801310e+02 2.945538e+06 1.495621e+06 2.449249e+02 9.753455e+03 5.937603e+06
<GCONST> 7.605952e+01
<MIXTURE> 2 6.877908e-02
<MEAN> 6
 2.220018e+01 -3.463977e+01 -7.403765e+02 -8.616539e+01 -1.202329e+01 3.884599e+03
<VARIANCE> 6
 3.779645e+03 3.059968e+06 9.243409e+06 6.694226e+04 6.339234e+06 4.229096e+09
<GCONST> 9.917709e+01
<MIXTURE> 3 1.416093e-01
<MEAN> 6
 -3.439301e+01 -1.179115e+02 9.086639e+01 1.183785e+01 8.208160e+02 -8.836610e+02
<VARIANCE> 6
 5.433417e+02 2.714864e+05 3.111619e+05 4.274998e+04 4.481578e+05 1.958777e+08
<GCONST> 8.525376e+01
<MIXTURE> 4 1.531806e-01
<MEAN> 6
 5.659844e+01 2.170378e+01 1.568686e+02 2.310596e+01 -4.888899e+02 -5.169424e+02
<VARIANCE> 6
 8.758397e+02 1.043605e+06 2.033901e+06 3.287919e+04 2.275326e+05 6.528210e+07
<GCONST> 8.691599e+01
<MIXTURE> 5 1.238542e-01
<MEAN> 6
 7.621230e+01 3.803521e+01 2.915098e+02 -1.970461e+00 -3.309659e+00 5.464111e+00
<VARIANCE> 6
 1.984763e+02 2.201718e+05 1.964000e+06 2.449249e+02 9.753455e+03 5.937603e+06
<GCONST> 7.339374e+01
<MIXTURE> 6 1.942016e-01
<MEAN> 6
 5.053431e+01 -9.264660e-01 2.710869e-01 -1.288905e+01 -4.506634e+02 -2.710936e+02
<VARIANCE> 6
 1.098998e+03 1.298602e+05 9.364732e+04 3.579946e+04 3.799562e+05 1.335467e+08
<GCONST> 8.329438e+01
<MIXTURE> 7 1.152269e-01
<MEAN> 6
 -5.617175e+01 5.349394e+00 1.310827e+01 3.551880e+01 4.304631e+02 9.396335e+01
<VARIANCE> 6
 2.830885e+02 7.656448e+05 1.361438e+06 6.515050e+03 1.560472e+05 3.544530e+07
<GCONST> 8.246883e+01
<MIXTURE> 8 1.236293e-01
<MEAN> 6
 6.997749e+01 -1.464515e+02 -2.527732e+02 -1.018341e+00 -1.201451e+01 -1.353057e+02
<VARIANCE> 6
 1.537354e+02 2.519920e+05 2.132758e+06 2.449249e+02 9.753455e+03 5.937603e+06
<GCONST> 7.335572e+01
<TRANSP> 3
 0.000000e+00 1.000000e+00 0.000000e+00
 0.000000e+00 9.999642e-01 3.575065e-05
 0.000000e+00 0.000000e+00 0.000000e+00
<ENDHMM>
