~o
<STREAMINFO> 1 6
<VECSIZE> 6<NULLD><USER><DIAGC>
~h "SegundoPRIMARIA"
<BEGINHMM>
<NUMSTATES> 3
<STATE> 2
<NUMMIXES> 6
<MIXTURE> 1 2.922712e-02
<MEAN> 6
 3.474676e+01 -3.902016e+00 -1.512965e+02 -3.057390e+01 -3.154357e+02 4.253736e+03
<VARIANCE> 6
 5.487732e+03 1.322291e+06 3.378993e+06 1.306697e+05 3.792742e+07 4.344535e+10
<GCONST> 1.024919e+02
<MIXTURE> 2 2.765362e-01
<MEAN> 6
 8.297557e+01 7.292485e-01 -1.373543e+01 -1.760674e+00 -2.773175e+01 -1.557085e+02
<VARIANCE> 6
 3.022003e+02 3.554997e+05 7.508291e+05 2.876443e+02 3.343562e+04 4.108754e+07
<GCONST> 7.665889e+01
<MIXTURE> 3 1.581103e-01
<MEAN> 6
 8.670658e+00 1.330521e+02 5.386002e+01 8.236298e+01 1.802987e+02 -6.084091e+02
<VARIANCE> 6
 3.025880e+03 2.242292e+05 9.518386e+04 2.659408e+04 4.508840e+05 5.474488e+07
<GCONST> 8.385182e+01
<MIXTURE> 4 7.361759e-02
<MEAN> 6
 2.203298e+01 -7.045990e+00 -5.500291e+01 -3.538093e+00 4.716992e+01 8.985873e+01
<VARIANCE> 6
 5.898137e+03 2.869858e+06 4.658225e+05 2.876443e+02 3.343562e+04 4.108754e+07
<GCONST> 8.124130e+01
<MIXTURE> 5 2.940578e-01
<MEAN> 6
 3.188958e+01 -6.042823e+01 2.762258e+01 -6.090866e+01 -1.219399e+02 1.025256e+03
<VARIANCE> 6
 3.624507e+03 3.127075e+05 4.338728e+05 5.149955e+04 1.757644e+06 4.648335e+08
<GCONST> 9.004227e+01
<MIXTURE> 6 1.669747e-01
<MEAN> 6
 1.077252e+01 -1.736739e+01 -2.621490e+01 4.113890e+01 1.232562e+02 -1.761802e+03
<VARIANCE> 6
 3.187412e+03 1.590369e+05 8.771894e+04 3.183090e+04 5.253333e+05 5.712639e+07
<GCONST> 8.385378e+01
<TRANSP> 3
 0.000000e+00 1.000000e+00 0.000000e+00
 0.000000e+00 9.999627e-01 3.725927e-05
 0.000000e+00 0.000000e+00 0.000000e+00
<ENDHMM>
~h "SegundoESO"
<BEGINHMM>
<NUMSTATES> 3
<STATE> 2
<NUMMIXES> 6
<MIXTURE> 1 1.767725e-01
<MEAN> 6
 7.542512e+01 1.107946e+02 -6.063212e+01 -2.292456e+00 -1.797211e+01 -7.024809e+01
<VARIANCE> 6
 1.537065e+02 9.633396e+05 9.084814e+05 2.876443e+02 3.343562e+04 4.108754e+07
<GCONST> 7.717032e+01
<MIXTURE> 2 1.120928e-01
<MEAN> 6
 5.483912e+00 4.030515e+02 4.073983e+02 -1.052282e+00 8.154175e+01 2.072536e+02
<VARIANCE> 6
 2.549243e+03 3.065352e+06 9.435418e+06 3.770813e+04 4.846066e+05 8.613700e+07
<GCONST> 9.176665e+01
<MIXTURE> 3 8.823822e-02
<MEAN> 6
 2.447951e+01 -2.425271e+02 7.461510e+01 -7.491728e+01 -3.793784e+01 2.775547e+03
<VARIANCE> 6
 3.338908e+03 1.456475e+07 8.332492e+05 3.727392e+04 1.873056e+06 5.811487e+08
<GCONST> 9.441752e+01
<MIXTURE> 4 2.246740e-01
<MEAN> 6
 5.886187e+01 -4.605287e+01 8.960826e+01 8.386122e+00 -5.071303e+02 -2.788276e+02
<VARIANCE> 6
 4.441907e+02 6.607611e+05 3.285036e+05 2.498489e+04 1.671156e+05 5.012321e+07
<GCONST> 8.310943e+01
<MIXTURE> 5 2.624524e-01
<MEAN> 6
 -2.789388e+01 3.437547e+01 2.224890e+01 2.216384e+01 4.341852e+02 -7.033860e+02
<VARIANCE> 6
 6.882712e+02 3.367022e+05 2.342225e+05 2.370854e+04 2.542144e+05 7.197246e+07
<GCONST> 8.326375e+01
<MIXTURE> 6 1.349973e-01
<MEAN> 6
 7.487868e+01 -3.117294e+02 -5.008248e+02 -1.929525e+00 -1.849611e+01 -7.304991e+01
<VARIANCE> 6
 1.380413e+02 2.610124e+06 7.685298e+06 2.876443e+02 3.343562e+04 4.108754e+07
<GCONST> 8.019486e+01
<TRANSP> 3
 0.000000e+00 1.000000e+00 0.000000e+00
 0.000000e+00 9.999635e-01 3.648495e-05
 0.000000e+00 0.000000e+00 0.000000e+00
<ENDHMM>
~h "QuintoPRIMARIA"
<BEGINHMM>
<NUMSTATES> 3
<STATE> 2
<NUMMIXES> 6
<MIXTURE> 1 1.570762e-01
<MEAN> 6
 8.054967e+01 2.391547e+02 3.308263e+02 -3.073723e+00 -1.705586e+01 -1.081738e+02
<VARIANCE> 6
 2.529594e+02 8.958871e+05 2.464241e+06 2.876443e+02 3.343562e+04 4.108754e+07
<GCONST> 7.859377e+01
<MIXTURE> 2 1.171871e-02
<MEAN> 6
 1.457435e+01 -2.337842e+02 -1.635368e+02 -2.528142e+01 -3.897600e+02 4.602143e+03
<VARIANCE> 6
 9.938954e+03 2.634176e+06 1.829920e+06 1.184523e+06 6.375846e+08 9.338559e+11
<GCONST> 1.112560e+02
<MIXTURE> 3 3.163167e-01
<MEAN> 6
 1.264158e+01 -2.549760e+01 2.056572e+01 2.719223e+01 -2.218457e+01 -6.212764e+02
<VARIANCE> 6
 2.891949e+03 1.391074e+05 1.495966e+05 2.594828e+04 3.991311e+05 4.648832e+07
<GCONST> 8.347127e+01
<MIXTURE> 4 1.378404e-01
<MEAN> 6
 2.468065e+01 7.931598e+00 -3.292842e+02 -2.288755e-01 -1.248318e+02 6.057707e+01
<VARIANCE> 6
 3.217189e+03 4.822344e+06 7.293950e+06 3.373338e+04 6.199054e+05 1.091478e+08
<GCONST> 9.256664e+01
<MIXTURE> 5 2.008823e-01
<MEAN> 6
 4.152564e+00 -1.321323e+02 1.927117e+01 -3.546230e+01 1.754489e+02 9.102087e+02
<VARIANCE> 6
 3.493298e+03 4.814462e+05 6.649301e+05 4.522308e+04 1.639140e+06 5.375210e+08
<GCONST> 9.080937e+01
<MIXTURE> 6 1.740416e-01
<MEAN> 6
 7.394477e+01 -7.412501e+00 -8.530643e+01 -2.500273e+00 -2.070435e+01 -1.601916e+02
<VARIANCE> 6
 1.975848e+02 2.996398e+05 5.195012e+05 2.876443e+02 3.343562e+04 4.108754e+07
<GCONST> 7.569471e+01
<TRANSP> 3
 0.000000e+00 1.000000e+00 0.000000e+00
 0.000000e+00 9.999640e-01 3.601369e-05
 0.000000e+00 0.000000e+00 0.000000e+00
<ENDHMM>
