~o
<STREAMINFO> 1 6
<VECSIZE> 6<NULLD><USER><DIAGC>
~h "SegundoPRIMARIA"
<BEGINHMM>
<NUMSTATES> 5
<STATE> 2
<NUMMIXES> 6
<MIXTURE> 1 1.695061e-01
<MEAN> 6
 8.972132e+01 6.875638e+01 5.466358e+02 -2.513106e+00 -3.360870e+01 -1.344408e+02
<VARIANCE> 6
 4.607693e+02 8.076971e+05 1.819133e+06 2.969175e+02 3.992992e+04 5.125877e+07
<GCONST> 7.921671e+01
<MIXTURE> 2 2.029890e-01
<MEAN> 6
 2.509816e+01 -3.027691e+01 -1.898526e+01 -6.030677e+01 2.568031e+01 1.611948e+03
<VARIANCE> 6
 3.483528e+03 4.611341e+05 1.645741e+06 6.858611e+04 2.481544e+06 8.248813e+08
<GCONST> 9.292920e+01
<MIXTURE> 3 2.246042e-01
<MEAN> 6
 6.229090e+01 -3.435593e+01 1.051085e+02 2.497122e+01 -4.858870e+02 -1.105139e+03
<VARIANCE> 6
 1.194586e+03 1.349032e+05 5.417398e+05 3.747114e+04 3.087424e+05 6.478846e+07
<GCONST> 8.428589e+01
<MIXTURE> 4 1.185063e-01
<MEAN> 6
 -4.346305e+01 6.418105e+01 9.783856e+00 5.904612e+01 5.991057e+02 5.597009e+02
<VARIANCE> 6
 4.763880e+02 1.669493e+05 6.777542e+05 1.743868e+04 2.250539e+05 5.198672e+07
<GCONST> 8.250252e+01
<MIXTURE> 5 1.678924e-01
<MEAN> 6
 7.723967e+01 6.075313e+01 -4.671863e+02 -2.557142e-01 -2.207697e+01 -1.619057e+02
<VARIANCE> 6
 1.907800e+02 8.684090e+04 1.184404e+06 2.969175e+02 3.992992e+04 5.125877e+07
<GCONST> 7.567570e+01
<MIXTURE> 6 1.160560e-01
<MEAN> 6
 -5.761336e+01 -4.711023e+01 -3.203917e+02 2.578965e+00 3.697425e+02 -8.484545e+02
<VARIANCE> 6
 4.947789e+02 1.502619e+05 9.180918e+05 7.139633e+03 1.572446e+05 5.586714e+07
<GCONST> 8.155902e+01
<STATE> 3
<NUMMIXES> 6
<MIXTURE> 1 1.345800e-01
<MEAN> 6
 8.520686e+01 5.881933e+02 2.976012e+02 -1.546696e+00 -2.159952e+00 -1.320346e+01
<VARIANCE> 6
 3.875212e+01 3.377778e+05 2.118170e+04 2.969175e+02 3.992992e+04 5.125877e+07
<GCONST> 7.141621e+01
<MIXTURE> 2 1.858465e-01
<MEAN> 6
 8.108956e+01 -1.175295e+03 2.551917e+02 -2.303729e+00 -1.186174e+00 -1.009708e+02
<VARIANCE> 6
 2.150802e+02 1.433800e+07 5.057368e+05 2.969175e+02 3.992992e+04 5.125877e+07
<GCONST> 8.005120e+01
<MIXTURE> 3 1.586834e-01
<MEAN> 6
 7.001984e+01 2.529700e+02 -6.493022e+01 7.765400e-02 3.991477e+00 -7.454816e+01
<VARIANCE> 6
 8.387559e+01 1.255032e+05 4.387619e+04 2.969175e+02 3.992992e+04 5.125877e+07
<GCONST> 7.192654e+01
<MIXTURE> 4 2.609869e-01
<MEAN> 6
 6.701915e+01 -5.002862e+02 -2.301572e+02 -5.470219e-01 -1.077837e+00 -9.310844e+01
<VARIANCE> 6
 7.203409e+01 1.875935e+05 1.829446e+05 2.969175e+02 3.992992e+04 5.125877e+07
<GCONST> 7.360410e+01
<MIXTURE> 5 1.008838e-01
<MEAN> 6
 8.131808e+01 -2.247155e+01 9.982611e+01 -1.689480e+00 -4.674714e+00 -1.521254e+01
<VARIANCE> 6
 9.704691e+01 2.427389e+05 4.313204e+04 2.969175e+02 3.992992e+04 5.125877e+07
<GCONST> 7.271495e+01
<MIXTURE> 6 1.589765e-01
<MEAN> 6
 6.612610e+01 1.056675e+02 -1.945369e+02 5.178579e-01 -2.720758e+00 -1.154235e+02
<VARIANCE> 6
 1.089600e+02 1.059069e+05 4.277581e+04 2.969175e+02 3.992992e+04 5.125877e+07
<GCONST> 7.199302e+01
<STATE> 4
<NUMMIXES> 6
<MIXTURE> 1 2.167565e-02
<MEAN> 6
 2.689463e+01 8.282556e+02 -2.481617e+02 -3.662909e+01 -4.208438e+02 7.499880e+03
<VARIANCE> 6
 7.530064e+03 2.642906e+07 1.293298e+06 4.882212e+05 2.477665e+08 3.557427e+11
<GCONST> 1.101406e+02
<MIXTURE> 2 1.717495e-01
<MEAN> 6
 -1.026983e+01 1.493820e+02 5.703045e+01 1.091949e+02 3.740061e+02 -4.994282e+02
<VARIANCE> 6
 1.669303e+03 1.913659e+05 4.651291e+04 2.616755e+04 3.225071e+05 5.805707e+07
<GCONST> 8.208995e+01
<MIXTURE> 3 1.436361e-01
<MEAN> 6
 5.349894e+01 9.128895e+01 -1.260290e+00 2.452778e+01 -6.516028e+02 -3.664772e+03
<VARIANCE> 6
 3.927824e+03 6.784453e+05 4.610110e+05 5.501126e+04 2.553500e+06 1.240563e+09
<GCONST> 9.237894e+01
<MIXTURE> 4 3.084042e-01
<MEAN> 6
 8.993327e+01 -3.499475e+01 -1.499863e+01 -1.165030e+01 -2.814037e+02 -5.365731e+02
<VARIANCE> 6
 3.511295e+02 6.437241e+05 9.575154e+04 8.378812e+03 1.982269e+05 5.125877e+07
<GCONST> 8.071598e+01
<MIXTURE> 5 1.815129e-01
<MEAN> 6
 1.019414e+01 -8.237490e+01 2.143371e+01 -1.392347e+02 3.240145e+02 5.242601e+03
<VARIANCE> 6
 3.157440e+03 3.795644e+05 8.220635e+04 4.914402e+04 2.108650e+06 5.390379e+08
<GCONST> 8.871791e+01
<MIXTURE> 6 1.720247e-01
<MEAN> 6
 -2.296064e+01 1.776585e+01 -8.733111e+00 4.656784e+01 3.848395e+02 -1.873347e+03
<VARIANCE> 6
 1.263667e+03 1.634069e+05 4.802257e+04 2.874808e+04 2.823259e+05 6.193474e+07
<GCONST> 8.171120e+01
<TRANSP> 5
 0.000000e+00 1.000000e+00 0.000000e+00 0.000000e+00 0.000000e+00
 0.000000e+00 9.998944e-01 1.055968e-04 0.000000e+00 0.000000e+00
 0.000000e+00 0.000000e+00 9.996399e-01 3.600675e-04 0.000000e+00
 0.000000e+00 0.000000e+00 0.000000e+00 9.999321e-01 6.797253e-05
 0.000000e+00 0.000000e+00 0.000000e+00 0.000000e+00 0.000000e+00
<ENDHMM>
~h "SegundoESO"
<BEGINHMM>
<NUMSTATES> 5
<STATE> 2
<NUMMIXES> 6
<MIXTURE> 1 2.335587e-01
<MEAN> 6
 6.503982e+01 1.065700e+03 -5.339824e+02 -1.556759e-01 -2.786339e+00 -1.161017e+02
<VARIANCE> 6
 9.682266e+01 2.341368e+07 2.030724e+05 2.969175e+02 3.992992e+04 5.125877e+07
<GCONST> 7.883102e+01
<MIXTURE> 2 1.294889e-01
<MEAN> 6
 7.637889e+01 7.208141e+02 -2.272878e+02 -5.383747e-01 -8.629556e-01 -1.049576e+02
<VARIANCE> 6
 3.159611e+01 9.447276e+05 5.045536e+06 2.969175e+02 3.992992e+04 5.125877e+07
<GCONST> 7.771369e+01
<MIXTURE> 3 1.548143e-01
<MEAN> 6
 6.290751e+01 4.354260e+02 -2.272654e+03 7.601083e-01 1.161976e+00 -7.060128e+01
<VARIANCE> 6
 6.799644e+01 1.093984e+05 5.082452e+06 2.969175e+02 3.992992e+04 5.125877e+07
<GCONST> 7.633150e+01
<MIXTURE> 4 2.429758e-01
<MEAN> 6
 6.412757e+01 5.216981e+02 -1.204812e+03 -3.245171e-01 -1.942011e+00 -1.007242e+02
<VARIANCE> 6
 3.900774e+01 6.223762e+05 2.486697e+05 2.969175e+02 3.992992e+04 5.125877e+07
<GCONST> 7.449693e+01
<MIXTURE> 5 1.097140e-01
<MEAN> 6
 7.363427e+01 1.617466e+01 -4.868719e+03 -4.411517e-01 -2.151064e+00 -6.038867e+01
<VARIANCE> 6
 3.159611e+01 2.056143e+05 1.364387e+07 2.969175e+02 3.992992e+04 5.125877e+07
<GCONST> 7.718359e+01
<MIXTURE> 6 1.294027e-01
<MEAN> 6
 7.497266e+01 3.540287e+02 -6.756439e+02 -1.002339e+00 -3.271637e+00 -8.761866e+01
<VARIANCE> 6
 3.159611e+01 1.601624e+06 5.564152e+06 2.969175e+02 3.992992e+04 5.125877e+07
<GCONST> 7.833942e+01
<STATE> 3
<NUMMIXES> 6
<MIXTURE> 1 1.666163e-01
<MEAN> 6
 7.498087e+01 -9.662476e+01 4.087018e+02 -5.018251e-02 -8.240251e+00 -7.084529e+01
<VARIANCE> 6
 3.159611e+01 2.520141e+05 1.559742e+05 2.969175e+02 3.992992e+04 5.125877e+07
<GCONST> 7.291572e+01
<MIXTURE> 2 1.546934e-01
<MEAN> 6
 6.611127e+01 5.281158e+02 6.704211e+01 1.044104e-01 -5.210474e+00 -1.516764e+02
<VARIANCE> 6
 4.711012e+01 1.858832e+05 3.375197e+04 2.969175e+02 3.992992e+04 5.125877e+07
<GCONST> 7.148015e+01
<MIXTURE> 3 1.742187e-01
<MEAN> 6
 6.501343e+01 5.345505e+01 -7.608802e+01 8.826792e-02 -3.620383e+00 -1.347699e+02
<VARIANCE> 6
 3.812891e+01 1.281654e+05 8.691322e+04 2.969175e+02 3.992992e+04 5.125877e+07
<GCONST> 7.184271e+01
<MIXTURE> 4 1.749792e-01
<MEAN> 6
 7.975708e+01 -1.030637e+03 1.787188e+02 5.936875e-02 -4.020105e+00 -1.169958e+02
<VARIANCE> 6
 6.619053e+01 4.736655e+05 3.594603e+04 2.969175e+02 3.992992e+04 5.125877e+07
<GCONST> 7.281856e+01
<MIXTURE> 5 1.578210e-01
<MEAN> 6
 6.239784e+01 1.892347e+02 -3.140027e+01 2.307095e-01 -2.463959e+00 -1.362554e+02
<VARIANCE> 6
 3.824384e+01 1.807960e+05 4.484303e+04 2.969175e+02 3.992992e+04 5.125877e+07
<GCONST> 7.152802e+01
<MIXTURE> 6 1.714465e-01
<MEAN> 6
 6.300484e+01 -6.177033e+01 -1.343707e+02 -4.972187e-02 -3.763096e+00 -1.411198e+02
<VARIANCE> 6
 3.655270e+01 1.152348e+05 7.091479e+04 2.969175e+02 3.992992e+04 5.125877e+07
<GCONST> 7.149071e+01
<STATE> 4
<NUMMIXES> 6
<MIXTURE> 1 1.860606e-01
<MEAN> 6
 8.012180e+01 -3.389331e+02 1.300133e+02 -1.496852e+00 -1.260993e+02 -4.812548e+00
<VARIANCE> 6
 1.924529e+02 2.637466e+06 1.944977e+06 1.583200e+03 6.160547e+04 5.125877e+07
<GCONST> 8.170131e+01
<MIXTURE> 2 1.682286e-01
<MEAN> 6
 1.673238e+01 -3.814683e+01 3.848719e+02 -4.330420e+01 -7.901839e+01 1.779176e+03
<VARIANCE> 6
 2.990835e+03 5.862255e+06 5.136126e+06 4.311942e+04 1.266368e+06 3.417314e+08
<GCONST> 9.443935e+01
<MIXTURE> 3 1.462011e-01
<MEAN> 6
 -4.169553e+01 1.360913e+02 1.862719e+02 1.942987e+01 6.913751e+02 -6.687012e+02
<VARIANCE> 6
 3.845499e+02 4.812363e+05 4.288715e+05 1.662334e+04 3.412354e+05 6.464281e+07
<GCONST> 8.347565e+01
<MIXTURE> 4 1.626080e-01
<MEAN> 6
 5.262076e+01 1.613290e+02 8.834283e+01 2.926275e+01 -3.083625e+02 2.880563e+02
<VARIANCE> 6
 6.378736e+02 4.040022e+05 1.567034e+05 2.200389e+04 1.364628e+05 5.125877e+07
<GCONST> 8.193187e+01
<MIXTURE> 5 1.733569e-01
<MEAN> 6
 -2.409175e+01 -3.785409e+01 -2.321614e+01 1.521834e+01 3.315791e+02 -7.267809e+02
<VARIANCE> 6
 5.033312e+02 2.810891e+05 1.641716e+05 2.545062e+04 1.411752e+05 8.389958e+07
<GCONST> 8.205099e+01
<MIXTURE> 6 1.621369e-01
<MEAN> 6
 4.904829e+01 -8.328902e+01 -3.709042e+01 -1.420550e+01 -4.375711e+02 -6.157667e+02
<VARIANCE> 6
 6.970654e+02 4.108630e+05 1.487034e+05 2.900598e+04 1.995143e+05 5.125877e+07
<GCONST> 8.264116e+01
<TRANSP> 5
 0.000000e+00 1.000000e+00 0.000000e+00 0.000000e+00 0.000000e+00
 0.000000e+00 9.995115e-01 4.884421e-04 0.000000e+00 0.000000e+00
 0.000000e+00 0.000000e+00 9.995917e-01 4.082907e-04 0.000000e+00
 0.000000e+00 0.000000e+00 0.000000e+00 9.999560e-01 4.406031e-05
 0.000000e+00 0.000000e+00 0.000000e+00 0.000000e+00 0.000000e+00
<ENDHMM>
~h "QuintoPRIMARIA"
<BEGINHMM>
<NUMSTATES> 5
<STATE> 2
<NUMMIXES> 6
<MIXTURE> 1 2.304628e-01
<MEAN> 6
 9.061280e+01 8.727889e+02 -5.222379e+02 -1.732438e+00 3.908864e+00 -8.711633e+01
<VARIANCE> 6
 3.194717e+02 1.954684e+06 3.437170e+04 2.969175e+02 3.992992e+04 5.125877e+07
<GCONST> 7.576539e+01
<MIXTURE> 2 1.538656e-01
<MEAN> 6
 6.006016e+01 3.148873e+02 -2.901784e+03 2.435437e-01 -6.084258e+00 -1.219760e+02
<VARIANCE> 6
 3.159611e+01 1.245335e+05 1.093746e+06 2.969175e+02 3.992992e+04 5.125877e+07
<GCONST> 7.415848e+01
<MIXTURE> 3 2.314991e-01
<MEAN> 6
 7.912082e+01 1.468930e+02 2.155545e+03 -3.375432e-02 -4.319865e+00 -7.972356e+01
<VARIANCE> 6
 7.241131e+01 2.382911e+05 2.800321e+06 2.969175e+02 3.992992e+04 5.125877e+07
<GCONST> 7.657685e+01
<MIXTURE> 4 1.428656e-01
<MEAN> 6
 7.357851e+01 -5.819410e+01 1.522944e+02 2.500854e-02 -1.576700e+00 -5.110009e+01
<VARIANCE> 6
 2.068445e+02 4.533037e+05 2.311626e+06 2.969175e+02 3.992992e+04 5.125877e+07
<GCONST> 7.807774e+01
<MIXTURE> 5 9.121869e-02
<MEAN> 6
 6.344581e+01 -1.357856e+03 -6.486419e+03 1.057577e+00 -6.353133e+00 -5.637765e+01
<VARIANCE> 6
 3.159611e+01 1.363817e+06 4.572700e+06 2.969175e+02 3.992992e+04 5.125877e+07
<GCONST> 7.798244e+01
<MIXTURE> 6 1.500240e-01
<MEAN> 6
 7.028252e+01 -3.831472e+02 -3.080944e+02 -1.162800e-01 -7.111772e+00 -3.297321e+01
<VARIANCE> 6
 1.582746e+02 4.830268e+05 1.935432e+06 2.969175e+02 3.992992e+04 5.125877e+07
<GCONST> 7.769600e+01
<STATE> 3
<NUMMIXES> 6
<MIXTURE> 1 1.341312e-01
<MEAN> 6
 8.195031e+01 -5.123926e+01 -8.339748e-01 1.901668e-01 -4.399258e+00 -9.149036e+01
<VARIANCE> 6
 3.159611e+01 2.715793e+04 6.901434e+04 2.969175e+02 3.992992e+04 5.125877e+07
<GCONST> 6.987252e+01
<MIXTURE> 2 2.279086e-01
<MEAN> 6
 7.006186e+01 4.178870e+01 -2.288576e+02 -5.034865e-01 -5.455287e+00 -1.516039e+02
<VARIANCE> 6
 3.159611e+01 5.930604e+05 3.250987e+04 2.969175e+02 3.992992e+04 5.125877e+07
<GCONST> 7.220338e+01
<MIXTURE> 3 1.892920e-01
<MEAN> 6
 5.783062e+01 3.767248e+00 1.611987e+02 -1.967239e-01 -4.700871e+00 -1.847031e+02
<VARIANCE> 6
 3.159611e+01 1.368598e+04 7.501881e+04 2.969175e+02 3.992992e+04 5.125877e+07
<GCONST> 6.927065e+01
<MIXTURE> 4 1.381496e-01
<MEAN> 6
 6.456238e+01 -6.056909e+02 9.676364e+01 -1.916240e-01 -9.124702e-01 -1.304098e+02
<VARIANCE> 6
 1.253010e+02 2.117353e+05 1.541749e+04 2.969175e+02 3.992992e+04 5.125877e+07
<GCONST> 7.180506e+01
<MIXTURE> 5 1.897895e-01
<MEAN> 6
 6.145789e+01 -1.513737e+02 -1.866179e+02 -3.270893e-01 -4.325207e+00 -1.450180e+02
<VARIANCE> 6
 3.159611e+01 1.405542e+04 2.594431e+05 2.969175e+02 3.992992e+04 5.125877e+07
<GCONST> 7.053809e+01
<MIXTURE> 6 1.206463e-01
<MEAN> 6
 7.980988e+01 -1.055941e+02 -4.433107e+01 -2.102269e-01 -8.388666e+00 -1.004738e+02
<VARIANCE> 6
 4.661759e+01 3.067574e+04 7.641714e+04 2.969175e+02 3.992992e+04 5.125877e+07
<GCONST> 7.048516e+01
<STATE> 4
<NUMMIXES> 6
<MIXTURE> 1 1.371347e-02
<MEAN> 6
 1.628784e+01 -1.278718e+02 -5.230056e+02 -3.815253e+01 -4.997104e+02 5.417530e+03
<VARIANCE> 6
 9.736213e+03 3.390522e+06 4.466422e+06 1.197342e+06 6.500991e+08 9.569961e+11
<GCONST> 1.124348e+02
<MIXTURE> 2 2.092294e-01
<MEAN> 6
 8.219717e+01 9.184771e+01 2.838025e+02 -2.304692e+00 -5.712032e+01 -4.706619e+01
<VARIANCE> 6
 2.323120e+02 1.406757e+06 1.785543e+06 8.726437e+02 3.992992e+04 5.125877e+07
<GCONST> 8.014618e+01
<MIXTURE> 3 1.885295e-01
<MEAN> 6
 2.173513e+01 3.739975e+01 6.308076e+01 3.975558e+01 8.020301e-01 2.741989e+02
<VARIANCE> 6
 3.099785e+03 8.496398e+04 8.858155e+04 2.002101e+04 3.380678e+05 5.125877e+07
<GCONST> 8.219595e+01
<MIXTURE> 4 2.121548e-01
<MEAN> 6
 3.495944e+00 -7.172778e+01 -2.451475e+01 -4.056696e+01 2.032467e+02 1.000706e+03
<VARIANCE> 6
 3.555406e+03 6.806081e+05 7.090972e+05 5.075344e+04 1.970840e+06 6.679265e+08
<GCONST> 9.175437e+01
<MIXTURE> 5 1.814408e-01
<MEAN> 6
 1.852626e+00 3.604278e+01 6.271514e+01 2.335339e+01 -1.239063e+01 -4.578175e+02
<VARIANCE> 6
 3.001851e+03 1.546523e+06 4.939520e+06 3.866415e+04 6.056230e+05 7.365158e+07
<GCONST> 9.069008e+01
<MIXTURE> 6 1.932129e-01
<MEAN> 6
 2.226488e+01 -5.407584e+01 -5.389355e+01 -9.529563e+00 -1.114264e+02 -1.151973e+03
<VARIANCE> 6
 2.993698e+03 8.309231e+04 9.798238e+04 2.343299e+04 3.885915e+05 5.200874e+07
<GCONST> 8.255089e+01
<TRANSP> 5
 0.000000e+00 1.000000e+00 0.000000e+00 0.000000e+00 0.000000e+00
 0.000000e+00 9.994700e-01 5.299813e-04 0.000000e+00 0.000000e+00
 0.000000e+00 0.000000e+00 9.995989e-01 4.011175e-04 0.000000e+00
 0.000000e+00 0.000000e+00 0.000000e+00 9.999576e-01 4.236815e-05
 0.000000e+00 0.000000e+00 0.000000e+00 0.000000e+00 0.000000e+00
<ENDHMM>
