~o
<STREAMINFO> 1 6
<VECSIZE> 6<NULLD><USER><DIAGC>
~h "SegundoPRIMARIA"
<BEGINHMM>
<NUMSTATES> 6
<STATE> 2
<NUMMIXES> 6
<MIXTURE> 1 1.383308e-01
<MEAN> 6
 8.642875e+01 -1.882767e+00 4.069866e+02 -2.075296e+00 -3.444828e+01 -2.032856e+02
<VARIANCE> 6
 4.011239e+02 6.143059e+05 2.002421e+06 2.921389e+02 3.619357e+04 4.561591e+07
<GCONST> 7.866928e+01
<MIXTURE> 2 1.077811e-01
<MEAN> 6
 1.603628e+01 -1.937453e+00 9.176218e+01 -1.494703e+02 2.342171e+02 6.521992e+03
<VARIANCE> 6
 3.868398e+03 3.257499e+05 7.851782e+05 6.105154e+04 3.564440e+06 1.256259e+09
<GCONST> 9.261281e+01
<MIXTURE> 3 2.497573e-01
<MEAN> 6
 6.432232e+01 -5.294996e+01 1.010051e+02 1.119010e+01 -5.263907e+02 -9.253643e+02
<VARIANCE> 6
 1.125376e+03 1.742501e+05 5.294905e+05 4.047304e+04 3.090318e+05 7.284168e+07
<GCONST> 8.465444e+01
<MIXTURE> 4 2.331533e-01
<MEAN> 6
 -4.967006e+01 -2.045612e+01 -1.310911e+02 3.013113e+01 5.090942e+02 -6.685815e+01
<VARIANCE> 6
 4.868487e+02 1.733234e+05 7.284048e+05 1.321217e+04 2.131840e+05 5.556145e+07
<GCONST> 8.236855e+01
<MIXTURE> 5 1.219344e-01
<MEAN> 6
 2.818772e+01 -1.209283e+02 -8.239896e+01 5.786970e+01 -3.204188e+01 -3.382743e+03
<VARIANCE> 6
 3.291207e+03 9.019528e+05 2.372845e+06 5.627981e+04 1.335054e+06 2.967829e+08
<GCONST> 9.206927e+01
<MIXTURE> 6 1.486560e-01
<MEAN> 6
 7.420694e+01 1.839198e+02 -2.964029e+02 9.482879e-01 -2.190021e+01 -1.556455e+02
<VARIANCE> 6
 1.452479e+02 2.823970e+05 1.046125e+06 2.921389e+02 3.619357e+04 4.561591e+07
<GCONST> 7.622701e+01
<STATE> 3
<NUMMIXES> 6
<MIXTURE> 1 2.620997e-01
<MEAN> 6
 8.300684e+01 9.433673e+01 2.250102e+02 -9.687588e-01 -2.836186e+00 -1.121939e+01
<VARIANCE> 6
 6.696637e+01 1.352990e+05 3.340604e+04 2.921389e+02 3.619357e+04 4.561591e+07
<GCONST> 7.127282e+01
<MIXTURE> 2 2.447352e-01
<MEAN> 6
 7.452156e+01 3.732473e+01 -1.446944e+02 1.447852e-01 -3.509155e+00 -1.030232e+02
<VARIANCE> 6
 3.966102e+01 1.619820e+04 4.915935e+04 2.921389e+02 3.619357e+04 4.561591e+07
<GCONST> 6.901274e+01
<MIXTURE> 3 9.190559e-02
<MEAN> 6
 6.022210e+01 -1.762205e+02 -3.499801e+02 1.043215e+00 1.452138e+00 -1.109747e+02
<VARIANCE> 6
 8.575764e+01 6.823608e+04 3.872811e+04 2.921389e+02 3.619357e+04 4.561591e+07
<GCONST> 7.098347e+01
<MIXTURE> 4 1.433460e-01
<MEAN> 6
 6.624548e+01 5.063155e+01 4.441965e+01 5.846754e-01 2.453485e+00 -4.654656e+01
<VARIANCE> 6
 4.208263e+01 2.188980e+05 4.422314e+04 2.921389e+02 3.619357e+04 4.561591e+07
<GCONST> 7.156989e+01
<MIXTURE> 5 1.206631e-01
<MEAN> 6
 7.655737e+01 -6.158487e+02 -5.310588e+02 -2.620168e+00 -2.444367e+00 -6.774855e+01
<VARIANCE> 6
 1.119095e+02 3.831603e+04 4.742146e+04 2.921389e+02 3.619357e+04 4.561591e+07
<GCONST> 7.087504e+01
<MIXTURE> 6 1.371060e-01
<MEAN> 6
 6.257126e+01 3.880435e+01 -1.115652e+02 1.310330e+00 2.527089e+00 -8.080959e+01
<VARIANCE> 6
 6.023340e+01 1.636338e+05 5.279062e+04 2.921389e+02 3.619357e+04 4.561591e+07
<GCONST> 7.181460e+01
<STATE> 4
<NUMMIXES> 6
<MIXTURE> 1 1.165081e-01
<MEAN> 6
 1.218057e+02 6.815228e+02 1.117197e+03 -6.112959e+00 -6.975117e+00 6.394558e+01
<VARIANCE> 6
 8.113087e+01 1.667039e+06 7.757806e+05 2.921389e+02 3.619357e+04 4.561591e+07
<GCONST> 7.712115e+01
<MIXTURE> 2 2.688762e-01
<MEAN> 6
 8.429620e+01 5.088781e+02 1.389545e+02 -1.783983e+00 -3.313457e-01 -8.134129e+01
<VARIANCE> 6
 1.412981e+02 4.177990e+06 1.901629e+05 2.921389e+02 3.619357e+04 4.561591e+07
<GCONST> 7.718874e+01
<MIXTURE> 3 5.789107e-02
<MEAN> 6
 8.720075e+01 3.421701e+02 -2.649874e+03 -2.684665e+00 -7.041863e+00 8.696227e+01
<VARIANCE> 6
 5.414835e+01 3.610780e+05 1.854182e+05 2.921389e+02 3.619357e+04 4.561591e+07
<GCONST> 7.375584e+01
<MIXTURE> 4 6.423286e-02
<MEAN> 6
 6.909309e+01 -7.221052e+03 1.343238e+03 -2.659048e+00 -3.729334e+00 -4.013161e+01
<VARIANCE> 6
 8.385225e+01 5.399310e+06 1.409217e+05 2.921389e+02 3.619357e+04 4.561591e+07
<GCONST> 7.662370e+01
<MIXTURE> 5 2.654413e-01
<MEAN> 6
 1.016034e+02 -1.089881e+02 2.841331e+02 -2.975372e+00 -4.766353e+00 3.476398e+01
<VARIANCE> 6
 4.577052e+01 3.857059e+05 3.608746e+05 2.921389e+02 3.619357e+04 4.561591e+07
<GCONST> 7.431965e+01
<MIXTURE> 6 2.269994e-01
<MEAN> 6
 7.982259e+01 2.842307e+02 -2.738532e+02 -9.936159e-01 -2.790376e+00 -5.889851e+01
<VARIANCE> 6
 2.327004e+02 4.785306e+06 2.165094e+05 2.921389e+02 3.619357e+04 4.561591e+07
<GCONST> 7.795309e+01
<STATE> 5
<NUMMIXES> 6
<MIXTURE> 1 2.392389e-02
<MEAN> 6
 4.522831e+01 6.012394e+02 -2.185546e+02 -1.663593e+00 -9.822090e+02 2.457376e+03
<VARIANCE> 6
 7.055251e+03 2.155227e+07 1.214710e+06 4.093838e+05 2.020742e+08 2.887725e+11
<GCONST> 1.092203e+02
<MIXTURE> 2 1.522820e-01
<MEAN> 6
 8.262428e+00 1.430023e+02 3.148254e+01 1.529702e+02 1.495049e+02 -2.059970e+03
<VARIANCE> 6
 1.528752e+03 2.231447e+05 4.098098e+04 2.424552e+04 2.122942e+05 4.561591e+07
<GCONST> 8.129340e+01
<MIXTURE> 3 2.257488e-01
<MEAN> 6
 6.845886e+01 4.176152e+00 4.611521e+01 -4.422197e+01 -8.982206e+02 -8.026402e+01
<VARIANCE> 6
 1.048354e+03 1.231514e+05 6.759416e+04 5.565783e+04 8.500045e+05 4.394345e+08
<GCONST> 8.530566e+01
<MIXTURE> 4 2.423631e-01
<MEAN> 6
 9.305212e+01 -8.908116e+01 -3.244138e+01 -9.559000e+00 -1.670943e+02 -3.817292e+02
<VARIANCE> 6
 2.978433e+02 5.769819e+05 1.006610e+05 2.328056e+03 1.207088e+05 4.561591e+07
<GCONST> 7.859860e+01
<MIXTURE> 5 1.600187e-01
<MEAN> 6
 -5.083846e+00 3.155233e+01 -4.645667e+01 -8.134658e+01 7.407294e+02 2.633009e+03
<VARIANCE> 6
 3.566510e+03 9.351724e+05 3.596640e+05 5.584532e+04 1.917904e+06 8.555125e+08
<GCONST> 9.171231e+01
<MIXTURE> 6 1.947654e-01
<MEAN> 6
 -4.304084e+01 3.174961e+01 1.523880e+01 1.313505e+01 6.439651e+02 -2.216969e+02
<VARIANCE> 6
 3.951893e+02 1.384692e+05 5.537549e+04 1.883874e+04 2.948727e+05 7.818301e+07
<GCONST> 8.037946e+01
<TRANSP> 6
 0.000000e+00 1.000000e+00 0.000000e+00 0.000000e+00 0.000000e+00 0.000000e+00
 0.000000e+00 9.998877e-01 1.122923e-04 0.000000e+00 0.000000e+00 0.000000e+00
 0.000000e+00 0.000000e+00 9.995252e-01 4.748494e-04 0.000000e+00 0.000000e+00
 0.000000e+00 0.000000e+00 0.000000e+00 9.992221e-01 7.779257e-04 0.000000e+00
 0.000000e+00 0.000000e+00 0.000000e+00 0.000000e+00 9.999317e-01 6.831468e-05
 0.000000e+00 0.000000e+00 0.000000e+00 0.000000e+00 0.000000e+00 0.000000e+00
<ENDHMM>
~h "SegundoESO"
<BEGINHMM>
<NUMSTATES> 6
<STATE> 2
<NUMMIXES> 6
<MIXTURE> 1 1.334031e-01
<MEAN> 6
 8.757883e+01 -1.322743e+03 1.094646e+03 -4.994246e+00 -3.023729e+01 -1.595056e+02
<VARIANCE> 6
 1.662024e+02 2.162587e+07 1.975406e+07 2.921389e+02 3.619357e+04 4.561591e+07
<GCONST> 8.363837e+01
<MIXTURE> 2 1.057152e-01
<MEAN> 6
 2.014400e+01 4.774730e+01 3.071216e+02 -7.301123e+01 -1.235844e+02 2.551720e+03
<VARIANCE> 6
 3.148571e+03 1.917788e+07 5.328508e+06 4.869448e+04 1.689230e+06 4.765304e+08
<GCONST> 9.645496e+01
<MIXTURE> 3 2.717868e-01
<MEAN> 6
 5.981663e+01 1.660023e-01 1.043238e+02 1.696747e+01 -4.597438e+02 -3.060113e+02
<VARIANCE> 6
 7.398107e+02 4.090472e+06 4.844652e+06 3.249348e+04 1.703241e+05 4.561591e+07
<GCONST> 8.832123e+01
<MIXTURE> 4 1.415351e-01
<MEAN> 6
 -3.831690e+01 5.509067e+02 7.319011e+02 2.398724e+01 7.229377e+02 -1.181664e+03
<VARIANCE> 6
 6.346165e+02 2.414446e+06 6.246918e+06 3.744514e+04 3.521728e+05 8.793130e+07
<GCONST> 8.941944e+01
<MIXTURE> 5 2.008039e-01
<MEAN> 6
 7.492715e+01 4.014262e+02 -1.459496e+03 5.127366e-02 -2.175625e+01 -1.236859e+02
<VARIANCE> 6
 5.470489e+01 9.004446e+05 1.068922e+07 2.921389e+02 3.619357e+04 4.561591e+07
<GCONST> 7.873424e+01
<MIXTURE> 6 1.464445e-01
<MEAN> 6
 -4.631438e+01 4.785019e+01 8.029931e+01 1.036367e+01 2.971210e+02 1.259071e+02
<VARIANCE> 6
 4.416909e+02 1.428584e+06 1.673446e+06 1.139447e+04 1.018629e+05 4.561591e+07
<GCONST> 8.412850e+01
<STATE> 3
<NUMMIXES> 6
<MIXTURE> 1 1.842274e-01
<MEAN> 6
 7.903326e+01 2.511065e+02 5.879004e+02 -1.280791e+00 -1.000093e+00 -4.167048e+01
<VARIANCE> 6
 3.160286e+01 2.710400e+05 2.095811e+05 2.921389e+02 3.619357e+04 4.561591e+07
<GCONST> 7.305303e+01
<MIXTURE> 2 1.525134e-01
<MEAN> 6
 7.184299e+01 3.532029e+02 -7.270988e+02 -5.481114e-01 -3.166906e+00 -8.344541e+01
<VARIANCE> 6
 5.293653e+01 4.512731e+05 4.343520e+04 2.921389e+02 3.619357e+04 4.561591e+07
<GCONST> 7.250484e+01
<MIXTURE> 3 1.995819e-01
<MEAN> 6
 7.778891e+01 -1.618863e+03 -1.395912e+01 -1.338314e+00 -4.225116e-01 -3.103918e+01
<VARIANCE> 6
 7.789520e+01 1.156578e+06 1.920145e+05 2.921389e+02 3.619357e+04 4.561591e+07
<GCONST> 7.531857e+01
<MIXTURE> 4 1.387673e-01
<MEAN> 6
 7.575329e+01 1.907524e+02 -1.868635e+03 -2.767715e+00 -1.449232e-02 -3.313148e+01
<VARIANCE> 6
 2.310876e+02 4.790460e+04 1.843253e+06 2.921389e+02 3.619357e+04 4.561591e+07
<GCONST> 7.548370e+01
<MIXTURE> 5 1.895567e-01
<MEAN> 6
 8.209586e+01 -7.610511e+02 1.077307e+02 -7.237791e-01 -3.078761e+00 -9.989256e+01
<VARIANCE> 6
 3.160286e+01 8.808819e+04 4.285446e+04 2.921389e+02 3.619357e+04 4.561591e+07
<GCONST> 7.034180e+01
<MIXTURE> 6 1.352718e-01
<MEAN> 6
 6.301694e+01 5.061158e+02 -1.270973e+03 -8.528429e-01 -3.338449e+00 -1.069782e+02
<VARIANCE> 6
 3.784369e+01 5.502739e+05 1.573811e+05 2.921389e+02 3.619357e+04 4.561591e+07
<GCONST> 7.365495e+01
<STATE> 4
<NUMMIXES> 6
<MIXTURE> 1 2.108565e-01
<MEAN> 6
 6.943941e+01 1.695890e+02 2.694401e+02 -2.304953e-01 -4.893557e+00 -1.071337e+02
<VARIANCE> 6
 3.160286e+01 2.389447e+05 1.699114e+04 2.921389e+02 3.619357e+04 4.561591e+07
<GCONST> 7.041458e+01
<MIXTURE> 2 1.450015e-01
<MEAN> 6
 5.874095e+01 2.994084e+02 -2.961967e+02 2.345027e-01 -3.182229e+00 -1.418789e+02
<VARIANCE> 6
 3.160286e+01 3.686688e+06 1.515386e+04 2.921389e+02 3.619357e+04 4.561591e+07
<GCONST> 7.303639e+01
<MIXTURE> 3 2.190790e-01
<MEAN> 6
 6.828391e+01 3.657311e+02 -2.738801e+02 -8.269147e-02 -7.641755e+00 -1.368493e+02
<VARIANCE> 6
 3.160286e+01 4.107138e+04 5.261001e+04 2.921389e+02 3.619357e+04 4.561591e+07
<GCONST> 6.978387e+01
<MIXTURE> 4 1.139645e-01
<MEAN> 6
 5.932276e+01 3.177266e+02 -1.327242e+00 2.254750e-01 7.064891e-01 -1.162050e+02
<VARIANCE> 6
 3.160286e+01 1.744988e+05 1.515386e+04 2.921389e+02 3.619357e+04 4.561591e+07
<GCONST> 6.998582e+01
<MIXTURE> 5 1.942906e-01
<MEAN> 6
 6.758546e+01 3.438912e+02 1.337339e+02 -3.471816e-01 -5.223524e+00 -1.302023e+02
<VARIANCE> 6
 3.160286e+01 5.967812e+05 1.942288e+04 2.921389e+02 3.619357e+04 4.561591e+07
<GCONST> 7.146365e+01
<MIXTURE> 6 1.166827e-01
<MEAN> 6
 5.995092e+01 -1.110961e+01 -1.254047e+02 3.146655e-02 -4.243052e+00 -1.556384e+02
<VARIANCE> 6
 3.160286e+01 5.108864e+04 1.515386e+04 2.921389e+02 3.619357e+04 4.561591e+07
<GCONST> 6.875747e+01
<STATE> 5
<NUMMIXES> 6
<MIXTURE> 1 1.712253e-01
<MEAN> 6
 7.865963e+01 -4.250152e+01 5.921085e+01 -4.007370e+00 -6.054375e+01 1.592428e+01
<VARIANCE> 6
 1.835858e+02 9.728452e+05 6.538317e+05 3.549847e+02 3.619357e+04 4.561591e+07
<GCONST> 7.742300e+01
<MIXTURE> 2 1.504959e-01
<MEAN> 6
 2.420484e+01 -4.743761e+01 6.347512e+01 -6.809819e+01 -1.326589e+02 2.632550e+03
<VARIANCE> 6
 2.500704e+03 2.375618e+06 1.411917e+06 4.156747e+04 1.397905e+06 4.646131e+08
<GCONST> 9.243509e+01
<MIXTURE> 3 1.797186e-01
<MEAN> 6
 -4.803137e+01 8.037217e+01 3.306923e+01 2.529475e+01 7.749714e+02 -6.081634e+02
<VARIANCE> 6
 1.932012e+02 3.746087e+05 3.226733e+05 1.246858e+04 2.938477e+05 7.725706e+07
<GCONST> 8.199346e+01
<MIXTURE> 4 1.546800e-01
<MEAN> 6
 4.671028e+01 1.428242e+02 6.235951e+01 5.110667e+01 -3.220863e+02 -4.774442e+02
<VARIANCE> 6
 4.863759e+02 4.555278e+05 1.783986e+05 2.534316e+04 8.945278e+04 4.561591e+07
<GCONST> 8.151273e+01
<MIXTURE> 5 1.916307e-01
<MEAN> 6
 -1.032956e+01 1.192973e+01 1.685005e+01 1.283807e+01 1.969196e+02 -9.533501e+02
<VARIANCE> 6
 3.676995e+02 2.776977e+05 9.537199e+04 3.320295e+04 1.047357e+05 7.764218e+07
<GCONST> 8.107156e+01
<MIXTURE> 6 1.510527e-01
<MEAN> 6
 6.041175e+01 -1.637187e+02 3.631331e+00 -2.512286e+01 -6.350498e+02 -5.918430e+01
<VARIANCE> 6
 4.441321e+02 5.427822e+05 1.335641e+05 2.471172e+04 2.035321e+05 6.261694e+07
<GCONST> 8.242134e+01
<TRANSP> 6
 0.000000e+00 1.000000e+00 0.000000e+00 0.000000e+00 0.000000e+00 0.000000e+00
 0.000000e+00 9.998380e-01 1.620067e-04 0.000000e+00 0.000000e+00 0.000000e+00
 0.000000e+00 0.000000e+00 9.994661e-01 5.339288e-04 0.000000e+00 0.000000e+00
 0.000000e+00 0.000000e+00 0.000000e+00 9.995266e-01 4.733899e-04 0.000000e+00
 0.000000e+00 0.000000e+00 0.000000e+00 0.000000e+00 9.999419e-01 5.806074e-05
 0.000000e+00 0.000000e+00 0.000000e+00 0.000000e+00 0.000000e+00 0.000000e+00
<ENDHMM>
~h "QuintoPRIMARIA"
<BEGINHMM>
<NUMSTATES> 6
<STATE> 2
<NUMMIXES> 6
<MIXTURE> 1 2.035651e-01
<MEAN> 6
 6.949638e+01 -1.735212e+01 3.381778e+01 -2.217901e+00 -2.561976e+01 -3.209615e+02
<VARIANCE> 6
 1.462578e+02 7.116429e+04 1.425553e+05 2.921389e+02 3.619357e+04 4.561591e+07
<GCONST> 7.286250e+01
<MIXTURE> 2 1.039653e-01
<MEAN> 6
 8.021494e+00 -3.424793e+01 -4.404142e+01 -6.849902e+01 2.255087e+02 2.885815e+03
<VARIANCE> 6
 3.378313e+03 4.847414e+05 8.430096e+05 5.162445e+04 2.616086e+06 8.323004e+08
<GCONST> 9.205714e+01
<MIXTURE> 3 1.412618e-01
<MEAN> 6
 -1.323632e+01 3.454467e+01 9.991966e+01 1.139783e+02 3.444234e+02 -1.559788e+03
<VARIANCE> 6
 1.734187e+03 1.193619e+05 1.206127e+05 1.632404e+04 3.703390e+05 4.561591e+07
<GCONST> 8.203414e+01
<MIXTURE> 4 2.697169e-01
<MEAN> 6
 4.165282e+01 3.253804e+01 -1.181718e+01 -2.675957e+01 -4.585788e+02 3.635290e+02
<VARIANCE> 6
 1.444252e+03 6.390511e+04 6.515142e+04 4.289388e+04 5.276761e+05 1.738749e+08
<GCONST> 8.326880e+01
<MIXTURE> 5 1.000347e-01
<MEAN> 6
 8.010345e+01 -4.577437e+01 -1.298348e+02 -2.475979e+01 -3.340677e+02 -1.926087e+02
<VARIANCE> 6
 1.914331e+02 5.326651e+05 1.130845e+05 4.552980e+03 1.358504e+05 4.561591e+07
<GCONST> 7.898196e+01
<MIXTURE> 6 1.804835e-01
<MEAN> 6
 -3.327788e+01 -5.113290e+01 -2.019235e+01 1.037783e+01 4.976929e+02 -5.265331e+02
<VARIANCE> 6
 8.229715e+02 8.082013e+04 8.731391e+04 1.976706e+04 2.650633e+05 5.129220e+07
<GCONST> 8.054998e+01
<STATE> 3
<NUMMIXES> 6
<MIXTURE> 1 1.323813e-01
<MEAN> 6
 9.672210e+01 1.589124e+03 -3.824383e+02 -3.332099e+00 3.705298e-01 9.096707e+00
<VARIANCE> 6
 2.649999e+02 1.165066e+06 1.205711e+05 2.921389e+02 3.619357e+04 4.561591e+07
<GCONST> 7.608491e+01
<MIXTURE> 2 8.321333e-02
<MEAN> 6
 6.205437e+01 -3.879828e+03 -4.955322e+03 -3.558832e-01 -2.919857e+00 -5.300305e+01
<VARIANCE> 6
 3.160286e+01 1.874482e+07 8.176206e+06 2.921389e+02 3.619357e+04 4.561591e+07
<GCONST> 8.095331e+01
<MIXTURE> 3 2.344681e-01
<MEAN> 6
 7.929353e+01 1.340241e+02 1.948601e+03 -2.939122e-01 -2.897275e+00 -4.823682e+01
<VARIANCE> 6
 7.298193e+01 3.375008e+05 3.026710e+06 2.921389e+02 3.619357e+04 4.561591e+07
<GCONST> 7.677942e+01
<MIXTURE> 4 1.738921e-01
<MEAN> 6
 6.215380e+01 3.069615e+02 -1.492161e+03 6.230360e-01 -3.650411e+00 -8.915689e+01
<VARIANCE> 6
 4.592722e+01 6.135448e+05 2.153115e+06 2.921389e+02 3.619357e+04 4.561591e+07
<GCONST> 7.657339e+01
<MIXTURE> 5 2.035913e-01
<MEAN> 6
 7.337973e+01 5.608928e+02 -3.345554e+02 -2.652733e-01 -3.293164e+00 -4.367725e+01
<VARIANCE> 6
 1.522926e+02 9.853728e+05 1.267123e+06 2.921389e+02 3.619357e+04 4.561591e+07
<GCONST> 7.771574e+01
<MIXTURE> 6 1.724088e-01
<MEAN> 6
 5.821305e+01 -5.772646e+01 -1.803951e+03 1.233602e+00 -4.147573e+00 -8.557420e+01
<VARIANCE> 6
 5.887776e+01 5.741083e+05 7.355916e+06 2.921389e+02 3.619357e+04 4.561591e+07
<GCONST> 7.798395e+01
<STATE> 4
<NUMMIXES> 6
<MIXTURE> 1 1.564352e-01
<MEAN> 6
 8.754739e+01 -7.704748e+01 5.210043e+00 -4.484477e+00 5.063994e+00 -1.778316e+01
<VARIANCE> 6
 6.709526e+01 1.055774e+05 5.997869e+04 2.921389e+02 3.619357e+04 4.561591e+07
<GCONST> 7.161195e+01
<MIXTURE> 2 2.274921e-01
<MEAN> 6
 7.633307e+01 3.179960e+01 7.965206e+00 -2.540241e+00 1.681169e+00 -1.106479e+01
<VARIANCE> 6
 1.394145e+02 3.585595e+04 7.832651e+04 2.921389e+02 3.619357e+04 4.561591e+07
<GCONST> 7.153025e+01
<MIXTURE> 3 2.419788e-01
<MEAN> 6
 6.817733e+01 -5.276067e+01 -2.262886e+02 -1.350420e+00 -1.456397e+00 -4.074329e+01
<VARIANCE> 6
 6.614394e+01 5.319575e+04 1.071478e+05 2.921389e+02 3.619357e+04 4.561591e+07
<GCONST> 7.149242e+01
<MIXTURE> 4 1.196213e-01
<MEAN> 6
 7.805032e+01 -3.780937e+02 1.255389e+02 -2.698513e+00 9.286343e-01 -4.187531e+01
<VARIANCE> 6
 6.793909e+01 1.406498e+05 3.495105e+04 2.921389e+02 3.619357e+04 4.561591e+07
<GCONST> 7.137124e+01
<MIXTURE> 5 1.365386e-01
<MEAN> 6
 8.257572e+01 4.594743e+01 -1.182086e+02 -2.840674e+00 1.236526e+00 -3.732441e+01
<VARIANCE> 6
 5.921701e+01 1.500815e+05 5.617854e+04 2.921389e+02 3.619357e+04 4.561591e+07
<GCONST> 7.177333e+01
<MIXTURE> 6 1.179246e-01
<MEAN> 6
 7.624905e+01 -6.396209e+02 2.536180e+01 -1.741621e+00 -1.153688e+00 -4.533389e+01
<VARIANCE> 6
 3.268668e+01 2.130989e+05 4.474411e+04 2.921389e+02 3.619357e+04 4.561591e+07
<GCONST> 7.130209e+01
<STATE> 5
<NUMMIXES> 6
<MIXTURE> 1 2.497400e-01
<MEAN> 6
 8.437386e+01 1.593874e+02 4.049839e+02 -3.447633e+00 -2.036336e+01 -1.340145e+02
<VARIANCE> 6
 2.271965e+02 1.692137e+06 2.248390e+06 2.921389e+02 3.619357e+04 4.561591e+07
<GCONST> 7.922993e+01
<MIXTURE> 2 1.355571e-02
<MEAN> 6
 -5.599018e+00 1.565302e+02 1.108846e+02 -1.670087e+01 -6.367886e+00 2.989053e+03
<VARIANCE> 6
 1.157219e+04 2.116944e+05 4.115062e+05 1.885610e+06 1.029580e+09 1.514508e+12
<GCONST> 1.088224e+02
<MIXTURE> 3 1.097796e-01
<MEAN> 6
 2.680542e+01 4.679424e+02 3.025053e+02 -4.228379e+01 -1.692697e+02 -1.869042e+02
<VARIANCE> 6
 2.784649e+03 3.644333e+06 2.750549e+06 5.218646e+04 1.156197e+06 3.741426e+08
<GCONST> 9.345851e+01
<MIXTURE> 4 2.473902e-01
<MEAN> 6
 -4.858174e+01 -9.838526e+01 3.518072e+01 5.249177e+01 5.383420e+02 -7.884971e+02
<VARIANCE> 6
 5.466833e+02 8.409040e+05 1.370158e+06 1.880005e+04 2.458988e+05 5.939836e+07
<GCONST> 8.525787e+01
<MIXTURE> 5 2.757166e-01
<MEAN> 6
 5.531604e+01 -1.307640e+02 9.024906e+01 1.629104e+01 -4.633008e+02 -6.287735e+02
<VARIANCE> 6
 8.479601e+02 6.019949e+05 1.227306e+06 3.406045e+04 2.267568e+05 6.839881e+07
<GCONST> 8.590683e+01
<MIXTURE> 6 1.034392e-01
<MEAN> 6
 8.781163e+00 -1.918530e+02 -6.428121e+02 -1.094831e+02 1.853190e+02 3.874216e+03
<VARIANCE> 6
 4.249387e+03 1.172202e+06 7.317598e+06 4.834712e+04 3.541750e+06 1.626992e+09
<GCONST> 9.623827e+01
<TRANSP> 6
 0.000000e+00 1.000000e+00 0.000000e+00 0.000000e+00 0.000000e+00 0.000000e+00
 0.000000e+00 9.999055e-01 9.455654e-05 0.000000e+00 0.000000e+00 0.000000e+00
 0.000000e+00 0.000000e+00 9.994871e-01 5.128944e-04 0.000000e+00 0.000000e+00
 0.000000e+00 0.000000e+00 0.000000e+00 9.994692e-01 5.307907e-04 0.000000e+00
 0.000000e+00 0.000000e+00 0.000000e+00 0.000000e+00 9.999259e-01 7.414859e-05
 0.000000e+00 0.000000e+00 0.000000e+00 0.000000e+00 0.000000e+00 0.000000e+00
<ENDHMM>
