~o
<STREAMINFO> 1 6
<VECSIZE> 6<NULLD><USER><DIAGC>
~h "SegundoPRIMARIA"
<BEGINHMM>
<NUMSTATES> 7
<STATE> 2
<NUMMIXES> 2
<MIXTURE> 1 6.281902e-01
<MEAN> 6
 3.352367e+01 1.991184e+01 -3.845037e+00 2.039079e+01 1.453612e+01 -4.579232e+02
<VARIANCE> 6
 3.460315e+03 1.765823e+05 1.407441e+06 1.528523e+04 2.440102e+05 5.162498e+07
<GCONST> 8.521432e+01
<MIXTURE> 2 3.717935e-01
<MEAN> 6
 2.193906e+01 8.663485e+00 1.087457e+01 -3.249057e+01 -2.446399e+01 7.538937e+02
<VARIANCE> 6
 3.623149e+03 1.954472e+05 3.338179e+05 5.198574e+04 1.891573e+06 5.266940e+08
<GCONST> 8.951753e+01
<STATE> 3
<NUMMIXES> 2
<MIXTURE> 1 4.857928e-01
<MEAN> 6
 7.265569e+01 4.302953e+01 3.100189e+01 -4.079565e-01 -2.692137e+00 -1.951530e+01
<VARIANCE> 6
 4.185537e+01 7.799106e+04 3.796923e+04 2.988645e+02 4.035168e+04 5.162498e+07
<GCONST> 7.063526e+01
<MIXTURE> 2 5.142062e-01
<MEAN> 6
 7.009105e+01 -6.508842e+01 -1.424732e+02 6.621903e-01 -1.270997e+00 -7.660190e+01
<VARIANCE> 6
 5.816179e+01 1.033564e+05 5.439131e+04 2.988645e+02 4.035168e+04 5.162498e+07
<GCONST> 7.160529e+01
<STATE> 4
<NUMMIXES> 2
<MIXTURE> 1 4.887225e-01
<MEAN> 6
 9.428008e+01 1.418525e+02 1.670478e+02 -3.046448e+00 -1.271334e+00 -3.054485e+01
<VARIANCE> 6
 8.224088e+01 3.864650e+05 1.327324e+05 2.988645e+02 4.035168e+04 5.162498e+07
<GCONST> 7.416270e+01
<MIXTURE> 2 5.112748e-01
<MEAN> 6
 9.483704e+01 -1.639152e+02 -7.866879e+01 -2.387676e+00 9.664404e-02 -5.655859e+01
<VARIANCE> 6
 5.958562e+01 3.600109e+05 1.240056e+05 2.988645e+02 4.035168e+04 5.162498e+07
<GCONST> 7.370154e+01
<STATE> 5
<NUMMIXES> 2
<MIXTURE> 1 4.549532e-01
<MEAN> 6
 8.675028e+01 -2.073697e+02 1.897274e+02 -2.954990e+00 7.786146e-01 -3.945516e+01
<VARIANCE> 6
 4.016000e+02 2.685603e+06 1.503968e+06 2.988645e+02 4.035168e+04 5.162498e+07
<GCONST> 8.011465e+01
<MIXTURE> 2 5.450482e-01
<MEAN> 6
 7.301402e+01 -2.590859e+02 4.877835e+01 -1.066810e+00 -2.347510e+00 -1.002160e+02
<VARIANCE> 6
 6.674965e+01 1.037198e+07 8.744614e+05 2.988645e+02 4.035168e+04 5.162498e+07
<GCONST> 7.912909e+01
<STATE> 6
<NUMMIXES> 2
<MIXTURE> 1 4.933165e-02
<MEAN> 6
 4.074638e+01 3.391298e+02 -1.674547e+02 -3.661713e+01 -4.618589e+02 4.528053e+03
<VARIANCE> 6
 6.542814e+03 1.284335e+07 1.161495e+06 2.613445e+05 1.137918e+08 1.589414e+11
<GCONST> 1.069622e+02
<MIXTURE> 2 9.508730e-01
<MEAN> 6
 3.213144e+01 -2.985638e+00 -1.576557e-01 2.326180e+00 2.419756e+01 -2.193721e+02
<VARIANCE> 6
 4.041827e+03 5.125069e+05 1.577646e+05 3.516320e+04 8.968305e+05 2.193635e+08
<GCONST> 8.782825e+01
<TRANSP> 7
 0.000000e+00 1.000000e+00 0.000000e+00 0.000000e+00 0.000000e+00 0.000000e+00 0.000000e+00
 0.000000e+00 9.998835e-01 1.164772e-04 0.000000e+00 0.000000e+00 0.000000e+00 0.000000e+00
 0.000000e+00 0.000000e+00 9.992809e-01 7.190691e-04 0.000000e+00 0.000000e+00 0.000000e+00
 0.000000e+00 0.000000e+00 0.000000e+00 9.990515e-01 9.485359e-04 0.000000e+00 0.000000e+00
 0.000000e+00 0.000000e+00 0.000000e+00 0.000000e+00 9.992324e-01 7.676525e-04 0.000000e+00
 0.000000e+00 0.000000e+00 0.000000e+00 0.000000e+00 0.000000e+00 9.999321e-01 6.795755e-05
 0.000000e+00 0.000000e+00 0.000000e+00 0.000000e+00 0.000000e+00 0.000000e+00 0.000000e+00
<ENDHMM>
~h "SegundoESO"
<BEGINHMM>
<NUMSTATES> 7
<STATE> 2
<NUMMIXES> 2
<MIXTURE> 1 4.243154e-01
<MEAN> 6
 5.149434e+01 2.764827e+01 -3.938049e+01 2.004973e+01 -4.665725e+01 -2.446110e+02
<VARIANCE> 6
 2.579186e+03 2.320981e+07 2.063513e+07 1.143013e+04 1.162608e+05 5.162498e+07
<GCONST> 9.145219e+01
<MIXTURE> 2 5.756902e-01
<MEAN> 6
 2.104943e+01 2.784371e+02 3.535400e+02 -1.172953e+01 3.406684e+01 1.478286e+02
<VARIANCE> 6
 3.714186e+03 2.365996e+06 7.506106e+06 3.310238e+04 7.014909e+05 1.190726e+08
<GCONST> 9.221868e+01
<STATE> 3
<NUMMIXES> 2
<MIXTURE> 1 6.848956e-01
<MEAN> 6
 8.220605e+01 -5.178556e+02 9.660251e+01 -1.050474e+00 -1.150089e+00 -7.924028e+01
<VARIANCE> 6
 3.161099e+01 1.317048e+06 1.474024e+06 2.988645e+02 4.035168e+04 5.162498e+07
<GCONST> 7.684007e+01
<MIXTURE> 2 3.151658e-01
<MEAN> 6
 9.159110e+01 -1.858870e+03 -2.000906e+03 -5.045967e+00 4.934873e-01 7.915065e+01
<VARIANCE> 6
 1.091015e+02 8.627694e+06 1.676706e+07 2.988645e+02 4.035168e+04 5.162498e+07
<GCONST> 8.238985e+01
<STATE> 4
<NUMMIXES> 2
<MIXTURE> 1 4.803682e-01
<MEAN> 6
 6.319889e+01 5.940478e+02 -1.077262e+03 -4.351561e-01 -3.883251e+00 -1.078837e+02
<VARIANCE> 6
 3.161099e+01 1.932010e+06 6.916036e+05 2.988645e+02 4.035168e+04 5.162498e+07
<GCONST> 7.646650e+01
<MIXTURE> 2 5.196275e-01
<MEAN> 6
 6.032353e+01 -1.146077e+02 -1.203458e+03 -9.296511e-02 -1.088385e+00 -8.374503e+01
<VARIANCE> 6
 3.161099e+01 1.903064e+06 2.736660e+06 2.988645e+02 4.035168e+04 5.162498e+07
<GCONST> 7.782689e+01
<STATE> 5
<NUMMIXES> 2
<MIXTURE> 1 4.882776e-01
<MEAN> 6
 7.079223e+01 3.320337e+02 -9.429586e+01 -4.496169e-01 -7.719703e+00 -1.227813e+02
<VARIANCE> 6
 3.161099e+01 2.764780e+05 1.744869e+05 2.988645e+02 4.035168e+04 5.162498e+07
<GCONST> 7.314516e+01
<MIXTURE> 2 5.117152e-01
<MEAN> 6
 6.441627e+01 1.614527e+00 -1.149712e+01 -1.759701e-01 -4.201656e+00 -1.390928e+02
<VARIANCE> 6
 4.272226e+01 1.575064e+05 6.923933e+04 2.988645e+02 4.035168e+04 5.162498e+07
<GCONST> 7.195942e+01
<STATE> 6
<NUMMIXES> 2
<MIXTURE> 1 6.019377e-01
<MEAN> 6
 2.488210e+01 4.648751e+01 6.070161e+01 1.834179e+01 -1.241797e+01 -2.312783e+02
<VARIANCE> 6
 2.512426e+03 3.500849e+05 6.858759e+05 1.777588e+04 2.250332e+05 5.162498e+07
<GCONST> 8.492976e+01
<MIXTURE> 2 3.981028e-01
<MEAN> 6
 2.079157e+01 -8.808933e+01 7.660214e+01 -2.725897e+01 2.094083e+01 4.181648e+02
<VARIANCE> 6
 2.837839e+03 1.622532e+06 3.658715e+05 3.107522e+04 9.890563e+05 2.477331e+08
<GCONST> 8.956413e+01
<TRANSP> 7
 0.000000e+00 1.000000e+00 0.000000e+00 0.000000e+00 0.000000e+00 0.000000e+00 0.000000e+00
 0.000000e+00 9.996889e-01 3.111589e-04 0.000000e+00 0.000000e+00 0.000000e+00 0.000000e+00
 0.000000e+00 0.000000e+00 9.990933e-01 9.067106e-04 0.000000e+00 0.000000e+00 0.000000e+00
 0.000000e+00 0.000000e+00 0.000000e+00 9.990163e-01 9.836510e-04 0.000000e+00 0.000000e+00
 0.000000e+00 0.000000e+00 0.000000e+00 0.000000e+00 9.995859e-01 4.140312e-04 0.000000e+00
 0.000000e+00 0.000000e+00 0.000000e+00 0.000000e+00 0.000000e+00 9.999488e-01 5.119194e-05
 0.000000e+00 0.000000e+00 0.000000e+00 0.000000e+00 0.000000e+00 0.000000e+00 0.000000e+00
<ENDHMM>
~h "QuintoPRIMARIA"
<BEGINHMM>
<NUMSTATES> 7
<STATE> 2
<NUMMIXES> 2
<MIXTURE> 1 6.945850e-01
<MEAN> 6
 3.063489e+01 -2.086329e+01 1.169087e+01 1.877670e+01 -3.152640e+01 -4.838470e+02
<VARIANCE> 6
 2.864554e+03 4.426927e+05 3.243813e+05 1.731635e+04 2.615998e+05 5.162498e+07
<GCONST> 8.467123e+01
<MIXTURE> 2 3.084270e-01
<MEAN> 6
 1.671850e+01 -6.312248e+00 -1.405030e+02 -3.970337e+01 7.059265e+01 1.048615e+03
<VARIANCE> 6
 3.339157e+03 1.228269e+06 5.276034e+06 4.203009e+04 1.543555e+06 4.661253e+08
<GCONST> 9.349623e+01
<STATE> 3
<NUMMIXES> 2
<MIXTURE> 1 4.977961e-01
<MEAN> 6
 6.845361e+01 1.104555e+02 8.595382e+01 -3.041483e+00 -3.385206e+00 8.756017e+01
<VARIANCE> 6
 5.282177e+01 6.500295e+04 4.980385e+04 2.988645e+02 4.035168e+04 5.162498e+07
<GCONST> 7.095712e+01
<MIXTURE> 2 5.022003e-01
<MEAN> 6
 6.066993e+01 -1.891047e+02 -2.584954e+01 -2.469386e-01 -1.659250e+00 3.188321e+01
<VARIANCE> 6
 5.508530e+01 2.439728e+05 1.276826e+05 2.988645e+02 4.035168e+04 5.162498e+07
<GCONST> 7.326315e+01
<STATE> 4
<NUMMIXES> 2
<MIXTURE> 1 4.784499e-01
<MEAN> 6
 9.078098e+01 3.386167e+02 9.153080e+02 -3.768701e+00 -1.715904e+00 1.525233e+02
<VARIANCE> 6
 3.117127e+02 5.473669e+06 3.934635e+06 2.988645e+02 4.035168e+04 5.162498e+07
<GCONST> 8.153503e+01
<MIXTURE> 2 5.215494e-01
<MEAN> 6
 8.605869e+01 9.109594e+02 2.620280e+02 -2.921353e+00 -2.047553e+00 1.236582e+02
<VARIANCE> 6
 3.196856e+02 2.046626e+06 3.133923e+06 2.988645e+02 4.035168e+04 5.162498e+07
<GCONST> 8.034900e+01
<STATE> 5
<NUMMIXES> 2
<MIXTURE> 1 5.223952e-01
<MEAN> 6
 8.771866e+01 5.936626e+00 -6.683278e+01 -4.077004e+00 2.772167e+00 4.068833e+01
<VARIANCE> 6
 7.994151e+01 1.466707e+05 1.080870e+05 2.988645e+02 4.035168e+04 5.162498e+07
<GCONST> 7.296009e+01
<MIXTURE> 2 4.776024e-01
<MEAN> 6
 8.028767e+01 -2.133064e+02 -4.330545e+01 -3.524937e+00 9.281400e-01 1.548356e+01
<VARIANCE> 6
 4.794383e+01 1.418968e+05 4.939263e+05 2.988645e+02 4.035168e+04 5.162498e+07
<GCONST> 7.393518e+01
<STATE> 6
<NUMMIXES> 2
<MIXTURE> 1 8.955585e-01
<MEAN> 6
 3.622638e+01 -9.712257e+01 9.451122e+01 3.468088e+00 2.318630e+01 -2.458748e+02
<VARIANCE> 6
 4.834378e+03 9.006608e+05 6.560956e+05 2.852422e+04 1.018455e+06 7.726938e+08
<GCONST> 9.117342e+01
<MIXTURE> 2 1.045487e-01
<MEAN> 6
 -1.531075e+00 -8.776968e+01 9.422415e+01 -1.824335e+01 -1.887641e+02 2.331987e+03
<VARIANCE> 6
 1.131881e+04 1.493076e+06 4.058735e+05 1.893579e+06 1.031753e+09 1.513849e+12
<GCONST> 1.107458e+02
<TRANSP> 7
 0.000000e+00 1.000000e+00 0.000000e+00 0.000000e+00 0.000000e+00 0.000000e+00 0.000000e+00
 0.000000e+00 9.999557e-01 4.430140e-05 0.000000e+00 0.000000e+00 0.000000e+00 0.000000e+00
 0.000000e+00 0.000000e+00 9.988369e-01 1.163014e-03 0.000000e+00 0.000000e+00 0.000000e+00
 0.000000e+00 0.000000e+00 0.000000e+00 9.991369e-01 8.631150e-04 0.000000e+00 0.000000e+00
 0.000000e+00 0.000000e+00 0.000000e+00 0.000000e+00 9.992955e-01 7.045413e-04 0.000000e+00
 0.000000e+00 0.000000e+00 0.000000e+00 0.000000e+00 0.000000e+00 9.994932e-01 5.068111e-04
 0.000000e+00 0.000000e+00 0.000000e+00 0.000000e+00 0.000000e+00 0.000000e+00 0.000000e+00
<ENDHMM>
