~o
<STREAMINFO> 1 6
<VECSIZE> 6<NULLD><USER><DIAGC>
~h "SegundoPRIMARIA"
<BEGINHMM>
<NUMSTATES> 5
<STATE> 2
<NUMMIXES> 10
<MIXTURE> 1 7.021280e-02
<MEAN> 6
 2.387461e+01 1.043136e+02 4.369533e+01 2.616122e+02 1.365139e+02 -2.330569e+03
<VARIANCE> 6
 8.822849e+02 1.149117e+05 3.924846e+04 6.454806e+03 2.817822e+05 8.447621e+07
<GCONST> 7.961281e+01
<MIXTURE> 2 7.137953e-02
<MEAN> 6
 7.181365e+01 -2.602512e+01 1.844929e+01 7.372764e-01 -9.357574e+02 1.539611e+03
<VARIANCE> 6
 2.529916e+03 5.993186e+05 4.041851e+05 6.348987e+04 4.631956e+06 2.964721e+09
<GCONST> 9.329356e+01
<MIXTURE> 3 1.273046e-01
<MEAN> 6
 8.154286e+01 4.491164e+01 2.623870e+01 -2.152581e+00 -2.988606e+01 -2.567179e+02
<VARIANCE> 6
 2.194196e+02 1.857825e+05 6.615562e+04 2.952653e+02 3.937555e+04 5.047826e+07
<GCONST> 7.365617e+01
<MIXTURE> 4 9.689211e-02
<MEAN> 6
 8.919370e+01 2.895950e+01 6.246122e+01 5.219533e+00 -7.059818e+02 -4.796226e+02
<VARIANCE> 6
 2.376870e+02 1.272396e+05 6.879338e+04 1.699590e+04 4.494926e+05 2.181940e+08
<GCONST> 8.134840e+01
<MIXTURE> 5 1.124460e-01
<MEAN> 6
 -4.199836e+01 4.683178e+01 -2.966557e+00 -4.461060e+01 1.508713e+03 -1.176091e+03
<VARIANCE> 6
 2.911011e+02 1.281491e+05 5.687500e+04 4.180329e+04 7.217897e+05 5.330052e+08
<GCONST> 8.363476e+01
<MIXTURE> 6 9.906662e-02
<MEAN> 6
 1.774251e+01 1.040185e+01 6.343365e+01 -2.915867e+02 -1.572587e+02 7.814952e+03
<VARIANCE> 6
 6.466797e+02 6.831300e+04 6.199148e+04 9.208688e+03 6.308416e+05 2.720555e+08
<GCONST> 8.156995e+01
<MIXTURE> 7 1.400559e-01
<MEAN> 6
 -4.941798e+01 2.898789e+01 3.658959e+01 2.765188e+01 4.752172e+02 2.629837e+02
<VARIANCE> 6
 2.159143e+02 9.552826e+04 5.873100e+04 5.366872e+03 1.699115e+05 5.047826e+07
<GCONST> 7.721814e+01
<MIXTURE> 8 1.098792e-01
<MEAN> 6
 6.765427e+01 -8.875951e+01 -1.983672e+02 -1.739777e-01 -3.798801e+00 -1.321295e+02
<VARIANCE> 6
 1.078751e+02 2.430586e+05 7.833438e+04 2.952653e+02 3.937555e+04 5.047826e+07
<GCONST> 7.338387e+01
<MIXTURE> 9 1.009825e-01
<MEAN> 6
 7.761648e+01 -1.701171e+01 2.284608e+00 -5.010098e+01 -9.350102e+02 -1.969099e+03
<VARIANCE> 6
 2.756051e+02 8.891617e+04 3.664326e+04 2.973300e+04 3.177000e+05 9.303786e+07
<GCONST> 7.986806e+01
<MIXTURE> 10 7.133245e-02
<MEAN> 6
 1.673988e+01 -1.394759e+00 -1.291641e+01 2.421111e+02 5.117756e+01 -4.791839e+03
<VARIANCE> 6
 8.398729e+02 1.106309e+05 3.551208e+04 6.609305e+03 2.723423e+05 7.726423e+07
<GCONST> 7.932589e+01
<STATE> 3
<NUMMIXES> 10
<MIXTURE> 1 1.619721e-01
<MEAN> 6
 7.802011e+01 1.159087e+03 5.657579e+02 -1.332493e+00 -3.200995e+00 -8.479999e+01
<VARIANCE> 6
 3.495499e+01 8.136852e+05 1.406620e+05 2.952653e+02 3.937555e+04 5.047826e+07
<GCONST> 7.405060e+01
<MIXTURE> 2 5.716849e-02
<MEAN> 6
 7.300949e+01 -4.532219e+03 2.270679e+03 -2.258361e+00 -1.837017e+00 -1.718698e+01
<VARIANCE> 6
 8.217262e+01 1.370066e+07 2.042188e+06 2.952653e+02 3.937555e+04 5.047826e+07
<GCONST> 8.040440e+01
<MIXTURE> 3 1.243246e-01
<MEAN> 6
 9.956667e+01 -1.155759e+02 1.883047e+02 -3.684510e+00 -3.820604e+00 8.967904e+01
<VARIANCE> 6
 7.658733e+01 8.625084e+04 1.552273e+04 2.952653e+02 3.937555e+04 5.047826e+07
<GCONST> 7.038660e+01
<MIXTURE> 4 7.203267e-02
<MEAN> 6
 7.828292e+01 1.202592e+02 -1.553631e+03 2.824483e-01 -3.116407e+00 -6.451973e+01
<VARIANCE> 6
 3.128041e+01 1.129803e+04 5.037950e+05 2.952653e+02 3.937555e+04 5.047826e+07
<GCONST> 7.093839e+01
<MIXTURE> 5 9.809662e-02
<MEAN> 6
 7.370663e+01 -7.951685e+02 1.009449e+03 -8.459914e-01 2.726528e+00 -1.051927e+02
<VARIANCE> 6
 1.007317e+02 3.199835e+05 4.159434e+05 2.952653e+02 3.937555e+04 5.047826e+07
<GCONST> 7.525988e+01
<MIXTURE> 6 1.173872e-01
<MEAN> 6
 9.718470e+01 -1.073419e+03 -1.092193e+02 -4.602385e+00 -1.335882e+00 4.593000e+01
<VARIANCE> 6
 5.768150e+01 2.703324e+06 2.736277e+04 2.952653e+02 3.937555e+04 5.047826e+07
<GCONST> 7.411496e+01
<MIXTURE> 7 8.535012e-02
<MEAN> 6
 9.511947e+01 4.257203e+02 -9.132990e+01 -1.742797e+00 -6.340755e+00 6.544006e+01
<VARIANCE> 6
 3.505742e+01 4.211864e+05 9.112398e+04 2.952653e+02 3.937555e+04 5.047826e+07
<GCONST> 7.296088e+01
<MIXTURE> 8 8.669304e-02
<MEAN> 6
 7.155903e+01 -4.347674e+00 -5.865957e+02 -1.046480e+00 7.678755e+00 3.307654e+01
<VARIANCE> 6
 3.347641e+01 4.556762e+04 9.634691e+04 2.952653e+02 3.937555e+04 5.047826e+07
<GCONST> 7.074660e+01
<MIXTURE> 9 1.108069e-01
<MEAN> 6
 9.203661e+01 -2.203554e+02 -4.189484e+02 -2.670577e-01 2.292761e+00 -6.134393e+01
<VARIANCE> 6
 3.223669e+01 2.456758e+05 3.337561e+04 2.952653e+02 3.937555e+04 5.047826e+07
<GCONST> 7.133354e+01
<MIXTURE> 10 8.601165e-02
<MEAN> 6
 7.048662e+01 -1.001301e+02 -7.190757e+02 -1.589653e+00 -7.979015e+00 -1.801627e+02
<VARIANCE> 6
 3.128041e+01 5.192823e+04 1.047836e+05 2.952653e+02 3.937555e+04 5.047826e+07
<GCONST> 7.089336e+01
<STATE> 4
<NUMMIXES> 10
<MIXTURE> 1 1.119140e-02
<MEAN> 6
 3.445710e+00 1.435900e+02 -6.038599e+01 -2.079327e+01 9.919694e+01 4.892278e+03
<VARIANCE> 6
 8.460855e+03 2.630629e+07 1.079879e+06 1.162201e+06 6.273513e+08 9.074854e+11
<GCONST> 1.128049e+02
<MIXTURE> 2 1.096541e-01
<MEAN> 6
 1.015104e+02 2.329102e+02 1.148569e+02 -3.381015e+00 -5.953671e+00 1.352657e+02
<VARIANCE> 6
 3.448808e+02 7.520561e+05 8.092866e+05 2.952653e+02 3.937555e+04 5.047826e+07
<GCONST> 7.801077e+01
<MIXTURE> 3 6.520078e-02
<MEAN> 6
 6.070638e+01 4.976837e+02 -2.128202e+02 -1.131786e+01 -6.687657e+02 1.273342e+03
<VARIANCE> 6
 3.864083e+03 8.282060e+06 2.072424e+06 6.058998e+04 2.978780e+06 2.162080e+09
<GCONST> 9.717383e+01
<MIXTURE> 4 9.895100e-02
<MEAN> 6
 -8.598899e+00 2.222612e+02 1.213277e+02 9.782583e+01 3.212393e+02 -2.375406e+03
<VARIANCE> 6
 8.358853e+02 3.189978e+05 2.302198e+05 3.386029e+04 1.437957e+05 5.047826e+07
<GCONST> 8.281869e+01
<MIXTURE> 5 1.200340e-01
<MEAN> 6
 -3.956973e+01 -1.125802e+02 -2.907203e+01 -6.306109e+01 1.150332e+03 8.830699e+02
<VARIANCE> 6
 8.461336e+02 4.234212e+05 1.176800e+06 5.216121e+04 8.422861e+05 4.873995e+08
<GCONST> 8.921294e+01
<MIXTURE> 6 1.659332e-01
<MEAN> 6
 6.693018e+01 4.677134e+01 1.323421e+02 3.551744e+01 -3.766042e+02 -6.667768e+02
<VARIANCE> 6
 8.710023e+02 1.969625e+05 5.595180e+05 3.390549e+04 1.396673e+05 5.047826e+07
<GCONST> 8.323791e+01
<MIXTURE> 7 5.991855e-02
<MEAN> 6
 -5.462359e+01 1.776395e+02 -9.954920e+01 1.069693e+00 8.274087e+01 1.435510e+02
<VARIANCE> 6
 4.862014e+02 3.924419e+05 5.508426e+05 2.952653e+02 3.937555e+04 5.047826e+07
<GCONST> 7.731906e+01
<MIXTURE> 8 1.539010e-01
<MEAN> 6
 7.679128e+01 -1.344196e+02 -2.941236e+00 -5.181325e+01 -7.452153e+02 8.018671e+02
<VARIANCE> 6
 1.088757e+03 3.790778e+05 2.316435e+05 4.262845e+04 6.725733e+05 2.649676e+08
<GCONST> 8.669277e+01
<MIXTURE> 9 1.042256e-01
<MEAN> 6
 -4.660663e+01 1.130009e+01 -4.649454e+01 2.219040e+01 5.019789e+02 3.294944e+02
<VARIANCE> 6
 3.657412e+02 2.372871e+05 2.119117e+05 9.829420e+03 1.434685e+05 5.047826e+07
<GCONST> 8.037419e+01
<MIXTURE> 10 1.104519e-01
<MEAN> 6
 9.349281e+01 -1.038865e+02 -2.992647e+02 -6.424560e+00 -5.728445e+01 -6.023445e+02
<VARIANCE> 6
 3.085959e+02 6.010209e+05 8.539024e+05 2.952653e+02 3.937555e+04 5.047826e+07
<GCONST> 7.772908e+01
<TRANSP> 5
 0.000000e+00 1.000000e+00 0.000000e+00 0.000000e+00 0.000000e+00
 0.000000e+00 9.999219e-01 7.816758e-05 0.000000e+00 0.000000e+00
 0.000000e+00 0.000000e+00 9.996506e-01 3.494463e-04 0.000000e+00
 0.000000e+00 0.000000e+00 0.000000e+00 9.999122e-01 8.779646e-05
 0.000000e+00 0.000000e+00 0.000000e+00 0.000000e+00 0.000000e+00
<ENDHMM>
~h "SegundoESO"
<BEGINHMM>
<NUMSTATES> 5
<STATE> 2
<NUMMIXES> 10
<MIXTURE> 1 6.208299e-02
<MEAN> 6
 1.829048e+01 8.473381e+01 5.896729e+02 -1.451248e+02 -3.698018e+01 4.927750e+03
<VARIANCE> 6
 2.810914e+03 5.917826e+06 9.553903e+06 4.470126e+04 1.705447e+06 4.928371e+08
<GCONST> 9.570724e+01
<MIXTURE> 2 7.291716e-02
<MEAN> 6
 7.867273e+01 -1.459132e+02 1.078569e+03 -3.318508e-01 -2.173324e+01 1.390676e+02
<VARIANCE> 6
 6.327664e+01 6.118216e+05 1.698639e+06 2.952653e+02 3.937555e+04 5.047826e+07
<GCONST> 7.685014e+01
<MIXTURE> 3 1.119150e-01
<MEAN> 6
 8.667022e+01 -1.788257e+03 3.228557e+02 -4.762087e+00 -2.076019e+01 -1.272536e+02
<VARIANCE> 6
 1.642836e+02 6.291213e+06 2.778912e+07 2.952653e+02 3.937555e+04 5.047826e+07
<GCONST> 8.292950e+01
<MIXTURE> 4 9.682155e-02
<MEAN> 6
 -4.603532e+01 4.708324e+02 8.107482e+02 2.780611e+01 9.170997e+02 -1.096670e+03
<VARIANCE> 6
 3.442358e+02 2.075140e+06 5.118822e+06 2.898680e+04 2.585210e+05 9.689267e+07
<GCONST> 8.798901e+01
<MIXTURE> 5 1.125860e-01
<MEAN> 6
 4.535049e+01 9.352462e+02 -6.204444e+02 1.131996e+02 -2.614641e+02 -1.493177e+03
<VARIANCE> 6
 8.634021e+02 4.378898e+06 6.218726e+06 2.274465e+04 8.396643e+04 5.047826e+07
<GCONST> 8.783083e+01
<MIXTURE> 6 1.470245e-01
<MEAN> 6
 7.140949e+01 5.806441e+02 -2.285974e+03 -1.051041e-01 -9.586346e+00 -7.670763e+01
<VARIANCE> 6
 9.819439e+01 4.784677e+05 4.321273e+06 2.952653e+02 3.937555e+04 5.047826e+07
<GCONST> 7.797745e+01
<MIXTURE> 7 8.000176e-02
<MEAN> 6
 -6.130677e+01 2.464433e+02 2.850928e+02 8.543590e+00 1.673587e+02 7.155643e+01
<VARIANCE> 6
 7.774578e+01 8.611884e+05 3.071917e+06 6.305420e+02 5.501196e+04 5.047826e+07
<GCONST> 7.908353e+01
<MIXTURE> 8 1.391138e-01
<MEAN> 6
 6.992118e+01 -1.253288e+02 4.013109e+02 -3.540427e+01 -6.819030e+02 2.799765e+02
<VARIANCE> 6
 4.129044e+02 9.603784e+05 3.247466e+06 2.451179e+04 1.790910e+05 5.652341e+07
<GCONST> 8.587167e+01
<MIXTURE> 9 1.044520e-01
<MEAN> 6
 -1.958817e+01 9.508589e+01 -9.388427e+01 -1.069435e+01 3.112070e+02 -3.882667e+02
<VARIANCE> 6
 5.050802e+02 1.633144e+06 1.638959e+06 3.500877e+04 9.980073e+04 5.047826e+07
<GCONST> 8.557891e+01
<MIXTURE> 10 7.259045e-02
<MEAN> 6
 7.648426e+01 -4.490211e+02 5.809694e+02 -2.624076e+00 -4.790193e+01 -3.634177e+02
<VARIANCE> 6
 5.787885e+01 6.640992e+05 1.874969e+06 2.952653e+02 3.937555e+04 5.047826e+07
<GCONST> 7.694173e+01
<STATE> 3
<NUMMIXES> 10
<MIXTURE> 1 4.949867e-02
<MEAN> 6
 8.249692e+01 -1.553687e+03 3.765463e+02 -5.020210e-01 -4.250119e+00 -4.897067e+01
<VARIANCE> 6
 1.010848e+02 3.321531e+05 3.182379e+04 2.952653e+02 3.937555e+04 5.047826e+07
<GCONST> 7.273037e+01
<MIXTURE> 2 1.723122e-01
<MEAN> 6
 7.005236e+01 4.446688e+02 -1.783365e+02 -3.935189e-01 -6.400853e+00 -1.131373e+02
<VARIANCE> 6
 3.128041e+01 4.663872e+05 9.837905e+04 2.952653e+02 3.937555e+04 5.047826e+07
<GCONST> 7.302544e+01
<MIXTURE> 3 8.794895e-02
<MEAN> 6
 7.071453e+01 2.852445e+02 2.875534e+02 -3.569472e-01 3.571205e-01 -3.092139e+01
<VARIANCE> 6
 3.128041e+01 2.162204e+05 1.592093e+04 2.952653e+02 3.937555e+04 5.047826e+07
<GCONST> 7.043552e+01
<MIXTURE> 4 8.764217e-02
<MEAN> 6
 8.249985e+01 -7.571716e+02 1.303216e+02 -2.470631e-01 -3.777693e+00 -1.262138e+02
<VARIANCE> 6
 3.128041e+01 1.928356e+04 2.255276e+04 2.952653e+02 3.937555e+04 5.047826e+07
<GCONST> 6.836671e+01
<MIXTURE> 5 8.678007e-02
<MEAN> 6
 6.182348e+01 2.221889e+01 -6.429418e+01 -1.039536e-01 -2.461748e+00 -1.078646e+02
<VARIANCE> 6
 5.033199e+01 1.268066e+05 1.643227e+05 2.952653e+02 3.937555e+04 5.047826e+07
<GCONST> 7.271174e+01
<MIXTURE> 6 9.001750e-02
<MEAN> 6
 6.966632e+01 6.631863e+02 -2.222902e+02 -3.978658e-01 -5.746572e+00 -1.117647e+02
<VARIANCE> 6
 3.128041e+01 5.717848e+05 8.539611e+04 2.952653e+02 3.937555e+04 5.047826e+07
<GCONST> 7.308765e+01
<MIXTURE> 7 1.561906e-01
<MEAN> 6
 6.032464e+01 7.610741e+01 -4.651732e+01 1.760514e-01 -2.922617e-01 -1.092420e+02
<VARIANCE> 6
 3.128041e+01 2.488262e+05 2.201226e+04 2.952653e+02 3.937555e+04 5.047826e+07
<GCONST> 7.089995e+01
<MIXTURE> 8 8.643909e-02
<MEAN> 6
 5.855524e+01 1.375623e+01 -2.709550e+02 -1.306665e-01 -5.830623e-01 -8.707588e+01
<VARIANCE> 6
 3.128041e+01 1.426618e+05 1.242896e+05 2.952653e+02 3.937555e+04 5.047826e+07
<GCONST> 7.207468e+01
<MIXTURE> 9 9.623624e-02
<MEAN> 6
 6.926779e+01 3.070568e+02 -3.186451e+02 -2.391862e-01 -5.231692e+00 -1.156681e+02
<VARIANCE> 6
 3.128041e+01 6.027922e+05 8.046444e+04 2.952653e+02 3.937555e+04 5.047826e+07
<GCONST> 7.308098e+01
<MIXTURE> 10 8.677385e-02
<MEAN> 6
 6.823122e+01 8.014899e+01 2.392850e+02 -6.031601e-01 -9.977409e+00 -1.809692e+02
<VARIANCE> 6
 3.128041e+01 2.152272e+05 1.689245e+04 2.952653e+02 3.937555e+04 5.047826e+07
<GCONST> 7.049015e+01
<STATE> 4
<NUMMIXES> 10
<MIXTURE> 1 9.554686e-02
<MEAN> 6
 -4.224939e+01 1.847525e+02 3.632296e+01 6.407366e-01 1.143390e+03 2.033389e+02
<VARIANCE> 6
 1.742404e+02 5.632177e+05 1.873592e+05 3.025391e+04 3.450440e+05 2.148432e+08
<GCONST> 8.382413e+01
<MIXTURE> 2 7.042915e-02
<MEAN> 6
 3.836922e+01 -1.430103e+02 1.941376e+02 -6.026380e+01 -3.713992e+02 2.824293e+03
<VARIANCE> 6
 2.943667e+03 3.863265e+06 1.568554e+06 4.673204e+04 2.111864e+06 7.303496e+08
<GCONST> 9.417167e+01
<MIXTURE> 3 8.943506e-02
<MEAN> 6
 8.052741e+01 2.187897e+01 1.413190e+01 -3.565145e+00 -1.875713e+01 2.291050e+02
<VARIANCE> 6
 1.864721e+02 1.279940e+06 4.801247e+05 2.952653e+02 3.937555e+04 5.047826e+07
<GCONST> 7.740549e+01
<MIXTURE> 4 1.106474e-01
<MEAN> 6
 3.907162e+01 2.238257e+02 3.841139e+01 1.759030e+02 -2.458006e+02 -1.729104e+03
<VARIANCE> 6
 4.798914e+02 6.742412e+05 2.235023e+05 4.800554e+03 7.773667e+04 5.047826e+07
<GCONST> 8.041396e+01
<MIXTURE> 5 1.103613e-01
<MEAN> 6
 -7.718202e+00 8.010365e+01 8.177193e+01 -5.629155e+01 1.711406e+02 2.086621e+02
<VARIANCE> 6
 2.627745e+02 5.815619e+05 2.461545e+05 4.538742e+04 1.464726e+05 1.379630e+08
<GCONST> 8.364583e+01
<MIXTURE> 6 1.423979e-01
<MEAN> 6
 7.146640e+01 -9.399578e+01 5.117573e+01 -2.286808e+01 -7.589240e+02 -6.128129e+02
<VARIANCE> 6
 2.208476e+02 6.472411e+05 1.447200e+05 1.622630e+04 2.172832e+05 8.572508e+07
<GCONST> 8.193777e+01
<MIXTURE> 7 1.092142e-01
<MEAN> 6
 -1.085072e+01 -6.456078e+00 -5.778628e+00 3.113842e+01 1.726423e+02 -9.155839e+02
<VARIANCE> 6
 6.002773e+02 1.035548e+05 5.021025e+04 2.229979e+04 7.589727e+04 5.047826e+07
<GCONST> 7.878300e+01
<MIXTURE> 8 8.616427e-02
<MEAN> 6
 4.423977e+01 -1.070493e+02 1.099665e+02 -1.222854e+02 -3.798347e+02 2.670601e+03
<VARIANCE> 6
 3.513484e+02 8.006282e+05 3.487721e+05 2.353582e+04 9.982142e+04 5.047826e+07
<GCONST> 8.255884e+01
<MIXTURE> 9 9.556842e-02
<MEAN> 6
 -5.528291e+01 3.102815e+01 1.947135e+01 2.662579e+01 5.722043e+02 -6.774061e+02
<VARIANCE> 6
 1.360778e+02 3.773918e+05 4.168012e+05 3.935098e+03 2.002076e+05 5.191070e+07
<GCONST> 7.997173e+01
<MIXTURE> 10 8.908603e-02
<MEAN> 6
 7.619515e+01 -4.413554e+02 -1.615919e+02 -5.954453e+00 -5.422650e+01 -3.160535e+02
<VARIANCE> 6
 1.670216e+02 1.615342e+06 4.274837e+05 2.952653e+02 3.937555e+04 5.047826e+07
<GCONST> 7.741194e+01
<TRANSP> 5
 0.000000e+00 1.000000e+00 0.000000e+00 0.000000e+00 0.000000e+00
 0.000000e+00 9.998653e-01 1.347267e-04 0.000000e+00 0.000000e+00
 0.000000e+00 0.000000e+00 9.996606e-01 3.394741e-04 0.000000e+00
 0.000000e+00 0.000000e+00 0.000000e+00 9.999416e-01 5.836002e-05
 0.000000e+00 0.000000e+00 0.000000e+00 0.000000e+00 0.000000e+00
<ENDHMM>
~h "QuintoPRIMARIA"
<BEGINHMM>
<NUMSTATES> 5
<STATE> 2
<NUMMIXES> 10
<MIXTURE> 1 1.003219e-01
<MEAN> 6
 -2.877384e+01 3.307509e+01 1.986130e+02 7.322680e+01 7.288783e+02 -2.930498e+03
<VARIANCE> 6
 5.224671e+02 1.158745e+05 2.697111e+05 3.433741e+04 2.205781e+05 7.952642e+07
<GCONST> 8.239079e+01
<MIXTURE> 2 3.400037e-02
<MEAN> 6
 3.914145e+01 1.045451e+01 -1.089091e+02 -3.649642e+01 -5.545668e+02 4.200057e+03
<VARIANCE> 6
 2.555568e+03 6.575912e+05 1.842327e+06 5.754715e+04 2.793246e+06 1.315430e+09
<GCONST> 9.349667e+01
<MIXTURE> 3 8.928644e-02
<MEAN> 6
 7.958406e+01 6.517288e+01 -1.094050e+02 -1.180207e+01 -8.198318e+02 -1.031498e+03
<VARIANCE> 6
 1.936531e+02 5.836704e+05 1.102074e+05 1.567950e+04 3.581684e+05 1.059397e+08
<GCONST> 8.210779e+01
<MIXTURE> 4 1.221789e-01
<MEAN> 6
 7.733261e+01 1.056100e+02 -7.469366e+01 -5.842693e+00 -3.379623e+01 -3.407531e+02
<VARIANCE> 6
 1.260868e+02 2.209766e+05 1.183138e+05 2.952653e+02 3.937555e+04 5.047826e+07
<GCONST> 7.385696e+01
<MIXTURE> 5 8.918864e-02
<MEAN> 6
 4.226496e+01 4.838490e+01 5.437432e+01 8.571223e+01 -1.547949e+02 -2.605850e+02
<VARIANCE> 6
 8.779951e+02 8.758904e+04 4.878883e+04 2.866853e+04 1.342392e+05 5.047826e+07
<GCONST> 7.978856e+01
<MIXTURE> 6 1.135934e-01
<MEAN> 6
 -4.958133e+01 -1.350195e+01 1.127170e+01 2.866238e+01 3.736497e+02 1.260828e+02
<VARIANCE> 6
 2.311367e+02 6.013096e+04 6.034546e+04 2.508117e+03 1.061168e+05 5.047826e+07
<GCONST> 7.561903e+01
<MIXTURE> 7 1.356057e-01
<MEAN> 6
 4.765154e+01 2.430597e+01 -5.561377e+01 -6.476780e+01 -6.378234e+02 1.827462e+03
<VARIANCE> 6
 9.905789e+02 5.197736e+04 1.446713e+05 4.474960e+04 4.683733e+05 2.400732e+08
<GCONST> 8.372865e+01
<MIXTURE> 8 1.321574e-01
<MEAN> 6
 6.274077e+01 -1.093284e+01 -8.231328e+01 -4.528458e-01 -1.951297e+01 -1.620939e+02
<VARIANCE> 6
 5.020724e+01 2.581184e+04 1.163506e+05 2.952653e+02 3.937555e+04 5.047826e+07
<GCONST> 7.077220e+01
<MIXTURE> 9 9.267326e-02
<MEAN> 6
 -3.772544e+01 -1.159857e+02 -1.088507e+01 -8.605987e+01 1.159954e+03 2.758400e+03
<VARIANCE> 6
 4.155376e+02 1.299248e+05 8.579461e+04 3.577849e+04 6.545071e+05 4.375373e+08
<GCONST> 8.396468e+01
<MIXTURE> 10 9.026696e-02
<MEAN> 6
 3.312864e+01 -6.967281e+01 -2.811765e+01 2.382211e+01 -2.606845e+02 -2.123797e+03
<VARIANCE> 6
 9.378964e+02 8.881786e+04 5.432455e+04 3.830809e+04 1.411742e+05 5.047826e+07
<GCONST> 8.031620e+01
<STATE> 3
<NUMMIXES> 10
<MIXTURE> 1 1.073351e-01
<MEAN> 6
 9.164557e+01 1.568231e+03 -4.569951e+02 -3.115002e+00 -1.109615e-01 -4.750507e+01
<VARIANCE> 6
 3.668707e+02 1.132678e+06 5.170839e+04 2.952653e+02 3.937555e+04 5.047826e+07
<GCONST> 7.573157e+01
<MIXTURE> 2 1.741895e-01
<MEAN> 6
 8.834308e+01 -1.014280e+02 7.443471e+00 -4.416411e+00 1.981628e+00 5.291253e+01
<VARIANCE> 6
 5.370400e+01 4.054565e+04 1.900158e+04 2.952653e+02 3.937555e+04 5.047826e+07
<GCONST> 6.947904e+01
<MIXTURE> 3 1.019204e-01
<MEAN> 6
 7.649761e+01 -2.916319e+02 4.481434e+02 -2.010918e+00 4.613979e+00 5.042529e+01
<VARIANCE> 6
 3.128041e+01 4.978749e+04 1.620571e+05 2.952653e+02 3.937555e+04 5.047826e+07
<GCONST> 7.128731e+01
<MIXTURE> 4 7.785242e-02
<MEAN> 6
 6.253025e+01 -3.336994e+03 -5.118319e+03 -3.763404e-01 -2.199933e+00 -5.734909e+01
<VARIANCE> 6
 3.128041e+01 1.730026e+07 7.302726e+06 2.952653e+02 3.937555e+04 5.047826e+07
<GCONST> 8.094608e+01
<MIXTURE> 5 6.068799e-02
<MEAN> 6
 5.597349e+01 7.594643e+02 5.517380e+02 2.031739e+00 -5.634505e+00 -3.689608e+01
<VARIANCE> 6
 5.896021e+01 2.252854e+05 1.367972e+06 2.952653e+02 3.937555e+04 5.047826e+07
<GCONST> 7.556392e+01
<MIXTURE> 6 5.310329e-02
<MEAN> 6
 8.629239e+01 1.325503e+02 -2.359983e+02 -2.515644e+00 -1.899502e+00 -2.754075e+01
<VARIANCE> 6
 3.128041e+01 2.337081e+05 1.410179e+04 2.952653e+02 3.937555e+04 5.047826e+07
<GCONST> 7.039197e+01
<MIXTURE> 7 1.245985e-01
<MEAN> 6
 7.398009e+01 -9.161461e+02 -2.451535e+02 -7.178047e-01 -5.568305e+00 -4.625874e+01
<VARIANCE> 6
 3.128041e+01 1.706145e+05 1.039709e+05 2.952653e+02 3.937555e+04 5.047826e+07
<GCONST> 7.207511e+01
<MIXTURE> 8 1.324292e-01
<MEAN> 6
 6.507931e+01 -2.589003e+01 -1.729159e+03 7.558712e-01 -5.053723e+00 -1.010342e+02
<VARIANCE> 6
 3.128041e+01 6.202179e+05 1.379532e+06 2.952653e+02 3.937555e+04 5.047826e+07
<GCONST> 7.595116e+01
<MIXTURE> 9 6.569785e-02
<MEAN> 6
 8.441011e+01 -8.581654e+01 -2.853554e+02 -1.566230e+00 -1.975248e-01 -5.403360e+00
<VARIANCE> 6
 3.128041e+01 3.563988e+04 2.336673e+04 2.952653e+02 3.937555e+04 5.047826e+07
<GCONST> 6.901637e+01
<MIXTURE> 10 1.019887e-01
<MEAN> 6
 7.563309e+01 -3.775581e+02 3.053680e+02 -2.556311e+00 -8.545528e+00 -1.266089e+02
<VARIANCE> 6
 3.128041e+01 4.892601e+04 1.860212e+05 2.952653e+02 3.937555e+04 5.047826e+07
<GCONST> 7.140776e+01
<STATE> 4
<NUMMIXES> 10
<MIXTURE> 1 1.644807e-02
<MEAN> 6
 -6.511105e+00 1.623353e+02 1.075856e+02 -1.865134e+01 2.961002e+01 5.337558e+03
<VARIANCE> 6
 1.175709e+04 1.952660e+05 4.077374e+05 2.056325e+06 1.125963e+09 1.656240e+12
<GCONST> 1.090139e+02
<MIXTURE> 2 1.230376e-01
<MEAN> 6
 8.780141e+01 -1.051628e+02 9.253241e+02 -3.248065e+00 -2.115970e+01 -3.109452e+00
<VARIANCE> 6
 1.433099e+02 3.207570e+06 3.526883e+06 2.952653e+02 3.937555e+04 5.047826e+07
<GCONST> 8.005505e+01
<MIXTURE> 3 9.876328e-02
<MEAN> 6
 8.913233e+00 -1.122080e+02 -5.296299e+01 -7.708099e+01 1.600067e+02 2.817561e+03
<VARIANCE> 6
 5.139964e+03 2.452031e+06 1.845126e+06 5.739470e+04 4.273816e+06 2.403488e+09
<GCONST> 9.653847e+01
<MIXTURE> 4 1.591190e-01
<MEAN> 6
 -4.003148e+01 -9.862469e+01 6.940947e+01 5.987700e+01 8.094641e+02 -1.578053e+03
<VARIANCE> 6
 4.450165e+02 1.417196e+06 1.545793e+06 3.370189e+04 3.106152e+05 1.119115e+08
<GCONST> 8.714545e+01
<MIXTURE> 5 1.483714e-01
<MEAN> 6
 5.064991e+01 3.114131e+02 4.891291e+02 4.358583e+01 -4.455057e+02 -6.175419e+02
<VARIANCE> 6
 1.030066e+03 2.278909e+06 4.344110e+06 3.905909e+04 2.318531e+05 5.415740e+07
<GCONST> 8.862227e+01
<MIXTURE> 6 8.450123e-02
<MEAN> 6
 8.790562e+01 2.876133e+02 -4.623302e+01 -2.519254e+00 5.185223e-01 1.598181e+01
<VARIANCE> 6
 1.639941e+02 3.318822e+05 4.253955e+05 2.952653e+02 3.937555e+04 5.047826e+07
<GCONST> 7.580623e+01
<MIXTURE> 7 9.928490e-02
<MEAN> 6
 7.639829e+01 1.192709e+02 1.286557e+02 -1.467950e+01 -5.879221e+02 -6.748258e+02
<VARIANCE> 6
 3.549446e+02 4.669332e+05 2.817375e+05 2.035248e+04 4.363756e+05 1.599960e+08
<GCONST> 8.429977e+01
<MIXTURE> 8 9.538435e-02
<MEAN> 6
 -6.380850e+01 2.560875e+02 -1.359057e+02 1.216026e+01 2.169290e+02 3.493091e+02
<VARIANCE> 6
 1.502182e+02 1.071444e+06 1.823048e+06 8.477669e+02 8.657895e+04 5.047826e+07
<GCONST> 8.018836e+01
<MIXTURE> 9 9.005922e-02
<MEAN> 6
 3.353914e+01 -2.624897e+02 8.271658e+01 -6.883942e+01 -3.893721e+02 8.708489e+02
<VARIANCE> 6
 1.002989e+03 5.175952e+05 2.982264e+05 5.669871e+04 3.410057e+05 1.184055e+08
<GCONST> 8.597536e+01
<MIXTURE> 10 8.440439e-02
<MEAN> 6
 8.241504e+01 4.219475e+01 -2.780540e+02 -4.878228e+00 -3.784814e+01 -6.052487e+02
<VARIANCE> 6
 1.670874e+02 3.427681e+05 4.767788e+05 2.952653e+02 3.937555e+04 5.047826e+07
<GCONST> 7.597122e+01
<TRANSP> 5
 0.000000e+00 1.000000e+00 0.000000e+00 0.000000e+00 0.000000e+00
 0.000000e+00 9.999231e-01 7.693787e-05 0.000000e+00 0.000000e+00
 0.000000e+00 0.000000e+00 9.996556e-01 3.443752e-04 0.000000e+00
 0.000000e+00 0.000000e+00 0.000000e+00 9.999155e-01 8.443344e-05
 0.000000e+00 0.000000e+00 0.000000e+00 0.000000e+00 0.000000e+00
<ENDHMM>
