~o
<STREAMINFO> 1 6
<VECSIZE> 6<NULLD><USER><DIAGC>
~h "SegundoPRIMARIA"
<BEGINHMM>
<NUMSTATES> 7
<STATE> 2
<NUMMIXES> 5
<MIXTURE> 1 2.768832e-01
<MEAN> 6
 8.141121e+01 -3.674722e+01 -4.747026e+00 -1.695457e+00 -3.210555e+01 -2.597208e+02
<VARIANCE> 6
 2.558821e+02 3.338891e+05 1.433430e+06 2.923330e+02 3.775264e+04 4.880768e+07
<GCONST> 7.738623e+01
<MIXTURE> 2 1.490016e-01
<MEAN> 6
 -1.249115e+01 7.691074e+01 -1.751402e+01 -8.313752e+01 6.268958e+02 2.316973e+03
<VARIANCE> 6
 2.993542e+03 3.470882e+05 1.366359e+06 6.789259e+04 2.263000e+06 9.177210e+08
<GCONST> 9.231176e+01
<MIXTURE> 3 1.721742e-01
<MEAN> 6
 -4.685369e+00 1.146537e+02 7.685928e+01 7.298195e+01 2.403381e+02 -6.447985e+02
<VARIANCE> 6
 2.836302e+03 9.300245e+04 3.445148e+05 2.770392e+04 3.207028e+05 4.880768e+07
<GCONST> 8.377879e+01
<MIXTURE> 4 2.258332e-01
<MEAN> 6
 7.491589e+01 -1.259119e+02 1.354014e+02 -1.975497e+01 -8.257751e+02 -4.027415e+02
<VARIANCE> 6
 9.583771e+02 5.526315e+05 9.354164e+05 4.220579e+04 5.265650e+05 1.943593e+08
<GCONST> 8.777336e+01
<MIXTURE> 5 1.753095e-01
<MEAN> 6
 -2.672634e+01 1.519348e+01 -1.524656e+02 2.938360e+01 3.496596e+02 -4.575602e+02
<VARIANCE> 6
 2.393401e+03 1.001488e+05 6.294114e+05 2.207286e+04 2.494180e+05 4.880768e+07
<GCONST> 8.380708e+01
<STATE> 3
<NUMMIXES> 5
<MIXTURE> 1 1.511046e-01
<MEAN> 6
 8.984677e+01 6.918868e+02 3.310777e+01 -2.501252e+00 -5.658654e+00 1.564677e+02
<VARIANCE> 6
 3.141467e+01 3.141752e+05 1.086526e+05 2.923330e+02 3.775264e+04 4.880768e+07
<GCONST> 7.264826e+01
<MIXTURE> 2 1.792995e-01
<MEAN> 6
 8.917616e+01 1.658635e+02 1.229819e+02 -1.397090e+00 -7.120723e+00 1.395703e+01
<VARIANCE> 6
 3.295694e+01 2.869714e+04 5.579918e+04 2.923330e+02 3.775264e+04 4.880768e+07
<GCONST> 6.963663e+01
<MIXTURE> 3 2.819983e-01
<MEAN> 6
 9.686465e+01 -2.208698e+02 -4.921346e+02 -1.185842e+00 -6.842153e+00 -5.063316e+01
<VARIANCE> 6
 3.141467e+01 1.460760e+05 1.487001e+04 2.923330e+02 3.775264e+04 4.880768e+07
<GCONST> 6.989362e+01
<MIXTURE> 4 2.019321e-01
<MEAN> 6
 8.699968e+01 9.016471e+02 -5.157371e+02 -1.759153e+00 1.805036e+00 6.959538e+01
<VARIANCE> 6
 3.141467e+01 1.694322e+05 2.475495e+05 2.923330e+02 3.775264e+04 4.880768e+07
<GCONST> 7.285422e+01
<MIXTURE> 5 1.856436e-01
<MEAN> 6
 8.978646e+01 9.609180e+01 2.085053e+01 -1.900456e+00 -4.352253e+00 -2.063903e+01
<VARIANCE> 6
 3.919778e+01 2.777514e+04 5.238463e+04 2.923330e+02 3.775264e+04 4.880768e+07
<GCONST> 6.971425e+01
<STATE> 4
<NUMMIXES> 5
<MIXTURE> 1 2.015497e-01
<MEAN> 6
 6.984879e+01 8.010073e+01 2.668475e+02 2.832770e-01 2.706719e+00 -1.192148e+02
<VARIANCE> 6
 3.141467e+01 4.819414e+05 7.280764e+04 2.923330e+02 3.775264e+04 4.880768e+07
<GCONST> 7.267580e+01
<MIXTURE> 2 3.099394e-01
<MEAN> 6
 7.348283e+01 1.502030e+01 -9.763956e+01 8.566008e-02 -3.245006e+00 -1.194290e+02
<VARIANCE> 6
 3.141467e+01 1.788135e+04 5.308359e+04 2.923330e+02 3.775264e+04 4.880768e+07
<GCONST> 6.906578e+01
<MIXTURE> 3 1.550216e-01
<MEAN> 6
 6.284513e+01 3.247118e+02 -8.398298e+00 7.612533e-01 4.389666e+00 -3.539852e+01
<VARIANCE> 6
 3.566600e+01 1.914976e+05 2.238015e+04 2.923330e+02 3.775264e+04 4.880768e+07
<GCONST> 7.070013e+01
<MIXTURE> 4 1.776961e-01
<MEAN> 6
 7.021527e+01 -5.776477e+02 -5.891611e+02 -1.097982e+00 -3.413929e+00 2.148940e+01
<VARIANCE> 6
 3.241379e+01 6.903608e+04 1.547029e+05 2.923330e+02 3.775264e+04 4.880768e+07
<GCONST> 7.151759e+01
<MIXTURE> 5 1.557390e-01
<MEAN> 6
 5.677219e+01 4.364758e+00 -2.940103e+02 1.397909e+00 6.195869e-01 -1.175644e+02
<VARIANCE> 6
 5.818060e+01 8.208677e+04 2.087842e+04 2.923330e+02 3.775264e+04 4.880768e+07
<GCONST> 7.027292e+01
<STATE> 5
<NUMMIXES> 5
<MIXTURE> 1 2.608924e-01
<MEAN> 6
 1.049830e+02 -5.834332e+01 1.472975e+03 -4.221588e+00 -4.957353e+00 3.063716e+01
<VARIANCE> 6
 2.408651e+02 1.340371e+05 4.384929e+05 2.923330e+02 3.775264e+04 4.880768e+07
<GCONST> 7.522858e+01
<MIXTURE> 2 3.284745e-01
<MEAN> 6
 8.486177e+01 5.311752e+02 -3.233186e+02 -2.985225e+00 -3.286876e+00 -1.502630e+02
<VARIANCE> 6
 1.968992e+02 8.609739e+06 8.803377e+04 2.923330e+02 3.775264e+04 4.880768e+07
<GCONST> 7.758394e+01
<MIXTURE> 3 1.126986e-01
<MEAN> 6
 6.903745e+01 -7.216250e+03 1.344671e+03 -2.584376e+00 -3.868455e+00 -4.509364e+01
<VARIANCE> 6
 8.440640e+01 5.364484e+06 1.395354e+05 2.923330e+02 3.775264e+04 4.880768e+07
<GCONST> 7.672440e+01
<MIXTURE> 4 1.016642e-01
<MEAN> 6
 8.717242e+01 3.406733e+02 -2.644339e+03 -2.573410e+00 -7.379144e+00 9.203824e+01
<VARIANCE> 6
 5.421879e+01 3.693994e+05 1.936469e+05 2.923330e+02 3.775264e+04 4.880768e+07
<GCONST> 7.393382e+01
<MIXTURE> 5 1.962235e-01
<MEAN> 6
 9.594884e+01 -8.807853e+02 7.388348e+02 -4.001108e+00 -2.404605e+00 -1.037649e+02
<VARIANCE> 6
 2.937195e+02 5.268160e+05 8.162376e+04 2.923330e+02 3.775264e+04 4.880768e+07
<GCONST> 7.511447e+01
<STATE> 6
<NUMMIXES> 5
<MIXTURE> 1 3.097231e-02
<MEAN> 6
 3.970663e+01 7.389039e+02 -3.279354e+02 -2.516845e+01 -6.094526e+02 2.756968e+03
<VARIANCE> 6
 6.358312e+03 2.149413e+07 1.569933e+06 2.984648e+05 1.393336e+08 2.101089e+11
<GCONST> 1.083643e+02
<MIXTURE> 2 2.324317e-01
<MEAN> 6
 4.546312e+01 8.012725e+01 -6.896491e+00 2.027463e+01 3.302029e+01 -1.202215e+02
<VARIANCE> 6
 4.652354e+03 1.319390e+06 2.262319e+05 9.300774e+03 1.391829e+05 4.880768e+07
<GCONST> 8.457918e+01
<MIXTURE> 3 3.111852e-01
<MEAN> 6
 2.279062e+01 -1.191014e+01 8.006159e+00 -5.089182e+01 1.090804e+02 1.028477e+03
<VARIANCE> 6
 3.861033e+03 3.373256e+05 1.208998e+05 5.903720e+04 2.420940e+06 7.615591e+08
<GCONST> 8.985394e+01
<MIXTURE> 4 2.215736e-01
<MEAN> 6
 1.189793e+01 4.607832e+01 4.841242e+01 6.947005e+01 1.842911e+02 -7.047183e+02
<VARIANCE> 6
 3.320443e+03 1.017344e+05 3.464445e+04 2.424872e+04 3.178090e+05 4.880768e+07
<GCONST> 8.158685e+01
<MIXTURE> 5 2.036587e-01
<MEAN> 6
 4.981718e+01 -3.706725e+01 -8.952635e+00 -1.375462e+01 -3.115597e+02 -1.001163e+03
<VARIANCE> 6
 2.597623e+03 6.845433e+04 3.310467e+04 3.326754e+04 5.161332e+05 5.786811e+07
<GCONST> 8.187110e+01
<TRANSP> 7
 0.000000e+00 1.000000e+00 0.000000e+00 0.000000e+00 0.000000e+00 0.000000e+00 0.000000e+00
 0.000000e+00 9.999063e-01 9.367014e-05 0.000000e+00 0.000000e+00 0.000000e+00 0.000000e+00
 0.000000e+00 0.000000e+00 9.989185e-01 1.081427e-03 0.000000e+00 0.000000e+00 0.000000e+00
 0.000000e+00 0.000000e+00 0.000000e+00 9.993656e-01 6.344232e-04 0.000000e+00 0.000000e+00
 0.000000e+00 0.000000e+00 0.000000e+00 0.000000e+00 9.988339e-01 1.166080e-03 0.000000e+00
 0.000000e+00 0.000000e+00 0.000000e+00 0.000000e+00 0.000000e+00 9.999232e-01 7.675664e-05
 0.000000e+00 0.000000e+00 0.000000e+00 0.000000e+00 0.000000e+00 0.000000e+00 0.000000e+00
<ENDHMM>
~h "SegundoESO"
<BEGINHMM>
<NUMSTATES> 7
<STATE> 2
<NUMMIXES> 5
<MIXTURE> 1 1.101091e-01
<MEAN> 6
 8.850044e+01 -1.175991e+03 1.995483e+03 -2.150970e+00 -3.842698e+01 -7.096925e+01
<VARIANCE> 6
 1.454582e+02 3.701598e+07 2.465295e+07 2.923330e+02 3.775264e+04 4.880768e+07
<GCONST> 8.437453e+01
<MIXTURE> 2 1.514046e-01
<MEAN> 6
 1.287248e+01 -2.373214e+02 5.392744e+02 -4.704919e+01 6.870087e+01 1.208880e+03
<VARIANCE> 6
 3.012268e+03 2.356809e+07 6.244832e+06 4.303790e+04 1.164084e+06 2.712640e+08
<GCONST> 9.571626e+01
<MIXTURE> 3 2.760115e-01
<MEAN> 6
 -3.743354e+01 2.494414e+02 4.040843e+02 2.254660e+01 4.570995e+02 -5.878522e+02
<VARIANCE> 6
 7.310176e+02 2.362217e+06 5.155844e+06 2.451803e+04 2.241914e+05 4.880768e+07
<GCONST> 8.788327e+01
<MIXTURE> 4 2.545187e-01
<MEAN> 6
 6.432818e+01 3.333993e+01 3.213899e+02 8.993250e+00 -4.993223e+02 -1.761650e+01
<VARIANCE> 6
 7.238908e+02 2.127158e+06 5.650488e+06 3.105622e+04 1.608341e+05 4.880768e+07
<GCONST> 8.776454e+01
<MIXTURE> 5 2.077276e-01
<MEAN> 6
 7.558498e+01 4.874795e+02 -1.514503e+03 -7.496589e-01 -2.655430e+01 -1.037459e+02
<VARIANCE> 6
 1.044794e+02 8.479958e+05 1.093229e+07 2.923330e+02 3.775264e+04 4.880768e+07
<GCONST> 7.945422e+01
<STATE> 3
<NUMMIXES> 5
<MIXTURE> 1 3.117425e-01
<MEAN> 6
 8.166755e+01 2.088370e+01 -8.037689e+02 -3.920791e+00 -3.166294e-02 3.000754e+01
<VARIANCE> 6
 1.055791e+02 9.635600e+04 4.485037e+06 2.923330e+02 3.775264e+04 4.880768e+07
<GCONST> 7.639889e+01
<MIXTURE> 2 1.100073e-01
<MEAN> 6
 8.756535e+01 -1.785904e+03 3.728229e+02 -2.902079e-01 -4.065714e+00 -1.289353e+02
<VARIANCE> 6
 3.141467e+01 1.926005e+05 4.173909e+04 2.923330e+02 3.775264e+04 4.880768e+07
<GCONST> 7.120221e+01
<MIXTURE> 3 1.679613e-01
<MEAN> 6
 6.757165e+01 -1.260123e+03 5.304180e+02 -8.340017e-01 -1.400819e+00 1.506033e+01
<VARIANCE> 6
 3.141467e+01 8.654904e+05 5.868994e+05 2.923330e+02 3.775264e+04 4.880768e+07
<GCONST> 7.534830e+01
<MIXTURE> 4 2.702563e-01
<MEAN> 6
 6.429590e+01 -2.192514e+03 -3.630381e+02 -2.787855e-01 -3.292958e+00 -1.130707e+02
<VARIANCE> 6
 6.529393e+01 2.780776e+05 5.249569e+04 2.923330e+02 3.775264e+04 4.880768e+07
<GCONST> 7.253041e+01
<MIXTURE> 5 1.399944e-01
<MEAN> 6
 9.233713e+01 -7.128945e+02 -5.441555e+03 -6.280704e+00 4.046056e+00 1.932218e+02
<VARIANCE> 6
 1.964570e+02 1.766695e+05 1.769692e+07 2.923330e+02 3.775264e+04 4.880768e+07
<GCONST> 7.899875e+01
<STATE> 4
<NUMMIXES> 5
<MIXTURE> 1 2.795361e-01
<MEAN> 6
 7.405461e+01 4.469680e+02 8.227551e+01 -3.470561e-01 -4.402052e+00 -7.391176e+01
<VARIANCE> 6
 3.141467e+01 8.306751e+04 3.783523e+05 2.923330e+02 3.775264e+04 4.880768e+07
<GCONST> 7.256563e+01
<MIXTURE> 2 1.617947e-01
<MEAN> 6
 6.153079e+01 1.892493e+03 -4.597455e+02 -1.728451e-01 -2.706338e+00 -1.068174e+02
<VARIANCE> 6
 3.141467e+01 3.284106e+05 1.971516e+05 2.923330e+02 3.775264e+04 4.880768e+07
<GCONST> 7.328839e+01
<MIXTURE> 3 2.036927e-01
<MEAN> 6
 6.357914e+01 2.203498e+02 -1.448667e+03 -7.551455e-01 -3.729588e+00 -1.192873e+02
<VARIANCE> 6
 3.141467e+01 1.881126e+05 1.384253e+05 2.923330e+02 3.775264e+04 4.880768e+07
<GCONST> 7.237753e+01
<MIXTURE> 4 1.661674e-01
<MEAN> 6
 7.257758e+01 4.843387e+02 -2.133215e+02 -3.922075e-01 -4.053406e+00 -8.791784e+01
<VARIANCE> 6
 3.141467e+01 1.214502e+05 1.820977e+05 2.923330e+02 3.775264e+04 4.880768e+07
<GCONST> 7.221420e+01
<MIXTURE> 5 1.887092e-01
<MEAN> 6
 7.236694e+01 2.858273e+02 -4.364062e+02 -4.401721e-01 -3.084137e+00 -1.010447e+02
<VARIANCE> 6
 3.141467e+01 6.426832e+04 7.343270e+04 2.923330e+02 3.775264e+04 4.880768e+07
<GCONST> 7.066959e+01
<STATE> 5
<NUMMIXES> 5
<MIXTURE> 1 1.437484e-01
<MEAN> 6
 6.845081e+01 -3.795768e+02 2.374313e+02 -2.567042e-01 -6.675251e+00 -1.204918e+02
<VARIANCE> 6
 3.559371e+01 5.237641e+04 2.927875e+04 2.923330e+02 3.775264e+04 4.880768e+07
<GCONST> 6.967036e+01
<MIXTURE> 2 2.848326e-01
<MEAN> 6
 5.980084e+01 5.182811e+01 3.863373e+01 6.919632e-02 -3.906356e+00 -1.555641e+02
<VARIANCE> 6
 3.141467e+01 1.278714e+05 8.255853e+04 2.923330e+02 3.775264e+04 4.880768e+07
<GCONST> 7.147469e+01
<MIXTURE> 3 2.082468e-01
<MEAN> 6
 6.015880e+01 5.616325e+01 -8.423639e+01 5.004098e-01 -4.287518e+00 -1.685070e+02
<VARIANCE> 6
 3.141467e+01 2.113460e+05 2.246188e+04 2.923330e+02 3.775264e+04 4.880768e+07
<GCONST> 7.067547e+01
<MIXTURE> 4 1.592183e-01
<MEAN> 6
 8.074630e+01 -8.074514e+02 1.130744e+02 -1.520098e-01 -5.121406e+00 -1.271443e+02
<VARIANCE> 6
 3.832056e+01 1.426820e+04 1.908843e+04 2.923330e+02 3.775264e+04 4.880768e+07
<GCONST> 6.801598e+01
<MIXTURE> 5 2.039157e-01
<MEAN> 6
 5.967510e+01 -2.277828e+02 -2.842095e+02 -7.845368e-02 -2.524513e+00 -1.149336e+02
<VARIANCE> 6
 3.141467e+01 1.056288e+05 7.998162e+04 2.923330e+02 3.775264e+04 4.880768e+07
<GCONST> 7.125188e+01
<STATE> 6
<NUMMIXES> 5
<MIXTURE> 1 1.831584e-01
<MEAN> 6
 -2.822312e+01 1.084072e+02 1.098596e+02 1.729135e+01 4.976379e+02 -5.318694e+02
<VARIANCE> 6
 6.101750e+02 2.690426e+05 1.997295e+05 2.506243e+04 2.986773e+05 8.058302e+07
<GCONST> 8.308939e+01
<MIXTURE> 2 1.824310e-01
<MEAN> 6
 7.705084e+01 7.801111e+01 -3.733135e+01 -7.523804e-01 -6.762009e+01 -3.966895e+01
<VARIANCE> 6
 1.930374e+02 8.998186e+05 5.714562e+05 1.046297e+03 3.775264e+04 4.880768e+07
<GCONST> 7.845126e+01
<MIXTURE> 3 1.391322e-01
<MEAN> 6
 1.658240e+01 -1.013233e+02 2.080866e+02 -6.915858e+01 -8.725508e+00 2.530839e+03
<VARIANCE> 6
 2.956504e+03 2.173199e+06 1.640508e+06 3.728011e+04 1.661662e+06 5.044051e+08
<GCONST> 9.280969e+01
<MIXTURE> 4 3.146437e-01
<MEAN> 6
 5.197790e+01 1.937837e+01 4.822791e+01 6.071440e+00 -4.655262e+02 -1.564634e+02
<VARIANCE> 6
 5.707765e+02 5.859147e+05 1.881877e+05 2.901900e+04 1.725522e+05 5.315888e+07
<GCONST> 8.292334e+01
<MIXTURE> 5 1.799185e-01
<MEAN> 6
 -2.918328e+01 -1.099414e+02 -5.628675e+01 2.724679e+01 3.862588e+02 -9.598918e+02
<VARIANCE> 6
 6.062481e+02 2.984591e+05 2.745404e+05 2.012452e+04 1.793485e+05 5.996356e+07
<GCONST> 8.247982e+01
<TRANSP> 7
 0.000000e+00 1.000000e+00 0.000000e+00 0.000000e+00 0.000000e+00 0.000000e+00 0.000000e+00
 0.000000e+00 9.997767e-01 2.233338e-04 0.000000e+00 0.000000e+00 0.000000e+00 0.000000e+00
 0.000000e+00 0.000000e+00 9.988354e-01 1.164567e-03 0.000000e+00 0.000000e+00 0.000000e+00
 0.000000e+00 0.000000e+00 0.000000e+00 9.994351e-01 5.649574e-04 0.000000e+00 0.000000e+00
 0.000000e+00 0.000000e+00 0.000000e+00 0.000000e+00 9.993581e-01 6.418539e-04 0.000000e+00
 0.000000e+00 0.000000e+00 0.000000e+00 0.000000e+00 0.000000e+00 9.999459e-01 5.409024e-05
 0.000000e+00 0.000000e+00 0.000000e+00 0.000000e+00 0.000000e+00 0.000000e+00 0.000000e+00
<ENDHMM>
~h "QuintoPRIMARIA"
<BEGINHMM>
<NUMSTATES> 7
<STATE> 2
<NUMMIXES> 5
<MIXTURE> 1 2.252600e-01
<MEAN> 6
 7.541751e+01 4.676111e+01 3.428874e+01 -7.778715e-01 -4.472240e+01 -1.820852e+02
<VARIANCE> 6
 1.763477e+02 1.005345e+06 1.506233e+06 2.923330e+02 3.775264e+04 4.880768e+07
<GCONST> 7.816579e+01
<MIXTURE> 2 3.051491e-01
<MEAN> 6
 5.593118e+00 3.141975e+02 1.654841e+02 -3.349835e+01 2.771186e+01 4.810437e+02
<VARIANCE> 6
 3.180191e+03 1.867166e+06 3.693463e+06 4.097436e+04 8.727776e+05 1.659684e+08
<GCONST> 9.188141e+01
<MIXTURE> 3 3.351310e-01
<MEAN> 6
 -1.599734e+00 -2.248572e+02 1.214478e+02 4.798125e+01 2.257385e+01 -9.876843e+02
<VARIANCE> 6
 3.195974e+03 4.541067e+05 1.104330e+06 2.748785e+04 4.504830e+05 4.880768e+07
<GCONST> 8.698072e+01
<MIXTURE> 4 6.153243e-02
<MEAN> 6
 2.507266e+01 -9.044123e+02 -6.356501e+02 -8.275978e+01 -6.720773e+01 3.591291e+03
<VARIANCE> 6
 3.924893e+03 1.191456e+07 3.915865e+06 5.224970e+04 3.912674e+06 1.590700e+09
<GCONST> 9.800713e+01
<MIXTURE> 5 7.195395e-02
<MEAN> 6
 6.946423e+01 -3.975252e+02 -2.097804e+03 -1.130737e-01 -2.327791e+01 -2.287292e+01
<VARIANCE> 6
 2.538421e+02 1.348572e+06 1.190116e+07 2.923330e+02 3.775264e+04 4.880768e+07
<GCONST> 8.089079e+01
<STATE> 3
<NUMMIXES> 5
<MIXTURE> 1 1.966714e-01
<MEAN> 6
 8.906064e+01 -1.836759e+03 3.129752e+03 -3.370976e+00 -1.991628e+00 7.937805e+01
<VARIANCE> 6
 1.222219e+02 2.019898e+06 1.917602e+05 2.923330e+02 3.775264e+04 4.880768e+07
<GCONST> 7.643576e+01
<MIXTURE> 2 2.645006e-01
<MEAN> 6
 7.841456e+01 9.974771e+02 1.929786e+03 -1.754041e+00 -5.023330e+00 1.859952e+02
<VARIANCE> 6
 3.621626e+02 5.762188e+05 6.599595e+05 2.923330e+02 3.775264e+04 4.880768e+07
<GCONST> 7.750363e+01
<MIXTURE> 3 2.561787e-01
<MEAN> 6
 7.042986e+01 1.081501e+03 -2.637914e+02 -1.747175e+00 -5.545807e+00 5.393422e+01
<VARIANCE> 6
 9.286201e+01 9.715962e+04 3.507958e+05 2.923330e+02 3.775264e+04 4.880768e+07
<GCONST> 7.373055e+01
<MIXTURE> 4 1.192615e-01
<MEAN> 6
 7.078828e+01 2.254174e+02 4.182828e+02 -5.934439e-01 -8.408871e-01 -8.149516e+01
<VARIANCE> 6
 3.141467e+01 5.544532e+05 1.776922e+05 2.923330e+02 3.775264e+04 4.880768e+07
<GCONST> 7.370819e+01
<MIXTURE> 5 1.633704e-01
<MEAN> 6
 6.350574e+01 -5.258302e+02 3.633564e+02 5.524614e-01 -2.088819e+00 -7.615471e+01
<VARIANCE> 6
 3.857333e+01 3.092001e+05 1.834551e+05 2.923330e+02 3.775264e+04 4.880768e+07
<GCONST> 7.336140e+01
<STATE> 4
<NUMMIXES> 5
<MIXTURE> 1 1.764377e-01
<MEAN> 6
 8.972273e+01 4.078297e+03 -6.174681e+02 -3.470512e+00 6.018976e+00 -8.179500e+00
<VARIANCE> 6
 5.254935e+02 2.263530e+06 6.648008e+04 2.923330e+02 3.775264e+04 4.880768e+07
<GCONST> 7.694880e+01
<MIXTURE> 2 1.928287e-01
<MEAN> 6
 1.023466e+02 6.104937e+02 -3.590668e+01 -3.702063e+00 -4.918752e-01 1.152540e+02
<VARIANCE> 6
 6.823496e+01 7.182994e+04 1.016093e+05 2.923330e+02 3.775264e+04 4.880768e+07
<GCONST> 7.188127e+01
<MIXTURE> 3 3.105408e-01
<MEAN> 6
 8.616308e+01 4.671914e+02 -2.726091e+02 -2.122965e+00 -3.462369e+00 -1.989470e+01
<VARIANCE> 6
 1.481164e+02 1.453680e+04 1.646308e+05 2.923330e+02 3.775264e+04 4.880768e+07
<GCONST> 7.154126e+01
<MIXTURE> 4 1.599123e-01
<MEAN> 6
 8.149500e+01 4.829019e+02 -8.680530e+02 -1.062212e+00 -4.541861e+00 -7.585633e+01
<VARIANCE> 6
 4.874014e+01 2.588439e+04 1.283898e+05 2.923330e+02 3.775264e+04 4.880768e+07
<GCONST> 7.075809e+01
<MIXTURE> 5 1.602341e-01
<MEAN> 6
 8.414860e+01 4.300185e+02 -1.030774e+03 -1.464236e+00 -2.924762e+00 -6.448396e+01
<VARIANCE> 6
 7.191955e+01 2.173171e+04 1.041783e+05 2.923330e+02 3.775264e+04 4.880768e+07
<GCONST> 7.076330e+01
<STATE> 5
<NUMMIXES> 5
<MIXTURE> 1 5.045561e-02
<MEAN> 6
 8.167405e+01 2.701052e+02 -1.529440e+03 -2.890307e+00 3.150430e-01 1.705951e+01
<VARIANCE> 6
 3.141467e+01 6.604540e+05 3.308167e+05 2.923330e+02 3.775264e+04 4.880768e+07
<GCONST> 7.450465e+01
<MIXTURE> 2 2.119664e-01
<MEAN> 6
 7.094099e+01 2.878491e+01 1.595893e+02 5.476571e-02 -3.067390e+00 -1.269431e+02
<VARIANCE> 6
 1.006103e+02 1.917290e+04 5.835204e+04 2.923330e+02 3.775264e+04 4.880768e+07
<GCONST> 7.039413e+01
<MIXTURE> 3 2.062431e-01
<MEAN> 6
 7.146471e+01 -4.017346e+01 1.880019e+01 -2.131937e-01 -2.572525e+00 -1.008119e+02
<VARIANCE> 6
 1.113286e+02 4.375813e+04 6.911365e+04 2.923330e+02 3.775264e+04 4.880768e+07
<GCONST> 7.148979e+01
<MIXTURE> 4 3.302327e-01
<MEAN> 6
 6.184881e+01 -7.962428e+01 -2.809617e+02 3.319768e-02 -2.966089e+00 -1.335637e+02
<VARIANCE> 6
 3.141467e+01 2.492488e+04 9.350820e+04 2.923330e+02 3.775264e+04 4.880768e+07
<GCONST> 6.996407e+01
<MIXTURE> 5 2.010646e-01
<MEAN> 6
 7.394297e+01 -6.756342e+01 3.471378e+00 -3.103386e-01 -3.133704e+00 -8.766574e+01
<VARIANCE> 6
 1.013320e+02 3.131635e+04 7.005931e+04 2.923330e+02 3.775264e+04 4.880768e+07
<GCONST> 7.107476e+01
<STATE> 6
<NUMMIXES> 5
<MIXTURE> 1 2.980459e-01
<MEAN> 6
 5.195382e+01 -1.442375e+01 -1.785386e+01 1.363012e+01 -3.493082e+01 -1.278168e+02
<VARIANCE> 6
 2.386209e+03 2.506041e+05 2.185955e+05 7.418591e+03 5.670425e+04 4.880768e+07
<GCONST> 8.109208e+01
<MIXTURE> 2 1.762999e-02
<MEAN> 6
 2.271276e+00 -1.273560e+02 2.642807e+02 2.786654e+01 -3.422532e+02 3.067909e+03
<VARIANCE> 6
 1.212809e+04 1.625671e+06 2.494796e+06 1.717247e+06 9.570842e+08 1.412147e+12
<GCONST> 1.124735e+02
<MIXTURE> 3 2.483398e-01
<MEAN> 6
 1.533273e+01 -8.616297e+01 1.013075e+02 -3.933929e+01 6.830260e+01 1.408277e+03
<VARIANCE> 6
 3.487101e+03 5.917857e+05 7.169276e+05 4.337825e+04 1.586661e+06 5.361884e+08
<GCONST> 9.101258e+01
<MIXTURE> 4 2.204022e-01
<MEAN> 6
 9.383144e+00 1.841971e+01 4.353477e+01 4.535669e+01 1.625758e+02 -5.070050e+02
<VARIANCE> 6
 2.864612e+03 5.920315e+04 4.421866e+04 2.124671e+04 3.793691e+05 4.880768e+07
<GCONST> 8.118671e+01
<MIXTURE> 5 2.151436e-01
<MEAN> 6
 2.970108e+01 -2.325300e+01 -3.814817e+01 -1.973483e+01 -1.654500e+02 -1.081411e+03
<VARIANCE> 6
 2.458137e+03 6.450393e+04 5.693506e+04 3.070198e+04 5.847442e+05 9.007248e+07
<GCONST> 8.278571e+01
<TRANSP> 7
 0.000000e+00 1.000000e+00 0.000000e+00 0.000000e+00 0.000000e+00 0.000000e+00 0.000000e+00
 0.000000e+00 9.999091e-01 9.092529e-05 0.000000e+00 0.000000e+00 0.000000e+00 0.000000e+00
 0.000000e+00 0.000000e+00 9.991119e-01 8.881320e-04 0.000000e+00 0.000000e+00 0.000000e+00
 0.000000e+00 0.000000e+00 0.000000e+00 9.987152e-01 1.284825e-03 0.000000e+00 0.000000e+00
 0.000000e+00 0.000000e+00 0.000000e+00 0.000000e+00 9.994843e-01 5.157101e-04 0.000000e+00
 0.000000e+00 0.000000e+00 0.000000e+00 0.000000e+00 0.000000e+00 9.999226e-01 7.735489e-05
 0.000000e+00 0.000000e+00 0.000000e+00 0.000000e+00 0.000000e+00 0.000000e+00 0.000000e+00
<ENDHMM>
