~o
<STREAMINFO> 1 6
<VECSIZE> 6<NULLD><USER><DIAGC>
~h "SegundoPRIMARIA"
<BEGINHMM>
<NUMSTATES> 7
<STATE> 2
<NUMMIXES> 12
<MIXTURE> 1 9.127486e-02
<MEAN> 6
 9.547103e+01 -4.413713e+02 1.516009e+03 -5.393504e+00 -2.800105e+01 -1.928419e+02
<VARIANCE> 6
 2.938585e+02 1.512098e+05 2.235532e+06 2.998339e+02 4.032245e+04 5.181961e+07
<GCONST> 7.732794e+01
<MIXTURE> 2 3.649026e-02
<MEAN> 6
 3.147887e+01 7.570793e+02 -6.101033e+02 -1.148564e+02 -1.859020e+02 8.682714e+03
<VARIANCE> 6
 4.223172e+03 2.060249e+07 2.013492e+06 6.856197e+04 4.027682e+06 2.564647e+09
<GCONST> 9.874119e+01
<MIXTURE> 3 5.351686e-02
<MEAN> 6
 5.479883e+01 -1.658736e+03 5.365028e+02 6.307436e+00 -4.407598e+00 -2.603402e+02
<VARIANCE> 6
 4.409166e+03 3.869147e+07 9.359606e+05 9.815858e+03 1.166386e+05 5.181961e+07
<GCONST> 8.926103e+01
<MIXTURE> 4 1.001640e-01
<MEAN> 6
 -3.857491e+01 1.904435e+02 -1.860539e+02 -6.415682e+01 1.055954e+03 -2.475109e+02
<VARIANCE> 6
 7.548635e+02 4.010882e+05 2.043483e+06 5.999445e+04 7.776433e+05 4.681953e+08
<GCONST> 8.961633e+01
<MIXTURE> 5 1.291721e-01
<MEAN> 6
 3.517091e+01 1.586172e+01 -1.050520e+02 8.743932e+01 -2.335248e+02 -1.379390e+03
<VARIANCE> 6
 9.382131e+02 2.567443e+05 1.125256e+06 4.254598e+04 1.470007e+05 5.181961e+07
<GCONST> 8.458041e+01
<MIXTURE> 6 7.183662e-02
<MEAN> 6
 7.880724e+01 9.708229e+02 -7.910051e+02 2.801256e+00 -5.198551e+01 -8.964060e+01
<VARIANCE> 6
 2.678614e+02 4.086554e+05 7.918563e+05 2.998339e+02 4.032245e+04 5.181961e+07
<GCONST> 7.719167e+01
<MIXTURE> 7 7.625740e-02
<MEAN> 6
 8.281382e+01 9.244656e+01 6.811574e+01 1.166749e+01 -7.452682e+02 -8.547430e+01
<VARIANCE> 6
 5.874456e+02 4.693561e+05 1.990918e+06 2.569481e+04 5.655481e+05 2.152502e+08
<GCONST> 8.755318e+01
<MIXTURE> 8 8.827986e-02
<MEAN> 6
 -7.214980e+01 9.431499e+01 -4.152735e+02 -6.142912e+00 1.477528e+02 3.394703e+02
<VARIANCE> 6
 2.493645e+02 3.248858e+05 1.311468e+06 7.679330e+02 5.999443e+04 5.181961e+07
<GCONST> 7.873306e+01
<MIXTURE> 9 7.060121e-02
<MEAN> 6
 6.342677e+01 -5.757712e+02 1.496548e+03 -3.774412e-02 -3.638188e+00 -1.470971e+02
<VARIANCE> 6
 4.601128e+01 1.473121e+05 4.171458e+05 2.998339e+02 4.032245e+04 5.181961e+07
<GCONST> 7.376881e+01
<MIXTURE> 10 1.021541e-01
<MEAN> 6
 7.342132e+01 2.410177e+02 -8.516812e+02 7.360604e-01 -2.545279e+01 -1.809973e+02
<VARIANCE> 6
 1.445166e+02 3.656515e+04 1.451173e+06 2.998339e+02 4.032245e+04 5.181961e+07
<GCONST> 7.476656e+01
<MIXTURE> 11 1.054562e-01
<MEAN> 6
 -5.645981e+01 -9.121244e+01 6.411537e+01 6.357270e+01 6.352059e+02 -6.289418e+02
<VARIANCE> 6
 4.920147e+02 1.747854e+05 1.736729e+06 1.807214e+04 1.433354e+05 7.505362e+07
<GCONST> 8.347338e+01
<MIXTURE> 12 7.457396e-02
<MEAN> 6
 6.229079e+01 -3.448130e+01 -1.248016e+02 -1.011902e+02 -1.097529e+03 -1.970590e+02
<VARIANCE> 6
 8.008216e+02 3.219934e+05 2.066043e+06 4.937207e+04 4.351641e+05 2.095076e+08
<GCONST> 8.788722e+01
<STATE> 3
<NUMMIXES> 12
<MIXTURE> 1 8.725029e-02
<MEAN> 6
 7.477991e+01 9.192278e+01 -3.137171e+02 -4.293908e-01 -4.142980e+00 -1.205139e+02
<VARIANCE> 6
 3.179780e+01 1.280424e+04 1.446404e+04 2.998339e+02 4.032245e+04 5.181961e+07
<GCONST> 6.759479e+01
<MIXTURE> 2 7.106370e-02
<MEAN> 6
 8.495924e+01 4.786784e+01 -6.516849e+02 -1.089107e+00 9.437398e-01 -1.458856e+02
<VARIANCE> 6
 5.157581e+01 1.924363e+04 4.327762e+04 2.998339e+02 4.032245e+04 5.181961e+07
<GCONST> 6.958182e+01
<MIXTURE> 3 1.347785e-01
<MEAN> 6
 8.976386e+01 -4.891945e+02 -5.568544e+02 -8.413333e-01 -4.811105e+00 -7.743201e-01
<VARIANCE> 6
 1.537010e+02 2.234677e+04 1.446404e+04 2.998339e+02 4.032245e+04 5.181961e+07
<GCONST> 6.972729e+01
<MIXTURE> 4 7.344154e-02
<MEAN> 6
 6.551653e+01 8.373874e+02 -1.340059e+02 -3.476079e-01 -1.330284e+00 -1.602524e+02
<VARIANCE> 6
 3.179780e+01 3.265067e+04 1.446404e+04 2.998339e+02 4.032245e+04 5.181961e+07
<GCONST> 6.853087e+01
<MIXTURE> 5 1.049078e-01
<MEAN> 6
 6.849169e+01 7.063359e+00 -9.432804e+02 -9.803014e-01 -6.236035e+00 -1.270790e+02
<VARIANCE> 6
 3.179780e+01 1.280424e+04 2.006360e+04 2.998339e+02 4.032245e+04 5.181961e+07
<GCONST> 6.792203e+01
<MIXTURE> 6 3.377440e-02
<MEAN> 6
 6.627983e+01 1.211447e+02 -2.883224e+02 2.025960e+00 2.496174e+00 -1.418583e+02
<VARIANCE> 6
 3.179780e+01 2.703553e+04 1.446404e+04 2.998339e+02 4.032245e+04 5.181961e+07
<GCONST> 6.834216e+01
<MIXTURE> 7 7.198649e-02
<MEAN> 6
 6.598183e+01 -4.271811e+01 -2.450973e+02 8.700877e-01 1.798242e+00 -1.017629e+02
<VARIANCE> 6
 3.179780e+01 1.280424e+04 1.446404e+04 2.998339e+02 4.032245e+04 5.181961e+07
<GCONST> 6.759479e+01
<MIXTURE> 8 1.034595e-01
<MEAN> 6
 5.949170e+01 -4.366152e+02 -2.864983e+02 3.707260e-01 -1.741327e+00 -2.756593e+01
<VARIANCE> 6
 3.179780e+01 1.280424e+04 3.883715e+04 2.998339e+02 4.032245e+04 5.181961e+07
<GCONST> 6.858249e+01
<MIXTURE> 9 7.386066e-02
<MEAN> 6
 7.152603e+01 -2.736608e+02 -1.065435e+03 -3.673889e-01 -7.356447e+00 -4.571962e+01
<VARIANCE> 6
 4.894064e+01 1.280424e+04 2.505038e+04 2.998339e+02 4.032245e+04 5.181961e+07
<GCONST> 6.857522e+01
<MIXTURE> 10 8.485391e-02
<MEAN> 6
 5.942441e+01 4.294475e+02 -1.968982e+02 6.632663e-01 -3.361059e+00 -1.282478e+02
<VARIANCE> 6
 5.691805e+01 1.280424e+04 1.446404e+04 2.998339e+02 4.032245e+04 5.181961e+07
<GCONST> 6.817700e+01
<MIXTURE> 11 8.801607e-02
<MEAN> 6
 7.522968e+01 7.656197e+01 -3.242622e+02 -4.021526e-01 -4.180115e+00 -1.333589e+02
<VARIANCE> 6
 3.179780e+01 1.280424e+04 1.446404e+04 2.998339e+02 4.032245e+04 5.181961e+07
<GCONST> 6.759479e+01
<MIXTURE> 12 7.253976e-02
<MEAN> 6
 6.535624e+01 -6.958636e+01 -2.657612e+02 9.333460e-01 9.896950e-01 -9.878758e+01
<VARIANCE> 6
 3.179780e+01 1.280424e+04 1.446404e+04 2.998339e+02 4.032245e+04 5.181961e+07
<GCONST> 6.759479e+01
<STATE> 4
<NUMMIXES> 12
<MIXTURE> 1 2.566964e-02
<MEAN> 6
 1.063271e+02 1.767912e+03 4.977706e+02 -4.137168e+00 -1.483703e+00 1.259825e+01
<VARIANCE> 6
 3.179780e+01 7.935431e+04 3.394311e+04 2.998339e+02 4.032245e+04 5.181961e+07
<GCONST> 7.027195e+01
<MIXTURE> 2 7.910790e-02
<MEAN> 6
 7.833360e+01 3.594004e+02 9.450621e+01 2.238581e+00 -4.128530e+00 1.081569e+01
<VARIANCE> 6
 3.179780e+01 1.414021e+04 1.446404e+04 2.998339e+02 4.032245e+04 5.181961e+07
<GCONST> 6.769403e+01
<MIXTURE> 3 8.483434e-02
<MEAN> 6
 7.412656e+01 3.980201e+01 1.318506e+02 -5.022889e-02 -5.096464e+00 -1.456236e+02
<VARIANCE> 6
 3.179780e+01 1.280424e+04 1.446404e+04 2.998339e+02 4.032245e+04 5.181961e+07
<GCONST> 6.759479e+01
<MIXTURE> 4 1.106886e-01
<MEAN> 6
 9.219814e+01 1.129535e+01 7.756076e+01 -8.678521e-01 -3.604315e+00 -9.956593e+01
<VARIANCE> 6
 3.179780e+01 1.978273e+04 1.446404e+04 2.998339e+02 4.032245e+04 5.181961e+07
<GCONST> 6.802982e+01
<MIXTURE> 5 1.090819e-01
<MEAN> 6
 6.903541e+01 -2.856081e+02 2.853326e+02 2.904931e-02 -1.509481e+00 -9.650008e+01
<VARIANCE> 6
 3.195424e+01 4.499627e+04 1.446404e+04 2.998339e+02 4.032245e+04 5.181961e+07
<GCONST> 6.885649e+01
<MIXTURE> 6 9.439354e-02
<MEAN> 6
 9.172618e+01 8.644790e+02 2.329194e+02 -2.530728e+00 -1.064743e+00 -7.619137e+01
<VARIANCE> 6
 4.183047e+01 3.405278e+04 1.446404e+04 2.998339e+02 4.032245e+04 5.181961e+07
<GCONST> 6.884715e+01
<MIXTURE> 7 6.465574e-02
<MEAN> 6
 8.851707e+01 3.909824e+01 5.020828e+02 -1.568728e+00 5.943485e-01 -6.904852e+01
<VARIANCE> 6
 3.179780e+01 7.836342e+04 1.446404e+04 2.998339e+02 4.032245e+04 5.181961e+07
<GCONST> 6.940636e+01
<MIXTURE> 8 1.364756e-01
<MEAN> 6
 7.077267e+01 -1.227702e+02 9.896772e+01 5.070649e-01 3.050711e+00 -1.758951e+02
<VARIANCE> 6
 3.179780e+01 1.684053e+04 1.446404e+04 2.998339e+02 4.032245e+04 5.181961e+07
<GCONST> 6.786880e+01
<MIXTURE> 9 8.967429e-02
<MEAN> 6
 8.945809e+01 -6.770611e+01 -5.547653e+01 -1.116017e+00 -7.802079e-01 -8.682821e+01
<VARIANCE> 6
 3.832523e+01 4.163554e+04 1.446404e+04 2.998339e+02 4.032245e+04 5.181961e+07
<GCONST> 6.896068e+01
<MIXTURE> 10 5.889906e-02
<MEAN> 6
 8.347809e+01 6.170770e+02 4.010388e+02 -3.211483e-01 -1.030159e+00 -2.556400e+01
<VARIANCE> 6
 3.179780e+01 5.027599e+04 1.446404e+04 2.998339e+02 4.032245e+04 5.181961e+07
<GCONST> 6.896254e+01
<MIXTURE> 11 8.268832e-02
<MEAN> 6
 7.341685e+01 1.623224e+01 1.130328e+02 6.957148e-02 -2.478954e+00 -1.531808e+02
<VARIANCE> 6
 3.179780e+01 1.280424e+04 1.446404e+04 2.998339e+02 4.032245e+04 5.181961e+07
<GCONST> 6.759479e+01
<MIXTURE> 12 6.373520e-02
<MEAN> 6
 8.681889e+01 -8.822124e+01 4.152878e+02 -1.600913e+00 1.568588e+00 5.541242e+00
<VARIANCE> 6
 3.179780e+01 1.483422e+05 1.446404e+04 2.998339e+02 4.032245e+04 5.181961e+07
<GCONST> 7.004453e+01
<STATE> 5
<NUMMIXES> 12
<MIXTURE> 1 8.197035e-02
<MEAN> 6
 9.520029e+01 -1.498786e+03 7.427273e+02 -1.333183e+00 2.461267e+00 -2.230776e+02
<VARIANCE> 6
 5.107787e+01 4.175859e+04 2.137366e+04 2.998339e+02 4.032245e+04 5.181961e+07
<GCONST> 6.964136e+01
<MIXTURE> 2 6.264126e-02
<MEAN> 6
 7.930281e+01 2.393010e+03 -2.097555e+02 -1.319399e+00 -2.240992e+00 -1.755389e+02
<VARIANCE> 6
 3.179780e+01 2.757845e+05 1.446404e+04 2.998339e+02 4.032245e+04 5.181961e+07
<GCONST> 7.066463e+01
<MIXTURE> 3 6.829160e-02
<MEAN> 6
 7.517046e+01 -1.045167e+03 1.905049e+02 6.314913e-01 1.589224e+01 -1.112129e+02
<VARIANCE> 6
 3.179780e+01 1.283084e+04 9.616241e+04 2.998339e+02 4.032245e+04 5.181961e+07
<GCONST> 6.949123e+01
<MIXTURE> 4 6.289089e-02
<MEAN> 6
 8.818423e+01 1.098227e+03 -1.239902e+03 -1.553851e+00 -3.655236e-01 2.237949e+00
<VARIANCE> 6
 3.179780e+01 1.356634e+04 3.455778e+05 2.998339e+02 4.032245e+04 5.181961e+07
<GCONST> 7.082615e+01
<MIXTURE> 5 5.078118e-02
<MEAN> 6
 8.746777e+01 8.084236e+02 1.115900e+03 -4.893120e+00 9.526150e-01 4.490258e+01
<VARIANCE> 6
 3.398326e+01 5.529718e+04 1.446404e+04 2.998339e+02 4.032245e+04 5.181961e+07
<GCONST> 6.912420e+01
<MIXTURE> 6 6.115767e-02
<MEAN> 6
 8.605871e+01 -1.703883e+02 -2.983608e+03 -5.440076e+00 -4.674702e-01 1.152133e+02
<VARIANCE> 6
 8.603450e+01 2.003741e+04 5.180070e+04 2.998339e+02 4.032245e+04 5.181961e+07
<GCONST> 7.031370e+01
<MIXTURE> 7 1.046821e-01
<MEAN> 6
 7.726934e+01 2.240044e+03 4.597640e+02 -2.232202e+00 -1.349841e+01 -1.682517e+02
<VARIANCE> 6
 3.179780e+01 5.266578e+05 1.446404e+04 2.998339e+02 4.032245e+04 5.181961e+07
<GCONST> 7.131155e+01
<MIXTURE> 8 9.444810e-02
<MEAN> 6
 6.661848e+01 -1.516738e+03 -6.880370e+02 2.475720e+00 -1.009464e+01 -7.959521e+01
<VARIANCE> 6
 1.150748e+02 8.356607e+04 1.446404e+04 2.998339e+02 4.032245e+04 5.181961e+07
<GCONST> 7.075684e+01
<MIXTURE> 9 1.090580e-01
<MEAN> 6
 1.002355e+02 -3.129330e+03 -1.171428e+02 -4.457543e+00 -3.277198e+00 -1.836521e+02
<VARIANCE> 6
 3.179780e+01 5.564787e+05 1.832950e+04 2.998339e+02 4.032245e+04 5.181961e+07
<GCONST> 7.160349e+01
<MIXTURE> 10 1.065887e-01
<MEAN> 6
 6.889307e+01 -8.476454e+02 -6.380058e+02 -2.114759e+00 2.772051e+00 -1.843380e+01
<VARIANCE> 6
 4.692156e+01 1.280424e+04 8.702440e+04 2.998339e+02 4.032245e+04 5.181961e+07
<GCONST> 6.977838e+01
<MIXTURE> 11 1.338480e-01
<MEAN> 6
 7.208459e+01 6.854285e+02 7.065925e+02 -6.513055e-01 -4.067161e+00 -1.156696e+02
<VARIANCE> 6
 3.179780e+01 1.125384e+05 1.446404e+04 2.998339e+02 4.032245e+04 5.181961e+07
<GCONST> 6.976830e+01
<MIXTURE> 12 6.363479e-02
<MEAN> 6
 8.841698e+01 1.031534e+03 -1.584813e+03 -9.820532e-01 -9.872331e+00 2.854824e+01
<VARIANCE> 6
 3.179780e+01 1.470636e+04 4.713323e+05 2.998339e+02 4.032245e+04 5.181961e+07
<GCONST> 7.121718e+01
<STATE> 6
<NUMMIXES> 12
<MIXTURE> 1 4.815969e-03
<MEAN> 6
 8.573038e+00 -4.385894e+02 1.535311e+01 3.831618e+01 -5.386828e+02 7.490201e+03
<VARIANCE> 6
 9.642919e+03 6.971636e+05 1.101996e+06 1.554580e+06 8.527656e+08 1.234811e+12
<GCONST> 1.102313e+02
<MIXTURE> 2 1.302845e-01
<MEAN> 6
 2.201141e+01 4.099573e+01 2.568333e+01 2.462454e+02 3.078949e+01 -3.255993e+03
<VARIANCE> 6
 8.422017e+02 2.190285e+05 1.069317e+05 6.999410e+03 2.449195e+05 6.802282e+07
<GCONST> 8.093781e+01
<MIXTURE> 3 6.620675e-02
<MEAN> 6
 3.843316e+01 2.211657e+01 1.136049e+02 -4.205392e+01 -1.830235e+02 4.171194e+03
<VARIANCE> 6
 5.363369e+03 1.191245e+06 1.085710e+06 7.037578e+04 5.348197e+06 3.013439e+09
<GCONST> 9.598309e+01
<MIXTURE> 4 6.691679e-02
<MEAN> 6
 9.871822e+01 1.808456e+02 -1.190194e+01 -4.887470e+00 -1.798781e+01 -2.552257e+02
<VARIANCE> 6
 5.339330e+02 1.084082e+06 3.729404e+05 2.998339e+02 4.032245e+04 5.181961e+07
<GCONST> 7.810413e+01
<MIXTURE> 5 1.253559e-01
<MEAN> 6
 -4.146060e+01 -2.939263e+01 3.523504e+00 -2.701278e+01 1.365876e+03 -1.285072e+03
<VARIANCE> 6
 3.663746e+02 1.852812e+05 9.876322e+04 4.509993e+04 5.961754e+05 4.054229e+08
<GCONST> 8.439640e+01
<MIXTURE> 6 1.019410e-01
<MEAN> 6
 7.995409e+01 -3.391616e+00 1.375690e+02 -2.599787e+01 -5.925536e+02 -6.160690e+02
<VARIANCE> 6
 3.567039e+02 7.606280e+04 2.054909e+05 2.362104e+04 1.641731e+05 5.181961e+07
<GCONST> 8.021849e+01
<MIXTURE> 7 7.571776e-02
<MEAN> 6
 -4.534700e+01 1.433154e+02 8.424001e+01 4.481262e+01 5.084526e+02 9.135059e+02
<VARIANCE> 6
 2.591152e+02 1.827272e+05 8.996405e+04 6.414257e+03 1.480049e+05 5.181961e+07
<GCONST> 7.854201e+01
<MIXTURE> 8 5.184620e-02
<MEAN> 6
 7.972715e+01 2.155669e+01 7.123179e+01 3.410320e+01 -1.034793e+03 -3.187265e+03
<VARIANCE> 6
 9.279933e+02 6.483437e+04 6.337850e+04 5.016666e+04 1.738286e+06 8.176130e+08
<GCONST> 8.571017e+01
<MIXTURE> 9 1.141236e-01
<MEAN> 6
 9.220474e+01 -1.130425e+02 -7.196435e+01 -4.120331e+00 -2.720139e+01 -2.211909e+02
<VARIANCE> 6
 2.185914e+02 1.595695e+05 9.505789e+04 2.998339e+02 4.032245e+04 5.181961e+07
<GCONST> 7.392812e+01
<MIXTURE> 10 9.809127e-02
<MEAN> 6
 9.235569e+01 -4.046717e+01 -2.743064e+01 -1.329984e+01 -7.831021e+02 -9.439758e+02
<VARIANCE> 6
 3.775198e+02 4.637184e+05 8.119024e+04 2.081263e+04 5.665014e+05 2.374479e+08
<GCONST> 8.378848e+01
<MIXTURE> 11 9.121773e-02
<MEAN> 6
 2.126069e+01 -2.577584e+01 4.781355e+01 -2.918716e+02 -2.747481e+02 6.630423e+03
<VARIANCE> 6
 6.626183e+02 1.317296e+05 1.564477e+05 8.992625e+03 5.786994e+05 2.039328e+08
<GCONST> 8.277844e+01
<MIXTURE> 12 7.264359e-02
<MEAN> 6
 -5.556280e+01 -4.790720e+01 -7.359132e+01 7.171179e+00 2.984403e+02 -2.965405e+02
<VARIANCE> 6
 2.954918e+02 2.214049e+05 1.584930e+05 2.143413e+03 1.344040e+05 5.181961e+07
<GCONST> 7.823916e+01
<TRANSP> 7
 0.000000e+00 1.000000e+00 0.000000e+00 0.000000e+00 0.000000e+00 0.000000e+00 0.000000e+00
 0.000000e+00 9.997741e-01 2.258925e-04 0.000000e+00 0.000000e+00 0.000000e+00 0.000000e+00
 0.000000e+00 0.000000e+00 9.993280e-01 6.719474e-04 0.000000e+00 0.000000e+00 0.000000e+00
 0.000000e+00 0.000000e+00 0.000000e+00 9.992694e-01 7.306042e-04 0.000000e+00 0.000000e+00
 0.000000e+00 0.000000e+00 0.000000e+00 0.000000e+00 9.987198e-01 1.280258e-03 0.000000e+00
 0.000000e+00 0.000000e+00 0.000000e+00 0.000000e+00 0.000000e+00 9.999469e-01 5.307952e-05
 0.000000e+00 0.000000e+00 0.000000e+00 0.000000e+00 0.000000e+00 0.000000e+00 0.000000e+00
<ENDHMM>
~h "SegundoESO"
<BEGINHMM>
<NUMSTATES> 7
<STATE> 2
<NUMMIXES> 12
<MIXTURE> 1 7.659246e-02
<MEAN> 6
 8.715445e+01 -2.044360e+03 9.910319e+01 -1.894603e+00 3.032391e-01 -1.771742e+02
<VARIANCE> 6
 4.548738e+01 1.135920e+06 1.841060e+05 2.998339e+02 4.032245e+04 5.181961e+07
<GCONST> 7.498209e+01
<MIXTURE> 2 9.351847e-02
<MEAN> 6
 7.233568e+01 6.496932e+02 7.995614e+02 6.513126e-01 -4.559032e+00 -9.409635e+01
<VARIANCE> 6
 3.179780e+01 1.280424e+04 5.444436e+05 2.998339e+02 4.032245e+04 5.181961e+07
<GCONST> 7.122289e+01
<MIXTURE> 3 7.563131e-02
<MEAN> 6
 5.952595e+01 2.272660e+03 -2.743832e+02 5.012254e-01 -3.539861e+00 -1.689092e+02
<VARIANCE> 6
 3.179780e+01 1.986367e+05 1.446404e+04 2.998339e+02 4.032245e+04 5.181961e+07
<GCONST> 7.033649e+01
<MIXTURE> 4 1.037488e-01
<MEAN> 6
 5.824884e+01 4.334336e+02 -3.157906e+03 1.164245e+00 1.100971e+00 -4.350775e+01
<VARIANCE> 6
 3.179780e+01 6.125217e+04 1.939337e+06 2.998339e+02 4.032245e+04 5.181961e+07
<GCONST> 7.405844e+01
<MIXTURE> 5 4.607401e-02
<MEAN> 6
 7.236394e+01 1.304185e+03 -1.433960e+03 5.875207e-01 -7.272624e+00 -7.705256e+01
<VARIANCE> 6
 3.179780e+01 3.264232e+05 2.542122e+06 2.998339e+02 4.032245e+04 5.181961e+07
<GCONST> 7.600229e+01
<MIXTURE> 6 1.156056e-01
<MEAN> 6
 6.398035e+01 1.112142e+03 -1.155184e+03 9.937392e-03 -2.422335e+00 -6.761828e+01
<VARIANCE> 6
 3.179780e+01 1.573217e+06 9.802722e+04 2.998339e+02 4.032245e+04 5.181961e+07
<GCONST> 7.431946e+01
<MIXTURE> 7 6.348336e-02
<MEAN> 6
 7.640378e+01 -6.327753e+01 1.283477e+03 -1.770652e+00 -2.552879e+00 -5.833896e+01
<VARIANCE> 6
 3.179780e+01 1.230955e+05 5.223640e+05 2.998339e+02 4.032245e+04 5.181961e+07
<GCONST> 7.344466e+01
<MIXTURE> 8 7.354821e-02
<MEAN> 6
 7.420049e+01 -4.760639e+01 -7.167813e+03 -1.311250e-01 -1.938870e+00 -5.329394e+01
<VARIANCE> 6
 3.179780e+01 1.779183e+05 4.697934e+06 2.998339e+02 4.032245e+04 5.181961e+07
<GCONST> 7.600954e+01
<MIXTURE> 9 7.549734e-02
<MEAN> 6
 7.763606e+01 3.207598e+02 6.067622e+01 -9.784012e-01 -1.316199e+00 -4.334090e+01
<VARIANCE> 6
 3.179780e+01 1.564756e+04 3.743402e+05 2.998339e+02 4.032245e+04 5.181961e+07
<GCONST> 7.104882e+01
<MIXTURE> 10 1.124603e-01
<MEAN> 6
 7.160439e+01 -5.704916e+01 -8.622316e+02 -2.045870e-01 -2.997617e+00 -9.051910e+01
<VARIANCE> 6
 5.173128e+01 1.280424e+04 2.999804e+06 2.998339e+02 4.032245e+04 5.181961e+07
<GCONST> 7.341609e+01
<MIXTURE> 11 8.611416e-02
<MEAN> 6
 6.592679e+01 -1.127805e+03 -5.473787e+02 5.473384e-02 -2.222783e-01 -1.324244e+02
<VARIANCE> 6
 3.619950e+01 1.249607e+06 3.427689e+04 2.998339e+02 4.032245e+04 5.181961e+07
<GCONST> 7.316805e+01
<MIXTURE> 12 7.761674e-02
<MEAN> 6
 7.683691e+01 2.751129e+02 -2.436541e+02 -8.029770e-01 -2.884354e+00 -6.806683e+01
<VARIANCE> 6
 3.179780e+01 2.323842e+04 2.762012e+05 2.998339e+02 4.032245e+04 5.181961e+07
<GCONST> 7.114027e+01
<STATE> 3
<NUMMIXES> 12
<MIXTURE> 1 7.756555e-02
<MEAN> 6
 7.392324e+01 -3.739686e+02 3.686620e+02 -2.950208e-01 -5.631131e+00 -8.136492e+01
<VARIANCE> 6
 3.179780e+01 1.280424e+04 1.615469e+05 2.998339e+02 4.032245e+04 5.181961e+07
<GCONST> 7.000791e+01
<MIXTURE> 2 9.104247e-02
<MEAN> 6
 6.910902e+01 9.439922e+02 1.128962e+02 -6.242654e-01 -6.161733e+00 -1.348980e+02
<VARIANCE> 6
 3.179780e+01 2.892925e+05 1.446404e+04 2.998339e+02 4.032245e+04 5.181961e+07
<GCONST> 7.071245e+01
<MIXTURE> 3 1.186975e-01
<MEAN> 6
 6.215586e+01 7.944888e+01 1.964220e+02 -2.347169e-01 -4.445312e+00 -1.352185e+02
<VARIANCE> 6
 3.179780e+01 6.334316e+04 1.545260e+04 2.998339e+02 4.032245e+04 5.181961e+07
<GCONST> 6.925969e+01
<MIXTURE> 4 7.773913e-02
<MEAN> 6
 8.205934e+01 -7.582788e+02 1.417238e+02 -2.799283e-01 -6.657061e+00 -8.635682e+01
<VARIANCE> 6
 3.179780e+01 1.412986e+04 2.608721e+04 2.998339e+02 4.032245e+04 5.181961e+07
<GCONST> 6.828308e+01
<MIXTURE> 5 1.121735e-01
<MEAN> 6
 5.860952e+01 3.171259e+01 -1.461459e+02 8.821054e-03 -5.524366e+00 -1.495578e+02
<VARIANCE> 6
 3.179780e+01 1.280424e+04 1.446404e+04 2.998339e+02 4.032245e+04 5.181961e+07
<GCONST> 6.759479e+01
<MIXTURE> 6 6.722527e-02
<MEAN> 6
 5.736217e+01 6.171351e+02 4.109245e+01 5.211546e-01 4.154940e+00 -6.941252e+01
<VARIANCE> 6
 3.179780e+01 4.767981e+04 1.446404e+04 2.998339e+02 4.032245e+04 5.181961e+07
<GCONST> 6.890952e+01
<MIXTURE> 7 1.345936e-02
<MEAN> 6
 5.059774e+01 1.337040e+02 4.373054e+02 5.784600e-01 -2.145096e+00 -2.384331e+02
<VARIANCE> 6
 3.179780e+01 5.878907e+04 4.878438e+05 2.998339e+02 4.032245e+04 5.181961e+07
<GCONST> 7.263730e+01
<MIXTURE> 8 1.250702e-01
<MEAN> 6
 6.561012e+01 4.526033e+02 -2.255275e+02 6.673953e-01 -4.793144e+00 -1.536279e+02
<VARIANCE> 6
 3.179780e+01 1.914411e+04 1.446404e+04 2.998339e+02 4.032245e+04 5.181961e+07
<GCONST> 6.799700e+01
<MIXTURE> 9 7.986057e-02
<MEAN> 6
 6.510526e+01 -9.620300e+01 9.786556e+01 -4.129249e-02 -5.955637e-01 -1.348463e+02
<VARIANCE> 6
 3.179780e+01 5.064199e+05 1.446404e+04 2.998339e+02 4.032245e+04 5.181961e+07
<GCONST> 7.127237e+01
<MIXTURE> 10 9.216055e-02
<MEAN> 6
 5.950298e+01 -2.485323e+02 -3.604864e+02 -4.115111e-02 -1.525872e-01 -4.984863e+01
<VARIANCE> 6
 3.179780e+01 5.486402e+04 2.835605e+04 2.998339e+02 4.032245e+04 5.181961e+07
<GCONST> 6.972304e+01
<MIXTURE> 11 7.894022e-02
<MEAN> 6
 6.684731e+01 -4.099918e+02 2.185495e+02 -5.325693e-01 -5.601701e+00 -1.086422e+02
<VARIANCE> 6
 3.377410e+01 1.280424e+04 3.521122e+04 2.998339e+02 4.032245e+04 5.181961e+07
<GCONST> 6.854478e+01
<MIXTURE> 12 6.591821e-02
<MEAN> 6
 8.149068e+01 -8.468401e+02 4.067389e+01 -7.671393e-01 -6.182704e+00 -1.242056e+02
<VARIANCE> 6
 3.179780e+01 7.203943e+04 2.750620e+04 2.998339e+02 4.032245e+04 5.181961e+07
<GCONST> 6.996497e+01
<STATE> 4
<NUMMIXES> 12
<MIXTURE> 1 8.421788e-02
<MEAN> 6
 6.660934e+01 1.000133e+02 -1.798794e+02 -4.195456e+01 -7.818215e+02 -9.891214e+03
<VARIANCE> 6
 6.929361e+01 4.453741e+05 6.568112e+05 7.307115e+02 4.899066e+04 5.334330e+07
<GCONST> 7.685310e+01
<MIXTURE> 2 7.567691e-02
<MEAN> 6
 -5.324798e+00 -4.067105e+02 -1.689073e+02 -3.884020e+02 2.248244e+02 2.670002e+04
<VARIANCE> 6
 5.141459e+02 1.057312e+07 3.441221e+06 5.317067e+03 1.675712e+06 8.351259e+08
<GCONST> 9.194846e+01
<MIXTURE> 3 1.135478e-01
<MEAN> 6
 5.201212e+01 1.563941e+02 -5.393554e+00 -1.760677e+02 -1.335733e+03 5.033516e+02
<VARIANCE> 6
 8.595060e+01 8.560918e+05 8.117162e+04 3.270922e+03 3.429222e+05 5.181961e+07
<GCONST> 7.904685e+01
<MIXTURE> 4 8.103619e-02
<MEAN> 6
 -1.832844e+01 -8.724448e+01 6.042205e+01 -3.331043e+02 7.685843e+02 2.168994e+04
<VARIANCE> 6
 1.995839e+02 5.949676e+05 1.029679e+05 2.967102e+03 6.017761e+05 2.984980e+08
<GCONST> 8.197919e+01
<MIXTURE> 5 6.591761e-02
<MEAN> 6
 -4.349485e+01 1.772334e+02 3.111003e+02 -1.983855e+02 1.902111e+03 1.936931e+03
<VARIANCE> 6
 1.922314e+02 1.527814e+05 2.977632e+05 5.224126e+03 3.504739e+05 2.244694e+08
<GCONST> 8.138412e+01
<MIXTURE> 6 6.718651e-02
<MEAN> 6
 4.644890e+01 1.432166e+02 -7.090400e+01 -2.685773e+02 -1.562955e+03 8.443814e+03
<VARIANCE> 6
 2.158017e+02 7.289253e+05 7.174725e+06 5.931606e+03 4.158748e+05 2.254312e+08
<GCONST> 8.654674e+01
<MIXTURE> 7 8.551405e-02
<MEAN> 6
 -5.441912e+01 3.541245e+02 -4.357628e+02 -1.398201e+02 2.519062e+03 -9.193077e+03
<VARIANCE> 6
 1.378062e+02 1.558955e+06 9.959320e+05 1.617125e+04 9.453725e+05 9.695094e+08
<GCONST> 8.816669e+01
<MIXTURE> 8 7.270680e-02
<MEAN> 6
 -3.238113e+01 1.510430e+02 6.026783e+01 2.769174e+02 1.110571e+03 -1.389135e+04
<VARIANCE> 6
 1.276346e+02 7.705521e+05 8.220030e+04 3.615670e+03 3.661762e+05 1.241758e+08
<GCONST> 8.038932e+01
<MIXTURE> 9 1.353636e-01
<MEAN> 6
 1.986117e+01 2.920879e+01 -4.356701e+01 -3.194290e+02 -7.117872e+02 7.206294e+03
<VARIANCE> 6
 2.161567e+02 8.205494e+05 1.211336e+05 3.915469e+03 2.189067e+05 1.587770e+08
<GCONST> 8.117775e+01
<MIXTURE> 10 8.102912e-02
<MEAN> 6
 -5.683417e+01 1.057769e+02 1.469841e+02 9.142559e+01 1.408603e+03 5.391667e+02
<VARIANCE> 6
 8.163770e+01 5.681944e+05 1.974752e+05 7.170253e+03 2.258774e+05 8.119754e+07
<GCONST> 8.029098e+01
<MIXTURE> 11 6.313794e-02
<MEAN> 6
 6.690099e+01 5.894540e+01 -8.429739e+01 -9.344736e+01 -1.544117e+03 -1.441011e+04
<VARIANCE> 6
 8.005267e+01 4.295714e+05 9.408144e+05 1.441353e+03 2.502213e+05 1.631760e+08
<GCONST> 8.074877e+01
<MIXTURE> 12 7.465270e-02
<MEAN> 6
 -6.732684e+01 1.275808e+01 -7.831145e+01 1.753413e+00 8.454218e+02 -3.952553e+03
<VARIANCE> 6
 7.742451e+01 9.470562e+05 1.751122e+05 2.677421e+03 3.100028e+05 1.828951e+08
<GCONST> 8.077223e+01
<STATE> 5
<NUMMIXES> 12
<MIXTURE> 1 7.317705e-02
<MEAN> 6
 8.998486e+01 -2.452219e+03 4.816852e+02 -4.032309e+00 -3.068994e+01 4.845794e+00
<VARIANCE> 6
 1.649220e+02 9.276856e+06 3.023107e+07 2.998339e+02 4.032245e+04 5.181961e+07
<GCONST> 8.347131e+01
<MIXTURE> 2 2.996224e-02
<MEAN> 6
 5.773156e+01 -1.130851e+02 1.221979e+03 2.805165e+01 -8.124854e+02 -2.885902e+02
<VARIANCE> 6
 1.871731e+03 7.575837e+06 1.677184e+07 5.643771e+04 1.859547e+06 1.083318e+09
<GCONST> 9.721761e+01
<MIXTURE> 3 8.024032e-02
<MEAN> 6
 3.136593e+00 3.298356e+02 -6.150644e+01 -1.362528e+02 1.047528e+02 4.059490e+03
<VARIANCE> 6
 4.840004e+02 1.190266e+06 4.403478e+06 3.529388e+04 9.723814e+04 8.547931e+07
<GCONST> 8.671711e+01
<MIXTURE> 4 8.954414e-02
<MEAN> 6
 3.148265e+01 1.211157e+03 -1.010447e+03 1.108773e+01 -7.399006e+01 -2.165969e+01
<VARIANCE> 6
 1.927864e+03 3.461454e+07 3.474264e+06 2.562009e+04 1.629601e+05 5.181961e+07
<GCONST> 9.092778e+01
<MIXTURE> 5 6.457489e-02
<MEAN> 6
 -4.400391e+01 4.806978e+02 1.079029e+03 -8.107523e+00 1.110505e+03 1.985162e+03
<VARIANCE> 6
 2.696232e+02 1.423793e+06 4.832308e+06 3.900314e+04 3.708856e+05 2.071860e+08
<GCONST> 8.872813e+01
<MIXTURE> 6 8.001633e-02
<MEAN> 6
 6.549059e+01 1.635242e+02 3.556189e+02 9.698511e+01 -3.655661e+02 -4.911470e+02
<VARIANCE> 6
 4.644848e+02 1.117989e+06 5.071166e+06 1.019184e+04 6.847297e+04 5.181961e+07
<GCONST> 8.466113e+01
<MIXTURE> 7 8.608682e-02
<MEAN> 6
 7.433542e+01 -2.722876e+02 2.291239e+02 -5.563121e+01 -9.461314e+02 4.867569e+02
<VARIANCE> 6
 3.273173e+02 2.039658e+06 1.097103e+06 2.211421e+04 1.897000e+05 1.216936e+08
<GCONST> 8.602886e+01
<MIXTURE> 8 9.582175e-02
<MEAN> 6
 -5.763688e+01 1.466783e+02 2.969308e+02 1.295205e+01 2.188723e+02 7.727727e+00
<VARIANCE> 6
 1.128566e+02 6.110113e+05 2.834436e+06 9.103738e+02 7.154179e+04 5.181961e+07
<GCONST> 7.968877e+01
<MIXTURE> 9 1.434343e-01
<MEAN> 6
 7.871862e+01 -3.853748e+02 6.062831e+02 -3.018171e+00 -3.608280e+01 -1.617331e+02
<VARIANCE> 6
 9.730854e+01 1.136849e+06 2.941117e+06 2.998339e+02 4.032245e+04 5.181961e+07
<GCONST> 7.851439e+01
<MIXTURE> 10 9.952562e-02
<MEAN> 6
 -1.065113e+01 -1.623624e+02 5.994121e+01 9.342748e+01 2.074865e+02 -3.823341e+03
<VARIANCE> 6
 3.528842e+02 8.487412e+05 7.526823e+05 3.170789e+04 1.257222e+05 5.450191e+07
<GCONST> 8.399620e+01
<MIXTURE> 11 8.760909e-02
<MEAN> 6
 5.394558e+01 1.154806e+02 6.979298e+01 1.156421e+01 -5.217042e+02 -4.856415e+01
<VARIANCE> 6
 4.297690e+02 6.840996e+05 2.639639e+06 3.756969e+04 1.017186e+05 5.181961e+07
<GCONST> 8.513972e+01
<MIXTURE> 12 6.962617e-02
<MEAN> 6
 -4.925461e+01 -1.038917e+02 1.459780e+02 3.585077e+00 1.030011e+03 -1.323094e+03
<VARIANCE> 6
 1.980423e+02 9.854797e+05 1.890537e+06 2.125276e+04 2.616132e+05 1.459577e+08
<GCONST> 8.580669e+01
<STATE> 6
<NUMMIXES> 12
<MIXTURE> 1 6.640309e-02
<MEAN> 6
 8.600477e+01 2.359389e+02 -2.540492e+02 -5.721619e+00 -3.884368e+01 1.358338e+02
<VARIANCE> 6
 2.055039e+02 1.525892e+06 3.966089e+05 2.998339e+02 4.032245e+04 5.181961e+07
<GCONST> 7.755269e+01
<MIXTURE> 2 6.591938e-02
<MEAN> 6
 -2.428672e+01 2.214177e+02 1.705522e+02 -2.041663e+02 7.570906e+02 8.280572e+03
<VARIANCE> 6
 6.444393e+02 6.123652e+05 3.239672e+05 7.295124e+03 7.988616e+05 3.418247e+08
<GCONST> 8.564484e+01
<MIXTURE> 3 1.090507e-01
<MEAN> 6
 -4.426062e+01 7.940468e+01 1.884885e+01 5.759818e+01 9.318284e+02 -1.789288e+03
<VARIANCE> 6
 1.489329e+02 2.943511e+05 1.798758e+05 1.398582e+04 1.625784e+05 8.080451e+07
<GCONST> 8.047557e+01
<MIXTURE> 4 9.647186e-02
<MEAN> 6
 5.740073e+01 1.631849e+01 -6.956742e+00 5.794924e+01 -3.690651e+02 -9.294731e+02
<VARIANCE> 6
 2.234462e+02 1.106150e+05 5.964355e+04 1.594148e+04 7.482948e+04 5.181961e+07
<GCONST> 7.770932e+01
<MIXTURE> 5 5.269847e-02
<MEAN> 6
 8.538955e+01 1.112365e+02 1.758040e+02 3.573529e+01 -1.018960e+03 -1.156463e+03
<VARIANCE> 6
 2.688217e+02 1.271305e+06 9.214422e+05 1.529023e+04 8.337511e+05 5.556611e+08
<GCONST> 8.781490e+01
<MIXTURE> 6 7.127212e-02
<MEAN> 6
 9.767124e+00 6.941859e+01 6.654496e+01 3.755037e+01 4.861557e+01 -1.350816e+02
<VARIANCE> 6
 3.453294e+02 2.278183e+05 1.143654e+05 3.647933e+04 5.848209e+04 5.181961e+07
<GCONST> 8.009947e+01
<MIXTURE> 7 1.143355e-01
<MEAN> 6
 5.034175e+01 -2.442347e+02 -1.565186e+01 2.706923e+01 -3.906944e+02 -2.001967e+02
<VARIANCE> 6
 5.383372e+02 9.497308e+05 5.316861e+05 3.102400e+04 1.023106e+05 5.181961e+07
<GCONST> 8.390506e+01
<MIXTURE> 8 1.130622e-01
<MEAN> 6
 7.455280e+01 -2.460130e+01 3.459108e+01 -4.988604e+00 -3.633763e+01 -1.105324e+02
<VARIANCE> 6
 7.756170e+01 3.199546e+05 8.900130e+04 2.998339e+02 4.032245e+04 5.181961e+07
<GCONST> 7.352185e+01
<MIXTURE> 9 8.507789e-02
<MEAN> 6
 -1.647428e+01 4.538091e+00 1.673638e+01 2.875082e+01 2.384976e+02 -2.986551e+03
<VARIANCE> 6
 1.858976e+02 9.726820e+04 4.660507e+04 3.076999e+04 1.585049e+05 1.077848e+08
<GCONST> 7.929063e+01
<MIXTURE> 10 6.865752e-02
<MEAN> 6
 -5.113657e+01 5.147368e+00 1.507537e+00 2.027155e+01 2.950778e+02 -1.407130e+02
<VARIANCE> 6
 2.020877e+02 1.937156e+05 2.864628e+05 9.100122e+02 7.084217e+04 5.181961e+07
<GCONST> 7.682042e+01
<MIXTURE> 11 8.494139e-02
<MEAN> 6
 6.265893e+01 3.326378e-01 2.846446e+01 -7.991188e+01 -7.152609e+02 1.911559e+03
<VARIANCE> 6
 2.967472e+02 2.197739e+05 4.774777e+04 1.963763e+04 1.799595e+05 8.334390e+07
<GCONST> 8.001836e+01
<MIXTURE> 12 7.137422e-02
<MEAN> 6
 5.844936e+00 -1.157763e+02 -7.718997e+01 1.732039e+01 2.269975e+01 -9.035674e+02
<VARIANCE> 6
 3.642038e+02 2.767490e+05 1.140778e+05 3.785588e+04 6.216994e+04 5.181961e+07
<GCONST> 8.044293e+01
<TRANSP> 7
 0.000000e+00 1.000000e+00 0.000000e+00 0.000000e+00 0.000000e+00 0.000000e+00 0.000000e+00
 0.000000e+00 9.995033e-01 4.967424e-04 0.000000e+00 0.000000e+00 0.000000e+00 0.000000e+00
 0.000000e+00 0.000000e+00 9.995374e-01 4.626049e-04 0.000000e+00 0.000000e+00 0.000000e+00
 0.000000e+00 0.000000e+00 0.000000e+00 9.980906e-01 1.909392e-03 0.000000e+00 0.000000e+00
 0.000000e+00 0.000000e+00 0.000000e+00 0.000000e+00 9.998820e-01 1.180049e-04 0.000000e+00
 0.000000e+00 0.000000e+00 0.000000e+00 0.000000e+00 0.000000e+00 9.999281e-01 7.194470e-05
 0.000000e+00 0.000000e+00 0.000000e+00 0.000000e+00 0.000000e+00 0.000000e+00 0.000000e+00
<ENDHMM>
~h "QuintoPRIMARIA"
<BEGINHMM>
<NUMSTATES> 7
<STATE> 2
<NUMMIXES> 12
<MIXTURE> 1 7.999717e-02
<MEAN> 6
 8.082347e+01 5.067293e+02 7.612116e+00 -2.654629e+00 -3.972176e+01 -1.700040e+02
<VARIANCE> 6
 1.952846e+02 1.411664e+06 1.307037e+06 2.998339e+02 4.032245e+04 5.181961e+07
<GCONST> 7.861644e+01
<MIXTURE> 2 1.144526e-01
<MEAN> 6
 -4.365696e+01 -1.938450e+02 1.705939e+02 1.424324e+02 7.338591e+02 -1.543988e+03
<VARIANCE> 6
 3.755310e+02 4.009928e+05 9.798826e+05 1.242355e+04 1.668701e+05 5.181961e+07
<GCONST> 8.286809e+01
<MIXTURE> 3 6.156448e-02
<MEAN> 6
 4.204517e+01 2.845626e+02 4.048436e+02 1.058114e+02 -3.456392e+02 -7.815448e+02
<VARIANCE> 6
 6.069678e+02 1.809382e+06 1.150691e+06 2.871473e+04 1.247051e+05 5.181961e+07
<GCONST> 8.556226e+01
<MIXTURE> 4 3.512622e-02
<MEAN> 6
 6.634133e+01 -1.168084e+03 -1.693724e+03 -3.061570e+01 -1.000299e+03 2.930356e+03
<VARIANCE> 6
 1.325540e+03 1.664572e+07 1.066347e+07 5.169257e+04 2.766884e+06 1.850498e+09
<GCONST> 9.805186e+01
<MIXTURE> 5 9.539931e-02
<MEAN> 6
 -6.637759e+01 2.005638e+02 -6.153217e+01 4.907827e+00 2.080481e+02 2.000486e+02
<VARIANCE> 6
 1.077435e+02 7.218817e+05 1.475897e+06 7.330729e+02 7.779040e+04 5.181961e+07
<GCONST> 7.902370e+01
<MIXTURE> 6 8.088819e-02
<MEAN> 6
 8.380630e+01 -8.737051e+01 -1.707759e+02 1.295314e+01 -5.996099e+02 -1.068810e+03
<VARIANCE> 6
 1.900472e+02 6.616134e+05 2.635265e+06 1.268650e+04 2.144777e+05 1.371610e+08
<GCONST> 8.492239e+01
<MIXTURE> 7 1.029406e-01
<MEAN> 6
 6.945016e+01 -5.901511e+02 -2.815723e+01 8.595328e-01 -2.160100e+01 -1.399605e+02
<VARIANCE> 6
 1.223853e+02 1.404004e+05 8.383569e+05 2.998339e+02 4.032245e+04 5.181961e+07
<GCONST> 7.539706e+01
<MIXTURE> 8 8.229294e-02
<MEAN> 6
 -5.068353e+01 7.006583e+01 -3.922621e+02 -1.445651e+02 1.295617e+03 2.909420e+03
<VARIANCE> 6
 3.249606e+02 1.591658e+06 2.391592e+06 2.198812e+04 9.163487e+05 6.302436e+08
<GCONST> 8.976675e+01
<MIXTURE> 9 1.107588e-01
<MEAN> 6
 5.467294e+00 -1.585253e+02 -6.010044e+01 -6.453698e+01 -2.802622e+01 -4.889826e+01
<VARIANCE> 6
 7.143837e+02 3.965249e+05 5.023966e+06 6.482339e+04 2.640785e+05 1.535551e+08
<GCONST> 8.833190e+01
<MIXTURE> 10 1.108838e-01
<MEAN> 6
 7.395428e+01 3.619730e+02 9.279102e+01 -3.075126e-01 -2.517212e+01 -1.243023e+02
<VARIANCE> 6
 2.643816e+02 1.524836e+05 6.736626e+06 2.998339e+02 4.032245e+04 5.181961e+07
<GCONST> 7.833371e+01
<MIXTURE> 11 6.442052e-02
<MEAN> 6
 6.635915e+01 -1.722259e+02 -1.767495e+02 -9.509317e+01 -1.061920e+03 1.111846e+03
<VARIANCE> 6
 3.429194e+02 8.629780e+05 1.248069e+06 3.049421e+04 3.078220e+05 1.416500e+08
<GCONST> 8.630145e+01
<MIXTURE> 12 6.065849e-02
<MEAN> 6
 3.768375e+01 -1.117973e+02 3.572401e+01 4.518825e+01 -4.189528e+02 -1.316707e+03
<VARIANCE> 6
 6.274838e+02 1.773295e+06 9.673372e+05 4.843952e+04 1.527278e+05 5.181961e+07
<GCONST> 8.612740e+01
<STATE> 3
<NUMMIXES> 12
<MIXTURE> 1 1.084191e-01
<MEAN> 6
 4.978802e+01 -7.965295e+02 2.920547e+02 6.235219e+00 -6.625109e+00 -3.321098e+01
<VARIANCE> 6
 1.608567e+02 1.083471e+05 5.994230e+04 2.998339e+02 4.032245e+04 5.181961e+07
<GCONST> 7.277318e+01
<MIXTURE> 2 5.273955e-02
<MEAN> 6
 9.583035e+01 3.982919e+02 -2.284561e+02 -2.877515e+00 -7.999172e+00 8.609838e-01
<VARIANCE> 6
 3.179780e+01 6.461578e+04 1.446404e+04 2.998339e+02 4.032245e+04 5.181961e+07
<GCONST> 6.921347e+01
<MIXTURE> 3 4.612571e-02
<MEAN> 6
 1.196426e+02 -2.380351e+03 2.675070e+01 -1.617555e+00 -1.064023e+00 2.966611e+01
<VARIANCE> 6
 3.179780e+01 7.487309e+04 1.446404e+04 2.998339e+02 4.032245e+04 5.181961e+07
<GCONST> 6.936080e+01
<MIXTURE> 4 8.012949e-02
<MEAN> 6
 9.876392e+01 -5.010279e+02 -5.409420e+02 -1.450298e+00 -1.841658e+00 -5.223412e+01
<VARIANCE> 6
 3.343081e+01 1.280424e+04 1.446404e+04 2.998339e+02 4.032245e+04 5.181961e+07
<GCONST> 6.764487e+01
<MIXTURE> 5 1.007023e-01
<MEAN> 6
 8.219593e+01 3.118959e+02 -6.863134e+02 -1.533107e+00 5.361632e-01 -1.828003e+02
<VARIANCE> 6
 3.179780e+01 1.280424e+04 3.038831e+04 2.998339e+02 4.032245e+04 5.181961e+07
<GCONST> 6.833717e+01
<MIXTURE> 6 1.091479e-01
<MEAN> 6
 8.437335e+01 -3.574753e+02 -1.074011e+03 -8.442622e-01 -4.091468e+00 2.856531e+01
<VARIANCE> 6
 3.179780e+01 2.549334e+04 1.268013e+05 2.998339e+02 4.032245e+04 5.181961e+07
<GCONST> 7.045438e+01
<MIXTURE> 7 9.113935e-02
<MEAN> 6
 7.128788e+01 -1.206338e+03 -4.261941e+02 7.200934e-01 -5.993186e+00 1.417092e+01
<VARIANCE> 6
 3.179780e+01 1.026791e+05 7.524745e+04 2.998339e+02 4.032245e+04 5.181961e+07
<GCONST> 7.132573e+01
<MIXTURE> 8 5.663683e-02
<MEAN> 6
 8.580327e+01 4.450484e+01 -2.319518e+02 -7.304553e-01 -6.246673e+00 -4.429564e-01
<VARIANCE> 6
 3.179780e+01 1.280424e+04 1.446404e+04 2.998339e+02 4.032245e+04 5.181961e+07
<GCONST> 6.759479e+01
<MIXTURE> 9 9.203840e-02
<MEAN> 6
 8.182500e+01 -2.475502e+02 -2.876309e+02 -1.200866e-01 -7.527053e+00 9.236586e+01
<VARIANCE> 6
 3.179780e+01 5.452604e+04 1.446404e+04 2.998339e+02 4.032245e+04 5.181961e+07
<GCONST> 6.904369e+01
<MIXTURE> 10 1.241150e-01
<MEAN> 6
 8.481473e+01 1.402554e+01 -2.459522e+02 -3.064201e-01 -6.540818e+00 -4.707922e+00
<VARIANCE> 6
 3.179780e+01 1.280424e+04 1.446404e+04 2.998339e+02 4.032245e+04 5.181961e+07
<GCONST> 6.759479e+01
<MIXTURE> 11 8.025449e-02
<MEAN> 6
 9.637080e+01 -4.980730e+02 -5.443350e+02 -7.726329e-01 -3.902321e+00 -9.007528e+01
<VARIANCE> 6
 3.179780e+01 1.280424e+04 1.446404e+04 2.998339e+02 4.032245e+04 5.181961e+07
<GCONST> 6.759479e+01
<MIXTURE> 12 5.850820e-02
<MEAN> 6
 8.451540e+01 1.585253e-01 -2.559585e+02 -1.996642e-01 -6.686014e+00 -2.574897e+00
<VARIANCE> 6
 3.179780e+01 1.280424e+04 1.446404e+04 2.998339e+02 4.032245e+04 5.181961e+07
<GCONST> 6.759479e+01
<STATE> 4
<NUMMIXES> 12
<MIXTURE> 1 6.538593e-02
<MEAN> 6
 6.133843e+01 3.207093e+03 8.413321e+02 -7.546685e-01 -3.436580e+00 7.844840e+01
<VARIANCE> 6
 8.870963e+01 1.835128e+06 2.555390e+06 2.998339e+02 4.032245e+04 5.181961e+07
<GCONST> 7.876015e+01
<MIXTURE> 2 1.261999e-01
<MEAN> 6
 1.023208e+02 5.933478e+02 -1.683102e+02 -4.855751e+00 2.535076e+00 1.127844e+02
<VARIANCE> 6
 6.115445e+01 3.738799e+04 8.588215e+05 2.998339e+02 4.032245e+04 5.181961e+07
<GCONST> 7.340425e+01
<MIXTURE> 3 1.222416e-01
<MEAN> 6
 9.259452e+01 8.646680e+02 2.179410e+03 -1.830014e+00 1.137412e+00 1.169185e+02
<VARIANCE> 6
 1.083225e+02 2.634618e+05 1.249133e+05 2.998339e+02 4.032245e+04 5.181961e+07
<GCONST> 7.400058e+01
<MIXTURE> 4 1.050423e-01
<MEAN> 6
 8.106911e+01 1.498148e+03 1.043584e+02 -3.464719e+00 -4.780863e+00 8.943950e+01
<VARIANCE> 6
 3.179780e+01 1.897179e+05 1.012587e+05 2.998339e+02 4.032245e+04 5.181961e+07
<GCONST> 7.223656e+01
<MIXTURE> 5 1.269404e-01
<MEAN> 6
 8.110241e+01 -1.869383e+02 3.183222e+03 -3.749863e+00 2.129789e+00 1.091922e+02
<VARIANCE> 6
 2.639977e+02 1.848808e+05 6.003964e+04 2.998339e+02 4.032245e+04 5.181961e+07
<GCONST> 7.380460e+01
<MIXTURE> 6 9.162840e-02
<MEAN> 6
 7.392023e+01 7.766859e+02 -1.042322e+01 -1.574314e+00 -3.867413e+00 3.145742e+01
<VARIANCE> 6
 3.179780e+01 4.900193e+04 6.960011e+05 2.998339e+02 4.032245e+04 5.181961e+07
<GCONST> 7.281055e+01
<MIXTURE> 7 6.466167e-02
<MEAN> 6
 9.468035e+01 7.131122e+02 -2.152046e+03 -9.870629e-01 -1.723875e+00 -7.362575e+01
<VARIANCE> 6
 3.179780e+01 1.280424e+04 7.890351e+05 2.998339e+02 4.032245e+04 5.181961e+07
<GCONST> 7.159393e+01
<MIXTURE> 8 6.837827e-02
<MEAN> 6
 8.232298e+01 3.644709e+02 2.225568e+02 -1.297033e+00 -2.010428e+00 -4.684377e+01
<VARIANCE> 6
 3.179780e+01 1.280424e+04 1.446404e+04 2.998339e+02 4.032245e+04 5.181961e+07
<GCONST> 6.759479e+01
<MIXTURE> 9 6.324553e-02
<MEAN> 6
 7.689710e+01 1.070287e+03 -8.346780e+02 -2.173297e+00 -3.171015e+00 5.911963e+00
<VARIANCE> 6
 3.179780e+01 6.441961e+04 4.070750e+05 2.998339e+02 4.032245e+04 5.181961e+07
<GCONST> 7.254776e+01
<MIXTURE> 10 4.463435e-02
<MEAN> 6
 8.781596e+01 -4.431143e+02 1.223389e+03 -4.370399e+00 1.067824e+01 2.219956e+01
<VARIANCE> 6
 5.269363e+01 1.280424e+04 1.416751e+05 2.998339e+02 4.032245e+04 5.181961e+07
<GCONST> 7.038175e+01
<MIXTURE> 11 5.274360e-02
<MEAN> 6
 7.246631e+01 2.187654e+02 7.457028e+02 9.013128e-01 -3.161405e+00 -1.067086e+02
<VARIANCE> 6
 3.179780e+01 1.280424e+04 1.446404e+04 2.998339e+02 4.032245e+04 5.181961e+07
<GCONST> 6.759479e+01
<MIXTURE> 12 6.884969e-02
<MEAN> 6
 7.619974e+01 8.762354e+02 -9.535820e+02 -1.878491e+00 -2.744575e+00 -1.127576e+01
<VARIANCE> 6
 3.179780e+01 1.082992e+05 2.168484e+05 2.998339e+02 4.032245e+04 5.181961e+07
<GCONST> 7.243744e+01
<STATE> 5
<NUMMIXES> 12
<MIXTURE> 1 7.990237e-02
<MEAN> 6
 8.544805e+01 -1.234277e+02 -1.199251e-01 5.817747e-02 -5.952246e-01 -9.690987e+00
<VARIANCE> 6
 3.179780e+01 1.280424e+04 1.446404e+04 2.998339e+02 4.032245e+04 5.181961e+07
<GCONST> 6.759479e+01
<MIXTURE> 2 7.432141e-02
<MEAN> 6
 5.749115e+01 1.017859e+01 3.303028e+02 -2.830549e-01 -2.208637e+00 -1.209475e+02
<VARIANCE> 6
 3.179780e+01 1.280424e+04 2.069218e+04 2.998339e+02 4.032245e+04 5.181961e+07
<GCONST> 6.795287e+01
<MIXTURE> 3 8.889146e-02
<MEAN> 6
 6.966049e+01 4.575331e+02 -2.375037e+02 -8.512480e-01 -5.830975e-01 -4.030135e+01
<VARIANCE> 6
 5.411731e+01 1.280424e+04 1.446404e+04 2.998339e+02 4.032245e+04 5.181961e+07
<GCONST> 6.812654e+01
<MIXTURE> 4 1.065150e-01
<MEAN> 6
 6.239083e+01 9.008295e+01 -3.126634e+02 -2.023222e-01 -4.856566e+00 -1.644386e+02
<VARIANCE> 6
 3.179780e+01 3.665342e+04 7.720805e+04 2.998339e+02 4.032245e+04 5.181961e+07
<GCONST> 7.032135e+01
<MIXTURE> 5 2.975949e-02
<MEAN> 6
 5.839785e+01 -2.378477e+02 8.744673e+02 -6.937730e-01 -1.031189e+01 -1.028511e+02
<VARIANCE> 6
 3.179780e+01 1.280424e+04 1.446404e+04 2.998339e+02 4.032245e+04 5.181961e+07
<GCONST> 6.759479e+01
<MIXTURE> 6 1.065860e-01
<MEAN> 6
 6.265646e+01 -1.602811e+02 -3.073367e+02 -2.007914e-01 -5.502157e+00 -1.260975e+02
<VARIANCE> 6
 3.179780e+01 1.280424e+04 5.000486e+04 2.998339e+02 4.032245e+04 5.181961e+07
<GCONST> 6.883524e+01
<MIXTURE> 7 9.023823e-02
<MEAN> 6
 6.254878e+01 4.788966e+01 -2.257725e+02 -1.133822e-01 -5.295507e+00 -1.696696e+02
<VARIANCE> 6
 3.179780e+01 2.262740e+04 6.749859e+04 2.998339e+02 4.032245e+04 5.181961e+07
<GCONST> 6.970461e+01
<MIXTURE> 8 7.129785e-02
<MEAN> 6
 5.911755e+01 7.807318e+00 1.377299e+02 -1.043652e-01 -5.781129e+00 -1.629061e+02
<VARIANCE> 6
 3.179780e+01 1.280424e+04 3.561559e+04 2.998339e+02 4.032245e+04 5.181961e+07
<GCONST> 6.849590e+01
<MIXTURE> 9 1.091845e-01
<MEAN> 6
 6.276215e+01 -1.684386e+02 -4.297759e+02 -3.547881e-01 -5.788528e+00 -1.368280e+02
<VARIANCE> 6
 3.179780e+01 1.280424e+04 5.083721e+04 2.998339e+02 4.032245e+04 5.181961e+07
<GCONST> 6.885175e+01
<MIXTURE> 10 9.066387e-02
<MEAN> 6
 7.449611e+01 1.352828e+02 1.475854e+01 -5.146080e-01 -5.783043e+00 -1.451990e+02
<VARIANCE> 6
 3.179780e+01 1.280424e+04 1.446404e+04 2.998339e+02 4.032245e+04 5.181961e+07
<GCONST> 6.759479e+01
<MIXTURE> 11 8.299898e-02
<MEAN> 6
 5.792867e+01 -6.831134e+01 8.372174e+00 -2.692242e-01 -8.070061e+00 -1.482907e+02
<VARIANCE> 6
 3.179780e+01 1.280424e+04 1.716537e+04 2.998339e+02 4.032245e+04 5.181961e+07
<GCONST> 6.776601e+01
<MIXTURE> 12 6.953284e-02
<MEAN> 6
 5.639649e+01 -2.774226e+01 2.761595e+02 -5.179654e-01 -2.694406e+00 -1.295255e+02
<VARIANCE> 6
 3.179780e+01 1.280424e+04 3.518938e+04 2.998339e+02 4.032245e+04 5.181961e+07
<GCONST> 6.848386e+01
<STATE> 6
<NUMMIXES> 12
<MIXTURE> 1 5.905581e-02
<MEAN> 6
 8.619242e+01 -7.883923e+01 2.126457e+02 -8.047169e+00 -1.188020e+01 4.158503e+01
<VARIANCE> 6
 1.519103e+02 1.179223e+06 7.070576e+05 2.998339e+02 4.032245e+04 5.181961e+07
<GCONST> 7.757095e+01
<MIXTURE> 2 1.471078e-02
<MEAN> 6
 -8.405457e+00 1.539209e+02 1.152182e+02 -3.091365e+01 1.207810e+02 4.888493e+03
<VARIANCE> 6
 1.163825e+04 1.971080e+05 4.043597e+05 1.978588e+06 1.083263e+09 1.592975e+12
<GCONST> 1.088886e+02
<MIXTURE> 3 4.922839e-02
<MEAN> 6
 6.088904e+00 4.221266e+01 1.266967e+02 -4.614828e+01 1.219798e+01 1.446050e+03
<VARIANCE> 6
 5.275432e+03 9.364849e+05 1.665773e+06 5.848640e+04 2.831638e+06 1.944912e+09
<GCONST> 9.489516e+01
<MIXTURE> 4 1.306337e-01
<MEAN> 6
 7.109306e+01 2.384513e+01 -3.676546e+01 6.646359e+00 -5.444019e+02 -7.183747e+02
<VARIANCE> 6
 2.902685e+02 8.624740e+04 5.818384e+04 1.850453e+04 1.677747e+05 5.181961e+07
<GCONST> 7.865384e+01
<MIXTURE> 5 9.133694e-02
<MEAN> 6
 -3.729235e+01 2.191792e+01 1.811696e+02 8.243642e+01 8.420479e+02 -2.036904e+03
<VARIANCE> 6
 3.957875e+02 1.973919e+05 2.791739e+05 2.755242e+04 1.689434e+05 6.590462e+07
<GCONST> 8.200557e+01
<MIXTURE> 6 1.009337e-01
<MEAN> 6
 -5.360079e+01 -9.899264e+00 4.597580e+01 2.245943e+01 3.131361e+02 1.870924e+02
<VARIANCE> 6
 2.499446e+02 7.677459e+04 9.641040e+04 1.551389e+03 9.706984e+04 5.181961e+07
<GCONST> 7.586687e+01
<MIXTURE> 7 1.186508e-01
<MEAN> 6
 1.841316e+01 -4.340171e+01 3.592037e+01 7.312620e+01 -8.496584e+01 -1.972902e+03
<VARIANCE> 6
 5.491535e+02 1.103049e+05 2.021934e+05 4.054150e+04 1.201101e+05 5.181961e+07
<GCONST> 8.123315e+01
<MIXTURE> 8 7.782370e-02
<MEAN> 6
 7.946297e+01 -4.285285e-01 7.014845e+01 -5.583163e+00 -1.798270e+01 -2.295799e+02
<VARIANCE> 6
 1.307074e+02 5.749534e+04 8.007739e+04 2.998339e+02 4.032245e+04 5.181961e+07
<GCONST> 7.222160e+01
<MIXTURE> 9 8.847438e-02
<MEAN> 6
 1.747584e+01 -6.790406e+01 3.945375e+01 -1.237060e+02 -2.467216e+02 3.748295e+03
<VARIANCE> 6
 7.148570e+02 9.550991e+04 6.335143e+04 5.365514e+04 4.419446e+05 2.473212e+08
<GCONST> 8.333826e+01
<MIXTURE> 10 1.103578e-01
<MEAN> 6
 7.482908e+01 6.726283e+01 -6.733005e+01 7.749225e+00 -9.552349e+02 -3.884339e+02
<VARIANCE> 6
 4.318808e+02 4.699413e+05 2.828719e+05 3.040228e+04 5.952662e+05 2.379512e+08
<GCONST> 8.561514e+01
<MIXTURE> 11 8.098944e-02
<MEAN> 6
 -4.377429e+01 -9.546066e+01 4.216160e+01 -5.766856e+01 1.271781e+03 1.515405e+03
<VARIANCE> 6
 3.385024e+02 1.386053e+05 9.145374e+04 3.658307e+04 5.416603e+05 3.848648e+08
<GCONST> 8.359290e+01
<MIXTURE> 12 7.707767e-02
<MEAN> 6
 7.762325e+01 -7.962078e+01 -6.259160e+01 -5.905180e+00 -3.157304e+01 -2.618928e+02
<VARIANCE> 6
 1.302767e+02 5.457200e+04 1.203738e+05 2.998339e+02 4.032245e+04 5.181961e+07
<GCONST> 7.257373e+01
<TRANSP> 7
 0.000000e+00 1.000000e+00 0.000000e+00 0.000000e+00 0.000000e+00 0.000000e+00 0.000000e+00
 0.000000e+00 9.999062e-01 9.374136e-05 0.000000e+00 0.000000e+00 0.000000e+00 0.000000e+00
 0.000000e+00 0.000000e+00 9.987824e-01 1.217625e-03 0.000000e+00 0.000000e+00 0.000000e+00
 0.000000e+00 0.000000e+00 0.000000e+00 9.991767e-01 8.232611e-04 0.000000e+00 0.000000e+00
 0.000000e+00 0.000000e+00 0.000000e+00 0.000000e+00 9.994343e-01 5.656927e-04 0.000000e+00
 0.000000e+00 0.000000e+00 0.000000e+00 0.000000e+00 0.000000e+00 9.999250e-01 7.501834e-05
 0.000000e+00 0.000000e+00 0.000000e+00 0.000000e+00 0.000000e+00 0.000000e+00 0.000000e+00
<ENDHMM>
