~o
<STREAMINFO> 1 6
<VECSIZE> 6<NULLD><USER><DIAGC>
~h "SegundoPRIMARIA"
<BEGINHMM>
<NUMSTATES> 7
<STATE> 2
<NUMMIXES> 2
<MIXTURE> 1 5.000000e-01
<MEAN> 6
 4.357350e+01 2.704149e+02 2.114353e+02 3.108343e+01 1.535887e+02 2.591617e+03
<VARIANCE> 6
 3.763095e+03 1.781619e+06 1.028306e+06 2.365337e+04 5.844261e+05 1.687191e+08
<GCONST> 8.979012e+01
<MIXTURE> 2 5.000000e-01
<MEAN> 6
 1.903588e+01 -2.634944e+02 -1.941864e+02 -3.043518e+01 -1.522023e+02 -2.604060e+03
<VARIANCE> 6
 3.763095e+03 1.781619e+06 1.028306e+06 2.365337e+04 5.844261e+05 1.687191e+08
<GCONST> 8.979012e+01
<STATE> 3
<NUMMIXES> 2
<MIXTURE> 1 5.000000e-01
<MEAN> 6
 9.247760e+01 -1.348555e+02 -3.471517e+02 1.592251e+00 3.988713e+01 1.405823e+03
<VARIANCE> 6
 1.371903e+02 2.347824e+05 7.397499e+04 2.998198e+02 4.022584e+04 5.158639e+07
<GCONST> 7.359074e+01
<MIXTURE> 2 5.000000e-01
<MEAN> 6
 8.779247e+01 -3.286729e+02 -4.559451e+02 -5.333871e+00 -4.033840e+01 -1.467124e+03
<VARIANCE> 6
 1.371903e+02 2.347824e+05 7.397499e+04 2.998198e+02 4.022584e+04 5.158639e+07
<GCONST> 7.359074e+01
<STATE> 4
<NUMMIXES> 2
<MIXTURE> 1 5.000000e-01
<MEAN> 6
 8.847240e+01 3.339725e+02 3.632590e+02 2.453709e+00 3.661123e+01 1.384802e+03
<VARIANCE> 6
 1.630206e+02 6.920283e+05 9.870880e+04 2.998198e+02 4.022584e+04 5.158639e+07
<GCONST> 7.513267e+01
<MIXTURE> 2 5.000000e-01
<MEAN> 6
 8.336522e+01 1.219513e+00 2.375872e+02 -4.472413e+00 -4.361430e+01 -1.488145e+03
<VARIANCE> 6
 1.630206e+02 6.920283e+05 9.870880e+04 2.998198e+02 4.022584e+04 5.158639e+07
<GCONST> 7.513267e+01
<STATE> 5
<NUMMIXES> 2
<MIXTURE> 1 5.000000e-01
<MEAN> 6
 6.944389e+01 5.178513e+00 -2.177946e+02 3.957465e+00 3.570625e+01 1.305688e+03
<VARIANCE> 6
 3.185104e+01 1.179608e+05 3.358345e+05 2.998198e+02 4.022584e+04 5.158639e+07
<GCONST> 7.295502e+01
<MIXTURE> 2 5.000000e-01
<MEAN> 6
 6.718643e+01 -1.322032e+02 -4.495996e+02 -2.968657e+00 -4.451927e+01 -1.567259e+03
<VARIANCE> 6
 3.185104e+01 1.179608e+05 3.358345e+05 2.998198e+02 4.022584e+04 5.158639e+07
<GCONST> 7.295502e+01
<STATE> 6
<NUMMIXES> 2
<MIXTURE> 1 5.000000e-01
<MEAN> 6
 4.625695e+01 1.082469e+02 9.899952e+01 4.593906e+01 5.346143e+02 1.877124e+04
<VARIANCE> 6
 4.100243e+03 3.087262e+05 1.851928e+05 5.165405e+04 7.142318e+06 8.790942e+09
<GCONST> 9.364629e+01
<MIXTURE> 2 5.000000e-01
<MEAN> 6
 2.064369e+01 -1.140056e+02 -7.313662e+01 -4.497105e+01 -5.343903e+02 -1.873277e+04
<VARIANCE> 6
 4.100243e+03 3.087262e+05 1.851928e+05 5.165405e+04 7.142318e+06 8.790942e+09
<GCONST> 9.364629e+01
<TRANSP> 7
 0.000000e+00 1.000000e+00 0.000000e+00 0.000000e+00 0.000000e+00 0.000000e+00 0.000000e+00
 0.000000e+00 9.999012e-01 9.880414e-05 0.000000e+00 0.000000e+00 0.000000e+00 0.000000e+00
 0.000000e+00 0.000000e+00 9.983928e-01 1.607209e-03 0.000000e+00 0.000000e+00 0.000000e+00
 0.000000e+00 0.000000e+00 0.000000e+00 9.992628e-01 7.371741e-04 0.000000e+00 0.000000e+00
 0.000000e+00 0.000000e+00 0.000000e+00 0.000000e+00 9.992021e-01 7.979593e-04 0.000000e+00
 0.000000e+00 0.000000e+00 0.000000e+00 0.000000e+00 0.000000e+00 9.999253e-01 7.465628e-05
 0.000000e+00 0.000000e+00 0.000000e+00 0.000000e+00 0.000000e+00 0.000000e+00 0.000000e+00
<ENDHMM>
~h "SegundoESO"
<BEGINHMM>
<NUMSTATES> 7
<STATE> 2
<NUMMIXES> 2
<MIXTURE> 1 5.000000e-01
<MEAN> 6
 6.794559e+01 1.080462e+03 4.496273e+03 2.437002e+00 4.050274e+01 1.388694e+03
<VARIANCE> 6
 2.508861e+03 4.303537e+07 3.534920e+07 3.288163e+02 4.022584e+04 5.158639e+07
<GCONST> 8.796970e+01
<MIXTURE> 2 5.000000e-01
<MEAN> 6
 4.791017e+01 -1.543592e+03 2.118065e+03 -4.816316e+00 -3.972279e+01 -1.484253e+03
<VARIANCE> 6
 2.508861e+03 4.303537e+07 3.534920e+07 3.288163e+02 4.022584e+04 5.158639e+07
<GCONST> 8.796970e+01
<STATE> 3
<NUMMIXES> 2
<MIXTURE> 1 5.000000e-01
<MEAN> 6
 7.164971e+01 4.270885e+02 -6.380423e+02 3.242546e+00 3.835312e+01 1.342266e+03
<VARIANCE> 6
 8.020730e+01 2.092471e+06 9.058404e+06 2.998198e+02 4.022584e+04 5.158639e+07
<GCONST> 8.004915e+01
<MIXTURE> 2 5.000000e-01
<MEAN> 6
 6.806738e+01 -1.515265e+02 -1.841930e+03 -3.683576e+00 -4.187241e+01 -1.530681e+03
<VARIANCE> 6
 8.020730e+01 2.092471e+06 9.058404e+06 2.998198e+02 4.022584e+04 5.158639e+07
<GCONST> 8.004915e+01
<STATE> 4
<NUMMIXES> 2
<MIXTURE> 1 5.000000e-01
<MEAN> 6
 3.937749e+01 4.630308e+02 6.292145e+02 3.267556e+01 1.383896e+02 1.851906e+03
<VARIANCE> 6
 3.313451e+03 8.670789e+06 7.573221e+06 2.453806e+04 4.811874e+05 8.488998e+07
<GCONST> 9.239747e+01
<MIXTURE> 2 5.000000e-01
<MEAN> 6
 1.635245e+01 -7.148174e+02 -4.715649e+02 -2.998295e+01 -1.390811e+02 -1.833525e+03
<VARIANCE> 6
 3.313451e+03 8.670789e+06 7.573221e+06 2.453806e+04 4.811874e+05 8.488998e+07
<GCONST> 9.239747e+01
<STATE> 5
<NUMMIXES> 2
<MIXTURE> 1 5.000000e-01
<MEAN> 6
 7.044936e+01 1.411202e+02 1.124170e+02 3.137483e+00 3.471125e+01 1.329127e+03
<VARIANCE> 6
 7.990012e+01 3.545719e+05 2.092090e+05 2.998198e+02 4.022584e+04 5.158639e+07
<GCONST> 7.450201e+01
<MIXTURE> 2 5.000000e-01
<MEAN> 6
 6.687389e+01 -9.706354e+01 -7.054048e+01 -3.788639e+00 -4.551427e+01 -1.543819e+03
<VARIANCE> 6
 7.990012e+01 3.545719e+05 2.092090e+05 2.998198e+02 4.022584e+04 5.158639e+07
<GCONST> 7.450201e+01
<STATE> 6
<NUMMIXES> 2
<MIXTURE> 1 5.000000e-01
<MEAN> 6
 3.355773e+01 1.737148e+02 1.489364e+02 3.141569e+01 1.443305e+02 2.110350e+03
<VARIANCE> 6
 2.756960e+03 6.433237e+05 4.562291e+05 2.414112e+04 5.134746e+05 1.088852e+08
<GCONST> 8.710073e+01
<MIXTURE> 2 5.000000e-01
<MEAN> 6
 1.255503e+01 -1.471151e+02 -1.212425e+02 -3.073396e+01 -1.422980e+02 -2.063573e+03
<VARIANCE> 6
 2.756960e+03 6.433237e+05 4.562291e+05 2.414112e+04 5.134746e+05 1.088852e+08
<GCONST> 8.710073e+01
<TRANSP> 7
 0.000000e+00 1.000000e+00 0.000000e+00 0.000000e+00 0.000000e+00 0.000000e+00 0.000000e+00
 0.000000e+00 9.965848e-01 3.415182e-03 0.000000e+00 0.000000e+00 0.000000e+00 0.000000e+00
 0.000000e+00 0.000000e+00 9.992121e-01 7.878251e-04 0.000000e+00 0.000000e+00 0.000000e+00
 0.000000e+00 0.000000e+00 0.000000e+00 9.997100e-01 2.900295e-04 0.000000e+00 0.000000e+00
 0.000000e+00 0.000000e+00 0.000000e+00 0.000000e+00 9.997035e-01 2.965203e-04 0.000000e+00
 0.000000e+00 0.000000e+00 0.000000e+00 0.000000e+00 0.000000e+00 9.999474e-01 5.262884e-05
 0.000000e+00 0.000000e+00 0.000000e+00 0.000000e+00 0.000000e+00 0.000000e+00 0.000000e+00
<ENDHMM>
~h "QuintoPRIMARIA"
<BEGINHMM>
<NUMSTATES> 7
<STATE> 2
<NUMMIXES> 2
<MIXTURE> 1 5.000000e-01
<MEAN> 6
 3.733479e+01 1.189810e+02 2.126804e+02 3.312434e+01 1.646936e+02 2.610360e+03
<VARIANCE> 6
 3.115963e+03 4.773707e+05 1.393185e+06 2.636656e+04 6.753857e+05 1.715677e+08
<GCONST> 8.885809e+01
<MIXTURE> 2 5.000000e-01
<MEAN> 6
 1.500647e+01 -1.573871e+02 -2.594527e+02 -3.182679e+01 -1.640338e+02 -2.628994e+03
<VARIANCE> 6
 3.115963e+03 4.773707e+05 1.393185e+06 2.636656e+04 6.753857e+05 1.715677e+08
<GCONST> 8.885809e+01
<STATE> 3
<NUMMIXES> 2
<MIXTURE> 1 5.000000e-01
<MEAN> 6
 6.712505e+01 1.098091e+02 -6.841034e+01 1.238755e+00 3.462384e+01 1.539395e+03
<VARIANCE> 6
 4.381089e+01 2.309757e+04 6.764776e+04 2.998198e+02 4.022584e+04 5.158639e+07
<GCONST> 7.004091e+01
<MIXTURE> 2 5.000000e-01
<MEAN> 6
 6.447745e+01 4.901754e+01 -1.724471e+02 -5.687367e+00 -4.560169e+01 -1.333552e+03
<VARIANCE> 6
 4.381089e+01 2.309757e+04 6.764776e+04 2.998198e+02 4.022584e+04 5.158639e+07
<GCONST> 7.004091e+01
<STATE> 4
<NUMMIXES> 2
<MIXTURE> 1 5.000000e-01
<MEAN> 6
 9.127077e+01 6.933324e+02 6.191307e+02 2.241540e-01 3.618129e+01 1.602950e+03
<VARIANCE> 6
 3.108892e+02 1.358194e+06 2.704516e+06 2.998198e+02 4.022584e+04 5.158639e+07
<GCONST> 7.976302e+01
<MIXTURE> 2 5.000000e-01
<MEAN> 6
 8.421795e+01 2.271660e+02 -3.868576e+01 -6.701968e+00 -4.404424e+01 -1.269997e+03
<VARIANCE> 6
 3.108892e+02 1.358194e+06 2.704516e+06 2.998198e+02 4.022584e+04 5.158639e+07
<GCONST> 7.976302e+01
<STATE> 5
<NUMMIXES> 2
<MIXTURE> 1 5.000000e-01
<MEAN> 6
 8.175838e+01 1.001354e+02 7.743497e+01 1.684501e-01 4.074417e+01 1.443991e+03
<VARIANCE> 6
 6.656490e+01 2.762511e+05 1.553559e+05 2.998198e+02 4.022584e+04 5.158639e+07
<GCONST> 7.377219e+01
<MIXTURE> 2 5.000000e-01
<MEAN> 6
 7.849490e+01 -1.101029e+02 -8.022588e+01 -6.757672e+00 -3.948135e+01 -1.428955e+03
<VARIANCE> 6
 6.656490e+01 2.762511e+05 1.553559e+05 2.998198e+02 4.022584e+04 5.158639e+07
<GCONST> 7.377219e+01
<STATE> 6
<NUMMIXES> 2
<MIXTURE> 1 5.000000e-01
<MEAN> 6
 5.108503e+01 9.815881e+01 3.285842e+02 1.086457e+02 2.412631e+03 9.246012e+04
<VARIANCE> 6
 5.894953e+03 8.845838e+05 6.055894e+05 2.819986e+05 1.456616e+08 2.136030e+11
<GCONST> 1.041498e+02
<MIXTURE> 2 5.000000e-01
<MEAN> 6
 2.037359e+01 -2.780504e+02 1.730565e+01 -1.037685e+02 -2.414983e+03 -9.240869e+04
<VARIANCE> 6
 5.894953e+03 8.845838e+05 6.055894e+05 2.819986e+05 1.456616e+08 2.136030e+11
<GCONST> 1.041498e+02
<TRANSP> 7
 0.000000e+00 1.000000e+00 0.000000e+00 0.000000e+00 0.000000e+00 0.000000e+00 0.000000e+00
 0.000000e+00 9.999570e-01 4.296051e-05 0.000000e+00 0.000000e+00 0.000000e+00 0.000000e+00
 0.000000e+00 0.000000e+00 9.977916e-01 2.208389e-03 0.000000e+00 0.000000e+00 0.000000e+00
 0.000000e+00 0.000000e+00 0.000000e+00 9.991650e-01 8.349484e-04 0.000000e+00 0.000000e+00
 0.000000e+00 0.000000e+00 0.000000e+00 0.000000e+00 9.993986e-01 6.013562e-04 0.000000e+00
 0.000000e+00 0.000000e+00 0.000000e+00 0.000000e+00 0.000000e+00 9.993181e-01 6.818685e-04
 0.000000e+00 0.000000e+00 0.000000e+00 0.000000e+00 0.000000e+00 0.000000e+00 0.000000e+00
<ENDHMM>
