~o
<STREAMINFO> 1 6
<VECSIZE> 6<NULLD><USER><DIAGC>
~h "SegundoPRIMARIA"
<BEGINHMM>
<NUMSTATES> 7
<STATE> 2
<NUMMIXES> 2
<MIXTURE> 1 5.043866e-01
<MEAN> 6
 3.434168e+01 8.878663e+01 7.341507e+01 1.670234e+01 3.554849e+01 1.109066e+03
<VARIANCE> 6
 3.533832e+03 3.049058e+05 3.125484e+05 3.156923e+04 7.231024e+05 2.682597e+08
<GCONST> 8.773639e+01
<MIXTURE> 2 4.955071e-01
<MEAN> 6
 3.036988e+01 -9.198278e+01 -7.488223e+01 -1.555762e+01 -3.453399e+01 -1.148813e+03
<VARIANCE> 6
 3.842073e+03 5.477852e+05 3.748537e+05 3.293438e+04 1.175948e+06 2.746210e+08
<GCONST> 8.913972e+01
<STATE> 3
<NUMMIXES> 2
<MIXTURE> 1 4.894818e-01
<MEAN> 6
 9.556964e+01 1.813044e+01 1.041346e+02 -2.412901e+00 -5.018821e+00 1.245589e+02
<VARIANCE> 6
 2.626466e+02 6.190540e+04 6.344030e+04 2.980957e+02 4.002993e+04 5.131893e+07
<GCONST> 7.273766e+01
<MIXTURE> 2 5.105151e-01
<MEAN> 6
 8.791325e+01 -2.273807e+01 -3.863212e+01 -1.645711e+00 -1.337691e+01 1.227021e+02
<VARIANCE> 6
 2.851454e+02 6.959248e+04 8.593337e+04 2.980957e+02 4.002993e+04 5.131893e+07
<GCONST> 7.324037e+01
<STATE> 4
<NUMMIXES> 2
<MIXTURE> 1 5.151723e-01
<MEAN> 6
 1.035798e+02 4.018433e+02 3.355561e+02 -3.365280e+00 -5.199816e+00 1.241508e+02
<VARIANCE> 6
 2.716502e+02 8.870306e+05 1.115806e+06 2.980957e+02 4.002993e+04 5.131893e+07
<GCONST> 7.830087e+01
<MIXTURE> 2 4.848589e-01
<MEAN> 6
 9.449885e+01 2.788025e+02 -2.613213e+02 -2.383439e+00 -1.168718e+01 1.096913e+02
<VARIANCE> 6
 2.746861e+02 6.954305e+05 7.969666e+05 2.980957e+02 4.002993e+04 5.131893e+07
<GCONST> 7.773212e+01
<STATE> 5
<NUMMIXES> 2
<MIXTURE> 1 4.930320e-01
<MEAN> 6
 8.535381e+01 -7.441156e+02 2.056234e+02 -2.684738e+00 6.767814e+00 -1.092186e+02
<VARIANCE> 6
 1.132161e+02 7.313576e+06 3.051118e+05 2.980957e+02 4.002993e+04 5.131893e+07
<GCONST> 7.823860e+01
<MIXTURE> 2 5.069632e-01
<MEAN> 6
 7.965019e+01 -1.717939e+03 3.154463e+02 -2.271821e+00 4.348049e-01 -1.075166e+02
<VARIANCE> 6
 8.178297e+01 1.709032e+07 5.221417e+05 2.980957e+02 4.002993e+04 5.131893e+07
<GCONST> 7.929942e+01
<STATE> 6
<NUMMIXES> 2
<MIXTURE> 1 4.698404e-01
<MEAN> 6
 4.585553e+01 4.179706e+02 -4.123516e+00 2.330999e+01 -1.735068e+01 -2.135771e+02
<VARIANCE> 6
 5.688687e+03 1.021353e+07 5.001616e+05 1.991883e+05 9.938060e+07 1.428832e+11
<GCONST> 1.052372e+02
<MIXTURE> 2 5.301634e-01
<MEAN> 6
 2.756505e+01 -1.803547e+02 -2.108058e+02 -2.211602e+01 1.173550e+01 2.028779e+02
<VARIANCE> 6
 5.920334e+03 3.463770e+06 6.265426e+05 5.617805e+04 4.822326e+06 5.200812e+09
<GCONST> 9.681638e+01
<TRANSP> 7
 0.000000e+00 1.000000e+00 0.000000e+00 0.000000e+00 0.000000e+00 0.000000e+00 0.000000e+00
 0.000000e+00 9.999563e-01 4.367784e-05 0.000000e+00 0.000000e+00 0.000000e+00 0.000000e+00
 0.000000e+00 0.000000e+00 9.988674e-01 1.132584e-03 0.000000e+00 0.000000e+00 0.000000e+00
 0.000000e+00 0.000000e+00 0.000000e+00 9.990826e-01 9.173492e-04 0.000000e+00 0.000000e+00
 0.000000e+00 0.000000e+00 0.000000e+00 0.000000e+00 9.976002e-01 2.399782e-03 0.000000e+00
 0.000000e+00 0.000000e+00 0.000000e+00 0.000000e+00 0.000000e+00 9.993847e-01 6.152921e-04
 0.000000e+00 0.000000e+00 0.000000e+00 0.000000e+00 0.000000e+00 0.000000e+00 0.000000e+00
<ENDHMM>
~h "SegundoESO"
<BEGINHMM>
<NUMSTATES> 7
<STATE> 2
<NUMMIXES> 2
<MIXTURE> 1 4.889160e-01
<MEAN> 6
 3.812263e+01 5.065963e+02 6.941422e+02 2.102159e+01 2.831071e+01 3.368996e+02
<VARIANCE> 6
 3.156334e+03 2.464126e+07 2.115231e+07 1.777082e+04 3.003176e+05 5.131893e+07
<GCONST> 9.312310e+01
<MIXTURE> 2 5.110847e-01
<MEAN> 6
 3.357073e+01 -5.094693e+02 -3.392299e+02 -1.613239e+01 -2.771995e+01 -3.528885e+02
<VARIANCE> 6
 3.255680e+03 8.911594e+06 1.190263e+07 2.150592e+04 4.274678e+05 7.690213e+07
<GCONST> 9.251031e+01
<STATE> 3
<NUMMIXES> 2
<MIXTURE> 1 4.967147e-01
<MEAN> 6
 7.948686e+01 -2.286684e+02 5.166146e+02 -1.265413e+00 -2.694914e+00 -4.416820e+01
<VARIANCE> 6
 4.306381e+01 3.339449e+05 3.929223e+05 2.980957e+02 4.002993e+04 5.131893e+07
<GCONST> 7.443842e+01
<MIXTURE> 2 5.032838e-01
<MEAN> 6
 7.687489e+01 -6.182153e+02 3.906872e+02 -7.564824e-01 -3.695503e+00 -3.951754e+01
<VARIANCE> 6
 4.217810e+01 7.526811e+05 3.111052e+05 2.980957e+02 4.002993e+04 5.131893e+07
<GCONST> 7.499681e+01
<STATE> 4
<NUMMIXES> 2
<MIXTURE> 1 5.506310e-01
<MEAN> 6
 6.913978e+01 9.517291e+02 -1.157385e+03 -5.265807e-01 -2.701684e+00 -9.805333e+01
<VARIANCE> 6
 7.478750e+01 1.018123e+06 1.893225e+06 2.980957e+02 4.002993e+04 5.131893e+07
<GCONST> 7.767754e+01
<MIXTURE> 2 4.493657e-01
<MEAN> 6
 6.837147e+01 2.758696e+02 -1.837367e+03 -6.496611e-01 -3.665652e+00 -9.353680e+01
<VARIANCE> 6
 1.016277e+02 1.722267e+06 7.168344e+06 2.980957e+02 4.002993e+04 5.131893e+07
<GCONST> 7.984128e+01
<STATE> 5
<NUMMIXES> 2
<MIXTURE> 1 4.849279e-01
<MEAN> 6
 6.692957e+01 2.180982e+02 -1.278581e+02 -1.620983e-01 -5.203826e+00 -1.248600e+02
<VARIANCE> 6
 4.633789e+01 2.883563e+05 1.298931e+05 2.980957e+02 4.002993e+04 5.131893e+07
<GCONST> 7.325801e+01
<MIXTURE> 2 5.150655e-01
<MEAN> 6
 6.381947e+01 1.568182e+01 -1.790018e+02 -1.277354e-01 -4.804622e+00 -1.300483e+02
<VARIANCE> 6
 5.181462e+01 2.440291e+05 1.392278e+05 2.980957e+02 4.002993e+04 5.131893e+07
<GCONST> 7.327222e+01
<STATE> 6
<NUMMIXES> 2
<MIXTURE> 1 5.033314e-01
<MEAN> 6
 2.292112e+01 1.176421e+02 1.695938e+02 1.505580e+01 2.426722e+01 7.002466e+02
<VARIANCE> 6
 2.700208e+03 6.880313e+05 6.898051e+05 2.305310e+04 4.701629e+05 1.045041e+08
<GCONST> 8.738522e+01
<MIXTURE> 2 4.966397e-01
<MEAN> 6
 2.206342e+01 -1.782505e+02 -4.691442e+01 -1.488519e+01 -2.292062e+01 -6.593215e+02
<VARIANCE> 6
 2.724065e+03 1.119432e+06 5.946047e+05 2.426058e+04 5.915201e+05 1.301647e+08
<GCONST> 8.823250e+01
<TRANSP> 7
 0.000000e+00 1.000000e+00 0.000000e+00 0.000000e+00 0.000000e+00 0.000000e+00 0.000000e+00
 0.000000e+00 9.995317e-01 4.683246e-04 0.000000e+00 0.000000e+00 0.000000e+00 0.000000e+00
 0.000000e+00 0.000000e+00 9.988927e-01 1.107301e-03 0.000000e+00 0.000000e+00 0.000000e+00
 0.000000e+00 0.000000e+00 0.000000e+00 9.991267e-01 8.733221e-04 0.000000e+00 0.000000e+00
 0.000000e+00 0.000000e+00 0.000000e+00 0.000000e+00 9.995812e-01 4.187874e-04 0.000000e+00
 0.000000e+00 0.000000e+00 0.000000e+00 0.000000e+00 0.000000e+00 9.999515e-01 4.852962e-05
 0.000000e+00 0.000000e+00 0.000000e+00 0.000000e+00 0.000000e+00 0.000000e+00 0.000000e+00
<ENDHMM>
~h "QuintoPRIMARIA"
<BEGINHMM>
<NUMSTATES> 7
<STATE> 2
<NUMMIXES> 2
<MIXTURE> 1 5.313780e-01
<MEAN> 6
 2.908108e+01 6.653293e+01 1.492665e+02 1.937667e+01 1.701780e+01 2.063138e+02
<VARIANCE> 6
 2.894954e+03 4.877557e+05 1.063097e+06 2.166546e+04 4.406648e+05 1.014708e+08
<GCONST> 8.738705e+01
<MIXTURE> 2 4.683437e-01
<MEAN> 6
 2.392046e+01 -1.003465e+02 -3.061785e+02 -2.087116e+01 -1.493182e+01 -2.822493e+02
<VARIANCE> 6
 3.089772e+03 1.563719e+06 2.977092e+06 2.870147e+04 9.006339e+05 2.588182e+08
<GCONST> 9.157934e+01
<STATE> 3
<NUMMIXES> 2
<MIXTURE> 1 4.629025e-01
<MEAN> 6
 6.837793e+01 3.820295e+01 3.258489e+02 4.233812e+01 -3.580786e+02 2.495398e+03
<VARIANCE> 6
 4.827289e+02 7.661131e+05 1.027932e+06 1.163342e+03 1.618117e+05 5.131893e+07
<GCONST> 8.140567e+01
<MIXTURE> 2 5.370977e-01
<MEAN> 6
 5.724661e+01 -4.620486e+02 1.871295e+02 2.544212e+01 -1.588077e+02 8.974404e+02
<VARIANCE> 6
 4.741811e+02 5.539397e+05 3.438987e+05 7.943520e+02 1.017288e+05 5.131893e+07
<GCONST> 7.912293e+01
<STATE> 4
<NUMMIXES> 2
<MIXTURE> 1 4.922591e-01
<MEAN> 6
 9.099190e+01 4.393498e+02 1.088067e+03 -4.026347e+00 2.851136e+00 1.346883e+02
<VARIANCE> 6
 2.821093e+02 3.932184e+06 3.175294e+06 2.980957e+02 4.002993e+04 5.131893e+07
<GCONST> 8.087354e+01
<MIXTURE> 2 5.077365e-01
<MEAN> 6
 8.718711e+01 5.118575e+02 8.318063e+02 -4.118896e+00 -1.275963e+00 1.376810e+02
<VARIANCE> 6
 2.884047e+02 3.339521e+06 3.319865e+06 2.980957e+02 4.002993e+04 5.131893e+07
<GCONST> 8.077676e+01
<STATE> 5
<NUMMIXES> 2
<MIXTURE> 1 5.179387e-01
<MEAN> 6
 8.098170e+01 3.210423e+01 -2.868171e+01 -3.845441e+00 1.847944e+00 4.126119e+01
<VARIANCE> 6
 1.215133e+02 1.025641e+05 1.873904e+05 2.980957e+02 4.002993e+04 5.131893e+07
<GCONST> 7.355484e+01
<MIXTURE> 2 4.820603e-01
<MEAN> 6
 7.819731e+01 -8.265144e+01 -9.362336e+01 -3.439025e+00 1.422372e-01 3.733407e+01
<VARIANCE> 6
 1.247657e+02 1.233010e+05 2.524116e+05 2.980957e+02 4.002993e+04 5.131893e+07
<GCONST> 7.406326e+01
<STATE> 6
<NUMMIXES> 2
<MIXTURE> 1 5.036561e-01
<MEAN> 6
 4.458131e+01 -7.655258e+01 3.106317e+02 8.641413e+00 5.599483e+02 1.224817e+04
<VARIANCE> 6
 5.470285e+03 6.869116e+05 8.264907e+05 2.629700e+05 1.253368e+08 2.220446e+11
<GCONST> 1.039517e+02
<MIXTURE> 2 4.963415e-01
<MEAN> 6
 2.476746e+01 -2.712035e+02 1.090854e+02 -5.687239e+00 -5.674362e+02 -1.237183e+04
<VARIANCE> 6
 7.063881e+03 1.038647e+06 5.168979e+05 3.079332e+05 1.656225e+08 2.042632e+11
<GCONST> 1.045046e+02
<TRANSP> 7
 0.000000e+00 1.000000e+00 0.000000e+00 0.000000e+00 0.000000e+00 0.000000e+00 0.000000e+00
 0.000000e+00 9.999565e-01 4.344653e-05 0.000000e+00 0.000000e+00 0.000000e+00 0.000000e+00
 0.000000e+00 0.000000e+00 9.948758e-01 5.124163e-03 0.000000e+00 0.000000e+00 0.000000e+00
 0.000000e+00 0.000000e+00 0.000000e+00 9.992190e-01 7.810181e-04 0.000000e+00 0.000000e+00
 0.000000e+00 0.000000e+00 0.000000e+00 0.000000e+00 9.994498e-01 5.502057e-04 0.000000e+00
 0.000000e+00 0.000000e+00 0.000000e+00 0.000000e+00 0.000000e+00 9.993188e-01 6.811789e-04
 0.000000e+00 0.000000e+00 0.000000e+00 0.000000e+00 0.000000e+00 0.000000e+00 0.000000e+00
<ENDHMM>
