~o
<STREAMINFO> 1 6
<VECSIZE> 6<NULLD><USER><DIAGC>
~h "SegundoPRIMARIA"
<BEGINHMM>
<NUMSTATES> 3
<STATE> 2
<NUMMIXES> 10
<MIXTURE> 1 4.226203e-03
<MEAN> 6
 1.576007e+01 -3.701282e+02 3.517839e+00 2.042578e+01 -6.178087e+02 4.283188e+03
<VARIANCE> 6
 9.318204e+03 6.644286e+05 9.614742e+05 1.281794e+06 6.877953e+08 9.930300e+11
<GCONST> 1.093867e+02
<MIXTURE> 2 1.398034e-01
<MEAN> 6
 8.977740e+01 8.288316e+01 4.473111e+01 -3.117423e+00 -1.844968e+01 -1.689422e+02
<VARIANCE> 6
 4.133720e+02 2.047843e+06 8.990109e+05 2.980135e+02 4.004209e+04 5.130436e+07
<GCONST> 7.934107e+01
<MIXTURE> 3 6.721896e-02
<MEAN> 6
 3.945035e+01 -2.101465e+02 -1.680769e+01 -5.408020e+01 -1.894287e+02 3.756225e+03
<VARIANCE> 6
 5.010393e+03 8.348854e+06 1.573525e+06 6.231098e+04 4.216596e+06 2.170063e+09
<GCONST> 9.754545e+01
<MIXTURE> 4 1.569941e-01
<MEAN> 6
 -3.038281e+01 -1.551165e+01 1.061181e+01 -1.173832e+01 1.008728e+03 -4.185295e+02
<VARIANCE> 6
 5.835728e+02 1.911321e+05 9.354505e+04 5.454161e+04 6.557021e+05 3.406576e+08
<GCONST> 8.494992e+01
<MIXTURE> 5 8.617843e-02
<MEAN> 6
 4.938318e+01 1.477697e+02 1.497337e+02 9.811558e+01 -1.685022e+02 -5.312622e+00
<VARIANCE> 6
 1.267529e+03 2.640104e+05 3.050155e+05 3.900515e+04 2.077216e+05 5.130436e+07
<GCONST> 8.385264e+01
<MIXTURE> 6 8.606379e-02
<MEAN> 6
 8.677757e+01 6.620812e+01 8.303082e+00 -2.688330e+00 -3.298436e+01 -1.439257e+02
<VARIANCE> 6
 3.158238e+02 2.314549e+05 9.010821e+04 2.980135e+02 4.004209e+04 5.130436e+07
<GCONST> 7.459147e+01
<MIXTURE> 7 1.273230e-01
<MEAN> 6
 -5.384232e+01 3.610566e+01 -1.563811e+01 1.860973e+01 3.708506e+02 2.588192e+02
<VARIANCE> 6
 2.657084e+02 2.829040e+05 3.488513e+05 3.806596e+03 1.382358e+05 5.130436e+07
<GCONST> 7.975942e+01
<MIXTURE> 8 1.592135e-01
<MEAN> 6
 7.906693e+01 -4.554096e+01 1.913661e+01 -4.437938e+01 -8.837283e+02 -2.635707e+01
<VARIANCE> 6
 7.694409e+02 1.975636e+05 8.630031e+04 4.170295e+04 6.341587e+05 3.106398e+08
<GCONST> 8.478487e+01
<MIXTURE> 9 8.501458e-02
<MEAN> 6
 7.737995e+01 -6.536710e+01 -2.124888e+02 -9.227465e-01 -1.609224e+01 -1.860209e+02
<VARIANCE> 6
 2.090567e+02 1.693656e+05 9.682036e+04 2.980135e+02 4.004209e+04 5.130436e+07
<GCONST> 7.393841e+01
<MIXTURE> 10 8.626818e-02
<MEAN> 6
 4.142650e+01 -4.221447e+01 -3.999939e+01 3.218021e+01 -3.200765e+02 -2.120434e+03
<VARIANCE> 6
 1.257411e+03 2.606030e+05 3.206573e+05 5.197542e+04 2.239246e+05 5.130436e+07
<GCONST> 8.424383e+01
<TRANSP> 3
 0.000000e+00 1.000000e+00 0.000000e+00
 0.000000e+00 9.999627e-01 3.729467e-05
 0.000000e+00 0.000000e+00 0.000000e+00
<ENDHMM>
~h "SegundoESO"
<BEGINHMM>
<NUMSTATES> 3
<STATE> 2
<NUMMIXES> 10
<MIXTURE> 1 1.289062e-01
<MEAN> 6
 7.784786e+01 -6.169287e+01 -8.707918e+01 -3.518953e+00 -2.794352e+01 -7.867968e+01
<VARIANCE> 6
 1.396692e+02 3.792400e+05 8.839249e+05 2.980135e+02 4.004209e+04 5.130436e+07
<GCONST> 7.655270e+01
<MIXTURE> 2 1.153151e-01
<MEAN> 6
 1.709842e+01 2.803218e+02 1.882047e+02 -4.548548e+01 -4.106488e+01 1.703150e+03
<VARIANCE> 6
 2.732212e+03 4.312867e+06 5.811780e+06 4.671896e+04 1.390164e+06 3.894160e+08
<GCONST> 9.446964e+01
<MIXTURE> 3 1.021175e-01
<MEAN> 6
 -3.233984e+01 6.140155e+01 4.169157e+01 -2.065531e+01 7.763724e+02 -4.204344e+01
<VARIANCE> 6
 3.810561e+02 2.970598e+05 1.428497e+05 3.383123e+04 4.315101e+05 2.057480e+08
<GCONST> 8.398779e+01
<MIXTURE> 4 8.307513e-02
<MEAN> 6
 2.866377e+01 2.786254e+02 1.848666e+01 1.192366e+02 -1.315227e+02 -1.715459e+03
<VARIANCE> 6
 7.030763e+02 8.558429e+05 2.971422e+05 1.870198e+04 6.658769e+04 5.130436e+07
<GCONST> 8.254048e+01
<MIXTURE> 5 7.232731e-02
<MEAN> 6
 7.856364e+01 -6.624899e+02 -4.558813e+02 -2.976501e+00 -2.481270e+01 -4.187187e+01
<VARIANCE> 6
 1.088462e+02 4.999474e+06 1.687517e+07 2.980135e+02 4.004209e+04 5.130436e+07
<GCONST> 8.183150e+01
<MIXTURE> 6 7.159062e-02
<MEAN> 6
 7.118430e+01 -2.115755e+01 2.290693e+02 1.131482e+01 -6.460074e+02 8.875331e+02
<VARIANCE> 6
 2.355049e+02 8.398495e+05 4.744225e+05 1.777102e+04 1.640347e+05 7.424830e+07
<GCONST> 8.311591e+01
<MIXTURE> 7 1.210769e-01
<MEAN> 6
 -4.954749e+01 9.635174e+01 6.235185e+01 3.235408e+01 4.739366e+02 -3.501961e+02
<VARIANCE> 6
 2.440948e+02 5.790978e+05 6.347825e+05 6.181788e+03 1.580468e+05 5.130436e+07
<GCONST> 8.160838e+01
<MIXTURE> 8 1.257832e-01
<MEAN> 6
 6.719756e+01 4.963699e+01 -7.406364e+01 -8.934013e-01 -2.108484e+01 -9.849446e+01
<VARIANCE> 6
 6.069340e+01 8.460591e+05 1.100209e+05 2.980135e+02 4.004209e+04 5.130436e+07
<GCONST> 7.443798e+01
<MIXTURE> 9 1.065012e-01
<MEAN> 6
 1.637821e+01 -2.266895e+01 1.519747e+01 -3.003621e+01 -8.934532e+01 5.538145e+02
<VARIANCE> 6
 5.968358e+02 3.339472e+05 1.848735e+05 3.822171e+04 1.013362e+05 5.130436e+07
<GCONST> 8.209571e+01
<MIXTURE> 10 7.112836e-02
<MEAN> 6
 6.607925e+01 -2.811888e+02 4.674330e+00 -4.259190e+01 -7.996547e+02 -1.463824e+03
<VARIANCE> 6
 2.335215e+02 8.693081e+05 4.178951e+05 2.119771e+04 1.767595e+05 7.525050e+07
<GCONST> 8.327950e+01
<TRANSP> 3
 0.000000e+00 1.000000e+00 0.000000e+00
 0.000000e+00 9.999633e-01 3.663344e-05
 0.000000e+00 0.000000e+00 0.000000e+00
<ENDHMM>
~h "QuintoPRIMARIA"
<BEGINHMM>
<NUMSTATES> 3
<STATE> 2
<NUMMIXES> 10
<MIXTURE> 1 1.226269e-01
<MEAN> 6
 7.830137e+01 -4.117760e+01 -2.171874e+02 -1.836581e+00 -1.999957e+01 -2.293891e+01
<VARIANCE> 6
 2.694493e+02 2.809164e+06 5.770785e+06 2.980135e+02 4.004209e+04 5.130436e+07
<GCONST> 8.108847e+01
<MIXTURE> 2 8.423376e-03
<MEAN> 6
 7.468174e+00 -1.064099e+03 -5.805505e+01 -3.027900e+00 -3.441740e+02 2.565151e+03
<VARIANCE> 6
 1.095479e+04 1.665475e+07 7.183231e+05 1.662291e+06 9.091337e+08 1.335483e+12
<GCONST> 1.133137e+02
<MIXTURE> 3 8.598434e-02
<MEAN> 6
 -3.863070e+01 3.438799e+01 1.117918e+02 5.988593e+01 6.895480e+02 4.641588e+02
<VARIANCE> 6
 4.787395e+02 1.418314e+05 2.057764e+05 2.184804e+04 2.807640e+05 7.110155e+07
<GCONST> 8.191211e+01
<MIXTURE> 4 1.540642e-01
<MEAN> 6
 9.526893e+00 1.426641e+02 2.586691e+02 3.439805e+01 -5.748911e+01 -8.422066e+02
<VARIANCE> 6
 2.908055e+03 1.939421e+06 3.850308e+06 3.456667e+04 4.533755e+05 6.527784e+07
<GCONST> 9.011335e+01
<MIXTURE> 5 9.655721e-02
<MEAN> 6
 1.027252e+01 -3.817987e+01 -7.429916e+01 -8.527945e+01 2.254723e+02 3.326423e+03
<VARIANCE> 6
 3.929346e+03 1.193076e+06 1.168230e+06 5.124440e+04 3.014830e+06 1.359967e+09
<GCONST> 9.406068e+01
<MIXTURE> 6 1.117759e-01
<MEAN> 6
 8.237713e+01 5.868732e+01 -6.223063e+01 -4.746180e+00 -1.816299e+01 -2.118336e+02
<VARIANCE> 6
 2.122432e+02 4.337920e+05 1.505187e+05 2.980135e+02 4.004209e+04 5.130436e+07
<GCONST> 7.533527e+01
<MIXTURE> 7 1.044759e-01
<MEAN> 6
 6.098854e+01 4.473407e+01 1.958593e+01 2.155612e+01 -4.862177e+02 -5.289871e+02
<VARIANCE> 6
 5.970958e+02 1.853854e+05 1.417118e+05 2.661887e+04 1.968275e+05 5.657679e+07
<GCONST> 8.164165e+01
<MIXTURE> 8 1.224314e-01
<MEAN> 6
 7.053229e+01 -6.324261e+01 -2.882573e+01 -1.528585e+00 -1.770469e+01 -2.095129e+02
<VARIANCE> 6
 1.435421e+02 5.300773e+04 1.536644e+05 2.980135e+02 4.004209e+04 5.130436e+07
<GCONST> 7.286272e+01
<MIXTURE> 9 1.053444e-01
<MEAN> 6
 4.746949e+01 -3.835630e+01 -1.112045e+01 -3.895288e+01 -5.424516e+02 -5.196851e+01
<VARIANCE> 6
 1.043455e+03 1.383825e+05 1.305409e+05 4.367119e+04 4.473089e+05 1.666170e+08
<GCONST> 8.422143e+01
<MIXTURE> 10 8.653796e-02
<MEAN> 6
 -4.594207e+01 -7.825713e+01 -6.647147e+01 1.022782e+01 5.272788e+02 -1.586764e+03
<VARIANCE> 6
 4.583909e+02 1.484818e+05 2.273870e+05 1.687184e+04 2.495563e+05 7.182128e+07
<GCONST> 8.164815e+01
<TRANSP> 3
 0.000000e+00 1.000000e+00 0.000000e+00
 0.000000e+00 9.999640e-01 3.597655e-05
 0.000000e+00 0.000000e+00 0.000000e+00
<ENDHMM>
