~o
<STREAMINFO> 1 6
<VECSIZE> 6<NULLD><USER><DIAGC>
~h "SegundoPRIMARIA"
<BEGINHMM>
<NUMSTATES> 8
<STATE> 2
<NUMMIXES> 6
<MIXTURE> 1 1.562274e-01
<MEAN> 6
 8.175845e+01 1.896922e+02 6.147010e+02 2.436852e+00 3.861012e+00 1.239653e+03
<VARIANCE> 6
 2.968859e+02 5.844614e+05 2.359370e+06 2.998339e+02 4.032245e+04 5.181961e+07
<GCONST> 7.874413e+01
<MIXTURE> 2 2.197748e-01
<MEAN> 6
 2.662527e+01 -3.968438e+00 -2.111678e+01 -7.673634e+01 -1.862629e+02 1.211564e+03
<VARIANCE> 6
 3.658811e+03 4.119891e+05 1.805886e+06 6.227818e+04 2.407855e+06 7.564600e+08
<GCONST> 9.274525e+01
<MIXTURE> 3 7.044404e-02
<MEAN> 6
 4.616196e+01 -7.634452e+02 1.775435e+02 -2.265740e+01 -1.354954e+02 9.039252e+02
<VARIANCE> 6
 4.536257e+03 3.375607e+07 1.486726e+06 2.300351e+04 6.857972e+05 3.978681e+08
<GCONST> 9.427725e+01
<MIXTURE> 4 2.018526e-01
<MEAN> 6
 -1.506661e+01 8.335531e+01 -7.347905e+01 7.446957e+01 2.092857e+02 -6.446930e+02
<VARIANCE> 6
 3.235727e+03 2.974035e+05 9.104794e+05 2.508440e+04 4.130505e+05 5.719943e+07
<GCONST> 8.635722e+01
<MIXTURE> 5 1.952279e-01
<MEAN> 6
 -9.428400e+00 -2.928856e+01 -1.592495e+02 2.042871e+01 1.045921e+02 -7.588868e+02
<VARIANCE> 6
 3.638185e+03 1.785192e+05 1.419722e+06 2.810615e+04 4.098610e+05 5.386652e+07
<GCONST> 8.645426e+01
<MIXTURE> 6 1.562274e-01
<MEAN> 6
 7.486629e+01 -1.161081e+02 2.913513e-01 -4.489432e+00 -7.646078e+01 -1.639781e+03
<VARIANCE> 6
 2.968859e+02 5.844614e+05 2.359370e+06 2.998339e+02 4.032245e+04 5.181961e+07
<GCONST> 7.874413e+01
<STATE> 3
<NUMMIXES> 6
<MIXTURE> 1 1.511489e-01
<MEAN> 6
 6.957511e+01 2.831504e+02 -3.137725e+02 9.943898e-01 -2.421759e+00 -4.927822e+01
<VARIANCE> 6
 3.648293e+02 2.409546e+04 1.446404e+04 2.998339e+02 4.032245e+04 5.181961e+07
<GCONST> 7.066707e+01
<MIXTURE> 2 1.668858e-01
<MEAN> 6
 7.610275e+01 9.360242e+01 -9.441140e+02 -3.457829e-01 2.157335e+00 -5.945488e+01
<VARIANCE> 6
 4.585360e+01 1.745119e+04 9.550615e+04 2.998339e+02 4.032245e+04 5.181961e+07
<GCONST> 7.015800e+01
<MIXTURE> 3 1.416322e-01
<MEAN> 6
 8.927013e+01 -4.061777e+02 -5.478274e+02 2.421010e+00 3.648593e+01 1.394851e+03
<VARIANCE> 6
 1.905526e+02 3.395524e+04 1.446404e+04 2.998339e+02 4.032245e+04 5.181961e+07
<GCONST> 7.036058e+01
<MIXTURE> 4 2.283030e-01
<MEAN> 6
 7.665784e+01 7.708840e+01 -3.387458e+02 -3.860856e-01 -3.208851e+00 -1.082134e+02
<VARIANCE> 6
 3.179780e+01 1.280424e+04 1.446404e+04 2.998339e+02 4.032245e+04 5.181961e+07
<GCONST> 6.759479e+01
<MIXTURE> 5 1.703545e-01
<MEAN> 6
 6.738913e+01 -9.610382e+01 -1.017804e+03 -1.178464e-02 -8.763059e+00 -8.702927e+01
<VARIANCE> 6
 3.179780e+01 3.870157e+04 3.734009e+04 2.998339e+02 4.032245e+04 5.181961e+07
<GCONST> 6.964929e+01
<MIXTURE> 6 1.416322e-01
<MEAN> 6
 8.374849e+01 -4.798855e+02 -5.959340e+02 -4.505274e+00 -4.383587e+01 -1.484583e+03
<VARIANCE> 6
 1.905526e+02 3.395524e+04 1.446404e+04 2.998339e+02 4.032245e+04 5.181961e+07
<GCONST> 7.036058e+01
<STATE> 4
<NUMMIXES> 6
<MIXTURE> 1 2.175335e-01
<MEAN> 6
 7.583776e+01 1.038583e+02 8.244279e+01 3.208474e-01 -7.821333e+00 -3.100318e+01
<VARIANCE> 6
 3.179780e+01 5.245534e+04 1.500885e+04 2.998339e+02 4.032245e+04 5.181961e+07
<GCONST> 6.904195e+01
<MIXTURE> 2 1.816389e-01
<MEAN> 6
 6.747496e+01 -5.931796e+01 -1.662729e+01 7.875519e-01 1.404986e+00 -1.222137e+02
<VARIANCE> 6
 3.179780e+01 1.280424e+04 6.375888e+04 2.998339e+02 4.032245e+04 5.181961e+07
<GCONST> 6.907822e+01
<MIXTURE> 3 1.502551e-01
<MEAN> 6
 5.942553e+01 -4.392934e+02 -1.567195e+02 3.540983e-01 3.559137e-01 -4.611811e+01
<VARIANCE> 6
 3.179780e+01 1.280424e+04 5.113159e+04 2.998339e+02 4.032245e+04 5.181961e+07
<GCONST> 6.885751e+01
<MIXTURE> 4 1.204064e-01
<MEAN> 6
 7.374816e+01 -6.768875e+01 2.067379e+02 3.506445e+00 3.694928e+01 1.311100e+03
<VARIANCE> 6
 3.179780e+01 4.779962e+04 1.771376e+04 2.998339e+02 4.032245e+04 5.181961e+07
<GCONST> 6.911470e+01
<MIXTURE> 5 2.097195e-01
<MEAN> 6
 6.630125e+01 -6.613167e+01 -1.604281e+02 7.042934e-01 3.536356e+00 -1.318848e+02
<VARIANCE> 6
 3.179780e+01 1.280424e+04 3.638921e+04 2.998339e+02 4.032245e+04 5.181961e+07
<GCONST> 6.851740e+01
<MIXTURE> 6 1.204064e-01
<MEAN> 6
 7.149258e+01 -1.551413e+02 1.535007e+02 -3.419839e+00 -4.337252e+01 -1.568333e+03
<VARIANCE> 6
 3.179780e+01 4.779962e+04 1.771376e+04 2.998339e+02 4.032245e+04 5.181961e+07
<GCONST> 6.911470e+01
<STATE> 5
<NUMMIXES> 6
<MIXTURE> 1 1.909045e-01
<MEAN> 6
 9.938489e+01 -1.912134e+02 5.990116e+02 -3.940986e+00 -2.873329e+00 -5.175799e+01
<VARIANCE> 6
 6.698214e+01 1.630681e+06 7.389009e+04 2.998339e+02 4.032245e+04 5.181961e+07
<GCONST> 7.481770e+01
<MIXTURE> 2 1.683615e-01
<MEAN> 6
 8.915326e+01 5.264248e+02 3.681124e+02 1.789430e+00 4.082439e+01 1.375862e+03
<VARIANCE> 6
 3.179780e+01 1.612441e+05 2.363566e+04 2.998339e+02 4.032245e+04 5.181961e+07
<GCONST> 7.061902e+01
<MIXTURE> 3 1.065788e-01
<MEAN> 6
 8.972504e+01 -1.320856e+02 4.053706e+02 -2.568631e+00 6.778312e-01 -5.155826e+01
<VARIANCE> 6
 3.179780e+01 1.348416e+05 5.984696e+04 2.998339e+02 4.032245e+04 5.181961e+07
<GCONST> 7.136923e+01
<MIXTURE> 4 2.306180e-01
<MEAN> 6
 9.164784e+01 -1.512911e+01 4.143045e+00 -7.131723e-01 1.754318e-01 -1.565848e+02
<VARIANCE> 6
 3.179780e+01 1.801540e+04 1.627851e+04 2.998339e+02 4.032245e+04 5.181961e+07
<GCONST> 6.805441e+01
<MIXTURE> 5 1.351703e-01
<MEAN> 6
 9.922060e+01 -2.423958e+03 -2.867220e+01 -3.359066e+00 -6.982141e+00 -1.510389e+02
<VARIANCE> 6
 3.179780e+01 1.808844e+06 6.349473e+04 2.998339e+02 4.032245e+04 5.181961e+07
<GCONST> 7.402474e+01
<MIXTURE> 6 1.683615e-01
<MEAN> 6
 8.689767e+01 3.658040e+02 3.066168e+02 -5.136854e+00 -3.949741e+01 -1.503572e+03
<VARIANCE> 6
 3.179780e+01 1.612441e+05 2.363566e+04 2.998339e+02 4.032245e+04 5.181961e+07
<GCONST> 7.061902e+01
<STATE> 6
<NUMMIXES> 6
<MIXTURE> 1 1.589271e-01
<MEAN> 6
 8.656963e+01 8.812031e+02 -1.209661e+03 1.856774e+00 3.760801e+01 1.484214e+03
<VARIANCE> 6
 4.470438e+01 3.298942e+05 9.376233e+05 2.998339e+02 4.032245e+04 5.181961e+07
<GCONST> 7.535614e+01
<MIXTURE> 2 1.472768e-01
<MEAN> 6
 7.648663e+01 1.999223e+03 2.597555e+02 -1.405739e+00 -6.144208e+00 -1.291838e+02
<VARIANCE> 6
 3.179780e+01 8.845671e+05 1.391842e+05 2.998339e+02 4.032245e+04 5.181961e+07
<GCONST> 7.409424e+01
<MIXTURE> 3 1.880206e-01
<MEAN> 6
 6.492818e+01 7.403704e+02 -1.228726e+02 -4.352761e-01 -2.160095e+00 -1.680092e+02
<VARIANCE> 6
 3.179780e+01 4.975467e+04 1.446404e+04 2.998339e+02 4.032245e+04 5.181961e+07
<GCONST> 6.895211e+01
<MIXTURE> 4 1.999911e-01
<MEAN> 6
 6.779269e+01 -1.180267e+03 -6.332434e+02 1.562919e-01 -2.918991e+00 -5.430408e+01
<VARIANCE> 6
 7.788045e+01 1.479212e+05 5.715089e+04 2.998339e+02 4.032245e+04 5.181961e+07
<GCONST> 7.231149e+01
<MIXTURE> 5 1.468372e-01
<MEAN> 6
 7.465213e+01 5.916077e+02 3.812951e+02 -1.496380e-01 1.464933e+00 -1.959880e+02
<VARIANCE> 6
 3.179780e+01 2.060507e+06 9.739079e+04 2.998339e+02 4.032245e+04 5.181961e+07
<GCONST> 7.458278e+01
<MIXTURE> 6 1.589271e-01
<MEAN> 6
 8.389517e+01 6.514575e+02 -1.596985e+03 -5.069510e+00 -4.271379e+01 -1.395220e+03
<VARIANCE> 6
 4.470438e+01 3.298942e+05 9.376233e+05 2.998339e+02 4.032245e+04 5.181961e+07
<GCONST> 7.535614e+01
<STATE> 7
<NUMMIXES> 6
<MIXTURE> 1 2.117231e-02
<MEAN> 6
 4.358481e+01 1.778947e+02 2.665767e+01 -6.495773e+00 -8.392274e+02 3.417113e+03
<VARIANCE> 6
 7.017689e+03 2.379901e+06 1.857453e+06 4.381779e+05 2.133501e+08 3.042864e+11
<GCONST> 1.076108e+02
<MIXTURE> 2 2.927176e-01
<MEAN> 6
 -1.456332e-01 8.187347e+01 5.940849e+01 5.122589e+01 2.699827e+02 -5.620757e+02
<VARIANCE> 6
 3.844747e+03 4.326446e+05 2.728860e+05 1.700740e+04 2.021889e+05 5.181961e+07
<GCONST> 8.449785e+01
<MIXTURE> 3 1.764538e-01
<MEAN> 6
 3.247245e+01 7.216806e+01 1.097049e+02 -4.806155e+01 -1.841577e+02 1.120817e+03
<VARIANCE> 6
 3.672426e+03 1.375213e+05 1.436759e+05 6.122880e+04 2.392838e+06 8.579025e+08
<GCONST> 8.922308e+01
<MIXTURE> 4 1.660825e-01
<MEAN> 6
 8.643743e+01 5.533289e+01 5.444625e+01 3.369550e+01 -2.523655e+02 9.927697e+02
<VARIANCE> 6
 7.266022e+02 1.946476e+05 8.098316e+04 2.070651e+04 2.007443e+05 5.181961e+07
<GCONST> 8.100786e+01
<MIXTURE> 5 1.766444e-01
<MEAN> 6
 -6.042171e-01 -1.255485e+02 -5.829176e+01 -4.292470e+01 4.806764e+02 3.421911e+02
<VARIANCE> 6
 3.063144e+03 2.857265e+05 1.160696e+05 5.815299e+04 1.693740e+06 4.023502e+08
<GCONST> 8.840531e+01
<MIXTURE> 6 1.660825e-01
<MEAN> 6
 7.565520e+01 -1.211427e+02 -5.938391e+01 -2.386353e+01 -4.315835e+02 -1.886664e+03
<VARIANCE> 6
 7.266022e+02 1.946476e+05 8.098316e+04 2.070651e+04 2.007443e+05 5.181961e+07
<GCONST> 8.100786e+01
<TRANSP> 8
 0.000000e+00 1.000000e+00 0.000000e+00 0.000000e+00 0.000000e+00 0.000000e+00 0.000000e+00 0.000000e+00
 0.000000e+00 9.998171e-01 1.828525e-04 0.000000e+00 0.000000e+00 0.000000e+00 0.000000e+00 0.000000e+00
 0.000000e+00 0.000000e+00 9.990104e-01 9.895682e-04 0.000000e+00 0.000000e+00 0.000000e+00 0.000000e+00
 0.000000e+00 0.000000e+00 0.000000e+00 9.990482e-01 9.518358e-04 0.000000e+00 0.000000e+00 0.000000e+00
 0.000000e+00 0.000000e+00 0.000000e+00 0.000000e+00 9.988532e-01 1.146780e-03 0.000000e+00 0.000000e+00
 0.000000e+00 0.000000e+00 0.000000e+00 0.000000e+00 0.000000e+00 9.987212e-01 1.278734e-03 0.000000e+00
 0.000000e+00 0.000000e+00 0.000000e+00 0.000000e+00 0.000000e+00 0.000000e+00 9.999436e-01 5.643171e-05
 0.000000e+00 0.000000e+00 0.000000e+00 0.000000e+00 0.000000e+00 0.000000e+00 0.000000e+00 0.000000e+00
<ENDHMM>
~h "SegundoESO"
<BEGINHMM>
<NUMSTATES> 8
<STATE> 2
<NUMMIXES> 6
<MIXTURE> 1 2.122793e-01
<MEAN> 6
 6.292543e+01 5.160859e+02 -4.839158e+02 -4.813765e-02 -3.410831e+00 -9.268066e+01
<VARIANCE> 6
 3.179780e+01 3.547916e+06 1.245755e+05 2.998339e+02 4.032245e+04 5.181961e+07
<GCONST> 7.537237e+01
<MIXTURE> 2 1.202891e-01
<MEAN> 6
 8.817180e+01 -3.614506e+03 3.427401e+03 -2.511518e+00 -3.565646e+00 -1.439913e+02
<VARIANCE> 6
 7.143632e+01 1.898432e+06 1.848058e+07 2.998339e+02 4.032245e+04 5.181961e+07
<GCONST> 8.055602e+01
<MIXTURE> 3 1.419704e-01
<MEAN> 6
 6.306146e+01 5.307877e+02 -1.879967e+03 3.887522e+00 4.011073e+01 1.383611e+03
<VARIANCE> 6
 4.055223e+01 2.581921e+05 3.375727e+06 2.998339e+02 4.032245e+04 5.181961e+07
<GCONST> 7.629460e+01
<MIXTURE> 4 1.667478e-01
<MEAN> 6
 7.452222e+01 -7.799411e+01 -5.311469e+03 -9.023329e-01 -2.241949e+00 -5.220280e+01
<VARIANCE> 6
 3.179780e+01 1.378863e+05 1.097074e+07 2.998339e+02 4.032245e+04 5.181961e+07
<GCONST> 7.660275e+01
<MIXTURE> 5 2.166916e-01
<MEAN> 6
 6.327692e+01 8.827285e+02 -8.294841e+02 -1.184572e-01 -4.079006e+00 -9.196928e+01
<VARIANCE> 6
 3.179780e+01 2.615266e+06 2.945242e+05 2.998339e+02 4.032245e+04 5.181961e+07
<GCONST> 7.592783e+01
<MIXTURE> 6 1.419704e-01
<MEAN> 6
 6.051424e+01 3.275373e+02 -2.614893e+03 -3.038763e+00 -4.021107e+01 -1.495823e+03
<VARIANCE> 6
 4.055223e+01 2.581921e+05 3.375727e+06 2.998339e+02 4.032245e+04 5.181961e+07
<GCONST> 7.629460e+01
<STATE> 3
<NUMMIXES> 6
<MIXTURE> 1 1.364308e-01
<MEAN> 6
 7.558826e+01 3.252485e+02 3.659716e+02 3.225447e+00 3.437094e+01 1.347903e+03
<VARIANCE> 6
 3.179780e+01 1.630992e+05 5.749775e+05 2.998339e+02 4.032245e+04 5.181961e+07
<GCONST> 7.382203e+01
<MIXTURE> 2 2.696873e-01
<MEAN> 6
 6.408370e+01 4.289960e+02 -9.858291e+00 1.528553e-01 -2.661378e+00 -1.311689e+02
<VARIANCE> 6
 3.634637e+01 1.913340e+05 3.947485e+04 2.998339e+02 4.032245e+04 5.181961e+07
<GCONST> 7.143672e+01
<MIXTURE> 3 1.404065e-01
<MEAN> 6
 6.153923e+01 -2.883887e+01 5.430035e+01 4.837438e-03 -1.903390e+00 -1.157433e+02
<VARIANCE> 6
 3.179780e+01 1.123973e+05 7.667972e+04 2.998339e+02 4.032245e+04 5.181961e+07
<GCONST> 7.143501e+01
<MIXTURE> 4 1.741971e-01
<MEAN> 6
 8.240507e+01 -8.081711e+02 1.634744e+02 -6.045262e-01 -5.458776e+00 -1.257846e+02
<VARIANCE> 6
 3.179780e+01 2.269897e+05 6.169451e+04 2.998339e+02 4.032245e+04 5.181961e+07
<GCONST> 7.192044e+01
<MIXTURE> 5 1.426479e-01
<MEAN> 6
 5.991480e+01 -7.294793e+01 -7.146053e+01 4.757711e-02 6.309253e-02 -1.140409e+02
<VARIANCE> 6
 3.179780e+01 8.031188e+04 7.593875e+04 2.998339e+02 4.032245e+04 5.181961e+07
<GCONST> 7.108919e+01
<MIXTURE> 6 1.364308e-01
<MEAN> 6
 7.333268e+01 1.637063e+02 6.266255e+01 -3.700838e+00 -4.595086e+01 -1.531530e+03
<VARIANCE> 6
 3.179780e+01 1.630992e+05 5.749775e+05 2.998339e+02 4.032245e+04 5.181961e+07
<GCONST> 7.382203e+01
<STATE> 4
<NUMMIXES> 6
<MIXTURE> 1 1.900410e-01
<MEAN> 6
 -3.623566e+01 1.534504e+02 1.258179e+02 1.753948e+01 7.112190e+02 -1.138772e+03
<VARIANCE> 6
 4.546180e+02 4.779558e+05 2.414364e+05 2.809681e+04 3.416054e+05 1.142666e+08
<GCONST> 8.415723e+01
<MIXTURE> 2 1.214665e-01
<MEAN> 6
 2.334355e+01 -8.042413e+01 1.089285e+01 -9.846590e+01 -9.243483e+01 3.929730e+03
<VARIANCE> 6
 3.043730e+03 2.801542e+06 2.262848e+06 4.089466e+04 2.057030e+06 6.671520e+08
<GCONST> 9.399997e+01
<MIXTURE> 3 2.198733e-01
<MEAN> 6
 7.412576e+01 -9.287247e+01 1.769215e+02 9.919649e+00 -3.428251e+02 -4.373393e+02
<VARIANCE> 6
 1.604385e+02 5.674564e+05 7.782751e+05 7.413461e+03 1.345016e+05 5.181961e+07
<GCONST> 8.140259e+01
<MIXTURE> 4 1.409716e-01
<MEAN> 6
 4.749132e+01 1.468507e+02 8.891877e+01 4.364693e+01 -3.224128e+02 1.352916e+03
<VARIANCE> 6
 7.551894e+02 9.333090e+05 3.046410e+05 4.174647e+04 2.019821e+05 5.637196e+07
<GCONST> 8.473040e+01
<MIXTURE> 5 1.859996e-01
<MEAN> 6
 -3.575402e+01 -3.700750e+01 -5.583348e+01 3.370992e+01 3.652988e+02 -6.149601e+02
<VARIANCE> 6
 5.987896e+02 3.831920e+05 7.389594e+05 1.669961e+04 1.380316e+05 5.181961e+07
<GCONST> 8.311313e+01
<MIXTURE> 6 1.409716e-01
<MEAN> 6
 3.649903e+01 -2.395809e+02 -1.318584e+02 -3.808089e+01 -5.021824e+02 -1.650335e+03
<VARIANCE> 6
 7.551894e+02 9.333090e+05 3.046410e+05 4.174647e+04 2.019821e+05 5.637196e+07
<GCONST> 8.473040e+01
<STATE> 5
<NUMMIXES> 6
<MIXTURE> 1 1.223771e-01
<MEAN> 6
 9.403625e+01 6.443435e+02 -2.909696e+02 -8.666434e-01 3.643385e+01 1.608044e+03
<VARIANCE> 6
 1.653177e+02 4.161331e+05 1.441522e+05 2.998339e+02 4.032245e+04 5.181961e+07
<GCONST> 7.502369e+01
<MIXTURE> 2 1.776657e-01
<MEAN> 6
 7.363539e+01 4.480951e+02 1.963773e+02 -2.721427e+00 -1.265205e-01 4.156345e+01
<VARIANCE> 6
 6.282099e+01 1.019026e+06 1.438898e+05 2.998339e+02 4.032245e+04 5.181961e+07
<GCONST> 7.494989e+01
<MIXTURE> 3 1.872404e-01
<MEAN> 6
 8.317316e+01 -2.193465e+01 7.802522e+02 -2.643449e+00 -8.185790e+00 1.246092e+02
<VARIANCE> 6
 4.450566e+01 4.582937e+05 1.801518e+06 2.998339e+02 4.032245e+04 5.181961e+07
<GCONST> 7.633345e+01
<MIXTURE> 4 1.874801e-01
<MEAN> 6
 7.746389e+01 -5.385517e+02 9.779911e+02 -1.731061e+00 -3.831752e+00 -2.651026e+00
<VARIANCE> 6
 3.179780e+01 7.201798e+05 2.670155e+06 2.998339e+02 4.032245e+04 5.181961e+07
<GCONST> 7.684273e+01
<MIXTURE> 5 2.028333e-01
<MEAN> 6
 7.295144e+01 -3.347988e+02 -5.285114e+01 -2.194451e+00 -2.111710e+00 2.061911e+01
<VARIANCE> 6
 5.932406e+01 6.684364e+05 4.025600e+04 2.998339e+02 4.032245e+04 5.181961e+07
<GCONST> 7.319716e+01
<MIXTURE> 6 1.223771e-01
<MEAN> 6
 8.889322e+01 3.863100e+02 -4.428391e+02 -7.792928e+00 -4.388795e+01 -1.271390e+03
<VARIANCE> 6
 1.653177e+02 4.161331e+05 1.441522e+05 2.998339e+02 4.032245e+04 5.181961e+07
<GCONST> 7.502369e+01
<STATE> 6
<NUMMIXES> 6
<MIXTURE> 1 1.286304e-01
<MEAN> 6
 8.884235e+01 4.619609e+02 3.635471e+02 -4.957695e-01 1.448886e+01 1.394339e+03
<VARIANCE> 6
 2.075855e+02 2.174217e+07 1.814346e+07 2.998339e+02 4.032245e+04 5.181961e+07
<GCONST> 8.404256e+01
<MIXTURE> 2 1.071438e-01
<MEAN> 6
 -4.307948e+01 6.101849e+02 1.822077e+03 -1.534262e+01 9.845667e+02 1.050693e+02
<VARIANCE> 6
 4.938038e+02 1.511500e+06 6.594304e+06 4.140127e+04 3.849653e+05 1.856588e+08
<GCONST> 8.969112e+01
<MIXTURE> 3 2.266303e-01
<MEAN> 6
 2.428165e+01 4.339129e+02 5.817999e+01 -1.731139e+01 -1.911081e+02 4.039245e+02
<VARIANCE> 6
 1.846581e+03 2.041182e+07 1.063296e+07 4.291431e+04 5.050293e+05 1.209510e+08
<GCONST> 9.396967e+01
<MIXTURE> 4 2.281567e-01
<MEAN> 6
 7.386507e+01 9.697664e+00 3.844334e+01 1.986267e+01 -4.382321e+02 -1.638155e+02
<VARIANCE> 6
 4.304692e+02 4.176792e+06 6.804563e+06 1.826825e+04 1.098528e+05 5.181961e+07
<GCONST> 8.725339e+01
<MIXTURE> 5 1.806707e-01
<MEAN> 6
 -3.695531e+01 3.671381e+02 4.492346e+02 1.793416e+01 2.591430e+02 -2.154082e+02
<VARIANCE> 6
 6.758641e+02 1.386326e+06 4.681636e+06 1.270477e+04 8.316520e+04 5.181961e+07
<GCONST> 8.558618e+01
<MIXTURE> 6 1.286304e-01
<MEAN> 6
 8.307921e+01 -1.403179e+03 -1.340259e+03 -7.422054e+00 -6.583294e+01 -1.485094e+03
<VARIANCE> 6
 2.075855e+02 2.174217e+07 1.814346e+07 2.998339e+02 4.032245e+04 5.181961e+07
<GCONST> 8.404256e+01
<STATE> 7
<NUMMIXES> 6
<MIXTURE> 1 1.362706e-01
<MEAN> 6
 4.759433e+01 8.019112e+01 5.242859e+01 4.133045e+01 -1.729028e+02 1.539728e+03
<VARIANCE> 6
 6.978333e+02 7.980588e+04 2.249272e+04 2.213146e+04 8.173824e+04 5.181961e+07
<GCONST> 7.796286e+01
<MIXTURE> 2 1.432555e-01
<MEAN> 6
 -2.154052e+01 3.744409e+01 6.198481e+01 -7.824538e+01 6.241854e+02 1.491215e+03
<VARIANCE> 6
 5.576646e+02 8.592301e+04 7.579259e+04 3.173287e+04 5.265066e+05 2.915561e+08
<GCONST> 8.297785e+01
<MIXTURE> 3 2.037009e-01
<MEAN> 6
 6.976080e+01 -1.325185e+02 9.827218e+00 -2.214368e+01 -6.484005e+02 -6.050408e+01
<VARIANCE> 6
 2.340557e+02 3.261044e+05 4.763837e+04 1.360797e+04 3.860054e+05 1.432620e+08
<GCONST> 8.111139e+01
<MIXTURE> 4 1.949428e-01
<MEAN> 6
 2.128396e+01 -1.145542e+02 -2.332146e+01 4.932072e+01 7.177414e+00 -4.123787e+02
<VARIANCE> 6
 1.123757e+03 1.026161e+05 9.906219e+04 1.792729e+04 5.585664e+04 5.181961e+07
<GCONST> 7.958185e+01
<MIXTURE> 5 1.853266e-01
<MEAN> 6
 -3.864288e+01 -8.060677e+00 -6.482379e+01 1.893376e+01 5.688062e+02 -6.703497e+02
<VARIANCE> 6
 1.816057e+02 7.341635e+04 4.984821e+04 1.026612e+04 1.857555e+05 5.181961e+07
<GCONST> 7.738181e+01
<MIXTURE> 6 1.362706e-01
<MEAN> 6
 3.702771e+01 -3.280862e+01 -7.561708e+00 -1.817613e+01 -2.872624e+02 -1.339705e+03
<VARIANCE> 6
 6.978333e+02 7.980588e+04 2.249272e+04 2.213146e+04 8.173824e+04 5.181961e+07
<GCONST> 7.796286e+01
<TRANSP> 8
 0.000000e+00 1.000000e+00 0.000000e+00 0.000000e+00 0.000000e+00 0.000000e+00 0.000000e+00 0.000000e+00
 0.000000e+00 9.992564e-01 7.435697e-04 0.000000e+00 0.000000e+00 0.000000e+00 0.000000e+00 0.000000e+00
 0.000000e+00 0.000000e+00 9.996361e-01 3.639578e-04 0.000000e+00 0.000000e+00 0.000000e+00 0.000000e+00
 0.000000e+00 0.000000e+00 0.000000e+00 9.999219e-01 7.812354e-05 0.000000e+00 0.000000e+00 0.000000e+00
 0.000000e+00 0.000000e+00 0.000000e+00 0.000000e+00 9.994311e-01 5.689032e-04 0.000000e+00 0.000000e+00
 0.000000e+00 0.000000e+00 0.000000e+00 0.000000e+00 0.000000e+00 9.996988e-01 3.011838e-04 0.000000e+00
 0.000000e+00 0.000000e+00 0.000000e+00 0.000000e+00 0.000000e+00 0.000000e+00 9.998040e-01 1.960147e-04
 0.000000e+00 0.000000e+00 0.000000e+00 0.000000e+00 0.000000e+00 0.000000e+00 0.000000e+00 0.000000e+00
<ENDHMM>
~h "QuintoPRIMARIA"
<BEGINHMM>
<NUMSTATES> 8
<STATE> 2
<NUMMIXES> 6
<MIXTURE> 1 2.719512e-01
<MEAN> 6
 -5.096545e+01 -4.939057e+01 4.614063e+01 4.246938e+01 6.010921e+02 -6.781243e+02
<VARIANCE> 6
 4.288050e+02 4.951981e+05 1.249686e+06 2.133640e+04 2.857198e+05 7.708714e+07
<GCONST> 8.493076e+01
<MIXTURE> 2 2.527988e-01
<MEAN> 6
 3.909224e+01 7.898205e+00 9.960663e+01 -5.182700e+00 -5.138931e+02 -6.014945e+02
<VARIANCE> 6
 1.188695e+03 1.237073e+06 1.706676e+06 5.552575e+04 4.433059e+05 1.469214e+08
<GCONST> 8.921822e+01
<MIXTURE> 3 1.436344e-01
<MEAN> 6
 7.668004e+01 2.111200e+02 3.407782e+02 3.137125e+00 1.467482e+01 1.308557e+03
<VARIANCE> 6
 2.114523e+02 6.789845e+05 2.795234e+06 2.998339e+02 4.032245e+04 5.181961e+07
<GCONST> 7.872421e+01
<MIXTURE> 4 8.423154e-02
<MEAN> 6
 3.650081e+00 -3.211895e+02 -1.242744e+03 -1.366262e+02 3.581384e+02 5.233153e+03
<VARIANCE> 6
 3.646381e+03 7.878577e+06 8.006200e+06 4.214579e+04 3.214581e+06 1.272193e+09
<GCONST> 9.760023e+01
<MIXTURE> 5 1.031930e-01
<MEAN> 6
 7.256787e+01 -1.026347e+02 -2.443057e+01 2.043147e+01 -5.412949e+02 -6.887972e+02
<VARIANCE> 6
 3.046518e+02 5.147366e+05 1.599265e+06 1.637978e+04 1.055583e+05 5.181961e+07
<GCONST> 8.321700e+01
<MIXTURE> 6 1.436344e-01
<MEAN> 6
 7.086348e+01 -1.184821e+02 -3.279799e+02 -3.789160e+00 -6.564698e+01 -1.570877e+03
<VARIANCE> 6
 2.114523e+02 6.789845e+05 2.795234e+06 2.998339e+02 4.032245e+04 5.181961e+07
<GCONST> 7.872421e+01
<STATE> 3
<NUMMIXES> 6
<MIXTURE> 1 1.952227e-01
<MEAN> 6
 8.710197e+01 4.410886e+02 -3.623989e+02 -2.201533e+00 -6.365224e+00 2.641891e+02
<VARIANCE> 6
 4.376046e+02 5.633887e+06 8.920152e+04 2.998339e+02 4.032245e+04 5.181961e+07
<GCONST> 7.812271e+01
<MIXTURE> 2 1.605025e-01
<MEAN> 6
 8.498204e+01 -2.218823e+01 -1.053543e+02 -1.694486e+00 -2.726047e+00 -1.204651e+01
<VARIANCE> 6
 5.356860e+01 1.709198e+04 2.080138e+04 2.998339e+02 4.032245e+04 5.181961e+07
<GCONST> 6.876854e+01
<MIXTURE> 3 1.464227e-01
<MEAN> 6
 8.038261e+01 2.091315e+02 1.322784e+02 -1.215464e+00 -6.366486e+00 -1.196542e+02
<VARIANCE> 6
 3.179780e+01 2.673473e+04 1.750746e+04 2.998339e+02 4.032245e+04 5.181961e+07
<GCONST> 6.852193e+01
<MIXTURE> 4 1.471423e-01
<MEAN> 6
 9.143492e+01 -3.637743e+02 -5.951025e+02 2.110734e+00 3.746914e+01 1.465927e+03
<VARIANCE> 6
 8.143309e+01 3.117047e+04 1.318834e+05 2.998339e+02 4.032245e+04 5.181961e+07
<GCONST> 7.163512e+01
<MIXTURE> 5 2.035513e-01
<MEAN> 6
 8.327871e+01 -8.844166e+01 -1.603081e+02 -8.807361e-01 -3.859634e+00 4.698436e+00
<VARIANCE> 6
 3.179780e+01 1.280424e+04 2.593532e+04 2.998339e+02 4.032245e+04 5.181961e+07
<GCONST> 6.817873e+01
<MIXTURE> 6 1.471423e-01
<MEAN> 6
 8.782530e+01 -4.343949e+02 -7.403655e+02 -4.815551e+00 -4.285266e+01 -1.413507e+03
<VARIANCE> 6
 8.143309e+01 3.117047e+04 1.318834e+05 2.998339e+02 4.032245e+04 5.181961e+07
<GCONST> 7.163512e+01
<STATE> 4
<NUMMIXES> 6
<MIXTURE> 1 1.813979e-01
<MEAN> 6
 6.358320e+01 1.691431e+03 1.783556e+03 -7.674598e-01 -2.978303e-01 1.206593e+02
<VARIANCE> 6
 1.695658e+02 2.662333e+05 6.039652e+05 2.998339e+02 4.032245e+04 5.181961e+07
<GCONST> 7.603508e+01
<MIXTURE> 2 1.715796e-01
<MEAN> 6
 9.988458e+01 7.647260e+02 2.327275e+03 -2.373486e+00 -6.648375e+00 2.965049e+01
<VARIANCE> 6
 3.179780e+01 3.881055e+05 4.014150e+05 2.998339e+02 4.032245e+04 5.181961e+07
<GCONST> 7.432962e+01
<MIXTURE> 3 1.550153e-01
<MEAN> 6
 1.026599e+02 7.128121e+02 1.943266e+02 -3.974865e+00 -1.668337e+00 9.862536e+01
<VARIANCE> 6
 6.977940e+01 2.113611e+04 3.016430e+04 2.998339e+02 4.032245e+04 5.181961e+07
<GCONST> 6.961693e+01
<MIXTURE> 4 1.554655e-01
<MEAN> 6
 7.676527e+01 1.147232e+03 2.839866e+02 1.470640e+00 3.666689e+01 1.454407e+03
<VARIANCE> 6
 3.235553e+01 7.454077e+04 2.319369e+05 2.998339e+02 4.032245e+04 5.181961e+07
<GCONST> 7.214854e+01
<MIXTURE> 5 1.810629e-01
<MEAN> 6
 9.457840e+01 2.967809e+02 2.503797e+03 -2.439734e+00 1.157796e+01 1.784654e+02
<VARIANCE> 6
 5.782815e+01 7.695890e+04 6.366246e+05 2.998339e+02 4.032245e+04 5.181961e+07
<GCONST> 7.377087e+01
<MIXTURE> 6 1.554655e-01
<MEAN> 6
 7.448999e+01 1.038024e+03 9.134724e+01 -5.455645e+00 -4.365491e+01 -1.425027e+03
<VARIANCE> 6
 3.235553e+01 7.454077e+04 2.319369e+05 2.998339e+02 4.032245e+04 5.181961e+07
<GCONST> 7.214854e+01
<STATE> 5
<NUMMIXES> 6
<MIXTURE> 1 1.141309e-01
<MEAN> 6
 7.784978e+01 1.226337e+03 -1.402353e+03 -3.263771e+00 9.080121e-02 -1.344454e+01
<VARIANCE> 6
 3.179780e+01 1.280424e+04 1.096244e+05 2.998339e+02 4.032245e+04 5.181961e+07
<GCONST> 6.962018e+01
<MIXTURE> 2 2.022671e-01
<MEAN> 6
 9.748796e+01 6.501368e+02 -2.106747e+03 -2.942142e+00 8.002922e-01 6.420076e+00
<VARIANCE> 6
 4.543319e+01 2.183944e+04 5.107038e+05 2.998339e+02 4.032245e+04 5.181961e+07
<GCONST> 7.204970e+01
<MIXTURE> 3 2.454080e-01
<MEAN> 6
 7.943279e+01 4.504798e+02 -1.705126e+02 -2.279080e+00 2.504880e+00 5.498079e+01
<VARIANCE> 6
 9.484752e+01 1.280424e+04 4.025116e+04 2.998339e+02 4.032245e+04 5.181961e+07
<GCONST> 6.971113e+01
<MIXTURE> 4 1.456068e-01
<MEAN> 6
 8.122882e+01 5.220948e+02 -7.678838e+02 1.499541e+00 3.610532e+01 1.401702e+03
<VARIANCE> 6
 3.239785e+01 4.282762e+04 6.377352e+04 2.998339e+02 4.032245e+04 5.181961e+07
<GCONST> 7.030456e+01
<MIXTURE> 5 1.469659e-01
<MEAN> 6
 7.522668e+01 4.667740e+02 -4.368754e+02 -1.558140e+00 -4.062247e+00 -4.331596e+01
<VARIANCE> 6
 3.179780e+01 1.280424e+04 1.864902e+05 2.998339e+02 4.032245e+04 5.181961e+07
<GCONST> 7.015150e+01
<MIXTURE> 6 1.456068e-01
<MEAN> 6
 7.895206e+01 4.393154e+02 -8.688975e+02 -5.426744e+00 -4.421648e+01 -1.477732e+03
<VARIANCE> 6
 3.239785e+01 4.282762e+04 6.377352e+04 2.998339e+02 4.032245e+04 5.181961e+07
<GCONST> 7.030456e+01
<STATE> 6
<NUMMIXES> 6
<MIXTURE> 1 1.016647e-01
<MEAN> 6
 7.448595e+01 -3.855474e+02 2.186419e+03 -3.907547e+00 1.567463e+00 5.967079e+01
<VARIANCE> 6
 1.429182e+02 1.112729e+05 1.397813e+06 2.998339e+02 4.032245e+04 5.181961e+07
<GCONST> 7.583087e+01
<MIXTURE> 2 2.640993e-01
<MEAN> 6
 6.743960e+01 9.054942e+00 4.581472e+02 -6.227871e-01 -2.869518e+00 -1.043036e+02
<VARIANCE> 6
 7.013168e+01 2.381470e+04 8.263061e+04 2.998339e+02 4.032245e+04 5.181961e+07
<GCONST> 7.074901e+01
<MIXTURE> 3 1.556969e-01
<MEAN> 6
 5.929378e+01 4.330497e+01 1.186384e+02 3.311452e+00 3.547147e+01 1.280121e+03
<VARIANCE> 6
 3.179780e+01 2.292881e+04 6.593737e+04 2.998339e+02 4.032245e+04 5.181961e+07
<GCONST> 6.969444e+01
<MIXTURE> 4 1.456468e-01
<MEAN> 6
 6.288707e+01 -5.816827e+01 -2.813127e+02 -2.428770e-01 -5.611652e+00 -1.686163e+02
<VARIANCE> 6
 3.179780e+01 2.690976e+04 9.120002e+04 2.998339e+02 4.032245e+04 5.181961e+07
<GCONST> 7.017889e+01
<MIXTURE> 5 1.771369e-01
<MEAN> 6
 6.288300e+01 -1.688561e+02 -3.573948e+02 -4.363423e-01 -5.383072e+00 -1.407219e+02
<VARIANCE> 6
 3.179780e+01 1.280424e+04 6.157171e+04 2.998339e+02 4.032245e+04 5.181961e+07
<GCONST> 6.904332e+01
<MIXTURE> 6 1.556969e-01
<MEAN> 6
 5.703820e+01 -1.726408e+01 1.592534e+01 -3.614833e+00 -4.485033e+01 -1.599313e+03
<VARIANCE> 6
 3.179780e+01 2.292881e+04 6.593737e+04 2.998339e+02 4.032245e+04 5.181961e+07
<GCONST> 6.969444e+01
<STATE> 7
<NUMMIXES> 6
<MIXTURE> 1 1.959058e-01
<MEAN> 6
 8.129511e+01 -6.114227e+01 3.127268e+01 -4.603725e+00 -5.832977e+01 -2.840955e+01
<VARIANCE> 6
 1.641303e+02 4.819013e+05 3.403741e+05 1.221093e+03 4.032245e+04 5.181961e+07
<GCONST> 7.742667e+01
<MIXTURE> 2 2.196168e-02
<MEAN> 6
 -6.883030e-01 1.235915e+02 9.103993e+01 -3.973999e+01 1.494585e+01 4.425808e+03
<VARIANCE> 6
 1.084533e+04 4.034196e+05 1.351073e+06 1.514924e+06 8.230924e+08 1.210135e+12
<GCONST> 1.099241e+02
<MIXTURE> 3 1.825348e-01
<MEAN> 6
 -1.200612e+00 7.014469e+01 1.482383e+02 -1.873794e+00 1.324926e+02 5.791107e+00
<VARIANCE> 6
 3.018342e+03 1.500039e+05 4.848615e+05 4.323011e+04 1.097878e+06 2.699257e+08
<GCONST> 8.804661e+01
<MIXTURE> 4 2.008126e-01
<MEAN> 6
 3.972831e+01 3.450570e+01 4.615368e+01 4.639347e+01 -6.101264e+01 9.644109e+02
<VARIANCE> 6
 2.553835e+03 5.678384e+04 5.913840e+04 2.152034e+04 2.985970e+05 5.181961e+07
<GCONST> 8.115414e+01
<MIXTURE> 5 1.973323e-01
<MEAN> 6
 -4.451684e+00 -1.113813e+02 2.308356e+01 -2.121932e+01 2.839944e+02 6.015132e+02
<VARIANCE> 6
 3.001312e+03 2.608627e+05 1.098802e+05 4.187440e+04 1.397459e+06 4.198037e+08
<GCONST> 8.776086e+01
<MIXTURE> 6 2.008126e-01
<MEAN> 6
 1.951411e+01 -6.081174e+01 -5.111987e+01 -1.228579e+01 -2.795888e+02 -1.915023e+03
<VARIANCE> 6
 2.553835e+03 5.678384e+04 5.913840e+04 2.152034e+04 2.985970e+05 5.181961e+07
<GCONST> 8.115414e+01
<TRANSP> 8
 0.000000e+00 1.000000e+00 0.000000e+00 0.000000e+00 0.000000e+00 0.000000e+00 0.000000e+00 0.000000e+00
 0.000000e+00 9.999187e-01 8.125437e-05 0.000000e+00 0.000000e+00 0.000000e+00 0.000000e+00 0.000000e+00
 0.000000e+00 0.000000e+00 9.990052e-01 9.947588e-04 0.000000e+00 0.000000e+00 0.000000e+00 0.000000e+00
 0.000000e+00 0.000000e+00 0.000000e+00 9.982905e-01 1.709508e-03 0.000000e+00 0.000000e+00 0.000000e+00
 0.000000e+00 0.000000e+00 0.000000e+00 0.000000e+00 9.980689e-01 1.931113e-03 0.000000e+00 0.000000e+00
 0.000000e+00 0.000000e+00 0.000000e+00 0.000000e+00 0.000000e+00 9.993792e-01 6.207903e-04 0.000000e+00
 0.000000e+00 0.000000e+00 0.000000e+00 0.000000e+00 0.000000e+00 0.000000e+00 9.999151e-01 8.492200e-05
 0.000000e+00 0.000000e+00 0.000000e+00 0.000000e+00 0.000000e+00 0.000000e+00 0.000000e+00 0.000000e+00
<ENDHMM>
