~o
<STREAMINFO> 1 6
<VECSIZE> 6<NULLD><USER><DIAGC>
~h "SegundoPRIMARIA"
<BEGINHMM>
<NUMSTATES> 5
<STATE> 2
<NUMMIXES> 10
<MIXTURE> 1 1.280091e-01
<MEAN> 6
 2.130924e+01 1.280898e+01 1.874788e+01 2.545402e+02 2.954368e+01 -3.654315e+03
<VARIANCE> 6
 8.170229e+02 1.282507e+05 4.538111e+04 7.946379e+03 2.837988e+05 8.557974e+07
<GCONST> 8.001897e+01
<MIXTURE> 2 8.351805e-02
<MEAN> 6
 5.450529e+01 2.763017e+01 2.870012e+01 -1.790085e+01 -5.114600e+02 1.059832e+03
<VARIANCE> 6
 3.859453e+03 5.582196e+05 5.683138e+05 7.140973e+04 5.608794e+06 2.847510e+09
<GCONST> 9.425423e+01
<MIXTURE> 3 1.072629e-01
<MEAN> 6
 8.131698e+01 7.687359e+00 2.259706e+01 -1.394001e+00 -2.347090e+01 -1.636271e+02
<VARIANCE> 6
 3.001583e+02 3.813148e+05 1.523943e+05 2.996357e+02 3.956501e+04 5.051235e+07
<GCONST> 7.554318e+01
<MIXTURE> 4 1.016934e-01
<MEAN> 6
 8.943468e+01 5.250790e+01 3.140439e+01 1.319807e+01 -7.193735e+02 -8.493551e+02
<VARIANCE> 6
 3.213565e+02 1.185438e+05 4.973388e+04 1.883173e+04 5.769789e+05 2.609921e+08
<GCONST> 8.178616e+01
<MIXTURE> 5 1.269853e-01
<MEAN> 6
 -4.370922e+01 -2.446788e+01 -7.871569e+00 1.464993e+01 1.331708e+03 -3.371632e+03
<VARIANCE> 6
 2.962901e+02 1.577604e+05 5.882495e+04 3.650598e+04 5.324169e+05 2.636283e+08
<GCONST> 8.275022e+01
<MIXTURE> 6 9.015137e-02
<MEAN> 6
 1.109157e+01 -1.464257e+01 2.273175e+01 -3.113222e+02 5.139619e+00 1.152347e+04
<VARIANCE> 6
 6.770464e+02 7.517548e+04 5.521404e+04 1.070773e+04 9.749091e+05 3.855650e+08
<GCONST> 8.253059e+01
<MIXTURE> 7 7.109492e-02
<MEAN> 6
 7.684100e+01 6.956089e+01 -3.802288e+01 1.207407e+00 2.138367e-01 6.010559e+01
<VARIANCE> 6
 1.766342e+02 7.262087e+04 6.387195e+04 2.996357e+02 3.956501e+04 5.051235e+07
<GCONST> 7.248499e+01
<MIXTURE> 8 1.149442e-01
<MEAN> 6
 -5.347750e+01 2.842351e+01 3.601702e+00 2.032376e+01 4.071089e+02 4.525299e+02
<VARIANCE> 6
 2.359089e+02 8.397301e+04 8.541808e+04 3.801901e+03 1.396463e+05 5.051235e+07
<GCONST> 7.701213e+01
<MIXTURE> 9 1.052357e-01
<MEAN> 6
 7.474990e+01 -3.457199e+01 3.935744e+01 -7.461303e+01 -9.390070e+02 -1.514683e+03
<VARIANCE> 6
 3.491099e+02 9.309331e+04 7.904585e+04 3.288333e+04 3.469261e+05 8.904829e+07
<GCONST> 8.106406e+01
<MIXTURE> 10 7.049015e-02
<MEAN> 6
 7.226746e+01 -2.917279e+01 -1.414659e+02 -1.369150e+00 -3.364374e+01 -4.753286e+02
<VARIANCE> 6
 1.757083e+02 7.422089e+04 6.855478e+04 2.996357e+02 3.956501e+04 5.051235e+07
<GCONST> 7.257227e+01
<STATE> 3
<NUMMIXES> 10
<MIXTURE> 1 1.864957e-01
<MEAN> 6
 1.037995e+02 -2.334610e+00 1.269403e+01 -4.716624e+00 -5.564693e+00 5.099569e+01
<VARIANCE> 6
 1.781730e+02 1.925620e+06 6.741337e+04 2.996357e+02 3.956501e+04 5.051235e+07
<GCONST> 7.582538e+01
<MIXTURE> 2 3.984443e-02
<MEAN> 6
 7.673956e+01 -8.331653e+02 2.421808e+03 -1.752649e+00 -1.018173e+01 -5.585003e+01
<VARIANCE> 6
 3.191729e+01 1.013127e+05 3.014199e+06 2.996357e+02 3.956501e+04 5.051235e+07
<GCONST> 7.496121e+01
<MIXTURE> 3 9.826237e-02
<MEAN> 6
 9.817311e+01 -1.232081e+02 7.147768e+01 -1.040730e+00 7.576252e+00 1.163490e+02
<VARIANCE> 6
 5.134727e+01 1.068727e+05 8.760206e+04 2.996357e+02 3.956501e+04 5.051235e+07
<GCONST> 7.195183e+01
<MIXTURE> 4 6.201680e-02
<MEAN> 6
 7.821575e+01 2.174666e+02 -1.996366e+03 8.916594e-01 -5.298226e+00 -4.882399e+01
<VARIANCE> 6
 3.191729e+01 2.878213e+04 1.480153e+05 2.996357e+02 3.956501e+04 5.051235e+07
<GCONST> 7.068900e+01
<MIXTURE> 5 1.209836e-01
<MEAN> 6
 7.635071e+01 1.273337e+03 3.138991e+02 -1.096702e+00 -2.622203e+00 -7.057259e+01
<VARIANCE> 6
 3.191729e+01 1.374383e+06 2.787559e+05 2.996357e+02 3.956501e+04 5.051235e+07
<GCONST> 7.518802e+01
<MIXTURE> 6 3.056964e-02
<MEAN> 6
 6.905907e+01 -7.246497e+03 1.348537e+03 -2.556312e+00 -3.195161e+00 -1.876818e+01
<VARIANCE> 6
 8.428427e+01 5.189550e+06 1.389580e+05 2.996357e+02 3.956501e+04 5.051235e+07
<GCONST> 7.679153e+01
<MIXTURE> 7 1.286808e-01
<MEAN> 6
 6.912303e+01 -2.989483e+01 -3.491712e+02 -1.314430e+00 1.171872e+00 -6.005590e+00
<VARIANCE> 6
 3.191729e+01 3.971279e+04 1.123528e+05 2.996357e+02 3.956501e+04 5.051235e+07
<GCONST> 7.073524e+01
<MIXTURE> 8 1.104115e-01
<MEAN> 6
 6.198221e+01 -3.433772e+02 1.363373e+03 3.407970e-01 4.776779e+00 -1.205242e+02
<VARIANCE> 6
 3.465228e+01 2.770209e+05 5.057092e+05 2.996357e+02 3.956501e+04 5.051235e+07
<GCONST> 7.426419e+01
<MIXTURE> 9 1.237687e-01
<MEAN> 6
 7.275523e+01 9.185460e+02 -4.277966e+02 -3.147862e-01 -1.924547e+00 -6.171101e+01
<VARIANCE> 6
 3.191729e+01 2.287988e+06 3.325867e+05 2.996357e+02 3.956501e+04 5.051235e+07
<GCONST> 7.587425e+01
<MIXTURE> 10 9.882322e-02
<MEAN> 6
 9.523008e+01 -2.513721e+02 -4.718153e+01 -2.615999e+00 -1.198830e+01 -6.051160e+01
<VARIANCE> 6
 4.480851e+01 9.925529e+04 1.017841e+05 2.996357e+02 3.956501e+04 5.051235e+07
<GCONST> 7.189172e+01
<STATE> 4
<NUMMIXES> 10
<MIXTURE> 1 8.129937e-03
<MEAN> 6
 -6.253722e+00 -4.383680e+02 4.697366e+00 -1.498910e+00 1.755593e+02 6.559286e+03
<VARIANCE> 6
 8.712464e+03 7.123569e+05 1.239234e+06 1.558332e+06 8.469332e+08 1.226858e+12
<GCONST> 1.102578e+02
<MIXTURE> 2 1.152673e-01
<MEAN> 6
 1.032712e+02 -6.452173e+01 3.323869e+02 -6.325990e+00 -3.417891e+01 -2.434482e+02
<VARIANCE> 6
 4.154044e+02 1.024754e+06 6.602966e+05 2.996357e+02 3.956501e+04 5.051235e+07
<GCONST> 7.832292e+01
<MIXTURE> 3 4.622092e-02
<MEAN> 6
 5.729761e+01 5.977020e+02 -2.855167e+02 -1.050903e+01 -5.998680e+02 5.806953e+02
<VARIANCE> 6
 5.212652e+03 1.800906e+07 1.077198e+06 5.058029e+04 3.787043e+06 2.847543e+09
<GCONST> 9.793050e+01
<MIXTURE> 4 1.624428e-01
<MEAN> 6
 -4.029951e+01 1.571221e+00 -3.755281e+00 5.240092e+01 7.000704e+02 -1.027613e+03
<VARIANCE> 6
 5.260868e+02 4.314443e+05 3.901658e+05 2.338445e+04 2.042599e+05 8.510281e+07
<GCONST> 8.368829e+01
<MIXTURE> 5 1.266362e-01
<MEAN> 6
 -1.432517e+01 -3.843923e+01 -7.140547e+01 -8.902528e+01 7.466341e+02 2.586995e+03
<VARIANCE> 6
 2.223167e+03 4.536477e+05 2.154880e+06 6.819589e+04 1.470107e+06 6.702651e+08
<GCONST> 9.199644e+01
<MIXTURE> 6 8.282532e-02
<MEAN> 6
 5.407950e+01 1.643069e+02 1.061851e+02 9.303226e+01 -1.748591e+02 1.027819e+02
<VARIANCE> 6
 1.097535e+03 4.314761e+05 3.847208e+05 3.464482e+04 1.424328e+05 5.051235e+07
<GCONST> 8.392058e+01
<MIXTURE> 7 1.017005e-01
<MEAN> 6
 -5.872169e+01 -1.084694e+01 -1.437818e+02 -1.229915e+00 1.302318e+02 3.101012e+02
<VARIANCE> 6
 3.662919e+02 4.726037e+05 7.252727e+05 5.355325e+02 5.205173e+04 5.051235e+07
<GCONST> 7.837199e+01
<MIXTURE> 8 1.592747e-01
<MEAN> 6
 8.501296e+01 -1.007637e+02 4.364096e+01 -3.772479e+01 -9.157771e+02 -3.613999e+02
<VARIANCE> 6
 7.203636e+02 5.207314e+05 7.511605e+05 3.325797e+04 5.339119e+05 2.286517e+08
<GCONST> 8.714713e+01
<MIXTURE> 9 1.129706e-01
<MEAN> 6
 8.745082e+01 2.206176e+01 -3.660260e+02 -1.551074e+00 -3.610742e+01 -2.236907e+02
<VARIANCE> 6
 2.801031e+02 7.732649e+05 1.401804e+06 2.996357e+02 3.956501e+04 5.051235e+07
<GCONST> 7.840007e+01
<MIXTURE> 10 8.391740e-02
<MEAN> 6
 4.488888e+01 -7.913599e+01 -1.073878e+02 3.911491e+01 -3.188912e+02 -1.871115e+03
<VARIANCE> 6
 1.113048e+03 3.888780e+05 3.867546e+05 4.523476e+04 1.491827e+05 5.051235e+07
<GCONST> 8.414896e+01
<TRANSP> 5
 0.000000e+00 1.000000e+00 0.000000e+00 0.000000e+00 0.000000e+00
 0.000000e+00 9.999242e-01 7.574297e-05 0.000000e+00 0.000000e+00
 0.000000e+00 0.000000e+00 9.996608e-01 3.392645e-04 0.000000e+00
 0.000000e+00 0.000000e+00 0.000000e+00 9.999079e-01 9.210391e-05
 0.000000e+00 0.000000e+00 0.000000e+00 0.000000e+00 0.000000e+00
<ENDHMM>
~h "SegundoESO"
<BEGINHMM>
<NUMSTATES> 5
<STATE> 2
<NUMMIXES> 10
<MIXTURE> 1 1.196130e-01
<MEAN> 6
 8.169118e+01 -3.194016e+01 4.610952e+03 5.574495e-01 -1.092862e+01 -7.384253e+01
<VARIANCE> 6
 1.082875e+02 5.273282e+07 3.728683e+07 8.098238e+02 3.956501e+04 5.051235e+07
<GCONST> 8.594719e+01
<MIXTURE> 2 1.081068e-01
<MEAN> 6
 7.594211e+01 6.504002e+02 1.162788e+03 -1.584740e-01 2.286677e+00 -5.852897e+01
<VARIANCE> 6
 3.191729e+01 9.144435e+05 2.302524e+05 2.996357e+02 3.956501e+04 5.051235e+07
<GCONST> 7.458942e+01
<MIXTURE> 3 9.659056e-02
<MEAN> 6
 5.771519e+01 4.085555e+02 -2.898939e+03 2.906230e-01 4.308268e-01 -5.968649e+01
<VARIANCE> 6
 3.191729e+01 5.497120e+04 2.016938e+06 2.996357e+02 3.956501e+04 5.051235e+07
<GCONST> 7.394806e+01
<MIXTURE> 4 1.621286e-01
<MEAN> 6
 7.408792e+01 3.470535e+02 -5.180969e+02 -8.039306e-01 -3.939646e+00 -9.263453e+01
<VARIANCE> 6
 3.191729e+01 3.842438e+04 6.581862e+04 2.996357e+02 3.956501e+04 5.051235e+07
<GCONST> 7.016751e+01
<MIXTURE> 5 9.680904e-02
<MEAN> 6
 6.231063e+01 4.102025e+02 -1.076127e+03 -2.887017e-01 -2.265177e+00 -8.778569e+01
<VARIANCE> 6
 3.215772e+01 6.444331e+05 1.423219e+05 2.996357e+02 3.956501e+04 5.051235e+07
<GCONST> 7.376588e+01
<MIXTURE> 6 8.117054e-02
<MEAN> 6
 7.632931e+01 9.509653e+02 -2.648424e+03 -6.277709e-01 7.547913e-01 -8.118591e+01
<VARIANCE> 6
 3.191729e+01 4.756594e+05 1.836959e+06 2.996357e+02 3.956501e+04 5.051235e+07
<GCONST> 7.601248e+01
<MIXTURE> 7 6.392968e-02
<MEAN> 6
 7.429822e+01 -1.382083e+02 -7.588978e+03 -6.908837e-02 -1.843337e+00 -5.008842e+01
<VARIANCE> 6
 3.191729e+01 1.434077e+05 3.842163e+06 2.996357e+02 3.956501e+04 5.051235e+07
<GCONST> 7.555140e+01
<MIXTURE> 8 9.418479e-02
<MEAN> 6
 7.563958e+01 -3.432414e+02 2.185242e+03 7.283698e-01 -1.165156e+00 -1.765262e+02
<VARIANCE> 6
 3.191729e+01 8.146674e+05 1.029239e+06 2.996357e+02 3.956501e+04 5.051235e+07
<GCONST> 7.597127e+01
<MIXTURE> 9 9.592978e-02
<MEAN> 6
 6.380979e+01 3.379716e+02 -1.229172e+03 -5.330070e-01 -2.989188e+00 -1.077840e+02
<VARIANCE> 6
 3.191729e+01 5.395272e+05 1.790786e+05 2.996357e+02 3.956501e+04 5.051235e+07
<GCONST> 7.381044e+01
<MIXTURE> 10 8.141512e-02
<MEAN> 6
 7.538636e+01 7.093611e+02 -3.145941e+03 -1.243486e+00 -1.141573e+01 -2.186932e+02
<VARIANCE> 6
 3.191729e+01 4.712077e+05 2.205214e+06 2.996357e+02 3.956501e+04 5.051235e+07
<GCONST> 7.618580e+01
<STATE> 3
<NUMMIXES> 10
<MIXTURE> 1 1.267733e-01
<MEAN> 6
 8.272423e+01 -7.423780e+02 1.315774e+02 -4.745883e-01 -5.206147e+00 -1.063325e+02
<VARIANCE> 6
 3.191729e+01 2.771845e+04 3.701602e+04 2.996357e+02 3.956501e+04 5.051235e+07
<GCONST> 6.926537e+01
<MIXTURE> 2 1.181325e-01
<MEAN> 6
 6.001692e+01 3.634438e+02 1.953040e+01 2.337951e-01 -1.914446e+00 -1.269008e+02
<VARIANCE> 6
 3.191729e+01 1.241613e+05 1.732829e+04 2.996357e+02 3.956501e+04 5.051235e+07
<GCONST> 7.000584e+01
<MIXTURE> 3 8.477896e-02
<MEAN> 6
 7.534601e+01 4.661760e+02 3.968615e+02 -3.679661e-01 -5.917133e+00 -7.830161e+01
<VARIANCE> 6
 3.191729e+01 5.780587e+04 1.690803e+04 2.996357e+02 3.956501e+04 5.051235e+07
<GCONST> 6.921680e+01
<MIXTURE> 4 1.248428e-01
<MEAN> 6
 5.924081e+01 3.617478e+02 -2.869482e+02 3.234630e-01 -3.704491e+00 -1.558461e+02
<VARIANCE> 6
 3.191729e+01 3.840669e+06 1.630910e+04 2.996357e+02 3.956501e+04 5.051235e+07
<GCONST> 7.337704e+01
<MIXTURE> 5 7.961107e-02
<MEAN> 6
 6.738037e+01 5.148588e+02 1.033200e+02 -3.496149e-01 -5.477062e+00 -1.403935e+02
<VARIANCE> 6
 3.191729e+01 5.959961e+05 1.630910e+04 2.996357e+02 3.956501e+04 5.051235e+07
<GCONST> 7.151387e+01
<MIXTURE> 6 1.172817e-01
<MEAN> 6
 7.963259e+01 -1.764884e+03 5.717910e+01 -1.070358e+00 -5.349621e+00 -7.394458e+01
<VARIANCE> 6
 1.161396e+02 8.595189e+05 1.836409e+05 2.996357e+02 3.956501e+04 5.051235e+07
<GCONST> 7.559291e+01
<MIXTURE> 7 7.136793e-02
<MEAN> 6
 6.281910e+01 2.117192e+02 -1.243967e+02 7.195745e-01 -6.244888e-01 -8.316980e+01
<VARIANCE> 6
 3.191729e+01 8.081477e+04 1.630910e+04 2.996357e+02 3.956501e+04 5.051235e+07
<GCONST> 6.951580e+01
<MIXTURE> 8 1.280675e-01
<MEAN> 6
 6.868375e+01 -1.884173e+02 2.982151e+02 -2.139325e-01 -5.024220e+00 -1.029165e+02
<VARIANCE> 6
 3.191729e+01 7.552709e+04 1.634206e+04 2.996357e+02 3.956501e+04 5.051235e+07
<GCONST> 6.945015e+01
<MIXTURE> 9 7.809468e-02
<MEAN> 6
 6.669561e+01 1.627838e+02 9.318552e+01 -1.901079e-01 -3.268332e+00 -1.353851e+02
<VARIANCE> 6
 3.191729e+01 7.816764e+05 1.630910e+04 2.996357e+02 3.956501e+04 5.051235e+07
<GCONST> 7.178508e+01
<MIXTURE> 10 7.090126e-02
<MEAN> 6
 6.051690e+01 6.969414e+01 -1.486836e+02 -2.447565e-01 -1.215553e+01 -2.601820e+02
<VARIANCE> 6
 3.191729e+01 7.950581e+04 1.630910e+04 2.996357e+02 3.956501e+04 5.051235e+07
<GCONST> 6.949947e+01
<STATE> 4
<NUMMIXES> 10
<MIXTURE> 1 8.775750e-02
<MEAN> 6
 8.309808e+01 3.669153e+01 1.375356e+02 -3.755774e+00 -1.665081e+01 2.246356e+02
<VARIANCE> 6
 1.871577e+02 1.259162e+06 2.037391e+06 2.996357e+02 3.956501e+04 5.051235e+07
<GCONST> 7.885835e+01
<MIXTURE> 2 1.205401e-01
<MEAN> 6
 2.747787e+01 -9.320077e+01 7.641290e+01 -1.417021e+01 -1.904048e+02 6.246650e+02
<VARIANCE> 6
 2.661388e+03 1.109224e+07 8.069680e+06 4.310623e+04 7.426915e+05 2.737259e+08
<GCONST> 9.465634e+01
<MIXTURE> 3 8.541594e-02
<MEAN> 6
 -4.783378e+01 1.654613e+02 1.728408e+02 -5.706726e+01 1.265761e+03 1.671900e+03
<VARIANCE> 6
 2.472866e+02 8.796698e+05 9.781092e+05 2.945761e+04 5.338996e+05 3.767987e+08
<GCONST> 8.724438e+01
<MIXTURE> 4 1.091404e-01
<MEAN> 6
 2.755930e+01 7.737801e+01 -6.251151e+00 1.663021e+02 -1.316844e+02 -1.827872e+03
<VARIANCE> 6
 6.498555e+02 3.501353e+05 1.667730e+05 5.895027e+03 6.477648e+04 5.051235e+07
<GCONST> 7.979277e+01
<MIXTURE> 5 1.219998e-01
<MEAN> 6
 6.286287e+01 -6.624960e+01 6.581064e+01 5.767766e+00 -5.294042e+02 -1.209299e+02
<VARIANCE> 6
 3.823554e+02 1.199856e+06 1.075581e+06 2.422659e+04 1.013236e+05 5.051235e+07
<GCONST> 8.421870e+01
<MIXTURE> 6 1.090448e-01
<MEAN> 6
 -3.117280e+01 7.182925e+01 5.534097e+01 5.966839e+01 5.599914e+02 -2.268000e+03
<VARIANCE> 6
 3.881241e+02 2.837200e+05 1.965507e+05 2.217544e+04 1.504744e+05 5.229584e+07
<GCONST> 8.143372e+01
<MIXTURE> 7 9.867215e-02
<MEAN> 6
 1.837121e+01 1.164098e+01 3.079604e+01 -1.673603e+02 -8.786972e+01 3.381177e+03
<VARIANCE> 6
 7.794761e+02 4.340795e+05 6.160813e+04 1.425054e+04 1.655756e+05 1.072870e+08
<GCONST> 8.176817e+01
<MIXTURE> 8 8.298142e-02
<MEAN> 6
 7.484523e+01 -7.722973e+01 7.063267e+01 -2.443481e+01 -9.441284e+02 -9.544225e+02
<VARIANCE> 6
 2.712100e+02 6.204796e+05 1.602338e+05 1.963113e+04 3.638835e+05 1.978374e+08
<GCONST> 8.374522e+01
<MIXTURE> 9 9.536383e-02
<MEAN> 6
 -4.149004e+01 4.371836e+01 3.729324e+01 1.053951e+01 2.800437e+02 2.058686e+02
<VARIANCE> 6
 4.663114e+02 5.034432e+05 7.231398e+05 7.230153e+03 8.164175e+04 5.051235e+07
<GCONST> 8.172655e+01
<MIXTURE> 10 8.764783e-02
<MEAN> 6
 7.948032e+01 -3.121710e+02 -1.304616e+02 -6.176482e+00 -5.228315e+01 -3.323383e+02
<VARIANCE> 6
 1.695440e+02 1.380337e+06 2.478472e+06 2.996357e+02 3.956501e+04 5.051235e+07
<GCONST> 7.904736e+01
<TRANSP> 5
 0.000000e+00 1.000000e+00 0.000000e+00 0.000000e+00 0.000000e+00
 0.000000e+00 9.994937e-01 5.063482e-04 0.000000e+00 0.000000e+00
 0.000000e+00 0.000000e+00 9.996195e-01 3.805069e-04 0.000000e+00
 0.000000e+00 0.000000e+00 0.000000e+00 9.999561e-01 4.386837e-05
 0.000000e+00 0.000000e+00 0.000000e+00 0.000000e+00 0.000000e+00
<ENDHMM>
~h "QuintoPRIMARIA"
<BEGINHMM>
<NUMSTATES> 5
<STATE> 2
<NUMMIXES> 10
<MIXTURE> 1 8.022729e-02
<MEAN> 6
 6.590935e+01 2.823992e+01 6.332736e+01 -2.338462e-01 -1.252474e+01 -1.723584e+01
<VARIANCE> 6
 7.327748e+01 2.965420e+04 1.070535e+05 2.996357e+02 3.956501e+04 5.051235e+07
<GCONST> 7.122595e+01
<MIXTURE> 2 4.464484e-02
<MEAN> 6
 5.338819e+01 -1.145378e+02 -1.505966e+02 -2.337134e+01 -8.856446e+02 4.136239e+03
<VARIANCE> 6
 2.184437e+03 8.893916e+05 1.440633e+06 5.649526e+04 2.158627e+06 1.121517e+09
<GCONST> 9.296010e+01
<MIXTURE> 3 1.484594e-01
<MEAN> 6
 -3.828933e+01 -3.869231e+01 8.762527e+01 -8.465386e+00 1.087908e+03 1.351765e+02
<VARIANCE> 6
 4.219370e+02 1.577661e+05 2.214626e+05 4.151232e+04 5.233718e+05 3.074609e+08
<GCONST> 8.469464e+01
<MIXTURE> 4 1.102359e-01
<MEAN> 6
 5.908799e+01 2.156685e+01 2.245419e+01 4.928559e+01 -4.365273e+02 -7.479547e+02
<VARIANCE> 6
 4.465061e+02 8.626215e+04 3.777277e+04 2.359521e+04 1.286298e+05 5.051235e+07
<GCONST> 7.860443e+01
<MIXTURE> 5 1.229547e-01
<MEAN> 6
 8.089169e+01 -3.011197e+01 -1.213063e+02 -7.763763e+00 -2.278889e+01 -2.685476e+02
<VARIANCE> 6
 1.593323e+02 3.590638e+05 1.425216e+05 2.996357e+02 3.956501e+04 5.051235e+07
<GCONST> 7.478276e+01
<MIXTURE> 6 7.958040e-02
<MEAN> 6
 2.227980e+01 2.919630e+01 4.262946e+01 2.021538e+01 -1.022145e+02 -9.041583e+02
<VARIANCE> 6
 9.431802e+02 4.620505e+04 7.660987e+04 5.282407e+04 3.079039e+05 1.831803e+08
<GCONST> 8.240209e+01
<MIXTURE> 7 1.223991e-01
<MEAN> 6
 -4.918608e+01 3.913921e+01 1.402639e+00 3.072232e+01 3.709848e+02 5.167971e+01
<VARIANCE> 6
 2.581353e+02 8.382820e+04 8.385161e+04 2.660045e+03 1.201431e+05 5.051235e+07
<GCONST> 7.657434e+01
<MIXTURE> 8 1.141332e-01
<MEAN> 6
 7.083367e+01 8.817225e+01 -6.567866e+01 -3.017208e+01 -8.846041e+02 -3.032984e+02
<VARIANCE> 6
 4.021001e+02 2.910644e+05 1.586798e+05 2.582915e+04 3.426270e+05 1.158385e+08
<GCONST> 8.305127e+01
<MIXTURE> 9 9.638488e-02
<MEAN> 6
 1.025469e+01 -5.164132e+01 -1.828588e+01 -3.792653e+01 -4.112542e+01 4.362041e+02
<VARIANCE> 6
 5.412891e+02 7.057138e+04 1.003185e+05 5.247988e+04 2.494885e+05 1.133352e+08
<GCONST> 8.184292e+01
<MIXTURE> 10 8.032601e-02
<MEAN> 6
 6.312426e+01 -3.204961e+01 -4.570751e+01 -1.911176e+00 -3.245430e+01 -3.919111e+02
<VARIANCE> 6
 6.201061e+01 2.717817e+04 1.234692e+05 2.996357e+02 3.956501e+04 5.051235e+07
<GCONST> 7.111448e+01
<STATE> 3
<NUMMIXES> 10
<MIXTURE> 1 1.424801e-01
<MEAN> 6
 7.799475e+01 -2.280672e+00 2.316376e+03 -4.891493e-01 -3.832426e+00 -6.019488e+01
<VARIANCE> 6
 5.243937e+01 2.147392e+05 2.541947e+06 2.996357e+02 3.956501e+04 5.051235e+07
<GCONST> 7.603854e+01
<MIXTURE> 2 7.554971e-02
<MEAN> 6
 8.604907e+01 4.306334e+00 -1.360244e+01 -2.911932e+00 1.091100e+01 5.234131e+01
<VARIANCE> 6
 3.191729e+01 4.280545e+04 2.624318e+04 2.996357e+02 3.956501e+04 5.051235e+07
<GCONST> 6.935599e+01
<MIXTURE> 3 1.382606e-01
<MEAN> 6
 6.496524e+01 -6.951747e+02 -4.056638e+02 2.466688e-01 -3.568483e+00 -8.433628e+01
<VARIANCE> 6
 1.207980e+02 9.751315e+04 1.157456e+06 2.996357e+02 3.956501e+04 5.051235e+07
<GCONST> 7.529686e+01
<MIXTURE> 4 7.118793e-02
<MEAN> 6
 6.283632e+01 -3.713305e+03 -4.507576e+03 -4.580994e-01 -4.261217e+00 -6.730316e+01
<VARIANCE> 6
 3.191729e+01 1.731836e+07 7.443553e+06 2.996357e+02 3.956501e+04 5.051235e+07
<GCONST> 8.100655e+01
<MIXTURE> 5 1.332716e-01
<MEAN> 6
 5.929794e+01 7.255718e+02 -8.465822e+02 9.299150e-01 -4.108726e+00 -6.581396e+01
<VARIANCE> 6
 6.321352e+01 1.552218e+05 3.476619e+06 2.996357e+02 3.956501e+04 5.051235e+07
<GCONST> 7.621396e+01
<MIXTURE> 6 7.052264e-02
<MEAN> 6
 8.032217e+01 -3.318971e+02 2.164003e+02 -3.788867e+00 1.034310e+00 7.376422e+00
<VARIANCE> 6
 3.191729e+01 4.556061e+04 3.935379e+04 2.996357e+02 3.956501e+04 5.051235e+07
<GCONST> 6.982355e+01
<MIXTURE> 7 7.233281e-02
<MEAN> 6
 6.095771e+01 1.437216e+02 -4.001230e+03 1.275691e+00 -7.771702e+00 -7.881722e+01
<VARIANCE> 6
 3.191729e+01 4.711736e+04 5.545838e+06 2.996357e+02 3.956501e+04 5.051235e+07
<GCONST> 7.480536e+01
<MIXTURE> 8 1.352397e-01
<MEAN> 6
 8.256028e+01 1.169236e+02 -2.782166e+02 -1.968439e+00 -2.470021e+00 -2.615152e+01
<VARIANCE> 6
 3.191729e+01 1.122648e+05 4.897996e+04 2.996357e+02 3.956501e+04 5.051235e+07
<GCONST> 7.094419e+01
<MIXTURE> 9 8.585085e-02
<MEAN> 6
 7.276981e+01 -5.738688e+02 6.657117e+01 -1.150944e+00 8.593258e-01 -7.661973e+01
<VARIANCE> 6
 4.894322e+01 4.027906e+04 1.829758e+04 2.996357e+02 3.956501e+04 5.051235e+07
<GCONST> 6.936203e+01
<MIXTURE> 10 7.509309e-02
<MEAN> 6
 8.441405e+01 -7.565836e+01 -8.176112e+01 -3.015748e+00 -3.502808e+00 -1.358225e+02
<VARIANCE> 6
 3.191729e+01 4.565265e+04 3.163452e+04 2.996357e+02 3.956501e+04 5.051235e+07
<GCONST> 6.960722e+01
<STATE> 4
<NUMMIXES> 10
<MIXTURE> 1 1.147676e-01
<MEAN> 6
 8.628689e+01 3.792977e+02 1.033606e+03 -3.630473e+00 -1.361446e+01 -2.351289e+01
<VARIANCE> 6
 2.613702e+02 4.063222e+06 2.888255e+06 2.996357e+02 3.956501e+04 5.051235e+07
<GCONST> 8.071284e+01
<MIXTURE> 2 1.491145e-02
<MEAN> 6
 -6.798456e+00 1.601039e+02 1.071839e+02 -1.859586e+01 4.169162e+01 3.403654e+03
<VARIANCE> 6
 1.157473e+04 2.002558e+05 4.077322e+05 1.901625e+06 1.038380e+09 1.527558e+12
<GCONST> 1.087834e+02
<MIXTURE> 3 1.111244e-01
<MEAN> 6
 1.239660e+01 -1.292665e+02 -6.984837e+02 -1.058484e+02 4.981227e+01 3.550335e+03
<VARIANCE> 6
 4.547738e+03 1.898132e+06 7.028157e+06 5.040804e+04 3.403165e+06 1.546677e+09
<GCONST> 9.669896e+01
<MIXTURE> 4 1.667164e-01
<MEAN> 6
 -3.715625e+01 1.800714e+00 1.272230e+02 5.836997e+01 7.135191e+02 -1.785609e+03
<VARIANCE> 6
 4.975906e+02 1.224210e+06 1.441417e+06 3.521633e+04 3.215937e+05 9.813454e+07
<GCONST> 8.698814e+01
<MIXTURE> 5 1.463708e-01
<MEAN> 6
 5.436308e+01 2.779969e+02 3.034614e+02 2.554671e+01 -4.716871e+02 -4.055294e+02
<VARIANCE> 6
 9.026717e+02 2.148316e+06 3.718138e+06 3.489265e+04 1.930859e+05 5.051235e+07
<GCONST> 8.791020e+01
<MIXTURE> 6 8.486813e-02
<MEAN> 6
 8.864216e+01 3.867158e+02 1.864342e+02 -1.506480e+00 -4.054897e+00 1.092441e+02
<VARIANCE> 6
 2.117982e+02 3.832811e+05 1.352009e+06 2.996357e+02 3.956501e+04 5.051235e+07
<GCONST> 7.738252e+01
<MIXTURE> 7 9.119885e-02
<MEAN> 6
 6.119241e+01 -1.094378e+02 8.678497e+01 5.250842e+00 -4.373618e+02 -5.216328e+02
<VARIANCE> 6
 8.663782e+02 2.880669e+05 4.080583e+05 2.967687e+04 2.902640e+05 1.078010e+08
<GCONST> 8.465416e+01
<MIXTURE> 8 9.724028e-02
<MEAN> 6
 -6.553977e+01 -1.389025e+02 -1.769789e+01 1.575598e+01 3.245400e+02 5.329861e+02
<VARIANCE> 6
 2.009631e+02 3.310156e+05 1.867455e+06 2.129527e+03 1.451424e+05 5.051235e+07
<GCONST> 8.076724e+01
<MIXTURE> 9 8.737130e-02
<MEAN> 6
 4.487809e+01 -3.131007e+02 -8.430873e+01 -2.445467e+01 -4.709044e+02 -4.298481e+02
<VARIANCE> 6
 1.234549e+03 3.774093e+05 5.836958e+05 5.031211e+04 4.518167e+05 1.656603e+08
<GCONST> 8.703642e+01
<MIXTURE> 10 8.464426e-02
<MEAN> 6
 8.288000e+01 1.303212e+02 -1.858490e+02 -3.855366e+00 -4.233442e+01 -5.053091e+02
<VARIANCE> 6
 2.364936e+02 3.784465e+05 1.305169e+06 2.996357e+02 3.956501e+04 5.051235e+07
<GCONST> 7.744485e+01
<TRANSP> 5
 0.000000e+00 1.000000e+00 0.000000e+00 0.000000e+00 0.000000e+00
 0.000000e+00 9.999160e-01 8.399308e-05 0.000000e+00 0.000000e+00
 0.000000e+00 0.000000e+00 9.996361e-01 3.639642e-04 0.000000e+00
 0.000000e+00 0.000000e+00 0.000000e+00 9.999248e-01 7.522244e-05
 0.000000e+00 0.000000e+00 0.000000e+00 0.000000e+00 0.000000e+00
<ENDHMM>
