~o
<STREAMINFO> 1 6
<VECSIZE> 6<NULLD><USER><DIAGC>
~h "SegundoPRIMARIA"
<BEGINHMM>
<NUMSTATES> 4
<STATE> 2
<NUMMIXES> 3
<MIXTURE> 1 3.307837e-01
<MEAN> 6
 5.490033e+01 1.764049e+02 8.962894e+01 2.078962e+01 7.684063e+00 2.180305e+02
<VARIANCE> 6
 2.497784e+03 3.879504e+05 4.216616e+05 6.794127e+03 6.672237e+04 1.151487e+07
<GCONST> 8.086227e+01
<MIXTURE> 2 3.559551e-01
<MEAN> 6
 2.422286e+01 -1.045282e+02 3.441569e+01 -2.435213e+01 5.842035e+00 3.776999e+02
<VARIANCE> 6
 3.862532e+03 1.331184e+06 8.859147e+05 4.731007e+04 1.473656e+06 4.164683e+08
<GCONST> 9.189735e+01
<MIXTURE> 3 3.121100e-01
<MEAN> 6
 4.621534e+01 -3.188620e+01 -1.477207e+02 2.977510e+00 -2.402711e+01 -6.432552e+02
<VARIANCE> 6
 3.356956e+03 3.213102e+05 4.349871e+05 6.758127e+03 1.012038e+05 1.608681e+07
<GCONST> 8.174619e+01
<STATE> 3
<NUMMIXES> 3
<MIXTURE> 1 2.587782e-02
<MEAN> 6
 4.505602e+01 -7.418793e+01 -1.498919e+01 -4.552076e+01 -6.730753e+02 8.465232e+03
<VARIANCE> 6
 6.604886e+03 4.499510e+05 6.330198e+05 2.474787e+05 9.635175e+07 1.159748e+11
<GCONST> 1.024772e+02
<MIXTURE> 2 4.957327e-01
<MEAN> 6
 3.397238e+01 5.548927e+01 5.349926e+01 2.440609e+01 2.960415e+01 3.985991e+02
<VARIANCE> 6
 3.880077e+03 2.288914e+05 5.463012e+04 3.847939e+04 8.751554e+05 2.004730e+08
<GCONST> 8.589644e+01
<MIXTURE> 3 4.783238e-01
<MEAN> 6
 2.915103e+01 -8.651328e+01 -4.221828e+01 -1.846952e+01 1.422482e+01 -8.943604e+02
<VARIANCE> 6
 4.064167e+03 2.061929e+05 8.234077e+04 4.030737e+04 1.146920e+06 2.286820e+08
<GCONST> 8.669714e+01
<TRANSP> 4
 0.000000e+00 1.000000e+00 0.000000e+00 0.000000e+00
 0.000000e+00 9.999365e-01 6.345181e-05 0.000000e+00
 0.000000e+00 0.000000e+00 9.999100e-01 8.998819e-05
 0.000000e+00 0.000000e+00 0.000000e+00 0.000000e+00
<ENDHMM>
~h "SegundoESO"
<BEGINHMM>
<NUMSTATES> 4
<STATE> 2
<NUMMIXES> 3
<MIXTURE> 1 2.704407e-01
<MEAN> 6
 7.154340e+01 -3.755188e-01 -2.558185e+02 -8.362032e-01 -2.878168e+00 -9.009514e+00
<VARIANCE> 6
 1.209593e+02 1.641537e+06 4.772305e+06 2.490943e+02 9.858411e+03 5.975688e+06
<GCONST> 7.582932e+01
<MIXTURE> 2 4.830492e-01
<MEAN> 6
 1.060342e+01 1.632246e+02 2.494617e+02 2.153220e-01 3.326416e+00 5.154334e+01
<VARIANCE> 6
 3.110757e+03 2.827959e+06 3.974370e+06 3.251081e+04 6.966122e+05 1.336216e+08
<GCONST> 9.167416e+01
<MIXTURE> 3 2.462223e-01
<MEAN> 6
 7.170544e+01 -2.536417e+02 -4.564481e+02 -1.270482e+00 -9.880924e+00 -1.187765e+02
<VARIANCE> 6
 1.350917e+02 2.595976e+06 6.862496e+06 2.490943e+02 9.858411e+03 5.975688e+06
<GCONST> 7.676139e+01
<STATE> 3
<NUMMIXES> 3
<MIXTURE> 1 3.048190e-01
<MEAN> 6
 2.827907e+01 1.018752e+02 8.747122e+01 4.233797e+01 -2.575548e+01 1.147691e+02
<VARIANCE> 6
 2.134092e+03 4.233972e+05 2.539461e+05 1.323596e+04 1.408214e+05 1.888015e+07
<GCONST> 8.219357e+01
<MIXTURE> 2 3.839906e-01
<MEAN> 6
 9.184177e+00 -1.059290e+01 9.514513e+01 -3.945934e+01 1.070020e+02 7.607922e+02
<VARIANCE> 6
 2.591930e+03 1.162414e+06 4.421988e+05 3.055192e+04 1.032650e+06 2.744834e+08
<GCONST> 8.945818e+01
<MIXTURE> 3 3.111556e-01
<MEAN> 6
 3.108060e+01 -1.263129e+02 -5.496370e+01 9.554976e+00 -1.035108e+02 -1.035560e+03
<VARIANCE> 6
 2.073745e+03 3.674528e+05 2.446856e+05 1.674507e+04 1.649916e+05 2.086803e+07
<GCONST> 8.247969e+01
<TRANSP> 4
 0.000000e+00 1.000000e+00 0.000000e+00 0.000000e+00
 0.000000e+00 9.999138e-01 8.621697e-05 0.000000e+00
 0.000000e+00 0.000000e+00 9.999350e-01 6.504666e-05
 0.000000e+00 0.000000e+00 0.000000e+00 0.000000e+00
<ENDHMM>
~h "QuintoPRIMARIA"
<BEGINHMM>
<NUMSTATES> 4
<STATE> 2
<NUMMIXES> 3
<MIXTURE> 1 4.085500e-01
<MEAN> 6
 4.166410e+01 2.272836e+02 4.939022e+02 2.868184e+01 9.020981e+00 2.827594e+02
<VARIANCE> 6
 3.165310e+03 1.619608e+06 2.749728e+06 1.401820e+04 2.081990e+05 3.000044e+07
<GCONST> 8.722305e+01
<MIXTURE> 2 1.832671e-01
<MEAN> 6
 1.411171e+01 -2.378695e+02 -5.769747e+02 -6.972674e+01 1.202137e+02 1.985505e+03
<VARIANCE> 6
 3.814026e+03 5.244320e+06 6.460890e+06 6.191282e+04 5.096004e+06 3.307241e+09
<GCONST> 9.882447e+01
<MIXTURE> 3 4.075386e-01
<MEAN> 6
 3.162625e+01 -1.628941e+02 -1.597258e+02 3.161855e+00 -6.243094e+01 -1.164297e+03
<VARIANCE> 6
 3.302249e+03 1.044420e+06 3.080798e+06 2.232104e+04 3.259277e+05 4.525422e+07
<GCONST> 8.826482e+01
<STATE> 3
<NUMMIXES> 3
<MIXTURE> 1 2.634749e-01
<MEAN> 6
 6.569903e+01 9.589854e+01 -2.461739e+01 8.558070e+00 -2.109779e+01 1.544662e+02
<VARIANCE> 6
 1.109314e+03 2.718203e+05 2.265632e+05 2.923292e+03 2.500431e+04 5.975688e+06
<GCONST> 7.659291e+01
<MIXTURE> 2 5.037201e-01
<MEAN> 6
 1.210380e+01 4.558323e+00 3.324456e+01 -4.812829e+00 3.828420e+01 1.206707e+02
<VARIANCE> 6
 3.046768e+03 3.040847e+05 2.571887e+05 4.155775e+04 1.101216e+06 2.745537e+08
<GCONST> 8.810915e+01
<MIXTURE> 3 2.315014e-01
<MEAN> 6
 5.460286e+01 -5.394321e+01 -1.605030e+02 2.340249e+00 -6.018018e+01 -4.365923e+02
<VARIANCE> 6
 2.045242e+03 1.939781e+05 3.092357e+05 4.567062e+03 5.487497e+04 7.630035e+06
<GCONST> 7.865494e+01
<TRANSP> 4
 0.000000e+00 1.000000e+00 0.000000e+00 0.000000e+00
 0.000000e+00 9.999230e-01 7.698339e-05 0.000000e+00
 0.000000e+00 0.000000e+00 9.999326e-01 6.743256e-05
 0.000000e+00 0.000000e+00 0.000000e+00 0.000000e+00
<ENDHMM>
