~o
<STREAMINFO> 1 6
<VECSIZE> 6<NULLD><USER><DIAGC>
~h "SegundoPRIMARIA"
<BEGINHMM>
<NUMSTATES> 5
<STATE> 2
<NUMMIXES> 9
<MIXTURE> 1 1.546857e-01
<MEAN> 6
 8.644897e+01 3.669342e+02 2.366159e+02 -1.066002e+00 -5.160509e-01 -2.207415e+01
<VARIANCE> 6
 6.906927e+01 1.543593e+05 2.490600e+04 3.005354e+02 3.976416e+04 5.090788e+07
<GCONST> 7.137409e+01
<MIXTURE> 2 8.322351e-02
<MEAN> 6
 9.439822e+01 -2.781303e+02 1.143487e+02 -7.546929e-01 -2.068990e+00 -1.010944e+02
<VARIANCE> 6
 3.194439e+01 7.650828e+04 2.402244e+05 3.005354e+02 3.976416e+04 5.090788e+07
<GCONST> 7.216756e+01
<MIXTURE> 3 1.139646e-01
<MEAN> 6
 7.486853e+01 3.077323e+01 -1.069355e+02 -5.532493e-01 -6.679486e+00 -1.593877e+02
<VARIANCE> 6
 3.194439e+01 1.477171e+04 7.201864e+04 3.005354e+02 3.976416e+04 5.090788e+07
<GCONST> 6.931822e+01
<MIXTURE> 4 1.219709e-01
<MEAN> 6
 6.506064e+01 4.411951e+02 -2.519546e+01 1.273827e-01 7.775762e+00 -6.885807e+01
<VARIANCE> 6
 3.194439e+01 2.453448e+05 2.309120e+04 3.005354e+02 3.976416e+04 5.090788e+07
<GCONST> 7.099071e+01
<MIXTURE> 5 8.913502e-02
<MEAN> 6
 7.219257e+01 -2.142205e+02 -4.112771e+02 -4.769010e-01 -9.916557e-02 -9.492737e+01
<VARIANCE> 6
 4.881321e+02 6.215211e+04 1.573837e+04 3.005354e+02 3.976416e+04 5.090788e+07
<GCONST> 7.196086e+01
<MIXTURE> 6 1.081986e-01
<MEAN> 6
 7.373048e+01 -5.618504e+01 -6.790225e+02 -6.308914e-01 2.409715e-01 -1.168637e+02
<VARIANCE> 6
 3.194439e+01 5.863704e+04 2.467699e+05 3.005354e+02 3.976416e+04 5.090788e+07
<GCONST> 7.192841e+01
<MIXTURE> 7 1.324712e-01
<MEAN> 6
 6.856774e+01 -1.130272e+02 1.600999e+00 4.383789e-01 3.401093e+00 -9.510748e+01
<VARIANCE> 6
 3.194439e+01 1.477171e+04 4.747338e+04 3.005354e+02 3.976416e+04 5.090788e+07
<GCONST> 6.890147e+01
<MIXTURE> 8 1.114191e-01
<MEAN> 6
 7.286839e+01 -2.498105e+02 -5.917120e+02 -1.213948e+00 -2.501486e+00 -1.074361e+02
<VARIANCE> 6
 3.194439e+01 8.977565e+04 1.851505e+05 3.005354e+02 3.976416e+04 5.090788e+07
<GCONST> 7.206707e+01
<MIXTURE> 9 8.479332e-02
<MEAN> 6
 9.302319e+01 -3.622917e+02 -1.398103e+02 -6.762013e-01 -3.898383e+00 -7.919891e+01
<VARIANCE> 6
 3.194439e+01 7.701827e+04 2.077607e+05 3.005354e+02 3.976416e+04 5.090788e+07
<GCONST> 7.202901e+01
<STATE> 3
<NUMMIXES> 9
<MIXTURE> 1 1.204688e-01
<MEAN> 6
 2.140532e+01 -1.196281e+02 1.217372e+03 -2.460767e+01 -4.263565e+01 3.627693e+02
<VARIANCE> 6
 3.083538e+03 1.177492e+06 1.988328e+06 3.302464e+04 9.873151e+05 2.310175e+08
<GCONST> 9.100855e+01
<MIXTURE> 2 4.528182e-02
<MEAN> 6
 6.892561e+01 -7.124625e+03 1.340902e+03 -2.564819e+00 -4.424002e+00 -5.204176e+01
<VARIANCE> 6
 8.409421e+01 5.740044e+06 1.390166e+05 3.005354e+02 3.976416e+04 5.090788e+07
<GCONST> 7.690634e+01
<MIXTURE> 3 1.596696e-01
<MEAN> 6
 7.266629e+01 6.037166e+02 8.893740e+02 -3.514018e-01 -6.140025e+00 -1.170580e+02
<VARIANCE> 6
 1.010320e+02 1.629587e+05 2.959836e+04 3.005354e+02 3.976416e+04 5.090788e+07
<GCONST> 7.198125e+01
<MIXTURE> 4 8.587293e-02
<MEAN> 6
 7.500292e+01 -4.825366e+02 2.848568e+03 -2.344430e+00 -9.889264e+00 -1.479083e+02
<VARIANCE> 6
 3.075099e+02 1.948651e+05 1.090447e+06 3.005354e+02 3.976416e+04 5.090788e+07
<GCONST> 7.687975e+01
<MIXTURE> 5 1.239491e-01
<MEAN> 6
 7.990291e+01 2.085338e+03 -2.224853e+02 -1.622932e+00 -4.612538e+00 -2.181345e+01
<VARIANCE> 6
 9.859789e+01 1.431685e+06 1.166040e+05 3.005354e+02 3.976416e+04 5.090788e+07
<GCONST> 7.550103e+01
<MIXTURE> 6 1.413719e-01
<MEAN> 6
 6.556288e+01 -8.158143e+02 1.070476e+03 -4.631115e-01 -3.127580e+00 -1.991672e+02
<VARIANCE> 6
 4.593769e+01 4.439255e+04 3.601341e+05 3.005354e+02 3.976416e+04 5.090788e+07
<GCONST> 7.239142e+01
<MIXTURE> 7 1.321297e-01
<MEAN> 6
 7.130978e+01 2.858246e+01 -7.081823e+02 8.283294e-01 -6.600513e+00 -8.168526e+01
<VARIANCE> 6
 5.234319e+01 1.259260e+06 5.203243e+05 3.005354e+02 3.976416e+04 5.090788e+07
<GCONST> 7.623515e+01
<MIXTURE> 8 1.020757e-01
<MEAN> 6
 6.912875e+01 2.001639e+02 -2.996579e+02 9.781227e-01 -6.332602e+00 -6.781048e+01
<VARIANCE> 6
 4.017585e+01 1.277931e+05 5.060390e+05 3.005354e+02 3.976416e+04 5.090788e+07
<GCONST> 7.365488e+01
<MIXTURE> 9 8.902470e-02
<MEAN> 6
 6.563509e+01 -1.176635e+02 -3.312257e+02 2.351582e+00 -8.427830e+00 -1.166924e+02
<VARIANCE> 6
 5.145947e+01 3.951165e+05 3.119869e+05 3.005354e+02 3.976416e+04 5.090788e+07
<GCONST> 7.454753e+01
<STATE> 4
<NUMMIXES> 9
<MIXTURE> 1 9.537068e-03
<MEAN> 6
 1.493277e+01 2.498774e+02 -1.293428e+02 -4.953142e+01 -2.303464e+02 7.953169e+03
<VARIANCE> 6
 7.378167e+03 2.526626e+07 1.196452e+06 7.137381e+05 3.658232e+08 5.263293e+11
<GCONST> 1.111585e+02
<MIXTURE> 2 1.737386e-01
<MEAN> 6
 9.505274e+01 -5.179266e+01 -1.609088e+01 -5.170628e+00 -3.859356e+01 -2.542692e+02
<VARIANCE> 6
 2.758028e+02 5.868104e+05 3.234096e+05 3.005354e+02 3.976416e+04 5.090788e+07
<GCONST> 7.665790e+01
<MIXTURE> 3 9.261164e-02
<MEAN> 6
 8.656528e+01 6.913712e+01 -8.393874e+01 1.837100e+01 -1.075067e+03 -5.817694e+02
<VARIANCE> 6
 1.135436e+03 1.036336e+06 1.092567e+06 5.105801e+04 2.563943e+06 1.647441e+09
<GCONST> 9.263754e+01
<MIXTURE> 4 1.080532e-01
<MEAN> 6
 -3.350172e+01 7.956171e+01 3.605310e+01 9.640772e+01 6.385107e+02 -1.251064e+03
<VARIANCE> 6
 6.145512e+02 1.700794e+05 9.529505e+04 2.436562e+04 2.561410e+05 6.398079e+07
<GCONST> 8.148541e+01
<MIXTURE> 5 1.321311e-01
<MEAN> 6
 -3.672282e+01 1.100886e+01 -1.144220e+02 -9.481311e+01 1.234016e+03 2.047936e+03
<VARIANCE> 6
 8.106605e+02 3.313001e+05 7.619558e+05 5.857969e+04 1.206004e+06 8.063411e+08
<GCONST> 8.946852e+01
<MIXTURE> 6 1.682397e-01
<MEAN> 6
 5.617542e+01 1.678692e+01 5.611623e+01 7.465586e+01 -3.004766e+02 -1.322936e+03
<VARIANCE> 6
 1.029002e+03 1.998883e+05 2.868722e+05 4.005390e+04 1.991172e+05 5.247522e+07
<GCONST> 8.331139e+01
<MIXTURE> 7 3.864939e-02
<MEAN> 6
 1.790888e+01 2.189435e+02 -5.017815e+02 -3.503940e+00 4.738971e+01 1.465602e+01
<VARIANCE> 6
 7.308589e+03 4.991892e+06 2.372312e+06 4.307644e+02 4.548425e+04 5.090788e+07
<GCONST> 8.456298e+01
<MIXTURE> 8 1.616253e-01
<MEAN> 6
 6.786375e+01 -3.687250e+01 3.297510e+01 -7.663889e+01 -7.691981e+02 1.057468e+03
<VARIANCE> 6
 1.110615e+03 1.159735e+05 7.488037e+04 4.817716e+04 5.811954e+05 2.358784e+08
<GCONST> 8.425900e+01
<MIXTURE> 9 1.142369e-01
<MEAN> 6
 -4.791550e+01 -2.291406e+01 -6.802348e+01 2.180391e+01 4.455163e+02 -4.303663e+02
<VARIANCE> 6
 4.271592e+02 1.490936e+05 1.355501e+05 1.139854e+04 1.788971e+05 5.427753e+07
<GCONST> 8.005927e+01
<TRANSP> 5
 0.000000e+00 1.000000e+00 0.000000e+00 0.000000e+00 0.000000e+00
 0.000000e+00 9.995973e-01 4.027212e-04 0.000000e+00 0.000000e+00
 0.000000e+00 0.000000e+00 9.995248e-01 4.752397e-04 0.000000e+00
 0.000000e+00 0.000000e+00 0.000000e+00 9.999556e-01 4.439657e-05
 0.000000e+00 0.000000e+00 0.000000e+00 0.000000e+00 0.000000e+00
<ENDHMM>
~h "SegundoESO"
<BEGINHMM>
<NUMSTATES> 5
<STATE> 2
<NUMMIXES> 9
<MIXTURE> 1 8.362795e-02
<MEAN> 6
 3.840271e+01 7.270750e+03 5.712963e+02 1.250461e+01 -1.212558e+01 -1.803100e+02
<VARIANCE> 6
 2.251158e+03 4.682935e+07 1.693500e+07 1.399064e+04 3.261206e+05 5.090788e+07
<GCONST> 9.304008e+01
<MIXTURE> 2 8.964967e-02
<MEAN> 6
 7.450441e+01 -3.564451e+02 7.861534e+02 -9.494674e-01 -2.590571e+00 -3.065114e+01
<VARIANCE> 6
 3.194439e+01 3.352673e+04 2.410956e+05 3.005354e+02 3.976416e+04 5.090788e+07
<GCONST> 7.134612e+01
<MIXTURE> 3 8.648256e-02
<MEAN> 6
 7.401499e+01 1.831993e+03 -3.313592e+02 -4.128839e-01 -2.744639e+00 -7.589290e+01
<VARIANCE> 6
 4.817843e+01 1.294482e+06 2.858397e+06 3.005354e+02 3.976416e+04 5.090788e+07
<GCONST> 7.788338e+01
<MIXTURE> 4 7.538939e-02
<MEAN> 6
 8.469640e+01 -3.573432e+03 5.863789e+03 -8.691759e-01 -1.291106e+01 -9.134860e+01
<VARIANCE> 6
 9.801176e+01 3.526758e+06 3.010524e+07 3.005354e+02 3.976416e+04 5.090788e+07
<GCONST> 8.195026e+01
<MIXTURE> 5 8.557418e-02
<MEAN> 6
 5.801837e+01 2.569079e+02 -2.043711e+03 5.622734e-01 -2.219284e-01 -1.883452e+02
<VARIANCE> 6
 3.194439e+01 4.840144e+04 3.073017e+06 3.005354e+02 3.976416e+04 5.090788e+07
<GCONST> 7.425853e+01
<MIXTURE> 6 2.023515e-01
<MEAN> 6
 8.157829e+01 -1.285608e+03 1.410894e+02 -1.309803e+00 -2.327733e+00 -8.445264e+01
<VARIANCE> 6
 6.091596e+01 4.567812e+05 9.976209e+04 3.005354e+02 3.976416e+04 5.090788e+07
<GCONST> 7.372108e+01
<MIXTURE> 7 1.604251e-01
<MEAN> 6
 7.446812e+01 -1.540108e+02 -3.125996e+03 -5.422101e-01 -3.270487e+00 -7.245900e+01
<VARIANCE> 6
 3.194439e+01 7.955628e+04 1.494869e+07 3.005354e+02 3.976416e+04 5.090788e+07
<GCONST> 7.633743e+01
<MIXTURE> 8 1.245096e-01
<MEAN> 6
 7.579566e+01 1.184561e+03 -3.071154e+03 -1.239907e+00 -5.011629e+00 -1.173606e+02
<VARIANCE> 6
 3.194439e+01 1.518667e+05 2.968610e+06 3.005354e+02 3.976416e+04 5.090788e+07
<GCONST> 7.536744e+01
<MIXTURE> 9 9.185912e-02
<MEAN> 6
 7.609177e+01 -2.767135e+03 2.463941e+03 -1.978032e-01 -8.564763e+00 -1.696465e+02
<VARIANCE> 6
 7.042715e+01 2.989678e+06 3.691906e+06 3.005354e+02 3.976416e+04 5.090788e+07
<GCONST> 7.935599e+01
<STATE> 3
<NUMMIXES> 9
<MIXTURE> 1 1.317700e-01
<MEAN> 6
 7.108409e+01 6.662126e+02 1.366213e+02 3.081858e-01 -7.197539e+00 -1.114156e+02
<VARIANCE> 6
 3.194439e+01 2.094204e+04 9.095918e+05 3.005354e+02 3.976416e+04 5.090788e+07
<GCONST> 7.220334e+01
<MIXTURE> 2 1.281330e-01
<MEAN> 6
 6.511656e+01 3.568902e+02 6.173766e+01 -2.158931e-01 -4.249485e+00 -1.425564e+02
<VARIANCE> 6
 3.194439e+01 6.237684e+05 1.573837e+04 3.005354e+02 3.976416e+04 5.090788e+07
<GCONST> 7.154047e+01
<MIXTURE> 3 7.177614e-02
<MEAN> 6
 6.256870e+01 8.486140e+01 2.564545e+02 -3.100871e-01 -5.326506e+00 -1.646195e+02
<VARIANCE> 6
 7.482085e+01 1.477171e+04 4.978473e+04 3.005354e+02 3.976416e+04 5.090788e+07
<GCONST> 6.980011e+01
<MIXTURE> 4 9.661091e-02
<MEAN> 6
 6.370766e+01 1.034658e+03 -2.149536e+02 3.571997e-01 -3.647866e+00 -1.425722e+02
<VARIANCE> 6
 3.194439e+01 1.434605e+06 1.573837e+04 3.005354e+02 3.976416e+04 5.090788e+07
<GCONST> 7.237334e+01
<MIXTURE> 5 1.138031e-01
<MEAN> 6
 7.506391e+01 3.823130e+02 2.315009e+02 -6.672832e-01 -5.376324e+00 -8.510581e+01
<VARIANCE> 6
 3.194439e+01 2.590890e+04 2.487200e+05 3.005354e+02 3.976416e+04 5.090788e+07
<GCONST> 7.111951e+01
<MIXTURE> 6 7.810088e-02
<MEAN> 6
 5.725843e+01 1.250860e+01 -5.825609e+02 -3.496214e-01 -1.513989e+00 -9.484563e+01
<VARIANCE> 6
 3.194439e+01 3.165846e+05 1.271135e+05 3.005354e+02 3.976416e+04 5.090788e+07
<GCONST> 7.295126e+01
<MIXTURE> 7 1.426095e-01
<MEAN> 6
 7.136753e+01 2.975435e+02 -4.415511e+02 -3.464825e-01 -6.096999e+00 -1.046749e+02
<VARIANCE> 6
 3.194439e+01 3.456057e+04 7.204207e+04 3.005354e+02 3.976416e+04 5.090788e+07
<GCONST> 7.016855e+01
<MIXTURE> 8 1.493934e-01
<MEAN> 6
 6.150181e+01 -7.464828e+01 3.462720e+01 6.449894e-02 -1.739468e+00 -1.331049e+02
<VARIANCE> 6
 3.194439e+01 3.128959e+05 2.137480e+04 3.005354e+02 3.976416e+04 5.090788e+07
<GCONST> 7.115667e+01
<MIXTURE> 9 8.765339e-02
<MEAN> 6
 5.876863e+01 -7.186047e+01 -2.928616e+02 5.034605e-01 -4.113035e+00 -1.398703e+02
<VARIANCE> 6
 3.194439e+01 3.058252e+06 1.573837e+04 3.005354e+02 3.976416e+04 5.090788e+07
<GCONST> 7.313029e+01
<STATE> 4
<NUMMIXES> 9
<MIXTURE> 1 8.371685e-02
<MEAN> 6
 8.317753e+01 6.132008e+01 -4.706769e+01 -4.981934e+00 -3.034215e+01 -3.278049e+01
<VARIANCE> 6
 1.715209e+02 9.257517e+05 1.660423e+06 3.005354e+02 3.976416e+04 5.090788e+07
<GCONST> 7.827473e+01
<MIXTURE> 2 1.153928e-01
<MEAN> 6
 3.219258e+01 -4.602269e+02 -2.931496e+02 1.251235e+01 -1.021724e+02 -9.875279e+01
<VARIANCE> 6
 2.240159e+03 8.529949e+06 7.974220e+06 3.096197e+04 1.993385e+05 5.090788e+07
<GCONST> 9.088119e+01
<MIXTURE> 3 1.116154e-01
<MEAN> 6
 -4.428799e+01 6.886842e+01 4.276926e+01 2.085060e+01 1.037710e+03 -5.700468e+02
<VARIANCE> 6
 1.862255e+02 6.100364e+05 4.074861e+05 2.484964e+04 2.382315e+05 1.371559e+08
<GCONST> 8.373148e+01
<MIXTURE> 4 1.574570e-01
<MEAN> 6
 4.502554e+01 1.372507e+02 2.657369e+01 4.758763e+01 -2.917554e+02 -3.160718e+02
<VARIANCE> 6
 4.239074e+02 5.398489e+05 3.089216e+05 2.974412e+04 7.755660e+04 5.090788e+07
<GCONST> 8.222134e+01
<MIXTURE> 5 1.537752e-01
<MEAN> 6
 -8.196891e+00 1.837037e+01 8.766503e+00 2.318329e+00 1.768313e+02 -7.725242e+02
<VARIANCE> 6
 3.305711e+02 3.208546e+05 1.351235e+05 3.638193e+04 1.038684e+05 8.108658e+07
<GCONST> 8.158451e+01
<MIXTURE> 6 1.351905e-01
<MEAN> 6
 7.286375e+01 -1.848346e+02 1.516164e+02 -2.598109e+01 -8.303985e+02 -4.369043e+02
<VARIANCE> 6
 2.568822e+02 9.022234e+05 3.741552e+05 1.990560e+04 2.359776e+05 1.207273e+08
<GCONST> 8.400022e+01
<MIXTURE> 7 7.554667e-02
<MEAN> 6
 1.088054e+01 1.845402e+02 5.211240e+02 -1.113004e+02 7.187642e+01 4.677072e+03
<VARIANCE> 6
 3.086448e+03 2.403752e+06 3.435972e+06 4.789905e+04 2.267809e+06 7.371343e+08
<GCONST> 9.463385e+01
<MIXTURE> 8 8.298483e-02
<MEAN> 6
 -5.741176e+01 1.093036e+02 8.501588e+01 1.789952e+01 3.401730e+02 -1.996904e+02
<VARIANCE> 6
 1.188011e+02 5.487052e+05 8.961692e+05 1.329982e+03 1.083718e+05 5.090788e+07
<GCONST> 7.925769e+01
<MIXTURE> 9 8.276442e-02
<MEAN> 6
 7.994980e+01 -3.417265e+02 -6.040315e+01 -5.309751e+00 -3.782819e+01 -1.036626e+02
<VARIANCE> 6
 1.142789e+02 1.454617e+06 1.428343e+06 3.005354e+02 3.976416e+04 5.090788e+07
<GCONST> 7.817000e+01
<TRANSP> 5
 0.000000e+00 1.000000e+00 0.000000e+00 0.000000e+00 0.000000e+00
 0.000000e+00 9.995178e-01 4.822271e-04 0.000000e+00 0.000000e+00
 0.000000e+00 0.000000e+00 9.996333e-01 3.667122e-04 0.000000e+00
 0.000000e+00 0.000000e+00 0.000000e+00 9.999557e-01 4.430863e-05
 0.000000e+00 0.000000e+00 0.000000e+00 0.000000e+00 0.000000e+00
<ENDHMM>
~h "QuintoPRIMARIA"
<BEGINHMM>
<NUMSTATES> 5
<STATE> 2
<NUMMIXES> 9
<MIXTURE> 1 1.554806e-01
<MEAN> 6
 -3.806456e+01 -3.493287e+01 1.182853e+02 -1.402041e+01 1.055888e+03 -4.509374e+02
<VARIANCE> 6
 4.658716e+02 1.845083e+05 2.047740e+05 4.507783e+04 4.905882e+05 2.790958e+08
<GCONST> 8.479285e+01
<MIXTURE> 2 4.632790e-02
<MEAN> 6
 3.736148e+01 1.859249e+01 -4.569183e+01 -3.426942e+01 -5.477341e+02 2.894123e+03
<VARIANCE> 6
 2.449086e+03 6.655596e+05 1.570582e+06 6.962234e+04 2.582248e+06 1.168037e+09
<GCONST> 9.329967e+01
<MIXTURE> 3 1.186065e-01
<MEAN> 6
 7.885561e+01 8.477341e+01 -1.155880e+02 -8.224500e+00 -8.331759e+02 -1.048750e+03
<VARIANCE> 6
 2.517212e+02 5.398112e+05 1.437716e+05 1.854747e+04 3.496056e+05 1.144029e+08
<GCONST> 8.277843e+01
<MIXTURE> 4 1.465387e-01
<MEAN> 6
 6.683305e+01 -3.857792e+01 9.940781e+01 -1.722067e+00 -2.330309e+01 -2.746424e+02
<VARIANCE> 6
 1.090071e+02 3.526045e+04 1.453804e+05 3.005354e+02 3.976416e+04 5.090788e+07
<GCONST> 7.211812e+01
<MIXTURE> 5 8.664254e-02
<MEAN> 6
 3.822621e+01 3.262556e+01 6.691647e+01 1.393982e+02 -1.816714e+02 -1.451514e+03
<VARIANCE> 6
 8.347550e+02 8.692555e+04 8.937239e+04 1.867117e+04 1.337064e+05 5.090788e+07
<GCONST> 7.991144e+01
<MIXTURE> 6 1.353592e-01
<MEAN> 6
 -4.998544e+01 -8.637651e-01 2.246569e+01 3.618739e+01 4.251684e+02 1.222351e+01
<VARIANCE> 6
 2.940029e+02 7.877280e+04 7.993743e+04 4.439890e+03 1.245422e+05 5.090788e+07
<GCONST> 7.715049e+01
<MIXTURE> 7 1.224473e-01
<MEAN> 6
 3.811087e+01 4.439602e+00 -4.096084e+01 -1.303340e+02 -4.480589e+02 3.478870e+03
<VARIANCE> 6
 1.228576e+03 3.994370e+04 7.300585e+04 3.362065e+04 4.559000e+05 1.880533e+08
<GCONST> 8.243956e+01
<MIXTURE> 8 1.004579e-01
<MEAN> 6
 7.785883e+01 -1.928260e+01 -2.496466e+02 -4.667384e+00 -3.116831e+01 -2.395198e+02
<VARIANCE> 6
 1.830784e+02 4.063942e+05 1.130876e+05 3.005354e+02 3.976416e+04 5.090788e+07
<GCONST> 7.482999e+01
<MIXTURE> 9 8.741949e-02
<MEAN> 6
 3.188487e+01 -7.742164e+01 -2.575780e+01 5.634473e+01 -2.367924e+02 -2.074751e+03
<VARIANCE> 6
 8.525983e+02 1.077962e+05 1.113945e+05 4.002723e+04 1.534212e+05 5.090788e+07
<GCONST> 8.126817e+01
<STATE> 3
<NUMMIXES> 9
<MIXTURE> 1 5.111158e-02
<MEAN> 6
 1.058663e+02 1.874167e+03 -4.445893e+02 -4.171265e+00 3.369868e+00 3.849310e+01
<VARIANCE> 6
 1.527228e+02 1.503184e+06 5.326556e+04 3.005354e+02 3.976416e+04 5.090788e+07
<GCONST> 7.520384e+01
<MIXTURE> 2 7.578909e-02
<MEAN> 6
 7.791817e+01 1.249712e+02 3.492706e+03 -4.491506e-03 -2.846147e+00 -1.025385e+02
<VARIANCE> 6
 7.104144e+01 1.504706e+05 4.475130e+05 3.005354e+02 3.976416e+04 5.090788e+07
<GCONST> 7.426533e+01
<MIXTURE> 3 1.645253e-01
<MEAN> 6
 8.568433e+01 5.852954e+01 -1.227811e+02 -3.707664e+00 2.838981e-01 5.234485e+01
<VARIANCE> 6
 6.514717e+01 1.005775e+05 4.625108e+04 3.005354e+02 3.976416e+04 5.090788e+07
<GCONST> 7.150626e+01
<MIXTURE> 4 1.001124e-01
<MEAN> 6
 7.775839e+01 -1.876161e+02 1.032706e+02 -4.032700e+00 7.055745e+00 -1.614097e+00
<VARIANCE> 6
 1.411750e+02 1.538518e+05 2.077927e+04 3.005354e+02 3.976416e+04 5.090788e+07
<GCONST> 7.190454e+01
<MIXTURE> 5 5.240365e-02
<MEAN> 6
 6.367933e+01 -1.427602e+03 -6.561206e+03 6.249716e-01 -6.622104e+00 -6.762821e+01
<VARIANCE> 6
 3.194439e+01 1.365915e+06 4.130375e+06 3.005354e+02 3.976416e+04 5.090788e+07
<GCONST> 7.789429e+01
<MIXTURE> 6 1.605989e-01
<MEAN> 6
 6.612010e+01 3.107284e+02 -8.316115e+02 -3.266488e-01 -2.831334e+00 -6.572849e+01
<VARIANCE> 6
 3.194439e+01 8.328236e+05 3.280819e+05 3.005354e+02 3.976416e+04 5.090788e+07
<GCONST> 7.486667e+01
<MIXTURE> 7 1.642046e-01
<MEAN> 6
 7.884093e+01 -3.202181e+01 -1.875150e+02 -2.461619e+00 -1.014481e-01 2.568502e+01
<VARIANCE> 6
 1.246214e+02 4.578482e+04 5.220173e+04 3.005354e+02 3.976416e+04 5.090788e+07
<GCONST> 7.148894e+01
<MIXTURE> 8 1.336064e-01
<MEAN> 6
 5.784474e+01 2.085476e+02 -1.651958e+03 5.821695e-01 -3.459855e+00 -9.691672e+01
<VARIANCE> 6
 3.930180e+01 1.431960e+05 4.406364e+06 3.005354e+02 3.976416e+04 5.090788e+07
<GCONST> 7.591088e+01
<MIXTURE> 9 9.752621e-02
<MEAN> 6
 6.851679e+01 -4.553139e+02 4.019822e+01 -2.066039e+00 1.947370e+00 -5.494048e+01
<VARIANCE> 6
 1.957528e+02 1.962339e+05 2.401142e+04 3.005354e+02 3.976416e+04 5.090788e+07
<GCONST> 7.261928e+01
<STATE> 4
<NUMMIXES> 9
<MIXTURE> 1 3.852256e-02
<MEAN> 6
 7.906255e+01 -5.289427e+02 7.853634e+02 -3.920439e+00 -1.101589e+01 1.103007e+02
<VARIANCE> 6
 2.985073e+02 2.057669e+07 4.755046e+06 3.005354e+02 3.976416e+04 5.090788e+07
<GCONST> 8.298226e+01
<MIXTURE> 2 1.440638e-02
<MEAN> 6
 -5.667276e+00 1.755515e+02 7.176849e+01 3.501162e+01 -1.539192e+02 2.091784e+02
<VARIANCE> 6
 1.298898e+04 1.877772e+05 3.894423e+05 2.140210e+06 1.196567e+09 1.767575e+12
<GCONST> 1.091944e+02
<MIXTURE> 3 1.106634e-01
<MEAN> 6
 7.552387e+00 -9.698175e+01 -6.148496e+02 -1.185089e+02 1.460854e+02 4.334470e+03
<VARIANCE> 6
 4.317244e+03 2.085483e+06 7.234992e+06 4.483001e+04 3.305521e+06 1.528937e+09
<GCONST> 9.661217e+01
<MIXTURE> 4 1.466179e-01
<MEAN> 6
 -3.626477e+01 -9.455229e+01 1.298509e+02 6.624839e+01 6.971470e+02 -2.113996e+03
<VARIANCE> 6
 4.275670e+02 1.602791e+06 1.479198e+06 3.461926e+04 2.910138e+05 8.924703e+07
<GCONST> 8.691985e+01
<MIXTURE> 5 1.456920e-01
<MEAN> 6
 5.699405e+01 2.462418e+02 1.833782e+02 3.179338e+01 -4.946884e+02 -4.354829e+02
<VARIANCE> 6
 7.804148e+02 2.058430e+06 2.917438e+06 2.940920e+04 1.690115e+05 5.090788e+07
<GCONST> 8.718307e+01
<MIXTURE> 6 1.271318e-01
<MEAN> 6
 8.396535e+01 2.803702e+02 6.303435e+02 -3.007200e+00 -1.762986e+01 -1.282372e+02
<VARIANCE> 6
 2.033511e+02 7.911392e+05 1.720931e+06 3.005354e+02 3.976416e+04 5.090788e+07
<GCONST> 7.832362e+01
<MIXTURE> 7 1.808745e-01
<MEAN> 6
 4.608976e+01 -1.391345e+02 4.597368e+01 -1.065111e+01 -4.076891e+02 -6.241112e+02
<VARIANCE> 6
 1.130408e+03 4.479297e+05 4.837329e+05 4.023868e+04 3.597723e+05 1.243933e+08
<GCONST> 8.619405e+01
<MIXTURE> 8 1.071184e-01
<MEAN> 6
 -6.539750e+01 -9.858482e+01 2.857876e+01 1.463701e+01 3.417220e+02 4.989816e+02
<VARIANCE> 6
 2.095874e+02 4.829274e+05 1.335528e+06 2.613088e+03 1.633964e+05 5.196364e+07
<GCONST> 8.120314e+01
<MIXTURE> 9 1.280866e-01
<MEAN> 6
 7.850662e+01 -6.004333e-03 2.341660e+02 -2.097234e+00 -2.497734e+01 -1.793522e+02
<VARIANCE> 6
 2.180347e+02 6.142033e+05 1.276971e+06 3.005354e+02 3.976416e+04 5.090788e+07
<GCONST> 7.784181e+01
<TRANSP> 5
 0.000000e+00 1.000000e+00 0.000000e+00 0.000000e+00 0.000000e+00
 0.000000e+00 9.999203e-01 7.967791e-05 0.000000e+00 0.000000e+00
 0.000000e+00 0.000000e+00 9.996744e-01 3.256115e-04 0.000000e+00
 0.000000e+00 0.000000e+00 0.000000e+00 9.999181e-01 8.187066e-05
 0.000000e+00 0.000000e+00 0.000000e+00 0.000000e+00 0.000000e+00
<ENDHMM>
