~o
<STREAMINFO> 1 6
<VECSIZE> 6<NULLD><USER><DIAGC>
~h "SegundoPRIMARIA"
<BEGINHMM>
<NUMSTATES> 9
<STATE> 2
<NUMMIXES> 13
<MIXTURE> 1 7.382105e-02
<MEAN> 6
 1.060850e+02 -7.827196e+01 4.994284e+02 -6.602604e+00 -5.795371e+01 -5.305505e+02
<VARIANCE> 6
 1.949610e+02 1.597746e+05 1.178034e+06 2.940807e+02 3.903175e+04 4.829342e+07
<GCONST> 7.620973e+01
<MIXTURE> 2 6.541885e-02
<MEAN> 6
 -3.545491e+01 5.904401e+01 7.761846e+01 -1.962936e+02 1.288668e+03 6.195854e+03
<VARIANCE> 6
 9.059448e+02 5.043103e+05 2.430692e+06 5.020538e+04 1.505952e+06 1.061537e+09
<GCONST> 9.150267e+01
<MIXTURE> 3 7.775594e-02
<MEAN> 6
 2.810330e+01 -5.304025e+01 -1.011735e+02 2.467162e+02 -1.743217e+02 -3.196885e+03
<VARIANCE> 6
 7.836302e+02 2.274009e+05 1.312980e+06 6.876119e+03 1.786939e+05 4.829342e+07
<GCONST> 8.273552e+01
<MIXTURE> 4 8.931047e-02
<MEAN> 6
 -2.478170e+01 2.265382e+01 -2.095656e+00 3.187312e+01 6.632203e+02 -3.180646e+03
<VARIANCE> 6
 5.954631e+02 1.434040e+05 5.890330e+05 6.120396e+04 3.745467e+05 1.575170e+08
<GCONST> 8.530675e+01
<MIXTURE> 5 5.314681e-02
<MEAN> 6
 9.403916e+01 9.588124e+00 -1.692821e+02 7.720000e+01 -1.188547e+03 -2.080195e+03
<VARIANCE> 6
 6.275378e+02 7.134121e+05 1.652056e+06 3.109457e+04 1.641874e+06 8.836983e+08
<GCONST> 9.052017e+01
<MIXTURE> 6 5.058614e-02
<MEAN> 6
 7.687204e+01 7.507686e+02 -7.415583e+02 5.271043e+00 -5.513924e+01 -1.028223e+01
<VARIANCE> 6
 1.925079e+02 5.427829e+05 1.224911e+06 2.940807e+02 3.743564e+04 4.829342e+07
<GCONST> 7.741728e+01
<MIXTURE> 7 6.951473e-02
<MEAN> 6
 -6.516003e+01 -6.708615e+00 -2.960215e+02 -8.067565e+00 1.027121e+02 1.281445e+02
<VARIANCE> 6
 3.490739e+02 1.543672e+05 1.219277e+06 3.431732e+02 3.743564e+04 4.829342e+07
<GCONST> 7.690482e+01
<MIXTURE> 8 7.349719e-02
<MEAN> 6
 8.332233e+01 3.861100e+01 2.075504e+02 -2.583875e+01 -6.104861e+02 -3.478857e+01
<VARIANCE> 6
 6.588469e+02 1.159516e+05 6.704322e+05 2.175762e+04 3.873989e+05 1.230880e+08
<GCONST> 8.407771e+01
<MIXTURE> 9 6.928046e-02
<MEAN> 6
 6.719813e+01 -7.257637e+02 1.852547e+03 -5.728999e-02 -2.822203e+00 -8.743079e+01
<VARIANCE> 6
 8.119498e+01 6.710068e+04 1.481156e+06 2.940807e+02 3.743564e+04 4.829342e+07
<GCONST> 7.465344e+01
<MIXTURE> 10 1.227579e-01
<MEAN> 6
 -6.306718e+01 -2.581662e+01 -2.052275e+02 3.882067e+01 6.646335e+02 4.156497e+02
<VARIANCE> 6
 4.272800e+02 1.813597e+05 1.627820e+06 1.221376e+04 2.104411e+05 7.970161e+07
<GCONST> 8.335677e+01
<MIXTURE> 11 6.199148e-02
<MEAN> 6
 6.447827e+01 -1.185982e+02 1.221277e+02 -2.615572e+01 -5.309661e+02 5.476202e+01
<VARIANCE> 6
 8.099464e+02 5.209699e+05 2.433701e+06 3.327220e+04 1.585472e+05 4.829342e+07
<GCONST> 8.567169e+01
<MIXTURE> 12 1.261135e-01
<MEAN> 6
 7.181146e+01 1.094755e+02 -6.636917e+02 6.832016e-01 -1.654807e+01 -1.620067e+02
<VARIANCE> 6
 9.197964e+01 9.258408e+04 1.398886e+06 2.940807e+02 3.743564e+04 4.829342e+07
<GCONST> 7.504292e+01
<MIXTURE> 13 6.658364e-02
<MEAN> 6
 5.510718e+01 -1.888771e+01 -4.074458e+00 -2.003942e+02 -1.018204e+03 3.554960e+03
<VARIANCE> 6
 8.130454e+02 1.369685e+05 1.326442e+06 3.541543e+04 5.431493e+05 1.778655e+08
<GCONST> 8.633015e+01
<STATE> 3
<NUMMIXES> 13
<MIXTURE> 1 5.735431e-02
<MEAN> 6
 1.281365e+02 3.772556e+02 1.658882e+03 -3.409490e+00 1.314177e+00 2.589405e+01
<VARIANCE> 6
 3.163787e+01 1.535744e+04 1.532625e+04 2.940807e+02 3.743564e+04 4.829342e+07
<GCONST> 6.766533e+01
<MIXTURE> 2 8.244285e-02
<MEAN> 6
 9.763524e+01 -3.317761e+02 9.128727e+02 -4.272137e+00 1.494820e+00 -4.727850e+01
<VARIANCE> 6
 3.163787e+01 1.276023e+04 2.380553e+04 2.940807e+02 3.743564e+04 4.829342e+07
<GCONST> 6.792041e+01
<MIXTURE> 3 1.158562e-01
<MEAN> 6
 8.612680e+01 -1.686316e+02 -2.986095e+03 -5.406964e+00 -4.341201e-01 1.280488e+02
<VARIANCE> 6
 8.580451e+01 2.017194e+04 5.095452e+04 2.940807e+02 3.743564e+04 4.829342e+07
<GCONST> 7.013710e+01
<MIXTURE> 4 9.289834e-02
<MEAN> 6
 9.408913e+01 -3.313469e+02 -5.533185e+02 -6.391042e-01 -2.629023e+00 7.249097e+01
<VARIANCE> 6
 3.163787e+01 1.276023e+04 1.373229e+04 2.940807e+02 3.743564e+04 4.829342e+07
<GCONST> 6.737025e+01
<MIXTURE> 5 8.381417e-02
<MEAN> 6
 9.305463e+01 -5.575752e+02 -5.383472e+02 1.585503e+00 -3.612045e+00 -1.469180e+02
<VARIANCE> 6
 3.163787e+01 1.276023e+04 1.373229e+04 2.940807e+02 3.743564e+04 4.829342e+07
<GCONST> 6.737025e+01
<MIXTURE> 6 6.413268e-02
<MEAN> 6
 8.477355e+01 -5.171689e+02 1.617097e+03 -4.658108e+00 8.862714e+00 -1.262978e+00
<VARIANCE> 6
 3.163787e+01 1.276023e+04 6.428553e+05 2.940807e+02 3.743564e+04 4.829342e+07
<GCONST> 7.121642e+01
<MIXTURE> 7 8.599315e-02
<MEAN> 6
 1.174964e+02 -4.723330e+02 2.420577e+03 -1.233863e+00 3.103864e+00 -2.743621e+02
<VARIANCE> 6
 3.163787e+01 1.276023e+04 3.927541e+04 2.940807e+02 3.743564e+04 4.829342e+07
<GCONST> 6.842110e+01
<MIXTURE> 8 4.895953e-02
<MEAN> 6
 8.319460e+01 -2.658915e+02 -7.826332e+02 -4.754307e+00 1.903479e+01 4.718144e-01
<VARIANCE> 6
 3.163787e+01 9.389598e+04 2.347382e+04 2.940807e+02 4.141669e+04 4.829342e+07
<GCONST> 7.000330e+01
<MIXTURE> 9 8.815107e-02
<MEAN> 6
 9.305048e+01 -5.577703e+02 -5.383295e+02 1.587889e+00 -3.576467e+00 -1.468870e+02
<VARIANCE> 6
 3.163787e+01 1.276023e+04 1.373229e+04 2.940807e+02 3.743564e+04 4.829342e+07
<GCONST> 6.737025e+01
<MIXTURE> 10 6.033219e-02
<MEAN> 6
 1.019604e+02 -3.449450e+02 5.972454e+02 -6.848939e+00 -1.173629e+01 -2.035163e+02
<VARIANCE> 6
 3.163787e+01 1.276023e+04 1.524281e+04 2.940807e+02 3.743564e+04 4.829342e+07
<GCONST> 6.747461e+01
<MIXTURE> 11 9.120357e-02
<MEAN> 6
 9.443923e+01 -3.481559e+02 -5.525289e+02 -7.504019e-01 -5.764393e+00 4.694033e+01
<VARIANCE> 6
 3.163787e+01 1.276023e+04 1.373229e+04 2.940807e+02 3.743564e+04 4.829342e+07
<GCONST> 6.737025e+01
<MIXTURE> 12 6.694626e-02
<MEAN> 6
 8.399618e+01 -4.381299e+02 3.085895e+02 -4.918808e+00 8.510936e+00 -1.335107e+02
<VARIANCE> 6
 3.163787e+01 1.276023e+04 8.001454e+05 2.940807e+02 3.743564e+04 4.829342e+07
<GCONST> 7.143529e+01
<MIXTURE> 13 6.191248e-02
<MEAN> 6
 1.120054e+02 2.434259e+02 1.239370e+03 -5.140532e-01 -2.819453e+01 8.724478e+01
<VARIANCE> 6
 1.336089e+02 1.544992e+04 1.373229e+04 2.940807e+02 3.743564e+04 4.829342e+07
<GCONST> 6.900208e+01
<STATE> 4
<NUMMIXES> 13
<MIXTURE> 1 7.608206e-02
<MEAN> 6
 8.731119e+01 3.572345e+02 4.282357e+02 1.179056e+00 -7.257401e+00 8.418575e+01
<VARIANCE> 6
 3.163787e+01 1.878441e+04 1.373229e+04 2.940807e+02 3.743564e+04 4.829342e+07
<GCONST> 6.775694e+01
<MIXTURE> 2 5.506697e-02
<MEAN> 6
 9.284992e+01 5.142526e+01 -3.258864e+02 -3.030512e+00 -8.092454e+00 7.671456e+01
<VARIANCE> 6
 3.163787e+01 1.276023e+04 5.724588e+04 2.940807e+02 3.743564e+04 4.829342e+07
<GCONST> 6.879785e+01
<MIXTURE> 3 9.222405e-02
<MEAN> 6
 9.005082e+01 -1.256220e+01 5.382658e+02 -2.672699e+00 1.609601e+00 -9.222262e+01
<VARIANCE> 6
 3.163787e+01 1.276023e+04 7.827642e+04 2.940807e+02 3.743564e+04 4.829342e+07
<GCONST> 6.911075e+01
<MIXTURE> 4 8.021197e-02
<MEAN> 6
 8.076024e+01 1.626410e+02 -7.315169e+02 1.016726e+00 -4.790669e-01 -1.317194e+02
<VARIANCE> 6
 3.163787e+01 1.276023e+04 1.373229e+04 2.940807e+02 3.743564e+04 4.829342e+07
<GCONST> 6.737025e+01
<MIXTURE> 5 6.551327e-02
<MEAN> 6
 9.421407e+01 6.847603e+02 1.557460e+02 -3.504560e+00 -2.862657e+00 5.252198e+01
<VARIANCE> 6
 3.163787e+01 1.276023e+04 1.373229e+04 2.940807e+02 3.743564e+04 4.829342e+07
<GCONST> 6.737025e+01
<MIXTURE> 6 1.035670e-01
<MEAN> 6
 9.085770e+01 1.160953e+01 1.258240e+02 -1.792317e+00 -4.808120e+00 -1.187967e+02
<VARIANCE> 6
 3.163787e+01 1.364889e+04 1.373229e+04 2.940807e+02 3.743564e+04 4.829342e+07
<GCONST> 6.743758e+01
<MIXTURE> 7 9.418597e-02
<MEAN> 6
 8.670632e+01 -9.200316e+01 -9.200489e+01 -1.760629e+00 4.093763e-01 -1.162191e+02
<VARIANCE> 6
 3.163787e+01 2.274479e+04 1.373229e+04 2.940807e+02 3.743564e+04 4.829342e+07
<GCONST> 6.794826e+01
<MIXTURE> 8 7.061957e-02
<MEAN> 6
 8.445775e+01 2.436253e+02 5.100917e+01 7.804515e-01 -9.670983e+00 -2.135712e+01
<VARIANCE> 6
 3.163787e+01 1.276023e+04 1.373229e+04 2.940807e+02 3.743564e+04 4.829342e+07
<GCONST> 6.737025e+01
<MIXTURE> 9 9.376041e-02
<MEAN> 6
 9.001392e+01 -6.741862e+01 -2.542715e+02 -2.668209e+00 -8.973868e-01 -1.345211e+02
<VARIANCE> 6
 3.163787e+01 1.276023e+04 2.889485e+05 2.940807e+02 3.743564e+04 4.829342e+07
<GCONST> 7.041675e+01
<MIXTURE> 10 9.566876e-02
<MEAN> 6
 9.107514e+01 -6.814771e+01 9.617840e+01 -6.873561e-01 1.719217e+00 -1.353725e+02
<VARIANCE> 6
 3.163787e+01 1.276023e+04 1.373229e+04 2.940807e+02 3.743564e+04 4.829342e+07
<GCONST> 6.737025e+01
<MIXTURE> 11 7.313305e-02
<MEAN> 6
 8.673081e+01 2.460689e+02 4.482534e+02 2.963773e-02 -6.474385e-01 -2.403355e+01
<VARIANCE> 6
 3.163787e+01 3.011983e+04 1.373229e+04 2.940807e+02 3.743564e+04 4.829342e+07
<GCONST> 6.822910e+01
<MIXTURE> 12 3.136164e-02
<MEAN> 6
 9.147922e+01 1.696968e+02 1.700485e+02 -1.211957e+00 -1.625435e+01 -5.371041e+01
<VARIANCE> 6
 3.163787e+01 1.946273e+05 1.373229e+04 2.940807e+02 3.743564e+04 4.829342e+07
<GCONST> 7.009500e+01
<MIXTURE> 13 6.858400e-02
<MEAN> 6
 8.422257e+01 2.113833e+02 -3.552374e+00 5.350581e-01 -9.974015e+00 -1.884607e+01
<VARIANCE> 6
 3.163787e+01 1.276023e+04 1.373229e+04 2.940807e+02 3.743564e+04 4.829342e+07
<GCONST> 6.737025e+01
<STATE> 5
<NUMMIXES> 13
<MIXTURE> 1 8.024808e-02
<MEAN> 6
 6.534240e+01 8.861230e+02 -1.395824e+02 -6.436945e-01 -1.283742e+00 -1.995428e+02
<VARIANCE> 6
 3.163787e+01 1.863343e+04 1.373229e+04 2.940807e+02 3.743564e+04 4.829342e+07
<GCONST> 6.774887e+01
<MIXTURE> 2 1.144886e-01
<MEAN> 6
 7.229195e+01 4.707901e+01 1.343641e+02 -6.733333e-01 2.141836e-01 -1.082069e+02
<VARIANCE> 6
 3.163787e+01 1.276023e+04 1.373229e+04 2.940807e+02 3.743564e+04 4.829342e+07
<GCONST> 6.737025e+01
<MIXTURE> 3 6.369251e-02
<MEAN> 6
 7.078175e+01 -1.447046e+02 2.736869e+01 -2.980731e-01 -2.213980e+00 -3.841408e+01
<VARIANCE> 6
 3.163787e+01 4.621093e+04 1.568604e+04 2.940807e+02 3.743564e+04 4.829342e+07
<GCONST> 6.879015e+01
<MIXTURE> 4 5.514434e-02
<MEAN> 6
 7.401727e+01 7.330825e+01 -3.108705e+02 -5.168269e-01 -3.609518e+00 -1.185837e+02
<VARIANCE> 6
 3.163787e+01 1.276023e+04 1.373229e+04 2.940807e+02 3.743564e+04 4.829342e+07
<GCONST> 6.737025e+01
<MIXTURE> 5 1.184050e-01
<MEAN> 6
 6.844026e+01 -1.518967e+02 1.381792e+02 1.344813e+00 3.614153e+00 -1.232635e+02
<VARIANCE> 6
 3.163787e+01 1.276023e+04 1.373229e+04 2.940807e+02 3.743564e+04 4.829342e+07
<GCONST> 6.737025e+01
<MIXTURE> 6 1.008885e-01
<MEAN> 6
 6.929428e+01 1.284456e+02 -2.462658e+02 -1.130763e-01 -4.089088e+00 -1.381363e+02
<VARIANCE> 6
 3.163787e+01 1.849075e+04 1.373229e+04 2.940807e+02 3.743564e+04 4.829342e+07
<GCONST> 6.774118e+01
<MIXTURE> 7 9.403913e-02
<MEAN> 6
 5.708190e+01 4.274504e+02 -2.015103e+02 5.639600e-01 -2.977821e+00 -2.469631e+02
<VARIANCE> 6
 3.163787e+01 1.276023e+04 1.373229e+04 2.940807e+02 3.743564e+04 4.829342e+07
<GCONST> 6.737025e+01
<MIXTURE> 8 5.547622e-02
<MEAN> 6
 7.471284e+01 6.904960e+01 -3.120110e+02 -6.204112e-01 -4.217513e+00 -1.181823e+02
<VARIANCE> 6
 3.163787e+01 1.276023e+04 1.373229e+04 2.940807e+02 3.743564e+04 4.829342e+07
<GCONST> 6.737025e+01
<MIXTURE> 9 8.098452e-02
<MEAN> 6
 6.638625e+01 -6.110654e+01 -2.414771e+02 5.067208e-01 3.986822e+00 -6.116924e+01
<VARIANCE> 6
 3.163787e+01 1.276023e+04 1.373229e+04 2.940807e+02 3.743564e+04 4.829342e+07
<GCONST> 6.737025e+01
<MIXTURE> 10 4.548919e-02
<MEAN> 6
 6.771301e+01 -1.559602e+01 1.416113e+02 6.946373e-01 -6.138711e-01 -2.976860e+01
<VARIANCE> 6
 3.163787e+01 1.276023e+04 7.489659e+04 2.940807e+02 3.743564e+04 4.829342e+07
<GCONST> 6.906660e+01
<MIXTURE> 11 8.007461e-02
<MEAN> 6
 6.620784e+01 -6.560048e+01 -2.495531e+02 5.583628e-01 4.630913e+00 -5.720164e+01
<VARIANCE> 6
 3.163787e+01 1.276023e+04 1.373229e+04 2.940807e+02 3.743564e+04 4.829342e+07
<GCONST> 6.737025e+01
<MIXTURE> 12 5.545428e-02
<MEAN> 6
 7.416978e+01 6.992912e+01 -3.155629e+02 -5.041309e-01 -3.499583e+00 -1.219071e+02
<VARIANCE> 6
 3.163787e+01 1.276023e+04 1.373229e+04 2.940807e+02 3.743564e+04 4.829342e+07
<GCONST> 6.737025e+01
<MIXTURE> 13 5.553998e-02
<MEAN> 6
 7.437465e+01 6.130629e+01 -3.231478e+02 -4.739865e-01 -3.330017e+00 -1.289210e+02
<VARIANCE> 6
 3.163787e+01 1.276023e+04 1.373229e+04 2.940807e+02 3.743564e+04 4.829342e+07
<GCONST> 6.737025e+01
<STATE> 6
<NUMMIXES> 13
<MIXTURE> 1 4.861473e-02
<MEAN> 6
 5.732417e+01 -9.065707e+02 -4.260300e+02 -1.618136e-01 3.377120e+00 -1.289634e+02
<VARIANCE> 6
 3.163787e+01 1.534827e+05 1.373229e+04 2.940807e+02 3.743564e+04 4.829342e+07
<GCONST> 6.985750e+01
<MIXTURE> 2 7.330654e-02
<MEAN> 6
 6.861802e+01 3.047565e+01 -9.234066e+02 -1.309948e+00 -8.132403e+00 -1.590925e+02
<VARIANCE> 6
 3.163787e+01 1.276023e+04 2.641544e+04 2.940807e+02 3.743564e+04 4.829342e+07
<GCONST> 6.802444e+01
<MIXTURE> 3 6.572410e-02
<MEAN> 6
 7.511325e+01 -1.049893e+03 2.234629e+02 1.127974e+00 1.753685e+01 -2.450506e+02
<VARIANCE> 6
 3.163787e+01 1.626332e+04 1.042924e+05 2.940807e+02 3.743564e+04 4.829342e+07
<GCONST> 6.964027e+01
<MIXTURE> 4 1.112182e-01
<MEAN> 6
 6.458189e+01 -5.109734e+02 2.832550e+02 -7.641081e-01 -1.139966e+01 -2.121169e+02
<VARIANCE> 6
 3.163787e+01 1.276023e+04 1.373229e+04 2.940807e+02 3.743564e+04 4.829342e+07
<GCONST> 6.737025e+01
<MIXTURE> 5 4.309004e-02
<MEAN> 6
 6.583764e+01 -2.728827e+02 -1.272014e+03 3.086901e+00 -1.473194e+01 1.027619e+02
<VARIANCE> 6
 3.163787e+01 1.276023e+04 1.373229e+04 2.940807e+02 3.743564e+04 4.829342e+07
<GCONST> 6.737025e+01
<MIXTURE> 6 7.358069e-02
<MEAN> 6
 6.887553e+01 -1.603390e+03 -7.359183e+02 3.818917e+00 -1.289548e+01 -7.433400e+01
<VARIANCE> 6
 1.132112e+02 6.492965e+04 1.373229e+04 2.940807e+02 3.743564e+04 4.829342e+07
<GCONST> 7.027213e+01
<MIXTURE> 7 7.435371e-02
<MEAN> 6
 6.274955e+01 -2.952584e+02 -1.996138e+02 -8.456362e-01 -9.366364e+00 -3.291115e+02
<VARIANCE> 6
 3.163787e+01 3.339332e+04 1.373229e+04 2.940807e+02 3.743564e+04 4.829342e+07
<GCONST> 6.833228e+01
<MIXTURE> 8 9.759158e-02
<MEAN> 6
 7.318687e+01 -7.942388e+02 -3.767520e+02 -3.459142e+00 -8.250536e+00 6.096487e+01
<VARIANCE> 6
 3.163787e+01 1.509559e+04 5.514953e+04 2.940807e+02 3.743564e+04 4.829342e+07
<GCONST> 6.892862e+01
<MIXTURE> 9 8.550241e-02
<MEAN> 6
 6.588953e+01 -1.031035e+02 -9.218077e+02 -4.688169e-01 -1.316031e+01 -1.863105e+02
<VARIANCE> 6
 3.163787e+01 1.899571e+04 1.373229e+04 2.940807e+02 3.743564e+04 4.829342e+07
<GCONST> 6.776813e+01
<MIXTURE> 10 8.934679e-02
<MEAN> 6
 6.345308e+01 -4.993832e+02 -5.277883e+02 -8.254015e-01 1.180862e+00 -8.700465e+01
<VARIANCE> 6
 3.163787e+01 1.276023e+04 1.373229e+04 2.940807e+02 3.743564e+04 4.829342e+07
<GCONST> 6.737025e+01
<MIXTURE> 11 7.508442e-02
<MEAN> 6
 7.118326e+01 -7.774333e+02 -7.153013e+02 -2.448275e+00 -3.750819e+00 -2.082168e+01
<VARIANCE> 6
 3.163787e+01 1.276023e+04 1.004636e+05 2.940807e+02 3.743564e+04 4.829342e+07
<GCONST> 6.936029e+01
<MIXTURE> 12 7.197959e-02
<MEAN> 6
 6.946664e+01 3.664000e+01 -9.882824e+02 -1.899376e+00 -5.714049e+00 -6.147483e+01
<VARIANCE> 6
 3.163787e+01 1.276023e+04 2.104292e+04 2.940807e+02 3.743564e+04 4.829342e+07
<GCONST> 6.779706e+01
<MIXTURE> 13 9.057749e-02
<MEAN> 6
 5.933566e+01 -4.269149e+02 -1.918282e+02 -1.075662e-01 7.807904e-01 -1.623137e+02
<VARIANCE> 6
 3.163787e+01 1.276023e+04 1.373229e+04 2.940807e+02 3.743564e+04 4.829342e+07
<GCONST> 6.737025e+01
<STATE> 7
<NUMMIXES> 13
<MIXTURE> 1 9.481619e-02
<MEAN> 6
 7.212364e+01 1.309787e+03 -1.130050e+03 5.078862e-01 -4.830471e+00 -1.417130e+02
<VARIANCE> 6
 3.163787e+01 1.276023e+04 1.373229e+04 2.940807e+02 3.743564e+04 4.829342e+07
<GCONST> 6.737025e+01
<MIXTURE> 2 6.506369e-02
<MEAN> 6
 9.036205e+01 -1.403604e+03 8.270896e+02 -1.526105e-01 1.038814e+00 -1.030276e+02
<VARIANCE> 6
 3.163787e+01 1.276023e+04 1.373229e+04 2.940807e+02 3.743564e+04 4.829342e+07
<GCONST> 6.737025e+01
<MIXTURE> 3 9.624945e-02
<MEAN> 6
 8.153584e+01 2.274299e+03 -2.407594e+02 -1.616091e+00 7.030988e-01 -1.661406e+02
<VARIANCE> 6
 3.163787e+01 3.022121e+05 1.373229e+04 2.940807e+02 3.743564e+04 4.829342e+07
<GCONST> 7.053505e+01
<MIXTURE> 4 6.526566e-02
<MEAN> 6
 7.092635e+01 8.715912e+02 7.015072e+02 1.257068e-01 8.627533e-01 -9.324583e+01
<VARIANCE> 6
 3.163787e+01 8.851342e+04 1.373229e+04 2.940807e+02 3.743564e+04 4.829342e+07
<GCONST> 6.930707e+01
<MIXTURE> 5 9.203671e-02
<MEAN> 6
 7.523043e+01 -8.923314e+03 1.476180e+03 -2.598321e+00 -7.102192e+00 -6.946497e+01
<VARIANCE> 6
 3.163787e+01 1.973297e+04 1.771397e+05 2.940807e+02 3.743564e+04 4.829342e+07
<GCONST> 7.036339e+01
<MIXTURE> 6 9.838267e-02
<MEAN> 6
 8.806964e+01 8.338224e+02 2.852660e+02 -2.916710e+00 -2.774919e+00 1.102068e+02
<VARIANCE> 6
 3.163787e+01 5.293221e+04 8.262529e+05 2.940807e+02 3.743564e+04 4.829342e+07
<GCONST> 7.289008e+01
<MIXTURE> 7 9.129415e-02
<MEAN> 6
 8.801129e+01 1.108616e+03 -9.332867e+02 -2.602584e+00 -6.249373e-02 -2.109652e+01
<VARIANCE> 6
 3.163787e+01 1.276023e+04 1.052805e+05 2.940807e+02 3.743564e+04 4.829342e+07
<GCONST> 6.940712e+01
<MIXTURE> 8 1.719210e-02
<MEAN> 6
 1.335333e+02 -2.095293e+03 7.315007e+01 -4.187468e+01 -2.086009e+01 1.995624e+02
<VARIANCE> 6
 2.015327e+02 5.417232e+05 1.373229e+04 2.940807e+02 3.743564e+04 4.829342e+07
<GCONST> 7.297026e+01
<MIXTURE> 9 1.246142e-01
<MEAN> 6
 7.586201e+01 3.952315e+02 1.918541e+02 -1.609920e+00 3.694591e+00 -7.889068e+01
<VARIANCE> 6
 3.163787e+01 1.771546e+04 3.827387e+05 2.940807e+02 3.743564e+04 4.829342e+07
<GCONST> 7.102596e+01
<MIXTURE> 10 5.696171e-02
<MEAN> 6
 8.880726e+01 1.012461e+03 -2.210074e+03 -5.388468e-02 -1.361115e+01 -1.576328e+00
<VARIANCE> 6
 3.163787e+01 1.276023e+04 2.011564e+04 2.940807e+02 3.743564e+04 4.829342e+07
<GCONST> 6.775200e+01
<MIXTURE> 11 6.674074e-02
<MEAN> 6
 9.975334e+01 -3.177983e+03 -1.161747e+02 -3.030636e+00 -4.505278e-01 -1.796235e+02
<VARIANCE> 6
 3.163787e+01 5.513110e+05 1.792481e+04 2.940807e+02 3.743564e+04 4.829342e+07
<GCONST> 7.140265e+01
<MIXTURE> 12 6.526627e-02
<MEAN> 6
 7.201983e+01 6.623508e+02 7.024882e+02 -4.426623e-01 -4.734770e+00 -1.075358e+02
<VARIANCE> 6
 3.163787e+01 9.565809e+04 1.373229e+04 2.940807e+02 3.743564e+04 4.829342e+07
<GCONST> 6.938469e+01
<MIXTURE> 13 6.611197e-02
<MEAN> 6
 9.971497e+01 -3.093041e+03 -1.299800e+02 -3.028335e+00 -2.387222e+00 -2.137612e+02
<VARIANCE> 6
 3.163787e+01 5.776946e+05 1.785344e+04 2.940807e+02 3.743564e+04 4.829342e+07
<GCONST> 7.144540e+01
<STATE> 8
<NUMMIXES> 13
<MIXTURE> 1 9.068803e-03
<MEAN> 6
 1.532632e+01 -3.065391e+01 -9.461507e+01 -4.872508e+01 -4.706859e+02 8.829914e+03
<VARIANCE> 6
 7.210619e+03 3.609372e+07 1.117279e+06 6.564662e+05 3.422653e+08 5.212433e+11
<GCONST> 1.112638e+02
<MIXTURE> 2 1.296103e-01
<MEAN> 6
 2.837537e+01 1.145542e+02 2.158068e+01 2.460606e+02 -5.758041e+01 -3.070304e+03
<VARIANCE> 6
 7.283527e+02 2.066983e+05 1.117004e+05 7.387130e+03 2.069360e+05 7.598606e+07
<GCONST> 8.077436e+01
<MIXTURE> 3 5.423158e-02
<MEAN> 6
 4.099073e+01 3.580036e+02 3.789684e+01 -1.527971e+00 -4.207567e+02 1.896246e+03
<VARIANCE> 6
 4.753726e+03 2.286220e+06 1.488161e+06 6.633641e+04 3.834451e+06 2.533738e+09
<GCONST> 9.626440e+01
<MIXTURE> 4 4.423641e-02
<MEAN> 6
 1.052118e+02 1.338179e+02 7.785266e+01 -8.794267e+00 -2.051363e+01 -3.164911e+02
<VARIANCE> 6
 8.646588e+01 4.051445e+06 3.605504e+05 2.940807e+02 3.743564e+04 4.829342e+07
<GCONST> 7.740402e+01
<MIXTURE> 5 7.424071e-02
<MEAN> 6
 -4.154774e+01 1.318487e+01 1.308527e+01 -1.369639e+02 1.669604e+03 2.480499e+03
<VARIANCE> 6
 4.258878e+02 1.600566e+05 1.202141e+05 4.343412e+04 1.116011e+06 9.708645e+08
<GCONST> 8.605972e+01
<MIXTURE> 6 8.677280e-02
<MEAN> 6
 8.359561e+01 1.013505e+01 1.669057e+02 -1.235679e+01 -5.779055e+02 -6.899401e+02
<VARIANCE> 6
 2.764114e+02 6.926205e+04 1.850156e+05 1.872224e+04 1.536532e+05 4.829342e+07
<GCONST> 7.939572e+01
<MIXTURE> 7 7.566408e-02
<MEAN> 6
 -3.716782e+01 1.668215e+02 6.838216e+01 1.124387e+02 8.566299e+02 -1.492750e+03
<VARIANCE> 6
 3.137274e+02 2.047922e+05 8.983012e+04 1.884878e+04 2.302458e+05 7.178582e+07
<GCONST> 8.069152e+01
<MIXTURE> 8 8.379554e-02
<MEAN> 6
 9.201012e+01 -1.220795e+01 3.491771e+01 4.237392e+01 -1.014599e+03 -3.250334e+03
<VARIANCE> 6
 3.979049e+02 1.600513e+05 7.342659e+04 2.826440e+04 1.499577e+06 6.902097e+08
<GCONST> 8.502333e+01
<MIXTURE> 9 7.518577e-02
<MEAN> 6
 -5.507752e+01 1.397998e+02 2.813349e+01 7.601041e+00 1.934458e+02 5.064319e+02
<VARIANCE> 6
 2.807117e+02 2.581312e+05 1.328407e+05 7.358132e+02 7.166455e+04 4.829342e+07
<GCONST> 7.639626e+01
<MIXTURE> 10 1.220028e-01
<MEAN> 6
 9.304480e+01 -7.357924e+01 -8.817339e+01 -4.753232e+00 -2.470670e+01 -1.963133e+02
<VARIANCE> 6
 2.411461e+02 1.873239e+05 1.084830e+05 2.940807e+02 3.743564e+04 4.829342e+07
<GCONST> 7.415465e+01
<MIXTURE> 11 1.007897e-01
<MEAN> 6
 2.481819e+01 1.982048e+01 1.096056e+02 -2.892799e+02 -3.536796e+02 6.149725e+03
<VARIANCE> 6
 6.945256e+02 1.058632e+05 1.812405e+05 9.033380e+03 6.537063e+05 2.191472e+08
<GCONST> 8.295232e+01
<MIXTURE> 12 6.664930e-02
<MEAN> 6
 8.722102e+01 -1.389506e+02 -7.642435e+01 -6.022592e+01 -7.695822e+02 -6.292779e+02
<VARIANCE> 6
 3.660447e+02 6.222227e+05 1.674509e+05 1.735467e+04 2.843735e+05 1.016685e+08
<GCONST> 8.305640e+01
<MIXTURE> 13 7.710511e-02
<MEAN> 6
 -4.669905e+01 -1.781656e+00 -3.025437e+01 2.593356e+01 7.480643e+02 -1.079233e+03
<VARIANCE> 6
 3.427201e+02 1.497906e+05 1.357530e+05 1.571261e+04 1.778321e+05 8.448496e+07
<GCONST> 8.060266e+01
<TRANSP> 9
 0.000000e+00 1.000000e+00 0.000000e+00 0.000000e+00 0.000000e+00 0.000000e+00 0.000000e+00 0.000000e+00 0.000000e+00
 0.000000e+00 9.998145e-01 1.854865e-04 0.000000e+00 0.000000e+00 0.000000e+00 0.000000e+00 0.000000e+00 0.000000e+00
 0.000000e+00 0.000000e+00 9.976407e-01 2.359286e-03 0.000000e+00 0.000000e+00 0.000000e+00 0.000000e+00 0.000000e+00
 0.000000e+00 0.000000e+00 0.000000e+00 9.981706e-01 1.829382e-03 0.000000e+00 0.000000e+00 0.000000e+00 0.000000e+00
 0.000000e+00 0.000000e+00 0.000000e+00 0.000000e+00 9.991817e-01 8.183098e-04 0.000000e+00 0.000000e+00 0.000000e+00
 0.000000e+00 0.000000e+00 0.000000e+00 0.000000e+00 0.000000e+00 9.987627e-01 1.237295e-03 0.000000e+00 0.000000e+00
 0.000000e+00 0.000000e+00 0.000000e+00 0.000000e+00 0.000000e+00 0.000000e+00 9.984378e-01 1.562260e-03 0.000000e+00
 0.000000e+00 0.000000e+00 0.000000e+00 0.000000e+00 0.000000e+00 0.000000e+00 0.000000e+00 9.999434e-01 5.665182e-05
 0.000000e+00 0.000000e+00 0.000000e+00 0.000000e+00 0.000000e+00 0.000000e+00 0.000000e+00 0.000000e+00 0.000000e+00
<ENDHMM>
~h "SegundoESO"
<BEGINHMM>
<NUMSTATES> 9
<STATE> 2
<NUMMIXES> 13
<MIXTURE> 1 5.561074e-02
<MEAN> 6
 2.740819e+01 -1.530661e+03 3.338455e+03 -5.347638e+00 -9.363960e+01 -2.324972e+01
<VARIANCE> 6
 2.110053e+03 1.321139e+07 4.941308e+07 2.985265e+04 9.420171e+05 1.569898e+08
<GCONST> 9.572554e+01
<MIXTURE> 2 9.315659e-02
<MEAN> 6
 5.956719e+01 2.309338e+03 -2.692630e+02 2.921913e-01 -5.141886e+00 -1.957929e+02
<VARIANCE> 6
 3.163787e+01 1.688758e+05 1.373229e+04 2.940807e+02 3.743564e+04 4.829342e+07
<GCONST> 6.995308e+01
<MIXTURE> 3 1.006837e-01
<MEAN> 6
 5.695500e+01 4.801890e+02 -3.661785e+03 1.244404e+00 -4.127632e-01 -9.020327e+01
<VARIANCE> 6
 3.163787e+01 6.586744e+04 1.517131e+06 2.940807e+02 3.743564e+04 4.829342e+07
<GCONST> 7.371638e+01
<MIXTURE> 4 5.786420e-02
<MEAN> 6
 7.086501e+01 1.446020e+03 -1.297774e+03 4.868373e-02 -9.089954e+00 -8.509413e+01
<VARIANCE> 6
 3.163787e+01 7.804919e+04 1.656662e+06 2.940807e+02 3.743564e+04 4.829342e+07
<GCONST> 7.397406e+01
<MIXTURE> 5 9.486339e-02
<MEAN> 6
 7.489484e+01 1.800977e+02 -4.323450e+03 -5.208194e-01 -5.783969e+00 -5.826703e+01
<VARIANCE> 6
 3.163787e+01 1.285533e+05 5.529030e+06 2.940807e+02 3.743564e+04 4.829342e+07
<GCONST> 7.567828e+01
<MIXTURE> 6 4.891026e-02
<MEAN> 6
 8.827940e+01 -3.967136e+03 8.061398e+03 -1.306279e+00 -1.174636e+01 2.046869e+01
<VARIANCE> 6
 8.376331e+01 6.848036e+05 2.681758e+07 2.940807e+02 3.743564e+04 4.829342e+07
<GCONST> 7.990375e+01
<MIXTURE> 7 8.149593e-02
<MEAN> 6
 7.827872e+01 8.289791e+02 2.028454e+03 2.992728e-01 -1.016380e+00 -6.026101e+01
<VARIANCE> 6
 3.163787e+01 1.682485e+06 8.518854e+05 2.940807e+02 3.743564e+04 4.829342e+07
<GCONST> 7.637964e+01
<MIXTURE> 8 8.763545e-02
<MEAN> 6
 6.290902e+01 5.405951e+01 -1.674917e+03 1.704137e-01 -3.112592e-01 -1.475723e+02
<VARIANCE> 6
 3.163787e+01 5.056846e+04 8.195809e+04 2.940807e+02 3.743564e+04 4.829342e+07
<GCONST> 7.053371e+01
<MIXTURE> 9 3.394717e-02
<MEAN> 6
 7.175236e+01 1.320458e+04 -1.200088e+03 -8.061169e-01 -6.904374e+00 -1.948623e+02
<VARIANCE> 6
 3.163787e+01 1.276023e+04 1.373229e+04 2.940807e+02 3.743564e+04 4.829342e+07
<GCONST> 6.737025e+01
<MIXTURE> 10 5.316992e-02
<MEAN> 6
 7.413776e+01 -3.397306e+02 -8.295142e+03 -3.299763e-02 -2.245500e+00 -5.761792e+01
<VARIANCE> 6
 3.163787e+01 1.276023e+04 1.339842e+06 2.940807e+02 3.743564e+04 4.829342e+07
<GCONST> 7.195081e+01
<MIXTURE> 11 1.342352e-01
<MEAN> 6
 6.414079e+01 1.208493e+03 -6.685420e+02 1.314358e-01 -1.133581e+00 -9.251773e+01
<VARIANCE> 6
 3.163787e+01 2.345471e+05 3.624483e+05 2.940807e+02 3.743564e+04 4.829342e+07
<GCONST> 7.355470e+01
<MIXTURE> 12 9.741713e-02
<MEAN> 6
 7.328453e+01 -2.228843e+03 2.428087e+03 3.773519e-01 -8.842602e+00 -1.479712e+02
<VARIANCE> 6
 3.163787e+01 5.974491e+06 4.693986e+06 2.940807e+02 3.743564e+04 4.829342e+07
<GCONST> 7.935345e+01
<MIXTURE> 13 6.095348e-02
<MEAN> 6
 8.370589e+01 -4.265392e+03 3.623338e+03 -1.784797e+00 -9.334235e+00 -1.577392e+02
<VARIANCE> 6
 1.078933e+02 9.958860e+04 7.079240e+06 2.940807e+02 3.743564e+04 4.829342e+07
<GCONST> 7.689693e+01
<STATE> 3
<NUMMIXES> 13
<MIXTURE> 1 9.437893e-02
<MEAN> 6
 7.380270e+01 5.436883e+02 6.878728e+02 2.016664e-01 -4.397861e+00 -8.798737e+01
<VARIANCE> 6
 3.163787e+01 3.216558e+04 6.754311e+05 2.940807e+02 3.743564e+04 4.829342e+07
<GCONST> 7.219041e+01
<MIXTURE> 2 6.981969e-02
<MEAN> 6
 8.600904e+01 -1.311264e+03 1.348109e+02 -1.718313e+00 -3.024269e+00 -9.044632e+01
<VARIANCE> 6
 3.163787e+01 3.734168e+05 1.195544e+05 2.940807e+02 3.743564e+04 4.829342e+07
<GCONST> 7.291063e+01
<MIXTURE> 3 6.489967e-02
<MEAN> 6
 6.783289e+01 -1.854040e+03 -1.375670e+02 2.214954e-01 -4.649505e+00 -1.042602e+02
<VARIANCE> 6
 3.163787e+01 2.865239e+05 1.283033e+05 2.940807e+02 3.743564e+04 4.829342e+07
<GCONST> 7.271638e+01
<MIXTURE> 4 5.940204e-02
<MEAN> 6
 7.365040e+01 5.626524e+02 2.803268e+02 -5.689443e-01 -5.470354e+00 -9.631905e+01
<VARIANCE> 6
 3.163787e+01 6.951768e+04 2.366621e+04 2.940807e+02 3.743564e+04 4.829342e+07
<GCONST> 6.960980e+01
<MIXTURE> 5 9.059798e-02
<MEAN> 6
 8.268618e+01 -7.620750e+02 1.431592e+02 -3.523411e-01 -4.628818e+00 -1.114270e+02
<VARIANCE> 6
 3.163787e+01 1.659060e+04 2.608564e+04 2.940807e+02 3.743564e+04 4.829342e+07
<GCONST> 6.827438e+01
<MIXTURE> 6 4.775396e-02
<MEAN> 6
 6.518430e+01 1.639087e+02 3.769352e+02 -1.012577e+00 1.215677e+00 -1.145167e+02
<VARIANCE> 6
 1.589978e+02 1.276023e+04 4.629305e+04 2.940807e+02 3.743564e+04 4.829342e+07
<GCONST> 7.020003e+01
<MIXTURE> 7 1.119292e-01
<MEAN> 6
 7.298758e+01 -2.801922e+02 6.652179e+02 -9.854425e-01 -4.131991e+00 -7.018615e+01
<VARIANCE> 6
 5.067803e+01 4.610730e+04 5.159226e+05 2.940807e+02 3.743564e+04 4.829342e+07
<GCONST> 7.275223e+01
<MIXTURE> 8 8.268425e-02
<MEAN> 6
 6.445904e+01 -5.212671e+02 -1.032668e+02 2.014802e-01 -2.516178e-01 -1.199034e+02
<VARIANCE> 6
 3.163787e+01 9.709729e+04 6.790083e+04 2.940807e+02 3.743564e+04 4.829342e+07
<GCONST> 7.099792e+01
<MIXTURE> 9 6.042532e-02
<MEAN> 6
 6.753610e+01 4.321670e+02 -2.623613e+02 8.348203e-02 -1.826821e+00 -1.256889e+02
<VARIANCE> 6
 3.163787e+01 1.276023e+04 1.373229e+04 2.940807e+02 3.743564e+04 4.829342e+07
<GCONST> 6.737025e+01
<MIXTURE> 10 1.031064e-01
<MEAN> 6
 6.617413e+01 -2.409920e+02 2.476269e+02 -3.391085e-01 -4.149821e+00 -9.028931e+01
<VARIANCE> 6
 3.163787e+01 4.707599e+04 1.373229e+04 2.940807e+02 3.743564e+04 4.829342e+07
<GCONST> 6.867567e+01
<MIXTURE> 11 7.751431e-02
<MEAN> 6
 7.398431e+01 1.599779e+02 -6.404158e+02 -9.395533e-01 -3.744620e+00 -1.171895e+02
<VARIANCE> 6
 3.163787e+01 4.561664e+04 2.672422e+04 2.940807e+02 3.743564e+04 4.829342e+07
<GCONST> 6.931001e+01
<MIXTURE> 12 7.518163e-02
<MEAN> 6
 6.144455e+01 -4.213349e+02 -4.054403e+02 -1.990621e-01 9.622545e-01 -8.633820e+01
<VARIANCE> 6
 3.163787e+01 5.686954e+04 1.089348e+05 2.940807e+02 3.743564e+04 4.829342e+07
<GCONST> 7.093567e+01
<MIXTURE> 13 6.208749e-02
<MEAN> 6
 7.241465e+01 4.921542e+02 1.816356e+02 -5.755025e-01 -5.947011e+00 -1.318270e+02
<VARIANCE> 6
 3.163787e+01 1.006937e+05 2.528863e+04 2.940807e+02 3.743564e+04 4.829342e+07
<GCONST> 7.004660e+01
<STATE> 4
<NUMMIXES> 13
<MIXTURE> 1 7.898590e-02
<MEAN> 6
 1.076948e+01 3.622083e+02 1.850060e+03 -9.432714e+00 4.361118e+01 5.724478e+02
<VARIANCE> 6
 2.576148e+03 7.592674e+05 9.291740e+06 6.403990e+04 7.541651e+05 1.693781e+08
<GCONST> 9.201433e+01
<MIXTURE> 2 5.583323e-02
<MEAN> 6
 -3.208751e+01 -1.683988e+02 9.441712e+01 2.259770e+02 9.724423e+02 -4.358961e+03
<VARIANCE> 6
 1.066327e+02 7.854166e+05 2.751532e+05 3.233257e+03 1.533021e+05 5.807708e+07
<GCONST> 7.969440e+01
<MIXTURE> 3 6.833015e-02
<MEAN> 6
 9.351992e+01 -1.058190e+01 2.945346e+02 -1.143468e+01 -1.087715e+02 -3.387846e+01
<VARIANCE> 6
 1.151475e+02 1.199455e+06 2.114184e+06 3.369912e+02 4.928925e+04 4.829342e+07
<GCONST> 7.865336e+01
<MIXTURE> 4 6.112285e-02
<MEAN> 6
 4.093778e+01 1.538136e+02 8.171414e+01 2.267345e+02 -3.867477e+02 -3.569794e+02
<VARIANCE> 6
 4.584333e+02 1.413832e+06 5.237823e+05 2.104175e+03 1.338473e+05 4.829342e+07
<GCONST> 8.163466e+01
<MIXTURE> 5 7.295050e-02
<MEAN> 6
 -6.387843e+01 -1.626704e+02 2.605651e+02 1.462868e+01 1.964445e+02 -1.416237e+02
<VARIANCE> 6
 5.747872e+01 1.173692e+06 2.304153e+06 5.891036e+02 7.436789e+04 4.829342e+07
<GCONST> 7.899275e+01
<MIXTURE> 6 6.923346e-02
<MEAN> 6
 8.937272e+01 1.762391e+02 6.281551e+01 4.378206e+01 -1.180846e+03 -1.403227e+03
<VARIANCE> 6
 2.769035e+02 2.076486e+06 9.875755e+05 1.692224e+04 1.052649e+06 8.123892e+08
<GCONST> 8.911882e+01
<MIXTURE> 7 5.003246e-02
<MEAN> 6
 -1.100612e+01 1.940091e+02 4.283036e+01 5.351782e+01 3.076482e+02 -5.597748e+03
<VARIANCE> 6
 1.399805e+02 7.289499e+05 2.622917e+05 6.997866e+04 1.013243e+05 1.228748e+08
<GCONST> 8.325404e+01
<MIXTURE> 8 1.215204e-01
<MEAN> 6
 8.182800e+01 -1.401163e+02 1.620916e+02 3.477390e+01 -6.057646e+02 -9.280669e+02
<VARIANCE> 6
 1.539579e+02 7.181042e+05 6.001366e+05 1.045457e+04 1.205128e+05 5.544104e+07
<GCONST> 8.163837e+01
<MIXTURE> 9 8.608410e-02
<MEAN> 6
 -4.705438e+01 2.943211e+02 2.684924e+02 -1.863663e+02 1.491081e+03 5.725178e+03
<VARIANCE> 6
 2.441526e+02 1.002814e+06 1.096280e+06 1.407504e+04 8.147552e+05 6.271644e+08
<GCONST> 8.767033e+01
<MIXTURE> 10 1.021132e-01
<MEAN> 6
 1.943383e+01 2.135469e+02 3.559436e+01 -2.881786e+02 -2.819571e+02 5.436929e+03
<VARIANCE> 6
 5.564497e+02 1.315054e+06 4.807638e+05 3.018508e+03 2.728020e+05 1.181951e+08
<GCONST> 8.363822e+01
<MIXTURE> 11 6.991135e-02
<MEAN> 6
 6.836344e+01 1.495284e+02 8.925816e+01 -1.758504e+02 -9.491494e+02 6.047678e+02
<VARIANCE> 6
 2.005746e+02 5.880773e+05 3.121485e+05 3.854704e+03 1.710955e+05 5.977816e+07
<GCONST> 8.047748e+01
<MIXTURE> 12 1.023785e-01
<MEAN> 6
 -5.614427e+01 -9.465310e+00 1.225974e+02 4.883220e+01 8.903801e+02 -3.322389e+02
<VARIANCE> 6
 8.852168e+01 5.203019e+05 4.027321e+05 6.781254e+03 1.669588e+05 8.231436e+07
<GCONST> 8.065218e+01
<MIXTURE> 13 6.119705e-02
<MEAN> 6
 2.925064e+01 -1.866827e+02 -3.463083e+01 2.698526e+02 -3.848412e+02 -4.903761e+03
<VARIANCE> 6
 4.408957e+02 1.188217e+06 6.708451e+05 3.085536e+03 1.589264e+05 5.078213e+07
<GCONST> 8.227406e+01
<STATE> 5
<NUMMIXES> 13
<MIXTURE> 1 5.959234e-02
<MEAN> 6
 1.109994e+02 1.108494e+03 -6.979268e+02 -7.847302e+00 -7.488037e+00 5.949709e+02
<VARIANCE> 6
 3.163787e+01 4.361107e+05 7.086862e+04 2.940807e+02 3.743564e+04 4.829342e+07
<GCONST> 7.254289e+01
<MIXTURE> 2 7.271988e-02
<MEAN> 6
 9.606135e+01 -8.904783e+02 -7.814838e+03 -5.554068e+00 6.546306e+00 1.081795e+02
<VARIANCE> 6
 2.016001e+02 7.337144e+04 4.562800e+06 2.940807e+02 3.743564e+04 4.829342e+07
<GCONST> 7.677733e+01
<MIXTURE> 3 7.412677e-02
<MEAN> 6
 8.808173e+01 2.118544e+02 8.281813e+02 -2.901868e+00 -9.832201e+00 1.783961e+01
<VARIANCE> 6
 3.163787e+01 1.355511e+04 1.576095e+06 2.940807e+02 3.743564e+04 4.829342e+07
<GCONST> 7.217363e+01
<MIXTURE> 4 9.498207e-02
<MEAN> 6
 8.904748e+01 -2.035734e+02 4.701518e+01 -3.513675e+00 -2.475697e+00 -6.557629e+01
<VARIANCE> 6
 8.079004e+01 2.281613e+04 1.373229e+04 2.940807e+02 3.743564e+04 4.829342e+07
<GCONST> 6.888889e+01
<MIXTURE> 5 9.778634e-02
<MEAN> 6
 7.574306e+01 8.950305e+02 -6.808464e+02 -1.376944e+00 -6.201137e+00 -5.513774e+01
<VARIANCE> 6
 3.163787e+01 1.439088e+05 1.684998e+04 2.940807e+02 3.743564e+04 4.829342e+07
<GCONST> 6.999770e+01
<MIXTURE> 6 8.868404e-02
<MEAN> 6
 7.778551e+01 -7.343357e+02 2.072134e+03 -3.594074e+00 -4.425914e+00 1.738894e+01
<VARIANCE> 6
 7.574894e+01 3.235519e+04 4.218273e+05 2.940807e+02 3.743564e+04 4.829342e+07
<GCONST> 7.259860e+01
<MIXTURE> 7 7.295031e-02
<MEAN> 6
 9.608023e+01 -4.138067e+02 -1.460429e+03 -4.646349e+00 7.821512e-02 3.121863e+01
<VARIANCE> 6
 3.163787e+01 7.061918e+04 2.519510e+05 2.940807e+02 3.743564e+04 4.829342e+07
<GCONST> 7.199071e+01
<MIXTURE> 8 6.041808e-02
<MEAN> 6
 9.966103e+01 5.925696e+02 -5.543733e+02 -5.968007e+00 -2.135625e+00 8.270535e+01
<VARIANCE> 6
 3.163787e+01 1.288151e+05 2.434670e+05 2.940807e+02 3.743564e+04 4.829342e+07
<GCONST> 7.255753e+01
<MIXTURE> 9 5.705683e-02
<MEAN> 6
 8.535279e+01 -9.319604e+02 -7.397321e+02 -4.524208e+00 -5.006531e+00 6.616969e+01
<VARIANCE> 6
 3.163787e+01 6.852147e+04 3.455411e+05 2.940807e+02 3.743564e+04 4.829342e+07
<GCONST> 7.227643e+01
<MIXTURE> 10 8.737337e-02
<MEAN> 6
 9.005939e+01 3.571527e+02 -1.959163e+03 -3.167895e+00 -2.925345e+00 9.593186e+01
<VARIANCE> 6
 3.163787e+01 3.413511e+04 2.036371e+06 2.940807e+02 3.743564e+04 4.829342e+07
<GCONST> 7.335342e+01
<MIXTURE> 11 9.043053e-02
<MEAN> 6
 7.809908e+01 -7.020641e+02 2.593343e+02 -3.938981e+00 7.241891e+00 1.319349e+01
<VARIANCE> 6
 3.163787e+01 1.192166e+05 4.385500e+04 2.940807e+02 3.743564e+04 4.829342e+07
<GCONST> 7.076599e+01
<MIXTURE> 12 6.246584e-02
<MEAN> 6
 9.927721e+01 5.393024e+02 -5.186630e+02 -5.913870e+00 -1.989240e+00 8.414488e+01
<VARIANCE> 6
 3.163787e+01 1.236981e+05 2.087253e+05 2.940807e+02 3.743564e+04 4.829342e+07
<GCONST> 7.236302e+01
<MIXTURE> 13 8.135962e-02
<MEAN> 6
 8.403588e+01 8.979340e+01 8.021404e+01 -2.426325e+00 -6.353457e+00 -5.876306e+01
<VARIANCE> 6
 3.322811e+01 2.149955e+04 7.314480e+05 2.940807e+02 3.743564e+04 4.829342e+07
<GCONST> 7.191626e+01
<STATE> 6
<NUMMIXES> 13
<MIXTURE> 1 6.444786e-02
<MEAN> 6
 1.713238e+01 3.660764e+02 3.887228e+02 1.281914e+02 -3.978507e+01 -5.881163e+02
<VARIANCE> 6
 4.343233e+02 2.702870e+05 9.942458e+05 2.715536e+03 3.743564e+04 4.829342e+07
<GCONST> 7.954796e+01
<MIXTURE> 2 5.847143e-02
<MEAN> 6
 3.784821e+01 -1.915162e+03 1.756152e+02 -1.756026e+01 -8.090777e+01 4.386996e+02
<VARIANCE> 6
 2.379639e+03 3.592090e+07 3.384522e+05 2.040002e+04 1.517550e+05 4.829342e+07
<GCONST> 8.847705e+01
<MIXTURE> 3 6.049136e-02
<MEAN> 6
 -3.908834e+01 -2.507953e+01 -1.706211e+02 -6.188689e+01 9.629712e+02 1.047592e+03
<VARIANCE> 6
 1.957835e+02 3.493300e+06 2.439520e+06 1.549213e+04 2.678577e+05 1.952632e+08
<GCONST> 8.731410e+01
<MIXTURE> 4 8.639182e-02
<MEAN> 6
 7.825974e+01 -2.121306e+02 3.464774e+02 -4.691565e+00 -8.195264e+01 -3.044806e+02
<VARIANCE> 6
 6.413509e+01 2.468356e+05 8.737045e+05 3.041670e+02 3.743564e+04 4.829342e+07
<GCONST> 7.522600e+01
<MIXTURE> 5 3.757488e-02
<MEAN> 6
 8.251493e+01 -6.439667e+02 2.472889e+02 4.462209e+00 -8.638895e+02 -2.189778e+02
<VARIANCE> 6
 2.345838e+02 1.373314e+07 4.562770e+06 1.485829e+04 6.196648e+05 3.281944e+08
<GCONST> 9.080620e+01
<MIXTURE> 6 6.923974e-02
<MEAN> 6
 -3.125772e+01 1.988492e+02 9.669714e+01 5.758874e+01 4.963437e+02 -1.229040e+03
<VARIANCE> 6
 2.464167e+02 3.827066e+05 2.941514e+05 9.156734e+03 1.025456e+05 4.829342e+07
<GCONST> 8.033427e+01
<MIXTURE> 7 1.104643e-01
<MEAN> 6
 6.241294e+01 9.305293e+01 1.280518e+02 7.862708e+01 -3.107801e+02 -5.514361e+02
<VARIANCE> 6
 1.268926e+02 8.359049e+05 6.769821e+05 3.362101e+03 8.095734e+04 4.829342e+07
<GCONST> 8.004708e+01
<MIXTURE> 8 1.272689e-01
<MEAN> 6
 5.478533e+00 -2.686881e+02 9.293621e+01 -1.740623e+02 5.158755e+01 2.490511e+03
<VARIANCE> 6
 5.092691e+02 8.107214e+05 7.184549e+05 3.107795e+03 1.377019e+05 9.536182e+07
<GCONST> 8.259848e+01
<MIXTURE> 9 5.659469e-02
<MEAN> 6
 3.337089e+01 1.769009e+03 -3.314553e+03 2.508215e+01 -8.112373e+01 1.770692e+01
<VARIANCE> 6
 1.354844e+03 3.222036e+06 1.259555e+06 2.318679e+04 9.296957e+04 4.829342e+07
<GCONST> 8.645467e+01
<MIXTURE> 10 9.815649e-02
<MEAN> 6
 6.385627e+01 -1.747649e+02 -8.380578e+01 -9.423633e+01 -5.407220e+02 5.399636e+02
<VARIANCE> 6
 1.672745e+02 6.327581e+05 6.872231e+05 4.665670e+03 9.842055e+04 4.829342e+07
<GCONST> 8.058295e+01
<MIXTURE> 11 8.491772e-02
<MEAN> 6
 -4.699090e+01 9.553925e+01 1.777570e+02 8.436138e+00 1.234775e+02 2.083119e+01
<VARIANCE> 6
 2.673024e+02 2.885809e+05 1.038426e+06 5.174473e+02 3.743564e+04 4.829342e+07
<GCONST> 7.751369e+01
<MIXTURE> 12 7.562774e-02
<MEAN> 6
 1.438064e+01 -2.807350e+02 -2.389539e+02 1.720598e+02 -6.402599e+01 -2.418734e+03
<VARIANCE> 6
 4.449224e+02 3.745861e+05 3.714317e+05 2.296965e+03 8.787277e+04 4.829342e+07
<GCONST> 7.959966e+01
<MIXTURE> 13 7.008471e-02
<MEAN> 6
 -3.701394e+01 -7.188451e+01 -1.168664e+02 3.774479e+01 4.979016e+02 -9.214360e+02
<VARIANCE> 6
 2.150280e+02 5.201583e+05 3.398408e+05 7.870390e+03 9.713120e+04 4.829342e+07
<GCONST> 8.044363e+01
<STATE> 7
<NUMMIXES> 13
<MIXTURE> 1 5.059207e-02
<MEAN> 6
 6.134268e+01 2.031166e+03 8.316541e+02 -2.214984e+00 7.551730e+00 4.762293e+01
<VARIANCE> 6
 3.163787e+01 3.942974e+05 5.230620e+05 2.940807e+02 3.743564e+04 4.829342e+07
<GCONST> 7.444098e+01
<MIXTURE> 2 3.777505e-02
<MEAN> 6
 7.189191e+01 4.684758e+02 5.936415e+02 -4.843821e+00 -3.450131e+00 5.270100e+01
<VARIANCE> 6
 3.163787e+01 1.299906e+04 1.373229e+04 2.940807e+02 3.743564e+04 4.829342e+07
<GCONST> 6.738879e+01
<MIXTURE> 3 1.055187e-01
<MEAN> 6
 6.081952e+01 4.142313e+01 -9.384816e+01 -9.314746e-02 -4.028625e+00 -1.378071e+02
<VARIANCE> 6
 3.163787e+01 1.276023e+04 1.373229e+04 2.940807e+02 3.743564e+04 4.829342e+07
<GCONST> 6.737025e+01
<MIXTURE> 4 7.977486e-02
<MEAN> 6
 8.216808e+01 7.919083e+02 1.580722e+02 -3.802742e+00 -3.676237e+00 8.465220e+01
<VARIANCE> 6
 5.138643e+01 7.711310e+04 5.495203e+04 2.940807e+02 3.743564e+04 4.829342e+07
<GCONST> 7.104092e+01
<MIXTURE> 5 7.196418e-02
<MEAN> 6
 5.820301e+01 5.986207e+02 4.239366e+01 4.752177e-01 2.672685e+00 -1.270174e+02
<VARIANCE> 6
 3.163787e+01 3.541441e+04 1.373229e+04 2.940807e+02 3.743564e+04 4.829342e+07
<GCONST> 6.839104e+01
<MIXTURE> 6 1.200071e-01
<MEAN> 6
 7.279398e+01 -8.717604e+01 -7.610767e+02 -3.556253e+00 -1.633392e-01 8.604430e+01
<VARIANCE> 6
 3.163787e+01 3.555920e+05 5.678072e+06 2.940807e+02 3.743564e+04 4.829342e+07
<GCONST> 7.672232e+01
<MIXTURE> 7 7.170410e-02
<MEAN> 6
 7.240169e+01 -1.321443e+03 -1.377010e+02 -2.788086e+00 -3.551605e+00 7.120735e+01
<VARIANCE> 6
 1.077666e+02 2.343200e+05 1.373229e+04 2.940807e+02 3.743564e+04 4.829342e+07
<GCONST> 7.150621e+01
<MIXTURE> 8 2.246495e-02
<MEAN> 6
 5.660495e+01 1.094202e+02 -4.634078e+02 4.941780e-02 -2.409482e+00 8.182215e+01
<VARIANCE> 6
 3.163787e+01 1.276023e+04 1.373229e+04 2.940807e+02 3.743564e+04 4.829342e+07
<GCONST> 6.737025e+01
<MIXTURE> 9 1.198910e-01
<MEAN> 6
 8.274431e+01 1.025926e+02 -6.820217e+02 -3.848247e+00 -9.794136e-01 1.284873e+02
<VARIANCE> 6
 3.163787e+01 2.459851e+06 1.772609e+06 2.940807e+02 3.743564e+04 4.829342e+07
<GCONST> 7.749223e+01
<MIXTURE> 10 4.917717e-02
<MEAN> 6
 9.617546e+01 1.937829e+03 -2.087069e+03 -4.468515e+00 -5.797430e+00 1.968793e+02
<VARIANCE> 6
 1.174932e+02 1.010796e+05 6.674150e+05 2.940807e+02 3.743564e+04 4.829342e+07
<GCONST> 7.463551e+01
<MIXTURE> 11 1.077534e-01
<MEAN> 6
 5.980270e+01 3.563227e+01 -1.122441e+02 3.073901e-02 -3.603973e+00 -1.392060e+02
<VARIANCE> 6
 3.163787e+01 1.276023e+04 1.373229e+04 2.940807e+02 3.743564e+04 4.829342e+07
<GCONST> 6.737025e+01
<MIXTURE> 12 9.224184e-02
<MEAN> 6
 7.408587e+01 1.064565e+03 -2.780273e+02 -2.389019e+00 -7.003975e+00 1.001550e+02
<VARIANCE> 6
 3.163787e+01 1.921207e+05 6.575909e+04 2.940807e+02 3.743564e+04 4.829342e+07
<GCONST> 7.164828e+01
<MIXTURE> 13 7.107820e-02
<MEAN> 6
 5.839331e+01 5.633176e+02 1.916609e+01 6.603106e-01 3.095515e+00 -1.314525e+02
<VARIANCE> 6
 3.163787e+01 3.638257e+04 1.373229e+04 2.940807e+02 3.743564e+04 4.829342e+07
<GCONST> 6.841800e+01
<STATE> 8
<NUMMIXES> 13
<MIXTURE> 1 8.481641e-02
<MEAN> 6
 9.756113e+00 6.689748e+01 7.099923e+01 1.964288e+02 -9.309212e+01 -2.065146e+03
<VARIANCE> 6
 2.818735e+02 6.669586e+04 8.572776e+04 3.368198e+03 1.077563e+05 5.886057e+07
<GCONST> 7.673599e+01
<MIXTURE> 2 2.997446e-02
<MEAN> 6
 -3.422500e+01 3.176452e+01 1.779760e+02 -2.105614e+01 9.931769e+02 -1.562894e+03
<VARIANCE> 6
 3.415620e+02 1.015952e+05 5.168845e+05 3.611015e+04 7.192570e+05 4.738808e+08
<GCONST> 8.550189e+01
<MIXTURE> 3 7.382485e-02
<MEAN> 6
 7.749866e+01 -1.546570e+02 -3.779205e+01 6.930853e+00 -9.368381e+02 -1.641561e+03
<VARIANCE> 6
 2.002453e+02 3.536845e+05 8.561710e+04 1.387490e+04 5.466291e+05 2.485764e+08
<GCONST> 8.254123e+01
<MIXTURE> 4 5.892302e-02
<MEAN> 6
 7.811869e+01 -3.956852e+02 1.059277e+02 -4.474016e+00 -3.216291e+01 1.584622e+02
<VARIANCE> 6
 1.585606e+02 2.165756e+05 1.087527e+05 2.940807e+02 3.743564e+04 4.829342e+07
<GCONST> 7.388297e+01
<MIXTURE> 5 1.005715e-01
<MEAN> 6
 -4.509730e+01 3.407771e+01 -4.648538e+01 1.138500e+01 1.042956e+03 -1.240312e+02
<VARIANCE> 6
 1.018369e+02 6.470987e+04 5.139569e+04 1.733767e+04 1.798988e+05 1.112924e+08
<GCONST> 7.796407e+01
<MIXTURE> 6 6.481699e-02
<MEAN> 6
 4.756653e+01 1.113055e+02 -5.411527e+00 1.561020e+02 -3.017883e+02 -9.501986e+02
<VARIANCE> 6
 2.854623e+02 7.005627e+04 2.916622e+04 2.706644e+03 9.472173e+04 4.829342e+07
<GCONST> 7.517416e+01
<MIXTURE> 7 1.193116e-01
<MEAN> 6
 1.250779e+01 4.676754e+01 7.623215e+01 -2.178729e+02 -1.083147e+01 5.571874e+03
<VARIANCE> 6
 5.910915e+02 8.164157e+04 6.549701e+04 3.390440e+03 2.874234e+05 1.352820e+08
<GCONST> 7.922939e+01
<MIXTURE> 8 1.142569e-01
<MEAN> 6
 6.270231e+01 -1.235724e+01 -1.169668e+00 -7.897810e+01 -5.961717e+02 1.189857e+02
<VARIANCE> 6
 1.756966e+02 6.724594e+04 2.252142e+04 7.707293e+03 1.367721e+05 4.829342e+07
<GCONST> 7.580316e+01
<MIXTURE> 9 1.062447e-01
<MEAN> 6
 -1.882510e+01 -4.433171e+01 2.066441e+01 2.356791e+01 1.957765e+02 -2.041397e+03
<VARIANCE> 6
 1.674438e+02 5.337055e+04 1.616269e+04 2.024543e+04 1.062691e+05 6.555220e+07
<GCONST> 7.621116e+01
<MIXTURE> 10 6.911100e-02
<MEAN> 6
 -4.853587e+01 2.547464e+01 7.354596e+00 1.733878e+01 4.294861e+02 -4.981819e+01
<VARIANCE> 6
 1.019358e+02 4.338236e+04 7.813920e+04 2.108706e+03 6.910282e+04 4.829342e+07
<GCONST> 7.408565e+01
<MIXTURE> 11 4.728225e-02
<MEAN> 6
 8.154186e-01 -8.890632e+01 -2.341158e+02 -3.388495e+01 6.728710e+01 1.012303e+02
<VARIANCE> 6
 6.528373e+02 6.085428e+04 8.928330e+04 1.864300e+04 3.921903e+04 4.829342e+07
<GCONST> 7.802734e+01
<MIXTURE> 12 6.381532e-02
<MEAN> 6
 5.393800e+01 -1.062878e+02 -3.389521e+01 1.038318e+02 -2.525981e+02 -5.602424e+02
<VARIANCE> 6
 1.825550e+02 3.773345e+04 9.583950e+04 2.234730e+03 4.699936e+04 4.829342e+07
<GCONST> 7.440562e+01
<MIXTURE> 13 6.685980e-02
<MEAN> 6
 6.939787e+01 -1.486490e+02 -6.877042e+01 -3.959218e+00 -5.083431e+01 2.213297e+01
<VARIANCE> 6
 7.476327e+01 1.175803e+05 5.177272e+04 2.940807e+02 3.743564e+04 4.829342e+07
<GCONST> 7.177812e+01
<TRANSP> 9
 0.000000e+00 1.000000e+00 0.000000e+00 0.000000e+00 0.000000e+00 0.000000e+00 0.000000e+00 0.000000e+00 0.000000e+00
 0.000000e+00 9.993122e-01 6.878610e-04 0.000000e+00 0.000000e+00 0.000000e+00 0.000000e+00 0.000000e+00 0.000000e+00
 0.000000e+00 0.000000e+00 9.996574e-01 3.426122e-04 0.000000e+00 0.000000e+00 0.000000e+00 0.000000e+00 0.000000e+00
 0.000000e+00 0.000000e+00 0.000000e+00 9.998816e-01 1.183894e-04 0.000000e+00 0.000000e+00 0.000000e+00 0.000000e+00
 0.000000e+00 0.000000e+00 0.000000e+00 0.000000e+00 9.991131e-01 8.868817e-04 0.000000e+00 0.000000e+00 0.000000e+00
 0.000000e+00 0.000000e+00 0.000000e+00 0.000000e+00 0.000000e+00 9.998592e-01 1.407628e-04 0.000000e+00 0.000000e+00
 0.000000e+00 0.000000e+00 0.000000e+00 0.000000e+00 0.000000e+00 0.000000e+00 9.992905e-01 7.094341e-04 0.000000e+00
 0.000000e+00 0.000000e+00 0.000000e+00 0.000000e+00 0.000000e+00 0.000000e+00 0.000000e+00 9.997975e-01 2.025034e-04
 0.000000e+00 0.000000e+00 0.000000e+00 0.000000e+00 0.000000e+00 0.000000e+00 0.000000e+00 0.000000e+00 0.000000e+00
<ENDHMM>
~h "QuintoPRIMARIA"
<BEGINHMM>
<NUMSTATES> 9
<STATE> 2
<NUMMIXES> 13
<MIXTURE> 1 1.096110e-01
<MEAN> 6
 7.481568e+01 2.158434e+02 3.245854e+02 3.743067e-01 -2.188429e+01 -2.221594e+02
<VARIANCE> 6
 3.417415e+01 5.970946e+05 6.806005e+05 2.940807e+02 3.743564e+04 4.829342e+07
<GCONST> 7.519633e+01
<MIXTURE> 2 6.946175e-02
<MEAN> 6
 2.681297e+00 9.774403e+01 -7.672354e+02 -1.683089e+02 3.535978e+02 7.245948e+03
<VARIANCE> 6
 2.493007e+03 2.524994e+06 3.187722e+06 4.888314e+04 3.829009e+06 1.657004e+09
<GCONST> 9.574866e+01
<MIXTURE> 3 1.033316e-01
<MEAN> 6
 7.129075e+01 3.383741e+02 9.602335e+01 -2.346331e+01 -8.307603e+02 -1.880541e+03
<VARIANCE> 6
 2.058989e+02 1.352981e+06 3.699739e+05 1.825075e+04 4.618786e+05 1.488328e+08
<GCONST> 8.496701e+01
<MIXTURE> 4 5.985569e-02
<MEAN> 6
 -6.606046e+01 1.962467e+02 -3.049457e+02 5.275287e+00 2.850408e+02 4.437413e+02
<VARIANCE> 6
 5.251394e+01 9.250619e+05 7.537538e+05 1.362487e+03 8.056717e+04 4.829342e+07
<GCONST> 7.846550e+01
<MIXTURE> 5 5.929770e-02
<MEAN> 6
 6.797452e+01 1.500825e+02 8.177421e+01 7.527905e-01 -7.927928e+00 -2.214073e+02
<VARIANCE> 6
 9.239442e+01 1.442372e+04 2.449855e+04 2.940807e+02 3.743564e+04 4.829342e+07
<GCONST> 6.914337e+01
<MIXTURE> 6 7.099029e-02
<MEAN> 6
 6.893176e+01 1.009972e+02 -1.697569e+02 -1.955086e-02 -6.028177e+00 -1.031669e+02
<VARIANCE> 6
 3.163787e+01 6.112536e+05 3.346523e+04 2.940807e+02 3.743564e+04 4.829342e+07
<GCONST> 7.213019e+01
<MIXTURE> 7 9.367882e-02
<MEAN> 6
 -4.271903e+01 -4.198526e+02 2.141454e+01 7.732939e+01 9.114423e+02 -2.231545e+03
<VARIANCE> 6
 3.144597e+02 1.669139e+06 4.426908e+05 3.149585e+04 2.623966e+05 1.266576e+08
<GCONST> 8.559879e+01
<MIXTURE> 8 5.652215e-02
<MEAN> 6
 7.599300e+01 -5.774537e+02 -6.280422e+01 4.172063e-01 -1.885847e+01 -1.558201e+02
<VARIANCE> 6
 2.861527e+02 1.026198e+05 2.721975e+05 2.940807e+02 3.743564e+04 4.829342e+07
<GCONST> 7.464389e+01
<MIXTURE> 9 7.870366e-02
<MEAN> 6
 5.936640e+01 -6.750195e+01 5.380240e+01 4.173363e-01 -7.023001e+00 -1.526103e+02
<VARIANCE> 6
 3.163787e+01 1.276023e+04 1.325978e+05 2.940807e+02 3.743564e+04 4.829342e+07
<GCONST> 6.963782e+01
<MIXTURE> 10 1.081736e-01
<MEAN> 6
 2.693908e+01 -4.218262e+02 2.360545e+02 3.684827e+01 -3.889249e+02 -7.967605e+02
<VARIANCE> 6
 5.294025e+02 7.783266e+05 9.190113e+05 5.645832e+04 2.219708e+05 7.421250e+07
<GCONST> 8.596897e+01
<MIXTURE> 11 7.653208e-02
<MEAN> 6
 6.380622e+01 1.112045e+02 -4.139604e+02 -1.930686e-02 -5.456935e+00 -1.207424e+02
<VARIANCE> 6
 3.163787e+01 8.406717e+04 5.745742e+04 2.940807e+02 3.743564e+04 4.829342e+07
<GCONST> 7.068683e+01
<MIXTURE> 12 5.797517e-02
<MEAN> 6
 5.793023e+01 -2.611344e+02 -2.339558e+02 2.141720e+00 -1.572323e+01 -1.219725e+02
<VARIANCE> 6
 3.163787e+01 1.276023e+04 6.795249e+05 2.940807e+02 3.743564e+04 4.829342e+07
<GCONST> 7.127190e+01
<MIXTURE> 13 5.550010e-02
<MEAN> 6
 7.124704e+01 -8.605208e+02 -1.507955e+02 4.109085e-01 -1.737554e+01 -9.561362e+01
<VARIANCE> 6
 2.697687e+02 1.841503e+05 4.142666e+05 2.940807e+02 3.743564e+04 4.829342e+07
<GCONST> 7.558965e+01
<STATE> 3
<NUMMIXES> 13
<MIXTURE> 1 8.481905e-02
<MEAN> 6
 8.347050e+01 -4.979678e+01 -5.340327e+00 -1.347590e+01 -6.888483e+01 -6.650416e+02
<VARIANCE> 6
 8.273885e+01 7.590343e+04 8.064055e+04 3.111281e+02 3.743564e+04 4.829342e+07
<GCONST> 7.194131e+01
<MIXTURE> 2 6.524306e-02
<MEAN> 6
 -4.096766e+01 -7.726591e+01 1.570500e+02 -1.354281e+02 1.413917e+03 3.176979e+03
<VARIANCE> 6
 6.629987e+02 2.284228e+05 8.944242e+05 2.998177e+04 1.059021e+06 7.492678e+08
<GCONST> 8.818273e+01
<MIXTURE> 3 7.137042e-02
<MEAN> 6
 -1.784891e+01 -5.126876e+01 1.373187e+02 2.019822e+02 5.626248e+02 -3.997916e+03
<VARIANCE> 6
 1.967304e+02 1.363185e+05 1.560840e+05 6.775936e+03 1.346717e+05 4.829342e+07
<GCONST> 7.841454e+01
<MIXTURE> 4 1.148106e-01
<MEAN> 6
 4.154991e+01 -4.656928e+01 -2.211880e+01 1.675023e+02 -2.248289e+02 1.569320e+02
<VARIANCE> 6
 4.494161e+02 9.489288e+04 1.229617e+05 5.570637e+03 1.223826e+05 4.829342e+07
<GCONST> 7.834832e+01
<MIXTURE> 5 7.008746e-02
<MEAN> 6
 9.022800e+01 1.138761e+00 -1.869644e+02 3.212822e+01 -1.143429e+03 1.133508e+03
<VARIANCE> 6
 1.341283e+02 8.165938e+05 2.508267e+05 1.371975e+04 1.211191e+06 7.123587e+08
<GCONST> 8.588927e+01
<MIXTURE> 6 9.341841e-02
<MEAN> 6
 -5.009761e+01 4.060728e+01 1.801567e+01 1.705856e+01 1.796586e+02 1.944317e+02
<VARIANCE> 6
 3.107994e+02 1.150292e+05 8.699175e+04 5.769460e+02 5.300057e+04 4.829342e+07
<GCONST> 7.472154e+01
<MIXTURE> 7 7.255648e-02
<MEAN> 6
 7.460543e+00 6.942153e+00 -8.408778e+01 -1.991480e+02 3.102407e+01 7.857773e+02
<VARIANCE> 6
 5.830663e+02 3.183886e+04 1.032427e+05 4.349304e+03 2.113687e+05 1.108008e+08
<GCONST> 7.847122e+01
<MIXTURE> 8 1.107302e-01
<MEAN> 6
 8.150027e+01 1.107610e+02 -6.276778e+01 5.274880e+00 -5.901104e+02 -1.407485e+03
<VARIANCE> 6
 1.682767e+02 1.278455e+05 6.327129e+04 1.120712e+04 1.819394e+05 6.376215e+07
<GCONST> 7.837304e+01
<MIXTURE> 9 6.418827e-02
<MEAN> 6
 -4.929827e+01 7.036102e+01 1.546835e+02 6.110431e+01 9.981604e+02 1.276122e+03
<VARIANCE> 6
 2.058715e+02 1.992519e+05 1.208441e+05 1.730355e+04 2.085932e+05 6.215063e+07
<GCONST> 8.021098e+01
<MIXTURE> 10 5.601590e-02
<MEAN> 6
 2.797653e+01 1.407705e+02 8.709045e+01 2.956826e+02 -3.595758e+02 -9.377919e+03
<VARIANCE> 6
 6.316093e+02 3.137904e+05 3.473880e+05 5.350791e+03 4.789559e+05 1.801214e+08
<GCONST> 8.356371e+01
<MIXTURE> 11 6.827659e-02
<MEAN> 6
 5.972019e+01 4.039777e+01 1.157948e+01 -1.811956e+02 -8.531794e+02 8.510076e+02
<VARIANCE> 6
 1.641965e+02 2.246894e+05 1.485763e+05 4.776418e+03 2.235241e+05 4.966623e+07
<GCONST> 7.886922e+01
<MIXTURE> 12 6.460916e-02
<MEAN> 6
 7.959440e+00 -1.336374e+02 1.157357e+02 -2.990923e+02 -1.496164e+02 1.046214e+04
<VARIANCE> 6
 6.538838e+02 2.472774e+05 1.357457e+05 6.452713e+03 5.553543e+05 2.703771e+08
<GCONST> 8.316194e+01
<MIXTURE> 13 6.343529e-02
<MEAN> 6
 -5.304762e+01 -6.396773e+01 -2.000352e+00 1.081629e+00 8.535858e+02 -2.544135e+03
<VARIANCE> 6
 2.168211e+02 9.574212e+04 7.402773e+04 1.037992e+04 1.471939e+05 1.026625e+08
<GCONST> 7.868204e+01
<STATE> 4
<NUMMIXES> 13
<MIXTURE> 1 5.163749e-02
<MEAN> 6
 5.155140e+01 2.278472e+03 2.591817e+03 7.598690e-01 -6.894246e+00 1.343268e+01
<VARIANCE> 6
 3.163787e+01 3.108789e+04 3.235515e+04 2.940807e+02 3.743564e+04 4.829342e+07
<GCONST> 6.911775e+01
<MIXTURE> 2 9.481142e-02
<MEAN> 6
 6.408788e+01 1.459571e+03 1.173918e+03 1.426366e+00 -9.471422e+00 -6.192418e+01
<VARIANCE> 6
 7.456085e+01 9.898884e+04 1.373229e+04 2.940807e+02 3.743564e+04 4.829342e+07
<GCONST> 7.027618e+01
<MIXTURE> 3 6.924345e-02
<MEAN> 6
 6.563186e+01 1.311019e+03 -6.169662e+02 -4.348948e-01 -4.369504e+00 -7.283058e+01
<VARIANCE> 6
 3.163787e+01 1.276023e+04 1.373229e+04 2.940807e+02 3.743564e+04 4.829342e+07
<GCONST> 6.737025e+01
<MIXTURE> 4 6.464852e-02
<MEAN> 6
 7.211655e+01 1.296091e+03 -1.164362e+03 -7.698960e-01 1.565138e-01 4.247867e+00
<VARIANCE> 6
 3.163787e+01 5.052276e+04 7.060746e+04 2.940807e+02 3.743564e+04 4.829342e+07
<GCONST> 7.038373e+01
<MIXTURE> 5 9.211631e-02
<MEAN> 6
 7.983862e+01 8.223169e+02 2.523526e+02 -1.062299e+01 1.071848e+01 5.683105e+02
<VARIANCE> 6
 1.530467e+02 6.218513e+04 2.710225e+04 2.940807e+02 3.743564e+04 4.829342e+07
<GCONST> 7.121028e+01
<MIXTURE> 6 1.356905e-01
<MEAN> 6
 7.684169e+01 1.771754e+03 1.031646e+02 -5.690360e+00 1.096679e+00 3.284792e+02
<VARIANCE> 6
 3.163787e+01 6.593929e+05 3.624970e+05 2.940807e+02 3.743564e+04 4.829342e+07
<GCONST> 7.458850e+01
<MIXTURE> 7 6.313708e-02
<MEAN> 6
 7.071876e+01 1.925327e+03 1.292775e+03 -7.790266e-02 8.753109e+00 -2.946784e+01
<VARIANCE> 6
 3.163787e+01 2.212620e+05 4.664657e+04 2.940807e+02 3.743564e+04 4.829342e+07
<GCONST> 7.144611e+01
<MIXTURE> 8 7.031415e-02
<MEAN> 6
 5.849157e+01 1.032664e+03 -1.068038e+03 -5.363660e-01 -1.330559e+01 -1.180143e+02
<VARIANCE> 6
 3.163787e+01 1.472844e+04 1.373229e+04 2.940807e+02 3.743564e+04 4.829342e+07
<GCONST> 6.751369e+01
<MIXTURE> 9 9.213334e-02
<MEAN> 6
 8.077327e+01 1.249492e+03 1.278088e+02 -4.785538e+00 -5.418129e+00 2.402166e+02
<VARIANCE> 6
 3.163787e+01 2.936747e+04 1.373229e+04 2.940807e+02 3.743564e+04 4.829342e+07
<GCONST> 6.820380e+01
<MIXTURE> 10 5.756303e-02
<MEAN> 6
 6.788861e+01 4.582680e+03 -6.712648e+02 -1.197912e+00 9.066809e-01 5.528452e-01
<VARIANCE> 6
 3.163787e+01 1.980044e+05 1.373229e+04 2.940807e+02 3.743564e+04 4.829342e+07
<GCONST> 7.011220e+01
<MIXTURE> 11 7.444934e-02
<MEAN> 6
 7.383376e+01 8.949313e+02 1.080910e+03 -9.534150e-01 -2.107246e+01 1.807215e+02
<VARIANCE> 6
 3.163787e+01 8.034275e+04 4.138359e+04 2.940807e+02 3.743564e+04 4.829342e+07
<GCONST> 7.031335e+01
<MIXTURE> 12 6.952606e-02
<MEAN> 6
 6.572673e+01 1.317536e+03 -6.255416e+02 -5.396197e-01 -3.818731e+00 -6.652128e+01
<VARIANCE> 6
 3.163787e+01 1.276023e+04 1.373229e+04 2.940807e+02 3.743564e+04 4.829342e+07
<GCONST> 6.737025e+01
<MIXTURE> 13 6.471696e-02
<MEAN> 6
 7.178949e+01 1.106270e+03 -1.540939e+03 6.479422e-01 1.265845e+00 -1.613351e+02
<VARIANCE> 6
 3.163787e+01 1.770045e+04 1.085776e+05 2.940807e+02 3.743564e+04 4.829342e+07
<GCONST> 6.976523e+01
<STATE> 5
<NUMMIXES> 13
<MIXTURE> 1 4.137273e-02
<MEAN> 6
 7.253633e+01 -1.660209e+03 -8.977283e+02 3.954083e+00 -8.997865e+00 1.748125e+02
<VARIANCE> 6
 3.163787e+01 2.656075e+05 1.292791e+05 2.940807e+02 3.743564e+04 4.829342e+07
<GCONST> 7.264816e+01
<MIXTURE> 2 5.849919e-02
<MEAN> 6
 7.108288e+01 5.498502e+01 6.267847e+02 -2.424761e+00 -1.177295e+00 8.131428e+01
<VARIANCE> 6
 3.163787e+01 1.276023e+04 2.706742e+04 2.940807e+02 3.743564e+04 4.829342e+07
<GCONST> 6.804883e+01
<MIXTURE> 3 9.052199e-02
<MEAN> 6
 6.898407e+01 -1.231596e+03 1.849438e+02 1.089791e+00 -1.085030e+01 4.493595e+01
<VARIANCE> 6
 6.713365e+01 1.869416e+04 9.090365e+04 2.940807e+02 3.743564e+04 4.829342e+07
<GCONST> 7.039450e+01
<MIXTURE> 4 6.343424e-02
<MEAN> 6
 5.710216e+01 -8.677876e+03 -1.989968e+03 -4.741794e-01 -5.711377e+00 -9.414778e+01
<VARIANCE> 6
 3.163787e+01 2.163192e+07 3.254393e+04 2.940807e+02 3.743564e+04 4.829342e+07
<GCONST> 7.566869e+01
<MIXTURE> 5 4.084784e-02
<MEAN> 6
 6.253454e+01 4.439231e+02 4.323488e+02 1.701042e+00 -5.134171e+00 -5.442875e+01
<VARIANCE> 6
 3.163787e+01 1.276023e+04 1.373229e+04 2.940807e+02 3.743564e+04 4.829342e+07
<GCONST> 6.737025e+01
<MIXTURE> 6 6.729987e-02
<MEAN> 6
 6.364978e+01 7.684485e+02 -3.113597e+03 6.127380e-01 -7.052072e+00 -2.796998e+01
<VARIANCE> 6
 3.163787e+01 1.276023e+04 8.761863e+04 2.940807e+02 3.743564e+04 4.829342e+07
<GCONST> 6.922350e+01
<MIXTURE> 7 1.068920e-01
<MEAN> 6
 5.287887e+01 4.948596e+02 -3.261195e+03 2.728024e+00 -8.365772e+00 -1.317425e+02
<VARIANCE> 6
 3.163787e+01 1.732868e+04 6.186980e+06 2.940807e+02 3.743564e+04 4.829342e+07
<GCONST> 7.378673e+01
<MIXTURE> 8 9.784474e-02
<MEAN> 6
 6.833738e+01 2.079536e+02 1.666494e+02 -3.312995e+00 5.615979e-01 -5.518645e+00
<VARIANCE> 6
 3.163787e+01 1.276023e+04 1.373229e+04 2.940807e+02 3.743564e+04 4.829342e+07
<GCONST> 6.737025e+01
<MIXTURE> 9 1.101636e-01
<MEAN> 6
 7.866885e+01 -2.573365e+02 3.659341e+02 -1.007251e+00 -1.175782e+01 6.777745e+01
<VARIANCE> 6
 3.163787e+01 2.018828e+04 1.384350e+04 2.940807e+02 3.743564e+04 4.829342e+07
<GCONST> 6.783708e+01
<MIXTURE> 10 7.479737e-02
<MEAN> 6
 6.767026e+01 1.853568e+02 1.528836e+02 -3.090663e+00 -2.305481e-01 5.144873e+00
<VARIANCE> 6
 3.163787e+01 1.276023e+04 1.373229e+04 2.940807e+02 3.743564e+04 4.829342e+07
<GCONST> 6.737025e+01
<MIXTURE> 11 9.603456e-02
<MEAN> 6
 6.161201e+01 1.572516e+02 -3.046652e+03 2.746364e-01 -4.444754e+00 -1.179096e+02
<VARIANCE> 6
 3.163787e+01 1.276023e+04 4.269341e+04 2.940807e+02 3.743564e+04 4.829342e+07
<GCONST> 6.850455e+01
<MIXTURE> 12 9.192995e-02
<MEAN> 6
 6.932305e+01 -6.572333e+02 -1.544583e+03 -4.408382e-01 -3.760204e+00 -1.809226e+01
<VARIANCE> 6
 3.163787e+01 2.016948e+04 3.603743e+04 2.940807e+02 3.743564e+04 4.829342e+07
<GCONST> 6.879289e+01
<MIXTURE> 13 6.033331e-02
<MEAN> 6
 7.282706e+01 -2.503187e+00 5.188653e+02 -2.429457e+00 -2.075993e+00 7.800728e+01
<VARIANCE> 6
 3.163787e+01 1.276023e+04 2.126959e+04 2.940807e+02 3.743564e+04 4.829342e+07
<GCONST> 6.780777e+01
<STATE> 6
<NUMMIXES> 13
<MIXTURE> 1 7.008638e-02
<MEAN> 6
 9.778071e+01 2.248986e+02 -2.655721e+02 -5.604272e+00 -1.115613e+01 2.072638e+02
<VARIANCE> 6
 3.163787e+01 1.181816e+05 1.373229e+04 2.940807e+02 3.743564e+04 4.829342e+07
<GCONST> 6.959613e+01
<MIXTURE> 2 1.085337e-01
<MEAN> 6
 9.037719e+01 9.491762e+01 5.230384e+01 -5.461915e+00 4.461399e+00 1.373728e+02
<VARIANCE> 6
 5.290163e+01 1.276023e+04 1.373229e+04 2.940807e+02 3.743564e+04 4.829342e+07
<GCONST> 6.788432e+01
<MIXTURE> 3 9.787119e-02
<MEAN> 6
 8.374171e+01 -2.290366e+02 5.401667e+01 -4.140479e+00 3.051517e+00 -3.239999e+00
<VARIANCE> 6
 4.713980e+01 1.692858e+04 1.373229e+04 2.940807e+02 3.743564e+04 4.829342e+07
<GCONST> 6.805168e+01
<MIXTURE> 4 5.096394e-02
<MEAN> 6
 7.783415e+01 5.956021e+00 -2.170491e+02 -1.994604e+00 2.417857e+00 1.023905e+01
<VARIANCE> 6
 7.964013e+01 1.276023e+04 1.373229e+04 2.940807e+02 3.743564e+04 4.829342e+07
<GCONST> 6.829341e+01
<MIXTURE> 5 3.273288e-02
<MEAN> 6
 9.106816e+01 -2.669448e+02 -2.417000e+02 -4.918706e+00 -4.527723e+00 1.180718e+02
<VARIANCE> 6
 3.163787e+01 1.276023e+04 8.567354e+04 2.940807e+02 3.743564e+04 4.829342e+07
<GCONST> 6.920105e+01
<MIXTURE> 6 4.886150e-02
<MEAN> 6
 9.278065e+01 -3.890682e+02 1.186892e+01 -6.090139e+00 1.147328e+01 5.561951e+01
<VARIANCE> 6
 1.415965e+02 1.276023e+04 1.373229e+04 2.940807e+02 3.743564e+04 4.829342e+07
<GCONST> 6.886888e+01
<MIXTURE> 7 7.243456e-02
<MEAN> 6
 8.696931e+01 6.023904e+01 -1.918156e+02 -1.700773e+00 -1.997598e+00 -1.562078e+01
<VARIANCE> 6
 3.163787e+01 1.276023e+04 1.373229e+04 2.940807e+02 3.743564e+04 4.829342e+07
<GCONST> 6.737025e+01
<MIXTURE> 8 9.929671e-02
<MEAN> 6
 8.172813e+01 -6.712253e+02 -1.219635e+01 -4.771421e+00 3.378776e+00 -2.747748e+01
<VARIANCE> 6
 3.163787e+01 7.170174e+04 3.476445e+04 2.940807e+02 3.743564e+04 4.829342e+07
<GCONST> 7.002528e+01
<MIXTURE> 9 9.804677e-02
<MEAN> 6
 7.958947e+01 -2.237667e+02 -3.107430e+02 -2.229405e+00 9.194964e-01 1.633932e+01
<VARIANCE> 6
 3.177028e+01 1.801107e+04 1.373229e+04 2.940807e+02 3.743564e+04 4.829342e+07
<GCONST> 6.771907e+01
<MIXTURE> 10 7.491207e-02
<MEAN> 6
 8.455662e+01 2.430023e+01 6.603240e+01 -3.156070e+00 3.245892e+00 1.771522e+01
<VARIANCE> 6
 3.400800e+01 1.276023e+04 1.373229e+04 2.940807e+02 3.743564e+04 4.829342e+07
<GCONST> 6.744249e+01
<MIXTURE> 11 9.531375e-02
<MEAN> 6
 7.839461e+01 -3.791067e+02 6.575538e+01 -4.367745e+00 4.653239e+00 -3.589570e+01
<VARIANCE> 6
 3.555571e+01 1.276023e+04 1.373229e+04 2.940807e+02 3.743564e+04 4.829342e+07
<GCONST> 6.748700e+01
<MIXTURE> 12 7.463009e-02
<MEAN> 6
 8.564277e+01 5.215691e+01 -2.081320e+02 -1.428994e+00 -3.654540e-01 -1.598615e+00
<VARIANCE> 6
 3.163787e+01 1.276023e+04 1.373229e+04 2.940807e+02 3.743564e+04 4.829342e+07
<GCONST> 6.737025e+01
<MIXTURE> 13 7.625254e-02
<MEAN> 6
 8.213776e+01 -1.027106e+01 4.708220e+01 -3.166258e+00 6.471261e+00 1.593161e+01
<VARIANCE> 6
 4.464887e+01 1.276023e+04 1.373229e+04 2.940807e+02 3.743564e+04 4.829342e+07
<GCONST> 6.771472e+01
<STATE> 7
<NUMMIXES> 13
<MIXTURE> 1 9.964816e-02
<MEAN> 6
 1.013764e+02 9.888987e+02 2.442360e+02 -2.527133e+00 1.363743e+00 2.569698e+02
<VARIANCE> 6
 3.163787e+01 1.276023e+04 1.373229e+04 2.940807e+02 3.743564e+04 4.829342e+07
<GCONST> 6.737025e+01
<MIXTURE> 2 5.757680e-02
<MEAN> 6
 8.266164e+01 -9.031400e+01 -6.136196e+02 -2.721574e+00 -2.187172e+01 1.306699e+02
<VARIANCE> 6
 3.163787e+01 5.361864e+04 1.373229e+04 2.940807e+02 3.743564e+04 4.829342e+07
<GCONST> 6.880582e+01
<MIXTURE> 3 7.404786e-02
<MEAN> 6
 8.885656e+01 4.684123e+02 -1.340653e+03 -5.733457e-01 -6.388813e+00 -1.322955e+02
<VARIANCE> 6
 3.163787e+01 2.634038e+04 1.373229e+04 2.940807e+02 3.743564e+04 4.829342e+07
<GCONST> 6.809502e+01
<MIXTURE> 4 1.427194e-01
<MEAN> 6
 8.254842e+01 5.069362e+02 -2.555911e+02 -2.176658e+00 -2.442999e-01 -4.409740e+01
<VARIANCE> 6
 3.163787e+01 1.276023e+04 1.373229e+04 2.940807e+02 3.743564e+04 4.829342e+07
<GCONST> 6.737025e+01
<MIXTURE> 5 7.153534e-02
<MEAN> 6
 9.225304e+01 2.800089e+02 1.511539e+02 -1.572877e+00 7.552801e+00 -1.013419e+02
<VARIANCE> 6
 3.163787e+01 1.276023e+04 1.705536e+05 2.940807e+02 3.743564e+04 4.829342e+07
<GCONST> 6.988954e+01
<MIXTURE> 6 1.200134e-01
<MEAN> 6
 8.069567e+01 -4.194680e+02 -1.540577e+03 7.318732e-01 -5.080975e+00 -7.495614e+01
<VARIANCE> 6
 3.163787e+01 4.333806e+04 5.287841e+05 2.940807e+02 3.743564e+04 4.829342e+07
<GCONST> 7.224377e+01
<MIXTURE> 7 1.188736e-01
<MEAN> 6
 8.217993e+01 2.352233e+02 -7.869667e+02 -3.075975e+00 -5.058486e+00 1.918763e+01
<VARIANCE> 6
 3.745076e+01 1.276023e+04 1.373229e+04 2.940807e+02 3.743564e+04 4.829342e+07
<GCONST> 6.753893e+01
<MIXTURE> 8 6.688189e-02
<MEAN> 6
 8.258868e+01 5.138715e+02 -2.364302e+02 -2.121425e+00 -2.161765e-02 -5.629932e+01
<VARIANCE> 6
 3.163787e+01 1.276023e+04 1.377051e+04 2.940807e+02 3.743564e+04 4.829342e+07
<GCONST> 6.737303e+01
<MIXTURE> 9 3.306357e-02
<MEAN> 6
 9.278618e+01 1.001398e+03 -1.448424e+02 -4.964635e+00 1.055555e+00 -4.355394e+01
<VARIANCE> 6
 3.163787e+01 1.276023e+04 1.373229e+04 2.940807e+02 3.743564e+04 4.829342e+07
<GCONST> 6.737025e+01
<MIXTURE> 10 2.745575e-02
<MEAN> 6
 9.040093e+01 2.017392e+02 -1.565289e+03 -7.057941e+00 1.096602e+01 1.552087e+02
<VARIANCE> 6
 3.656023e+01 1.276023e+04 2.665798e+05 2.940807e+02 3.743564e+04 4.829342e+07
<GCONST> 7.048077e+01
<MIXTURE> 11 4.428735e-02
<MEAN> 6
 7.532450e+01 -7.227231e+02 -6.505934e+02 -4.275421e+00 -1.996186e+01 1.075574e+02
<VARIANCE> 6
 4.042048e+01 6.474020e+04 1.373229e+04 2.940807e+02 3.743564e+04 4.829342e+07
<GCONST> 6.923927e+01
<MIXTURE> 12 6.914550e-02
<MEAN> 6
 8.274808e+01 4.979952e+02 -2.797390e+02 -2.380387e+00 -5.556911e-01 -2.967995e+01
<VARIANCE> 6
 3.163787e+01 1.276023e+04 1.373229e+04 2.940807e+02 3.743564e+04 4.829342e+07
<GCONST> 6.737025e+01
<MIXTURE> 13 7.472046e-02
<MEAN> 6
 8.846006e+01 3.975034e+02 -1.325144e+03 -1.531097e+00 4.410868e-01 -2.363833e+01
<VARIANCE> 6
 3.163787e+01 2.273250e+04 1.373229e+04 2.940807e+02 3.743564e+04 4.829342e+07
<GCONST> 6.794771e+01
<STATE> 8
<NUMMIXES> 13
<MIXTURE> 1 8.656763e-02
<MEAN> 6
 9.763155e+01 6.029739e+02 -1.991302e+02 -5.730319e+00 -1.817316e+01 -1.374005e+02
<VARIANCE> 6
 4.594800e+01 7.464493e+04 2.209008e+06 2.940807e+02 3.743564e+04 4.829342e+07
<GCONST> 7.459036e+01
<MIXTURE> 2 2.464298e-02
<MEAN> 6
 -4.398017e+00 1.761779e+02 6.531897e+01 3.755653e+01 -1.615152e+02 -6.438890e+02
<VARIANCE> 6
 1.299818e+04 1.852386e+05 4.006408e+05 2.170986e+06 1.213729e+09 1.792702e+12
<GCONST> 1.092524e+02
<MIXTURE> 3 8.328841e-02
<MEAN> 6
 -1.074121e+01 -1.884208e+01 -2.253644e+02 -1.390769e+02 1.246059e+02 6.273090e+03
<VARIANCE> 6
 4.772837e+03 6.064841e+05 1.967014e+06 4.377082e+04 2.955599e+06 1.706091e+09
<GCONST> 9.414883e+01
<MIXTURE> 4 7.420138e-02
<MEAN> 6
 -3.699479e+01 -3.622707e+02 1.408529e+02 1.838063e+02 6.852641e+02 -2.136984e+03
<VARIANCE> 6
 3.220203e+02 3.422812e+05 1.831034e+06 6.461243e+03 1.327365e+05 4.829342e+07
<GCONST> 8.222816e+01
<MIXTURE> 5 7.332044e-02
<MEAN> 6
 9.081624e+01 5.032938e+01 5.797706e+01 1.375245e+01 -6.694852e+02 -4.211987e+02
<VARIANCE> 6
 1.882314e+02 1.110294e+06 3.397250e+06 1.362948e+04 7.736670e+05 3.713705e+08
<GCONST> 8.803515e+01
<MIXTURE> 6 9.015400e-02
<MEAN> 6
 8.409954e+01 1.870159e+02 1.052760e+03 -4.996459e+00 -2.184389e+01 -3.570863e+01
<VARIANCE> 6
 1.868949e+02 1.097509e+06 2.893060e+06 2.940807e+02 3.743564e+04 4.829342e+07
<GCONST> 7.895123e+01
<MIXTURE> 7 4.689466e-02
<MEAN> 6
 4.224205e+01 -1.470890e+02 1.154518e+03 5.763148e+01 -2.617359e+02 3.526156e+02
<VARIANCE> 6
 6.138211e+02 1.893236e+05 5.139420e+06 3.537516e+04 1.643790e+05 4.829342e+07
<GCONST> 8.522713e+01
<MIXTURE> 8 7.787447e-02
<MEAN> 6
 -6.420791e+01 -6.344570e+01 -8.137617e+01 5.528352e+00 1.818215e+02 4.456997e+02
<VARIANCE> 6
 1.070175e+02 2.559346e+05 2.468281e+06 5.874938e+02 7.169416e+04 4.829342e+07
<GCONST> 7.812080e+01
<MIXTURE> 9 9.562261e-02
<MEAN> 6
 1.137845e+01 3.130591e+02 8.564056e+01 -3.806932e+01 -3.299960e+01 -4.789032e+02
<VARIANCE> 6
 7.576381e+02 2.200691e+06 1.693001e+06 5.424907e+04 1.811629e+05 1.013476e+08
<GCONST> 8.804633e+01
<MIXTURE> 10 9.524380e-02
<MEAN> 6
 8.227451e+01 -2.097039e+02 5.377011e+02 -7.008917e-02 -3.902253e+00 -1.794562e+02
<VARIANCE> 6
 4.188315e+01 5.933731e+05 1.863695e+06 2.940807e+02 3.743564e+04 4.829342e+07
<GCONST> 7.640083e+01
<MIXTURE> 11 1.166165e-01
<MEAN> 6
 6.992836e+01 -9.841019e+01 -7.552963e+01 -1.010192e+01 -6.093610e+02 -1.533937e+02
<VARIANCE> 6
 3.184584e+02 8.861218e+05 1.640889e+06 2.836363e+04 1.423081e+05 4.829342e+07
<GCONST> 8.460753e+01
<MIXTURE> 12 8.543375e-02
<MEAN> 6
 -5.770779e+01 6.376584e+01 -3.145869e+01 -3.020896e+01 9.497562e+02 -1.500803e+03
<VARIANCE> 6
 1.412452e+02 1.316038e+06 2.579546e+06 1.403549e+04 3.996842e+05 1.642686e+08
<GCONST> 8.619581e+01
<MIXTURE> 13 4.978426e-02
<MEAN> 6
 2.164228e+01 -3.468645e+02 6.954108e+02 3.480492e+01 -2.429666e+02 -2.563648e+03
<VARIANCE> 6
 7.472433e+02 1.775307e+05 3.442497e+06 5.308875e+04 1.578328e+05 4.829342e+07
<GCONST> 8.532408e+01
<TRANSP> 9
 0.000000e+00 1.000000e+00 0.000000e+00 0.000000e+00 0.000000e+00 0.000000e+00 0.000000e+00 0.000000e+00 0.000000e+00
 0.000000e+00 9.998357e-01 1.643332e-04 0.000000e+00 0.000000e+00 0.000000e+00 0.000000e+00 0.000000e+00 0.000000e+00
 0.000000e+00 0.000000e+00 9.999101e-01 8.989039e-05 0.000000e+00 0.000000e+00 0.000000e+00 0.000000e+00 0.000000e+00
 0.000000e+00 0.000000e+00 0.000000e+00 9.983908e-01 1.609200e-03 0.000000e+00 0.000000e+00 0.000000e+00 0.000000e+00
 0.000000e+00 0.000000e+00 0.000000e+00 0.000000e+00 9.989496e-01 1.050411e-03 0.000000e+00 0.000000e+00 0.000000e+00
 0.000000e+00 0.000000e+00 0.000000e+00 0.000000e+00 0.000000e+00 9.992203e-01 7.797473e-04 0.000000e+00 0.000000e+00
 0.000000e+00 0.000000e+00 0.000000e+00 0.000000e+00 0.000000e+00 0.000000e+00 9.981116e-01 1.888404e-03 0.000000e+00
 0.000000e+00 0.000000e+00 0.000000e+00 0.000000e+00 0.000000e+00 0.000000e+00 0.000000e+00 9.998625e-01 1.374790e-04
 0.000000e+00 0.000000e+00 0.000000e+00 0.000000e+00 0.000000e+00 0.000000e+00 0.000000e+00 0.000000e+00 0.000000e+00
<ENDHMM>
