~o
<STREAMINFO> 1 6
<VECSIZE> 6<NULLD><USER><DIAGC>
~h "SegundoPRIMARIA"
<BEGINHMM>
<NUMSTATES> 14
<STATE> 2
<NUMMIXES> 2
<MIXTURE> 1 5.000000e-01
<MEAN> 6
 4.271287e+01 8.860689e+01 1.870323e+02 3.422836e+01 1.655261e+02 2.542548e+03
<VARIANCE> 6
 3.622702e+03 2.123921e+05 7.440701e+05 2.812204e+04 6.803886e+05 1.629740e+08
<GCONST> 8.759215e+01
<MIXTURE> 2 5.000000e-01
<MEAN> 6
 1.863731e+01 -9.573718e+01 -1.580057e+02 -3.285015e+01 -1.644165e+02 -2.563902e+03
<VARIANCE> 6
 3.622702e+03 2.123921e+05 7.440701e+05 2.812204e+04 6.803886e+05 1.629740e+08
<GCONST> 8.759215e+01
<STATE> 3
<NUMMIXES> 2
<MIXTURE> 1 5.000000e-01
<MEAN> 6
 1.063111e+02 -2.887834e+02 1.350348e+02 3.154721e-01 2.998303e+01 1.521710e+03
<VARIANCE> 6
 7.382723e+01 1.191477e+05 1.712987e+05 2.940807e+02 3.743564e+04 4.829342e+07
<GCONST> 7.297531e+01
<MIXTURE> 2 5.000000e-01
<MEAN> 6
 1.028741e+02 -4.268546e+02 -3.051824e+01 -6.544040e+00 -4.741014e+01 -1.258029e+03
<VARIANCE> 6
 7.382723e+01 1.191477e+05 1.712987e+05 2.940807e+02 3.743564e+04 4.829342e+07
<GCONST> 7.297531e+01
<STATE> 4
<NUMMIXES> 2
<MIXTURE> 1 5.000000e-01
<MEAN> 6
 9.458038e+01 1.438502e+02 -4.725377e+02 5.726652e-01 3.557127e+01 1.440369e+03
<VARIANCE> 6
 3.273175e+01 3.763577e+04 3.052229e+04 2.940807e+02 3.743564e+04 4.829342e+07
<GCONST> 6.928458e+01
<MIXTURE> 2 5.000000e-01
<MEAN> 6
 9.229191e+01 6.625042e+01 -5.424202e+02 -6.286847e+00 -4.182191e+01 -1.339370e+03
<VARIANCE> 6
 3.273175e+01 3.763577e+04 3.052229e+04 2.940807e+02 3.743564e+04 4.829342e+07
<GCONST> 6.928458e+01
<STATE> 5
<NUMMIXES> 2
<MIXTURE> 1 5.000000e-01
<MEAN> 6
 9.223032e+01 2.217244e+02 2.131788e+02 1.745523e+00 3.142796e+01 1.410977e+03
<VARIANCE> 6
 3.163787e+01 8.005992e+04 5.796953e+04 2.940807e+02 3.743564e+04 4.829342e+07
<GCONST> 7.064687e+01
<MIXTURE> 2 5.000000e-01
<MEAN> 6
 8.998042e+01 1.085450e+02 1.168714e+02 -5.113989e+00 -4.596521e+01 -1.368762e+03
<VARIANCE> 6
 3.163787e+01 8.005992e+04 5.796953e+04 2.940807e+02 3.743564e+04 4.829342e+07
<GCONST> 7.064687e+01
<STATE> 6
<NUMMIXES> 2
<MIXTURE> 1 5.000000e-01
<MEAN> 6
 1.030212e+02 5.048471e+02 1.253464e+03 1.304015e+00 3.214687e+01 1.497008e+03
<VARIANCE> 6
 3.690637e+02 2.773260e+05 5.737728e+05 2.940807e+02 3.743564e+04 4.829342e+07
<GCONST> 7.663821e+01
<MIXTURE> 2 5.000000e-01
<MEAN> 6
 9.533683e+01 2.942001e+02 9.504724e+02 -5.555497e+00 -4.524630e+01 -1.282731e+03
<VARIANCE> 6
 3.690637e+02 2.773260e+05 5.737728e+05 2.940807e+02 3.743564e+04 4.829342e+07
<GCONST> 7.663821e+01
<STATE> 7
<NUMMIXES> 2
<MIXTURE> 1 5.000000e-01
<MEAN> 6
 7.790831e+01 -2.247668e+02 -1.506303e+03 3.066875e+00 3.173022e+01 1.500649e+03
<VARIANCE> 6
 1.147446e+02 4.155543e+04 1.095194e+06 2.940807e+02 3.743564e+04 4.829342e+07
<GCONST> 7.421823e+01
<MIXTURE> 2 5.000000e-01
<MEAN> 6
 7.362355e+01 -3.063074e+02 -1.924909e+03 -3.792637e+00 -4.566296e+01 -1.279090e+03
<VARIANCE> 6
 1.147446e+02 4.155543e+04 1.095194e+06 2.940807e+02 3.743564e+04 4.829342e+07
<GCONST> 7.421823e+01
<STATE> 8
<NUMMIXES> 2
<MIXTURE> 1 5.000000e-01
<MEAN> 6
 9.040727e+01 1.070852e+02 -1.740002e+02 1.553372e+00 4.015052e+01 1.334397e+03
<VARIANCE> 6
 8.445956e+01 3.825997e+06 7.293333e+05 2.940807e+02 3.743564e+04 4.829342e+07
<GCONST> 7.802779e+01
<MIXTURE> 2 5.000000e-01
<MEAN> 6
 8.673120e+01 -6.753210e+02 -5.156042e+02 -5.306140e+00 -3.724265e+01 -1.445342e+03
<VARIANCE> 6
 8.445956e+01 3.825997e+06 7.293333e+05 2.940807e+02 3.743564e+04 4.829342e+07
<GCONST> 7.802779e+01
<STATE> 9
<NUMMIXES> 2
<MIXTURE> 1 5.000000e-01
<MEAN> 6
 7.556390e+01 -8.684265e+02 -4.911063e+02 1.718189e+00 3.210535e+01 1.321751e+03
<VARIANCE> 6
 3.163787e+01 2.591147e+05 1.027148e+05 2.940807e+02 3.743564e+04 4.829342e+07
<GCONST> 7.239339e+01
<MIXTURE> 2 5.000000e-01
<MEAN> 6
 7.331400e+01 -1.072040e+03 -6.193029e+02 -5.141323e+00 -4.528782e+01 -1.457988e+03
<VARIANCE> 6
 3.163787e+01 2.591147e+05 1.027148e+05 2.940807e+02 3.743564e+04 4.829342e+07
<GCONST> 7.239339e+01
<STATE> 10
<NUMMIXES> 2
<MIXTURE> 1 5.000000e-01
<MEAN> 6
 7.088676e+01 5.589558e+01 -2.558074e+02 3.787253e+00 3.949530e+01 1.257730e+03
<VARIANCE> 6
 3.163787e+01 2.460607e+04 2.404375e+04 2.940807e+02 3.743564e+04 4.829342e+07
<GCONST> 6.858704e+01
<MIXTURE> 2 5.000000e-01
<MEAN> 6
 6.863686e+01 -6.849714e+00 -3.178316e+02 -3.072259e+00 -3.789787e+01 -1.522009e+03
<VARIANCE> 6
 3.163787e+01 2.460607e+04 2.404375e+04 2.940807e+02 3.743564e+04 4.829342e+07
<GCONST> 6.858704e+01
<STATE> 11
<NUMMIXES> 2
<MIXTURE> 1 5.000000e-01
<MEAN> 6
 7.014923e+01 1.597185e+02 1.908154e+02 3.040858e+00 3.419473e+01 1.259930e+03
<VARIANCE> 6
 3.216900e+01 1.277591e+05 2.442402e+04 2.940807e+02 3.743564e+04 4.829342e+07
<GCONST> 7.026653e+01
<MIXTURE> 2 5.000000e-01
<MEAN> 6
 6.788052e+01 1.674484e+01 1.283026e+02 -3.818655e+00 -4.319844e+01 -1.519809e+03
<VARIANCE> 6
 3.216900e+01 1.277591e+05 2.442402e+04 2.940807e+02 3.743564e+04 4.829342e+07
<GCONST> 7.026653e+01
<STATE> 12
<NUMMIXES> 2
<MIXTURE> 1 5.000000e-01
<MEAN> 6
 7.420328e+01 -1.652877e+03 5.058098e+02 2.726460e+00 3.309922e+01 1.246353e+03
<VARIANCE> 6
 3.163787e+01 2.129253e+07 1.879841e+06 2.940807e+02 3.743564e+04 4.829342e+07
<GCONST> 7.970921e+01
<MIXTURE> 2 5.000000e-01
<MEAN> 6
 7.195337e+01 -3.498630e+03 -4.261940e+01 -4.133052e+00 -4.429395e+01 -1.533386e+03
<VARIANCE> 6
 3.163787e+01 2.129253e+07 1.879841e+06 2.940807e+02 3.743564e+04 4.829342e+07
<GCONST> 7.970921e+01
<STATE> 13
<NUMMIXES> 2
<MIXTURE> 1 5.000000e-01
<MEAN> 6
 4.601338e+01 3.350822e+02 9.484034e+01 4.767650e+01 5.724378e+02 2.070968e+04
<VARIANCE> 6
 4.268044e+03 1.588902e+06 2.595133e+05 5.573793e+04 8.183996e+06 1.070167e+10
<GCONST> 9.607107e+01
<MIXTURE> 2 5.000000e-01
<MEAN> 6
 1.988128e+01 -1.691244e+02 -1.089295e+02 -4.675903e+01 -5.718696e+02 -2.066987e+04
<VARIANCE> 6
 4.268044e+03 1.588902e+06 2.595133e+05 5.573793e+04 8.183996e+06 1.070167e+10
<GCONST> 9.607107e+01
<TRANSP> 14
 0.000000e+00 1.000000e+00 0.000000e+00 0.000000e+00 0.000000e+00 0.000000e+00 0.000000e+00 0.000000e+00 0.000000e+00 0.000000e+00 0.000000e+00 0.000000e+00 0.000000e+00 0.000000e+00
 0.000000e+00 9.999354e-01 6.458775e-05 0.000000e+00 0.000000e+00 0.000000e+00 0.000000e+00 0.000000e+00 0.000000e+00 0.000000e+00 0.000000e+00 0.000000e+00 0.000000e+00 0.000000e+00
 0.000000e+00 0.000000e+00 9.974828e-01 2.517201e-03 0.000000e+00 0.000000e+00 0.000000e+00 0.000000e+00 0.000000e+00 0.000000e+00 0.000000e+00 0.000000e+00 0.000000e+00 0.000000e+00
 0.000000e+00 0.000000e+00 0.000000e+00 9.953921e-01 4.607874e-03 0.000000e+00 0.000000e+00 0.000000e+00 0.000000e+00 0.000000e+00 0.000000e+00 0.000000e+00 0.000000e+00 0.000000e+00
 0.000000e+00 0.000000e+00 0.000000e+00 0.000000e+00 9.977041e-01 2.295877e-03 0.000000e+00 0.000000e+00 0.000000e+00 0.000000e+00 0.000000e+00 0.000000e+00 0.000000e+00 0.000000e+00
 0.000000e+00 0.000000e+00 0.000000e+00 0.000000e+00 0.000000e+00 9.964211e-01 3.578940e-03 0.000000e+00 0.000000e+00 0.000000e+00 0.000000e+00 0.000000e+00 0.000000e+00 0.000000e+00
 0.000000e+00 0.000000e+00 0.000000e+00 0.000000e+00 0.000000e+00 0.000000e+00 9.922451e-01 7.754938e-03 0.000000e+00 0.000000e+00 0.000000e+00 0.000000e+00 0.000000e+00 0.000000e+00
 0.000000e+00 0.000000e+00 0.000000e+00 0.000000e+00 0.000000e+00 0.000000e+00 0.000000e+00 9.974652e-01 2.534757e-03 0.000000e+00 0.000000e+00 0.000000e+00 0.000000e+00 0.000000e+00
 0.000000e+00 0.000000e+00 0.000000e+00 0.000000e+00 0.000000e+00 0.000000e+00 0.000000e+00 0.000000e+00 9.933012e-01 6.698768e-03 0.000000e+00 0.000000e+00 0.000000e+00 0.000000e+00
 0.000000e+00 0.000000e+00 0.000000e+00 0.000000e+00 0.000000e+00 0.000000e+00 0.000000e+00 0.000000e+00 0.000000e+00 9.976476e-01 2.352442e-03 0.000000e+00 0.000000e+00 0.000000e+00
 0.000000e+00 0.000000e+00 0.000000e+00 0.000000e+00 0.000000e+00 0.000000e+00 0.000000e+00 0.000000e+00 0.000000e+00 0.000000e+00 9.975362e-01 2.463843e-03 0.000000e+00 0.000000e+00
 0.000000e+00 0.000000e+00 0.000000e+00 0.000000e+00 0.000000e+00 0.000000e+00 0.000000e+00 0.000000e+00 0.000000e+00 0.000000e+00 0.000000e+00 9.942006e-01 5.799443e-03 0.000000e+00
 0.000000e+00 0.000000e+00 0.000000e+00 0.000000e+00 0.000000e+00 0.000000e+00 0.000000e+00 0.000000e+00 0.000000e+00 0.000000e+00 0.000000e+00 0.000000e+00 9.998780e-01 1.220175e-04
 0.000000e+00 0.000000e+00 0.000000e+00 0.000000e+00 0.000000e+00 0.000000e+00 0.000000e+00 0.000000e+00 0.000000e+00 0.000000e+00 0.000000e+00 0.000000e+00 0.000000e+00 0.000000e+00
<ENDHMM>
~h "SegundoESO"
<BEGINHMM>
<NUMSTATES> 14
<STATE> 2
<NUMMIXES> 2
<MIXTURE> 1 5.000000e-01
<MEAN> 6
 6.755019e+01 2.173669e+03 -2.057148e+03 3.780820e+00 3.776471e+01 1.351346e+03
<VARIANCE> 6
 7.778011e+01 1.363657e+07 1.128848e+07 2.940807e+02 3.743564e+04 4.829342e+07
<GCONST> 8.195575e+01
<MIXTURE> 2 5.000000e-01
<MEAN> 6
 6.402247e+01 6.965604e+02 -3.401082e+03 -3.078693e+00 -3.962847e+01 -1.428393e+03
<VARIANCE> 6
 7.778011e+01 1.363657e+07 1.128848e+07 2.940807e+02 3.743564e+04 4.829342e+07
<GCONST> 8.195575e+01
<STATE> 3
<NUMMIXES> 2
<MIXTURE> 1 5.000000e-01
<MEAN> 6
 7.618725e+01 1.422937e+02 5.509362e+02 2.847901e+00 3.826870e+01 1.319924e+03
<VARIANCE> 6
 4.981376e+01 1.023700e+06 1.216019e+06 2.940807e+02 3.743564e+04 4.829342e+07
<GCONST> 7.669263e+01
<MIXTURE> 2 5.000000e-01
<MEAN> 6
 7.336410e+01 -2.624185e+02 1.098432e+02 -4.011611e+00 -3.912447e+01 -1.459815e+03
<VARIANCE> 6
 4.981376e+01 1.023700e+06 1.216019e+06 2.940807e+02 3.743564e+04 4.829342e+07
<GCONST> 7.669263e+01
<STATE> 4
<NUMMIXES> 2
<MIXTURE> 1 5.000000e-01
<MEAN> 6
 8.846145e+01 -4.097208e+03 1.521476e+04 5.688948e+00 2.298621e+01 1.285989e+02
<VARIANCE> 6
 2.037421e+02 6.502804e+06 3.336348e+07 1.964913e+03 2.272498e+05 8.034091e+07
<GCONST> 8.747363e+01
<MIXTURE> 2 5.000000e-01
<MEAN> 6
 8.275191e+01 -5.117231e+03 1.290432e+04 -1.204199e+01 -1.676967e+02 -3.456725e+03
<VARIANCE> 6
 2.037421e+02 6.502804e+06 3.336348e+07 1.964913e+03 2.272498e+05 8.034091e+07
<GCONST> 8.747363e+01
<STATE> 5
<NUMMIXES> 2
<MIXTURE> 1 5.000000e-01
<MEAN> 6
 7.120096e+01 3.764008e+02 -3.788630e+02 -3.724026e+01 -7.486544e+02 -7.917412e+03
<VARIANCE> 6
 8.163065e+01 1.157699e+06 1.685894e+06 1.857025e+03 2.017765e+05 7.289950e+07
<GCONST> 8.157545e+01
<MIXTURE> 2 5.000000e-01
<MEAN> 6
 6.758698e+01 -5.398485e+01 -8.982310e+02 -5.447754e+01 -9.283326e+02 -1.133266e+04
<VARIANCE> 6
 8.163065e+01 1.157699e+06 1.685894e+06 1.857025e+03 2.017765e+05 7.289950e+07
<GCONST> 8.157545e+01
<STATE> 6
<NUMMIXES> 2
<MIXTURE> 1 5.000000e-01
<MEAN> 6
 5.100587e+01 2.314421e+02 1.501432e+03 -1.466416e+02 -8.152919e+02 4.538727e+03
<VARIANCE> 6
 4.322666e+02 1.722607e+06 3.388180e+06 1.862903e+04 9.932526e+05 1.424297e+08
<GCONST> 8.890704e+01
<MIXTURE> 2 5.000000e-01
<MEAN> 6
 4.268947e+01 -2.935504e+02 7.651518e+02 -2.012368e+02 -1.213940e+03 -2.350305e+02
<VARIANCE> 6
 4.322666e+02 1.722607e+06 3.388180e+06 1.862903e+04 9.932526e+05 1.424297e+08
<GCONST> 8.890704e+01
<STATE> 7
<NUMMIXES> 2
<MIXTURE> 1 5.000000e-01
<MEAN> 6
 8.166043e+01 -4.036451e+03 4.884327e+03 1.363779e+00 2.800984e+01 1.257687e+03
<VARIANCE> 6
 1.353130e+02 3.148089e+05 4.494629e+06 3.082560e+02 3.743564e+04 4.829342e+07
<GCONST> 7.786708e+01
<MIXTURE> 2 5.000000e-01
<MEAN> 6
 7.700746e+01 -4.260883e+03 4.036305e+03 -5.659109e+00 -4.938334e+01 -1.522052e+03
<VARIANCE> 6
 1.353130e+02 3.148089e+05 4.494629e+06 3.082560e+02 3.743564e+04 4.829342e+07
<GCONST> 7.786708e+01
<STATE> 8
<NUMMIXES> 2
<MIXTURE> 1 5.000000e-01
<MEAN> 6
 2.770320e+01 4.481016e+02 5.134731e+02 3.673946e+01 1.915886e+02 2.369994e+03
<VARIANCE> 6
 3.169125e+03 4.489458e+06 3.407637e+06 3.096754e+04 6.483445e+05 1.373940e+08
<GCONST> 9.190849e+01
<MIXTURE> 2 5.000000e-01
<MEAN> 6
 5.185204e+00 -3.994320e+02 -2.249183e+02 -3.365093e+01 -1.304908e+02 -2.318614e+03
<VARIANCE> 6
 3.169125e+03 4.489458e+06 3.407637e+06 3.096754e+04 6.483445e+05 1.373940e+08
<GCONST> 9.190849e+01
<STATE> 9
<NUMMIXES> 2
<MIXTURE> 1 5.000000e-01
<MEAN> 6
 7.904420e+01 2.256392e+02 3.291490e+02 1.179464e+02 -4.586215e+02 2.425875e+03
<VARIANCE> 6
 3.545573e+02 3.391113e+06 4.622629e+06 5.588547e+03 1.758004e+05 6.627294e+07
<GCONST> 8.599615e+01
<MIXTURE> 2 5.000000e-01
<MEAN> 6
 7.151233e+01 -5.109598e+02 -5.308630e+02 8.804379e+01 -6.263357e+02 -8.304528e+02
<VARIANCE> 6
 3.545573e+02 3.391113e+06 4.622629e+06 5.588547e+03 1.758004e+05 6.627294e+07
<GCONST> 8.599615e+01
<STATE> 10
<NUMMIXES> 2
<MIXTURE> 1 5.000000e-01
<MEAN> 6
 8.627393e+01 2.637067e+02 -9.386907e+02 -4.508629e-01 3.911625e+01 1.488831e+03
<VARIANCE> 6
 1.964350e+02 6.811235e+05 1.123474e+07 2.940807e+02 3.743564e+04 4.829342e+07
<GCONST> 7.988066e+01
<MIXTURE> 2 5.000000e-01
<MEAN> 6
 8.066771e+01 -6.641410e+01 -2.279421e+03 -7.310375e+00 -3.827693e+01 -1.290908e+03
<VARIANCE> 6
 1.964350e+02 6.811235e+05 1.123474e+07 2.940807e+02 3.743564e+04 4.829342e+07
<GCONST> 7.988066e+01
<STATE> 11
<NUMMIXES> 2
<MIXTURE> 1 5.000000e-01
<MEAN> 6
 6.735703e+01 1.719736e+02 2.750349e+01 3.156254e+00 3.398434e+01 1.276664e+03
<VARIANCE> 6
 5.452307e+01 2.156484e+05 1.156902e+05 2.940807e+02 3.743564e+04 4.829342e+07
<GCONST> 7.287300e+01
<MIXTURE> 2 5.000000e-01
<MEAN> 6
 6.440344e+01 -1.377822e+01 -1.085496e+02 -3.703258e+00 -4.340884e+01 -1.503075e+03
<VARIANCE> 6
 5.452307e+01 2.156484e+05 1.156902e+05 2.940807e+02 3.743564e+04 4.829342e+07
<GCONST> 7.287300e+01
<STATE> 12
<NUMMIXES> 2
<MIXTURE> 1 5.000000e-01
<MEAN> 6
 8.679285e+01 -6.476835e+02 8.101857e+01 8.700142e-01 3.670503e+01 1.327277e+03
<VARIANCE> 6
 1.676686e+02 6.987684e+06 3.684044e+05 2.940807e+02 3.743564e+04 4.829342e+07
<GCONST> 7.863289e+01
<MIXTURE> 2 5.000000e-01
<MEAN> 6
 8.161338e+01 -1.705053e+03 -1.617667e+02 -5.989498e+00 -4.068814e+01 -1.452462e+03
<VARIANCE> 6
 1.676686e+02 6.987684e+06 3.684044e+05 2.940807e+02 3.743564e+04 4.829342e+07
<GCONST> 7.863289e+01
<STATE> 13
<NUMMIXES> 2
<MIXTURE> 1 5.000000e-01
<MEAN> 6
 3.367260e+01 1.456616e+02 1.404098e+02 3.063237e+01 1.405269e+02 2.076555e+03
<VARIANCE> 6
 2.700498e+03 4.786558e+05 3.760862e+05 2.311300e+04 4.865324e+05 1.050784e+08
<GCONST> 8.645819e+01
<MIXTURE> 2 5.000000e-01
<MEAN> 6
 1.288608e+01 -1.310782e+02 -1.048936e+02 -3.017947e+01 -1.384806e+02 -2.023755e+03
<VARIANCE> 6
 2.700498e+03 4.786558e+05 3.760862e+05 2.311300e+04 4.865324e+05 1.050784e+08
<GCONST> 8.645819e+01
<TRANSP> 14
 0.000000e+00 1.000000e+00 0.000000e+00 0.000000e+00 0.000000e+00 0.000000e+00 0.000000e+00 0.000000e+00 0.000000e+00 0.000000e+00 0.000000e+00 0.000000e+00 0.000000e+00 0.000000e+00
 0.000000e+00 9.985065e-01 1.493501e-03 0.000000e+00 0.000000e+00 0.000000e+00 0.000000e+00 0.000000e+00 0.000000e+00 0.000000e+00 0.000000e+00 0.000000e+00 0.000000e+00 0.000000e+00
 0.000000e+00 0.000000e+00 9.993527e-01 6.473335e-04 0.000000e+00 0.000000e+00 0.000000e+00 0.000000e+00 0.000000e+00 0.000000e+00 0.000000e+00 0.000000e+00 0.000000e+00 0.000000e+00
 0.000000e+00 0.000000e+00 0.000000e+00 9.758645e-01 2.413550e-02 0.000000e+00 0.000000e+00 0.000000e+00 0.000000e+00 0.000000e+00 0.000000e+00 0.000000e+00 0.000000e+00 0.000000e+00
 0.000000e+00 0.000000e+00 0.000000e+00 0.000000e+00 9.751554e-01 2.484461e-02 0.000000e+00 0.000000e+00 0.000000e+00 0.000000e+00 0.000000e+00 0.000000e+00 0.000000e+00 0.000000e+00
 0.000000e+00 0.000000e+00 0.000000e+00 0.000000e+00 0.000000e+00 9.859251e-01 1.407486e-02 0.000000e+00 0.000000e+00 0.000000e+00 0.000000e+00 0.000000e+00 0.000000e+00 0.000000e+00
 0.000000e+00 0.000000e+00 0.000000e+00 0.000000e+00 0.000000e+00 0.000000e+00 9.923885e-01 7.611536e-03 0.000000e+00 0.000000e+00 0.000000e+00 0.000000e+00 0.000000e+00 0.000000e+00
 0.000000e+00 0.000000e+00 0.000000e+00 0.000000e+00 0.000000e+00 0.000000e+00 0.000000e+00 9.998390e-01 1.609653e-04 0.000000e+00 0.000000e+00 0.000000e+00 0.000000e+00 0.000000e+00
 0.000000e+00 0.000000e+00 0.000000e+00 0.000000e+00 0.000000e+00 0.000000e+00 0.000000e+00 0.000000e+00 9.935792e-01 6.420782e-03 0.000000e+00 0.000000e+00 0.000000e+00 0.000000e+00
 0.000000e+00 0.000000e+00 0.000000e+00 0.000000e+00 0.000000e+00 0.000000e+00 0.000000e+00 0.000000e+00 0.000000e+00 9.982938e-01 1.706233e-03 0.000000e+00 0.000000e+00 0.000000e+00
 0.000000e+00 0.000000e+00 0.000000e+00 0.000000e+00 0.000000e+00 0.000000e+00 0.000000e+00 0.000000e+00 0.000000e+00 0.000000e+00 9.995596e-01 4.403740e-04 0.000000e+00 0.000000e+00
 0.000000e+00 0.000000e+00 0.000000e+00 0.000000e+00 0.000000e+00 0.000000e+00 0.000000e+00 0.000000e+00 0.000000e+00 0.000000e+00 0.000000e+00 9.980820e-01 1.917953e-03 0.000000e+00
 0.000000e+00 0.000000e+00 0.000000e+00 0.000000e+00 0.000000e+00 0.000000e+00 0.000000e+00 0.000000e+00 0.000000e+00 0.000000e+00 0.000000e+00 0.000000e+00 9.999340e-01 6.598952e-05
 0.000000e+00 0.000000e+00 0.000000e+00 0.000000e+00 0.000000e+00 0.000000e+00 0.000000e+00 0.000000e+00 0.000000e+00 0.000000e+00 0.000000e+00 0.000000e+00 0.000000e+00 0.000000e+00
<ENDHMM>
~h "QuintoPRIMARIA"
<BEGINHMM>
<NUMSTATES> 14
<STATE> 2
<NUMMIXES> 2
<MIXTURE> 1 5.000000e-01
<MEAN> 6
 3.759699e+01 1.502854e+02 1.851877e+02 3.277499e+01 1.689102e+02 2.647242e+03
<VARIANCE> 6
 3.075076e+03 8.121745e+05 1.109377e+06 2.657411e+04 6.867592e+05 1.769712e+08
<GCONST> 8.920406e+01
<MIXTURE> 2 5.000000e-01
<MEAN> 6
 1.541565e+01 -2.101975e+02 -2.361202e+02 -3.243128e+01 -1.625736e+02 -2.673979e+03
<VARIANCE> 6
 3.075076e+03 8.121745e+05 1.109377e+06 2.657411e+04 6.867592e+05 1.769712e+08
<GCONST> 8.920406e+01
<STATE> 3
<NUMMIXES> 2
<MIXTURE> 1 5.000000e-01
<MEAN> 6
 7.732761e+01 2.208032e+02 1.124194e+01 1.017927e+02 -3.943075e+02 2.275599e+03
<VARIANCE> 6
 4.493826e+02 4.429118e+05 2.038706e+05 2.849526e+03 1.850843e+05 5.820880e+07
<GCONST> 8.032452e+01
<MIXTURE> 2 5.000000e-01
<MEAN> 6
 6.884815e+01 -4.540331e+01 -1.693662e+02 8.044034e+01 -5.663932e+02 -7.761885e+02
<VARIANCE> 6
 4.493826e+02 4.429118e+05 2.038706e+05 2.849526e+03 1.850843e+05 5.820880e+07
<GCONST> 8.032452e+01
<STATE> 4
<NUMMIXES> 2
<MIXTURE> 1 5.000000e-01
<MEAN> 6
 8.972707e+01 6.004519e+02 -5.036955e+02 -8.982787e-01 3.305476e+01 1.638391e+03
<VARIANCE> 6
 4.700769e+01 3.852646e+05 9.218294e+05 2.940807e+02 3.743564e+04 4.829342e+07
<GCONST> 7.538042e+01
<MIXTURE> 2 5.000000e-01
<MEAN> 6
 8.698458e+01 3.521731e+02 -8.877433e+02 -7.757791e+00 -4.433842e+01 -1.141348e+03
<VARIANCE> 6
 4.700769e+01 3.852646e+05 9.218294e+05 2.940807e+02 3.743564e+04 4.829342e+07
<GCONST> 7.538042e+01
<STATE> 5
<NUMMIXES> 2
<MIXTURE> 1 5.000000e-01
<MEAN> 6
 7.453948e+01 1.799391e+03 -2.925161e+02 -1.079230e+00 3.852765e+01 1.474267e+03
<VARIANCE> 6
 3.163787e+01 2.427678e+06 3.568727e+05 2.940807e+02 3.743564e+04 4.829342e+07
<GCONST> 7.587624e+01
<MIXTURE> 2 5.000000e-01
<MEAN> 6
 7.228957e+01 1.176151e+03 -5.314714e+02 -7.938742e+00 -3.886552e+01 -1.305472e+03
<VARIANCE> 6
 3.163787e+01 2.427678e+06 3.568727e+05 2.940807e+02 3.743564e+04 4.829342e+07
<GCONST> 7.587624e+01
<STATE> 6
<NUMMIXES> 2
<MIXTURE> 1 5.000000e-01
<MEAN> 6
 8.697041e+01 1.544934e+01 -6.000764e+01 -7.722478e-01 4.125725e+01 1.434899e+03
<VARIANCE> 6
 9.558079e+01 8.204825e+04 3.527555e+04 2.940807e+02 3.743564e+04 4.829342e+07
<GCONST> 7.128029e+01
<MIXTURE> 2 5.000000e-01
<MEAN> 6
 8.305979e+01 -9.912692e+01 -1.351348e+02 -7.631760e+00 -3.613592e+01 -1.344840e+03
<VARIANCE> 6
 9.558079e+01 8.204825e+04 3.527555e+04 2.940807e+02 3.743564e+04 4.829342e+07
<GCONST> 7.128029e+01
<STATE> 7
<NUMMIXES> 2
<MIXTURE> 1 5.000000e-01
<MEAN> 6
 7.307355e+01 -1.193826e+02 3.684673e+02 9.081812e-01 3.962607e+01 1.404404e+03
<VARIANCE> 6
 6.562865e+01 2.238723e+05 6.705247e+04 2.940807e+02 3.743564e+04 4.829342e+07
<GCONST> 7.255037e+01
<MIXTURE> 2 5.000000e-01
<MEAN> 6
 6.983309e+01 -3.086432e+02 2.648893e+02 -5.951331e+00 -3.776710e+01 -1.375335e+03
<VARIANCE> 6
 6.562865e+01 2.238723e+05 6.705247e+04 2.940807e+02 3.743564e+04 4.829342e+07
<GCONST> 7.255037e+01
<STATE> 8
<NUMMIXES> 2
<MIXTURE> 1 5.000000e-01
<MEAN> 6
 8.630236e+01 8.640967e+02 2.046253e+03 1.306283e+00 3.709249e+01 1.523285e+03
<VARIANCE> 6
 3.810545e+02 6.478401e+05 1.070452e+06 2.940807e+02 3.743564e+04 4.829342e+07
<GCONST> 7.814223e+01
<MIXTURE> 2 5.000000e-01
<MEAN> 6
 7.849412e+01 5.421426e+02 1.632403e+03 -5.553229e+00 -4.030068e+01 -1.256454e+03
<VARIANCE> 6
 3.810545e+02 6.478401e+05 1.070452e+06 2.940807e+02 3.743564e+04 4.829342e+07
<GCONST> 7.814223e+01
<STATE> 9
<NUMMIXES> 2
<MIXTURE> 1 5.000000e-01
<MEAN> 6
 8.073183e+01 -2.018295e+01 -9.124780e+02 1.766788e+00 4.514491e+01 1.413437e+03
<VARIANCE> 6
 5.920236e+01 1.316387e+05 1.921290e+05 2.940807e+02 3.743564e+04 4.829342e+07
<GCONST> 7.296899e+01
<MIXTURE> 2 5.000000e-01
<MEAN> 6
 7.765410e+01 -1.653111e+02 -1.087808e+03 -5.092724e+00 -3.224827e+01 -1.366302e+03
<VARIANCE> 6
 5.920236e+01 1.316387e+05 1.921290e+05 2.940807e+02 3.743564e+04 4.829342e+07
<GCONST> 7.296899e+01
<STATE> 10
<NUMMIXES> 2
<MIXTURE> 1 5.000000e-01
<MEAN> 6
 9.987453e+01 6.515598e+02 -6.685173e+02 1.229194e+00 3.634293e+01 1.470473e+03
<VARIANCE> 6
 3.163787e+01 3.064807e+04 6.718714e+05 2.940807e+02 3.743564e+04 4.829342e+07
<GCONST> 7.213681e+01
<MIXTURE> 2 5.000000e-01
<MEAN> 6
 9.762463e+01 5.815334e+02 -9.963883e+02 -5.630318e+00 -4.105024e+01 -1.309265e+03
<VARIANCE> 6
 3.163787e+01 3.064807e+04 6.718714e+05 2.940807e+02 3.743564e+04 4.829342e+07
<GCONST> 7.213681e+01
<STATE> 11
<NUMMIXES> 2
<MIXTURE> 1 5.000000e-01
<MEAN> 6
 3.933155e+01 -4.196182e+02 1.044271e+02 1.118895e+01 3.148817e+01 1.455527e+03
<VARIANCE> 6
 1.388317e+02 5.995666e+04 7.639573e+04 2.940807e+02 3.743564e+04 4.829342e+07
<GCONST> 7.211263e+01
<MIXTURE> 2 5.000000e-01
<MEAN> 6
 3.461847e+01 -5.175624e+02 -6.131977e+00 4.329436e+00 -4.590501e+01 -1.324211e+03
<VARIANCE> 6
 1.388317e+02 5.995666e+04 7.639573e+04 2.940807e+02 3.743564e+04 4.829342e+07
<GCONST> 7.211263e+01
<STATE> 12
<NUMMIXES> 2
<MIXTURE> 1 5.000000e-01
<MEAN> 6
 7.966579e+01 3.550922e+02 3.523030e+02 1.838142e+00 8.096142e+01 2.162980e+03
<VARIANCE> 6
 7.401658e+02 8.164856e+05 1.099518e+06 2.940807e+02 3.743564e+04 8.586379e+07
<GCONST> 7.963979e+01
<MIXTURE> 2 5.000000e-01
<MEAN> 6
 6.878339e+01 -6.346191e+00 -6.712860e+01 -5.021370e+00 3.568245e+00 -1.543529e+03
<VARIANCE> 6
 7.401658e+02 8.164856e+05 1.099518e+06 2.940807e+02 3.743564e+04 8.586379e+07
<GCONST> 7.963979e+01
<STATE> 13
<NUMMIXES> 2
<MIXTURE> 1 5.000000e-01
<MEAN> 6
 5.202367e+01 7.521267e+01 4.225365e+02 1.239363e+02 2.853386e+03 1.096280e+05
<VARIANCE> 6
 6.988949e+03 7.396994e+05 7.312697e+05 3.706954e+05 2.034438e+08 3.005218e+11
<GCONST> 1.052787e+02
<MIXTURE> 2 5.000000e-01
<MEAN> 6
 1.858369e+01 -2.688104e+02 8.047928e+01 -1.196028e+02 -2.851963e+03 -1.096515e+05
<VARIANCE> 6
 6.988949e+03 7.396994e+05 7.312697e+05 3.706954e+05 2.034438e+08 3.005218e+11
<GCONST> 1.052787e+02
<TRANSP> 14
 0.000000e+00 1.000000e+00 0.000000e+00 0.000000e+00 0.000000e+00 0.000000e+00 0.000000e+00 0.000000e+00 0.000000e+00 0.000000e+00 0.000000e+00 0.000000e+00 0.000000e+00 0.000000e+00
 0.000000e+00 9.999574e-01 4.262017e-05 0.000000e+00 0.000000e+00 0.000000e+00 0.000000e+00 0.000000e+00 0.000000e+00 0.000000e+00 0.000000e+00 0.000000e+00 0.000000e+00 0.000000e+00
 0.000000e+00 0.000000e+00 9.936343e-01 6.365675e-03 0.000000e+00 0.000000e+00 0.000000e+00 0.000000e+00 0.000000e+00 0.000000e+00 0.000000e+00 0.000000e+00 0.000000e+00 0.000000e+00
 0.000000e+00 0.000000e+00 0.000000e+00 9.977302e-01 2.269802e-03 0.000000e+00 0.000000e+00 0.000000e+00 0.000000e+00 0.000000e+00 0.000000e+00 0.000000e+00 0.000000e+00 0.000000e+00
 0.000000e+00 0.000000e+00 0.000000e+00 0.000000e+00 9.959054e-01 4.094572e-03 0.000000e+00 0.000000e+00 0.000000e+00 0.000000e+00 0.000000e+00 0.000000e+00 0.000000e+00 0.000000e+00
 0.000000e+00 0.000000e+00 0.000000e+00 0.000000e+00 0.000000e+00 9.991263e-01 8.737732e-04 0.000000e+00 0.000000e+00 0.000000e+00 0.000000e+00 0.000000e+00 0.000000e+00 0.000000e+00
 0.000000e+00 0.000000e+00 0.000000e+00 0.000000e+00 0.000000e+00 0.000000e+00 9.984920e-01 1.507974e-03 0.000000e+00 0.000000e+00 0.000000e+00 0.000000e+00 0.000000e+00 0.000000e+00
 0.000000e+00 0.000000e+00 0.000000e+00 0.000000e+00 0.000000e+00 0.000000e+00 0.000000e+00 9.977811e-01 2.218898e-03 0.000000e+00 0.000000e+00 0.000000e+00 0.000000e+00 0.000000e+00
 0.000000e+00 0.000000e+00 0.000000e+00 0.000000e+00 0.000000e+00 0.000000e+00 0.000000e+00 0.000000e+00 9.723534e-01 2.764656e-02 0.000000e+00 0.000000e+00 0.000000e+00 0.000000e+00
 0.000000e+00 0.000000e+00 0.000000e+00 0.000000e+00 0.000000e+00 0.000000e+00 0.000000e+00 0.000000e+00 0.000000e+00 9.942422e-01 5.757775e-03 0.000000e+00 0.000000e+00 0.000000e+00
 0.000000e+00 0.000000e+00 0.000000e+00 0.000000e+00 0.000000e+00 0.000000e+00 0.000000e+00 0.000000e+00 0.000000e+00 0.000000e+00 9.591469e-01 4.085306e-02 0.000000e+00 0.000000e+00
 0.000000e+00 0.000000e+00 0.000000e+00 0.000000e+00 0.000000e+00 0.000000e+00 0.000000e+00 0.000000e+00 0.000000e+00 0.000000e+00 0.000000e+00 2.918134e-03 9.970819e-01 0.000000e+00
 0.000000e+00 0.000000e+00 0.000000e+00 0.000000e+00 0.000000e+00 0.000000e+00 0.000000e+00 0.000000e+00 0.000000e+00 0.000000e+00 0.000000e+00 0.000000e+00 9.990659e-01 9.340428e-04
 0.000000e+00 0.000000e+00 0.000000e+00 0.000000e+00 0.000000e+00 0.000000e+00 0.000000e+00 0.000000e+00 0.000000e+00 0.000000e+00 0.000000e+00 0.000000e+00 0.000000e+00 0.000000e+00
<ENDHMM>
