~o
<STREAMINFO> 1 6
<VECSIZE> 6<NULLD><USER><DIAGC>
~h "SegundoPRIMARIA"
<BEGINHMM>
<NUMSTATES> 15
<STATE> 2
<NUMMIXES> 3
<MIXTURE> 1 3.433150e-01
<MEAN> 6
 3.335509e+01 4.965762e+01 6.541231e+01 3.579920e+01 5.407885e+00 -5.572646e+02
<VARIANCE> 6
 3.615767e+03 1.242464e+05 6.130595e+05 1.586314e+04 1.746648e+05 5.191738e+07
<GCONST> 8.378410e+01
<MIXTURE> 2 3.151759e-01
<MEAN> 6
 1.994156e+01 -8.754476e+01 8.212630e+01 -3.947194e+01 7.646557e+00 8.505927e+02
<VARIANCE> 6
 3.986901e+03 3.826708e+05 1.386910e+06 5.239591e+04 1.677682e+06 4.305732e+08
<GCONST> 9.139569e+01
<MIXTURE> 3 3.414702e-01
<MEAN> 6
 3.173225e+01 -2.390506e+01 -1.579391e+02 2.802944e+00 -1.022108e+01 -2.501499e+02
<VARIANCE> 6
 3.980990e+03 1.091826e+05 5.301997e+05 1.423378e+04 2.320899e+05 5.191738e+07
<GCONST> 8.378175e+01
<STATE> 3
<NUMMIXES> 3
<MIXTURE> 1 3.911319e-01
<MEAN> 6
 7.193201e+01 8.934028e+01 -2.855403e+02 8.146971e-03 -2.021874e+00 -6.973009e+01
<VARIANCE> 6
 3.593871e+01 1.309607e+04 1.362684e+04 2.998645e+02 4.044808e+04 5.191738e+07
<GCONST> 6.768521e+01
<MIXTURE> 2 2.791451e-01
<MEAN> 6
 7.264128e+01 1.997719e+01 -3.581297e+02 1.226328e+00 -4.200213e+00 -1.291035e+02
<VARIANCE> 6
 3.809623e+01 5.581688e+04 2.806058e+04 2.998645e+02 4.044808e+04 5.191738e+07
<GCONST> 6.991560e+01
<MIXTURE> 3 3.297238e-01
<MEAN> 6
 6.835851e+01 3.732898e+01 -2.540605e+02 1.007774e+00 1.512466e+00 -6.636444e+01
<VARIANCE> 6
 3.171274e+01 1.623489e+04 1.409066e+04 2.998645e+02 4.044808e+04 5.191738e+07
<GCONST> 6.780844e+01
<STATE> 4
<NUMMIXES> 3
<MIXTURE> 1 5.292684e-01
<MEAN> 6
 6.317749e+01 -4.874779e+02 -1.195403e+01 -2.737808e-01 -4.307517e+00 -7.032107e+01
<VARIANCE> 6
 3.171274e+01 1.309607e+04 1.596585e+05 2.998645e+02 4.044808e+04 5.191738e+07
<GCONST> 7.002110e+01
<MIXTURE> 2 1.142013e-01
<MEAN> 6
 6.552218e+01 -2.688821e+02 -1.282026e+03 2.521904e+00 -6.018038e+00 2.592075e+01
<VARIANCE> 6
 3.171274e+01 4.549578e+04 1.362684e+04 2.998645e+02 4.044808e+04 5.191738e+07
<GCONST> 6.880542e+01
<MIXTURE> 3 3.565262e-01
<MEAN> 6
 5.799303e+01 -4.260829e+02 -2.269667e+02 6.923122e-01 -1.991907e+00 -1.237924e+02
<VARIANCE> 6
 3.171274e+01 1.309607e+04 2.170138e+04 2.998645e+02 4.044808e+04 5.191738e+07
<GCONST> 6.802545e+01
<STATE> 5
<NUMMIXES> 3
<MIXTURE> 1 2.522871e-01
<MEAN> 6
 9.998923e+01 -4.389295e+01 9.477717e+02 -2.128801e+00 -2.326051e+01 5.775995e+01
<VARIANCE> 6
 5.142676e+01 8.065276e+04 1.347991e+05 2.998645e+02 4.044808e+04 5.191738e+07
<GCONST> 7.215314e+01
<MIXTURE> 2 3.796341e-01
<MEAN> 6
 9.301140e+01 -8.590951e+02 7.201472e+02 -8.043087e-01 -3.422653e+00 -1.540129e+02
<VARIANCE> 6
 3.171274e+01 3.012309e+05 2.450008e+04 2.998645e+02 4.044808e+04 5.191738e+07
<GCONST> 7.128232e+01
<MIXTURE> 3 3.680790e-01
<MEAN> 6
 9.630433e+01 -3.026250e+02 6.156081e+02 -2.969711e+00 -3.605751e+00 4.750664e+00
<VARIANCE> 6
 3.171274e+01 6.538576e+04 7.101426e+04 2.998645e+02 4.044808e+04 5.191738e+07
<GCONST> 7.081894e+01
<STATE> 6
<NUMMIXES> 3
<MIXTURE> 1 1.381013e-01
<MEAN> 6
 1.037315e+02 5.949986e+02 9.580845e+02 -3.914306e+00 9.940014e-01 3.989504e+01
<VARIANCE> 6
 4.878307e+02 1.185473e+05 3.155252e+05 2.998645e+02 4.044808e+04 5.191738e+07
<GCONST> 7.563857e+01
<MIXTURE> 2 4.161859e-01
<MEAN> 6
 8.365974e+01 1.102737e+03 -6.699884e+02 -9.884288e-01 -5.415237e+00 -5.893733e+00
<VARIANCE> 6
 7.305385e+01 3.931273e+04 8.805499e+05 2.998645e+02 4.044808e+04 5.191738e+07
<GCONST> 7.366234e+01
<MIXTURE> 3 4.457139e-01
<MEAN> 6
 7.792563e+01 1.453442e+03 4.016065e+02 -1.334253e+00 -2.693736e+00 -6.779101e+01
<VARIANCE> 6
 3.171274e+01 8.976514e+05 1.255097e+05 2.998645e+02 4.044808e+04 5.191738e+07
<GCONST> 7.400792e+01
<STATE> 7
<NUMMIXES> 3
<MIXTURE> 1 3.211809e-01
<MEAN> 6
 8.436759e+01 -4.258469e+02 2.594032e+02 -2.267955e+00 -6.324960e+00 -9.093790e+01
<VARIANCE> 6
 3.171274e+01 6.296695e+04 4.525341e+04 2.998645e+02 4.044808e+04 5.191738e+07
<GCONST> 7.033064e+01
<MIXTURE> 2 3.289643e-01
<MEAN> 6
 7.457620e+01 -9.097643e+02 4.287277e+00 -1.276862e+00 2.240649e+00 -2.490574e+02
<VARIANCE> 6
 3.171274e+01 4.413174e+04 1.639247e+05 2.998645e+02 4.044808e+04 5.191738e+07
<GCONST> 7.126234e+01
<MIXTURE> 3 3.498508e-01
<MEAN> 6
 7.376572e+01 -8.302396e+02 -2.342626e+02 -3.534349e+00 -1.161285e+01 3.603298e+01
<VARIANCE> 6
 3.171274e+01 3.010922e+04 8.613362e+04 2.998645e+02 4.044808e+04 5.191738e+07
<GCONST> 7.023650e+01
<STATE> 8
<NUMMIXES> 3
<MIXTURE> 1 4.946811e-01
<MEAN> 6
 7.795171e+01 -4.743073e+02 2.467485e+03 -8.387806e-01 -5.735238e+00 -8.724818e+01
<VARIANCE> 6
 8.259104e+02 1.309607e+04 6.025277e+04 2.998645e+02 4.044808e+04 5.191738e+07
<GCONST> 7.230638e+01
<MIXTURE> 2 1.051273e-02
<MEAN> 6
 8.469144e+01 -9.573814e+01 4.577607e+02 -9.050769e-01 -2.189878e+02 -1.811180e+03
<VARIANCE> 6
 3.167287e+02 1.064716e+06 1.039537e+06 4.331872e+02 1.025821e+05 6.950026e+07
<GCONST> 8.018424e+01
<MIXTURE> 3 4.947980e-01
<MEAN> 6
 8.090406e+01 -4.851137e+02 2.354243e+03 -1.576283e+00 -6.179838e+00 -7.936530e+01
<VARIANCE> 6
 6.999789e+02 1.309607e+04 6.978205e+04 2.998645e+02 4.044808e+04 5.191738e+07
<GCONST> 7.228778e+01
<STATE> 9
<NUMMIXES> 3
<MIXTURE> 1 3.219446e-01
<MEAN> 6
 9.918685e+01 4.689991e+00 -4.070921e+02 -1.591806e+00 -2.493293e+00 -1.183394e+01
<VARIANCE> 6
 1.344284e+02 9.241313e+04 3.427010e+04 2.998645e+02 4.044808e+04 5.191738e+07
<GCONST> 7.188062e+01
<MIXTURE> 2 2.578296e-01
<MEAN> 6
 6.917942e+01 -1.082322e+03 -6.433544e+02 1.538922e+00 -2.306630e+00 -7.465910e+01
<VARIANCE> 6
 1.625571e+02 4.818328e+05 2.317097e+04 2.998645e+02 4.044808e+04 5.191738e+07
<GCONST> 7.333057e+01
<MIXTURE> 3 4.202236e-01
<MEAN> 6
 9.266360e+01 -1.404598e+02 -5.349889e+02 -8.383065e-02 -1.205936e+00 -1.257292e+02
<VARIANCE> 6
 3.171274e+01 1.519164e+05 2.836989e+04 2.998645e+02 4.044808e+04 5.191738e+07
<GCONST> 7.074442e+01
<STATE> 10
<NUMMIXES> 3
<MIXTURE> 1 1.105816e-01
<MEAN> 6
 6.543011e+01 7.831909e+02 -1.095543e+02 -9.084232e-01 -2.670670e+00 -2.707172e+02
<VARIANCE> 6
 3.171274e+01 4.723266e+04 2.940217e+04 2.998645e+02 4.044808e+04 5.191738e+07
<GCONST> 6.961191e+01
<MIXTURE> 2 4.878724e-01
<MEAN> 6
 6.543193e+01 8.829951e+02 -1.424531e+02 -5.212214e-01 -1.787919e+00 -1.573475e+02
<VARIANCE> 6
 3.171274e+01 1.812999e+04 1.362684e+04 2.998645e+02 4.044808e+04 5.191738e+07
<GCONST> 6.788536e+01
<MIXTURE> 3 4.015495e-01
<MEAN> 6
 6.475311e+01 5.239360e+02 -1.072562e+02 -1.593367e-01 -5.810836e+00 -2.156148e+02
<VARIANCE> 6
 3.584642e+01 5.145959e+04 1.362684e+04 2.998645e+02 4.044808e+04 5.191738e+07
<GCONST> 6.905112e+01
<STATE> 11
<NUMMIXES> 3
<MIXTURE> 1 5.706276e-01
<MEAN> 6
 9.771094e+01 1.747050e+02 1.474079e+02 -3.060382e+00 -9.863077e-01 -7.403404e+01
<VARIANCE> 6
 8.697604e+01 8.109959e+04 1.362684e+04 2.998645e+02 4.044808e+04 5.191738e+07
<GCONST> 7.039240e+01
<MIXTURE> 2 2.341007e-01
<MEAN> 6
 9.509574e+01 -7.669022e+00 5.406837e+01 -1.186217e+00 8.027792e-01 -1.256546e+02
<VARIANCE> 6
 3.171274e+01 1.473194e+05 1.362684e+04 2.998645e+02 4.044808e+04 5.191738e+07
<GCONST> 6.998041e+01
<MIXTURE> 3 1.952749e-01
<MEAN> 6
 9.603899e+01 -2.332553e+02 -2.775016e+00 -5.722045e-01 -1.599295e+00 -1.134249e+02
<VARIANCE> 6
 3.171274e+01 1.520073e+05 1.362684e+04 2.998645e+02 4.044808e+04 5.191738e+07
<GCONST> 7.001173e+01
<STATE> 12
<NUMMIXES> 3
<MIXTURE> 1 2.839528e-01
<MEAN> 6
 7.815428e+01 8.481543e+01 1.049452e+02 -6.064575e-01 -1.280164e+01 -1.050801e+02
<VARIANCE> 6
 3.171274e+01 1.593382e+04 3.064698e+04 2.998645e+02 4.044808e+04 5.191738e+07
<GCONST> 6.856674e+01
<MIXTURE> 2 4.237842e-01
<MEAN> 6
 7.156595e+01 -1.413070e+01 1.513691e+02 5.754746e-01 5.830805e-01 -1.514383e+02
<VARIANCE> 6
 3.171274e+01 6.386798e+04 3.568977e+04 2.998645e+02 4.044808e+04 5.191738e+07
<GCONST> 7.010744e+01
<MIXTURE> 3 2.922645e-01
<MEAN> 6
 7.127660e+01 -6.910730e+01 1.192415e+02 6.923940e-01 1.003821e+00 -1.692509e+02
<VARIANCE> 6
 3.171274e+01 1.548236e+04 1.618833e+04 2.998645e+02 4.044808e+04 5.191738e+07
<GCONST> 6.789975e+01
<STATE> 13
<NUMMIXES> 3
<MIXTURE> 1 1.186773e-01
<MEAN> 6
 1.185657e+02 -2.251688e+03 -5.182350e+00 -2.906239e+01 -5.196774e+01 -5.977656e+02
<VARIANCE> 6
 4.701353e+02 9.715299e+05 4.564823e+04 4.407971e+02 4.376714e+04 5.191738e+07
<GCONST> 7.623602e+01
<MIXTURE> 2 3.766046e-01
<MEAN> 6
 7.521426e+01 -8.923329e+03 1.475148e+03 -2.619854e+00 -6.745601e+00 -8.352881e+01
<VARIANCE> 6
 3.171274e+01 1.976852e+04 1.766028e+05 2.998645e+02 4.044808e+04 5.191738e+07
<GCONST> 7.053375e+01
<MIXTURE> 3 5.047218e-01
<MEAN> 6
 9.969975e+01 -3.158165e+03 -1.215668e+02 -2.768960e+00 -3.171904e+00 -1.974838e+02
<VARIANCE> 6
 3.171274e+01 5.486081e+05 1.762314e+04 2.998645e+02 4.044808e+04 5.191738e+07
<GCONST> 7.155235e+01
<STATE> 14
<NUMMIXES> 3
<MIXTURE> 1 4.221697e-02
<MEAN> 6
 3.743050e+01 5.120162e+02 -2.383365e+02 -2.680820e+01 -4.307670e+02 4.124217e+03
<VARIANCE> 6
 6.412587e+03 1.272642e+07 1.789467e+06 2.631482e+05 1.161689e+08 1.633136e+11
<GCONST> 1.074199e+02
<MIXTURE> 2 5.390404e-01
<MEAN> 6
 3.588710e+01 7.201170e+01 2.178856e+01 3.725663e+01 1.659231e+01 -7.313040e+02
<VARIANCE> 6
 3.988444e+03 4.745902e+05 1.236141e+05 2.227859e+04 3.522350e+05 5.427396e+07
<GCONST> 8.470654e+01
<MIXTURE> 3 4.186420e-01
<MEAN> 6
 2.638886e+01 -5.802544e+01 -2.916267e+01 -4.427512e+01 2.308360e+01 5.754845e+02
<VARIANCE> 6
 3.854518e+03 2.662048e+05 2.246242e+05 4.968425e+04 1.725835e+06 4.363006e+08
<GCONST> 8.916698e+01
<TRANSP> 15
 0.000000e+00 1.000000e+00 0.000000e+00 0.000000e+00 0.000000e+00 0.000000e+00 0.000000e+00 0.000000e+00 0.000000e+00 0.000000e+00 0.000000e+00 0.000000e+00 0.000000e+00 0.000000e+00 0.000000e+00
 0.000000e+00 9.998360e-01 1.639492e-04 0.000000e+00 0.000000e+00 0.000000e+00 0.000000e+00 0.000000e+00 0.000000e+00 0.000000e+00 0.000000e+00 0.000000e+00 0.000000e+00 0.000000e+00 0.000000e+00
 0.000000e+00 0.000000e+00 9.981337e-01 1.866244e-03 0.000000e+00 0.000000e+00 0.000000e+00 0.000000e+00 0.000000e+00 0.000000e+00 0.000000e+00 0.000000e+00 0.000000e+00 0.000000e+00 0.000000e+00
 0.000000e+00 0.000000e+00 0.000000e+00 9.962742e-01 3.725814e-03 0.000000e+00 0.000000e+00 0.000000e+00 0.000000e+00 0.000000e+00 0.000000e+00 0.000000e+00 0.000000e+00 0.000000e+00 0.000000e+00
 0.000000e+00 0.000000e+00 0.000000e+00 0.000000e+00 9.959149e-01 4.085043e-03 0.000000e+00 0.000000e+00 0.000000e+00 0.000000e+00 0.000000e+00 0.000000e+00 0.000000e+00 0.000000e+00 0.000000e+00
 0.000000e+00 0.000000e+00 0.000000e+00 0.000000e+00 0.000000e+00 9.983967e-01 1.603293e-03 0.000000e+00 0.000000e+00 0.000000e+00 0.000000e+00 0.000000e+00 0.000000e+00 0.000000e+00 0.000000e+00
 0.000000e+00 0.000000e+00 0.000000e+00 0.000000e+00 0.000000e+00 0.000000e+00 9.954875e-01 4.512520e-03 0.000000e+00 0.000000e+00 0.000000e+00 0.000000e+00 0.000000e+00 0.000000e+00 0.000000e+00
 0.000000e+00 0.000000e+00 0.000000e+00 0.000000e+00 0.000000e+00 0.000000e+00 0.000000e+00 9.917216e-01 8.278399e-03 0.000000e+00 0.000000e+00 0.000000e+00 0.000000e+00 0.000000e+00 0.000000e+00
 0.000000e+00 0.000000e+00 0.000000e+00 0.000000e+00 0.000000e+00 0.000000e+00 0.000000e+00 0.000000e+00 9.977515e-01 2.248445e-03 0.000000e+00 0.000000e+00 0.000000e+00 0.000000e+00 0.000000e+00
 0.000000e+00 0.000000e+00 0.000000e+00 0.000000e+00 0.000000e+00 0.000000e+00 0.000000e+00 0.000000e+00 0.000000e+00 9.935009e-01 6.499063e-03 0.000000e+00 0.000000e+00 0.000000e+00 0.000000e+00
 0.000000e+00 0.000000e+00 0.000000e+00 0.000000e+00 0.000000e+00 0.000000e+00 0.000000e+00 0.000000e+00 0.000000e+00 0.000000e+00 9.965410e-01 3.458994e-03 0.000000e+00 0.000000e+00 0.000000e+00
 0.000000e+00 0.000000e+00 0.000000e+00 0.000000e+00 0.000000e+00 0.000000e+00 0.000000e+00 0.000000e+00 0.000000e+00 0.000000e+00 0.000000e+00 9.985552e-01 1.444751e-03 0.000000e+00 0.000000e+00
 0.000000e+00 0.000000e+00 0.000000e+00 0.000000e+00 0.000000e+00 0.000000e+00 0.000000e+00 0.000000e+00 0.000000e+00 0.000000e+00 0.000000e+00 0.000000e+00 9.933888e-01 6.611130e-03 0.000000e+00
 0.000000e+00 0.000000e+00 0.000000e+00 0.000000e+00 0.000000e+00 0.000000e+00 0.000000e+00 0.000000e+00 0.000000e+00 0.000000e+00 0.000000e+00 0.000000e+00 0.000000e+00 9.999402e-01 5.984207e-05
 0.000000e+00 0.000000e+00 0.000000e+00 0.000000e+00 0.000000e+00 0.000000e+00 0.000000e+00 0.000000e+00 0.000000e+00 0.000000e+00 0.000000e+00 0.000000e+00 0.000000e+00 0.000000e+00 0.000000e+00
<ENDHMM>
~h "SegundoESO"
<BEGINHMM>
<NUMSTATES> 15
<STATE> 2
<NUMMIXES> 3
<MIXTURE> 1 1.548509e-01
<MEAN> 6
 7.231149e+01 4.009424e+03 9.093475e+02 -4.295826e-01 -4.148892e+00 -1.299775e+02
<VARIANCE> 6
 3.171274e+01 3.622923e+07 8.654593e+06 2.998645e+02 4.044808e+04 5.191738e+07
<GCONST> 8.193922e+01
<MIXTURE> 2 4.537762e-01
<MEAN> 6
 7.068835e+01 6.777270e+02 -5.647667e+02 -4.712119e-01 -2.567039e+00 -9.020087e+01
<VARIANCE> 6
 5.910995e+01 5.806824e+05 3.013950e+06 2.998645e+02 4.044808e+04 5.191738e+07
<GCONST> 7.737366e+01
<MIXTURE> 3 3.913498e-01
<MEAN> 6
 6.835658e+01 1.636779e+02 -3.599865e+03 -1.492462e-01 -1.821660e+00 -6.931797e+01
<VARIANCE> 6
 7.770686e+01 1.707295e+05 1.057906e+07 2.998645e+02 4.044808e+04 5.191738e+07
<GCONST> 7.767870e+01
<STATE> 3
<NUMMIXES> 3
<MIXTURE> 1 3.150913e-01
<MEAN> 6
 6.371517e+01 -1.763366e+02 1.370170e+02 -5.316738e-01 -4.558010e+00 -1.323715e+02
<VARIANCE> 6
 3.219225e+01 9.519346e+04 3.711887e+05 2.998645e+02 4.044808e+04 5.191738e+07
<GCONST> 7.286339e+01
<MIXTURE> 2 3.581125e-01
<MEAN> 6
 6.499525e+01 1.267611e+02 -8.606356e+01 -1.375177e-01 -4.694388e+00 -1.432195e+02
<VARIANCE> 6
 3.171274e+01 1.441564e+06 6.950194e+04 2.998645e+02 4.044808e+04 5.191738e+07
<GCONST> 7.389059e+01
<MIXTURE> 3 3.267708e-01
<MEAN> 6
 6.338658e+01 5.220750e+01 -2.230748e+02 -8.968689e-02 -2.985289e+00 -1.348394e+02
<VARIANCE> 6
 3.171274e+01 1.799408e+06 9.751641e+04 2.998645e+02 4.044808e+04 5.191738e+07
<GCONST> 7.445099e+01
<STATE> 4
<NUMMIXES> 3
<MIXTURE> 1 3.022574e-01
<MEAN> 6
 -3.722976e+00 1.498100e+02 1.245461e+03 3.928450e+01 2.016470e+02 -4.890958e+02
<VARIANCE> 6
 2.827648e+03 4.278729e+05 5.749123e+06 3.323953e+04 5.727646e+05 7.768101e+07
<GCONST> 8.934344e+01
<MIXTURE> 2 3.152035e-01
<MEAN> 6
 2.011088e+01 -2.558123e+02 9.482864e+01 -5.271468e+01 -5.450918e+01 1.242573e+03
<VARIANCE> 6
 2.997429e+03 5.428404e+06 1.427663e+06 4.317009e+04 1.790145e+06 5.573427e+08
<GCONST> 9.392088e+01
<MIXTURE> 3 3.824717e-01
<MEAN> 6
 2.523808e+01 -2.362325e+02 2.496214e+02 1.385877e+01 -1.160611e+02 -6.046750e+02
<VARIANCE> 6
 2.868783e+03 6.496893e+05 2.181420e+06 2.312977e+04 3.228817e+05 5.191738e+07
<GCONST> 8.746773e+01
<STATE> 5
<NUMMIXES> 3
<MIXTURE> 1 3.958179e-01
<MEAN> 6
 7.662968e+01 -3.166796e+01 2.420426e+02 -9.600078e-01 -1.170249e+01 -1.097619e+02
<VARIANCE> 6
 3.836475e+01 3.715037e+05 6.535708e+05 2.998645e+02 4.044808e+04 5.191738e+07
<GCONST> 7.496619e+01
<MIXTURE> 2 3.152448e-01
<MEAN> 6
 7.928885e+01 -3.078668e+02 1.539714e+02 -1.418588e+00 -9.562171e+00 -1.178903e+02
<VARIANCE> 6
 3.171274e+01 4.874776e+05 8.921546e+04 2.998645e+02 4.044808e+04 5.191738e+07
<GCONST> 7.305606e+01
<MIXTURE> 3 2.889329e-01
<MEAN> 6
 7.791834e+01 -9.028364e+01 -5.272770e+01 -1.311465e+00 -1.161794e+01 -1.104319e+02
<VARIANCE> 6
 3.171274e+01 6.612586e+05 2.118817e+05 2.998645e+02 4.044808e+04 5.191738e+07
<GCONST> 7.422594e+01
<STATE> 6
<NUMMIXES> 3
<MIXTURE> 1 1.946011e-01
<MEAN> 6
 -1.841924e+01 1.824708e+02 1.262802e+02 -5.570746e+01 4.587997e+02 1.831484e+03
<VARIANCE> 6
 1.898946e+03 7.914848e+05 4.113416e+05 3.407257e+04 1.011723e+06 3.329292e+08
<GCONST> 8.897202e+01
<MIXTURE> 2 5.312874e-01
<MEAN> 6
 5.463075e+01 -4.085074e+01 5.395968e+01 5.409400e+00 -4.103900e+02 -9.172569e+01
<VARIANCE> 6
 1.023244e+03 9.499647e+05 6.554371e+05 2.656893e+04 2.038047e+05 5.191738e+07
<GCONST> 8.529282e+01
<MIXTURE> 3 2.738751e-01
<MEAN> 6
 -3.250188e+01 -3.370454e+01 -1.529697e+01 3.428543e+01 4.800402e+02 -1.116186e+03
<VARIANCE> 6
 7.554509e+02 4.036303e+05 2.837604e+05 2.335849e+04 2.424939e+05 6.468610e+07
<GCONST> 8.356122e+01
<STATE> 7
<NUMMIXES> 3
<MIXTURE> 1 3.145770e-01
<MEAN> 6
 9.586567e+01 3.235055e+02 -1.780930e+02 -4.417989e+00 2.928435e+00 1.296927e+02
<VARIANCE> 6
 4.056379e+01 2.263668e+05 1.237350e+05 2.998645e+02 4.044808e+04 5.191738e+07
<GCONST> 7.286221e+01
<MIXTURE> 2 3.347890e-01
<MEAN> 6
 9.337042e+01 1.358783e+03 -9.983224e+02 -4.479661e+00 -1.033541e+01 3.108805e+02
<VARIANCE> 6
 1.456478e+02 6.170801e+05 3.774237e+05 2.998645e+02 4.044808e+04 5.191738e+07
<GCONST> 7.625861e+01
<MIXTURE> 3 3.506292e-01
<MEAN> 6
 9.597202e+01 9.658022e+01 -4.047997e+02 -4.762593e+00 -4.901064e+00 1.905380e+02
<VARIANCE> 6
 3.171274e+01 2.405976e+05 2.857163e+05 2.998645e+02 4.044808e+04 5.191738e+07
<GCONST> 7.351389e+01
<STATE> 8
<NUMMIXES> 3
<MIXTURE> 1 1.905073e-01
<MEAN> 6
 8.744846e+01 -5.189997e+03 8.090958e+03 -7.280732e+00 -1.319722e+02 1.371481e+03
<VARIANCE> 6
 1.702513e+02 8.373758e+06 9.260997e+07 2.274957e+03 2.923023e+05 6.219778e+07
<GCONST> 8.871015e+01
<MIXTURE> 2 3.873993e-01
<MEAN> 6
 8.754935e+01 -4.349999e+03 6.507990e+03 -1.982640e+00 -4.176399e+00 -1.302742e+02
<VARIANCE> 6
 6.003485e+01 1.346821e+05 1.373758e+07 2.998645e+02 4.044808e+04 5.191738e+07
<GCONST> 7.744478e+01
<MIXTURE> 3 4.220910e-01
<MEAN> 6
 7.438377e+01 -4.025822e+03 2.277421e+03 -2.572090e+00 -2.338948e+00 -1.768463e+02
<VARIANCE> 6
 5.952927e+01 5.430959e+05 1.882747e+06 2.998645e+02 4.044808e+04 5.191738e+07
<GCONST> 7.684328e+01
<STATE> 9
<NUMMIXES> 3
<MIXTURE> 1 3.242825e-01
<MEAN> 6
 6.362496e+01 6.184574e+02 1.850340e+03 -4.487816e+00 -2.631999e+01 7.554745e+02
<VARIANCE> 6
 3.631633e+01 1.158689e+06 9.130031e+05 2.998645e+02 4.044808e+04 5.191738e+07
<GCONST> 7.638309e+01
<MIXTURE> 2 2.264411e-01
<MEAN> 6
 8.274075e+01 -8.156902e+02 -9.539097e+03 -3.981225e+00 7.002700e+00 -1.741212e+01
<VARIANCE> 6
 3.171274e+01 1.309607e+04 5.346897e+06 2.998645e+02 4.044808e+04 5.191738e+07
<GCONST> 7.353235e+01
<MIXTURE> 3 4.492769e-01
<MEAN> 6
 7.240444e+01 -9.516921e+01 -1.913923e+02 -3.920648e+00 -1.039175e+01 2.294018e+02
<VARIANCE> 6
 3.171274e+01 4.958628e+04 4.803982e+06 2.998645e+02 4.044808e+04 5.191738e+07
<GCONST> 7.475667e+01
<STATE> 10
<NUMMIXES> 3
<MIXTURE> 1 4.353307e-01
<MEAN> 6
 9.023289e+01 3.160900e+01 -6.201279e+02 -3.631570e+00 -3.219706e+00 1.632875e+02
<VARIANCE> 6
 3.171274e+01 2.538746e+05 3.848929e+06 2.998645e+02 4.044808e+04 5.191738e+07
<GCONST> 7.616815e+01
<MIXTURE> 2 2.628961e-01
<MEAN> 6
 8.537202e+01 -7.935936e+02 4.655405e+02 -4.111794e+00 -9.318017e+00 1.938487e+02
<VARIANCE> 6
 3.171274e+01 7.839059e+04 2.007293e+06 2.998645e+02 4.044808e+04 5.191738e+07
<GCONST> 7.434201e+01
<MIXTURE> 3 3.017592e-01
<MEAN> 6
 7.942590e+01 -1.125799e+03 2.895292e+01 -3.858696e+00 1.950324e+00 1.087540e+02
<VARIANCE> 6
 3.406609e+01 1.213437e+05 8.462278e+05 2.998645e+02 4.044808e+04 5.191738e+07
<GCONST> 7.398676e+01
<STATE> 11
<NUMMIXES> 3
<MIXTURE> 1 1.905788e-01
<MEAN> 6
 6.149638e+01 4.559196e+02 2.102368e+02 -4.027116e-01 -6.936855e+00 1.185362e+02
<VARIANCE> 6
 3.171274e+01 3.426452e+06 2.715892e+05 2.998645e+02 4.044808e+04 5.191738e+07
<GCONST> 7.611934e+01
<MIXTURE> 2 4.287608e-01
<MEAN> 6
 5.941130e+01 4.348510e+02 3.221118e+01 1.867546e-01 -2.196901e+00 -1.341846e+02
<VARIANCE> 6
 3.171274e+01 7.426290e+04 1.421491e+04 2.998645e+02 4.044808e+04 5.191738e+07
<GCONST> 6.933766e+01
<MIXTURE> 3 3.806553e-01
<MEAN> 6
 6.155973e+01 1.636691e+02 -8.396977e+01 -2.360329e-01 -4.923491e+00 -1.004909e+02
<VARIANCE> 6
 3.171274e+01 8.003043e+04 1.362684e+04 2.998645e+02 4.044808e+04 5.191738e+07
<GCONST> 6.937021e+01
<STATE> 12
<NUMMIXES> 3
<MIXTURE> 1 4.837632e-01
<MEAN> 6
 7.713305e+01 3.695806e+02 1.945667e+01 -2.331868e+00 -5.890418e+00 3.363100e+01
<VARIANCE> 6
 3.171274e+01 1.707208e+05 2.032168e+05 2.998645e+02 4.044808e+04 5.191738e+07
<GCONST> 7.283006e+01
<MIXTURE> 2 2.491696e-01
<MEAN> 6
 7.581400e+01 4.959472e+02 -1.874028e+02 -2.193007e+00 -4.111759e+00 4.981892e+01
<VARIANCE> 6
 3.171274e+01 3.953159e+05 1.372622e+05 2.998645e+02 4.044808e+04 5.191738e+07
<GCONST> 7.327734e+01
<MIXTURE> 3 2.670661e-01
<MEAN> 6
 7.506690e+01 3.762648e+02 -2.487349e+02 -2.313981e+00 -2.703893e+00 4.216426e+01
<VARIANCE> 6
 3.171274e+01 5.167424e+05 1.379357e+05 2.998645e+02 4.044808e+04 5.191738e+07
<GCONST> 7.355009e+01
<STATE> 13
<NUMMIXES> 3
<MIXTURE> 1 5.018929e-01
<MEAN> 6
 2.332141e+01 -1.412439e+03 3.138677e+02 -1.181289e+01 6.284808e+01 2.285800e+02
<VARIANCE> 6
 3.316408e+03 3.100071e+07 1.415241e+06 1.624329e+04 2.443418e+05 5.191738e+07
<GCONST> 9.041316e+01
<MIXTURE> 2 2.852409e-01
<MEAN> 6
 4.421758e+01 1.988594e+03 -3.164580e+03 3.617872e+01 -4.281133e+01 -3.936466e+02
<VARIANCE> 6
 1.826400e+03 2.266077e+06 1.711481e+06 1.160323e+04 5.786119e+04 5.191738e+07
<GCONST> 8.561380e+01
<MIXTURE> 3 2.128364e-01
<MEAN> 6
 4.130635e+01 1.563949e+03 -2.582072e+03 -2.255920e+01 -8.485946e+01 2.865449e+02
<VARIANCE> 6
 2.397017e+03 1.864251e+06 1.329208e+06 1.495162e+04 3.497400e+05 5.868476e+07
<GCONST> 8.761292e+01
<STATE> 14
<NUMMIXES> 3
<MIXTURE> 1 5.099423e-01
<MEAN> 6
 2.009394e+01 -2.801834e+01 2.549531e+01 4.089328e+01 3.329623e+01 -6.410676e+02
<VARIANCE> 6
 2.030857e+03 1.706653e+05 1.076013e+05 1.218129e+04 1.259743e+05 5.191738e+07
<GCONST> 8.119377e+01
<MIXTURE> 2 2.634579e-01
<MEAN> 6
 1.740675e+01 3.111720e+01 3.256950e+01 -3.942642e+01 2.677784e+01 1.023152e+03
<VARIANCE> 6
 2.170944e+03 1.244173e+05 2.030089e+04 2.372985e+04 4.627260e+05 8.466261e+07
<GCONST> 8.173357e+01
<MIXTURE> 3 2.265653e-01
<MEAN> 6
 3.057261e+01 -1.411137e+02 1.799939e+00 -4.470069e+01 -9.916510e+01 3.830772e+02
<VARIANCE> 6
 2.583714e+03 3.484922e+05 3.896404e+04 2.013786e+04 7.831571e+05 2.031154e+08
<GCONST> 8.482674e+01
<TRANSP> 15
 0.000000e+00 1.000000e+00 0.000000e+00 0.000000e+00 0.000000e+00 0.000000e+00 0.000000e+00 0.000000e+00 0.000000e+00 0.000000e+00 0.000000e+00 0.000000e+00 0.000000e+00 0.000000e+00 0.000000e+00
 0.000000e+00 9.991532e-01 8.467971e-04 0.000000e+00 0.000000e+00 0.000000e+00 0.000000e+00 0.000000e+00 0.000000e+00 0.000000e+00 0.000000e+00 0.000000e+00 0.000000e+00 0.000000e+00 0.000000e+00
 0.000000e+00 0.000000e+00 9.994245e-01 5.755808e-04 0.000000e+00 0.000000e+00 0.000000e+00 0.000000e+00 0.000000e+00 0.000000e+00 0.000000e+00 0.000000e+00 0.000000e+00 0.000000e+00 0.000000e+00
 0.000000e+00 0.000000e+00 0.000000e+00 9.997395e-01 2.604928e-04 0.000000e+00 0.000000e+00 0.000000e+00 0.000000e+00 0.000000e+00 0.000000e+00 0.000000e+00 0.000000e+00 0.000000e+00 0.000000e+00
 0.000000e+00 0.000000e+00 0.000000e+00 0.000000e+00 9.992750e-01 7.249478e-04 0.000000e+00 0.000000e+00 0.000000e+00 0.000000e+00 0.000000e+00 0.000000e+00 0.000000e+00 0.000000e+00 0.000000e+00
 0.000000e+00 0.000000e+00 0.000000e+00 0.000000e+00 0.000000e+00 9.999161e-01 8.387773e-05 0.000000e+00 0.000000e+00 0.000000e+00 0.000000e+00 0.000000e+00 0.000000e+00 0.000000e+00 0.000000e+00
 0.000000e+00 0.000000e+00 0.000000e+00 0.000000e+00 0.000000e+00 0.000000e+00 9.977217e-01 2.278267e-03 0.000000e+00 0.000000e+00 0.000000e+00 0.000000e+00 0.000000e+00 0.000000e+00 0.000000e+00
 0.000000e+00 0.000000e+00 0.000000e+00 0.000000e+00 0.000000e+00 0.000000e+00 0.000000e+00 9.958540e-01 4.145988e-03 0.000000e+00 0.000000e+00 0.000000e+00 0.000000e+00 0.000000e+00 0.000000e+00
 0.000000e+00 0.000000e+00 0.000000e+00 0.000000e+00 0.000000e+00 0.000000e+00 0.000000e+00 0.000000e+00 9.933649e-01 6.635062e-03 0.000000e+00 0.000000e+00 0.000000e+00 0.000000e+00 0.000000e+00
 0.000000e+00 0.000000e+00 0.000000e+00 0.000000e+00 0.000000e+00 0.000000e+00 0.000000e+00 0.000000e+00 0.000000e+00 9.983460e-01 1.653945e-03 0.000000e+00 0.000000e+00 0.000000e+00 0.000000e+00
 0.000000e+00 0.000000e+00 0.000000e+00 0.000000e+00 0.000000e+00 0.000000e+00 0.000000e+00 0.000000e+00 0.000000e+00 0.000000e+00 9.983706e-01 1.629363e-03 0.000000e+00 0.000000e+00 0.000000e+00
 0.000000e+00 0.000000e+00 0.000000e+00 0.000000e+00 0.000000e+00 0.000000e+00 0.000000e+00 0.000000e+00 0.000000e+00 0.000000e+00 0.000000e+00 9.984704e-01 1.529654e-03 0.000000e+00 0.000000e+00
 0.000000e+00 0.000000e+00 0.000000e+00 0.000000e+00 0.000000e+00 0.000000e+00 0.000000e+00 0.000000e+00 0.000000e+00 0.000000e+00 0.000000e+00 0.000000e+00 9.991075e-01 8.925305e-04 0.000000e+00
 0.000000e+00 0.000000e+00 0.000000e+00 0.000000e+00 0.000000e+00 0.000000e+00 0.000000e+00 0.000000e+00 0.000000e+00 0.000000e+00 0.000000e+00 0.000000e+00 0.000000e+00 9.997063e-01 2.937532e-04
 0.000000e+00 0.000000e+00 0.000000e+00 0.000000e+00 0.000000e+00 0.000000e+00 0.000000e+00 0.000000e+00 0.000000e+00 0.000000e+00 0.000000e+00 0.000000e+00 0.000000e+00 0.000000e+00 0.000000e+00
<ENDHMM>
~h "QuintoPRIMARIA"
<BEGINHMM>
<NUMSTATES> 15
<STATE> 2
<NUMMIXES> 3
<MIXTURE> 1 3.560372e-01
<MEAN> 6
 2.154019e+01 -5.430167e+01 2.182890e+02 3.545090e+01 5.649875e+01 -4.606673e+02
<VARIANCE> 6
 3.424675e+03 1.939420e+05 1.230054e+06 1.187404e+04 1.848016e+05 5.191738e+07
<GCONST> 8.463821e+01
<MIXTURE> 2 3.184274e-01
<MEAN> 6
 1.854226e+01 -1.122669e+01 -3.064996e+02 -5.168721e+01 4.903287e+01 1.052308e+03
<VARIANCE> 6
 3.298332e+03 2.881362e+06 5.891502e+06 3.902898e+04 1.335891e+06 3.726374e+08
<GCONST> 9.400452e+01
<MIXTURE> 3 3.248640e-01
<MEAN> 6
 2.916207e+01 -1.113511e+02 -8.770037e+01 2.423925e+00 -8.163938e+01 -4.453753e+02
<VARIANCE> 6
 2.815726e+03 1.481553e+05 3.724465e+05 2.123849e+04 3.459192e+05 5.191738e+07
<GCONST> 8.418680e+01
<STATE> 3
<NUMMIXES> 3
<MIXTURE> 1 2.029636e-01
<MEAN> 6
 5.734188e+01 8.294746e+01 -1.520738e+02 1.383466e+02 -3.633473e+02 -7.648346e+02
<VARIANCE> 6
 4.999177e+02 8.382902e+04 1.915367e+05 3.196439e+03 1.398938e+05 5.191738e+07
<GCONST> 7.842467e+01
<MIXTURE> 2 5.684991e-01
<MEAN> 6
 2.219040e+01 -1.301292e+02 4.898490e+02 2.574877e+02 -1.656853e+02 -5.536757e+03
<VARIANCE> 6
 8.550752e+02 6.829345e+05 4.145725e+06 7.360524e+03 4.183892e+05 9.642568e+07
<GCONST> 8.668253e+01
<MIXTURE> 3 2.285366e-01
<MEAN> 6
 5.065530e+01 -8.743085e+01 -2.932371e+02 1.567671e+02 -4.136676e+02 -3.550498e+02
<VARIANCE> 6
 4.473771e+02 1.018488e+05 2.437250e+05 3.919582e+03 1.336513e+05 5.191738e+07
<GCONST> 7.890760e+01
<STATE> 4
<NUMMIXES> 3
<MIXTURE> 1 1.059810e-01
<MEAN> 6
 5.107089e+01 -5.500151e+01 -7.914677e+01 4.447466e+01 -1.741098e+02 -8.441183e+01
<VARIANCE> 6
 3.069893e+02 1.714744e+06 1.633934e+06 1.259981e+03 6.283758e+04 5.191738e+07
<GCONST> 8.136768e+01
<MIXTURE> 2 4.860819e-01
<MEAN> 6
 6.930914e+01 -8.462196e+02 1.903055e+02 1.033566e+00 -3.092644e+00 -9.722397e+00
<VARIANCE> 6
 3.646967e+01 4.936594e+04 4.106274e+04 2.998645e+02 4.044808e+04 5.191738e+07
<GCONST> 7.012988e+01
<MIXTURE> 3 4.079506e-01
<MEAN> 6
 6.586164e+01 -6.606896e+02 6.044237e+01 2.150308e+00 -3.550838e+00 -6.344619e+01
<VARIANCE> 6
 2.319386e+02 2.518398e+04 2.669420e+04 2.998645e+02 4.044808e+04 5.191738e+07
<GCONST> 7.087617e+01
<STATE> 5
<NUMMIXES> 3
<MIXTURE> 1 5.934045e-01
<MEAN> 6
 8.962140e+01 2.144756e+02 -1.131653e+02 -4.995944e+00 -1.000111e+02 1.112546e+03
<VARIANCE> 6
 1.306293e+02 1.281916e+05 8.829586e+04 5.071455e+02 1.531543e+05 5.191738e+07
<GCONST> 7.498251e+01
<MIXTURE> 2 1.400160e-01
<MEAN> 6
 9.576907e+01 4.785873e+02 -4.566288e+02 1.005318e+02 -1.226596e+03 -5.011311e+02
<VARIANCE> 6
 2.358657e+02 1.510096e+06 6.539555e+06 2.046495e+04 4.388030e+06 3.719023e+09
<GCONST> 9.366917e+01
<MIXTURE> 3 2.665783e-01
<MEAN> 6
 9.568242e+01 -2.973136e+01 -1.129492e+03 4.499063e+01 -7.480565e+02 5.623747e+03
<VARIANCE> 6
 1.550666e+02 6.791833e+05 7.341764e+06 6.939606e+03 9.801798e+05 3.615197e+08
<GCONST> 8.765517e+01
<STATE> 6
<NUMMIXES> 3
<MIXTURE> 1 1.645515e-01
<MEAN> 6
 6.280978e+01 2.608951e+03 6.059964e+02 5.241758e-02 -3.277190e+00 4.091396e+01
<VARIANCE> 6
 1.027147e+02 2.007949e+06 1.888832e+06 2.998645e+02 4.044808e+04 5.191738e+07
<GCONST> 7.869958e+01
<MIXTURE> 2 3.903562e-01
<MEAN> 6
 7.375513e+01 1.268299e+03 -5.031648e+01 -1.859898e+00 -3.982038e+00 1.371413e+01
<VARIANCE> 6
 5.163833e+01 2.276885e+05 9.112549e+05 2.998645e+02 4.044808e+04 5.191738e+07
<GCONST> 7.510611e+01
<MIXTURE> 3 4.450923e-01
<MEAN> 6
 6.891803e+01 1.043462e+03 -7.837075e+02 -1.240349e+00 -1.698217e+00 -4.268249e+01
<VARIANCE> 6
 5.748391e+01 1.385533e+05 3.246041e+05 2.998645e+02 4.044808e+04 5.191738e+07
<GCONST> 7.368440e+01
<STATE> 7
<NUMMIXES> 3
<MIXTURE> 1 3.119775e-01
<MEAN> 6
 6.595559e+01 1.165187e+02 2.240906e+02 -4.149704e-01 -1.689472e+00 -8.487424e+01
<VARIANCE> 6
 3.558337e+01 2.992193e+04 6.255164e+04 2.998645e+02 4.044808e+04 5.191738e+07
<GCONST> 7.002550e+01
<MIXTURE> 2 3.069451e-01
<MEAN> 6
 6.152396e+01 5.421278e+01 -2.291819e+02 -3.981736e-01 -3.736810e+00 -9.376369e+01
<VARIANCE> 6
 3.171274e+01 2.593795e+04 6.571595e+04 2.998645e+02 4.044808e+04 5.191738e+07
<GCONST> 6.981680e+01
<MIXTURE> 3 3.810728e-01
<MEAN> 6
 6.057430e+01 -4.052636e+01 -2.699253e+02 -3.220167e-01 -2.903074e+00 -8.431717e+01
<VARIANCE> 6
 3.171274e+01 2.993452e+04 5.869348e+04 2.998645e+02 4.044808e+04 5.191738e+07
<GCONST> 6.984711e+01
<STATE> 8
<NUMMIXES> 3
<MIXTURE> 1 4.910840e-01
<MEAN> 6
 8.845496e+01 1.770178e+02 -1.278472e+02 -1.227515e+00 -4.391340e+00 -2.992740e+01
<VARIANCE> 6
 3.171274e+01 1.309607e+04 1.694693e+05 2.998645e+02 4.044808e+04 5.191738e+07
<GCONST> 7.008075e+01
<MIXTURE> 2 1.320938e-01
<MEAN> 6
 7.716641e+01 -2.492524e+01 -5.089701e+02 -9.555373e-01 -1.741867e+01 -4.487605e+01
<VARIANCE> 6
 3.960956e+01 4.185885e+04 7.676078e+05 2.998645e+02 4.044808e+04 5.191738e+07
<GCONST> 7.297569e+01
<MIXTURE> 3 3.768158e-01
<MEAN> 6
 7.579441e+01 -9.703862e+02 -1.102852e+03 -1.819575e+00 -1.169466e+01 -2.799401e+01
<VARIANCE> 6
 1.041573e+02 3.624177e+05 3.552824e+05 2.998645e+02 4.044808e+04 5.191738e+07
<GCONST> 7.533066e+01
<STATE> 9
<NUMMIXES> 3
<MIXTURE> 1 4.040876e-01
<MEAN> 6
 1.010793e+02 7.715012e+02 2.022106e+02 -3.417362e+00 8.562233e-01 3.121805e+01
<VARIANCE> 6
 6.470840e+01 4.833401e+04 1.780339e+04 2.998645e+02 4.044808e+04 5.191738e+07
<GCONST> 6.984645e+01
<MIXTURE> 2 2.929300e-01
<MEAN> 6
 9.636695e+01 6.029501e+02 -1.677069e+03 -2.907854e+00 4.636562e-01 -3.447425e+00
<VARIANCE> 6
 4.076601e+01 2.409040e+04 8.774532e+05 2.998645e+02 4.044808e+04 5.191738e+07
<GCONST> 7.258572e+01
<MIXTURE> 3 3.029792e-01
<MEAN> 6
 9.326446e+01 4.899749e+02 -1.370238e+03 -2.105888e+00 1.529340e-01 -6.443539e+01
<VARIANCE> 6
 4.218093e+01 2.841724e+04 3.200957e+05 2.998645e+02 4.044808e+04 5.191738e+07
<GCONST> 7.177663e+01
<STATE> 10
<NUMMIXES> 3
<MIXTURE> 1 3.730428e-01
<MEAN> 6
 8.155412e+01 -1.688214e+01 -6.164695e+00 -9.765267e-01 -3.056342e+00 -6.066070e+01
<VARIANCE> 6
 3.171274e+01 2.849808e+04 1.371219e+04 2.998645e+02 4.044808e+04 5.191738e+07
<GCONST> 6.834389e+01
<MIXTURE> 2 3.475797e-01
<MEAN> 6
 8.155532e+01 -9.136937e+01 -8.780514e+01 -1.278604e+00 -1.732054e+00 -6.071599e+01
<VARIANCE> 6
 3.171274e+01 4.600056e+04 3.857707e+04 2.998645e+02 4.044808e+04 5.191738e+07
<GCONST> 6.985707e+01
<MIXTURE> 3 2.793794e-01
<MEAN> 6
 8.176081e+01 -8.206694e+01 -5.816224e+01 -1.282014e+00 -2.154603e+00 -5.373879e+01
<VARIANCE> 6
 3.171274e+01 3.809210e+04 2.651858e+04 2.998645e+02 4.044808e+04 5.191738e+07
<GCONST> 6.929361e+01
<STATE> 11
<NUMMIXES> 3
<MIXTURE> 1 5.213206e-01
<MEAN> 6
 9.481737e+01 4.591657e+02 2.362882e+03 -1.529560e+00 -5.843066e+00 -6.633144e+01
<VARIANCE> 6
 4.783316e+01 1.711401e+05 4.502295e+05 2.998645e+02 4.044808e+04 5.191738e+07
<GCONST> 7.403900e+01
<MIXTURE> 2 2.353016e-01
<MEAN> 6
 8.948260e+01 -2.582803e+02 3.191322e+03 -3.300606e+00 9.581120e+00 1.491135e+02
<VARIANCE> 6
 1.370827e+02 1.918278e+05 6.676384e+04 2.998645e+02 4.044808e+04 5.191738e+07
<GCONST> 7.329739e+01
<MIXTURE> 3 2.433811e-01
<MEAN> 6
 7.655346e+01 1.738792e+02 2.771156e+03 -2.821606e+00 1.969398e+01 2.254568e+02
<VARIANCE> 6
 3.171274e+01 9.749682e+05 2.251968e+05 2.998645e+02 4.044808e+04 5.191738e+07
<GCONST> 7.467514e+01
<STATE> 12
<NUMMIXES> 3
<MIXTURE> 1 5.296509e-01
<MEAN> 6
 5.462096e+01 7.927167e+01 2.942000e+03 -1.533237e+00 -1.412258e+00 -3.373439e+02
<VARIANCE> 6
 3.171274e+01 4.365552e+04 3.463596e+04 2.998645e+02 4.044808e+04 5.191738e+07
<GCONST> 6.969698e+01
<MIXTURE> 2 3.579473e-01
<MEAN> 6
 6.386554e+01 -3.747921e+01 3.325307e+03 -1.096486e+01 1.042978e+01 5.879788e+02
<VARIANCE> 6
 3.171274e+01 1.309607e+04 1.172828e+05 2.998645e+02 4.044808e+04 5.191738e+07
<GCONST> 6.971266e+01
<MIXTURE> 3 1.124016e-01
<MEAN> 6
 6.394665e+01 1.476615e+02 2.752047e+03 -1.219665e+01 -2.058857e+02 1.705383e+02
<VARIANCE> 6
 2.074902e+02 2.126119e+05 3.375130e+06 2.998645e+02 8.529923e+04 6.052632e+07
<GCONST> 7.863735e+01
<STATE> 13
<NUMMIXES> 3
<MIXTURE> 1 1.968978e-01
<MEAN> 6
 8.379970e+01 -4.337116e+02 1.309620e+03 -3.141081e+00 -1.253290e+00 -4.090965e+00
<VARIANCE> 6
 3.793099e+01 1.309607e+04 6.638177e+04 2.998645e+02 4.044808e+04 5.191738e+07
<GCONST> 6.932254e+01
<MIXTURE> 2 2.804415e-01
<MEAN> 6
 6.065292e+01 2.626627e+02 -1.654833e+02 -1.431945e+02 -1.532234e+03 -5.928652e+03
<VARIANCE> 6
 1.296060e+02 6.240797e+05 9.625697e+04 8.439598e+03 6.200375e+05 2.846056e+08
<GCONST> 8.255541e+01
<MIXTURE> 3 5.226624e-01
<MEAN> 6
 7.397589e+01 -4.277741e+02 9.264455e+02 -7.571356e-01 -9.138558e+00 -7.774773e+01
<VARIANCE> 6
 3.171274e+01 1.309607e+04 1.715737e+04 2.998645e+02 4.044808e+04 5.191738e+07
<GCONST> 6.779050e+01
<STATE> 14
<NUMMIXES> 3
<MIXTURE> 1 3.941913e-01
<MEAN> 6
 3.782476e+01 -4.036172e+01 8.840430e+01 1.904545e+01 -5.458341e+01 -3.332642e+02
<VARIANCE> 6
 3.293746e+03 1.165760e+06 7.222247e+05 2.067361e+04 3.883396e+05 6.940730e+07
<GCONST> 8.744778e+01
<MIXTURE> 2 3.550322e-02
<MEAN> 6
 8.193280e+00 1.277816e+02 9.598342e+01 -5.411629e+01 3.833833e+01 7.385192e+03
<VARIANCE> 6
 8.744760e+03 6.745084e+05 5.472358e+05 9.769778e+05 5.197206e+08 7.617650e+11
<GCONST> 1.079578e+02
<MIXTURE> 3 5.703282e-01
<MEAN> 6
 2.345278e+01 -2.102324e+01 9.257138e+00 -7.334229e+00 5.274907e+01 -1.241568e+02
<VARIANCE> 6
 3.177737e+03 2.199562e+05 1.084565e+05 3.066819e+04 8.561585e+05 2.219573e+08
<GCONST> 8.619566e+01
<TRANSP> 15
 0.000000e+00 1.000000e+00 0.000000e+00 0.000000e+00 0.000000e+00 0.000000e+00 0.000000e+00 0.000000e+00 0.000000e+00 0.000000e+00 0.000000e+00 0.000000e+00 0.000000e+00 0.000000e+00 0.000000e+00
 0.000000e+00 9.999159e-01 8.413105e-05 0.000000e+00 0.000000e+00 0.000000e+00 0.000000e+00 0.000000e+00 0.000000e+00 0.000000e+00 0.000000e+00 0.000000e+00 0.000000e+00 0.000000e+00 0.000000e+00
 0.000000e+00 0.000000e+00 9.946380e-01 5.362028e-03 0.000000e+00 0.000000e+00 0.000000e+00 0.000000e+00 0.000000e+00 0.000000e+00 0.000000e+00 0.000000e+00 0.000000e+00 0.000000e+00 0.000000e+00
 0.000000e+00 0.000000e+00 0.000000e+00 9.966103e-01 3.389686e-03 0.000000e+00 0.000000e+00 0.000000e+00 0.000000e+00 0.000000e+00 0.000000e+00 0.000000e+00 0.000000e+00 0.000000e+00 0.000000e+00
 0.000000e+00 0.000000e+00 0.000000e+00 0.000000e+00 9.922361e-01 7.763945e-03 0.000000e+00 0.000000e+00 0.000000e+00 0.000000e+00 0.000000e+00 0.000000e+00 0.000000e+00 0.000000e+00 0.000000e+00
 0.000000e+00 0.000000e+00 0.000000e+00 0.000000e+00 0.000000e+00 9.986237e-01 1.376305e-03 0.000000e+00 0.000000e+00 0.000000e+00 0.000000e+00 0.000000e+00 0.000000e+00 0.000000e+00 0.000000e+00
 0.000000e+00 0.000000e+00 0.000000e+00 0.000000e+00 0.000000e+00 0.000000e+00 9.991855e-01 8.145065e-04 0.000000e+00 0.000000e+00 0.000000e+00 0.000000e+00 0.000000e+00 0.000000e+00 0.000000e+00
 0.000000e+00 0.000000e+00 0.000000e+00 0.000000e+00 0.000000e+00 0.000000e+00 0.000000e+00 9.969429e-01 3.057120e-03 0.000000e+00 0.000000e+00 0.000000e+00 0.000000e+00 0.000000e+00 0.000000e+00
 0.000000e+00 0.000000e+00 0.000000e+00 0.000000e+00 0.000000e+00 0.000000e+00 0.000000e+00 0.000000e+00 9.973825e-01 2.617549e-03 0.000000e+00 0.000000e+00 0.000000e+00 0.000000e+00 0.000000e+00
 0.000000e+00 0.000000e+00 0.000000e+00 0.000000e+00 0.000000e+00 0.000000e+00 0.000000e+00 0.000000e+00 0.000000e+00 9.982924e-01 1.707533e-03 0.000000e+00 0.000000e+00 0.000000e+00 0.000000e+00
 0.000000e+00 0.000000e+00 0.000000e+00 0.000000e+00 0.000000e+00 0.000000e+00 0.000000e+00 0.000000e+00 0.000000e+00 0.000000e+00 9.956275e-01 4.372511e-03 0.000000e+00 0.000000e+00 0.000000e+00
 0.000000e+00 0.000000e+00 0.000000e+00 0.000000e+00 0.000000e+00 0.000000e+00 0.000000e+00 0.000000e+00 0.000000e+00 0.000000e+00 0.000000e+00 9.765660e-01 2.343398e-02 0.000000e+00 0.000000e+00
 0.000000e+00 0.000000e+00 0.000000e+00 0.000000e+00 0.000000e+00 0.000000e+00 0.000000e+00 0.000000e+00 0.000000e+00 0.000000e+00 0.000000e+00 0.000000e+00 9.958396e-01 4.160431e-03 0.000000e+00
 0.000000e+00 0.000000e+00 0.000000e+00 0.000000e+00 0.000000e+00 0.000000e+00 0.000000e+00 0.000000e+00 0.000000e+00 0.000000e+00 0.000000e+00 0.000000e+00 0.000000e+00 9.999138e-01 8.620045e-05
 0.000000e+00 0.000000e+00 0.000000e+00 0.000000e+00 0.000000e+00 0.000000e+00 0.000000e+00 0.000000e+00 0.000000e+00 0.000000e+00 0.000000e+00 0.000000e+00 0.000000e+00 0.000000e+00 0.000000e+00
<ENDHMM>
