~o
<STREAMINFO> 1 6
<VECSIZE> 6<NULLD><USER><DIAGC>
~h "SegundoPRIMARIA"
<BEGINHMM>
<NUMSTATES> 6
<STATE> 2
<NUMMIXES> 9
<MIXTURE> 1 1.139694e-01
<MEAN> 6
 9.820356e+01 2.704601e+01 1.686227e+02 -6.749492e+00 -5.150806e+01 -3.317013e+02
<VARIANCE> 6
 3.000673e+02 1.715237e+06 6.660786e+05 2.998645e+02 4.044808e+04 5.191738e+07
<GCONST> 7.857176e+01
<MIXTURE> 2 7.621166e-02
<MEAN> 6
 4.738787e+01 -4.367688e+02 -1.878223e+01 -4.418484e+01 -2.946902e+02 3.077130e+03
<VARIANCE> 6
 4.751612e+03 2.595460e+07 1.557192e+06 6.803223e+04 4.548200e+06 2.872663e+09
<GCONST> 9.906024e+01
<MIXTURE> 3 8.158474e-02
<MEAN> 6
 5.737632e+00 3.965950e+01 1.100442e+02 1.448649e+02 1.790873e+02 -2.702932e+03
<VARIANCE> 6
 1.988535e+03 1.734624e+05 5.557631e+05 2.304358e+04 2.030130e+05 5.191738e+07
<GCONST> 8.394556e+01
<MIXTURE> 4 1.143607e-01
<MEAN> 6
 -6.579559e+01 5.785899e+01 -1.561819e+02 -1.270899e-01 2.182764e+02 3.916824e+02
<VARIANCE> 6
 3.011709e+02 3.792471e+05 1.078242e+06 1.306472e+03 8.153001e+04 5.191738e+07
<GCONST> 7.972070e+01
<MIXTURE> 5 9.809330e-02
<MEAN> 6
 8.273986e+01 -3.483230e+01 1.689698e+02 1.287036e+00 -6.003561e+02 6.175689e+02
<VARIANCE> 6
 7.571771e+02 4.333969e+05 9.086446e+05 2.953205e+04 3.645360e+05 1.907180e+08
<GCONST> 8.652190e+01
<MIXTURE> 6 1.421773e-01
<MEAN> 6
 -4.499982e+01 -1.426948e+02 -1.756361e+00 -1.279543e+01 1.039213e+03 -3.686419e+02
<VARIANCE> 6
 6.016349e+02 4.147306e+05 9.320773e+05 4.446699e+04 5.415571e+05 3.073240e+08
<GCONST> 8.755559e+01
<MIXTURE> 7 1.907345e-01
<MEAN> 6
 7.178056e+01 5.335031e+01 -2.196187e+02 1.657370e+00 -1.817386e+01 -7.967254e+01
<VARIANCE> 6
 1.091709e+02 5.010170e+05 1.805856e+06 2.998645e+02 4.044808e+04 5.191738e+07
<GCONST> 7.732739e+01
<MIXTURE> 8 8.838541e-02
<MEAN> 6
 3.219479e+01 -1.455556e+02 -9.598988e+01 4.020967e+00 -1.550434e+02 1.827136e+02
<VARIANCE> 6
 1.374249e+03 2.185490e+05 3.865590e+05 5.121995e+04 1.638091e+05 5.191738e+07
<GCONST> 8.402823e+01
<MIXTURE> 9 9.421825e-02
<MEAN> 6
 6.524259e+01 -1.583647e+02 -4.999103e+01 -6.563875e+01 -8.769458e+02 -3.449186e+02
<VARIANCE> 6
 9.377524e+02 3.975324e+05 1.154844e+06 4.733378e+04 3.891182e+05 1.749640e+08
<GCONST> 8.733997e+01
<STATE> 3
<NUMMIXES> 9
<MIXTURE> 1 1.294387e-01
<MEAN> 6
 1.193184e+02 1.062424e+03 1.177884e+03 -3.738129e+00 2.189702e-01 -5.761563e+00
<VARIANCE> 6
 7.668037e+01 1.205939e+06 6.283641e+05 2.998645e+02 4.044808e+04 5.191738e+07
<GCONST> 7.679683e+01
<MIXTURE> 2 7.588208e-02
<MEAN> 6
 7.503320e+01 1.045474e+03 5.781237e+02 -3.252899e-01 -2.046586e+00 -1.277147e+02
<VARIANCE> 6
 3.171274e+01 1.265336e+05 1.484761e+04 2.998645e+02 4.044808e+04 5.191738e+07
<GCONST> 6.991411e+01
<MIXTURE> 3 1.706754e-01
<MEAN> 6
 9.353613e+01 -1.055171e+02 3.742664e+02 -1.673089e+00 -1.693761e+00 -3.122700e+01
<VARIANCE> 6
 3.171274e+01 3.320136e+04 2.325027e+05 2.998645e+02 4.044808e+04 5.191738e+07
<GCONST> 7.132726e+01
<MIXTURE> 4 6.179787e-02
<MEAN> 6
 9.997163e+01 -3.108308e+03 -1.165018e+02 -3.867302e+00 -3.061356e+00 -1.653149e+02
<VARIANCE> 6
 3.171274e+01 6.163235e+05 1.798970e+04 2.998645e+02 4.044808e+04 5.191738e+07
<GCONST> 7.168933e+01
<MIXTURE> 5 1.452928e-01
<MEAN> 6
 8.307460e+01 5.908268e+02 -6.346857e+02 -2.022899e+00 -2.863096e-01 -6.895348e+01
<VARIANCE> 6
 3.198826e+01 2.177461e+06 1.430573e+05 2.998645e+02 4.044808e+04 5.191738e+07
<GCONST> 7.503357e+01
<MIXTURE> 6 9.769310e-02
<MEAN> 6
 9.130373e+01 -2.739332e+02 -3.129750e+01 -1.869426e+00 4.141309e-01 -3.950219e+01
<VARIANCE> 6
 3.171274e+01 1.157102e+05 1.140228e+05 2.998645e+02 4.044808e+04 5.191738e+07
<GCONST> 7.186325e+01
<MIXTURE> 7 1.119540e-01
<MEAN> 6
 8.997902e+01 7.003765e+02 3.090076e+02 -1.866203e+00 -2.162377e+00 -5.569367e+01
<VARIANCE> 6
 4.783496e+01 1.311411e+05 1.835421e+04 2.998645e+02 4.044808e+04 5.191738e+07
<GCONST> 7.057294e+01
<MIXTURE> 8 9.380639e-02
<MEAN> 6
 9.350352e+01 -4.434874e+02 -4.335899e+02 -1.860962e-01 -3.444119e+00 -1.253271e+02
<VARIANCE> 6
 3.171274e+01 4.601479e+04 5.339024e+04 2.998645e+02 4.044808e+04 5.191738e+07
<GCONST> 7.018236e+01
<MIXTURE> 9 1.133890e-01
<MEAN> 6
 8.765009e+01 5.088372e+02 3.094526e+02 -9.828891e-01 1.125551e+00 -8.011396e+01
<VARIANCE> 6
 3.171274e+01 1.515030e+05 2.158196e+04 2.998645e+02 4.044808e+04 5.191738e+07
<GCONST> 7.046823e+01
<STATE> 4
<NUMMIXES> 9
<MIXTURE> 1 1.129746e-01
<MEAN> 6
 7.765245e+01 1.439003e+02 -3.220951e+02 -3.415475e-01 -6.130770e+00 -9.849544e+01
<VARIANCE> 6
 3.171274e+01 1.309607e+04 7.301088e+04 2.998645e+02 4.044808e+04 5.191738e+07
<GCONST> 6.923868e+01
<MIXTURE> 2 1.653632e-01
<MEAN> 6
 7.355576e+01 6.569033e+01 1.335636e+02 9.411102e-01 -3.274231e+00 -1.169581e+02
<VARIANCE> 6
 3.171274e+01 5.082266e+04 1.362684e+04 2.998645e+02 4.044808e+04 5.191738e+07
<GCONST> 6.891614e+01
<MIXTURE> 3 9.288327e-02
<MEAN> 6
 6.508183e+01 5.487739e+02 -1.689344e+02 -7.996827e-02 -1.848436e+00 -1.558617e+02
<VARIANCE> 6
 3.171274e+01 1.460927e+05 1.362684e+04 2.998645e+02 4.044808e+04 5.191738e+07
<GCONST> 6.997205e+01
<MIXTURE> 4 5.881522e-02
<MEAN> 6
 6.232371e+01 -3.979809e+02 -5.394766e+02 8.533772e-01 2.045298e+00 -1.495856e+01
<VARIANCE> 6
 3.171274e+01 1.677786e+04 2.683565e+05 2.998645e+02 4.044808e+04 5.191738e+07
<GCONST> 7.078813e+01
<MIXTURE> 5 8.535668e-02
<MEAN> 6
 7.436483e+01 4.264982e+01 -1.958132e+02 -2.218693e-01 -4.082897e+00 -1.199639e+02
<VARIANCE> 6
 4.020603e+01 1.309607e+04 3.002642e+04 2.998645e+02 4.044808e+04 5.191738e+07
<GCONST> 6.858745e+01
<MIXTURE> 6 1.606728e-01
<MEAN> 6
 6.283623e+01 -2.405805e+02 -2.910423e+02 2.610534e-01 -6.428314e-01 -1.163868e+02
<VARIANCE> 6
 4.515802e+01 2.372765e+05 1.599227e+04 2.998645e+02 4.044808e+04 5.191738e+07
<GCONST> 7.097054e+01
<MIXTURE> 7 1.377757e-01
<MEAN> 6
 6.905931e+01 -2.797364e+02 2.795127e+02 2.262603e-01 -2.586540e+00 -1.302327e+02
<VARIANCE> 6
 3.171274e+01 4.095144e+04 1.542974e+04 2.998645e+02 4.044808e+04 5.191738e+07
<GCONST> 6.882445e+01
<MIXTURE> 8 8.993332e-02
<MEAN> 6
 6.490079e+01 2.369453e+02 -1.978407e+02 1.682595e-01 -2.334171e+00 -1.271267e+02
<VARIANCE> 6
 3.171274e+01 2.103121e+05 1.362684e+04 2.998645e+02 4.044808e+04 5.191738e+07
<GCONST> 7.033640e+01
<MIXTURE> 9 9.611035e-02
<MEAN> 6
 7.078802e+01 6.259773e+00 -2.505001e+02 1.880153e-01 -2.839216e+00 -1.235182e+02
<VARIANCE> 6
 3.784444e+01 1.309607e+04 1.779166e+04 2.998645e+02 4.044808e+04 5.191738e+07
<GCONST> 6.800357e+01
<STATE> 5
<NUMMIXES> 9
<MIXTURE> 1 8.351732e-03
<MEAN> 6
 1.285954e+01 -1.731586e+02 1.569965e+02 4.063581e+01 -5.915672e+02 5.320088e+03
<VARIANCE> 6
 9.331899e+03 1.437096e+06 1.772830e+06 1.038586e+06 5.632056e+08 8.146221e+11
<GCONST> 1.101632e+02
<MIXTURE> 2 1.373829e-01
<MEAN> 6
 7.338192e-01 8.800162e+01 2.668672e+01 1.231765e+02 3.069745e+02 -3.734060e+03
<VARIANCE> 6
 5.912542e+02 2.000339e+05 4.626671e+04 4.740147e+04 2.392474e+05 7.843328e+07
<GCONST> 8.168735e+01
<MIXTURE> 3 1.011996e-01
<MEAN> 6
 8.657784e+01 -2.202196e+01 8.531664e+01 1.423283e+01 -9.778819e+02 -1.023549e+03
<VARIANCE> 6
 9.762959e+02 7.738767e+05 4.850099e+05 4.603051e+04 2.388235e+06 1.310306e+09
<GCONST> 9.097878e+01
<MIXTURE> 4 1.699796e-01
<MEAN> 6
 9.507614e+01 -8.905834e+01 -7.816463e+01 -5.224742e+00 -2.835755e+01 -2.489562e+02
<VARIANCE> 6
 2.639690e+02 4.395534e+05 1.349472e+05 2.998645e+02 4.044808e+04 5.191738e+07
<GCONST> 7.548552e+01
<MIXTURE> 5 1.214780e-01
<MEAN> 6
 -3.460361e+01 -1.550569e+01 -3.700009e+00 -1.367448e+02 1.280150e+03 3.919210e+03
<VARIANCE> 6
 8.335189e+02 2.328026e+05 3.080703e+05 5.417569e+04 1.379358e+06 8.994269e+08
<GCONST> 8.840334e+01
<MIXTURE> 6 1.461162e-01
<MEAN> 6
 7.185952e+01 6.944376e+01 4.967570e+01 5.520155e+01 -4.653800e+02 -1.155391e+03
<VARIANCE> 6
 6.245521e+02 1.889102e+05 1.053321e+05 3.158099e+04 1.831383e+05 5.211053e+07
<GCONST> 8.142538e+01
<MIXTURE> 7 8.762240e-02
<MEAN> 6
 -4.545722e+01 1.512018e+02 6.032588e+01 5.861994e+01 7.585472e+02 1.326508e+03
<VARIANCE> 6
 1.781786e+02 1.882484e+05 6.429609e+04 1.151925e+04 2.838877e+05 5.387593e+07
<GCONST> 7.913712e+01
<MIXTURE> 8 1.391116e-01
<MEAN> 6
 6.786236e+01 -1.543511e+01 2.372123e+01 -1.036477e+02 -8.897364e+02 1.908422e+03
<VARIANCE> 6
 9.459682e+02 8.813734e+04 6.296794e+04 4.333604e+04 4.395778e+05 1.920568e+08
<GCONST> 8.306011e+01
<MIXTURE> 9 8.800703e-02
<MEAN> 6
 -5.650806e+01 -1.821339e+01 -4.310847e+01 5.589501e+00 4.174804e+02 -6.469459e+02
<VARIANCE> 6
 2.246511e+02 1.658057e+05 1.070665e+05 3.469424e+03 1.746900e+05 6.001554e+07
<GCONST> 7.817421e+01
<TRANSP> 6
 0.000000e+00 1.000000e+00 0.000000e+00 0.000000e+00 0.000000e+00 0.000000e+00
 0.000000e+00 9.998493e-01 1.506757e-04 0.000000e+00 0.000000e+00 0.000000e+00
 0.000000e+00 0.000000e+00 9.992720e-01 7.279768e-04 0.000000e+00 0.000000e+00
 0.000000e+00 0.000000e+00 0.000000e+00 9.994984e-01 5.016148e-04 0.000000e+00
 0.000000e+00 0.000000e+00 0.000000e+00 0.000000e+00 9.999396e-01 6.041418e-05
 0.000000e+00 0.000000e+00 0.000000e+00 0.000000e+00 0.000000e+00 0.000000e+00
<ENDHMM>
~h "SegundoESO"
<BEGINHMM>
<NUMSTATES> 6
<STATE> 2
<NUMMIXES> 9
<MIXTURE> 1 1.513118e-01
<MEAN> 6
 8.588741e+01 -9.866724e+02 1.670608e+03 -3.877866e+00 -3.743842e+01 -7.653704e+00
<VARIANCE> 6
 1.760870e+02 3.018611e+07 1.810808e+07 2.998645e+02 4.044808e+04 5.191738e+07
<GCONST> 8.420927e+01
<MIXTURE> 2 4.027108e-02
<MEAN> 6
 4.592515e+01 3.037209e+02 1.345173e+03 -6.248947e+01 -5.584511e+02 1.942349e+03
<VARIANCE> 6
 2.184777e+03 2.003602e+07 2.377619e+07 5.696816e+04 1.353044e+06 4.839208e+08
<GCONST> 9.757932e+01
<MIXTURE> 3 1.330552e-01
<MEAN> 6
 -8.374647e+00 8.778960e+01 -3.232469e+02 -6.498255e+00 1.900176e+02 -1.262847e+02
<VARIANCE> 6
 1.097102e+03 2.100673e+07 1.552628e+06 2.956238e+04 1.287016e+05 5.191738e+07
<GCONST> 8.896819e+01
<MIXTURE> 4 9.398197e-02
<MEAN> 6
 7.484127e+01 4.579244e+02 -8.620638e+02 5.104511e-01 -1.835533e+01 -1.150523e+02
<VARIANCE> 6
 3.171274e+01 1.401360e+06 7.705474e+06 2.998645e+02 4.044808e+04 5.191738e+07
<GCONST> 7.857065e+01
<MIXTURE> 5 1.455049e-01
<MEAN> 6
 5.039916e+01 8.338059e+02 -1.899073e+03 4.871675e+01 -2.200766e+02 -4.461452e+02
<VARIANCE> 6
 1.026886e+03 7.586568e+06 3.899585e+06 2.230176e+04 8.227623e+04 5.191738e+07
<GCONST> 8.807524e+01
<MIXTURE> 6 1.157963e-01
<MEAN> 6
 -3.834547e+01 2.231703e+02 1.455087e+03 -1.031825e+01 9.897654e+02 -9.055884e+01
<VARIANCE> 6
 4.839496e+02 1.420796e+06 5.570068e+06 4.786557e+04 4.085666e+05 1.822641e+08
<GCONST> 8.962642e+01
<MIXTURE> 7 1.471665e-01
<MEAN> 6
 7.244829e+01 -3.204389e+02 1.126625e+03 -1.235201e+01 -6.901755e+02 2.310461e+02
<VARIANCE> 6
 4.955151e+02 8.549421e+05 4.651595e+06 3.042314e+04 1.736335e+05 5.191738e+07
<GCONST> 8.639720e+01
<MIXTURE> 8 8.117676e-02
<MEAN> 6
 -5.923525e+01 -7.267239e+01 7.907819e+02 1.870160e+01 2.902955e+02 -1.498205e+02
<VARIANCE> 6
 1.027168e+02 1.129722e+06 3.777756e+06 1.710569e+03 1.213044e+05 5.191738e+07
<GCONST> 8.165717e+01
<MIXTURE> 9 9.153527e-02
<MEAN> 6
 7.508549e+01 -1.274234e+02 -3.118749e+03 -3.102056e-01 -1.366050e+01 -1.147946e+02
<VARIANCE> 6
 3.171274e+01 1.191800e+06 1.991915e+07 2.998645e+02 4.044808e+04 5.191738e+07
<GCONST> 7.935841e+01
<STATE> 3
<NUMMIXES> 9
<MIXTURE> 1 9.429349e-02
<MEAN> 6
 7.844205e+01 3.574933e+02 4.869528e+02 -4.229933e-01 -1.503141e+00 -4.697214e+01
<VARIANCE> 6
 3.171274e+01 3.885592e+04 2.460565e+05 2.998645e+02 4.044808e+04 5.191738e+07
<GCONST> 7.154118e+01
<MIXTURE> 2 8.049022e-02
<MEAN> 6
 9.232939e+01 1.926725e+02 -1.970397e+03 -6.094022e+00 4.975955e+00 1.153515e+01
<VARIANCE> 6
 3.171274e+01 9.434451e+04 1.644764e+06 2.998645e+02 4.044808e+04 5.191738e+07
<GCONST> 7.432806e+01
<MIXTURE> 3 1.120045e-01
<MEAN> 6
 7.495972e+01 5.919099e+02 -7.567176e+02 -8.508912e-01 -3.961461e+00 -6.701591e+01
<VARIANCE> 6
 3.171274e+01 2.439967e+05 1.362684e+04 2.998645e+02 4.044808e+04 5.191738e+07
<GCONST> 7.048495e+01
<MIXTURE> 4 8.810200e-02
<MEAN> 6
 5.790217e+01 4.592885e+02 -3.664317e+03 2.374262e-02 -1.930845e+00 -6.954203e+01
<VARIANCE> 6
 3.171274e+01 6.183613e+04 1.171060e+06 2.998645e+02 4.044808e+04 5.191738e+07
<GCONST> 7.356592e+01
<MIXTURE> 5 1.557565e-01
<MEAN> 6
 7.199834e+01 -3.565513e+02 1.291826e+03 -1.826744e+00 -6.555266e-01 -1.065208e+02
<VARIANCE> 6
 4.642884e+01 6.488999e+04 3.619313e+05 2.998645e+02 4.044808e+04 5.191738e+07
<GCONST> 7.282111e+01
<MIXTURE> 6 1.620191e-01
<MEAN> 6
 6.217901e+01 4.213570e+02 -1.078559e+03 -3.684982e-01 -1.379093e+00 -7.654372e+01
<VARIANCE> 6
 3.171274e+01 6.606150e+05 1.301926e+05 2.998645e+02 4.044808e+04 5.191738e+07
<GCONST> 7.373795e+01
<MIXTURE> 7 9.755261e-02
<MEAN> 6
 6.791739e+01 5.734192e+01 -2.002435e+03 -6.185456e-01 2.728225e+00 -7.506821e+01
<VARIANCE> 6
 6.115231e+01 3.001463e+04 9.915509e+04 2.998645e+02 4.044808e+04 5.191738e+07
<GCONST> 7.103078e+01
<MIXTURE> 8 1.137208e-01
<MEAN> 6
 7.106294e+01 -8.040342e+00 -5.932838e+02 -9.544903e-01 -3.718470e+00 -1.044344e+02
<VARIANCE> 6
 3.171274e+01 1.662233e+05 1.983045e+04 2.998645e+02 4.044808e+04 5.191738e+07
<GCONST> 7.047632e+01
<MIXTURE> 9 9.598975e-02
<MEAN> 6
 7.785284e+01 2.500737e+02 9.157129e+01 -1.231304e+00 -3.038912e+00 -6.664485e+01
<VARIANCE> 6
 3.171274e+01 2.156137e+04 2.886409e+05 2.998645e+02 4.044808e+04 5.191738e+07
<GCONST> 7.111185e+01
<STATE> 4
<NUMMIXES> 9
<MIXTURE> 1 1.537350e-01
<MEAN> 6
 7.169706e+01 7.034790e+01 3.034073e+02 -4.661143e-01 -4.759852e+00 -7.722764e+01
<VARIANCE> 6
 3.171274e+01 2.679243e+05 1.362684e+04 2.998645e+02 4.044808e+04 5.191738e+07
<GCONST> 7.057851e+01
<MIXTURE> 2 8.503927e-02
<MEAN> 6
 6.809582e+01 9.144719e+02 6.575441e+01 -5.414267e-01 -6.202915e+00 -1.317197e+02
<VARIANCE> 6
 3.171274e+01 3.248941e+05 1.362684e+04 2.998645e+02 4.044808e+04 5.191738e+07
<GCONST> 7.077130e+01
<MIXTURE> 3 8.147547e-02
<MEAN> 6
 8.316161e+01 -7.309657e+02 1.430150e+02 -5.691962e-01 -6.001431e+00 -1.051219e+02
<VARIANCE> 6
 3.171274e+01 2.778389e+04 3.818662e+04 2.998645e+02 4.044808e+04 5.191738e+07
<GCONST> 6.934270e+01
<MIXTURE> 4 1.196524e-01
<MEAN> 6
 6.078402e+01 6.711797e+02 -3.273520e+02 3.037129e-01 -2.416578e+00 -1.481672e+02
<VARIANCE> 6
 3.171274e+01 2.850570e+06 1.748003e+04 2.998645e+02 4.044808e+04 5.191738e+07
<GCONST> 7.319209e+01
<MIXTURE> 5 1.298515e-01
<MEAN> 6
 6.393931e+01 -3.443994e+02 1.517579e+02 -1.622490e-01 -1.741349e+00 -1.028007e+02
<VARIANCE> 6
 3.171274e+01 4.098444e+05 1.795882e+04 2.998645e+02 4.044808e+04 5.191738e+07
<GCONST> 7.127962e+01
<MIXTURE> 6 1.371527e-01
<MEAN> 6
 6.458354e+01 2.984548e+02 -1.404337e+02 3.416664e-01 -5.976388e+00 -1.260143e+02
<VARIANCE> 6
 3.171274e+01 6.662593e+04 1.378587e+04 2.998645e+02 4.044808e+04 5.191738e+07
<GCONST> 6.919850e+01
<MIXTURE> 7 1.254532e-01
<MEAN> 6
 6.279172e+01 -1.560083e+02 -1.492393e+02 1.262762e-01 -1.897076e+00 -1.272942e+02
<VARIANCE> 6
 3.171274e+01 1.665982e+05 2.991507e+04 2.998645e+02 4.044808e+04 5.191738e+07
<GCONST> 7.088971e+01
<MIXTURE> 8 9.121327e-02
<MEAN> 6
 6.024258e+01 2.892923e+02 6.019054e+01 -3.986085e-02 -3.150819e-01 -1.146280e+02
<VARIANCE> 6
 3.171274e+01 2.637109e+05 1.362684e+04 2.998645e+02 4.044808e+04 5.191738e+07
<GCONST> 7.056265e+01
<MIXTURE> 9 7.624629e-02
<MEAN> 6
 8.187647e+01 -8.107513e+02 1.737689e+01 -1.114332e+00 -7.281974e+00 -1.118332e+02
<VARIANCE> 6
 3.171274e+01 8.804057e+04 7.206938e+04 2.998645e+02 4.044808e+04 5.191738e+07
<GCONST> 7.113118e+01
<STATE> 5
<NUMMIXES> 9
<MIXTURE> 1 8.480834e-02
<MEAN> 6
 8.182352e+01 7.000905e+01 2.070186e+02 -5.105386e+00 -3.170060e+01 4.593394e+01
<VARIANCE> 6
 1.499197e+02 8.024322e+05 1.134073e+06 2.998645e+02 4.044808e+04 5.191738e+07
<GCONST> 7.765036e+01
<MIXTURE> 2 6.487816e-02
<MEAN> 6
 2.063492e+01 -2.750649e+02 -2.488646e-01 -1.099546e+02 -3.851675e+01 4.740116e+03
<VARIANCE> 6
 2.782622e+03 3.741408e+06 2.335831e+06 4.032513e+04 2.070565e+06 7.377316e+08
<GCONST> 9.432442e+01
<MIXTURE> 3 1.511811e-01
<MEAN> 6
 -3.760124e+01 8.718516e+01 3.006780e+01 2.557361e+00 8.990704e+02 -5.312087e+02
<VARIANCE> 6
 2.535575e+02 4.569467e+05 2.316079e+05 3.034868e+04 3.173309e+05 1.722530e+08
<GCONST> 8.390066e+01
<MIXTURE> 4 1.607122e-01
<MEAN> 6
 6.198515e+01 -3.257582e+01 4.617206e+01 5.454137e+01 -4.683628e+02 -6.614435e+02
<VARIANCE> 6
 2.705535e+02 7.425147e+05 5.460314e+05 1.923600e+04 9.464070e+04 5.191738e+07
<GCONST> 8.244351e+01
<MIXTURE> 5 9.824626e-02
<MEAN> 6
 1.072811e+01 1.198630e+02 1.221986e+02 6.215271e+00 -2.297532e+01 2.918809e+02
<VARIANCE> 6
 5.560803e+02 3.184171e+05 8.011742e+05 4.046893e+04 6.897466e+04 5.191738e+07
<GCONST> 8.312808e+01
<MIXTURE> 6 1.116386e-01
<MEAN> 6
 -5.292767e+01 -2.365065e+00 4.293772e+01 2.299794e+01 4.046126e+02 -1.109015e+02
<VARIANCE> 6
 1.539377e+02 3.621407e+05 6.047452e+05 2.345859e+03 1.185823e+05 5.191738e+07
<GCONST> 7.938510e+01
<MIXTURE> 7 1.146728e-01
<MEAN> 6
 6.935465e+01 1.280259e+01 3.828251e+01 -6.024925e+01 -8.439141e+02 4.965514e+02
<VARIANCE> 6
 3.312172e+02 6.312510e+05 1.173764e+05 2.105146e+04 2.976940e+05 1.413212e+08
<GCONST> 8.318373e+01
<MIXTURE> 8 1.255255e-01
<MEAN> 6
 5.608202e+00 -8.177077e+01 -1.130933e+01 2.344121e+01 2.295360e+01 -1.329170e+03
<VARIANCE> 6
 4.008268e+02 5.093204e+05 1.150354e+05 4.360113e+04 1.102497e+05 6.059847e+07
<GCONST> 8.202774e+01
<MIXTURE> 9 8.705086e-02
<MEAN> 6
 7.916862e+01 -2.420790e+02 3.308860e+01 -5.554008e+00 -3.990147e+01 -9.014319e+01
<VARIANCE> 6
 1.163030e+02 1.158914e+06 4.071049e+05 2.998645e+02 4.044808e+04 5.191738e+07
<GCONST> 7.673955e+01
<TRANSP> 6
 0.000000e+00 1.000000e+00 0.000000e+00 0.000000e+00 0.000000e+00 0.000000e+00
 0.000000e+00 9.997535e-01 2.465407e-04 0.000000e+00 0.000000e+00 0.000000e+00
 0.000000e+00 0.000000e+00 9.993272e-01 6.728002e-04 0.000000e+00 0.000000e+00
 0.000000e+00 0.000000e+00 0.000000e+00 9.996208e-01 3.791589e-04 0.000000e+00
 0.000000e+00 0.000000e+00 0.000000e+00 0.000000e+00 9.999477e-01 5.233864e-05
 0.000000e+00 0.000000e+00 0.000000e+00 0.000000e+00 0.000000e+00 0.000000e+00
<ENDHMM>
~h "QuintoPRIMARIA"
<BEGINHMM>
<NUMSTATES> 6
<STATE> 2
<NUMMIXES> 9
<MIXTURE> 1 8.327624e-02
<MEAN> 6
 7.275277e+01 1.361119e+02 6.044708e+02 -1.088041e+00 -3.321737e+01 -1.817768e+02
<VARIANCE> 6
 2.374587e+02 1.739454e+05 5.896098e+06 2.998645e+02 4.044808e+04 5.191738e+07
<GCONST> 7.822983e+01
<MIXTURE> 2 1.363858e-01
<MEAN> 6
 1.534850e+01 -2.107566e+01 -6.134123e+02 -4.618812e+01 -9.501501e+01 1.202879e+03
<VARIANCE> 6
 2.708512e+03 6.859311e+05 8.870635e+06 3.878812e+04 1.166958e+06 3.082742e+08
<GCONST> 9.245049e+01
<MIXTURE> 3 1.293880e-01
<MEAN> 6
 -2.806757e+01 5.026155e-01 -1.272161e+01 -1.450797e+01 8.257623e+02 -3.567563e+02
<VARIANCE> 6
 4.570703e+02 4.027543e+04 4.995084e+04 3.336131e+04 5.367410e+05 2.528390e+08
<GCONST> 8.153108e+01
<MIXTURE> 4 1.152901e-01
<MEAN> 6
 3.705841e+01 -4.395620e+00 8.254076e+01 5.770801e-01 -1.259971e+00 -1.378033e+02
<VARIANCE> 6
 2.788393e+03 1.309607e+04 3.834711e+04 2.998645e+02 4.044808e+04 5.191738e+07
<GCONST> 7.307126e+01
<MIXTURE> 5 1.176643e-01
<MEAN> 6
 5.862786e+01 6.922808e+01 2.279469e+01 2.294616e+01 -3.873804e+02 -8.310648e+02
<VARIANCE> 6
 6.030875e+02 6.493252e+04 2.450176e+04 2.114544e+04 1.760855e+05 5.191738e+07
<GCONST> 7.842000e+01
<MIXTURE> 6 6.708327e-02
<MEAN> 6
 5.077728e+01 3.317806e+01 2.841849e+00 -1.856690e+01 -7.227831e+02 1.614792e+03
<VARIANCE> 6
 1.353164e+03 4.916044e+04 4.417067e+04 4.998662e+04 1.156396e+06 7.456653e+08
<GCONST> 8.494624e+01
<MIXTURE> 7 1.336109e-01
<MEAN> 6
 -4.142617e+01 -6.555576e+01 4.275476e+01 5.612873e+01 4.222251e+02 -5.755630e+02
<VARIANCE> 6
 5.517396e+02 9.398389e+04 1.022998e+06 9.831225e+03 1.180508e+05 5.191738e+07
<GCONST> 8.126682e+01
<MIXTURE> 8 1.298814e-01
<MEAN> 6
 4.391476e+01 -6.329329e+01 -2.177562e+01 -1.559036e+00 -3.820359e+02 -1.536875e+02
<VARIANCE> 6
 7.147525e+02 6.324519e+04 1.795586e+05 2.735303e+04 1.867783e+05 5.191738e+07
<GCONST> 8.087165e+01
<MIXTURE> 9 8.691594e-02
<MEAN> 6
 6.517615e+01 -1.140221e+02 -5.036229e+02 1.916952e-01 -3.468698e+01 -9.333447e+01
<VARIANCE> 6
 1.169808e+02 2.170226e+05 2.625934e+06 2.998645e+02 4.044808e+04 5.191738e+07
<GCONST> 7.693425e+01
<STATE> 3
<NUMMIXES> 9
<MIXTURE> 1 1.279538e-01
<MEAN> 6
 6.594810e+01 1.493620e+03 1.638352e+03 7.795069e-01 -3.510474e+00 -6.801746e+01
<VARIANCE> 6
 9.684153e+01 4.215528e+05 3.433022e+05 2.998645e+02 4.044808e+04 5.191738e+07
<GCONST> 7.537468e+01
<MIXTURE> 2 1.434495e-01
<MEAN> 6
 6.585440e+01 1.273639e+03 -8.448433e+02 1.578712e-01 -3.980335e+00 -8.595087e+01
<VARIANCE> 6
 3.171274e+01 4.845062e+04 2.942660e+05 2.998645e+02 4.044808e+04 5.191738e+07
<GCONST> 7.194080e+01
<MIXTURE> 3 1.493888e-01
<MEAN> 6
 8.108781e+01 -5.771419e+02 2.134772e+03 -1.394236e+00 -2.646332e+00 -1.774212e+01
<VARIANCE> 6
 3.171274e+01 3.476762e+04 6.438094e+05 2.998645e+02 4.044808e+04 5.191738e+07
<GCONST> 7.239185e+01
<MIXTURE> 4 4.231360e-02
<MEAN> 6
 5.712057e+01 -8.770277e+03 -1.989531e+03 -5.278615e-01 -6.172828e+00 -8.400414e+01
<VARIANCE> 6
 3.171274e+01 2.103878e+07 3.212336e+04 2.998645e+02 4.044808e+04 5.191738e+07
<GCONST> 7.579947e+01
<MIXTURE> 5 1.607060e-01
<MEAN> 6
 7.395130e+01 -1.017386e+03 -2.315904e+02 2.473196e-01 -6.469047e+00 -3.929901e+01
<VARIANCE> 6
 3.171274e+01 1.258603e+05 1.327733e+05 2.998645e+02 4.044808e+04 5.191738e+07
<GCONST> 7.209958e+01
<MIXTURE> 6 6.412866e-02
<MEAN> 6
 6.116763e+01 5.128647e+02 -4.892310e+02 3.728010e-01 -4.880198e+00 -8.026219e+01
<VARIANCE> 6
 3.171274e+01 3.326557e+04 2.560392e+05 2.998645e+02 4.044808e+04 5.191738e+07
<GCONST> 7.142561e+01
<MIXTURE> 7 7.965722e-02
<MEAN> 6
 5.156439e+01 -1.068277e+03 3.132483e+02 -3.278524e-01 -3.201731e+00 -1.260281e+02
<VARIANCE> 6
 3.171274e+01 1.309607e+04 1.573585e+05 2.998645e+02 4.044808e+04 5.191738e+07
<GCONST> 7.000659e+01
<MIXTURE> 8 1.501050e-01
<MEAN> 6
 7.422981e+01 -4.809750e+02 7.306043e+02 -5.137591e-01 -6.358186e+00 -6.219210e+01
<VARIANCE> 6
 3.171274e+01 1.309607e+04 1.605706e+05 2.998645e+02 4.044808e+04 5.191738e+07
<GCONST> 7.002681e+01
<MIXTURE> 9 8.224012e-02
<MEAN> 6
 5.653045e+01 5.052258e+02 -1.088737e+03 1.165025e+00 -1.272391e+00 -5.794768e+01
<VARIANCE> 6
 3.171274e+01 1.309607e+04 1.008292e+06 2.998645e+02 4.044808e+04 5.191738e+07
<GCONST> 7.186409e+01
<STATE> 4
<NUMMIXES> 9
<MIXTURE> 1 1.739903e-01
<MEAN> 6
 9.350362e+01 4.721442e+02 7.027997e+02 -2.267889e+00 -1.207883e+00 3.843604e+01
<VARIANCE> 6
 3.341704e+01 9.937102e+04 4.195960e+06 2.998645e+02 4.044808e+04 5.191738e+07
<GCONST> 7.536885e+01
<MIXTURE> 2 1.259592e-01
<MEAN> 6
 8.333144e+01 6.277474e+01 8.471638e+00 -3.123697e+00 -6.295177e-01 5.895115e+01
<VARIANCE> 6
 5.812781e+01 1.309607e+04 1.362684e+04 2.998645e+02 4.044808e+04 5.191738e+07
<GCONST> 6.816603e+01
<MIXTURE> 3 1.805390e-01
<MEAN> 6
 6.283209e+01 7.330231e+01 -2.075797e+02 -1.132244e+00 -2.772772e+00 -5.376331e+01
<VARIANCE> 6
 3.171274e+01 1.766339e+04 6.441850e+04 2.998645e+02 4.044808e+04 5.191738e+07
<GCONST> 6.941266e+01
<MIXTURE> 4 2.612671e-02
<MEAN> 6
 8.699433e+01 -2.710592e+02 -2.397006e+02 -2.959324e+00 1.566347e+00 1.601006e+02
<VARIANCE> 6
 4.785677e+01 2.307794e+04 1.741716e+04 2.998645e+02 4.044808e+04 5.191738e+07
<GCONST> 6.878358e+01
<MIXTURE> 5 9.854124e-02
<MEAN> 6
 8.143963e+01 -3.190968e+02 1.581286e+02 -2.749771e+00 -1.877762e+00 1.293834e+01
<VARIANCE> 6
 3.171274e+01 2.415517e+04 3.853547e+04 2.998645e+02 4.044808e+04 5.191738e+07
<GCONST> 6.921184e+01
<MIXTURE> 6 6.041066e-02
<MEAN> 6
 9.748941e+01 -4.984598e+02 -5.401808e+02 -1.049463e+00 -1.438609e+00 -6.484586e+01
<VARIANCE> 6
 3.234013e+01 1.309607e+04 1.362684e+04 2.998645e+02 4.044808e+04 5.191738e+07
<GCONST> 6.757970e+01
<MIXTURE> 7 1.089299e-01
<MEAN> 6
 6.196951e+01 -1.536097e+02 -2.628788e+02 -5.980464e-01 -4.928987e+00 -7.863190e+01
<VARIANCE> 6
 3.171274e+01 3.642950e+04 7.765775e+04 2.998645e+02 4.044808e+04 5.191738e+07
<GCONST> 7.032346e+01
<MIXTURE> 8 1.148061e-01
<MEAN> 6
 8.438373e+01 -3.151993e+01 -1.570370e+02 -8.495885e-01 -1.476978e+00 6.501693e+00
<VARIANCE> 6
 3.171274e+01 2.159695e+04 2.806787e+04 2.998645e+02 4.044808e+04 5.191738e+07
<GCONST> 6.878294e+01
<MIXTURE> 9 1.105312e-01
<MEAN> 6
 6.188099e+01 -1.944971e+02 -3.306263e+02 -5.228365e-01 -5.390399e+00 -8.637875e+01
<VARIANCE> 6
 3.171274e+01 2.510246e+04 7.091347e+04 2.998645e+02 4.044808e+04 5.191738e+07
<GCONST> 6.986018e+01
<STATE> 5
<NUMMIXES> 9
<MIXTURE> 1 1.005457e-01
<MEAN> 6
 8.733224e+01 4.269149e+02 1.004330e+02 -4.297784e+00 -2.489948e+01 -7.993516e+00
<VARIANCE> 6
 2.087878e+02 2.099862e+06 1.438085e+06 2.998645e+02 4.044808e+04 5.191738e+07
<GCONST> 7.918106e+01
<MIXTURE> 2 1.509570e-02
<MEAN> 6
 -6.254869e+00 1.608424e+02 1.123029e+02 -1.896704e+01 9.734789e+00 3.160698e+03
<VARIANCE> 6
 1.158592e+04 2.001576e+05 4.141373e+05 1.900422e+06 1.038382e+09 1.527289e+12
<GCONST> 1.087987e+02
<MIXTURE> 3 1.181452e-01
<MEAN> 6
 9.570117e+00 6.171001e+01 -2.231725e+02 -1.091568e+02 9.599092e+01 4.101830e+03
<VARIANCE> 6
 4.287459e+03 2.046430e+06 2.138007e+06 5.114052e+04 3.084175e+06 1.453831e+09
<GCONST> 9.537930e+01
<MIXTURE> 4 1.529814e-01
<MEAN> 6
 2.848455e+01 -7.757997e+01 1.946788e+02 6.243278e+01 -2.600470e+02 -1.650748e+03
<VARIANCE> 6
 7.078914e+02 1.166551e+06 8.666176e+05 5.668570e+04 1.741501e+05 5.877815e+07
<GCONST> 8.613370e+01
<MIXTURE> 5 1.525630e-01
<MEAN> 6
 -3.800450e+01 -2.356016e+02 1.706327e+02 4.590192e+01 8.904423e+02 -1.347249e+03
<VARIANCE> 6
 3.951515e+02 4.999223e+05 3.659016e+05 4.269463e+04 3.297006e+05 1.361971e+08
<GCONST> 8.503624e+01
<MIXTURE> 6 1.012637e-01
<MEAN> 6
 8.054245e+01 1.376808e+02 9.280915e+01 1.038228e+01 -5.988993e+02 2.418121e+02
<VARIANCE> 6
 2.520807e+02 5.956254e+05 4.442149e+05 1.772656e+04 3.646697e+05 1.518669e+08
<GCONST> 8.428653e+01
<MIXTURE> 7 1.564814e-01
<MEAN> 6
 8.208987e+01 1.068981e+02 -7.628191e+01 -4.486369e+00 -1.642303e+01 -3.356898e+02
<VARIANCE> 6
 1.105712e+02 3.196369e+05 2.423000e+05 2.998645e+02 4.044808e+04 5.191738e+07
<GCONST> 7.488206e+01
<MIXTURE> 8 1.076975e-01
<MEAN> 6
 -6.410902e+01 1.734537e+02 -6.086901e+01 1.943526e+01 3.936550e+02 2.594214e+02
<VARIANCE> 6
 8.277554e+01 6.412342e+05 6.434209e+05 2.388506e+03 1.451080e+05 5.191738e+07
<GCONST> 7.961792e+01
<MIXTURE> 9 9.454054e-02
<MEAN> 6
 6.888781e+01 -1.367160e+02 -9.190036e+01 -5.141021e+01 -8.860314e+02 -5.571821e+02
<VARIANCE> 6
 3.742439e+02 5.704576e+05 3.303642e+05 3.312603e+04 3.102660e+05 1.205833e+08
<GCONST> 8.457542e+01
<TRANSP> 6
 0.000000e+00 1.000000e+00 0.000000e+00 0.000000e+00 0.000000e+00 0.000000e+00
 0.000000e+00 9.999071e-01 9.291134e-05 0.000000e+00 0.000000e+00 0.000000e+00
 0.000000e+00 0.000000e+00 9.992698e-01 7.302642e-04 0.000000e+00 0.000000e+00
 0.000000e+00 0.000000e+00 0.000000e+00 9.995388e-01 4.611611e-04 0.000000e+00
 0.000000e+00 0.000000e+00 0.000000e+00 0.000000e+00 9.999263e-01 7.375998e-05
 0.000000e+00 0.000000e+00 0.000000e+00 0.000000e+00 0.000000e+00 0.000000e+00
<ENDHMM>
