~o
<STREAMINFO> 1 2
<VECSIZE> 2<NULLD><USER><DIAGC>
~h "SegundoPRIMARIA"
<BEGINHMM>
<NUMSTATES> 5
<STATE> 2
<MEAN> 2
 -4.252776e+01 -3.557074e+01
<VARIANCE> 2
 7.781928e+05 1.374281e+06
<GCONST> 3.137392e+01
<STATE> 3
<MEAN> 2
 2.922956e+01 8.499384e+01
<VARIANCE> 2
 1.464806e+07 6.228013e+05
<GCONST> 3.351756e+01
<STATE> 4
<MEAN> 2
 5.049382e+00 7.611160e-01
<VARIANCE> 2
 2.941251e+05 2.151993e+05
<GCONST> 2.854683e+01
<TRANSP> 5
 0.000000e+00 1.000000e+00 0.000000e+00 0.000000e+00 0.000000e+00
 0.000000e+00 9.997143e-01 2.856929e-04 0.000000e+00 0.000000e+00
 0.000000e+00 0.000000e+00 9.992099e-01 7.900469e-04 0.000000e+00
 0.000000e+00 0.000000e+00 0.000000e+00 9.999548e-01 4.515906e-05
 0.000000e+00 0.000000e+00 0.000000e+00 0.000000e+00 0.000000e+00
<ENDHMM>
~h "SegundoESO"
<BEGINHMM>
<NUMSTATES> 5
<STATE> 2
<MEAN> 2
 -1.008736e+02 2.466076e+02
<VARIANCE> 2
 2.262505e+07 1.255505e+07
<GCONST> 3.695596e+01
<STATE> 3
<MEAN> 2
 2.989092e+02 -5.495853e+02
<VARIANCE> 2
 8.516904e+05 1.012843e+07
<GCONST> 3.346159e+01
<STATE> 4
<MEAN> 2
 -2.364843e+01 3.898253e+01
<VARIANCE> 2
 7.729122e+05 4.814359e+05
<GCONST> 3.031820e+01
<TRANSP> 5
 0.000000e+00 1.000000e+00 0.000000e+00 0.000000e+00 0.000000e+00
 0.000000e+00 9.994116e-01 5.883836e-04 0.000000e+00 0.000000e+00
 0.000000e+00 0.000000e+00 9.995832e-01 4.167367e-04 0.000000e+00
 0.000000e+00 0.000000e+00 0.000000e+00 9.999567e-01 4.333112e-05
 0.000000e+00 0.000000e+00 0.000000e+00 0.000000e+00 0.000000e+00
<ENDHMM>
~h "QuintoPRIMARIA"
<BEGINHMM>
<NUMSTATES> 5
<STATE> 2
<MEAN> 2
 -4.497931e+02 5.822977e+02
<VARIANCE> 2
 6.327636e+06 1.466606e+07
<GCONST> 3.583724e+01
<STATE> 3
<MEAN> 2
 1.946978e+02 -4.462797e+02
<VARIANCE> 2
 2.323809e+06 3.594176e+06
<GCONST> 3.342930e+01
<STATE> 4
<MEAN> 2
 -1.630775e+01 6.651224e+01
<VARIANCE> 2
 4.123516e+05 6.371081e+05
<GCONST> 2.997008e+01
<TRANSP> 5
 0.000000e+00 1.000000e+00 0.000000e+00 0.000000e+00 0.000000e+00
 0.000000e+00 9.992795e-01 7.205014e-04 0.000000e+00 0.000000e+00
 0.000000e+00 0.000000e+00 9.998000e-01 2.000524e-04 0.000000e+00
 0.000000e+00 0.000000e+00 0.000000e+00 9.999533e-01 4.674817e-05
 0.000000e+00 0.000000e+00 0.000000e+00 0.000000e+00 0.000000e+00
<ENDHMM>
