~o
<STREAMINFO> 1 6
<VECSIZE> 6<NULLD><USER><DIAGC>
~h "SegundoPRIMARIA"
<BEGINHMM>
<NUMSTATES> 11
<STATE> 2
<NUMMIXES> 15
<MIXTURE> 1 5.850310e-02
<MEAN> 6
 7.039468e+01 -6.678634e+02 1.659567e+03 -3.135994e-01 -7.586517e+00 -3.820182e+01
<VARIANCE> 6
 1.434863e+02 8.831401e+04 1.648798e+06 2.897276e+02 3.398000e+04 4.206700e+07
<GCONST> 7.535496e+01
<MIXTURE> 2 3.684096e-02
<MEAN> 6
 -1.993459e+01 1.707445e+01 3.154509e+01 -3.627270e+02 1.146793e+03 2.193103e+04
<VARIANCE> 6
 4.731184e+02 3.191418e+05 1.309424e+06 1.044397e+04 1.969744e+06 9.709891e+08
<GCONST> 8.838612e+01
<MIXTURE> 3 6.068168e-02
<MEAN> 6
 -4.385942e+01 -1.062959e+00 1.101005e+02 1.032010e+02 7.379822e+02 -7.086014e+01
<VARIANCE> 6
 3.974459e+02 2.207070e+05 4.447122e+05 1.954516e+04 1.699704e+05 4.972010e+07
<GCONST> 8.196788e+01
<MIXTURE> 4 7.227451e-02
<MEAN> 6
 3.678735e+01 -4.493118e+01 6.885181e+01 2.221667e+02 -2.411421e+02 -9.195661e+02
<VARIANCE> 6
 7.881338e+02 2.230656e+05 5.247202e+05 5.620436e+03 1.603963e+05 4.206700e+07
<GCONST> 8.135711e+01
<MIXTURE> 5 5.617078e-02
<MEAN> 6
 7.322900e+01 8.537106e+02 -3.734012e+02 2.824470e+00 -2.999855e+01 -1.425274e+02
<VARIANCE> 6
 1.007856e+02 2.902951e+05 7.303995e+05 2.897276e+02 3.398000e+04 4.206700e+07
<GCONST> 7.537750e+01
<MIXTURE> 6 6.382875e-02
<MEAN> 6
 9.573980e+01 -1.992790e+02 -2.503983e+01 5.477015e+01 -1.110560e+03 4.788354e+02
<VARIANCE> 6
 5.254523e+02 7.477811e+05 1.350754e+06 2.199522e+04 1.639405e+06 9.088842e+08
<GCONST> 8.986871e+01
<MIXTURE> 7 7.292729e-02
<MEAN> 6
 -6.727737e+01 4.101814e+01 -2.507382e+02 -4.221344e+00 1.506980e+02 3.882909e+02
<VARIANCE> 6
 2.905892e+02 2.211135e+05 1.147185e+06 6.224630e+02 5.539504e+04 4.206700e+07
<GCONST> 7.786913e+01
<MIXTURE> 8 6.384505e-02
<MEAN> 6
 9.617108e+01 -3.003326e+01 1.901822e+02 -9.855097e+00 -4.663554e+02 -2.186130e+02
<VARIANCE> 6
 4.364178e+02 9.692582e+04 4.699794e+05 9.964241e+03 2.294928e+05 9.364690e+07
<GCONST> 8.155344e+01
<MIXTURE> 9 8.251145e-02
<MEAN> 6
 -5.697083e+01 -5.171355e+01 -3.003248e+01 -8.691587e+00 1.221521e+03 -5.449341e+03
<VARIANCE> 6
 3.788358e+02 3.568185e+05 1.910762e+06 3.058171e+04 7.225432e+05 4.108497e+08
<GCONST> 8.786479e+01
<MIXTURE> 10 1.157104e-01
<MEAN> 6
 7.313577e+01 1.309306e+02 -5.339327e+02 3.560243e-01 -1.518553e+01 -1.574689e+02
<VARIANCE> 6
 1.000076e+02 7.499802e+04 1.256887e+06 2.897276e+02 3.398000e+04 4.206700e+07
<GCONST> 7.455911e+01
<MIXTURE> 11 7.169235e-02
<MEAN> 6
 3.205886e+01 -6.431971e+01 7.889062e+01 -2.946550e+02 -6.962907e+02 5.224146e+03
<VARIANCE> 6
 6.124424e+02 2.788933e+05 1.045957e+06 8.899740e+03 6.417259e+05 1.559921e+08
<GCONST> 8.517476e+01
<MIXTURE> 12 5.692928e-02
<MEAN> 6
 1.070313e+02 -2.675028e+02 1.580425e+02 -1.080110e+01 -5.431845e+01 -3.034316e+02
<VARIANCE> 6
 1.331787e+02 9.348782e+05 9.136320e+05 3.771105e+02 3.398000e+04 4.206700e+07
<GCONST> 7.731315e+01
<MIXTURE> 13 7.054852e-02
<MEAN> 6
 7.587843e+01 -3.310215e+01 -3.000547e+01 -7.929295e+01 -7.885228e+02 -2.783133e+03
<VARIANCE> 6
 3.550098e+02 3.363204e+05 1.256725e+06 1.551181e+04 2.769443e+05 4.546403e+07
<GCONST> 8.348261e+01
<MIXTURE> 14 5.432528e-02
<MEAN> 6
 2.071395e+01 -7.715972e+01 -4.934278e+01 3.018667e+02 -9.399179e+01 -8.663926e+03
<VARIANCE> 6
 1.039641e+03 3.758023e+05 1.769250e+06 7.748643e+03 5.168436e+05 1.889454e+08
<GCONST> 8.636452e+01
<MIXTURE> 15 6.293225e-02
<MEAN> 6
 -5.589968e+01 -5.809132e+01 -1.611799e+02 9.397779e+00 5.939897e+02 -8.430667e+01
<VARIANCE> 6
 6.002744e+02 1.380557e+05 4.716729e+05 1.658278e+04 1.405400e+05 6.281809e+07
<GCONST> 8.184923e+01
<STATE> 3
<NUMMIXES> 15
<MIXTURE> 1 4.777210e-02
<MEAN> 6
 6.535229e+01 9.733235e+02 -6.928864e+01 -6.489381e-01 4.050457e+00 -2.173937e+02
<VARIANCE> 6
 3.147101e+01 1.073221e+04 1.326227e+04 2.897276e+02 3.398000e+04 4.206700e+07
<GCONST> 6.690726e+01
<MIXTURE> 2 6.754333e-02
<MEAN> 6
 7.231102e+01 2.135473e+02 -2.728011e+02 9.968464e-02 -1.130844e+00 -4.691170e+01
<VARIANCE> 6
 3.147101e+01 1.073221e+04 1.326227e+04 2.897276e+02 3.398000e+04 4.206700e+07
<GCONST> 6.690726e+01
<MIXTURE> 3 8.481834e-02
<MEAN> 6
 6.672003e+01 5.054917e+02 -1.264095e+02 -7.568588e-01 2.986534e-01 -8.212070e+01
<VARIANCE> 6
 3.307991e+01 1.073221e+04 1.326227e+04 2.897276e+02 3.398000e+04 4.206700e+07
<GCONST> 6.695712e+01
<MIXTURE> 4 6.040410e-02
<MEAN> 6
 8.134222e+01 -1.182852e+01 -2.634191e+02 -8.549855e-01 -4.588292e-01 -9.237736e+01
<VARIANCE> 6
 3.147101e+01 1.073221e+04 1.326227e+04 2.897276e+02 3.398000e+04 4.206700e+07
<GCONST> 6.690726e+01
<MIXTURE> 5 5.291592e-02
<MEAN> 6
 7.025040e+01 1.576911e+02 -3.352036e+02 1.658170e+00 1.670037e+00 -1.065621e+02
<VARIANCE> 6
 3.147101e+01 1.073221e+04 1.326227e+04 2.897276e+02 3.398000e+04 4.206700e+07
<GCONST> 6.690726e+01
<MIXTURE> 6 3.038667e-02
<MEAN> 6
 7.675607e+01 7.794231e+01 -3.069252e+02 -7.321359e-01 -1.183181e+00 -7.212801e+01
<VARIANCE> 6
 3.147101e+01 1.073221e+04 1.326227e+04 2.897276e+02 3.398000e+04 4.206700e+07
<GCONST> 6.690726e+01
<MIXTURE> 7 9.052315e-02
<MEAN> 6
 6.586543e+01 -6.688895e+01 -2.526343e+02 1.247522e+00 -4.279116e-01 -7.105398e+01
<VARIANCE> 6
 3.147101e+01 1.073221e+04 1.326227e+04 2.897276e+02 3.398000e+04 4.206700e+07
<GCONST> 6.690726e+01
<MIXTURE> 8 1.253175e-03
<MEAN> 6
 8.283351e+01 -2.255808e+02 -1.138584e+02 8.094723e+00 -1.124981e+02 1.628273e+03
<VARIANCE> 6
 4.808901e+02 8.887742e+05 5.904769e+05 5.929667e+02 1.153608e+05 5.341621e+07
<GCONST> 8.002377e+01
<MIXTURE> 9 8.989614e-02
<MEAN> 6
 6.586405e+01 -6.722597e+01 -2.517444e+02 1.241839e+00 -5.259734e-01 -7.106931e+01
<VARIANCE> 6
 3.147101e+01 1.073221e+04 1.326227e+04 2.897276e+02 3.398000e+04 4.206700e+07
<GCONST> 6.690726e+01
<MIXTURE> 10 1.096204e-01
<MEAN> 6
 5.418097e+01 4.141705e+02 -2.243772e+02 9.344187e-01 4.669058e-01 -1.221647e+02
<VARIANCE> 6
 3.147101e+01 1.073221e+04 1.326227e+04 2.897276e+02 3.398000e+04 4.206700e+07
<GCONST> 6.690726e+01
<MIXTURE> 11 9.049858e-02
<MEAN> 6
 6.586832e+01 -6.620448e+01 -2.540439e+02 1.256857e+00 -2.712653e-01 -7.098570e+01
<VARIANCE> 6
 3.147101e+01 1.073221e+04 1.326227e+04 2.897276e+02 3.398000e+04 4.206700e+07
<GCONST> 6.690726e+01
<MIXTURE> 12 8.950819e-02
<MEAN> 6
 6.586764e+01 -6.623534e+01 -2.542374e+02 1.258345e+00 -2.517163e-01 -7.102396e+01
<VARIANCE> 6
 3.147101e+01 1.073221e+04 1.326227e+04 2.897276e+02 3.398000e+04 4.206700e+07
<GCONST> 6.690726e+01
<MIXTURE> 13 7.095444e-02
<MEAN> 6
 7.236149e+01 1.423330e+02 -3.256707e+02 5.590951e-01 -5.170634e-01 -9.000940e+01
<VARIANCE> 6
 3.147101e+01 1.073221e+04 1.326227e+04 2.897276e+02 3.398000e+04 4.206700e+07
<GCONST> 6.690726e+01
<MIXTURE> 14 6.065697e-02
<MEAN> 6
 8.079608e+01 8.122814e-01 -2.716980e+02 -9.028128e-01 -4.690350e-01 -8.987691e+01
<VARIANCE> 6
 3.147101e+01 1.073221e+04 1.326227e+04 2.897276e+02 3.398000e+04 4.206700e+07
<GCONST> 6.690726e+01
<MIXTURE> 15 5.321480e-02
<MEAN> 6
 6.799619e+01 1.272892e+02 -3.634659e+02 3.318278e+00 1.909719e+00 -1.648084e+02
<VARIANCE> 6
 3.271617e+01 1.073221e+04 1.326227e+04 2.897276e+02 3.398000e+04 4.206700e+07
<GCONST> 6.694605e+01
<STATE> 4
<NUMMIXES> 15
<MIXTURE> 1 4.587881e-02
<MEAN> 6
 1.050678e+02 -8.124889e+02 5.055082e+02 -5.300857e+00 -3.657394e+01 7.198506e+02
<VARIANCE> 6
 5.471467e+01 3.045555e+05 2.605394e+04 2.897276e+02 3.398000e+04 4.206700e+07
<GCONST> 7.148117e+01
<MIXTURE> 2 5.325869e-02
<MEAN> 6
 8.335445e+01 -2.567075e+02 -5.438919e+01 -5.996779e+00 -3.109039e+00 -9.229636e-02
<VARIANCE> 6
 3.147101e+01 1.798564e+04 1.326227e+04 2.897276e+02 3.398000e+04 4.206700e+07
<GCONST> 6.742358e+01
<MIXTURE> 3 5.319942e-02
<MEAN> 6
 9.544387e+01 -1.897043e+03 -2.246688e+02 -4.845749e+00 -7.824835e+00 -5.119091e+02
<VARIANCE> 6
 3.147101e+01 5.501557e+04 1.326227e+04 2.897276e+02 3.398000e+04 4.206700e+07
<GCONST> 6.854162e+01
<MIXTURE> 4 4.692449e-02
<MEAN> 6
 7.855082e+01 -1.138071e+03 -5.846715e+02 -1.042015e+00 6.921279e+00 -2.606058e+02
<VARIANCE> 6
 3.147101e+01 5.083875e+04 2.182561e+04 2.897276e+02 3.398000e+04 4.206700e+07
<GCONST> 6.896082e+01
<MIXTURE> 5 9.432466e-02
<MEAN> 6
 9.918350e+01 -3.496258e+03 -1.227482e+01 -4.618309e+00 2.070741e+01 -4.035002e+01
<VARIANCE> 6
 3.147101e+01 9.344116e+04 1.326227e+04 2.897276e+02 3.398000e+04 4.206700e+07
<GCONST> 6.907133e+01
<MIXTURE> 6 9.276783e-02
<MEAN> 6
 1.264198e+02 -1.214956e+03 2.515027e+02 -3.150338e+01 1.347384e+01 2.134443e+03
<VARIANCE> 6
 3.259627e+02 1.260140e+06 9.439995e+04 4.152946e+02 1.390299e+05 7.425055e+07
<GCONST> 7.831046e+01
<MIXTURE> 7 7.467583e-02
<MEAN> 6
 9.454820e+01 -9.228459e+02 -1.506768e+01 4.389466e-01 -2.984780e+01 5.289911e+01
<VARIANCE> 6
 3.147101e+01 1.908922e+04 1.326227e+04 2.897276e+02 3.398000e+04 4.206700e+07
<GCONST> 6.748313e+01
<MIXTURE> 8 6.392185e-02
<MEAN> 6
 9.178725e+01 -4.278276e+02 -6.715939e+01 -1.195679e+00 1.059250e+01 -4.672689e+02
<VARIANCE> 6
 4.166908e+01 1.106160e+04 1.326227e+04 2.897276e+02 3.398000e+04 4.206700e+07
<GCONST> 6.721818e+01
<MIXTURE> 9 6.148580e-02
<MEAN> 6
 1.021461e+02 -2.724341e+03 -2.374697e+02 -2.902012e+00 -1.750757e+01 -2.758696e+02
<VARIANCE> 6
 3.147101e+01 9.369958e+04 1.326227e+04 2.897276e+02 3.398000e+04 4.206700e+07
<GCONST> 6.907410e+01
<MIXTURE> 10 7.529526e-02
<MEAN> 6
 9.909922e+01 -4.050411e+03 1.573858e+01 -2.623974e+00 2.610223e+00 2.042710e+01
<VARIANCE> 6
 3.147101e+01 1.073221e+04 1.326227e+04 2.897276e+02 3.398000e+04 4.206700e+07
<GCONST> 6.690726e+01
<MIXTURE> 11 8.919168e-02
<MEAN> 6
 1.037041e+02 -1.644659e+03 5.854984e+02 -2.427324e+00 3.374413e+00 -4.090174e+02
<VARIANCE> 6
 3.147101e+01 5.319951e+04 1.436731e+04 2.897276e+02 3.398000e+04 4.206700e+07
<GCONST> 6.858809e+01
<MIXTURE> 12 5.158458e-02
<MEAN> 6
 7.783863e+01 -1.779398e+03 -7.900291e+02 3.314488e-01 -1.068848e+00 -1.448113e+02
<VARIANCE> 6
 3.147101e+01 2.939326e+04 1.326227e+04 2.897276e+02 3.398000e+04 4.206700e+07
<GCONST> 6.791477e+01
<MIXTURE> 13 8.482416e-02
<MEAN> 6
 8.345675e+01 -4.101832e+02 -5.562768e+01 -4.547016e+00 -3.734655e+00 -1.963419e+02
<VARIANCE> 6
 3.147101e+01 1.073221e+04 1.326227e+04 2.897276e+02 3.398000e+04 4.206700e+07
<GCONST> 6.690726e+01
<MIXTURE> 14 5.971850e-02
<MEAN> 6
 1.034223e+02 -2.968235e+03 -2.554637e+02 -1.300252e+00 -8.998664e+00 -1.971407e+02
<VARIANCE> 6
 3.147101e+01 6.072087e+04 1.326227e+04 2.897276e+02 3.398000e+04 4.206700e+07
<GCONST> 6.864029e+01
<MIXTURE> 15 5.293871e-02
<MEAN> 6
 7.780209e+01 -1.918747e+03 -8.123890e+02 1.511187e+00 -4.268321e+00 -3.381160e+02
<VARIANCE> 6
 3.147101e+01 1.073221e+04 1.326227e+04 2.897276e+02 3.398000e+04 4.206700e+07
<GCONST> 6.690726e+01
<STATE> 5
<NUMMIXES> 15
<MIXTURE> 1 3.529325e-02
<MEAN> 6
 8.139349e+01 -3.260503e+02 -8.539095e+02 -7.797646e+00 -1.638186e+01 7.836316e+01
<VARIANCE> 6
 3.147101e+01 1.073221e+04 1.326227e+04 2.897276e+02 3.960962e+04 4.206700e+07
<GCONST> 6.706055e+01
<MIXTURE> 2 7.074734e-02
<MEAN> 6
 6.827565e+01 2.138708e+01 -8.574852e+02 -5.776802e-01 -8.555830e+00 -2.281743e+02
<VARIANCE> 6
 3.147101e+01 1.073221e+04 2.249301e+04 2.897276e+02 3.398000e+04 4.206700e+07
<GCONST> 6.743554e+01
<MIXTURE> 3 1.052799e-01
<MEAN> 6
 5.704191e+01 -1.290467e+03 -5.697950e+02 3.439534e+00 -1.122976e+01 4.715732e+01
<VARIANCE> 6
 3.147101e+01 4.257071e+04 1.944500e+04 2.897276e+02 3.398000e+04 4.206700e+07
<GCONST> 6.866784e+01
<MIXTURE> 4 3.589269e-02
<MEAN> 6
 7.038301e+01 8.863346e+02 -1.266865e+03 8.460287e+00 -2.492939e+01 1.207783e+02
<VARIANCE> 6
 3.147101e+01 1.710584e+05 2.031979e+05 2.897276e+02 3.398000e+04 4.206700e+07
<GCONST> 7.240527e+01
<MIXTURE> 5 4.988261e-02
<MEAN> 6
 7.428858e+01 -2.835726e+02 -6.199178e+02 -1.544610e-01 -1.011738e+00 -6.342304e+01
<VARIANCE> 6
 3.147101e+01 1.073221e+04 1.326227e+04 2.897276e+02 3.398000e+04 4.206700e+07
<GCONST> 6.690726e+01
<MIXTURE> 6 6.538294e-02
<MEAN> 6
 6.405132e+01 -1.792647e+02 -9.309556e+02 1.249481e+00 -1.719583e+01 -1.716817e+02
<VARIANCE> 6
 3.147101e+01 1.073221e+04 1.326227e+04 2.897276e+02 3.398000e+04 4.206700e+07
<GCONST> 6.690726e+01
<MIXTURE> 7 4.168790e-02
<MEAN> 6
 7.956834e+01 -6.678673e+02 -6.509554e+02 -1.723920e+00 2.239921e+01 -1.313890e+02
<VARIANCE> 6
 3.147101e+01 1.073221e+04 1.326227e+04 2.897276e+02 3.398000e+04 4.206700e+07
<GCONST> 6.690726e+01
<MIXTURE> 8 6.263973e-02
<MEAN> 6
 6.579546e+01 -2.657554e+02 -1.278092e+03 3.122404e+00 -1.267721e+01 3.982186e+01
<VARIANCE> 6
 3.147101e+01 1.073221e+04 1.326227e+04 2.897276e+02 3.398000e+04 4.206700e+07
<GCONST> 6.690726e+01
<MIXTURE> 9 1.062714e-01
<MEAN> 6
 7.115326e+01 -8.298568e+02 -6.526444e+02 -3.035712e+00 2.912239e-02 -1.049624e+02
<VARIANCE> 6
 3.147101e+01 1.073221e+04 1.918140e+04 2.897276e+02 3.398000e+04 4.206700e+07
<GCONST> 6.727628e+01
<MIXTURE> 10 6.713641e-02
<MEAN> 6
 6.640020e+01 -5.076003e+02 -5.759994e+02 -1.113199e+00 1.601251e+00 -1.301581e+01
<VARIANCE> 6
 3.147101e+01 1.073221e+04 1.326227e+04 2.897276e+02 3.398000e+04 4.206700e+07
<GCONST> 6.690726e+01
<MIXTURE> 11 7.196810e-02
<MEAN> 6
 6.902390e+01 2.546177e+01 -9.640490e+02 -1.236649e+00 -6.299068e+00 -1.013960e+02
<VARIANCE> 6
 3.147101e+01 1.073221e+04 2.389615e+04 2.897276e+02 3.398000e+04 4.206700e+07
<GCONST> 6.749605e+01
<MIXTURE> 12 7.574507e-02
<MEAN> 6
 6.872395e+01 -2.296391e+02 -1.096928e+03 -1.451208e+00 -8.287947e+00 1.186860e+02
<VARIANCE> 6
 3.147101e+01 2.696445e+05 1.639344e+04 2.897276e+02 3.398000e+04 4.206700e+07
<GCONST> 7.034306e+01
<MIXTURE> 13 6.766963e-02
<MEAN> 6
 6.640012e+01 -5.076107e+02 -5.760014e+02 -1.113377e+00 1.601064e+00 -1.301622e+01
<VARIANCE> 6
 3.147101e+01 1.073221e+04 1.326227e+04 2.897276e+02 3.398000e+04 4.206700e+07
<GCONST> 6.690726e+01
<MIXTURE> 14 7.455096e-02
<MEAN> 6
 6.976058e+01 3.353702e+01 -1.007308e+03 -2.017456e+00 -4.188055e+00 -3.551254e+01
<VARIANCE> 6
 3.147101e+01 1.073221e+04 1.650462e+04 2.897276e+02 3.398000e+04 4.206700e+07
<GCONST> 6.712597e+01
<MIXTURE> 15 6.981933e-02
<MEAN> 6
 6.798985e+01 8.173255e+00 -9.083625e+02 -8.563235e-01 -6.992435e+00 -1.649588e+02
<VARIANCE> 6
 3.147101e+01 1.073221e+04 1.802683e+04 2.897276e+02 3.398000e+04 4.206700e+07
<GCONST> 6.721420e+01
<STATE> 6
<NUMMIXES> 15
<MIXTURE> 1 8.464782e-02
<MEAN> 6
 6.834724e+01 -2.141608e+02 1.280275e+02 1.495012e+00 6.712391e+00 -1.287863e+02
<VARIANCE> 6
 3.147101e+01 1.073221e+04 1.326227e+04 2.897276e+02 3.398000e+04 4.206700e+07
<GCONST> 6.690726e+01
<MIXTURE> 2 5.545525e-02
<MEAN> 6
 7.157345e+01 -7.300273e+02 -2.079355e+02 -3.097458e+00 -1.309895e+01 -2.258819e+02
<VARIANCE> 6
 3.147101e+01 1.132352e+04 1.326227e+04 2.897276e+02 3.398000e+04 4.206700e+07
<GCONST> 6.696088e+01
<MIXTURE> 3 4.863705e-02
<MEAN> 6
 6.542367e+01 -3.381635e+01 4.336978e+02 1.999376e+00 -1.322313e+01 1.668378e+02
<VARIANCE> 6
 3.147101e+01 2.330844e+04 1.326227e+04 2.897276e+02 3.398000e+04 4.206700e+07
<GCONST> 6.768282e+01
<MIXTURE> 4 6.435420e-02
<MEAN> 6
 6.501704e+01 -7.707067e+01 -1.328126e+02 -5.229372e-01 -3.772675e-01 -2.312932e+02
<VARIANCE> 6
 3.147101e+01 1.073221e+04 1.326227e+04 2.897276e+02 3.398000e+04 4.206700e+07
<GCONST> 6.690726e+01
<MIXTURE> 5 6.858753e-02
<MEAN> 6
 5.874682e+01 -4.051646e+02 -1.566535e+02 8.726509e-01 1.126515e+01 -1.121110e+02
<VARIANCE> 6
 3.147101e+01 1.073221e+04 4.627807e+04 2.897276e+02 3.398000e+04 4.206700e+07
<GCONST> 6.815700e+01
<MIXTURE> 6 7.324085e-02
<MEAN> 6
 6.867191e+01 -2.141961e+02 1.142254e+02 1.281068e+00 5.531809e+00 -1.298722e+02
<VARIANCE> 6
 3.147101e+01 1.073221e+04 1.326227e+04 2.897276e+02 3.398000e+04 4.206700e+07
<GCONST> 6.690726e+01
<MIXTURE> 7 9.141416e-02
<MEAN> 6
 6.410594e+01 -4.768246e+02 2.963057e+02 -1.002204e+00 3.288021e+00 -1.178364e+02
<VARIANCE> 6
 3.147101e+01 1.073221e+04 1.326227e+04 2.897276e+02 3.398000e+04 4.206700e+07
<GCONST> 6.690726e+01
<MIXTURE> 8 5.988418e-02
<MEAN> 6
 5.966451e+01 -4.066077e+02 -1.925412e+02 5.331935e-03 -1.223123e+00 -1.236399e+02
<VARIANCE> 6
 3.147101e+01 1.073221e+04 1.326227e+04 2.897276e+02 3.398000e+04 4.206700e+07
<GCONST> 6.690726e+01
<MIXTURE> 9 9.173696e-02
<MEAN> 6
 6.561617e+01 -5.476532e+02 2.768569e+02 -6.265487e-01 -2.701855e+01 -2.866180e+02
<VARIANCE> 6
 3.147101e+01 1.073221e+04 1.326227e+04 2.897276e+02 3.398000e+04 4.206700e+07
<GCONST> 6.690726e+01
<MIXTURE> 10 8.346674e-02
<MEAN> 6
 6.926762e+01 -2.173815e+02 8.479604e+01 7.658156e-01 2.058983e+00 -1.353005e+02
<VARIANCE> 6
 3.147101e+01 1.073221e+04 1.326227e+04 2.897276e+02 3.398000e+04 4.206700e+07
<GCONST> 6.690726e+01
<MIXTURE> 11 4.873028e-02
<MEAN> 6
 5.912097e+01 -4.203182e+02 -2.604421e+02 1.813576e-01 -4.645477e+00 -1.582560e+02
<VARIANCE> 6
 3.147101e+01 1.073221e+04 1.409220e+04 2.897276e+02 3.398000e+04 4.206700e+07
<GCONST> 6.696795e+01
<MIXTURE> 12 7.461967e-02
<MEAN> 6
 6.933310e+01 -2.182121e+02 8.087447e+01 6.941458e-01 1.526520e+00 -1.368565e+02
<VARIANCE> 6
 3.147101e+01 1.073221e+04 1.326227e+04 2.897276e+02 3.398000e+04 4.206700e+07
<GCONST> 6.690726e+01
<MIXTURE> 13 4.705929e-02
<MEAN> 6
 7.182516e+01 -7.088146e+02 -2.076929e+02 -2.817588e+00 -1.760336e+01 -2.571835e+02
<VARIANCE> 6
 3.147101e+01 2.051892e+04 1.326227e+04 2.897276e+02 3.398000e+04 4.206700e+07
<GCONST> 6.755535e+01
<MIXTURE> 14 5.929821e-02
<MEAN> 6
 5.945850e+01 -4.211265e+02 -2.242395e+02 4.131163e-02 -4.101863e+00 -1.351168e+02
<VARIANCE> 6
 3.147101e+01 1.073221e+04 1.326227e+04 2.897276e+02 3.398000e+04 4.206700e+07
<GCONST> 6.690726e+01
<MIXTURE> 15 4.882202e-02
<MEAN> 6
 5.799521e+01 -4.454542e+02 -3.286761e+02 8.563532e-01 -1.315056e+00 -1.294093e+02
<VARIANCE> 6
 3.147101e+01 1.073221e+04 1.326227e+04 2.897276e+02 3.398000e+04 4.206700e+07
<GCONST> 6.690726e+01
<STATE> 7
<NUMMIXES> 15
<MIXTURE> 1 4.738737e-02
<MEAN> 6
 9.773688e+01 8.007338e+02 2.687484e+02 -4.654606e+00 -3.435525e+00 6.166693e+01
<VARIANCE> 6
 3.147101e+01 1.073221e+04 1.326227e+04 2.897276e+02 3.398000e+04 4.206700e+07
<GCONST> 6.690726e+01
<MIXTURE> 2 5.261358e-02
<MEAN> 6
 7.573554e+01 3.861649e+02 1.581076e+02 1.649742e+00 2.116754e+01 1.426376e+02
<VARIANCE> 6
 3.147101e+01 1.073221e+04 1.326227e+04 2.897276e+02 3.398000e+04 4.206700e+07
<GCONST> 6.690726e+01
<MIXTURE> 3 8.716659e-02
<MEAN> 6
 8.136480e+01 5.945057e+02 4.164686e+02 -5.180852e-01 7.152019e-01 5.291685e+00
<VARIANCE> 6
 3.147101e+01 1.073221e+04 1.326227e+04 2.897276e+02 3.398000e+04 4.206700e+07
<GCONST> 6.690726e+01
<MIXTURE> 4 7.732064e-02
<MEAN> 6
 7.606821e+01 2.367597e+01 1.733249e+02 -8.712101e-01 -6.253882e+00 -1.904154e+02
<VARIANCE> 6
 3.147101e+01 1.073221e+04 1.326227e+04 2.897276e+02 3.398000e+04 4.206700e+07
<GCONST> 6.690726e+01
<MIXTURE> 5 8.375534e-02
<MEAN> 6
 7.606813e+01 2.367320e+01 1.733282e+02 -8.711289e-01 -6.253545e+00 -1.904302e+02
<VARIANCE> 6
 3.147101e+01 1.073221e+04 1.326227e+04 2.897276e+02 3.398000e+04 4.206700e+07
<GCONST> 6.690726e+01
<MIXTURE> 6 5.071353e-02
<MEAN> 6
 8.807533e+01 -5.195265e+02 3.177339e+02 -2.015055e+00 -1.858098e+00 -7.217239e+00
<VARIANCE> 6
 3.147101e+01 4.026156e+04 1.326227e+04 2.897276e+02 3.398000e+04 4.206700e+07
<GCONST> 6.822940e+01
<MIXTURE> 7 4.701828e-02
<MEAN> 6
 8.513130e+01 1.117425e+02 -3.753501e+01 -8.959594e-01 -4.962193e+00 8.802516e+00
<VARIANCE> 6
 3.147101e+01 1.073221e+04 1.326227e+04 2.897276e+02 3.398000e+04 4.206700e+07
<GCONST> 6.690726e+01
<MIXTURE> 8 6.470326e-02
<MEAN> 6
 8.562175e+01 1.385934e+02 4.314116e+02 -1.599084e+00 -6.899281e+00 9.545781e+01
<VARIANCE> 6
 3.147101e+01 3.227259e+04 1.326227e+04 2.897276e+02 3.398000e+04 4.206700e+07
<GCONST> 6.800822e+01
<MIXTURE> 9 8.360527e-02
<MEAN> 6
 7.606810e+01 2.367244e+01 1.733289e+02 -8.711120e-01 -6.253452e+00 -1.904339e+02
<VARIANCE> 6
 3.147101e+01 1.073221e+04 1.326227e+04 2.897276e+02 3.398000e+04 4.206700e+07
<GCONST> 6.690726e+01
<MIXTURE> 10 7.791953e-02
<MEAN> 6
 7.606807e+01 2.367152e+01 1.733297e+02 -8.710874e-01 -6.253254e+00 -1.904377e+02
<VARIANCE> 6
 3.147101e+01 1.073221e+04 1.326227e+04 2.897276e+02 3.398000e+04 4.206700e+07
<GCONST> 6.690726e+01
<MIXTURE> 11 5.664795e-02
<MEAN> 6
 9.059665e+01 8.147213e+02 1.605141e+02 -1.880270e+00 -4.279578e-01 -1.030262e+02
<VARIANCE> 6
 3.147101e+01 6.192932e+04 1.326227e+04 2.897276e+02 3.398000e+04 4.206700e+07
<GCONST> 6.866000e+01
<MIXTURE> 12 9.374982e-02
<MEAN> 6
 8.063594e+01 3.436142e+02 5.496463e+01 1.297665e+00 -4.566611e+00 7.098912e+00
<VARIANCE> 6
 3.147101e+01 1.073221e+04 1.326227e+04 2.897276e+02 3.398000e+04 4.206700e+07
<GCONST> 6.690726e+01
<MIXTURE> 13 7.016683e-02
<MEAN> 6
 8.434734e+01 -5.660458e+01 4.334173e+02 -3.089694e+00 6.733388e+00 3.209633e+01
<VARIANCE> 6
 3.147101e+01 3.180946e+04 1.326227e+04 2.897276e+02 3.398000e+04 4.206700e+07
<GCONST> 6.799377e+01
<MIXTURE> 14 6.129638e-02
<MEAN> 6
 9.246622e+01 7.937855e+02 1.977154e+02 -3.054398e+00 3.109389e-02 2.172432e+01
<VARIANCE> 6
 3.147101e+01 1.088032e+04 1.326227e+04 2.897276e+02 3.398000e+04 4.206700e+07
<GCONST> 6.692096e+01
<MIXTURE> 15 4.589963e-02
<MEAN> 6
 8.475180e+01 5.743853e+01 -5.118425e+01 -1.880996e-01 -4.738211e+00 -2.314314e+02
<VARIANCE> 6
 3.147101e+01 1.515482e+04 1.326227e+04 2.897276e+02 3.398000e+04 4.206700e+07
<GCONST> 6.725232e+01
<STATE> 8
<NUMMIXES> 15
<MIXTURE> 1 8.500917e-02
<MEAN> 6
 1.000120e+02 2.671367e+02 1.160618e+03 -2.166633e+00 -1.287204e+01 9.931477e+01
<VARIANCE> 6
 3.374822e+01 2.118829e+04 1.546500e+04 2.897276e+02 3.398000e+04 4.206700e+07
<GCONST> 6.781097e+01
<MIXTURE> 2 5.738892e-02
<MEAN> 6
 1.092160e+02 6.280671e+01 -3.769022e+02 -2.163604e+00 -4.344332e+00 8.005604e+01
<VARIANCE> 6
 3.147101e+01 1.133892e+04 1.326227e+04 2.897276e+02 3.398000e+04 4.206700e+07
<GCONST> 6.696224e+01
<MIXTURE> 3 7.972235e-02
<MEAN> 6
 9.511369e+01 1.349424e+02 1.297845e+02 -3.110631e+00 -9.517861e+00 -8.231770e+01
<VARIANCE> 6
 3.147101e+01 1.540300e+04 1.326227e+04 2.897276e+02 3.398000e+04 4.206700e+07
<GCONST> 6.726857e+01
<MIXTURE> 4 4.425764e-02
<MEAN> 6
 9.207803e+01 -7.681929e+01 -5.370959e+02 -2.545629e-01 2.904834e+00 -7.371111e+01
<VARIANCE> 6
 3.147101e+01 7.595334e+04 1.326227e+04 2.897276e+02 3.398000e+04 4.206700e+07
<GCONST> 6.886412e+01
<MIXTURE> 5 7.687420e-02
<MEAN> 6
 9.378042e+01 2.647086e+02 -4.276990e+02 -2.344359e+00 3.439056e+00 2.750254e+01
<VARIANCE> 6
 3.147101e+01 1.073221e+04 1.326227e+04 2.897276e+02 3.398000e+04 4.206700e+07
<GCONST> 6.690726e+01
<MIXTURE> 6 3.990325e-02
<MEAN> 6
 8.825544e+01 -9.952988e+01 -8.420947e+02 -2.629664e+00 4.038284e+00 -2.578396e+02
<VARIANCE> 6
 3.147101e+01 1.073221e+04 1.326227e+04 2.897276e+02 3.398000e+04 4.206700e+07
<GCONST> 6.690726e+01
<MIXTURE> 7 8.080265e-02
<MEAN> 6
 9.818934e+01 -3.028799e+02 8.365372e+02 -2.004035e+00 2.849371e+00 -3.405612e+02
<VARIANCE> 6
 3.147101e+01 1.073221e+04 5.972582e+04 2.897276e+02 3.398000e+04 4.206700e+07
<GCONST> 6.841209e+01
<MIXTURE> 8 7.864330e-02
<MEAN> 6
 9.512408e+01 -3.494810e+02 -5.522286e+02 -2.510341e-01 -5.608000e+00 6.268727e+01
<VARIANCE> 6
 3.147101e+01 1.073221e+04 1.326227e+04 2.897276e+02 3.398000e+04 4.206700e+07
<GCONST> 6.690726e+01
<MIXTURE> 9 6.386206e-02
<MEAN> 6
 9.726433e+01 -5.804693e+01 -6.175454e+01 -9.022018e-01 3.555774e+00 -1.163152e+02
<VARIANCE> 6
 3.147101e+01 1.073221e+04 1.915744e+04 2.897276e+02 3.398000e+04 4.206700e+07
<GCONST> 6.727502e+01
<MIXTURE> 10 7.022896e-02
<MEAN> 6
 9.261456e+01 -9.708946e-01 6.535430e+02 -1.597640e+00 -5.223555e+00 -2.159909e+02
<VARIANCE> 6
 3.147101e+01 1.073221e+04 1.326227e+04 2.897276e+02 3.398000e+04 4.206700e+07
<GCONST> 6.690726e+01
<MIXTURE> 11 7.864268e-02
<MEAN> 6
 9.524403e+01 -3.542875e+02 -5.526434e+02 -9.857921e-03 -6.698268e+00 3.855000e+01
<VARIANCE> 6
 3.147101e+01 1.073221e+04 1.326227e+04 2.897276e+02 3.398000e+04 4.206700e+07
<GCONST> 6.690726e+01
<MIXTURE> 12 6.544306e-02
<MEAN> 6
 9.710275e+01 -6.710775e+01 -4.899088e+01 -8.827938e-01 2.982606e+00 -1.091957e+02
<VARIANCE> 6
 3.147101e+01 1.073221e+04 1.735646e+04 2.897276e+02 3.398000e+04 4.206700e+07
<GCONST> 6.717630e+01
<MIXTURE> 13 8.520747e-02
<MEAN> 6
 9.471252e+01 7.274766e+01 1.204448e+02 -2.468368e+00 -5.855064e+00 -9.962471e+01
<VARIANCE> 6
 3.147101e+01 1.330722e+04 1.326227e+04 2.897276e+02 3.398000e+04 4.206700e+07
<GCONST> 6.712231e+01
<MIXTURE> 14 4.804239e-02
<MEAN> 6
 9.601559e+01 -3.849178e+02 7.299653e+02 -9.455843e+00 1.218125e+01 2.269709e+02
<VARIANCE> 6
 5.015453e+01 1.073221e+04 1.326227e+04 2.897276e+02 3.398000e+04 4.206700e+07
<GCONST> 6.737330e+01
<MIXTURE> 15 4.594225e-02
<MEAN> 6
 1.148360e+02 -1.935642e+02 -4.303371e+02 -3.717945e+00 -2.667138e+00 -1.818776e+01
<VARIANCE> 6
 3.147101e+01 1.069298e+05 1.326227e+04 2.897276e+02 3.398000e+04 4.206700e+07
<GCONST> 6.920618e+01
<STATE> 9
<NUMMIXES> 15
<MIXTURE> 1 5.877207e-02
<MEAN> 6
 1.291748e+02 3.310027e+02 1.527691e+03 -2.733281e+00 2.073155e+00 -7.712514e+01
<VARIANCE> 6
 3.147101e+01 2.143572e+04 8.064762e+04 2.897276e+02 3.398000e+04 4.206700e+07
<GCONST> 6.940423e+01
<MIXTURE> 2 8.832599e-02
<MEAN> 6
 7.577922e+01 2.861034e+03 4.590700e+02 -2.338241e+00 -1.567358e+01 -5.184749e+01
<VARIANCE> 6
 3.147101e+01 1.073221e+04 1.326227e+04 2.897276e+02 3.398000e+04 4.206700e+07
<GCONST> 6.690726e+01
<MIXTURE> 3 4.396172e-02
<MEAN> 6
 9.154546e+01 1.023126e+03 -7.738657e+02 -4.922376e+00 1.395690e+00 3.561562e+01
<VARIANCE> 6
 3.147101e+01 1.073221e+04 4.324706e+04 2.897276e+02 3.398000e+04 4.206700e+07
<GCONST> 6.808926e+01
<MIXTURE> 4 9.156100e-02
<MEAN> 6
 8.604879e+01 -1.705125e+02 -2.983579e+03 -5.431015e+00 8.224068e-02 1.022214e+02
<VARIANCE> 6
 8.597726e+01 2.003346e+04 5.184059e+04 2.897276e+02 3.398000e+04 4.206700e+07
<GCONST> 6.989967e+01
<MIXTURE> 5 7.859532e-02
<MEAN> 6
 7.993279e+01 1.396471e+03 4.583497e+02 -1.860703e+00 -4.096371e+00 -1.478400e+02
<VARIANCE> 6
 3.147101e+01 4.090313e+04 1.326227e+04 2.897276e+02 3.398000e+04 4.206700e+07
<GCONST> 6.824521e+01
<MIXTURE> 6 6.905589e-02
<MEAN> 6
 8.877252e+01 1.014056e+03 -2.212206e+03 5.078998e-01 -1.520353e+01 3.215620e+01
<VARIANCE> 6
 3.147101e+01 1.073221e+04 2.120098e+04 2.897276e+02 3.398000e+04 4.206700e+07
<GCONST> 6.737638e+01
<MIXTURE> 7 8.271980e-02
<MEAN> 6
 8.316743e+01 1.872105e+03 -2.783448e+02 -1.411983e+00 -1.120213e+01 -2.756151e+01
<VARIANCE> 6
 4.057447e+01 3.011792e+05 2.624962e+04 2.897276e+02 3.398000e+04 4.206700e+07
<GCONST> 7.117851e+01
<MIXTURE> 8 6.755960e-02
<MEAN> 6
 1.174748e+02 -4.731553e+02 2.421901e+03 -1.213992e+00 1.846801e+00 -2.574925e+02
<VARIANCE> 6
 3.147101e+01 1.073221e+04 3.909204e+04 2.897276e+02 3.398000e+04 4.206700e+07
<GCONST> 6.798825e+01
<MIXTURE> 9 5.317691e-02
<MEAN> 6
 7.014644e+01 1.033550e+03 6.987101e+02 4.502766e-01 4.338109e+00 -7.339886e+01
<VARIANCE> 6
 3.147101e+01 4.577630e+04 1.326227e+04 2.897276e+02 3.398000e+04 4.206700e+07
<GCONST> 6.835777e+01
<MIXTURE> 10 5.990042e-02
<MEAN> 6
 7.804088e+01 6.971432e+02 -4.367055e+02 -3.594605e-01 -3.760609e+00 -1.231213e+02
<VARIANCE> 6
 3.147101e+01 1.651546e+04 1.351690e+05 2.897276e+02 3.398000e+04 4.206700e+07
<GCONST> 6.965990e+01
<MIXTURE> 11 1.018562e-01
<MEAN> 6
 8.266271e+01 1.195753e+03 -1.120195e+03 -2.635244e+00 7.067060e-01 6.067896e+00
<VARIANCE> 6
 3.147101e+01 1.073221e+04 2.326827e+04 2.897276e+02 3.398000e+04 4.206700e+07
<GCONST> 6.746942e+01
<MIXTURE> 12 6.387606e-02
<MEAN> 6
 1.216475e+02 1.822950e+03 1.112421e+03 -3.341684e+00 -2.729657e-01 2.528899e+00
<VARIANCE> 6
 3.147101e+01 7.529459e+04 7.681691e+04 2.897276e+02 3.398000e+04 4.206700e+07
<GCONST> 7.061192e+01
<MIXTURE> 13 4.127739e-02
<MEAN> 6
 7.931466e+01 2.832201e+03 -2.422839e+02 -2.873509e+00 1.470464e+00 1.403490e+02
<VARIANCE> 6
 3.147101e+01 1.073221e+04 1.326227e+04 2.897276e+02 3.398000e+04 4.206700e+07
<GCONST> 6.690726e+01
<MIXTURE> 14 4.474081e-02
<MEAN> 6
 7.915509e+01 3.588622e+02 -6.006116e+02 -2.617336e+00 -8.147295e+00 1.049867e+02
<VARIANCE> 6
 3.147101e+01 4.408872e+04 1.326227e+04 2.897276e+02 3.398000e+04 4.206700e+07
<GCONST> 6.832021e+01
<MIXTURE> 15 5.461690e-02
<MEAN> 6
 7.116689e+01 8.612028e+02 6.591915e+02 6.139005e-01 -6.613042e+00 -1.569840e+02
<VARIANCE> 6
 3.147101e+01 2.219040e+04 1.326227e+04 2.897276e+02 3.398000e+04 4.206700e+07
<GCONST> 6.763367e+01
<STATE> 10
<NUMMIXES> 15
<MIXTURE> 1 1.366374e-03
<MEAN> 6
 1.010409e+01 -8.630745e+02 -1.327212e+02 1.958387e+02 -4.524162e+02 -1.451698e+04
<VARIANCE> 6
 1.284476e+04 4.883111e+04 8.798155e+04 2.177177e+06 1.209530e+09 1.535686e+12
<GCONST> 1.062360e+02
<MIXTURE> 2 8.589470e-02
<MEAN> 6
 2.621831e+01 1.470409e+02 1.748703e+01 1.964842e+02 3.815912e+00 -6.465667e+02
<VARIANCE> 6
 7.858160e+02 2.296198e+05 8.746295e+04 3.322170e+03 1.178561e+05 4.206700e+07
<GCONST> 7.875751e+01
<MIXTURE> 3 5.101966e-02
<MEAN> 6
 1.060884e+02 9.024425e+01 2.445835e+01 -2.637945e+01 -6.652018e+02 5.565724e+03
<VARIANCE> 6
 4.632321e+02 7.197610e+05 8.288573e+04 9.473359e+03 1.182527e+06 5.952525e+08
<GCONST> 8.532128e+01
<MIXTURE> 4 5.929321e-02
<MEAN> 6
 9.469518e+01 1.645943e+02 -6.349909e+01 -4.348262e+00 -1.146139e+01 -2.766622e+02
<VARIANCE> 6
 6.142018e+02 9.908264e+05 1.324168e+05 2.897276e+02 3.398000e+04 4.206700e+07
<GCONST> 7.670483e+01
<MIXTURE> 5 3.063654e-02
<MEAN> 6
 5.700580e+01 -5.695531e+01 9.930666e+01 -3.981702e+01 -1.010318e+03 8.312380e+03
<VARIANCE> 6
 5.060890e+03 7.901678e+05 7.595849e+05 8.401774e+04 7.946819e+06 5.531111e+09
<GCONST> 9.633781e+01
<MIXTURE> 6 6.078894e-02
<MEAN> 6
 -3.403720e+01 1.380087e+02 6.090303e+01 8.924728e+01 8.583958e+02 -1.094352e+03
<VARIANCE> 6
 2.306801e+02 1.568591e+05 5.360745e+04 1.930559e+04 2.216348e+05 6.221677e+07
<GCONST> 7.944391e+01
<MIXTURE> 7 7.043456e-02
<MEAN> 6
 8.020488e+01 -1.737511e+01 1.875753e+02 -2.317006e+01 -4.502466e+02 -6.152461e+02
<VARIANCE> 6
 2.931036e+02 1.495055e+05 2.829103e+05 1.772247e+04 1.659496e+05 5.060326e+07
<GCONST> 8.071732e+01
<MIXTURE> 8 1.028664e-01
<MEAN> 6
 1.824681e+01 1.227818e+01 1.011808e+02 -2.890052e+02 -1.600032e+02 7.816022e+03
<VARIANCE> 6
 6.211418e+02 1.269227e+05 1.565535e+05 9.878910e+03 6.950200e+05 2.833636e+08
<GCONST> 8.328340e+01
<MIXTURE> 9 8.553271e-02
<MEAN> 6
 -4.901843e+01 3.853778e+01 2.283321e+01 8.378935e+00 2.168430e+02 5.732746e+02
<VARIANCE> 6
 1.898187e+02 2.461943e+05 1.134710e+05 1.015550e+03 8.682553e+04 4.206700e+07
<GCONST> 7.617613e+01
<MIXTURE> 10 1.022541e-01
<MEAN> 6
 9.249477e+01 -1.770251e+02 -4.259239e+01 -4.326673e+00 -2.806548e+01 -2.259193e+02
<VARIANCE> 6
 1.412064e+02 1.704019e+05 8.687196e+04 2.897276e+02 3.398000e+04 4.206700e+07
<GCONST> 7.305283e+01
<MIXTURE> 11 7.894485e-02
<MEAN> 6
 -4.518505e+01 -3.238977e+01 -1.412142e+01 -8.615752e+01 1.646717e+03 -2.081884e+02
<VARIANCE> 6
 3.330179e+02 3.069458e+05 1.664146e+05 3.771823e+04 1.070866e+06 7.999667e+08
<GCONST> 8.641408e+01
<MIXTURE> 12 5.913769e-02
<MEAN> 6
 2.718607e+01 -2.890756e+01 -6.589384e+00 3.233288e+02 1.735746e+01 -8.036716e+03
<VARIANCE> 6
 8.605819e+02 2.079403e+05 5.462280e+04 4.426346e+03 5.013042e+05 1.623652e+08
<GCONST> 8.136375e+01
<MIXTURE> 13 9.575403e-02
<MEAN> 6
 8.021446e+01 1.794575e+01 1.516085e+01 -5.804266e+01 -8.259451e+02 -1.000671e+03
<VARIANCE> 6
 3.264828e+02 9.280894e+04 3.298342e+04 2.554153e+04 2.426954e+05 7.788184e+07
<GCONST> 7.937602e+01
<MIXTURE> 14 5.278782e-02
<MEAN> 6
 8.720732e+01 -1.059021e+02 -1.522356e+01 6.194209e+01 -1.047872e+03 -8.827488e+03
<VARIANCE> 6
 3.851646e+02 2.615959e+05 1.034613e+05 3.675174e+04 1.768423e+06 7.799677e+08
<GCONST> 8.637474e+01
<MIXTURE> 15 6.269390e-02
<MEAN> 6
 -3.995823e+01 2.571195e+01 2.079881e+00 2.953123e+01 7.992669e+02 -1.545738e+03
<VARIANCE> 6
 3.192149e+02 8.766113e+04 5.172602e+04 1.857866e+04 2.069164e+05 8.187882e+07
<GCONST> 7.931866e+01
<TRANSP> 11
 0.000000e+00 1.000000e+00 0.000000e+00 0.000000e+00 0.000000e+00 0.000000e+00 0.000000e+00 0.000000e+00 0.000000e+00 0.000000e+00 0.000000e+00
 0.000000e+00 9.998757e-01 1.243497e-04 0.000000e+00 0.000000e+00 0.000000e+00 0.000000e+00 0.000000e+00 0.000000e+00 0.000000e+00 0.000000e+00
 0.000000e+00 0.000000e+00 9.984845e-01 1.515493e-03 0.000000e+00 0.000000e+00 0.000000e+00 0.000000e+00 0.000000e+00 0.000000e+00 0.000000e+00
 0.000000e+00 0.000000e+00 0.000000e+00 9.958411e-01 4.158895e-03 0.000000e+00 0.000000e+00 0.000000e+00 0.000000e+00 0.000000e+00 0.000000e+00
 0.000000e+00 0.000000e+00 0.000000e+00 0.000000e+00 9.979202e-01 2.079747e-03 0.000000e+00 0.000000e+00 0.000000e+00 0.000000e+00 0.000000e+00
 0.000000e+00 0.000000e+00 0.000000e+00 0.000000e+00 0.000000e+00 9.978212e-01 2.178765e-03 0.000000e+00 0.000000e+00 0.000000e+00 0.000000e+00
 0.000000e+00 0.000000e+00 0.000000e+00 0.000000e+00 0.000000e+00 0.000000e+00 9.982973e-01 1.702690e-03 0.000000e+00 0.000000e+00 0.000000e+00
 0.000000e+00 0.000000e+00 0.000000e+00 0.000000e+00 0.000000e+00 0.000000e+00 0.000000e+00 9.980015e-01 1.998443e-03 0.000000e+00 0.000000e+00
 0.000000e+00 0.000000e+00 0.000000e+00 0.000000e+00 0.000000e+00 0.000000e+00 0.000000e+00 0.000000e+00 9.980818e-01 1.918218e-03 0.000000e+00
 0.000000e+00 0.000000e+00 0.000000e+00 0.000000e+00 0.000000e+00 0.000000e+00 0.000000e+00 0.000000e+00 0.000000e+00 9.999341e-01 6.595202e-05
 0.000000e+00 0.000000e+00 0.000000e+00 0.000000e+00 0.000000e+00 0.000000e+00 0.000000e+00 0.000000e+00 0.000000e+00 0.000000e+00 0.000000e+00
<ENDHMM>
~h "SegundoESO"
<BEGINHMM>
<NUMSTATES> 11
<STATE> 2
<NUMMIXES> 15
<MIXTURE> 1 3.822169e-02
<MEAN> 6
 7.174809e+01 1.320491e+04 -1.200263e+03 -6.790507e-01 -3.293521e+00 -1.609144e+02
<VARIANCE> 6
 3.147101e+01 1.143005e+04 1.326227e+04 2.897276e+02 3.398000e+04 4.206700e+07
<GCONST> 6.697025e+01
<MIXTURE> 2 7.001659e-02
<MEAN> 6
 7.625309e+01 -6.664694e+02 2.776881e+03 1.745431e+00 -3.988502e+00 -1.282847e+02
<VARIANCE> 6
 3.147101e+01 9.863943e+05 1.833478e+05 2.897276e+02 3.398000e+04 4.206700e+07
<GCONST> 7.405452e+01
<MIXTURE> 3 9.032278e-02
<MEAN> 6
 7.394849e+01 4.168033e+02 -6.546022e+02 -1.214651e+00 -3.199296e+00 -3.086202e+01
<VARIANCE> 6
 3.147101e+01 1.073221e+04 5.793811e+04 2.897276e+02 3.398000e+04 4.206700e+07
<GCONST> 6.838171e+01
<MIXTURE> 4 7.887953e-02
<MEAN> 6
 6.307866e+01 2.213235e+03 -1.105475e+03 1.560793e-01 -5.557000e+00 -6.665779e+01
<VARIANCE> 6
 3.147101e+01 1.046430e+06 1.113704e+05 2.897276e+02 3.398000e+04 4.206700e+07
<GCONST> 7.361508e+01
<MIXTURE> 5 6.768656e-02
<MEAN> 6
 7.423550e+01 -3.220505e+02 -8.154882e+03 -3.210606e-02 -2.108458e+00 -7.131277e+01
<VARIANCE> 6
 3.147101e+01 1.424154e+04 1.434713e+06 2.897276e+02 3.398000e+04 4.206700e+07
<GCONST> 7.187396e+01
<MIXTURE> 6 2.024627e-02
<MEAN> 6
 8.030637e+01 -4.993430e+03 1.261300e+02 -8.466776e+00 1.540973e+01 1.121110e+02
<VARIANCE> 6
 3.147101e+01 2.891838e+06 1.348535e+06 5.800054e+02 8.711480e+04 4.206700e+07
<GCONST> 7.876105e+01
<MIXTURE> 7 9.117307e-02
<MEAN> 6
 7.173994e+01 6.836415e+02 -1.850368e+03 5.169079e-01 -3.723875e+00 -6.521698e+01
<VARIANCE> 6
 3.147101e+01 1.073221e+04 1.414291e+07 2.897276e+02 3.398000e+04 4.206700e+07
<GCONST> 7.387930e+01
<MIXTURE> 8 8.895890e-02
<MEAN> 6
 6.307101e+01 5.787445e+01 -1.671659e+03 3.535409e-02 -2.345811e-01 -9.969177e+01
<VARIANCE> 6
 3.147101e+01 5.398895e+04 5.559444e+04 2.897276e+02 3.398000e+04 4.206700e+07
<GCONST> 6.995594e+01
<MIXTURE> 9 5.802268e-02
<MEAN> 6
 7.674477e+01 1.129568e+03 1.345083e+03 -8.049781e-01 2.733809e+00 -5.449442e+01
<VARIANCE> 6
 3.147101e+01 9.337814e+05 2.159693e+05 2.897276e+02 3.398000e+04 4.206700e+07
<GCONST> 7.416346e+01
<MIXTURE> 10 6.961172e-02
<MEAN> 6
 7.627872e+01 -3.186020e+01 -3.183068e+03 -5.705060e-01 -5.978896e+00 -6.901733e+01
<VARIANCE> 6
 3.147101e+01 2.096071e+04 1.130882e+06 2.897276e+02 3.398000e+04 4.206700e+07
<GCONST> 7.202248e+01
<MIXTURE> 11 1.064046e-01
<MEAN> 6
 7.322220e+01 4.488884e+01 -6.022203e+02 -8.273056e-01 -4.135149e+00 -1.397059e+02
<VARIANCE> 6
 3.147101e+01 1.402972e+04 1.731431e+04 2.897276e+02 3.398000e+04 4.206700e+07
<GCONST> 6.744180e+01
<MIXTURE> 12 5.300571e-02
<MEAN> 6
 6.970684e+01 -1.051254e+02 1.675425e+03 -1.226068e+00 -1.118219e+00 -1.270967e+02
<VARIANCE> 6
 8.118573e+01 2.383132e+04 2.059267e+04 2.897276e+02 3.398000e+04 4.206700e+07
<GCONST> 6.909269e+01
<MIXTURE> 13 7.248481e-02
<MEAN> 6
 5.721029e+01 6.451177e+02 -3.935604e+03 1.909347e+00 -2.557196e-01 -5.102895e+01
<VARIANCE> 6
 3.147101e+01 1.073221e+04 1.270324e+06 2.897276e+02 3.398000e+04 4.206700e+07
<GCONST> 7.146936e+01
<MIXTURE> 14 3.707502e-02
<MEAN> 6
 7.177995e+01 1.488654e+03 -2.265386e+03 4.839204e-01 -8.551819e+00 -1.276001e+02
<VARIANCE> 6
 3.147101e+01 2.543731e+04 3.636972e+05 2.897276e+02 3.398000e+04 4.206700e+07
<GCONST> 7.108162e+01
<MIXTURE> 15 5.784568e-02
<MEAN> 6
 7.554949e+01 8.053408e+02 1.207056e+03 -1.741853e+00 4.973570e+00 -8.409381e+01
<VARIANCE> 6
 3.147101e+01 1.084410e+06 1.854988e+05 2.897276e+02 3.398000e+04 4.206700e+07
<GCONST> 7.416092e+01
<STATE> 3
<NUMMIXES> 15
<MIXTURE> 1 9.936408e-02
<MEAN> 6
 7.275573e+01 5.999234e+02 3.332626e+02 -1.429979e-01 -6.327660e-01 -9.444399e+01
<VARIANCE> 6
 3.147101e+01 1.073221e+04 1.326227e+04 2.897276e+02 3.398000e+04 4.206700e+07
<GCONST> 6.690726e+01
<MIXTURE> 2 5.085677e-02
<MEAN> 6
 8.799892e+01 -1.630793e+03 4.427974e+02 6.050445e-01 -4.126708e+00 -1.600362e+02
<VARIANCE> 6
 3.147101e+01 1.073221e+04 1.972364e+04 2.897276e+02 3.398000e+04 4.206700e+07
<GCONST> 6.730415e+01
<MIXTURE> 3 6.022220e-02
<MEAN> 6
 8.532140e+01 -7.817595e+02 4.050381e+02 -2.092679e+00 -8.063919e+00 6.407684e+01
<VARIANCE> 6
 4.785252e+01 2.351592e+04 1.732116e+04 2.897276e+02 3.398000e+04 4.206700e+07
<GCONST> 6.837775e+01
<MIXTURE> 4 1.026692e-02
<MEAN> 6
 7.184076e+01 -7.360581e+01 6.879421e+02 6.830014e+01 -1.259255e+02 -1.174711e+03
<VARIANCE> 6
 3.595574e+02 4.470737e+05 6.450899e+04 3.732367e+03 1.965996e+05 4.206700e+07
<GCONST> 7.896568e+01
<MIXTURE> 5 6.351905e-02
<MEAN> 6
 8.026282e+01 -5.436362e+02 -5.619255e+01 -1.664204e-01 -9.730269e+00 -4.026581e+01
<VARIANCE> 6
 3.147101e+01 2.257213e+04 1.326227e+04 2.897276e+02 3.398000e+04 4.206700e+07
<GCONST> 6.765072e+01
<MIXTURE> 6 4.925026e-02
<MEAN> 6
 7.742211e+01 5.785570e+02 7.515289e+02 8.541066e-01 -3.270428e-01 8.652782e+01
<VARIANCE> 6
 3.147101e+01 1.327083e+04 1.792723e+04 2.897276e+02 3.398000e+04 4.206700e+07
<GCONST> 6.742097e+01
<MIXTURE> 7 6.889914e-02
<MEAN> 6
 7.642991e+01 3.196140e+02 3.383963e+02 -4.460884e-01 -4.309091e+00 -1.209020e+02
<VARIANCE> 6
 3.147101e+01 1.843865e+05 1.326227e+04 2.897276e+02 3.398000e+04 4.206700e+07
<GCONST> 6.975104e+01
<MIXTURE> 8 7.824292e-02
<MEAN> 6
 7.363332e+01 -3.826434e+02 8.141412e+02 -5.647866e-03 -2.355167e+00 -4.923975e+01
<VARIANCE> 6
 3.147101e+01 1.073221e+04 3.016595e+04 2.897276e+02 3.398000e+04 4.206700e+07
<GCONST> 6.772904e+01
<MIXTURE> 9 7.992086e-02
<MEAN> 6
 8.348856e+01 -7.788752e+02 1.393699e+02 -2.226414e-01 -1.791142e+00 -9.098670e+01
<VARIANCE> 6
 3.147101e+01 1.073221e+04 1.326227e+04 2.897276e+02 3.398000e+04 4.206700e+07
<GCONST> 6.690726e+01
<MIXTURE> 10 7.589713e-02
<MEAN> 6
 9.010977e+01 -2.317039e+03 -1.767348e+02 -2.947835e+00 2.164069e+00 -1.119907e+02
<VARIANCE> 6
 3.249090e+01 1.955564e+06 2.514065e+05 2.897276e+02 3.398000e+04 4.206700e+07
<GCONST> 7.508648e+01
<MIXTURE> 11 8.432066e-02
<MEAN> 6
 7.543872e+01 4.346396e+02 2.232567e+02 1.178899e-01 -5.974010e+00 -1.375478e+02
<VARIANCE> 6
 3.147101e+01 1.609477e+05 3.092354e+04 2.897276e+02 3.398000e+04 4.206700e+07
<GCONST> 7.046168e+01
<MIXTURE> 12 6.452070e-02
<MEAN> 6
 7.772576e+01 2.817161e+02 6.165956e+02 5.270467e-02 -3.914338e+00 -1.035682e+02
<VARIANCE> 6
 3.147101e+01 1.288680e+04 2.124294e+05 2.897276e+02 3.398000e+04 4.206700e+07
<GCONST> 6.986389e+01
<MIXTURE> 13 8.264571e-02
<MEAN> 6
 8.316743e+01 -8.031625e+02 1.540517e+02 -2.122770e-01 -7.499516e-01 -1.039697e+02
<VARIANCE> 6
 3.147101e+01 1.073221e+04 1.326227e+04 2.897276e+02 3.398000e+04 4.206700e+07
<GCONST> 6.690726e+01
<MIXTURE> 14 6.321009e-02
<MEAN> 6
 8.185175e+01 -9.193367e+02 -7.635108e+01 -1.367203e+00 -3.449123e+00 -1.688135e+02
<VARIANCE> 6
 3.147101e+01 1.270023e+05 2.530519e+04 2.897276e+02 3.398000e+04 4.206700e+07
<GCONST> 7.002429e+01
<MIXTURE> 15 6.879564e-02
<MEAN> 6
 7.646422e+01 1.830191e+02 2.979916e+02 -4.306526e-01 -5.553398e+00 -1.483817e+02
<VARIANCE> 6
 3.147101e+01 1.747853e+05 1.326227e+04 2.897276e+02 3.398000e+04 4.206700e+07
<GCONST> 6.969756e+01
<STATE> 4
<NUMMIXES> 15
<MIXTURE> 1 6.506430e-02
<MEAN> 6
 9.779076e+01 -2.794515e+02 4.690037e+02 -1.060231e+01 -1.230988e+02 8.075803e+01
<VARIANCE> 6
 1.026958e+02 1.971786e+06 4.093093e+06 2.897276e+02 6.374194e+04 4.206700e+07
<GCONST> 7.966461e+01
<MIXTURE> 2 5.126191e-02
<MEAN> 6
 7.517809e+01 -3.830688e+01 8.222450e+02 2.465735e+01 -9.860248e+02 8.395004e+01
<VARIANCE> 6
 6.757101e+02 4.204790e+06 6.241882e+06 3.768159e+04 7.746264e+05 4.776082e+08
<GCONST> 9.252292e+01
<MIXTURE> 3 8.942207e-02
<MEAN> 6
 -4.819198e+01 3.278930e+02 1.486823e+03 -8.911451e+01 1.325637e+03 1.799312e+03
<VARIANCE> 6
 3.686799e+02 1.474889e+06 4.766557e+06 4.243183e+04 5.386638e+05 4.091556e+08
<GCONST> 9.020052e+01
<MIXTURE> 4 5.831918e-02
<MEAN> 6
 6.913751e+01 -1.262744e+02 1.321923e+03 1.360797e+02 -4.620554e+02 1.283235e+03
<VARIANCE> 6
 2.853695e+02 5.980079e+05 6.983484e+06 3.054000e+03 9.084202e+04 4.206700e+07
<GCONST> 8.273733e+01
<MIXTURE> 5 8.778318e-02
<MEAN> 6
 -6.339779e+01 2.971756e+02 8.054678e+02 3.213731e+01 5.018457e+02 -3.105171e+02
<VARIANCE> 6
 7.639793e+01 7.488718e+05 6.189128e+06 3.410859e+03 1.400737e+05 4.299381e+07
<GCONST> 8.208906e+01
<MIXTURE> 6 8.201560e-02
<MEAN> 6
 3.202309e+01 2.013567e+02 4.859010e+02 -2.742585e+02 -4.831257e+02 5.241988e+03
<VARIANCE> 6
 4.064850e+02 5.316074e+05 4.758271e+06 4.835917e+03 3.018989e+05 7.781073e+07
<GCONST> 8.486533e+01
<MIXTURE> 7 4.969712e-02
<MEAN> 6
 -4.338062e+01 -7.326349e+02 2.764536e+02 1.421150e+02 7.207849e+02 -1.166483e+03
<VARIANCE> 6
 1.791698e+02 3.706843e+06 9.162739e+05 9.303341e+03 1.568692e+05 4.206700e+07
<GCONST> 8.372543e+01
<MIXTURE> 8 8.159515e-02
<MEAN> 6
 2.183808e+01 -4.394058e+02 6.156053e+02 2.519829e+02 -2.889655e+02 -4.428045e+03
<VARIANCE> 6
 3.695335e+02 1.587612e+06 4.288918e+06 3.030943e+03 1.544380e+05 4.206700e+07
<GCONST> 8.400774e+01
<MIXTURE> 9 5.127588e-02
<MEAN> 6
 7.684933e+01 3.250892e+02 -3.115538e+01 2.251560e+00 -5.185462e+01 -7.719019e+01
<VARIANCE> 6
 3.147101e+01 5.427641e+05 9.159406e+05 2.897276e+02 3.398000e+04 4.206700e+07
<GCONST> 7.506570e+01
<MIXTURE> 10 5.038005e-02
<MEAN> 6
 -1.965767e+01 1.028551e+02 1.048795e+03 -3.138637e+01 4.622313e+02 -8.460486e+02
<VARIANCE> 6
 2.616422e+02 7.188285e+05 5.328095e+06 6.354625e+04 1.220909e+05 1.109153e+08
<GCONST> 8.686444e+01
<MIXTURE> 11 7.829293e-02
<MEAN> 6
 -6.222248e+01 2.712319e+01 4.148696e+01 2.054518e+00 9.158282e+01 1.693981e+02
<VARIANCE> 6
 5.638459e+01 2.427209e+05 1.764830e+06 3.150068e+02 3.398000e+04 4.206700e+07
<GCONST> 7.558358e+01
<MIXTURE> 12 7.995950e-02
<MEAN> 6
 7.702067e+01 5.199249e+01 3.233114e+02 -1.114046e+02 -7.662950e+02 -1.983198e+03
<VARIANCE> 6
 1.763662e+02 3.413906e+05 1.926365e+06 3.670716e+03 1.265114e+05 4.206700e+07
<GCONST> 8.092276e+01
<MIXTURE> 13 6.634066e-02
<MEAN> 6
 7.937644e+01 -3.261892e+02 9.088920e+02 -1.633764e+00 -5.121279e+01 -3.731555e+02
<VARIANCE> 6
 6.940347e+01 1.934226e+05 1.050725e+06 2.897276e+02 3.398000e+04 4.206700e+07
<GCONST> 7.496207e+01
<MIXTURE> 14 5.600590e-02
<MEAN> 6
 7.925913e+01 -7.740911e+02 7.277832e+02 9.792048e+01 -5.187468e+02 -2.353613e+02
<VARIANCE> 6
 2.569999e+02 8.903814e+05 1.721641e+06 3.253127e+03 6.972729e+04 4.206700e+07
<GCONST> 8.142902e+01
<MIXTURE> 15 5.247672e-02
<MEAN> 6
 -2.461394e+01 -1.277859e+02 -3.051532e+02 -5.891683e+01 2.537770e+02 1.145196e+02
<VARIANCE> 6
 2.702151e+02 4.174723e+05 2.127480e+06 2.655384e+04 1.031676e+05 4.332440e+07
<GCONST> 8.345418e+01
<STATE> 5
<NUMMIXES> 15
<MIXTURE> 1 5.990682e-02
<MEAN> 6
 6.466355e+01 5.751049e+02 -2.126065e+02 1.069834e+00 -1.847809e-01 -1.464035e+02
<VARIANCE> 6
 3.147101e+01 2.327714e+04 1.326227e+04 2.897276e+02 3.398000e+04 4.206700e+07
<GCONST> 6.768147e+01
<MIXTURE> 2 8.629423e-02
<MEAN> 6
 6.856474e+01 1.177803e+03 6.517000e+01 -8.380321e-01 -4.605044e+00 -1.372909e+02
<VARIANCE> 6
 3.147101e+01 1.262380e+05 1.326227e+04 2.897276e+02 3.398000e+04 4.206700e+07
<GCONST> 6.937217e+01
<MIXTURE> 3 4.855355e-02
<MEAN> 6
 5.925618e+01 2.269796e+03 -3.071751e+02 4.826353e-01 -3.920593e+00 -1.430185e+02
<VARIANCE> 6
 3.147101e+01 1.397021e+05 1.326227e+04 2.897276e+02 3.398000e+04 4.206700e+07
<GCONST> 6.947352e+01
<MIXTURE> 4 8.764678e-02
<MEAN> 6
 6.684942e+01 -3.979742e+02 3.208516e+02 -1.566079e-01 -3.423917e+00 -8.295755e+01
<VARIANCE> 6
 3.147101e+01 1.073221e+04 1.326227e+04 2.897276e+02 3.398000e+04 4.206700e+07
<GCONST> 6.690726e+01
<MIXTURE> 5 7.275102e-02
<MEAN> 6
 5.647354e+01 1.435331e+02 -8.661435e+00 -9.432449e-01 -4.371680e+00 -1.085088e+02
<VARIANCE> 6
 3.147101e+01 1.073221e+04 2.173105e+05 2.897276e+02 3.398000e+04 4.206700e+07
<GCONST> 6.970366e+01
<MIXTURE> 6 2.466838e-02
<MEAN> 6
 6.164154e+01 -2.162073e+03 -4.997329e+02 -2.245727e-01 -1.991718e+00 -1.120907e+02
<VARIANCE> 6
 3.147101e+01 1.458045e+05 2.023025e+04 2.897276e+02 3.398000e+04 4.206700e+07
<GCONST> 6.993853e+01
<MIXTURE> 7 5.410857e-02
<MEAN> 6
 7.001387e+01 -1.656218e+03 1.721330e+02 4.998707e-01 -8.247047e+00 -6.768980e+01
<VARIANCE> 6
 3.147101e+01 3.222906e+05 1.987504e+05 2.897276e+02 3.398000e+04 4.206700e+07
<GCONST> 7.301659e+01
<MIXTURE> 8 9.193198e-02
<MEAN> 6
 5.984308e+01 -2.754708e+02 -3.751284e+02 7.720124e-02 -1.358155e-01 -1.021918e+02
<VARIANCE> 6
 3.147101e+01 1.406343e+04 7.468555e+04 2.897276e+02 3.398000e+04 4.206700e+07
<GCONST> 6.890594e+01
<MIXTURE> 9 4.959683e-02
<MEAN> 6
 6.540092e+01 3.868502e+02 -1.819461e+02 5.498460e-01 -5.722787e+00 -1.358643e+02
<VARIANCE> 6
 3.147101e+01 1.073221e+04 1.326227e+04 2.897276e+02 3.398000e+04 4.206700e+07
<GCONST> 6.690726e+01
<MIXTURE> 10 9.535997e-02
<MEAN> 6
 6.589208e+01 1.802540e+02 1.630531e+02 -6.868852e-01 -6.489374e+00 -1.205065e+02
<VARIANCE> 6
 3.147101e+01 8.435539e+04 1.326227e+04 2.897276e+02 3.398000e+04 4.206700e+07
<GCONST> 6.896904e+01
<MIXTURE> 11 5.870403e-02
<MEAN> 6
 6.417097e+01 -5.862604e+02 1.404811e+01 -7.144804e-02 -4.223488e+00 -1.374032e+02
<VARIANCE> 6
 3.147101e+01 1.593983e+05 1.614122e+04 2.897276e+02 3.398000e+04 4.206700e+07
<GCONST> 6.980186e+01
<MIXTURE> 12 6.511448e-02
<MEAN> 6
 6.441379e+01 -6.610922e+02 -5.296158e+02 2.442975e-01 -3.746107e+00 -7.687080e+01
<VARIANCE> 6
 3.147101e+01 2.051062e+04 6.359543e+04 2.897276e+02 3.398000e+04 4.206700e+07
<GCONST> 6.912257e+01
<MIXTURE> 13 9.359796e-02
<MEAN> 6
 6.479860e+01 1.293836e+02 1.672238e+02 -5.237142e-01 -5.177221e+00 -1.184197e+02
<VARIANCE> 6
 3.147101e+01 9.286539e+04 1.326227e+04 2.897276e+02 3.398000e+04 4.206700e+07
<GCONST> 6.906516e+01
<MIXTURE> 14 6.189622e-02
<MEAN> 6
 6.455118e+01 -6.732277e+02 -4.168967e+00 1.497036e-02 -5.216211e+00 -1.477091e+02
<VARIANCE> 6
 3.147101e+01 1.226278e+05 1.496848e+04 2.897276e+02 3.398000e+04 4.206700e+07
<GCONST> 6.946418e+01
<MIXTURE> 15 4.976563e-02
<MEAN> 6
 6.537330e+01 3.698942e+02 -1.888275e+02 5.370045e-01 -6.694152e+00 -1.510960e+02
<VARIANCE> 6
 3.147101e+01 1.073221e+04 1.326227e+04 2.897276e+02 3.398000e+04 4.206700e+07
<GCONST> 6.690726e+01
<STATE> 6
<NUMMIXES> 15
<MIXTURE> 1 2.965927e-02
<MEAN> 6
 1.920748e+01 -4.674784e+01 -9.657236e+01 -3.096582e+02 -3.404021e+02 1.188496e+04
<VARIANCE> 6
 7.349922e+02 3.883218e+06 1.594402e+06 6.126920e+03 5.951228e+05 3.483228e+08
<GCONST> 8.876691e+01
<MIXTURE> 2 5.936421e-02
<MEAN> 6
 -3.663377e+01 -4.838717e+01 3.286987e+01 1.792524e+02 9.722560e+02 -1.796606e+03
<VARIANCE> 6
 8.303669e+01 5.305314e+05 1.476979e+05 3.031072e+03 1.516612e+05 4.206700e+07
<GCONST> 7.803195e+01
<MIXTURE> 3 5.381420e-02
<MEAN> 6
 8.671723e+01 -1.568779e+02 6.252732e+01 -1.158553e+01 -1.037203e+02 -3.715634e+02
<VARIANCE> 6
 1.163407e+02 1.089705e+06 2.089391e+05 3.445341e+02 4.512489e+04 4.206700e+07
<GCONST> 7.604916e+01
<MIXTURE> 4 7.675219e-02
<MEAN> 6
 -2.063749e+01 2.194225e+02 8.474247e+01 -2.296408e+02 4.217110e+02 4.944043e+03
<VARIANCE> 6
 1.965114e+02 6.418508e+05 2.560668e+05 4.728437e+03 2.281583e+05 1.931648e+08
<GCONST> 8.201149e+01
<MIXTURE> 5 8.575816e-02
<MEAN> 6
 8.750148e+01 1.253992e+02 -5.489274e+01 4.546718e+01 -1.100832e+03 -1.374632e+03
<VARIANCE> 6
 2.651119e+02 1.958503e+06 5.311291e+05 1.589165e+04 9.920892e+05 6.758619e+08
<GCONST> 8.809048e+01
<MIXTURE> 6 7.723225e-02
<MEAN> 6
 -5.809317e+01 -1.671851e+02 1.681098e+01 2.062597e+01 2.831519e+02 -1.424014e+02
<VARIANCE> 6
 8.059038e+01 7.891382e+05 3.312447e+05 7.169919e+02 8.867126e+04 4.206700e+07
<GCONST> 7.722848e+01
<MIXTURE> 7 5.533435e-02
<MEAN> 6
 4.963109e+01 3.408046e+02 1.736337e+01 2.011674e+02 -3.848397e+02 3.570645e+02
<VARIANCE> 6
 2.736121e+02 1.168364e+06 2.946334e+05 2.386407e+03 1.188732e+05 4.271516e+07
<GCONST> 8.023700e+01
<MIXTURE> 8 5.559760e-02
<MEAN> 6
 5.329105e+00 1.570780e+01 5.067956e+01 2.315553e+02 3.666534e+00 -1.570683e+03
<VARIANCE> 6
 2.161339e+02 3.229392e+05 1.693371e+05 1.792401e+03 7.488273e+04 4.705894e+07
<GCONST> 7.750993e+01
<MIXTURE> 9 7.898381e-02
<MEAN> 6
 6.578129e+01 6.834409e+01 4.065833e+01 -1.703169e+02 -8.707409e+02 1.650524e+03
<VARIANCE> 6
 1.941181e+02 6.833944e+05 1.603270e+05 3.714963e+03 1.791666e+05 6.146074e+07
<GCONST> 7.996563e+01
<MIXTURE> 10 6.664777e-02
<MEAN> 6
 -5.284504e+01 1.775555e+02 1.697565e+01 -1.093535e+02 1.686681e+03 5.256912e+02
<VARIANCE> 6
 1.293086e+02 1.026314e+06 5.814479e+05 1.666723e+04 6.106897e+05 5.824584e+08
<GCONST> 8.623054e+01
<MIXTURE> 11 8.426243e-02
<MEAN> 6
 2.376049e+01 2.226215e+02 6.077863e+01 -2.616170e+02 -2.232475e+02 3.305912e+03
<VARIANCE> 6
 3.327620e+02 5.621031e+05 2.166815e+05 2.877586e+03 1.472164e+05 7.875570e+07
<GCONST> 8.040654e+01
<MIXTURE> 12 9.878147e-02
<MEAN> 6
 7.776876e+01 -1.821167e+02 1.109618e+02 2.993765e+01 -6.314037e+02 -1.657571e+03
<VARIANCE> 6
 1.197007e+02 5.103580e+05 2.254005e+05 9.502437e+03 1.311159e+05 6.546177e+07
<GCONST> 8.022088e+01
<MIXTURE> 13 4.546762e-02
<MEAN> 6
 -8.329303e+00 6.686016e+01 -6.035729e+01 2.924445e+02 3.436457e+02 -1.273377e+04
<VARIANCE> 6
 2.639818e+02 8.801946e+05 3.791447e+05 3.536266e+03 3.206338e+05 8.850420e+07
<GCONST> 8.228416e+01
<MIXTURE> 14 7.763471e-02
<MEAN> 6
 -5.235621e+01 1.021521e+02 8.800811e+01 2.268452e+01 8.768953e+02 4.217430e+02
<VARIANCE> 6
 7.765049e+01 2.367460e+05 2.275155e+05 8.019437e+03 1.231185e+05 6.418378e+07
<GCONST> 7.877698e+01
<MIXTURE> 15 5.445918e-02
<MEAN> 6
 4.201348e+01 -3.746555e+01 -1.135500e+02 2.291666e+02 -4.549151e+02 -2.237393e+03
<VARIANCE> 6
 2.777919e+02 5.837881e+05 6.068425e+05 3.826385e+03 1.072112e+05 4.206700e+07
<GCONST> 8.063446e+01
<STATE> 7
<NUMMIXES> 15
<MIXTURE> 1 5.622840e-02
<MEAN> 6
 1.094842e+02 1.038480e+03 -6.408299e+02 -7.198660e+00 -2.539496e+00 5.224453e+02
<VARIANCE> 6
 3.147101e+01 4.109447e+05 1.013640e+05 2.897276e+02 3.398000e+04 4.206700e+07
<GCONST> 7.258626e+01
<MIXTURE> 2 9.888523e-02
<MEAN> 6
 7.382841e+01 -4.504738e+03 6.941040e+03 -1.797298e+00 -8.658650e+00 -4.093816e+01
<VARIANCE> 6
 6.783466e+01 1.930525e+06 3.430183e+07 7.624458e+02 5.491643e+04 4.206700e+07
<GCONST> 8.217323e+01
<MIXTURE> 3 5.486501e-02
<MEAN> 6
 9.118552e+01 4.387018e+02 1.537194e+03 -3.157071e+00 -8.342480e+00 2.460564e+02
<VARIANCE> 6
 3.147101e+01 3.890056e+05 6.271578e+05 2.897276e+02 3.398000e+04 4.206700e+07
<GCONST> 7.435387e+01
<MIXTURE> 4 4.450763e-02
<MEAN> 6
 1.020771e+02 1.963140e+03 -2.287298e+03 -5.655461e+00 -6.790679e-01 1.492313e+02
<VARIANCE> 6
 3.501960e+01 5.387166e+04 5.859874e+05 2.897276e+02 3.398000e+04 4.206700e+07
<GCONST> 7.241582e+01
<MIXTURE> 5 7.258996e-02
<MEAN> 6
 9.618258e+01 -8.888585e+02 -7.838510e+03 -5.465741e+00 6.803947e+00 7.943472e+01
<VARIANCE> 6
 1.814646e+02 7.030728e+04 4.459606e+06 2.897276e+02 3.398000e+04 4.206700e+07
<GCONST> 7.635677e+01
<MIXTURE> 6 4.506123e-02
<MEAN> 6
 7.894286e+01 1.496195e+03 -1.107467e+03 -2.375965e+00 2.435955e+00 -4.163694e+01
<VARIANCE> 6
 3.147101e+01 1.196760e+06 1.519620e+04 2.897276e+02 3.398000e+04 4.206700e+07
<GCONST> 7.175750e+01
<MIXTURE> 7 3.597248e-02
<MEAN> 6
 7.192836e+01 -5.010538e+02 2.983730e+03 -2.551600e+00 -5.715828e+00 8.541033e+01
<VARIANCE> 6
 5.177573e+01 4.757930e+04 9.709998e+04 2.897276e+02 3.398000e+04 4.206700e+07
<GCONST> 7.088507e+01
<MIXTURE> 8 1.091501e-01
<MEAN> 6
 9.363632e+01 2.777902e+02 -3.202099e+02 -4.255845e+00 9.144169e-01 1.618671e+01
<VARIANCE> 6
 3.147101e+01 2.196433e+04 4.045576e+04 2.897276e+02 3.398000e+04 4.206700e+07
<GCONST> 6.873871e+01
<MIXTURE> 9 1.208170e-01
<MEAN> 6
 9.533347e+01 -2.271480e+02 -6.468694e+02 -4.679862e+00 -7.218742e+00 2.266357e+01
<VARIANCE> 6
 3.147101e+01 3.387747e+04 1.114463e+06 2.897276e+02 3.398000e+04 4.206700e+07
<GCONST> 7.248796e+01
<MIXTURE> 10 4.478918e-02
<MEAN> 6
 9.072787e+01 1.018132e+03 -1.356623e+03 -4.498318e+00 -1.453583e-02 1.882386e+02
<VARIANCE> 6
 3.433043e+01 8.893855e+04 3.185341e+05 2.897276e+02 3.398000e+04 4.206700e+07
<GCONST> 7.228772e+01
<MIXTURE> 11 7.347763e-02
<MEAN> 6
 9.192834e+01 -6.971371e+02 -6.910350e+02 -4.175171e+00 -6.653712e+00 4.184990e+01
<VARIANCE> 6
 3.147101e+01 7.583548e+04 4.500124e+05 2.897276e+02 3.398000e+04 4.206700e+07
<GCONST> 7.238692e+01
<MIXTURE> 12 7.625019e-02
<MEAN> 6
 7.852779e+01 -4.780777e+02 -1.529701e+03 -4.009025e+00 5.055448e-01 5.657297e+01
<VARIANCE> 6
 3.147101e+01 1.872659e+05 1.518108e+05 2.897276e+02 3.398000e+04 4.206700e+07
<GCONST> 7.220425e+01
<MIXTURE> 13 5.496896e-02
<MEAN> 6
 8.810931e+01 -4.969468e+02 1.673927e+03 -3.458068e+00 -1.096399e+01 7.013165e+01
<VARIANCE> 6
 3.147101e+01 3.586066e+05 1.013814e+06 2.897276e+02 3.398000e+04 4.206700e+07
<GCONST> 7.475278e+01
<MIXTURE> 14 5.537146e-02
<MEAN> 6
 9.025877e+01 3.732880e+02 -2.853578e+03 -2.599591e+00 8.995954e-01 7.125773e+01
<VARIANCE> 6
 3.147101e+01 2.817643e+04 5.507671e+05 2.897276e+02 3.398000e+04 4.206700e+07
<GCONST> 7.159888e+01
<MIXTURE> 15 5.701280e-02
<MEAN> 6
 1.045899e+02 7.564553e+02 -6.813390e+02 -6.278089e+00 6.934807e+00 1.742982e+02
<VARIANCE> 6
 3.564975e+01 2.031505e+05 1.641228e+05 2.897276e+02 3.398000e+04 4.206700e+07
<GCONST> 7.248832e+01
<STATE> 8
<NUMMIXES> 15
<MIXTURE> 1 4.259688e-02
<MEAN> 6
 3.044769e+01 4.409702e+03 2.611201e+02 -5.271727e+01 -1.012294e+02 1.751642e+03
<VARIANCE> 6
 2.572921e+03 5.155388e+07 3.169700e+06 2.594646e+04 6.305776e+05 1.566828e+08
<GCONST> 9.399526e+01
<MIXTURE> 2 6.537718e-02
<MEAN> 6
 3.283041e+01 2.623190e+03 -3.718820e+03 3.372865e+01 -5.152054e+01 3.365880e+01
<VARIANCE> 6
 1.398995e+03 2.862467e+06 1.502169e+06 1.170011e+04 8.697655e+04 4.206700e+07
<GCONST> 8.565591e+01
<MIXTURE> 3 4.970891e-02
<MEAN> 6
 8.986153e+01 -5.049968e+03 3.291010e+02 -8.526631e+00 -5.793898e+01 4.311665e+01
<VARIANCE> 6
 7.479425e+01 6.496202e+06 5.983116e+05 2.897276e+02 3.398000e+04 4.206700e+07
<GCONST> 7.798784e+01
<MIXTURE> 4 8.990064e-02
<MEAN> 6
 -3.883719e+01 4.565129e+02 3.630491e+02 -1.042848e+01 5.602772e+02 3.364157e+01
<VARIANCE> 6
 1.058861e+02 1.139924e+06 2.146242e+06 6.917244e+03 1.227853e+05 4.206700e+07
<GCONST> 8.233006e+01
<MIXTURE> 5 3.463143e-02
<MEAN> 6
 7.600051e+01 3.401294e+02 -2.679882e+03 5.597641e-01 -4.650853e+01 -3.191185e+02
<VARIANCE> 6
 3.682217e+01 2.090350e+05 1.860748e+06 2.897276e+02 3.398000e+04 4.206700e+07
<GCONST> 7.497735e+01
<MIXTURE> 6 4.763339e-02
<MEAN> 6
 1.575595e+01 -5.656720e+03 3.737416e+02 1.216452e+01 2.804618e+01 -2.439077e+02
<VARIANCE> 6
 2.967545e+03 3.097857e+05 1.325618e+05 1.978653e+04 1.907565e+05 4.206700e+07
<GCONST> 8.306747e+01
<MIXTURE> 7 4.898414e-02
<MEAN> 6
 2.888251e+01 4.784146e+02 6.031593e+02 9.074178e+01 -4.349252e+01 -1.680698e+02
<VARIANCE> 6
 4.209253e+02 1.194901e+05 1.002339e+06 7.885817e+02 3.398000e+04 4.206700e+07
<GCONST> 7.723708e+01
<MIXTURE> 8 1.223165e-01
<MEAN> 6
 1.445652e+00 -1.877341e+02 3.760978e+01 -1.389538e+02 1.439084e+02 1.628093e+03
<VARIANCE> 6
 4.009908e+02 7.266352e+05 4.066459e+05 2.072449e+03 1.417664e+05 1.133995e+08
<GCONST> 8.147793e+01
<MIXTURE> 9 6.353737e-02
<MEAN> 6
 6.575253e+01 3.331813e+02 1.064025e+02 3.165134e+01 -1.854429e+02 -4.613242e+02
<VARIANCE> 6
 8.720420e+01 4.442431e+05 6.332291e+05 2.596497e+03 7.215005e+04 4.206700e+07
<GCONST> 7.846143e+01
<MIXTURE> 10 7.698090e-02
<MEAN> 6
 -1.240567e+01 -9.072197e+01 -1.279170e+02 1.101579e+02 1.549450e+02 -2.357129e+03
<VARIANCE> 6
 1.493302e+02 5.123702e+05 3.656240e+05 2.894877e+03 1.200976e+05 5.384628e+07
<GCONST> 7.945799e+01
<MIXTURE> 11 5.599276e-02
<MEAN> 6
 4.471093e+01 -9.862908e+01 1.224652e+02 -1.053985e+01 -2.004775e+02 3.053291e+02
<VARIANCE> 6
 1.695491e+02 1.626613e+06 1.248686e+06 1.698082e+04 3.398000e+04 4.206700e+07
<GCONST> 8.222816e+01
<MIXTURE> 12 7.968059e-02
<MEAN> 6
 6.463972e+01 -6.058773e+02 -8.783559e+01 -5.734489e+01 -5.051498e+02 4.831038e+02
<VARIANCE> 6
 1.804087e+02 1.034752e+06 2.346091e+05 6.543872e+03 1.097955e+05 4.206700e+07
<GCONST> 8.038527e+01
<MIXTURE> 13 9.242982e-02
<MEAN> 6
 -3.340422e+01 -6.625011e+00 2.291940e+02 1.317116e+01 1.974235e+02 5.379603e+01
<VARIANCE> 6
 1.343750e+02 3.772291e+05 6.650199e+05 1.206167e+03 4.112544e+04 4.206700e+07
<GCONST> 7.745044e+01
<MIXTURE> 14 6.866376e-02
<MEAN> 6
 2.737686e+01 1.440174e+02 -7.541441e+01 1.238919e+02 -6.364362e+01 -6.618937e+02
<VARIANCE> 6
 3.961363e+02 5.124041e+05 2.307702e+05 1.204007e+03 3.398000e+04 4.206700e+07
<GCONST> 7.758678e+01
<MIXTURE> 15 6.147017e-02
<MEAN> 6
 6.908662e+01 -2.696653e+01 -2.781444e+02 9.131977e+00 -2.683816e+02 -6.874160e+02
<VARIANCE> 6
 1.279616e+02 3.737260e+05 5.678292e+05 3.647132e+03 7.526588e+04 4.206700e+07
<GCONST> 7.894510e+01
<STATE> 9
<NUMMIXES> 15
<MIXTURE> 1 7.483646e-02
<MEAN> 6
 8.268424e+01 3.534445e+02 3.332773e+02 -4.595702e+00 1.069923e+00 1.137138e+02
<VARIANCE> 6
 3.147101e+01 3.329461e+05 5.377252e+04 2.897276e+02 3.398000e+04 4.206700e+07
<GCONST> 7.174182e+01
<MIXTURE> 2 9.576333e-02
<MEAN> 6
 5.655825e+01 6.530048e+02 2.504078e+01 3.907155e-02 4.544774e+00 -1.125036e+02
<VARIANCE> 6
 3.147101e+01 4.055226e+04 1.326227e+04 2.897276e+02 3.398000e+04 4.206700e+07
<GCONST> 6.823660e+01
<MIXTURE> 3 3.516456e-02
<MEAN> 6
 6.286785e+01 1.550115e+03 9.052655e+02 -6.169951e+00 1.311118e+01 2.488108e+02
<VARIANCE> 6
 3.147101e+01 5.312452e+05 8.087629e+05 2.897276e+02 3.398000e+04 4.206700e+07
<GCONST> 7.491981e+01
<MIXTURE> 4 6.895633e-02
<MEAN> 6
 5.651796e+01 2.098876e+01 -1.666335e+02 7.641838e-01 -1.206951e+00 -1.952118e+02
<VARIANCE> 6
 3.147101e+01 1.073221e+04 1.326227e+04 2.897276e+02 3.398000e+04 4.206700e+07
<GCONST> 6.690726e+01
<MIXTURE> 5 7.699489e-02
<MEAN> 6
 7.591150e+01 9.779106e+02 -8.386745e+00 -3.311083e+00 4.475359e+00 -5.689887e+01
<VARIANCE> 6
 3.147101e+01 6.012643e+04 2.659307e+04 2.897276e+02 3.398000e+04 4.206700e+07
<GCONST> 6.932618e+01
<MIXTURE> 6 6.045834e-02
<MEAN> 6
 7.783585e+01 -1.124726e+03 -7.869270e+01 -4.317430e+00 1.186526e-01 8.468271e+01
<VARIANCE> 6
 9.498492e+01 1.205307e+05 1.326227e+04 2.897276e+02 3.398000e+04 4.206700e+07
<GCONST> 7.043056e+01
<MIXTURE> 7 5.440766e-02
<MEAN> 6
 8.046448e+01 -4.638643e+01 4.634127e+02 -4.427065e+00 -2.650301e-01 9.556285e+01
<VARIANCE> 6
 3.147101e+01 2.894103e+05 7.024697e+04 2.897276e+02 3.398000e+04 4.206700e+07
<GCONST> 7.186894e+01
<MIXTURE> 8 6.277728e-02
<MEAN> 6
 7.395361e+01 1.400799e+03 -4.885362e+02 -3.194910e+00 -2.142325e+00 7.849594e+01
<VARIANCE> 6
 3.147101e+01 2.015239e+05 5.232748e+04 2.897276e+02 3.398000e+04 4.206700e+07
<GCONST> 7.121251e+01
<MIXTURE> 9 8.464818e-02
<MEAN> 6
 7.910266e+01 -6.612824e+02 2.175927e+02 -4.093040e+00 6.699984e+00 8.179308e+01
<VARIANCE> 6
 3.411726e+01 1.022152e+05 2.938041e+04 2.897276e+02 3.398000e+04 4.206700e+07
<GCONST> 7.003722e+01
<MIXTURE> 10 8.782218e-02
<MEAN> 6
 7.996267e+01 2.674036e+02 -1.936138e+02 -2.049915e+00 -4.514549e+00 -1.530924e+01
<VARIANCE> 6
 3.147101e+01 6.487241e+04 1.877627e+04 2.897276e+02 3.398000e+04 4.206700e+07
<GCONST> 6.905410e+01
<MIXTURE> 11 6.905275e-02
<MEAN> 6
 5.651797e+01 2.098837e+01 -1.666337e+02 7.641864e-01 -1.206921e+00 -1.952120e+02
<VARIANCE> 6
 3.147101e+01 1.073221e+04 1.326227e+04 2.897276e+02 3.398000e+04 4.206700e+07
<GCONST> 6.690726e+01
<MIXTURE> 12 5.630391e-02
<MEAN> 6
 7.917399e+01 3.651028e+02 -5.655216e+02 -2.370527e+00 -6.648267e+00 1.309289e+02
<VARIANCE> 6
 3.147101e+01 2.566161e+05 4.163048e+04 2.897276e+02 3.398000e+04 4.206700e+07
<GCONST> 7.122549e+01
<MIXTURE> 13 4.693882e-02
<MEAN> 6
 7.767737e+01 -6.257543e+02 5.469254e+02 -5.225235e+00 8.314789e+00 7.757737e+01
<VARIANCE> 6
 3.147101e+01 5.723949e+05 9.016404e+04 2.897276e+02 3.398000e+04 4.206700e+07
<GCONST> 7.280054e+01
<MIXTURE> 14 7.736812e-02
<MEAN> 6
 7.657231e+01 -2.546302e+02 -1.936312e+02 -1.394259e+00 -6.394484e+00 -3.214397e+00
<VARIANCE> 6
 3.147101e+01 1.073221e+04 2.701786e+04 2.897276e+02 3.398000e+04 4.206700e+07
<GCONST> 6.761883e+01
<MIXTURE> 15 4.842790e-02
<MEAN> 6
 6.815237e+01 -1.390609e+03 -1.716752e+02 -3.018636e+00 4.347461e+00 3.195093e+01
<VARIANCE> 6
 6.167398e+01 3.451640e+05 1.326227e+04 2.897276e+02 3.398000e+04 4.206700e+07
<GCONST> 7.105082e+01
<STATE> 10
<NUMMIXES> 15
<MIXTURE> 1 1.138144e-02
<MEAN> 6
 -3.662850e+01 6.359529e+01 3.814579e+02 -2.471884e+00 4.879284e+02 -1.660531e+03
<VARIANCE> 6
 4.198613e+02 5.713172e+04 1.269220e+06 1.488642e+04 2.224156e+05 1.184323e+08
<GCONST> 8.258457e+01
<MIXTURE> 2 4.614739e-02
<MEAN> 6
 -4.008439e+01 4.428777e+01 2.424264e+01 -4.843928e+01 1.104844e+03 6.694392e+02
<VARIANCE> 6
 1.438745e+02 9.251106e+04 4.130652e+04 1.672102e+04 3.379832e+05 3.315464e+08
<GCONST> 8.013451e+01
<MIXTURE> 3 8.629840e-02
<MEAN> 6
 1.418338e+01 1.773755e+01 5.895363e+01 1.680353e+02 -1.081838e+02 -3.248587e+03
<VARIANCE> 6
 7.119578e+02 4.706840e+04 4.119196e+04 1.722477e+03 1.397841e+05 8.973803e+07
<GCONST> 7.659241e+01
<MIXTURE> 4 5.170025e-02
<MEAN> 6
 7.199573e+01 -6.338348e+01 7.044710e+01 -1.381386e+01 -5.298462e+01 3.941175e+02
<VARIANCE> 6
 8.747579e+01 2.329403e+05 2.142788e+04 2.897276e+02 3.398000e+04 4.206700e+07
<GCONST> 7.148685e+01
<MIXTURE> 5 5.448180e-02
<MEAN> 6
 8.141011e+01 -5.185253e+02 -4.124242e+01 9.050259e+00 -5.828347e+02 -4.154869e+02
<VARIANCE> 6
 1.961911e+02 6.227164e+05 5.344971e+04 5.565804e+03 4.110219e+05 1.699787e+08
<GCONST> 8.103668e+01
<MIXTURE> 6 7.376620e-02
<MEAN> 6
 6.225133e+01 -1.826340e+02 4.647239e+01 6.489047e+01 -3.588829e+02 -6.115463e+02
<VARIANCE> 6
 7.133287e+01 1.868123e+05 4.789879e+04 2.700807e+03 7.431861e+04 4.206700e+07
<GCONST> 7.488152e+01
<MIXTURE> 7 8.480029e-02
<MEAN> 6
 1.235457e+01 9.404539e+01 1.276020e+02 -2.056064e+02 -1.102008e+01 6.417444e+03
<VARIANCE> 6
 4.469800e+02 1.238876e+05 4.557662e+04 2.410886e+03 3.263436e+05 1.787109e+08
<GCONST> 7.906879e+01
<MIXTURE> 8 9.211282e-02
<MEAN> 6
 -4.235054e+01 -1.063332e+01 1.832910e+01 3.186469e+01 5.925612e+02 -9.390907e+02
<VARIANCE> 6
 1.232392e+02 5.434445e+04 2.314371e+04 5.865941e+03 8.802645e+04 4.206700e+07
<GCONST> 7.441105e+01
<MIXTURE> 9 8.283763e-02
<MEAN> 6
 5.386637e+01 1.124016e+02 3.671753e+01 -1.170668e+02 -5.595944e+02 3.347667e+01
<VARIANCE> 6
 1.736659e+02 1.092130e+05 1.484267e+04 2.694069e+03 1.287060e+05 4.206700e+07
<GCONST> 7.460958e+01
<MIXTURE> 10 1.012080e-01
<MEAN> 6
 1.596393e+01 -2.187745e+02 -8.685257e+01 1.338508e+02 1.339342e+01 -6.093532e+02
<VARIANCE> 6
 3.737465e+02 1.245770e+05 5.506256e+04 1.325518e+03 4.426622e+04 4.206700e+07
<GCONST> 7.504205e+01
<MIXTURE> 11 5.501197e-02
<MEAN> 6
 -2.328056e+01 -2.121860e+01 -4.150733e+00 4.975023e+01 1.487161e+02 3.248567e+02
<VARIANCE> 6
 1.820064e+02 7.623699e+04 3.197885e+04 1.466685e+03 5.838869e+04 4.206700e+07
<GCONST> 7.366615e+01
<MIXTURE> 12 6.967432e-02
<MEAN> 6
 5.501840e+01 -9.401312e+01 -1.103017e+02 2.822889e+01 -2.673051e+02 -9.428645e+01
<VARIANCE> 6
 9.114056e+01 2.271241e+04 8.099670e+04 6.622556e+03 5.088868e+04 4.206700e+07
<GCONST> 7.406290e+01
<MIXTURE> 13 7.382511e-02
<MEAN> 6
 -9.011904e+00 -4.940163e+01 3.097507e+01 -1.349670e+02 1.594025e+02 -9.722917e+02
<VARIANCE> 6
 3.827238e+02 3.686447e+04 3.744417e+04 1.338916e+03 1.289801e+05 8.532321e+07
<GCONST> 7.524917e+01
<MIXTURE> 14 6.499220e-02
<MEAN> 6
 6.682185e+01 -9.305067e+01 -7.494695e+01 -3.640750e+00 -6.067400e+01 -1.349785e+02
<VARIANCE> 6
 3.147101e+01 8.094358e+04 3.904175e+04 2.897276e+02 3.398000e+04 4.206700e+07
<GCONST> 7.000746e+01
<MIXTURE> 15 5.162949e-02
<MEAN> 6
 -3.265939e+01 -3.898001e+01 -1.959152e+02 9.207471e+00 1.575028e+02 2.308767e+01
<VARIANCE> 6
 1.172695e+02 8.525787e+04 7.742591e+04 2.305493e+03 4.653591e+04 4.206700e+07
<GCONST> 7.444805e+01
<TRANSP> 11
 0.000000e+00 1.000000e+00 0.000000e+00 0.000000e+00 0.000000e+00 0.000000e+00 0.000000e+00 0.000000e+00 0.000000e+00 0.000000e+00 0.000000e+00
 0.000000e+00 9.992449e-01 7.551221e-04 0.000000e+00 0.000000e+00 0.000000e+00 0.000000e+00 0.000000e+00 0.000000e+00 0.000000e+00 0.000000e+00
 0.000000e+00 0.000000e+00 9.990759e-01 9.241310e-04 0.000000e+00 0.000000e+00 0.000000e+00 0.000000e+00 0.000000e+00 0.000000e+00 0.000000e+00
 0.000000e+00 0.000000e+00 0.000000e+00 9.997278e-01 2.721988e-04 0.000000e+00 0.000000e+00 0.000000e+00 0.000000e+00 0.000000e+00 0.000000e+00
 0.000000e+00 0.000000e+00 0.000000e+00 0.000000e+00 9.994764e-01 5.235293e-04 0.000000e+00 0.000000e+00 0.000000e+00 0.000000e+00 0.000000e+00
 0.000000e+00 0.000000e+00 0.000000e+00 0.000000e+00 0.000000e+00 9.998987e-01 1.013569e-04 0.000000e+00 0.000000e+00 0.000000e+00 0.000000e+00
 0.000000e+00 0.000000e+00 0.000000e+00 0.000000e+00 0.000000e+00 0.000000e+00 9.991351e-01 8.649195e-04 0.000000e+00 0.000000e+00 0.000000e+00
 0.000000e+00 0.000000e+00 0.000000e+00 0.000000e+00 0.000000e+00 0.000000e+00 0.000000e+00 9.996757e-01 3.242941e-04 0.000000e+00 0.000000e+00
 0.000000e+00 0.000000e+00 0.000000e+00 0.000000e+00 0.000000e+00 0.000000e+00 0.000000e+00 0.000000e+00 9.991519e-01 8.481077e-04 0.000000e+00
 0.000000e+00 0.000000e+00 0.000000e+00 0.000000e+00 0.000000e+00 0.000000e+00 0.000000e+00 0.000000e+00 0.000000e+00 9.997488e-01 2.512439e-04
 0.000000e+00 0.000000e+00 0.000000e+00 0.000000e+00 0.000000e+00 0.000000e+00 0.000000e+00 0.000000e+00 0.000000e+00 0.000000e+00 0.000000e+00
<ENDHMM>
~h "QuintoPRIMARIA"
<BEGINHMM>
<NUMSTATES> 11
<STATE> 2
<NUMMIXES> 15
<MIXTURE> 1 5.157936e-02
<MEAN> 6
 7.655470e+01 1.335892e+03 4.102553e+02 -2.185023e+00 -3.000250e+01 -3.281045e+02
<VARIANCE> 6
 3.578263e+01 8.939062e+05 8.516156e+05 2.897276e+02 3.398000e+04 4.206700e+07
<GCONST> 7.562021e+01
<MIXTURE> 2 6.201763e-02
<MEAN> 6
 -2.227090e+00 2.068349e+03 2.925214e+02 1.399935e+01 8.128137e+01 -4.710759e+02
<VARIANCE> 6
 1.765729e+03 1.295226e+06 8.445071e+05 1.887733e+04 1.309300e+05 4.206700e+07
<GCONST> 8.540719e+01
<MIXTURE> 3 1.033533e-01
<MEAN> 6
 6.071704e+01 3.185686e+02 -2.156264e+03 5.629002e-02 -1.130157e+01 -6.998110e+01
<VARIANCE> 6
 3.147101e+01 2.882692e+05 8.574832e+05 2.897276e+02 3.398000e+04 4.206700e+07
<GCONST> 7.436697e+01
<MIXTURE> 4 1.602230e-02
<MEAN> 6
 5.717800e+01 -8.600657e+03 -1.987183e+03 -5.420851e-01 -5.381382e+00 -5.853438e+01
<VARIANCE> 6
 3.147101e+01 2.231091e+07 3.252632e+04 2.897276e+02 3.398000e+04 4.206700e+07
<GCONST> 7.544396e+01
<MIXTURE> 5 7.621773e-02
<MEAN> 6
 -3.797476e+01 3.023378e+01 -6.720291e+02 -1.335942e+02 9.244941e+02 4.077439e+03
<VARIANCE> 6
 7.730530e+02 1.378898e+06 3.522287e+06 3.246984e+04 1.235372e+06 6.249693e+08
<GCONST> 9.155719e+01
<MIXTURE> 6 8.742626e-02
<MEAN> 6
 9.217170e+01 4.150777e+02 3.325475e+02 -3.331656e+00 -1.794438e+01 -8.597543e+01
<VARIANCE> 6
 4.288971e+01 1.655232e+05 4.671255e+06 2.897276e+02 3.398000e+04 4.206700e+07
<GCONST> 7.581694e+01
<MIXTURE> 7 4.592374e-02
<MEAN> 6
 7.727589e+01 6.206555e+02 3.905052e+02 9.832487e+00 -8.631716e+02 -7.271034e+02
<VARIANCE> 6
 1.740870e+02 2.124315e+06 9.796870e+06 1.287162e+04 6.094061e+05 3.640714e+08
<GCONST> 8.934923e+01
<MIXTURE> 8 7.438592e-02
<MEAN> 6
 5.156170e+01 -4.543160e+02 7.317499e+02 2.132331e+00 -2.329224e+01 -1.278961e+02
<VARIANCE> 6
 3.147101e+01 3.383435e+05 1.162027e+06 2.897276e+02 3.398000e+04 4.206700e+07
<GCONST> 7.483106e+01
<MIXTURE> 9 8.220509e-02
<MEAN> 6
 -3.986026e+01 -2.141435e+02 -2.261187e+01 1.014870e+02 4.908107e+02 -1.409417e+03
<VARIANCE> 6
 2.399716e+02 1.173780e+05 3.426407e+06 1.618190e+04 1.503525e+05 4.206700e+07
<GCONST> 8.239512e+01
<MIXTURE> 10 8.469094e-02
<MEAN> 6
 -6.932825e+01 -2.729248e+02 1.214949e+02 9.690644e+00 3.705417e+02 -1.494153e+02
<VARIANCE> 6
 6.021507e+01 1.736225e+05 3.026914e+06 2.418347e+03 1.645927e+05 4.515622e+07
<GCONST> 7.954059e+01
<MIXTURE> 11 1.001739e-01
<MEAN> 6
 4.898637e+01 -1.156800e+02 4.855332e+02 4.167529e+01 -3.986655e+02 -3.136503e+02
<VARIANCE> 6
 3.360043e+02 1.069207e+05 2.991480e+06 1.653966e+04 7.435680e+04 4.206700e+07
<GCONST> 8.182043e+01
<MIXTURE> 12 1.946972e-02
<MEAN> 6
 5.235266e+01 4.094680e+02 -2.507792e+03 3.645455e+00 -1.994140e+01 -6.313006e+01
<VARIANCE> 6
 3.147101e+01 2.453847e+04 1.592115e+07 3.043297e+02 3.398000e+04 4.206700e+07
<GCONST> 7.487390e+01
<MIXTURE> 13 8.568538e-02
<MEAN> 6
 2.944412e+00 -2.619307e+02 4.654019e+02 -7.424842e+00 -1.521592e+02 -2.188635e+03
<VARIANCE> 6
 4.036638e+02 1.003912e+05 3.924073e+06 4.847961e+04 1.727113e+05 8.553738e+07
<GCONST> 8.484006e+01
<MIXTURE> 14 5.990290e-02
<MEAN> 6
 5.077957e+01 2.981766e+01 2.085303e+02 -6.246678e+01 -7.732341e+02 2.417337e+03
<VARIANCE> 6
 3.169932e+02 1.189986e+06 5.005444e+06 3.221366e+04 3.913905e+05 1.181672e+08
<GCONST> 8.804684e+01
<MIXTURE> 15 5.075879e-02
<MEAN> 6
 7.509406e+01 1.047495e+03 1.653151e+02 -1.702521e+00 -3.743948e+01 -2.564647e+02
<VARIANCE> 6
 3.147101e+01 9.838655e+05 1.328166e+06 2.897276e+02 3.398000e+04 4.206700e+07
<GCONST> 7.603213e+01
<STATE> 3
<NUMMIXES> 15
<MIXTURE> 1 3.716234e-02
<MEAN> 6
 8.961398e+01 2.146422e+02 3.734961e+03 -2.131854e-02 -5.630276e+00 -1.588112e+02
<VARIANCE> 6
 3.147101e+01 1.073221e+04 1.326227e+04 2.897276e+02 3.398000e+04 4.206700e+07
<GCONST> 6.690726e+01
<MIXTURE> 2 8.093102e-02
<MEAN> 6
 5.738855e+01 2.288134e-01 3.365801e+02 -1.367259e-01 1.790494e-01 -1.001737e+02
<VARIANCE> 6
 3.147101e+01 1.073221e+04 1.326227e+04 2.897276e+02 3.398000e+04 4.206700e+07
<GCONST> 6.690726e+01
<MIXTURE> 3 4.348656e-02
<MEAN> 6
 6.424093e+01 1.351925e+02 -5.855618e+02 -6.332883e-01 -8.636191e+00 -1.505183e+02
<VARIANCE> 6
 3.147101e+01 1.073221e+04 1.424760e+04 2.897276e+02 3.398000e+04 4.206700e+07
<GCONST> 6.697892e+01
<MIXTURE> 4 3.766053e-02
<MEAN> 6
 6.068558e+01 -2.349996e+02 8.755373e+02 -3.442059e-01 -6.391652e+00 -7.516830e+01
<VARIANCE> 6
 3.147101e+01 1.073221e+04 1.326227e+04 2.897276e+02 3.398000e+04 4.206700e+07
<GCONST> 6.690726e+01
<MIXTURE> 5 5.959258e-02
<MEAN> 6
 6.042899e+01 5.911329e+00 1.085932e+02 1.655180e-01 -2.676182e+00 -1.611297e+02
<VARIANCE> 6
 3.147101e+01 3.503259e+04 1.332851e+04 2.897276e+02 3.398000e+04 4.206700e+07
<GCONST> 6.809527e+01
<MIXTURE> 6 5.613182e-02
<MEAN> 6
 8.064405e+01 -4.968471e+02 2.247866e+03 -6.520252e-01 -4.710906e+00 -3.952290e+01
<VARIANCE> 6
 3.147101e+01 2.477772e+04 4.696018e+05 2.897276e+02 3.398000e+04 4.206700e+07
<GCONST> 7.131091e+01
<MIXTURE> 7 5.785602e-02
<MEAN> 6
 6.074870e+01 -2.306416e+01 1.072979e+02 -1.207301e-01 -4.063357e+00 -1.294509e+02
<VARIANCE> 6
 3.147101e+01 1.073221e+04 1.501689e+04 2.897276e+02 3.398000e+04 4.206700e+07
<GCONST> 6.703151e+01
<MIXTURE> 8 6.855099e-02
<MEAN> 6
 5.958117e+01 -4.035133e+02 1.171786e+01 6.185920e-01 -5.492425e+00 -4.331160e+01
<VARIANCE> 6
 3.147101e+01 1.073221e+04 1.326227e+04 2.897276e+02 3.398000e+04 4.206700e+07
<GCONST> 6.690726e+01
<MIXTURE> 9 1.055599e-01
<MEAN> 6
 6.184640e+01 -1.401690e+02 -3.597008e+02 1.330997e-01 -3.565972e+00 -1.250973e+02
<VARIANCE> 6
 3.147101e+01 1.073221e+04 1.326227e+04 2.897276e+02 3.398000e+04 4.206700e+07
<GCONST> 6.690726e+01
<MIXTURE> 10 9.103756e-02
<MEAN> 6
 7.083226e+01 3.688465e+02 3.502618e+03 -2.551345e-01 -3.269333e+00 -1.653345e+02
<VARIANCE> 6
 3.147101e+01 1.155410e+05 7.310604e+05 2.897276e+02 3.398000e+04 4.206700e+07
<GCONST> 7.329320e+01
<MIXTURE> 11 5.305152e-02
<MEAN> 6
 5.496189e+01 1.263891e+02 -1.380266e+02 -2.575076e-01 -2.680223e+00 -9.041241e+01
<VARIANCE> 6
 3.147101e+01 4.071473e+04 1.326227e+04 2.897276e+02 3.398000e+04 4.206700e+07
<GCONST> 6.824059e+01
<MIXTURE> 12 5.963911e-02
<MEAN> 6
 6.119216e+01 -1.515909e+02 -6.004294e+02 -3.431171e-01 -1.757948e+00 -8.304491e+01
<VARIANCE> 6
 3.147101e+01 1.073221e+04 2.604136e+04 2.897276e+02 3.398000e+04 4.206700e+07
<GCONST> 6.758202e+01
<MIXTURE> 13 7.844324e-02
<MEAN> 6
 5.640394e+01 -2.024303e+01 3.633300e+02 -3.887352e-01 1.619995e-01 -1.111512e+02
<VARIANCE> 6
 3.147101e+01 1.073221e+04 1.326227e+04 2.897276e+02 3.398000e+04 4.206700e+07
<GCONST> 6.690726e+01
<MIXTURE> 14 1.120068e-01
<MEAN> 6
 5.811404e+01 -8.089793e+01 -1.568576e+01 -2.377857e-01 -7.370828e+00 -1.484079e+02
<VARIANCE> 6
 3.147101e+01 1.073221e+04 1.326227e+04 2.897276e+02 3.398000e+04 4.206700e+07
<GCONST> 6.690726e+01
<MIXTURE> 15 5.882982e-02
<MEAN> 6
 7.844360e+01 -5.681854e+02 1.362418e+03 -1.396046e-01 -3.535958e+00 -9.096655e+01
<VARIANCE> 6
 3.147101e+01 1.830701e+04 3.457139e+05 2.897276e+02 3.398000e+04 4.206700e+07
<GCONST> 7.070198e+01
<STATE> 4
<NUMMIXES> 15
<MIXTURE> 1 4.983715e-02
<MEAN> 6
 7.555873e+01 1.774046e+02 5.408828e+02 1.228153e+00 -2.841901e+00 -1.770061e+02
<VARIANCE> 6
 3.147101e+01 1.352766e+04 7.322309e+04 2.897276e+02 3.398000e+04 4.206700e+07
<GCONST> 6.884733e+01
<MIXTURE> 2 8.363950e-02
<MEAN> 6
 8.256109e+01 5.343287e+02 -1.039135e+03 -6.233678e-01 -6.466545e+00 -1.038114e+02
<VARIANCE> 6
 3.147101e+01 2.067052e+04 8.008719e+04 2.897276e+02 3.398000e+04 4.206700e+07
<GCONST> 6.936090e+01
<MIXTURE> 3 7.838799e-02
<MEAN> 6
 6.713556e+01 1.031208e+03 -2.524809e+02 -8.762982e-01 -2.610733e+00 -8.342992e+01
<VARIANCE> 6
 3.147101e+01 1.095005e+05 1.366132e+04 2.897276e+02 3.398000e+04 4.206700e+07
<GCONST> 6.925957e+01
<MIXTURE> 4 7.582218e-02
<MEAN> 6
 9.756213e+01 -5.000446e+02 -5.436664e+02 -9.555224e-01 -2.159703e+00 -6.129436e+01
<VARIANCE> 6
 3.186341e+01 1.073221e+04 1.326227e+04 2.897276e+02 3.398000e+04 4.206700e+07
<GCONST> 6.691965e+01
<MIXTURE> 5 6.631585e-02
<MEAN> 6
 7.103421e+01 -7.812391e+02 -5.953327e+02 -8.329526e-01 -1.444874e+01 -9.059364e+01
<VARIANCE> 6
 3.147101e+01 3.039345e+05 1.326227e+04 2.897276e+02 3.398000e+04 4.206700e+07
<GCONST> 7.025082e+01
<MIXTURE> 6 7.025915e-02
<MEAN> 6
 7.380507e+01 -1.875912e+02 -1.561141e+02 -6.104208e-01 -1.907833e+00 -1.283238e+02
<VARIANCE> 6
 3.147101e+01 1.073221e+04 1.326227e+04 2.897276e+02 3.398000e+04 4.206700e+07
<GCONST> 6.690726e+01
<MIXTURE> 7 5.090399e-02
<MEAN> 6
 8.467336e+01 5.243328e+01 -1.937024e+02 2.689324e-01 -8.118024e+00 -8.508825e+01
<VARIANCE> 6
 3.147101e+01 1.073221e+04 1.326227e+04 2.897276e+02 3.398000e+04 4.206700e+07
<GCONST> 6.690726e+01
<MIXTURE> 8 5.733992e-02
<MEAN> 6
 7.299992e+01 -8.001320e+02 -1.504473e+01 6.048378e-01 3.579544e-01 -1.102273e+02
<VARIANCE> 6
 3.147101e+01 1.566051e+04 1.326227e+04 2.897276e+02 3.398000e+04 4.206700e+07
<GCONST> 6.728515e+01
<MIXTURE> 9 5.082614e-02
<MEAN> 6
 6.603799e+01 1.318729e+03 -6.148301e+02 -6.610181e-01 -2.377004e+00 -6.862222e+01
<VARIANCE> 6
 3.147101e+01 1.073221e+04 1.521210e+04 2.897276e+02 3.398000e+04 4.206700e+07
<GCONST> 6.704443e+01
<MIXTURE> 10 7.576016e-02
<MEAN> 6
 8.009286e+01 -8.418994e+01 2.932673e+02 -6.330647e-01 -4.174402e+00 -9.597919e+01
<VARIANCE> 6
 3.147101e+01 1.124002e+05 1.615307e+04 2.897276e+02 3.398000e+04 4.206700e+07
<GCONST> 6.945325e+01
<MIXTURE> 11 9.686226e-02
<MEAN> 6
 6.754594e+01 4.282161e+02 -2.517496e+02 -4.419218e-01 -1.864239e+00 -1.500527e+02
<VARIANCE> 6
 3.147101e+01 1.073221e+04 2.549606e+04 2.897276e+02 3.398000e+04 4.206700e+07
<GCONST> 6.756085e+01
<MIXTURE> 12 9.331538e-02
<MEAN> 6
 7.508775e+01 1.687026e+02 5.598281e+01 1.083763e+00 -6.846483e+00 -1.964594e+02
<VARIANCE> 6
 3.147101e+01 1.073221e+04 1.326227e+04 2.897276e+02 3.398000e+04 4.206700e+07
<GCONST> 6.690726e+01
<MIXTURE> 13 2.800848e-02
<MEAN> 6
 8.354523e+01 -1.469853e+03 -1.197940e+03 2.564083e-01 -8.632200e+00 3.243478e+01
<VARIANCE> 6
 9.619107e+01 1.073221e+04 1.312114e+05 2.897276e+02 3.398000e+04 4.206700e+07
<GCONST> 7.031641e+01
<MIXTURE> 14 7.177979e-02
<MEAN> 6
 7.265094e+01 -1.206897e+03 -1.603652e+02 3.723451e-01 -7.799283e+00 -8.636361e+01
<VARIANCE> 6
 3.147101e+01 3.474715e+04 5.233102e+04 2.897276e+02 3.398000e+04 4.206700e+07
<GCONST> 6.945477e+01
<MIXTURE> 15 5.086239e-02
<MEAN> 6
 8.411222e+01 3.026996e+01 -1.903535e+02 1.977178e-01 -6.160280e+00 -9.848682e+01
<VARIANCE> 6
 3.147101e+01 1.073221e+04 1.326227e+04 2.897276e+02 3.398000e+04 4.206700e+07
<GCONST> 6.690726e+01
<STATE> 5
<NUMMIXES> 15
<MIXTURE> 1 9.142913e-02
<MEAN> 6
 7.886307e+00 -2.382850e+02 2.252765e+02 2.702593e+02 7.308069e+01 -7.305688e+03
<VARIANCE> 6
 5.194272e+02 5.009543e+05 4.038595e+05 5.899261e+03 3.801328e+05 9.355477e+07
<GCONST> 8.319800e+01
<MIXTURE> 2 2.473552e-02
<MEAN> 6
 3.791801e+01 -1.020154e+02 -2.012462e+03 -8.217796e+01 -6.114641e+02 7.626864e+03
<VARIANCE> 6
 3.431588e+03 9.702029e+05 1.109974e+07 7.146051e+04 4.252740e+06 2.671740e+09
<GCONST> 9.732170e+01
<MIXTURE> 3 7.585535e-02
<MEAN> 6
 8.511037e+01 8.578859e+01 6.633747e+01 -1.010962e+01 -5.949989e+01 -6.153444e+02
<VARIANCE> 6
 1.484860e+02 3.103584e+05 2.222207e+05 2.897276e+02 3.398000e+04 4.206700e+07
<GCONST> 7.464191e+01
<MIXTURE> 4 6.776222e-02
<MEAN> 6
 4.706968e+01 -2.343164e+01 1.994272e+01 1.101591e+02 -2.037851e+02 1.061436e+02
<VARIANCE> 6
 4.882870e+02 7.294910e+04 5.810645e+04 1.600577e+04 9.153356e+04 4.206700e+07
<GCONST> 7.804565e+01
<MIXTURE> 5 7.572396e-02
<MEAN> 6
 -6.215183e+01 2.554402e+01 -9.923543e+01 1.141000e+01 1.807528e+02 2.376294e+02
<VARIANCE> 6
 1.617193e+02 3.906494e+05 4.336698e+05 6.407379e+02 6.200128e+04 4.206700e+07
<GCONST> 7.702103e+01
<MIXTURE> 6 5.829729e-02
<MEAN> 6
 7.420328e+01 -1.381891e+02 -1.730761e+01 5.962368e+01 -4.976768e+02 -6.267307e+02
<VARIANCE> 6
 3.401812e+02 8.035021e+05 9.798680e+05 1.617988e+04 9.338073e+04 4.206700e+07
<GCONST> 8.293938e+01
<MIXTURE> 7 6.892983e-02
<MEAN> 6
 8.902960e+01 6.859953e+01 -3.716754e+01 3.071097e+01 -9.650250e+02 -1.964854e+03
<VARIANCE> 6
 1.900942e+02 3.646110e+05 2.602882e+05 1.662099e+04 1.107634e+06 6.433631e+08
<GCONST> 8.546929e+01
<MIXTURE> 8 6.334390e-02
<MEAN> 6
 -4.844328e+01 -9.034333e+01 -1.460152e+02 -1.411037e+02 1.600188e+03 1.849503e+03
<VARIANCE> 6
 3.027638e+02 1.369976e+06 7.292651e+05 2.354855e+04 9.904038e+05 8.026028e+08
<GCONST> 8.874637e+01
<MIXTURE> 9 4.960170e-02
<MEAN> 6
 4.354480e+01 -2.161118e+02 -3.556823e+02 -1.322263e+02 -5.868434e+02 3.949746e+03
<VARIANCE> 6
 1.513739e+03 1.933126e+06 2.922749e+06 4.400939e+04 6.318128e+05 1.782271e+08
<GCONST> 9.075935e+01
<MIXTURE> 10 5.204875e-02
<MEAN> 6
 -4.534139e+01 3.105902e+00 2.061158e+02 1.247245e+02 1.060337e+03 3.100146e+02
<VARIANCE> 6
 2.297885e+02 2.699364e+05 2.591266e+05 1.544657e+04 1.958251e+05 6.147734e+07
<GCONST> 8.119974e+01
<MIXTURE> 11 9.740718e-02
<MEAN> 6
 5.866635e+00 -3.293610e+01 -6.865616e+00 -2.602050e+02 -3.390871e+01 5.959497e+03
<VARIANCE> 6
 6.111064e+02 1.553620e+05 1.635210e+05 6.532546e+03 4.491510e+05 2.367414e+08
<GCONST> 8.248289e+01
<MIXTURE> 12 7.928687e-02
<MEAN> 6
 -3.195787e+01 -3.396194e+01 1.913146e+01 5.979588e+01 4.221091e+02 -3.143972e+02
<VARIANCE> 6
 3.706621e+02 5.482658e+04 4.861107e+04 1.168512e+04 1.049483e+05 4.206700e+07
<GCONST> 7.712816e+01
<MIXTURE> 13 6.945206e-02
<MEAN> 6
 6.523125e+01 -7.100664e+00 -4.418298e+01 -4.946865e+01 -8.187502e+02 -3.684544e+02
<VARIANCE> 6
 2.449741e+02 4.086703e+05 2.079593e+05 3.004390e+04 2.016910e+05 5.184934e+07
<GCONST> 8.198294e+01
<MIXTURE> 14 7.025664e-02
<MEAN> 6
 6.824850e+01 2.335884e+01 -3.126016e+01 -3.874191e+01 -5.886318e+02 -4.841068e+02
<VARIANCE> 6
 4.000800e+02 3.879825e+04 3.699829e+04 1.973780e+04 1.998369e+05 5.688335e+07
<GCONST> 7.805574e+01
<MIXTURE> 15 5.514130e-02
<MEAN> 6
 -5.665007e+01 -8.921667e+01 -3.086673e+01 1.864432e+01 9.091699e+02 -2.515877e+03
<VARIANCE> 6
 1.917285e+02 1.767299e+05 2.989292e+05 1.213037e+04 1.482348e+05 1.196988e+08
<GCONST> 8.088419e+01
<STATE> 6
<NUMMIXES> 15
<MIXTURE> 1 1.019891e-01
<MEAN> 6
 8.496919e+01 -1.643914e+02 3.303389e+03 -4.233293e+00 1.172234e+01 3.810252e+01
<VARIANCE> 6
 1.963023e+02 2.118978e+05 1.696164e+04 2.897276e+02 3.398000e+04 4.206700e+07
<GCONST> 7.196673e+01
<MIXTURE> 2 3.986729e-02
<MEAN> 6
 1.090204e+02 6.393472e+02 3.493282e+02 -6.530516e+00 -1.682740e+00 2.810836e+01
<VARIANCE> 6
 4.909655e+01 1.073221e+04 1.594917e+04 2.897276e+02 3.398000e+04 4.206700e+07
<GCONST> 6.753646e+01
<MIXTURE> 3 6.194833e-02
<MEAN> 6
 7.830141e+01 1.889670e+03 3.594190e+02 -6.225458e+00 5.788849e+00 3.397614e+02
<VARIANCE> 6
 3.147101e+01 4.008334e+05 2.366923e+05 2.897276e+02 3.398000e+04 4.206700e+07
<GCONST> 7.340939e+01
<MIXTURE> 4 4.733631e-02
<MEAN> 6
 1.178532e+02 -1.930620e+03 8.494614e+00 -2.227467e+00 -2.552732e+00 6.734796e+01
<VARIANCE> 6
 5.361355e+01 1.226540e+06 2.627890e+04 2.897276e+02 3.398000e+04 4.206700e+07
<GCONST> 7.286253e+01
<MIXTURE> 5 6.115519e-02
<MEAN> 6
 1.005243e+02 5.138265e+02 -6.400920e+02 -6.356343e+00 -1.007972e+01 2.268031e+02
<VARIANCE> 6
 3.147101e+01 1.073221e+04 5.343889e+05 2.897276e+02 3.398000e+04 4.206700e+07
<GCONST> 7.060345e+01
<MIXTURE> 6 1.106718e-01
<MEAN> 6
 1.013787e+02 7.725760e+02 2.089983e+03 -2.351529e+00 -7.039746e+00 1.077695e+02
<VARIANCE> 6
 3.147101e+01 4.732100e+05 4.260479e+05 2.897276e+02 3.398000e+04 4.206700e+07
<GCONST> 7.416317e+01
<MIXTURE> 7 3.081919e-02
<MEAN> 6
 7.150628e+01 3.747535e+02 -1.203655e+03 -2.354603e+00 7.013509e-01 6.429990e+00
<VARIANCE> 6
 3.147101e+01 1.073221e+04 3.013857e+04 2.897276e+02 3.398000e+04 4.206700e+07
<GCONST> 6.772813e+01
<MIXTURE> 8 6.899346e-02
<MEAN> 6
 9.439294e+01 7.273139e+02 -2.288465e+03 -2.624958e-01 -1.263444e+00 1.698828e+01
<VARIANCE> 6
 3.147101e+01 1.073221e+04 2.441130e+05 2.897276e+02 3.398000e+04 4.206700e+07
<GCONST> 6.981996e+01
<MIXTURE> 9 6.986786e-02
<MEAN> 6
 5.383876e+01 1.745354e+03 1.880229e+03 1.361795e+00 -6.696665e+00 1.941252e+02
<VARIANCE> 6
 3.147101e+01 3.354268e+05 5.691006e+05 2.897276e+02 3.398000e+04 4.206700e+07
<GCONST> 7.410854e+01
<MIXTURE> 10 6.090543e-02
<MEAN> 6
 9.978205e+01 9.926405e+02 2.304509e+02 -3.786213e+00 -1.628725e+00 2.433255e+02
<VARIANCE> 6
 3.147101e+01 1.073221e+04 1.326227e+04 2.897276e+02 3.398000e+04 4.206700e+07
<GCONST> 6.690726e+01
<MIXTURE> 11 5.027208e-02
<MEAN> 6
 7.776738e+01 1.243793e+03 -1.465839e+03 -3.368242e+00 1.024399e+00 -6.848187e-01
<VARIANCE> 6
 3.147101e+01 1.073221e+04 9.448467e+04 2.897276e+02 3.398000e+04 4.206700e+07
<GCONST> 6.887077e+01
<MIXTURE> 12 6.418740e-02
<MEAN> 6
 9.954817e+01 4.813376e+02 -1.077037e+03 -5.057077e+00 -1.454179e+00 -1.070230e-01
<VARIANCE> 6
 3.147101e+01 1.073221e+04 2.836698e+05 2.897276e+02 3.398000e+04 4.206700e+07
<GCONST> 6.997014e+01
<MIXTURE> 13 6.701636e-02
<MEAN> 6
 9.559216e+01 8.865175e+02 2.287956e+01 -4.465316e+00 -6.277872e+00 -3.559497e+01
<VARIANCE> 6
 3.147101e+01 1.829370e+04 1.734126e+04 2.897276e+02 3.398000e+04 4.206700e+07
<GCONST> 6.770872e+01
<MIXTURE> 14 1.172787e-01
<MEAN> 6
 7.837637e+01 1.189946e+03 5.035457e+02 -3.349987e+00 -4.558052e+00 2.675055e+02
<VARIANCE> 6
 3.147101e+01 4.106953e+04 1.161342e+06 2.897276e+02 3.398000e+04 4.206700e+07
<GCONST> 7.272168e+01
<MIXTURE> 15 4.766722e-02
<MEAN> 6
 7.021223e+01 3.901669e+03 -6.346143e+02 -1.462717e+00 -1.793153e+00 1.208433e+02
<VARIANCE> 6
 4.084240e+01 2.165163e+06 2.047791e+04 2.897276e+02 3.398000e+04 4.206700e+07
<GCONST> 7.290933e+01
<STATE> 7
<NUMMIXES> 15
<MIXTURE> 1 1.079099e-02
<MEAN> 6
 9.460307e+01 -5.069999e+02 -1.094136e+03 -2.556599e+00 5.217262e+01 -1.053663e+03
<VARIANCE> 6
 7.770862e+01 5.516636e+05 2.454834e+06 2.897276e+02 3.990859e+04 4.206700e+07
<GCONST> 7.713255e+01
<MIXTURE> 2 4.861459e-02
<MEAN> 6
 3.442147e+01 -4.947889e+02 6.620419e+01 8.829876e+00 -4.019772e+00 -1.475612e+02
<VARIANCE> 6
 5.132927e+01 1.073221e+04 3.526695e+04 2.897276e+02 3.398000e+04 4.206700e+07
<GCONST> 6.837447e+01
<MIXTURE> 3 3.724982e-02
<MEAN> 6
 7.479424e+01 -8.214500e+02 -6.775848e+02 -5.401511e+00 -7.324029e+00 2.239774e+02
<VARIANCE> 6
 3.147101e+01 1.073221e+04 1.326227e+04 2.897276e+02 3.398000e+04 4.206700e+07
<GCONST> 6.690726e+01
<MIXTURE> 4 9.419754e-02
<MEAN> 6
 8.630734e+01 -1.681426e+02 2.156042e+01 -3.152837e+00 -5.576078e+00 3.051251e+01
<VARIANCE> 6
 3.147101e+01 1.073221e+04 1.326227e+04 2.897276e+02 3.398000e+04 4.206700e+07
<GCONST> 6.690726e+01
<MIXTURE> 5 8.831412e-02
<MEAN> 6
 5.834369e+01 -1.105664e+03 4.866374e+02 6.336483e+00 -1.058817e+01 2.493388e+01
<VARIANCE> 6
 5.150817e+01 1.073221e+04 1.326227e+04 2.897276e+02 3.398000e+04 4.206700e+07
<GCONST> 6.739993e+01
<MIXTURE> 6 6.309547e-02
<MEAN> 6
 9.406622e+01 -1.012762e+03 -2.201647e+02 -1.071993e+01 4.446821e+00 -1.087681e+02
<VARIANCE> 6
 8.321896e+01 4.279441e+04 1.326227e+04 2.897276e+02 3.398000e+04 4.206700e+07
<GCONST> 6.926282e+01
<MIXTURE> 7 6.362710e-02
<MEAN> 6
 8.101829e+01 -6.926382e+02 1.355697e+02 -4.600409e+00 3.098958e+00 6.179364e+01
<VARIANCE> 6
 3.147101e+01 4.246702e+04 1.326227e+04 2.897276e+02 3.398000e+04 4.206700e+07
<GCONST> 6.828273e+01
<MIXTURE> 8 8.474213e-02
<MEAN> 6
 9.780840e+01 -4.087010e+02 2.752363e+01 -7.468371e+00 1.545200e+01 1.038715e+02
<VARIANCE> 6
 9.660032e+01 1.073221e+04 1.326227e+04 2.897276e+02 3.398000e+04 4.206700e+07
<GCONST> 6.802877e+01
<MIXTURE> 9 7.302799e-02
<MEAN> 6
 6.719899e+01 -8.300076e+02 1.148983e+02 3.384483e-01 2.045781e+00 1.057187e+01
<VARIANCE> 6
 3.147101e+01 1.073221e+04 1.326227e+04 2.897276e+02 3.398000e+04 4.206700e+07
<GCONST> 6.690726e+01
<MIXTURE> 10 5.866717e-02
<MEAN> 6
 8.620145e+01 -2.300546e+02 4.340474e+01 -3.955139e+00 -9.752283e-02 -3.566774e+01
<VARIANCE> 6
 3.147101e+01 1.073221e+04 1.326227e+04 2.897276e+02 3.398000e+04 4.206700e+07
<GCONST> 6.690726e+01
<MIXTURE> 11 7.991211e-02
<MEAN> 6
 7.908185e+01 -3.976033e+02 6.759998e+01 -5.443578e+00 7.539135e+00 3.979709e+00
<VARIANCE> 6
 3.376609e+01 1.073221e+04 1.326227e+04 2.897276e+02 3.398000e+04 4.206700e+07
<GCONST> 6.697765e+01
<MIXTURE> 12 9.319443e-02
<MEAN> 6
 8.630800e+01 -1.752512e+02 2.369614e+01 -3.211769e+00 -4.787952e+00 1.963748e+01
<VARIANCE> 6
 3.147101e+01 1.073221e+04 1.326227e+04 2.897276e+02 3.398000e+04 4.206700e+07
<GCONST> 6.690726e+01
<MIXTURE> 13 6.789289e-02
<MEAN> 6
 8.070974e+01 -7.483007e+02 1.392813e+02 -4.120042e+00 1.343573e+00 8.798691e+01
<VARIANCE> 6
 3.147101e+01 4.059302e+04 1.326227e+04 2.897276e+02 3.398000e+04 4.206700e+07
<GCONST> 6.823760e+01
<MIXTURE> 14 5.497704e-02
<MEAN> 6
 8.525388e+01 -2.848843e+02 6.436583e+01 -4.920369e+00 3.565346e+00 -4.901001e+01
<VARIANCE> 6
 3.147101e+01 1.073221e+04 1.326227e+04 2.897276e+02 3.398000e+04 4.206700e+07
<GCONST> 6.690726e+01
<MIXTURE> 15 8.167760e-02
<MEAN> 6
 7.652634e+01 -4.126679e+02 5.945086e+01 -5.163040e+00 7.787842e+00 5.549927e+00
<VARIANCE> 6
 4.123802e+01 1.073221e+04 1.326227e+04 2.897276e+02 3.398000e+04 4.206700e+07
<GCONST> 6.717754e+01
<STATE> 8
<NUMMIXES> 15
<MIXTURE> 1 5.151879e-02
<MEAN> 6
 9.945026e+01 1.122349e+02 -1.184351e+01 -8.127901e+00 5.719626e+00 4.406860e+02
<VARIANCE> 6
 3.147101e+01 1.073221e+04 1.326227e+04 2.897276e+02 3.398000e+04 4.206700e+07
<GCONST> 6.690726e+01
<MIXTURE> 2 5.388581e-02
<MEAN> 6
 8.131889e+01 4.980810e+02 -2.701177e+02 -2.286359e+00 4.678582e+00 4.409570e+01
<VARIANCE> 6
 3.147101e+01 1.073221e+04 1.326227e+04 2.897276e+02 3.398000e+04 4.206700e+07
<GCONST> 6.690726e+01
<MIXTURE> 3 5.092573e-02
<MEAN> 6
 8.884446e+01 3.228256e+02 1.179964e+02 -5.145495e+00 3.241935e+00 1.356226e+02
<VARIANCE> 6
 3.147101e+01 3.879257e+04 1.326227e+04 2.897276e+02 3.398000e+04 4.206700e+07
<GCONST> 6.819223e+01
<MIXTURE> 4 6.832885e-02
<MEAN> 6
 9.018533e+01 -2.277125e+02 -3.522977e+02 -4.256400e+00 3.890682e+00 1.026264e+02
<VARIANCE> 6
 4.554228e+01 1.114475e+04 1.326227e+04 2.897276e+02 3.398000e+04 4.206700e+07
<GCONST> 6.731454e+01
<MIXTURE> 5 7.044858e-02
<MEAN> 6
 8.112630e+01 -4.316768e+02 -2.032518e+02 -4.631955e+00 -5.626823e-02 4.078535e+01
<VARIANCE> 6
 3.856189e+01 1.073221e+04 1.326227e+04 2.897276e+02 3.398000e+04 4.206700e+07
<GCONST> 6.711045e+01
<MIXTURE> 6 8.614279e-02
<MEAN> 6
 8.393534e+01 2.123972e+02 -7.064664e+02 -3.963658e+00 -2.430919e+00 1.608976e+02
<VARIANCE> 6
 3.147101e+01 1.434622e+04 6.568856e+04 2.897276e+02 3.398000e+04 4.206700e+07
<GCONST> 6.879749e+01
<MIXTURE> 7 5.061385e-02
<MEAN> 6
 8.577119e+01 4.672099e+01 8.995982e+01 -3.176721e+00 6.668664e+00 -7.693845e+00
<VARIANCE> 6
 3.147101e+01 1.073221e+04 1.326227e+04 2.897276e+02 3.398000e+04 4.206700e+07
<GCONST> 6.690726e+01
<MIXTURE> 8 9.588093e-02
<MEAN> 6
 8.620923e+01 -2.023729e+02 -7.675191e+02 -1.004807e+00 -1.164344e+01 6.393945e+01
<VARIANCE> 6
 3.147101e+01 1.073221e+04 1.662370e+04 2.897276e+02 3.398000e+04 4.206700e+07
<GCONST> 6.713316e+01
<MIXTURE> 9 9.700440e-02
<MEAN> 6
 8.574657e+01 4.584539e+01 8.936945e+01 -3.176265e+00 6.809618e+00 -6.508428e+00
<VARIANCE> 6
 3.147101e+01 1.073221e+04 1.326227e+04 2.897276e+02 3.398000e+04 4.206700e+07
<GCONST> 6.690726e+01
<MIXTURE> 10 9.317648e-02
<MEAN> 6
 9.735546e+01 6.562528e+01 -2.322569e+02 -4.774423e+00 -1.156721e+01 1.339831e+02
<VARIANCE> 6
 3.147101e+01 1.073221e+04 1.326227e+04 2.897276e+02 3.398000e+04 4.206700e+07
<GCONST> 6.690726e+01
<MIXTURE> 11 6.748764e-02
<MEAN> 6
 8.312392e+01 -8.025280e+01 -3.237511e+02 -1.464489e+00 2.334458e+00 7.714144e+01
<VARIANCE> 6
 3.147101e+01 1.073221e+04 1.326227e+04 2.897276e+02 3.398000e+04 4.206700e+07
<GCONST> 6.690726e+01
<MIXTURE> 12 5.470406e-02
<MEAN> 6
 8.131757e+01 4.980125e+02 -2.701480e+02 -2.286023e+00 4.674659e+00 4.416471e+01
<VARIANCE> 6
 3.147101e+01 1.073221e+04 1.326227e+04 2.897276e+02 3.398000e+04 4.206700e+07
<GCONST> 6.690726e+01
<MIXTURE> 13 5.064156e-02
<MEAN> 6
 8.567397e+01 4.580230e+01 8.889577e+01 -3.165281e+00 7.023160e+00 -5.753875e+00
<VARIANCE> 6
 3.147101e+01 1.073221e+04 1.326227e+04 2.897276e+02 3.398000e+04 4.206700e+07
<GCONST> 6.690726e+01
<MIXTURE> 14 6.089767e-02
<MEAN> 6
 8.100722e+01 -2.485416e+02 -3.736302e+02 -2.622547e+00 9.984784e-01 7.850705e+01
<VARIANCE> 6
 3.147101e+01 1.404685e+04 1.326227e+04 2.897276e+02 3.398000e+04 4.206700e+07
<GCONST> 6.717640e+01
<MIXTURE> 15 4.829142e-02
<MEAN> 6
 8.862785e+01 2.436044e+02 1.015227e+02 -4.534128e+00 6.380603e+00 1.013009e+02
<VARIANCE> 6
 3.147101e+01 8.190644e+04 1.326227e+04 2.897276e+02 3.398000e+04 4.206700e+07
<GCONST> 6.893958e+01
<STATE> 9
<NUMMIXES> 15
<MIXTURE> 1 8.847984e-02
<MEAN> 6
 7.065993e+01 1.160221e+02 9.482458e+02 -3.396876e+00 6.414260e+00 8.544081e+01
<VARIANCE> 6
 3.147101e+01 2.572185e+05 1.326227e+04 2.897276e+02 3.398000e+04 4.206700e+07
<GCONST> 7.008393e+01
<MIXTURE> 2 5.714296e-02
<MEAN> 6
 6.815339e+01 2.576626e+02 1.917337e+02 -2.835278e+00 5.105911e+00 -1.670180e+01
<VARIANCE> 6
 3.147101e+01 1.073221e+04 1.326227e+04 2.897276e+02 3.398000e+04 4.206700e+07
<GCONST> 6.690726e+01
<MIXTURE> 3 5.151061e-02
<MEAN> 6
 6.082315e+01 4.421420e+02 4.398267e+02 3.577120e+00 -6.529285e+00 -2.395729e+01
<VARIANCE> 6
 3.147101e+01 1.073221e+04 1.326227e+04 2.897276e+02 3.398000e+04 4.206700e+07
<GCONST> 6.690726e+01
<MIXTURE> 4 7.223412e-02
<MEAN> 6
 6.093717e+01 -4.450561e-01 -7.028652e+02 -3.510409e+00 -6.703568e-01 1.085668e+02
<VARIANCE> 6
 3.147101e+01 1.073221e+04 1.326227e+04 2.897276e+02 3.398000e+04 4.206700e+07
<GCONST> 6.690726e+01
<MIXTURE> 5 5.472577e-02
<MEAN> 6
 7.117490e+01 6.727740e+02 2.475656e+02 -6.997252e+00 2.132962e+01 -6.542973e+01
<VARIANCE> 6
 3.147101e+01 3.487643e+04 1.326227e+04 2.897276e+02 3.398000e+04 4.206700e+07
<GCONST> 6.808582e+01
<MIXTURE> 6 9.145499e-02
<MEAN> 6
 7.102685e+01 4.631529e+01 5.979888e+02 -2.548386e+00 -2.330562e-01 5.552447e+01
<VARIANCE> 6
 3.147101e+01 1.073221e+04 3.429677e+04 2.897276e+02 3.398000e+04 4.206700e+07
<GCONST> 6.785738e+01
<MIXTURE> 7 4.872636e-02
<MEAN> 6
 6.210122e+01 7.872865e+01 -2.067549e+02 -2.092505e+00 3.663513e+00 5.079234e+01
<VARIANCE> 6
 3.147101e+01 1.073221e+04 1.326227e+04 2.897276e+02 3.398000e+04 4.206700e+07
<GCONST> 6.690726e+01
<MIXTURE> 8 7.361874e-02
<MEAN> 6
 7.011282e+01 -2.042100e+02 1.297634e+02 -3.109807e+00 1.443599e+01 5.877327e+01
<VARIANCE> 6
 3.147101e+01 1.908195e+04 1.326227e+04 2.897276e+02 3.398000e+04 4.206700e+07
<GCONST> 6.748275e+01
<MIXTURE> 9 1.052321e-01
<MEAN> 6
 6.210596e+01 6.057582e+01 -2.128398e+02 -1.984724e+00 3.401728e+00 3.874021e+01
<VARIANCE> 6
 3.147101e+01 1.073221e+04 1.326227e+04 2.897276e+02 3.398000e+04 4.206700e+07
<GCONST> 6.690726e+01
<MIXTURE> 10 6.723595e-02
<MEAN> 6
 7.501077e+01 -6.775790e+01 4.592446e+02 -2.509770e+00 -4.706554e+00 1.583431e+02
<VARIANCE> 6
 3.147101e+01 1.073221e+04 1.326227e+04 2.897276e+02 3.398000e+04 4.206700e+07
<GCONST> 6.690726e+01
<MIXTURE> 11 5.986858e-02
<MEAN> 6
 6.639237e+01 1.700510e+02 1.378206e+02 -2.496862e+00 2.718350e+00 6.448938e+00
<VARIANCE> 6
 3.147101e+01 1.073221e+04 1.326227e+04 2.897276e+02 3.398000e+04 4.206700e+07
<GCONST> 6.690726e+01
<MIXTURE> 12 5.925807e-02
<MEAN> 6
 6.627091e+01 1.628039e+02 1.342057e+02 -2.489384e+00 2.504631e+00 1.023479e+01
<VARIANCE> 6
 3.147101e+01 1.073221e+04 1.326227e+04 2.897276e+02 3.398000e+04 4.206700e+07
<GCONST> 6.690726e+01
<MIXTURE> 13 6.001198e-02
<MEAN> 6
 6.629005e+01 1.642788e+02 1.348528e+02 -2.488508e+00 2.549869e+00 9.426795e+00
<VARIANCE> 6
 3.147101e+01 1.073221e+04 1.326227e+04 2.897276e+02 3.398000e+04 4.206700e+07
<GCONST> 6.690726e+01
<MIXTURE> 14 6.155519e-02
<MEAN> 6
 7.636527e+01 -1.330888e+02 4.587575e+02 -1.130079e+00 -2.410220e+01 8.450723e+01
<VARIANCE> 6
 3.147101e+01 1.327299e+04 1.326227e+04 2.897276e+02 3.398000e+04 4.206700e+07
<GCONST> 6.711974e+01
<MIXTURE> 15 4.890447e-02
<MEAN> 6
 6.207803e+01 4.951551e+01 -2.165294e+02 -1.917420e+00 3.399221e+00 3.129791e+01
<VARIANCE> 6
 3.147101e+01 1.073221e+04 1.326227e+04 2.897276e+02 3.398000e+04 4.206700e+07
<GCONST> 6.690726e+01
<STATE> 10
<NUMMIXES> 15
<MIXTURE> 1 7.148938e-02
<MEAN> 6
 9.914503e+01 8.444606e+01 1.976693e+02 -4.110559e+00 -3.542447e+01 -4.199918e+03
<VARIANCE> 6
 6.870795e+01 4.451606e+05 9.592471e+05 1.059605e+04 1.606326e+06 3.274115e+09
<GCONST> 8.750423e+01
<MIXTURE> 2 3.027503e-02
<MEAN> 6
 -3.314637e+00 4.624092e+01 5.412560e+02 -1.215436e+01 -6.601674e+02 -6.301556e+04
<VARIANCE> 6
 1.272012e+04 2.967337e+05 1.561625e+06 2.976628e+06 1.529559e+09 2.216046e+12
<GCONST> 1.118213e+02
<MIXTURE> 3 8.259145e-02
<MEAN> 6
 -1.151160e+02 2.786150e+02 2.260695e+02 1.041646e+01 -5.795109e+02 -2.892182e+03
<VARIANCE> 6
 4.157571e+01 7.142595e+04 6.380969e+05 3.215958e+03 4.244520e+05 9.630664e+08
<GCONST> 8.101751e+01
<MIXTURE> 4 5.064528e-02
<MEAN> 6
 8.782295e+01 -1.833473e+03 1.622292e+03 4.461910e-01 -6.818581e-02 9.640029e-01
<VARIANCE> 6
 3.147101e+01 1.073221e+04 2.374087e+04 2.897276e+02 3.398000e+04 4.206700e+07
<GCONST> 6.748953e+01
<MIXTURE> 5 9.317750e-02
<MEAN> 6
 -2.173369e+01 1.688365e+02 2.092816e+02 -1.504472e+02 7.963785e+02 1.397381e+04
<VARIANCE> 6
 9.249933e+03 9.648224e+04 2.845383e+05 1.124074e+05 3.318491e+07 8.415638e+10
<GCONST> 9.829881e+01
<MIXTURE> 6 7.953168e-02
<MEAN> 6
 8.771944e+01 -4.751212e+02 1.150891e+03 -3.587294e+00 3.005159e+01 -5.869282e+01
<VARIANCE> 6
 3.147101e+01 2.367959e+04 9.737538e+04 2.897276e+02 3.398000e+04 4.206700e+07
<GCONST> 6.969227e+01
<MIXTURE> 7 3.983680e-02
<MEAN> 6
 5.598238e+01 1.514666e+01 2.102855e+01 9.664822e+01 -1.693727e+03 -4.121825e+03
<VARIANCE> 6
 3.518159e+02 6.398447e+04 1.473290e+05 8.166959e+04 6.600223e+05 6.265950e+08
<GCONST> 8.482347e+01
<MIXTURE> 8 6.855325e-02
<MEAN> 6
 8.216801e+01 -2.705291e+02 1.144936e+02 9.700213e+00 5.769988e+01 -4.922372e+01
<VARIANCE> 6
 3.147101e+01 7.541293e+04 1.765947e+04 2.897276e+02 3.398000e+04 4.206700e+07
<GCONST> 6.914333e+01
<MIXTURE> 9 1.019111e-01
<MEAN> 6
 -6.101213e+00 2.581863e+02 -7.913109e+00 3.035322e+01 -3.093674e+02 1.566868e+04
<VARIANCE> 6
 1.230594e+04 6.846931e+04 2.011426e+04 2.870788e+06 1.644300e+09 2.409415e+12
<GCONST> 1.060895e+02
<MIXTURE> 10 6.959701e-02
<MEAN> 6
 8.420616e+01 -4.157448e-02 -3.436597e+02 -1.016639e-01 3.504615e+01 -5.306218e+01
<VARIANCE> 6
 3.147101e+01 1.374701e+05 3.625115e+05 2.897276e+02 3.398000e+04 4.206700e+07
<GCONST> 7.276554e+01
<MIXTURE> 11 7.359496e-02
<MEAN> 6
 8.695523e+01 1.315014e+02 9.473246e+01 -2.769588e+01 4.366396e+02 5.075028e+02
<VARIANCE> 6
 8.836288e+01 1.347665e+05 1.896468e+04 5.449821e+03 3.479350e+05 4.727856e+08
<GCONST> 7.850761e+01
<MIXTURE> 12 5.161810e-02
<MEAN> 6
 -5.237278e+01 -6.783843e+01 6.739052e+01 1.794010e+02 1.297199e+03 -4.646346e+03
<VARIANCE> 6
 7.097361e+02 1.097209e+05 7.273512e+04 2.759333e+04 6.759647e+05 6.265473e+08
<GCONST> 8.429739e+01
<MIXTURE> 13 3.902490e-02
<MEAN> 6
 8.798058e+01 -1.163716e+03 2.295868e+03 3.244749e-01 -5.934290e+00 -3.524574e+02
<VARIANCE> 6
 3.147101e+01 1.213498e+05 4.006037e+05 2.897276e+02 3.398000e+04 4.206700e+07
<GCONST> 7.274073e+01
<MIXTURE> 14 7.820597e-02
<MEAN> 6
 8.720364e+01 2.728383e+01 5.710593e+01 -1.829534e+01 -1.936077e+02 -5.501002e+02
<VARIANCE> 6
 4.700198e+01 4.906954e+04 6.575098e+04 7.934534e+03 1.839857e+05 1.106716e+08
<GCONST> 7.639575e+01
<MIXTURE> 15 6.991422e-02
<MEAN> 6
 8.254874e+01 -3.920296e+02 1.640152e+02 4.093186e+00 2.877158e+01 -7.601440e+01
<VARIANCE> 6
 3.147101e+01 9.906236e+04 1.386488e+04 2.897276e+02 3.398000e+04 4.206700e+07
<GCONST> 6.917419e+01
<TRANSP> 11
 0.000000e+00 1.000000e+00 0.000000e+00 0.000000e+00 0.000000e+00 0.000000e+00 0.000000e+00 0.000000e+00 0.000000e+00 0.000000e+00 0.000000e+00
 0.000000e+00 9.997286e-01 2.714691e-04 0.000000e+00 0.000000e+00 0.000000e+00 0.000000e+00 0.000000e+00 0.000000e+00 0.000000e+00 0.000000e+00
 0.000000e+00 0.000000e+00 9.993979e-01 6.021435e-04 0.000000e+00 0.000000e+00 0.000000e+00 0.000000e+00 0.000000e+00 0.000000e+00 0.000000e+00
 0.000000e+00 0.000000e+00 0.000000e+00 9.994153e-01 5.846309e-04 0.000000e+00 0.000000e+00 0.000000e+00 0.000000e+00 0.000000e+00 0.000000e+00
 0.000000e+00 0.000000e+00 0.000000e+00 0.000000e+00 9.999402e-01 5.982774e-05 0.000000e+00 0.000000e+00 0.000000e+00 0.000000e+00 0.000000e+00
 0.000000e+00 0.000000e+00 0.000000e+00 0.000000e+00 0.000000e+00 9.989486e-01 1.051442e-03 0.000000e+00 0.000000e+00 0.000000e+00 0.000000e+00
 0.000000e+00 0.000000e+00 0.000000e+00 0.000000e+00 0.000000e+00 0.000000e+00 9.979796e-01 2.020453e-03 0.000000e+00 0.000000e+00 0.000000e+00
 0.000000e+00 0.000000e+00 0.000000e+00 0.000000e+00 0.000000e+00 0.000000e+00 0.000000e+00 9.988176e-01 1.182361e-03 0.000000e+00 0.000000e+00
 0.000000e+00 0.000000e+00 0.000000e+00 0.000000e+00 0.000000e+00 0.000000e+00 0.000000e+00 0.000000e+00 9.985089e-01 1.491110e-03 0.000000e+00
 0.000000e+00 0.000000e+00 0.000000e+00 0.000000e+00 0.000000e+00 0.000000e+00 0.000000e+00 0.000000e+00 0.000000e+00 9.989617e-01 1.038239e-03
 0.000000e+00 0.000000e+00 0.000000e+00 0.000000e+00 0.000000e+00 0.000000e+00 0.000000e+00 0.000000e+00 0.000000e+00 0.000000e+00 0.000000e+00
<ENDHMM>
