~o
<STREAMINFO> 1 6
<VECSIZE> 6<NULLD><USER><DIAGC>
~h "SegundoPRIMARIA"
<BEGINHMM>
<NUMSTATES> 4
<STATE> 2
<NUMMIXES> 5
<MIXTURE> 1 1.557390e-01
<MEAN> 6
 8.500565e+01 1.173839e+02 4.300282e+01 -1.731082e+00 -1.735954e+01 -1.284489e+02
<VARIANCE> 6
 2.678267e+02 2.702457e+05 1.238291e+05 2.986748e+02 3.908852e+04 4.982587e+07
<GCONST> 7.484834e+01
<MIXTURE> 2 2.137709e-01
<MEAN> 6
 3.615339e+01 1.274181e+01 3.055592e+01 -5.541306e+01 -1.052084e+02 2.208200e+03
<VARIANCE> 6
 3.733160e+03 3.469520e+05 9.312281e+04 6.064934e+04 3.013840e+06 1.134157e+09
<GCONST> 9.023163e+01
<MIXTURE> 3 1.462469e-01
<MEAN> 6
 -4.925528e+01 3.110149e+01 7.314752e+00 3.139449e+01 5.445967e+02 2.250552e+02
<VARIANCE> 6
 2.295448e+02 1.123959e+05 7.162824e+04 7.427690e+03 2.021272e+05 5.325809e+07
<GCONST> 7.819267e+01
<MIXTURE> 4 3.292804e-01
<MEAN> 6
 3.623378e+01 1.324336e+01 3.698426e+01 2.325297e+01 -1.505180e+02 -1.377440e+03
<VARIANCE> 6
 2.358901e+03 8.672966e+04 2.098002e+05 4.954139e+04 7.406223e+05 1.043663e+08
<GCONST> 8.520690e+01
<MIXTURE> 5 1.538077e-01
<MEAN> 6
 7.912139e+01 -1.245347e+02 -1.703224e+02 -2.216235e+00 -3.171337e+01 -2.344757e+02
<VARIANCE> 6
 2.439612e+02 2.143133e+05 1.401282e+05 2.986748e+02 3.908852e+04 4.982587e+07
<GCONST> 7.464677e+01
<STATE> 3
<NUMMIXES> 5
<MIXTURE> 1 3.106879e-02
<MEAN> 6
 2.574231e+01 1.464883e+02 -2.144434e+02 -4.830421e+01 -2.366474e+02 4.670930e+03
<VARIANCE> 6
 6.635984e+03 1.563223e+07 1.534833e+06 5.361319e+05 2.646701e+08 3.806701e+11
<GCONST> 1.098876e+02
<MIXTURE> 2 2.979835e-01
<MEAN> 6
 8.514905e+01 -5.750185e+00 1.062060e+02 -1.573322e+00 -3.735214e+01 -1.547101e+02
<VARIANCE> 6
 3.403678e+02 6.557370e+05 1.871886e+06 2.986748e+02 3.908852e+04 4.982587e+07
<GCONST> 7.869025e+01
<MIXTURE> 3 2.639341e-01
<MEAN> 6
 1.731305e+01 8.944945e+01 1.049038e+02 2.529421e+01 5.381165e+01 1.155123e+03
<VARIANCE> 6
 3.831440e+03 7.099980e+05 1.030723e+06 4.256009e+04 1.001276e+06 2.581773e+08
<GCONST> 9.044167e+01
<MIXTURE> 4 1.420167e-01
<MEAN> 6
 1.997881e+01 -5.407650e+01 1.291457e+01 -4.141040e+00 4.591887e+01 6.931955e+01
<VARIANCE> 6
 6.291651e+03 9.446383e+06 4.850017e+05 2.986748e+02 3.908852e+04 4.982587e+07
<GCONST> 8.292428e+01
<MIXTURE> 5 2.643112e-01
<MEAN> 6
 1.229564e+01 -1.495788e+02 -2.083839e+02 -1.132863e+01 -8.778492e+00 -1.547470e+03
<VARIANCE> 6
 4.001448e+03 5.542534e+05 1.197248e+06 4.302564e+04 1.147101e+06 2.480637e+08
<GCONST> 9.049408e+01
<TRANSP> 4
 0.000000e+00 1.000000e+00 0.000000e+00 0.000000e+00
 0.000000e+00 9.999440e-01 5.604058e-05 0.000000e+00
 0.000000e+00 0.000000e+00 9.998919e-01 1.081095e-04
 0.000000e+00 0.000000e+00 0.000000e+00 0.000000e+00
<ENDHMM>
~h "SegundoESO"
<BEGINHMM>
<NUMSTATES> 4
<STATE> 2
<NUMMIXES> 5
<MIXTURE> 1 1.885529e-01
<MEAN> 6
 7.448652e+01 -5.712554e+02 2.428051e+02 -2.239720e+00 -1.678908e+01 -1.338307e+02
<VARIANCE> 6
 1.519733e+02 1.068631e+07 1.759562e+06 2.986748e+02 3.908852e+04 4.982587e+07
<GCONST> 8.061301e+01
<MIXTURE> 2 1.550183e-01
<MEAN> 6
 2.466183e+01 -6.034646e+01 7.221625e+02 -1.654973e+01 -1.110470e+02 7.456962e+02
<VARIANCE> 6
 3.094456e+03 1.264742e+07 8.139500e+06 4.190217e+04 1.026650e+06 2.512904e+08
<GCONST> 9.515685e+01
<MIXTURE> 3 1.967630e-01
<MEAN> 6
 7.262666e+01 2.088686e+02 -2.996868e+02 -2.965775e-01 -1.456756e+01 -5.667675e+01
<VARIANCE> 6
 1.010462e+02 4.093248e+05 2.392089e+06 2.986748e+02 3.908852e+04 4.982587e+07
<GCONST> 7.724977e+01
<MIXTURE> 4 2.721556e-01
<MEAN> 6
 -3.620141e+00 2.055633e+02 6.740041e+01 9.688026e+00 8.405771e+01 -2.896347e+02
<VARIANCE> 6
 2.859401e+03 1.158588e+06 2.755922e+06 2.671715e+04 4.145212e+05 4.982587e+07
<GCONST> 8.862959e+01
<MIXTURE> 5 1.867199e-01
<MEAN> 6
 7.137854e+01 3.490229e+01 -1.179050e+03 -5.804752e-01 -1.389777e+01 -7.665643e+01
<VARIANCE> 6
 1.178291e+02 3.882872e+05 8.025194e+06 2.986748e+02 3.908852e+04 4.982587e+07
<GCONST> 7.856108e+01
<STATE> 3
<NUMMIXES> 5
<MIXTURE> 1 2.062131e-01
<MEAN> 6
 7.764409e+01 -5.354197e+01 4.232063e-01 -2.282777e+00 -1.068001e+02 -9.009715e+01
<VARIANCE> 6
 1.746978e+02 1.007843e+06 4.427149e+05 7.011525e+02 4.637669e+04 4.982587e+07
<GCONST> 7.803565e+01
<MIXTURE> 2 2.447453e-01
<MEAN> 6
 1.470959e+01 -8.842297e+00 1.827592e+02 -4.208187e+01 4.603149e+01 1.223708e+03
<VARIANCE> 6
 2.812107e+03 1.692539e+06 6.464445e+05 3.889440e+04 1.317721e+06 3.621962e+08
<GCONST> 9.105765e+01
<MIXTURE> 3 1.379912e-01
<MEAN> 6
 -1.908540e+01 1.748170e+02 1.576826e+02 7.128951e+01 3.774138e+02 -5.512476e+02
<VARIANCE> 6
 1.128390e+03 2.583228e+05 2.163213e+05 1.698765e+04 2.415582e+05 4.982587e+07
<GCONST> 8.266145e+01
<MIXTURE> 4 2.592016e-01
<MEAN> 6
 4.054787e+01 6.885965e+00 2.259373e+01 -1.396864e+01 -3.692617e+02 1.406116e+02
<VARIANCE> 6
 1.078826e+03 3.605705e+05 9.843250e+04 2.921437e+04 2.031160e+05 4.982587e+07
<GCONST> 8.253146e+01
<MIXTURE> 5 1.508629e-01
<MEAN> 6
 -2.570138e+01 -2.791777e+01 -4.440607e+01 3.521935e+01 3.710543e+02 -1.545467e+03
<VARIANCE> 6
 8.607388e+02 2.250463e+05 1.951650e+05 1.754784e+04 1.877351e+05 4.982587e+07
<GCONST> 8.193024e+01
<TRANSP> 4
 0.000000e+00 1.000000e+00 0.000000e+00 0.000000e+00
 0.000000e+00 9.999067e-01 9.335703e-05 0.000000e+00
 0.000000e+00 0.000000e+00 9.999403e-01 5.963743e-05
 0.000000e+00 0.000000e+00 0.000000e+00 0.000000e+00
<ENDHMM>
~h "QuintoPRIMARIA"
<BEGINHMM>
<NUMSTATES> 4
<STATE> 2
<NUMMIXES> 5
<MIXTURE> 1 7.845440e-02
<MEAN> 6
 7.686108e+01 1.007997e+02 8.364662e+02 -2.223164e+00 -1.739606e+01 -8.147176e+01
<VARIANCE> 6
 2.117095e+02 3.011621e+05 4.764003e+06 2.986748e+02 3.908852e+04 4.982587e+07
<GCONST> 7.837147e+01
<MIXTURE> 2 1.521178e-01
<MEAN> 6
 1.649998e+01 -5.586575e+01 -3.001372e+02 -5.932721e+01 -4.934307e+01 2.503387e+03
<VARIANCE> 6
 3.592660e+03 5.084937e+05 4.376818e+06 4.729558e+04 2.044318e+06 6.488319e+08
<GCONST> 9.323038e+01
<MIXTURE> 3 2.437242e-01
<MEAN> 6
 8.134844e+00 7.301958e+01 6.089827e+01 4.523822e+01 8.025916e+01 1.694043e+02
<VARIANCE> 6
 2.772125e+03 1.008722e+05 1.095705e+05 2.988085e+04 5.621681e+05 7.569878e+07
<GCONST> 8.376737e+01
<MIXTURE> 4 2.826379e-01
<MEAN> 6
 7.420185e+01 -1.062438e+02 -3.733998e+01 -3.557851e+00 -2.399819e+01 -2.016573e+02
<VARIANCE> 6
 1.616889e+02 1.423708e+05 9.738702e+04 2.986748e+02 3.908852e+04 4.982587e+07
<GCONST> 7.346256e+01
<MIXTURE> 5 2.418989e-01
<MEAN> 6
 1.040959e+01 -3.641780e+01 -4.779649e+01 -5.899738e+00 -2.016632e+01 -1.489371e+03
<VARIANCE> 6
 2.715282e+03 9.365519e+04 9.981788e+04 3.166605e+04 5.714040e+05 8.228788e+07
<GCONST> 8.373698e+01
<STATE> 3
<NUMMIXES> 5
<MIXTURE> 1 1.746880e-01
<MEAN> 6
 8.651771e+01 5.766954e+02 1.599433e+02 -2.192125e+00 -1.379547e+01 -7.965654e+01
<VARIANCE> 6
 2.164469e+02 2.052705e+06 1.150648e+06 2.986748e+02 3.908852e+04 4.982587e+07
<GCONST> 7.889211e+01
<MIXTURE> 2 2.189180e-02
<MEAN> 6
 7.139415e+00 -5.580939e+01 6.733433e+01 -1.586318e+01 -3.091307e+02 3.224468e+03
<VARIANCE> 6
 1.100153e+04 1.141175e+06 6.569315e+05 1.494812e+06 8.111459e+08 1.191094e+12
<GCONST> 1.102133e+02
<MIXTURE> 3 2.614223e-01
<MEAN> 6
 1.267527e+01 -8.474022e+01 -3.658750e+01 -5.007629e+01 8.943375e+01 7.122352e+02
<VARIANCE> 6
 3.839155e+03 2.148609e+06 1.049484e+06 4.769183e+04 1.854589e+06 6.147975e+08
<GCONST> 9.316690e+01
<MIXTURE> 4 3.575857e-01
<MEAN> 6
 7.578240e+00 -2.127541e+02 6.549263e+00 4.409998e+01 -2.143527e+01 -5.793411e+02
<VARIANCE> 6
 3.462905e+03 6.657041e+05 1.184487e+06 2.660667e+04 3.460784e+05 4.982587e+07
<GCONST> 8.723793e+01
<MIXTURE> 5 1.836610e-01
<MEAN> 6
 8.129126e+01 1.595207e+02 -2.177526e+02 -2.549120e+00 -2.745471e+01 -1.519965e+02
<VARIANCE> 6
 1.805161e+02 9.327978e+05 9.249566e+05 2.986748e+02 3.908852e+04 4.982587e+07
<GCONST> 7.770352e+01
<TRANSP> 4
 0.000000e+00 1.000000e+00 0.000000e+00 0.000000e+00
 0.000000e+00 9.999390e-01 6.098244e-05 0.000000e+00
 0.000000e+00 0.000000e+00 9.999141e-01 8.589698e-05
 0.000000e+00 0.000000e+00 0.000000e+00 0.000000e+00
<ENDHMM>
