~o
<STREAMINFO> 1 6
<VECSIZE> 6<NULLD><USER><DIAGC>
~h "SegundoPRIMARIA"
<BEGINHMM>
<NUMSTATES> 7
<STATE> 2
<NUMMIXES> 2
<MIXTURE> 1 8.242242e-01
<MEAN> 6
 8.709299e+01 -3.253068e+02 -2.300430e+02 -2.662843e+00 -7.001538e+00 -1.418042e+02
<VARIANCE> 6
 3.156017e+02 4.886066e+06 1.962011e+05 2.897276e+02 3.398000e+04 4.206700e+07
<GCONST> 7.802778e+01
<MIXTURE> 2 1.758048e-01
<MEAN> 6
 4.616560e+01 -3.307465e+02 -2.780340e+02 -2.511731e+01 -9.025635e+00 9.865356e+00
<VARIANCE> 6
 1.053868e+03 8.309326e+05 4.371002e+05 2.019475e+04 9.300908e+05 1.825747e+08
<GCONST> 8.728459e+01
<STATE> 3
<NUMMIXES> 2
<MIXTURE> 1 5.104709e-01
<MEAN> 6
 7.161494e+01 2.625730e+01 -1.755943e+02 3.578889e-01 -1.836906e+00 -1.087849e+02
<VARIANCE> 6
 3.746728e+01 1.664473e+04 8.399141e+04 2.897276e+02 3.398000e+04 4.206700e+07
<GCONST> 6.936629e+01
<MIXTURE> 2 4.895272e-01
<MEAN> 6
 7.015293e+01 -9.886501e+01 -4.809752e+02 -1.623079e-01 -9.604629e-01 -1.000138e+02
<VARIANCE> 6
 3.147101e+01 4.136910e+04 2.051962e+05 2.897276e+02 3.398000e+04 4.206700e+07
<GCONST> 7.099558e+01
<STATE> 4
<NUMMIXES> 2
<MIXTURE> 1 5.307733e-01
<MEAN> 6
 8.559652e+01 1.288766e+02 1.564941e+02 -9.428192e-01 -2.537117e+00 -9.402915e+01
<VARIANCE> 6
 1.231798e+02 2.584911e+05 1.132356e+05 2.897276e+02 3.398000e+04 4.206700e+07
<GCONST> 7.359799e+01
<MIXTURE> 2 4.692277e-01
<MEAN> 6
 7.171419e+01 -2.787076e+02 -2.655265e+02 -7.314034e-01 -5.069164e-01 -1.099303e+02
<VARIANCE> 6
 2.082481e+02 2.078648e+05 8.713292e+04 2.897276e+02 3.398000e+04 4.206700e+07
<GCONST> 7.364307e+01
<STATE> 5
<NUMMIXES> 2
<MIXTURE> 1 4.723839e-01
<MEAN> 6
 7.290741e+01 4.059542e+02 -2.289856e+02 -2.555399e-01 -4.974112e+00 -7.716969e+01
<VARIANCE> 6
 6.859814e+01 4.199283e+05 2.424576e+06 2.897276e+02 3.398000e+04 4.206700e+07
<GCONST> 7.656178e+01
<MIXTURE> 2 5.276164e-01
<MEAN> 6
 6.624572e+01 -1.290652e+02 9.863334e+02 -4.650183e-01 -4.981550e-01 -8.461283e+01
<VARIANCE> 6
 6.476173e+01 4.781382e+05 1.926230e+06 2.897276e+02 3.398000e+04 4.206700e+07
<GCONST> 7.640395e+01
<STATE> 6
<NUMMIXES> 2
<MIXTURE> 1 1.205418e-01
<MEAN> 6
 2.897606e+01 -3.531583e+01 2.795702e+01 -8.859776e+01 -1.314827e+01 3.742186e+03
<VARIANCE> 6
 4.596606e+03 4.510994e+05 3.326561e+05 8.677513e+04 1.419201e+07 1.385716e+10
<GCONST> 9.638597e+01
<MIXTURE> 2 8.822637e-01
<MEAN> 6
 3.221515e+01 1.179849e+01 2.383232e+00 1.289544e+01 2.354716e+00 -4.963936e+02
<VARIANCE> 6
 3.850816e+03 3.021469e+05 4.963064e+05 2.867391e+04 5.244834e+05 8.489305e+07
<GCONST> 8.670773e+01
<TRANSP> 7
 0.000000e+00 1.000000e+00 0.000000e+00 0.000000e+00 0.000000e+00 0.000000e+00 0.000000e+00
 0.000000e+00 9.976560e-01 2.343999e-03 0.000000e+00 0.000000e+00 0.000000e+00 0.000000e+00
 0.000000e+00 0.000000e+00 9.992002e-01 7.998192e-04 0.000000e+00 0.000000e+00 0.000000e+00
 0.000000e+00 0.000000e+00 0.000000e+00 9.992911e-01 7.088897e-04 0.000000e+00 0.000000e+00
 0.000000e+00 0.000000e+00 0.000000e+00 0.000000e+00 9.990691e-01 9.308823e-04 0.000000e+00
 0.000000e+00 0.000000e+00 0.000000e+00 0.000000e+00 0.000000e+00 9.999555e-01 4.446093e-05
 0.000000e+00 0.000000e+00 0.000000e+00 0.000000e+00 0.000000e+00 0.000000e+00 0.000000e+00
<ENDHMM>
~h "SegundoESO"
<BEGINHMM>
<NUMSTATES> 7
<STATE> 2
<NUMMIXES> 2
<MIXTURE> 1 3.202935e-01
<MEAN> 6
 6.929021e+01 2.937424e+03 -6.487943e+02 -1.140988e+00 -7.920592e+00 -7.570377e+01
<VARIANCE> 6
 8.131534e+01 3.894194e+07 5.315664e+05 2.897276e+02 3.398000e+04 4.206700e+07
<GCONST> 7.974400e+01
<MIXTURE> 2 6.797079e-01
<MEAN> 6
 6.552227e+01 -2.861282e+01 -4.655316e+02 -4.676535e-01 -2.335262e-01 -7.829180e+01
<VARIANCE> 6
 9.558863e+01 3.398966e+06 1.500661e+05 2.897276e+02 3.398000e+04 4.206700e+07
<GCONST> 7.620237e+01
<STATE> 3
<NUMMIXES> 2
<MIXTURE> 1 5.894427e-01
<MEAN> 6
 7.586400e+01 2.107818e+02 4.497274e+02 -1.239541e-01 -1.530877e+00 -1.055175e+02
<VARIANCE> 6
 3.147101e+01 7.387575e+05 1.916305e+06 2.897276e+02 3.398000e+04 4.206700e+07
<GCONST> 7.611221e+01
<MIXTURE> 2 4.105524e-01
<MEAN> 6
 6.887577e+01 1.829500e+02 -2.875782e+03 1.109239e-01 -2.132096e+00 -6.551908e+01
<VARIANCE> 6
 6.207328e+01 1.667003e+05 1.048907e+07 2.897276e+02 3.398000e+04 4.206700e+07
<GCONST> 7.700262e+01
<STATE> 4
<NUMMIXES> 2
<MIXTURE> 1 3.047922e-01
<MEAN> 6
 1.736719e+01 -4.359866e+02 3.802715e+02 -2.553185e+01 1.456999e+02 8.063874e+02
<VARIANCE> 6
 3.473525e+03 1.217846e+07 1.141918e+07 3.868863e+04 1.143236e+06 3.109366e+08
<GCONST> 9.581395e+01
<MIXTURE> 2 6.947679e-01
<MEAN> 6
 2.584686e+01 -6.350983e+01 1.107261e+02 1.226963e+01 -6.343901e+01 -3.382314e+02
<VARIANCE> 6
 3.214679e+03 1.122783e+06 2.834214e+06 2.011543e+04 2.898068e+05 4.206700e+07
<GCONST> 8.793232e+01
<STATE> 5
<NUMMIXES> 2
<MIXTURE> 1 4.307311e-01
<MEAN> 6
 7.485023e+01 -5.905285e+01 8.690701e+01 -1.074956e+00 -5.319439e+00 -5.283387e+01
<VARIANCE> 6
 9.814017e+01 7.348117e+05 1.585137e+05 2.897276e+02 3.398000e+04 4.206700e+07
<GCONST> 7.475187e+01
<MIXTURE> 2 5.692522e-01
<MEAN> 6
 6.610872e+01 6.366616e+01 7.025453e+00 -1.872359e-01 -3.487976e+00 -1.077244e+02
<VARIANCE> 6
 7.443579e+01 3.014633e+05 6.458678e+04 2.897276e+02 3.398000e+04 4.206700e+07
<GCONST> 7.268661e+01
<STATE> 6
<NUMMIXES> 2
<MIXTURE> 1 5.709391e-01
<MEAN> 6
 2.087333e+01 3.271489e+01 2.061292e+01 9.626198e+00 1.422787e+01 -4.293683e+01
<VARIANCE> 6
 2.508424e+03 3.388694e+05 1.403310e+05 2.210659e+04 3.091225e+05 5.017826e+07
<GCONST> 8.381602e+01
<MIXTURE> 2 4.290733e-01
<MEAN> 6
 2.717635e+01 4.736803e+00 1.105215e+00 -1.182469e+01 -1.699739e+01 1.110537e+02
<VARIANCE> 6
 2.936270e+03 8.597109e+05 4.759244e+05 2.705729e+04 8.046895e+05 2.034005e+08
<GCONST> 8.868413e+01
<TRANSP> 7
 0.000000e+00 1.000000e+00 0.000000e+00 0.000000e+00 0.000000e+00 0.000000e+00 0.000000e+00
 0.000000e+00 9.985176e-01 1.482432e-03 0.000000e+00 0.000000e+00 0.000000e+00 0.000000e+00
 0.000000e+00 0.000000e+00 9.993064e-01 6.935940e-04 0.000000e+00 0.000000e+00 0.000000e+00
 0.000000e+00 0.000000e+00 0.000000e+00 9.998587e-01 1.412346e-04 0.000000e+00 0.000000e+00
 0.000000e+00 0.000000e+00 0.000000e+00 0.000000e+00 9.996632e-01 3.367579e-04 0.000000e+00
 0.000000e+00 0.000000e+00 0.000000e+00 0.000000e+00 0.000000e+00 9.999337e-01 6.627250e-05
 0.000000e+00 0.000000e+00 0.000000e+00 0.000000e+00 0.000000e+00 0.000000e+00 0.000000e+00
<ENDHMM>
~h "QuintoPRIMARIA"
<BEGINHMM>
<NUMSTATES> 7
<STATE> 2
<NUMMIXES> 2
<MIXTURE> 1 7.462308e-01
<MEAN> 6
 6.073499e+01 2.949846e+02 -1.606425e+02 -7.332787e-02 -1.666000e+00 -1.049221e+02
<VARIANCE> 6
 3.147101e+01 1.235942e+06 1.245274e+06 2.897276e+02 3.398000e+04 4.206700e+07
<GCONST> 7.619578e+01
<MIXTURE> 2 2.538030e-01
<MEAN> 6
 5.629723e+01 -5.761570e+03 -2.943587e+03 2.371579e+00 -1.193266e+01 -3.932034e+01
<VARIANCE> 6
 3.147101e+01 3.187302e+07 6.715250e+06 2.897276e+02 3.398000e+04 4.206700e+07
<GCONST> 8.113073e+01
<STATE> 3
<NUMMIXES> 2
<MIXTURE> 1 5.349284e-01
<MEAN> 6
 7.896572e+01 1.966037e+02 1.396135e+03 -3.970017e-01 -3.462416e+00 -6.397543e+01
<VARIANCE> 6
 9.796796e+01 3.127593e+05 3.876324e+06 2.897276e+02 3.398000e+04 4.206700e+07
<GCONST> 7.709273e+01
<MIXTURE> 2 4.650763e-01
<MEAN> 6
 6.727412e+01 3.740526e+02 -7.335674e+02 8.125845e-03 -4.599147e+00 -1.052483e+02
<VARIANCE> 6
 1.670818e+02 1.625683e+05 5.706334e+06 2.897276e+02 3.398000e+04 4.206700e+07
<GCONST> 7.735892e+01
<STATE> 4
<NUMMIXES> 2
<MIXTURE> 1 4.919405e-01
<MEAN> 6
 7.445367e+01 1.634933e+02 -4.023530e+02 -6.326548e-01 -4.786719e+00 -1.103573e+02
<VARIANCE> 6
 1.484823e+02 9.227539e+05 5.621564e+04 2.897276e+02 3.398000e+04 4.206700e+07
<GCONST> 7.435704e+01
<MIXTURE> 2 5.080588e-01
<MEAN> 6
 7.063141e+01 -1.506628e+02 -3.320997e+02 -3.280555e-01 -1.505350e+00 -8.548563e+01
<VARIANCE> 6
 1.383056e+02 7.744878e+05 7.812946e+04 2.897276e+02 3.398000e+04 4.206700e+07
<GCONST> 7.444005e+01
<STATE> 5
<NUMMIXES> 2
<MIXTURE> 1 5.325561e-01
<MEAN> 6
 7.122304e+01 4.574581e+00 4.204275e+01 -2.133869e-01 -4.677818e+00 -1.334594e+02
<VARIANCE> 6
 1.452448e+02 3.666227e+04 4.690234e+04 2.897276e+02 3.398000e+04 4.206700e+07
<GCONST> 7.092825e+01
<MIXTURE> 2 4.674447e-01
<MEAN> 6
 6.414361e+01 -8.242122e+01 8.406004e+00 -2.270855e-01 -4.617153e+00 -1.350906e+02
<VARIANCE> 6
 1.096137e+02 2.185873e+04 7.304874e+04 2.897276e+02 3.398000e+04 4.206700e+07
<GCONST> 7.057270e+01
<STATE> 6
<NUMMIXES> 2
<MIXTURE> 1 5.193276e-02
<MEAN> 6
 1.190120e+01 3.724724e+02 -1.528034e+02 -7.757011e+01 1.607930e+02 4.581516e+03
<VARIANCE> 6
 5.641893e+03 3.177726e+06 1.044175e+06 3.596855e+05 1.768202e+08 2.574115e+11
<GCONST> 1.065532e+02
<MIXTURE> 2 9.485071e-01
<MEAN> 6
 2.705012e+01 -1.151461e+01 2.322948e+01 4.618938e+00 -8.008483e+00 -2.267141e+02
<VARIANCE> 6
 3.352107e+03 4.329020e+05 1.219374e+06 2.582544e+04 5.405742e+05 1.033484e+08
<GCONST> 8.794984e+01
<TRANSP> 7
 0.000000e+00 1.000000e+00 0.000000e+00 0.000000e+00 0.000000e+00 0.000000e+00 0.000000e+00
 0.000000e+00 9.970958e-01 2.904187e-03 0.000000e+00 0.000000e+00 0.000000e+00 0.000000e+00
 0.000000e+00 0.000000e+00 9.990264e-01 9.736584e-04 0.000000e+00 0.000000e+00 0.000000e+00
 0.000000e+00 0.000000e+00 0.000000e+00 9.992532e-01 7.468407e-04 0.000000e+00 0.000000e+00
 0.000000e+00 0.000000e+00 0.000000e+00 0.000000e+00 9.994097e-01 5.902756e-04 0.000000e+00
 0.000000e+00 0.000000e+00 0.000000e+00 0.000000e+00 0.000000e+00 9.999571e-01 4.293577e-05
 0.000000e+00 0.000000e+00 0.000000e+00 0.000000e+00 0.000000e+00 0.000000e+00 0.000000e+00
<ENDHMM>
