~o
<STREAMINFO> 1 6
<VECSIZE> 6<NULLD><USER><DIAGC>
~h "SegundoPRIMARIA"
<BEGINHMM>
<NUMSTATES> 7
<STATE> 2
<NUMMIXES> 8
<MIXTURE> 1 1.410145e-01
<MEAN> 6
 8.878862e+01 8.050417e+01 2.717705e+02 -1.951372e+00 -4.139905e+01 -3.046498e+02
<VARIANCE> 6
 4.416559e+02 6.027741e+05 1.015054e+06 2.961042e+02 4.015795e+04 5.141442e+07
<GCONST> 7.830426e+01
<MIXTURE> 2 1.010205e-01
<MEAN> 6
 8.935210e+00 -1.526287e+02 1.171936e+02 -1.096620e+02 4.043200e+02 5.049064e+03
<VARIANCE> 6
 3.240551e+03 9.435194e+05 1.743960e+06 7.144248e+04 2.780110e+06 1.010724e+09
<GCONST> 9.398839e+01
<MIXTURE> 3 1.462828e-01
<MEAN> 6
 -4.692124e+01 -2.951163e+01 -1.436959e+02 2.697002e+01 7.942108e+02 5.500049e+02
<VARIANCE> 6
 7.999896e+02 1.525053e+05 7.048591e+05 2.732959e+04 3.186459e+05 7.943969e+07
<GCONST> 8.419064e+01
<MIXTURE> 4 9.089323e-02
<MEAN> 6
 -5.682811e+01 3.836460e+00 -3.153125e+02 -5.403423e+00 1.706026e+02 1.246233e+02
<VARIANCE> 6
 2.910644e+02 1.509976e+05 1.236700e+06 6.169491e+02 5.434870e+04 5.141442e+07
<GCONST> 7.773717e+01
<MIXTURE> 5 1.272793e-01
<MEAN> 6
 7.536363e+01 2.230070e+00 2.011926e+02 2.143106e+01 -6.370682e+02 1.192406e+03
<VARIANCE> 6
 8.245291e+02 2.262839e+05 7.489595e+05 3.361775e+04 4.373730e+05 1.552035e+08
<GCONST> 8.586966e+01
<MIXTURE> 6 1.020314e-01
<MEAN> 6
 -8.433833e+00 -8.604621e+01 -7.366879e+01 9.582369e+01 3.193073e+02 -3.998380e+03
<VARIANCE> 6
 1.459273e+03 1.193212e+05 5.294418e+05 5.121260e+04 3.520407e+05 1.307892e+08
<GCONST> 8.548645e+01
<MIXTURE> 7 1.644153e-01
<MEAN> 6
 7.208184e+01 9.380307e+01 -6.196061e+01 1.784665e+00 -2.171716e+01 -1.327033e+02
<VARIANCE> 6
 1.194085e+02 3.228151e+05 1.553912e+06 2.961042e+02 4.015795e+04 5.141442e+07
<GCONST> 7.679765e+01
<MIXTURE> 8 1.268788e-01
<MEAN> 6
 6.568563e+01 -1.347532e+02 -4.968932e+01 -3.528176e+01 -8.995134e+02 -2.251453e+03
<VARIANCE> 6
 7.900171e+02 2.172843e+05 7.893570e+05 4.417624e+04 4.748934e+05 1.475776e+08
<GCONST> 8.614391e+01
<STATE> 3
<NUMMIXES> 8
<MIXTURE> 1 1.965642e-01
<MEAN> 6
 7.424525e+01 4.054662e+01 1.535158e+02 -2.524238e-01 -5.004992e+00 -8.390495e+01
<VARIANCE> 6
 3.118158e+01 1.485183e+04 1.472748e+04 2.961042e+02 4.015795e+04 5.141442e+07
<GCONST> 6.771716e+01
<MIXTURE> 2 1.291689e-01
<MEAN> 6
 6.261226e+01 4.977456e+02 -1.575232e+01 5.752558e-01 7.581429e+00 -9.377590e+01
<VARIANCE> 6
 3.118158e+01 1.530995e+05 1.472748e+04 2.961042e+02 4.015795e+04 5.141442e+07
<GCONST> 7.005012e+01
<MIXTURE> 3 1.668031e-01
<MEAN> 6
 7.394489e+01 4.566751e+01 -2.515732e+02 -2.616219e-01 -6.786854e+00 -1.127147e+02
<VARIANCE> 6
 3.405708e+01 1.485183e+04 1.472748e+04 2.961042e+02 4.015795e+04 5.141442e+07
<GCONST> 6.780536e+01
<MIXTURE> 4 1.382977e-01
<MEAN> 6
 6.896915e+01 -1.307209e+02 1.552995e+02 1.462774e+00 2.396850e+00 -1.201541e+02
<VARIANCE> 6
 3.118158e+01 1.485183e+04 1.472748e+04 2.961042e+02 4.015795e+04 5.141442e+07
<GCONST> 6.771716e+01
<MIXTURE> 5 8.653855e-02
<MEAN> 6
 6.178709e+01 1.278963e+02 -2.557990e+02 1.629996e+00 1.505167e+00 -1.359574e+02
<VARIANCE> 6
 6.326979e+01 9.095680e+04 1.472748e+04 2.961042e+02 4.015795e+04 5.141442e+07
<GCONST> 7.023700e+01
<MIXTURE> 6 1.009308e-01
<MEAN> 6
 6.685259e+01 -1.227833e+02 -1.877410e+02 8.482883e-01 5.472704e+00 3.251624e+01
<VARIANCE> 6
 3.147734e+01 1.314979e+05 1.472748e+04 2.961042e+02 4.015795e+04 5.141442e+07
<GCONST> 6.990746e+01
<MIXTURE> 7 8.060605e-02
<MEAN> 6
 5.284743e+01 -2.407785e+00 -3.422246e+02 2.066272e+00 1.330554e+00 -9.513964e+01
<VARIANCE> 6
 3.662724e+01 8.181377e+04 1.472748e+04 2.961042e+02 4.015795e+04 5.141442e+07
<GCONST> 6.958444e+01
<MIXTURE> 8 1.009680e-01
<MEAN> 6
 6.485065e+01 -2.595251e+02 -2.136623e+02 -4.045851e-01 -1.655291e+01 -2.415004e+02
<VARIANCE> 6
 3.414476e+01 1.125912e+05 1.472748e+04 2.961042e+02 4.015795e+04 5.141442e+07
<GCONST> 6.983357e+01
<STATE> 4
<NUMMIXES> 8
<MIXTURE> 1 5.926035e-02
<MEAN> 6
 1.232340e+02 -9.684606e+01 1.959426e+03 -2.568866e+00 5.499084e+00 -1.778030e+02
<VARIANCE> 6
 4.430861e+01 1.687077e+05 3.064052e+05 2.961042e+02 4.015795e+04 5.141442e+07
<GCONST> 7.353374e+01
<MIXTURE> 2 9.703101e-02
<MEAN> 6
 9.073586e+01 3.314103e+02 3.692395e+02 -1.695635e+00 7.309710e+00 4.174414e+01
<VARIANCE> 6
 3.118158e+01 3.878426e+05 1.048858e+05 2.961042e+02 4.015795e+04 5.141442e+07
<GCONST> 7.294279e+01
<MIXTURE> 3 1.194933e-01
<MEAN> 6
 9.921428e+01 -1.521952e+03 -1.989701e+02 -4.838240e+00 -4.106318e+00 -3.685510e+01
<VARIANCE> 6
 3.118158e+01 5.165690e+06 4.840255e+04 2.961042e+02 4.015795e+04 5.141442e+07
<GCONST> 7.475867e+01
<MIXTURE> 4 1.775952e-01
<MEAN> 6
 9.145051e+01 4.285772e+02 1.632187e+02 -2.165676e+00 -2.766799e+00 1.302818e+01
<VARIANCE> 6
 3.118158e+01 3.638980e+05 1.810468e+05 2.961042e+02 4.015795e+04 5.141442e+07
<GCONST> 7.342494e+01
<MIXTURE> 5 1.181989e-01
<MEAN> 6
 9.335760e+01 -2.277015e+01 -1.320479e+02 -1.235874e+00 -3.135719e+00 -5.914556e+01
<VARIANCE> 6
 3.118158e+01 6.529257e+04 1.612126e+05 2.961042e+02 4.015795e+04 5.141442e+07
<GCONST> 7.159092e+01
<MIXTURE> 6 1.884261e-01
<MEAN> 6
 9.103622e+01 -1.178698e+02 4.847639e+02 -1.988699e+00 -2.223205e+00 -5.210646e+01
<VARIANCE> 6
 3.118158e+01 6.608051e+05 1.628255e+05 2.961042e+02 4.015795e+04 5.141442e+07
<GCONST> 7.391545e+01
<MIXTURE> 7 1.406938e-01
<MEAN> 6
 9.399660e+01 -3.028116e+02 -4.794583e+02 -5.081372e-01 -3.869467e+00 -7.905746e+01
<VARIANCE> 6
 3.118158e+01 1.110744e+05 4.410811e+04 2.961042e+02 4.015795e+04 5.141442e+07
<GCONST> 7.082616e+01
<MIXTURE> 8 9.926950e-02
<MEAN> 6
 8.901007e+01 1.281621e+02 2.768978e+02 -2.443684e+00 -1.055985e+01 -1.530815e+02
<VARIANCE> 6
 3.118158e+01 3.939318e+05 8.825302e+04 2.961042e+02 4.015795e+04 5.141442e+07
<GCONST> 7.278571e+01
<STATE> 5
<NUMMIXES> 8
<MIXTURE> 1 8.670092e-02
<MEAN> 6
 6.881776e+01 -7.102053e+03 1.335453e+03 -2.552842e+00 -4.448813e+00 -4.910074e+01
<VARIANCE> 6
 8.425150e+01 5.761834e+06 1.390953e+05 2.961042e+02 4.015795e+04 5.141442e+07
<GCONST> 7.691747e+01
<MIXTURE> 2 1.339717e-01
<MEAN> 6
 7.486584e+01 8.441409e+02 5.495641e+02 -1.055413e+00 -1.846022e-01 -1.213158e+02
<VARIANCE> 6
 3.118158e+01 2.511735e+05 2.941599e+04 2.961042e+02 4.015795e+04 5.141442e+07
<GCONST> 7.123700e+01
<MIXTURE> 3 1.134031e-01
<MEAN> 6
 8.043678e+01 5.079126e+02 -7.578664e+02 -5.438268e-01 5.289322e+00 3.713867e+00
<VARIANCE> 6
 3.727369e+01 9.235060e+05 9.048177e+04 2.961042e+02 4.015795e+04 5.141442e+07
<GCONST> 7.384109e+01
<MIXTURE> 4 1.355059e-01
<MEAN> 6
 7.561308e+01 3.063841e+03 -6.724707e+00 -2.322401e+00 -8.503243e+00 -1.256012e+02
<VARIANCE> 6
 3.118158e+01 1.837152e+05 1.200263e+05 2.961042e+02 4.015795e+04 5.141442e+07
<GCONST> 7.233041e+01
<MIXTURE> 5 1.682939e-01
<MEAN> 6
 6.594685e+01 -1.027937e+03 -2.414216e+01 -1.453431e-01 2.493746e+00 -9.478586e+01
<VARIANCE> 6
 9.350317e+01 6.973512e+04 2.868076e+05 2.961042e+02 4.015795e+04 5.141442e+07
<GCONST> 7.333099e+01
<MIXTURE> 6 9.899222e-02
<MEAN> 6
 6.881602e+01 1.238340e+03 -1.080739e+03 1.497102e+00 -2.145569e+00 -3.322068e+01
<VARIANCE> 6
 3.118158e+01 1.483773e+06 6.248287e+04 2.961042e+02 4.015795e+04 5.141442e+07
<GCONST> 7.376656e+01
<MIXTURE> 7 1.540781e-01
<MEAN> 6
 7.441224e+01 4.808410e+02 3.521334e+02 -8.307334e-01 -1.523912e+00 -1.313516e+02
<VARIANCE> 6
 3.118158e+01 4.348718e+04 1.009481e+05 2.961042e+02 4.015795e+04 5.141442e+07
<GCONST> 7.071638e+01
<MIXTURE> 8 1.090252e-01
<MEAN> 6
 7.737444e+01 1.166918e+02 -8.481669e+02 -1.354611e+00 -8.417198e+00 -1.202648e+02
<VARIANCE> 6
 4.037040e+01 1.256116e+06 8.406457e+04 2.961042e+02 4.015795e+04 5.141442e+07
<GCONST> 7.415495e+01
<STATE> 6
<NUMMIXES> 8
<MIXTURE> 1 1.402189e-02
<MEAN> 6
 2.192701e+01 6.459087e+02 -2.057104e+02 -3.675753e+01 -3.191482e+02 7.820883e+03
<VARIANCE> 6
 7.617188e+03 3.243082e+07 1.180870e+06 6.231698e+05 3.221363e+08 4.643259e+11
<GCONST> 1.110387e+02
<MIXTURE> 2 1.483159e-01
<MEAN> 6
 2.517316e+01 6.708611e+01 4.988015e+00 2.468316e+02 4.901176e+01 -3.453296e+03
<VARIANCE> 6
 1.066279e+03 2.625880e+05 6.885973e+04 7.447937e+03 2.942198e+05 8.532738e+07
<GCONST> 8.138715e+01
<MIXTURE> 3 1.314971e-01
<MEAN> 6
 5.184929e+01 1.467431e+01 -3.122299e+01 1.183454e+01 -4.837841e+02 -2.901353e+03
<VARIANCE> 6
 4.513270e+03 1.318483e+06 6.148725e+05 5.676797e+04 3.462812e+06 1.664967e+09
<GCONST> 9.410059e+01
<MIXTURE> 4 1.713916e-01
<MEAN> 6
 9.640122e+01 -1.114049e+02 -2.584753e+01 -5.609373e+00 -2.241649e+01 -2.776379e+02
<VARIANCE> 6
 3.499934e+02 9.932698e+05 1.580020e+05 2.961042e+02 4.015795e+04 5.141442e+07
<GCONST> 7.671101e+01
<MIXTURE> 5 1.543150e-01
<MEAN> 6
 6.769499e+00 1.520785e+01 2.210620e+01 -2.287024e+02 3.699252e+02 6.747692e+03
<VARIANCE> 6
 2.028879e+03 1.394674e+05 6.502878e+04 2.373218e+04 1.858184e+06 5.233789e+08
<GCONST> 8.615619e+01
<MIXTURE> 6 1.060559e-01
<MEAN> 6
 -4.659024e+01 1.398681e+02 6.502970e+01 6.014669e+01 7.148212e+02 1.127014e+03
<VARIANCE> 6
 2.334464e+02 2.756824e+05 9.764922e+04 1.093185e+04 3.196354e+05 6.997262e+07
<GCONST> 8.053434e+01
<MIXTURE> 7 1.672375e-01
<MEAN> 6
 8.352502e+01 -2.309733e+01 1.505299e+01 -5.075933e+01 -7.243442e+02 -8.423702e+02
<VARIANCE> 6
 3.665097e+02 2.280868e+05 9.314743e+04 2.020180e+04 2.927408e+05 9.160282e+07
<GCONST> 8.154425e+01
<MIXTURE> 8 1.060481e-01
<MEAN> 6
 -5.330636e+01 -3.353585e+01 -5.299101e+01 1.155721e+01 5.017327e+02 -1.619740e+03
<VARIANCE> 6
 2.232625e+02 3.013464e+05 1.165452e+05 7.289991e+03 2.782872e+05 7.451914e+07
<GCONST> 8.027489e+01
<TRANSP> 7
 0.000000e+00 1.000000e+00 0.000000e+00 0.000000e+00 0.000000e+00 0.000000e+00 0.000000e+00
 0.000000e+00 9.998264e-01 1.736359e-04 0.000000e+00 0.000000e+00 0.000000e+00 0.000000e+00
 0.000000e+00 0.000000e+00 9.993254e-01 6.745500e-04 0.000000e+00 0.000000e+00 0.000000e+00
 0.000000e+00 0.000000e+00 0.000000e+00 9.991323e-01 8.676179e-04 0.000000e+00 0.000000e+00
 0.000000e+00 0.000000e+00 0.000000e+00 0.000000e+00 9.990955e-01 9.045180e-04 0.000000e+00
 0.000000e+00 0.000000e+00 0.000000e+00 0.000000e+00 0.000000e+00 9.999424e-01 5.761381e-05
 0.000000e+00 0.000000e+00 0.000000e+00 0.000000e+00 0.000000e+00 0.000000e+00 0.000000e+00
<ENDHMM>
~h "SegundoESO"
<BEGINHMM>
<NUMSTATES> 7
<STATE> 2
<NUMMIXES> 8
<MIXTURE> 1 5.903000e-02
<MEAN> 6
 8.132919e+01 4.762165e+02 5.325865e+03 2.322172e+00 -1.497978e+01 -1.039789e+02
<VARIANCE> 6
 1.162467e+02 5.442328e+07 3.724925e+07 8.509423e+02 4.015795e+04 5.141442e+07
<GCONST> 8.613077e+01
<MIXTURE> 2 1.686583e-01
<MEAN> 6
 7.926109e+01 -2.623065e+02 1.595156e+02 -1.171971e+00 -4.395447e+00 -8.281359e+01
<VARIANCE> 6
 6.125562e+01 3.336463e+05 1.202318e+05 2.961042e+02 4.015795e+04 5.141442e+07
<GCONST> 7.360405e+01
<MIXTURE> 3 1.023555e-01
<MEAN> 6
 7.643968e+01 8.134471e+02 -1.651956e+03 -5.469463e-01 6.820412e-01 -4.427686e+01
<VARIANCE> 6
 3.118158e+01 6.735816e+05 7.884638e+06 2.961042e+02 4.015795e+04 5.141442e+07
<GCONST> 7.781460e+01
<MIXTURE> 4 9.348794e-02
<MEAN> 6
 6.369723e+01 1.101215e+03 -5.798478e+02 -2.885506e-01 -1.301126e+00 -9.106142e+01
<VARIANCE> 6
 3.736722e+01 2.004251e+06 3.255181e+05 2.961042e+02 4.015795e+04 5.141442e+07
<GCONST> 7.589873e+01
<MIXTURE> 5 1.338188e-01
<MEAN> 6
 7.015154e+01 3.953451e+02 -1.186013e+02 -3.385579e-01 -3.343193e+00 -1.095713e+02
<VARIANCE> 6
 3.118158e+01 5.609634e+05 1.206779e+05 2.961042e+02 4.015795e+04 5.141442e+07
<GCONST> 7.345210e+01
<MIXTURE> 6 2.085403e-01
<MEAN> 6
 6.329296e+01 -3.902086e+00 -7.330453e+02 -5.540419e-01 -7.129151e-01 -9.871813e+01
<VARIANCE> 6
 5.770515e+01 8.953843e+04 1.548415e+06 2.961042e+02 4.015795e+04 5.141442e+07
<GCONST> 7.478448e+01
<MIXTURE> 7 1.322178e-01
<MEAN> 6
 6.891963e+01 -1.567795e+02 -1.848511e+02 -1.429172e-01 -2.298424e+00 -1.063907e+02
<VARIANCE> 6
 3.118158e+01 1.375747e+06 1.252028e+05 2.961042e+02 4.015795e+04 5.141442e+07
<GCONST> 7.438600e+01
<MIXTURE> 8 1.016710e-01
<MEAN> 6
 7.488692e+01 4.293990e+02 -3.135724e+03 -9.354134e-01 -8.415173e+00 -1.563512e+02
<VARIANCE> 6
 3.118158e+01 6.295148e+05 1.236532e+07 2.961042e+02 4.015795e+04 5.141442e+07
<GCONST> 7.819691e+01
<STATE> 3
<NUMMIXES> 8
<MIXTURE> 1 1.333359e-01
<MEAN> 6
 2.514949e+01 1.379967e+02 5.361228e+01 3.021283e+01 -6.320340e+01 -2.781805e+02
<VARIANCE> 6
 2.264767e+03 1.483360e+07 7.163874e+06 3.045591e+04 2.034764e+05 5.141442e+07
<GCONST> 9.135222e+01
<MIXTURE> 2 1.062036e-01
<MEAN> 6
 -5.016993e+01 2.035751e+02 2.466193e+02 4.829923e+01 8.001456e+02 7.823997e+02
<VARIANCE> 6
 1.832197e+02 7.426952e+05 7.923784e+05 1.337575e+04 2.979921e+05 6.011504e+07
<GCONST> 8.335657e+01
<MIXTURE> 3 1.344757e-01
<MEAN> 6
 8.267387e+01 -4.068396e+02 1.612003e+02 -1.151998e+01 -2.153838e+02 -1.708018e+02
<VARIANCE> 6
 9.334602e+01 1.286914e+06 1.395933e+06 1.417211e+03 1.135450e+05 5.141442e+07
<GCONST> 8.043224e+01
<MIXTURE> 4 1.562364e-01
<MEAN> 6
 -6.356337e+00 6.503285e+01 3.261020e+01 1.379799e+01 1.828273e+02 -1.330722e+03
<VARIANCE> 6
 3.249026e+02 6.066394e+05 3.674064e+05 5.117357e+04 1.317042e+05 8.910418e+07
<GCONST> 8.387730e+01
<MIXTURE> 5 1.297326e-01
<MEAN> 6
 5.346190e+01 1.143544e+02 1.382181e+02 5.966106e+01 -4.072572e+02 -4.634176e+02
<VARIANCE> 6
 3.665951e+02 7.458422e+05 6.484614e+05 3.149089e+04 9.669840e+04 5.141442e+07
<GCONST> 8.342838e+01
<MIXTURE> 6 1.113643e-01
<MEAN> 6
 1.129180e+01 9.546971e+01 5.577991e+02 -1.055999e+02 1.225520e+02 4.125816e+03
<VARIANCE> 6
 3.350984e+03 2.735542e+06 3.110796e+06 4.882521e+04 2.609252e+06 8.117265e+08
<GCONST> 9.500175e+01
<MIXTURE> 7 1.203840e-01
<MEAN> 6
 6.527866e+01 -3.586255e+01 1.269410e+02 -4.991866e+01 -8.339243e+02 -1.297647e+02
<VARIANCE> 6
 4.366002e+02 1.142510e+06 4.351175e+05 3.199629e+04 2.578021e+05 1.153069e+08
<GCONST> 8.543482e+01
<MIXTURE> 8 1.075023e-01
<MEAN> 6
 -5.617337e+01 -7.390926e+01 -9.376602e+00 9.658778e+00 5.977845e+02 -1.737729e+03
<VARIANCE> 6
 1.584997e+02 7.088592e+05 7.820412e+05 8.101172e+03 3.009028e+05 6.720390e+07
<GCONST> 8.277164e+01
<STATE> 4
<NUMMIXES> 8
<MIXTURE> 1 1.064420e-01
<MEAN> 6
 8.178915e+01 -5.588574e+02 6.733000e+02 -3.521394e+00 -7.107423e-01 7.752246e+01
<VARIANCE> 6
 3.118158e+01 1.692871e+06 1.675993e+06 2.961042e+02 4.015795e+04 5.141442e+07
<GCONST> 7.718766e+01
<MIXTURE> 2 1.497511e-01
<MEAN> 6
 8.637374e+01 -3.759536e+03 -7.112830e+02 -5.804366e+00 3.857228e+00 9.897929e+01
<VARIANCE> 6
 5.703210e+01 7.945266e+06 2.123352e+07 2.961042e+02 4.015795e+04 5.141442e+07
<GCONST> 8.187677e+01
<MIXTURE> 3 1.905986e-01
<MEAN> 6
 9.587723e+01 1.764473e+02 -3.286994e+02 -5.398897e+00 2.322523e+00 1.086955e+02
<VARIANCE> 6
 4.830849e+01 2.474150e+05 1.818675e+05 2.961042e+02 4.015795e+04 5.141442e+07
<GCONST> 7.348145e+01
<MIXTURE> 4 1.050445e-01
<MEAN> 6
 8.543774e+01 -6.590298e+01 -6.933179e+01 -3.681084e+00 -4.373011e+00 1.471943e+02
<VARIANCE> 6
 3.712030e+01 8.241857e+05 2.818216e+06 2.961042e+02 4.015795e+04 5.141442e+07
<GCONST> 7.716191e+01
<MIXTURE> 5 9.969327e-02
<MEAN> 6
 8.643529e+01 -7.429908e+01 -1.344994e+03 -3.913565e+00 2.722950e+00 6.102893e+01
<VARIANCE> 6
 1.099971e+02 3.546034e+05 2.962729e+05 2.961042e+02 4.015795e+04 5.141442e+07
<GCONST> 7.515222e+01
<MIXTURE> 6 1.286433e-01
<MEAN> 6
 8.125903e+01 6.891755e+02 -1.724003e+03 -2.955398e+00 -8.491243e-01 1.011117e+02
<VARIANCE> 6
 9.369477e+01 4.765674e+05 4.031125e+06 2.961042e+02 4.015795e+04 5.141442e+07
<GCONST> 7.789794e+01
<MIXTURE> 7 1.181869e-01
<MEAN> 6
 8.056283e+01 -8.311703e+02 5.224614e+02 -3.737119e+00 3.285107e+00 4.757666e+01
<VARIANCE> 6
 3.118158e+01 2.994546e+06 1.447293e+06 2.961042e+02 4.015795e+04 5.141442e+07
<GCONST> 7.761131e+01
<MIXTURE> 8 1.016047e-01
<MEAN> 6
 8.207386e+01 -3.254047e+02 -1.506607e+03 -3.939546e+00 -3.228981e+00 -4.516479e+00
<VARIANCE> 6
 1.178395e+02 3.066087e+05 2.329518e+05 2.961042e+02 4.015795e+04 5.141442e+07
<GCONST> 7.483521e+01
<STATE> 5
<NUMMIXES> 8
<MIXTURE> 1 1.291529e-01
<MEAN> 6
 7.516451e+01 1.825874e+00 1.719910e+02 -1.933823e+00 -3.800116e+00 -5.185912e+01
<VARIANCE> 6
 3.118158e+01 2.812886e+05 3.195825e+04 2.961042e+02 4.015795e+04 5.141442e+07
<GCONST> 7.143313e+01
<MIXTURE> 2 1.513090e-01
<MEAN> 6
 7.183718e+01 6.163842e+02 -6.979696e+01 -1.816364e+00 -9.511805e-01 -6.873701e+01
<VARIANCE> 6
 3.118158e+01 1.127008e+06 1.106503e+05 2.961042e+02 4.015795e+04 5.141442e+07
<GCONST> 7.406301e+01
<MIXTURE> 3 1.361859e-01
<MEAN> 6
 6.405252e+01 3.927347e+02 1.056854e+02 -5.685953e-01 -3.318749e+00 -8.650811e+01
<VARIANCE> 6
 3.118158e+01 2.355913e+04 5.222099e+04 2.961042e+02 4.015795e+04 5.141442e+07
<GCONST> 6.944431e+01
<MIXTURE> 4 1.901609e-01
<MEAN> 6
 5.907085e+01 -1.984607e+01 -1.452892e+02 1.314871e-01 -2.782629e+00 -1.449324e+02
<VARIANCE> 6
 3.118158e+01 4.088454e+04 1.472748e+04 2.961042e+02 4.015795e+04 5.141442e+07
<GCONST> 6.872978e+01
<MIXTURE> 5 9.731743e-02
<MEAN> 6
 6.517719e+01 -3.020493e+02 1.290008e+02 -1.765532e-01 1.411640e+00 -3.311511e+01
<VARIANCE> 6
 4.146618e+01 1.926986e+05 1.472748e+04 2.961042e+02 4.015795e+04 5.141442e+07
<GCONST> 7.056521e+01
<MIXTURE> 6 7.962430e-02
<MEAN> 6
 6.125005e+01 -2.169268e+03 -3.564191e+02 -7.799469e-01 -3.979062e+00 -6.195513e+01
<VARIANCE> 6
 7.028869e+01 1.546109e+05 6.102764e+04 2.961042e+02 4.015795e+04 5.141442e+07
<GCONST> 7.229433e+01
<MIXTURE> 7 1.140902e-01
<MEAN> 6
 6.245015e+01 2.342665e+02 5.370784e+01 -3.167394e-01 -3.414778e+00 -1.136118e+02
<VARIANCE> 6
 3.118158e+01 4.427395e+04 4.341412e+04 2.961042e+02 4.015795e+04 5.141442e+07
<GCONST> 6.989050e+01
<MIXTURE> 8 1.021184e-01
<MEAN> 6
 6.356395e+01 -4.765512e+02 8.176749e+01 -4.606628e-01 -6.011662e+00 -1.393060e+02
<VARIANCE> 6
 3.118158e+01 1.885921e+05 1.472748e+04 2.961042e+02 4.015795e+04 5.141442e+07
<GCONST> 7.025862e+01
<STATE> 6
<NUMMIXES> 8
<MIXTURE> 1 9.305422e-02
<MEAN> 6
 2.085259e+01 2.870360e+02 1.043074e+02 1.428138e+02 -2.057673e+01 -5.355823e+02
<VARIANCE> 6
 5.736073e+02 4.394099e+05 2.396274e+05 4.154567e+03 6.064759e+04 5.141442e+07
<GCONST> 7.985947e+01
<MIXTURE> 2 1.544210e-01
<MEAN> 6
 2.239324e+00 4.491759e+01 6.019637e+01 -1.844948e+02 1.208449e+02 4.299566e+03
<VARIANCE> 6
 5.001477e+02 3.473987e+05 1.196162e+05 4.741724e+03 2.504316e+05 1.627555e+08
<GCONST> 8.149530e+01
<MIXTURE> 3 1.287312e-01
<MEAN> 6
 7.333419e+01 -2.216109e+02 8.516401e+00 -5.260347e+00 -5.745541e+01 1.416531e+02
<VARIANCE> 6
 1.182985e+02 6.845001e+05 1.097934e+05 2.961042e+02 4.015795e+04 5.141442e+07
<GCONST> 7.488999e+01
<MIXTURE> 4 1.150596e-01
<MEAN> 6
 -3.876142e+01 1.971921e+02 1.069701e+01 1.312454e+01 8.982268e+02 -2.513173e+03
<VARIANCE> 6
 1.683614e+02 3.284583e+05 1.007411e+05 1.638609e+04 3.399363e+05 1.353896e+08
<GCONST> 8.154022e+01
<MIXTURE> 5 1.667475e-01
<MEAN> 6
 5.672038e+01 7.374401e+00 9.277788e+00 1.307188e+00 -4.210819e+02 -4.556708e+02
<VARIANCE> 6
 1.757147e+02 1.464781e+05 4.749094e+04 1.443463e+04 8.188451e+04 5.141442e+07
<GCONST> 7.750493e+01
<MIXTURE> 6 1.411540e-01
<MEAN> 6
 -3.275303e+01 8.771575e+00 -5.642645e+00 3.490010e+01 3.413534e+02 -3.410222e+02
<VARIANCE> 6
 2.337278e+02 1.357145e+05 8.757270e+04 5.938508e+03 7.878825e+04 5.141442e+07
<GCONST> 7.739911e+01
<MIXTURE> 7 1.066668e-01
<MEAN> 6
 6.560025e+01 -3.181999e+02 1.045057e+01 -2.880536e+01 -7.706900e+02 -1.271317e+02
<VARIANCE> 6
 2.360392e+02 1.027467e+06 1.401412e+05 1.418618e+04 3.400884e+05 1.615761e+08
<GCONST> 8.338174e+01
<MIXTURE> 8 9.370343e-02
<MEAN> 6
 1.458518e+01 2.192334e+01 -7.098801e+01 1.368198e+02 -8.836121e+01 -1.921797e+03
<VARIANCE> 6
 6.201331e+02 3.531096e+05 2.289015e+05 4.587688e+03 6.165450e+04 5.141442e+07
<GCONST> 7.978864e+01
<TRANSP> 7
 0.000000e+00 1.000000e+00 0.000000e+00 0.000000e+00 0.000000e+00 0.000000e+00 0.000000e+00
 0.000000e+00 9.997128e-01 2.872436e-04 0.000000e+00 0.000000e+00 0.000000e+00 0.000000e+00
 0.000000e+00 0.000000e+00 9.999205e-01 7.940841e-05 0.000000e+00 0.000000e+00 0.000000e+00
 0.000000e+00 0.000000e+00 0.000000e+00 9.992229e-01 7.771216e-04 0.000000e+00 0.000000e+00
 0.000000e+00 0.000000e+00 0.000000e+00 0.000000e+00 9.993206e-01 6.793810e-04 0.000000e+00
 0.000000e+00 0.000000e+00 0.000000e+00 0.000000e+00 0.000000e+00 9.998803e-01 1.196732e-04
 0.000000e+00 0.000000e+00 0.000000e+00 0.000000e+00 0.000000e+00 0.000000e+00 0.000000e+00
<ENDHMM>
~h "QuintoPRIMARIA"
<BEGINHMM>
<NUMSTATES> 7
<STATE> 2
<NUMMIXES> 8
<MIXTURE> 1 1.069774e-01
<MEAN> 6
 -4.731505e+01 6.024963e+01 -3.367393e+01 2.315863e+01 2.982604e+02 1.535644e+02
<VARIANCE> 6
 2.632845e+02 5.747244e+04 7.833114e+04 1.091004e+03 9.021749e+04 5.141442e+07
<GCONST> 7.498853e+01
<MIXTURE> 2 5.988910e-02
<MEAN> 6
 5.639258e+01 -1.873957e+02 -3.233944e+02 -6.820233e+00 -7.699383e+02 1.220300e+03
<VARIANCE> 6
 1.850139e+03 9.847167e+05 1.370646e+06 2.775687e+04 1.253267e+06 4.230173e+08
<GCONST> 9.061661e+01
<MIXTURE> 3 1.806296e-01
<MEAN> 6
 -1.611453e+01 1.958241e+01 1.396568e+01 6.456278e+01 4.706723e+02 -2.213272e+03
<VARIANCE> 6
 6.837126e+02 8.089605e+04 4.888740e+04 2.750488e+04 2.527915e+05 5.244414e+07
<GCONST> 8.009069e+01
<MIXTURE> 4 1.410243e-01
<MEAN> 6
 -1.297842e+01 3.410556e+01 3.764410e+01 -1.010040e+02 6.404069e+02 3.590534e+03
<VARIANCE> 6
 1.441777e+03 5.794477e+04 1.378618e+05 4.409131e+04 1.320090e+06 6.393321e+08
<GCONST> 8.616531e+01
<MIXTURE> 5 1.352127e-01
<MEAN> 6
 6.718702e+01 3.973732e+01 6.511197e+01 -2.837684e+00 -3.421215e+01 -3.643727e+02
<VARIANCE> 6
 1.471323e+02 2.309368e+04 4.085357e+04 2.961042e+02 4.015795e+04 5.141442e+07
<GCONST> 7.073038e+01
<MIXTURE> 6 1.430376e-01
<MEAN> 6
 6.027076e+01 9.419627e+01 2.679577e+01 3.159359e+01 -4.484785e+02 7.905070e+02
<VARIANCE> 6
 5.063596e+02 9.979209e+04 5.396477e+04 2.369775e+04 2.139264e+05 6.768694e+07
<GCONST> 8.003837e+01
<MIXTURE> 7 9.077995e-02
<MEAN> 6
 6.938463e+01 -2.171685e+02 6.175026e+01 -3.101885e+00 -3.696627e+01 -3.327787e+02
<VARIANCE> 6
 1.316917e+02 1.915529e+05 2.461845e+05 2.961042e+02 4.015795e+04 5.141442e+07
<GCONST> 7.453120e+01
<MIXTURE> 8 1.420540e-01
<MEAN> 6
 5.412664e+01 -2.078268e+01 -4.440067e+01 -1.841764e+01 -6.258166e+02 -1.652957e+03
<VARIANCE> 6
 5.377626e+02 9.335206e+04 6.114073e+04 2.911891e+04 2.377391e+05 6.800563e+07
<GCONST> 8.047292e+01
<STATE> 3
<NUMMIXES> 8
<MIXTURE> 1 1.447785e-01
<MEAN> 6
 8.215511e+01 5.126284e+02 -8.538603e+02 -5.665447e-01 -5.172272e+00 -5.416620e+01
<VARIANCE> 6
 3.118158e+01 2.331899e+04 1.309214e+05 2.961042e+02 4.015795e+04 5.141442e+07
<GCONST> 7.035318e+01
<MIXTURE> 2 1.850144e-01
<MEAN> 6
 6.625265e+01 -4.929500e+01 -4.117482e+02 -4.364356e-01 -5.262472e+00 -2.064238e+01
<VARIANCE> 6
 3.118158e+01 6.480780e+04 1.472748e+04 2.961042e+02 4.015795e+04 5.141442e+07
<GCONST> 6.919046e+01
<MIXTURE> 3 9.456614e-02
<MEAN> 6
 6.124562e+01 -8.654630e+01 -2.091450e+02 3.100958e-01 5.686298e+00 -7.200073e+00
<VARIANCE> 6
 3.118158e+01 1.751387e+04 1.472748e+04 2.961042e+02 4.015795e+04 5.141442e+07
<GCONST> 6.788202e+01
<MIXTURE> 4 1.665766e-01
<MEAN> 6
 8.142623e+01 2.501497e+01 -3.185986e+02 -9.892094e-01 -4.703414e+00 -4.980488e-01
<VARIANCE> 6
 3.118158e+01 1.718181e+05 1.472748e+04 2.961042e+02 4.015795e+04 5.141442e+07
<GCONST> 7.016547e+01
<MIXTURE> 5 1.291011e-01
<MEAN> 6
 6.247410e+01 -2.486141e+01 -4.567303e+02 -1.060614e+00 -2.957464e+00 -3.594450e+01
<VARIANCE> 6
 3.118158e+01 1.485183e+04 3.170761e+04 2.961042e+02 4.015795e+04 5.141442e+07
<GCONST> 6.848399e+01
<MIXTURE> 6 1.189599e-01
<MEAN> 6
 9.661523e+01 -5.009816e+02 -5.394200e+02 -8.002896e-01 -9.645091e+00 -2.866653e+01
<VARIANCE> 6
 5.019451e+01 1.485183e+04 1.472748e+04 2.961042e+02 4.015795e+04 5.141442e+07
<GCONST> 6.819324e+01
<MIXTURE> 7 6.646848e-02
<MEAN> 6
 8.666833e+01 1.932145e+02 -1.355332e+03 -7.128797e-01 -1.262811e+01 6.262141e+01
<VARIANCE> 6
 3.796272e+01 8.075645e+04 5.174160e+05 2.961042e+02 4.015795e+04 5.141442e+07
<GCONST> 7.316638e+01
<MIXTURE> 8 9.449808e-02
<MEAN> 6
 5.984716e+01 -1.511912e+02 -2.359851e+02 -3.863790e-01 -5.330948e+00 -1.458907e+02
<VARIANCE> 6
 3.118158e+01 1.782924e+04 1.472748e+04 2.961042e+02 4.015795e+04 5.141442e+07
<GCONST> 6.789987e+01
<STATE> 4
<NUMMIXES> 8
<MIXTURE> 1 9.356018e-02
<MEAN> 6
 6.164228e+01 -4.462200e+03 -4.623516e+03 -6.767344e-01 -3.088113e+00 -5.793433e+01
<VARIANCE> 6
 3.118158e+01 1.937843e+07 7.377770e+06 2.961042e+02 4.015795e+04 5.141442e+07
<GCONST> 8.110746e+01
<MIXTURE> 2 1.159249e-01
<MEAN> 6
 9.900188e+01 2.016961e+03 -4.575207e+02 -2.902646e+00 6.903597e-01 -1.130960e+02
<VARIANCE> 6
 3.026561e+02 1.138003e+06 4.835474e+04 2.961042e+02 4.015795e+04 5.141442e+07
<GCONST> 7.551768e+01
<MIXTURE> 3 1.511327e-01
<MEAN> 6
 7.153395e+01 7.398932e+02 6.453736e+02 -1.707378e-01 -4.998003e+00 -1.014848e+02
<VARIANCE> 6
 3.118158e+01 1.082768e+06 9.108464e+05 2.961042e+02 4.015795e+04 5.141442e+07
<GCONST> 7.613097e+01
<MIXTURE> 4 8.696162e-02
<MEAN> 6
 6.076825e+01 7.113025e+02 -1.057959e+03 1.023664e+00 2.405106e+00 -1.558459e+01
<VARIANCE> 6
 3.157316e+01 3.964152e+05 1.341502e+06 2.961042e+02 4.015795e+04 5.141442e+07
<GCONST> 7.552580e+01
<MIXTURE> 5 1.484849e-01
<MEAN> 6
 7.067962e+01 3.347214e+02 3.250197e+03 1.212234e-01 -2.750718e+00 -1.055436e+02
<VARIANCE> 6
 2.038453e+02 6.983728e+04 9.072650e+05 2.961042e+02 4.015795e+04 5.141442e+07
<GCONST> 7.526345e+01
<MIXTURE> 6 1.495078e-01
<MEAN> 6
 6.031908e+01 -1.951840e+02 -3.531839e+03 9.597306e-01 -6.877843e+00 -9.529604e+01
<VARIANCE> 6
 3.118158e+01 4.364935e+05 8.602964e+06 2.961042e+02 4.015795e+04 5.141442e+07
<GCONST> 7.746795e+01
<MIXTURE> 7 1.656698e-01
<MEAN> 6
 7.016611e+01 -3.430599e+02 -9.437922e+02 -1.679282e-01 -4.291916e+00 -6.340134e+01
<VARIANCE> 6
 3.118158e+01 1.182477e+06 3.128109e+05 2.961042e+02 4.015795e+04 5.141442e+07
<GCONST> 7.515028e+01
<MIXTURE> 8 8.869640e-02
<MEAN> 6
 5.876885e+01 3.687793e+02 -1.678948e+03 2.850070e-01 -1.041082e+01 -2.011090e+02
<VARIANCE> 6
 3.118158e+01 3.407837e+05 1.395198e+06 2.961042e+02 4.015795e+04 5.141442e+07
<GCONST> 7.540135e+01
<STATE> 5
<NUMMIXES> 8
<MIXTURE> 1 1.081977e-01
<MEAN> 6
 7.900374e+01 2.248500e+02 3.572581e+02 -2.490443e+00 5.547572e+00 -1.700682e+02
<VARIANCE> 6
 2.273206e+02 4.858389e+04 5.591512e+04 2.961042e+02 4.015795e+04 5.141442e+07
<GCONST> 7.222298e+01
<MIXTURE> 2 1.300497e-01
<MEAN> 6
 7.636119e+01 -5.872138e+02 1.850089e+02 -2.916586e+00 1.979968e+00 -1.103059e+02
<VARIANCE> 6
 3.118158e+01 1.564380e+04 1.472748e+04 2.961042e+02 4.015795e+04 5.141442e+07
<GCONST> 6.776910e+01
<MIXTURE> 3 1.038650e-01
<MEAN> 6
 8.803198e+01 1.067749e+01 3.460849e+00 -3.433712e+00 -2.858086e+00 1.244640e+02
<VARIANCE> 6
 4.605579e+01 2.223090e+04 1.472748e+04 2.961042e+02 4.015795e+04 5.141442e+07
<GCONST> 6.851054e+01
<MIXTURE> 4 1.022270e-01
<MEAN> 6
 5.922284e+01 -1.106136e+03 2.707249e+01 -1.533277e+00 -4.183129e+00 -1.012076e+02
<VARIANCE> 6
 2.018443e+02 1.515105e+04 1.472748e+04 2.961042e+02 4.015795e+04 5.141442e+07
<GCONST> 6.960477e+01
<MIXTURE> 5 1.601420e-01
<MEAN> 6
 8.492580e+01 -1.903857e+02 5.236286e+01 -4.678312e+00 2.834939e+00 2.344410e+01
<VARIANCE> 6
 3.118158e+01 1.530576e+04 1.472748e+04 2.961042e+02 4.015795e+04 5.141442e+07
<GCONST> 6.774726e+01
<MIXTURE> 6 1.360959e-01
<MEAN> 6
 6.899786e+01 6.662601e+01 2.790312e+02 -1.124948e+00 5.937244e+00 5.787097e+01
<VARIANCE> 6
 3.764378e+01 2.181379e+04 2.380584e+04 2.961042e+02 4.015795e+04 5.141442e+07
<GCONST> 6.877013e+01
<MIXTURE> 7 1.242631e-01
<MEAN> 6
 6.802757e+01 -4.453072e+02 1.445484e+01 -1.634739e+00 -3.760199e+00 -6.083579e+01
<VARIANCE> 6
 4.638881e+01 1.485183e+04 1.472748e+04 2.961042e+02 4.015795e+04 5.141442e+07
<GCONST> 6.811438e+01
<MIXTURE> 8 1.350687e-01
<MEAN> 6
 6.619101e+01 3.665112e+01 2.197821e+02 -1.943282e+00 -2.091267e+00 -7.506348e+01
<VARIANCE> 6
 4.245908e+01 1.861094e+04 2.132753e+04 2.961042e+02 4.015795e+04 5.141442e+07
<GCONST> 6.862178e+01
<STATE> 6
<NUMMIXES> 8
<MIXTURE> 1 9.301678e-02
<MEAN> 6
 8.710938e+01 2.218747e+02 9.553638e+02 -4.632671e+00 -1.948558e+01 -3.862860e+01
<VARIANCE> 6
 2.369436e+02 3.846157e+06 3.581399e+06 2.961042e+02 4.015795e+04 5.141442e+07
<GCONST> 8.079565e+01
<MIXTURE> 2 1.358747e-02
<MEAN> 6
 -6.544736e+00 1.523121e+02 1.132657e+02 -2.284681e+01 2.873336e+01 3.283598e+03
<VARIANCE> 6
 1.149939e+04 2.136620e+05 4.067906e+05 1.829884e+06 9.990403e+08 1.469302e+12
<GCONST> 1.087234e+02
<MIXTURE> 3 1.506200e-01
<MEAN> 6
 1.903841e+01 7.697609e+01 -2.181641e+02 -8.850398e+01 2.516759e+00 2.792743e+03
<VARIANCE> 6
 3.589033e+03 2.571769e+06 6.173960e+06 5.510726e+04 2.691554e+06 1.197129e+09
<GCONST> 9.623472e+01
<MIXTURE> 4 1.978851e-01
<MEAN> 6
 -5.027867e+01 1.763380e+00 9.684995e+01 4.373920e+01 6.772387e+02 -9.422302e+02
<VARIANCE> 6
 4.258117e+02 1.201263e+06 1.596854e+06 1.926487e+04 3.210876e+05 7.294442e+07
<GCONST> 8.601441e+01
<MIXTURE> 5 1.308471e-01
<MEAN> 6
 -1.331468e+01 -1.551089e+02 1.862332e+02 2.727909e+01 1.861235e+02 -7.211074e+02
<VARIANCE> 6
 1.827083e+03 1.810806e+05 4.076510e+05 3.853195e+04 1.763370e+05 7.670540e+07
<GCONST> 8.435748e+01
<MIXTURE> 6 1.275783e-01
<MEAN> 6
 6.584779e+01 1.203940e+02 2.175422e+02 3.914678e+01 -5.123375e+02 9.536489e+02
<VARIANCE> 6
 6.170957e+02 8.295456e+05 1.135529e+06 2.741056e+04 2.276059e+05 8.838918e+07
<GCONST> 8.587485e+01
<MIXTURE> 7 1.587542e-01
<MEAN> 6
 8.159359e+01 9.166409e+01 8.621970e+01 -3.679316e+00 -2.102140e+01 -2.822773e+02
<VARIANCE> 6
 2.112094e+02 4.416202e+05 9.019256e+05 2.961042e+02 4.015795e+04 5.141442e+07
<GCONST> 7.713731e+01
<MIXTURE> 8 1.265915e-01
<MEAN> 6
 5.910093e+01 -2.100816e+02 -1.877684e+02 -1.702357e+01 -6.924525e+02 -1.860093e+03
<VARIANCE> 6
 6.772737e+02 7.811201e+05 1.073902e+06 3.735129e+04 2.580039e+05 8.926443e+07
<GCONST> 8.629660e+01
<TRANSP> 7
 0.000000e+00 1.000000e+00 0.000000e+00 0.000000e+00 0.000000e+00 0.000000e+00 0.000000e+00
 0.000000e+00 9.998785e-01 1.215045e-04 0.000000e+00 0.000000e+00 0.000000e+00 0.000000e+00
 0.000000e+00 0.000000e+00 9.991435e-01 8.565324e-04 0.000000e+00 0.000000e+00 0.000000e+00
 0.000000e+00 0.000000e+00 0.000000e+00 9.994026e-01 5.973188e-04 0.000000e+00 0.000000e+00
 0.000000e+00 0.000000e+00 0.000000e+00 0.000000e+00 9.990473e-01 9.526786e-04 0.000000e+00
 0.000000e+00 0.000000e+00 0.000000e+00 0.000000e+00 0.000000e+00 9.999362e-01 6.384417e-05
 0.000000e+00 0.000000e+00 0.000000e+00 0.000000e+00 0.000000e+00 0.000000e+00 0.000000e+00
<ENDHMM>
