~o
<STREAMINFO> 1 6
<VECSIZE> 6<NULLD><USER><DIAGC>
~h "SegundoPRIMARIA"
<BEGINHMM>
<NUMSTATES> 4
<STATE> 2
<NUMMIXES> 10
<MIXTURE> 1 1.467191e-01
<MEAN> 6
 8.473499e+01 -7.061173e+01 1.696247e+02 -1.950451e+00 -1.918711e+01 -1.552295e+02
<VARIANCE> 6
 3.617705e+02 3.015428e+05 2.602847e+06 2.897276e+02 3.398000e+04 4.206700e+07
<GCONST> 7.796429e+01
<MIXTURE> 2 7.599512e-02
<MEAN> 6
 4.923141e+01 4.198179e+01 2.051690e+02 8.862956e+01 -2.233851e+02 -3.348760e+02
<VARIANCE> 6
 1.132407e+03 2.081185e+05 7.571069e+05 3.066258e+04 1.428342e+05 4.206700e+07
<GCONST> 8.359750e+01
<MIXTURE> 3 1.296747e-01
<MEAN> 6
 -3.974704e+01 -3.890147e+01 -8.064609e+00 4.754057e+01 7.866826e+02 -1.929901e+03
<VARIANCE> 6
 5.489044e+02 2.409556e+05 4.703363e+05 3.310070e+04 3.122922e+05 1.255420e+08
<GCONST> 8.449591e+01
<MIXTURE> 4 7.867312e-02
<MEAN> 6
 -1.191851e+00 -9.868473e+01 -8.684312e+00 -1.506854e+02 4.523502e+02 6.197854e+03
<VARIANCE> 6
 2.896323e+03 6.869086e+05 2.382978e+06 6.173980e+04 2.701482e+06 1.111937e+09
<GCONST> 9.379164e+01
<MIXTURE> 5 6.782360e-02
<MEAN> 6
 9.061749e+01 -7.044903e+01 -1.518147e+01 -5.421142e+00 -2.879807e+01 -9.627614e+01
<VARIANCE> 6
 2.955470e+02 3.016077e+06 5.206448e+05 2.897276e+02 3.398000e+04 4.206700e+07
<GCONST> 7.845562e+01
<MIXTURE> 6 1.079866e-01
<MEAN> 6
 7.107629e+01 3.078347e+02 -2.307596e+02 4.589862e-01 -1.156572e+01 -1.348248e+02
<VARIANCE> 6
 5.967711e+01 3.845199e+05 3.660064e+05 2.897276e+02 3.398000e+04 4.206700e+07
<GCONST> 7.444361e+01
<MIXTURE> 7 1.212416e-01
<MEAN> 6
 7.993774e+01 -1.349387e+02 1.026767e+02 -3.164885e+01 -9.002061e+02 -9.965956e+02
<VARIANCE> 6
 6.806876e+02 3.707095e+05 7.013911e+05 2.943314e+04 5.981679e+05 2.479832e+08
<GCONST> 8.675474e+01
<MIXTURE> 8 8.380130e-02
<MEAN> 6
 -6.201501e+01 -2.728016e+01 -1.909180e+02 2.901961e+00 2.397288e+02 5.444589e+02
<VARIANCE> 6
 3.217355e+02 2.566643e+05 9.539737e+05 1.569770e+03 8.701418e+04 4.206700e+07
<GCONST> 7.931219e+01
<MIXTURE> 9 1.108251e-01
<MEAN> 6
 6.824428e+01 -1.040935e+02 -2.872448e+02 4.752261e-01 -6.887827e+00 -9.471416e+01
<VARIANCE> 6
 4.454536e+01 1.082440e+05 1.607149e+05 2.897276e+02 3.398000e+04 4.206700e+07
<GCONST> 7.206054e+01
<MIXTURE> 10 7.656564e-02
<MEAN> 6
 4.260510e+01 -1.276897e+02 -5.710289e+01 2.926720e+01 -3.444915e+02 -1.285550e+03
<VARIANCE> 6
 1.077642e+03 2.179959e+05 6.041077e+05 4.587709e+04 1.681185e+05 4.327944e+07
<GCONST> 8.396287e+01
<STATE> 3
<NUMMIXES> 10
<MIXTURE> 1 3.368303e-03
<MEAN> 6
 3.057882e+01 -3.730392e+02 -6.350485e+01 5.305186e+01 -1.098451e+03 1.665914e+04
<VARIANCE> 6
 1.046852e+04 8.251692e+05 9.653311e+04 1.058698e+06 5.447169e+08 6.894232e+11
<GCONST> 1.066318e+02
<MIXTURE> 2 1.268843e-01
<MEAN> 6
 2.166773e+01 8.324900e+01 1.119309e+01 2.578093e+02 1.070690e+02 -4.017856e+03
<VARIANCE> 6
 7.873326e+02 2.046776e+05 3.952127e+04 7.537513e+03 2.740096e+05 8.277321e+07
<GCONST> 8.018988e+01
<MIXTURE> 3 8.540308e-02
<MEAN> 6
 1.003333e+02 1.881365e+01 1.353857e+01 4.884324e+01 -1.197375e+03 -2.370031e+03
<VARIANCE> 6
 6.609971e+02 6.195174e+05 2.583894e+05 3.903749e+04 3.129217e+06 1.976863e+09
<GCONST> 9.025328e+01
<MIXTURE> 4 7.448868e-02
<MEAN> 6
 1.020881e+02 5.690979e+01 -2.662935e+00 -6.540823e+00 -1.832986e+01 -1.894901e+02
<VARIANCE> 6
 3.017050e+02 9.473207e+05 1.038954e+05 2.897276e+02 3.398000e+04 4.206700e+07
<GCONST> 7.570649e+01
<MIXTURE> 5 1.312879e-01
<MEAN> 6
 -3.160271e+01 2.817239e+01 -7.300916e+00 -1.342014e+02 1.232186e+03 2.994666e+03
<VARIANCE> 6
 9.481417e+02 1.573324e+05 2.359224e+05 5.135747e+04 1.332169e+06 8.362713e+08
<GCONST> 8.771249e+01
<MIXTURE> 6 1.445932e-01
<MEAN> 6
 8.225385e+01 3.914793e+01 5.155418e+01 -1.087478e+01 -6.568267e+02 -1.322388e+03
<VARIANCE> 6
 3.583413e+02 1.771256e+05 9.571523e+04 2.677892e+04 2.226701e+05 6.424080e+07
<GCONST> 8.094946e+01
<MIXTURE> 7 9.040681e-02
<MEAN> 6
 -3.908849e+01 1.503155e+02 8.187383e+01 6.471872e+01 7.133389e+02 5.390938e+02
<VARIANCE> 6
 2.117309e+02 2.152362e+05 3.686722e+04 1.304523e+04 2.958038e+05 5.041610e+07
<GCONST> 7.898660e+01
<MIXTURE> 8 1.263492e-01
<MEAN> 6
 5.210132e+01 1.316847e+01 5.518258e+01 -1.783407e+02 -5.961055e+02 4.130839e+03
<VARIANCE> 6
 1.354271e+03 8.989077e+04 4.289110e+04 3.378007e+04 6.758210e+05 2.229275e+08
<GCONST> 8.338472e+01
<MIXTURE> 9 1.264887e-01
<MEAN> 6
 9.166400e+01 -1.063067e+02 -7.810655e+00 -2.855740e+00 -1.852498e+01 -2.645465e+02
<VARIANCE> 6
 1.057729e+02 1.343154e+05 7.945723e+04 2.897276e+02 3.398000e+04 4.206700e+07
<GCONST> 7.243671e+01
<MIXTURE> 10 8.991853e-02
<MEAN> 6
 -5.002536e+01 2.224951e+01 2.386326e+01 1.265520e+01 4.669551e+02 -6.445792e+02
<VARIANCE> 6
 2.362018e+02 1.456392e+05 6.312087e+04 5.153110e+03 1.958897e+05 6.061046e+07
<GCONST> 7.808628e+01
<TRANSP> 4
 0.000000e+00 1.000000e+00 0.000000e+00 0.000000e+00
 0.000000e+00 9.999207e-01 7.925670e-05 0.000000e+00
 0.000000e+00 0.000000e+00 9.999288e-01 7.124383e-05
 0.000000e+00 0.000000e+00 0.000000e+00 0.000000e+00
<ENDHMM>
~h "SegundoESO"
<BEGINHMM>
<NUMSTATES> 4
<STATE> 2
<NUMMIXES> 10
<MIXTURE> 1 1.263259e-01
<MEAN> 6
 8.124409e+01 -3.238253e+02 7.137243e+02 -3.071820e+00 -2.734591e+01 -8.278481e+01
<VARIANCE> 6
 1.090474e+02 1.001582e+06 1.520381e+06 2.897276e+02 3.398000e+04 4.206700e+07
<GCONST> 7.742785e+01
<MIXTURE> 2 5.606499e-02
<MEAN> 6
 1.104529e+01 -2.343174e+02 9.360704e+02 -1.204851e+02 1.325207e+02 4.672417e+03
<VARIANCE> 6
 2.900610e+03 4.773720e+06 8.150290e+06 4.677885e+04 1.863364e+06 5.941654e+08
<GCONST> 9.568588e+01
<MIXTURE> 3 8.678891e-02
<MEAN> 6
 2.548848e+01 1.095769e+03 -9.233931e+02 2.545224e+01 -4.829659e+01 -3.003993e+02
<VARIANCE> 6
 1.911090e+03 3.228419e+07 3.500880e+06 2.488646e+04 1.304167e+05 4.206700e+07
<GCONST> 9.039664e+01
<MIXTURE> 4 5.572178e-02
<MEAN> 6
 8.850877e+01 -2.734021e+03 1.672613e+02 -3.227214e+00 -3.079510e+01 -6.048539e+01
<VARIANCE> 6
 1.922525e+02 9.475716e+06 2.795759e+07 2.897276e+02 3.398000e+04 4.206700e+07
<GCONST> 8.315376e+01
<MIXTURE> 5 1.701254e-01
<MEAN> 6
 -3.237821e+01 -8.755047e+00 4.516010e+02 1.365502e+01 6.086045e+02 -8.374765e+02
<VARIANCE> 6
 5.289368e+02 8.887969e+05 2.893782e+06 3.376950e+04 2.673105e+05 8.531067e+07
<GCONST> 8.705913e+01
<MIXTURE> 6 1.137261e-01
<MEAN> 6
 7.347035e+01 1.424372e+02 -1.992891e+03 -2.673818e-01 -1.347011e+01 -9.971649e+01
<VARIANCE> 6
 9.098512e+01 1.995087e+05 9.712901e+06 2.897276e+02 3.398000e+04 4.206700e+07
<GCONST> 7.748778e+01
<MIXTURE> 7 9.863073e-02
<MEAN> 6
 6.251189e+01 4.306527e+00 6.666300e+02 4.358856e+01 -4.739540e+02 2.716896e+02
<VARIANCE> 6
 5.869112e+02 9.826883e+05 4.270238e+06 2.370267e+04 1.220558e+05 4.237518e+07
<GCONST> 8.581502e+01
<MIXTURE> 8 7.488348e-02
<MEAN> 6
 -6.020284e+01 8.308870e+01 2.967056e+02 1.159455e+01 1.977604e+02 2.565401e+01
<VARIANCE> 6
 8.603256e+01 7.851169e+05 3.082676e+06 7.936595e+02 6.366583e+04 4.206700e+07
<GCONST> 7.928972e+01
<MIXTURE> 9 1.152749e-01
<MEAN> 6
 7.008894e+01 6.025438e+02 -4.071395e+02 -4.049631e-01 -8.893291e+00 -8.096530e+01
<VARIANCE> 6
 7.094261e+01 1.910284e+06 9.569902e+05 2.897276e+02 3.398000e+04 4.206700e+07
<GCONST> 7.718069e+01
<MIXTURE> 10 1.019735e-01
<MEAN> 6
 5.999250e+01 -1.785161e+02 1.670850e+02 -2.221894e+01 -6.624117e+02 -8.991854e+02
<VARIANCE> 6
 6.126726e+02 1.146218e+06 1.752850e+06 3.237821e+04 2.180230e+05 5.827713e+07
<GCONST> 8.633215e+01
<STATE> 3
<NUMMIXES> 10
<MIXTURE> 1 1.166380e-01
<MEAN> 6
 7.551942e+01 -2.016319e+02 1.165384e+02 -2.626447e+00 -2.361585e+01 -7.685293e+01
<VARIANCE> 6
 8.026065e+01 5.663946e+05 5.258223e+04 2.897276e+02 3.398000e+04 4.206700e+07
<GCONST> 7.318696e+01
<MIXTURE> 2 5.711788e-02
<MEAN> 6
 5.834811e+01 2.479525e+02 1.211680e+01 -1.104296e+01 -7.963426e+02 8.305120e+02
<VARIANCE> 6
 1.612722e+03 1.705196e+06 9.307004e+05 4.691090e+04 1.193286e+06 6.995306e+08
<GCONST> 9.161996e+01
<MIXTURE> 3 1.091649e-01
<MEAN> 6
 -4.157314e+01 1.712632e+02 1.013447e+02 -4.633079e+01 1.076259e+03 8.177625e+02
<VARIANCE> 6
 2.990044e+02 6.827516e+05 3.706223e+05 3.111826e+04 5.501738e+05 3.111389e+08
<GCONST> 8.610383e+01
<MIXTURE> 4 1.133429e-01
<MEAN> 6
 2.842676e+01 4.144259e+01 1.016259e+01 7.999503e+01 -1.458356e+02 -1.029823e+03
<VARIANCE> 6
 6.049918e+02 3.096679e+05 2.939856e+05 2.998688e+04 5.997905e+04 4.206700e+07
<GCONST> 8.153206e+01
<MIXTURE> 5 6.132643e-02
<MEAN> 6
 9.014706e+01 7.601260e+01 -3.679090e+02 -6.650990e+00 -2.937738e+01 8.280623e+01
<VARIANCE> 6
 1.381761e+02 1.015523e+06 5.816899e+05 2.897276e+02 3.398000e+04 4.206700e+07
<GCONST> 7.671764e+01
<MIXTURE> 6 8.556865e-02
<MEAN> 6
 7.097766e+01 2.021063e+01 8.285789e+01 1.452972e+01 -6.041180e+02 2.860130e+02
<VARIANCE> 6
 2.622950e+02 6.604484e+05 2.102287e+05 1.845947e+04 1.447110e+05 6.488295e+07
<GCONST> 8.194728e+01
<MIXTURE> 7 1.452809e-01
<MEAN> 6
 -4.021400e+01 -1.313819e+01 4.776342e+00 4.169176e+01 4.904872e+02 -6.452771e+02
<VARIANCE> 6
 2.678507e+02 1.976748e+05 1.474883e+05 1.076371e+04 1.324841e+05 4.206700e+07
<GCONST> 7.934650e+01
<MIXTURE> 8 9.979568e-02
<MEAN> 6
 6.358687e+01 1.029522e+02 -5.459785e+01 -5.244493e-01 -2.162411e+01 -1.418339e+02
<VARIANCE> 6
 4.278952e+01 1.999395e+05 5.556480e+04 2.897276e+02 3.398000e+04 4.206700e+07
<GCONST> 7.157187e+01
<MIXTURE> 9 1.232002e-01
<MEAN> 6
 1.019341e+01 -2.533718e+00 2.420408e+01 -4.509460e+01 -2.027579e+01 8.751736e+02
<VARIANCE> 6
 5.368708e+02 3.033918e+05 6.514921e+04 4.419025e+04 1.375251e+05 1.022937e+08
<GCONST> 8.199142e+01
<MIXTURE> 10 8.704963e-02
<MEAN> 6
 6.581681e+01 -1.071957e+02 6.750001e+00 -4.439780e+01 -7.492477e+02 -4.427343e+02
<VARIANCE> 6
 2.405796e+02 5.426788e+05 1.198175e+05 2.181095e+04 1.682819e+05 6.911984e+07
<GCONST> 8.148323e+01
<TRANSP> 4
 0.000000e+00 1.000000e+00 0.000000e+00 0.000000e+00
 0.000000e+00 9.998894e-01 1.106084e-04 0.000000e+00
 0.000000e+00 0.000000e+00 9.999451e-01 5.490103e-05
 0.000000e+00 0.000000e+00 0.000000e+00 0.000000e+00
<ENDHMM>
~h "QuintoPRIMARIA"
<BEGINHMM>
<NUMSTATES> 4
<STATE> 2
<NUMMIXES> 10
<MIXTURE> 1 1.359307e-01
<MEAN> 6
 7.359203e+01 3.239724e+02 1.333804e+02 -1.436456e+00 -2.020310e+01 -9.455385e+01
<VARIANCE> 6
 1.990766e+02 7.926721e+05 3.250554e+06 2.897276e+02 3.398000e+04 4.206700e+07
<GCONST> 7.855569e+01
<MIXTURE> 2 6.804768e-02
<MEAN> 6
 1.695907e+01 -1.938185e+02 -8.564875e+02 -8.675075e+01 -2.103247e+01 3.678027e+03
<VARIANCE> 6
 3.450783e+03 5.930644e+06 7.241806e+06 4.895785e+04 2.693852e+06 1.142940e+09
<GCONST> 9.702671e+01
<MIXTURE> 3 1.195955e-01
<MEAN> 6
 -2.559476e+01 -9.161864e+01 1.445124e+02 1.037474e+02 5.371761e+02 -2.476519e+03
<VARIANCE> 6
 4.558182e+02 2.014622e+05 3.118280e+05 2.682997e+04 1.680231e+05 4.588120e+07
<GCONST> 8.188361e+01
<MIXTURE> 4 7.206105e-02
<MEAN> 6
 5.115326e+01 2.086341e+01 3.297970e+02 5.567079e+01 -4.230652e+02 -3.596442e+02
<VARIANCE> 6
 9.075557e+02 9.056311e+05 1.539158e+06 3.203090e+04 1.844602e+05 5.440171e+07
<GCONST> 8.611270e+01
<MIXTURE> 5 1.380554e-01
<MEAN> 6
 7.188960e+01 -8.006984e+01 -4.402179e+01 -2.276496e+00 -2.636725e+01 -2.766831e+02
<VARIANCE> 6
 1.984805e+02 1.371571e+05 1.175376e+05 2.897276e+02 3.398000e+04 4.206700e+07
<GCONST> 7.347859e+01
<MIXTURE> 6 1.137938e-01
<MEAN> 6
 5.891822e+01 1.922689e+01 -6.589534e+00 9.881640e+00 -4.600993e+02 -5.122036e+02
<VARIANCE> 6
 6.372363e+02 8.816245e+04 5.025092e+04 2.715755e+04 1.790849e+05 4.206700e+07
<GCONST> 7.955592e+01
<MIXTURE> 7 9.311197e-02
<MEAN> 6
 -6.167590e+01 2.369182e+01 -5.686894e+01 1.781584e+01 3.162226e+02 3.334085e+02
<VARIANCE> 6
 1.606084e+02 4.371944e+05 7.930506e+05 1.643974e+03 1.136516e+05 4.206700e+07
<GCONST> 7.927854e+01
<MIXTURE> 8 9.988055e-02
<MEAN> 6
 5.008157e+01 1.368489e+01 -3.460964e+01 -6.107335e+01 -6.730861e+02 1.007314e+03
<VARIANCE> 6
 1.349997e+03 1.660528e+05 1.535845e+05 4.756664e+04 7.323816e+05 3.666551e+08
<GCONST> 8.619106e+01
<MIXTURE> 9 8.533017e-02
<MEAN> 6
 -4.522601e+01 -1.060986e+02 7.329088e+00 -7.552278e+01 1.219818e+03 1.874410e+03
<VARIANCE> 6
 3.623479e+02 2.378720e+05 2.685037e+05 3.387119e+04 6.331441e+05 4.251325e+08
<GCONST> 8.545667e+01
<MIXTURE> 10 7.289459e-02
<MEAN> 6
 4.659967e+01 -2.768711e+02 -1.012696e+02 4.986728e+00 -5.216215e+02 -1.741876e+03
<VARIANCE> 6
 1.046789e+03 7.237313e+05 1.386026e+06 4.418932e+04 2.504787e+05 6.399654e+07
<GCONST> 8.671658e+01
<STATE> 3
<NUMMIXES> 10
<MIXTURE> 1 6.971097e-02
<MEAN> 6
 9.007337e+01 3.966474e+02 5.553171e+02 -2.961784e+00 5.073661e-01 1.284200e+02
<VARIANCE> 6
 2.937064e+02 5.289880e+06 1.302598e+06 2.897276e+02 3.398000e+04 4.206700e+07
<GCONST> 7.992826e+01
<MIXTURE> 2 5.502727e-02
<MEAN> 6
 -7.117712e+00 1.960987e+02 1.465062e+02 -4.579559e+01 7.847439e+01 5.351602e+03
<VARIANCE> 6
 1.119716e+04 1.226644e+05 3.870321e+05 1.894395e+06 1.041247e+09 1.537874e+12
<GCONST> 1.082137e+02
<MIXTURE> 3 1.060510e-01
<MEAN> 6
 2.031264e+01 1.033127e+02 1.052437e+02 3.201510e+01 -1.778111e+02 -1.780748e+03
<VARIANCE> 6
 8.154027e+03 1.582084e+05 3.909026e+05 2.401440e+04 1.834267e+06 1.677751e+09
<GCONST> 9.063070e+01
<MIXTURE> 4 9.924227e-02
<MEAN> 6
 8.904168e+01 7.187704e+02 1.658247e+02 -6.902908e+00 3.946963e+00 9.762730e+01
<VARIANCE> 6
 1.795141e+02 1.845368e+05 2.772781e+04 2.897276e+02 3.398000e+04 4.206700e+07
<GCONST> 7.223055e+01
<MIXTURE> 5 1.205362e-01
<MEAN> 6
 6.590920e+01 7.706056e+01 2.958078e+01 -2.302985e+00 2.981302e+00 -1.614286e-01
<VARIANCE> 6
 3.207798e+01 1.464582e+04 1.674664e+05 2.897276e+02 3.398000e+04 4.206700e+07
<GCONST> 6.977312e+01
<MIXTURE> 6 1.120593e-01
<MEAN> 6
 9.048745e+01 1.362045e+02 -2.729278e+02 -5.207167e+00 -1.341850e+00 -2.493718e+01
<VARIANCE> 6
 7.426747e+01 1.059297e+05 1.075972e+05 2.897276e+02 3.398000e+04 4.206700e+07
<GCONST> 7.214886e+01
<MIXTURE> 7 8.604265e-02
<MEAN> 6
 8.292128e+01 -2.028206e+02 9.856721e+01 -1.734939e+00 1.921907e+01 -9.865762e+01
<VARIANCE> 6
 4.897180e+01 8.851266e+04 1.326227e+04 2.897276e+02 3.398000e+04 4.206700e+07
<GCONST> 6.945933e+01
<MIXTURE> 8 1.496898e-01
<MEAN> 6
 9.316643e+01 2.868866e+01 7.370597e+02 -3.712633e+00 6.906831e+00 8.833156e+01
<VARIANCE> 6
 7.884097e+01 5.905978e+05 3.729096e+06 2.897276e+02 3.398000e+04 4.206700e+07
<GCONST> 7.747250e+01
<MIXTURE> 9 1.177956e-01
<MEAN> 6
 8.363782e+01 -1.090980e+02 -2.634244e+02 -1.757064e+00 2.838820e+00 -3.864328e+00
<VARIANCE> 6
 3.147101e+01 5.857591e+04 1.393562e+05 2.897276e+02 3.398000e+04 4.206700e+07
<GCONST> 7.095644e+01
<MIXTURE> 10 8.371818e-02
<MEAN> 6
 7.902697e+01 -3.804293e+02 8.652540e+01 -2.113347e+00 1.189527e+01 -3.981668e+01
<VARIANCE> 6
 6.475426e+01 1.251847e+05 1.326227e+04 2.897276e+02 3.398000e+04 4.206700e+07
<GCONST> 7.008533e+01
<TRANSP> 4
 0.000000e+00 1.000000e+00 0.000000e+00 0.000000e+00
 0.000000e+00 9.999584e-01 4.158526e-05 0.000000e+00
 0.000000e+00 0.000000e+00 9.997259e-01 2.741180e-04
 0.000000e+00 0.000000e+00 0.000000e+00 0.000000e+00
<ENDHMM>
