~o
<STREAMINFO> 1 6
<VECSIZE> 6<NULLD><USER><DIAGC>
~h "SegundoPRIMARIA"
<BEGINHMM>
<NUMSTATES> 5
<STATE> 2
<NUMMIXES> 5
<MIXTURE> 1 2.020425e-01
<MEAN> 6
 8.349486e+01 2.674599e+02 2.097886e+02 -9.600071e-01 -3.159726e+00 -6.813258e+01
<VARIANCE> 6
 1.091648e+02 1.678435e+05 2.428093e+04 2.995507e+02 3.990629e+04 5.126798e+07
<GCONST> 7.189750e+01
<MIXTURE> 2 2.751037e-01
<MEAN> 6
 8.813476e+01 -2.599414e+02 -1.241682e+02 -8.895022e-01 -3.559354e+00 -9.756712e+01
<VARIANCE> 6
 1.515782e+02 8.101374e+04 2.283712e+05 2.995507e+02 3.990629e+04 5.126798e+07
<GCONST> 7.373862e+01
<MIXTURE> 3 1.561416e-01
<MEAN> 6
 6.878811e+01 -3.176904e+01 -4.260329e+02 2.439294e-01 1.249948e+01 -6.110144e+01
<VARIANCE> 6
 8.149318e+01 6.155801e+04 1.420066e+05 2.995507e+02 3.990629e+04 5.126798e+07
<GCONST> 7.236829e+01
<MIXTURE> 4 2.110495e-01
<MEAN> 6
 6.577964e+01 3.307100e+02 -6.228128e+01 -5.262125e-02 1.866753e+00 -1.159152e+02
<VARIANCE> 6
 5.481752e+01 1.734879e+05 3.518933e+04 2.995507e+02 3.990629e+04 5.126798e+07
<GCONST> 7.161278e+01
<MIXTURE> 5 1.555807e-01
<MEAN> 6
 6.563937e+01 -1.394181e+02 -5.702496e+02 -1.170548e+00 -1.238344e+01 -2.296975e+02
<VARIANCE> 6
 8.125034e+01 6.682477e+04 1.364112e+05 2.995507e+02 3.990629e+04 5.126798e+07
<GCONST> 7.240720e+01
<STATE> 3
<NUMMIXES> 5
<MIXTURE> 1 2.391590e-01
<MEAN> 6
 7.899548e+01 1.137404e+03 -1.306529e+02 -5.770903e-01 9.199980e+00 1.894287e+00
<VARIANCE> 6
 9.032650e+01 1.801323e+06 1.076396e+06 2.995507e+02 3.990629e+04 5.126798e+07
<GCONST> 7.787300e+01
<MIXTURE> 2 9.497138e-02
<MEAN> 6
 7.061844e+01 -4.555932e+03 1.127436e+03 -2.207887e+00 -2.962301e+00 -4.021474e+01
<VARIANCE> 6
 8.308354e+01 1.715832e+07 3.095040e+05 2.995507e+02 3.990629e+04 5.126798e+07
<GCONST> 7.879697e+01
<MIXTURE> 3 1.575263e-01
<MEAN> 6
 6.957701e+01 -7.771818e+02 1.842032e+03 6.219951e-01 -4.753077e+00 -1.087338e+02
<VARIANCE> 6
 1.578779e+02 2.149302e+05 2.601413e+06 2.995507e+02 3.990629e+04 5.126798e+07
<GCONST> 7.718787e+01
<MIXTURE> 4 2.693817e-01
<MEAN> 6
 6.244906e+01 -3.646030e+02 7.609031e+02 -3.317154e-01 6.602782e+00 -1.279575e+02
<VARIANCE> 6
 3.198792e+01 3.403331e+05 5.253362e+05 2.995507e+02 3.990629e+04 5.126798e+07
<GCONST> 7.445124e+01
<MIXTURE> 5 2.389464e-01
<MEAN> 6
 7.643552e+01 6.648480e+02 -5.410300e+02 -1.441903e+00 -1.989133e+01 -1.841482e+02
<VARIANCE> 6
 6.264620e+01 1.690163e+06 1.307751e+06 2.995507e+02 3.990629e+04 5.126798e+07
<GCONST> 7.763807e+01
<STATE> 4
<NUMMIXES> 5
<MIXTURE> 1 2.006711e-02
<MEAN> 6
 4.735547e+01 6.230461e+02 -2.132307e+02 -1.564291e+01 -7.958485e+02 4.482134e+03
<VARIANCE> 6
 6.820455e+03 1.902099e+07 1.009248e+06 3.601814e+05 1.732439e+08 2.469379e+11
<GCONST> 1.084377e+02
<MIXTURE> 2 2.605046e-01
<MEAN> 6
 3.622365e+01 2.200196e+01 1.776929e+01 3.156185e+01 6.777162e+01 -2.883161e+02
<VARIANCE> 6
 4.634060e+03 8.495254e+05 3.311131e+05 1.198720e+04 1.539328e+05 5.126798e+07
<GCONST> 8.491955e+01
<MIXTURE> 3 1.748945e-01
<MEAN> 6
 2.676492e+01 9.076736e+01 1.364016e+02 -1.389233e+01 1.710864e+02 3.553216e+03
<VARIANCE> 6
 4.087948e+03 2.957770e+05 9.955404e+05 5.629888e+04 2.009310e+06 5.983253e+08
<GCONST> 9.141284e+01
<MIXTURE> 4 3.677064e-01
<MEAN> 6
 3.792306e+01 -1.862084e+01 -7.250179e+00 1.849905e+01 -8.497443e+01 -6.468892e+02
<VARIANCE> 6
 3.420576e+03 9.721102e+04 8.596016e+04 2.570373e+04 3.856540e+05 5.126798e+07
<GCONST> 8.278078e+01
<MIXTURE> 5 1.755280e-01
<MEAN> 6
 1.529413e+01 -8.777865e+01 -1.886757e+02 -6.708143e+01 -1.158829e+00 -2.176111e+03
<VARIANCE> 6
 3.908919e+03 2.821538e+05 9.848680e+05 5.475657e+04 2.114534e+06 5.560262e+08
<GCONST> 9.126007e+01
<TRANSP> 5
 0.000000e+00 1.000000e+00 0.000000e+00 0.000000e+00 0.000000e+00
 0.000000e+00 9.996036e-01 3.963763e-04 0.000000e+00 0.000000e+00
 0.000000e+00 0.000000e+00 9.993431e-01 6.569053e-04 0.000000e+00
 0.000000e+00 0.000000e+00 0.000000e+00 9.999567e-01 4.327665e-05
 0.000000e+00 0.000000e+00 0.000000e+00 0.000000e+00 0.000000e+00
<ENDHMM>
~h "SegundoESO"
<BEGINHMM>
<NUMSTATES> 5
<STATE> 2
<NUMMIXES> 5
<MIXTURE> 1 1.745850e-01
<MEAN> 6
 2.345566e+01 6.381902e+02 9.747008e+01 -1.443234e+01 -3.132970e+01 5.873695e+02
<VARIANCE> 6
 3.329789e+03 2.276325e+07 5.494410e+06 4.121725e+04 1.205105e+06 3.100574e+08
<GCONST> 9.577879e+01
<MIXTURE> 2 2.360101e-01
<MEAN> 6
 7.845929e+01 1.713751e+02 -6.669838e+02 -9.229397e-01 -2.976994e+01 -1.085438e+02
<VARIANCE> 6
 7.917931e+01 7.002818e+05 6.486916e+06 2.995507e+02 3.990629e+04 5.126798e+07
<GCONST> 7.859266e+01
<MIXTURE> 3 1.373866e-01
<MEAN> 6
 8.651056e+01 -2.251206e+03 4.316407e+02 -4.018753e+00 -3.289851e+01 -1.616073e+02
<VARIANCE> 6
 1.617129e+02 7.179953e+06 2.661940e+07 2.995507e+02 3.990629e+04 5.126798e+07
<GCONST> 8.304620e+01
<MIXTURE> 4 2.260295e-01
<MEAN> 6
 5.602112e+00 4.493191e+02 4.846042e+02 3.545182e+01 9.620211e+01 7.590869e+02
<VARIANCE> 6
 3.178996e+03 1.475534e+06 4.765408e+06 3.010608e+04 4.793965e+05 5.126798e+07
<GCONST> 8.981835e+01
<MIXTURE> 5 2.254329e-01
<MEAN> 6
 3.235301e+00 9.114438e+01 -1.753601e+02 -1.755722e+01 -2.301131e+01 -1.044543e+03
<VARIANCE> 6
 3.085332e+03 1.346374e+06 3.836806e+06 3.036425e+04 4.507255e+05 5.126798e+07
<GCONST> 8.942697e+01
<STATE> 3
<NUMMIXES> 5
<MIXTURE> 1 2.719688e-01
<MEAN> 6
 7.834007e+01 -5.033178e+02 2.393417e+02 -9.297809e-01 -4.002070e+00 -1.047916e+02
<VARIANCE> 6
 6.871686e+01 6.803899e+05 5.443696e+04 2.995507e+02 3.990629e+04 5.126798e+07
<GCONST> 7.364162e+01
<MIXTURE> 2 2.059285e-01
<MEAN> 6
 6.856971e+01 5.125770e+02 -6.648875e+02 -7.744905e-01 -3.641669e+00 -8.204773e+01
<VARIANCE> 6
 3.681943e+01 4.185236e+05 5.030833e+05 2.995507e+02 3.990629e+04 5.126798e+07
<GCONST> 7.475544e+01
<MIXTURE> 3 1.926871e-01
<MEAN> 6
 6.565394e+01 2.925409e+02 4.876499e+01 2.141874e-01 9.127388e-01 -6.309143e+01
<VARIANCE> 6
 4.192260e+01 1.759814e+05 5.242395e+04 2.995507e+02 3.990629e+04 5.126798e+07
<GCONST> 7.175748e+01
<MIXTURE> 4 1.363108e-01
<MEAN> 6
 5.980589e+01 3.645461e+02 -5.720266e+02 -8.163656e-02 -2.367538e+00 -1.109528e+02
<VARIANCE> 6
 3.198792e+01 2.349750e+06 3.192227e+05 2.995507e+02 3.990629e+04 5.126798e+07
<GCONST> 7.588523e+01
<MIXTURE> 5 1.928842e-01
<MEAN> 6
 6.289547e+01 1.149166e+02 -3.412204e+01 -3.362503e-01 -9.241207e+00 -2.227065e+02
<VARIANCE> 6
 3.801008e+01 1.548676e+05 4.821062e+04 2.995507e+02 3.990629e+04 5.126798e+07
<GCONST> 7.144792e+01
<STATE> 4
<NUMMIXES> 5
<MIXTURE> 1 1.465194e-01
<MEAN> 6
 5.153325e+01 2.125086e+02 1.285102e+02 4.380134e+01 -5.594452e+01 2.834926e+02
<VARIANCE> 6
 1.681222e+03 7.389133e+05 7.454170e+05 9.309090e+03 5.584267e+04 5.126798e+07
<GCONST> 8.331079e+01
<MIXTURE> 2 1.864904e-01
<MEAN> 6
 1.431357e+01 -1.138937e+02 1.839102e+02 -6.862419e+01 3.820804e+01 1.845636e+03
<VARIANCE> 6
 3.095290e+03 1.962824e+06 9.530042e+05 3.698182e+04 1.535684e+06 4.512339e+08
<GCONST> 9.201234e+01
<MIXTURE> 3 2.783701e-01
<MEAN> 6
 -1.994637e+01 4.778187e+01 6.752866e+00 3.401501e+01 4.299269e+02 -7.940503e+02
<VARIANCE> 6
 1.229796e+03 1.867168e+05 9.234027e+04 2.222890e+04 2.810966e+05 6.308243e+07
<GCONST> 8.222800e+01
<MIXTURE> 4 2.407099e-01
<MEAN> 6
 5.006917e+01 -4.320316e+01 7.893010e+00 -2.282626e+01 -4.201226e+02 -6.988464e+00
<VARIANCE> 6
 1.092147e+03 3.759599e+05 7.728090e+04 2.611622e+04 2.397608e+05 5.722733e+07
<GCONST> 8.253585e+01
<MIXTURE> 5 1.469840e-01
<MEAN> 6
 4.392437e+01 -1.236446e+02 -1.465643e+02 1.777115e+01 -1.131391e+02 -9.209009e+02
<VARIANCE> 6
 2.049980e+03 6.521879e+05 6.936586e+05 1.075909e+04 6.704361e+04 5.126798e+07
<GCONST> 8.363985e+01
<TRANSP> 5
 0.000000e+00 1.000000e+00 0.000000e+00 0.000000e+00 0.000000e+00
 0.000000e+00 9.998591e-01 1.408851e-04 0.000000e+00 0.000000e+00
 0.000000e+00 0.000000e+00 9.997139e-01 2.860440e-04 0.000000e+00
 0.000000e+00 0.000000e+00 0.000000e+00 9.999403e-01 5.974017e-05
 0.000000e+00 0.000000e+00 0.000000e+00 0.000000e+00 0.000000e+00
<ENDHMM>
~h "QuintoPRIMARIA"
<BEGINHMM>
<NUMSTATES> 5
<STATE> 2
<NUMMIXES> 5
<MIXTURE> 1 3.060631e-01
<MEAN> 6
 -3.202898e+01 -2.050812e+01 3.948638e+01 2.800046e+01 4.760741e+02 -9.087426e+02
<VARIANCE> 6
 8.296078e+02 8.375611e+04 1.086689e+05 2.542543e+04 2.582036e+05 6.090474e+07
<GCONST> 8.120977e+01
<MIXTURE> 2 1.762151e-01
<MEAN> 6
 7.139493e+00 5.087989e+00 5.156718e+01 -5.439285e+01 1.581995e+02 2.213422e+03
<VARIANCE> 6
 3.011117e+03 6.223127e+05 6.297630e+05 5.328255e+04 1.807650e+06 5.416378e+08
<GCONST> 9.113264e+01
<MIXTURE> 3 1.480644e-01
<MEAN> 6
 7.332699e+01 5.084924e+01 -3.460559e+00 2.763950e+00 -4.242502e+01 1.650934e+02
<VARIANCE> 6
 1.922678e+02 1.656245e+05 1.683979e+05 1.460379e+03 3.990629e+04 5.126798e+07
<GCONST> 7.597103e+01
<MIXTURE> 4 2.263204e-01
<MEAN> 6
 5.817905e+01 2.851232e+01 -2.557085e+01 8.724287e+00 -6.816877e+02 -2.634219e+02
<VARIANCE> 6
 5.962251e+02 1.419235e+05 1.009755e+05 3.635020e+04 2.542047e+05 7.530794e+07
<GCONST> 8.188750e+01
<MIXTURE> 5 1.426633e-01
<MEAN> 6
 7.011798e+01 -8.789718e+01 -1.260946e+02 -4.814046e+00 -9.208306e+01 -5.989248e+02
<VARIANCE> 6
 1.833656e+02 1.828582e+05 1.531273e+05 1.516810e+03 3.990629e+04 5.126798e+07
<GCONST> 7.596546e+01
<STATE> 3
<NUMMIXES> 5
<MIXTURE> 1 9.032041e-02
<MEAN> 6
 9.819156e+01 1.111972e+03 -3.555529e+02 -3.805490e+00 -2.084738e+00 1.714772e+02
<VARIANCE> 6
 1.879231e+02 1.425848e+06 2.835125e+05 2.995507e+02 3.990629e+04 5.126798e+07
<GCONST> 7.703773e+01
<MIXTURE> 2 1.917320e-01
<MEAN> 6
 6.989444e+01 2.523216e+01 1.478640e+02 2.334800e-01 1.515816e+00 -4.820923e+00
<VARIANCE> 6
 1.332498e+02 4.953517e+05 7.465978e+06 2.995507e+02 3.990629e+04 5.126798e+07
<GCONST> 7.890752e+01
<MIXTURE> 3 2.643821e-01
<MEAN> 6
 7.853204e+01 -5.029176e+01 -3.315701e+00 -2.860669e+00 1.680115e+00 1.935456e+01
<VARIANCE> 6
 1.223239e+02 5.759788e+04 1.064897e+05 2.995507e+02 3.990629e+04 5.126798e+07
<GCONST> 7.242013e+01
<MIXTURE> 4 2.569327e-01
<MEAN> 6
 7.593908e+01 -2.356030e+02 -1.461593e+01 -2.582081e+00 1.957892e+00 -1.791703e+01
<VARIANCE> 6
 1.217898e+02 1.637692e+05 7.386817e+04 2.995507e+02 3.990629e+04 5.126798e+07
<GCONST> 7.309496e+01
<MIXTURE> 5 1.965708e-01
<MEAN> 6
 6.474813e+01 -3.437328e+02 -1.615326e+03 -1.392026e-01 -7.882626e+00 -1.137457e+02
<VARIANCE> 6
 1.000092e+02 9.070067e+05 1.029252e+07 2.995507e+02 3.990629e+04 5.126798e+07
<GCONST> 7.954650e+01
<STATE> 4
<NUMMIXES> 5
<MIXTURE> 1 2.846830e-01
<MEAN> 6
 8.296809e+01 1.945760e+02 5.523420e+02 -2.882014e+00 -4.431530e+01 -9.703017e+01
<VARIANCE> 6
 2.229912e+02 2.038353e+06 2.290551e+06 4.423110e+02 3.990629e+04 5.126798e+07
<GCONST> 8.004523e+01
<MIXTURE> 2 2.251698e-02
<MEAN> 6
 1.062839e+01 -2.884518e+02 -7.362073e+01 3.714077e+01 -5.653454e+02 5.637800e+02
<VARIANCE> 6
 1.192635e+04 2.125188e+06 6.983582e+05 1.578266e+06 8.762164e+08 1.291974e+12
<GCONST> 1.111898e+02
<MIXTURE> 3 3.232200e-01
<MEAN> 6
 7.898703e+00 4.010944e+01 -1.794094e+02 -4.646647e+01 5.974519e+01 8.882448e+02
<VARIANCE> 6
 3.612367e+03 1.884420e+06 4.946320e+06 4.725441e+04 1.509224e+06 4.236860e+08
<GCONST> 9.393758e+01
<MIXTURE> 4 1.848496e-01
<MEAN> 6
 2.640596e+00 -2.012181e+01 2.471117e+02 6.815443e+01 7.989967e+01 1.772212e+02
<VARIANCE> 6
 3.181784e+03 3.638911e+05 1.007498e+06 2.293807e+04 3.274057e+05 5.126798e+07
<GCONST> 8.621214e+01
<MIXTURE> 5 1.843961e-01
<MEAN> 6
 -3.121939e+00 -2.197087e+02 -1.356890e+02 1.523510e+01 -4.366104e+01 -1.553098e+03
<VARIANCE> 6
 3.358765e+03 3.557014e+05 1.046601e+06 2.510654e+04 3.196408e+05 5.126798e+07
<GCONST> 8.634792e+01
<TRANSP> 5
 0.000000e+00 1.000000e+00 0.000000e+00 0.000000e+00 0.000000e+00
 0.000000e+00 9.999256e-01 7.443930e-05 0.000000e+00 0.000000e+00
 0.000000e+00 0.000000e+00 9.997339e-01 2.661249e-04 0.000000e+00
 0.000000e+00 0.000000e+00 0.000000e+00 9.999067e-01 9.331199e-05
 0.000000e+00 0.000000e+00 0.000000e+00 0.000000e+00 0.000000e+00
<ENDHMM>
