~o
<STREAMINFO> 1 6
<VECSIZE> 6<NULLD><USER><DIAGC>
~h "SegundoPRIMARIA"
<BEGINHMM>
<NUMSTATES> 5
<STATE> 2
<NUMMIXES> 2
<MIXTURE> 1 5.018407e-01
<MEAN> 6
 7.718060e+01 3.999681e-01 8.960842e+00 -6.547118e-01 -6.385572e-01 -1.140837e+02
<VARIANCE> 6
 1.916752e+02 1.557860e+05 1.186338e+05 2.968234e+02 3.802512e+04 4.892048e+07
<GCONST> 7.386795e+01
<MIXTURE> 2 4.981590e-01
<MEAN> 6
 7.229166e+01 -1.652753e+02 -3.291775e+02 -7.614723e-01 -2.860264e+00 -1.111039e+02
<VARIANCE> 6
 1.441827e+02 8.016709e+04 2.084835e+05 2.968234e+02 3.802512e+04 4.892048e+07
<GCONST> 7.348267e+01
<STATE> 3
<NUMMIXES> 2
<MIXTURE> 1 5.997018e-01
<MEAN> 6
 7.423640e+01 2.403439e+02 3.969629e+02 -4.930959e-01 2.985229e-01 -9.927065e+01
<VARIANCE> 6
 1.326648e+02 1.202298e+06 2.207452e+06 2.968234e+02 3.802512e+04 4.892048e+07
<GCONST> 7.846703e+01
<MIXTURE> 2 4.003138e-01
<MEAN> 6
 7.051276e+01 -7.590745e+02 5.024489e+02 -9.585143e-01 -4.255998e+00 -8.023358e+01
<VARIANCE> 6
 1.043591e+02 1.035986e+07 1.254804e+06 2.968234e+02 3.802512e+04 4.892048e+07
<GCONST> 7.981589e+01
<STATE> 4
<NUMMIXES> 2
<MIXTURE> 1 1.720661e-01
<MEAN> 6
 4.672827e+01 8.694711e+01 4.225720e+01 -3.978441e+00 -1.795148e+02 5.520621e+02
<VARIANCE> 6
 4.314560e+03 3.359101e+06 4.658480e+05 7.128395e+04 1.678712e+07 2.244332e+10
<GCONST> 9.912062e+01
<MIXTURE> 2 8.289530e-01
<MEAN> 6
 2.783926e+01 6.470427e+00 -2.431142e+01 1.453659e+00 3.766768e+01 -9.419647e+01
<VARIANCE> 6
 3.888350e+03 2.111231e+05 5.152831e+05 3.222206e+04 6.546059e+05 1.381641e+08
<GCONST> 8.722182e+01
<TRANSP> 5
 0.000000e+00 1.000000e+00 0.000000e+00 0.000000e+00 0.000000e+00
 0.000000e+00 9.996096e-01 3.903245e-04 0.000000e+00 0.000000e+00
 0.000000e+00 0.000000e+00 9.993733e-01 6.266338e-04 0.000000e+00
 0.000000e+00 0.000000e+00 0.000000e+00 9.999563e-01 4.372240e-05
 0.000000e+00 0.000000e+00 0.000000e+00 0.000000e+00 0.000000e+00
<ENDHMM>
~h "SegundoESO"
<BEGINHMM>
<NUMSTATES> 5
<STATE> 2
<NUMMIXES> 2
<MIXTURE> 1 3.800222e-01
<MEAN> 6
 7.889141e+01 6.720438e+01 1.681181e+03 -9.433174e-01 -7.368623e+00 -9.748226e+01
<VARIANCE> 6
 1.002878e+02 2.851499e+07 3.268421e+07 2.968234e+02 3.802512e+04 4.892048e+07
<GCONST> 8.404849e+01
<MIXTURE> 2 6.199752e-01
<MEAN> 6
 7.236950e+01 -2.050110e+02 -1.445698e+03 -1.395606e-01 -2.373294e+00 -7.966003e+01
<VARIANCE> 6
 1.124125e+02 2.824066e+06 1.061055e+07 2.968234e+02 3.802512e+04 4.892048e+07
<GCONST> 8.072533e+01
<STATE> 3
<NUMMIXES> 2
<MIXTURE> 1 4.978349e-01
<MEAN> 6
 6.922453e+01 1.336875e+02 2.076666e+01 -2.522639e-01 -4.378252e+00 -1.182199e+02
<VARIANCE> 6
 7.568918e+01 4.509198e+05 4.238069e+05 2.968234e+02 3.802512e+04 4.892048e+07
<GCONST> 7.527483e+01
<MIXTURE> 2 5.021537e-01
<MEAN> 6
 6.524525e+01 4.192151e+01 -2.344001e+02 -1.245870e-01 -3.640252e+00 -1.233465e+02
<VARIANCE> 6
 6.293846e+01 3.357867e+05 3.265692e+05 2.968234e+02 3.802512e+04 4.892048e+07
<GCONST> 7.453490e+01
<STATE> 4
<NUMMIXES> 2
<MIXTURE> 1 5.056614e-01
<MEAN> 6
 2.108921e+01 4.442738e+01 1.050170e+02 7.800357e+00 3.858030e+01 5.369699e+02
<VARIANCE> 6
 2.835641e+03 2.656874e+06 7.858758e+05 2.492017e+04 5.217190e+05 1.351699e+08
<GCONST> 8.935486e+01
<MIXTURE> 2 4.943280e-01
<MEAN> 6
 2.729154e+01 -5.991167e+01 -4.832422e+01 -7.274490e+00 -3.800632e+01 -5.044946e+02
<VARIANCE> 6
 2.830323e+03 1.396066e+06 2.414819e+06 2.319143e+04 5.139522e+05 8.935349e+07
<GCONST> 8.933125e+01
<TRANSP> 5
 0.000000e+00 1.000000e+00 0.000000e+00 0.000000e+00 0.000000e+00
 0.000000e+00 9.991740e-01 8.260096e-04 0.000000e+00 0.000000e+00
 0.000000e+00 0.000000e+00 9.996941e-01 3.058630e-04 0.000000e+00
 0.000000e+00 0.000000e+00 0.000000e+00 9.999560e-01 4.402923e-05
 0.000000e+00 0.000000e+00 0.000000e+00 0.000000e+00 0.000000e+00
<ENDHMM>
~h "QuintoPRIMARIA"
<BEGINHMM>
<NUMSTATES> 5
<STATE> 2
<NUMMIXES> 2
<MIXTURE> 1 6.251569e-01
<MEAN> 6
 2.832873e+01 1.092822e+01 4.259748e+01 2.039553e+01 -1.454115e+00 -3.957585e+02
<VARIANCE> 6
 3.033920e+03 3.622324e+05 5.024906e+05 2.120524e+04 3.482428e+05 5.688327e+07
<GCONST> 8.555142e+01
<MIXTURE> 2 3.755093e-01
<MEAN> 6
 2.347241e+01 -5.537244e+01 -2.550045e+02 -3.215323e+01 2.926968e+00 6.348042e+02
<VARIANCE> 6
 3.334593e+03 2.230866e+06 3.962019e+06 3.502802e+04 1.330463e+06 4.208760e+08
<GCONST> 9.337232e+01
<STATE> 3
<NUMMIXES> 2
<MIXTURE> 1 4.751802e-01
<MEAN> 6
 8.450540e+01 3.222093e+02 8.948295e+02 -3.337566e+00 -6.708207e-01 1.285004e+02
<VARIANCE> 6
 2.380260e+02 1.764439e+06 2.342691e+06 2.968234e+02 3.802512e+04 4.892048e+07
<GCONST> 7.949464e+01
<MIXTURE> 2 5.247541e-01
<MEAN> 6
 7.971268e+01 -2.623554e+01 2.387660e+01 -3.283779e+00 -1.272953e+00 6.604144e+01
<VARIANCE> 6
 1.624700e+02 2.231355e+05 2.237123e+05 2.968234e+02 3.802512e+04 4.892048e+07
<GCONST> 7.469626e+01
<STATE> 4
<NUMMIXES> 2
<MIXTURE> 1 5.918549e-01
<MEAN> 6
 5.332867e+01 -1.273063e+02 3.786251e+02 -6.112251e+00 1.037606e+02 3.764145e+03
<VARIANCE> 6
 4.724956e+03 7.941993e+05 9.277079e+05 1.454931e+04 8.271822e+06 3.821085e+10
<GCONST> 9.669349e+01
<MIXTURE> 2 4.081508e-01
<MEAN> 6
 9.223169e+00 -5.224966e+01 6.821616e+01 1.420552e+01 -1.485602e+02 -5.499877e+03
<VARIANCE> 6
 9.112996e+03 6.572296e+05 3.893229e+05 8.869101e+05 4.863841e+08 6.807694e+11
<GCONST> 1.073572e+02
<TRANSP> 5
 0.000000e+00 1.000000e+00 0.000000e+00 0.000000e+00 0.000000e+00
 0.000000e+00 9.999576e-01 4.235259e-05 0.000000e+00 0.000000e+00
 0.000000e+00 0.000000e+00 9.996789e-01 3.211513e-04 0.000000e+00
 0.000000e+00 0.000000e+00 0.000000e+00 9.990659e-01 9.340881e-04
 0.000000e+00 0.000000e+00 0.000000e+00 0.000000e+00 0.000000e+00
<ENDHMM>
