~o
<STREAMINFO> 1 6
<VECSIZE> 6<NULLD><USER><DIAGC>
~h "SegundoPRIMARIA"
<BEGINHMM>
<NUMSTATES> 4
<STATE> 2
<NUMMIXES> 3
<MIXTURE> 1 4.644530e-01
<MEAN> 6
 8.030779e+01 7.109587e+01 6.618921e+00 -1.218270e+00 -2.467103e+01 -1.121905e+02
<VARIANCE> 6
 4.130464e+02 5.914221e+05 1.048904e+06 2.966935e+02 3.907247e+04 4.999102e+07
<GCONST> 7.819759e+01
<MIXTURE> 2 1.993574e-01
<MEAN> 6
 2.883188e+01 -1.800186e+02 -2.681115e+01 -4.739482e+01 -5.475347e+01 9.837859e+02
<VARIANCE> 6
 3.992499e+03 6.826482e+06 1.645141e+06 5.165360e+04 1.917026e+06 6.961183e+08
<GCONST> 9.504873e+01
<MIXTURE> 3 3.355034e-01
<MEAN> 6
 4.392958e+00 1.327617e+00 -3.062568e+01 2.630133e+01 5.884508e+01 -4.356768e+02
<VARIANCE> 6
 3.586282e+03 1.907213e+05 6.220082e+05 2.403710e+04 3.651677e+05 5.013281e+07
<GCONST> 8.533707e+01
<STATE> 3
<NUMMIXES> 3
<MIXTURE> 1 3.565091e-02
<MEAN> 6
 4.930597e+01 1.925026e+02 5.213346e+01 -7.172647e+00 -8.165927e+02 3.866880e+03
<VARIANCE> 6
 6.698777e+03 1.482165e+06 1.205583e+06 3.360419e+05 1.552603e+08 2.193032e+11
<GCONST> 1.057478e+02
<MIXTURE> 2 5.441126e-01
<MEAN> 6
 4.387732e+01 -9.542465e-03 1.377735e+01 3.509374e+01 -4.783780e+01 -7.425748e+02
<VARIANCE> 6
 3.757976e+03 3.728419e+05 9.599903e+04 2.323060e+04 3.465255e+05 5.311577e+07
<GCONST> 8.415683e+01
<MIXTURE> 3 4.202812e-01
<MEAN> 6
 1.639469e+01 -1.116633e+01 4.437524e+00 -4.070610e+01 1.367465e+02 6.319341e+02
<VARIANCE> 6
 3.828545e+03 1.292813e+05 9.909223e+04 5.458820e+04 1.866194e+06 4.763470e+08
<GCONST> 8.787970e+01
<TRANSP> 4
 0.000000e+00 1.000000e+00 0.000000e+00 0.000000e+00
 0.000000e+00 9.999213e-01 7.865304e-05 0.000000e+00
 0.000000e+00 0.000000e+00 9.999297e-01 7.032885e-05
 0.000000e+00 0.000000e+00 0.000000e+00 0.000000e+00
<ENDHMM>
~h "SegundoESO"
<BEGINHMM>
<NUMSTATES> 4
<STATE> 2
<NUMMIXES> 3
<MIXTURE> 1 4.418781e-01
<MEAN> 6
 7.488312e+01 -1.344834e+02 -3.332300e+01 -1.709382e+00 -2.072237e+01 -1.109642e+02
<VARIANCE> 6
 1.294129e+02 2.378299e+06 4.381683e+06 2.966935e+02 3.907247e+04 4.999102e+07
<GCONST> 7.985834e+01
<MIXTURE> 2 1.923402e-01
<MEAN> 6
 1.892851e+01 3.010681e+00 1.514943e+02 -3.986013e+01 -1.904852e+01 9.609802e+02
<VARIANCE> 6
 3.239830e+03 1.314010e+07 1.483330e+06 3.925690e+04 1.341732e+06 3.629382e+08
<GCONST> 9.410861e+01
<MIXTURE> 3 3.655685e-01
<MEAN> 6
 3.812470e+00 1.554808e+02 -5.041516e+01 2.249084e+01 2.949764e+01 -3.858914e+02
<VARIANCE> 6
 2.685463e+03 1.241190e+06 2.246959e+06 2.674458e+04 3.653224e+05 4.999102e+07
<GCONST> 8.830952e+01
<STATE> 3
<NUMMIXES> 3
<MIXTURE> 1 2.867857e-01
<MEAN> 6
 5.049842e+01 8.831341e+01 -3.737852e+01 3.051410e+01 -5.716375e+01 -2.201441e+02
<VARIANCE> 6
 1.424286e+03 5.331095e+05 1.430675e+05 6.024834e+03 3.907247e+04 4.999102e+07
<GCONST> 8.035041e+01
<MIXTURE> 2 3.179531e-01
<MEAN> 6
 -5.587841e+00 3.096931e+01 3.957178e+01 -1.327487e+01 3.148233e+02 4.038317e+02
<VARIANCE> 6
 2.549717e+03 6.938551e+05 4.037189e+05 3.192958e+04 9.723644e+05 2.303195e+08
<GCONST> 8.864325e+01
<MIXTURE> 3 3.947902e-01
<MEAN> 6
 2.971370e+01 -8.433390e+01 6.712177e+00 -9.570932e+00 -2.067741e+02 -1.453774e+02
<VARIANCE> 6
 1.797341e+03 2.709803e+05 7.197945e+04 2.454878e+04 2.480308e+05 4.999102e+07
<GCONST> 8.247234e+01
<TRANSP> 4
 0.000000e+00 1.000000e+00 0.000000e+00 0.000000e+00
 0.000000e+00 9.999306e-01 6.939392e-05 0.000000e+00
 0.000000e+00 0.000000e+00 9.999223e-01 7.767083e-05
 0.000000e+00 0.000000e+00 0.000000e+00 0.000000e+00
<ENDHMM>
~h "QuintoPRIMARIA"
<BEGINHMM>
<NUMSTATES> 4
<STATE> 2
<NUMMIXES> 3
<MIXTURE> 1 3.335672e-01
<MEAN> 6
 6.162141e+01 4.151150e+00 -4.884891e+01 6.252037e+00 -6.217853e+01 -1.313290e+02
<VARIANCE> 6
 8.935269e+02 2.044662e+05 1.837506e+05 3.901836e+03 3.907247e+04 4.999102e+07
<GCONST> 7.874166e+01
<MIXTURE> 2 1.728201e-01
<MEAN> 6
 1.807740e+01 -9.144950e+01 -2.071845e+01 -4.532189e+01 -3.656441e+00 2.082596e+03
<VARIANCE> 6
 3.287536e+03 1.137030e+06 1.249574e+06 5.211900e+04 2.373949e+06 8.219138e+08
<GCONST> 9.317590e+01
<MIXTURE> 3 4.931318e-01
<MEAN> 6
 9.644420e+00 -4.687822e+01 1.595345e+00 1.189865e+01 4.398196e+01 -6.412100e+02
<VARIANCE> 6
 2.563727e+03 9.916830e+04 1.105426e+05 3.046820e+04 5.830868e+05 7.451710e+07
<GCONST> 8.372128e+01
<STATE> 3
<NUMMIXES> 3
<MIXTURE> 1 4.603957e-01
<MEAN> 6
 8.054005e+01 7.941216e+01 4.788074e+01 -2.276398e+00 -1.911948e+01 -4.423535e+01
<VARIANCE> 6
 2.209960e+02 2.231180e+06 3.785039e+06 2.966935e+02 3.907247e+04 4.999102e+07
<GCONST> 8.018324e+01
<MIXTURE> 2 2.726275e-02
<MEAN> 6
 1.153228e+01 -2.684585e+02 -2.221398e+02 -1.063241e+01 -2.609560e+02 2.831140e+03
<VARIANCE> 6
 9.803006e+03 1.788412e+06 1.738497e+06 1.005913e+06 5.456251e+08 8.026666e+11
<GCONST> 1.103331e+02
<MIXTURE> 3 5.122485e-01
<MEAN> 6
 3.183867e+00 1.751695e+01 6.660652e+00 3.540499e+00 3.063148e+01 -1.036448e+02
<VARIANCE> 6
 3.491443e+03 1.295694e+06 3.240633e+06 3.551301e+04 7.252295e+05 1.471166e+08
<GCONST> 9.102980e+01
<TRANSP> 4
 0.000000e+00 1.000000e+00 0.000000e+00 0.000000e+00
 0.000000e+00 9.999290e-01 7.100101e-05 0.000000e+00
 0.000000e+00 0.000000e+00 9.999276e-01 7.233520e-05
 0.000000e+00 0.000000e+00 0.000000e+00 0.000000e+00
<ENDHMM>
