~o
<STREAMINFO> 1 6
<VECSIZE> 6<NULLD><USER><DIAGC>
~h "SegundoPRIMARIA"
<BEGINHMM>
<NUMSTATES> 11
<STATE> 2
<NUMMIXES> 6
<MIXTURE> 1 1.475092e-01
<MEAN> 6
 8.179893e+01 2.567776e+01 2.097894e+02 2.561861e-01 -2.231177e+01 -1.896010e+02
<VARIANCE> 6
 4.148278e+02 4.799195e+05 2.377815e+06 2.940807e+02 3.743564e+04 4.829342e+07
<GCONST> 7.872523e+01
<MIXTURE> 2 1.237309e-01
<MEAN> 6
 1.694376e+00 2.066466e+01 -5.181697e+01 -1.172738e+02 3.852321e+02 4.764180e+03
<VARIANCE> 6
 3.548659e+03 6.156602e+05 2.099294e+06 6.817228e+04 2.693224e+06 9.770830e+08
<GCONST> 9.372527e+01
<MIXTURE> 3 1.417330e-01
<MEAN> 6
 -2.695119e+01 1.445603e+01 -2.021225e+01 8.257774e+01 6.272701e+02 -2.719291e+03
<VARIANCE> 6
 9.656705e+02 1.524603e+05 4.748582e+05 4.712625e+04 3.970478e+05 9.377280e+07
<GCONST> 8.491430e+01
<MIXTURE> 4 2.753592e-01
<MEAN> 6
 6.818423e+01 -4.678304e+01 6.711803e+01 5.876601e+00 -6.905857e+02 -8.817312e+02
<VARIANCE> 6
 9.348427e+02 2.487556e+05 1.252450e+06 4.176165e+04 4.152158e+05 1.212461e+08
<GCONST> 8.652210e+01
<MIXTURE> 5 1.613518e-01
<MEAN> 6
 -6.356641e+01 1.531645e+00 -2.172630e+02 1.099842e+01 3.883239e+02 5.693339e+02
<VARIANCE> 6
 3.420558e+02 1.771805e+05 1.476314e+06 5.835243e+03 1.419994e+05 4.829342e+07
<GCONST> 8.138028e+01
<MIXTURE> 6 1.501092e-01
<MEAN> 6
 7.576354e+01 -7.940017e+01 4.315784e+01 -8.376215e-01 -3.455227e+01 -2.135493e+02
<VARIANCE> 6
 2.323461e+02 3.031330e+05 2.198611e+06 2.940807e+02 3.743564e+04 4.829342e+07
<GCONST> 7.760779e+01
<STATE> 3
<NUMMIXES> 6
<MIXTURE> 1 1.948425e-01
<MEAN> 6
 9.147910e+01 3.299830e+02 2.185033e+02 -1.659069e+00 -3.741984e+00 -2.065905e+00
<VARIANCE> 6
 3.163787e+01 9.165231e+04 1.943590e+04 2.940807e+02 3.743564e+04 4.829342e+07
<GCONST> 6.968929e+01
<MIXTURE> 2 1.920105e-01
<MEAN> 6
 9.648457e+01 -1.903361e+02 6.473984e+02 -3.250372e+00 -3.855166e+00 -3.801411e+01
<VARIANCE> 6
 3.163787e+01 6.405727e+04 1.018923e+05 2.940807e+02 3.743564e+04 4.829342e+07
<GCONST> 7.098785e+01
<MIXTURE> 3 1.277303e-01
<MEAN> 6
 9.375916e+01 -4.011648e+02 -5.461368e+02 5.608740e-02 1.902245e+00 -9.246680e+01
<VARIANCE> 6
 3.163787e+01 3.567621e+04 1.373229e+04 2.940807e+02 3.743564e+04 4.829342e+07
<GCONST> 6.839839e+01
<MIXTURE> 4 1.292264e-01
<MEAN> 6
 9.259721e+01 -6.871603e+01 -2.511129e+02 -1.244849e+00 6.669918e-01 -6.772507e+01
<VARIANCE> 6
 3.163787e+01 1.832128e+04 1.868984e+05 2.940807e+02 3.743564e+04 4.829342e+07
<GCONST> 7.034279e+01
<MIXTURE> 5 2.288075e-01
<MEAN> 6
 8.925084e+01 1.304752e+02 2.847516e+02 -1.167989e+00 2.601963e-01 -1.231655e+02
<VARIANCE> 6
 3.163787e+01 3.123750e+04 3.147744e+04 2.940807e+02 3.743564e+04 4.829342e+07
<GCONST> 6.909506e+01
<MIXTURE> 6 1.273464e-01
<MEAN> 6
 9.266541e+01 -4.355930e+02 -5.773344e+02 -5.629930e-01 -7.167636e+00 -6.309767e+01
<VARIANCE> 6
 3.163787e+01 2.829879e+04 1.373229e+04 2.940807e+02 3.743564e+04 4.829342e+07
<GCONST> 6.816673e+01
<STATE> 4
<NUMMIXES> 6
<MIXTURE> 1 2.135924e-01
<MEAN> 6
 8.046476e+01 9.857281e+01 -1.400661e+02 -4.000837e-02 -7.563285e+00 -3.780707e+01
<VARIANCE> 6
 3.163787e+01 1.740677e+04 1.373229e+04 2.940807e+02 3.743564e+04 4.829342e+07
<GCONST> 6.768077e+01
<MIXTURE> 2 1.241086e-01
<MEAN> 6
 7.979913e+01 -2.598512e+02 -1.073166e+02 -2.570039e+00 -5.186793e+00 -5.813759e+01
<VARIANCE> 6
 3.163787e+01 1.193993e+05 1.373229e+04 2.940807e+02 3.743564e+04 4.829342e+07
<GCONST> 6.960638e+01
<MIXTURE> 3 1.429279e-01
<MEAN> 6
 7.769296e+01 1.484653e+02 -4.477498e+02 1.841600e-01 -1.755830e+00 -9.567568e+01
<VARIANCE> 6
 3.163787e+01 1.276023e+04 6.530805e+04 2.940807e+02 3.743564e+04 4.829342e+07
<GCONST> 6.892961e+01
<MIXTURE> 4 1.399823e-01
<MEAN> 6
 7.655793e+01 1.318330e+02 -3.788889e+02 -3.370880e-01 -2.472469e-02 -9.442367e+01
<VARIANCE> 6
 3.163787e+01 1.276023e+04 4.370014e+04 2.940807e+02 3.743564e+04 4.829342e+07
<GCONST> 6.852785e+01
<MIXTURE> 5 2.543822e-01
<MEAN> 6
 7.787365e+01 5.005957e+01 -3.176930e+02 -1.186064e+00 -1.083029e+00 -9.344756e+01
<VARIANCE> 6
 3.163787e+01 1.276023e+04 1.373229e+04 2.940807e+02 3.743564e+04 4.829342e+07
<GCONST> 6.737025e+01
<MIXTURE> 6 1.249990e-01
<MEAN> 6
 7.518529e+01 -5.193982e+02 -1.691686e+02 -3.574281e+00 -1.141458e+01 -5.854727e+01
<VARIANCE> 6
 3.163787e+01 9.111857e+04 1.373229e+04 2.940807e+02 3.743564e+04 4.829342e+07
<GCONST> 6.933607e+01
<STATE> 5
<NUMMIXES> 6
<MIXTURE> 1 1.725854e-01
<MEAN> 6
 7.134252e+01 4.647997e+01 1.789367e+02 -9.993540e-02 -2.533127e+00 -7.426501e+01
<VARIANCE> 6
 3.163787e+01 9.497377e+04 1.373229e+04 2.940807e+02 3.743564e+04 4.829342e+07
<GCONST> 6.937752e+01
<MIXTURE> 2 1.090431e-01
<MEAN> 6
 6.687758e+01 -7.498988e+01 2.386039e+02 1.505747e+00 1.266214e+00 -2.657833e+01
<VARIANCE> 6
 3.163787e+01 1.457286e+04 3.810190e+04 2.940807e+02 3.743564e+04 4.829342e+07
<GCONST> 6.852359e+01
<MIXTURE> 3 2.147735e-01
<MEAN> 6
 6.349770e+01 -4.736359e+02 2.508398e+02 1.466528e-01 5.417091e-01 -8.000468e+01
<VARIANCE> 6
 3.163787e+01 1.528878e+04 1.373229e+04 2.940807e+02 3.743564e+04 4.829342e+07
<GCONST> 6.755104e+01
<MIXTURE> 4 2.494569e-01
<MEAN> 6
 7.233716e+01 3.555006e+01 1.373151e+02 -8.061601e-01 5.100120e-01 -8.692075e+01
<VARIANCE> 6
 3.163787e+01 1.276023e+04 1.373229e+04 2.940807e+02 3.743564e+04 4.829342e+07
<GCONST> 6.737025e+01
<MIXTURE> 5 1.223229e-01
<MEAN> 6
 6.962521e+01 -1.051931e+02 1.258957e+02 1.425643e+00 7.775368e+00 -1.422547e+02
<VARIANCE> 6
 3.163787e+01 1.582792e+04 1.373229e+04 2.940807e+02 3.743564e+04 4.829342e+07
<GCONST> 6.758569e+01
<MIXTURE> 6 1.318036e-01
<MEAN> 6
 6.869209e+01 -1.628040e+02 1.089641e+02 1.342299e+00 1.507715e+00 -1.242932e+02
<VARIANCE> 6
 3.163787e+01 1.276023e+04 1.373229e+04 2.940807e+02 3.743564e+04 4.829342e+07
<GCONST> 6.737025e+01
<STATE> 6
<NUMMIXES> 6
<MIXTURE> 1 1.963744e-01
<MEAN> 6
 6.600237e+01 -5.936929e+01 -2.352945e+02 8.385062e-01 -3.432129e+00 -1.777027e+02
<VARIANCE> 6
 3.163787e+01 1.276023e+04 1.373229e+04 2.940807e+02 3.743564e+04 4.829342e+07
<GCONST> 6.737025e+01
<MIXTURE> 2 1.908315e-01
<MEAN> 6
 6.402197e+01 8.148533e+02 -1.228410e+02 -8.534421e-01 -2.424315e+00 -1.730087e+02
<VARIANCE> 6
 3.163787e+01 4.006969e+04 1.373229e+04 2.940807e+02 3.743564e+04 4.829342e+07
<GCONST> 6.851454e+01
<MIXTURE> 3 1.186672e-01
<MEAN> 6
 6.630092e+01 -4.875195e+01 -2.198179e+02 7.880481e-01 -4.042986e+00 -1.951446e+02
<VARIANCE> 6
 3.163787e+01 1.276023e+04 1.373229e+04 2.940807e+02 3.743564e+04 4.829342e+07
<GCONST> 6.737025e+01
<MIXTURE> 4 1.889429e-01
<MEAN> 6
 5.794707e+01 3.060920e+01 -2.384724e+02 9.145427e-01 -1.234182e+00 -1.611806e+02
<VARIANCE> 6
 3.163787e+01 1.792453e+05 1.373229e+04 2.940807e+02 3.743564e+04 4.829342e+07
<GCONST> 7.001266e+01
<MIXTURE> 5 1.867640e-01
<MEAN> 6
 5.951571e+01 -1.322150e+02 -2.397318e+02 8.230893e-01 -1.991305e+00 -1.833327e+02
<VARIANCE> 6
 3.163787e+01 1.354791e+05 1.373229e+04 2.940807e+02 3.743564e+04 4.829342e+07
<GCONST> 6.973273e+01
<MIXTURE> 6 1.183985e-01
<MEAN> 6
 6.568809e+01 -7.080888e+01 -2.564261e+02 9.143457e-01 -2.617792e+00 -1.667114e+02
<VARIANCE> 6
 3.163787e+01 1.276023e+04 1.431052e+04 2.940807e+02 3.743564e+04 4.829342e+07
<GCONST> 6.741150e+01
<STATE> 7
<NUMMIXES> 6
<MIXTURE> 1 2.378694e-01
<MEAN> 6
 7.294199e+01 1.286497e+03 -1.150583e+03 3.974261e-01 -6.581869e+00 -1.143733e+02
<VARIANCE> 6
 3.163787e+01 1.276023e+04 1.373229e+04 2.940807e+02 3.743564e+04 4.829342e+07
<GCONST> 6.737025e+01
<MIXTURE> 2 1.693161e-01
<MEAN> 6
 8.605572e+01 -1.703154e+02 -2.983589e+03 -5.428083e+00 -1.139332e-02 1.097063e+02
<VARIANCE> 6
 8.600700e+01 2.001687e+04 5.205646e+04 2.940807e+02 3.743564e+04 4.829342e+07
<GCONST> 7.015314e+01
<MIXTURE> 3 1.301020e-01
<MEAN> 6
 8.708807e+01 1.445572e+03 -3.483895e+02 -3.178754e+00 -1.165730e+01 1.708512e+02
<VARIANCE> 6
 4.203383e+01 3.253623e+05 4.307955e+04 2.940807e+02 3.743564e+04 4.829342e+07
<GCONST> 7.203627e+01
<MIXTURE> 4 1.484863e-01
<MEAN> 6
 8.886341e+01 1.087489e+03 -1.348027e+03 -1.756702e+00 -4.595939e+00 2.855845e+01
<VARIANCE> 6
 3.163787e+01 1.276023e+04 3.811512e+05 2.940807e+02 3.743564e+04 4.829342e+07
<GCONST> 7.069370e+01
<MIXTURE> 5 1.707612e-01
<MEAN> 6
 8.335765e+01 5.671627e+02 -6.111926e+02 -4.979650e-01 9.666033e+00 -4.901564e+01
<VARIANCE> 6
 3.163787e+01 6.421425e+04 1.373229e+04 2.940807e+02 3.743564e+04 4.829342e+07
<GCONST> 6.898615e+01
<MIXTURE> 6 1.434567e-01
<MEAN> 6
 8.791743e+01 1.036524e+03 -1.736014e+03 -5.541148e-01 -1.281321e+01 1.336922e+01
<VARIANCE> 6
 3.163787e+01 1.276023e+04 3.735147e+05 2.940807e+02 3.743564e+04 4.829342e+07
<GCONST> 7.067346e+01
<STATE> 8
<NUMMIXES> 6
<MIXTURE> 1 9.959289e-02
<MEAN> 6
 7.508505e+01 -1.032330e+03 1.854562e+02 -6.083665e-02 1.227148e+01 2.694444e+01
<VARIANCE> 6
 3.163787e+01 1.588584e+04 9.450450e+04 2.940807e+02 3.743564e+04 4.829342e+07
<GCONST> 6.951823e+01
<MIXTURE> 2 2.501027e-01
<MEAN> 6
 6.826115e+01 -3.738739e+00 -9.390475e+02 -1.126688e+00 -7.432399e+00 -1.556093e+02
<VARIANCE> 6
 3.163787e+01 1.276023e+04 2.031114e+04 2.940807e+02 3.743564e+04 4.829342e+07
<GCONST> 6.776167e+01
<MIXTURE> 3 1.454521e-01
<MEAN> 6
 6.756740e+01 -5.536287e+02 -5.462219e+02 -1.133654e+00 -1.636765e+00 -1.180841e+02
<VARIANCE> 6
 4.771753e+01 6.231389e+04 1.373229e+04 2.940807e+02 3.743564e+04 4.829342e+07
<GCONST> 6.936705e+01
<MIXTURE> 4 2.081211e-01
<MEAN> 6
 6.824445e+01 -2.470366e+02 -1.041055e+03 -5.687117e-01 -7.522903e+00 -6.171040e+01
<VARIANCE> 6
 3.163787e+01 1.298700e+05 5.490721e+04 2.940807e+02 3.743564e+04 4.829342e+07
<GCONST> 7.107634e+01
<MIXTURE> 5 1.531788e-01
<MEAN> 6
 6.936514e+01 -1.328459e+03 -7.110625e+02 1.713842e+00 -7.434923e+00 -8.576709e+01
<VARIANCE> 6
 9.656005e+01 2.270272e+05 1.373229e+04 2.940807e+02 3.743564e+04 4.829342e+07
<GCONST> 7.136479e+01
<MIXTURE> 6 1.435329e-01
<MEAN> 6
 6.573772e+01 -6.789596e+02 -5.334114e+02 -1.495755e+00 -1.509594e+00 -1.004736e+02
<VARIANCE> 6
 5.428787e+01 9.121899e+04 1.373229e+04 2.940807e+02 3.743564e+04 4.829342e+07
<GCONST> 6.987712e+01
<STATE> 9
<NUMMIXES> 6
<MIXTURE> 1 2.355513e-01
<MEAN> 6
 1.113382e+02 -1.203568e+02 1.834397e+03 -3.116337e+00 -5.124015e+00 -2.132131e+01
<VARIANCE> 6
 2.882332e+02 1.697688e+05 2.780549e+05 2.940807e+02 3.743564e+04 4.829342e+07
<GCONST> 7.517584e+01
<MIXTURE> 2 1.623809e-01
<MEAN> 6
 8.555946e+01 2.377228e+02 9.637780e+02 -2.739043e+00 2.576674e+00 2.970863e+01
<VARIANCE> 6
 7.893170e+01 7.856568e+05 3.718077e+04 2.940807e+02 3.743564e+04 4.829342e+07
<GCONST> 7.340071e+01
<MIXTURE> 3 1.728995e-01
<MEAN> 6
 1.006624e+02 -3.126199e+03 -1.138928e+02 -5.080606e+00 -5.437404e-03 -1.539418e+02
<VARIANCE> 6
 3.163787e+01 5.403136e+05 1.861046e+04 2.940807e+02 3.743564e+04 4.829342e+07
<GCONST> 7.142004e+01
<MIXTURE> 4 1.141966e-01
<MEAN> 6
 7.522533e+01 -8.923529e+03 1.476036e+03 -2.593177e+00 -6.484319e+00 -6.295214e+01
<VARIANCE> 6
 3.163787e+01 1.968120e+04 1.769720e+05 2.940807e+02 3.743564e+04 4.829342e+07
<GCONST> 7.035982e+01
<MIXTURE> 5 1.415893e-01
<MEAN> 6
 7.529877e+01 1.736154e+03 1.984714e+02 -8.493168e-01 -7.409273e+00 -3.092701e+02
<VARIANCE> 6
 3.163787e+01 9.647622e+05 2.046551e+05 2.940807e+02 3.743564e+04 4.829342e+07
<GCONST> 7.439737e+01
<MIXTURE> 6 1.733778e-01
<MEAN> 6
 7.897056e+01 4.894402e+01 7.842911e+02 -1.163955e+00 2.497792e+00 -5.700757e+01
<VARIANCE> 6
 7.714118e+01 9.006501e+05 1.999796e+04 2.940807e+02 3.743564e+04 4.829342e+07
<GCONST> 7.289420e+01
<STATE> 10
<NUMMIXES> 6
<MIXTURE> 1 2.786073e-02
<MEAN> 6
 3.285784e+01 8.455329e+02 -2.120795e+02 -3.093150e+01 -4.127529e+02 5.295910e+03
<VARIANCE> 6
 6.625279e+03 1.899367e+07 1.625559e+06 2.642086e+05 1.202559e+08 1.797657e+11
<GCONST> 1.078914e+02
<MIXTURE> 2 3.057560e-01
<MEAN> 6
 -2.667896e+01 1.264421e+02 2.647025e+01 7.885875e+01 4.268606e+02 -9.618698e+02
<VARIANCE> 6
 1.281218e+03 2.242247e+05 1.138574e+05 2.180616e+04 2.501186e+05 5.039724e+07
<GCONST> 8.230103e+01
<MIXTURE> 3 1.685239e-01
<MEAN> 6
 4.738578e+01 3.891816e+01 1.553242e+02 -2.457583e+01 -5.281641e+02 -7.001831e+02
<VARIANCE> 6
 2.709110e+03 1.758818e+05 4.472065e+05 6.474029e+04 1.748433e+06 7.591665e+08
<GCONST> 8.992008e+01
<MIXTURE> 4 1.602757e-01
<MEAN> 6
 9.571294e+01 6.413151e+01 4.710539e+01 4.995539e+00 -1.719080e+02 4.220569e+02
<VARIANCE> 6
 2.436380e+02 5.883965e+05 1.729234e+05 5.250746e+03 1.314743e+05 4.829342e+07
<GCONST> 7.991420e+01
<MIXTURE> 5 1.786131e-01
<MEAN> 6
 1.105233e+01 -3.461967e+01 -1.053957e+01 -8.931106e+01 3.498959e+02 2.497881e+03
<VARIANCE> 6
 2.906212e+03 1.803099e+05 5.680320e+04 6.011853e+04 2.022826e+06 4.943075e+08
<GCONST> 8.759440e+01
<MIXTURE> 6 1.578951e-01
<MEAN> 6
 8.849380e+01 -1.367023e+02 -5.898978e+01 -2.117335e+01 -4.103802e+02 -1.461004e+03
<VARIANCE> 6
 2.847920e+02 3.938528e+05 1.377244e+05 1.096197e+04 2.427114e+05 4.829342e+07
<GCONST> 8.079039e+01
<TRANSP> 11
 0.000000e+00 1.000000e+00 0.000000e+00 0.000000e+00 0.000000e+00 0.000000e+00 0.000000e+00 0.000000e+00 0.000000e+00 0.000000e+00 0.000000e+00
 0.000000e+00 9.998341e-01 1.658691e-04 0.000000e+00 0.000000e+00 0.000000e+00 0.000000e+00 0.000000e+00 0.000000e+00 0.000000e+00 0.000000e+00
 0.000000e+00 0.000000e+00 9.984760e-01 1.523926e-03 0.000000e+00 0.000000e+00 0.000000e+00 0.000000e+00 0.000000e+00 0.000000e+00 0.000000e+00
 0.000000e+00 0.000000e+00 0.000000e+00 9.980982e-01 1.901848e-03 0.000000e+00 0.000000e+00 0.000000e+00 0.000000e+00 0.000000e+00 0.000000e+00
 0.000000e+00 0.000000e+00 0.000000e+00 0.000000e+00 9.979882e-01 2.011780e-03 0.000000e+00 0.000000e+00 0.000000e+00 0.000000e+00 0.000000e+00
 0.000000e+00 0.000000e+00 0.000000e+00 0.000000e+00 0.000000e+00 9.983516e-01 1.648371e-03 0.000000e+00 0.000000e+00 0.000000e+00 0.000000e+00
 0.000000e+00 0.000000e+00 0.000000e+00 0.000000e+00 0.000000e+00 0.000000e+00 9.965674e-01 3.432623e-03 0.000000e+00 0.000000e+00 0.000000e+00
 0.000000e+00 0.000000e+00 0.000000e+00 0.000000e+00 0.000000e+00 0.000000e+00 0.000000e+00 9.982913e-01 1.708707e-03 0.000000e+00 0.000000e+00
 0.000000e+00 0.000000e+00 0.000000e+00 0.000000e+00 0.000000e+00 0.000000e+00 0.000000e+00 0.000000e+00 9.980601e-01 1.939893e-03 0.000000e+00
 0.000000e+00 0.000000e+00 0.000000e+00 0.000000e+00 0.000000e+00 0.000000e+00 0.000000e+00 0.000000e+00 0.000000e+00 9.999411e-01 5.890279e-05
 0.000000e+00 0.000000e+00 0.000000e+00 0.000000e+00 0.000000e+00 0.000000e+00 0.000000e+00 0.000000e+00 0.000000e+00 0.000000e+00 0.000000e+00
<ENDHMM>
~h "SegundoESO"
<BEGINHMM>
<NUMSTATES> 11
<STATE> 2
<NUMMIXES> 6
<MIXTURE> 1 7.111913e-02
<MEAN> 6
 7.174973e+01 1.320479e+04 -1.200103e+03 -7.127596e-01 -4.384255e+00 -1.766588e+02
<VARIANCE> 6
 3.163787e+01 1.276023e+04 1.373229e+04 2.940807e+02 3.743564e+04 4.829342e+07
<GCONST> 6.737025e+01
<MIXTURE> 2 1.738512e-01
<MEAN> 6
 6.610887e+01 1.141107e+03 -1.833437e+03 7.489131e-01 -5.015082e+00 -9.125647e+01
<VARIANCE> 6
 3.964927e+01 4.144750e+05 5.521986e+05 2.940807e+02 3.743564e+04 4.829342e+07
<GCONST> 7.477080e+01
<MIXTURE> 3 1.513151e-01
<MEAN> 6
 7.482150e+01 5.753509e+01 -5.119186e+03 -4.072930e-01 -3.235182e+00 -5.400198e+01
<VARIANCE> 6
 3.163787e+01 1.376511e+05 6.262288e+06 2.940807e+02 3.743564e+04 4.829342e+07
<GCONST> 7.587119e+01
<MIXTURE> 4 2.238973e-01
<MEAN> 6
 5.710188e+01 4.552884e+02 -3.509773e+03 2.210956e+00 3.596339e+00 -2.569464e+01
<VARIANCE> 6
 3.163787e+01 6.508533e+04 1.921289e+06 2.940807e+02 3.743564e+04 4.829342e+07
<GCONST> 7.394061e+01
<MIXTURE> 5 2.307004e-01
<MEAN> 6
 6.371291e+01 3.035060e+02 -1.443325e+03 -1.876114e-01 -1.339645e+00 -1.215598e+02
<VARIANCE> 6
 3.163787e+01 2.465818e+05 1.166216e+05 2.940807e+02 3.743564e+04 4.829342e+07
<GCONST> 7.247079e+01
<MIXTURE> 6 1.490956e-01
<MEAN> 6
 7.458639e+01 -1.199699e+02 -6.678446e+03 -2.562339e-01 -3.262019e+00 -5.358590e+01
<VARIANCE> 6
 3.163787e+01 1.374285e+05 6.904254e+06 2.940807e+02 3.743564e+04 4.829342e+07
<GCONST> 7.596716e+01
<STATE> 3
<NUMMIXES> 6
<MIXTURE> 1 1.354090e-01
<MEAN> 6
 7.578210e+01 7.626495e+02 1.060736e+03 -1.992893e-01 -1.668505e+00 -8.151560e+01
<VARIANCE> 6
 3.163787e+01 1.536768e+06 6.582036e+05 2.940807e+02 3.743564e+04 4.829342e+07
<GCONST> 7.603111e+01
<MIXTURE> 2 1.875719e-01
<MEAN> 6
 8.301351e+01 -7.537710e+02 1.434554e+02 -4.858911e-01 -3.793800e+00 -1.068707e+02
<VARIANCE> 6
 3.163787e+01 2.211983e+04 3.034060e+04 2.940807e+02 3.743564e+04 4.829342e+07
<GCONST> 6.871313e+01
<MIXTURE> 3 1.834115e-01
<MEAN> 6
 8.209645e+01 -1.726933e+03 9.417053e+01 -1.363452e+00 -3.326725e+00 -1.270000e+02
<VARIANCE> 6
 8.866356e+01 1.073541e+06 1.739613e+05 2.940807e+02 3.743564e+04 4.829342e+07
<GCONST> 7.537221e+01
<MIXTURE> 4 1.193545e-01
<MEAN> 6
 7.504630e+01 4.708043e+02 3.428965e+02 1.708508e-03 -3.626978e+00 -7.742294e+01
<VARIANCE> 6
 3.163787e+01 7.612660e+04 5.689182e+05 2.940807e+02 3.743564e+04 4.829342e+07
<GCONST> 7.288029e+01
<MIXTURE> 5 2.564198e-01
<MEAN> 6
 7.465759e+01 1.679920e+02 5.140133e+02 -1.296117e-01 -4.166054e+00 -7.724518e+01
<VARIANCE> 6
 3.163787e+01 1.724335e+05 6.923382e+05 2.940807e+02 3.743564e+04 4.829342e+07
<GCONST> 7.389426e+01
<MIXTURE> 6 1.178029e-01
<MEAN> 6
 7.483036e+01 3.711806e+02 1.147021e+02 -3.149860e-01 -4.597339e+00 -8.316576e+01
<VARIANCE> 6
 3.163787e+01 9.152890e+04 5.796967e+05 2.940807e+02 3.743564e+04 4.829342e+07
<GCONST> 7.308333e+01
<STATE> 4
<NUMMIXES> 6
<MIXTURE> 1 2.533756e-01
<MEAN> 6
 8.184289e+01 -1.606645e+03 2.664632e+03 -2.292371e+00 -3.396109e+01 -1.254292e+02
<VARIANCE> 6
 1.268025e+02 3.900173e+06 1.238941e+07 2.940807e+02 3.743564e+04 4.829342e+07
<GCONST> 8.128581e+01
<MIXTURE> 2 1.556055e-01
<MEAN> 6
 -3.859549e+00 -2.262861e+02 1.918247e+03 -6.857806e+01 3.712158e+02 1.158174e+03
<VARIANCE> 6
 2.338194e+03 4.691392e+06 1.126082e+07 5.924337e+04 1.203162e+06 3.369711e+08
<GCONST> 9.500786e+01
<MIXTURE> 3 1.429504e-01
<MEAN> 6
 -4.245059e+01 3.026939e+02 1.392322e+03 5.124641e+01 5.341406e+02 7.108942e+01
<VARIANCE> 6
 5.442862e+02 6.147503e+05 4.882143e+06 2.055364e+04 2.353015e+05 4.829342e+07
<GCONST> 8.604903e+01
<MIXTURE> 4 1.777203e-01
<MEAN> 6
 6.691117e+01 -7.907281e+01 1.423478e+03 4.332378e+01 -5.512518e+02 -6.757684e+02
<VARIANCE> 6
 5.784686e+02 9.459323e+05 4.888842e+06 2.435350e+04 1.576873e+05 4.829342e+07
<GCONST> 8.631165e+01
<MIXTURE> 5 1.232058e-01
<MEAN> 6
 5.659292e+01 -3.326133e+02 1.935518e+02 -4.954240e+01 -5.763173e+02 5.599860e+02
<VARIANCE> 6
 9.267183e+02 7.253799e+05 4.584101e+06 3.602950e+04 2.749611e+05 4.829342e+07
<GCONST> 8.740076e+01
<MIXTURE> 6 1.470707e-01
<MEAN> 6
 -4.780173e+01 -6.768987e+01 8.839801e+01 1.786214e+00 2.841373e+02 -5.688492e+02
<VARIANCE> 6
 3.994863e+02 3.857181e+05 4.402742e+06 9.334736e+03 1.355946e+05 4.829342e+07
<GCONST> 8.382977e+01
<STATE> 5
<NUMMIXES> 6
<MIXTURE> 1 2.073285e-01
<MEAN> 6
 6.325420e+01 6.972927e+02 -7.516083e+01 6.166380e-02 -2.820724e+00 -1.210724e+02
<VARIANCE> 6
 3.623219e+01 1.219458e+06 2.519913e+04 2.940807e+02 3.743564e+04 4.829342e+07
<GCONST> 7.267273e+01
<MIXTURE> 2 1.834646e-01
<MEAN> 6
 6.590863e+01 -1.562173e+02 1.759619e+02 -1.218266e-01 -6.028611e+00 -1.105649e+02
<VARIANCE> 6
 3.163787e+01 1.914466e+05 2.968005e+04 2.940807e+02 3.743564e+04 4.829342e+07
<GCONST> 7.084924e+01
<MIXTURE> 3 2.059052e-01
<MEAN> 6
 6.536923e+01 1.127316e+02 -4.268902e+02 3.213804e-03 -6.272192e+00 -1.150597e+02
<VARIANCE> 6
 4.263856e+01 1.703275e+06 7.027152e+04 2.940807e+02 3.743564e+04 4.829342e+07
<GCONST> 7.419525e+01
<MIXTURE> 4 1.270565e-01
<MEAN> 6
 6.254399e+01 4.002660e+01 -8.268250e+01 7.041705e-02 -2.321931e+00 -1.125095e+02
<VARIANCE> 6
 4.931443e+01 9.798779e+04 1.075160e+05 2.940807e+02 3.743564e+04 4.829342e+07
<GCONST> 7.191051e+01
<MIXTURE> 5 1.508768e-01
<MEAN> 6
 6.279551e+01 2.758979e+01 1.872264e+01 2.488108e-02 -2.875955e+00 -1.251017e+02
<VARIANCE> 6
 3.163787e+01 1.581726e+05 4.724703e+04 2.940807e+02 3.743564e+04 4.829342e+07
<GCONST> 7.112325e+01
<MIXTURE> 6 1.253246e-01
<MEAN> 6
 6.083411e+01 -9.452238e+01 -2.112641e+02 -3.823569e-02 -3.100748e+00 -1.036137e+02
<VARIANCE> 6
 4.030578e+01 1.020032e+05 1.303378e+05 2.940807e+02 3.743564e+04 4.829342e+07
<GCONST> 7.194144e+01
<STATE> 6
<NUMMIXES> 6
<MIXTURE> 1 1.083914e-01
<MEAN> 6
 1.702665e+01 -7.153854e+01 2.612212e+01 -1.047230e+02 6.862367e+01 4.647375e+03
<VARIANCE> 6
 3.186752e+03 2.534389e+06 1.635210e+06 4.068599e+04 2.197793e+06 7.314540e+08
<GCONST> 9.377392e+01
<MIXTURE> 2 2.307995e-01
<MEAN> 6
 -4.994796e+01 1.030103e+00 5.346513e+01 3.048693e+01 7.252854e+02 -6.039256e+02
<VARIANCE> 6
 1.749064e+02 4.948449e+05 3.745729e+05 1.186169e+04 2.752169e+05 7.067729e+07
<GCONST> 8.211708e+01
<MIXTURE> 3 2.199128e-01
<MEAN> 6
 7.001053e+01 -2.985162e+01 1.062308e+02 3.215242e+01 -3.157232e+02 -4.911656e+02
<VARIANCE> 6
 3.331135e+02 5.804936e+05 5.582615e+05 1.198747e+04 9.820690e+04 4.829342e+07
<GCONST> 8.191922e+01
<MIXTURE> 4 1.174669e-01
<MEAN> 6
 -3.307421e+00 1.685652e+02 1.269980e+02 2.686780e+01 1.727065e+02 -7.455399e+02
<VARIANCE> 6
 3.915026e+02 4.660839e+05 3.084888e+05 4.466271e+04 1.140769e+05 6.899512e+07
<GCONST> 8.308989e+01
<MIXTURE> 5 2.110041e-01
<MEAN> 6
 5.860819e+01 2.265176e+01 2.266551e+01 -2.375734e+01 -6.438618e+02 2.261586e+02
<VARIANCE> 6
 5.746902e+02 1.034086e+06 2.513992e+05 3.433598e+04 2.150888e+05 7.071329e+07
<GCONST> 8.446181e+01
<MIXTURE> 6 1.116526e-01
<MEAN> 6
 -5.961985e+00 -8.496381e+01 -8.305373e+01 2.311694e+00 1.084973e+02 -1.912062e+03
<VARIANCE> 6
 4.066209e+02 5.620308e+05 3.477119e+05 4.477004e+04 1.128761e+05 7.417479e+07
<GCONST> 8.349886e+01
<STATE> 7
<NUMMIXES> 6
<MIXTURE> 1 2.577648e-01
<MEAN> 6
 9.850736e+01 9.046718e+02 -8.273461e+02 -5.155998e+00 -2.234326e+00 1.927819e+02
<VARIANCE> 6
 1.275956e+02 7.538310e+05 2.891690e+05 2.940807e+02 3.743564e+04 4.829342e+07
<GCONST> 7.589085e+01
<MIXTURE> 2 7.183580e-02
<MEAN> 6
 9.629008e+01 -8.875674e+02 -7.871305e+03 -5.389108e+00 6.087755e+00 7.540112e+01
<VARIANCE> 6
 1.744459e+02 6.963966e+04 4.369836e+06 2.940807e+02 3.743564e+04 4.829342e+07
<GCONST> 7.653725e+01
<MIXTURE> 3 1.973857e-01
<MEAN> 6
 9.196858e+01 1.889367e+02 -3.720789e+02 -4.198264e+00 -5.702493e+00 1.764057e+02
<VARIANCE> 6
 3.163787e+01 3.132586e+05 2.139558e+06 2.940807e+02 3.743564e+04 4.829342e+07
<GCONST> 7.561955e+01
<MIXTURE> 4 1.427302e-01
<MEAN> 6
 8.583094e+01 -5.132541e+02 2.181451e+02 -4.357303e+00 -6.906931e+00 1.750041e+02
<VARIANCE> 6
 4.899223e+01 2.353832e+05 2.462992e+06 2.940807e+02 3.743564e+04 4.829342e+07
<GCONST> 7.591182e+01
<MIXTURE> 5 1.848964e-01
<MEAN> 6
 9.133542e+01 4.805763e+01 -6.123492e+02 -4.113999e+00 -5.901416e+00 1.557816e+02
<VARIANCE> 6
 3.163787e+01 2.545348e+05 2.231463e+06 2.940807e+02 3.743564e+04 4.829342e+07
<GCONST> 7.545401e+01
<MIXTURE> 6 1.453580e-01
<MEAN> 6
 8.192664e+01 -6.221565e+02 -3.571249e+02 -3.869431e+00 -9.315423e+00 1.430981e+02
<VARIANCE> 6
 6.053072e+01 2.673836e+05 2.350566e+06 2.940807e+02 3.743564e+04 4.829342e+07
<GCONST> 7.620406e+01
<STATE> 8
<NUMMIXES> 6
<MIXTURE> 1 2.417604e-01
<MEAN> 6
 1.379068e+01 -1.913460e+02 3.788722e+02 5.883703e+00 5.059624e+01 1.851543e+01
<VARIANCE> 6
 2.490506e+03 4.477236e+07 6.221534e+05 2.110256e+04 2.401488e+05 4.829342e+07
<GCONST> 8.984451e+01
<MIXTURE> 2 1.437536e-01
<MEAN> 6
 -1.092419e+01 1.874966e+03 -1.512308e+03 1.658657e+01 3.139727e+02 4.976474e+02
<VARIANCE> 6
 7.882769e+02 2.415270e+06 4.721916e+06 2.013873e+04 1.653061e+05 4.829342e+07
<GCONST> 8.738092e+01
<MIXTURE> 3 1.168242e-01
<MEAN> 6
 9.259012e+01 -5.497510e+03 -2.470826e+02 -6.475160e-01 -1.037424e+02 -4.397509e+01
<VARIANCE> 6
 5.395976e+01 8.743492e+06 1.097781e+06 1.437465e+03 4.044339e+04 4.829342e+07
<GCONST> 8.047923e+01
<MIXTURE> 4 2.580386e-01
<MEAN> 6
 7.379681e+01 1.713033e+03 -3.189093e+03 2.264902e+01 -2.122900e+02 -7.371751e+01
<VARIANCE> 6
 3.584225e+02 2.024530e+06 1.226804e+06 1.147584e+04 6.434770e+04 4.829342e+07
<GCONST> 8.356261e+01
<MIXTURE> 5 9.198215e-02
<MEAN> 6
 3.931382e+01 2.000084e+02 -1.720635e+03 -4.988157e+01 -2.258456e+02 6.471066e+02
<VARIANCE> 6
 3.239937e+03 1.296653e+07 2.256049e+06 3.162650e+04 1.584431e+06 2.962780e+08
<GCONST> 9.426189e+01
<MIXTURE> 6 1.475793e-01
<MEAN> 6
 -9.385389e+00 1.548915e+03 -1.892552e+03 -4.371293e+00 2.161593e+02 -6.625764e+02
<VARIANCE> 6
 7.240193e+02 2.584206e+06 3.534086e+06 2.179652e+04 8.264053e+04 4.829342e+07
<GCONST> 8.645953e+01
<STATE> 9
<NUMMIXES> 6
<MIXTURE> 1 8.944429e-02
<MEAN> 6
 6.136557e+01 1.827392e+03 8.848057e+02 -1.769589e+00 -4.732561e+00 1.919169e+02
<VARIANCE> 6
 3.163787e+01 8.307168e+05 6.072751e+05 2.940807e+02 3.743564e+04 4.829342e+07
<GCONST> 7.533543e+01
<MIXTURE> 2 1.816635e-01
<MEAN> 6
 7.598675e+01 1.957355e+02 2.907917e+02 -2.881011e+00 -3.569269e+00 3.187364e+01
<VARIANCE> 6
 3.163787e+01 2.819363e+05 8.073312e+04 2.940807e+02 3.743564e+04 4.829342e+07
<GCONST> 7.223700e+01
<MIXTURE> 3 1.948998e-01
<MEAN> 6
 7.520560e+01 7.081390e+02 -2.340986e+02 -2.642346e+00 -3.566147e+00 4.511822e+01
<VARIANCE> 6
 3.163787e+01 3.608332e+05 1.254347e+05 2.940807e+02 3.743564e+04 4.829342e+07
<GCONST> 7.292436e+01
<MIXTURE> 4 1.510714e-01
<MEAN> 6
 7.349283e+01 -1.114399e+03 -1.174175e+02 -3.346265e+00 5.711857e-01 1.962220e+01
<VARIANCE> 6
 8.434969e+01 3.626548e+05 1.373229e+04 2.940807e+02 3.743564e+04 4.829342e+07
<GCONST> 7.169798e+01
<MIXTURE> 5 1.989536e-01
<MEAN> 6
 7.560117e+01 5.808869e+02 -2.993713e+02 -2.440038e+00 -3.921636e+00 4.422582e+01
<VARIANCE> 6
 3.163787e+01 3.310494e+05 1.374624e+05 2.940807e+02 3.743564e+04 4.829342e+07
<GCONST> 7.292978e+01
<MIXTURE> 6 1.839170e-01
<MEAN> 6
 7.516512e+01 -3.547970e+01 1.797626e+02 -3.022470e+00 -4.439920e+00 3.776930e+01
<VARIANCE> 6
 3.163787e+01 3.602086e+05 7.427409e+04 2.940807e+02 3.743564e+04 4.829342e+07
<GCONST> 7.239861e+01
<STATE> 10
<NUMMIXES> 6
<MIXTURE> 1 2.165060e-01
<MEAN> 6
 4.597594e+01 -5.990671e+01 -3.588678e+01 7.275977e+01 -1.572800e+02 -7.691500e+02
<VARIANCE> 6
 6.049191e+02 7.388334e+04 8.335133e+04 9.968857e+03 5.727332e+04 4.829342e+07
<GCONST> 7.782904e+01
<MIXTURE> 2 1.442491e-01
<MEAN> 6
 -2.382432e+01 9.884825e+00 7.317312e+01 -4.903520e+01 6.408041e+02 6.977908e+02
<VARIANCE> 6
 5.481277e+02 6.593762e+04 1.097742e+05 3.442660e+04 5.389089e+05 2.986525e+08
<GCONST> 8.319510e+01
<MIXTURE> 3 1.824643e-01
<MEAN> 6
 7.164201e+01 -2.148612e+02 -1.812960e+01 -2.905596e+01 -6.901677e+02 -6.322419e+01
<VARIANCE> 6
 2.676107e+02 2.343322e+05 3.449045e+04 1.367202e+04 4.122676e+05 1.400173e+08
<GCONST> 8.063954e+01
<MIXTURE> 4 1.337425e-01
<MEAN> 6
 2.863084e+01 2.523311e+01 5.235818e+01 -2.650432e+00 -1.277891e+02 1.549604e+03
<VARIANCE> 6
 8.642623e+02 4.985636e+04 1.760665e+04 2.824485e+04 1.105354e+05 4.829342e+07
<GCONST> 7.793663e+01
<MIXTURE> 5 1.905754e-01
<MEAN> 6
 -3.898650e+01 -3.319490e+01 -3.790151e+01 1.703003e+01 5.575513e+02 -6.194767e+02
<VARIANCE> 6
 2.092025e+02 5.376973e+04 4.701113e+04 1.079844e+04 1.944607e+05 4.829342e+07
<GCONST> 7.717912e+01
<MIXTURE> 6 1.322817e-01
<MEAN> 6
 2.380633e+01 -6.384640e+01 8.182932e-01 -4.117301e+01 -1.631543e+02 9.699216e+01
<VARIANCE> 6
 9.591794e+02 4.856924e+04 1.535904e+04 2.631938e+04 1.236862e+05 4.829342e+07
<GCONST> 7.791992e+01
<TRANSP> 11
 0.000000e+00 1.000000e+00 0.000000e+00 0.000000e+00 0.000000e+00 0.000000e+00 0.000000e+00 0.000000e+00 0.000000e+00 0.000000e+00 0.000000e+00
 0.000000e+00 9.985554e-01 1.444664e-03 0.000000e+00 0.000000e+00 0.000000e+00 0.000000e+00 0.000000e+00 0.000000e+00 0.000000e+00 0.000000e+00
 0.000000e+00 0.000000e+00 9.993670e-01 6.329694e-04 0.000000e+00 0.000000e+00 0.000000e+00 0.000000e+00 0.000000e+00 0.000000e+00 0.000000e+00
 0.000000e+00 0.000000e+00 0.000000e+00 9.996358e-01 3.642155e-04 0.000000e+00 0.000000e+00 0.000000e+00 0.000000e+00 0.000000e+00 0.000000e+00
 0.000000e+00 0.000000e+00 0.000000e+00 0.000000e+00 9.995512e-01 4.488353e-04 0.000000e+00 0.000000e+00 0.000000e+00 0.000000e+00 0.000000e+00
 0.000000e+00 0.000000e+00 0.000000e+00 0.000000e+00 0.000000e+00 9.999238e-01 7.612364e-05 0.000000e+00 0.000000e+00 0.000000e+00 0.000000e+00
 0.000000e+00 0.000000e+00 0.000000e+00 0.000000e+00 0.000000e+00 0.000000e+00 9.991112e-01 8.887878e-04 0.000000e+00 0.000000e+00 0.000000e+00
 0.000000e+00 0.000000e+00 0.000000e+00 0.000000e+00 0.000000e+00 0.000000e+00 0.000000e+00 9.991485e-01 8.514500e-04 0.000000e+00 0.000000e+00
 0.000000e+00 0.000000e+00 0.000000e+00 0.000000e+00 0.000000e+00 0.000000e+00 0.000000e+00 0.000000e+00 9.988989e-01 1.101018e-03 0.000000e+00
 0.000000e+00 0.000000e+00 0.000000e+00 0.000000e+00 0.000000e+00 0.000000e+00 0.000000e+00 0.000000e+00 0.000000e+00 9.997374e-01 2.625426e-04
 0.000000e+00 0.000000e+00 0.000000e+00 0.000000e+00 0.000000e+00 0.000000e+00 0.000000e+00 0.000000e+00 0.000000e+00 0.000000e+00 0.000000e+00
<ENDHMM>
~h "QuintoPRIMARIA"
<BEGINHMM>
<NUMSTATES> 11
<STATE> 2
<NUMMIXES> 6
<MIXTURE> 1 2.901577e-01
<MEAN> 6
 -3.692011e+01 -2.095267e+01 5.090327e+01 2.713305e+01 5.667706e+02 -7.942905e+02
<VARIANCE> 6
 5.985621e+02 1.147487e+05 1.256153e+05 2.377776e+04 2.661212e+05 7.202211e+07
<GCONST> 8.147397e+01
<MIXTURE> 2 1.486937e-01
<MEAN> 6
 9.574267e+00 -1.007037e+02 9.529916e+01 -6.413555e+01 1.633088e+02 2.976299e+03
<VARIANCE> 6
 3.042117e+03 1.003859e+06 7.274996e+05 5.539156e+04 2.238905e+06 7.727261e+08
<GCONST> 9.237341e+01
<MIXTURE> 3 1.513225e-01
<MEAN> 6
 7.162823e+01 -3.747046e+01 6.867731e+00 -3.202588e+00 -2.816553e+01 -3.222520e+02
<VARIANCE> 6
 1.609264e+02 5.972858e+04 1.668893e+05 2.940807e+02 3.743564e+04 4.829342e+07
<GCONST> 7.303790e+01
<MIXTURE> 4 1.545758e-01
<MEAN> 6
 6.099379e+01 8.756127e+01 1.318122e+01 2.098365e+01 -4.874762e+02 5.085399e+02
<VARIANCE> 6
 6.570237e+02 1.421297e+05 9.713077e+04 3.073974e+04 2.566586e+05 8.182798e+07
<GCONST> 8.187223e+01
<MIXTURE> 5 9.985438e-02
<MEAN> 6
 7.402316e+01 1.933970e+01 -2.385978e+02 -2.977086e+00 -2.581091e+01 -2.299869e+02
<VARIANCE> 6
 1.528298e+02 4.658966e+05 1.220676e+05 2.940807e+02 3.743564e+04 4.829342e+07
<GCONST> 7.472768e+01
<MIXTURE> 6 1.549070e-01
<MEAN> 6
 5.389781e+01 -3.675024e+01 -7.578012e+01 -2.784792e+01 -6.202150e+02 -1.224828e+03
<VARIANCE> 6
 7.874327e+02 1.396995e+05 1.181274e+05 3.831902e+04 3.136019e+05 9.008434e+07
<GCONST> 8.274864e+01
<STATE> 3
<NUMMIXES> 6
<MIXTURE> 1 2.049205e-01
<MEAN> 6
 9.363612e+01 1.218788e+02 -2.827466e+01 5.952529e+01 -9.071155e+02 2.717346e+03
<VARIANCE> 6
 1.427738e+02 1.661623e+05 1.028285e+05 1.091774e+04 1.253541e+06 6.534057e+08
<GCONST> 8.318739e+01
<MIXTURE> 2 1.160811e-01
<MEAN> 6
 6.136318e+01 1.136051e+02 -1.113369e+01 1.421994e+02 -2.188649e+02 2.184667e+02
<VARIANCE> 6
 3.711454e+02 5.387012e+04 7.615248e+04 3.678046e+03 1.003778e+05 4.829342e+07
<GCONST> 7.649832e+01
<MIXTURE> 3 2.495726e-01
<MEAN> 6
 2.290512e+01 1.013754e+01 2.668229e+02 2.898589e+02 -1.368194e+02 -7.975664e+03
<VARIANCE> 6
 8.655481e+02 3.037152e+05 2.624631e+05 6.234552e+03 5.982053e+05 1.446882e+08
<GCONST> 8.372198e+01
<MIXTURE> 4 7.220737e-02
<MEAN> 6
 8.619220e+01 -1.587375e+02 -7.213524e+02 7.348386e+01 -1.098056e+03 2.497455e+03
<VARIANCE> 6
 1.346161e+02 1.933430e+06 2.835283e+06 7.303698e+03 1.118362e+06 5.915952e+08
<GCONST> 8.828400e+01
<MIXTURE> 5 2.342312e-01
<MEAN> 6
 2.310062e+01 -1.984122e+02 -1.021074e+02 1.728148e+02 -5.802460e+01 -8.092168e+02
<VARIANCE> 6
 6.528227e+02 1.571697e+05 2.726756e+05 4.011057e+03 1.076806e+05 4.829342e+07
<GCONST> 7.956622e+01
<MIXTURE> 6 1.229744e-01
<MEAN> 6
 6.037894e+01 -3.412890e+01 -1.945010e+02 1.261073e+02 -3.538140e+02 -3.195476e+02
<VARIANCE> 6
 3.896100e+02 9.259202e+04 1.103147e+05 3.046908e+03 9.979395e+04 4.829342e+07
<GCONST> 7.726501e+01
<STATE> 4
<NUMMIXES> 6
<MIXTURE> 1 1.242880e-01
<MEAN> 6
 9.983559e+01 9.824187e+02 1.988507e+02 -5.185010e+00 -8.765326e+00 5.067214e+02
<VARIANCE> 6
 3.163787e+01 1.276023e+04 2.820439e+04 2.940807e+02 3.743564e+04 4.829342e+07
<GCONST> 6.808998e+01
<MIXTURE> 2 1.677106e-01
<MEAN> 6
 9.197504e+01 4.235584e+02 -4.711193e+02 -5.077265e+00 -1.221232e+00 -1.439821e+01
<VARIANCE> 6
 3.971394e+01 2.843313e+04 5.449341e+05 2.940807e+02 3.743564e+04 4.829342e+07
<GCONST> 7.207973e+01
<MIXTURE> 3 2.879926e-01
<MEAN> 6
 8.300333e+01 3.161746e+02 -2.318682e+02 -8.370894e-01 -2.524517e+00 -2.828753e+01
<VARIANCE> 6
 3.163787e+01 4.884565e+04 1.373229e+04 2.940807e+02 3.743564e+04 4.829342e+07
<GCONST> 6.871259e+01
<MIXTURE> 4 1.036368e-01
<MEAN> 6
 8.633161e+01 1.810094e+02 -1.250440e+03 9.113295e-01 -1.472930e+01 9.291719e+01
<VARIANCE> 6
 3.163787e+01 1.033928e+05 7.267163e+05 2.940807e+02 3.743564e+04 4.829342e+07
<GCONST> 7.343124e+01
<MIXTURE> 5 1.426688e-01
<MEAN> 6
 8.386247e+01 4.390631e+02 -2.182448e+02 -2.096133e+00 -7.604631e+00 2.002368e+02
<VARIANCE> 6
 3.163787e+01 1.993028e+05 1.373229e+04 2.940807e+02 3.743564e+04 4.829342e+07
<GCONST> 7.011874e+01
<MIXTURE> 6 1.736979e-01
<MEAN> 6
 8.895772e+01 3.599898e+02 -7.515034e+02 -3.524477e+00 -5.471764e-01 2.348738e+01
<VARIANCE> 6
 4.160524e+01 2.127636e+04 4.119988e+05 2.940807e+02 3.743564e+04 4.829342e+07
<GCONST> 7.155666e+01
<STATE> 5
<NUMMIXES> 6
<MIXTURE> 1 1.639323e-01
<MEAN> 6
 6.360852e+01 -2.448431e+03 -1.341700e+03 -3.077843e-01 -5.758275e+00 -4.511763e+01
<VARIANCE> 6
 5.441807e+01 4.138387e+07 4.269030e+05 2.940807e+02 3.743564e+04 4.829342e+07
<GCONST> 7.943372e+01
<MIXTURE> 2 2.104853e-01
<MEAN> 6
 6.520718e+01 1.280138e+03 -7.831761e+02 -1.612657e-01 -3.447228e+00 -7.014170e+01
<VARIANCE> 6
 3.163787e+01 4.703223e+04 1.472255e+05 2.940807e+02 3.743564e+04 4.829342e+07
<GCONST> 7.104697e+01
<MIXTURE> 3 1.881983e-01
<MEAN> 6
 6.521629e+01 -4.321700e+02 -1.469848e+03 1.209374e+00 -2.031767e+00 -8.151899e+01
<VARIANCE> 6
 4.088716e+01 3.323670e+05 5.671531e+04 2.940807e+02 3.743564e+04 4.829342e+07
<GCONST> 7.230492e+01
<MIXTURE> 4 1.929388e-01
<MEAN> 6
 5.222749e+01 -6.344362e+02 -1.017990e+03 2.769768e+00 -5.304155e+00 -8.044258e+01
<VARIANCE> 6
 3.163787e+01 4.413649e+05 7.004824e+06 2.940807e+02 3.743564e+04 4.829342e+07
<GCONST> 7.714839e+01
<MIXTURE> 5 1.207879e-01
<MEAN> 6
 6.060045e+01 5.193633e+02 -2.804301e+03 4.267676e-01 -4.527222e+00 -1.053777e+02
<VARIANCE> 6
 3.163787e+01 8.413484e+04 4.700071e+05 2.940807e+02 3.743564e+04 4.829342e+07
<GCONST> 7.278934e+01
<MIXTURE> 6 1.236041e-01
<MEAN> 6
 5.978205e+01 4.034717e+02 -2.979479e+03 -2.868220e-02 -6.265930e+00 -1.092527e+02
<VARIANCE> 6
 3.163787e+01 7.582359e+04 4.904476e+05 2.940807e+02 3.743564e+04 4.829342e+07
<GCONST> 7.272789e+01
<STATE> 6
<NUMMIXES> 6
<MIXTURE> 1 1.497592e-01
<MEAN> 6
 8.669727e+01 2.720146e+01 8.634031e+01 -4.281981e+00 4.231211e+00 5.015155e+01
<VARIANCE> 6
 3.163787e+01 1.441078e+04 1.373229e+04 2.940807e+02 3.743564e+04 4.829342e+07
<GCONST> 6.749190e+01
<MIXTURE> 2 1.344794e-01
<MEAN> 6
 8.182788e+01 -3.860848e+02 1.480458e+02 -3.770984e+00 4.701319e+00 -6.088575e+01
<VARIANCE> 6
 3.163787e+01 1.541362e+04 2.427456e+04 2.940807e+02 3.743564e+04 4.829342e+07
<GCONST> 6.812885e+01
<MIXTURE> 3 1.626389e-01
<MEAN> 6
 9.691648e+01 -1.510170e+02 -9.643710e+01 -5.882100e+00 1.276522e+00 1.421408e+02
<VARIANCE> 6
 4.003703e+01 7.634319e+04 2.029896e+04 2.940807e+02 3.743564e+04 4.829342e+07
<GCONST> 6.978543e+01
<MIXTURE> 4 2.425014e-01
<MEAN> 6
 7.580397e+01 -9.893197e+02 -1.543767e+02 -1.464867e+00 -5.682220e+00 -2.085914e+01
<VARIANCE> 6
 3.163787e+01 7.706728e+04 7.379481e+04 2.940807e+02 3.743564e+04 4.829342e+07
<GCONST> 7.085013e+01
<MIXTURE> 5 1.747549e-01
<MEAN> 6
 8.652148e+01 -7.156662e+01 6.414271e+01 -3.763736e+00 3.698102e+00 1.785132e+01
<VARIANCE> 6
 3.163787e+01 2.247507e+04 1.373229e+04 2.940807e+02 3.743564e+04 4.829342e+07
<GCONST> 6.793633e+01
<MIXTURE> 6 1.358028e-01
<MEAN> 6
 8.070456e+01 -4.558662e+02 9.066019e+01 -3.965485e+00 3.207067e+00 -3.567324e+01
<VARIANCE> 6
 3.163787e+01 2.168219e+04 2.114638e+04 2.940807e+02 3.743564e+04 4.829342e+07
<GCONST> 6.833212e+01
<STATE> 7
<NUMMIXES> 6
<MIXTURE> 1 1.961958e-01
<MEAN> 6
 7.484252e+01 -5.719479e+01 5.146934e+02 -2.286955e+00 -1.016741e+01 9.942953e+01
<VARIANCE> 6
 3.163787e+01 1.276023e+04 1.829838e+04 2.940807e+02 3.743564e+04 4.829342e+07
<GCONST> 6.765732e+01
<MIXTURE> 2 1.405801e-01
<MEAN> 6
 6.956386e+01 2.050008e+02 2.106228e+02 -4.290338e+00 8.124456e+00 -3.332435e+01
<VARIANCE> 6
 4.217313e+01 1.242095e+05 1.396535e+04 2.940807e+02 3.743564e+04 4.829342e+07
<GCONST> 6.995015e+01
<MIXTURE> 3 1.660814e-01
<MEAN> 6
 6.402779e+01 1.946079e+02 2.607991e+02 -9.663336e-01 -2.063076e+00 -2.640245e+01
<VARIANCE> 6
 3.346041e+01 3.734081e+04 5.927393e+04 2.940807e+02 3.743564e+04 4.829342e+07
<GCONST> 6.996243e+01
<MIXTURE> 4 1.290874e-01
<MEAN> 6
 7.047364e+01 -1.771988e+02 1.744824e+02 -3.188724e+00 2.859330e+00 -2.274181e+01
<VARIANCE> 6
 3.163787e+01 1.293894e+05 1.373229e+04 2.940807e+02 3.743564e+04 4.829342e+07
<GCONST> 6.968674e+01
<MIXTURE> 5 2.367876e-01
<MEAN> 6
 6.560229e+01 1.076764e+02 5.074831e+01 -3.245267e+00 3.609093e+00 1.039979e+01
<VARIANCE> 6
 3.289099e+01 1.276023e+04 1.943546e+04 2.940807e+02 3.743564e+04 4.829342e+07
<GCONST> 6.775644e+01
<MIXTURE> 6 1.312417e-01
<MEAN> 6
 6.993609e+01 -3.034509e+02 1.643147e+02 -2.776086e+00 -8.632708e-02 -6.769939e+01
<VARIANCE> 6
 3.163787e+01 9.351206e+04 1.373229e+04 2.940807e+02 3.743564e+04 4.829342e+07
<GCONST> 6.936200e+01
<STATE> 8
<NUMMIXES> 6
<MIXTURE> 1 1.265184e-01
<MEAN> 6
 9.294774e+01 8.714360e+02 2.137921e+03 -1.821487e-01 1.199003e+00 -8.705205e+01
<VARIANCE> 6
 5.796619e+01 2.936505e+04 2.094205e+05 2.940807e+02 3.743564e+04 4.829342e+07
<GCONST> 7.153381e+01
<MIXTURE> 2 1.265374e-01
<MEAN> 6
 8.108419e+01 -3.862449e+02 2.522294e+03 -4.212611e-01 -7.006365e+00 -1.264417e+02
<VARIANCE> 6
 3.163787e+01 1.276023e+04 2.602469e+04 2.940807e+02 3.743564e+04 4.829342e+07
<GCONST> 6.800954e+01
<MIXTURE> 3 1.399973e-01
<MEAN> 6
 8.155230e+01 -7.053983e+02 1.513473e+03 -3.955031e-01 -3.748986e+00 -1.091961e+02
<VARIANCE> 6
 3.163787e+01 1.276023e+04 3.563091e+04 2.940807e+02 3.743564e+04 4.829342e+07
<GCONST> 6.832372e+01
<MIXTURE> 4 2.335384e-01
<MEAN> 6
 6.766166e+01 1.627740e+03 1.213458e+03 3.126183e-01 -4.481342e+00 -1.240188e+02
<VARIANCE> 6
 5.067010e+01 1.789908e+05 1.503662e+04 2.940807e+02 3.743564e+04 4.829342e+07
<GCONST> 7.057297e+01
<MIXTURE> 5 2.402983e-01
<MEAN> 6
 7.271570e+01 -3.951559e+02 9.920556e+02 -1.683095e+00 -2.832282e+00 6.630112e+00
<VARIANCE> 6
 3.163787e+01 1.276023e+04 1.730037e+04 2.940807e+02 3.743564e+04 4.829342e+07
<GCONST> 6.760123e+01
<MIXTURE> 6 1.331069e-01
<MEAN> 6
 8.222199e+01 6.576102e+02 1.849409e+03 -5.291354e-01 -7.874617e+00 -1.413590e+02
<VARIANCE> 6
 1.212964e+02 2.645951e+04 1.977284e+05 2.940807e+02 3.743564e+04 4.829342e+07
<GCONST> 7.211057e+01
<STATE> 9
<NUMMIXES> 6
<MIXTURE> 1 1.503169e-01
<MEAN> 6
 8.198737e+01 -1.432704e+02 -3.387823e+02 -2.384352e+00 -4.340739e-01 5.691175e+01
<VARIANCE> 6
 6.121575e+01 1.276023e+04 1.373229e+04 2.940807e+02 3.743564e+04 4.829342e+07
<GCONST> 6.803030e+01
<MIXTURE> 2 1.464626e-01
<MEAN> 6
 6.299855e+01 1.033813e+02 -4.276644e+02 -9.626183e+01 -1.072237e+03 -7.215726e+03
<VARIANCE> 6
 1.476223e+02 9.254049e+05 2.327868e+06 2.625071e+03 3.082821e+05 9.266790e+07
<GCONST> 8.327654e+01
<MIXTURE> 3 1.582453e-01
<MEAN> 6
 8.773763e+01 -2.388346e+02 -7.614004e+02 -8.837761e-01 -2.187945e-01 -2.500888e+01
<VARIANCE> 6
 3.163787e+01 1.276023e+04 2.756816e+04 2.940807e+02 3.743564e+04 4.829342e+07
<GCONST> 6.806715e+01
<MIXTURE> 4 3.001194e-01
<MEAN> 6
 7.985484e+01 -2.116707e+02 -3.426823e+02 -2.773614e+00 6.617522e-01 8.310736e+01
<VARIANCE> 6
 3.163787e+01 2.201178e+04 1.373229e+04 2.940807e+02 3.743564e+04 4.829342e+07
<GCONST> 6.791550e+01
<MIXTURE> 5 9.332283e-02
<MEAN> 6
 7.731251e+01 9.297601e+01 -7.411548e+02 -3.090500e+00 -1.584390e+01 8.729553e+01
<VARIANCE> 6
 3.163787e+01 1.276023e+04 1.373229e+04 2.940807e+02 3.743564e+04 4.829342e+07
<GCONST> 6.737025e+01
<MIXTURE> 6 1.515177e-01
<MEAN> 6
 8.085593e+01 -1.840852e+02 -3.547617e+02 -2.671165e+00 -5.851765e-01 4.463085e+01
<VARIANCE> 6
 6.535346e+01 1.276023e+04 1.373229e+04 2.940807e+02 3.743564e+04 4.829342e+07
<GCONST> 6.809570e+01
<STATE> 10
<NUMMIXES> 6
<MIXTURE> 1 2.657278e-01
<MEAN> 6
 8.355894e+01 2.389588e+02 2.472432e+02 -2.685324e+00 -3.275636e+01 -1.254297e+02
<VARIANCE> 6
 1.875730e+02 8.510796e+05 2.014132e+06 2.940807e+02 3.743564e+04 4.829342e+07
<GCONST> 7.833842e+01
<MIXTURE> 2 1.925909e-02
<MEAN> 6
 -3.480484e+00 1.758403e+02 6.708977e+01 3.612120e+01 -2.164176e+02 9.562383e+02
<VARIANCE> 6
 1.293578e+04 1.872372e+05 4.084788e+05 2.078439e+06 1.161708e+09 1.716060e+12
<GCONST> 1.091467e+02
<MIXTURE> 3 2.112461e-01
<MEAN> 6
 4.635642e+01 2.392994e+02 9.479359e+01 -3.160021e+01 -5.083413e+02 3.642840e+02
<VARIANCE> 6
 1.800333e+03 1.905243e+06 3.711602e+06 3.790338e+04 3.923220e+05 1.116142e+08
<GCONST> 9.006327e+01
<MIXTURE> 4 1.863727e-01
<MEAN> 6
 -1.361794e+01 -8.088477e+01 3.769579e+02 7.445924e+01 2.358919e+02 -2.832377e+02
<VARIANCE> 6
 2.803319e+03 4.547526e+05 1.410642e+06 2.174297e+04 3.348477e+05 4.829342e+07
<GCONST> 8.655417e+01
<MIXTURE> 5 1.309270e-01
<MEAN> 6
 -3.108569e+00 -1.051229e+02 -3.156521e+02 -9.324155e+01 3.699697e+02 2.355979e+03
<VARIANCE> 6
 4.072051e+03 1.281518e+06 1.730979e+06 4.262930e+04 2.657003e+06 1.220130e+09
<GCONST> 9.414215e+01
<MIXTURE> 6 1.858676e-01
<MEAN> 6
 -1.773222e+01 -2.338822e+02 -7.714473e+01 3.294378e+01 1.826272e+02 -1.402845e+03
<VARIANCE> 6
 2.723189e+03 4.293128e+05 1.508990e+06 2.481775e+04 2.976865e+05 4.829342e+07
<GCONST> 8.654964e+01
<TRANSP> 11
 0.000000e+00 1.000000e+00 0.000000e+00 0.000000e+00 0.000000e+00 0.000000e+00 0.000000e+00 0.000000e+00 0.000000e+00 0.000000e+00 0.000000e+00
 0.000000e+00 9.999284e-01 7.157112e-05 0.000000e+00 0.000000e+00 0.000000e+00 0.000000e+00 0.000000e+00 0.000000e+00 0.000000e+00 0.000000e+00
 0.000000e+00 0.000000e+00 9.973025e-01 2.697530e-03 0.000000e+00 0.000000e+00 0.000000e+00 0.000000e+00 0.000000e+00 0.000000e+00 0.000000e+00
 0.000000e+00 0.000000e+00 0.000000e+00 9.983285e-01 1.671550e-03 0.000000e+00 0.000000e+00 0.000000e+00 0.000000e+00 0.000000e+00 0.000000e+00
 0.000000e+00 0.000000e+00 0.000000e+00 0.000000e+00 9.988529e-01 1.147088e-03 0.000000e+00 0.000000e+00 0.000000e+00 0.000000e+00 0.000000e+00
 0.000000e+00 0.000000e+00 0.000000e+00 0.000000e+00 0.000000e+00 9.989554e-01 1.044617e-03 0.000000e+00 0.000000e+00 0.000000e+00 0.000000e+00
 0.000000e+00 0.000000e+00 0.000000e+00 0.000000e+00 0.000000e+00 0.000000e+00 9.983310e-01 1.669032e-03 0.000000e+00 0.000000e+00 0.000000e+00
 0.000000e+00 0.000000e+00 0.000000e+00 0.000000e+00 0.000000e+00 0.000000e+00 0.000000e+00 9.977471e-01 2.252904e-03 0.000000e+00 0.000000e+00
 0.000000e+00 0.000000e+00 0.000000e+00 0.000000e+00 0.000000e+00 0.000000e+00 0.000000e+00 0.000000e+00 9.969513e-01 3.048727e-03 0.000000e+00
 0.000000e+00 0.000000e+00 0.000000e+00 0.000000e+00 0.000000e+00 0.000000e+00 0.000000e+00 0.000000e+00 0.000000e+00 9.998972e-01 1.027960e-04
 0.000000e+00 0.000000e+00 0.000000e+00 0.000000e+00 0.000000e+00 0.000000e+00 0.000000e+00 0.000000e+00 0.000000e+00 0.000000e+00 0.000000e+00
<ENDHMM>
