~o
<STREAMINFO> 1 6
<VECSIZE> 6<NULLD><USER><DIAGC>
~h "SegundoPRIMARIA"
<BEGINHMM>
<NUMSTATES> 4
<STATE> 2
<NUMMIXES> 9
<MIXTURE> 1 1.261539e-01
<MEAN> 6
 8.254478e+01 7.001241e+01 8.869332e+00 -2.652386e+00 -2.347167e+01 -2.115661e+02
<VARIANCE> 6
 3.424750e+02 3.450288e+05 1.110589e+05 2.949931e+02 3.923279e+04 5.036115e+07
<GCONST> 7.523161e+01
<MIXTURE> 2 8.460119e-02
<MEAN> 6
 5.705808e+01 6.737960e+01 8.792013e+01 -2.141431e+01 -4.817003e+02 2.576512e+03
<VARIANCE> 6
 3.818458e+03 4.415270e+05 5.286806e+05 6.747810e+04 4.867870e+06 2.562598e+09
<GCONST> 9.363301e+01
<MIXTURE> 3 1.239317e-01
<MEAN> 6
 2.372461e+01 3.980422e+01 8.570699e-02 2.424682e+02 1.208951e+01 -2.923151e+03
<VARIANCE> 6
 8.075808e+02 1.204893e+05 7.184680e+04 7.044083e+03 2.322801e+05 6.729038e+07
<GCONST> 7.984309e+01
<MIXTURE> 4 8.630367e-02
<MEAN> 6
 8.989520e+01 6.693764e+01 1.036843e+02 5.701879e+00 -6.239075e+02 3.864899e+02
<VARIANCE> 6
 2.888482e+02 1.110049e+05 8.794677e+04 1.751032e+04 3.949747e+05 1.545874e+08
<GCONST> 8.120837e+01
<MIXTURE> 5 1.163319e-01
<MEAN> 6
 -4.049096e+01 7.008522e+00 -5.170461e+00 -1.487030e+01 1.310773e+03 -1.721609e+03
<VARIANCE> 6
 3.427675e+02 1.486284e+05 5.561879e+04 4.389068e+04 5.585793e+05 3.370028e+08
<GCONST> 8.325800e+01
<MIXTURE> 6 1.512469e-01
<MEAN> 6
 7.715108e+01 -8.760111e+01 -2.505697e+02 -1.252453e+00 -1.234679e+01 -1.641921e+02
<VARIANCE> 6
 1.730132e+02 6.822485e+04 1.471238e+05 2.949931e+02 3.923279e+04 5.036115e+07
<GCONST> 7.320917e+01
<MIXTURE> 7 9.531172e-02
<MEAN> 6
 2.481446e+01 -7.157515e+00 6.016819e+01 -2.786172e+02 -3.203985e+02 6.488134e+03
<VARIANCE> 6
 7.730497e+02 7.251359e+04 1.117208e+05 9.691619e+03 6.320628e+05 2.179867e+08
<GCONST> 8.222860e+01
<MIXTURE> 8 1.289755e-01
<MEAN> 6
 -4.970377e+01 4.832919e+01 -7.572295e+00 2.285196e+01 4.200043e+02 2.391882e+02
<VARIANCE> 6
 2.439345e+02 9.508708e+04 1.122670e+05 4.748038e+03 1.478200e+05 5.036115e+07
<GCONST> 7.771931e+01
<MIXTURE> 9 8.626965e-02
<MEAN> 6
 8.213477e+01 -4.663719e+01 -7.059882e+00 -3.216206e+01 -8.945656e+02 -3.466996e+03
<VARIANCE> 6
 2.727134e+02 1.019029e+05 7.845947e+04 2.448279e+04 3.876211e+05 1.318588e+08
<GCONST> 8.110855e+01
<STATE> 3
<NUMMIXES> 9
<MIXTURE> 1 1.437669e-02
<MEAN> 6
 9.790631e+00 -7.054261e+02 -2.614450e+01 -1.236257e+01 -2.841803e+02 9.110901e+03
<VARIANCE> 6
 8.493831e+03 6.562673e+06 1.243020e+06 1.216006e+06 6.555450e+08 9.496415e+11
<GCONST> 1.116957e+02
<MIXTURE> 2 1.027850e-01
<MEAN> 6
 1.028703e+02 6.690051e+02 3.436252e+02 -4.427930e+00 -2.618324e+01 -8.743976e+01
<VARIANCE> 6
 3.348152e+02 1.142478e+06 4.981807e+05 2.949931e+02 3.923279e+04 5.036115e+07
<GCONST> 7.790721e+01
<MIXTURE> 3 3.754017e-02
<MEAN> 6
 4.002859e+01 -1.121746e+03 3.012649e+02 -2.431176e+01 -2.761482e+01 6.218569e+02
<VARIANCE> 6
 4.261425e+03 4.135994e+07 1.648175e+06 2.046742e+04 3.531887e+05 1.047046e+08
<GCONST> 9.240562e+01
<MIXTURE> 4 1.650889e-01
<MEAN> 6
 -5.728398e+01 3.963823e+01 -1.899004e+02 1.907628e+01 4.417521e+02 3.179537e+01
<VARIANCE> 6
 5.283688e+02 3.202187e+05 8.208438e+05 8.977880e+03 2.099837e+05 6.881846e+07
<GCONST> 8.299619e+01
<MIXTURE> 5 1.900525e-01
<MEAN> 6
 7.717508e+01 -1.862285e+02 1.695227e+02 -7.669235e-01 -1.490725e+01 -1.190459e+02
<VARIANCE> 6
 1.368450e+02 4.274418e+05 2.373461e+06 2.949931e+02 3.923279e+04 5.036115e+07
<GCONST> 7.759050e+01
<MIXTURE> 6 1.381457e-01
<MEAN> 6
 1.319011e+01 1.492931e+02 -1.722850e+02 -3.229313e+01 2.403507e+02 6.007363e+02
<VARIANCE> 6
 4.241914e+03 9.438101e+05 1.778271e+06 6.869043e+04 2.732385e+06 1.160347e+09
<GCONST> 9.435890e+01
<MIXTURE> 7 1.181388e-01
<MEAN> 6
 5.173571e+01 2.764007e+01 2.292359e+02 3.770842e+01 -3.241683e+02 -7.759306e+01
<VARIANCE> 6
 1.725602e+03 2.525122e+05 8.669196e+05 3.842426e+04 3.536810e+05 6.593263e+07
<GCONST> 8.592925e+01
<MIXTURE> 8 1.191304e-01
<MEAN> 6
 9.947408e+01 -2.050150e+02 -9.700414e+01 -4.739225e+00 -3.525557e+01 -2.449951e+01
<VARIANCE> 6
 1.055664e+02 7.037940e+05 2.433329e+05 2.949931e+02 3.923279e+04 5.036115e+07
<GCONST> 7.555199e+01
<MIXTURE> 9 1.142923e-01
<MEAN> 6
 5.308390e+01 -1.620930e+02 -1.792689e+01 -2.146761e-01 -4.777985e+02 -1.562117e+03
<VARIANCE> 6
 1.741868e+03 2.924078e+05 6.345514e+05 4.556399e+04 5.429576e+05 8.969511e+07
<GCONST> 8.668015e+01
<TRANSP> 4
 0.000000e+00 1.000000e+00 0.000000e+00 0.000000e+00
 0.000000e+00 9.999462e-01 5.374886e-05 0.000000e+00
 0.000000e+00 0.000000e+00 9.998822e-01 1.177854e-04
 0.000000e+00 0.000000e+00 0.000000e+00 0.000000e+00
<ENDHMM>
~h "SegundoESO"
<BEGINHMM>
<NUMSTATES> 4
<STATE> 2
<NUMMIXES> 9
<MIXTURE> 1 1.316273e-01
<MEAN> 6
 8.556042e+01 -1.010931e+03 -5.634216e+01 -3.424701e+00 -2.690365e+01 -6.993640e+01
<VARIANCE> 6
 1.771592e+02 1.908507e+07 2.664562e+07 2.949931e+02 3.923279e+04 5.036115e+07
<GCONST> 8.406581e+01
<MIXTURE> 2 9.530454e-02
<MEAN> 6
 1.012430e+01 4.283271e+02 9.319945e+01 -3.517036e+01 3.399994e+01 7.105278e+02
<VARIANCE> 6
 2.055296e+03 2.014123e+07 8.241242e+06 5.037351e+04 8.045854e+05 2.177372e+08
<GCONST> 9.502248e+01
<MIXTURE> 3 1.272210e-01
<MEAN> 6
 7.440055e+01 6.987014e+02 -1.195309e+03 -3.423358e-01 -8.918545e+00 -9.494515e+01
<VARIANCE> 6
 3.128975e+01 4.553959e+05 4.889185e+06 2.949931e+02 3.923279e+04 5.036115e+07
<GCONST> 7.690096e+01
<MIXTURE> 4 1.190849e-01
<MEAN> 6
 -4.466775e+01 5.657963e+02 6.398215e+02 1.121778e+01 5.251854e+02 -1.676501e+02
<VARIANCE> 6
 4.840855e+02 1.572382e+06 6.052394e+06 1.974571e+04 2.783801e+05 5.036115e+07
<GCONST> 8.725575e+01
<MIXTURE> 5 8.970053e-02
<MEAN> 6
 6.686583e+01 2.231697e+02 1.051912e+02 -1.164894e-01 -5.404427e+00 -1.079788e+02
<VARIANCE> 6
 3.659993e+01 2.281619e+05 5.404503e+04 2.949931e+02 3.923279e+04 5.036115e+07
<GCONST> 7.186163e+01
<MIXTURE> 6 1.241155e-01
<MEAN> 6
 6.788409e+01 6.126198e+01 -4.141610e+01 1.387335e+01 -5.078130e+02 -2.469312e+02
<VARIANCE> 6
 6.000819e+02 4.559061e+06 7.143918e+06 2.637876e+04 1.769141e+05 5.036115e+07
<GCONST> 8.853719e+01
<MIXTURE> 7 9.440685e-02
<MEAN> 6
 6.270674e+01 3.045619e+02 -2.112532e+02 2.547769e-01 -2.150409e+00 -9.640744e+01
<VARIANCE> 6
 4.008067e+01 2.266257e+06 3.184889e+04 2.949931e+02 3.923279e+04 5.036115e+07
<GCONST> 7.371950e+01
<MIXTURE> 8 1.285330e-01
<MEAN> 6
 6.797836e+01 2.193609e+02 -7.755822e+02 -4.674195e-01 -6.698615e+00 -9.728791e+01
<VARIANCE> 6
 9.534846e+01 1.268834e+05 2.043300e+06 2.949931e+02 3.923279e+04 5.036115e+07
<GCONST> 7.586485e+01
<MIXTURE> 9 8.970490e-02
<MEAN> 6
 6.308333e+01 2.148980e+01 -8.819687e-01 5.726680e-03 -3.302655e+00 -1.086992e+02
<VARIANCE> 6
 3.640557e+01 1.982221e+05 5.961827e+04 2.949931e+02 3.923279e+04 5.036115e+07
<GCONST> 7.181380e+01
<STATE> 3
<NUMMIXES> 9
<MIXTURE> 1 1.035907e-01
<MEAN> 6
 8.380939e+01 -6.052212e+01 4.774106e+01 -5.019445e+00 -3.043409e+01 5.393306e+01
<VARIANCE> 6
 1.386325e+02 7.955949e+05 1.278145e+06 2.949931e+02 3.923279e+04 5.036115e+07
<GCONST> 7.760580e+01
<MIXTURE> 2 9.948911e-02
<MEAN> 6
 1.894006e+01 -2.111460e+02 1.314291e+02 -1.030271e+02 -1.815810e+01 3.750728e+03
<VARIANCE> 6
 3.029722e+03 3.337994e+06 1.573977e+06 4.170014e+04 2.016016e+06 6.471659e+08
<GCONST> 9.377649e+01
<MIXTURE> 3 9.676298e-02
<MEAN> 6
 -4.438732e+01 1.365302e+02 8.397410e+01 4.254388e+01 8.793844e+02 -1.111793e+02
<VARIANCE> 6
 1.950782e+02 4.772449e+05 2.963857e+05 2.029055e+04 2.854039e+05 8.594041e+07
<GCONST> 8.272460e+01
<MIXTURE> 4 1.762695e-01
<MEAN> 6
 4.305086e+01 1.327513e+02 1.279345e+02 5.659853e+01 -2.868195e+02 -5.839772e+02
<VARIANCE> 6
 5.383470e+02 9.538156e+05 5.727962e+05 3.144012e+04 8.739262e+04 5.036115e+07
<GCONST> 8.381100e+01
<MIXTURE> 5 9.144303e-02
<MEAN> 6
 -4.835902e+00 9.691005e+01 8.229547e+01 -4.731156e+01 1.561553e+02 8.146127e+02
<VARIANCE> 6
 3.880511e+02 2.828132e+05 1.428170e+05 4.235489e+04 1.398516e+05 1.343952e+08
<GCONST> 8.262873e+01
<MIXTURE> 6 1.472020e-01
<MEAN> 6
 7.048258e+01 -6.768981e+01 5.992488e+01 -2.343607e+01 -7.528717e+02 -3.017843e+02
<VARIANCE> 6
 2.588915e+02 5.880315e+05 1.796416e+05 2.039730e+04 2.248257e+05 9.898167e+07
<GCONST> 8.262361e+01
<MIXTURE> 7 9.380178e-02
<MEAN> 6
 7.785174e+01 -5.967300e+02 1.257407e+02 -4.339376e+00 -3.091183e+01 -1.358342e+02
<VARIANCE> 6
 9.884509e+01 1.520732e+06 1.627805e+05 2.949931e+02 3.923279e+04 5.036115e+07
<GCONST> 7.585463e+01
<MIXTURE> 8 9.209582e-02
<MEAN> 6
 -7.586951e+00 -7.328933e+01 -5.491976e+01 4.740319e+01 1.615303e+02 -1.698985e+03
<VARIANCE> 6
 4.210313e+02 2.418409e+05 8.605713e+04 2.770304e+04 7.960835e+04 5.036115e+07
<GCONST> 8.007767e+01
<MIXTURE> 9 9.754501e-02
<MEAN> 6
 -5.403715e+01 -1.591452e+00 -3.123708e+01 1.212659e+01 5.800847e+02 -1.131376e+03
<VARIANCE> 6
 1.707507e+02 4.369871e+05 4.619303e+05 5.966515e+03 2.484677e+05 6.983729e+07
<GCONST> 8.137696e+01
<TRANSP> 4
 0.000000e+00 1.000000e+00 0.000000e+00 0.000000e+00
 0.000000e+00 9.998630e-01 1.370392e-04 0.000000e+00
 0.000000e+00 0.000000e+00 9.999503e-01 4.972644e-05
 0.000000e+00 0.000000e+00 0.000000e+00 0.000000e+00
<ENDHMM>
~h "QuintoPRIMARIA"
<BEGINHMM>
<NUMSTATES> 4
<STATE> 2
<NUMMIXES> 9
<MIXTURE> 1 1.254721e-01
<MEAN> 6
 7.727222e+01 -8.224052e+01 -1.479945e+02 -4.283555e+00 -2.270319e+01 -9.494557e+01
<VARIANCE> 6
 9.934506e+01 3.733862e+05 1.111855e+05 2.949931e+02 3.923279e+04 5.036115e+07
<GCONST> 7.407414e+01
<MIXTURE> 2 4.303139e-02
<MEAN> 6
 4.599261e+01 -3.909503e+01 -8.099253e+01 -3.680447e+01 -6.773920e+02 4.234073e+03
<VARIANCE> 6
 2.466914e+03 9.721813e+05 1.318271e+06 5.402436e+04 2.458236e+06 1.022231e+09
<GCONST> 9.307451e+01
<MIXTURE> 3 1.607649e-01
<MEAN> 6
 -3.258648e+01 -1.615671e+01 1.024299e+02 -8.318163e+00 9.088146e+02 -5.302336e+02
<VARIANCE> 6
 5.314855e+02 1.476047e+05 2.058801e+05 4.426495e+04 5.011945e+05 2.445979e+08
<GCONST> 8.457810e+01
<MIXTURE> 4 9.516118e-02
<MEAN> 6
 5.346374e+01 8.579520e+01 -7.754066e-01 6.961338e+01 -3.715600e+02 -6.607560e+02
<VARIANCE> 6
 6.928820e+02 1.529457e+05 1.023791e+05 2.532759e+04 1.582108e+05 5.036115e+07
<GCONST> 8.088846e+01
<MIXTURE> 5 1.130254e-01
<MEAN> 6
 7.637107e+01 -1.891033e+01 2.458246e+01 -4.362706e+00 -2.486857e+01 -1.921958e+02
<VARIANCE> 6
 1.776567e+02 4.544141e+04 7.979151e+04 2.949931e+02 3.923279e+04 5.036115e+07
<GCONST> 7.221742e+01
<MIXTURE> 6 1.351735e-01
<MEAN> 6
 4.491454e+01 2.050187e+01 -1.119235e+01 -5.811913e+01 -5.438685e+02 9.190317e+02
<VARIANCE> 6
 1.246600e+03 3.858002e+04 5.662480e+04 4.036932e+04 5.227198e+05 1.994073e+08
<GCONST> 8.254362e+01
<MIXTURE> 7 1.196943e-01
<MEAN> 6
 -4.845678e+01 6.923933e+00 2.114409e+01 3.519127e+01 3.991977e+02 5.744640e+00
<VARIANCE> 6
 2.878932e+02 7.180910e+04 7.533874e+04 4.091877e+03 1.220661e+05 5.036115e+07
<GCONST> 7.686517e+01
<MIXTURE> 8 1.092208e-01
<MEAN> 6
 6.606429e+01 -5.513553e+01 -3.641047e+00 -1.046128e+00 -1.795206e+01 -1.481083e+02
<VARIANCE> 6
 9.251577e+01 3.803768e+04 1.710298e+05 2.949931e+02 3.923279e+04 5.036115e+07
<GCONST> 7.214952e+01
<MIXTURE> 9 9.745627e-02
<MEAN> 6
 5.214502e+01 -1.255423e+01 -9.765961e+01 1.066687e+01 -5.054928e+02 -1.165459e+03
<VARIANCE> 6
 7.545880e+02 1.847854e+05 1.683659e+05 3.352664e+04 2.012182e+05 5.036115e+07
<GCONST> 8.218124e+01
<STATE> 3
<NUMMIXES> 9
<MIXTURE> 1 1.566539e-01
<MEAN> 6
 8.635512e+01 5.005629e+01 1.349412e+03 -2.759645e+00 -1.817709e+01 -4.821449e+01
<VARIANCE> 6
 1.733483e+02 1.561362e+06 2.575749e+06 2.949931e+02 3.923279e+04 5.036115e+07
<GCONST> 7.920424e+01
<MIXTURE> 2 1.498167e-02
<MEAN> 6
 -5.119649e+00 1.758330e+02 6.969547e+01 3.596991e+01 -1.723213e+02 5.657689e+02
<VARIANCE> 6
 1.296960e+04 1.868737e+05 3.925184e+05 2.132988e+06 1.192264e+09 1.761295e+12
<GCONST> 1.091854e+02
<MIXTURE> 3 1.115361e-01
<MEAN> 6
 -4.160754e+01 3.090149e+00 2.738576e+02 7.757419e+01 6.520483e+02 -1.050574e+03
<VARIANCE> 6
 4.725955e+02 1.454216e+06 1.165092e+06 2.662621e+04 2.689141e+05 6.573088e+07
<GCONST> 8.603667e+01
<MIXTURE> 4 1.130284e-01
<MEAN> 6
 9.268093e+00 -1.684946e+02 -6.304890e+02 -1.074131e+02 1.685208e+02 3.612209e+03
<VARIANCE> 6
 4.323296e+03 2.080368e+06 6.556199e+06 4.998740e+04 3.402840e+06 1.592934e+09
<GCONST> 9.669151e+01
<MIXTURE> 5 1.244648e-01
<MEAN> 6
 5.926310e+01 4.123524e+02 2.333655e+02 2.304001e+01 -4.888962e+02 -4.343501e+02
<VARIANCE> 6
 8.804400e+02 2.382322e+06 2.823918e+06 3.134875e+04 1.916460e+05 5.036115e+07
<GCONST> 8.759598e+01
<MIXTURE> 6 4.267895e-02
<MEAN> 6
 6.872854e+01 -5.672654e+02 -2.447202e+03 -1.526086e+00 -5.159448e+00 4.331830e+00
<VARIANCE> 6
 1.377186e+02 1.836509e+07 1.152470e+07 2.949931e+02 3.923279e+04 5.036115e+07
<GCONST> 8.293739e+01
<MIXTURE> 7 1.602509e-01
<MEAN> 6
 7.587919e+01 2.944627e+02 -4.507347e+02 -7.194318e-01 -1.800163e+01 -1.908766e+02
<VARIANCE> 6
 2.501436e+02 4.808862e+05 1.240988e+06 2.949931e+02 3.923279e+04 5.036115e+07
<GCONST> 7.766306e+01
<MIXTURE> 8 1.636635e-01
<MEAN> 6
 4.727710e+01 -2.107836e+02 2.218835e+01 -5.151704e+00 -4.068454e+02 -8.559216e+02
<VARIANCE> 6
 1.106147e+03 5.573038e+05 4.469924e+05 4.569312e+04 3.464284e+05 1.221072e+08
<GCONST> 8.638260e+01
<MIXTURE> 9 1.120989e-01
<MEAN> 6
 -6.003408e+01 -1.427071e+02 -1.129094e+02 2.050701e+01 4.134391e+02 -5.057668e+02
<VARIANCE> 6
 4.140370e+02 7.425849e+05 1.215703e+06 8.888460e+03 2.329746e+05 6.974691e+07
<GCONST> 8.409352e+01
<TRANSP> 4
 0.000000e+00 1.000000e+00 0.000000e+00 0.000000e+00
 0.000000e+00 9.999357e-01 6.426782e-05 0.000000e+00
 0.000000e+00 0.000000e+00 9.999179e-01 8.209482e-05
 0.000000e+00 0.000000e+00 0.000000e+00 0.000000e+00
<ENDHMM>
