~o
<STREAMINFO> 1 6
<VECSIZE> 6<NULLD><USER><DIAGC>
~h "SegundoPRIMARIA"
<BEGINHMM>
<NUMSTATES> 3
<STATE> 2
<MEAN> 6
 3.783065e+01 1.038873e-04 1.152037e-04 3.703213e-01 -7.526207e-03 -8.724722e-01
<VARIANCE> 6
 3.660751e+03 4.886732e+05 3.909779e+05 3.084144e+04 1.703359e+06 1.322120e+09
<GCONST> 9.089577e+01
<TRANSP> 3
 0.000000e+00 1.000000e+00 0.000000e+00
 0.000000e+00 9.999627e-01 3.732374e-05
 0.000000e+00 0.000000e+00 0.000000e+00
<ENDHMM>
~h "SegundoESO"
<BEGINHMM>
<NUMSTATES> 3
<STATE> 2
<MEAN> 6
 3.074387e+01 6.277724e-04 1.621694e-04 2.686117e-01 -9.842514e-02 -1.826234e-01
<VARIANCE> 6
 2.568455e+03 2.171939e+06 2.187294e+06 1.939417e+04 4.234803e+05 9.175788e+07
<GCONST> 8.923128e+01
<TRANSP> 3
 0.000000e+00 1.000000e+00 0.000000e+00
 0.000000e+00 9.999631e-01 3.691861e-05
 0.000000e+00 0.000000e+00 0.000000e+00
<ENDHMM>
~h "QuintoPRIMARIA"
<BEGINHMM>
<NUMSTATES> 3
<STATE> 2
<MEAN> 6
 3.340940e+01 1.483435e-04 -1.647505e-04 2.771681e-01 5.959679e-02 2.933492e+00
<VARIANCE> 6
 3.075749e+03 1.034261e+06 1.773214e+06 2.409426e+04 8.033622e+05 3.464131e+08
<GCONST> 9.064551e+01
<TRANSP> 3
 0.000000e+00 1.000000e+00 0.000000e+00
 0.000000e+00 9.999639e-01 3.605304e-05
 0.000000e+00 0.000000e+00 0.000000e+00
<ENDHMM>
