~o
<STREAMINFO> 1 6
<VECSIZE> 6<NULLD><USER><DIAGC>
~h "SegundoPRIMARIA"
<BEGINHMM>
<NUMSTATES> 8
<STATE> 2
<NUMMIXES> 7
<MIXTURE> 1 1.411355e-01
<MEAN> 6
 8.857098e+01 1.989622e+02 -1.411852e+02 -2.234576e+00 -4.510376e+01 -2.589079e+02
<VARIANCE> 6
 4.803981e+02 8.795698e+05 1.397302e+06 2.998645e+02 4.044808e+04 5.191738e+07
<GCONST> 7.911539e+01
<MIXTURE> 2 9.594259e-02
<MEAN> 6
 3.000860e+01 -5.329633e+02 1.150922e+02 -7.382765e+01 1.346492e+02 3.088924e+03
<VARIANCE> 6
 4.846207e+03 2.789344e+07 1.741266e+06 4.390579e+04 2.314057e+06 1.191084e+09
<GCONST> 9.726968e+01
<MIXTURE> 3 1.028979e-01
<MEAN> 6
 6.505058e+00 8.613902e+01 1.844571e+01 1.723837e+02 1.171100e+02 -2.489788e+03
<VARIANCE> 6
 2.070418e+03 4.647083e+05 6.125871e+05 1.616470e+04 2.003577e+05 5.191738e+07
<GCONST> 8.470099e+01
<MIXTURE> 4 9.448463e-02
<MEAN> 6
 -6.519559e+01 7.892181e+01 -1.435280e+02 -5.949004e+00 1.528170e+02 2.135026e+02
<VARIANCE> 6
 2.352577e+02 2.917925e+05 1.366302e+06 5.157192e+02 5.260919e+04 5.191738e+07
<GCONST> 7.808073e+01
<MIXTURE> 5 2.440442e-01
<MEAN> 6
 6.603716e+01 -3.230893e+01 7.178139e+01 -3.294329e+01 -6.558430e+02 5.876017e+01
<VARIANCE> 6
 1.129498e+03 2.614526e+05 1.100609e+06 4.093336e+04 4.030802e+05 1.483573e+08
<GCONST> 8.678390e+01
<MIXTURE> 6 1.694434e-01
<MEAN> 6
 -4.723058e+01 -4.910155e+01 -3.450089e+01 -7.282660e+00 7.739651e+02 -1.407200e+02
<VARIANCE> 6
 7.641796e+02 1.588572e+05 9.937488e+05 3.365478e+04 3.574094e+05 1.533299e+08
<GCONST> 8.550972e+01
<MIXTURE> 7 1.518358e-01
<MEAN> 6
 7.320875e+01 -6.632008e+00 -1.770427e+02 6.457209e-01 -2.584427e+01 -1.078126e+02
<VARIANCE> 6
 1.869973e+02 3.414235e+05 2.037763e+06 2.998645e+02 4.044808e+04 5.191738e+07
<GCONST> 7.760287e+01
<STATE> 3
<NUMMIXES> 7
<MIXTURE> 1 9.388564e-02
<MEAN> 6
 8.002545e+01 2.459508e+03 -2.111995e+02 -1.438694e+00 4.752673e+00 -1.828662e+02
<VARIANCE> 6
 3.171274e+01 1.886777e+05 1.362684e+04 2.998645e+02 4.044808e+04 5.191738e+07
<GCONST> 7.022784e+01
<MIXTURE> 2 6.080838e-02
<MEAN> 6
 6.545744e+01 -2.700000e+02 -1.284494e+03 2.495542e+00 -5.212599e+00 2.171005e+01
<VARIANCE> 6
 3.171274e+01 1.309607e+04 1.362684e+04 2.998645e+02 4.044808e+04 5.191738e+07
<GCONST> 6.756012e+01
<MIXTURE> 3 1.043233e-01
<MEAN> 6
 6.045738e+01 -5.949542e+02 -4.997333e+02 5.495471e-01 -5.579739e+00 -1.792752e+02
<VARIANCE> 6
 3.171274e+01 1.099327e+05 1.362684e+04 2.998645e+02 4.044808e+04 5.191738e+07
<GCONST> 6.968767e+01
<MIXTURE> 4 1.926903e-01
<MEAN> 6
 8.753892e+01 1.101830e+03 -7.809130e+02 -2.573166e+00 -3.568254e+00 1.413372e+02
<VARIANCE> 6
 3.171274e+01 9.160365e+04 1.349112e+05 2.998645e+02 4.044808e+04 5.191738e+07
<GCONST> 7.179785e+01
<MIXTURE> 5 1.453681e-01
<MEAN> 6
 7.106605e+01 -1.415875e+03 -7.131268e+02 1.541220e+00 -6.236555e+00 -4.195826e+01
<VARIANCE> 6
 9.533224e+01 1.669305e+05 1.362684e+04 2.998645e+02 4.044808e+04 5.191738e+07
<GCONST> 7.120602e+01
<MIXTURE> 6 2.894355e-01
<MEAN> 6
 7.447361e+01 2.473872e+02 -7.748903e+02 -1.448214e+00 6.083311e+00 -7.748350e+01
<VARIANCE> 6
 6.069306e+01 4.427859e+04 2.971115e+04 2.998645e+02 4.044808e+04 5.191738e+07
<GCONST> 7.020689e+01
<MIXTURE> 7 1.134664e-01
<MEAN> 6
 5.988714e+01 -7.230955e+02 -4.975133e+02 8.595362e-02 -1.106005e+00 -1.220136e+02
<VARIANCE> 6
 3.171274e+01 1.366797e+05 1.362684e+04 2.998645e+02 4.044808e+04 5.191738e+07
<GCONST> 6.990544e+01
<STATE> 4
<NUMMIXES> 7
<MIXTURE> 1 1.743969e-01
<MEAN> 6
 1.112351e+02 -1.670450e+02 1.871376e+03 -2.916819e+00 -1.744892e+00 -1.882656e+01
<VARIANCE> 6
 3.045825e+02 1.614818e+05 2.841066e+05 2.998645e+02 4.044808e+04 5.191738e+07
<GCONST> 7.537173e+01
<MIXTURE> 2 5.387119e-02
<MEAN> 6
 1.159090e+02 1.777695e+02 -2.207395e+01 -1.061682e+01 1.035475e+01 -7.510592e+00
<VARIANCE> 6
 4.664849e+01 2.708102e+06 1.732639e+05 2.998645e+02 4.044808e+04 5.191738e+07
<GCONST> 7.582050e+01
<MIXTURE> 3 1.383470e-01
<MEAN> 6
 9.723888e+01 4.706561e+02 9.219625e+02 -3.269658e+00 -3.332611e+00 1.893691e+01
<VARIANCE> 6
 5.750696e+01 9.787972e+05 8.392793e+04 2.998645e+02 4.044808e+04 5.191738e+07
<GCONST> 7.428723e+01
<MIXTURE> 4 1.580787e-01
<MEAN> 6
 7.848718e+01 1.981183e+03 4.564802e+02 -2.423309e+00 -1.047210e+01 -1.198129e+02
<VARIANCE> 6
 3.171274e+01 7.574501e+05 1.362684e+04 2.998645e+02 4.044808e+04 5.191738e+07
<GCONST> 7.161775e+01
<MIXTURE> 5 1.544428e-01
<MEAN> 6
 9.927536e+01 -2.820420e+03 -1.076452e+02 -2.911340e+00 -3.993344e+00 -1.766928e+02
<VARIANCE> 6
 3.171274e+01 1.079728e+06 1.658827e+04 2.998645e+02 4.044808e+04 5.191738e+07
<GCONST> 7.216891e+01
<MIXTURE> 6 1.812166e-01
<MEAN> 6
 7.293462e+01 6.775717e+02 7.341535e+02 -1.083748e+00 -2.758116e+00 -9.320986e+01
<VARIANCE> 6
 3.171274e+01 1.019896e+05 1.929030e+04 2.998645e+02 4.044808e+04 5.191738e+07
<GCONST> 6.996024e+01
<MIXTURE> 7 1.396340e-01
<MEAN> 6
 9.572355e+01 -1.024899e+03 7.421083e+02 -1.097833e+00 -2.275277e+00 -1.763781e+02
<VARIANCE> 6
 3.691001e+01 4.602625e+05 3.755164e+04 2.998645e+02 4.044808e+04 5.191738e+07
<GCONST> 7.228503e+01
<STATE> 5
<NUMMIXES> 7
<MIXTURE> 1 1.507754e-01
<MEAN> 6
 9.152959e+01 8.932235e+02 2.420355e+02 -2.341403e+00 -1.532206e+00 -9.202079e+01
<VARIANCE> 6
 4.590812e+01 3.773042e+04 1.362684e+04 2.998645e+02 4.044808e+04 5.191738e+07
<GCONST> 6.898819e+01
<MIXTURE> 2 1.263272e-01
<MEAN> 6
 9.300788e+01 3.132883e+00 -1.155916e+01 -1.035740e+00 -4.345610e+00 -6.241294e+01
<VARIANCE> 6
 3.171274e+01 2.315505e+04 3.663074e+04 2.998645e+02 4.044808e+04 5.191738e+07
<GCONST> 6.911887e+01
<MIXTURE> 3 1.271904e-01
<MEAN> 6
 9.429038e+01 -5.015305e+02 -5.360104e+02 8.028241e-01 -4.918653e+00 -1.509636e+02
<VARIANCE> 6
 3.171274e+01 1.398374e+04 1.362684e+04 2.998645e+02 4.044808e+04 5.191738e+07
<GCONST> 6.762570e+01
<MIXTURE> 4 1.293836e-01
<MEAN> 6
 8.402213e+01 3.625054e+02 3.435767e+02 2.008008e-01 -3.415096e+00 -7.242571e+01
<VARIANCE> 6
 3.171274e+01 5.182713e+04 3.569190e+04 2.998645e+02 4.044808e+04 5.191738e+07
<GCONST> 6.989859e+01
<MIXTURE> 5 2.001256e-01
<MEAN> 6
 8.734644e+01 -1.252882e+02 1.640604e+02 -1.219391e+00 -1.853678e+00 -1.132176e+02
<VARIANCE> 6
 3.171274e+01 1.224266e+05 4.978203e+04 2.998645e+02 4.044808e+04 5.191738e+07
<GCONST> 7.109093e+01
<MIXTURE> 6 1.319518e-01
<MEAN> 6
 9.060390e+01 -4.860387e+01 -6.478249e+01 -2.184038e+00 -9.293660e-01 -1.223374e+02
<VARIANCE> 6
 3.171274e+01 1.309607e+04 2.488169e+05 2.998645e+02 4.044808e+04 5.191738e+07
<GCONST> 7.046478e+01
<MIXTURE> 7 1.342224e-01
<MEAN> 6
 8.179645e+01 3.011299e+02 1.489719e+02 1.402803e+00 -3.974172e+00 -1.115430e+02
<VARIANCE> 6
 3.171274e+01 3.291902e+04 3.733289e+04 2.998645e+02 4.044808e+04 5.191738e+07
<GCONST> 6.948969e+01
<STATE> 6
<NUMMIXES> 7
<MIXTURE> 1 1.375123e-01
<MEAN> 6
 7.118604e+01 -6.823395e+01 2.017221e+02 5.706375e-01 -1.844871e+00 -1.300232e+02
<VARIANCE> 6
 3.171274e+01 5.518932e+04 1.362684e+04 2.998645e+02 4.044808e+04 5.191738e+07
<GCONST> 6.899857e+01
<MIXTURE> 2 1.179405e-01
<MEAN> 6
 7.247417e+01 2.655670e+01 -8.158788e+01 -7.292626e-02 -3.279472e+00 -1.229727e+02
<VARIANCE> 6
 3.171274e+01 1.309607e+04 4.027996e+04 2.998645e+02 4.044808e+04 5.191738e+07
<GCONST> 6.864392e+01
<MIXTURE> 3 1.665495e-01
<MEAN> 6
 6.505313e+01 3.934819e+02 -1.690158e+02 -1.360650e-01 -1.793104e+00 -1.629901e+02
<VARIANCE> 6
 3.171274e+01 1.955974e+05 1.362684e+04 2.998645e+02 4.044808e+04 5.191738e+07
<GCONST> 7.026385e+01
<MIXTURE> 4 5.278987e-02
<MEAN> 6
 7.436395e+01 -9.407823e+02 7.687546e+01 -3.807223e-01 2.255322e+00 -3.193224e+01
<VARIANCE> 6
 3.171274e+01 3.329120e+04 1.050696e+05 2.998645e+02 4.044808e+04 5.191738e+07
<GCONST> 7.053568e+01
<MIXTURE> 5 1.905857e-01
<MEAN> 6
 6.240751e+01 -3.568787e+01 -2.171314e+02 2.063962e-01 1.010844e+00 -1.046621e+02
<VARIANCE> 6
 3.544175e+01 1.409821e+05 1.362684e+04 2.998645e+02 4.044808e+04 5.191738e+07
<GCONST> 7.004761e+01
<MIXTURE> 6 1.919228e-01
<MEAN> 6
 7.283479e+01 5.719123e+01 -3.130541e+02 -1.369818e-01 -4.489892e+00 -1.285362e+02
<VARIANCE> 6
 3.353920e+01 1.309607e+04 1.362684e+04 2.998645e+02 4.044808e+04 5.191738e+07
<GCONST> 6.761610e+01
<MIXTURE> 7 1.425990e-01
<MEAN> 6
 6.789162e+01 -2.528146e+02 2.308862e+02 6.420518e-01 -2.043224e-01 -1.141205e+02
<VARIANCE> 6
 3.171274e+01 4.782583e+04 1.702942e+04 2.998645e+02 4.044808e+04 5.191738e+07
<GCONST> 6.907826e+01
<STATE> 7
<NUMMIXES> 7
<MIXTURE> 1 8.667747e-03
<MEAN> 6
 1.630927e+01 -1.587482e+02 -2.047003e+01 -1.444405e+01 -4.578226e+02 7.967503e+03
<VARIANCE> 6
 8.919814e+03 2.369722e+06 1.431682e+06 9.566641e+05 5.023660e+08 7.232541e+11
<GCONST> 1.100890e+02
<MIXTURE> 2 1.339252e-01
<MEAN> 6
 -1.456652e+01 1.302007e+02 5.091219e+01 1.379208e+02 4.662423e+02 -3.123440e+03
<VARIANCE> 6
 9.471728e+02 2.273298e+05 5.425611e+04 2.885566e+04 2.909202e+05 6.349722e+07
<GCONST> 8.193375e+01
<MIXTURE> 3 1.204394e-01
<MEAN> 6
 7.033023e+01 -4.020018e+01 7.040156e+01 -7.025002e+00 -8.502177e+02 7.394165e+01
<VARIANCE> 6
 2.434499e+03 8.123929e+05 6.392384e+05 5.911332e+04 2.483200e+06 1.369350e+09
<GCONST> 9.255040e+01
<MIXTURE> 4 1.733992e-01
<MEAN> 6
 9.479956e+01 -4.252057e+01 -6.639737e+01 -4.832751e+00 -3.150114e+01 -2.512172e+02
<VARIANCE> 6
 2.863880e+02 5.605434e+05 1.621383e+05 2.998645e+02 4.044808e+04 5.191738e+07
<GCONST> 7.599374e+01
<MIXTURE> 5 1.189432e-01
<MEAN> 6
 -3.236990e+01 -3.113424e+01 -5.408823e+00 -1.444622e+02 1.286440e+03 3.970875e+03
<VARIANCE> 6
 7.828776e+02 1.987310e+05 1.544909e+05 5.130444e+04 1.316869e+06 8.255775e+08
<GCONST> 8.730573e+01
<MIXTURE> 6 2.927866e-01
<MEAN> 6
 6.937825e+01 4.302779e+00 3.285324e+01 -7.883069e+00 -6.163611e+02 -3.987801e+02
<VARIANCE> 6
 8.074637e+02 1.517431e+05 8.938536e+04 4.314180e+04 3.459121e+05 1.053383e+08
<GCONST> 8.295069e+01
<MIXTURE> 7 1.512840e-01
<MEAN> 6
 -4.918812e+01 4.588737e-01 -3.712981e+01 2.172154e+01 5.103447e+02 3.095225e+02
<VARIANCE> 6
 3.799763e+02 2.102318e+05 1.359354e+05 9.957190e+03 2.113545e+05 5.283022e+07
<GCONST> 8.029321e+01
<TRANSP> 8
 0.000000e+00 1.000000e+00 0.000000e+00 0.000000e+00 0.000000e+00 0.000000e+00 0.000000e+00 0.000000e+00
 0.000000e+00 9.997941e-01 2.059049e-04 0.000000e+00 0.000000e+00 0.000000e+00 0.000000e+00 0.000000e+00
 0.000000e+00 0.000000e+00 9.980278e-01 1.972164e-03 0.000000e+00 0.000000e+00 0.000000e+00 0.000000e+00
 0.000000e+00 0.000000e+00 0.000000e+00 9.984089e-01 1.591192e-03 0.000000e+00 0.000000e+00 0.000000e+00
 0.000000e+00 0.000000e+00 0.000000e+00 0.000000e+00 9.988642e-01 1.135842e-03 0.000000e+00 0.000000e+00
 0.000000e+00 0.000000e+00 0.000000e+00 0.000000e+00 0.000000e+00 9.993910e-01 6.090617e-04 0.000000e+00
 0.000000e+00 0.000000e+00 0.000000e+00 0.000000e+00 0.000000e+00 0.000000e+00 9.999446e-01 5.542626e-05
 0.000000e+00 0.000000e+00 0.000000e+00 0.000000e+00 0.000000e+00 0.000000e+00 0.000000e+00 0.000000e+00
<ENDHMM>
~h "SegundoESO"
<BEGINHMM>
<NUMSTATES> 8
<STATE> 2
<NUMMIXES> 7
<MIXTURE> 1 1.928797e-01
<MEAN> 6
 8.239957e+01 4.993903e+02 5.444577e+03 8.457163e-01 -1.333829e+01 -1.063378e+02
<VARIANCE> 6
 1.236970e+02 5.580730e+07 3.791576e+07 8.301644e+02 4.044808e+04 5.191738e+07
<GCONST> 8.622795e+01
<MIXTURE> 2 1.251915e-01
<MEAN> 6
 6.342868e+01 1.172745e+03 -1.119278e+03 -2.282810e-01 -4.494540e+00 -8.313628e+01
<VARIANCE> 6
 3.171274e+01 2.475792e+06 9.105196e+04 2.998645e+02 4.044808e+04 5.191738e+07
<GCONST> 7.470151e+01
<MIXTURE> 3 1.878273e-01
<MEAN> 6
 7.467023e+01 -4.454103e+01 -6.090867e+03 -2.898112e-01 -3.311786e+00 -5.270039e+01
<VARIANCE> 6
 3.171274e+01 1.384032e+05 6.916454e+06 2.998645e+02 4.044808e+04 5.191738e+07
<GCONST> 7.614758e+01
<MIXTURE> 4 9.621850e-02
<MEAN> 6
 5.804805e+01 6.353113e+02 -3.944872e+03 1.588430e+00 -3.864130e-01 -3.998355e+01
<VARIANCE> 6
 3.171274e+01 1.309607e+04 1.346699e+06 2.998645e+02 4.044808e+04 5.191738e+07
<GCONST> 7.215349e+01
<MIXTURE> 5 1.310438e-01
<MEAN> 6
 6.777020e+01 7.060092e+02 -1.987140e+03 3.137615e-01 -4.796386e+00 -8.765102e+01
<VARIANCE> 6
 3.171274e+01 4.954227e+05 3.633879e+05 2.998645e+02 4.044808e+04 5.191738e+07
<GCONST> 7.447664e+01
<MIXTURE> 6 1.182160e-01
<MEAN> 6
 5.472926e+01 1.589869e+02 -1.606243e+03 -5.169430e-01 6.301566e-01 -9.587100e+01
<VARIANCE> 6
 3.171274e+01 1.309607e+04 3.025044e+06 2.998645e+02 4.044808e+04 5.191738e+07
<GCONST> 7.296275e+01
<MIXTURE> 7 1.485894e-01
<MEAN> 6
 6.146391e+01 2.402495e+02 -9.879402e+02 -2.291066e-01 -7.738092e-01 -6.999786e+01
<VARIANCE> 6
 3.171274e+01 8.326289e+05 1.274651e+05 2.998645e+02 4.044808e+04 5.191738e+07
<GCONST> 7.394820e+01
<STATE> 3
<NUMMIXES> 7
<MIXTURE> 1 1.502099e-01
<MEAN> 6
 7.415561e+01 3.673158e+02 1.372949e+03 -6.526909e-01 -2.196450e-01 -7.916613e+01
<VARIANCE> 6
 3.449018e+01 1.048639e+06 5.516737e+05 2.998645e+02 4.044808e+04 5.191738e+07
<GCONST> 7.572792e+01
<MIXTURE> 2 1.228527e-01
<MEAN> 6
 6.950482e+01 -1.089709e+03 -8.953751e+01 -8.155576e-02 -1.550310e-01 -1.143612e+02
<VARIANCE> 6
 3.171274e+01 9.485909e+05 1.495282e+05 2.998645e+02 4.044808e+04 5.191738e+07
<GCONST> 7.423822e+01
<MIXTURE> 3 1.602728e-01
<MEAN> 6
 8.306437e+01 -7.530937e+02 1.225159e+02 -8.097127e-01 -4.283186e+00 -1.283370e+02
<VARIANCE> 6
 3.171274e+01 3.192699e+04 4.984052e+04 2.998645e+02 4.044808e+04 5.191738e+07
<GCONST> 6.974805e+01
<MIXTURE> 4 1.746654e-01
<MEAN> 6
 6.209946e+01 7.107886e+02 -3.038976e+02 4.759819e-01 -1.105705e+00 -1.504705e+02
<VARIANCE> 6
 3.171274e+01 2.043055e+06 1.362684e+04 2.998645e+02 4.044808e+04 5.191738e+07
<GCONST> 7.261000e+01
<MIXTURE> 5 1.994448e-01
<MEAN> 6
 7.457510e+01 3.716341e+02 -7.199728e+00 -4.484484e-01 -3.748513e+00 -9.605400e+01
<VARIANCE> 6
 3.171274e+01 7.119123e+04 3.522939e+05 2.998645e+02 4.044808e+04 5.191738e+07
<GCONST> 7.250560e+01
<MIXTURE> 6 9.469853e-02
<MEAN> 6
 7.420363e+01 1.944157e+02 2.226640e+02 -5.067250e-01 -3.301759e+00 -9.491335e+01
<VARIANCE> 6
 3.171274e+01 1.565973e+05 4.465198e+05 2.998645e+02 4.044808e+04 5.191738e+07
<GCONST> 7.353091e+01
<MIXTURE> 7 9.775503e-02
<MEAN> 6
 7.308614e+01 8.146678e+01 5.659968e+00 -4.598011e-01 -3.214046e+00 -9.707528e+01
<VARIANCE> 6
 3.171274e+01 1.306172e+05 3.137583e+05 2.998645e+02 4.044808e+04 5.191738e+07
<GCONST> 7.299666e+01
<STATE> 4
<NUMMIXES> 7
<MIXTURE> 1 1.448239e-01
<MEAN> 6
 3.785173e+01 -1.399103e+02 -4.680964e+01 -1.795358e+01 -3.196645e+02 4.899735e+02
<VARIANCE> 6
 2.091389e+03 1.547194e+07 6.425412e+06 3.984817e+04 6.919370e+05 2.798895e+08
<GCONST> 9.439314e+01
<MIXTURE> 2 1.291982e-01
<MEAN> 6
 -3.976574e+01 5.398892e+01 1.126918e+02 -7.315260e+01 1.116559e+03 1.640722e+03
<VARIANCE> 6
 3.717206e+02 1.309885e+06 9.663296e+05 3.777123e+04 6.390619e+05 3.868963e+08
<GCONST> 8.849284e+01
<MIXTURE> 3 1.814602e-01
<MEAN> 6
 8.097343e+01 -2.912891e+02 3.334352e+02 1.064352e+00 -2.936182e+02 -3.599426e+02
<VARIANCE> 6
 1.346387e+02 9.264714e+05 2.167411e+06 4.051559e+03 1.310648e+05 5.191738e+07
<GCONST> 8.211351e+01
<MIXTURE> 4 1.852182e-01
<MEAN> 6
 2.646628e+01 1.401666e+02 2.902798e+01 4.465664e+01 -1.497632e+02 -9.300467e+02
<VARIANCE> 6
 7.211562e+02 9.845118e+05 1.088546e+06 4.185438e+04 9.637578e+04 5.191738e+07
<GCONST> 8.519150e+01
<MIXTURE> 5 1.085822e-01
<MEAN> 6
 -3.507094e+01 1.687364e+02 4.420997e+02 8.483629e+01 5.921144e+02 -1.449880e+03
<VARIANCE> 6
 4.754780e+02 4.538448e+05 3.150771e+06 1.906394e+04 1.730268e+05 5.191738e+07
<GCONST> 8.486217e+01
<MIXTURE> 6 1.410953e-01
<MEAN> 6
 6.080602e+01 9.531642e+01 1.307957e+02 -4.691318e+01 -7.913136e+02 7.931564e+02
<VARIANCE> 6
 6.368931e+02 1.106831e+06 3.856132e+05 3.678629e+04 2.937259e+05 9.805259e+07
<GCONST> 8.576776e+01
<MIXTURE> 7 1.090803e-01
<MEAN> 6
 -5.137318e+01 -6.398388e+00 1.804237e+01 1.659306e+01 2.818066e+02 5.569334e+01
<VARIANCE> 6
 2.486707e+02 6.905991e+05 8.409312e+05 2.004143e+03 1.001321e+05 5.191738e+07
<GCONST> 8.051335e+01
<STATE> 5
<NUMMIXES> 7
<MIXTURE> 1 1.523608e-01
<MEAN> 6
 7.889271e+01 1.580500e+03 9.435983e+01 -2.915472e+00 2.630925e+00 1.543705e+02
<VARIANCE> 6
 2.648517e+02 6.396061e+05 1.079408e+06 2.998645e+02 4.044808e+04 5.191738e+07
<GCONST> 7.794324e+01
<MIXTURE> 2 1.304400e-01
<MEAN> 6
 7.755990e+01 -5.806396e+02 -1.814042e+03 -3.569881e+00 1.484730e+00 5.469112e+01
<VARIANCE> 6
 4.945016e+01 3.327302e+05 2.187603e+07 2.998645e+02 4.044808e+04 5.191738e+07
<GCONST> 7.862048e+01
<MIXTURE> 3 8.192726e-02
<MEAN> 6
 8.846727e+01 -5.435357e+03 7.094611e+01 -6.851578e+00 5.570275e+00 1.133937e+02
<VARIANCE> 6
 7.855375e+01 7.056300e+06 1.497212e+06 2.998645e+02 4.044808e+04 5.191738e+07
<GCONST> 7.945586e+01
<MIXTURE> 4 1.270104e-01
<MEAN> 6
 9.395958e+01 1.493551e+02 -4.956594e+02 -4.948732e+00 -1.447830e+00 1.532861e+02
<VARIANCE> 6
 5.581090e+01 2.672426e+05 1.401225e+06 2.998645e+02 4.044808e+04 5.191738e+07
<GCONST> 7.577428e+01
<MIXTURE> 5 2.251644e-01
<MEAN> 6
 8.567822e+01 -1.581203e+02 2.193360e+01 -4.085626e+00 -3.741239e+00 1.322542e+02
<VARIANCE> 6
 7.722773e+01 4.271403e+05 2.811928e+06 2.998645e+02 4.044808e+04 5.191738e+07
<GCONST> 7.726454e+01
<MIXTURE> 6 1.679967e-01
<MEAN> 6
 8.945502e+01 9.560999e+02 -1.654091e+03 -4.114218e+00 -2.943326e+00 1.798468e+02
<VARIANCE> 6
 1.521186e+02 6.035464e+05 2.382827e+06 2.998645e+02 4.044808e+04 5.191738e+07
<GCONST> 7.812257e+01
<MIXTURE> 7 1.150780e-01
<MEAN> 6
 9.042984e+01 -6.345139e+00 -8.164979e+02 -4.634974e+00 -2.062920e+00 1.084809e+02
<VARIANCE> 6
 7.607951e+01 2.235339e+05 1.606642e+06 2.998645e+02 4.044808e+04 5.191738e+07
<GCONST> 7.604228e+01
<STATE> 6
<NUMMIXES> 7
<MIXTURE> 1 1.665367e-01
<MEAN> 6
 7.065603e+01 -2.766784e+02 2.629084e+02 -7.349520e-01 -6.526809e+00 -2.082120e+01
<VARIANCE> 6
 5.130841e+01 2.615660e+04 1.362684e+04 2.998645e+02 4.044808e+04 5.191738e+07
<GCONST> 6.873303e+01
<MIXTURE> 2 1.268046e-01
<MEAN> 6
 6.903424e+01 1.055523e+03 6.785457e+01 -1.046813e+00 -5.882625e+00 -1.133275e+02
<VARIANCE> 6
 3.171274e+01 1.881542e+05 1.362684e+04 2.998645e+02 4.044808e+04 5.191738e+07
<GCONST> 7.022507e+01
<MIXTURE> 3 1.651580e-01
<MEAN> 6
 6.199039e+01 7.862777e+01 9.699508e+01 -1.996714e-01 -3.850617e+00 -1.261763e+02
<VARIANCE> 6
 3.171274e+01 2.404065e+05 1.362684e+04 2.998645e+02 4.044808e+04 5.191738e+07
<GCONST> 7.047014e+01
<MIXTURE> 4 7.924648e-02
<MEAN> 6
 6.428462e+01 -3.496357e+02 4.931994e+01 -9.176770e-01 -7.741597e+00 -1.028016e+02
<VARIANCE> 6
 3.171274e+01 2.206360e+05 6.676227e+04 2.998645e+02 4.044808e+04 5.191738e+07
<GCONST> 7.197342e+01
<MIXTURE> 5 2.027317e-01
<MEAN> 6
 6.250676e+01 1.340891e+02 -1.028938e+02 -3.827554e-02 -6.048612e+00 -1.171696e+02
<VARIANCE> 6
 3.171274e+01 4.390703e+04 1.362684e+04 2.998645e+02 4.044808e+04 5.191738e+07
<GCONST> 6.876988e+01
<MIXTURE> 6 1.528550e-01
<MEAN> 6
 6.256913e+01 -1.841232e+02 4.208217e+01 -2.536488e-01 -5.220663e+00 -1.156439e+02
<VARIANCE> 6
 3.171274e+01 2.486650e+05 1.615758e+04 2.998645e+02 4.044808e+04 5.191738e+07
<GCONST> 7.067426e+01
<MIXTURE> 7 1.066020e-01
<MEAN> 6
 6.197131e+01 6.833442e+02 5.388660e+01 1.927019e-01 -9.329649e-01 -9.787533e+01
<VARIANCE> 6
 5.466089e+01 8.375364e+04 1.362684e+04 2.998645e+02 4.044808e+04 5.191738e+07
<GCONST> 6.996011e+01
<STATE> 7
<NUMMIXES> 7
<MIXTURE> 1 1.353046e-01
<MEAN> 6
 1.097823e+01 5.619725e+01 4.482340e+01 6.637695e+00 -1.689424e+01 7.997917e+01
<VARIANCE> 6
 5.081816e+02 1.837409e+05 6.267976e+04 3.896450e+04 8.315160e+04 5.309257e+07
<GCONST> 8.011156e+01
<MIXTURE> 2 1.228650e-01
<MEAN> 6
 -4.169608e+01 1.299062e+02 1.075777e+02 -4.392422e+01 9.053522e+02 2.962513e+02
<VARIANCE> 6
 2.668772e+02 3.756427e+05 3.503018e+05 2.309369e+04 4.000675e+05 1.913376e+08
<GCONST> 8.423325e+01
<MIXTURE> 3 1.604435e-01
<MEAN> 6
 7.846011e+01 -1.720237e+02 -3.503207e+01 -5.698473e+00 -4.519554e+01 4.667732e+01
<VARIANCE> 6
 1.068301e+02 7.787134e+05 1.574236e+05 2.998645e+02 4.044808e+04 5.191738e+07
<GCONST> 7.530687e+01
<MIXTURE> 4 6.702159e-02
<MEAN> 6
 4.352015e+01 -5.498022e+01 -1.763489e+01 -8.631020e+01 -5.715157e+02 4.295429e+03
<VARIANCE> 6
 1.643819e+03 1.079382e+06 1.371077e+05 3.559371e+04 1.380106e+06 6.843911e+08
<GCONST> 8.911410e+01
<MIXTURE> 5 2.468595e-01
<MEAN> 6
 6.494043e+01 -6.493194e+01 -1.779193e+01 3.587696e+00 -5.452630e+02 -3.384751e+02
<VARIANCE> 6
 2.225803e+02 4.241896e+05 1.248438e+05 1.773017e+04 1.432581e+05 5.191738e+07
<GCONST> 8.054590e+01
<MIXTURE> 6 1.490576e-01
<MEAN> 6
 -4.360283e+01 -3.706459e+01 4.428715e+00 4.207361e+01 5.074448e+02 -5.763664e+02
<VARIANCE> 6
 2.045887e+02 1.944580e+05 9.949410e+04 8.590643e+03 1.107240e+05 5.191738e+07
<GCONST> 7.847248e+01
<MIXTURE> 7 1.178964e-01
<MEAN> 6
 1.009568e+01 -1.463003e+02 -1.118468e+02 4.031944e+01 -2.582902e+01 -1.263893e+03
<VARIANCE> 6
 4.879573e+02 3.524041e+05 3.298389e+05 3.867964e+04 9.012794e+04 5.191738e+07
<GCONST> 8.243361e+01
<TRANSP> 8
 0.000000e+00 1.000000e+00 0.000000e+00 0.000000e+00 0.000000e+00 0.000000e+00 0.000000e+00 0.000000e+00
 0.000000e+00 9.990605e-01 9.394663e-04 0.000000e+00 0.000000e+00 0.000000e+00 0.000000e+00 0.000000e+00
 0.000000e+00 0.000000e+00 9.995648e-01 4.352625e-04 0.000000e+00 0.000000e+00 0.000000e+00 0.000000e+00
 0.000000e+00 0.000000e+00 0.000000e+00 9.999121e-01 8.797435e-05 0.000000e+00 0.000000e+00 0.000000e+00
 0.000000e+00 0.000000e+00 0.000000e+00 0.000000e+00 9.991823e-01 8.177025e-04 0.000000e+00 0.000000e+00
 0.000000e+00 0.000000e+00 0.000000e+00 0.000000e+00 0.000000e+00 9.992883e-01 7.117273e-04 0.000000e+00
 0.000000e+00 0.000000e+00 0.000000e+00 0.000000e+00 0.000000e+00 0.000000e+00 9.998993e-01 1.007109e-04
 0.000000e+00 0.000000e+00 0.000000e+00 0.000000e+00 0.000000e+00 0.000000e+00 0.000000e+00 0.000000e+00
<ENDHMM>
~h "QuintoPRIMARIA"
<BEGINHMM>
<NUMSTATES> 8
<STATE> 2
<NUMMIXES> 7
<MIXTURE> 1 1.469437e-01
<MEAN> 6
 -3.636925e+01 -4.481479e-01 1.364843e+02 -2.843853e+01 1.017235e+03 3.137225e+02
<VARIANCE> 6
 5.492983e+02 1.700054e+05 2.385561e+05 4.333292e+04 5.896036e+05 3.217841e+08
<GCONST> 8.531512e+01
<MIXTURE> 2 5.459563e-02
<MEAN> 6
 4.443656e+01 -3.738573e+02 -2.382444e+02 -2.165932e+01 -6.069193e+02 4.225381e+03
<VARIANCE> 6
 2.642203e+03 1.190834e+06 1.594480e+06 5.252874e+04 2.251644e+06 9.818973e+08
<GCONST> 9.338014e+01
<MIXTURE> 3 1.214262e-01
<MEAN> 6
 6.880655e+01 -3.499178e+01 -4.803763e+00 -2.527741e+00 -3.387656e+01 -2.823274e+02
<VARIANCE> 6
 1.621892e+02 6.077971e+04 1.195959e+05 2.998645e+02 4.044808e+04 5.191738e+07
<GCONST> 7.289919e+01
<MIXTURE> 4 1.651955e-01
<MEAN> 6
 6.427804e+01 7.054671e+01 -2.361265e+01 8.734406e+00 -5.371550e+02 -5.958914e+02
<VARIANCE> 6
 4.458070e+02 2.330528e+05 5.258336e+04 2.264009e+04 1.990219e+05 5.191738e+07
<GCONST> 8.035013e+01
<MIXTURE> 5 1.846523e-01
<MEAN> 6
 -3.739359e+01 9.838666e+00 1.886306e+01 4.229335e+01 4.242598e+02 -4.950249e+02
<VARIANCE> 6
 5.234477e+02 4.063625e+04 6.905665e+04 1.229793e+04 1.393796e+05 5.191738e+07
<GCONST> 7.807010e+01
<MIXTURE> 6 2.062757e-01
<MEAN> 6
 4.065230e+01 6.829694e+00 -1.277490e+01 -1.225520e+01 -4.744796e+02 -1.207448e+02
<VARIANCE> 6
 9.425782e+02 5.304341e+04 1.343794e+05 4.721056e+04 4.294248e+05 1.710305e+08
<GCONST> 8.325310e+01
<MIXTURE> 7 1.202702e-01
<MEAN> 6
 7.054797e+01 -1.301143e+02 -1.002367e+02 -2.127287e+00 -3.098763e+01 -2.633654e+02
<VARIANCE> 6
 1.879588e+02 9.147198e+04 1.563177e+05 2.998645e+02 4.044808e+04 5.191738e+07
<GCONST> 7.372319e+01
<STATE> 3
<NUMMIXES> 7
<MIXTURE> 1 1.466319e-01
<MEAN> 6
 7.856035e+01 -3.007191e+02 2.248850e+02 -2.693116e+00 -1.372009e+00 3.828841e+01
<VARIANCE> 6
 3.171274e+01 4.302718e+04 3.509353e+04 2.998645e+02 4.044808e+04 5.191738e+07
<GCONST> 6.969560e+01
<MIXTURE> 2 1.453207e-01
<MEAN> 6
 8.846685e+01 1.022207e+02 5.145736e+01 -4.225217e+00 -3.207095e+00 4.763683e+01
<VARIANCE> 6
 4.329940e+01 1.501778e+04 3.770223e+04 2.998645e+02 4.044808e+04 5.191738e+07
<GCONST> 6.902614e+01
<MIXTURE> 3 1.001435e-01
<MEAN> 6
 6.807233e+01 1.761493e+02 1.958596e+02 -2.726307e+00 6.032095e+00 -3.560318e+01
<VARIANCE> 6
 3.171274e+01 2.236125e+04 1.362684e+04 2.998645e+02 4.044808e+04 5.191738e+07
<GCONST> 6.809512e+01
<MIXTURE> 4 2.003815e-01
<MEAN> 6
 6.284886e+01 3.528719e+01 -2.168448e+02 -1.428730e+00 6.680027e-01 -3.253578e+00
<VARIANCE> 6
 3.171274e+01 1.309607e+04 1.007513e+05 2.998645e+02 4.044808e+04 5.191738e+07
<GCONST> 6.956073e+01
<MIXTURE> 5 1.363309e-01
<MEAN> 6
 8.598890e+01 -9.968956e+01 -1.130179e+02 -2.398797e+00 -6.152728e-01 6.669349e+00
<VARIANCE> 6
 3.171274e+01 3.383709e+04 3.274068e+04 2.998645e+02 4.044808e+04 5.191738e+07
<GCONST> 6.938594e+01
<MIXTURE> 6 1.421466e-01
<MEAN> 6
 7.602966e+01 -5.626050e+02 7.215916e+01 -1.731998e+00 1.087034e+00 -1.548613e+01
<VARIANCE> 6
 3.171274e+01 8.672335e+04 2.357411e+04 2.998645e+02 4.044808e+04 5.191738e+07
<GCONST> 6.999863e+01
<MIXTURE> 7 1.289656e-01
<MEAN> 6
 8.493176e+01 -1.707849e+02 -2.016741e+02 -2.198736e+00 1.342423e-02 1.748792e+01
<VARIANCE> 6
 3.171274e+01 3.943271e+04 3.212826e+04 2.998645e+02 4.044808e+04 5.191738e+07
<GCONST> 6.952010e+01
<STATE> 4
<NUMMIXES> 7
<MIXTURE> 1 7.493023e-02
<MEAN> 6
 5.711359e+01 -8.757656e+03 -1.989303e+03 -5.457990e-01 -6.311707e+00 -8.804833e+01
<VARIANCE> 6
 3.171274e+01 2.106985e+07 3.214267e+04 2.998645e+02 4.044808e+04 5.191738e+07
<GCONST> 7.580154e+01
<MIXTURE> 2 1.676605e-01
<MEAN> 6
 7.621286e+01 2.595111e+03 -4.563864e+02 -2.468221e+00 -5.613919e+00 -9.267715e+01
<VARIANCE> 6
 4.857814e+01 1.856481e+06 5.946119e+04 2.998645e+02 4.044808e+04 5.191738e+07
<GCONST> 7.441399e+01
<MIXTURE> 3 1.308991e-01
<MEAN> 6
 6.751418e+01 1.624529e+03 1.210808e+03 5.432746e-01 -4.311801e+00 -1.375702e+02
<VARIANCE> 6
 5.308573e+01 1.780506e+05 1.614295e+04 2.998645e+02 4.044808e+04 5.191738e+07
<GCONST> 7.085451e+01
<MIXTURE> 4 1.531907e-01
<MEAN> 6
 7.082873e+01 6.421174e+02 2.957395e+03 -1.220047e+00 -1.166461e+00 -1.178829e+02
<VARIANCE> 6
 3.171274e+01 1.309607e+04 2.395523e+06 2.998645e+02 4.044808e+04 5.191738e+07
<GCONST> 7.272943e+01
<MIXTURE> 5 1.243590e-01
<MEAN> 6
 6.068006e+01 5.131313e+02 -1.772173e+03 7.175195e-02 -5.597094e+00 -1.385087e+02
<VARIANCE> 6
 3.171274e+01 4.177907e+04 1.688841e+06 2.998645e+02 4.044808e+04 5.191738e+07
<GCONST> 7.353995e+01
<MIXTURE> 6 1.852643e-01
<MEAN> 6
 5.190307e+01 4.203670e+02 -1.060269e+03 2.821124e+00 -7.140194e+00 -5.189305e+01
<VARIANCE> 6
 3.171274e+01 1.512654e+04 1.050597e+07 2.998645e+02 4.044808e+04 5.191738e+07
<GCONST> 7.435191e+01
<MIXTURE> 7 1.636585e-01
<MEAN> 6
 6.166616e+01 3.826745e+02 -3.034898e+03 3.804426e-01 -6.321153e+00 -1.202304e+02
<VARIANCE> 6
 3.171274e+01 9.223460e+04 1.185997e+05 2.998645e+02 4.044808e+04 5.191738e+07
<GCONST> 7.167586e+01
<STATE> 5
<NUMMIXES> 7
<MIXTURE> 1 1.771693e-01
<MEAN> 6
 6.462426e+01 1.083245e+03 -1.340233e+03 3.818572e-01 -3.812744e+00 -1.289017e+02
<VARIANCE> 6
 4.615854e+01 2.141391e+04 1.208450e+05 2.998645e+02 4.044808e+04 5.191738e+07
<GCONST> 7.060968e+01
<MIXTURE> 2 1.280170e-01
<MEAN> 6
 6.631653e+01 1.358333e+03 -5.553400e+02 2.437891e-01 -9.561323e+00 -1.860172e+02
<VARIANCE> 6
 3.171274e+01 9.789773e+04 1.102291e+05 2.998645e+02 4.044808e+04 5.191738e+07
<GCONST> 7.166225e+01
<MIXTURE> 3 2.650441e-01
<MEAN> 6
 7.821478e+01 4.911129e+02 -2.828819e+02 -1.642413e+00 -3.226803e+00 -1.177866e+02
<VARIANCE> 6
 3.815026e+01 1.309607e+04 1.518195e+04 2.998645e+02 4.044808e+04 5.191738e+07
<GCONST> 6.785300e+01
<MIXTURE> 4 6.136181e-02
<MEAN> 6
 8.311569e+01 -6.097802e+01 -2.005072e+03 6.255826e+00 -1.803601e+01 -5.418369e+01
<VARIANCE> 6
 3.171274e+01 9.975001e+04 7.419599e+05 2.998645e+02 4.044808e+04 5.191738e+07
<GCONST> 7.358772e+01
<MIXTURE> 5 1.066189e-01
<MEAN> 6
 7.854510e+01 5.311760e+02 -8.560580e+02 -7.304792e-01 -8.113441e+00 -3.855682e+01
<VARIANCE> 6
 3.171274e+01 4.720614e+04 1.362684e+04 2.998645e+02 4.044808e+04 5.191738e+07
<GCONST> 6.884233e+01
<MIXTURE> 6 1.537752e-01
<MEAN> 6
 6.571098e+01 1.321264e+03 -6.292509e+02 -6.837381e-01 -2.372705e+00 -7.641507e+01
<VARIANCE> 6
 3.171274e+01 1.309607e+04 1.362684e+04 2.998645e+02 4.044808e+04 5.191738e+07
<GCONST> 6.756012e+01
<MIXTURE> 7 1.080056e-01
<MEAN> 6
 7.834856e+01 3.788649e+02 -8.096559e+02 -1.339284e+00 -1.385330e+01 -1.967744e+01
<VARIANCE> 6
 3.171274e+01 7.438428e+04 1.362684e+04 2.998645e+02 4.044808e+04 5.191738e+07
<GCONST> 6.929704e+01
<STATE> 6
<NUMMIXES> 7
<MIXTURE> 1 2.114014e-01
<MEAN> 6
 9.543327e+01 6.589099e+02 1.735307e+03 -1.168212e+00 -2.640545e-01 -2.734779e+01
<VARIANCE> 6
 3.171274e+01 1.169530e+05 2.580677e+06 2.998645e+02 4.044808e+04 5.191738e+07
<GCONST> 7.499333e+01
<MIXTURE> 2 7.526325e-02
<MEAN> 6
 7.468810e+01 -1.052777e+02 3.148363e+03 -1.097236e-01 -6.249675e+00 -1.495164e+02
<VARIANCE> 6
 3.171274e+01 2.050021e+04 1.073534e+05 2.998645e+02 4.044808e+04 5.191738e+07
<GCONST> 7.007233e+01
<MIXTURE> 3 7.235879e-02
<MEAN> 6
 8.920602e+01 4.385055e+02 -1.335688e+03 -1.285147e+00 -2.226808e+00 -7.414344e+01
<VARIANCE> 6
 3.171274e+01 2.469055e+04 1.362684e+04 2.998645e+02 4.044808e+04 5.191738e+07
<GCONST> 6.819421e+01
<MIXTURE> 4 1.410267e-01
<MEAN> 6
 5.753942e+01 -1.106591e+03 2.331529e+02 -1.126081e+00 -5.864886e+00 -1.463691e+02
<VARIANCE> 6
 1.391902e+02 1.309607e+04 1.550721e+05 2.998645e+02 4.044808e+04 5.191738e+07
<GCONST> 7.147108e+01
<MIXTURE> 5 1.732730e-01
<MEAN> 6
 7.505630e+01 -1.183874e+03 -8.916534e+02 -6.342022e-01 -1.056985e+01 -4.752672e+01
<VARIANCE> 6
 7.548304e+01 2.697809e+05 2.411416e+05 2.998645e+02 4.044808e+04 5.191738e+07
<GCONST> 7.432594e+01
<MIXTURE> 6 1.698847e-01
<MEAN> 6
 7.791000e+01 -5.137287e+02 1.468501e+03 -2.789492e-01 -4.880286e+00 -7.143885e+01
<VARIANCE> 6
 3.171274e+01 2.357163e+04 3.242778e+05 2.998645e+02 4.044808e+04 5.191738e+07
<GCONST> 7.131740e+01
<MIXTURE> 7 1.567611e-01
<MEAN> 6
 6.608408e+01 -6.183884e+02 -1.297309e+03 1.078012e+00 -5.313498e+00 -9.467142e+01
<VARIANCE> 6
 5.412932e+01 1.350093e+05 1.413646e+05 2.998645e+02 4.044808e+04 5.191738e+07
<GCONST> 7.276711e+01
<STATE> 7
<NUMMIXES> 7
<MIXTURE> 1 2.484054e-01
<MEAN> 6
 8.391422e+01 1.622769e+02 2.720969e+02 -3.490813e+00 -2.178651e+01 -1.848095e+02
<VARIANCE> 6
 2.128803e+02 7.776140e+05 1.953857e+06 2.998645e+02 4.044808e+04 5.191738e+07
<GCONST> 7.851357e+01
<MIXTURE> 2 1.708996e-02
<MEAN> 6
 -3.787808e+00 1.595101e+02 1.101629e+02 -1.696578e+01 -4.915686e+01 2.078808e+03
<VARIANCE> 6
 1.137714e+04 2.037964e+05 4.246871e+05 1.772551e+06 9.657874e+08 1.420328e+12
<GCONST> 1.086089e+02
<MIXTURE> 3 1.760321e-01
<MEAN> 6
 8.164237e+00 1.707902e+02 -5.143414e+02 -1.038706e+02 1.308360e+02 3.018352e+03
<VARIANCE> 6
 3.887544e+03 1.809003e+06 5.273723e+06 4.353092e+04 2.416241e+06 1.009947e+09
<GCONST> 9.529144e+01
<MIXTURE> 4 1.225751e-01
<MEAN> 6
 -2.554723e+01 -3.255207e+02 1.737206e+02 1.132746e+02 5.893011e+02 -3.373195e+03
<VARIANCE> 6
 4.520876e+02 7.241001e+05 6.801149e+05 3.461335e+04 2.710973e+05 6.868163e+07
<GCONST> 8.507106e+01
<MIXTURE> 5 1.466412e-01
<MEAN> 6
 6.120821e+01 1.167960e+02 2.568163e+02 3.804262e+01 -4.586423e+02 5.526944e+01
<VARIANCE> 6
 6.636603e+02 1.009123e+06 1.749451e+06 2.578075e+04 1.753811e+05 5.611475e+07
<GCONST> 8.579945e+01
<MIXTURE> 6 1.418287e-01
<MEAN> 6
 -6.268496e+01 4.594498e+01 -5.125795e+01 2.015620e+01 4.393995e+02 4.142569e+02
<VARIANCE> 6
 1.388497e+02 5.120240e+05 1.472459e+06 4.148987e+03 1.960965e+05 5.343961e+07
<GCONST> 8.162027e+01
<MIXTURE> 7 1.468447e-01
<MEAN> 6
 5.201664e+01 -2.344009e+02 2.607846e+01 -1.666872e+01 -5.654880e+02 -1.021506e+03
<VARIANCE> 6
 9.452608e+02 4.609882e+05 9.215805e+05 4.198575e+04 3.093615e+05 9.868706e+07
<GCONST> 8.634851e+01
<TRANSP> 8
 0.000000e+00 1.000000e+00 0.000000e+00 0.000000e+00 0.000000e+00 0.000000e+00 0.000000e+00 0.000000e+00
 0.000000e+00 9.999096e-01 9.040848e-05 0.000000e+00 0.000000e+00 0.000000e+00 0.000000e+00 0.000000e+00
 0.000000e+00 0.000000e+00 9.994069e-01 5.930613e-04 0.000000e+00 0.000000e+00 0.000000e+00 0.000000e+00
 0.000000e+00 0.000000e+00 0.000000e+00 9.987081e-01 1.291889e-03 0.000000e+00 0.000000e+00 0.000000e+00
 0.000000e+00 0.000000e+00 0.000000e+00 0.000000e+00 9.977537e-01 2.246310e-03 0.000000e+00 0.000000e+00
 0.000000e+00 0.000000e+00 0.000000e+00 0.000000e+00 0.000000e+00 9.990056e-01 9.944207e-04 0.000000e+00
 0.000000e+00 0.000000e+00 0.000000e+00 0.000000e+00 0.000000e+00 0.000000e+00 9.999224e-01 7.760153e-05
 0.000000e+00 0.000000e+00 0.000000e+00 0.000000e+00 0.000000e+00 0.000000e+00 0.000000e+00 0.000000e+00
<ENDHMM>
