~o
<STREAMINFO> 1 6
<VECSIZE> 6<NULLD><USER><DIAGC>
~h "SegundoPRIMARIA"
<BEGINHMM>
<NUMSTATES> 6
<STATE> 2
<NUMMIXES> 3
<MIXTURE> 1 3.582079e-01
<MEAN> 6
 3.791748e+01 7.489589e+01 1.622455e+02 2.466684e+01 2.594313e+01 2.117462e+02
<VARIANCE> 6
 3.533053e+03 4.300638e+05 1.692522e+06 1.077667e+04 1.170026e+05 2.217489e+07
<GCONST> 8.438016e+01
<MIXTURE> 2 2.953949e-01
<MEAN> 6
 3.020007e+01 -1.313700e+02 6.038889e+00 -3.902205e+01 -2.439532e+01 9.156317e+02
<VARIANCE> 6
 4.151382e+03 7.918674e+06 1.381812e+06 4.824245e+04 1.748292e+06 5.694892e+08
<GCONST> 9.470050e+01
<MIXTURE> 3 3.462981e-01
<MEAN> 6
 2.606727e+01 2.858573e+00 -1.045864e+02 9.380743e+00 -5.686589e+00 -1.001952e+03
<VARIANCE> 6
 3.950723e+03 2.261709e+05 1.164828e+06 1.838641e+04 2.769462e+05 3.842879e+07
<GCONST> 8.542130e+01
<STATE> 3
<NUMMIXES> 3
<MIXTURE> 1 2.698377e-01
<MEAN> 6
 7.838533e+01 1.534427e+02 1.478103e+02 -1.890959e-01 2.429897e+00 -7.056686e+00
<VARIANCE> 6
 1.255071e+02 1.047377e+05 6.212333e+04 2.563854e+02 1.545923e+04 1.483604e+07
<GCONST> 7.016093e+01
<MIXTURE> 2 4.721299e-01
<MEAN> 6
 7.520210e+01 -1.152172e+02 -1.762140e+02 -3.253142e-01 -1.207806e+00 -2.874084e+01
<VARIANCE> 6
 1.700411e+02 1.475870e+05 7.016583e+04 2.563854e+02 1.545923e+04 1.483604e+07
<GCONST> 7.092931e+01
<MIXTURE> 3 2.580219e-01
<MEAN> 6
 7.214141e+01 1.847954e+01 -3.290887e+01 4.208506e-01 -2.913019e+00 -9.046613e+01
<VARIANCE> 6
 9.962609e+01 7.606114e+04 6.472735e+04 2.563854e+02 1.545923e+04 1.483604e+07
<GCONST> 6.965113e+01
<STATE> 4
<NUMMIXES> 3
<MIXTURE> 1 4.149186e-01
<MEAN> 6
 9.539113e+01 -3.147368e+02 3.940730e+02 -3.203557e+00 9.164090e-01 -1.742043e+01
<VARIANCE> 6
 2.664124e+02 2.619954e+06 6.776281e+05 2.563854e+02 1.545923e+04 1.483604e+07
<GCONST> 7.652254e+01
<MIXTURE> 2 2.960505e-01
<MEAN> 6
 7.965147e+01 9.060845e+02 -1.962272e+02 -1.513321e+00 9.687550e-01 -1.212964e+01
<VARIANCE> 6
 1.133496e+02 1.345154e+06 6.277045e+05 2.563854e+02 1.545923e+04 1.483604e+07
<GCONST> 7.492479e+01
<MIXTURE> 3 2.890028e-01
<MEAN> 6
 7.515395e+01 3.014947e+01 -7.499906e+02 -1.228522e+00 -2.493428e+00 -5.192614e+01
<VARIANCE> 6
 1.310098e+02 9.238610e+05 1.038660e+06 2.563854e+02 1.545923e+04 1.483604e+07
<GCONST> 7.519751e+01
<STATE> 5
<NUMMIXES> 3
<MIXTURE> 1 5.341242e-02
<MEAN> 6
 3.659061e+01 3.669480e+01 1.394003e+01 -6.476859e+01 -3.060841e+02 6.240888e+03
<VARIANCE> 6
 6.103649e+03 1.304250e+06 1.025871e+06 2.393510e+05 9.606218e+07 1.327293e+11
<GCONST> 1.040439e+02
<MIXTURE> 2 4.756136e-01
<MEAN> 6
 3.292163e+01 8.830084e+01 6.471745e+01 2.717090e+01 4.488656e+01 -5.553973e+01
<VARIANCE> 6
 3.861656e+03 3.416102e+05 1.469218e+05 3.023257e+04 5.667364e+05 1.204441e+08
<GCONST> 8.609621e+01
<MIXTURE> 3 4.708076e-01
<MEAN> 6
 3.091695e+01 -1.123753e+02 -5.096460e+01 -1.912882e+01 -1.042040e+01 -6.383308e+02
<VARIANCE> 6
 3.893401e+03 3.003993e+05 1.268319e+05 3.935802e+04 1.161197e+06 2.440454e+08
<GCONST> 8.751607e+01
<TRANSP> 6
 0.000000e+00 1.000000e+00 0.000000e+00 0.000000e+00 0.000000e+00 0.000000e+00
 0.000000e+00 9.998580e-01 1.419758e-04 0.000000e+00 0.000000e+00 0.000000e+00
 0.000000e+00 0.000000e+00 9.995162e-01 4.837433e-04 0.000000e+00 0.000000e+00
 0.000000e+00 0.000000e+00 0.000000e+00 9.993902e-01 6.097489e-04 0.000000e+00
 0.000000e+00 0.000000e+00 0.000000e+00 0.000000e+00 9.999387e-01 6.135736e-05
 0.000000e+00 0.000000e+00 0.000000e+00 0.000000e+00 0.000000e+00 0.000000e+00
<ENDHMM>
~h "SegundoESO"
<BEGINHMM>
<NUMSTATES> 6
<STATE> 2
<NUMMIXES> 3
<MIXTURE> 1 1.094580e-01
<MEAN> 6
 8.053888e+01 -6.530887e+01 2.882594e+03 -1.121612e+00 -5.267294e+00 -5.924341e+01
<VARIANCE> 6
 9.255245e+01 4.448608e+07 5.135267e+07 4.339143e+02 3.462340e+04 1.483604e+07
<GCONST> 8.395766e+01
<MIXTURE> 2 4.617129e-01
<MEAN> 6
 7.141576e+01 3.358513e+02 -4.666298e+02 -4.263081e-01 -1.797835e+00 -6.097857e+01
<VARIANCE> 6
 7.259446e+01 1.525683e+06 2.191676e+06 2.563854e+02 1.545923e+04 1.483604e+07
<GCONST> 7.585549e+01
<MIXTURE> 3 4.288410e-01
<MEAN> 6
 6.908566e+01 2.674441e+02 -1.646147e+03 -3.198155e-01 -1.419908e+00 -5.987254e+01
<VARIANCE> 6
 7.401074e+01 1.137351e+06 6.571032e+06 2.563854e+02 1.545923e+04 1.483604e+07
<GCONST> 7.667908e+01
<STATE> 3
<NUMMIXES> 3
<MIXTURE> 1 3.646096e-01
<MEAN> 6
 1.271755e+01 -2.535398e+02 3.338129e+02 -4.350951e+01 9.648009e+01 8.850660e+02
<VARIANCE> 6
 3.401591e+03 9.338741e+06 1.752900e+06 4.321254e+04 1.461295e+06 3.663394e+08
<GCONST> 9.417352e+01
<MIXTURE> 2 3.294497e-01
<MEAN> 6
 1.143800e+01 3.687190e+02 2.894781e+02 5.499614e+01 4.879945e+01 -1.314043e+02
<VARIANCE> 6
 3.211885e+03 2.024374e+06 3.636971e+06 2.158966e+04 3.123696e+05 3.236316e+07
<GCONST> 8.865376e+01
<MIXTURE> 3 3.058253e-01
<MEAN> 6
 3.372220e+01 -3.878191e+01 4.532491e+01 -4.226623e+00 -1.685412e+02 -8.876769e+02
<VARIANCE> 6
 2.808443e+03 2.430651e+06 4.399805e+06 2.480825e+04 2.813556e+05 3.019630e+07
<GCONST> 8.885792e+01
<STATE> 4
<NUMMIXES> 3
<MIXTURE> 1 3.448765e-01
<MEAN> 6
 7.092648e+01 2.115538e+01 9.719580e+01 -6.351280e-01 -1.275833e+00 -5.521438e+01
<VARIANCE> 6
 8.885702e+01 3.065791e+05 8.547369e+04 2.563854e+02 1.545923e+04 1.483604e+07
<GCONST> 7.120869e+01
<MIXTURE> 2 3.104077e-01
<MEAN> 6
 8.328393e+01 -7.297512e+02 -7.571377e+02 -3.268400e+00 1.035721e+00 2.841528e+01
<VARIANCE> 6
 1.152202e+02 3.612032e+06 7.654498e+06 2.563854e+02 1.545923e+04 1.483604e+07
<GCONST> 7.842990e+01
<MIXTURE> 3 3.446889e-01
<MEAN> 6
 6.651431e+01 -9.007423e+01 -5.307747e+01 -3.030641e-01 -1.785126e+00 -6.492368e+01
<VARIANCE> 6
 7.212841e+01 2.483021e+05 9.118478e+04 2.563854e+02 1.545923e+04 1.483604e+07
<GCONST> 7.085397e+01
<STATE> 5
<NUMMIXES> 3
<MIXTURE> 1 2.787932e-01
<MEAN> 6
 3.909655e+01 5.519705e+01 7.885863e+01 3.180529e+01 -8.862680e+01 1.260660e+02
<VARIANCE> 6
 2.278972e+03 6.035782e+05 7.204126e+05 1.196450e+04 1.217601e+05 1.773201e+07
<GCONST> 8.334734e+01
<MIXTURE> 2 4.168217e-01
<MEAN> 6
 4.173545e+00 5.092398e+01 5.863931e+01 -3.132223e+01 1.504854e+02 5.300638e+02
<VARIANCE> 6
 2.589516e+03 5.831562e+05 2.272146e+05 3.172657e+04 9.082098e+05 2.304745e+08
<GCONST> 8.783614e+01
<MIXTURE> 3 3.041448e-01
<MEAN> 6
 3.433916e+01 -1.044716e+02 -3.927290e+01 1.492074e+01 -1.233787e+02 -7.962632e+02
<VARIANCE> 6
 2.120772e+03 3.373734e+05 2.488409e+05 1.625849e+04 1.459324e+05 1.731856e+07
<GCONST> 8.209487e+01
<TRANSP> 6
 0.000000e+00 1.000000e+00 0.000000e+00 0.000000e+00 0.000000e+00 0.000000e+00
 0.000000e+00 9.995955e-01 4.045184e-04 0.000000e+00 0.000000e+00 0.000000e+00
 0.000000e+00 0.000000e+00 9.998686e-01 1.314362e-04 0.000000e+00 0.000000e+00
 0.000000e+00 0.000000e+00 0.000000e+00 9.997049e-01 2.950902e-04 0.000000e+00
 0.000000e+00 0.000000e+00 0.000000e+00 0.000000e+00 9.999290e-01 7.104863e-05
 0.000000e+00 0.000000e+00 0.000000e+00 0.000000e+00 0.000000e+00 0.000000e+00
<ENDHMM>
~h "QuintoPRIMARIA"
<BEGINHMM>
<NUMSTATES> 6
<STATE> 2
<NUMMIXES> 3
<MIXTURE> 1 4.648309e-01
<MEAN> 6
 2.022101e+01 9.361502e+02 2.990045e+02 3.876723e+01 -4.383440e+00 -5.167312e+02
<VARIANCE> 6
 3.313998e+03 1.920261e+06 9.147542e+05 1.617356e+04 2.265701e+05 3.710428e+07
<GCONST> 8.677874e+01
<MIXTURE> 2 1.225388e-01
<MEAN> 6
 4.002333e+01 -4.539285e+03 -1.699430e+03 -3.271352e+01 2.634769e+01 2.452449e+03
<VARIANCE> 6
 2.060617e+03 2.725145e+07 8.528816e+05 1.410076e+04 6.612809e+05 2.089005e+08
<GCONST> 9.154831e+01
<MIXTURE> 3 4.126168e-01
<MEAN> 6
 1.918598e+01 1.733558e+02 -1.151250e+02 -3.212014e+01 -1.526522e+00 -1.284234e+02
<VARIANCE> 6
 3.567434e+03 1.561841e+06 4.720391e+05 2.195944e+04 5.047356e+05 8.298434e+07
<GCONST> 8.789597e+01
<STATE> 3
<NUMMIXES> 3
<MIXTURE> 1 2.934754e-01
<MEAN> 6
 7.201616e+01 9.832153e+02 8.897145e+02 -4.049373e-01 -4.414605e-01 -5.820587e+01
<VARIANCE> 6
 3.102403e+01 3.910598e+05 3.747743e+06 2.563854e+02 1.545923e+04 1.483604e+07
<GCONST> 7.418051e+01
<MIXTURE> 2 4.680676e-01
<MEAN> 6
 6.217905e+01 -4.987290e+02 -3.093640e+03 8.492068e-01 -2.611625e+00 -5.685593e+01
<VARIANCE> 6
 3.898027e+01 1.125680e+06 7.568377e+06 2.563854e+02 1.545923e+04 1.483604e+07
<GCONST> 7.616891e+01
<MIXTURE> 3 2.384584e-01
<MEAN> 6
 6.953852e+01 8.038636e+02 -2.299692e+02 1.755600e-01 -2.134215e+00 -7.357844e+01
<VARIANCE> 6
 5.547261e+01 6.079899e+05 2.773300e+06 2.563854e+02 1.545923e+04 1.483604e+07
<GCONST> 7.490182e+01
<STATE> 4
<NUMMIXES> 3
<MIXTURE> 1 2.415081e-01
<MEAN> 6
 8.194325e+01 -1.884361e+01 7.091744e+02 -4.672440e-01 -1.664893e+00 -3.851105e+01
<VARIANCE> 6
 2.184434e+02 3.775396e+05 1.928643e+06 2.563854e+02 1.545923e+04 1.483604e+07
<GCONST> 7.543275e+01
<MIXTURE> 2 3.968743e-01
<MEAN> 6
 6.660661e+01 -3.610373e+01 1.184111e+02 1.429584e-01 -2.055121e+00 -7.976168e+01
<VARIANCE> 6
 8.227347e+01 6.275993e+04 1.505120e+05 2.563854e+02 1.545923e+04 1.483604e+07
<GCONST> 7.011139e+01
<MIXTURE> 3 3.615955e-01
<MEAN> 6
 6.402118e+01 -2.854183e+02 -6.484743e+01 5.509692e-02 -2.417904e+00 -6.845494e+01
<VARIANCE> 6
 7.477694e+01 2.302452e+05 9.142583e+04 2.563854e+02 1.545923e+04 1.483604e+07
<GCONST> 7.081717e+01
<STATE> 5
<NUMMIXES> 3
<MIXTURE> 1 3.104083e-01
<MEAN> 6
 3.368942e+01 9.097957e+01 1.978735e+02 3.142693e+01 5.387502e+00 1.703130e+02
<VARIANCE> 6
 3.210721e+03 9.287217e+05 1.012611e+06 1.321291e+04 2.001186e+05 2.386542e+07
<GCONST> 8.535468e+01
<MIXTURE> 2 2.792342e-01
<MEAN> 6
 1.341696e+01 -2.615433e+01 3.731221e+00 -4.629691e+01 1.117942e+02 1.360045e+03
<VARIANCE> 6
 3.398708e+03 1.022156e+06 3.702725e+06 4.998868e+04 2.159995e+06 8.554961e+08
<GCONST> 9.409278e+01
<MIXTURE> 3 4.088907e-01
<MEAN> 6
 2.928924e+01 -4.084386e+01 -2.539077e+01 8.646555e+00 -7.985045e+01 -1.025248e+03
<VARIANCE> 6
 2.915172e+03 1.934378e+05 2.379956e+05 2.205021e+04 3.472544e+05 4.164636e+07
<GCONST> 8.386128e+01
<TRANSP> 6
 0.000000e+00 1.000000e+00 0.000000e+00 0.000000e+00 0.000000e+00 0.000000e+00
 0.000000e+00 9.990141e-01 9.859315e-04 0.000000e+00 0.000000e+00 0.000000e+00
 0.000000e+00 0.000000e+00 9.992319e-01 7.681501e-04 0.000000e+00 0.000000e+00
 0.000000e+00 0.000000e+00 0.000000e+00 9.996648e-01 3.352177e-04 0.000000e+00
 0.000000e+00 0.000000e+00 0.000000e+00 0.000000e+00 9.999548e-01 4.517685e-05
 0.000000e+00 0.000000e+00 0.000000e+00 0.000000e+00 0.000000e+00 0.000000e+00
<ENDHMM>
