~o
<STREAMINFO> 1 6
<VECSIZE> 6<NULLD><USER><DIAGC>
~h "SegundoPRIMARIA"
<BEGINHMM>
<NUMSTATES> 5
<STATE> 2
<NUMMIXES> 13
<MIXTURE> 1 6.276026e-02
<MEAN> 6
 8.742872e+01 3.170397e+01 4.459839e+02 -2.001069e+00 -2.859885e+01 -7.033675e+01
<VARIANCE> 6
 9.618444e+01 7.465291e+05 4.590968e+06 2.917190e+02 3.617517e+04 4.607186e+07
<GCONST> 7.827396e+01
<MIXTURE> 2 3.762208e-02
<MEAN> 6
 1.287906e+01 1.217778e+01 -2.666318e+01 -1.538734e+02 3.476037e+02 8.058515e+03
<VARIANCE> 6
 2.961708e+03 1.941739e+06 1.913564e+06 1.309696e+05 7.112118e+06 4.636159e+09
<GCONST> 9.778154e+01
<MIXTURE> 3 5.887837e-02
<MEAN> 6
 -1.314271e+01 2.029216e+02 1.085619e+02 8.637276e+01 4.007520e+02 -1.535520e+03
<VARIANCE> 6
 1.098468e+03 1.719923e+05 1.184079e+06 3.902430e+04 1.672231e+05 6.559807e+07
<GCONST> 8.466670e+01
<MIXTURE> 4 1.171863e-01
<MEAN> 6
 1.034258e+02 -2.692554e+02 8.401941e+02 -5.251458e+00 -3.456005e+01 -3.757003e+02
<VARIANCE> 6
 2.454559e+02 5.141643e+05 6.780434e+05 2.917190e+02 3.617517e+04 4.607186e+07
<GCONST> 7.692528e+01
<MIXTURE> 5 6.142097e-02
<MEAN> 6
 7.443877e+01 7.507352e+01 2.597906e+02 5.763392e+00 -4.160332e+02 9.871355e+01
<VARIANCE> 6
 7.227180e+02 1.327638e+05 1.462110e+06 2.663019e+04 1.160693e+05 4.607186e+07
<GCONST> 8.309946e+01
<MIXTURE> 6 9.323455e-02
<MEAN> 6
 -6.069008e+01 1.282007e+02 -3.199033e+02 -2.167871e-01 1.403303e+02 3.319235e+02
<VARIANCE> 6
 5.157814e+02 2.315400e+05 1.035239e+06 5.807526e+02 5.556751e+04 4.607186e+07
<GCONST> 7.841100e+01
<MIXTURE> 7 8.858483e-02
<MEAN> 6
 8.020945e+01 7.300936e+01 -1.285321e+03 -9.029351e-01 -1.931051e+01 -1.793696e+02
<VARIANCE> 6
 1.214127e+02 5.048836e+04 9.903319e+05 2.917190e+02 3.617517e+04 4.607186e+07
<GCONST> 7.427939e+01
<MIXTURE> 8 6.473608e-02
<MEAN> 6
 1.041784e+02 -1.045164e+02 -6.429191e+00 1.260613e+01 -8.523360e+02 1.705319e+03
<VARIANCE> 6
 2.698027e+02 1.380651e+06 1.085474e+06 1.438893e+04 1.388170e+06 5.572280e+08
<GCONST> 8.851674e+01
<MIXTURE> 9 1.071233e-01
<MEAN> 6
 -4.579077e+01 1.238876e+02 -1.603988e+02 -4.331185e+00 1.200530e+03 -1.553150e+03
<VARIANCE> 6
 7.183079e+02 4.518461e+05 1.694577e+06 4.659401e+04 6.386774e+05 3.753450e+08
<GCONST> 8.882794e+01
<MIXTURE> 10 1.009897e-01
<MEAN> 6
 7.011361e+01 1.566105e+02 1.614782e+02 6.040232e-01 -5.879486e+00 -1.069888e+02
<VARIANCE> 6
 3.147899e+01 5.368704e+05 1.263154e+06 2.917190e+02 3.617517e+04 4.607186e+07
<GCONST> 7.553685e+01
<MIXTURE> 11 8.504102e-02
<MEAN> 6
 6.162099e+01 -4.463614e+01 -8.497888e+00 -1.043727e+02 -1.148511e+03 6.935440e+02
<VARIANCE> 6
 6.843954e+02 2.850221e+05 1.614136e+06 6.737850e+04 5.182476e+05 2.689609e+08
<GCONST> 8.809680e+01
<MIXTURE> 12 5.814289e-02
<MEAN> 6
 5.593874e+01 -2.187750e+00 -1.939877e+02 1.122361e+02 -4.033755e+02 -2.512302e+03
<VARIANCE> 6
 7.955461e+02 5.185571e+05 1.020808e+06 3.875586e+04 1.669341e+05 4.607186e+07
<GCONST> 8.493731e+01
<MIXTURE> 13 6.401759e-02
<MEAN> 6
 -3.271859e+01 -2.509892e+01 -2.089410e+02 4.744234e+01 4.878380e+02 -5.607373e+02
<VARIANCE> 6
 1.313882e+03 9.055457e+04 8.251092e+05 2.883033e+04 1.456940e+05 7.568789e+07
<GCONST> 8.354556e+01
<STATE> 3
<NUMMIXES> 13
<MIXTURE> 1 4.388607e-02
<MEAN> 6
 8.868890e+01 8.705429e+02 2.292780e+02 -1.477892e+00 -4.232215e+00 1.581030e+01
<VARIANCE> 6
 3.147899e+01 1.468454e+05 1.596790e+04 2.917190e+02 3.617517e+04 4.607186e+07
<GCONST> 6.986969e+01
<MIXTURE> 2 6.747425e-02
<MEAN> 6
 7.478036e+01 2.728764e+03 -1.150865e+02 -1.333001e+00 -5.460026e+00 -1.197060e+02
<VARIANCE> 6
 3.147899e+01 7.471274e+05 1.747822e+05 2.917190e+02 3.617517e+04 4.607186e+07
<GCONST> 7.388950e+01
<MIXTURE> 3 7.399818e-02
<MEAN> 6
 8.126851e+01 4.760111e+01 8.331035e+01 -1.469245e-01 -3.894044e+00 -7.554443e+01
<VARIANCE> 6
 5.908399e+01 3.418091e+04 1.596790e+04 2.917190e+02 3.617517e+04 4.607186e+07
<GCONST> 6.904161e+01
<MIXTURE> 4 6.011218e-02
<MEAN> 6
 8.387069e+01 -5.543494e+02 -5.410597e+02 -5.476384e-01 -7.497926e-01 -1.086924e+02
<VARIANCE> 6
 1.739790e+02 1.816599e+04 1.596790e+04 2.917190e+02 3.617517e+04 4.607186e+07
<GCONST> 6.948947e+01
<MIXTURE> 5 8.461536e-02
<MEAN> 6
 6.556426e+01 4.353274e+02 -1.238926e+01 5.280054e-01 6.590813e+00 -8.020766e+01
<VARIANCE> 6
 4.541090e+01 8.774445e+04 2.093441e+04 2.917190e+02 3.617517e+04 4.607186e+07
<GCONST> 6.999197e+01
<MIXTURE> 6 9.274986e-02
<MEAN> 6
 7.052551e+01 -2.681777e+02 2.416113e+02 2.546834e-01 3.500107e+00 -1.284663e+02
<VARIANCE> 6
 4.315630e+01 4.012559e+04 1.793140e+04 2.917190e+02 3.617517e+04 4.607186e+07
<GCONST> 6.900380e+01
<MIXTURE> 7 1.220012e-01
<MEAN> 6
 5.912723e+01 -8.585107e+01 -2.910024e+02 7.928981e-01 9.321143e-01 -1.396069e+02
<VARIANCE> 6
 5.765800e+01 1.139235e+05 1.596790e+04 2.917190e+02 3.617517e+04 4.607186e+07
<GCONST> 7.022104e+01
<MIXTURE> 8 9.780553e-02
<MEAN> 6
 6.765030e+01 -9.165721e+02 -1.547806e+02 -1.017271e+00 -2.974115e-03 -6.316761e+01
<VARIANCE> 6
 7.725862e+01 1.056158e+05 2.736634e+05 2.917190e+02 3.617517e+04 4.607186e+07
<GCONST> 7.327927e+01
<MIXTURE> 9 1.211008e-01
<MEAN> 6
 7.225126e+01 3.083869e+01 -2.262001e+02 -5.684850e-02 -3.024663e+00 -1.013996e+02
<VARIANCE> 6
 4.415309e+01 1.496847e+04 1.596790e+04 2.917190e+02 3.617517e+04 4.607186e+07
<GCONST> 6.792459e+01
<MIXTURE> 10 3.078386e-02
<MEAN> 6
 6.883101e+01 -7.104811e+03 1.336311e+03 -2.528706e+00 -4.054904e+00 -3.795650e+01
<VARIANCE> 6
 8.452795e+01 5.748437e+06 1.392661e+05 2.917190e+02 3.617517e+04 4.607186e+07
<GCONST> 7.669055e+01
<MIXTURE> 11 7.780251e-02
<MEAN> 6
 8.339635e+01 3.938935e+02 4.095749e+02 -2.213787e+00 -2.183716e+00 1.197416e+00
<VARIANCE> 6
 3.147899e+01 3.361514e+05 1.596790e+04 2.917190e+02 3.617517e+04 4.607186e+07
<GCONST> 7.069788e+01
<MIXTURE> 12 5.548581e-02
<MEAN> 6
 9.427340e+01 -1.409109e+03 -2.895212e+02 -4.148383e+00 -3.798900e+00 -7.197383e+01
<VARIANCE> 6
 9.610617e+01 4.526815e+06 8.119334e+04 2.917190e+02 3.617517e+04 4.607186e+07
<GCONST> 7.604047e+01
<MIXTURE> 13 7.197148e-02
<MEAN> 6
 8.035964e+01 -5.431787e+01 2.684422e+01 -8.193493e-01 -2.798442e+00 -5.857150e+01
<VARIANCE> 6
 6.137252e+01 5.910954e+04 1.596790e+04 2.917190e+02 3.617517e+04 4.607186e+07
<GCONST> 6.962733e+01
<STATE> 4
<NUMMIXES> 13
<MIXTURE> 1 5.594260e-03
<MEAN> 6
 2.267310e+01 -3.135270e+02 -1.346592e+01 4.283979e+00 -8.665881e+02 2.935595e+03
<VARIANCE> 6
 7.860130e+03 2.137263e+07 1.066130e+06 9.563590e+05 5.190868e+08 7.958105e+11
<GCONST> 1.119951e+02
<MIXTURE> 2 7.103285e-02
<MEAN> 6
 2.666653e+01 1.452601e+02 4.519482e+01 2.347595e+02 -1.069409e+01 -2.231228e+03
<VARIANCE> 6
 8.483495e+02 2.630691e+05 9.153117e+04 6.910556e+03 2.039056e+05 6.362043e+07
<GCONST> 8.070982e+01
<MIXTURE> 3 8.183005e-02
<MEAN> 6
 2.973092e+01 2.897431e+01 1.262197e+02 -2.779273e+02 -4.055836e+02 5.291521e+03
<VARIANCE> 6
 6.194759e+02 1.224209e+05 2.006708e+05 9.176798e+03 4.883628e+05 1.435766e+08
<GCONST> 8.238641e+01
<MIXTURE> 4 4.293357e-02
<MEAN> 6
 1.058666e+02 2.407026e+02 6.482275e+01 -6.584606e+00 -1.548551e+01 -2.354381e+02
<VARIANCE> 6
 1.915764e+02 6.021148e+06 3.760029e+05 2.917190e+02 3.617517e+04 4.607186e+07
<GCONST> 7.854832e+01
<MIXTURE> 5 5.991598e-02
<MEAN> 6
 3.682758e+01 6.426330e+01 -9.141685e+01 -3.452997e+01 -1.910111e+02 3.491000e+03
<VARIANCE> 6
 5.311420e+03 4.551012e+06 8.023689e+05 5.063838e+04 3.819418e+06 2.065903e+09
<GCONST> 9.596797e+01
<MIXTURE> 6 8.293247e-02
<MEAN> 6
 9.063780e+01 4.802699e+01 5.652097e+01 5.345283e-01 -5.612697e+02 -2.901204e+02
<VARIANCE> 6
 1.867008e+02 1.476196e+05 8.686860e+04 1.134552e+04 2.863674e+05 1.194613e+08
<GCONST> 8.003143e+01
<MIXTURE> 7 6.896041e-02
<MEAN> 6
 -2.723162e+01 2.411045e+01 1.001422e+01 -2.342183e+02 1.267253e+03 8.268356e+03
<VARIANCE> 6
 5.303498e+02 1.104000e+05 5.256920e+04 2.192791e+04 1.385123e+06 8.398276e+08
<GCONST> 8.446808e+01
<MIXTURE> 8 7.765444e-02
<MEAN> 6
 8.303941e+01 -4.064336e+01 2.353202e+01 4.487781e+01 -1.097238e+03 -4.011534e+03
<VARIANCE> 6
 6.942055e+02 1.603288e+05 5.922971e+04 4.622885e+04 1.785989e+06 9.236356e+08
<GCONST> 8.632486e+01
<MIXTURE> 9 1.154318e-01
<MEAN> 6
 -5.121818e+01 5.939056e+01 2.535377e+01 1.344791e+01 2.840101e+02 5.668174e+02
<VARIANCE> 6
 2.223971e+02 2.340888e+05 9.155877e+04 2.155549e+03 1.017174e+05 4.607186e+07
<GCONST> 7.707138e+01
<MIXTURE> 10 1.288570e-01
<MEAN> 6
 9.145406e+01 -8.538438e+01 -4.760874e+01 -3.921518e+00 -2.664851e+01 -2.258722e+02
<VARIANCE> 6
 2.643438e+02 2.320476e+05 8.716859e+04 2.917190e+02 3.617517e+04 4.607186e+07
<GCONST> 7.415244e+01
<MIXTURE> 11 1.137934e-01
<MEAN> 6
 -4.468974e+01 1.425798e+01 -8.479850e+00 6.828145e+01 1.084738e+03 -3.219199e+03
<VARIANCE> 6
 3.193882e+02 2.154832e+05 1.184523e+05 2.404547e+04 2.749398e+05 1.626190e+08
<GCONST> 8.227551e+01
<MIXTURE> 12 7.883748e-02
<MEAN> 6
 8.006555e+01 -7.114206e+01 -1.480186e+01 -5.085884e+01 -8.059022e+02 -1.582147e+03
<VARIANCE> 6
 3.026102e+02 2.795034e+05 1.109928e+05 2.467164e+04 2.132877e+05 5.620014e+07
<GCONST> 8.112593e+01
<MIXTURE> 13 7.135188e-02
<MEAN> 6
 1.678056e+01 1.717259e+01 -2.388534e+01 2.365011e+02 9.029036e+01 -3.606423e+03
<VARIANCE> 6
 8.219357e+02 1.974051e+05 5.414703e+04 7.682564e+03 2.041646e+05 5.834596e+07
<GCONST> 7.988669e+01
<TRANSP> 5
 0.000000e+00 1.000000e+00 0.000000e+00 0.000000e+00 0.000000e+00
 0.000000e+00 9.998256e-01 1.744315e-04 0.000000e+00 0.000000e+00
 0.000000e+00 0.000000e+00 9.996786e-01 3.213724e-04 0.000000e+00
 0.000000e+00 0.000000e+00 0.000000e+00 9.999447e-01 5.533088e-05
 0.000000e+00 0.000000e+00 0.000000e+00 0.000000e+00 0.000000e+00
<ENDHMM>
~h "SegundoESO"
<BEGINHMM>
<NUMSTATES> 5
<STATE> 2
<NUMMIXES> 13
<MIXTURE> 1 2.530822e-02
<MEAN> 6
 8.236704e+01 2.669247e+03 3.345674e+03 -1.570129e-01 -2.289170e+01 -8.890078e+01
<VARIANCE> 6
 1.451770e+02 6.088622e+07 4.402703e+07 2.917190e+02 3.617517e+04 4.607186e+07
<GCONST> 8.534768e+01
<MIXTURE> 2 3.857463e-02
<MEAN> 6
 6.032908e+01 1.628590e+03 7.142833e+02 3.079699e+01 -8.103182e+02 -2.830833e+02
<VARIANCE> 6
 1.978072e+03 3.187626e+07 1.466671e+07 4.350444e+04 1.249071e+06 6.181089e+08
<GCONST> 9.735631e+01
<MIXTURE> 3 9.367213e-02
<MEAN> 6
 4.284198e+01 6.819663e+02 -1.899583e+02 1.945515e+02 -3.229266e+02 -1.468250e+03
<VARIANCE> 6
 5.886832e+02 5.836048e+06 5.989416e+06 4.733530e+03 9.914280e+04 4.607186e+07
<GCONST> 8.620267e+01
<MIXTURE> 4 9.515412e-02
<MEAN> 6
 -5.025859e+01 2.789630e+02 1.012194e+03 -2.012262e+01 1.126602e+03 4.842805e+02
<VARIANCE> 6
 2.728990e+02 1.856730e+06 4.773046e+06 3.364875e+04 3.909637e+05 2.040164e+08
<GCONST> 8.888300e+01
<MIXTURE> 5 9.134118e-02
<MEAN> 6
 7.451579e+01 -8.651227e+01 1.238177e+03 5.565158e-01 -2.281142e+01 -6.304833e+01
<VARIANCE> 6
 3.147899e+01 1.900472e+06 1.478682e+06 2.917190e+02 3.617517e+04 4.607186e+07
<GCONST> 7.695850e+01
<MIXTURE> 6 7.718368e-02
<MEAN> 6
 -6.259464e+01 2.756231e+02 3.105049e+02 1.121845e+01 1.832371e+02 1.092141e+02
<VARIANCE> 6
 6.642276e+01 1.020418e+06 3.893522e+06 7.890733e+02 5.749417e+04 4.607186e+07
<GCONST> 7.950986e+01
<MIXTURE> 7 1.036775e-01
<MEAN> 6
 7.644852e+01 8.985823e+02 -2.493183e+03 -5.183642e-01 -1.482677e+01 -8.761822e+01
<VARIANCE> 6
 1.459651e+02 5.783612e+05 1.984272e+06 2.917190e+02 3.617517e+04 4.607186e+07
<GCONST> 7.759698e+01
<MIXTURE> 8 1.150579e-01
<MEAN> 6
 8.149653e+01 -2.150847e+02 3.740806e+02 -5.290765e+00 -5.440153e+02 -4.057267e+02
<VARIANCE> 6
 1.966283e+02 1.405315e+06 4.038776e+06 1.076601e+04 1.597643e+05 4.678530e+07
<GCONST> 8.460249e+01
<MIXTURE> 9 6.802988e-02
<MEAN> 6
 -1.925372e+01 7.277124e+02 -2.468598e+02 5.102122e+01 3.671585e+02 -2.058714e+03
<VARIANCE> 6
 3.330846e+02 2.939672e+06 4.548088e+06 3.674409e+04 9.761284e+04 4.607186e+07
<GCONST> 8.670589e+01
<MIXTURE> 10 8.502347e-02
<MEAN> 6
 8.694532e+01 -3.128970e+03 1.428578e+03 -7.017056e+00 -3.058713e+01 -1.920847e+02
<VARIANCE> 6
 1.128230e+02 5.848530e+06 5.522128e+06 2.917190e+02 3.617517e+04 4.607186e+07
<GCONST> 8.067670e+01
<MIXTURE> 11 8.020068e-02
<MEAN> 6
 3.591743e+01 -2.108293e+02 8.658063e+01 -2.371677e+02 -4.071902e+02 3.975834e+03
<VARIANCE> 6
 6.430881e+02 4.970896e+06 4.566023e+06 6.267677e+03 3.187012e+05 7.557198e+07
<GCONST> 8.780257e+01
<MIXTURE> 12 6.653557e-02
<MEAN> 6
 8.121535e+01 -1.351733e+02 -4.390972e+03 -2.999092e+00 -1.123819e+01 -7.857697e+01
<VARIANCE> 6
 2.367909e+02 3.271141e+05 1.339134e+07 2.917190e+02 3.617517e+04 4.607186e+07
<GCONST> 7.942026e+01
<MIXTURE> 13 5.996592e-02
<MEAN> 6
 -2.765504e+01 -9.804861e+02 3.020826e+01 -7.300450e+00 2.898652e+02 -1.460738e+02
<VARIANCE> 6
 4.339022e+02 8.680329e+06 1.413456e+06 2.532538e+04 8.860741e+04 4.607186e+07
<GCONST> 8.641544e+01
<STATE> 3
<NUMMIXES> 13
<MIXTURE> 1 5.642953e-02
<MEAN> 6
 8.485902e+01 -1.289956e+03 1.853901e+02 -1.355592e+00 -4.246855e+00 -9.735132e+01
<VARIANCE> 6
 3.147899e+01 2.797163e+05 9.075472e+04 2.917190e+02 3.617517e+04 4.607186e+07
<GCONST> 7.225166e+01
<MIXTURE> 2 6.959076e-02
<MEAN> 6
 7.615160e+01 1.708317e+02 3.938679e+02 -6.281042e-01 -3.772431e+00 -5.714122e+01
<VARIANCE> 6
 3.147899e+01 1.825118e+05 2.503181e+05 2.917190e+02 3.617517e+04 4.607186e+07
<GCONST> 7.283928e+01
<MIXTURE> 3 4.781915e-02
<MEAN> 6
 5.997252e+01 1.799155e+03 -2.838990e+02 5.186906e-01 -2.449721e+00 -1.562220e+02
<VARIANCE> 6
 3.147899e+01 9.033808e+05 1.596790e+04 2.917190e+02 3.617517e+04 4.607186e+07
<GCONST> 7.168645e+01
<MIXTURE> 4 1.275138e-01
<MEAN> 6
 7.108498e+01 1.495989e+02 3.058456e+02 -4.751498e-01 -3.243859e+00 -7.764123e+01
<VARIANCE> 6
 3.147899e+01 2.265163e+05 1.596790e+04 2.917190e+02 3.617517e+04 4.607186e+07
<GCONST> 7.030313e+01
<MIXTURE> 5 3.747632e-02
<MEAN> 6
 6.017461e+01 -2.186779e+03 -4.231159e+02 -7.050189e-01 -2.081619e+00 -7.602573e+01
<VARIANCE> 6
 4.057383e+01 1.442910e+05 5.073377e+04 2.917190e+02 3.617517e+04 4.607186e+07
<GCONST> 7.126195e+01
<MIXTURE> 6 7.565603e-02
<MEAN> 6
 6.155038e+01 6.199189e+02 -1.326828e+03 -8.055801e-01 -4.685955e+00 -9.174126e+01
<VARIANCE> 6
 3.147899e+01 4.082493e+05 1.662802e+05 2.917190e+02 3.617517e+04 4.607186e+07
<GCONST> 7.323528e+01
<MIXTURE> 7 7.233915e-02
<MEAN> 6
 5.982380e+01 4.367032e+02 2.820559e+01 3.230533e-01 1.117208e+00 -1.032506e+02
<VARIANCE> 6
 3.147899e+01 1.075714e+05 1.596790e+04 2.917190e+02 3.617517e+04 4.607186e+07
<GCONST> 6.955846e+01
<MIXTURE> 8 7.587454e-02
<MEAN> 6
 7.260110e+01 4.661980e+02 -4.985580e+02 -6.102058e-01 -5.765981e+00 -1.096131e+02
<VARIANCE> 6
 3.147899e+01 4.137498e+05 1.193106e+05 2.917190e+02 3.617517e+04 4.607186e+07
<GCONST> 7.291672e+01
<MIXTURE> 9 6.017559e-02
<MEAN> 6
 8.262894e+01 -7.440925e+02 1.148540e+02 -1.716680e-01 -3.791361e+00 -1.132667e+02
<VARIANCE> 6
 3.147899e+01 2.080774e+04 1.966388e+04 2.917190e+02 3.617517e+04 4.607186e+07
<GCONST> 6.812384e+01
<MIXTURE> 10 1.116301e-01
<MEAN> 6
 7.058400e+01 3.405470e+02 -3.695346e+02 -2.057629e-01 -6.605066e+00 -1.168603e+02
<VARIANCE> 6
 3.147899e+01 4.015953e+04 5.903588e+04 2.917190e+02 3.617517e+04 4.607186e+07
<GCONST> 6.988074e+01
<MIXTURE> 11 1.102757e-01
<MEAN> 6
 6.803831e+01 9.982433e+01 6.514447e+01 -4.153869e-01 -2.359467e+00 -9.967105e+01
<VARIANCE> 6
 3.147899e+01 9.826200e+05 1.596790e+04 2.917190e+02 3.617517e+04 4.607186e+07
<GCONST> 7.177052e+01
<MIXTURE> 12 8.561037e-02
<MEAN> 6
 5.992235e+01 7.991669e+00 -1.579571e+02 2.134871e-01 -1.301053e+00 -1.224631e+02
<VARIANCE> 6
 3.147899e+01 6.392227e+04 1.596790e+04 2.917190e+02 3.617517e+04 4.607186e+07
<GCONST> 6.903798e+01
<MIXTURE> 13 6.937334e-02
<MEAN> 6
 7.265715e+01 -1.230548e+02 7.734438e+00 -4.608034e-01 -3.578779e+00 -8.028954e+01
<VARIANCE> 6
 3.147899e+01 1.651797e+05 5.939381e+05 2.917190e+02 3.617517e+04 4.607186e+07
<GCONST> 7.360353e+01
<STATE> 4
<NUMMIXES> 13
<MIXTURE> 1 8.385098e-02
<MEAN> 6
 8.320063e+01 -4.013120e+01 9.562125e+01 -5.029421e+00 -3.020361e+01 1.340594e+02
<VARIANCE> 6
 2.042113e+02 1.829930e+06 1.172204e+06 2.917190e+02 3.617517e+04 4.607186e+07
<GCONST> 7.855824e+01
<MIXTURE> 2 3.151209e-02
<MEAN> 6
 2.274517e+01 -1.969021e+02 7.630180e+01 -1.067582e+02 -1.055237e+02 6.456983e+03
<VARIANCE> 6
 3.040141e+03 4.421320e+06 2.505148e+06 5.488317e+04 3.005887e+06 1.111230e+09
<GCONST> 9.574051e+01
<MIXTURE> 3 5.961395e-02
<MEAN> 6
 -4.176768e+01 2.232083e+02 9.648993e+01 8.346341e+00 1.115911e+03 2.024118e+03
<VARIANCE> 6
 1.650379e+02 5.976075e+05 2.605195e+05 3.199556e+04 2.437024e+05 1.903728e+08
<GCONST> 8.374611e+01
<MIXTURE> 4 1.141821e-01
<MEAN> 6
 2.636749e+01 1.828902e+02 7.758495e+01 1.864927e+02 -1.646821e+02 -2.259697e+03
<VARIANCE> 6
 4.826788e+02 6.761841e+05 3.760028e+05 6.504821e+03 9.552828e+04 4.607186e+07
<GCONST> 8.136137e+01
<MIXTURE> 5 1.018802e-01
<MEAN> 6
 6.839616e+00 -4.233425e+01 1.061126e+02 -2.304916e+02 2.883089e+00 5.130451e+03
<VARIANCE> 6
 5.194723e+02 6.975179e+05 3.147033e+05 6.038330e+03 2.083631e+05 1.402897e+08
<GCONST> 8.310689e+01
<MIXTURE> 6 7.937697e-02
<MEAN> 6
 8.024799e+01 -3.625206e+00 1.529744e+01 2.812214e+01 -8.912746e+02 -2.157271e+03
<VARIANCE> 6
 2.512963e+02 9.665347e+05 5.736446e+05 1.640262e+04 4.343080e+05 2.287682e+08
<GCONST> 8.553006e+01
<MIXTURE> 7 6.613556e-02
<MEAN> 6
 -1.436413e+01 1.137822e+02 6.110963e+00 6.301717e+01 2.353902e+02 -1.003971e+03
<VARIANCE> 6
 2.682345e+02 2.783418e+05 6.240711e+04 1.742700e+04 8.348137e+04 4.607186e+07
<GCONST> 7.894104e+01
<MIXTURE> 8 7.726862e-02
<MEAN> 6
 -5.266110e+01 4.785630e+01 3.322155e+01 2.184607e+01 3.297393e+02 1.815839e+01
<VARIANCE> 6
 1.844604e+02 3.267105e+05 3.852542e+05 1.018425e+03 9.331442e+04 4.607186e+07
<GCONST> 7.781863e+01
<MIXTURE> 9 1.072013e-01
<MEAN> 6
 5.789544e+01 -3.098325e+00 -8.914882e+00 8.496352e+00 -4.201704e+02 -2.342541e+02
<VARIANCE> 6
 2.358834e+02 1.350482e+05 4.408980e+04 1.855675e+04 9.664923e+04 4.607186e+07
<GCONST> 7.795112e+01
<MIXTURE> 10 8.270786e-02
<MEAN> 6
 7.591947e+01 -6.581635e+01 4.537844e+01 -4.694933e+00 -3.985989e+01 -1.509787e+02
<VARIANCE> 6
 1.160585e+02 4.039245e+05 1.104071e+05 2.917190e+02 3.617517e+04 4.607186e+07
<GCONST> 7.411990e+01
<MIXTURE> 11 7.490982e-02
<MEAN> 6
 6.335601e+01 -5.056857e+02 1.624093e+02 -8.395720e+01 -7.100637e+02 1.349917e+03
<VARIANCE> 6
 2.505683e+02 1.941434e+06 2.368887e+05 1.721971e+04 1.597260e+05 4.607186e+07
<GCONST> 8.278602e+01
<MIXTURE> 12 6.223683e-02
<MEAN> 6
 -1.893312e+01 -5.716740e+01 -6.900925e+00 5.208912e+01 3.126500e+02 -3.804751e+03
<VARIANCE> 6
 2.497699e+02 1.015109e+05 5.719420e+04 2.721353e+04 1.565216e+05 9.332157e+07
<GCONST> 7.955391e+01
<MIXTURE> 13 5.822744e-02
<MEAN> 6
 -5.090143e+01 7.001897e+00 -5.826549e+01 1.068005e+00 1.210580e+03 -2.880600e+03
<VARIANCE> 6
 1.689599e+02 5.427228e+05 4.164304e+05 1.808520e+04 3.303370e+05 1.909972e+08
<GCONST> 8.387924e+01
<TRANSP> 5
 0.000000e+00 1.000000e+00 0.000000e+00 0.000000e+00 0.000000e+00
 0.000000e+00 9.998440e-01 1.560592e-04 0.000000e+00 0.000000e+00
 0.000000e+00 0.000000e+00 9.997242e-01 2.758433e-04 0.000000e+00
 0.000000e+00 0.000000e+00 0.000000e+00 9.999427e-01 5.734696e-05
 0.000000e+00 0.000000e+00 0.000000e+00 0.000000e+00 0.000000e+00
<ENDHMM>
~h "QuintoPRIMARIA"
<BEGINHMM>
<NUMSTATES> 5
<STATE> 2
<NUMMIXES> 13
<MIXTURE> 1 9.801491e-02
<MEAN> 6
 7.639930e+01 3.488748e+01 1.361862e+02 -7.785023e+00 -2.819496e+01 -4.247162e+02
<VARIANCE> 6
 1.375300e+02 4.570892e+04 5.884655e+04 2.917190e+02 3.617517e+04 4.607186e+07
<GCONST> 7.148148e+01
<MIXTURE> 2 1.522267e-02
<MEAN> 6
 2.708958e+01 -5.356111e+02 -4.015864e+02 -8.943385e+01 -3.872558e+02 5.415202e+03
<VARIANCE> 6
 2.313788e+03 1.795703e+06 3.747851e+06 5.352637e+04 2.242531e+06 8.158687e+08
<GCONST> 9.434232e+01
<MIXTURE> 3 8.393699e-02
<MEAN> 6
 6.925507e+01 1.113800e+02 -2.767446e+01 2.389909e+01 -4.713080e+02 -4.260144e+02
<VARIANCE> 6
 3.108920e+02 1.569273e+05 6.540929e+04 2.245342e+04 1.379480e+05 4.607186e+07
<GCONST> 7.931821e+01
<MIXTURE> 4 5.916845e-02
<MEAN> 6
 -3.337969e+01 1.352611e+01 2.218707e+02 1.748986e+02 9.400643e+02 -4.852147e+03
<VARIANCE> 6
 4.645953e+02 2.351464e+05 3.261133e+05 1.520780e+04 3.206768e+05 1.189272e+08
<GCONST> 8.313316e+01
<MIXTURE> 5 6.938111e-02
<MEAN> 6
 -5.305338e+01 3.379057e+01 1.637742e+01 1.638697e+01 1.537369e+02 8.688216e+01
<VARIANCE> 6
 2.053144e+02 1.093574e+05 1.070224e+05 4.871754e+02 4.785308e+04 4.607186e+07
<GCONST> 7.414520e+01
<MIXTURE> 6 6.557128e-02
<MEAN> 6
 8.973130e+01 3.424619e+01 -6.000622e+01 3.049512e+01 -1.079591e+03 -3.167838e+02
<VARIANCE> 6
 1.338922e+02 4.494196e+05 1.665289e+05 1.528291e+04 1.115122e+06 6.290152e+08
<GCONST> 8.478156e+01
<MIXTURE> 7 8.177196e-02
<MEAN> 6
 7.392523e+01 -1.424889e+01 -5.812982e+01 -2.980628e+00 -1.819647e+01 -2.115081e+02
<VARIANCE> 6
 3.147899e+01 4.277062e+05 2.353549e+05 2.917190e+02 3.617517e+04 4.607186e+07
<GCONST> 7.362926e+01
<MIXTURE> 8 6.724582e-02
<MEAN> 6
 -3.531720e+01 -8.113659e+01 -2.279550e+01 -2.100645e+02 1.135732e+03 6.918954e+03
<VARIANCE> 6
 4.300794e+02 1.048350e+05 1.624195e+05 1.122226e+04 1.010477e+06 6.103338e+08
<GCONST> 8.403042e+01
<MIXTURE> 9 1.046120e-01
<MEAN> 6
 1.788699e+01 -2.111413e+01 1.088252e+01 7.116426e+01 -2.520475e+01 -1.463267e+03
<VARIANCE> 6
 6.400461e+02 7.343204e+04 6.475601e+04 3.738022e+04 1.033935e+05 4.607186e+07
<GCONST> 7.949221e+01
<MIXTURE> 10 9.700890e-02
<MEAN> 6
 6.188635e+01 1.084658e+01 -1.141640e+02 -2.197398e-01 -1.323764e+01 -1.069093e+02
<VARIANCE> 6
 3.147899e+01 2.913541e+04 1.227872e+05 2.917190e+02 3.617517e+04 4.607186e+07
<GCONST> 7.029213e+01
<MIXTURE> 11 8.544867e-02
<MEAN> 6
 1.972395e+01 -1.915243e+01 -1.437959e+01 -6.391853e+01 -3.331199e+02 1.453831e+03
<VARIANCE> 6
 4.508181e+02 9.965779e+04 1.867378e+05 7.025508e+04 4.736953e+05 2.601517e+08
<GCONST> 8.439027e+01
<MIXTURE> 12 9.107248e-02
<MEAN> 6
 -4.811547e+01 -2.773565e+01 1.889725e+01 3.744196e+01 7.943774e+02 -3.805535e+02
<VARIANCE> 6
 2.275653e+02 8.421852e+04 6.156815e+04 1.206360e+04 1.269842e+05 6.294030e+07
<GCONST> 7.793124e+01
<MIXTURE> 13 8.095437e-02
<MEAN> 6
 6.282810e+01 5.670306e+01 -6.003632e+01 -5.015073e+01 -7.745881e+02 -9.804570e+02
<VARIANCE> 6
 2.457894e+02 1.454746e+05 1.601602e+05 2.808198e+04 2.201362e+05 5.008722e+07
<GCONST> 8.067759e+01
<STATE> 3
<NUMMIXES> 13
<MIXTURE> 1 9.310966e-02
<MEAN> 6
 7.730723e+01 2.082149e+02 3.279248e+03 -2.006375e-01 -3.435339e+00 -8.379417e+01
<VARIANCE> 6
 6.326482e+01 1.563821e+05 6.968923e+05 2.917190e+02 3.617517e+04 4.607186e+07
<GCONST> 7.440666e+01
<MIXTURE> 2 7.720959e-02
<MEAN> 6
 6.566428e+01 1.205361e+03 -7.474718e+02 -1.827732e-01 -1.735487e+00 -8.042481e+01
<VARIANCE> 6
 3.147899e+01 1.588022e+05 1.161869e+05 2.917190e+02 3.617517e+04 4.607186e+07
<GCONST> 7.193259e+01
<MIXTURE> 3 4.769504e-02
<MEAN> 6
 9.208715e+01 -1.818474e+02 2.797166e+01 -6.168014e+00 1.147926e+01 9.417486e+01
<VARIANCE> 6
 7.531578e+01 5.349029e+04 1.596790e+04 2.917190e+02 3.617517e+04 4.607186e+07
<GCONST> 6.973218e+01
<MIXTURE> 4 7.995974e-02
<MEAN> 6
 6.207435e+01 -3.204780e+03 -5.220894e+03 6.769931e-01 -6.884077e+00 -6.987941e+01
<VARIANCE> 6
 3.147899e+01 1.648413e+07 7.629632e+06 2.917190e+02 3.617517e+04 4.607186e+07
<GCONST> 8.075967e+01
<MIXTURE> 5 1.021214e-01
<MEAN> 6
 7.322832e+01 -4.119071e+02 3.233336e+02 -1.565639e+00 -3.499964e+00 -2.431931e+01
<VARIANCE> 6
 3.795926e+01 1.496847e+04 4.273328e+05 2.917190e+02 3.617517e+04 4.607186e+07
<GCONST> 7.106042e+01
<MIXTURE> 6 6.475408e-02
<MEAN> 6
 6.711275e+01 -6.211688e+02 -1.076532e+03 8.931282e-01 -4.986948e+00 -8.184812e+01
<VARIANCE> 6
 8.140875e+01 1.137683e+05 7.117458e+05 2.917190e+02 3.617517e+04 4.607186e+07
<GCONST> 7.436177e+01
<MIXTURE> 7 8.898997e-02
<MEAN> 6
 6.079889e+01 3.652745e+02 -3.140433e+03 1.056845e-01 -5.728923e+00 -1.123584e+02
<VARIANCE> 6
 3.147899e+01 9.855163e+04 9.188098e+05 2.917190e+02 3.617517e+04 4.607186e+07
<GCONST> 7.352339e+01
<MIXTURE> 8 7.266212e-02
<MEAN> 6
 8.938742e+01 1.153190e+03 -2.763610e+02 -3.224271e+00 -4.040073e+00 -2.810783e+01
<VARIANCE> 6
 5.992314e+01 1.584456e+06 3.802645e+04 2.917190e+02 3.617517e+04 4.607186e+07
<GCONST> 7.375975e+01
<MIXTURE> 9 8.360319e-02
<MEAN> 6
 7.654325e+01 -7.300134e+02 7.727891e+01 -1.726976e+00 3.637092e-02 -8.107435e+01
<VARIANCE> 6
 3.147899e+01 8.063638e+04 2.436126e+04 2.917190e+02 3.617517e+04 4.607186e+07
<GCONST> 6.969267e+01
<MIXTURE> 10 5.504984e-02
<MEAN> 6
 7.960349e+01 5.069047e+02 -1.370070e+03 -1.840983e+00 2.813498e+00 -5.721264e+01
<VARIANCE> 6
 2.445677e+02 7.632336e+04 7.854761e+04 2.917190e+02 3.617517e+04 4.607186e+07
<GCONST> 7.285858e+01
<MIXTURE> 11 1.008682e-01
<MEAN> 6
 8.256130e+01 1.495869e+02 -2.912612e+02 -2.183666e+00 1.184024e+00 -3.507652e+01
<VARIANCE> 6
 3.147899e+01 1.404528e+05 1.596790e+04 2.917190e+02 3.617517e+04 4.607186e+07
<GCONST> 6.982518e+01
<MIXTURE> 12 6.990329e-02
<MEAN> 6
 8.616921e+01 -1.401227e+02 4.410162e+01 -3.556983e+00 7.390951e+00 -5.687402e+01
<VARIANCE> 6
 3.147899e+01 2.510368e+04 1.596790e+04 2.917190e+02 3.617517e+04 4.607186e+07
<GCONST> 6.810332e+01
<MIXTURE> 13 6.389259e-02
<MEAN> 6
 6.055793e+01 -9.592646e+02 -2.244295e+02 -3.396904e-02 -5.044205e-01 -8.113945e+01
<VARIANCE> 6
 1.172151e+02 1.407478e+05 6.080363e+05 2.917190e+02 3.617517e+04 4.607186e+07
<GCONST> 7.478162e+01
<STATE> 4
<NUMMIXES> 13
<MIXTURE> 1 1.131845e-01
<MEAN> 6
 8.427788e+01 2.649119e+02 9.446057e+02 -3.559097e+00 -1.620644e+01 -8.651385e+01
<VARIANCE> 6
 2.850202e+02 3.971000e+06 2.717978e+06 2.917190e+02 3.617517e+04 4.607186e+07
<GCONST> 8.050739e+01
<MIXTURE> 2 1.313551e-02
<MEAN> 6
 -7.273005e+00 1.664121e+02 1.080428e+02 -2.057290e+01 7.212862e+01 7.338755e+03
<VARIANCE> 6
 1.178063e+04 1.842307e+05 3.989342e+05 2.127174e+06 1.165776e+09 1.714417e+12
<GCONST> 1.090390e+02
<MIXTURE> 3 9.403925e-02
<MEAN> 6
 3.262588e+01 4.171328e+02 -3.560307e+02 -1.792470e+02 -4.297827e+02 5.305571e+03
<VARIANCE> 6
 1.682011e+03 2.799805e+06 8.982499e+06 3.135909e+04 6.435950e+05 2.036158e+08
<GCONST> 9.217068e+01
<MIXTURE> 4 9.816790e-02
<MEAN> 6
 -3.788627e+01 -1.882511e+02 2.039332e+02 1.539629e+02 6.837859e+02 -2.281448e+03
<VARIANCE> 6
 3.894324e+02 1.351071e+06 1.165549e+06 1.236349e+04 1.513479e+05 4.607186e+07
<GCONST> 8.407262e+01
<MIXTURE> 5 8.827101e-02
<MEAN> 6
 5.018148e+01 -1.464400e+02 3.648112e+02 1.638983e+02 -4.253589e+02 -1.184227e+03
<VARIANCE> 6
 5.917520e+02 1.199449e+06 3.036232e+06 1.236139e+04 1.252234e+05 4.607186e+07
<GCONST> 8.513976e+01
<MIXTURE> 6 5.321616e-02
<MEAN> 6
 2.367852e+01 -1.989988e+02 -2.819675e+02 4.794403e+00 -3.609092e+02 -1.599400e+03
<VARIANCE> 6
 5.491838e+03 3.158261e+06 1.874482e+06 6.523314e+04 5.234248e+06 3.697791e+09
<GCONST> 9.763512e+01
<MIXTURE> 7 6.114290e-02
<MEAN> 6
 8.701669e+01 2.373320e+02 1.096102e+02 -1.549243e+00 -4.260120e+02 -6.492875e+02
<VARIANCE> 6
 1.634064e+02 7.967859e+05 3.781347e+05 1.000554e+04 6.248535e+05 3.259189e+08
<GCONST> 8.471318e+01
<MIXTURE> 8 8.306590e-02
<MEAN> 6
 8.971691e+01 4.289490e+02 2.351510e+02 -4.018723e+00 -2.598276e+01 -1.016712e+02
<VARIANCE> 6
 1.175473e+02 3.065468e+05 2.659429e+06 2.917190e+02 3.617517e+04 4.607186e+07
<GCONST> 7.703848e+01
<MIXTURE> 9 8.361725e-02
<MEAN> 6
 -6.620680e+01 1.563188e+02 -5.353894e+01 5.494728e+00 2.224799e+02 4.057669e+02
<VARIANCE> 6
 1.671202e+02 1.019041e+06 1.776313e+06 8.768190e+02 8.729953e+04 4.607186e+07
<GCONST> 8.016951e+01
<MIXTURE> 10 7.078768e-02
<MEAN> 6
 7.782008e+01 -9.042352e+00 1.310795e+02 -2.311359e-01 -1.342918e+01 -2.609685e+02
<VARIANCE> 6
 3.173605e+02 3.961759e+05 1.672915e+05 2.917190e+02 3.617517e+04 4.607186e+07
<GCONST> 7.552203e+01
<MIXTURE> 11 8.388012e-02
<MEAN> 6
 -5.303391e+01 -2.144125e+02 -1.850036e+02 -8.243803e+01 1.262446e+03 1.359915e+03
<VARIANCE> 6
 3.208123e+02 6.869358e+05 3.034494e+06 2.794759e+04 7.178823e+05 4.031315e+08
<GCONST> 8.870059e+01
<MIXTURE> 12 9.199864e-02
<MEAN> 6
 1.863262e+01 -2.897681e+02 1.754395e+02 3.267549e+00 -1.016578e+02 -1.640112e+03
<VARIANCE> 6
 6.498105e+02 3.480935e+05 7.850448e+05 5.266634e+04 1.573416e+05 7.744070e+07
<GCONST> 8.484060e+01
<MIXTURE> 13 6.471065e-02
<MEAN> 6
 7.419881e+01 -8.682346e+01 -1.512578e+02 -7.834392e+01 -8.342946e+02 -1.282092e+03
<VARIANCE> 6
 2.350352e+02 6.910995e+05 6.146972e+05 1.869827e+04 2.366256e+05 8.691403e+07
<GCONST> 8.375278e+01
<TRANSP> 5
 0.000000e+00 1.000000e+00 0.000000e+00 0.000000e+00 0.000000e+00
 0.000000e+00 9.999100e-01 8.999806e-05 0.000000e+00 0.000000e+00
 0.000000e+00 0.000000e+00 9.996579e-01 3.421184e-04 0.000000e+00
 0.000000e+00 0.000000e+00 0.000000e+00 9.999278e-01 7.217905e-05
 0.000000e+00 0.000000e+00 0.000000e+00 0.000000e+00 0.000000e+00
<ENDHMM>
