~o
<STREAMINFO> 1 6
<VECSIZE> 6<NULLD><USER><DIAGC>
~h "SegundoPRIMARIA"
<BEGINHMM>
<NUMSTATES> 8
<STATE> 2
<NUMMIXES> 5
<MIXTURE> 1 2.926079e-01
<MEAN> 6
 7.965051e+01 4.113840e+01 6.335355e+01 -9.995340e-01 -2.792812e+01 -2.176514e+02
<VARIANCE> 6
 3.254215e+02 4.997455e+05 1.869254e+06 2.940807e+02 3.743564e+04 4.829342e+07
<GCONST> 7.828233e+01
<MIXTURE> 2 1.402988e-01
<MEAN> 6
 8.432821e-01 -2.009829e+00 -1.057266e+01 -1.103113e+02 3.866536e+02 3.312854e+03
<VARIANCE> 6
 3.452205e+03 4.194098e+05 1.722526e+06 7.100702e+04 2.811795e+06 1.045008e+09
<GCONST> 9.326710e+01
<MIXTURE> 3 1.277596e-01
<MEAN> 6
 -2.482981e+01 1.210739e+01 -3.502906e+01 1.041348e+02 5.161105e+02 -2.148840e+03
<VARIANCE> 6
 1.278242e+03 2.375154e+05 3.813296e+05 3.664522e+04 3.692132e+05 6.595694e+07
<GCONST> 8.474260e+01
<MIXTURE> 4 2.744498e-01
<MEAN> 6
 6.981085e+01 -1.079136e+02 8.413394e+01 3.836474e+00 -6.701868e+02 -6.809664e+02
<VARIANCE> 6
 9.175509e+02 4.218672e+05 1.013303e+06 3.927186e+04 3.906302e+05 1.191726e+08
<GCONST> 8.668001e+01
<MIXTURE> 5 1.646680e-01
<MEAN> 6
 -5.983907e+01 -8.519599e+00 -1.777852e+02 1.197872e+01 4.404315e+02 3.282289e+02
<VARIANCE> 6
 4.174260e+02 2.147075e+05 1.236793e+06 9.773744e+03 1.690107e+05 5.981252e+07
<GCONST> 8.249833e+01
<STATE> 3
<NUMMIXES> 5
<MIXTURE> 1 1.630344e-01
<MEAN> 6
 9.045757e+01 3.626346e+02 2.634836e+02 -1.478863e+00 -3.786745e+00 5.970645e+00
<VARIANCE> 6
 3.163787e+01 7.371184e+04 2.517498e+04 2.940807e+02 3.743564e+04 4.829342e+07
<GCONST> 6.973018e+01
<MIXTURE> 2 1.809652e-01
<MEAN> 6
 9.031720e+01 -1.060011e+02 -1.524748e+02 -2.073072e+00 1.543933e+00 -1.071303e+02
<VARIANCE> 6
 3.912605e+01 3.898271e+04 2.065379e+05 2.940807e+02 3.743564e+04 4.829342e+07
<GCONST> 7.141020e+01
<MIXTURE> 3 2.645810e-01
<MEAN> 6
 9.505129e+01 -9.945271e+01 4.926013e+02 -3.011998e+00 -8.659273e-01 -2.069775e+01
<VARIANCE> 6
 3.781960e+01 8.135412e+04 2.149288e+05 2.940807e+02 3.743564e+04 4.829342e+07
<GCONST> 7.215175e+01
<MIXTURE> 4 2.317570e-01
<MEAN> 6
 9.366454e+01 -3.904727e+02 -5.468389e+02 -5.338090e-01 -2.564114e+00 -4.867246e+01
<VARIANCE> 6
 3.163787e+01 4.261322e+04 1.373229e+04 2.940807e+02 3.743564e+04 4.829342e+07
<GCONST> 6.857608e+01
<MIXTURE> 5 1.596565e-01
<MEAN> 6
 8.945445e+01 1.250318e+02 2.242391e+02 -1.301059e+00 8.977872e-01 -1.060346e+02
<VARIANCE> 6
 3.163787e+01 4.357805e+04 3.176707e+04 2.940807e+02 3.743564e+04 4.829342e+07
<GCONST> 6.943715e+01
<STATE> 4
<NUMMIXES> 5
<MIXTURE> 1 1.646400e-01
<MEAN> 6
 7.779380e+01 1.155164e+02 -1.204977e+02 -2.278705e-01 -9.748024e+00 -5.169801e+01
<VARIANCE> 6
 3.163787e+01 1.451396e+04 3.211550e+04 2.940807e+02 3.743564e+04 4.829342e+07
<GCONST> 6.834862e+01
<MIXTURE> 2 2.915411e-01
<MEAN> 6
 7.104234e+01 -1.160803e+02 9.534370e+01 1.915951e-01 4.282008e+00 -1.089644e+02
<VARIANCE> 6
 3.163787e+01 3.297918e+04 1.461274e+04 2.940807e+02 3.743564e+04 4.829342e+07
<GCONST> 6.838194e+01
<MIXTURE> 3 1.337732e-01
<MEAN> 6
 7.288904e+01 7.094439e+01 -2.081849e+02 2.415745e-01 -1.049179e+00 -1.218429e+02
<VARIANCE> 6
 3.939174e+01 1.276023e+04 4.474652e+04 2.940807e+02 3.743564e+04 4.829342e+07
<GCONST> 6.877072e+01
<MIXTURE> 4 2.134203e-01
<MEAN> 6
 6.660594e+01 -1.746842e+01 -2.538441e+02 9.370688e-01 6.336908e+00 -9.474352e+01
<VARIANCE> 6
 3.163787e+01 1.276023e+04 1.463355e+04 2.940807e+02 3.743564e+04 4.829342e+07
<GCONST> 6.743382e+01
<MIXTURE> 5 1.965941e-01
<MEAN> 6
 7.455528e+01 6.846719e+01 -3.206524e+02 -1.371262e-01 -3.368803e+00 -1.272666e+02
<VARIANCE> 6
 3.163787e+01 1.276023e+04 1.601085e+04 2.940807e+02 3.743564e+04 4.829342e+07
<GCONST> 6.752376e+01
<STATE> 5
<NUMMIXES> 5
<MIXTURE> 1 1.924243e-01
<MEAN> 6
 6.820952e+01 9.682626e+01 3.966644e+02 6.431459e-01 2.558146e+00 -1.482122e+02
<VARIANCE> 6
 3.163787e+01 5.524842e+05 5.959051e+04 2.940807e+02 3.743564e+04 4.829342e+07
<GCONST> 7.260608e+01
<MIXTURE> 2 2.988955e-01
<MEAN> 6
 6.832230e+01 -7.396544e+02 -3.762674e+02 -1.349645e+00 -7.664804e+00 -1.547259e+01
<VARIANCE> 6
 5.260549e+01 1.150790e+05 1.124315e+05 2.940807e+02 3.743564e+04 4.829342e+07
<GCONST> 7.218060e+01
<MIXTURE> 3 2.304482e-01
<MEAN> 6
 5.824992e+01 4.018921e+00 -1.988708e+02 6.095817e-01 -2.052798e+00 -1.861441e+02
<VARIANCE> 6
 3.163787e+01 2.867491e+05 1.855817e+04 2.940807e+02 3.743564e+04 4.829342e+07
<GCONST> 7.078369e+01
<MIXTURE> 4 1.575278e-01
<MEAN> 6
 6.837880e+01 -9.130598e+01 -9.427268e+02 -6.485375e-01 -8.424780e+00 -9.326379e+01
<VARIANCE> 6
 3.163787e+01 4.527903e+04 4.759717e+04 2.940807e+02 3.743564e+04 4.829342e+07
<GCONST> 6.987979e+01
<MIXTURE> 5 1.206519e-01
<MEAN> 6
 6.836093e+01 -1.804119e+02 -9.093162e+02 -5.017274e-01 -8.472318e+00 -4.341734e+01
<VARIANCE> 6
 3.163787e+01 1.176914e+05 5.716962e+04 2.940807e+02 3.743564e+04 4.829342e+07
<GCONST> 7.101825e+01
<STATE> 6
<NUMMIXES> 5
<MIXTURE> 1 1.520507e-01
<MEAN> 6
 1.110709e+02 -1.637702e+02 1.926370e+03 -2.705685e+00 -4.897797e+00 -2.157782e+01
<VARIANCE> 6
 2.815669e+02 1.666156e+05 2.236712e+05 2.940807e+02 3.743564e+04 4.829342e+07
<GCONST> 7.491605e+01
<MIXTURE> 2 3.021960e-01
<MEAN> 6
 1.044988e+02 -1.462357e+03 4.059268e+02 -4.851983e+00 -6.916177e-01 -7.117096e+01
<VARIANCE> 6
 1.894046e+02 3.536644e+06 3.165634e+05 2.940807e+02 3.743564e+04 4.829342e+07
<GCONST> 7.792215e+01
<MIXTURE> 3 2.966657e-01
<MEAN> 6
 8.090282e+01 7.124750e+02 -5.697380e+02 -1.013303e+00 -3.671750e+00 -6.616146e+01
<VARIANCE> 6
 3.163787e+01 1.826060e+06 9.815442e+04 2.940807e+02 3.743564e+04 4.829342e+07
<GCONST> 7.430063e+01
<MIXTURE> 4 1.661159e-01
<MEAN> 6
 8.716403e+01 5.317270e+02 -2.233833e+03 -2.558281e+00 -6.085069e+00 8.428312e+01
<VARIANCE> 6
 4.691401e+01 3.863004e+05 6.385856e+05 2.940807e+02 3.743564e+04 4.829342e+07
<GCONST> 7.501399e+01
<MIXTURE> 5 8.296499e-02
<MEAN> 6
 7.523882e+01 -8.919815e+03 1.476410e+03 -2.585784e+00 -6.849250e+00 -5.997709e+01
<VARIANCE> 6
 3.163787e+01 4.768928e+04 1.773235e+05 2.940807e+02 3.743564e+04 4.829342e+07
<GCONST> 7.124684e+01
<STATE> 7
<NUMMIXES> 5
<MIXTURE> 1 3.475467e-02
<MEAN> 6
 3.488760e+01 8.171660e+02 -2.133574e+02 -2.441681e+01 -4.666677e+02 3.813603e+03
<VARIANCE> 6
 6.423765e+03 1.720358e+07 1.699128e+06 2.403122e+05 1.077524e+08 1.610834e+11
<GCONST> 1.074915e+02
<MIXTURE> 2 3.079027e-01
<MEAN> 6
 -2.493258e+01 1.371161e+02 4.130970e+01 8.025245e+01 4.145859e+02 -9.711663e+02
<VARIANCE> 6
 1.259690e+03 2.030375e+05 1.087663e+05 2.228904e+04 2.367836e+05 4.829342e+07
<GCONST> 8.206354e+01
<MIXTURE> 3 1.643327e-01
<MEAN> 6
 3.703163e+01 7.414864e+01 1.315174e+02 -3.848199e+01 -2.526538e+02 7.320068e+00
<VARIANCE> 6
 3.059665e+03 1.567582e+05 2.255480e+05 6.647083e+04 2.078895e+06 7.982129e+08
<GCONST> 8.949182e+01
<MIXTURE> 4 3.323778e-01
<MEAN> 6
 9.098190e+01 -1.518848e+01 6.099747e+00 -4.352067e+00 -3.161079e+02 -5.181145e+02
<VARIANCE> 6
 2.834937e+02 3.708776e+05 1.281688e+05 1.031589e+04 2.201033e+05 4.829342e+07
<GCONST> 8.049529e+01
<MIXTURE> 5 1.600950e-01
<MEAN> 6
 1.507994e+01 -4.214092e+01 -1.437248e+01 -9.688711e+01 2.189454e+02 2.215295e+03
<VARIANCE> 6
 3.045726e+03 1.376660e+05 8.043677e+04 5.894865e+04 2.184373e+06 5.001602e+08
<GCONST> 8.778827e+01
<TRANSP> 8
 0.000000e+00 1.000000e+00 0.000000e+00 0.000000e+00 0.000000e+00 0.000000e+00 0.000000e+00 0.000000e+00
 0.000000e+00 9.998755e-01 1.244665e-04 0.000000e+00 0.000000e+00 0.000000e+00 0.000000e+00 0.000000e+00
 0.000000e+00 0.000000e+00 9.986339e-01 1.366137e-03 0.000000e+00 0.000000e+00 0.000000e+00 0.000000e+00
 0.000000e+00 0.000000e+00 0.000000e+00 9.989458e-01 1.054108e-03 0.000000e+00 0.000000e+00 0.000000e+00
 0.000000e+00 0.000000e+00 0.000000e+00 0.000000e+00 9.990677e-01 9.322268e-04 0.000000e+00 0.000000e+00
 0.000000e+00 0.000000e+00 0.000000e+00 0.000000e+00 0.000000e+00 9.985921e-01 1.407907e-03 0.000000e+00
 0.000000e+00 0.000000e+00 0.000000e+00 0.000000e+00 0.000000e+00 0.000000e+00 9.999341e-01 6.585083e-05
 0.000000e+00 0.000000e+00 0.000000e+00 0.000000e+00 0.000000e+00 0.000000e+00 0.000000e+00 0.000000e+00
<ENDHMM>
~h "SegundoESO"
<BEGINHMM>
<NUMSTATES> 8
<STATE> 2
<NUMMIXES> 5
<MIXTURE> 1 2.103076e-01
<MEAN> 6
 8.284929e+01 -5.126801e+02 4.159272e+03 -1.514364e-01 -1.070698e+01 -6.449864e+01
<VARIANCE> 6
 1.056924e+02 4.858723e+07 3.573424e+07 7.111393e+02 3.743564e+04 4.829342e+07
<GCONST> 8.556834e+01
<MIXTURE> 2 2.303900e-01
<MEAN> 6
 5.847775e+01 1.274232e+03 -4.137526e+02 1.373768e-01 -3.734120e+00 -1.210865e+02
<VARIANCE> 6
 3.163787e+01 1.589050e+06 5.407834e+04 2.940807e+02 3.743564e+04 4.829342e+07
<GCONST> 7.356549e+01
<MIXTURE> 3 1.767433e-01
<MEAN> 6
 5.881833e+01 3.463080e+02 -2.891311e+03 6.128277e-01 1.030565e+00 -2.078949e+01
<VARIANCE> 6
 6.770493e+01 8.795374e+04 4.075344e+06 2.940807e+02 3.743564e+04 4.829342e+07
<GCONST> 7.575449e+01
<MIXTURE> 4 2.395583e-01
<MEAN> 6
 6.416661e+01 6.054723e+02 -1.690437e+03 9.221219e-02 -3.293219e+00 -8.991765e+01
<VARIANCE> 6
 3.163787e+01 4.801359e+05 4.206401e+05 2.940807e+02 3.743564e+04 4.829342e+07
<GCONST> 7.442001e+01
<MIXTURE> 5 1.429578e-01
<MEAN> 6
 7.465596e+01 -8.591425e+01 -6.311769e+03 -2.489394e-01 -3.221264e+00 -5.211933e+01
<VARIANCE> 6
 3.163787e+01 1.255072e+05 6.922202e+06 2.940807e+02 3.743564e+04 4.829342e+07
<GCONST> 7.587901e+01
<STATE> 3
<NUMMIXES> 5
<MIXTURE> 1 1.192547e-01
<MEAN> 6
 7.586736e+01 1.723144e+02 1.624424e+03 1.934579e-01 -5.341881e-01 -1.434894e+02
<VARIANCE> 6
 3.163787e+01 1.653723e+06 1.115520e+06 2.940807e+02 3.743564e+04 4.829342e+07
<GCONST> 7.663202e+01
<MIXTURE> 2 2.255029e-01
<MEAN> 6
 8.149996e+01 -8.078462e+02 1.911147e+02 -9.424391e-01 -4.759950e+00 -1.050148e+02
<VARIANCE> 6
 5.480375e+01 3.502715e+05 5.481713e+04 2.940807e+02 3.743564e+04 4.829342e+07
<GCONST> 7.261629e+01
<MIXTURE> 3 1.724389e-01
<MEAN> 6
 6.759509e+01 5.928925e+01 -9.748127e+00 -2.258820e-01 -1.175375e+00 -1.041044e+02
<VARIANCE> 6
 3.163787e+01 5.941751e+05 7.719768e+04 2.940807e+02 3.743564e+04 4.829342e+07
<GCONST> 7.293771e+01
<MIXTURE> 4 3.258555e-01
<MEAN> 6
 7.323521e+01 1.721253e+02 2.249329e+02 -4.426870e-01 -3.700052e+00 -8.460461e+01
<VARIANCE> 6
 3.163787e+01 1.687641e+05 5.887173e+05 2.940807e+02 3.743564e+04 4.829342e+07
<GCONST> 7.371062e+01
<MIXTURE> 5 1.568583e-01
<MEAN> 6
 6.629671e+01 -7.668068e+02 -1.784502e+02 1.029396e-01 1.012177e+00 -1.040632e+02
<VARIANCE> 6
 3.163787e+01 1.014020e+06 1.111614e+05 2.940807e+02 3.743564e+04 4.829342e+07
<GCONST> 7.383682e+01
<STATE> 4
<NUMMIXES> 5
<MIXTURE> 1 1.666807e-01
<MEAN> 6
 1.862161e+01 1.643322e+01 2.258343e+02 -3.986155e+01 -1.538942e+01 1.923148e+03
<VARIANCE> 6
 2.976977e+03 1.019551e+07 6.202684e+06 4.288996e+04 1.379408e+06 4.399659e+08
<GCONST> 9.550964e+01
<MIXTURE> 2 1.697394e-01
<MEAN> 6
 -3.527262e+01 1.205089e+02 1.316120e+02 -1.061674e+00 7.406605e+02 -7.969247e+02
<VARIANCE> 6
 5.117439e+02 4.892271e+05 5.213868e+05 3.304721e+04 4.147628e+05 1.465709e+08
<GCONST> 8.567409e+01
<MIXTURE> 3 2.187567e-01
<MEAN> 6
 7.575856e+01 -8.692617e+01 2.013756e+02 1.707318e+01 -3.095960e+02 -3.202232e+02
<VARIANCE> 6
 2.716252e+02 9.573176e+05 2.019600e+06 8.759312e+03 1.107740e+05 4.829342e+07
<GCONST> 8.330791e+01
<MIXTURE> 4 2.605852e-01
<MEAN> 6
 4.689155e+01 4.126933e+01 2.961849e+01 -1.045535e+01 -4.771369e+02 -5.918583e+01
<VARIANCE> 6
 8.579576e+02 8.132470e+05 3.023636e+05 4.157416e+04 2.502195e+05 7.270367e+07
<GCONST> 8.517723e+01
<MIXTURE> 5 1.833552e-01
<MEAN> 6
 -3.863519e+01 -5.204782e+01 1.422743e+01 3.775462e+01 3.787819e+02 -5.314618e+02
<VARIANCE> 6
 5.536100e+02 6.180006e+05 9.626006e+05 1.398155e+04 1.413993e+05 4.829342e+07
<GCONST> 8.355301e+01
<STATE> 5
<NUMMIXES> 5
<MIXTURE> 1 2.200589e-01
<MEAN> 6
 9.596994e+01 8.685549e+02 -8.791577e+02 -5.382593e+00 -1.189413e-01 2.035301e+02
<VARIANCE> 6
 1.577832e+02 6.237538e+05 6.407944e+05 2.940807e+02 3.743564e+04 4.829342e+07
<GCONST> 7.670950e+01
<MIXTURE> 2 1.380573e-01
<MEAN> 6
 8.835674e+01 -4.369048e+02 -3.562703e+03 -4.500144e+00 2.155921e-01 1.333911e+02
<VARIANCE> 6
 1.632977e+02 4.382120e+05 1.642629e+07 2.940807e+02 3.743564e+04 4.829342e+07
<GCONST> 7.963474e+01
<MIXTURE> 3 2.148996e-01
<MEAN> 6
 7.573045e+01 4.425865e+02 1.985210e+02 -3.067707e+00 -7.145997e-01 1.461495e+02
<VARIANCE> 6
 1.037045e+02 1.677396e+06 2.727088e+06 2.940807e+02 3.743564e+04 4.829342e+07
<GCONST> 7.872734e+01
<MIXTURE> 4 3.138321e-01
<MEAN> 6
 8.879736e+01 -1.281174e+01 -4.879709e+02 -4.358436e+00 -3.827477e+00 1.100579e+02
<VARIANCE> 6
 5.367786e+01 3.211303e+05 1.462059e+06 2.940807e+02 3.743564e+04 4.829342e+07
<GCONST> 7.579227e+01
<MIXTURE> 5 1.131232e-01
<MEAN> 6
 8.319400e+01 -2.284117e+03 -2.287476e+02 -4.082163e+00 -4.564697e-01 1.717186e+02
<VARIANCE> 6
 1.604000e+02 1.321276e+07 1.378254e+06 2.940807e+02 3.743564e+04 4.829342e+07
<GCONST> 8.054500e+01
<STATE> 6
<NUMMIXES> 5
<MIXTURE> 1 2.196149e-01
<MEAN> 6
 6.801833e+01 1.324020e+02 1.456763e+02 -8.149155e-01 -3.520149e+00 -8.705341e+01
<VARIANCE> 6
 6.020407e+01 1.821834e+05 2.174446e+04 2.940807e+02 3.743564e+04 4.829342e+07
<GCONST> 7.113193e+01
<MIXTURE> 2 2.710847e-01
<MEAN> 6
 6.732014e+01 4.933010e+02 1.498072e+02 -7.928395e-01 -3.097746e+00 -4.881971e+01
<VARIANCE> 6
 3.715482e+01 4.651434e+04 1.253294e+05 2.940807e+02 3.743564e+04 4.829342e+07
<GCONST> 7.103561e+01
<MIXTURE> 3 2.002798e-01
<MEAN> 6
 5.883879e+01 4.900349e+01 -1.593649e+02 1.712006e-01 -2.715180e+00 -1.496038e+02
<VARIANCE> 6
 3.163787e+01 1.276023e+04 2.207846e+04 2.940807e+02 3.743564e+04 4.829342e+07
<GCONST> 6.784511e+01
<MIXTURE> 4 1.536403e-01
<MEAN> 6
 6.560133e+01 1.962280e+02 5.675520e+01 -8.372040e-01 -9.714262e-01 -8.267512e+01
<VARIANCE> 6
 5.948083e+01 2.997882e+05 1.715814e+04 2.940807e+02 3.743564e+04 4.829342e+07
<GCONST> 7.138101e+01
<MIXTURE> 5 1.553306e-01
<MEAN> 6
 6.487289e+01 -1.424534e+01 -6.013415e+00 -1.194019e+00 -1.936629e+00 -6.649854e+01
<VARIANCE> 6
 3.952865e+01 3.923159e+05 2.243361e+04 2.940807e+02 3.743564e+04 4.829342e+07
<GCONST> 7.150946e+01
<STATE> 7
<NUMMIXES> 5
<MIXTURE> 1 2.785846e-01
<MEAN> 6
 6.066483e+01 -9.460677e+01 -6.116992e+00 3.798483e+01 -1.668264e+02 -3.229037e+02
<VARIANCE> 6
 3.905583e+02 2.137694e+05 9.576547e+04 8.720163e+03 4.667253e+04 4.829342e+07
<GCONST> 7.825426e+01
<MIXTURE> 2 2.803092e-01
<MEAN> 6
 -3.487894e+01 3.769594e+01 2.422039e+01 -5.790337e+00 6.436227e+02 -1.271277e+02
<VARIANCE> 6
 3.587882e+02 1.647383e+05 1.490837e+05 2.080781e+04 3.223348e+05 1.309742e+08
<GCONST> 8.215131e+01
<MIXTURE> 3 1.405922e-01
<MEAN> 6
 8.555511e+00 7.215064e+01 6.414058e+01 1.240070e+01 -5.393035e+01 1.036121e+02
<VARIANCE> 6
 7.275989e+02 5.150939e+04 3.597004e+04 3.324348e+04 1.219992e+05 4.829342e+07
<GCONST> 7.877316e+01
<MIXTURE> 4 1.774803e-01
<MEAN> 6
 6.782067e+01 -9.932529e+01 -9.954442e+00 -4.318988e+01 -7.350190e+02 2.757642e+02
<VARIANCE> 6
 3.123276e+02 3.960860e+05 8.078699e+04 1.661821e+04 3.464128e+05 1.409068e+08
<GCONST> 8.219753e+01
<MIXTURE> 5 1.227963e-01
<MEAN> 6
 6.472719e-01 -6.268296e+01 -1.172263e+01 -2.265082e+01 4.276486e+01 7.561455e+02
<VARIANCE> 6
 8.146021e+02 4.847621e+04 2.252166e+04 3.028235e+04 1.334157e+05 9.034860e+07
<GCONST> 7.897975e+01
<TRANSP> 8
 0.000000e+00 1.000000e+00 0.000000e+00 0.000000e+00 0.000000e+00 0.000000e+00 0.000000e+00 0.000000e+00
 0.000000e+00 9.991730e-01 8.269291e-04 0.000000e+00 0.000000e+00 0.000000e+00 0.000000e+00 0.000000e+00
 0.000000e+00 0.000000e+00 9.996088e-01 3.911862e-04 0.000000e+00 0.000000e+00 0.000000e+00 0.000000e+00
 0.000000e+00 0.000000e+00 0.000000e+00 9.999331e-01 6.689649e-05 0.000000e+00 0.000000e+00 0.000000e+00
 0.000000e+00 0.000000e+00 0.000000e+00 0.000000e+00 9.993659e-01 6.340968e-04 0.000000e+00 0.000000e+00
 0.000000e+00 0.000000e+00 0.000000e+00 0.000000e+00 0.000000e+00 9.991989e-01 8.011633e-04 0.000000e+00
 0.000000e+00 0.000000e+00 0.000000e+00 0.000000e+00 0.000000e+00 0.000000e+00 9.998294e-01 1.706603e-04
 0.000000e+00 0.000000e+00 0.000000e+00 0.000000e+00 0.000000e+00 0.000000e+00 0.000000e+00 0.000000e+00
<ENDHMM>
~h "QuintoPRIMARIA"
<BEGINHMM>
<NUMSTATES> 8
<STATE> 2
<NUMMIXES> 5
<MIXTURE> 1 2.843023e-01
<MEAN> 6
 -3.621617e+01 -2.162147e+01 5.512123e+01 2.733284e+01 5.554052e+02 -8.195869e+02
<VARIANCE> 6
 6.279774e+02 1.351153e+05 1.281470e+05 2.454963e+04 2.676045e+05 7.237714e+07
<GCONST> 8.174770e+01
<MIXTURE> 2 1.560758e-01
<MEAN> 6
 8.061509e+00 -1.790823e+02 5.290385e+01 -5.564922e+01 1.832096e+02 2.554853e+03
<VARIANCE> 6
 2.964046e+03 1.283118e+06 8.308715e+05 5.378554e+04 2.277061e+06 8.282353e+08
<GCONST> 9.278257e+01
<MIXTURE> 3 1.365272e-01
<MEAN> 6
 7.374361e+01 -9.674648e+00 -8.109182e+00 -3.833912e+00 -2.877002e+01 -3.355396e+02
<VARIANCE> 6
 1.763216e+02 1.145325e+05 1.931388e+05 2.940807e+02 3.743564e+04 4.829342e+07
<GCONST> 7.392639e+01
<MIXTURE> 4 3.040257e-01
<MEAN> 6
 5.776195e+01 2.496835e+01 -2.094307e+01 -2.742763e+00 -5.593533e+02 -2.872316e+02
<VARIANCE> 6
 6.976094e+02 1.741953e+05 1.164587e+05 3.494857e+04 2.898618e+05 8.967036e+07
<GCONST> 8.265859e+01
<MIXTURE> 5 1.187121e-01
<MEAN> 6
 7.028125e+01 3.787371e+01 -2.323237e+02 -2.006721e+00 -2.132062e+01 -2.247047e+02
<VARIANCE> 6
 1.394723e+02 5.711011e+05 1.321519e+05 2.940807e+02 3.743564e+04 4.829342e+07
<GCONST> 7.491919e+01
<STATE> 3
<NUMMIXES> 5
<MIXTURE> 1 1.904393e-01
<MEAN> 6
 9.477773e+01 1.682499e+02 -2.688148e+01 5.643436e+00 -5.700328e+02 9.324343e+03
<VARIANCE> 6
 1.340399e+02 2.038462e+05 1.106816e+05 3.590804e+03 1.167513e+06 5.187447e+08
<GCONST> 8.198837e+01
<MIXTURE> 2 1.898178e-01
<MEAN> 6
 6.767609e+01 8.685327e+01 -2.767364e+01 1.266010e+02 -3.270541e+02 -9.792032e+02
<VARIANCE> 6
 3.918906e+02 5.478700e+04 4.548230e+04 3.285644e+03 2.022723e+05 4.829342e+07
<GCONST> 7.664203e+01
<MIXTURE> 3 2.364617e-01
<MEAN> 6
 3.051293e+01 8.752794e+01 1.441976e+02 2.392969e+02 -1.362854e+02 -4.241390e+03
<VARIANCE> 6
 7.591590e+02 4.653042e+05 2.263766e+05 4.182159e+03 2.570689e+05 7.084380e+07
<GCONST> 8.191154e+01
<MIXTURE> 4 1.216603e-01
<MEAN> 6
 8.376918e+01 -1.593241e+02 -3.176068e+02 1.434198e+02 -1.457777e+03 -7.819292e+03
<VARIANCE> 6
 1.431941e+02 1.579764e+06 1.835588e+06 1.310764e+04 1.294292e+06 1.092250e+09
<GCONST> 8.905305e+01
<MIXTURE> 5 2.616086e-01
<MEAN> 6
 3.063785e+01 -2.208278e+02 -1.695761e+02 1.658817e+02 -1.183620e+02 -5.713607e+02
<VARIANCE> 6
 6.960355e+02 2.257159e+05 4.789689e+05 4.506181e+03 9.764752e+04 4.829342e+07
<GCONST> 8.057422e+01
<STATE> 4
<NUMMIXES> 5
<MIXTURE> 1 2.578839e-01
<MEAN> 6
 8.963155e+01 7.322083e+02 1.197153e+03 -3.935065e+00 -1.408231e-01 6.913451e+01
<VARIANCE> 6
 1.107006e+02 5.553947e+04 1.446246e+06 2.940807e+02 3.743564e+04 4.829342e+07
<GCONST> 7.475046e+01
<MIXTURE> 2 1.780583e-01
<MEAN> 6
 8.121444e+01 -5.513854e+02 1.976664e+03 -4.346505e-01 -4.450198e+00 -9.381180e+01
<VARIANCE> 6
 3.163787e+01 3.079913e+04 2.942284e+05 2.940807e+02 3.743564e+04 4.829342e+07
<GCONST> 7.131601e+01
<MIXTURE> 3 2.925030e-01
<MEAN> 6
 7.444483e+01 1.657244e+03 6.198249e+02 -3.188020e+00 3.704638e+00 9.617618e+01
<VARIANCE> 6
 3.163787e+01 4.031405e+05 4.373919e+05 2.940807e+02 3.743564e+04 4.829342e+07
<GCONST> 7.428429e+01
<MIXTURE> 4 1.527847e-01
<MEAN> 6
 7.271442e+01 -3.943362e+02 9.923457e+02 -1.588742e+00 -2.598695e+00 9.579165e+00
<VARIANCE> 6
 3.163787e+01 1.276023e+04 1.650397e+04 2.940807e+02 3.743564e+04 4.829342e+07
<GCONST> 6.755409e+01
<MIXTURE> 5 1.187310e-01
<MEAN> 6
 5.727843e+01 4.860300e+01 9.215164e+02 1.434093e+00 -5.298992e+00 -6.314262e+01
<VARIANCE> 6
 3.163787e+01 1.620446e+06 5.454910e+04 2.940807e+02 3.743564e+04 4.829342e+07
<GCONST> 7.359372e+01
<STATE> 5
<NUMMIXES> 5
<MIXTURE> 1 6.283224e-02
<MEAN> 6
 6.110809e+01 -3.821026e+03 -1.493993e+03 -7.336960e-01 -3.114529e+00 -4.455201e+01
<VARIANCE> 6
 3.388710e+01 5.476959e+07 4.535818e+05 2.940807e+02 3.743564e+04 4.829342e+07
<GCONST> 7.930092e+01
<MIXTURE> 2 3.071903e-01
<MEAN> 6
 6.787227e+01 9.982250e+01 2.399967e+02 -2.676156e+00 2.035231e+00 -1.315780e+01
<VARIANCE> 6
 4.268722e+01 3.163765e+04 5.985971e+04 2.940807e+02 3.743564e+04 4.829342e+07
<GCONST> 7.005006e+01
<MIXTURE> 3 1.918108e-01
<MEAN> 6
 8.615110e+01 -4.790934e+01 8.553780e+01 -4.440519e+00 1.009471e+00 3.047120e+01
<VARIANCE> 6
 3.163787e+01 3.307220e+04 1.373229e+04 2.940807e+02 3.743564e+04 4.829342e+07
<GCONST> 6.832260e+01
<MIXTURE> 4 2.912135e-01
<MEAN> 6
 7.542887e+01 -6.619648e+02 8.743015e+01 -1.764520e+00 -2.469862e+00 -5.561940e+01
<VARIANCE> 6
 3.373852e+01 1.245294e+05 3.433727e+04 2.940807e+02 3.743564e+04 4.829342e+07
<GCONST> 7.062923e+01
<MIXTURE> 5 1.468300e-01
<MEAN> 6
 8.120971e+01 -2.368743e+02 1.121582e+02 -4.291839e+00 3.100539e+00 3.999492e+01
<VARIANCE> 6
 3.639234e+01 5.518815e+04 1.373229e+04 2.940807e+02 3.743564e+04 4.829342e+07
<GCONST> 6.897467e+01
<STATE> 6
<NUMMIXES> 5
<MIXTURE> 1 1.468442e-01
<MEAN> 6
 9.898087e+01 3.252086e+02 2.568937e+01 -4.554610e+00 -3.113261e+00 1.129237e+02
<VARIANCE> 6
 3.163787e+01 2.785469e+05 6.367044e+04 2.940807e+02 3.743564e+04 4.829342e+07
<GCONST> 7.198747e+01
<MIXTURE> 2 2.836702e-01
<MEAN> 6
 7.293667e+01 -2.152507e+02 -1.371177e+03 1.736566e-01 -4.455137e+00 -5.885675e+01
<VARIANCE> 6
 1.580280e+02 7.181986e+05 1.016897e+05 2.940807e+02 3.743564e+04 4.829342e+07
<GCONST> 7.501126e+01
<MIXTURE> 3 2.427041e-01
<MEAN> 6
 8.315791e+01 1.447036e+02 -2.550878e+02 -1.851632e+00 1.723028e-01 -2.071217e+01
<VARIANCE> 6
 3.163787e+01 1.138309e+05 1.373229e+04 2.940807e+02 3.743564e+04 4.829342e+07
<GCONST> 6.955862e+01
<MIXTURE> 4 1.399640e-01
<MEAN> 6
 6.129566e+01 4.129092e+02 -2.969793e+03 1.066065e+00 -6.243364e+00 -1.058746e+02
<VARIANCE> 6
 3.163787e+01 1.136169e+05 2.943201e+05 2.940807e+02 3.743564e+04 4.829342e+07
<GCONST> 7.262166e+01
<MIXTURE> 5 1.867328e-01
<MEAN> 6
 8.406207e+01 -4.779837e+01 -5.103306e+02 -2.264980e+00 -6.832930e+00 4.017119e+01
<VARIANCE> 6
 3.163787e+01 8.483148e+04 6.846095e+04 2.940807e+02 3.743564e+04 4.829342e+07
<GCONST> 7.087109e+01
<STATE> 7
<NUMMIXES> 5
<MIXTURE> 1 2.655806e-01
<MEAN> 6
 8.416774e+01 2.471658e+02 2.432870e+02 -2.245764e+00 -3.550751e+01 -6.469458e+01
<VARIANCE> 6
 2.083242e+02 7.860644e+05 2.635599e+06 2.940807e+02 3.743564e+04 4.829342e+07
<GCONST> 7.863281e+01
<MIXTURE> 2 2.340963e-02
<MEAN> 6
 -2.558439e+00 1.742867e+02 3.730899e+01 3.574168e+01 -2.029572e+02 1.401369e+03
<VARIANCE> 6
 1.286089e+04 1.879875e+05 4.894571e+05 1.965840e+06 1.097754e+09 1.621783e+12
<GCONST> 1.091569e+02
<MIXTURE> 3 1.983538e-01
<MEAN> 6
 2.696507e+01 4.408970e+02 9.977058e+01 -2.460675e+01 -2.593610e+02 -1.782502e+02
<VARIANCE> 6
 3.010972e+03 2.110305e+06 1.526863e+06 3.531413e+04 5.436562e+05 9.475030e+07
<GCONST> 8.988321e+01
<MIXTURE> 4 3.584740e-01
<MEAN> 6
 -9.002350e+00 -1.738795e+02 1.858308e+02 5.309624e+01 1.162601e+02 -7.971780e+02
<VARIANCE> 6
 3.135608e+03 2.543342e+05 3.047468e+06 2.383671e+04 3.310379e+05 4.829342e+07
<GCONST> 8.693585e+01
<MIXTURE> 5 1.538154e-01
<MEAN> 6
 5.054177e+00 -1.689606e+02 -3.823574e+02 -9.035019e+01 1.599790e+02 2.113703e+03
<VARIANCE> 6
 4.180684e+03 9.202116e+05 2.603960e+06 4.391488e+04 2.200938e+06 8.062420e+08
<GCONST> 9.367270e+01
<TRANSP> 8
 0.000000e+00 1.000000e+00 0.000000e+00 0.000000e+00 0.000000e+00 0.000000e+00 0.000000e+00 0.000000e+00
 0.000000e+00 9.999350e-01 6.501746e-05 0.000000e+00 0.000000e+00 0.000000e+00 0.000000e+00 0.000000e+00
 0.000000e+00 0.000000e+00 9.972774e-01 2.722627e-03 0.000000e+00 0.000000e+00 0.000000e+00 0.000000e+00
 0.000000e+00 0.000000e+00 0.000000e+00 9.985190e-01 1.480998e-03 0.000000e+00 0.000000e+00 0.000000e+00
 0.000000e+00 0.000000e+00 0.000000e+00 0.000000e+00 9.993396e-01 6.603363e-04 0.000000e+00 0.000000e+00
 0.000000e+00 0.000000e+00 0.000000e+00 0.000000e+00 0.000000e+00 9.993147e-01 6.852612e-04 0.000000e+00
 0.000000e+00 0.000000e+00 0.000000e+00 0.000000e+00 0.000000e+00 0.000000e+00 9.998820e-01 1.180299e-04
 0.000000e+00 0.000000e+00 0.000000e+00 0.000000e+00 0.000000e+00 0.000000e+00 0.000000e+00 0.000000e+00
<ENDHMM>
