~o
<STREAMINFO> 1 4
<VECSIZE> 4<NULLD><USER><DIAGC>
~h "SegundoPRIMARIA"
<BEGINHMM>
<NUMSTATES> 5
<STATE> 2
<MEAN> 4
 8.893085e+01 -3.066503e+00 -1.477016e-01 -3.397677e+01
<VARIANCE> 4
 3.777447e+02 1.423206e+03 9.394715e+04 5.112951e+07
<GCONST> 4.974676e+01
<STATE> 3
<MEAN> 4
 7.021504e+01 -4.349129e-01 -2.902942e+00 -1.195138e+02
<VARIANCE> 4
 7.973643e+01 3.012932e+02 3.997834e+04 5.112951e+07
<GCONST> 4.578429e+01
<STATE> 4
<MEAN> 4
 3.206436e+01 6.121166e-01 4.036840e-01 1.704523e+01
<VARIANCE> 4
 4.113566e+03 4.119896e+04 4.463477e+06 5.265245e+09
<GCONST> 6.399555e+01
<TRANSP> 5
 0.000000e+00 1.000000e+00 0.000000e+00 0.000000e+00 0.000000e+00
 0.000000e+00 9.990136e-01 9.863744e-04 0.000000e+00 0.000000e+00
 0.000000e+00 0.000000e+00 9.997017e-01 2.983024e-04 0.000000e+00
 0.000000e+00 0.000000e+00 0.000000e+00 9.999558e-01 4.414170e-05
 0.000000e+00 0.000000e+00 0.000000e+00 0.000000e+00 0.000000e+00
<ENDHMM>
~h "SegundoESO"
<BEGINHMM>
<NUMSTATES> 5
<STATE> 2
<MEAN> 4
 2.773992e+01 1.528546e+00 -4.201684e-01 -2.681443e+01
<VARIANCE> 4
 2.001500e+03 8.811825e+03 1.371098e+05 5.112951e+07
<GCONST> 5.361542e+01
<STATE> 3
<MEAN> 4
 6.995631e+01 -4.952056e-01 -3.772296e+00 -8.355228e+01
<VARIANCE> 4
 8.188371e+01 3.012932e+02 3.997834e+04 5.112951e+07
<GCONST> 4.581086e+01
<STATE> 4
<MEAN> 4
 2.385384e+01 2.620835e-01 7.355104e-01 2.441579e+01
<VARIANCE> 4
 3.064024e+03 2.736955e+04 6.019260e+05 1.249268e+08
<GCONST> 5.754731e+01
<TRANSP> 5
 0.000000e+00 1.000000e+00 0.000000e+00 0.000000e+00 0.000000e+00
 0.000000e+00 9.997200e-01 2.800215e-04 0.000000e+00 0.000000e+00
 0.000000e+00 0.000000e+00 9.997768e-01 2.232005e-04 0.000000e+00
 0.000000e+00 0.000000e+00 0.000000e+00 9.999485e-01 5.147568e-05
 0.000000e+00 0.000000e+00 0.000000e+00 0.000000e+00 0.000000e+00
<ENDHMM>
~h "QuintoPRIMARIA"
<BEGINHMM>
<NUMSTATES> 5
<STATE> 2
<MEAN> 4
 2.707314e+01 6.561202e-01 2.618504e-01 -8.908077e+00
<VARIANCE> 4
 3.052483e+03 2.580137e+04 6.676002e+05 1.744255e+08
<GCONST> 5.792186e+01
<STATE> 3
<MEAN> 4
 8.174651e+01 -3.289598e+00 -8.590225e-01 7.193223e+01
<VARIANCE> 4
 2.427685e+02 3.012932e+02 3.997834e+04 5.112951e+07
<GCONST> 4.689767e+01
<STATE> 4
<MEAN> 4
 3.446997e+01 1.970451e+00 -9.595292e-01 2.701956e+01
<VARIANCE> 4
 5.737737e+03 2.346919e+05 1.148039e+08 1.677705e+11
<GCONST> 7.277695e+01
<TRANSP> 5
 0.000000e+00 1.000000e+00 0.000000e+00 0.000000e+00 0.000000e+00
 0.000000e+00 9.999558e-01 4.418533e-05 0.000000e+00 0.000000e+00
 0.000000e+00 0.000000e+00 9.996872e-01 3.127822e-04 0.000000e+00
 0.000000e+00 0.000000e+00 0.000000e+00 9.994652e-01 5.347624e-04
 0.000000e+00 0.000000e+00 0.000000e+00 0.000000e+00 0.000000e+00
<ENDHMM>
