~o
<STREAMINFO> 1 6
<VECSIZE> 6<NULLD><USER><DIAGC>
~h "SegundoPRIMARIA"
<BEGINHMM>
<NUMSTATES> 3
<STATE> 2
<NUMMIXES> 3
<MIXTURE> 1 3.217671e-02
<MEAN> 6
 3.813013e+01 -8.298183e+00 2.008023e+02 -5.463033e+01 -2.884548e+02 5.549457e+03
<VARIANCE> 6
 5.765231e+03 8.058953e+05 2.713294e+06 2.364802e+05 9.605092e+07 1.329411e+11
<GCONST> 1.044674e+02
<MIXTURE> 2 6.285270e-01
<MEAN> 6
 4.234861e+01 2.434002e+01 -5.224991e+00 2.170128e+01 3.891004e+00 -3.511278e+02
<VARIANCE> 6
 3.325226e+03 2.173917e+05 4.124152e+05 1.475694e+04 1.827968e+05 5.069587e+07
<GCONST> 8.381275e+01
<MIXTURE> 3 3.411307e-01
<MEAN> 6
 2.993964e+01 -4.382912e+01 -9.299356e+00 -3.378758e+01 2.021858e+01 1.163694e+02
<VARIANCE> 6
 3.996896e+03 2.461728e+06 6.417626e+05 4.758289e+04 1.558833e+06 3.615503e+08
<GCONST> 9.214447e+01
<TRANSP> 3
 0.000000e+00 1.000000e+00 0.000000e+00
 0.000000e+00 9.999631e-01 3.687864e-05
 0.000000e+00 0.000000e+00 0.000000e+00
<ENDHMM>
~h "SegundoESO"
<BEGINHMM>
<NUMSTATES> 3
<STATE> 2
<NUMMIXES> 3
<MIXTURE> 1 2.395217e-01
<MEAN> 6
 7.013976e+01 -1.459336e+02 -5.774584e+01 3.520780e+00 -6.228042e+01 -7.769276e+00
<VARIANCE> 6
 4.120380e+02 6.121779e+06 1.345311e+06 3.548573e+03 3.947423e+04 5.069587e+07
<GCONST> 8.328694e+01
<MIXTURE> 2 3.003440e-01
<MEAN> 6
 9.183301e+00 8.191429e+01 3.318407e+01 -2.353195e+01 1.236624e+02 5.510006e+02
<VARIANCE> 6
 3.177564e+03 1.619188e+06 4.783646e+06 3.303751e+04 1.033266e+06 2.172521e+08
<GCONST> 9.221949e+01
<MIXTURE> 3 4.583167e-01
<MEAN> 6
 2.591885e+01 2.242465e+01 8.381837e+00 1.430189e+01 -4.903445e+01 -3.591979e+02
<VARIANCE> 6
 2.280280e+03 3.132502e+05 1.297629e+05 1.892606e+04 2.000671e+05 5.069587e+07
<GCONST> 8.298360e+01
<TRANSP> 3
 0.000000e+00 1.000000e+00 0.000000e+00
 0.000000e+00 9.999633e-01 3.665374e-05
 0.000000e+00 0.000000e+00 0.000000e+00
<ENDHMM>
~h "QuintoPRIMARIA"
<BEGINHMM>
<NUMSTATES> 3
<STATE> 2
<NUMMIXES> 3
<MIXTURE> 1 4.924469e-01
<MEAN> 6
 6.002542e+01 8.147980e+01 5.381535e+01 6.534574e+00 -6.265531e+01 -1.352191e+02
<VARIANCE> 6
 1.789547e+03 1.094239e+06 2.540232e+06 6.675968e+03 7.409533e+04 5.069587e+07
<GCONST> 8.493105e+01
<MIXTURE> 2 3.958629e-02
<MEAN> 6
 1.683566e+01 -2.822335e+02 -9.023962e+02 -9.249343e+01 -2.380134e+01 4.682157e+03
<VARIANCE> 6
 5.570032e+03 8.791143e+06 1.034384e+07 3.951335e+05 1.940185e+08 2.832001e+11
<GCONST> 1.101334e+02
<MIXTURE> 3 4.679708e-01
<MEAN> 6
 6.400649e+00 -6.197759e+01 1.971017e+01 1.502509e+00 6.816877e+01 -2.499483e+02
<VARIANCE> 6
 3.177755e+03 2.831062e+05 4.604155e+05 3.761954e+04 9.213524e+05 1.908509e+08
<GCONST> 8.802053e+01
<TRANSP> 3
 0.000000e+00 1.000000e+00 0.000000e+00
 0.000000e+00 9.999639e-01 3.606614e-05
 0.000000e+00 0.000000e+00 0.000000e+00
<ENDHMM>
