~o
<STREAMINFO> 1 6
<VECSIZE> 6<NULLD><USER><DIAGC>
~h "SegundoPRIMARIA"
<BEGINHMM>
<NUMSTATES> 7
<STATE> 2
<NUMMIXES> 8
<MIXTURE> 1 1.421656e-01
<MEAN> 6
 8.731390e+01 -2.058224e+02 6.805117e+02 -3.281006e+00 -3.100448e+01 -2.162976e+02
<VARIANCE> 6
 4.394100e+02 6.045108e+05 2.189975e+06 2.876443e+02 3.343562e+04 4.108754e+07
<GCONST> 7.863458e+01
<MIXTURE> 2 1.162466e-01
<MEAN> 6
 -3.411381e+00 5.086123e+00 -7.507737e+01 -9.380203e+01 6.768374e+02 3.658285e+03
<VARIANCE> 6
 3.164145e+03 7.237014e+05 2.116666e+06 7.096555e+04 2.202613e+06 1.036061e+09
<GCONST> 9.367818e+01
<MIXTURE> 3 1.441258e-01
<MEAN> 6
 -1.263703e+01 -3.324010e+01 -6.639382e+01 6.996078e+01 4.692426e+02 -2.621575e+03
<VARIANCE> 6
 1.097884e+03 1.428139e+05 4.989411e+05 4.712036e+04 3.838530e+05 9.107525e+07
<GCONST> 8.496362e+01
<MIXTURE> 4 1.389043e-01
<MEAN> 6
 7.643729e+01 -9.485432e+01 6.058250e+01 2.549946e+01 -4.675879e+02 -9.466071e+02
<VARIANCE> 6
 7.205141e+02 2.207158e+05 6.904008e+05 2.491138e+04 1.586145e+05 4.947769e+07
<GCONST> 8.317123e+01
<MIXTURE> 5 7.980627e-02
<MEAN> 6
 -5.342200e+01 3.651115e+01 -1.336825e+02 4.334813e+01 6.564387e+02 1.842828e+03
<VARIANCE> 6
 2.986772e+02 2.499115e+05 1.206712e+06 1.034380e+04 1.527465e+05 5.323929e+07
<GCONST> 8.212988e+01
<MIXTURE> 6 1.544606e-01
<MEAN> 6
 7.084388e+01 3.223647e+02 -3.869285e+02 1.565875e+00 -1.463019e+01 -1.054110e+02
<VARIANCE> 6
 6.299905e+01 3.295311e+05 8.734844e+05 2.876443e+02 3.343562e+04 4.108754e+07
<GCONST> 7.516637e+01
<MIXTURE> 7 1.309345e-01
<MEAN> 6
 7.340422e+01 -6.118507e+01 6.992887e+01 -3.688209e+01 -1.091068e+03 -9.839168e+01
<VARIANCE> 6
 9.181222e+02 3.707090e+05 1.464899e+06 5.107972e+04 6.788677e+05 2.825161e+08
<GCONST> 8.859863e+01
<MIXTURE> 8 9.303172e-02
<MEAN> 6
 -6.014801e+01 3.193208e+01 -3.257821e+02 -4.865489e+00 1.736354e+02 -9.021100e+01
<VARIANCE> 6
 4.381823e+02 1.600135e+05 9.622928e+05 8.455183e+02 6.102983e+04 4.108754e+07
<GCONST> 7.816026e+01
<STATE> 3
<NUMMIXES> 8
<MIXTURE> 1 1.088715e-01
<MEAN> 6
 6.505699e+01 6.056074e+02 4.908485e+01 -5.699925e-02 6.811881e+00 -4.699163e+01
<VARIANCE> 6
 4.220265e+01 4.584173e+04 1.593115e+04 2.876443e+02 3.343562e+04 4.108754e+07
<GCONST> 6.878905e+01
<MIXTURE> 2 9.873416e-02
<MEAN> 6
 7.644344e+01 1.379701e+02 -4.038613e+01 -4.601862e-01 -9.412288e+00 -7.918540e+00
<VARIANCE> 6
 3.135520e+01 2.591134e+04 5.107325e+04 2.876443e+02 3.343562e+04 4.108754e+07
<GCONST> 6.908641e+01
<MIXTURE> 3 8.151134e-02
<MEAN> 6
 6.033857e+01 4.130478e+02 -2.183863e+02 1.207821e+00 1.222536e+00 -1.095101e+02
<VARIANCE> 6
 7.351308e+01 1.339358e+04 1.593115e+04 2.876443e+02 3.343562e+04 4.108754e+07
<GCONST> 6.811360e+01
<MIXTURE> 4 1.446964e-01
<MEAN> 6
 7.265411e+01 -2.363659e+01 1.752212e+02 2.610347e-01 -1.258496e+00 -1.165981e+02
<VARIANCE> 6
 3.135520e+01 1.339358e+04 1.593115e+04 2.876443e+02 3.343562e+04 4.108754e+07
<GCONST> 6.726152e+01
<MIXTURE> 5 1.701980e-01
<MEAN> 6
 6.688837e+01 -3.675599e+02 9.869482e+00 1.250500e-01 -4.197001e+00 -8.218472e+01
<VARIANCE> 6
 4.798977e+01 6.450250e+04 5.208522e+04 2.876443e+02 3.343562e+04 4.108754e+07
<GCONST> 7.044366e+01
<MIXTURE> 6 1.810820e-01
<MEAN> 6
 6.611358e+01 -7.416075e+00 -2.561546e+02 1.437676e+00 2.843290e+00 -1.128002e+02
<VARIANCE> 6
 3.135520e+01 4.061736e+04 1.593115e+04 2.876443e+02 3.343562e+04 4.108754e+07
<GCONST> 6.837094e+01
<MIXTURE> 7 1.055302e-01
<MEAN> 6
 7.553275e+01 8.033228e+01 -1.950540e+02 -4.071645e-01 -3.495494e+00 -1.113813e+02
<VARIANCE> 6
 3.135520e+01 1.339358e+04 4.834353e+04 2.876443e+02 3.343562e+04 4.108754e+07
<GCONST> 6.837158e+01
<MIXTURE> 8 1.092785e-01
<MEAN> 6
 6.885014e+01 -9.938182e+01 8.143914e+01 9.566417e-01 2.731883e+00 -5.542430e+01
<VARIANCE> 6
 3.135520e+01 1.339358e+04 4.070118e+04 2.876443e+02 3.343562e+04 4.108754e+07
<GCONST> 6.819951e+01
<STATE> 4
<NUMMIXES> 8
<MIXTURE> 1 1.778178e-01
<MEAN> 6
 9.600548e+01 -5.122294e+01 5.641362e+02 -2.358804e+00 -3.290758e+00 -3.572225e+01
<VARIANCE> 6
 3.674805e+01 6.953347e+04 2.984753e+05 2.876443e+02 3.343562e+04 4.108754e+07
<GCONST> 7.199767e+01
<MIXTURE> 2 1.048891e-01
<MEAN> 6
 5.313212e+01 -2.616489e+02 -3.628161e+02 -3.041578e-01 -7.687607e+00 -1.196305e+02
<VARIANCE> 6
 3.135520e+01 4.134768e+04 1.593115e+04 2.876443e+02 3.343562e+04 4.108754e+07
<GCONST> 6.838876e+01
<MIXTURE> 3 1.068797e-01
<MEAN> 6
 6.793296e+01 -4.315452e+02 -9.214185e+02 -7.274870e-01 -4.812477e+00 -5.009142e+01
<VARIANCE> 6
 3.135520e+01 5.838971e+04 8.513355e+04 2.876443e+02 3.343562e+04 4.108754e+07
<GCONST> 7.040984e+01
<MIXTURE> 4 1.819288e-01
<MEAN> 6
 8.858057e+01 -3.202042e+02 2.040801e+02 -2.154927e+00 1.106526e+00 -5.081444e+01
<VARIANCE> 6
 3.153153e+01 1.308746e+05 8.553872e+04 2.876443e+02 3.343562e+04 4.108754e+07
<GCONST> 7.122729e+01
<MIXTURE> 5 9.879788e-02
<MEAN> 6
 9.787994e+01 -4.687730e+02 -6.154310e+02 -9.847535e-01 -1.054840e+01 -4.449500e+01
<VARIANCE> 6
 1.855587e+02 1.767026e+04 2.555314e+04 2.876443e+02 3.343562e+04 4.108754e+07
<GCONST> 6.978911e+01
<MIXTURE> 6 9.708863e-02
<MEAN> 6
 9.956238e+01 6.251751e+01 -2.924143e+02 -2.052520e+00 -4.650587e+00 7.502366e+01
<VARIANCE> 6
 8.028319e+01 2.452905e+04 1.274916e+05 2.876443e+02 3.343562e+04 4.108754e+07
<GCONST> 7.088656e+01
<MIXTURE> 7 1.458610e-01
<MEAN> 6
 7.807977e+01 -6.354033e+02 -5.495839e+02 -1.768986e+00 2.122471e+00 -7.348695e+01
<VARIANCE> 6
 1.368215e+02 3.377825e+04 1.593115e+04 2.876443e+02 3.343562e+04 4.108754e+07
<GCONST> 6.965987e+01
<MIXTURE> 8 8.669508e-02
<MEAN> 6
 9.274827e+01 -3.225425e+01 -1.181683e+02 -1.772127e+00 -1.021595e+00 -2.448185e+01
<VARIANCE> 6
 5.022131e+01 2.718607e+04 2.345089e+05 2.876443e+02 3.343562e+04 4.108754e+07
<GCONST> 7.112973e+01
<STATE> 5
<NUMMIXES> 8
<MIXTURE> 1 1.152875e-01
<MEAN> 6
 7.537688e+01 1.029421e+03 5.680844e+02 -3.410306e-01 -1.846224e+00 -1.135190e+02
<VARIANCE> 6
 3.135520e+01 1.178377e+05 1.593115e+04 2.876443e+02 3.343562e+04 4.108754e+07
<GCONST> 6.943606e+01
<MIXTURE> 2 1.675325e-01
<MEAN> 6
 7.683043e+01 3.030594e+03 -3.735806e+01 -2.686973e+00 -7.339973e+00 -1.153662e+02
<VARIANCE> 6
 4.056824e+01 1.829783e+05 1.232247e+05 2.876443e+02 3.343562e+04 4.108754e+07
<GCONST> 7.217945e+01
<MIXTURE> 3 1.035153e-01
<MEAN> 6
 1.226970e+02 5.412493e+02 1.683850e+03 -2.697616e+00 1.745410e+00 -3.997646e+01
<VARIANCE> 6
 3.135520e+01 9.531280e+05 3.912833e+05 2.876443e+02 3.343562e+04 4.108754e+07
<GCONST> 7.472765e+01
<MIXTURE> 4 1.039380e-01
<MEAN> 6
 6.798804e+01 -1.160268e+02 -7.017101e+02 1.725050e+00 -7.823050e+00 -1.399670e+02
<VARIANCE> 6
 1.482864e+02 4.315411e+06 1.593115e+04 2.876443e+02 3.343562e+04 4.108754e+07
<GCONST> 7.459046e+01
<MIXTURE> 5 8.615173e-02
<MEAN> 6
 8.719776e+01 3.421367e+02 -2.649898e+03 -2.693316e+00 -6.631031e+00 7.650276e+01
<VARIANCE> 6
 5.410005e+01 3.610404e+05 1.851128e+05 2.876443e+02 3.343562e+04 4.108754e+07
<GCONST> 7.355388e+01
<MIXTURE> 6 1.176630e-01
<MEAN> 6
 9.041881e+01 9.243665e+02 2.375444e+02 -2.226958e+00 -2.360583e+00 7.694701e+00
<VARIANCE> 6
 3.999454e+01 6.062470e+04 1.593115e+04 2.876443e+02 3.343562e+04 4.108754e+07
<GCONST> 6.901482e+01
<MIXTURE> 7 1.829630e-01
<MEAN> 6
 8.873414e+01 -2.823170e+03 3.199834e+02 -4.963271e+00 1.414395e-01 -1.374379e+02
<VARIANCE> 6
 5.389920e+02 2.390761e+06 3.227182e+05 2.876443e+02 3.343562e+04 4.108754e+07
<GCONST> 7.829893e+01
<MIXTURE> 8 1.228609e-01
<MEAN> 6
 8.706449e+01 8.430134e+02 2.428980e+02 -1.598597e+00 -2.135406e+00 -6.005065e+01
<VARIANCE> 6
 3.135520e+01 1.127660e+05 1.593115e+04 2.876443e+02 3.343562e+04 4.108754e+07
<GCONST> 6.939206e+01
<STATE> 6
<NUMMIXES> 8
<MIXTURE> 1 5.785638e-03
<MEAN> 6
 7.800848e+01 -1.100953e+02 -5.698841e+01 1.108819e+02 -2.303462e+03 7.441719e+02
<VARIANCE> 6
 6.651528e+03 9.456985e+05 9.836777e+04 5.461594e+05 2.738397e+08 3.476378e+11
<GCONST> 1.042992e+02
<MIXTURE> 2 1.472663e-01
<MEAN> 6
 -1.031079e+00 7.283144e+01 2.984952e+01 1.342022e+02 3.041872e+02 -3.089253e+03
<VARIANCE> 6
 6.288970e+02 2.165856e+05 4.561140e+04 3.649326e+04 2.212570e+05 5.442452e+07
<GCONST> 8.110917e+01
<MIXTURE> 3 1.230397e-01
<MEAN> 6
 2.360580e+00 2.332881e+01 3.206936e+01 -1.592018e+02 6.994633e+02 6.027853e+03
<VARIANCE> 6
 2.494008e+03 1.116329e+05 6.542147e+04 5.767095e+04 2.450588e+06 1.035635e+09
<GCONST> 8.799312e+01
<MIXTURE> 4 1.606461e-01
<MEAN> 6
 9.552503e+01 -1.056608e+02 -5.055421e+01 -4.933181e+00 -2.421358e+01 -2.234916e+02
<VARIANCE> 6
 3.128836e+02 7.571221e+05 1.193549e+05 2.876443e+02 3.343562e+04 4.108754e+07
<GCONST> 7.561055e+01
<MIXTURE> 5 1.063780e-01
<MEAN> 6
 5.072366e+01 -1.706117e+02 3.741357e+01 -2.789622e+01 -4.907285e+02 -6.993506e+01
<VARIANCE> 6
 4.137906e+03 1.116070e+06 4.839979e+05 5.388956e+04 2.656872e+06 9.820845e+08
<GCONST> 9.276291e+01
<MIXTURE> 6 1.350276e-01
<MEAN> 6
 7.205093e+01 1.091953e+02 4.464709e+01 4.236448e+01 -4.197309e+02 -4.548245e+02
<VARIANCE> 6
 5.999788e+02 2.155814e+05 8.544067e+04 3.221454e+04 2.119645e+05 7.785092e+07
<GCONST> 8.187549e+01
<MIXTURE> 7 1.828721e-01
<MEAN> 6
 -4.997057e+01 4.056901e+01 1.463401e+01 2.303123e+01 6.343002e+02 4.876151e+01
<VARIANCE> 6
 1.829896e+02 2.363004e+05 9.741448e+04 8.394312e+03 3.111011e+05 7.543918e+07
<GCONST> 7.991830e+01
<MIXTURE> 8 1.380762e-01
<MEAN> 6
 7.610116e+01 -6.212962e+01 2.222206e+01 -4.647912e+01 -8.721557e+02 -1.310749e+03
<VARIANCE> 6
 6.072742e+02 1.370584e+05 6.817050e+04 3.707841e+04 3.867672e+05 1.415728e+08
<GCONST> 8.254887e+01
<TRANSP> 7
 0.000000e+00 1.000000e+00 0.000000e+00 0.000000e+00 0.000000e+00 0.000000e+00 0.000000e+00
 0.000000e+00 9.998634e-01 1.365317e-04 0.000000e+00 0.000000e+00 0.000000e+00 0.000000e+00
 0.000000e+00 0.000000e+00 9.992894e-01 7.105752e-04 0.000000e+00 0.000000e+00 0.000000e+00
 0.000000e+00 0.000000e+00 0.000000e+00 9.990897e-01 9.103542e-04 0.000000e+00 0.000000e+00
 0.000000e+00 0.000000e+00 0.000000e+00 0.000000e+00 9.989408e-01 1.059226e-03 0.000000e+00
 0.000000e+00 0.000000e+00 0.000000e+00 0.000000e+00 0.000000e+00 9.999378e-01 6.224793e-05
 0.000000e+00 0.000000e+00 0.000000e+00 0.000000e+00 0.000000e+00 0.000000e+00 0.000000e+00
<ENDHMM>
~h "SegundoESO"
<BEGINHMM>
<NUMSTATES> 7
<STATE> 2
<NUMMIXES> 8
<MIXTURE> 1 1.118195e-01
<MEAN> 6
 8.134386e+01 1.045835e+02 4.996727e+03 1.953588e+00 -1.256303e+01 -4.821886e+01
<VARIANCE> 6
 1.084648e+02 5.605730e+07 3.836798e+07 8.911779e+02 3.967997e+04 4.108754e+07
<GCONST> 8.593066e+01
<MIXTURE> 2 9.242313e-02
<MEAN> 6
 6.711438e+01 1.389667e+03 -1.139971e+02 -4.195714e-01 -6.585898e+00 -8.933000e+01
<VARIANCE> 6
 3.135520e+01 4.442709e+05 2.597226e+04 2.876443e+02 3.343562e+04 4.108754e+07
<GCONST> 7.125194e+01
<MIXTURE> 3 1.444492e-01
<MEAN> 6
 5.755727e+01 4.164255e+02 -2.520617e+03 6.302478e-01 -1.191396e+00 -6.780096e+01
<VARIANCE> 6
 3.135520e+01 5.702801e+04 2.444894e+06 2.876443e+02 3.343562e+04 4.108754e+07
<GCONST> 7.374377e+01
<MIXTURE> 4 1.076901e-01
<MEAN> 6
 6.175443e+01 1.362316e+03 -1.172333e+03 -5.041918e-01 -2.507725e+00 -6.422904e+01
<VARIANCE> 6
 3.135520e+01 9.217848e+05 8.484324e+04 2.876443e+02 3.343562e+04 4.108754e+07
<GCONST> 7.316559e+01
<MIXTURE> 5 9.964683e-02
<MEAN> 6
 5.777969e+01 -1.444747e+03 -4.079916e+02 1.666751e-01 -4.460811e+00 -1.168541e+02
<VARIANCE> 6
 3.135520e+01 1.121643e+06 4.677530e+04 2.876443e+02 3.343562e+04 4.108754e+07
<GCONST> 7.276637e+01
<MIXTURE> 6 1.549231e-01
<MEAN> 6
 5.939930e+01 2.634534e+02 3.522934e+01 1.286804e-01 4.763216e-03 -9.399538e+01
<VARIANCE> 6
 3.135520e+01 2.727110e+05 1.593115e+04 2.876443e+02 3.343562e+04 4.108754e+07
<GCONST> 7.027516e+01
<MIXTURE> 7 1.891977e-01
<MEAN> 6
 6.264092e+01 1.946842e+02 -1.871296e+02 3.792732e-01 -4.994779e+00 -1.312315e+02
<VARIANCE> 6
 3.135520e+01 1.006707e+05 2.327725e+04 2.876443e+02 3.343562e+04 4.108754e+07
<GCONST> 6.965781e+01
<MIXTURE> 8 9.972458e-02
<MEAN> 6
 6.162750e+01 1.771997e+03 -2.729769e+02 4.562011e-01 -2.544823e+00 -1.261703e+02
<VARIANCE> 6
 3.135520e+01 8.824991e+05 1.593115e+04 2.876443e+02 3.343562e+04 4.108754e+07
<GCONST> 7.144951e+01
<STATE> 3
<NUMMIXES> 8
<MIXTURE> 1 1.328213e-01
<MEAN> 6
 7.639635e+01 1.628309e+02 1.725241e+03 7.507910e-01 -1.387969e+00 -1.131370e+02
<VARIANCE> 6
 3.135520e+01 1.646295e+06 1.002605e+06 2.876443e+02 3.343562e+04 4.108754e+07
<GCONST> 7.621511e+01
<MIXTURE> 2 1.013714e-01
<MEAN> 6
 7.631634e+01 1.114621e+03 -2.726334e+03 -9.804702e-01 -4.815309e+00 -1.176862e+02
<VARIANCE> 6
 3.135520e+01 2.960840e+05 1.973809e+06 2.876443e+02 3.343562e+04 4.108754e+07
<GCONST> 7.517683e+01
<MIXTURE> 3 1.338315e-01
<MEAN> 6
 7.561466e+01 4.601355e+01 3.363155e+02 -2.702373e-01 -3.080157e+00 -1.079375e+02
<VARIANCE> 6
 3.135520e+01 2.519721e+05 1.593115e+04 2.876443e+02 3.343562e+04 4.108754e+07
<GCONST> 7.019607e+01
<MIXTURE> 4 7.983963e-02
<MEAN> 6
 7.449185e+01 -1.521786e+02 -6.408286e+03 -3.839751e-01 -3.809381e+00 -4.751455e+01
<VARIANCE> 6
 3.135520e+01 1.203140e+05 8.351894e+06 2.876443e+02 3.343562e+04 4.108754e+07
<GCONST> 7.571882e+01
<MIXTURE> 5 1.293003e-01
<MEAN> 6
 8.104314e+01 -1.112818e+03 2.300621e+02 -4.913185e-01 -4.367063e+00 -8.188522e+01
<VARIANCE> 6
 7.723557e+01 2.533650e+05 6.133143e+04 2.876443e+02 3.343562e+04 4.108754e+07
<GCONST> 7.245107e+01
<MIXTURE> 6 2.386726e-01
<MEAN> 6
 7.387560e+01 1.805497e+02 4.645819e+01 -1.151915e-01 -1.590150e+00 -9.631158e+01
<VARIANCE> 6
 3.135520e+01 1.841296e+05 1.438330e+06 2.876443e+02 3.343562e+04 4.108754e+07
<GCONST> 7.438535e+01
<MIXTURE> 7 8.765838e-02
<MEAN> 6
 7.566537e+01 7.875629e+02 -2.392155e+03 -7.613053e-01 -4.989958e+00 -1.001571e+02
<VARIANCE> 6
 3.135520e+01 3.812399e+05 4.166700e+06 2.876443e+02 3.343562e+04 4.108754e+07
<GCONST> 7.617677e+01
<MIXTURE> 8 9.641071e-02
<MEAN> 6
 7.991116e+01 -1.858186e+03 -3.998684e+01 -1.616331e+00 -3.799677e-01 -4.220440e+01
<VARIANCE> 6
 1.022403e+02 1.192644e+06 1.610634e+05 2.876443e+02 3.343562e+04 4.108754e+07
<GCONST> 7.524614e+01
<STATE> 4
<NUMMIXES> 8
<MIXTURE> 1 8.334644e-02
<MEAN> 6
 4.978425e+01 -5.518218e+02 1.547702e+02 -1.301671e+01 -7.326656e+02 3.579473e+02
<VARIANCE> 6
 2.428524e+03 2.004642e+07 8.033538e+05 3.942654e+04 1.343372e+06 7.297171e+08
<GCONST> 9.433347e+01
<MIXTURE> 2 1.549454e-01
<MEAN> 6
 -3.638728e+01 4.359350e+02 3.264614e+02 -1.023557e+02 9.856219e+02 2.802013e+03
<VARIANCE> 6
 5.091946e+02 1.986634e+06 3.925739e+06 3.956941e+04 7.452751e+05 3.492652e+08
<GCONST> 9.072378e+01
<MIXTURE> 3 1.217086e-01
<MEAN> 6
 8.448799e+01 -9.928257e+02 5.243201e+02 -6.781490e+00 -1.473511e+02 -3.870355e+02
<VARIANCE> 6
 1.314607e+02 3.443544e+06 2.832106e+06 1.150992e+03 7.202290e+04 4.108754e+07
<GCONST> 8.157884e+01
<MIXTURE> 4 1.229842e-01
<MEAN> 6
 -2.999997e+01 1.442800e+02 -1.355453e+01 1.210248e+02 6.749233e+02 -3.315224e+03
<VARIANCE> 6
 4.278707e+02 9.675354e+05 2.482360e+05 2.407956e+04 2.420985e+05 6.698096e+07
<GCONST> 8.379687e+01
<MIXTURE> 5 1.729309e-01
<MEAN> 6
 5.680354e+01 4.235873e+02 -8.903267e+01 6.052031e+00 -5.677357e+02 3.740056e+02
<VARIANCE> 6
 8.361454e+02 2.675690e+06 6.216330e+06 3.855494e+04 3.123546e+05 9.898550e+07
<GCONST> 8.982069e+01
<MIXTURE> 6 1.161181e-01
<MEAN> 6
 5.220789e+01 1.513534e+02 1.305876e+02 3.356660e+01 -4.783737e+02 -6.194924e+02
<VARIANCE> 6
 8.344771e+02 1.047151e+06 4.088729e+05 4.156143e+04 1.784652e+05 6.379524e+07
<GCONST> 8.523508e+01
<MIXTURE> 7 1.173121e-01
<MEAN> 6
 -5.985939e+01 2.035390e+02 2.053442e+02 2.080569e+01 3.775711e+02 1.716085e+02
<VARIANCE> 6
 9.394770e+01 9.679586e+05 2.347343e+06 1.942170e+03 1.381083e+05 4.108754e+07
<GCONST> 8.096031e+01
<MIXTURE> 8 1.102367e-01
<MEAN> 6
 4.276140e+01 -9.893523e+01 3.987331e+01 -3.659443e+01 -4.239362e+02 -8.789398e+01
<VARIANCE> 6
 1.062839e+03 1.154440e+06 4.414119e+05 4.699095e+04 2.435032e+05 6.040674e+07
<GCONST> 8.603003e+01
<STATE> 5
<NUMMIXES> 8
<MIXTURE> 1 1.266065e-01
<MEAN> 6
 1.013122e+02 7.192548e+02 -1.127542e+03 -5.662453e+00 2.598609e+00 1.263593e+02
<VARIANCE> 6
 6.355602e+01 6.947594e+05 7.046783e+05 2.876443e+02 3.343562e+04 4.108754e+07
<GCONST> 7.570631e+01
<MIXTURE> 2 2.784378e-02
<MEAN> 6
 8.476859e+01 -5.474574e+03 -7.056366e+01 -5.690304e+00 1.061293e+01 4.293353e+01
<VARIANCE> 6
 9.136652e+01 2.206304e+06 1.058548e+05 2.876443e+02 3.343562e+04 4.108754e+07
<GCONST> 7.532912e+01
<MIXTURE> 3 1.431125e-01
<MEAN> 6
 7.376513e+01 5.856473e+02 -9.134543e+01 -9.992228e-01 -3.980782e+00 -6.806556e+01
<VARIANCE> 6
 3.135520e+01 1.756882e+05 1.873364e+05 2.876443e+02 3.343562e+04 4.108754e+07
<GCONST> 7.230009e+01
<MIXTURE> 4 2.044975e-01
<MEAN> 6
 7.142309e+01 1.297741e+02 -8.760410e+01 -8.847953e-01 -4.044557e+00 -1.133627e+02
<VARIANCE> 6
 3.135520e+01 5.263902e+04 1.491837e+05 2.876443e+02 3.343562e+04 4.108754e+07
<GCONST> 7.086711e+01
<MIXTURE> 5 1.082663e-01
<MEAN> 6
 9.008460e+01 -2.264900e+03 -1.789658e+03 -5.126367e+00 4.952199e+00 7.043375e+01
<VARIANCE> 6
 1.183041e+02 6.467354e+06 2.427053e+07 2.876443e+02 3.343562e+04 4.108754e+07
<GCONST> 8.209789e+01
<MIXTURE> 6 1.285510e-01
<MEAN> 6
 8.439474e+01 1.635891e+02 1.137587e+02 -3.400680e+00 -9.718553e-01 7.862540e+01
<VARIANCE> 6
 6.773542e+01 5.596627e+05 3.400582e+06 2.876443e+02 3.343562e+04 4.108754e+07
<GCONST> 7.712773e+01
<MIXTURE> 7 1.356956e-01
<MEAN> 6
 7.399893e+01 4.877769e+02 -2.090975e+02 -1.054724e+00 -4.790944e+00 -7.644733e+01
<VARIANCE> 6
 3.135520e+01 2.086454e+05 2.018518e+05 2.876443e+02 3.343562e+04 4.108754e+07
<GCONST> 7.254665e+01
<MIXTURE> 8 1.253743e-01
<MEAN> 6
 8.006071e+01 1.532042e+02 -5.871277e+02 -3.007602e+00 -4.343676e-01 4.641212e+01
<VARIANCE> 6
 8.095884e+01 3.110571e+05 4.819500e+06 2.876443e+02 3.343562e+04 4.108754e+07
<GCONST> 7.706743e+01
<STATE> 6
<NUMMIXES> 8
<MIXTURE> 1 1.609893e-01
<MEAN> 6
 7.492564e+01 -1.412639e+02 8.888720e+01 -4.356177e+00 -4.063606e+01 3.524702e+01
<VARIANCE> 6
 1.093383e+02 1.035591e+06 3.209906e+05 2.876443e+02 3.343562e+04 4.108754e+07
<GCONST> 7.586168e+01
<MIXTURE> 2 9.483347e-02
<MEAN> 6
 -1.969274e+01 -9.970164e+01 1.990585e+02 -1.621461e+02 5.723831e+02 4.995334e+03
<VARIANCE> 6
 7.972830e+02 5.294517e+05 5.097487e+05 9.705397e+03 5.813688e+05 2.514939e+08
<GCONST> 8.582625e+01
<MIXTURE> 3 1.159617e-01
<MEAN> 6
 1.848980e+01 1.145978e+02 1.130947e+02 1.354081e+02 -5.845898e+01 -1.482572e+03
<VARIANCE> 6
 5.002435e+02 4.046058e+05 4.622875e+05 6.582449e+03 4.655072e+04 4.108754e+07
<GCONST> 8.026865e+01
<MIXTURE> 4 1.549769e-01
<MEAN> 6
 6.215393e+01 -2.672491e+01 1.449191e+01 -1.839054e+01 -6.010800e+02 -1.655581e+02
<VARIANCE> 6
 2.814915e+02 1.365844e+05 3.919080e+04 1.916914e+04 2.714448e+05 1.074977e+08
<GCONST> 7.993382e+01
<MIXTURE> 5 9.258607e-02
<MEAN> 6
 -3.798479e+01 3.248901e+01 -1.837334e+01 6.535346e+01 8.120306e+02 -2.615448e+03
<VARIANCE> 6
 1.424035e+02 1.701106e+05 1.032031e+05 1.393036e+04 1.801469e+05 6.752093e+07
<GCONST> 7.924589e+01
<MIXTURE> 6 1.333912e-01
<MEAN> 6
 5.997579e+01 -3.130431e+02 1.817132e+02 -2.662589e+00 -4.888304e+02 2.302856e+02
<VARIANCE> 6
 2.845269e+02 1.505923e+06 3.847606e+05 1.504676e+04 1.286393e+05 4.108754e+07
<GCONST> 8.267828e+01
<MIXTURE> 7 1.530327e-01
<MEAN> 6
 -2.333267e-01 -2.828392e+01 -3.018782e-01 -2.428802e+01 6.098219e+01 -2.657079e+02
<VARIANCE> 6
 4.123734e+02 1.551262e+05 3.418526e+04 3.105400e+04 1.000805e+05 8.019085e+07
<GCONST> 7.949786e+01
<MIXTURE> 8 9.355190e-02
<MEAN> 6
 -4.748371e+01 -4.030814e+01 1.229763e+01 2.223679e+01 3.581352e+02 -1.060891e+02
<VARIANCE> 6
 1.903706e+02 2.040347e+05 2.995364e+05 1.903557e+03 1.007844e+05 4.108754e+07
<GCONST> 7.771571e+01
<TRANSP> 7
 0.000000e+00 1.000000e+00 0.000000e+00 0.000000e+00 0.000000e+00 0.000000e+00 0.000000e+00
 0.000000e+00 9.994701e-01 5.298752e-04 0.000000e+00 0.000000e+00 0.000000e+00 0.000000e+00
 0.000000e+00 0.000000e+00 9.994852e-01 5.148400e-04 0.000000e+00 0.000000e+00 0.000000e+00
 0.000000e+00 0.000000e+00 0.000000e+00 9.999068e-01 9.316197e-05 0.000000e+00 0.000000e+00
 0.000000e+00 0.000000e+00 0.000000e+00 0.000000e+00 9.995483e-01 4.517424e-04 0.000000e+00
 0.000000e+00 0.000000e+00 0.000000e+00 0.000000e+00 0.000000e+00 9.999059e-01 9.406160e-05
 0.000000e+00 0.000000e+00 0.000000e+00 0.000000e+00 0.000000e+00 0.000000e+00 0.000000e+00
<ENDHMM>
~h "QuintoPRIMARIA"
<BEGINHMM>
<NUMSTATES> 7
<STATE> 2
<NUMMIXES> 8
<MIXTURE> 1 1.115159e-01
<MEAN> 6
 7.111073e+01 3.021613e+01 4.067690e+00 -2.527866e+00 -2.110238e+01 -2.391772e+02
<VARIANCE> 6
 1.586180e+02 2.309082e+05 1.435486e+05 2.876443e+02 3.343562e+04 4.108754e+07
<GCONST> 7.392828e+01
<MIXTURE> 2 6.979460e-02
<MEAN> 6
 4.633772e+01 -9.491331e+01 -2.169500e+02 -6.267112e+01 -6.128967e+02 5.888337e+03
<VARIANCE> 6
 2.851942e+03 9.252297e+05 1.285072e+06 4.899805e+04 2.450075e+06 9.719183e+08
<GCONST> 9.299309e+01
<MIXTURE> 3 1.090601e-01
<MEAN> 6
 -4.247862e+01 -6.095349e+01 1.435566e+02 8.790496e+00 1.109472e+03 -1.970295e+03
<VARIANCE> 6
 4.451380e+02 1.722355e+05 2.590128e+05 3.578158e+04 5.210185e+05 2.435875e+08
<GCONST> 8.460661e+01
<MIXTURE> 4 1.816492e-01
<MEAN> 6
 6.488862e+01 6.582248e+01 -2.023563e+01 1.182483e+01 -5.384754e+02 -5.092526e+02
<VARIANCE> 6
 4.886019e+02 2.076595e+05 7.961425e+04 2.417995e+04 2.038569e+05 4.108754e+07
<GCONST> 8.059708e+01
<MIXTURE> 5 6.185124e-02
<MEAN> 6
 -4.986155e+01 4.176193e-01 -1.839633e+00 1.572996e+01 1.512208e+02 1.610736e+02
<VARIANCE> 6
 2.815509e+02 9.370203e+04 8.322136e+04 3.931422e+02 4.640173e+04 4.108754e+07
<GCONST> 7.369519e+01
<MIXTURE> 6 2.133388e-01
<MEAN> 6
 3.334812e+01 -6.469443e-01 -1.318577e+01 -9.839818e+00 -3.276544e+02 -2.487594e+02
<VARIANCE> 6
 1.064964e+03 5.476728e+04 1.078948e+05 4.877379e+04 3.528252e+05 1.580891e+08
<GCONST> 8.294507e+01
<MIXTURE> 7 1.281487e-01
<MEAN> 6
 -3.386463e+01 -4.091246e+01 -7.500635e+00 3.010405e+01 6.671815e+02 -1.468643e+01
<VARIANCE> 6
 4.451837e+02 7.555975e+04 4.590191e+04 2.661227e+04 1.548082e+05 8.110798e+07
<GCONST> 7.944305e+01
<MIXTURE> 8 1.241694e-01
<MEAN> 6
 7.117822e+01 -4.476338e+01 1.386059e+01 -2.913600e+00 -2.455826e+01 -2.980265e+02
<VARIANCE> 6
 1.986426e+02 5.943683e+04 1.481627e+05 2.876443e+02 3.343562e+04 4.108754e+07
<GCONST> 7.282782e+01
<STATE> 3
<NUMMIXES> 8
<MIXTURE> 1 1.167344e-01
<MEAN> 6
 7.849625e+01 2.486092e+02 3.758176e+03 8.990198e-02 -2.284635e+00 -1.089123e+02
<VARIANCE> 6
 9.667240e+01 6.918498e+04 1.442652e+05 2.876443e+02 3.343562e+04 4.108754e+07
<GCONST> 7.223285e+01
<MIXTURE> 2 1.192249e-01
<MEAN> 6
 5.719916e+01 1.432633e+02 -2.149468e+03 4.821885e-01 -3.567353e+00 -1.241535e+02
<VARIANCE> 6
 3.135520e+01 1.523837e+05 7.435963e+05 2.876443e+02 3.343562e+04 4.108754e+07
<GCONST> 7.353637e+01
<MIXTURE> 3 1.999239e-01
<MEAN> 6
 8.301264e+01 -5.986311e+02 1.000871e+03 -1.587622e+00 -3.647235e+00 -2.140332e+01
<VARIANCE> 6
 3.135520e+01 5.413056e+04 1.435515e+06 2.876443e+02 3.343562e+04 4.108754e+07
<GCONST> 7.315915e+01
<MIXTURE> 4 1.261672e-01
<MEAN> 6
 6.363000e+01 -1.500907e+03 -6.725041e+03 1.488242e+00 -7.514308e+00 -7.614647e+01
<VARIANCE> 6
 3.135520e+01 1.286132e+06 3.896622e+06 2.876443e+02 3.343562e+04 4.108754e+07
<GCONST> 7.732573e+01
<MIXTURE> 5 1.566447e-01
<MEAN> 6
 7.826755e+01 -1.374816e+03 -3.049032e+02 -9.126173e-01 -9.610844e+00 -9.656524e+00
<VARIANCE> 6
 5.143697e+01 4.710184e+04 6.665918e+05 2.876443e+02 3.343562e+04 4.108754e+07
<GCONST> 7.274794e+01
<MIXTURE> 6 8.943896e-02
<MEAN> 6
 5.156947e+01 -1.068082e+03 3.121136e+02 -3.109094e-01 -2.484199e+00 -1.082346e+02
<VARIANCE> 6
 3.135520e+01 1.339358e+04 1.575478e+05 2.876443e+02 3.343562e+04 4.108754e+07
<GCONST> 6.955298e+01
<MIXTURE> 7 7.875430e-02
<MEAN> 6
 7.526944e+01 5.606528e+02 2.603396e+03 1.644382e+00 -6.173563e+00 -1.258126e+02
<VARIANCE> 6
 5.161963e+01 1.039078e+05 1.428739e+06 2.876443e+02 3.343562e+04 4.108754e+07
<GCONST> 7.430504e+01
<MIXTURE> 8 1.130723e-01
<MEAN> 6
 6.008859e+01 1.675103e+02 -3.566817e+03 -2.361658e-01 -5.803829e+00 -9.352448e+01
<VARIANCE> 6
 3.135520e+01 5.662420e+04 1.911373e+06 2.876443e+02 3.343562e+04 4.108754e+07
<GCONST> 7.349049e+01
<STATE> 4
<NUMMIXES> 8
<MIXTURE> 1 1.726576e-01
<MEAN> 6
 9.679627e+01 2.067866e+03 -4.309341e+02 -3.331916e+00 -1.251619e+00 -5.742302e+01
<VARIANCE> 6
 2.968488e+02 1.035419e+06 6.203350e+04 2.876443e+02 3.343562e+04 4.108754e+07
<GCONST> 7.521655e+01
<MIXTURE> 2 4.972215e-02
<MEAN> 6
 5.714585e+01 -8.807788e+03 -1.989740e+03 -5.224527e-01 -5.428001e+00 -7.378738e+01
<VARIANCE> 6
 3.135520e+01 2.076538e+07 3.214861e+04 2.876443e+02 3.343562e+04 4.108754e+07
<GCONST> 7.530988e+01
<MIXTURE> 3 1.322678e-01
<MEAN> 6
 9.736869e+01 8.989749e+02 9.910715e+02 -2.767337e+00 -3.647534e+00 9.922968e+01
<VARIANCE> 6
 3.135520e+01 2.945284e+04 1.074838e+06 2.876443e+02 3.343562e+04 4.108754e+07
<GCONST> 7.226118e+01
<MIXTURE> 4 1.810566e-01
<MEAN> 6
 6.601846e+01 1.228716e+03 -8.591885e+02 -2.846453e-02 -7.007657e-01 -8.406721e+01
<VARIANCE> 6
 3.135520e+01 5.026127e+04 2.294608e+05 2.876443e+02 3.343562e+04 4.108754e+07
<GCONST> 7.125143e+01
<MIXTURE> 5 1.237312e-01
<MEAN> 6
 8.730874e+01 5.218107e+02 -3.089559e+02 -4.309131e+00 4.274239e-01 4.129734e-01
<VARIANCE> 6
 1.450993e+02 1.339358e+04 7.088661e+04 2.876443e+02 3.343562e+04 4.108754e+07
<GCONST> 7.028636e+01
<MIXTURE> 6 1.103145e-01
<MEAN> 6
 5.873417e+01 9.251606e+02 1.464374e+03 1.153216e+00 -2.208203e+00 -7.913158e+01
<VARIANCE> 6
 1.469003e+02 2.528179e+05 1.273492e+05 2.876443e+02 3.343562e+04 4.108754e+07
<GCONST> 7.382245e+01
<MIXTURE> 7 9.587038e-02
<MEAN> 6
 8.860442e+01 3.587308e+02 -1.280640e+03 -1.810829e+00 -7.566823e-01 -3.659353e+01
<VARIANCE> 6
 3.135520e+01 4.047827e+04 2.074062e+05 2.876443e+02 3.343562e+04 4.108754e+07
<GCONST> 7.093391e+01
<MIXTURE> 8 1.343344e-01
<MEAN> 6
 7.723533e+01 5.732760e+02 -5.591031e+02 -1.939592e+00 1.199470e-01 -4.242377e+01
<VARIANCE> 6
 6.265860e+01 1.339358e+04 1.511397e+05 2.876443e+02 3.343562e+04 4.108754e+07
<GCONST> 7.020377e+01
<STATE> 5
<NUMMIXES> 8
<MIXTURE> 1 1.141839e-01
<MEAN> 6
 6.623694e+01 1.718856e+02 1.747543e+02 -2.427198e+00 5.080806e+00 -2.358613e+01
<VARIANCE> 6
 3.135520e+01 1.935936e+04 1.593115e+04 2.876443e+02 3.343562e+04 4.108754e+07
<GCONST> 6.762993e+01
<MIXTURE> 2 1.507809e-01
<MEAN> 6
 8.770973e+01 2.049254e+01 1.628052e+01 -3.465714e+00 3.989861e+00 6.830762e+00
<VARIANCE> 6
 3.135520e+01 2.321113e+04 1.884113e+04 2.876443e+02 3.343562e+04 4.108754e+07
<GCONST> 6.797914e+01
<MIXTURE> 3 1.121174e-01
<MEAN> 6
 7.658001e+01 5.542261e+00 -1.040690e+02 -2.551115e+00 -2.091058e+00 6.172129e+01
<VARIANCE> 6
 1.220166e+02 1.339358e+04 1.534824e+05 2.876443e+02 3.343562e+04 4.108754e+07
<GCONST> 7.088560e+01
<MIXTURE> 4 9.361335e-02
<MEAN> 6
 8.373537e+01 -3.305615e+02 -4.665470e+01 -4.051892e+00 5.521457e+00 -5.120746e+01
<VARIANCE> 6
 1.888803e+02 3.725321e+04 2.826262e+04 2.876443e+02 3.343562e+04 4.108754e+07
<GCONST> 7.065348e+01
<MIXTURE> 5 1.895221e-01
<MEAN> 6
 6.570122e+01 -7.661478e+01 -3.628781e+02 -1.384454e+00 -2.046731e+00 -4.719163e+01
<VARIANCE> 6
 3.135520e+01 6.811477e+04 6.456493e+04 2.876443e+02 3.343562e+04 4.108754e+07
<GCONST> 7.028734e+01
<MIXTURE> 6 9.697431e-02
<MEAN> 6
 7.312231e+01 -3.895384e+01 1.661039e+02 -2.479157e+00 9.360902e-01 7.441463e+01
<VARIANCE> 6
 1.023737e+02 1.339358e+04 8.612762e+04 2.876443e+02 3.343562e+04 4.108754e+07
<GCONST> 7.013232e+01
<MIXTURE> 7 1.348677e-01
<MEAN> 6
 8.546268e+01 -5.626614e+01 -1.545234e+02 -1.889889e+00 4.320299e-01 -4.374562e+01
<VARIANCE> 6
 3.135520e+01 3.489775e+04 3.341605e+04 2.876443e+02 3.343562e+04 4.108754e+07
<GCONST> 6.895993e+01
<MIXTURE> 8 1.078688e-01
<MEAN> 6
 7.543364e+01 -3.533920e+02 -1.920972e+02 -2.371650e+00 -5.972116e-01 -8.573026e+01
<VARIANCE> 6
 7.237106e+01 1.712134e+04 6.784399e+04 2.876443e+02 3.343562e+04 4.108754e+07
<GCONST> 6.979243e+01
<STATE> 6
<NUMMIXES> 8
<MIXTURE> 1 2.341448e-01
<MEAN> 6
 8.369688e+01 2.287884e+02 4.007852e+02 -4.276266e+00 -1.542770e+01 -1.425822e+02
<VARIANCE> 6
 2.508448e+02 1.952756e+06 2.138890e+06 2.876443e+02 3.343562e+04 4.108754e+07
<GCONST> 7.922296e+01
<MIXTURE> 2 1.435128e-02
<MEAN> 6
 -6.532480e+00 1.618056e+02 1.089466e+02 -1.846166e+01 9.977890e+00 4.068107e+03
<VARIANCE> 6
 1.166596e+04 1.975020e+05 4.053543e+05 1.996672e+06 1.091725e+09 1.605781e+12
<GCONST> 1.089204e+02
<MIXTURE> 3 9.961117e-02
<MEAN> 6
 4.203257e+01 3.990838e+02 9.287752e+01 -5.688464e+01 -4.484475e+02 1.335852e+03
<VARIANCE> 6
 1.849420e+03 3.308565e+06 8.271038e+06 4.692705e+04 5.528513e+05 1.554559e+08
<GCONST> 9.233125e+01
<MIXTURE> 4 1.308449e-01
<MEAN> 6
 -3.617663e+01 -8.535761e+01 2.163506e+02 8.716063e+01 7.493311e+02 -2.162401e+03
<VARIANCE> 6
 4.000318e+02 1.409956e+06 1.127332e+06 3.024333e+04 2.923482e+05 7.392678e+07
<GCONST> 8.613456e+01
<MIXTURE> 5 1.458928e-01
<MEAN> 6
 6.383506e+01 -5.842819e+01 1.418522e+02 3.632860e+01 -4.417631e+02 -4.942620e+02
<VARIANCE> 6
 5.712213e+02 4.379646e+05 1.159846e+06 2.106258e+04 1.308873e+05 4.108754e+07
<GCONST> 8.359729e+01
<MIXTURE> 6 9.642404e-02
<MEAN> 6
 1.587060e+00 -1.516223e+02 -5.352694e+02 -1.016721e+02 3.612259e+02 3.426544e+03
<VARIANCE> 6
 4.693111e+03 1.767509e+06 4.065226e+06 4.782387e+04 3.944660e+06 2.065984e+09
<GCONST> 9.649620e+01
<MIXTURE> 7 1.584286e-01
<MEAN> 6
 4.351995e+01 -2.679522e+02 2.361446e+01 -1.013797e+01 -4.028246e+02 -9.285708e+02
<VARIANCE> 6
 1.332951e+03 5.374583e+05 4.136419e+05 4.735015e+04 4.377287e+05 1.748125e+08
<GCONST> 8.708369e+01
<MIXTURE> 8 1.194621e-01
<MEAN> 6
 -6.389761e+01 -2.917856e+01 -5.741039e+01 1.674952e+01 3.713891e+02 2.900601e+02
<VARIANCE> 6
 2.190029e+02 6.068811e+05 1.263541e+06 3.283875e+03 1.715576e+05 5.962642e+07
<GCONST> 8.183493e+01
<TRANSP> 7
 0.000000e+00 1.000000e+00 0.000000e+00 0.000000e+00 0.000000e+00 0.000000e+00 0.000000e+00
 0.000000e+00 9.999076e-01 9.238402e-05 0.000000e+00 0.000000e+00 0.000000e+00 0.000000e+00
 0.000000e+00 0.000000e+00 9.991524e-01 8.475811e-04 0.000000e+00 0.000000e+00 0.000000e+00
 0.000000e+00 0.000000e+00 0.000000e+00 9.991097e-01 8.902790e-04 0.000000e+00 0.000000e+00
 0.000000e+00 0.000000e+00 0.000000e+00 0.000000e+00 9.993374e-01 6.625767e-04 0.000000e+00
 0.000000e+00 0.000000e+00 0.000000e+00 0.000000e+00 0.000000e+00 9.999238e-01 7.615845e-05
 0.000000e+00 0.000000e+00 0.000000e+00 0.000000e+00 0.000000e+00 0.000000e+00 0.000000e+00
<ENDHMM>
