~o
<STREAMINFO> 1 6
<VECSIZE> 6<NULLD><USER><DIAGC>
~h "SegundoPRIMARIA"
<BEGINHMM>
<NUMSTATES> 3
<STATE> 2
<NUMMIXES> 4
<MIXTURE> 1 1.065685e-02
<MEAN> 6
 4.679637e+01 -5.731779e+01 -7.409929e+00 -6.879770e+00 -9.858721e+02 6.545333e+03
<VARIANCE> 6
 7.529060e+03 1.101334e+06 6.445938e+05 5.533513e+05 2.714303e+08 3.866160e+11
<GCONST> 1.065659e+02
<MIXTURE> 2 3.506303e-01
<MEAN> 6
 4.782452e+01 7.662816e+01 4.495955e+01 2.544692e+01 2.841102e+01 -2.905901e+02
<VARIANCE> 6
 3.456568e+03 3.934786e+05 3.301059e+05 1.008533e+04 9.354085e+04 4.999102e+07
<GCONST> 8.315759e+01
<MIXTURE> 3 2.786053e-01
<MEAN> 6
 3.246958e+01 -4.626071e+01 -7.418249e+00 -4.135825e+01 2.886972e+01 8.555131e+02
<VARIANCE> 6
 4.156148e+03 2.778001e+06 1.373841e+06 5.203367e+04 2.016183e+06 6.253235e+08
<GCONST> 9.396011e+01
<MIXTURE> 4 3.580220e-01
<MEAN> 6
 3.299825e+01 -3.724857e+01 -3.804226e+01 8.558698e+00 -2.109823e+01 -5.815473e+02
<VARIANCE> 6
 3.560947e+03 1.185211e+05 1.347115e+05 2.844632e+04 5.498684e+05 5.414196e+07
<GCONST> 8.397910e+01
<TRANSP> 3
 0.000000e+00 1.000000e+00 0.000000e+00
 0.000000e+00 9.999629e-01 3.712923e-05
 0.000000e+00 0.000000e+00 0.000000e+00
<ENDHMM>
~h "SegundoESO"
<BEGINHMM>
<NUMSTATES> 3
<STATE> 2
<NUMMIXES> 4
<MIXTURE> 1 2.958729e-01
<MEAN> 6
 7.531439e+01 -7.503242e+01 -5.300085e+01 -1.848776e+00 -3.425327e+01 -3.635801e+01
<VARIANCE> 6
 1.569449e+02 3.808096e+06 3.628473e+06 2.966935e+02 3.907247e+04 4.999102e+07
<GCONST> 8.033334e+01
<MIXTURE> 2 2.166080e-01
<MEAN> 6
 7.182150e-01 1.304393e+02 5.277502e+01 5.498088e+01 1.473827e+02 -8.420221e+02
<VARIANCE> 6
 2.340257e+03 2.802191e+05 1.780454e+05 1.411211e+04 2.048446e+05 4.999102e+07
<GCONST> 8.293056e+01
<MIXTURE> 3 2.605913e-01
<MEAN> 6
 5.272695e+00 4.821713e+01 1.367859e+01 -2.582686e+01 1.346713e+02 7.141138e+02
<VARIANCE> 6
 2.844162e+03 4.184151e+06 2.154792e+06 3.733678e+04 1.105035e+06 2.671113e+08
<GCONST> 9.265660e+01
<MIXTURE> 4 2.257543e-01
<MEAN> 6
 3.466837e+01 -8.288747e+01 2.760122e+00 -1.941540e+01 -2.527500e+02 3.486273e+01
<VARIANCE> 6
 1.752192e+03 3.580093e+05 1.219949e+05 2.653415e+04 2.993143e+05 4.999102e+07
<GCONST> 8.351872e+01
<TRANSP> 3
 0.000000e+00 1.000000e+00 0.000000e+00
 0.000000e+00 9.999633e-01 3.664980e-05
 0.000000e+00 0.000000e+00 0.000000e+00
<ENDHMM>
~h "QuintoPRIMARIA"
<BEGINHMM>
<NUMSTATES> 3
<STATE> 2
<NUMMIXES> 4
<MIXTURE> 1 3.346170e-01
<MEAN> 6
 7.707512e+01 1.211056e+02 8.915417e+01 -2.561293e+00 -1.938521e+01 -1.355568e+02
<VARIANCE> 6
 2.278393e+02 7.297919e+05 1.224966e+06 2.966935e+02 3.907247e+04 4.999102e+07
<GCONST> 7.796807e+01
<MIXTURE> 2 2.586357e-02
<MEAN> 6
 1.951653e+01 -4.740196e+02 -8.874748e+02 -5.358878e+01 -2.043438e+02 5.804487e+03
<VARIANCE> 6
 6.805934e+03 1.103757e+07 7.250537e+06 5.538260e+05 2.872802e+08 4.201364e+11
<GCONST> 1.113306e+02
<MIXTURE> 3 5.365081e-01
<MEAN> 6
 1.055391e+00 -5.045493e+01 1.498873e+01 2.101742e+00 8.710203e+01 -1.919885e+02
<VARIANCE> 6
 2.894091e+03 5.465102e+05 8.246617e+05 3.590248e+04 8.401388e+05 1.827827e+08
<GCONST> 8.898541e+01
<MIXTURE> 4 1.034473e-01
<MEAN> 6
 6.642210e+01 -9.633245e+00 -1.421925e+02 1.350815e+01 -3.363182e+02 1.079836e+00
<VARIANCE> 6
 5.856852e+02 1.817278e+06 7.838230e+06 1.842569e+04 1.301042e+05 4.999102e+07
<GCONST> 8.701237e+01
<TRANSP> 3
 0.000000e+00 1.000000e+00 0.000000e+00
 0.000000e+00 9.999642e-01 3.583100e-05
 0.000000e+00 0.000000e+00 0.000000e+00
<ENDHMM>
