~o
<STREAMINFO> 1 6
<VECSIZE> 6<NULLD><USER><DIAGC>
~h "SegundoPRIMARIA"
<BEGINHMM>
<NUMSTATES> 7
<STATE> 2
<NUMMIXES> 12
<MIXTURE> 1 7.878591e-02
<MEAN> 6
 1.056172e+02 -1.836617e+02 4.810421e+02 -9.582076e+00 -5.458942e+01 -4.517587e+02
<VARIANCE> 6
 1.941277e+02 1.197740e+06 8.452266e+05 3.538831e+02 3.743564e+04 4.829342e+07
<GCONST> 7.803123e+01
<MIXTURE> 2 5.875732e-02
<MEAN> 6
 4.252030e+01 -6.119324e+02 -6.418460e+01 -3.419102e+01 -3.013147e+02 2.611725e+03
<VARIANCE> 6
 4.620635e+03 3.665731e+07 1.822506e+06 6.596905e+04 4.253372e+06 3.222661e+09
<GCONST> 9.955203e+01
<MIXTURE> 3 1.032356e-01
<MEAN> 6
 -4.126910e+01 6.722066e+01 -1.704106e+01 -8.687812e+01 1.185050e+03 1.002659e+03
<VARIANCE> 6
 9.029537e+02 4.582524e+05 1.910746e+06 5.726590e+04 9.145033e+05 5.910546e+08
<GCONST> 9.021013e+01
<MIXTURE> 4 8.527821e-02
<MEAN> 6
 3.136501e+01 -2.768391e+01 -9.121207e+01 2.436735e+02 -1.602733e+02 -3.075043e+03
<VARIANCE> 6
 8.617583e+02 3.817286e+05 1.259842e+06 6.379233e+03 1.643672e+05 5.343304e+07
<GCONST> 8.324980e+01
<MIXTURE> 5 8.444240e-02
<MEAN> 6
 -6.846098e+01 1.376883e+02 -2.712304e+02 -3.793372e+00 1.333314e+02 2.194107e+02
<VARIANCE> 6
 3.202784e+02 3.674182e+05 1.301946e+06 6.334329e+02 5.424673e+04 4.829342e+07
<GCONST> 7.873534e+01
<MIXTURE> 6 7.691889e-02
<MEAN> 6
 1.005737e+02 2.222948e+01 7.161613e+01 2.486060e+01 -7.473655e+02 -1.420112e+03
<VARIANCE> 6
 3.557710e+02 6.751472e+05 1.426545e+06 1.720002e+04 9.870861e+05 4.088443e+08
<GCONST> 8.787902e+01
<MIXTURE> 7 6.866192e-02
<MEAN> 6
 7.424796e+01 6.699490e+02 -7.869403e+02 3.670514e+00 -3.236729e+01 -1.268281e+02
<VARIANCE> 6
 1.295992e+02 4.726206e+05 9.342891e+05 2.940807e+02 3.743564e+04 4.829342e+07
<GCONST> 7.661234e+01
<MIXTURE> 8 1.260144e-01
<MEAN> 6
 -4.811403e+01 -2.879817e+01 1.092006e+01 5.664183e+01 6.098071e+02 -6.348644e+02
<VARIANCE> 6
 5.917910e+02 2.120354e+05 1.043123e+06 2.073090e+04 1.445743e+05 5.939023e+07
<GCONST> 8.325323e+01
<MIXTURE> 9 8.355106e-02
<MEAN> 6
 6.777644e+01 -5.275634e+02 1.670958e+03 -6.548869e-01 -3.584296e+00 -1.051644e+02
<VARIANCE> 6
 1.066750e+02 1.898638e+05 1.381733e+06 2.940807e+02 3.743564e+04 4.829342e+07
<GCONST> 7.589700e+01
<MIXTURE> 10 9.421518e-02
<MEAN> 6
 6.491357e+01 -5.491444e+00 8.700742e+01 -8.352853e+01 -4.650683e+02 3.417944e+02
<VARIANCE> 6
 1.107429e+03 1.377899e+05 7.248081e+05 2.426555e+04 1.728103e+05 4.829342e+07
<GCONST> 8.321378e+01
<MIXTURE> 11 6.650901e-02
<MEAN> 6
 5.353701e+01 -4.649710e+01 -1.337863e+02 -1.458518e+02 -1.036342e+03 3.083703e+03
<VARIANCE> 6
 6.623773e+02 3.691058e+05 2.263136e+06 5.539920e+04 4.850568e+05 2.535118e+08
<GCONST> 8.833946e+01
<MIXTURE> 12 7.335653e-02
<MEAN> 6
 7.548178e+01 1.707422e+02 -1.201474e+03 4.715210e-01 -2.225276e+01 -1.389917e+02
<VARIANCE> 6
 1.009334e+02 1.480885e+05 8.464952e+05 2.940807e+02 3.743564e+04 4.829342e+07
<GCONST> 7.510318e+01
<STATE> 3
<NUMMIXES> 12
<MIXTURE> 1 1.002727e-01
<MEAN> 6
 1.224477e+02 5.437209e+02 1.681036e+03 -2.494303e+00 8.018164e-01 -2.766302e+01
<VARIANCE> 6
 3.163787e+01 9.466847e+05 3.922424e+05 2.940807e+02 3.743564e+04 4.829342e+07
<GCONST> 7.502901e+01
<MIXTURE> 2 1.239714e-01
<MEAN> 6
 1.012916e+02 4.056384e+02 7.541930e+02 -3.066364e+00 -5.877933e+00 7.902619e+00
<VARIANCE> 6
 4.378126e+01 1.566636e+06 1.339495e+05 2.940807e+02 3.743564e+04 4.829342e+07
<GCONST> 7.478317e+01
<MIXTURE> 3 1.063510e-01
<MEAN> 6
 8.852384e+01 1.045541e+03 -1.309491e+03 -2.251191e+00 -4.729972e+00 4.086429e+01
<VARIANCE> 6
 3.163787e+01 2.710999e+04 5.466553e+05 2.940807e+02 3.743564e+04 4.829342e+07
<GCONST> 7.180789e+01
<MIXTURE> 4 3.981759e-02
<MEAN> 6
 9.785077e+01 -3.001618e+02 7.803284e+02 -2.282839e+00 9.653425e-01 -7.643887e+01
<VARIANCE> 6
 3.163787e+01 1.276023e+04 6.577172e+04 2.940807e+02 3.743564e+04 4.829342e+07
<GCONST> 6.893669e+01
<MIXTURE> 5 7.234071e-02
<MEAN> 6
 9.388811e+01 -4.107707e+02 -5.525372e+02 -5.807353e-01 -4.490048e+00 2.713656e+01
<VARIANCE> 6
 3.163787e+01 1.986257e+04 1.373229e+04 2.940807e+02 3.743564e+04 4.829342e+07
<GCONST> 6.781274e+01
<MIXTURE> 6 8.281983e-02
<MEAN> 6
 1.000208e+02 -3.141171e+03 -1.191906e+02 -3.922173e+00 -1.843116e+00 -1.582642e+02
<VARIANCE> 6
 3.163787e+01 5.450266e+05 1.809338e+04 2.940807e+02 3.743564e+04 4.829342e+07
<GCONST> 7.140054e+01
<MIXTURE> 7 9.641112e-02
<MEAN> 6
 8.833089e+01 3.280912e+02 3.710740e+02 -4.660410e-02 -1.377523e-01 -8.152235e+01
<VARIANCE> 6
 3.163787e+01 4.756301e+04 2.420373e+04 2.940807e+02 3.743564e+04 4.829342e+07
<GCONST> 6.925273e+01
<MIXTURE> 8 7.919957e-02
<MEAN> 6
 9.214180e+01 -1.595861e+01 1.089676e+02 -1.953775e+00 2.817864e+00 -9.438960e+01
<VARIANCE> 6
 3.163787e+01 1.276023e+04 2.106815e+05 2.940807e+02 3.743564e+04 4.829342e+07
<GCONST> 7.010085e+01
<MIXTURE> 9 4.719941e-02
<MEAN> 6
 8.606422e+01 -1.702751e+02 -2.983840e+03 -5.434619e+00 -3.677864e-01 1.169289e+02
<VARIANCE> 6
 8.600050e+01 2.001704e+04 5.170431e+04 2.940807e+02 3.743564e+04 4.829342e+07
<GCONST> 7.014629e+01
<MIXTURE> 10 1.063481e-01
<MEAN> 6
 9.197408e+01 2.334475e+02 1.599635e+02 -1.673546e+00 -6.308206e-01 -7.222511e+01
<VARIANCE> 6
 3.163787e+01 1.189726e+05 1.373229e+04 2.940807e+02 3.743564e+04 4.829342e+07
<GCONST> 6.960281e+01
<MIXTURE> 11 7.118189e-02
<MEAN> 6
 9.346121e+01 -4.960933e+02 -5.454612e+02 6.435695e-01 -3.891831e+00 -7.699184e+01
<VARIANCE> 6
 3.163787e+01 1.703111e+04 1.373229e+04 2.940807e+02 3.743564e+04 4.829342e+07
<GCONST> 6.765895e+01
<MIXTURE> 12 7.407232e-02
<MEAN> 6
 9.142979e+01 -7.302708e+01 -1.855371e+02 -1.908391e+00 3.877470e+00 -9.573721e+01
<VARIANCE> 6
 3.163787e+01 1.276023e+04 2.626507e+05 2.940807e+02 3.743564e+04 4.829342e+07
<GCONST> 7.032132e+01
<STATE> 4
<NUMMIXES> 12
<MIXTURE> 1 3.412245e-02
<MEAN> 6
 7.896092e+01 2.616944e+03 -2.103085e+02 -1.391805e+00 -9.204620e-01 -1.255228e+02
<VARIANCE> 6
 3.163787e+01 7.783990e+04 1.373229e+04 2.940807e+02 3.743564e+04 4.829342e+07
<GCONST> 6.917857e+01
<MIXTURE> 2 1.273846e-01
<MEAN> 6
 7.537189e+01 1.225272e+02 -1.410723e+02 -8.220526e-01 -1.379492e+00 -9.178942e+01
<VARIANCE> 6
 3.163787e+01 1.276023e+04 4.399693e+04 2.940807e+02 3.743564e+04 4.829342e+07
<GCONST> 6.853462e+01
<MIXTURE> 3 1.160884e-01
<MEAN> 6
 7.408192e+01 -5.447275e+01 2.838853e+02 5.781307e-01 -8.214296e-01 -1.115181e+02
<VARIANCE> 6
 3.163787e+01 1.453935e+05 1.886272e+04 2.940807e+02 3.743564e+04 4.829342e+07
<GCONST> 7.012080e+01
<MIXTURE> 4 4.568965e-02
<MEAN> 6
 7.845270e+01 -1.215554e+03 -7.863450e+02 -1.840058e+00 -3.648623e+00 -1.460663e+02
<VARIANCE> 6
 3.163787e+01 4.931914e+05 1.373229e+04 2.940807e+02 3.743564e+04 4.829342e+07
<GCONST> 7.102481e+01
<MIXTURE> 5 1.126066e-01
<MEAN> 6
 7.563811e+01 1.239040e+02 -2.000463e+02 -8.755568e-01 -1.311599e+00 -9.256850e+01
<VARIANCE> 6
 3.163787e+01 1.276023e+04 5.084224e+04 2.940807e+02 3.743564e+04 4.829342e+07
<GCONST> 6.867923e+01
<MIXTURE> 6 1.142947e-01
<MEAN> 6
 8.023341e+01 3.518457e+00 -2.297315e+02 -9.379147e-01 -2.544456e+00 -1.033244e+02
<VARIANCE> 6
 3.163787e+01 1.276023e+04 1.628463e+04 2.940807e+02 3.743564e+04 4.829342e+07
<GCONST> 6.754073e+01
<MIXTURE> 7 5.767240e-02
<MEAN> 6
 7.727732e+01 1.615620e+02 -3.724370e+02 -6.592491e-01 -1.726482e+00 -8.111964e+01
<VARIANCE> 6
 3.163787e+01 1.276023e+04 7.466634e+04 2.940807e+02 3.743564e+04 4.829342e+07
<GCONST> 6.906352e+01
<MIXTURE> 8 1.029933e-01
<MEAN> 6
 7.349381e+01 6.770555e+02 7.641442e+02 -1.117758e+00 -9.683771e-01 -6.870161e+01
<VARIANCE> 6
 3.163787e+01 9.638702e+04 2.269958e+04 2.940807e+02 3.743564e+04 4.829342e+07
<GCONST> 6.989488e+01
<MIXTURE> 9 5.103485e-02
<MEAN> 6
 7.486332e+01 -1.007095e+03 9.837484e+01 1.130402e-01 1.496196e+01 -1.919334e+02
<VARIANCE> 6
 3.163787e+01 2.275340e+04 1.494606e+05 2.940807e+02 3.743564e+04 4.829342e+07
<GCONST> 7.033591e+01
<MIXTURE> 10 8.693761e-02
<MEAN> 6
 7.846407e+01 -3.213613e+02 5.550712e+01 -3.273422e+00 -6.707814e+00 -7.924507e+01
<VARIANCE> 6
 3.163787e+01 1.149406e+05 4.942144e+04 2.940807e+02 3.743564e+04 4.829342e+07
<GCONST> 7.084897e+01
<MIXTURE> 11 9.162167e-02
<MEAN> 6
 7.192593e+01 -7.882026e+02 -5.822424e+02 -3.512212e+00 -5.312613e+00 -1.801850e+01
<VARIANCE> 6
 3.163787e+01 1.276023e+04 9.986019e+04 2.940807e+02 3.743564e+04 4.829342e+07
<GCONST> 6.935426e+01
<MIXTURE> 12 5.952154e-02
<MEAN> 6
 7.724533e+01 1.473873e+02 -4.228374e+02 -7.569745e-01 -3.352561e-01 -9.493894e+01
<VARIANCE> 6
 3.163787e+01 1.276023e+04 5.778374e+04 2.940807e+02 3.743564e+04 4.829342e+07
<GCONST> 6.880721e+01
<STATE> 5
<NUMMIXES> 12
<MIXTURE> 1 8.782142e-02
<MEAN> 6
 6.799529e+01 -1.365185e+02 1.316676e+02 1.814790e+00 -1.366092e+00 -1.395399e+02
<VARIANCE> 6
 3.163787e+01 1.276023e+04 1.373229e+04 2.940807e+02 3.743564e+04 4.829342e+07
<GCONST> 6.737025e+01
<MIXTURE> 2 7.400925e-02
<MEAN> 6
 6.530225e+01 8.869143e+02 -1.390393e+02 -6.617655e-01 -1.543710e+00 -2.114488e+02
<VARIANCE> 6
 3.163787e+01 1.791664e+04 1.373229e+04 2.940807e+02 3.743564e+04 4.829342e+07
<GCONST> 6.770964e+01
<MIXTURE> 3 1.071332e-01
<MEAN> 6
 6.218886e+01 -4.783974e+02 -1.074490e+02 1.077945e-01 -1.917248e-01 -1.037607e+02
<VARIANCE> 6
 3.163787e+01 1.276023e+04 1.158200e+05 2.940807e+02 3.743564e+04 4.829342e+07
<GCONST> 6.950253e+01
<MIXTURE> 4 1.099208e-01
<MEAN> 6
 6.820205e+01 1.385295e+01 -9.357932e+02 -1.534687e+00 -7.269238e+00 -1.544344e+02
<VARIANCE> 6
 3.163787e+01 1.276023e+04 1.861136e+04 2.940807e+02 3.743564e+04 4.829342e+07
<GCONST> 6.767427e+01
<MIXTURE> 5 9.930665e-02
<MEAN> 6
 5.790303e+01 4.129448e+02 -2.128916e+02 7.326142e-01 -5.696553e+00 -2.574602e+02
<VARIANCE> 6
 3.211558e+01 1.276023e+04 1.373229e+04 2.940807e+02 3.743564e+04 4.829342e+07
<GCONST> 6.738524e+01
<MIXTURE> 6 3.893002e-02
<MEAN> 6
 5.702716e+01 -1.296478e+03 -5.710495e+02 3.432937e+00 -1.020714e+01 3.049565e+01
<VARIANCE> 6
 3.163787e+01 4.083493e+04 1.910114e+04 2.940807e+02 3.743564e+04 4.829342e+07
<GCONST> 6.886345e+01
<MIXTURE> 7 6.081244e-02
<MEAN> 6
 6.601905e+01 -3.523769e+01 -6.657856e+00 1.200103e+00 -2.534539e+00 -1.074245e+02
<VARIANCE> 6
 3.163787e+01 1.276023e+04 1.097648e+05 2.940807e+02 3.743564e+04 4.829342e+07
<GCONST> 6.944884e+01
<MIXTURE> 8 1.055947e-01
<MEAN> 6
 6.176841e+01 -4.666182e+02 -2.154535e+02 1.054641e-01 2.924666e-01 -9.813685e+01
<VARIANCE> 6
 3.163787e+01 1.276023e+04 9.593754e+04 2.940807e+02 3.743564e+04 4.829342e+07
<GCONST> 6.931419e+01
<MIXTURE> 9 7.086951e-02
<MEAN> 6
 6.839661e+01 -1.556732e+02 9.134343e+01 1.426257e+00 -1.731588e+00 -1.337977e+02
<VARIANCE> 6
 3.163787e+01 1.276023e+04 1.684308e+04 2.940807e+02 3.743564e+04 4.829342e+07
<GCONST> 6.757443e+01
<MIXTURE> 10 9.830869e-02
<MEAN> 6
 6.536288e+01 -4.298919e+01 -2.490207e+02 7.538621e-01 -7.447865e-01 -1.490957e+02
<VARIANCE> 6
 3.163787e+01 1.276023e+04 1.373229e+04 2.940807e+02 3.743564e+04 4.829342e+07
<GCONST> 6.737025e+01
<MIXTURE> 11 4.943655e-02
<MEAN> 6
 6.562284e+01 -2.048810e+02 -1.131895e+03 1.014822e+00 -9.351808e+00 -7.136411e+01
<VARIANCE> 6
 3.163787e+01 1.591911e+04 3.227758e+04 2.940807e+02 3.743564e+04 4.829342e+07
<GCONST> 6.844606e+01
<MIXTURE> 12 9.780653e-02
<MEAN> 6
 6.515250e+01 -7.140721e+01 -2.603899e+02 6.615815e-01 -3.387459e-01 -1.420632e+02
<VARIANCE> 6
 3.163787e+01 1.276023e+04 1.373229e+04 2.940807e+02 3.743564e+04 4.829342e+07
<GCONST> 6.737025e+01
<STATE> 6
<NUMMIXES> 12
<MIXTURE> 1 6.472901e-03
<MEAN> 6
 2.029648e+01 3.710348e+01 2.918607e+02 1.445578e+01 -8.616003e+02 7.398323e+03
<VARIANCE> 6
 8.469109e+03 1.784170e+06 1.999832e+06 9.188684e+05 4.961896e+08 7.600557e+11
<GCONST> 1.100845e+02
<MIXTURE> 2 1.336072e-01
<MEAN> 6
 2.785453e+01 1.129887e+02 2.824629e+01 2.470686e+02 -5.425580e+01 -3.134840e+03
<VARIANCE> 6
 7.233765e+02 1.954122e+05 1.040897e+05 7.842146e+03 2.145165e+05 7.944164e+07
<GCONST> 8.078101e+01
<MIXTURE> 3 9.040222e-02
<MEAN> 6
 9.045829e+01 -6.127540e+01 7.884172e+01 3.942725e+01 -1.017493e+03 -9.915591e+02
<VARIANCE> 6
 5.953628e+02 7.568732e+05 4.594393e+05 3.489528e+04 2.401774e+06 1.342833e+09
<GCONST> 9.016101e+01
<MIXTURE> 4 8.307294e-02
<MEAN> 6
 9.497410e+01 -5.583689e+01 3.898579e+01 -5.050360e+00 -2.298435e+01 -2.245828e+02
<VARIANCE> 6
 1.957848e+02 7.208880e+04 1.408337e+05 2.940807e+02 3.743564e+04 4.829342e+07
<GCONST> 7.325230e+01
<MIXTURE> 5 8.769888e-02
<MEAN> 6
 -3.824802e+01 1.455696e+01 2.707023e+00 -1.416676e+02 1.427804e+03 3.710576e+03
<VARIANCE> 6
 7.587727e+02 2.081921e+05 4.551567e+05 5.195977e+04 1.498935e+06 1.097272e+09
<GCONST> 8.882816e+01
<MIXTURE> 6 7.761736e-02
<MEAN> 6
 8.456938e+01 2.545656e+01 1.382192e+02 -1.456874e+00 -5.169622e+02 -2.546082e+02
<VARIANCE> 6
 2.465018e+02 9.510135e+04 1.676225e+05 1.649413e+04 1.472356e+05 4.829976e+07
<GCONST> 7.933028e+01
<MIXTURE> 7 7.523375e-02
<MEAN> 6
 -3.645126e+01 1.730624e+02 6.720085e+01 9.589929e+01 8.994548e+02 -1.562489e+03
<VARIANCE> 6
 2.824578e+02 2.161463e+05 6.616777e+04 2.420429e+04 2.712156e+05 8.691393e+07
<GCONST> 8.093983e+01
<MIXTURE> 8 1.088238e-01
<MEAN> 6
 3.034946e+01 3.126049e+01 1.117073e+02 -2.806064e+02 -4.472639e+02 5.814598e+03
<VARIANCE> 6
 8.038586e+02 9.488479e+04 1.563252e+05 1.011670e+04 6.654591e+05 2.009878e+08
<GCONST> 8.288573e+01
<MIXTURE> 9 8.488474e-02
<MEAN> 6
 -5.347858e+01 8.627206e+01 9.709827e+00 9.264000e+00 2.426591e+02 5.029212e+02
<VARIANCE> 6
 2.516483e+02 1.974706e+05 1.232564e+05 1.054682e+03 8.270588e+04 4.829342e+07
<GCONST> 7.644751e+01
<MIXTURE> 10 8.201784e-02
<MEAN> 6
 9.565327e+01 -1.167588e+02 -1.676331e+02 -6.267577e+00 -2.667633e+01 -2.000500e+02
<VARIANCE> 6
 2.650815e+02 7.911362e+05 1.387289e+05 2.940807e+02 3.743564e+04 4.829342e+07
<GCONST> 7.593584e+01
<MIXTURE> 11 9.033246e-02
<MEAN> 6
 8.835365e+01 -1.998865e+01 -7.242835e+00 -2.183923e+01 -9.272066e+02 -2.468997e+03
<VARIANCE> 6
 3.209044e+02 1.667269e+05 5.086154e+04 2.203496e+04 3.172765e+05 1.314924e+08
<GCONST> 8.102176e+01
<MIXTURE> 12 7.922220e-02
<MEAN> 6
 -4.546101e+01 9.820799e+00 -3.732148e+01 2.436586e+01 8.620214e+02 -1.609521e+03
<VARIANCE> 6
 3.583654e+02 1.041064e+05 7.383642e+04 2.141960e+04 2.341482e+05 1.097715e+08
<GCONST> 8.052127e+01
<TRANSP> 7
 0.000000e+00 1.000000e+00 0.000000e+00 0.000000e+00 0.000000e+00 0.000000e+00 0.000000e+00
 0.000000e+00 9.998386e-01 1.613936e-04 0.000000e+00 0.000000e+00 0.000000e+00 0.000000e+00
 0.000000e+00 0.000000e+00 9.990433e-01 9.566263e-04 0.000000e+00 0.000000e+00 0.000000e+00
 0.000000e+00 0.000000e+00 0.000000e+00 9.991549e-01 8.451001e-04 0.000000e+00 0.000000e+00
 0.000000e+00 0.000000e+00 0.000000e+00 0.000000e+00 9.992426e-01 7.573699e-04 0.000000e+00
 0.000000e+00 0.000000e+00 0.000000e+00 0.000000e+00 0.000000e+00 9.999410e-01 5.903635e-05
 0.000000e+00 0.000000e+00 0.000000e+00 0.000000e+00 0.000000e+00 0.000000e+00 0.000000e+00
<ENDHMM>
~h "SegundoESO"
<BEGINHMM>
<NUMSTATES> 7
<STATE> 2
<NUMMIXES> 12
<MIXTURE> 1 4.617888e-02
<MEAN> 6
 8.870615e+01 -4.184044e+03 7.464644e+03 -1.168941e+00 -8.211309e+00 -2.753235e+01
<VARIANCE> 6
 5.463691e+01 4.079526e+05 1.741334e+07 2.940807e+02 3.743564e+04 4.829342e+07
<GCONST> 7.852666e+01
<MIXTURE> 2 3.489041e-02
<MEAN> 6
 7.509310e+01 8.133472e+03 1.938560e+03 1.819886e+00 -2.486267e+00 -1.352594e+02
<VARIANCE> 6
 8.883336e+01 6.008994e+07 5.905839e+07 1.347029e+03 8.238008e+04 4.829342e+07
<GCONST> 8.753697e+01
<MIXTURE> 3 1.236023e-01
<MEAN> 6
 8.274713e+01 -7.371310e+02 1.412332e+02 -2.841016e-01 -4.775227e+00 -1.031903e+02
<VARIANCE> 6
 3.163787e+01 2.305472e+04 2.657120e+04 2.940807e+02 3.743564e+04 4.829342e+07
<GCONST> 6.862186e+01
<MIXTURE> 4 6.640009e-02
<MEAN> 6
 9.269642e+01 -5.180758e+03 -3.139273e+02 -5.838027e+00 -4.601914e+01 8.726264e+01
<VARIANCE> 6
 4.786870e+01 8.637118e+06 9.499546e+05 2.940807e+02 3.743564e+04 4.829342e+07
<GCONST> 7.853851e+01
<MIXTURE> 5 9.836753e-02
<MEAN> 6
 -3.633364e+01 1.201476e+03 1.725554e+02 -7.472422e+00 7.423883e+02 -1.475737e+02
<VARIANCE> 6
 2.603566e+02 2.063639e+07 3.810729e+06 1.841745e+04 2.679367e+05 9.424494e+07
<GCONST> 8.926617e+01
<MIXTURE> 6 1.100930e-01
<MEAN> 6
 6.944949e+01 1.599290e+03 -2.571506e+03 2.891707e+01 -2.878523e+02 -2.338400e+01
<VARIANCE> 6
 2.244185e+02 3.128025e+06 2.419295e+06 1.406811e+04 5.241488e+04 4.829342e+07
<GCONST> 8.420709e+01
<MIXTURE> 7 6.912906e-02
<MEAN> 6
 8.528669e+01 -1.137995e+03 8.681945e+01 -2.070483e+00 -1.050178e+01 -1.372737e+02
<VARIANCE> 6
 3.163787e+01 3.198632e+05 2.596055e+05 2.940807e+02 3.743564e+04 4.829342e+07
<GCONST> 7.353122e+01
<MIXTURE> 8 1.273091e-01
<MEAN> 6
 1.263174e+00 1.625160e+03 -2.281170e+03 8.928728e+00 1.228464e+02 -2.905421e+02
<VARIANCE> 6
 5.868618e+02 3.084654e+06 2.895385e+06 2.588110e+04 5.722028e+04 4.829342e+07
<GCONST> 8.603137e+01
<MIXTURE> 9 8.627687e-02
<MEAN> 6
 3.876205e+00 -3.256007e+03 2.159515e+02 1.760673e+01 4.666633e+01 -2.705821e+02
<VARIANCE> 6
 2.551564e+03 7.398618e+06 1.675688e+05 1.831322e+04 9.263048e+04 4.829342e+07
<GCONST> 8.566223e+01
<MIXTURE> 10 7.737562e-02
<MEAN> 6
 7.174596e+01 1.144639e+03 -1.616649e+02 -3.834874e+01 -7.287306e+02 9.742032e+02
<VARIANCE> 6
 6.296320e+02 3.375721e+07 3.716081e+06 2.909917e+04 4.686165e+05 1.819470e+08
<GCONST> 9.229052e+01
<MIXTURE> 11 9.093586e-02
<MEAN> 6
 7.211508e+01 -2.246653e+03 2.500358e+03 -3.611463e-01 -1.255010e+01 -1.635784e+02
<VARIANCE> 6
 3.163787e+01 2.188958e+06 2.947101e+06 2.940807e+02 3.743564e+04 4.829342e+07
<GCONST> 7.788393e+01
<MIXTURE> 12 6.927273e-02
<MEAN> 6
 8.015023e+01 -1.625958e+03 -1.882327e+01 -8.720782e-01 -7.445889e+00 -1.420337e+02
<VARIANCE> 6
 5.279946e+01 5.557911e+05 1.290124e+05 2.940807e+02 3.743564e+04 4.829342e+07
<GCONST> 7.389662e+01
<STATE> 3
<NUMMIXES> 12
<MIXTURE> 1 1.075248e-01
<MEAN> 6
 7.470610e+01 2.956962e+02 1.472153e+03 -7.265277e-01 -2.080163e+00 -7.981082e+01
<VARIANCE> 6
 3.163787e+01 6.968842e+05 6.504821e+05 2.940807e+02 3.743564e+04 4.829342e+07
<GCONST> 7.522850e+01
<MIXTURE> 2 7.820893e-02
<MEAN> 6
 5.701307e+01 3.292573e+02 -2.247230e+03 8.295646e-01 2.228345e+00 -6.519021e+01
<VARIANCE> 6
 3.163787e+01 7.949078e+04 4.117228e+06 2.940807e+02 3.743564e+04 4.829342e+07
<GCONST> 7.490274e+01
<MIXTURE> 3 1.076520e-01
<MEAN> 6
 6.792520e+01 2.302065e+02 1.006387e+02 -5.973438e-01 -4.371460e+00 -9.737569e+01
<VARIANCE> 6
 3.163787e+01 7.995992e+05 1.373229e+04 2.940807e+02 3.743564e+04 4.829342e+07
<GCONST> 7.150803e+01
<MIXTURE> 4 6.427188e-02
<MEAN> 6
 7.378534e+01 5.492644e+02 3.162557e+02 -2.324205e-01 -4.732488e+00 -3.389038e+01
<VARIANCE> 6
 3.163787e+01 3.152975e+04 2.074486e+05 2.940807e+02 3.743564e+04 4.829342e+07
<GCONST> 7.098997e+01
<MIXTURE> 5 5.661405e-02
<MEAN> 6
 6.352291e+01 5.570271e+02 -1.240248e+03 -2.122059e-01 -1.190968e+00 -8.016026e+01
<VARIANCE> 6
 3.163787e+01 5.804328e+05 1.512307e+05 2.940807e+02 3.743564e+04 4.829342e+07
<GCONST> 7.358675e+01
<MIXTURE> 6 1.043670e-01
<MEAN> 6
 7.309053e+01 6.942204e+01 8.503625e+01 -4.703096e-01 -4.679010e+00 -9.100729e+01
<VARIANCE> 6
 3.163787e+01 1.244552e+05 3.523018e+05 2.940807e+02 3.743564e+04 4.829342e+07
<GCONST> 7.289259e+01
<MIXTURE> 7 1.075676e-01
<MEAN> 6
 6.025726e+01 6.011426e+02 -3.793803e+02 2.128724e-01 -6.149099e-01 -1.190940e+02
<VARIANCE> 6
 3.163787e+01 2.606088e+06 3.087514e+04 2.940807e+02 3.743564e+04 4.829342e+07
<GCONST> 7.349973e+01
<MIXTURE> 8 6.499065e-02
<MEAN> 6
 7.442597e+01 2.630106e+00 -5.633450e+03 -5.151695e-01 -3.212715e+00 -5.017564e+01
<VARIANCE> 6
 3.163787e+01 1.595255e+05 8.846964e+06 2.940807e+02 3.743564e+04 4.829342e+07
<GCONST> 7.636420e+01
<MIXTURE> 9 6.807251e-02
<MEAN> 6
 7.302535e+01 8.225414e+02 -1.371131e+03 2.144715e-02 -6.994830e+00 -7.867983e+01
<VARIANCE> 6
 3.163787e+01 3.882259e+05 2.657515e+06 2.940807e+02 3.743564e+04 4.829342e+07
<GCONST> 7.605090e+01
<MIXTURE> 10 9.953419e-02
<MEAN> 6
 6.880263e+01 -8.383903e+01 -2.687370e+02 -2.186350e-01 -2.931894e+00 -1.193411e+02
<VARIANCE> 6
 3.163787e+01 1.345595e+05 1.503870e+05 2.940807e+02 3.743564e+04 4.829342e+07
<GCONST> 7.211938e+01
<MIXTURE> 11 7.422528e-02
<MEAN> 6
 6.387086e+01 -4.286838e+02 -9.680077e+01 2.152627e-01 -1.531379e+00 -1.198742e+02
<VARIANCE> 6
 3.163787e+01 1.902666e+05 7.323888e+04 2.940807e+02 3.743564e+04 4.829342e+07
<GCONST> 7.174632e+01
<MIXTURE> 12 6.676193e-02
<MEAN> 6
 7.251688e+01 4.486534e+02 -9.771341e+01 -3.429314e-01 -3.407190e+00 -5.664217e+01
<VARIANCE> 6
 3.163787e+01 2.633739e+04 2.359741e+05 2.940807e+02 3.743564e+04 4.829342e+07
<GCONST> 7.093887e+01
<STATE> 4
<NUMMIXES> 12
<MIXTURE> 1 6.190882e-02
<MEAN> 6
 6.904173e+01 1.007072e+02 9.545236e+02 9.566236e+00 -8.526096e+02 -1.033013e+02
<VARIANCE> 6
 9.381091e+02 1.326362e+06 6.963304e+06 4.338054e+04 9.219497e+05 6.152607e+08
<GCONST> 9.237481e+01
<MIXTURE> 2 8.671080e-02
<MEAN> 6
 -4.569059e+01 1.375959e+02 7.117195e+02 -1.130913e+02 1.299153e+03 3.330287e+03
<VARIANCE> 6
 3.087324e+02 1.539487e+06 3.338630e+06 3.131376e+04 6.939799e+05 4.787156e+08
<GCONST> 8.981640e+01
<MIXTURE> 3 8.258832e-02
<MEAN> 6
 8.365103e+01 -1.176123e+02 3.788197e+02 -7.423213e+00 -8.530456e+01 -2.967201e+02
<VARIANCE> 6
 1.456222e+02 5.972996e+05 1.185272e+06 2.993443e+02 3.743564e+04 4.829342e+07
<GCONST> 7.721872e+01
<MIXTURE> 4 6.621889e-02
<MEAN> 6
 -3.329465e+01 3.621056e+01 3.070659e+01 1.478945e+02 8.005690e+02 -3.957312e+03
<VARIANCE> 6
 1.811875e+02 4.183485e+05 2.353115e+05 1.339622e+04 1.683690e+05 5.741706e+07
<GCONST> 8.094202e+01
<MIXTURE> 5 1.238206e-01
<MEAN> 6
 5.664785e+01 -6.069090e+01 1.156847e+02 1.476206e+02 -3.986205e+02 -1.219432e+03
<VARIANCE> 6
 4.149356e+02 1.118432e+06 8.647698e+05 8.570921e+03 8.517448e+04 4.829342e+07
<GCONST> 8.275444e+01
<MIXTURE> 6 1.076099e-01
<MEAN> 6
 8.146633e+00 6.427421e+01 5.671941e+01 2.154215e+01 1.869640e-01 -8.111968e+02
<VARIANCE> 6
 5.028129e+02 3.931248e+05 1.460303e+06 4.223301e+04 5.768044e+04 4.829342e+07
<GCONST> 8.362996e+01
<MIXTURE> 7 6.492146e-02
<MEAN> 6
 6.877140e+01 -3.065453e+02 7.545551e+01 -6.033701e+01 -8.990811e+02 1.541128e+03
<VARIANCE> 6
 6.703720e+02 3.535944e+06 2.626035e+05 2.837042e+04 4.227789e+05 1.906268e+08
<GCONST> 8.736552e+01
<MIXTURE> 8 7.481668e-02
<MEAN> 6
 -5.930853e+01 2.597617e+01 1.441359e+02 1.238339e+01 1.761435e+02 -1.412120e+02
<VARIANCE> 6
 1.006226e+02 5.879482e+05 2.089300e+06 5.787689e+02 5.841185e+04 4.829342e+07
<GCONST> 7.850436e+01
<MIXTURE> 9 5.856756e-02
<MEAN> 6
 -2.056827e+00 1.483399e+02 8.100293e+01 -8.761700e+01 1.152419e+02 1.920518e+03
<VARIANCE> 6
 3.458329e+02 8.989070e+05 2.439779e+05 4.943227e+04 1.571391e+05 1.416781e+08
<GCONST> 8.452930e+01
<MIXTURE> 10 1.306623e-01
<MEAN> 6
 6.774877e+01 3.015337e+01 7.759681e+01 -8.700540e+01 -6.714868e+02 4.493429e+02
<VARIANCE> 6
 2.985573e+02 4.610321e+05 4.850776e+05 1.597258e+04 1.219682e+05 4.829342e+07
<GCONST> 8.194246e+01
<MIXTURE> 11 8.351358e-02
<MEAN> 6
 -5.077805e+01 -4.786194e+01 5.165921e+01 3.054105e+01 8.024972e+02 5.422449e+02
<VARIANCE> 6
 1.407810e+02 5.907153e+05 4.579749e+05 9.729832e+03 1.346984e+05 5.652780e+07
<GCONST> 8.114212e+01
<MIXTURE> 12 5.796754e-02
<MEAN> 6
 -2.354366e+00 -1.636481e+02 -6.312884e+01 -5.224457e+01 6.121399e+01 -8.209458e+02
<VARIANCE> 6
 3.154552e+02 1.223006e+06 2.676097e+05 5.378209e+04 1.833687e+05 1.317215e+08
<GCONST> 8.500354e+01
<STATE> 5
<NUMMIXES> 12
<MIXTURE> 1 6.398555e-02
<MEAN> 6
 6.888165e+01 1.924082e+03 8.317984e+01 -2.425297e+00 2.290375e+00 8.267004e+01
<VARIANCE> 6
 7.913796e+01 3.876449e+05 1.027260e+06 2.940807e+02 3.743564e+04 4.829342e+07
<GCONST> 7.601575e+01
<MIXTURE> 2 1.475312e-01
<MEAN> 6
 7.587247e+01 7.275812e+02 -4.098832e+01 -3.097176e+00 -3.936394e+00 8.707115e+01
<VARIANCE> 6
 3.163787e+01 1.400682e+05 2.149210e+05 2.940807e+02 3.743564e+04 4.829342e+07
<GCONST> 7.251657e+01
<MIXTURE> 3 9.181099e-02
<MEAN> 6
 5.823885e+01 5.813239e+02 2.929478e+01 4.148438e-01 3.535246e+00 -1.006678e+02
<VARIANCE> 6
 3.163787e+01 3.696213e+04 1.373229e+04 2.940807e+02 3.743564e+04 4.829342e+07
<GCONST> 6.843381e+01
<MIXTURE> 4 3.717658e-02
<MEAN> 6
 9.632726e+01 -8.921450e+02 -7.833683e+03 -5.540757e+00 5.172177e+00 1.009737e+02
<VARIANCE> 6
 1.626884e+02 7.049981e+04 4.470644e+06 2.940807e+02 3.743564e+04 4.829342e+07
<GCONST> 7.650255e+01
<MIXTURE> 5 2.321631e-02
<MEAN> 6
 7.152605e+01 -1.692851e+03 2.541336e+01 -2.262725e+00 4.415198e+00 2.114944e+01
<VARIANCE> 6
 1.310356e+02 1.817681e+06 9.050077e+04 2.940807e+02 3.743564e+04 4.829342e+07
<GCONST> 7.563596e+01
<MIXTURE> 6 9.705476e-02
<MEAN> 6
 9.065607e+01 4.057867e+02 -4.603683e+02 -3.575457e+00 -3.260146e+00 1.340881e+02
<VARIANCE> 6
 3.163787e+01 2.031233e+05 3.282751e+06 2.940807e+02 3.743564e+04 4.829342e+07
<GCONST> 7.561441e+01
<MIXTURE> 7 1.161530e-01
<MEAN> 6
 1.019476e+02 9.570383e+02 -1.070696e+03 -6.104589e+00 2.383586e+00 2.144584e+02
<VARIANCE> 6
 7.515504e+01 6.225856e+05 8.182811e+05 2.940807e+02 3.743564e+04 4.829342e+07
<GCONST> 7.621045e+01
<MIXTURE> 8 5.575717e-02
<MEAN> 6
 8.055479e+01 -5.679650e+02 1.002334e+03 -3.412086e+00 -5.330791e+00 8.809900e+01
<VARIANCE> 6
 6.222211e+01 2.436608e+05 2.413073e+06 2.940807e+02 3.743564e+04 4.829342e+07
<GCONST> 7.616495e+01
<MIXTURE> 9 8.326723e-02
<MEAN> 6
 6.390305e+01 -2.251882e+02 3.497897e+02 -3.532814e-01 -3.815463e+00 -7.591978e+01
<VARIANCE> 6
 3.163787e+01 6.397039e+04 1.373229e+04 2.940807e+02 3.743564e+04 4.829342e+07
<GCONST> 6.898233e+01
<MIXTURE> 10 1.281514e-01
<MEAN> 6
 5.957468e+01 3.433716e+01 -9.060609e+01 -6.999988e-02 -3.207025e+00 -1.492565e+02
<VARIANCE> 6
 3.163787e+01 1.276023e+04 1.373229e+04 2.940807e+02 3.743564e+04 4.829342e+07
<GCONST> 6.737025e+01
<MIXTURE> 11 9.745470e-02
<MEAN> 6
 8.641219e+01 -1.641780e+02 -1.302368e+03 -4.007232e+00 -1.876912e+00 7.728602e+01
<VARIANCE> 6
 9.968772e+01 1.576008e+05 6.008016e+05 2.940807e+02 3.743564e+04 4.829342e+07
<GCONST> 7.481018e+01
<MIXTURE> 12 5.829686e-02
<MEAN> 6
 7.967923e+01 -7.471711e+02 6.513817e+02 -3.315681e+00 -5.032437e+00 9.832629e+01
<VARIANCE> 6
 5.210779e+01 1.915721e+05 2.553654e+06 2.940807e+02 3.743564e+04 4.829342e+07
<GCONST> 7.580367e+01
<STATE> 6
<NUMMIXES> 12
<MIXTURE> 1 6.407215e-02
<MEAN> 6
 8.674990e+01 -3.160504e+02 -2.574820e+01 -5.910880e+00 -4.254490e+01 1.949220e+02
<VARIANCE> 6
 1.234395e+02 7.265741e+05 1.199849e+05 2.940807e+02 3.743564e+04 4.829342e+07
<GCONST> 7.494127e+01
<MIXTURE> 2 3.232714e-02
<MEAN> 6
 -3.899313e+01 5.760729e+01 2.042435e+02 -5.269377e+01 1.151990e+03 1.703082e+03
<VARIANCE> 6
 3.619795e+02 3.119328e+05 4.193228e+05 3.430326e+04 6.735278e+05 4.802108e+08
<GCONST> 8.636881e+01
<MIXTURE> 3 1.001164e-01
<MEAN> 6
 8.377659e+00 7.232814e+01 6.953872e+01 2.003859e+02 -3.669260e+01 -3.499327e+03
<VARIANCE> 6
 5.209482e+02 1.422300e+05 9.889955e+04 3.981240e+03 1.438916e+05 6.173148e+07
<GCONST> 7.875444e+01
<MIXTURE> 4 7.886837e-02
<MEAN> 6
 6.679345e+01 -1.085572e+01 -2.801802e+01 1.268225e+01 -4.632921e+02 -3.428410e+02
<VARIANCE> 6
 1.944495e+02 2.204185e+05 1.070808e+05 1.149099e+04 8.827605e+04 4.829342e+07
<GCONST> 7.861241e+01
<MIXTURE> 5 1.188124e-01
<MEAN> 6
 -4.428700e+01 2.336301e+01 -1.312278e+01 1.807443e+01 8.763433e+02 -7.943539e+02
<VARIANCE> 6
 1.321813e+02 5.382749e+04 5.316913e+04 1.548091e+04 1.888410e+05 9.263716e+07
<GCONST> 7.782643e+01
<MIXTURE> 6 7.008015e-02
<MEAN> 6
 2.657447e+01 4.159005e+01 4.218582e+01 -2.173111e+02 -3.313829e+02 5.638971e+03
<VARIANCE> 6
 6.060143e+02 5.545515e+04 2.163585e+04 4.166061e+03 2.893227e+05 1.451014e+08
<GCONST> 7.804257e+01
<MIXTURE> 7 9.686731e-02
<MEAN> 6
 -3.917979e+01 -6.139707e+01 3.760950e+01 2.266240e+01 2.580919e+02 1.024607e+01
<VARIANCE> 6
 3.092785e+02 1.661846e+05 9.792069e+04 2.341440e+03 5.450419e+04 4.829342e+07
<GCONST> 7.663164e+01
<MIXTURE> 8 9.928563e-02
<MEAN> 6
 -2.992986e+00 -7.986172e+01 4.104132e+01 -1.816473e+02 1.916698e+02 1.435135e+03
<VARIANCE> 6
 4.529657e+02 1.443724e+05 1.037984e+05 4.191188e+03 1.297162e+05 8.210008e+07
<GCONST> 7.891074e+01
<MIXTURE> 9 5.143655e-02
<MEAN> 6
 7.913545e+01 3.238356e+01 -5.631420e+01 2.366290e+01 -1.032811e+03 -2.317639e+03
<VARIANCE> 6
 2.254879e+02 3.145898e+05 6.963921e+04 1.506104e+04 6.983706e+05 3.683486e+08
<GCONST> 8.305655e+01
<MIXTURE> 10 1.120494e-01
<MEAN> 6
 3.329921e+01 -1.902510e+01 -3.136242e+01 1.282381e+02 -1.424442e+02 4.580064e+01
<VARIANCE> 6
 6.946155e+02 4.893613e+04 4.918099e+04 2.291764e+03 5.266391e+04 4.829342e+07
<GCONST> 7.547372e+01
<MIXTURE> 11 9.638003e-02
<MEAN> 6
 7.128725e+01 -2.484642e+02 -1.463648e+01 -4.180585e+00 -3.315168e+01 -2.885781e+01
<VARIANCE> 6
 1.011465e+02 1.425517e+05 4.369836e+04 2.940807e+02 3.743564e+04 4.829342e+07
<GCONST> 7.210339e+01
<MIXTURE> 12 7.942095e-02
<MEAN> 6
 6.487858e+01 -1.260152e+02 -2.588922e+01 -5.640462e+01 -5.845720e+02 -3.893788e+01
<VARIANCE> 6
 1.979473e+02 2.991485e+05 6.441283e+04 1.141774e+04 1.215058e+05 4.829342e+07
<GCONST> 7.874048e+01
<TRANSP> 7
 0.000000e+00 1.000000e+00 0.000000e+00 0.000000e+00 0.000000e+00 0.000000e+00 0.000000e+00
 0.000000e+00 9.995660e-01 4.340635e-04 0.000000e+00 0.000000e+00 0.000000e+00 0.000000e+00
 0.000000e+00 0.000000e+00 9.996993e-01 3.007159e-04 0.000000e+00 0.000000e+00 0.000000e+00
 0.000000e+00 0.000000e+00 0.000000e+00 9.999246e-01 7.535619e-05 0.000000e+00 0.000000e+00
 0.000000e+00 0.000000e+00 0.000000e+00 0.000000e+00 9.995449e-01 4.550852e-04 0.000000e+00
 0.000000e+00 0.000000e+00 0.000000e+00 0.000000e+00 0.000000e+00 9.998413e-01 1.586794e-04
 0.000000e+00 0.000000e+00 0.000000e+00 0.000000e+00 0.000000e+00 0.000000e+00 0.000000e+00
<ENDHMM>
~h "QuintoPRIMARIA"
<BEGINHMM>
<NUMSTATES> 7
<STATE> 2
<NUMMIXES> 12
<MIXTURE> 1 1.029461e-01
<MEAN> 6
 -4.598927e+01 -7.330946e+01 1.465370e+02 -3.764501e+01 1.282495e+03 -5.488547e+02
<VARIANCE> 6
 3.288425e+02 2.364215e+05 2.611002e+05 3.701118e+04 4.767155e+05 3.394837e+08
<GCONST> 8.490546e+01
<MIXTURE> 2 2.470380e-02
<MEAN> 6
 1.175149e+01 -4.280662e+02 -4.498887e+01 -1.430668e+02 1.146327e+02 1.177057e+04
<VARIANCE> 6
 2.397163e+03 1.630120e+06 2.256756e+06 6.459909e+04 3.175784e+06 1.264978e+09
<GCONST> 9.474825e+01
<MIXTURE> 3 7.401475e-02
<MEAN> 6
 7.742703e+01 5.832453e+01 1.006696e+02 -5.438062e+00 -3.942943e+01 -4.044606e+02
<VARIANCE> 6
 8.392564e+01 3.975075e+04 7.581380e+04 2.940807e+02 3.743564e+04 4.829342e+07
<GCONST> 7.119064e+01
<MIXTURE> 4 1.359497e-01
<MEAN> 6
 6.339778e+01 1.804546e+01 -1.594077e+01 2.604266e+01 -4.016714e+02 -5.378273e+02
<VARIANCE> 6
 4.526331e+02 5.501803e+04 3.946224e+04 2.415206e+04 1.487240e+05 4.829342e+07
<GCONST> 7.833564e+01
<MIXTURE> 5 7.773357e-02
<MEAN> 6
 7.939327e+01 4.291533e+01 -2.805534e+02 -3.745791e+00 -2.706263e+01 -2.070481e+02
<VARIANCE> 6
 1.871235e+02 5.272892e+05 1.027612e+05 2.940807e+02 3.743564e+04 4.829342e+07
<GCONST> 7.488174e+01
<MIXTURE> 6 6.145270e-02
<MEAN> 6
 8.984154e+01 1.219927e+02 -7.285483e+01 3.208833e+01 -1.162583e+03 -1.769397e+03
<VARIANCE> 6
 1.589993e+02 2.419991e+05 1.037717e+05 1.661562e+04 1.025413e+06 6.176330e+08
<GCONST> 8.384291e+01
<MIXTURE> 7 7.461982e-02
<MEAN> 6
 -3.920301e+01 -6.063229e+00 4.999988e+01 9.008804e+01 6.647528e+02 -2.638144e+02
<VARIANCE> 6
 2.987176e+02 7.184896e+04 7.043666e+04 1.002117e+04 1.258617e+05 4.829342e+07
<GCONST> 7.771976e+01
<MIXTURE> 8 8.653479e-02
<MEAN> 6
 6.634406e+00 -3.275155e+01 1.305846e+02 1.208589e+02 8.056302e+01 -4.437213e+03
<VARIANCE> 6
 3.615249e+02 1.404539e+05 2.351290e+05 4.213271e+04 1.633547e+05 5.859980e+07
<GCONST> 8.167662e+01
<MIXTURE> 9 1.060095e-01
<MEAN> 6
 6.043333e+01 -5.416145e+00 -1.008231e+02 -1.960536e+01 -7.820847e+02 3.733953e+02
<VARIANCE> 6
 3.436961e+02 3.742138e+05 2.926615e+05 3.927852e+04 2.774920e+05 7.543233e+07
<GCONST> 8.353710e+01
<MIXTURE> 10 8.613521e-02
<MEAN> 6
 6.105259e+01 -8.865512e+01 -7.123120e+01 1.231586e-01 -1.011028e+01 -1.336677e+02
<VARIANCE> 6
 3.163787e+01 3.532741e+04 1.702968e+05 2.940807e+02 3.743564e+04 4.829342e+07
<GCONST> 7.090637e+01
<MIXTURE> 11 9.025367e-02
<MEAN> 6
 5.935426e+00 -5.655521e+01 -7.517926e+00 -1.444793e+02 -1.635994e+01 4.242782e+03
<VARIANCE> 6
 5.177339e+02 6.909174e+04 7.507209e+04 4.537488e+04 3.831018e+05 2.556520e+08
<GCONST> 8.258421e+01
<MIXTURE> 12 7.897888e-02
<MEAN> 6
 -5.207685e+01 -3.168073e+01 -1.028720e+01 1.625753e+01 3.163066e+02 -2.795992e+02
<VARIANCE> 6
 2.454753e+02 8.060709e+04 9.717554e+04 1.573752e+03 9.567070e+04 4.829342e+07
<GCONST> 7.583476e+01
<STATE> 3
<NUMMIXES> 12
<MIXTURE> 1 9.995159e-02
<MEAN> 6
 9.574429e+01 8.548187e+01 -1.303771e+02 -8.145135e+00 -3.335260e+00 4.873444e+02
<VARIANCE> 6
 6.107071e+01 3.163445e+05 3.495886e+04 2.940807e+02 3.743564e+04 4.829342e+07
<GCONST> 7.217285e+01
<MIXTURE> 2 9.394910e-02
<MEAN> 6
 6.890077e+01 1.993052e+02 1.729905e+02 -3.280987e+00 7.414097e+00 -4.560857e+01
<VARIANCE> 6
 3.163787e+01 2.062705e+04 1.373229e+04 2.940807e+02 3.743564e+04 4.829342e+07
<GCONST> 6.785052e+01
<MIXTURE> 3 6.728914e-02
<MEAN> 6
 7.621471e+01 -1.144433e+02 4.349478e+02 -1.904640e+00 -1.119737e+01 1.405621e+02
<VARIANCE> 6
 3.163787e+01 2.272837e+04 1.373229e+04 2.940807e+02 3.743564e+04 4.829342e+07
<GCONST> 6.794753e+01
<MIXTURE> 4 9.937993e-02
<MEAN> 6
 8.683923e+01 3.729308e+01 6.728174e+01 -4.251902e+00 2.828415e+00 5.632521e+01
<VARIANCE> 6
 4.431498e+01 1.781323e+04 1.373229e+04 2.940807e+02 3.743564e+04 4.829342e+07
<GCONST> 6.804082e+01
<MIXTURE> 5 7.120458e-02
<MEAN> 6
 7.802293e+01 -4.012745e+02 1.511975e+02 -3.300004e+00 3.893881e+00 -4.130535e+01
<VARIANCE> 6
 3.163787e+01 1.740621e+04 1.373229e+04 2.940807e+02 3.743564e+04 4.829342e+07
<GCONST> 6.768074e+01
<MIXTURE> 6 9.907366e-02
<MEAN> 6
 8.511494e+01 1.242108e+02 -2.510681e+02 -1.792957e+00 -1.061221e+00 -2.265814e+01
<VARIANCE> 6
 3.163787e+01 1.211975e+05 1.373229e+04 2.940807e+02 3.743564e+04 4.829342e+07
<GCONST> 6.962134e+01
<MIXTURE> 7 9.023795e-02
<MEAN> 6
 8.636820e+01 -3.535460e+01 -1.693086e+02 -1.592044e+00 -4.254792e-03 -4.591069e+01
<VARIANCE> 6
 3.163787e+01 2.397923e+04 2.747950e+04 2.940807e+02 3.743564e+04 4.829342e+07
<GCONST> 6.869479e+01
<MIXTURE> 8 5.690388e-02
<MEAN> 6
 6.221309e+01 2.235804e+01 1.851333e+02 -2.075390e+00 4.702967e+00 -6.320637e+01
<VARIANCE> 6
 3.163787e+01 1.289601e+04 1.373229e+04 2.940807e+02 3.743564e+04 4.829342e+07
<GCONST> 6.738083e+01
<MIXTURE> 9 7.197152e-02
<MEAN> 6
 7.599454e+01 -7.399082e+02 2.582798e+01 -7.851359e-01 8.793334e-01 -4.218903e+01
<VARIANCE> 6
 3.163787e+01 2.025268e+04 2.354609e+04 2.940807e+02 3.743564e+04 4.829342e+07
<GCONST> 6.837141e+01
<MIXTURE> 10 6.088234e-02
<MEAN> 6
 8.586152e+01 -1.906885e+02 -2.156579e+02 -2.965796e+00 6.619111e-01 2.830867e+01
<VARIANCE> 6
 3.163787e+01 2.577252e+04 8.132989e+04 2.940807e+02 3.743564e+04 4.829342e+07
<GCONST> 6.985199e+01
<MIXTURE> 11 1.168652e-01
<MEAN> 6
 8.571698e+01 -9.736408e+01 5.928992e+01 -4.023407e+00 2.579895e+00 1.896287e+01
<VARIANCE> 6
 3.163787e+01 3.430146e+04 1.373229e+04 2.940807e+02 3.743564e+04 4.829342e+07
<GCONST> 6.835910e+01
<MIXTURE> 12 7.218342e-02
<MEAN> 6
 7.507378e+01 -4.830578e+02 1.450987e+02 -2.636928e+00 2.329558e+00 -6.529008e+01
<VARIANCE> 6
 3.163787e+01 2.123412e+04 1.373229e+04 2.940807e+02 3.743564e+04 4.829342e+07
<GCONST> 6.787952e+01
<STATE> 4
<NUMMIXES> 12
<MIXTURE> 1 6.604997e-02
<MEAN> 6
 6.906933e+01 3.037272e+03 -6.041189e+02 -1.379108e+00 -5.091216e+00 -3.649352e+01
<VARIANCE> 6
 3.163787e+01 3.420832e+06 2.589090e+04 2.940807e+02 3.743564e+04 4.829342e+07
<GCONST> 7.359570e+01
<MIXTURE> 2 6.606789e-02
<MEAN> 6
 5.707826e+01 -8.795025e+03 -1.989988e+03 -5.279389e-01 -5.619667e+00 -6.284137e+01
<VARIANCE> 6
 3.163787e+01 2.082540e+07 3.366149e+04 2.940807e+02 3.743564e+04 4.829342e+07
<GCONST> 7.566444e+01
<MIXTURE> 3 1.003864e-01
<MEAN> 6
 6.608466e+01 1.340840e+03 -5.728136e+02 -7.333949e-01 -2.002744e+00 -3.941840e+01
<VARIANCE> 6
 3.163787e+01 1.276023e+04 2.974460e+04 2.940807e+02 3.743564e+04 4.829342e+07
<GCONST> 6.814314e+01
<MIXTURE> 4 8.767492e-02
<MEAN> 6
 5.889332e+01 -3.571793e+02 -1.351424e+03 2.513995e+00 -4.734249e-01 -1.328723e+02
<VARIANCE> 6
 3.163787e+01 1.276023e+04 3.312359e+04 2.940807e+02 3.743564e+04 4.829342e+07
<GCONST> 6.825075e+01
<MIXTURE> 5 8.841690e-02
<MEAN> 6
 7.443386e+01 -1.298732e+03 -2.594776e+02 -4.788425e-01 -4.100588e+00 -1.762295e+02
<VARIANCE> 6
 3.163787e+01 1.759405e+04 1.455298e+05 2.940807e+02 3.743564e+04 4.829342e+07
<GCONST> 7.005211e+01
<MIXTURE> 6 8.337596e-02
<MEAN> 6
 7.352859e+01 -2.440065e+02 -4.057040e+02 -2.636484e+00 -1.237367e+00 9.349783e+00
<VARIANCE> 6
 3.163787e+01 1.393702e+04 1.795836e+04 2.940807e+02 3.743564e+04 4.829342e+07
<GCONST> 6.772678e+01
<MIXTURE> 7 4.242966e-02
<MEAN> 6
 7.096812e+01 1.121793e+03 -1.666176e+03 1.482614e+00 2.600609e+00 -1.651684e+02
<VARIANCE> 6
 3.163787e+01 2.005452e+04 3.312155e+04 2.940807e+02 3.743564e+04 4.829342e+07
<GCONST> 6.870280e+01
<MIXTURE> 8 1.051664e-01
<MEAN> 6
 7.160447e+01 -3.586787e+02 -5.210150e+02 -7.886013e-01 -1.479040e+01 -3.132318e+01
<VARIANCE> 6
 3.163787e+01 3.048304e+05 1.786895e+04 2.940807e+02 3.743564e+04 4.829342e+07
<GCONST> 7.080699e+01
<MIXTURE> 9 8.005093e-02
<MEAN> 6
 7.034519e+01 -7.106158e+02 -1.597757e+03 -5.345013e-01 -7.164178e+00 -5.811163e+01
<VARIANCE> 6
 3.163787e+01 1.276023e+04 2.760505e+04 2.940807e+02 3.743564e+04 4.829342e+07
<GCONST> 6.806850e+01
<MIXTURE> 10 1.220162e-01
<MEAN> 6
 6.249733e+01 8.187052e+02 -8.192241e+02 -1.779542e-01 -7.120481e+00 -8.391956e+01
<VARIANCE> 6
 3.163787e+01 1.280336e+05 9.523705e+04 2.940807e+02 3.743564e+04 4.829342e+07
<GCONST> 7.161282e+01
<MIXTURE> 11 1.034969e-01
<MEAN> 6
 7.265122e+01 -6.691572e+02 -6.154604e+02 -1.111441e+00 -1.539612e+01 -2.135531e+01
<VARIANCE> 6
 3.163787e+01 3.865106e+05 1.373229e+04 2.940807e+02 3.743564e+04 4.829342e+07
<GCONST> 7.078107e+01
<MIXTURE> 12 5.484930e-02
<MEAN> 6
 7.010237e+01 2.338780e+02 -8.397338e+02 2.904451e-01 -5.753416e+00 -2.555057e+01
<VARIANCE> 6
 3.163787e+01 4.401106e+06 1.235839e+05 2.940807e+02 3.743564e+04 4.829342e+07
<GCONST> 7.541069e+01
<STATE> 5
<NUMMIXES> 12
<MIXTURE> 1 4.115898e-02
<MEAN> 6
 7.411431e+01 6.152825e+02 1.973462e+03 -7.064166e-01 -7.523462e+00 -1.670755e+02
<VARIANCE> 6
 3.163787e+01 1.276023e+04 3.171405e+04 2.940807e+02 3.743564e+04 4.829342e+07
<GCONST> 6.820726e+01
<MIXTURE> 2 3.365421e-02
<MEAN> 6
 7.189816e+01 2.040294e+01 7.186154e+02 -3.439074e+00 7.147863e-01 -1.306694e+01
<VARIANCE> 6
 3.163787e+01 1.276023e+04 1.373229e+04 2.940807e+02 3.743564e+04 4.829342e+07
<GCONST> 6.737025e+01
<MIXTURE> 3 7.992931e-02
<MEAN> 6
 8.619389e+01 4.868329e+02 -7.828792e+02 -1.381516e-01 -2.511859e+00 -7.858883e+01
<VARIANCE> 6
 3.163787e+01 1.343619e+04 2.756472e+05 2.940807e+02 3.743564e+04 4.829342e+07
<GCONST> 7.042123e+01
<MIXTURE> 4 1.183617e-01
<MEAN> 6
 8.119336e+01 -5.510473e+02 1.974157e+03 -3.777323e-01 -4.097610e+00 -9.509175e+01
<VARIANCE> 6
 3.163787e+01 3.090516e+04 2.987158e+05 2.940807e+02 3.743564e+04 4.829342e+07
<GCONST> 7.133458e+01
<MIXTURE> 5 8.412035e-02
<MEAN> 6
 6.360593e+01 2.399194e+02 -2.961823e+03 1.857465e+00 -7.757897e+00 -1.458696e+02
<VARIANCE> 6
 3.163787e+01 1.168636e+05 5.347393e+04 2.940807e+02 3.743564e+04 4.829342e+07
<GCONST> 7.094437e+01
<MIXTURE> 6 1.110343e-01
<MEAN> 6
 5.153874e+01 -1.068387e+03 3.125209e+02 -3.622475e-01 -3.919461e+00 -1.326000e+02
<VARIANCE> 6
 3.163787e+01 1.276023e+04 1.597399e+05 2.940807e+02 3.743564e+04 4.829342e+07
<GCONST> 6.982405e+01
<MIXTURE> 7 1.232367e-01
<MEAN> 6
 5.413714e+01 4.866290e+02 -2.553531e+03 3.097227e+00 -8.657086e+00 -1.081629e+02
<VARIANCE> 6
 3.163787e+01 1.570904e+04 7.138438e+06 2.940807e+02 3.743564e+04 4.829342e+07
<GCONST> 7.383165e+01
<MIXTURE> 8 7.775089e-02
<MEAN> 6
 7.338866e+01 -4.176971e+02 9.899093e+02 -1.080034e+00 -7.653860e-01 7.513189e-01
<VARIANCE> 6
 3.163787e+01 1.276023e+04 1.749018e+04 2.940807e+02 3.743564e+04 4.829342e+07
<GCONST> 6.761214e+01
<MIXTURE> 9 7.656656e-02
<MEAN> 6
 6.229841e+01 5.181093e+02 -3.210270e+03 8.075678e-01 -5.109347e+00 -4.341597e+01
<VARIANCE> 6
 3.163787e+01 9.672621e+04 3.917759e+04 2.940807e+02 3.743564e+04 4.829342e+07
<GCONST> 7.044415e+01
<MIXTURE> 10 8.355448e-02
<MEAN> 6
 7.342023e+01 -4.169309e+02 9.033559e+02 -1.217940e+00 -6.726292e+00 -6.516257e+01
<VARIANCE> 6
 3.163787e+01 1.276023e+04 1.373229e+04 2.940807e+02 3.743564e+04 4.829342e+07
<GCONST> 6.737025e+01
<MIXTURE> 11 1.026086e-01
<MEAN> 6
 6.759064e+01 1.626004e+03 1.212293e+03 4.301285e-01 -4.568495e+00 -1.306491e+02
<VARIANCE> 6
 5.175231e+01 1.774305e+05 1.524815e+04 2.940807e+02 3.743564e+04 4.829342e+07
<GCONST> 7.059932e+01
<MIXTURE> 12 6.801579e-02
<MEAN> 6
 8.884759e+01 3.133833e+02 -1.403142e+03 -2.345212e+00 -5.336039e-01 -3.091492e+01
<VARIANCE> 6
 3.163787e+01 4.550494e+04 1.978013e+05 2.940807e+02 3.743564e+04 4.829342e+07
<GCONST> 7.130925e+01
<STATE> 6
<NUMMIXES> 12
<MIXTURE> 1 8.197647e-02
<MEAN> 6
 9.135557e+01 4.297233e+02 1.073988e+02 -4.066853e+00 -2.665388e+01 4.544706e+01
<VARIANCE> 6
 9.279476e+01 5.227401e+05 3.338199e+06 2.940807e+02 3.743564e+04 4.829342e+07
<GCONST> 7.765247e+01
<MIXTURE> 2 1.579465e-02
<MEAN> 6
 -3.957758e+00 1.764348e+02 7.109623e+01 3.700020e+01 -1.986196e+02 -1.253773e+02
<VARIANCE> 6
 1.295474e+04 1.863944e+05 3.996068e+05 2.121063e+06 1.185678e+09 1.751393e+12
<GCONST> 1.091828e+02
<MIXTURE> 3 1.376809e-01
<MEAN> 6
 5.594789e+01 -7.995567e-01 2.736371e+02 1.011189e+02 -4.821977e+02 -4.462319e+02
<VARIANCE> 6
 5.118884e+02 1.295912e+06 3.008440e+06 2.146261e+04 1.331372e+05 4.829342e+07
<GCONST> 8.572304e+01
<MIXTURE> 4 6.820136e-02
<MEAN> 6
 -4.394438e+01 -1.868762e+02 2.447148e+02 1.041092e+02 8.350389e+02 -5.652537e+02
<VARIANCE> 6
 2.230038e+02 1.136834e+06 1.124798e+06 2.103682e+04 1.805901e+05 5.979341e+07
<GCONST> 8.427574e+01
<MIXTURE> 5 9.922457e-02
<MEAN> 6
 -3.631280e+00 8.194627e+01 -4.140237e+02 -1.196803e+02 2.395919e+02 5.177097e+03
<VARIANCE> 6
 4.210844e+03 1.956309e+06 3.328916e+06 4.640117e+04 3.132598e+06 1.493347e+09
<GCONST> 9.570415e+01
<MIXTURE> 6 1.092555e-01
<MEAN> 6
 1.842148e-01 -2.088676e+02 3.106817e+02 2.123201e+01 7.676531e+01 -2.953952e+03
<VARIANCE> 6
 3.933990e+02 7.212880e+05 1.782292e+06 6.392617e+04 1.651809e+05 8.187377e+07
<GCONST> 8.618526e+01
<MIXTURE> 7 1.015529e-01
<MEAN> 6
 8.454433e+01 2.711263e+02 -6.218875e+00 -4.373284e+00 -1.917336e+01 -2.555227e+02
<VARIANCE> 6
 1.389170e+02 3.392093e+05 1.987001e+05 2.940807e+02 3.743564e+04 4.829342e+07
<GCONST> 7.480211e+01
<MIXTURE> 8 7.630831e-02
<MEAN> 6
 8.564799e+01 2.395180e+02 1.269676e+02 4.058203e+00 -5.904273e+02 -1.553312e+03
<VARIANCE> 6
 1.573177e+02 5.795064e+05 6.715522e+05 1.107105e+04 5.984868e+05 2.300440e+08
<GCONST> 8.464084e+01
<MIXTURE> 9 8.980786e-02
<MEAN> 6
 -6.487181e+01 1.752178e+02 -8.974899e+01 7.100677e+00 1.748576e+02 2.781865e+02
<VARIANCE> 6
 8.584135e+01 7.132366e+05 1.695068e+06 6.347768e+02 6.482932e+04 4.829342e+07
<GCONST> 7.852616e+01
<MIXTURE> 10 9.048679e-02
<MEAN> 6
 7.550970e+01 8.249253e+01 6.332329e+02 -1.113096e+00 -2.060990e+01 -8.359547e+01
<VARIANCE> 6
 2.272876e+02 1.412817e+06 2.058626e+06 2.940807e+02 3.743564e+04 4.829342e+07
<GCONST> 7.905916e+01
<MIXTURE> 11 6.022514e-02
<MEAN> 6
 5.378010e+01 -1.280121e+02 -5.253011e+01 -2.047715e+02 -7.786472e+02 2.587634e+03
<VARIANCE> 6
 4.604144e+02 8.022823e+05 4.880694e+05 9.856172e+03 2.539770e+05 8.247014e+07
<GCONST> 8.372162e+01
<MIXTURE> 12 6.896493e-02
<MEAN> 6
 -5.627473e+01 -1.952670e+02 -1.412314e+02 1.072293e+01 9.214904e+02 -1.468567e+03
<VARIANCE> 6
 1.571784e+02 5.533474e+05 1.153285e+06 1.763646e+04 2.593418e+05 1.514860e+08
<GCONST> 8.434615e+01
<TRANSP> 7
 0.000000e+00 1.000000e+00 0.000000e+00 0.000000e+00 0.000000e+00 0.000000e+00 0.000000e+00
 0.000000e+00 9.999210e-01 7.896630e-05 0.000000e+00 0.000000e+00 0.000000e+00 0.000000e+00
 0.000000e+00 0.000000e+00 9.994000e-01 6.000249e-04 0.000000e+00 0.000000e+00 0.000000e+00
 0.000000e+00 0.000000e+00 0.000000e+00 9.988929e-01 1.107126e-03 0.000000e+00 0.000000e+00
 0.000000e+00 0.000000e+00 0.000000e+00 0.000000e+00 9.990157e-01 9.842135e-04 0.000000e+00
 0.000000e+00 0.000000e+00 0.000000e+00 0.000000e+00 0.000000e+00 9.999140e-01 8.606097e-05
 0.000000e+00 0.000000e+00 0.000000e+00 0.000000e+00 0.000000e+00 0.000000e+00 0.000000e+00
<ENDHMM>
