~o
<STREAMINFO> 1 6
<VECSIZE> 6<NULLD><USER><DIAGC>
~h "SegundoPRIMARIA"
<BEGINHMM>
<NUMSTATES> 5
<STATE> 2
<NUMMIXES> 13
<MIXTURE> 1 8.801012e-02
<MEAN> 6
 1.088909e+02 -9.052096e+01 8.638447e+02 -4.412935e+00 -3.625990e+01 -3.503526e+02
<VARIANCE> 6
 2.139339e+02 1.617772e+05 1.080976e+06 2.978770e+02 3.928750e+04 5.015123e+07
<GCONST> 7.628618e+01
<MIXTURE> 2 4.949588e-02
<MEAN> 6
 5.474044e+00 2.349834e+02 1.631348e+01 -2.553531e+02 4.181800e+02 1.395127e+04
<VARIANCE> 6
 2.300822e+03 6.790167e+05 2.581467e+06 5.160436e+04 3.087178e+06 1.270978e+09
<GCONST> 9.371774e+01
<MIXTURE> 3 6.534402e-02
<MEAN> 6
 3.783996e+01 -1.234876e+02 -1.692949e+02 2.159018e+02 -2.377368e+02 -3.602266e+03
<VARIANCE> 6
 9.636237e+02 4.605950e+05 1.531989e+06 1.166608e+04 1.435813e+05 5.305028e+07
<GCONST> 8.420617e+01
<MIXTURE> 4 9.703778e-02
<MEAN> 6
 7.623975e+01 9.148876e+02 -8.169137e+02 2.101652e+00 -3.197342e+01 -4.671783e+01
<VARIANCE> 6
 1.653602e+02 3.321048e+05 8.500433e+05 2.978770e+02 3.928750e+04 5.015123e+07
<GCONST> 7.650754e+01
<MIXTURE> 5 9.555702e-02
<MEAN> 6
 -7.002705e+01 1.711321e+01 -3.213151e+02 -4.891977e+00 1.716171e+02 2.803353e+02
<VARIANCE> 6
 3.197563e+02 1.947320e+05 1.313096e+06 9.687806e+02 6.282600e+04 5.015123e+07
<GCONST> 7.871681e+01
<MIXTURE> 6 8.752994e-02
<MEAN> 6
 -4.200389e+01 -6.812945e+01 9.030694e+01 7.298364e+01 5.936843e+02 -9.947317e+02
<VARIANCE> 6
 6.144319e+02 3.666682e+05 1.730200e+06 2.484774e+04 1.131981e+05 5.281136e+07
<GCONST> 8.416357e+01
<MIXTURE> 7 7.060204e-02
<MEAN> 6
 6.769974e+01 -7.243735e+02 1.893108e+03 -6.957619e-01 -4.102134e+00 -5.348545e+01
<VARIANCE> 6
 1.128903e+02 7.184322e+04 1.594344e+06 2.978770e+02 3.928750e+04 5.015123e+07
<GCONST> 7.522379e+01
<MIXTURE> 8 6.189764e-02
<MEAN> 6
 9.100390e+01 1.605262e+02 2.155439e+02 7.252159e+00 -7.550079e+02 1.049615e+03
<VARIANCE> 6
 6.315214e+02 4.746370e+05 1.729386e+06 2.481712e+04 7.328627e+05 2.602404e+08
<GCONST> 8.791010e+01
<MIXTURE> 9 8.157343e-02
<MEAN> 6
 7.137954e+01 1.507150e+02 -3.791221e+02 1.892924e-01 -1.795659e+01 -1.263330e+02
<VARIANCE> 6
 1.475644e+02 3.583448e+04 1.410463e+06 2.978770e+02 3.928750e+04 5.015123e+07
<GCONST> 7.467352e+01
<MIXTURE> 10 7.969889e-02
<MEAN> 6
 -5.048703e+01 9.059692e+01 -2.389448e+02 5.423454e+00 1.133104e+03 -3.375870e+03
<VARIANCE> 6
 6.075674e+02 1.786912e+05 1.667730e+06 4.244539e+04 5.592761e+05 3.420761e+08
<GCONST> 8.739803e+01
<MIXTURE> 11 7.923026e-02
<MEAN> 6
 4.454047e+01 2.069045e+01 -7.048679e+01 -6.533475e+01 -4.556553e+02 1.344632e+03
<VARIANCE> 6
 8.327932e+02 1.138671e+05 1.245218e+06 4.667282e+04 2.455735e+05 5.173528e+07
<GCONST> 8.435358e+01
<MIXTURE> 12 8.272675e-02
<MEAN> 6
 7.764658e+01 2.387829e+00 -1.317308e+03 -6.885377e-01 -1.943940e+01 -1.610546e+02
<VARIANCE> 6
 1.403907e+02 6.464038e+04 1.120080e+06 2.978770e+02 3.928750e+04 5.015123e+07
<GCONST> 7.498309e+01
<MIXTURE> 13 6.103033e-02
<MEAN> 6
 7.946089e+01 -1.827282e+01 -1.834070e+02 -4.597870e+01 -1.140663e+03 -4.023817e+03
<VARIANCE> 6
 6.610458e+02 4.124131e+05 1.723009e+06 3.541146e+04 6.962376e+05 2.497822e+08
<GCONST> 8.807478e+01
<STATE> 3
<NUMMIXES> 13
<MIXTURE> 1 5.960425e-02
<MEAN> 6
 9.037330e+01 8.942584e+02 2.202225e+02 -1.886039e+00 -3.472711e+00 5.558905e+00
<VARIANCE> 6
 3.190663e+01 8.974243e+04 1.511807e+04 2.978770e+02 3.928750e+04 5.015123e+07
<GCONST> 6.952432e+01
<MIXTURE> 2 1.122136e-01
<MEAN> 6
 7.427922e+01 -8.607767e+02 4.577414e+02 -1.728732e+00 -3.630327e+00 -1.040676e+02
<VARIANCE> 6
 1.016712e+02 1.993133e+07 5.677810e+05 2.978770e+02 3.928750e+04 5.015123e+07
<GCONST> 7.971220e+01
<MIXTURE> 3 8.882519e-02
<MEAN> 6
 8.064638e+01 4.756595e+00 2.827057e+01 -2.499522e-01 -2.555403e+00 -9.434244e+01
<VARIANCE> 6
 7.503305e+01 2.012280e+04 2.965897e+04 2.978770e+02 3.928750e+04 5.015123e+07
<GCONST> 6.955822e+01
<MIXTURE> 4 5.638013e-02
<MEAN> 6
 8.548624e+01 -5.260362e+02 -5.467715e+02 -8.923758e-03 -2.258322e+00 -1.506648e+02
<VARIANCE> 6
 1.728314e+02 1.465089e+04 1.511807e+04 2.978770e+02 3.928750e+04 5.015123e+07
<GCONST> 6.940138e+01
<MIXTURE> 5 9.560286e-02
<MEAN> 6
 6.827281e+01 4.192502e+02 4.762245e+01 9.585200e-01 2.510049e+00 -7.079317e+01
<VARIANCE> 6
 6.348481e+01 9.129292e+04 1.511807e+04 2.978770e+02 3.928750e+04 5.015123e+07
<GCONST> 7.022944e+01
<MIXTURE> 6 7.085058e-02
<MEAN> 6
 7.122275e+01 1.477271e+02 -2.580290e+02 -1.453927e-01 -5.116744e+00 -1.269456e+02
<VARIANCE> 6
 3.190663e+01 3.163982e+04 1.511807e+04 2.978770e+02 3.928750e+04 5.015123e+07
<GCONST> 6.848180e+01
<MIXTURE> 7 4.322967e-02
<MEAN> 6
 6.851139e+01 -1.170285e+03 -6.751642e+02 2.447077e-02 -4.477181e+00 -3.999592e+01
<VARIANCE> 6
 7.339267e+01 1.820334e+05 1.974181e+04 2.978770e+02 3.928750e+04 5.015123e+07
<GCONST> 7.133143e+01
<MIXTURE> 8 5.912362e-02
<MEAN> 6
 5.938625e+01 -4.833655e+01 -2.697406e+02 1.149743e+00 1.054755e+01 -4.092053e+01
<VARIANCE> 6
 4.630532e+01 1.344688e+05 1.511807e+04 2.978770e+02 3.928750e+04 5.015123e+07
<GCONST> 7.030116e+01
<MIXTURE> 9 1.124810e-01
<MEAN> 6
 7.234998e+01 -4.172885e+02 8.934306e+01 -1.063551e+00 -3.249721e+00 -4.308914e+01
<VARIANCE> 6
 5.879487e+01 1.377547e+05 6.212653e+04 2.978770e+02 3.928750e+04 5.015123e+07
<GCONST> 7.197737e+01
<MIXTURE> 10 9.087190e-02
<MEAN> 6
 7.511292e+01 -4.189075e+01 1.124257e+02 2.359940e-01 6.336559e-02 -1.127235e+02
<VARIANCE> 6
 7.201578e+01 1.444621e+04 3.114077e+04 2.978770e+02 3.928750e+04 5.015123e+07
<GCONST> 6.923450e+01
<MIXTURE> 11 7.609241e-02
<MEAN> 6
 8.355569e+01 4.747214e+02 4.027645e+02 -9.256210e-01 -1.434854e+00 -3.087354e+01
<VARIANCE> 6
 3.190663e+01 3.892116e+05 1.511807e+04 2.978770e+02 3.928750e+04 5.015123e+07
<GCONST> 7.099150e+01
<MIXTURE> 12 7.557400e-02
<MEAN> 6
 6.994538e+01 2.638597e+01 -2.789415e+02 1.436325e-01 -1.378632e+00 -1.214037e+02
<VARIANCE> 6
 3.190663e+01 1.444621e+04 1.511807e+04 2.978770e+02 3.928750e+04 5.015123e+07
<GCONST> 6.769781e+01
<MIXTURE> 13 5.902999e-02
<MEAN> 6
 5.669941e+01 -1.810460e+02 -3.222182e+02 1.616175e-01 -8.404291e+00 -2.340320e+02
<VARIANCE> 6
 4.494553e+01 1.361081e+05 1.511807e+04 2.978770e+02 3.928750e+04 5.015123e+07
<GCONST> 7.028346e+01
<STATE> 4
<NUMMIXES> 13
<MIXTURE> 1 1.144763e-02
<MEAN> 6
 -4.015352e+00 9.231924e+01 -2.255234e+02 -6.123232e+01 -1.752793e+02 8.501566e+03
<VARIANCE> 6
 6.772542e+03 2.316483e+07 1.675994e+06 6.778308e+05 3.463404e+08 4.997357e+11
<GCONST> 1.111649e+02
<MIXTURE> 2 1.135906e-01
<MEAN> 6
 1.210287e+01 8.503271e+01 2.398491e+01 1.751507e+02 1.174195e+02 -3.035411e+03
<VARIANCE> 6
 6.383267e+02 2.640697e+05 6.040648e+04 2.853191e+04 1.314900e+05 5.627768e+07
<GCONST> 8.087021e+01
<MIXTURE> 3 6.007772e-02
<MEAN> 6
 1.029345e+02 9.647918e+01 -4.427887e+01 5.745295e+01 -1.187372e+03 -1.536469e+03
<VARIANCE> 6
 6.020436e+02 1.286951e+06 3.893759e+05 3.259901e+04 3.773754e+06 2.615408e+09
<GCONST> 9.158798e+01
<MIXTURE> 4 5.081448e-02
<MEAN> 6
 1.081390e+02 -1.379082e+02 8.599099e+01 -8.113365e+00 -1.704422e+01 -2.375144e+02
<VARIANCE> 6
 2.685262e+02 6.138494e+06 2.976702e+05 2.978770e+02 3.928750e+04 5.015123e+07
<GCONST> 7.885994e+01
<MIXTURE> 5 9.460496e-02
<MEAN> 6
 -3.506046e+01 -4.921895e+01 9.819112e+00 -1.385478e+02 1.291934e+03 3.916965e+03
<VARIANCE> 6
 9.125757e+02 5.378965e+05 3.734319e+05 5.511430e+04 1.553192e+06 1.035144e+09
<GCONST> 8.980024e+01
<MIXTURE> 6 9.424606e-02
<MEAN> 6
 7.639627e+01 7.513747e+01 2.481005e+01 3.649905e+01 -4.913291e+02 -1.050995e+03
<VARIANCE> 6
 4.206964e+02 1.537658e+05 7.113278e+04 2.608473e+04 1.294076e+05 5.015123e+07
<GCONST> 7.985504e+01
<MIXTURE> 7 6.990084e-02
<MEAN> 6
 -3.945394e+01 1.014236e+02 5.352353e+01 7.649545e+01 9.911608e+02 1.237990e+02
<VARIANCE> 6
 2.762848e+02 1.278404e+05 6.799949e+04 2.492487e+04 2.441350e+05 1.026437e+08
<GCONST> 8.051036e+01
<MIXTURE> 8 7.216947e-02
<MEAN> 6
 7.712989e+01 3.036873e+01 5.835495e+01 3.915699e+01 -7.632570e+02 -4.398014e+03
<VARIANCE> 6
 7.501810e+02 7.077733e+04 5.201280e+04 4.078999e+04 8.668064e+05 3.043587e+08
<GCONST> 8.349660e+01
<MIXTURE> 9 1.310154e-01
<MEAN> 6
 9.211650e+01 -9.472599e+01 -6.674764e+01 -3.791201e+00 -2.873738e+01 -2.253383e+02
<VARIANCE> 6
 2.411005e+02 2.414835e+05 1.119130e+05 2.978770e+02 3.928750e+04 5.015123e+07
<GCONST> 7.453841e+01
<MIXTURE> 10 8.109631e-02
<MEAN> 6
 -5.570327e+01 3.849073e+01 2.596203e+01 7.067616e+00 2.123512e+02 5.002310e+02
<VARIANCE> 6
 1.958577e+02 3.749912e+05 1.361062e+05 8.890458e+02 8.045473e+04 5.015123e+07
<GCONST> 7.677665e+01
<MIXTURE> 11 7.816500e-02
<MEAN> 6
 6.941431e+01 -1.108206e+02 1.625746e+02 -8.075923e+01 -7.231118e+02 5.339136e+02
<VARIANCE> 6
 9.009094e+02 4.567398e+05 5.239771e+05 4.235214e+04 2.950865e+05 9.918827e+07
<GCONST> 8.569307e+01
<MIXTURE> 12 7.157320e-02
<MEAN> 6
 4.420448e+01 -1.622907e+01 3.090155e+01 -2.157966e+02 -6.379882e+02 7.551924e+03
<VARIANCE> 6
 1.283331e+03 6.552874e+04 5.267832e+04 3.392380e+04 7.241386e+05 2.858967e+08
<GCONST> 8.354243e+01
<MIXTURE> 13 7.022463e-02
<MEAN> 6
 -4.595875e+01 -2.837935e+01 -4.285032e+01 2.096806e+01 8.467473e+02 -2.710933e+03
<VARIANCE> 6
 2.922807e+02 1.246302e+05 6.742570e+04 2.169694e+04 2.352544e+05 1.121673e+08
<GCONST> 8.044572e+01
<TRANSP> 5
 0.000000e+00 1.000000e+00 0.000000e+00 0.000000e+00 0.000000e+00
 0.000000e+00 9.997940e-01 2.059650e-04 0.000000e+00 0.000000e+00
 0.000000e+00 0.000000e+00 9.996585e-01 3.415734e-04 0.000000e+00
 0.000000e+00 0.000000e+00 0.000000e+00 9.999475e-01 5.242266e-05
 0.000000e+00 0.000000e+00 0.000000e+00 0.000000e+00 0.000000e+00
<ENDHMM>
~h "SegundoESO"
<BEGINHMM>
<NUMSTATES> 5
<STATE> 2
<NUMMIXES> 13
<MIXTURE> 1 4.534468e-02
<MEAN> 6
 5.846312e+01 4.800648e+03 6.080446e+02 3.762462e+01 -4.471384e+02 -6.690525e+02
<VARIANCE> 6
 1.769567e+03 4.771634e+07 1.621804e+07 3.083949e+04 8.642769e+05 3.257827e+08
<GCONST> 9.639612e+01
<MIXTURE> 2 8.053393e-02
<MEAN> 6
 9.442863e+01 5.162138e+01 -1.539154e+03 -7.764997e+00 -4.284615e+01 8.090498e+01
<VARIANCE> 6
 1.353108e+02 1.590452e+06 7.891454e+06 2.978770e+02 3.928750e+04 5.015123e+07
<GCONST> 8.010155e+01
<MIXTURE> 3 9.024359e-02
<MEAN> 6
 -6.189664e+01 3.177776e+02 4.532805e+02 1.081163e+01 1.693100e+02 5.041667e+01
<VARIANCE> 6
 7.505753e+01 1.102286e+06 3.334727e+06 7.705557e+02 5.225432e+04 5.015123e+07
<GCONST> 7.951986e+01
<MIXTURE> 4 7.704721e-02
<MEAN> 6
 -5.105539e+01 3.951455e+02 1.478937e+03 -2.820745e+01 1.106001e+03 9.584727e+02
<VARIANCE> 6
 2.968248e+02 1.113457e+06 5.418470e+06 3.569926e+04 4.155513e+05 2.292596e+08
<GCONST> 8.881933e+01
<MIXTURE> 5 4.482686e-02
<MEAN> 6
 9.009721e+01 -4.830105e+03 2.351952e+03 -7.951957e+00 -3.664873e+01 -3.427560e+02
<VARIANCE> 6
 5.010024e+01 4.389472e+06 2.141947e+07 2.978770e+02 3.928750e+04 5.015123e+07
<GCONST> 8.112172e+01
<MIXTURE> 6 1.067694e-01
<MEAN> 6
 5.159094e+01 1.468815e+02 -4.583385e+02 9.110001e+01 -2.901989e+02 -9.231583e+02
<VARIANCE> 6
 6.843995e+02 9.370901e+06 5.435892e+06 2.200566e+04 6.704562e+04 5.015123e+07
<GCONST> 8.796020e+01
<MIXTURE> 7 1.246407e-01
<MEAN> 6
 7.391546e+01 4.879449e+02 -3.571547e+03 4.335942e-01 -1.166368e+01 -9.399721e+01
<VARIANCE> 6
 7.529668e+01 4.506808e+05 9.919614e+06 2.978770e+02 3.928750e+04 5.015123e+07
<GCONST> 7.848314e+01
<MIXTURE> 8 9.897434e-02
<MEAN> 6
 7.892941e+01 -2.585108e+02 8.731285e+02 2.678512e+01 -6.038597e+02 -5.838378e+02
<VARIANCE> 6
 2.839635e+02 1.054375e+06 4.561048e+06 1.385952e+04 1.448972e+05 5.015123e+07
<GCONST> 8.502869e+01
<MIXTURE> 9 7.541827e-02
<MEAN> 6
 -1.795590e+01 9.382603e+02 3.303256e+01 4.368679e+01 3.552007e+02 -1.892975e+03
<VARIANCE> 6
 4.325877e+02 2.768387e+06 5.403986e+06 3.892203e+04 8.400682e+04 5.015123e+07
<GCONST> 8.707200e+01
<MIXTURE> 10 6.637917e-02
<MEAN> 6
 7.573545e+01 -6.321063e+02 1.455245e+03 2.068713e-01 -1.053141e+01 1.516187e+01
<VARIANCE> 6
 4.075802e+01 3.511738e+06 1.932649e+06 2.978770e+02 3.928750e+04 5.015123e+07
<GCONST> 7.828684e+01
<MIXTURE> 11 5.812429e-02
<MEAN> 6
 3.604483e+01 6.572059e+01 4.897318e+02 -2.510051e+02 -5.125286e+02 5.069969e+03
<VARIANCE> 6
 6.839375e+02 1.081262e+06 4.751908e+06 6.341208e+03 3.775030e+05 8.854978e+07
<GCONST> 8.671806e+01
<MIXTURE> 12 6.507258e-02
<MEAN> 6
 -2.973793e+01 -1.598671e+03 3.763814e+02 3.936865e+00 3.384841e+02 -2.455002e+02
<VARIANCE> 6
 5.124144e+02 7.513828e+06 6.799073e+05 2.264640e+04 1.077335e+05 5.015123e+07
<GCONST> 8.587408e+01
<MIXTURE> 13 6.636368e-02
<MEAN> 6
 7.366252e+01 -1.221495e+03 1.045027e+03 -2.436755e+00 -2.907166e+01 -2.900560e+02
<VARIANCE> 6
 4.097103e+01 3.676540e+06 2.232512e+06 2.978770e+02 3.928750e+04 5.015123e+07
<GCONST> 7.848215e+01
<STATE> 3
<NUMMIXES> 13
<MIXTURE> 1 6.924371e-02
<MEAN> 6
 7.484454e+01 7.996746e+01 6.175591e+02 3.463997e-02 -2.931051e+00 -3.561283e+01
<VARIANCE> 6
 3.190663e+01 2.104609e+05 1.170729e+05 2.978770e+02 3.928750e+04 5.015123e+07
<GCONST> 7.242358e+01
<MIXTURE> 2 8.728898e-02
<MEAN> 6
 6.892883e+01 4.350186e+02 -2.322292e+02 2.304044e-01 -5.657555e+00 -1.269006e+02
<VARIANCE> 6
 3.190663e+01 1.444621e+04 2.220429e+04 2.978770e+02 3.928750e+04 5.015123e+07
<GCONST> 6.808221e+01
<MIXTURE> 3 6.533056e-02
<MEAN> 6
 6.901169e+01 6.174152e+02 -3.875650e+01 -2.127319e-01 -4.726248e+00 -1.191361e+02
<VARIANCE> 6
 3.190663e+01 8.505643e+05 2.346638e+04 2.978770e+02 3.928750e+04 5.015123e+07
<GCONST> 7.221295e+01
<MIXTURE> 4 6.197085e-02
<MEAN> 6
 8.432175e+01 -9.083757e+02 1.813746e+02 -5.474119e-01 -5.648460e-01 -5.459827e+01
<VARIANCE> 6
 3.190663e+01 2.041529e+05 5.289268e+04 2.978770e+02 3.928750e+04 5.015123e+07
<GCONST> 7.159862e+01
<MIXTURE> 5 9.086578e-02
<MEAN> 6
 5.907236e+01 1.577504e+02 -3.281624e+02 3.206783e-01 -2.601418e+00 -1.345299e+02
<VARIANCE> 6
 3.190663e+01 3.698475e+06 1.970248e+04 2.978770e+02 3.928750e+04 5.015123e+07
<GCONST> 7.350790e+01
<MIXTURE> 6 1.159387e-01
<MEAN> 6
 6.244946e+01 3.670978e+02 -1.180497e+03 -6.102989e-01 -3.476333e+00 -8.922094e+01
<VARIANCE> 6
 3.190663e+01 5.228112e+05 2.100424e+05 2.978770e+02 3.928750e+04 5.015123e+07
<GCONST> 7.391801e+01
<MIXTURE> 7 6.437736e-02
<MEAN> 6
 5.877935e+01 4.659478e+02 5.432987e+01 3.186558e-01 1.953014e+00 -9.690121e+01
<VARIANCE> 6
 3.190663e+01 1.237373e+05 1.511807e+04 2.978770e+02 3.928750e+04 5.015123e+07
<GCONST> 6.984554e+01
<MIXTURE> 8 8.563218e-02
<MEAN> 6
 7.238032e+01 3.539646e+02 2.890254e+02 -4.001836e-01 -4.225591e+00 -8.372137e+01
<VARIANCE> 6
 3.190663e+01 1.884731e+05 1.511807e+04 2.978770e+02 3.928750e+04 5.015123e+07
<GCONST> 7.026633e+01
<MIXTURE> 9 6.992091e-02
<MEAN> 6
 7.371985e+01 1.726892e+02 -6.396008e+02 -6.376485e-01 -5.583487e+00 -1.084959e+02
<VARIANCE> 6
 3.190663e+01 5.109033e+04 2.236522e+04 2.978770e+02 3.928750e+04 5.015123e+07
<GCONST> 6.935258e+01
<MIXTURE> 10 7.173381e-02
<MEAN> 6
 5.906093e+01 -3.809140e+01 -1.591223e+02 2.240175e-01 -4.106028e+00 -1.667591e+02
<VARIANCE> 6
 3.190663e+01 3.246299e+04 1.511807e+04 2.978770e+02 3.928750e+04 5.015123e+07
<GCONST> 6.850748e+01
<MIXTURE> 11 9.051421e-02
<MEAN> 6
 6.829593e+01 -1.513234e+02 2.468644e+02 -1.356200e-01 -2.606166e+00 -7.833576e+01
<VARIANCE> 6
 3.190663e+01 2.148238e+05 1.910136e+04 2.978770e+02 3.928750e+04 5.015123e+07
<GCONST> 7.063107e+01
<MIXTURE> 12 6.496371e-02
<MEAN> 6
 6.857604e+01 4.572177e+02 -4.761742e+01 -1.456277e-01 -3.592735e+00 -1.193143e+02
<VARIANCE> 6
 3.190663e+01 1.024926e+06 2.373791e+04 2.978770e+02 3.928750e+04 5.015123e+07
<GCONST> 7.241093e+01
<MIXTURE> 13 6.196044e-02
<MEAN> 6
 8.245733e+01 -1.012657e+03 8.747622e+01 -1.105654e+00 -1.009397e+01 -1.642941e+02
<VARIANCE> 6
 3.190663e+01 2.305872e+05 5.441721e+04 2.978770e+02 3.928750e+04 5.015123e+07
<GCONST> 7.174879e+01
<STATE> 4
<NUMMIXES> 13
<MIXTURE> 1 8.279534e-02
<MEAN> 6
 8.503443e+01 2.091322e+02 2.037571e+01 -5.298649e+00 -2.972625e+01 1.679546e+02
<VARIANCE> 6
 2.006347e+02 7.267337e+05 1.111292e+06 2.978770e+02 3.928750e+04 5.015123e+07
<GCONST> 7.775200e+01
<MIXTURE> 2 5.675647e-02
<MEAN> 6
 6.371027e+01 -3.457574e+02 6.422184e+01 -2.724872e+01 -9.165331e+02 6.501002e+02
<VARIANCE> 6
 1.041690e+03 4.368764e+06 1.799743e+06 3.990923e+04 9.343567e+05 5.267316e+08
<GCONST> 9.209319e+01
<MIXTURE> 3 6.087206e-02
<MEAN> 6
 -4.719104e+01 2.164814e+02 9.944196e+01 -1.046850e+02 1.360424e+03 3.229394e+03
<VARIANCE> 6
 2.511765e+02 1.176519e+06 7.169776e+05 2.582843e+04 6.584859e+05 4.887338e+08
<GCONST> 8.757855e+01
<MIXTURE> 4 1.030588e-01
<MEAN> 6
 7.394870e+00 1.493596e+02 7.223333e+01 5.529149e+01 -5.541559e+00 -1.856189e+03
<VARIANCE> 6
 4.464770e+02 1.061981e+06 6.789144e+05 3.842352e+04 8.194703e+04 5.015123e+07
<GCONST> 8.403336e+01
<MIXTURE> 5 7.648777e-02
<MEAN> 6
 5.914576e+01 2.186076e+02 2.048440e+01 8.267393e+01 -3.588723e+02 -9.414749e+02
<VARIANCE> 6
 2.540071e+02 7.021055e+05 2.813101e+05 1.275548e+04 7.164798e+04 5.015123e+07
<GCONST> 8.093747e+01
<MIXTURE> 6 5.815271e-02
<MEAN> 6
 -3.625855e+01 1.605297e+02 6.694195e+01 9.666900e+01 8.741723e+02 -1.518858e+03
<VARIANCE> 6
 2.008979e+02 3.072677e+05 1.108475e+05 1.752849e+04 1.672765e+05 7.251014e+07
<GCONST> 8.047967e+01
<MIXTURE> 7 1.011211e-01
<MEAN> 6
 1.158220e+01 -1.426996e+01 -1.714106e+01 1.143180e+02 -8.838953e+00 -1.317731e+03
<VARIANCE> 6
 8.028387e+02 1.110439e+05 3.847422e+04 1.148813e+04 6.397471e+04 5.015123e+07
<GCONST> 7.803671e+01
<MIXTURE> 8 8.804926e-02
<MEAN> 6
 7.388728e+01 -2.512159e+02 1.213170e+02 -4.153027e+01 -9.107782e+02 -2.204331e+02
<VARIANCE> 6
 2.467173e+02 1.007393e+06 1.569021e+05 1.651463e+04 1.975235e+05 1.108146e+08
<GCONST> 8.275074e+01
<MIXTURE> 9 6.747184e-02
<MEAN> 6
 -5.216789e+01 -2.007486e+00 1.970074e+01 2.198239e+01 3.556726e+02 7.895107e+01
<VARIANCE> 6
 1.816441e+02 4.304583e+05 3.003263e+05 9.517472e+02 9.106362e+04 5.015123e+07
<GCONST> 7.782271e+01
<MIXTURE> 10 9.071723e-02
<MEAN> 6
 2.526166e+00 -4.891452e+01 6.477344e+01 -2.161866e+02 8.152991e+01 5.017881e+03
<VARIANCE> 6
 5.036242e+02 5.303121e+05 7.746116e+04 5.730216e+03 2.273745e+05 1.546948e+08
<GCONST> 8.153267e+01
<MIXTURE> 11 7.370154e-02
<MEAN> 6
 7.329785e+01 -3.449832e+02 3.656020e+01 -4.762278e+00 -4.431284e+01 -1.091889e+02
<VARIANCE> 6
 1.014970e+02 1.458531e+06 6.923705e+04 2.978770e+02 3.928750e+04 5.015123e+07
<GCONST> 7.499142e+01
<MIXTURE> 12 8.093160e-02
<MEAN> 6
 5.492715e+01 -8.091981e+01 -4.406566e+01 -1.728686e+01 -5.094776e+02 3.759857e+02
<VARIANCE> 6
 2.048487e+02 3.118329e+05 1.625925e+05 2.749744e+04 7.793841e+04 5.015123e+07
<GCONST> 8.021483e+01
<MIXTURE> 13 5.876794e-02
<MEAN> 6
 -3.997921e+01 -4.584288e+01 -6.505676e+01 4.834739e+01 7.493979e+02 -3.424531e+03
<VARIANCE> 6
 2.096317e+02 2.724350e+05 1.086197e+05 1.661395e+04 1.630135e+05 7.827723e+07
<GCONST> 8.037873e+01
<TRANSP> 5
 0.000000e+00 1.000000e+00 0.000000e+00 0.000000e+00 0.000000e+00
 0.000000e+00 9.998232e-01 1.767759e-04 0.000000e+00 0.000000e+00
 0.000000e+00 0.000000e+00 9.997302e-01 2.698846e-04 0.000000e+00
 0.000000e+00 0.000000e+00 0.000000e+00 9.999442e-01 5.584319e-05
 0.000000e+00 0.000000e+00 0.000000e+00 0.000000e+00 0.000000e+00
<ENDHMM>
~h "QuintoPRIMARIA"
<BEGINHMM>
<NUMSTATES> 5
<STATE> 2
<NUMMIXES> 13
<MIXTURE> 1 5.682757e-02
<MEAN> 6
 7.194144e+01 -1.246411e+01 2.904536e+02 -2.147810e+00 -1.412751e+01 -4.826440e+01
<VARIANCE> 6
 1.007247e+02 4.867664e+04 1.022612e+05 2.978770e+02 3.928750e+04 5.015123e+07
<GCONST> 7.197379e+01
<MIXTURE> 2 2.203838e-02
<MEAN> 6
 4.969596e+01 -4.057592e+02 -3.407638e+02 -6.342346e+01 -8.284178e+02 6.879628e+03
<VARIANCE> 6
 2.118864e+03 1.323820e+06 2.618420e+06 5.106618e+04 1.734597e+06 9.166205e+08
<GCONST> 9.340338e+01
<MIXTURE> 3 5.667418e-02
<MEAN> 6
 -2.615593e+01 6.277023e+01 2.240531e+02 2.059693e+02 7.666766e+02 -6.038665e+03
<VARIANCE> 6
 5.791152e+02 1.932100e+05 3.338425e+05 1.377357e+04 3.976463e+05 1.223075e+08
<GCONST> 8.332459e+01
<MIXTURE> 4 6.393966e-02
<MEAN> 6
 -4.010641e+01 -6.827618e+01 -1.811200e+01 -1.944986e+02 1.276769e+03 6.444973e+03
<VARIANCE> 6
 4.441418e+02 1.305705e+05 1.514054e+05 1.612641e+04 1.054636e+06 7.147161e+08
<GCONST> 8.477511e+01
<MIXTURE> 5 8.495445e-02
<MEAN> 6
 8.239346e+01 -6.157417e+01 -2.536480e+02 -7.512544e+00 -1.864179e+01 -1.646367e+02
<VARIANCE> 6
 1.825044e+02 4.017369e+05 1.003946e+05 2.978770e+02 3.928750e+04 5.015123e+07
<GCONST> 7.466035e+01
<MIXTURE> 6 1.105988e-01
<MEAN> 6
 5.370335e+01 2.655188e+01 1.677579e+01 7.891076e+01 -3.688877e+02 -1.030578e+03
<VARIANCE> 6
 6.116765e+02 5.945636e+04 3.500298e+04 2.285825e+04 1.305879e+05 5.015123e+07
<GCONST> 7.844707e+01
<MIXTURE> 7 6.575313e-02
<MEAN> 6
 6.626312e+01 3.643374e+01 -1.034494e+01 1.670319e+01 -1.007978e+03 -1.380941e+03
<VARIANCE> 6
 8.857806e+02 9.999441e+04 8.203066e+04 4.239748e+04 8.395469e+05 4.859842e+08
<GCONST> 8.493860e+01
<MIXTURE> 8 8.246836e-02
<MEAN> 6
 -5.292617e+01 2.489369e+01 1.351360e+00 1.794654e+01 1.981686e+02 1.593438e+02
<VARIANCE> 6
 2.123047e+02 9.922165e+04 1.046734e+05 6.745344e+02 6.596562e+04 5.015123e+07
<GCONST> 7.479047e+01
<MIXTURE> 9 1.099066e-01
<MEAN> 6
 6.198893e+01 1.481331e+01 -1.192457e+02 -4.596506e-01 -1.327090e+01 -1.248488e+02
<VARIANCE> 6
 3.190663e+01 3.735112e+04 9.642938e+04 2.978770e+02 3.928750e+04 5.015123e+07
<GCONST> 7.050066e+01
<MIXTURE> 10 1.066821e-01
<MEAN> 6
 6.326706e+01 7.190112e+01 -3.853489e+01 -2.941806e+01 -7.454585e+02 -1.282246e+02
<VARIANCE> 6
 4.566102e+02 2.523545e+05 1.681843e+05 2.931689e+04 2.042440e+05 5.353450e+07
<GCONST> 8.193133e+01
<MIXTURE> 11 9.297594e-02
<MEAN> 6
 7.422376e+00 2.089575e+01 -6.157943e+01 -1.075353e+02 -3.466897e+01 1.279703e+03
<VARIANCE> 6
 4.334191e+02 3.492833e+04 1.222075e+05 4.298434e+04 2.021552e+05 1.325393e+08
<GCONST> 8.086127e+01
<MIXTURE> 12 8.959100e-02
<MEAN> 6
 -4.354966e+01 -3.060788e+01 -5.857511e-01 5.441650e+01 8.069210e+02 -7.109284e+02
<VARIANCE> 6
 3.149579e+02 8.758371e+04 5.384646e+04 1.539426e+04 1.376325e+05 6.398710e+07
<GCONST> 7.850223e+01
<MIXTURE> 13 5.693147e-02
<MEAN> 6
 6.900938e+01 -8.785513e+01 1.822743e+02 -5.085194e+00 -4.784461e+01 -6.001920e+02
<VARIANCE> 6
 1.111206e+02 4.756859e+04 1.066956e+05 2.978770e+02 3.928750e+04 5.015123e+07
<GCONST> 7.209144e+01
<STATE> 3
<NUMMIXES> 13
<MIXTURE> 1 1.015500e-01
<MEAN> 6
 7.062973e+01 3.506209e+02 3.128804e+03 2.634339e-02 -2.680767e+00 -1.004212e+02
<VARIANCE> 6
 1.983521e+02 7.203348e+04 9.928708e+05 2.978770e+02 3.928750e+04 5.015123e+07
<GCONST> 7.531644e+01
<MIXTURE> 2 5.051148e-02
<MEAN> 6
 7.374514e+01 1.772844e+03 3.684498e+02 -2.482823e-01 -6.013196e+00 -2.126934e+02
<VARIANCE> 6
 3.476418e+01 1.679847e+05 8.133827e+05 2.978770e+02 3.928750e+04 5.015123e+07
<GCONST> 7.422234e+01
<MIXTURE> 3 7.345197e-02
<MEAN> 6
 8.765789e+01 -6.675578e+01 5.593135e+01 -4.039650e+00 8.208985e+00 -3.696252e+01
<VARIANCE> 6
 3.354736e+01 3.370847e+04 1.511807e+04 2.978770e+02 3.928750e+04 5.015123e+07
<GCONST> 6.859527e+01
<MIXTURE> 4 8.476195e-02
<MEAN> 6
 6.186713e+01 -3.210794e+03 -5.338712e+03 1.014746e+00 -5.792057e+00 -7.266905e+01
<VARIANCE> 6
 3.190663e+01 1.680279e+07 7.305362e+06 2.978770e+02 3.928750e+04 5.015123e+07
<GCONST> 8.093715e+01
<MIXTURE> 5 1.169123e-01
<MEAN> 6
 6.714037e+01 -2.964862e+02 -1.285318e+03 5.279442e-01 -5.202025e+00 -7.201335e+01
<VARIANCE> 6
 7.615896e+01 5.664824e+05 1.859588e+05 2.978770e+02 3.928750e+04 5.015123e+07
<GCONST> 7.474647e+01
<MIXTURE> 6 6.814998e-02
<MEAN> 6
 7.779455e+01 -5.776630e+02 1.278684e+02 -1.399195e+00 8.665215e+00 -3.092615e+01
<VARIANCE> 6
 3.190663e+01 9.027184e+04 2.992750e+04 2.978770e+02 3.928750e+04 5.015123e+07
<GCONST> 7.021309e+01
<MIXTURE> 7 9.889445e-02
<MEAN> 6
 6.075180e+01 3.659682e+02 -3.088840e+03 2.074606e-01 -6.137245e+00 -1.178343e+02
<VARIANCE> 6
 3.190663e+01 9.601716e+04 9.673639e+05 2.978770e+02 3.928750e+04 5.015123e+07
<GCONST> 7.375059e+01
<MIXTURE> 8 4.023335e-02
<MEAN> 6
 5.156263e+01 -1.068266e+03 3.130902e+02 -3.263618e-01 -3.195968e+00 -1.249160e+02
<VARIANCE> 6
 3.190663e+01 1.444621e+04 1.572864e+05 2.978770e+02 3.928750e+04 5.015123e+07
<GCONST> 7.003999e+01
<MIXTURE> 9 9.752441e-02
<MEAN> 6
 8.383208e+01 2.936324e+02 -2.528950e+02 -1.474657e+00 -1.624619e+00 -5.697868e+01
<VARIANCE> 6
 3.190663e+01 1.342234e+05 1.511807e+04 2.978770e+02 3.928750e+04 5.015123e+07
<GCONST> 6.992688e+01
<MIXTURE> 10 7.160734e-02
<MEAN> 6
 6.464248e+01 1.266365e+03 -4.536742e+02 3.668286e-01 -3.559475e-01 -3.875211e+01
<VARIANCE> 6
 3.359448e+01 2.809842e+04 7.316809e+05 2.978770e+02 3.928750e+04 5.015123e+07
<GCONST> 7.229409e+01
<MIXTURE> 11 6.603854e-02
<MEAN> 6
 8.637943e+01 -5.454569e+01 2.442891e+01 -3.064669e+00 5.947645e+00 -4.111230e+01
<VARIANCE> 6
 3.190663e+01 2.372708e+04 1.511807e+04 2.978770e+02 3.928750e+04 5.015123e+07
<GCONST> 6.819399e+01
<MIXTURE> 12 6.158102e-02
<MEAN> 6
 8.184486e+01 -4.425207e+01 -4.150963e+02 -1.634172e+00 -7.519818e+00 -3.090448e+01
<VARIANCE> 6
 3.190663e+01 1.049720e+05 4.757911e+04 2.978770e+02 3.928750e+04 5.015123e+07
<GCONST> 7.082758e+01
<MIXTURE> 13 6.861270e-02
<MEAN> 6
 7.626833e+01 -7.601010e+02 3.941675e+01 -1.682561e+00 -6.017345e+00 -1.705480e+02
<VARIANCE> 6
 3.190663e+01 1.197823e+05 3.333917e+04 2.978770e+02 3.928750e+04 5.015123e+07
<GCONST> 7.060389e+01
<STATE> 4
<NUMMIXES> 13
<MIXTURE> 1 1.038309e-01
<MEAN> 6
 8.782520e+01 2.502492e+02 9.929310e+02 -4.028347e+00 -1.527862e+01 -4.524382e+01
<VARIANCE> 6
 2.400134e+02 4.036358e+06 3.095961e+06 2.978770e+02 3.928750e+04 5.015123e+07
<GCONST> 8.067032e+01
<MIXTURE> 2 1.341001e-02
<MEAN> 6
 -7.670164e+00 1.612457e+02 1.102110e+02 -1.857856e+01 7.016850e+01 3.970125e+03
<VARIANCE> 6
 1.162774e+04 1.973146e+05 4.064460e+05 1.945263e+06 1.063537e+09 1.564415e+12
<GCONST> 1.088405e+02
<MIXTURE> 3 8.463204e-02
<MEAN> 6
 1.877929e+01 4.845012e+01 -6.746990e+02 -1.106831e+02 -1.694448e+02 4.803181e+03
<VARIANCE> 6
 4.141870e+03 2.970096e+06 7.508068e+06 5.992947e+04 3.709597e+06 2.029448e+09
<GCONST> 9.765015e+01
<MIXTURE> 4 1.016995e-01
<MEAN> 6
 -3.613168e+01 -8.872163e+01 1.930011e+02 1.319674e+02 6.416616e+02 -2.495477e+03
<VARIANCE> 6
 3.865655e+02 1.540715e+06 1.532654e+06 1.963299e+04 1.529201e+05 5.015123e+07
<GCONST> 8.502802e+01
<MIXTURE> 5 7.127424e-02
<MEAN> 6
 5.512299e+01 4.175477e+02 7.262252e+02 5.338700e+01 -4.598391e+02 -4.368644e+02
<VARIANCE> 6
 7.549560e+02 2.597661e+06 3.998309e+06 3.251882e+04 1.571550e+05 5.015123e+07
<GCONST> 8.771054e+01
<MIXTURE> 6 8.788535e-02
<MEAN> 6
 9.147695e+01 6.222370e+02 -2.005677e+02 -4.931664e+00 -2.276153e+01 -1.341781e+02
<VARIANCE> 6
 1.477629e+02 1.491120e+05 1.359856e+06 2.978770e+02 3.928750e+04 5.015123e+07
<GCONST> 7.606411e+01
<MIXTURE> 7 1.031109e-01
<MEAN> 6
 8.358301e+01 1.064313e+02 5.660458e+01 -1.656918e+01 -6.664666e+02 -1.255166e+03
<VARIANCE> 6
 1.969776e+02 6.800321e+05 5.369687e+05 1.617967e+04 5.705838e+05 2.504831e+08
<GCONST> 8.521877e+01
<MIXTURE> 8 7.988932e-02
<MEAN> 6
 -6.682272e+01 1.477384e+02 6.333548e+00 5.664135e+00 2.095407e+02 4.629401e+02
<VARIANCE> 6
 2.139905e+02 9.278955e+05 1.741708e+06 8.138543e+02 8.847727e+04 5.015123e+07
<GCONST> 8.032708e+01
<MIXTURE> 9 9.029805e-02
<MEAN> 6
 7.415202e+01 -2.937102e+02 2.484269e+02 3.465241e-01 -2.048302e+01 -1.843531e+02
<VARIANCE> 6
 1.852854e+02 1.455734e+05 1.031808e+06 2.978770e+02 3.928750e+04 5.015123e+07
<GCONST> 7.599032e+01
<MIXTURE> 10 5.256630e-02
<MEAN> 6
 2.574582e+01 -1.661031e+02 2.982285e+02 3.895169e+01 -9.878468e+01 6.279854e+02
<VARIANCE> 6
 7.187162e+02 3.382174e+05 5.669636e+05 5.474468e+04 2.047934e+05 1.108921e+08
<GCONST> 8.524849e+01
<MIXTURE> 11 8.058345e-02
<MEAN> 6
 -5.485590e+01 -2.804415e+02 -6.549249e+01 -4.574206e+01 1.214891e+03 4.423720e+02
<VARIANCE> 6
 2.612921e+02 4.365891e+05 1.628212e+06 2.754651e+04 5.943473e+05 3.188616e+08
<GCONST> 8.698176e+01
<MIXTURE> 12 7.782865e-02
<MEAN> 6
 4.588956e+01 -2.415138e+02 -2.444429e+02 -2.050089e+01 -5.244349e+02 1.790051e+02
<VARIANCE> 6
 8.205327e+02 1.022420e+06 3.041488e+06 4.545311e+04 2.613404e+05 5.015123e+07
<GCONST> 8.743133e+01
<MIXTURE> 13 5.208087e-02
<MEAN> 6
 1.642165e+01 -3.620771e+02 3.296346e+01 -2.678725e+01 -2.313659e+02 -2.254584e+03
<VARIANCE> 6
 7.130114e+02 3.665869e+05 5.748410e+05 6.310770e+04 2.254576e+05 1.248645e+08
<GCONST> 8.569183e+01
<TRANSP> 5
 0.000000e+00 1.000000e+00 0.000000e+00 0.000000e+00 0.000000e+00
 0.000000e+00 9.999093e-01 9.072736e-05 0.000000e+00 0.000000e+00
 0.000000e+00 0.000000e+00 9.996189e-01 3.810760e-04 0.000000e+00
 0.000000e+00 0.000000e+00 0.000000e+00 9.999307e-01 6.930385e-05
 0.000000e+00 0.000000e+00 0.000000e+00 0.000000e+00 0.000000e+00
<ENDHMM>
