~o
<STREAMINFO> 1 6
<VECSIZE> 6<NULLD><USER><DIAGC>
~h "SegundoPRIMARIA"
<BEGINHMM>
<NUMSTATES> 7
<STATE> 2
<NUMMIXES> 14
<MIXTURE> 1 7.635275e-02
<MEAN> 6
 1.023849e+02 -1.421474e+01 2.774311e+02 -4.890775e+00 -5.990567e+01 -4.588932e+02
<VARIANCE> 6
 2.444272e+02 1.517234e+05 1.502382e+06 2.876443e+02 3.343562e+04 4.108754e+07
<GCONST> 7.628887e+01
<MIXTURE> 2 5.373057e-02
<MEAN> 6
 -3.365675e+01 4.787214e+01 9.901314e+01 -2.270649e+02 1.423965e+03 7.773763e+03
<VARIANCE> 6
 7.295758e+02 5.312846e+05 2.139682e+06 3.919182e+04 1.516868e+06 1.203048e+09
<GCONST> 9.109545e+01
<MIXTURE> 3 5.818179e-02
<MEAN> 6
 -2.266716e+01 3.597290e+01 -1.525775e+02 1.289191e+02 8.392042e+02 -6.949409e+03
<VARIANCE> 6
 6.132935e+02 2.512075e+05 7.311581e+05 4.806875e+04 4.184929e+05 1.721142e+08
<GCONST> 8.607100e+01
<MIXTURE> 4 8.435106e-02
<MEAN> 6
 3.608096e+01 -1.025658e+02 -1.464246e+02 2.077025e+02 -1.681822e+02 -2.265999e+03
<VARIANCE> 6
 8.428052e+02 2.750031e+05 1.316188e+06 1.500954e+04 1.526478e+05 4.299712e+07
<GCONST> 8.350776e+01
<MIXTURE> 5 9.303320e-02
<MEAN> 6
 -5.520069e+01 3.460423e+01 -1.565527e+02 4.203831e+01 5.625820e+02 4.885721e+02
<VARIANCE> 6
 4.233556e+02 2.723299e+05 1.763308e+06 9.093572e+03 1.115092e+05 5.725825e+07
<GCONST> 8.257321e+01
<MIXTURE> 6 6.358635e-02
<MEAN> 6
 7.434418e+01 1.006948e+03 -3.474517e+02 2.807657e+00 -2.553598e+01 -7.559582e+01
<VARIANCE> 6
 1.018870e+02 2.334841e+05 9.959529e+05 2.876443e+02 3.343562e+04 4.108754e+07
<GCONST> 7.543377e+01
<MIXTURE> 7 5.483700e-02
<MEAN> 6
 1.052037e+02 -4.327203e+02 -4.732969e+01 3.945702e+01 -8.996241e+02 1.133780e+03
<VARIANCE> 6
 3.469666e+02 1.599564e+06 1.070174e+06 1.798726e+04 1.918032e+06 9.296011e+08
<GCONST> 8.995956e+01
<MIXTURE> 8 7.579897e-02
<MEAN> 6
 -5.851781e+01 3.537233e+01 -2.936829e+02 -4.700005e+00 9.392937e+01 2.607897e+02
<VARIANCE> 6
 4.399006e+02 1.616422e+05 8.568321e+05 3.604181e+02 3.742387e+04 4.108754e+07
<GCONST> 7.671649e+01
<MIXTURE> 9 1.127949e-01
<MEAN> 6
 7.038019e+01 1.048318e+02 -4.607178e+02 7.645932e-01 -1.173952e+01 -9.973759e+01
<VARIANCE> 6
 6.502086e+01 7.452046e+04 9.020944e+05 2.876443e+02 3.343562e+04 4.108754e+07
<GCONST> 7.374359e+01
<MIXTURE> 10 5.808164e-02
<MEAN> 6
 9.557215e+01 -2.269388e+01 2.657745e+02 -1.187184e+01 -5.853599e+02 -4.382678e+02
<VARIANCE> 6
 3.906748e+02 1.521757e+05 5.706999e+05 1.373348e+04 1.989363e+05 7.853954e+07
<GCONST> 8.209000e+01
<MIXTURE> 11 1.011191e-01
<MEAN> 6
 4.667552e+01 -2.023721e+01 4.912546e+01 -1.254914e+02 -7.833996e+02 2.639263e+03
<VARIANCE> 6
 6.744590e+02 4.093804e+05 1.898569e+06 6.985198e+04 6.257071e+05 2.948666e+08
<GCONST> 8.892299e+01
<MIXTURE> 12 4.924186e-02
<MEAN> 6
 6.970132e+01 -6.856978e+02 1.841457e+03 2.021028e-01 -7.504281e+00 -6.030897e+01
<VARIANCE> 6
 1.372691e+02 9.533289e+04 1.801642e+06 2.876443e+02 3.343562e+04 4.108754e+07
<GCONST> 7.542886e+01
<MIXTURE> 13 6.225011e-02
<MEAN> 6
 -4.402781e+01 -8.677000e+01 -2.799278e+02 -2.081700e+01 8.824464e+02 3.862595e+02
<VARIANCE> 6
 9.413313e+02 1.056496e+05 2.656608e+05 3.306527e+04 4.387471e+05 1.923896e+08
<GCONST> 8.440536e+01
<MIXTURE> 14 5.627652e-02
<MEAN> 6
 8.101671e+01 -1.152110e+02 -2.467022e+01 -5.596165e+01 -9.727188e+02 -2.944481e+03
<VARIANCE> 6
 3.914820e+02 1.474728e+05 4.787871e+05 2.788627e+04 3.979098e+05 7.746064e+07
<GCONST> 8.327277e+01
<STATE> 3
<NUMMIXES> 14
<MIXTURE> 1 8.370180e-02
<MEAN> 6
 6.407664e+01 6.612682e+02 6.287969e+01 -3.580751e-01 5.329069e+00 -3.708052e+01
<VARIANCE> 6
 3.135520e+01 3.900517e+04 1.593115e+04 2.876443e+02 3.343562e+04 4.108754e+07
<GCONST> 6.833044e+01
<MIXTURE> 2 3.602298e-02
<MEAN> 6
 7.635525e+01 3.591770e+02 9.263729e+00 3.665307e-01 -1.373984e+00 3.284625e+01
<VARIANCE> 6
 3.135520e+01 1.339358e+04 1.593115e+04 2.876443e+02 3.343562e+04 4.108754e+07
<GCONST> 6.726152e+01
<MIXTURE> 3 1.091462e-01
<MEAN> 6
 6.122702e+01 4.128391e+02 -2.039024e+02 1.180464e+00 -9.744664e-01 -1.665438e+02
<VARIANCE> 6
 6.393656e+01 1.339358e+04 1.593115e+04 2.876443e+02 3.343562e+04 4.108754e+07
<GCONST> 6.797403e+01
<MIXTURE> 4 5.870383e-02
<MEAN> 6
 7.600883e+01 7.491825e+01 1.603228e+02 -7.755117e-01 -9.892573e+00 -1.351725e+01
<VARIANCE> 6
 3.135520e+01 1.339358e+04 1.593115e+04 2.876443e+02 3.343562e+04 4.108754e+07
<GCONST> 6.726152e+01
<MIXTURE> 5 7.120494e-02
<MEAN> 6
 6.134541e+01 -4.085591e+02 8.613613e+01 1.108763e+00 5.931848e+00 -1.712610e+01
<VARIANCE> 6
 3.135520e+01 1.339358e+04 6.107743e+04 2.876443e+02 3.343562e+04 4.108754e+07
<GCONST> 6.860539e+01
<MIXTURE> 6 7.605433e-02
<MEAN> 6
 6.682836e+01 4.489734e+01 -3.043160e+02 1.805617e+00 1.421565e+00 -1.588557e+02
<VARIANCE> 6
 3.135520e+01 1.651801e+04 1.593115e+04 2.876443e+02 3.343562e+04 4.108754e+07
<GCONST> 6.747120e+01
<MIXTURE> 7 5.935909e-02
<MEAN> 6
 7.543203e+01 8.778719e+01 -3.114130e+02 -4.345096e-01 -2.208728e+00 -1.177999e+02
<VARIANCE> 6
 3.135520e+01 1.339358e+04 1.593115e+04 2.876443e+02 3.343562e+04 4.108754e+07
<GCONST> 6.726152e+01
<MIXTURE> 8 1.021899e-01
<MEAN> 6
 7.056458e+01 -1.640878e+02 9.859843e+01 9.039825e-01 6.833067e-01 -8.475343e+01
<VARIANCE> 6
 3.135520e+01 1.339358e+04 1.593115e+04 2.876443e+02 3.343562e+04 4.108754e+07
<GCONST> 6.726152e+01
<MIXTURE> 9 7.173008e-02
<MEAN> 6
 6.569103e+01 -8.403193e+01 -2.290743e+02 7.469437e-01 2.788531e+00 -7.382453e+01
<VARIANCE> 6
 3.135520e+01 1.339358e+04 1.593115e+04 2.876443e+02 3.343562e+04 4.108754e+07
<GCONST> 6.726152e+01
<MIXTURE> 10 1.038093e-01
<MEAN> 6
 6.962247e+01 -2.311312e+01 2.013793e+02 1.067073e+00 2.110193e+00 -1.072207e+02
<VARIANCE> 6
 3.135520e+01 1.339358e+04 1.593115e+04 2.876443e+02 3.343562e+04 4.108754e+07
<GCONST> 6.726152e+01
<MIXTURE> 11 4.102187e-02
<MEAN> 6
 7.252472e+01 -6.402170e+02 -1.845652e+02 -3.367774e+00 -1.621963e+01 -9.775932e+01
<VARIANCE> 6
 3.135520e+01 4.015719e+04 1.593115e+04 2.876443e+02 3.343562e+04 4.108754e+07
<GCONST> 6.835955e+01
<MIXTURE> 12 6.951707e-02
<MEAN> 6
 6.558569e+01 -9.342748e+01 -2.233103e+02 7.279688e-01 2.853128e+00 -7.026723e+01
<VARIANCE> 6
 3.135520e+01 1.339358e+04 1.593115e+04 2.876443e+02 3.343562e+04 4.108754e+07
<GCONST> 6.726152e+01
<MIXTURE> 13 5.907138e-02
<MEAN> 6
 7.469678e+01 9.573286e+01 -3.129026e+02 -2.046368e-01 -1.950295e+00 -1.228480e+02
<VARIANCE> 6
 3.135520e+01 1.339358e+04 1.593115e+04 2.876443e+02 3.343562e+04 4.108754e+07
<GCONST> 6.726152e+01
<MIXTURE> 14 5.832954e-02
<MEAN> 6
 7.512459e+01 3.986163e+01 1.566599e+02 -4.690751e-01 -8.062818e+00 -6.825861e+01
<VARIANCE> 6
 3.135520e+01 1.339358e+04 1.593115e+04 2.876443e+02 3.343562e+04 4.108754e+07
<GCONST> 6.726152e+01
<STATE> 4
<NUMMIXES> 14
<MIXTURE> 1 1.147278e-01
<MEAN> 6
 9.785523e+01 -9.207259e+01 9.413537e+02 -3.196569e+00 -5.648946e+00 1.334904e+01
<VARIANCE> 6
 3.135520e+01 9.368879e+04 6.331882e+04 2.876443e+02 3.343562e+04 4.108754e+07
<GCONST> 7.058663e+01
<MIXTURE> 2 1.154301e-01
<MEAN> 6
 5.338791e+01 -2.700583e+02 -3.640193e+02 -3.334606e-01 -8.303730e+00 -1.312428e+02
<VARIANCE> 6
 3.135520e+01 4.135872e+04 1.593115e+04 2.876443e+02 3.343562e+04 4.108754e+07
<GCONST> 6.838903e+01
<MIXTURE> 3 6.955452e-02
<MEAN> 6
 6.692931e+01 -3.815284e+02 -1.101566e+03 4.423407e-02 -8.817278e+00 -1.162868e+01
<VARIANCE> 6
 3.135520e+01 6.053157e+04 3.934275e+04 2.876443e+02 3.343562e+04 4.108754e+07
<GCONST> 6.967395e+01
<MIXTURE> 4 5.910292e-02
<MEAN> 6
 8.743962e+01 -2.046085e+01 5.177034e+02 -2.553813e+00 4.682467e+00 -8.752193e+01
<VARIANCE> 6
 3.135520e+01 3.945547e+04 1.593115e+04 2.876443e+02 3.343562e+04 4.108754e+07
<GCONST> 6.834192e+01
<MIXTURE> 5 2.992069e-02
<MEAN> 6
 1.155579e+02 -5.258641e+02 -7.068372e+02 -1.698870e+00 -1.189714e+01 9.392904e+01
<VARIANCE> 6
 3.135520e+01 1.651002e+04 3.958798e+04 2.876443e+02 3.343562e+04 4.108754e+07
<GCONST> 6.838097e+01
<MIXTURE> 6 5.853370e-02
<MEAN> 6
 1.057163e+02 5.909824e+01 -3.905703e+02 -2.911593e+00 -4.457251e+00 1.462268e+02
<VARIANCE> 6
 5.256821e+01 1.383409e+04 1.593115e+04 2.876443e+02 3.343562e+04 4.108754e+07
<GCONST> 6.781062e+01
<MIXTURE> 7 1.102984e-01
<MEAN> 6
 9.440376e+01 -5.108938e+02 -5.281208e+02 1.875423e-01 -3.793146e+00 -9.244492e+01
<VARIANCE> 6
 3.135520e+01 2.018441e+04 1.593115e+04 2.876443e+02 3.343562e+04 4.108754e+07
<GCONST> 6.767166e+01
<MIXTURE> 8 6.373497e-02
<MEAN> 6
 9.415571e+01 -7.924402e+00 2.262635e+01 -1.107970e+00 1.792753e+00 -2.750232e+01
<VARIANCE> 6
 3.135520e+01 2.415954e+04 1.756819e+04 2.876443e+02 3.343562e+04 4.108754e+07
<GCONST> 6.794924e+01
<MIXTURE> 9 9.757919e-02
<MEAN> 6
 8.854282e+01 -5.396295e+02 2.729857e+01 -2.162608e+00 -5.959733e+00 -9.029324e+01
<VARIANCE> 6
 3.751186e+01 1.167337e+05 3.667003e+04 2.876443e+02 3.343562e+04 4.108754e+07
<GCONST> 7.043961e+01
<MIXTURE> 10 5.579945e-02
<MEAN> 6
 7.275860e+01 -7.507440e+02 -6.017263e+02 -3.154336e+00 3.953637e+00 -7.051779e+01
<VARIANCE> 6
 3.135520e+01 2.175594e+04 1.627254e+04 2.876443e+02 3.343562e+04 4.108754e+07
<GCONST> 6.776784e+01
<MIXTURE> 11 3.233754e-02
<MEAN> 6
 8.575114e+01 -1.906825e+02 -8.581688e+02 -4.995096e+00 -8.552581e+00 -8.816548e+01
<VARIANCE> 6
 3.135520e+01 1.678360e+04 1.593115e+04 2.876443e+02 3.343562e+04 4.108754e+07
<GCONST> 6.748715e+01
<MIXTURE> 12 6.446702e-02
<MEAN> 6
 6.800951e+01 -6.138823e+02 -5.638668e+02 -1.871837e+00 2.714338e+00 -1.203140e+02
<VARIANCE> 6
 3.135520e+01 2.151676e+04 1.593115e+04 2.876443e+02 3.343562e+04 4.108754e+07
<GCONST> 6.773558e+01
<MIXTURE> 13 6.090291e-02
<MEAN> 6
 8.507426e+01 -7.735361e+01 4.563820e+02 -2.228390e+00 8.089578e+00 -9.618298e+01
<VARIANCE> 6
 3.135520e+01 5.244195e+04 1.593115e+04 2.876443e+02 3.343562e+04 4.108754e+07
<GCONST> 6.862645e+01
<MIXTURE> 14 6.757854e-02
<MEAN> 6
 9.265993e+01 -8.069292e+01 -1.453713e+01 -3.383885e-01 3.466875e+00 -1.332697e+02
<VARIANCE> 6
 3.135520e+01 1.339358e+04 2.077431e+04 2.876443e+02 3.343562e+04 4.108754e+07
<GCONST> 6.752696e+01
<STATE> 5
<NUMMIXES> 14
<MIXTURE> 1 5.415803e-02
<MEAN> 6
 7.054557e+01 9.524567e+02 6.798662e+02 5.645527e-01 -1.198715e-01 -8.695686e+01
<VARIANCE> 6
 3.135520e+01 4.082607e+04 1.593115e+04 2.876443e+02 3.343562e+04 4.108754e+07
<GCONST> 6.837607e+01
<MIXTURE> 2 4.582371e-02
<MEAN> 6
 7.578152e+01 2.860953e+03 4.590552e+02 -2.337269e+00 -1.566582e+01 -5.230986e+01
<VARIANCE> 6
 3.135520e+01 1.339358e+04 1.593115e+04 2.876443e+02 3.343562e+04 4.108754e+07
<GCONST> 6.726152e+01
<MIXTURE> 3 9.988994e-02
<MEAN> 6
 1.225863e+02 5.435544e+02 1.688573e+03 -2.489062e+00 1.621876e+00 -4.782985e+01
<VARIANCE> 6
 3.135520e+01 9.666927e+05 3.888598e+05 2.876443e+02 3.343562e+04 4.108754e+07
<GCONST> 7.473557e+01
<MIXTURE> 4 8.420206e-02
<MEAN> 6
 6.492348e+01 -1.441670e+03 -6.396129e+02 2.641500e+00 -5.349193e+00 -8.622321e+01
<VARIANCE> 6
 1.147760e+02 1.126737e+05 2.625125e+04 2.876443e+02 3.343562e+04 4.108754e+07
<GCONST> 7.118828e+01
<MIXTURE> 5 8.297469e-02
<MEAN> 6
 8.723027e+01 3.351519e+02 -2.653362e+03 -3.082582e+00 -6.390894e+00 6.206581e+01
<VARIANCE> 6
 5.441131e+01 3.564994e+05 1.849061e+05 2.876443e+02 3.343562e+04 4.108754e+07
<GCONST> 7.354584e+01
<MIXTURE> 6 4.035012e-02
<MEAN> 6
 9.736629e+01 7.804081e+02 2.435910e+02 -4.413179e+00 -4.520109e+00 9.428049e+01
<VARIANCE> 6
 3.135520e+01 1.339358e+04 1.593115e+04 2.876443e+02 3.343562e+04 4.108754e+07
<GCONST> 6.726152e+01
<MIXTURE> 7 1.075313e-01
<MEAN> 6
 1.011611e+02 -2.822102e+03 3.417454e+01 -4.359286e+00 4.954819e-02 -2.009319e+02
<VARIANCE> 6
 3.135520e+01 8.003901e+05 1.023637e+05 2.876443e+02 3.343562e+04 4.108754e+07
<GCONST> 7.321210e+01
<MIXTURE> 8 4.844182e-02
<MEAN> 6
 8.060718e+01 1.142283e+03 4.292269e+02 -1.321406e+00 -3.832871e+00 -1.455139e+02
<VARIANCE> 6
 3.135520e+01 1.597180e+05 1.593115e+04 2.876443e+02 3.343562e+04 4.108754e+07
<GCONST> 6.974016e+01
<MIXTURE> 9 8.105114e-02
<MEAN> 6
 5.812020e+01 -2.573308e+03 8.950520e+02 -2.420257e+00 -1.671699e+00 -1.218966e+02
<VARIANCE> 6
 3.135520e+01 4.211077e+06 6.311514e+04 2.876443e+02 3.343562e+04 4.108754e+07
<GCONST> 7.438890e+01
<MIXTURE> 10 5.308544e-02
<MEAN> 6
 7.717134e+01 2.824619e+03 -7.033777e+02 -2.881208e+00 -2.639676e+00 -9.304805e+01
<VARIANCE> 6
 2.727605e+02 1.199675e+05 1.719747e+04 2.876443e+02 3.343562e+04 4.108754e+07
<GCONST> 7.169366e+01
<MIXTURE> 11 7.925746e-02
<MEAN> 6
 8.794924e+01 1.040124e+03 2.174922e+02 -1.095309e+00 -1.356247e+00 -4.231758e+01
<VARIANCE> 6
 3.135520e+01 6.012194e+04 1.593115e+04 2.876443e+02 3.343562e+04 4.108754e+07
<GCONST> 6.876312e+01
<MIXTURE> 12 9.987423e-02
<MEAN> 6
 7.714680e+01 3.137447e+03 -1.655991e+02 -2.636201e+00 -4.746216e+00 -1.480966e+02
<VARIANCE> 6
 3.135520e+01 2.553433e+05 1.593115e+04 2.876443e+02 3.343562e+04 4.108754e+07
<GCONST> 7.020936e+01
<MIXTURE> 13 4.664542e-02
<MEAN> 6
 8.181332e+01 8.336935e+02 4.054773e+02 -1.118208e+00 -8.946626e-01 -7.103136e+01
<VARIANCE> 6
 3.135520e+01 1.142637e+05 1.593115e+04 2.876443e+02 3.343562e+04 4.108754e+07
<GCONST> 6.940526e+01
<MIXTURE> 14 7.670873e-02
<MEAN> 6
 8.754266e+01 8.051292e+02 2.102943e+02 -1.639943e+00 -3.311013e+00 -6.309280e+01
<VARIANCE> 6
 3.135520e+01 1.242442e+05 1.593115e+04 2.876443e+02 3.343562e+04 4.108754e+07
<GCONST> 6.948900e+01
<STATE> 6
<NUMMIXES> 14
<MIXTURE> 1 1.378488e-03
<MEAN> 6
 2.321650e+01 -8.172277e+02 -1.202445e+02 1.901089e+02 -1.048850e+03 -8.449556e+03
<VARIANCE> 6
 1.276354e+04 7.454334e+04 8.345494e+04 1.919538e+06 1.065338e+09 1.352766e+12
<GCONST> 1.062201e+02
<MIXTURE> 2 1.209013e-01
<MEAN> 6
 2.440722e+01 4.915186e+01 8.451692e+00 2.508942e+02 1.212988e+01 -3.748448e+03
<VARIANCE> 6
 6.899075e+02 2.576150e+05 5.542599e+04 7.299370e+03 2.328534e+05 8.926698e+07
<GCONST> 8.050670e+01
<MIXTURE> 3 8.363175e-02
<MEAN> 6
 7.335971e+00 2.423540e+01 5.242776e+01 -3.137843e+02 1.740326e+02 1.284302e+04
<VARIANCE> 6
 6.828943e+02 1.131056e+05 7.200173e+04 9.538742e+03 1.220878e+06 4.554247e+08
<GCONST> 8.348906e+01
<MIXTURE> 4 4.178091e-02
<MEAN> 6
 1.091675e+02 -1.998253e+02 4.012468e+01 -7.773509e+00 -1.479698e+01 -2.385485e+02
<VARIANCE> 6
 3.670478e+02 2.031341e+06 1.745379e+05 2.876443e+02 3.343562e+04 4.108754e+07
<GCONST> 7.713718e+01
<MIXTURE> 5 3.822975e-02
<MEAN> 6
 4.727799e+01 -6.834969e+01 -1.707567e+00 -2.877567e+01 -5.026281e+02 5.368651e+03
<VARIANCE> 6
 5.084441e+03 1.277850e+06 6.057322e+05 8.273145e+04 7.269199e+06 4.266632e+09
<GCONST> 9.623268e+01
<MIXTURE> 6 5.315447e-02
<MEAN> 6
 6.579580e+01 1.843380e+02 5.746653e+01 3.226935e+00 -3.099391e+02 2.523373e+02
<VARIANCE> 6
 7.552971e+02 2.854878e+05 1.489505e+05 2.726653e+04 1.289075e+05 4.108754e+07
<GCONST> 8.163918e+01
<MIXTURE> 7 1.277208e-01
<MEAN> 6
 -3.683926e+01 8.253592e+01 2.968632e+01 6.160599e+01 7.192663e+02 -7.846833e+02
<VARIANCE> 6
 2.976448e+02 1.279834e+05 4.915516e+04 1.800919e+04 1.957414e+05 5.245237e+07
<GCONST> 7.904416e+01
<MIXTURE> 8 9.259105e-02
<MEAN> 6
 9.554411e+01 -3.607175e+01 1.077384e+01 3.773294e+01 -8.961946e+02 -2.092321e+03
<VARIANCE> 6
 4.985164e+02 4.014932e+05 9.531577e+04 2.650111e+04 1.531527e+06 7.543955e+08
<GCONST> 8.647495e+01
<MIXTURE> 9 7.450056e-02
<MEAN> 6
 -5.248890e+01 1.545202e+01 2.423557e+01 4.234017e+00 1.809669e+02 5.204152e+02
<VARIANCE> 6
 1.790132e+02 3.666959e+05 1.140662e+05 6.677449e+02 6.655214e+04 4.108754e+07
<GCONST> 7.581241e+01
<MIXTURE> 10 6.191682e-02
<MEAN> 6
 9.295671e+01 -8.670731e+01 -2.767105e+01 -3.996575e+00 -2.142710e+01 -2.440780e+02
<VARIANCE> 6
 1.931153e+02 2.553746e+05 8.948150e+04 2.876443e+02 3.343562e+04 4.108754e+07
<GCONST> 7.375314e+01
<MIXTURE> 11 1.060091e-01
<MEAN> 6
 7.965160e+01 -2.006735e+00 3.892332e+01 -4.361479e+01 -8.063220e+02 -1.418043e+03
<VARIANCE> 6
 2.900984e+02 5.485410e+04 4.560809e+04 2.544292e+04 2.778382e+05 8.909809e+07
<GCONST> 7.932199e+01
<MIXTURE> 12 8.372135e-02
<MEAN> 6
 -4.924228e+01 -7.805614e+01 -3.409236e+00 -2.165165e+01 1.452778e+03 -5.075212e+03
<VARIANCE> 6
 2.531547e+02 3.838564e+05 1.734705e+05 2.975315e+04 8.399847e+05 4.543924e+08
<GCONST> 8.535935e+01
<MIXTURE> 13 5.203874e-02
<MEAN> 6
 5.913298e+01 -1.164971e+02 1.648594e+02 -1.403826e+02 -6.252867e+02 1.086971e+03
<VARIANCE> 6
 1.109496e+03 5.525991e+05 4.678275e+05 3.027347e+04 3.447043e+05 8.218639e+07
<GCONST> 8.561014e+01
<MIXTURE> 14 6.158188e-02
<MEAN> 6
 8.784756e+01 -7.630083e+01 -1.539968e+02 -3.437966e+00 -3.937341e+01 -2.355319e+02
<VARIANCE> 6
 2.327034e+02 3.481151e+05 1.095424e+05 2.876443e+02 3.343562e+04 4.108754e+07
<GCONST> 7.445171e+01
<TRANSP> 7
 0.000000e+00 1.000000e+00 0.000000e+00 0.000000e+00 0.000000e+00 0.000000e+00 0.000000e+00
 0.000000e+00 9.998524e-01 1.475915e-04 0.000000e+00 0.000000e+00 0.000000e+00 0.000000e+00
 0.000000e+00 0.000000e+00 9.993029e-01 6.971194e-04 0.000000e+00 0.000000e+00 0.000000e+00
 0.000000e+00 0.000000e+00 0.000000e+00 9.990448e-01 9.551964e-04 0.000000e+00 0.000000e+00
 0.000000e+00 0.000000e+00 0.000000e+00 0.000000e+00 9.989737e-01 1.026360e-03 0.000000e+00
 0.000000e+00 0.000000e+00 0.000000e+00 0.000000e+00 0.000000e+00 9.999398e-01 6.021257e-05
 0.000000e+00 0.000000e+00 0.000000e+00 0.000000e+00 0.000000e+00 0.000000e+00 0.000000e+00
<ENDHMM>
~h "SegundoESO"
<BEGINHMM>
<NUMSTATES> 7
<STATE> 2
<NUMMIXES> 14
<MIXTURE> 1 9.149367e-02
<MEAN> 6
 8.034178e+01 1.129080e+03 5.676151e+03 3.875953e+00 -1.063123e+01 -1.003157e+02
<VARIANCE> 6
 1.201789e+02 6.312865e+07 4.426154e+07 1.038086e+03 3.695506e+04 4.108754e+07
<GCONST> 8.637637e+01
<MIXTURE> 2 7.293956e-02
<MEAN> 6
 6.553216e+01 1.790792e+03 -2.401449e+02 5.409596e-02 -1.975577e+00 -1.028427e+02
<VARIANCE> 6
 3.135520e+01 1.339358e+04 1.668182e+04 2.876443e+02 3.343562e+04 4.108754e+07
<GCONST> 6.730757e+01
<MIXTURE> 3 5.482017e-02
<MEAN> 6
 5.850164e+01 2.580106e+02 -1.649822e+03 -2.856357e-01 -7.016085e+00 -1.643733e+02
<VARIANCE> 6
 3.135520e+01 1.339358e+04 2.779418e+05 2.876443e+02 3.343562e+04 4.108754e+07
<GCONST> 7.012066e+01
<MIXTURE> 4 6.690786e-02
<MEAN> 6
 6.368351e+01 1.713028e+03 -1.322890e+03 -7.683527e-01 -5.508459e+00 -7.882127e+01
<VARIANCE> 6
 3.135520e+01 1.006219e+06 4.036250e+04 2.876443e+02 3.343562e+04 4.108754e+07
<GCONST> 7.251033e+01
<MIXTURE> 5 6.126083e-02
<MEAN> 6
 5.714794e+01 -2.191784e+03 -3.729786e+02 2.033143e-01 -5.145340e+00 -1.234997e+02
<VARIANCE> 6
 3.135520e+01 1.740292e+05 2.598953e+04 2.876443e+02 3.343562e+04 4.108754e+07
<GCONST> 7.031538e+01
<MIXTURE> 6 4.997766e-02
<MEAN> 6
 6.473949e+01 9.773264e+02 5.504542e+01 -6.046146e-01 -6.524613e+00 -1.001624e+02
<VARIANCE> 6
 3.135520e+01 3.203519e+05 1.593115e+04 2.876443e+02 3.343562e+04 4.108754e+07
<GCONST> 7.043617e+01
<MIXTURE> 7 7.777262e-02
<MEAN> 6
 6.900468e+01 4.828026e+02 -2.340865e+02 3.507843e-02 -6.173579e+00 -9.402234e+01
<VARIANCE> 6
 3.135520e+01 1.339358e+04 1.593115e+04 2.876443e+02 3.343562e+04 4.108754e+07
<GCONST> 6.726152e+01
<MIXTURE> 8 4.200421e-02
<MEAN> 6
 5.832460e+01 2.633440e+03 -2.540279e+02 4.019706e-01 -3.887261e+00 -1.538070e+02
<VARIANCE> 6
 3.135520e+01 1.619995e+04 1.593115e+04 2.876443e+02 3.343562e+04 4.108754e+07
<GCONST> 6.745175e+01
<MIXTURE> 9 8.080656e-02
<MEAN> 6
 5.756454e+01 -1.502357e+02 -2.156738e+02 5.963098e-01 -3.880188e+00 -1.311307e+02
<VARIANCE> 6
 3.135520e+01 5.723786e+04 1.593115e+04 2.876443e+02 3.343562e+04 4.108754e+07
<GCONST> 6.871396e+01
<MIXTURE> 10 1.147390e-01
<MEAN> 6
 5.945038e+01 1.641890e+02 4.159628e+01 1.454350e-01 -1.798234e-01 -9.668935e+01
<VARIANCE> 6
 3.135520e+01 2.993058e+05 1.593115e+04 2.876443e+02 3.343562e+04 4.108754e+07
<GCONST> 7.036821e+01
<MIXTURE> 11 7.404962e-02
<MEAN> 6
 5.661499e+01 5.034876e+02 -3.629428e+03 1.544310e+00 2.857907e+00 -1.320339e+01
<VARIANCE> 6
 3.135520e+01 6.184287e+04 1.820142e+06 2.876443e+02 3.343562e+04 4.108754e+07
<GCONST> 7.352974e+01
<MIXTURE> 12 7.958736e-02
<MEAN> 6
 5.849508e+01 4.998761e+02 -8.046221e+02 4.750166e-02 -3.019446e+00 -5.833943e+01
<VARIANCE> 6
 3.135520e+01 5.701943e+05 3.855509e+04 2.876443e+02 3.343562e+04 4.108754e+07
<GCONST> 7.189653e+01
<MIXTURE> 13 8.296137e-02
<MEAN> 6
 6.648105e+01 4.143675e+02 -2.154245e+02 4.030127e-01 -4.809010e+00 -1.199672e+02
<VARIANCE> 6
 3.135520e+01 1.339358e+04 1.593115e+04 2.876443e+02 3.343562e+04 4.108754e+07
<GCONST> 6.726152e+01
<MIXTURE> 14 5.056027e-02
<MEAN> 6
 5.961098e+01 3.976628e+02 4.563010e+01 2.578125e-01 2.427464e-01 -9.918541e+01
<VARIANCE> 6
 3.135520e+01 2.872446e+05 1.593115e+04 2.876443e+02 3.343562e+04 4.108754e+07
<GCONST> 7.032709e+01
<STATE> 3
<NUMMIXES> 14
<MIXTURE> 1 6.689499e-02
<MEAN> 6
 7.764010e+01 4.085631e+02 1.720097e+03 1.959056e-01 -3.033677e+00 -5.658629e+01
<VARIANCE> 6
 3.135520e+01 1.705950e+06 9.916219e+05 2.876443e+02 3.343562e+04 4.108754e+07
<GCONST> 7.623969e+01
<MIXTURE> 2 8.810009e-02
<MEAN> 6
 7.708628e+01 1.253455e+03 -2.332477e+03 -1.004589e+00 -5.898237e+00 -1.514077e+02
<VARIANCE> 6
 3.135520e+01 1.213708e+05 3.906955e+05 2.876443e+02 3.343562e+04 4.108754e+07
<GCONST> 7.266525e+01
<MIXTURE> 3 6.626724e-02
<MEAN> 6
 7.527761e+01 3.015084e+02 3.611102e+02 -2.572628e-01 -3.252415e+00 -9.800010e+01
<VARIANCE> 6
 3.135520e+01 1.354816e+05 1.593115e+04 2.876443e+02 3.343562e+04 4.108754e+07
<GCONST> 6.957558e+01
<MIXTURE> 4 4.085399e-02
<MEAN> 6
 7.417874e+01 -3.295767e+02 -8.219182e+03 -3.467922e-02 -2.292918e+00 -6.982887e+01
<VARIANCE> 6
 3.135520e+01 1.339358e+04 1.373311e+06 2.876443e+02 3.343562e+04 4.108754e+07
<GCONST> 7.171823e+01
<MIXTURE> 5 5.169466e-02
<MEAN> 6
 8.834233e+01 -1.233124e+03 4.110546e+02 -8.730282e-01 -6.283974e+00 -7.824515e+01
<VARIANCE> 6
 3.135520e+01 2.452325e+05 1.892262e+04 2.876443e+02 3.343562e+04 4.108754e+07
<GCONST> 7.034103e+01
<MIXTURE> 6 8.824077e-02
<MEAN> 6
 7.285143e+01 6.485167e+02 6.934168e+02 4.740644e-01 -5.506479e+00 -1.094898e+02
<VARIANCE> 6
 3.135520e+01 1.339358e+04 6.751235e+05 2.876443e+02 3.343562e+04 4.108754e+07
<GCONST> 7.100815e+01
<MIXTURE> 7 5.384870e-02
<MEAN> 6
 7.428960e+01 1.008660e+03 -5.041600e+03 -7.238428e-01 -4.281536e+00 -7.581218e+01
<VARIANCE> 6
 3.135520e+01 2.230060e+05 4.325481e+06 2.876443e+02 3.343562e+04 4.108754e+07
<GCONST> 7.567795e+01
<MIXTURE> 8 8.975168e-02
<MEAN> 6
 8.023164e+01 -2.225387e+03 -4.716768e+01 -1.428222e+00 -2.367995e+00 -5.169871e+01
<VARIANCE> 6
 1.030457e+02 1.792688e+06 1.899608e+05 2.876443e+02 3.343562e+04 4.108754e+07
<GCONST> 7.582655e+01
<MIXTURE> 9 7.577132e-02
<MEAN> 6
 7.531211e+01 -9.151061e+01 -1.542468e+03 -6.566785e-01 -3.305516e+00 -7.067136e+01
<VARIANCE> 6
 3.135520e+01 5.610541e+04 4.975153e+06 2.876443e+02 3.343562e+04 4.108754e+07
<GCONST> 7.443791e+01
<MIXTURE> 10 8.022090e-02
<MEAN> 6
 7.682222e+01 -9.671017e+02 8.578642e+01 -1.648518e-01 5.812035e-01 -1.347970e+02
<VARIANCE> 6
 5.223632e+01 6.678253e+04 3.130366e+04 2.876443e+02 3.343562e+04 4.108754e+07
<GCONST> 7.005405e+01
<MIXTURE> 11 8.468748e-02
<MEAN> 6
 7.465668e+01 4.135930e+02 -2.680042e+02 -5.128751e-02 -2.912071e+00 -1.063073e+02
<VARIANCE> 6
 3.135520e+01 1.339358e+04 5.393404e+05 2.876443e+02 3.343562e+04 4.108754e+07
<GCONST> 7.078359e+01
<MIXTURE> 12 7.829174e-02
<MEAN> 6
 7.334451e+01 -2.842328e+02 -3.149931e+02 -5.799481e-01 -3.177192e+00 -6.057488e+01
<VARIANCE> 6
 3.135520e+01 4.636621e+04 2.122998e+06 2.876443e+02 3.343562e+04 4.108754e+07
<GCONST> 7.339563e+01
<MIXTURE> 13 7.065215e-02
<MEAN> 6
 7.383703e+01 1.578424e+01 3.079458e+02 -1.024118e-01 -2.408497e+00 -1.095203e+02
<VARIANCE> 6
 3.135520e+01 2.206790e+05 1.593115e+04 2.876443e+02 3.343562e+04 4.108754e+07
<GCONST> 7.006346e+01
<MIXTURE> 14 6.464717e-02
<MEAN> 6
 7.515893e+01 -3.311797e+02 1.616508e+03 -3.001395e-01 -1.879219e+00 -7.425954e+01
<VARIANCE> 6
 3.135520e+01 2.566260e+06 1.346126e+06 2.876443e+02 3.343562e+04 4.108754e+07
<GCONST> 7.695366e+01
<STATE> 4
<NUMMIXES> 14
<MIXTURE> 1 5.091545e-02
<MEAN> 6
 9.051385e+01 -8.172740e+02 1.081810e+02 2.721170e+01 -1.168901e+03 -1.940551e+03
<VARIANCE> 6
 2.099549e+02 5.584357e+06 1.290976e+06 1.673143e+04 1.335257e+06 9.133442e+08
<GCONST> 9.044285e+01
<MIXTURE> 2 9.942426e-02
<MEAN> 6
 -4.613656e+01 3.681923e+02 6.320897e+02 -1.174052e+02 1.327121e+03 3.578776e+03
<VARIANCE> 6
 3.204101e+02 1.639493e+06 3.975764e+06 3.475453e+04 7.578929e+05 5.184769e+08
<GCONST> 9.036326e+01
<MIXTURE> 3 9.291325e-02
<MEAN> 6
 8.468258e+01 -1.228510e+03 6.846527e+02 -6.238439e+00 -4.491070e+01 -3.763981e+02
<VARIANCE> 6
 1.410357e+02 3.540982e+06 2.377392e+06 2.876443e+02 3.343562e+04 4.108754e+07
<GCONST> 7.934802e+01
<MIXTURE> 4 4.375707e-02
<MEAN> 6
 -2.796139e+01 2.300961e+02 9.455493e+01 2.434906e+02 8.492944e+02 -6.296164e+03
<VARIANCE> 6
 1.367798e+02 1.805701e+06 4.005047e+05 3.563344e+03 1.686197e+05 5.736065e+07
<GCONST> 8.133130e+01
<MIXTURE> 5 5.168578e-02
<MEAN> 6
 3.109927e+01 2.081768e+03 -1.250725e+03 1.026381e+02 -1.027406e+02 -1.613379e+03
<VARIANCE> 6
 1.720440e+03 2.098064e+07 5.317284e+06 2.360350e+04 1.724973e+05 4.108754e+07
<GCONST> 9.048169e+01
<MIXTURE> 6 1.004112e-01
<MEAN> 6
 7.620135e+01 -9.678036e+01 1.694623e+02 3.389466e+01 -4.654914e+02 -5.294073e+02
<VARIANCE> 6
 2.389174e+02 9.216572e+05 3.460708e+06 1.309774e+04 8.425405e+04 4.108754e+07
<GCONST> 8.364729e+01
<MIXTURE> 7 7.780071e-02
<MEAN> 6
 -6.094483e+01 2.195182e+02 2.184135e+02 1.554097e+01 1.783857e+02 1.412947e+00
<VARIANCE> 6
 8.858026e+01 9.615211e+05 2.966525e+06 7.034400e+02 5.820657e+04 4.108754e+07
<GCONST> 7.924930e+01
<MIXTURE> 8 6.889194e-02
<MEAN> 6
 2.009958e+01 3.572041e+02 7.353538e+01 6.430273e+01 -2.492728e+02 -2.387001e+03
<VARIANCE> 6
 2.927665e+02 1.131719e+06 4.623415e+05 7.068076e+04 9.512084e+04 8.084490e+07
<GCONST> 8.452682e+01
<MIXTURE> 9 6.433193e-02
<MEAN> 6
 4.691317e+01 3.213145e+02 7.133039e+02 -9.353941e+01 -7.455241e+02 4.400296e+03
<VARIANCE> 6
 7.640850e+02 1.399955e+06 6.160724e+06 6.131240e+04 4.523348e+05 2.269937e+08
<GCONST> 9.073795e+01
<MIXTURE> 10 6.266841e-02
<MEAN> 6
 6.844321e+01 6.378580e+01 2.720886e+02 6.457560e+00 -7.221872e+02 6.918395e+02
<VARIANCE> 6
 3.645694e+02 1.122917e+06 2.583839e+05 3.173298e+04 1.612078e+05 8.145818e+07
<GCONST> 8.389079e+01
<MIXTURE> 11 9.087491e-02
<MEAN> 6
 -5.609439e+01 1.266326e+02 3.628365e+01 4.290541e+01 8.809645e+02 4.312583e+01
<VARIANCE> 6
 1.034438e+02 8.341391e+05 4.153099e+05 8.838068e+03 1.532116e+05 6.908955e+07
<GCONST> 8.131454e+01
<MIXTURE> 12 7.046270e-02
<MEAN> 6
 -1.265339e+01 1.029721e+02 -1.257194e+02 -5.917258e+01 2.509312e+02 -4.725141e+02
<VARIANCE> 6
 2.337472e+02 1.109349e+06 8.875223e+05 5.330241e+04 8.899578e+04 1.086890e+08
<GCONST> 8.488106e+01
<MIXTURE> 13 6.428359e-02
<MEAN> 6
 9.312775e+00 -9.394717e+02 -2.391321e+02 -8.508454e+01 4.364898e+01 1.844678e+03
<VARIANCE> 6
 1.276844e+03 9.040015e+06 3.991058e+06 3.665032e+04 1.412144e+05 4.569721e+07
<GCONST> 8.940091e+01
<MIXTURE> 14 6.109515e-02
<MEAN> 6
 6.443668e+01 -1.498098e+02 1.701983e+02 -4.588994e+01 -9.107958e+02 -7.246247e+02
<VARIANCE> 6
 3.599173e+02 1.358891e+06 2.720188e+05 3.677298e+04 1.596505e+05 7.373202e+07
<GCONST> 8.415816e+01
<STATE> 5
<NUMMIXES> 14
<MIXTURE> 1 5.223450e-02
<MEAN> 6
 1.078171e+02 7.934831e+02 -6.795699e+02 -6.183108e+00 2.362103e+00 2.116105e+02
<VARIANCE> 6
 3.811563e+01 4.431752e+05 8.881020e+04 2.876443e+02 3.343562e+04 4.108754e+07
<GCONST> 7.267418e+01
<MIXTURE> 2 2.465970e-02
<MEAN> 6
 8.705035e+01 -6.196427e+03 -1.409550e+02 -6.171817e+00 8.403396e+00 1.053511e+02
<VARIANCE> 6
 9.704654e+01 9.699193e+05 1.187651e+05 2.876443e+02 3.343562e+04 4.108754e+07
<GCONST> 7.468264e+01
<MIXTURE> 3 6.375840e-02
<MEAN> 6
 8.471355e+01 7.421763e+02 4.631930e+02 -3.438794e+00 2.071077e+00 2.102535e+01
<VARIANCE> 6
 4.891891e+01 1.354504e+05 1.349911e+05 2.876443e+02 3.343562e+04 4.108754e+07
<GCONST> 7.215707e+01
<MIXTURE> 4 6.713754e-02
<MEAN> 6
 6.652078e+01 6.616308e+01 1.488053e+02 -7.729560e-01 -3.136559e+00 -1.186614e+02
<VARIANCE> 6
 3.135520e+01 1.339358e+04 5.705269e+04 2.876443e+02 3.343562e+04 4.108754e+07
<GCONST> 6.853722e+01
<MIXTURE> 5 8.645733e-02
<MEAN> 6
 9.210128e+01 -2.168735e+03 -2.996152e+03 -5.127423e+00 4.582513e+00 1.512305e+02
<VARIANCE> 6
 1.471003e+02 7.691344e+06 2.772239e+07 2.876443e+02 3.343562e+04 4.108754e+07
<GCONST> 8.262206e+01
<MIXTURE> 6 7.627591e-02
<MEAN> 6
 8.282642e+01 -3.464257e+02 2.339586e+03 -3.087111e+00 -1.443472e+00 9.267198e+01
<VARIANCE> 6
 8.604445e+01 5.212395e+05 4.323226e+05 2.876443e+02 3.343562e+04 4.108754e+07
<GCONST> 7.523334e+01
<MIXTURE> 7 4.662943e-02
<MEAN> 6
 7.443489e+01 6.641292e+02 -2.502493e+02 -1.134696e+00 -6.008667e+00 -9.052060e+01
<VARIANCE> 6
 3.135520e+01 2.349962e+05 1.218399e+05 2.876443e+02 3.343562e+04 4.108754e+07
<GCONST> 7.216075e+01
<MIXTURE> 8 4.253694e-02
<MEAN> 6
 8.167317e+01 4.973544e+02 -3.150950e+03 -2.702618e+00 7.277464e-01 1.589656e+01
<VARIANCE> 6
 6.072623e+01 2.021832e+04 1.305142e+06 2.876443e+02 3.343562e+04 4.108754e+07
<GCONST> 7.274013e+01
<MIXTURE> 9 8.688524e-02
<MEAN> 6
 7.457477e+01 8.761803e+01 -1.998624e+02 -1.502217e+00 -3.797272e+00 -1.036661e+02
<VARIANCE> 6
 3.135520e+01 2.500354e+04 2.907237e+05 2.876443e+02 3.343562e+04 4.108754e+07
<GCONST> 7.078986e+01
<MIXTURE> 10 8.264578e-02
<MEAN> 6
 7.411045e+01 3.480488e+02 7.918639e+01 -1.207467e+00 -4.373086e+00 -2.963250e+01
<VARIANCE> 6
 3.135520e+01 2.306608e+05 2.267238e+04 2.876443e+02 3.343562e+04 4.108754e+07
<GCONST> 7.046057e+01
<MIXTURE> 11 1.241326e-01
<MEAN> 6
 9.542866e+01 4.769040e+02 -1.551751e+03 -5.012877e+00 -7.712675e-01 9.518982e+01
<VARIANCE> 6
 3.935201e+01 8.441219e+05 6.528966e+05 2.876443e+02 3.343562e+04 4.108754e+07
<GCONST> 7.534535e+01
<MIXTURE> 12 1.006346e-01
<MEAN> 6
 7.404604e+01 6.008908e+02 -6.281240e+02 -1.192318e+00 -6.221726e+00 -6.258545e+01
<VARIANCE> 6
 3.135520e+01 2.448127e+05 1.593115e+04 2.876443e+02 3.343562e+04 4.108754e+07
<GCONST> 7.016724e+01
<MIXTURE> 13 7.160079e-02
<MEAN> 6
 7.369378e+01 5.189391e+01 -9.371119e+02 -2.082861e+00 -1.012355e+00 -5.905135e+01
<VARIANCE> 6
 3.135520e+01 2.021483e+04 7.146264e+05 2.876443e+02 3.343562e+04 4.108754e+07
<GCONST> 7.147665e+01
<MIXTURE> 14 7.431942e-02
<MEAN> 6
 7.392464e+01 1.652254e+02 8.257521e+00 -1.093300e+00 -4.268610e+00 -3.555101e+01
<VARIANCE> 6
 3.135520e+01 2.125519e+05 2.477228e+04 2.876443e+02 3.343562e+04 4.108754e+07
<GCONST> 7.046738e+01
<STATE> 6
<NUMMIXES> 14
<MIXTURE> 1 7.172310e-02
<MEAN> 6
 7.218743e+01 -9.194123e+01 2.252196e+02 -2.838156e+00 -2.586249e+01 3.194718e+01
<VARIANCE> 6
 8.803310e+01 2.076613e+06 6.218064e+05 2.876443e+02 3.343562e+04 4.108754e+07
<GCONST> 7.700192e+01
<MIXTURE> 2 1.100162e-01
<MEAN> 6
 4.143958e+00 -1.981821e+02 1.544954e+02 -1.985349e+02 1.003252e+02 5.117669e+03
<VARIANCE> 6
 5.595337e+02 4.934582e+05 2.889121e+05 4.452653e+03 2.409054e+05 1.614135e+08
<GCONST> 8.273033e+01
<MIXTURE> 3 5.123624e-02
<MEAN> 6
 2.735900e+01 5.709031e+02 3.812940e+02 9.930476e+01 -2.844116e+01 -1.199610e+02
<VARIANCE> 6
 5.467244e+02 5.115893e+05 3.982102e+05 1.201011e+03 3.343562e+04 4.108754e+07
<GCONST> 7.841074e+01
<MIXTURE> 4 8.440316e-02
<MEAN> 6
 5.951905e+01 2.505208e+01 1.138706e+01 7.224493e+01 -3.709904e+02 -1.029099e+03
<VARIANCE> 6
 1.639015e+02 9.866314e+04 6.307143e+04 9.167864e+03 6.702734e+04 4.108754e+07
<GCONST> 7.644554e+01
<MIXTURE> 5 5.654938e-02
<MEAN> 6
 -4.036626e+01 1.102307e+02 5.325492e+01 -1.483638e+01 1.043858e+03 1.722028e+03
<VARIANCE> 6
 1.159064e+02 2.175212e+05 1.590204e+05 1.874374e+04 2.687880e+05 1.506062e+08
<GCONST> 8.121735e+01
<MIXTURE> 6 7.880764e-02
<MEAN> 6
 6.649299e+01 -5.220057e+02 2.754050e+02 -2.575670e+01 -5.564791e+02 1.020553e+03
<VARIANCE> 6
 2.156961e+02 1.771765e+06 9.906818e+05 9.568714e+03 1.451568e+05 4.716382e+07
<GCONST> 8.331573e+01
<MIXTURE> 7 8.889194e-02
<MEAN> 6
 -6.470140e+00 8.834004e+01 -1.131744e+01 2.867167e+00 1.355801e+02 1.195867e+02
<VARIANCE> 6
 3.356945e+02 1.905882e+05 1.813497e+04 2.095435e+04 6.736262e+04 4.108754e+07
<GCONST> 7.740610e+01
<MIXTURE> 8 7.325739e-02
<MEAN> 6
 -4.632399e+01 1.061272e+01 7.798848e+01 2.009534e+01 2.511765e+02 -1.542318e+02
<VARIANCE> 6
 2.205214e+02 2.015091e+05 3.268864e+05 7.210988e+02 6.445750e+04 4.108754e+07
<GCONST> 7.651997e+01
<MIXTURE> 9 8.810968e-02
<MEAN> 6
 7.700335e+01 -2.288423e+02 5.243316e+01 -6.492130e+00 -3.909049e+01 -6.571862e+01
<VARIANCE> 6
 1.186757e+02 4.234542e+05 1.153059e+05 2.876443e+02 3.343562e+04 4.108754e+07
<GCONST> 7.402551e+01
<MIXTURE> 10 3.797936e-02
<MEAN> 6
 7.715894e+01 -1.951548e+02 3.100873e+00 4.055834e+01 -9.371371e+02 -3.211497e+03
<VARIANCE> 6
 1.926660e+02 5.987491e+05 1.096461e+05 1.281140e+04 7.049768e+05 3.733051e+08
<GCONST> 8.385776e+01
<MIXTURE> 11 5.957878e-02
<MEAN> 6
 -1.816516e+01 -3.712505e+01 -1.443826e+01 1.107649e+02 2.691239e+02 -5.477116e+03
<VARIANCE> 6
 1.232203e+02 1.368524e+05 9.309649e+04 1.458839e+04 1.525838e+05 9.359418e+07
<GCONST> 7.898721e+01
<MIXTURE> 12 6.987256e-02
<MEAN> 6
 5.617727e+01 -2.914405e+01 2.699397e+01 -1.277696e+02 -5.943546e+02 1.307998e+03
<VARIANCE> 6
 2.851481e+02 1.411100e+05 2.592504e+04 7.134383e+03 1.499977e+05 5.101402e+07
<GCONST> 7.723920e+01
<MIXTURE> 13 7.355200e-02
<MEAN> 6
 2.315941e+01 -1.490276e+02 -1.217824e+02 1.920914e+02 -1.443214e+02 -2.248194e+03
<VARIANCE> 6
 3.287094e+02 2.716349e+05 3.331052e+05 2.331002e+03 7.988825e+04 4.108754e+07
<GCONST> 7.862452e+01
<MIXTURE> 14 5.560249e-02
<MEAN> 6
 -4.575402e+01 -1.358603e+02 -3.755422e+01 8.771612e+00 9.465526e+02 -1.933186e+03
<VARIANCE> 6
 1.239588e+02 2.685545e+05 2.585658e+05 1.126867e+04 1.988310e+05 9.643501e+07
<GCONST> 8.072530e+01
<TRANSP> 7
 0.000000e+00 1.000000e+00 0.000000e+00 0.000000e+00 0.000000e+00 0.000000e+00 0.000000e+00
 0.000000e+00 9.994668e-01 5.331850e-04 0.000000e+00 0.000000e+00 0.000000e+00 0.000000e+00
 0.000000e+00 0.000000e+00 9.995106e-01 4.894399e-04 0.000000e+00 0.000000e+00 0.000000e+00
 0.000000e+00 0.000000e+00 0.000000e+00 9.999056e-01 9.437612e-05 0.000000e+00 0.000000e+00
 0.000000e+00 0.000000e+00 0.000000e+00 0.000000e+00 9.995049e-01 4.950462e-04 0.000000e+00
 0.000000e+00 0.000000e+00 0.000000e+00 0.000000e+00 0.000000e+00 9.999080e-01 9.196271e-05
 0.000000e+00 0.000000e+00 0.000000e+00 0.000000e+00 0.000000e+00 0.000000e+00 0.000000e+00
<ENDHMM>
~h "QuintoPRIMARIA"
<BEGINHMM>
<NUMSTATES> 7
<STATE> 2
<NUMMIXES> 14
<MIXTURE> 1 7.789373e-02
<MEAN> 6
 8.080038e+01 -1.027582e+01 -1.974980e+02 -6.280151e+00 -2.213559e+01 -1.829435e+02
<VARIANCE> 6
 2.110581e+02 3.787861e+05 7.848556e+04 2.876443e+02 3.343562e+04 4.108754e+07
<GCONST> 7.410511e+01
<MIXTURE> 2 3.205539e-02
<MEAN> 6
 4.966895e+01 -2.983223e+02 -4.172609e+02 -6.469252e+01 -7.745397e+02 6.055298e+03
<VARIANCE> 6
 2.110786e+03 1.430505e+06 2.451014e+06 4.992708e+04 1.670285e+06 8.238084e+08
<GCONST> 9.324390e+01
<MIXTURE> 3 6.681369e-02
<MEAN> 6
 -4.716716e+01 -8.742121e+01 4.153888e+01 -9.904786e+01 1.487219e+03 2.379113e+03
<VARIANCE> 6
 3.267055e+02 1.648841e+05 2.393688e+05 3.264313e+04 7.340233e+05 6.545706e+08
<GCONST> 8.541426e+01
<MIXTURE> 4 6.929462e-02
<MEAN> 6
 8.858260e+01 9.866357e+01 -1.995958e+01 2.667076e+01 -9.684296e+02 -1.460972e+03
<VARIANCE> 6
 2.149491e+02 1.412262e+05 5.700757e+04 1.633551e+04 8.460134e+05 4.043570e+08
<GCONST> 8.237392e+01
<MIXTURE> 5 6.814265e-02
<MEAN> 6
 -4.743609e+01 -8.198137e+00 -1.225689e-01 1.692613e+01 1.358431e+02 1.461650e+02
<VARIANCE> 6
 3.385319e+02 9.654238e+04 9.562591e+04 4.718378e+02 4.583380e+04 4.108754e+07
<GCONST> 7.421844e+01
<MIXTURE> 6 7.804564e-02
<MEAN> 6
 4.034214e+01 1.058390e+01 1.531131e+01 1.693912e+02 -2.011787e+02 -3.713399e+01
<VARIANCE> 6
 4.822834e+02 6.620728e+04 5.168999e+04 3.686474e+03 1.064968e+05 4.108754e+07
<GCONST> 7.647887e+01
<MIXTURE> 7 5.816552e-02
<MEAN> 6
 -2.016223e+01 -1.685309e+01 1.333945e+02 2.019671e+02 6.631260e+02 -4.098008e+03
<VARIANCE> 6
 2.210125e+02 1.230284e+05 1.690753e+05 6.642334e+03 1.830337e+05 4.430116e+07
<GCONST> 7.870892e+01
<MIXTURE> 8 9.183362e-02
<MEAN> 6
 7.275275e+01 -1.221967e+01 1.754240e+02 -2.704391e+00 -2.829023e+01 -3.214999e+02
<VARIANCE> 6
 9.364597e+01 7.266461e+04 1.504264e+05 2.876443e+02 3.343562e+04 4.108754e+07
<GCONST> 7.229195e+01
<MIXTURE> 9 1.112201e-01
<MEAN> 6
 7.010206e+00 -5.673713e+00 -4.844720e+01 -2.306490e+02 -4.301519e+01 4.169718e+03
<VARIANCE> 6
 5.657164e+02 6.564419e+04 1.068020e+05 6.625390e+03 3.319168e+05 1.690074e+08
<GCONST> 8.049285e+01
<MIXTURE> 10 6.984707e-02
<MEAN> 6
 7.058409e+01 7.538000e+01 -5.047706e+01 -2.414825e+01 -5.028006e+02 -1.310211e+02
<VARIANCE> 6
 2.715096e+02 2.411562e+05 1.128863e+05 1.542210e+04 1.176077e+05 4.108754e+07
<GCONST> 7.950848e+01
<MIXTURE> 11 6.945939e-02
<MEAN> 6
 5.939149e+01 -2.182381e+01 4.611374e+01 -2.257907e-02 -1.970396e+01 -2.312864e+02
<VARIANCE> 6
 4.211319e+01 2.363095e+04 1.140161e+05 2.876443e+02 3.343562e+04 4.108754e+07
<GCONST> 7.009235e+01
<MIXTURE> 12 9.126220e-02
<MEAN> 6
 -4.950816e+01 -2.380336e+01 2.114199e+01 2.913960e+01 7.857905e+02 -3.340769e+01
<VARIANCE> 6
 2.242298e+02 8.402923e+04 6.593740e+04 9.652524e+03 1.272361e+05 6.191042e+07
<GCONST> 7.774529e+01
<MIXTURE> 13 4.801032e-02
<MEAN> 6
 2.312653e+01 -2.909031e+01 5.297520e+01 2.870906e+02 -3.274796e+02 -7.951766e+03
<VARIANCE> 6
 5.083922e+02 1.307758e+05 1.533310e+05 5.571400e+03 4.054918e+05 1.578186e+08
<GCONST> 8.139532e+01
<MIXTURE> 14 6.757462e-02
<MEAN> 6
 6.204247e+01 3.348523e+01 -4.194891e+01 -1.016142e+02 -7.391473e+02 -5.170786e+02
<VARIANCE> 6
 2.537055e+02 1.624654e+05 1.511166e+05 1.564828e+04 2.081091e+05 4.108754e+07
<GCONST> 7.992261e+01
<STATE> 3
<NUMMIXES> 14
<MIXTURE> 1 9.423686e-02
<MEAN> 6
 8.133566e+01 1.000964e+02 3.545654e+03 1.821895e-01 -1.856354e+00 -1.113027e+02
<VARIANCE> 6
 8.132935e+01 1.779951e+04 4.748152e+04 2.876443e+02 3.343562e+04 4.108754e+07
<GCONST> 6.959111e+01
<MIXTURE> 2 7.457121e-02
<MEAN> 6
 5.569331e+01 1.909060e+01 -1.410305e+03 3.756060e-01 1.279743e+00 -1.117484e+02
<VARIANCE> 6
 3.135520e+01 1.987375e+05 5.305551e+04 2.876443e+02 3.343562e+04 4.108754e+07
<GCONST> 7.116179e+01
<MIXTURE> 3 5.535890e-02
<MEAN> 6
 8.163631e+01 -4.287178e+02 2.237312e+03 -6.893818e-01 -4.463749e+00 -8.983813e+01
<VARIANCE> 6
 3.135520e+01 2.279181e+04 3.225824e+05 2.876443e+02 3.343562e+04 4.108754e+07
<GCONST> 7.080123e+01
<MIXTURE> 4 6.747291e-02
<MEAN> 6
 6.424665e+01 -1.894809e+03 -5.511278e+03 -1.325424e-01 -6.559292e+00 -1.577007e+02
<VARIANCE> 6
 3.135520e+01 3.353415e+05 1.066281e+06 2.876443e+02 3.343562e+04 4.108754e+07
<GCONST> 7.468555e+01
<MIXTURE> 5 7.268650e-02
<MEAN> 6
 7.883884e+01 -1.302922e+03 4.322830e+02 -1.689791e+00 -8.620002e+00 -5.404267e+01
<VARIANCE> 6
 3.135520e+01 4.347962e+04 4.185490e+05 2.876443e+02 3.343562e+04 4.108754e+07
<GCONST> 7.170756e+01
<MIXTURE> 6 8.999545e-02
<MEAN> 6
 5.156507e+01 -1.068240e+03 3.129928e+02 -3.200691e-01 -2.873195e+00 -1.147883e+02
<VARIANCE> 6
 3.135520e+01 1.339358e+04 1.572177e+05 2.876443e+02 3.343562e+04 4.108754e+07
<GCONST> 6.955087e+01
<MIXTURE> 7 8.476767e-02
<MEAN> 6
 7.085787e+01 6.344996e+02 3.395975e+03 -3.018715e-01 -3.481598e+00 -1.066551e+02
<VARIANCE> 6
 3.135520e+01 1.339358e+04 1.309486e+06 2.876443e+02 3.343562e+04 4.108754e+07
<GCONST> 7.167064e+01
<MIXTURE> 8 8.371954e-02
<MEAN> 6
 6.204351e+01 1.235533e+02 -3.060924e+03 3.270813e-01 -6.041483e+00 -1.280142e+02
<VARIANCE> 6
 3.135520e+01 1.339358e+04 5.170834e+04 2.876443e+02 3.343562e+04 4.108754e+07
<GCONST> 6.843887e+01
<MIXTURE> 9 6.781513e-02
<MEAN> 6
 8.423094e+01 -1.219706e+02 -8.962704e+01 3.233867e+00 -1.504687e+01 1.154808e+02
<VARIANCE> 6
 3.135520e+01 3.988532e+05 2.477121e+06 2.876443e+02 3.343562e+04 4.108754e+07
<GCONST> 7.570192e+01
<MIXTURE> 10 1.954803e-02
<MEAN> 6
 9.084206e+01 -1.547756e+03 -1.528942e+03 7.275566e+00 -4.491743e+01 1.732716e+02
<VARIANCE> 6
 8.273715e+01 1.339358e+04 8.858129e+04 7.463012e+02 3.343562e+04 4.108754e+07
<GCONST> 7.090086e+01
<MIXTURE> 11 3.962446e-02
<MEAN> 6
 6.338453e+01 -1.592325e+03 -8.921330e+03 3.376127e+00 -1.980928e+00 1.764284e+01
<VARIANCE> 6
 4.905998e+01 2.063003e+06 1.640607e+06 2.876443e+02 3.343562e+04 4.108754e+07
<GCONST> 7.738087e+01
<MIXTURE> 12 9.195408e-02
<MEAN> 6
 5.827671e+01 2.788569e+02 -4.580523e+03 -3.141027e-01 -7.191088e+00 -5.566288e+01
<VARIANCE> 6
 3.135520e+01 7.019127e+04 3.286092e+06 2.876443e+02 3.343562e+04 4.108754e+07
<GCONST> 7.424715e+01
<MIXTURE> 13 8.291169e-02
<MEAN> 6
 7.390301e+01 -1.275063e+03 -6.573104e+02 -1.742389e+00 -2.399529e+00 2.513879e+01
<VARIANCE> 6
 3.135520e+01 1.017602e+05 6.420805e+04 2.876443e+02 3.343562e+04 4.108754e+07
<GCONST> 7.068321e+01
<MIXTURE> 14 7.532377e-02
<MEAN> 6
 8.186240e+01 -6.806857e+02 1.056359e+03 -1.611925e+00 1.327201e+00 -2.766462e+01
<VARIANCE> 6
 3.135520e+01 1.344630e+04 4.378494e+05 2.876443e+02 3.343562e+04 4.108754e+07
<GCONST> 7.057906e+01
<STATE> 4
<NUMMIXES> 14
<MIXTURE> 1 7.511594e-02
<MEAN> 6
 1.066387e+02 2.581038e+03 -6.450797e+02 -4.721485e+00 7.117169e+00 1.255574e+01
<VARIANCE> 6
 3.630707e+02 1.124504e+06 1.848214e+04 2.876443e+02 3.343562e+04 4.108754e+07
<GCONST> 7.428960e+01
<MIXTURE> 2 4.951702e-02
<MEAN> 6
 5.714022e+01 -8.808909e+03 -1.989951e+03 -5.372292e-01 -5.709472e+00 -7.804607e+01
<VARIANCE> 6
 3.135520e+01 2.074607e+07 3.229462e+04 2.876443e+02 3.343562e+04 4.108754e+07
<GCONST> 7.531348e+01
<MIXTURE> 3 9.734607e-02
<MEAN> 6
 9.907060e+01 9.631105e+02 1.026664e+03 -2.469340e+00 5.957627e-01 1.310723e+02
<VARIANCE> 6
 3.135520e+01 1.339358e+04 1.114495e+06 2.876443e+02 3.343562e+04 4.108754e+07
<GCONST> 7.150940e+01
<MIXTURE> 4 1.136792e-01
<MEAN> 6
 6.701411e+01 1.365910e+03 -5.873957e+02 -4.371134e-01 -7.071279e-01 -1.082427e+02
<VARIANCE> 6
 3.135520e+01 4.397105e+04 5.395800e+04 2.876443e+02 3.343562e+04 4.108754e+07
<GCONST> 6.967021e+01
<MIXTURE> 5 7.809154e-02
<MEAN> 6
 8.519842e+01 5.139924e+02 -3.061008e+02 -2.164214e+00 -2.801820e+00 -2.988815e+01
<VARIANCE> 6
 1.273578e+02 1.339358e+04 1.593115e+04 2.876443e+02 3.343562e+04 4.108754e+07
<GCONST> 6.866315e+01
<MIXTURE> 6 8.699243e-02
<MEAN> 6
 6.751719e+01 1.623405e+03 1.211734e+03 5.146493e-01 -4.186128e+00 -1.290463e+02
<VARIANCE> 6
 5.311885e+01 1.800733e+05 1.608191e+04 2.876443e+02 3.343562e+04 4.108754e+07
<GCONST> 7.039668e+01
<MIXTURE> 7 7.019591e-02
<MEAN> 6
 8.889579e+01 4.166728e+02 -1.326238e+03 -1.304113e+00 -8.098367e-01 -6.146258e+01
<VARIANCE> 6
 3.135520e+01 2.631652e+04 1.593115e+04 2.876443e+02 3.343562e+04 4.108754e+07
<GCONST> 6.793694e+01
<MIXTURE> 8 3.461552e-02
<MEAN> 6
 7.741997e+01 6.953720e+02 2.719402e+01 -7.816740e+00 2.026353e+01 -4.734940e+01
<VARIANCE> 6
 5.160948e+01 2.690487e+04 4.007493e+04 2.876443e+02 3.343562e+04 4.108754e+07
<GCONST> 6.937985e+01
<MIXTURE> 9 6.735993e-02
<MEAN> 6
 6.488255e+01 1.094259e+03 -1.339849e+03 6.211053e-01 1.851694e-01 -8.846938e+01
<VARIANCE> 6
 3.946641e+01 1.923783e+04 1.231407e+05 2.876443e+02 3.343562e+04 4.108754e+07
<GCONST> 6.989874e+01
<MIXTURE> 10 7.900789e-02
<MEAN> 6
 8.929141e+01 1.836080e+03 -2.028594e+02 -2.196903e+00 -5.169174e+00 -1.327358e+02
<VARIANCE> 6
 3.628896e+01 4.711102e+05 1.593115e+04 2.876443e+02 3.343562e+04 4.108754e+07
<GCONST> 7.096797e+01
<MIXTURE> 11 8.182424e-02
<MEAN> 6
 7.382609e+01 5.926664e+02 -8.665347e+02 -1.125291e+00 -6.165583e+00 -6.343749e+01
<VARIANCE> 6
 5.895204e+01 1.339358e+04 1.593115e+04 2.876443e+02 3.343562e+04 4.108754e+07
<GCONST> 6.789287e+01
<MIXTURE> 12 4.677884e-02
<MEAN> 6
 4.745542e+01 3.692352e+02 1.831279e+03 5.660604e-01 -4.183235e+00 -1.148703e+02
<VARIANCE> 6
 3.135520e+01 1.339358e+04 1.730657e+04 2.876443e+02 3.343562e+04 4.108754e+07
<GCONST> 6.734433e+01
<MIXTURE> 13 4.346805e-02
<MEAN> 6
 9.478224e+01 5.866221e+02 5.513409e+02 -4.728638e+00 2.364933e+00 -1.989150e+01
<VARIANCE> 6
 3.135520e+01 3.418013e+04 1.631063e+06 2.876443e+02 3.343562e+04 4.108754e+07
<GCONST> 7.282710e+01
<MIXTURE> 14 7.597041e-02
<MEAN> 6
 8.831678e+01 4.805251e+02 -3.502672e+02 -2.542324e+00 -4.074378e+00 -3.371880e+01
<VARIANCE> 6
 1.572320e+02 1.339358e+04 1.593115e+04 2.876443e+02 3.343562e+04 4.108754e+07
<GCONST> 6.887387e+01
<STATE> 5
<NUMMIXES> 14
<MIXTURE> 1 1.154312e-01
<MEAN> 6
 6.693532e+01 1.695340e+02 1.779449e+02 -2.651688e+00 6.054953e+00 -3.569189e+01
<VARIANCE> 6
 3.135520e+01 2.281218e+04 1.593115e+04 2.876443e+02 3.343562e+04 4.108754e+07
<GCONST> 6.779404e+01
<MIXTURE> 2 8.960429e-02
<MEAN> 6
 8.763683e+01 7.938135e+01 7.896019e+01 -4.662117e+00 7.318692e+00 2.933355e+01
<VARIANCE> 6
 4.061564e+01 2.195058e+04 1.593115e+04 2.876443e+02 3.343562e+04 4.108754e+07
<GCONST> 6.801431e+01
<MIXTURE> 3 2.041755e-02
<MEAN> 6
 8.007783e+01 7.601130e+01 -5.445578e+02 -1.358493e+00 -2.103061e+01 -3.668659e+01
<VARIANCE> 6
 3.135520e+01 1.339358e+04 1.230664e+05 2.876443e+02 3.343562e+04 4.108754e+07
<GCONST> 6.930597e+01
<MIXTURE> 4 5.904103e-02
<MEAN> 6
 8.578960e+01 -4.093936e+02 -2.049701e+01 -4.537188e+00 7.574699e+00 -6.484982e+01
<VARIANCE> 6
 2.144749e+02 1.339358e+04 1.593115e+04 2.876443e+02 3.343562e+04 4.108754e+07
<GCONST> 6.918434e+01
<MIXTURE> 5 2.544905e-02
<MEAN> 6
 6.775993e+01 2.390312e+02 -4.721422e+02 -1.410274e+00 -1.255663e+01 -1.971021e+02
<VARIANCE> 6
 3.135520e+01 6.147442e+04 1.753461e+04 2.876443e+02 3.343562e+04 4.108754e+07
<GCONST> 6.888127e+01
<MIXTURE> 6 5.617794e-02
<MEAN> 6
 7.541854e+01 -9.824562e+01 4.329660e+02 -1.880189e+00 -1.047842e+01 1.491102e+02
<VARIANCE> 6
 3.135520e+01 1.437089e+04 1.593115e+04 2.876443e+02 3.343562e+04 4.108754e+07
<GCONST> 6.733195e+01
<MIXTURE> 7 1.026617e-01
<MEAN> 6
 8.712247e+01 4.879424e+01 -2.100326e+02 -7.703527e-01 1.243329e-01 -4.284341e+01
<VARIANCE> 6
 3.135520e+01 1.339358e+04 1.593115e+04 2.876443e+02 3.343562e+04 4.108754e+07
<GCONST> 6.726152e+01
<MIXTURE> 8 6.627303e-02
<MEAN> 6
 7.213881e+01 -3.364602e+02 -4.988206e+02 -1.165738e+00 -1.845099e+00 -2.167964e+01
<VARIANCE> 6
 3.135520e+01 1.339358e+04 1.593115e+04 2.876443e+02 3.343562e+04 4.108754e+07
<GCONST> 6.726152e+01
<MIXTURE> 9 1.103560e-01
<MEAN> 6
 6.279448e+01 3.608814e+00 -1.781981e+02 -1.157139e+00 2.583641e+00 -2.849788e+01
<VARIANCE> 6
 3.135520e+01 1.339358e+04 9.630927e+04 2.876443e+02 3.343562e+04 4.108754e+07
<GCONST> 6.906081e+01
<MIXTURE> 10 6.298634e-02
<MEAN> 6
 8.666507e+01 -5.755215e+01 4.893694e+01 -3.545341e+00 3.286387e+00 -7.538902e+00
<VARIANCE> 6
 3.135520e+01 2.471796e+04 1.593115e+04 2.876443e+02 3.343562e+04 4.108754e+07
<GCONST> 6.787428e+01
<MIXTURE> 11 5.476636e-02
<MEAN> 6
 8.338589e+01 -2.256008e+02 -3.363036e+02 -1.831648e+00 -5.836172e-01 -7.935064e+01
<VARIANCE> 6
 3.135520e+01 1.753532e+04 1.593115e+04 2.876443e+02 3.343562e+04 4.108754e+07
<GCONST> 6.753096e+01
<MIXTURE> 12 1.039019e-01
<MEAN> 6
 6.344173e+01 2.343756e+01 -3.369996e+02 -1.231227e+00 1.013585e+00 -2.539081e+01
<VARIANCE> 6
 3.135520e+01 1.339358e+04 6.203346e+04 2.876443e+02 3.343562e+04 4.108754e+07
<GCONST> 6.862093e+01
<MIXTURE> 13 6.752601e-02
<MEAN> 6
 7.026324e+01 -4.414489e+02 -3.407535e+01 -1.787447e+00 2.609181e-01 -9.679855e+01
<VARIANCE> 6
 8.267987e+01 1.339358e+04 1.593115e+04 2.876443e+02 3.343562e+04 4.108754e+07
<GCONST> 6.823112e+01
<MIXTURE> 14 6.528574e-02
<MEAN> 6
 8.614370e+01 -1.330156e+02 3.159168e+01 -3.678851e+00 3.420243e+00 -8.464447e+00
<VARIANCE> 6
 3.135520e+01 2.806691e+04 1.593115e+04 2.876443e+02 3.343562e+04 4.108754e+07
<GCONST> 6.800134e+01
<STATE> 6
<NUMMIXES> 14
<MIXTURE> 1 9.103397e-02
<MEAN> 6
 8.594170e+01 2.112871e+02 1.172321e+03 -5.039487e+00 -1.534023e+01 -3.489645e+01
<VARIANCE> 6
 2.713390e+02 4.320174e+06 3.253577e+06 2.876443e+02 3.343562e+04 4.108754e+07
<GCONST> 8.051502e+01
<MIXTURE> 2 1.297076e-02
<MEAN> 6
 -6.566082e+00 1.683072e+02 1.021376e+02 -1.697689e+01 2.461314e+01 7.466165e+03
<VARIANCE> 6
 1.184086e+04 1.820879e+05 3.924956e+05 2.167350e+06 1.188317e+09 1.747835e+12
<GCONST> 1.090733e+02
<MIXTURE> 3 8.251449e-02
<MEAN> 6
 4.212463e+01 4.398230e+02 -2.934330e+02 -9.232626e+01 -4.886025e+02 2.846146e+03
<VARIANCE> 6
 1.628243e+03 3.319225e+06 1.051278e+07 4.838357e+04 6.434286e+05 2.026604e+08
<GCONST> 9.289439e+01
<MIXTURE> 4 8.443478e-02
<MEAN> 6
 -3.420768e+01 -2.411590e+02 1.718896e+02 1.838501e+02 6.848331e+02 -2.429841e+03
<VARIANCE> 6
 3.584969e+02 1.110955e+06 8.756916e+05 6.872771e+03 1.513125e+05 4.108754e+07
<GCONST> 8.280632e+01
<MIXTURE> 5 1.005008e-01
<MEAN> 6
 7.374749e+01 -4.696008e+01 3.226302e+01 5.764046e+00 -5.867949e+02 -7.403912e+02
<VARIANCE> 6
 2.493642e+02 5.992554e+05 1.333310e+06 1.983524e+04 1.191390e+05 4.108754e+07
<GCONST> 8.306728e+01
<MIXTURE> 6 4.112197e-02
<MEAN> 6
 1.216096e+01 -2.110453e+02 -2.730558e+02 -2.984541e+01 -1.130449e+02 1.817328e+02
<VARIANCE> 6
 5.727866e+03 3.624189e+06 1.835484e+06 7.058188e+04 6.130698e+06 4.472151e+09
<GCONST> 9.822080e+01
<MIXTURE> 7 7.141748e-02
<MEAN> 6
 8.743095e+01 1.601764e+02 8.877870e+01 8.126004e+00 -6.046390e+02 -1.416622e+03
<VARIANCE> 6
 1.880149e+02 8.239097e+05 3.952812e+05 1.374478e+04 8.985233e+05 4.459135e+08
<GCONST> 8.592551e+01
<MIXTURE> 8 9.777247e-02
<MEAN> 6
 -6.443026e+01 1.211801e+02 -6.543683e+00 9.391928e+00 2.483597e+02 3.893987e+02
<VARIANCE> 6
 2.429496e+02 9.915078e+05 1.070653e+06 1.180190e+03 1.061836e+05 4.108754e+07
<GCONST> 8.038844e+01
<MIXTURE> 9 7.776689e-02
<MEAN> 6
 8.833506e+01 5.363665e+02 -3.860451e+02 -5.841257e+00 -2.244783e+01 -1.353637e+02
<VARIANCE> 6
 1.738923e+02 2.371005e+05 1.035223e+06 2.876443e+02 3.343562e+04 4.108754e+07
<GCONST> 7.602238e+01
<MIXTURE> 10 9.552835e-02
<MEAN> 6
 -5.134220e+01 -1.706559e+02 -9.740407e+01 -7.938458e+01 1.179946e+03 6.495901e+02
<VARIANCE> 6
 3.125865e+02 6.926052e+05 3.117721e+06 2.612873e+04 6.832228e+05 3.649961e+08
<GCONST> 8.849374e+01
<MIXTURE> 11 5.510815e-02
<MEAN> 6
 3.342026e+01 -3.006045e+02 3.983370e+02 1.727166e+02 -2.318926e+02 -7.458315e+02
<VARIANCE> 6
 4.205463e+02 3.314507e+05 1.307780e+06 1.145950e+04 1.009985e+05 4.108754e+07
<GCONST> 8.226454e+01
<MIXTURE> 12 7.182985e-02
<MEAN> 6
 7.467716e+01 -2.181447e+02 2.192128e+02 -1.482036e+00 -8.624059e+00 -2.528107e+02
<VARIANCE> 6
 2.401375e+02 2.201241e+05 2.539490e+05 2.876443e+02 3.343562e+04 4.108754e+07
<GCONST> 7.486563e+01
<MIXTURE> 13 7.177296e-02
<MEAN> 6
 1.869457e+01 -1.298227e+02 -3.992431e+01 -2.388782e+02 -2.822299e+02 3.776917e+03
<VARIANCE> 6
 9.458313e+02 5.280613e+05 3.873383e+05 8.701122e+03 4.628468e+05 1.645673e+08
<GCONST> 8.495853e+01
<MIXTURE> 14 4.550150e-02
<MEAN> 6
 2.235366e+01 -4.823014e+02 1.307214e+02 1.766747e+02 -2.311715e+02 -5.152810e+03
<VARIANCE> 6
 4.720538e+02 5.821013e+05 1.180962e+06 3.002139e+04 1.503727e+05 6.726722e+07
<GCONST> 8.469532e+01
<TRANSP> 7
 0.000000e+00 1.000000e+00 0.000000e+00 0.000000e+00 0.000000e+00 0.000000e+00 0.000000e+00
 0.000000e+00 9.999058e-01 9.415980e-05 0.000000e+00 0.000000e+00 0.000000e+00 0.000000e+00
 0.000000e+00 0.000000e+00 9.991480e-01 8.519966e-04 0.000000e+00 0.000000e+00 0.000000e+00
 0.000000e+00 0.000000e+00 0.000000e+00 9.991134e-01 8.865927e-04 0.000000e+00 0.000000e+00
 0.000000e+00 0.000000e+00 0.000000e+00 0.000000e+00 9.993414e-01 6.585718e-04 0.000000e+00
 0.000000e+00 0.000000e+00 0.000000e+00 0.000000e+00 0.000000e+00 9.999250e-01 7.503601e-05
 0.000000e+00 0.000000e+00 0.000000e+00 0.000000e+00 0.000000e+00 0.000000e+00 0.000000e+00
<ENDHMM>
