~o
<STREAMINFO> 1 6
<VECSIZE> 6<NULLD><USER><DIAGC>
~h "SegundoPRIMARIA"
<BEGINHMM>
<NUMSTATES> 3
<STATE> 2
<NUMMIXES> 4
<MIXTURE> 1 1.001149e-02
<MEAN> 6
 4.386185e+01 -5.842076e+01 4.048973e-01 9.885289e+00 -9.571505e+02 5.606250e+03
<VARIANCE> 6
 7.781384e+03 1.256504e+06 1.376726e+06 5.933171e+05 2.965387e+08 4.243153e+11
<GCONST> 1.077407e+02
<MIXTURE> 2 3.428448e-01
<MEAN> 6
 5.345070e+01 1.074868e+02 3.174658e+01 2.630309e+01 1.347147e+00 -2.869314e+02
<VARIANCE> 6
 3.047098e+03 4.238018e+05 4.339405e+05 1.102193e+04 8.538577e+04 5.131893e+07
<GCONST> 8.340304e+01
<MIXTURE> 3 2.932530e-01
<MEAN> 6
 2.805329e+01 -8.190862e+01 2.479155e+01 -4.127127e+01 3.492005e+01 6.706069e+02
<VARIANCE> 6
 4.129638e+03 2.792128e+06 4.771604e+05 5.738368e+04 2.177572e+06 6.203016e+08
<GCONST> 9.306808e+01
<MIXTURE> 4 3.520707e-01
<MEAN> 6
 3.117296e+01 -3.463355e+01 -5.165862e+01 9.528767e+00 -3.289730e+00 -4.432446e+02
<VARIANCE> 6
 3.844180e+03 1.348565e+05 2.299731e+05 2.228928e+04 3.912813e+05 5.131893e+07
<GCONST> 8.408188e+01
<TRANSP> 3
 0.000000e+00 1.000000e+00 0.000000e+00
 0.000000e+00 9.999629e-01 3.716104e-05
 0.000000e+00 0.000000e+00 0.000000e+00
<ENDHMM>
~h "SegundoESO"
<BEGINHMM>
<NUMSTATES> 3
<STATE> 2
<NUMMIXES> 4
<MIXTURE> 1 1.747668e-01
<MEAN> 6
 5.871571e+01 -1.374525e+02 -2.085751e+02 5.365869e+00 -1.565306e+02 6.041690e+01
<VARIANCE> 6
 1.349817e+03 9.461339e+06 9.802444e+06 1.388679e+04 1.514604e+05 5.131893e+07
<GCONST> 8.961620e+01
<MIXTURE> 2 2.834174e-01
<MEAN> 6
 5.500229e+01 1.274871e+02 -2.134084e+01 1.683751e+01 -2.725634e+01 -1.523250e+02
<VARIANCE> 6
 1.357676e+03 4.716011e+05 2.911276e+05 4.007048e+03 4.002993e+04 5.131893e+07
<GCONST> 8.053296e+01
<MIXTURE> 3 2.681449e-01
<MEAN> 6
 -8.909584e+00 2.763339e+01 1.770267e+02 -2.528216e+01 2.853557e+02 5.104787e+02
<VARIANCE> 6
 2.570877e+03 1.033551e+06 9.893994e+05 3.635184e+04 1.130745e+06 2.764145e+08
<GCONST> 9.040942e+01
<MIXTURE> 4 2.716934e-01
<MEAN> 6
 2.794909e+01 -7.197921e+01 -1.851977e+01 4.823637e+00 -1.531675e+02 -3.797887e+02
<VARIANCE> 6
 2.095332e+03 2.905479e+05 1.461067e+05 2.251759e+04 2.299151e+05 5.131893e+07
<GCONST> 8.326743e+01
<TRANSP> 3
 0.000000e+00 1.000000e+00 0.000000e+00
 0.000000e+00 9.999632e-01 3.679548e-05
 0.000000e+00 0.000000e+00 0.000000e+00
<ENDHMM>
~h "QuintoPRIMARIA"
<BEGINHMM>
<NUMSTATES> 3
<STATE> 2
<NUMMIXES> 4
<MIXTURE> 1 3.323484e-01
<MEAN> 6
 7.704701e+01 8.248285e+01 1.093895e+02 -2.425702e+00 -2.209630e+01 -1.286473e+02
<VARIANCE> 6
 2.190040e+02 8.377385e+05 1.276109e+06 2.980957e+02 4.002993e+04 5.131893e+07
<GCONST> 7.816251e+01
<MIXTURE> 2 2.849080e-02
<MEAN> 6
 1.931731e+01 -4.350423e+02 -7.865912e+02 -6.649263e+01 -1.675611e+02 5.366443e+03
<VARIANCE> 6
 6.641286e+03 1.040388e+07 6.570654e+06 5.380923e+05 2.728643e+08 3.974494e+11
<GCONST> 1.110127e+02
<MIXTURE> 3 5.210482e-01
<MEAN> 6
 1.324954e+00 -2.996463e+01 1.213459e+01 2.552899e+00 9.187128e+01 -1.976680e+02
<VARIANCE> 6
 2.913433e+03 4.999648e+05 7.084916e+05 3.463321e+04 8.246326e+05 1.790123e+08
<GCONST> 8.867577e+01
<MIXTURE> 4 1.185340e-01
<MEAN> 6
 5.821238e+01 5.919652e+00 -1.685731e+02 1.417543e+01 -3.001720e+02 -3.525071e+01
<VARIANCE> 6
 1.143565e+03 1.891620e+06 7.743174e+06 2.182150e+04 1.470531e+05 5.131893e+07
<GCONST> 8.802720e+01
<TRANSP> 3
 0.000000e+00 1.000000e+00 0.000000e+00
 0.000000e+00 9.999640e-01 3.599992e-05
 0.000000e+00 0.000000e+00 0.000000e+00
<ENDHMM>
