~o
<STREAMINFO> 1 6
<VECSIZE> 6<NULLD><USER><DIAGC>
~h "SegundoPRIMARIA"
<BEGINHMM>
<NUMSTATES> 4
<STATE> 2
<NUMMIXES> 10
<MIXTURE> 1 1.358882e-01
<MEAN> 6
 7.605450e+01 7.091547e+00 7.150695e+01 -5.047712e+00 -6.370559e+02 -1.070996e+03
<VARIANCE> 6
 4.823708e+02 9.715365e+04 1.440217e+05 3.106924e+04 2.145258e+05 5.628364e+07
<GCONST> 8.103382e+01
<MIXTURE> 2 5.960117e-02
<MEAN> 6
 5.735740e+01 -3.412222e+01 9.026512e+01 -5.390489e+01 -6.901787e+02 5.192332e+03
<VARIANCE> 6
 3.649505e+03 7.124318e+05 6.876226e+05 6.978531e+04 4.785884e+06 2.491298e+09
<GCONST> 9.431747e+01
<MIXTURE> 3 8.544631e-02
<MEAN> 6
 8.760232e+01 2.454104e+02 1.465151e+02 -2.467268e+00 -2.435859e+01 -1.266548e+02
<VARIANCE> 6
 2.684689e+02 2.979103e+05 3.942018e+04 2.976697e+02 3.907473e+04 4.990926e+07
<GCONST> 7.380151e+01
<MIXTURE> 4 1.012839e-01
<MEAN> 6
 1.143828e+01 4.184570e+01 2.407560e+01 2.487192e+02 1.782238e+02 -3.750661e+03
<VARIANCE> 6
 7.411317e+02 1.250375e+05 5.486121e+04 6.261495e+03 2.278435e+05 6.008394e+07
<GCONST> 7.927421e+01
<MIXTURE> 5 1.227231e-01
<MEAN> 6
 -3.963504e+01 1.775036e+01 4.221402e+00 -6.455222e+01 1.321754e+03 -3.614423e+01
<VARIANCE> 6
 4.344289e+02 1.453399e+05 1.041595e+05 4.571303e+04 6.898537e+05 4.551170e+08
<GCONST> 8.465224e+01
<MIXTURE> 6 1.379413e-01
<MEAN> 6
 7.756804e+01 -5.373752e+01 -2.341229e+02 -1.051837e+00 -9.081383e+00 -1.776249e+02
<VARIANCE> 6
 1.926597e+02 6.283601e+04 1.416502e+05 2.976697e+02 3.907473e+04 4.990926e+07
<GCONST> 7.319252e+01
<MIXTURE> 7 8.019449e-02
<MEAN> 6
 8.211671e+01 8.088124e+01 4.428325e+01 3.846247e+01 -8.447197e+02 -3.920508e+03
<VARIANCE> 6
 8.339244e+02 1.732040e+05 5.062771e+04 3.931546e+04 1.097258e+06 4.740647e+08
<GCONST> 8.511244e+01
<MIXTURE> 8 1.236882e-01
<MEAN> 6
 -5.131398e+01 3.742014e+01 8.722182e+00 2.512863e+01 4.432673e+02 2.903465e+02
<VARIANCE> 6
 2.254184e+02 9.654540e+04 8.732098e+04 4.575508e+03 1.572225e+05 4.990926e+07
<GCONST> 7.741994e+01
<MIXTURE> 9 7.010182e-02
<MEAN> 6
 8.082534e+01 -1.814480e+02 -1.492003e+02 -2.176795e+00 -1.491288e+01 -2.472756e+02
<VARIANCE> 6
 3.589344e+02 3.826651e+05 1.101786e+05 2.976697e+02 3.907473e+04 4.990926e+07
<GCONST> 7.537011e+01
<MIXTURE> 10 8.206545e-02
<MEAN> 6
 3.429271e+01 -2.354102e+01 2.893171e+01 -2.346246e+02 -4.266176e+02 6.625949e+03
<VARIANCE> 6
 1.232058e+03 7.295732e+04 6.033523e+04 2.300597e+04 6.417929e+05 2.307466e+08
<GCONST> 8.302137e+01
<STATE> 3
<NUMMIXES> 10
<MIXTURE> 1 9.355037e-03
<MEAN> 6
 -8.273332e+00 -4.313496e+02 1.591084e+01 -6.734570e+00 2.346635e+02 6.834986e+03
<VARIANCE> 6
 8.715245e+03 7.128459e+05 1.253754e+06 1.543278e+06 8.391443e+08 1.215503e+12
<GCONST> 1.102423e+02
<MIXTURE> 2 1.573309e-01
<MEAN> 6
 9.890034e+01 4.077365e+01 -3.649651e+01 -5.717204e+00 -2.861615e+01 -8.853311e+01
<VARIANCE> 6
 3.601360e+02 2.968996e+06 2.736212e+05 2.976697e+02 3.907473e+04 4.990926e+07
<GCONST> 7.833191e+01
<MIXTURE> 3 1.675110e-01
<MEAN> 6
 -5.821915e+01 4.369147e+01 -5.760603e+01 2.632624e+01 3.865342e+02 1.064740e+02
<VARIANCE> 6
 4.100741e+02 5.100343e+05 6.661816e+05 7.877964e+03 1.585164e+05 4.990926e+07
<GCONST> 8.226630e+01
<MIXTURE> 4 2.136359e-02
<MEAN> 6
 3.911008e+01 -2.389856e+03 6.250151e+02 -4.813539e+00 1.507962e+01 -1.419622e+02
<VARIANCE> 6
 5.102479e+03 3.837994e+07 9.250648e+05 2.976697e+02 3.907473e+04 4.990926e+07
<GCONST> 8.476034e+01
<MIXTURE> 5 4.760572e-02
<MEAN> 6
 6.013554e+01 2.919933e+02 -3.107472e+02 -1.544558e+01 -5.560679e+02 1.710564e+03
<VARIANCE> 6
 4.103750e+03 1.182060e+07 1.130432e+06 5.925824e+04 3.774845e+06 2.837295e+09
<GCONST> 9.747003e+01
<MIXTURE> 6 9.937553e-02
<MEAN> 6
 8.531243e+01 4.159394e+01 4.732496e+01 -1.681334e+00 -2.433939e+01 -1.310059e+02
<VARIANCE> 6
 3.087908e+02 4.871174e+05 2.721208e+06 2.976697e+02 3.907473e+04 4.990926e+07
<GCONST> 7.866770e+01
<MIXTURE> 7 1.414682e-01
<MEAN> 6
 4.169571e+01 1.324402e+02 3.111109e+01 7.478404e+01 -1.843816e+02 -1.099393e+03
<VARIANCE> 6
 1.384891e+03 5.652832e+05 2.852909e+05 3.871977e+04 1.830426e+05 4.990926e+07
<GCONST> 8.447428e+01
<MIXTURE> 8 1.118093e-01
<MEAN> 6
 -3.738704e+01 -5.633350e+00 -3.167610e+01 -4.998146e+01 1.008579e+03 1.063900e+01
<VARIANCE> 6
 9.142231e+02 4.479768e+05 1.864703e+06 6.140386e+04 8.818882e+05 5.341847e+08
<GCONST> 9.010775e+01
<MIXTURE> 9 1.403960e-01
<MEAN> 6
 7.456513e+01 -7.956931e+01 1.445179e+01 -4.434010e+01 -8.450976e+02 2.870626e+02
<VARIANCE> 6
 9.171728e+02 4.636150e+05 1.488875e+06 4.294681e+04 4.695852e+05 2.063701e+08
<GCONST> 8.798141e+01
<MIXTURE> 10 1.032692e-01
<MEAN> 6
 7.245161e+01 -1.144611e+02 1.791702e+02 2.251897e-01 -1.349775e+01 -1.155563e+02
<VARIANCE> 6
 1.236149e+02 4.363559e+05 2.263661e+06 2.976697e+02 3.907473e+04 4.990926e+07
<GCONST> 7.745808e+01
<TRANSP> 4
 0.000000e+00 1.000000e+00 0.000000e+00 0.000000e+00
 0.000000e+00 9.999428e-01 5.722071e-05 0.000000e+00
 0.000000e+00 0.000000e+00 9.998950e-01 1.049952e-04
 0.000000e+00 0.000000e+00 0.000000e+00 0.000000e+00
<ENDHMM>
~h "SegundoESO"
<BEGINHMM>
<NUMSTATES> 4
<STATE> 2
<NUMMIXES> 10
<MIXTURE> 1 8.000948e-02
<MEAN> 6
 8.306780e+01 -1.089804e+03 1.633406e+03 -3.169707e+00 -3.910923e+01 -1.232940e+02
<VARIANCE> 6
 1.303341e+02 3.244913e+07 1.571074e+07 2.976697e+02 3.907473e+04 4.990926e+07
<GCONST> 8.375733e+01
<MIXTURE> 2 1.477324e-01
<MEAN> 6
 2.611046e+01 2.158651e+02 -3.475945e+02 2.348069e+01 -1.218713e+02 -3.918566e+02
<VARIANCE> 6
 3.045099e+03 1.746266e+07 8.346772e+06 2.111617e+04 2.852094e+05 4.990926e+07
<GCONST> 9.190601e+01
<MIXTURE> 3 8.803886e-02
<MEAN> 6
 7.377731e+01 2.262951e+02 1.956223e+02 -3.611426e-01 -6.740219e+00 -8.143628e+01
<VARIANCE> 6
 3.175889e+01 1.884155e+05 3.228472e+05 2.976697e+02 3.907473e+04 4.990926e+07
<GCONST> 7.331171e+01
<MIXTURE> 4 1.196493e-01
<MEAN> 6
 -9.530154e+00 4.297442e+02 2.156970e+03 -2.554440e+01 1.903878e+02 5.739307e+02
<VARIANCE> 6
 3.118206e+03 9.259456e+05 5.381146e+06 4.675617e+04 9.702991e+05 1.666031e+08
<GCONST> 9.177844e+01
<MIXTURE> 5 7.993600e-02
<MEAN> 6
 6.664578e+01 6.204313e+02 -2.995942e+01 4.555468e-02 -4.069190e+00 -1.138484e+02
<VARIANCE> 6
 3.175889e+01 8.225108e+05 4.427227e+04 2.976697e+02 3.907473e+04 4.990926e+07
<GCONST> 7.279860e+01
<MIXTURE> 6 9.614591e-02
<MEAN> 6
 6.442524e+01 2.496936e+02 -7.200964e+02 3.855838e-01 -3.273661e+00 -1.208015e+02
<VARIANCE> 6
 4.515893e+01 1.700679e+05 1.410815e+06 2.976697e+02 3.907473e+04 4.990926e+07
<GCONST> 7.503602e+01
<MIXTURE> 7 7.371821e-02
<MEAN> 6
 5.961898e+01 4.014860e+02 -5.226353e+02 1.129283e-01 -7.385659e-01 -7.827374e+01
<VARIANCE> 6
 3.175889e+01 3.210744e+06 1.727595e+05 2.976697e+02 3.907473e+04 4.990926e+07
<GCONST> 7.552204e+01
<MIXTURE> 8 1.292668e-01
<MEAN> 6
 7.857317e+01 3.596876e+02 -3.086950e+03 -1.863206e+00 -2.037109e+01 -6.484535e+01
<VARIANCE> 6
 1.519128e+02 7.223009e+05 1.214351e+07 2.976697e+02 3.907473e+04 4.990926e+07
<GCONST> 7.984801e+01
<MIXTURE> 9 9.426907e-02
<MEAN> 6
 6.088573e+01 -1.936237e+01 -5.431189e+01 2.209063e-01 -2.172530e-01 -9.720037e+01
<VARIANCE> 6
 3.175889e+01 2.884023e+05 4.147296e+04 2.976697e+02 3.907473e+04 4.990926e+07
<GCONST> 7.168528e+01
<MIXTURE> 10 9.102759e-02
<MEAN> 6
 7.255407e+01 3.211996e+01 -2.983559e+01 -1.402317e-01 -7.042705e+00 -8.351603e+01
<VARIANCE> 6
 3.175889e+01 1.934661e+05 2.610445e+05 2.976697e+02 3.907473e+04 4.990926e+07
<GCONST> 7.312567e+01
<STATE> 3
<NUMMIXES> 10
<MIXTURE> 1 9.338655e-02
<MEAN> 6
 8.232411e+01 -7.480062e+01 1.589743e+01 -4.502581e+00 -3.526358e+01 9.899909e+01
<VARIANCE> 6
 1.513344e+02 6.557629e+05 1.638134e+06 2.976697e+02 3.907473e+04 4.990926e+07
<GCONST> 7.774431e+01
<MIXTURE> 2 8.160635e-02
<MEAN> 6
 2.611165e+01 -2.745551e+02 5.433487e+01 -2.095629e+02 -2.538020e+02 5.154241e+03
<VARIANCE> 6
 9.452418e+02 2.042990e+06 1.671595e+06 8.519942e+03 2.825039e+05 9.919060e+07
<GCONST> 8.675208e+01
<MIXTURE> 3 1.364453e-01
<MEAN> 6
 -4.584923e+01 1.079325e+02 4.835355e+01 7.936855e+00 1.028580e+03 -4.693738e+02
<VARIANCE> 6
 2.106340e+02 7.473676e+05 3.794194e+05 2.326747e+04 2.929822e+05 1.551270e+08
<GCONST> 8.425053e+01
<MIXTURE> 4 1.244352e-01
<MEAN> 6
 3.467557e+01 2.722099e+02 1.127668e+02 1.770598e+02 -2.097281e+02 -1.776082e+03
<VARIANCE> 6
 5.342165e+02 8.272256e+05 5.250042e+05 5.268062e+03 8.977464e+04 4.990926e+07
<GCONST> 8.180525e+01
<MIXTURE> 5 5.414079e-02
<MEAN> 6
 4.440162e+01 -8.875877e+01 5.662370e+01 -1.902830e+01 -5.056238e+02 1.173200e+03
<VARIANCE> 6
 3.010275e+03 4.005362e+06 5.845492e+05 4.489364e+04 2.314023e+06 8.513076e+08
<GCONST> 9.344762e+01
<MIXTURE> 6 1.365289e-01
<MEAN> 6
 -4.865613e+00 2.503359e+01 2.423457e+01 -1.274317e+01 1.658744e+02 -9.045482e+02
<VARIANCE> 6
 3.288496e+02 3.105520e+05 6.698401e+04 3.793112e+04 1.210097e+05 9.370597e+07
<GCONST> 8.118401e+01
<MIXTURE> 7 8.839872e-02
<MEAN> 6
 7.051376e+01 -5.931343e+01 8.373979e+01 1.051426e+01 -5.950825e+02 -6.584172e+02
<VARIANCE> 6
 2.157113e+02 5.717852e+05 2.565006e+05 1.319245e+04 1.509921e+05 6.505376e+07
<GCONST> 8.151572e+01
<MIXTURE> 8 1.031894e-01
<MEAN> 6
 -4.357772e+01 3.767005e+01 3.873375e+01 2.244626e+01 2.757637e+02 -5.766984e+01
<VARIANCE> 6
 3.504644e+02 2.624396e+05 4.068513e+05 3.770154e+03 7.308748e+04 4.990926e+07
<GCONST> 7.944051e+01
<MIXTURE> 9 9.763534e-02
<MEAN> 6
 7.640868e+01 -6.149099e+02 6.237868e+01 -4.060272e+00 -3.523454e+01 -1.177800e+02
<VARIANCE> 6
 1.084833e+02 1.815902e+06 1.544671e+05 2.976697e+02 3.907473e+04 4.990926e+07
<GCONST> 7.606862e+01
<MIXTURE> 10 8.308642e-02
<MEAN> 6
 6.365720e+01 -1.349164e+02 3.441759e+01 -6.393877e+01 -6.847610e+02 1.125980e+02
<VARIANCE> 6
 2.337966e+02 6.838103e+05 1.076176e+05 1.655002e+04 2.047082e+05 5.789205e+07
<GCONST> 8.132106e+01
<TRANSP> 4
 0.000000e+00 1.000000e+00 0.000000e+00 0.000000e+00
 0.000000e+00 9.998520e-01 1.480214e-04 0.000000e+00
 0.000000e+00 0.000000e+00 9.999514e-01 4.862816e-05
 0.000000e+00 0.000000e+00 0.000000e+00 0.000000e+00
<ENDHMM>
~h "QuintoPRIMARIA"
<BEGINHMM>
<NUMSTATES> 4
<STATE> 2
<NUMMIXES> 10
<MIXTURE> 1 8.074234e-02
<MEAN> 6
 7.989882e+01 1.755829e+01 -2.301605e+02 -4.321188e+00 -1.746231e+01 -1.330340e+02
<VARIANCE> 6
 1.656859e+02 5.204034e+05 1.218175e+05 2.976697e+02 3.907473e+04 4.990926e+07
<GCONST> 7.500493e+01
<MIXTURE> 2 7.418496e-02
<MEAN> 6
 2.713546e+01 -2.227488e+01 9.711341e+01 -7.074083e+01 -1.017155e+02 4.493812e+03
<VARIANCE> 6
 3.179811e+03 1.167022e+06 5.903283e+05 5.276967e+04 3.029658e+06 1.278826e+09
<GCONST> 9.311710e+01
<MIXTURE> 3 9.106642e-02
<MEAN> 6
 -3.409406e+01 7.792402e+01 1.697569e+02 4.385405e+01 7.994269e+02 -1.839433e+03
<VARIANCE> 6
 5.303250e+02 8.628109e+04 2.757093e+05 3.397957e+04 3.098037e+05 9.850167e+07
<GCONST> 8.267602e+01
<MIXTURE> 4 1.526052e-01
<MEAN> 6
 6.116688e+01 3.991066e+01 -4.643085e+01 2.812995e+01 -5.789526e+02 -7.202096e+02
<VARIANCE> 6
 5.617560e+02 2.715126e+05 1.745721e+05 3.011143e+04 2.212354e+05 5.259604e+07
<GCONST> 8.233798e+01
<MIXTURE> 5 9.741279e-02
<MEAN> 6
 7.794204e+01 3.078206e-01 1.898408e+01 -5.820102e+00 -2.961409e+01 -2.462540e+02
<VARIANCE> 6
 1.562642e+02 2.676442e+04 3.211827e+04 2.976697e+02 3.907473e+04 4.990926e+07
<GCONST> 7.064575e+01
<MIXTURE> 6 1.563603e-01
<MEAN> 6
 3.867507e+01 2.459519e+01 6.107005e-02 -2.894712e+01 -3.815880e+02 1.741896e+02
<VARIANCE> 6
 1.189714e+03 3.599323e+04 4.518162e+04 4.376594e+04 4.156535e+05 1.664160e+08
<GCONST> 8.187248e+01
<MIXTURE> 7 7.409542e-02
<MEAN> 6
 -5.174583e+01 2.844488e+01 1.842967e+00 1.948430e+01 2.408251e+02 2.497744e+02
<VARIANCE> 6
 2.477923e+02 8.061281e+04 8.329381e+04 8.723059e+02 7.633584e+04 4.990926e+07
<GCONST> 7.490715e+01
<MIXTURE> 8 1.032386e-01
<MEAN> 6
 6.525938e+01 -6.710677e+01 8.949746e+00 -7.564729e-01 -1.337043e+01 -1.244636e+02
<VARIANCE> 6
 5.422071e+01 3.748862e+04 1.882166e+05 2.976697e+02 3.907473e+04 4.990926e+07
<GCONST> 7.169240e+01
<MIXTURE> 9 8.633267e-02
<MEAN> 6
 7.343157e+01 -2.061794e+02 -1.412371e+02 -2.435986e+00 -1.429652e+01 -1.580695e+02
<VARIANCE> 6
 1.067619e+02 4.698644e+05 1.105024e+05 2.976697e+02 3.907473e+04 4.990926e+07
<GCONST> 7.436579e+01
<MIXTURE> 10 8.269432e-02
<MEAN> 6
 -3.890048e+01 -2.934302e+02 -9.941790e-01 1.110579e+01 8.646276e+02 -5.583748e+02
<VARIANCE> 6
 4.430635e+02 5.187790e+05 9.038936e+04 3.445605e+04 3.840294e+05 1.725036e+08
<GCONST> 8.396393e+01
<STATE> 3
<NUMMIXES> 10
<MIXTURE> 1 6.916903e-02
<MEAN> 6
 9.008263e+01 4.266149e+02 6.420854e+02 -3.647402e+00 -1.316779e+01 -2.056879e+01
<VARIANCE> 6
 2.639205e+02 5.955017e+06 2.713332e+06 2.976697e+02 3.907473e+04 4.990926e+07
<GCONST> 8.101128e+01
<MIXTURE> 2 1.584117e-02
<MEAN> 6
 -7.054570e+00 1.605486e+02 1.071184e+02 -1.932662e+01 4.290697e+01 3.592196e+03
<VARIANCE> 6
 1.157471e+04 1.994935e+05 4.072210e+05 1.893184e+06 1.033905e+09 1.520985e+12
<GCONST> 1.087652e+02
<MIXTURE> 3 1.391542e-01
<MEAN> 6
 5.445961e+00 3.472035e+01 1.835478e+02 6.346761e+01 3.446681e+01 -2.250993e+03
<VARIANCE> 6
 1.543529e+03 1.482335e+06 3.221880e+06 5.079212e+04 2.132719e+05 5.185135e+07
<GCONST> 8.843340e+01
<MIXTURE> 4 1.754472e-02
<MEAN> 6
 6.402042e+01 -9.387019e+02 -5.471856e+03 -3.202903e-01 -4.499675e+00 -3.646848e+01
<VARIANCE> 6
 3.175889e+01 1.635764e+06 5.411402e+06 2.976697e+02 3.907473e+04 4.990926e+07
<GCONST> 7.829201e+01
<MIXTURE> 5 1.123860e-01
<MEAN> 6
 1.487769e+01 2.092347e+01 -5.007698e+02 -1.049207e+02 7.666182e+01 3.136148e+03
<VARIANCE> 6
 4.471165e+03 2.801935e+06 7.182104e+06 5.506388e+04 3.336664e+06 1.502178e+09
<GCONST> 9.713250e+01
<MIXTURE> 6 1.791698e-01
<MEAN> 6
 -5.654366e+01 -1.794349e+01 -1.851697e+00 3.770087e+01 6.483790e+02 -1.924529e+02
<VARIANCE> 6
 3.382332e+02 7.089494e+05 1.121236e+06 1.571173e+04 3.226111e+05 8.421232e+07
<GCONST> 8.484770e+01
<MIXTURE> 7 1.298230e-01
<MEAN> 6
 8.897583e+01 3.725406e+02 6.107081e+02 -3.210878e+00 -1.795240e+01 -6.786875e+01
<VARIANCE> 6
 1.659531e+02 3.203231e+05 3.609519e+06 2.976697e+02 3.907473e+04 4.990926e+07
<GCONST> 7.791007e+01
<MIXTURE> 8 1.022013e-01
<MEAN> 6
 7.712105e+01 1.046858e+02 2.116328e+02 2.217910e+00 -5.731896e+02 -2.075311e+02
<VARIANCE> 6
 3.093885e+02 6.308131e+05 1.266764e+06 1.937363e+04 2.122320e+05 8.964638e+07
<GCONST> 8.461709e+01
<MIXTURE> 9 1.447205e-01
<MEAN> 6
 7.724468e+01 -2.170140e+01 7.291714e+01 -2.993271e-01 -1.357227e+01 -1.544474e+02
<VARIANCE> 6
 1.939639e+02 7.137569e+05 1.850807e+06 2.976697e+02 3.907473e+04 4.990926e+07
<GCONST> 7.819930e+01
<MIXTURE> 10 8.928480e-02
<MEAN> 6
 5.777169e+01 -4.280348e+02 -1.690194e+02 -2.094544e+01 -7.305840e+02 6.266327e+01
<VARIANCE> 6
 7.001726e+02 8.087193e+05 9.781262e+05 5.027240e+04 3.719958e+05 1.365996e+08
<GCONST> 8.735960e+01
<TRANSP> 4
 0.000000e+00 1.000000e+00 0.000000e+00 0.000000e+00
 0.000000e+00 9.999358e-01 6.420539e-05 0.000000e+00
 0.000000e+00 0.000000e+00 9.999204e-01 7.956417e-05
 0.000000e+00 0.000000e+00 0.000000e+00 0.000000e+00
<ENDHMM>
