~o
<STREAMINFO> 1 6
<VECSIZE> 6<NULLD><USER><DIAGC>
~h "SegundoPRIMARIA"
<BEGINHMM>
<NUMSTATES> 5
<STATE> 2
<MEAN> 6
 7.624762e+01 7.390811e+01 -2.209186e+02 -9.488859e-01 -1.034122e+00 -1.241660e+01
<VARIANCE> 6
 1.899835e+02 3.193900e+05 2.644855e+05 2.981577e+02 3.965016e+04 5.092014e+07
<GCONST> 7.546515e+01
<STATE> 3
<MEAN> 6
 7.116924e+01 -3.936254e+02 6.345065e+02 -7.444190e-01 -2.761017e+00 -2.493196e+02
<VARIANCE> 6
 1.060038e+02 4.731972e+06 1.507004e+06 2.981577e+02 3.965016e+04 5.092014e+07
<GCONST> 7.931747e+01
<STATE> 4
<MEAN> 6
 3.085244e+01 1.579533e+01 -1.322845e+01 5.364962e-01 2.745329e-01 1.500422e+01
<VARIANCE> 6
 4.087159e+03 7.348176e+05 5.121837e+05 4.076712e+04 4.403146e+06 5.187829e+09
<GCONST> 9.427973e+01
<TRANSP> 5
 0.000000e+00 1.000000e+00 0.000000e+00 0.000000e+00 0.000000e+00
 0.000000e+00 9.996375e-01 3.624866e-04 0.000000e+00 0.000000e+00
 0.000000e+00 0.000000e+00 9.993047e-01 6.953296e-04 0.000000e+00
 0.000000e+00 0.000000e+00 0.000000e+00 9.999564e-01 4.363600e-05
 0.000000e+00 0.000000e+00 0.000000e+00 0.000000e+00 0.000000e+00
<ENDHMM>
~h "SegundoESO"
<BEGINHMM>
<NUMSTATES> 5
<STATE> 2
<MEAN> 6
 7.360528e+01 3.192589e+03 -5.387536e+02 -2.283112e+00 -1.540512e+01 -1.737089e+02
<VARIANCE> 6
 9.736580e+01 5.734684e+07 2.137570e+07 2.981577e+02 3.965016e+04 5.092014e+07
<GCONST> 8.437938e+01
<STATE> 3
<MEAN> 6
 6.848129e+01 1.465484e+02 -2.227970e+02 -3.104830e-02 -4.353333e+00 -1.109714e+02
<VARIANCE> 6
 1.449662e+02 3.175832e+06 4.245514e+06 3.744474e+02 3.965016e+04 5.092014e+07
<GCONST> 8.049529e+01
<STATE> 4
<MEAN> 6
 2.377434e+01 -5.120637e+01 4.916664e+01 3.239675e-01 8.410126e-01 2.379688e+01
<VARIANCE> 6
 2.852231e+03 1.653556e+06 1.553570e+06 2.415895e+04 5.224596e+05 1.131668e+08
<GCONST> 8.936071e+01
<TRANSP> 5
 0.000000e+00 1.000000e+00 0.000000e+00 0.000000e+00 0.000000e+00
 0.000000e+00 9.933012e-01 6.698864e-03 0.000000e+00 0.000000e+00
 0.000000e+00 0.000000e+00 9.997824e-01 2.175766e-04 0.000000e+00
 0.000000e+00 0.000000e+00 0.000000e+00 9.999555e-01 4.453273e-05
 0.000000e+00 0.000000e+00 0.000000e+00 0.000000e+00 0.000000e+00
<ENDHMM>
~h "QuintoPRIMARIA"
<BEGINHMM>
<NUMSTATES> 5
<STATE> 2
<MEAN> 6
 6.899053e+01 -2.135315e+03 -6.223560e+01 -8.953386e+00 2.917766e+01 -1.279612e+02
<VARIANCE> 6
 2.468757e+02 3.793114e+07 1.813386e+06 2.793418e+03 3.936950e+05 1.637704e+08
<GCONST> 8.813047e+01
<STATE> 3
<MEAN> 6
 7.040583e+01 -5.020094e+01 -3.121726e+02 -2.830765e-01 -6.096491e+00 -1.292549e+02
<VARIANCE> 6
 1.762093e+02 1.344062e+06 3.417038e+06 2.981577e+02 3.965016e+04 5.092014e+07
<GCONST> 7.938567e+01
<STATE> 4
<MEAN> 6
 2.599402e+01 1.509282e+01 6.037599e+01 4.203918e-01 1.197253e+00 2.782281e+01
<VARIANCE> 6
 3.493717e+03 8.209905e+05 1.328638e+06 4.353843e+04 9.754783e+06 1.355080e+10
<GCONST> 9.700830e+01
<TRANSP> 5
 0.000000e+00 1.000000e+00 0.000000e+00 0.000000e+00 0.000000e+00
 0.000000e+00 9.830447e-01 1.695530e-02 0.000000e+00 0.000000e+00
 0.000000e+00 0.000000e+00 9.997775e-01 2.225155e-04 0.000000e+00
 0.000000e+00 0.000000e+00 0.000000e+00 9.999571e-01 4.292951e-05
 0.000000e+00 0.000000e+00 0.000000e+00 0.000000e+00 0.000000e+00
<ENDHMM>
