~o
<STREAMINFO> 1 6
<VECSIZE> 6<NULLD><USER><DIAGC>
~h "SegundoPRIMARIA"
<BEGINHMM>
<NUMSTATES> 11
<STATE> 2
<NUMMIXES> 3
<MIXTURE> 1 3.505544e-01
<MEAN> 6
 -4.107608e+00 6.947316e+01 1.265207e+01 7.011742e+01 3.540195e+02 -1.010953e+03
<VARIANCE> 6
 2.808635e+03 8.333014e+04 6.191639e+04 2.572985e+04 3.432315e+05 5.422927e+07
<GCONST> 8.204212e+01
<MIXTURE> 2 2.708003e-01
<MEAN> 6
 2.761517e+01 8.148657e+00 5.394995e+01 -6.705516e+01 -3.645889e+01 1.742596e+03
<VARIANCE> 6
 4.167758e+03 2.510140e+05 3.014892e+05 6.539502e+04 3.473850e+06 1.365956e+09
<GCONST> 9.159624e+01
<MIXTURE> 3 3.779890e-01
<MEAN> 6
 7.344099e+01 -8.024780e+01 -3.362891e+01 -1.486679e+01 -3.005398e+02 -3.387091e+02
<VARIANCE> 6
 8.538032e+02 1.251488e+05 1.314801e+05 1.946132e+04 2.298665e+05 5.187610e+07
<GCONST> 8.128664e+01
<STATE> 3
<NUMMIXES> 3
<MIXTURE> 1 3.764524e-01
<MEAN> 6
 9.672057e+01 8.194070e+02 -9.488778e+01 -2.048207e+00 -1.617085e+01 1.810242e+02
<VARIANCE> 6
 5.666611e+01 1.914287e+05 7.584164e+04 3.005907e+02 4.044402e+04 5.187610e+07
<GCONST> 7.254090e+01
<MIXTURE> 2 3.264270e-01
<MEAN> 6
 9.286806e+01 1.340233e+02 -3.806641e+02 1.240328e-01 1.510710e+01 -1.099025e+02
<VARIANCE> 6
 3.914822e+01 2.822930e+05 3.864953e+04 3.005907e+02 4.044402e+04 5.187610e+07
<GCONST> 7.188540e+01
<MIXTURE> 3 2.971223e-01
<MEAN> 6
 9.604580e+01 6.779991e+01 -4.112753e+02 -7.541665e-02 -6.206322e+00 -3.983616e+01
<VARIANCE> 6
 3.175529e+01 1.245526e+05 3.485507e+04 3.005907e+02 4.044402e+04 5.187610e+07
<GCONST> 7.075455e+01
<STATE> 4
<NUMMIXES> 3
<MIXTURE> 1 1.568473e-01
<MEAN> 6
 8.493719e+01 7.300321e+02 1.071655e+03 -4.028488e+00 5.956713e-01 4.198590e+01
<VARIANCE> 6
 5.008892e+01 6.779134e+04 1.450500e+04 3.005907e+02 4.044402e+04 5.187610e+07
<GCONST> 6.972529e+01
<MIXTURE> 2 3.262615e-01
<MEAN> 6
 9.100263e+01 1.088343e+02 2.064078e+02 -2.338830e+00 -7.148168e+00 8.764748e+01
<VARIANCE> 6
 3.175529e+01 1.170106e+05 2.662456e+04 3.005907e+02 4.044402e+04 5.187610e+07
<GCONST> 7.042272e+01
<MIXTURE> 3 5.168920e-01
<MEAN> 6
 9.326275e+01 -7.109171e+01 1.134219e+02 -2.608155e+00 -4.608743e+00 -1.891644e+01
<VARIANCE> 6
 3.336068e+01 4.797137e+04 1.445127e+04 3.005907e+02 4.044402e+04 5.187610e+07
<GCONST> 6.896933e+01
<STATE> 5
<NUMMIXES> 3
<MIXTURE> 1 2.156963e-01
<MEAN> 6
 1.109754e+02 -2.208961e+01 2.971422e+02 -3.486362e+00 2.166583e+00 2.456361e+02
<VARIANCE> 6
 3.175529e+01 1.324029e+04 1.445127e+04 3.005907e+02 4.044402e+04 5.187610e+07
<GCONST> 6.763267e+01
<MIXTURE> 2 2.714196e-01
<MEAN> 6
 1.075628e+02 -3.489586e+02 2.316193e+02 -4.589435e+00 -1.058118e+01 8.001468e+01
<VARIANCE> 6
 4.292603e+01 1.024784e+05 4.243689e+04 3.005907e+02 4.044402e+04 5.187610e+07
<GCONST> 7.105772e+01
<MIXTURE> 3 5.128680e-01
<MEAN> 6
 1.019985e+02 -6.915600e+02 9.735174e+01 -3.221265e+00 -6.251323e+00 -4.862557e+01
<VARIANCE> 6
 4.024506e+01 3.683963e+04 1.176882e+05 3.005907e+02 4.044402e+04 5.187610e+07
<GCONST> 7.099017e+01
<STATE> 6
<NUMMIXES> 3
<MIXTURE> 1 3.082097e-01
<MEAN> 6
 7.789138e+01 2.084590e+02 -1.929258e+03 1.017306e+00 -5.007437e+00 -6.626741e+01
<VARIANCE> 6
 3.175529e+01 2.866169e+04 2.016867e+05 3.005907e+02 4.044402e+04 5.187610e+07
<GCONST> 7.104090e+01
<MIXTURE> 2 2.579856e-01
<MEAN> 6
 6.820045e+01 8.834993e+02 -5.668125e+02 9.224774e-01 -2.414699e+00 -6.625304e+01
<VARIANCE> 6
 3.175529e+01 2.186465e+05 2.276207e+05 3.005907e+02 4.044402e+04 5.187610e+07
<GCONST> 7.319376e+01
<MIXTURE> 3 4.337974e-01
<MEAN> 6
 7.297301e+01 -1.352959e+02 -8.270051e+02 4.162575e-02 -3.328352e+00 -1.087826e+02
<VARIANCE> 6
 3.175529e+01 5.664980e+04 3.530423e+04 3.005907e+02 4.044402e+04 5.187610e+07
<GCONST> 6.997952e+01
<STATE> 7
<NUMMIXES> 3
<MIXTURE> 1 2.966140e-01
<MEAN> 6
 7.596371e+01 2.640589e+01 1.608030e+02 -2.383739e+00 -1.209579e+01 -7.276167e+01
<VARIANCE> 6
 3.175529e+01 1.324029e+04 1.445127e+04 3.005907e+02 4.044402e+04 5.187610e+07
<GCONST> 6.763267e+01
<MIXTURE> 2 4.820463e-01
<MEAN> 6
 7.391196e+01 1.075510e+02 -2.712687e+02 -1.482676e+00 -2.351651e+00 -4.589481e+01
<VARIANCE> 6
 3.175529e+01 1.324029e+04 2.453579e+04 3.005907e+02 4.044402e+04 5.187610e+07
<GCONST> 6.816202e+01
<MIXTURE> 3 2.213351e-01
<MEAN> 6
 7.541362e+01 -4.030315e+01 1.394118e+02 -2.751431e+00 -3.118538e+00 -5.729369e+00
<VARIANCE> 6
 3.175529e+01 4.261032e+04 1.445127e+04 3.005907e+02 4.044402e+04 5.187610e+07
<GCONST> 6.880151e+01
<STATE> 8
<NUMMIXES> 3
<MIXTURE> 1 3.349205e-01
<MEAN> 6
 9.016562e+01 1.962935e+03 2.224026e+02 -2.363484e+00 -5.564738e+00 -1.737229e+02
<VARIANCE> 6
 3.864325e+02 6.681180e+05 6.717478e+04 3.005907e+02 4.044402e+04 5.187610e+07
<GCONST> 7.558929e+01
<MIXTURE> 2 3.015546e-01
<MEAN> 6
 9.653745e+01 -2.555129e+03 9.956178e+01 -2.691528e+00 -5.160003e+00 -1.222398e+02
<VARIANCE> 6
 3.244489e+01 1.066995e+06 2.046383e+05 3.005907e+02 4.044402e+04 5.187610e+07
<GCONST> 7.469395e+01
<MIXTURE> 3 3.635101e-01
<MEAN> 6
 1.019498e+02 8.273300e+02 2.067495e+02 -7.291584e+00 -7.150979e+00 9.981791e+00
<VARIANCE> 6
 5.359702e+02 2.749448e+06 7.878475e+04 3.005907e+02 4.044402e+04 5.187610e+07
<GCONST> 7.749052e+01
<STATE> 9
<NUMMIXES> 3
<MIXTURE> 1 3.120600e-01
<MEAN> 6
 7.629485e+01 -9.951407e+02 1.484479e+03 -1.026600e+00 -4.326261e+00 -7.483679e+01
<VARIANCE> 6
 3.175529e+01 1.845657e+05 3.414437e+06 3.005907e+02 4.044402e+04 5.187610e+07
<GCONST> 7.573240e+01
<MIXTURE> 2 9.228761e-02
<MEAN> 6
 7.501309e+01 -8.357607e+03 1.462380e+03 -2.568868e+00 -7.165295e+00 -7.654420e+01
<VARIANCE> 6
 3.175529e+01 4.560058e+06 1.931422e+05 3.005907e+02 4.044402e+04 5.187610e+07
<GCONST> 7.606714e+01
<MIXTURE> 3 5.956448e-01
<MEAN> 6
 6.629494e+01 -1.345272e+02 8.300115e+02 -5.894435e-01 3.470196e+00 -6.050277e+01
<VARIANCE> 6
 3.175529e+01 4.640986e+05 3.208495e+05 3.005907e+02 4.044402e+04 5.187610e+07
<GCONST> 7.428970e+01
<STATE> 10
<NUMMIXES> 3
<MIXTURE> 1 3.262062e-02
<MEAN> 6
 2.828202e+01 7.856628e+02 -2.326408e+02 -3.554057e+01 -2.330019e+02 4.591357e+03
<VARIANCE> 6
 7.065814e+03 2.303038e+07 1.464579e+06 4.339709e+05 2.143594e+08 3.079489e+11
<GCONST> 1.096568e+02
<MIXTURE> 2 5.720886e-01
<MEAN> 6
 3.891844e+01 6.597864e+01 -4.584655e+00 2.828930e+01 -5.988292e+00 -4.118365e+02
<VARIANCE> 6
 4.477851e+03 5.362615e+05 7.927081e+05 1.491410e+04 1.878443e+05 5.187610e+07
<GCONST> 8.572755e+01
<MIXTURE> 3 3.954136e-01
<MEAN> 6
 2.059371e+01 -5.491283e+01 1.374634e+00 -3.724359e+01 2.875334e+01 2.632792e+02
<VARIANCE> 6
 4.118451e+03 4.752413e+05 6.994623e+05 5.394180e+04 1.684904e+06 4.216348e+08
<GCONST> 9.097267e+01
<TRANSP> 11
 0.000000e+00 1.000000e+00 0.000000e+00 0.000000e+00 0.000000e+00 0.000000e+00 0.000000e+00 0.000000e+00 0.000000e+00 0.000000e+00 0.000000e+00
 0.000000e+00 9.999167e-01 8.324246e-05 0.000000e+00 0.000000e+00 0.000000e+00 0.000000e+00 0.000000e+00 0.000000e+00 0.000000e+00 0.000000e+00
 0.000000e+00 0.000000e+00 9.983097e-01 1.690266e-03 0.000000e+00 0.000000e+00 0.000000e+00 0.000000e+00 0.000000e+00 0.000000e+00 0.000000e+00
 0.000000e+00 0.000000e+00 0.000000e+00 9.969423e-01 3.057685e-03 0.000000e+00 0.000000e+00 0.000000e+00 0.000000e+00 0.000000e+00 0.000000e+00
 0.000000e+00 0.000000e+00 0.000000e+00 0.000000e+00 9.973222e-01 2.677818e-03 0.000000e+00 0.000000e+00 0.000000e+00 0.000000e+00 0.000000e+00
 0.000000e+00 0.000000e+00 0.000000e+00 0.000000e+00 0.000000e+00 9.984996e-01 1.500460e-03 0.000000e+00 0.000000e+00 0.000000e+00 0.000000e+00
 0.000000e+00 0.000000e+00 0.000000e+00 0.000000e+00 0.000000e+00 0.000000e+00 9.979755e-01 2.024489e-03 0.000000e+00 0.000000e+00 0.000000e+00
 0.000000e+00 0.000000e+00 0.000000e+00 0.000000e+00 0.000000e+00 0.000000e+00 0.000000e+00 9.975492e-01 2.450817e-03 0.000000e+00 0.000000e+00
 0.000000e+00 0.000000e+00 0.000000e+00 0.000000e+00 0.000000e+00 0.000000e+00 0.000000e+00 0.000000e+00 9.984881e-01 1.511857e-03 0.000000e+00
 0.000000e+00 0.000000e+00 0.000000e+00 0.000000e+00 0.000000e+00 0.000000e+00 0.000000e+00 0.000000e+00 0.000000e+00 9.999111e-01 8.887137e-05
 0.000000e+00 0.000000e+00 0.000000e+00 0.000000e+00 0.000000e+00 0.000000e+00 0.000000e+00 0.000000e+00 0.000000e+00 0.000000e+00 0.000000e+00
<ENDHMM>
~h "SegundoESO"
<BEGINHMM>
<NUMSTATES> 11
<STATE> 2
<NUMMIXES> 3
<MIXTURE> 1 5.779220e-01
<MEAN> 6
 8.684767e+01 -3.961654e+03 5.325314e+03 -1.757903e+00 -7.437159e+00 -8.174272e+01
<VARIANCE> 6
 6.328123e+01 9.164291e+05 2.180661e+07 3.005907e+02 4.044402e+04 5.187610e+07
<GCONST> 7.987861e+01
<MIXTURE> 2 3.529693e-01
<MEAN> 6
 6.927466e+01 7.539991e+03 -1.189314e+03 -4.893408e-01 -6.388990e+00 -1.458945e+02
<VARIANCE> 6
 3.175529e+01 3.270187e+07 2.243154e+04 3.005907e+02 4.044402e+04 5.187610e+07
<GCONST> 7.588428e+01
<MIXTURE> 3 6.910688e-02
<MEAN> 6
 7.665630e+01 -5.658588e+03 1.197084e+04 -1.363324e+01 1.469209e+01 1.006151e+02
<VARIANCE> 6
 2.152399e+02 1.178969e+07 1.054932e+08 4.552897e+03 3.697664e+05 8.965461e+07
<GCONST> 9.071153e+01
<STATE> 3
<NUMMIXES> 3
<MIXTURE> 1 2.891198e-01
<MEAN> 6
 7.603288e+01 1.434912e+02 1.638911e+03 1.249900e-01 -2.906667e+00 -1.039969e+02
<VARIANCE> 6
 3.175529e+01 1.547577e+06 1.002028e+06 3.005907e+02 4.044402e+04 5.187610e+07
<GCONST> 7.663285e+01
<MIXTURE> 2 2.949117e-01
<MEAN> 6
 7.026324e+01 2.594275e+02 2.797770e+02 -7.586150e-02 -3.925468e+00 -9.818866e+01
<VARIANCE> 6
 3.446880e+01 1.626810e+05 5.674904e+04 3.005907e+02 4.044402e+04 5.187610e+07
<GCONST> 7.159105e+01
<MIXTURE> 3 4.159622e-01
<MEAN> 6
 6.916405e+01 2.838990e+02 2.151331e+02 -3.965243e-01 -5.652543e+00 -1.381389e+02
<VARIANCE> 6
 3.534275e+01 1.498787e+05 1.501071e+04 3.005907e+02 4.044402e+04 5.187610e+07
<GCONST> 7.020425e+01
<STATE> 4
<NUMMIXES> 3
<MIXTURE> 1 6.186205e-01
<MEAN> 6
 7.401773e+01 1.486132e+02 -9.169922e+02 -3.291558e-01 -4.432436e+00 -1.220460e+02
<VARIANCE> 6
 3.175529e+01 5.106832e+04 8.560294e+05 3.005907e+02 4.044402e+04 5.187610e+07
<GCONST> 7.306409e+01
<MIXTURE> 2 1.720601e-01
<MEAN> 6
 7.469747e+01 -2.856602e+02 -7.496028e+03 -3.114476e-02 -2.267619e+00 -6.549944e+01
<VARIANCE> 6
 3.175529e+01 1.824802e+04 3.279698e+06 3.005907e+02 4.044402e+04 5.187610e+07
<GCONST> 7.337819e+01
<MIXTURE> 3 2.093007e-01
<MEAN> 6
 7.206275e+01 4.760518e+02 -2.129735e+03 1.904341e-02 -3.070988e+00 -1.210598e+02
<VARIANCE> 6
 3.175529e+01 9.581098e+04 1.309657e+07 3.005907e+02 4.044402e+04 5.187610e+07
<GCONST> 7.642110e+01
<STATE> 5
<NUMMIXES> 3
<MIXTURE> 1 2.795793e-02
<MEAN> 6
 6.804140e+01 -4.056385e+03 3.378753e+03 -1.037731e+00 -4.939732e+00 -1.131171e+02
<VARIANCE> 6
 3.175529e+01 8.252415e+04 2.776987e+04 3.005907e+02 4.044402e+04 5.187610e+07
<GCONST> 7.011566e+01
<MIXTURE> 2 5.176739e-01
<MEAN> 6
 1.418693e+01 1.517945e+02 2.126133e+02 2.349849e+01 1.246821e+02 -2.433732e+02
<VARIANCE> 6
 3.580520e+03 1.831603e+07 7.277342e+06 1.981687e+04 3.015221e+05 5.187610e+07
<GCONST> 9.200935e+01
<MIXTURE> 3 4.543613e-01
<MEAN> 6
 3.862868e+01 -2.331032e+01 5.540807e+01 -1.996014e+01 -1.443344e+02 2.536651e+02
<VARIANCE> 6
 2.964797e+03 6.406576e+06 8.153014e+06 2.935745e+04 5.502268e+05 1.202082e+08
<GCONST> 9.271868e+01
<STATE> 6
<NUMMIXES> 3
<MIXTURE> 1 3.495761e-01
<MEAN> 6
 6.488763e+01 4.145303e+02 -2.181698e+02 9.223446e-04 -6.138682e+00 -1.378313e+02
<VARIANCE> 6
 3.184513e+01 8.252968e+05 5.256929e+04 3.005907e+02 4.044402e+04 5.187610e+07
<GCONST> 7.305933e+01
<MIXTURE> 2 3.428090e-01
<MEAN> 6
 6.423797e+01 4.683101e+02 -1.413367e+03 5.308926e-02 -5.219389e+00 -8.799741e+01
<VARIANCE> 6
 6.602527e+01 4.019471e+05 3.693606e+06 3.005907e+02 4.044402e+04 5.187610e+07
<GCONST> 7.732128e+01
<MIXTURE> 3 3.075815e-01
<MEAN> 6
 6.227746e+01 2.333900e+02 -3.316934e+02 4.610205e-02 -2.918024e+00 -1.169537e+02
<VARIANCE> 6
 3.175529e+01 1.466198e+06 8.260927e+04 3.005907e+02 4.044402e+04 5.187610e+07
<GCONST> 7.408318e+01
<STATE> 7
<NUMMIXES> 3
<MIXTURE> 1 4.484685e-01
<MEAN> 6
 8.257917e+01 -8.388445e+02 1.318964e+02 -1.240134e+00 -8.134903e+00 -1.500668e+02
<VARIANCE> 6
 3.575446e+01 1.904081e+05 1.022487e+05 3.005907e+02 4.044402e+04 5.187610e+07
<GCONST> 7.237382e+01
<MIXTURE> 2 1.712061e-01
<MEAN> 6
 6.110168e+01 1.162408e+02 -1.752256e+02 -1.330029e+02 -1.396766e+03 -4.932116e+03
<VARIANCE> 6
 9.663835e+01 7.003749e+05 5.585967e+05 6.692000e+03 3.395104e+05 1.629182e+08
<GCONST> 8.274348e+01
<MIXTURE> 3 3.803122e-01
<MEAN> 6
 7.811958e+01 -1.478135e+03 6.904359e+01 -5.540369e-01 -3.134089e+00 -1.621764e+02
<VARIANCE> 6
 6.411884e+01 5.378570e+05 1.039677e+05 3.005907e+02 4.044402e+04 5.187610e+07
<GCONST> 7.401298e+01
<STATE> 8
<NUMMIXES> 3
<MIXTURE> 1 2.435168e-01
<MEAN> 6
 -3.699530e+00 -8.497870e+01 8.367785e+01 -5.548920e+01 3.624836e+02 1.558725e+03
<VARIANCE> 6
 2.816581e+03 2.137098e+06 6.575721e+05 3.838996e+04 1.430306e+06 4.254105e+08
<GCONST> 9.153932e+01
<MIXTURE> 2 2.930572e-01
<MEAN> 6
 -1.303496e-01 8.415520e+01 1.377316e+02 3.652554e+01 1.516933e+02 -3.435482e+02
<VARIANCE> 6
 2.701915e+03 5.130081e+05 1.899787e+06 2.243003e+04 3.361761e+05 5.187610e+07
<GCONST> 8.704219e+01
<MIXTURE> 3 4.631752e-01
<MEAN> 6
 3.787605e+01 -4.296275e+01 8.914169e+01 9.533325e+00 -2.583015e+02 -4.695960e+02
<VARIANCE> 6
 2.062090e+03 6.929501e+05 3.444995e+05 2.627762e+04 2.511571e+05 5.187610e+07
<GCONST> 8.523197e+01
<STATE> 9
<NUMMIXES> 3
<MIXTURE> 1 5.439114e-01
<MEAN> 6
 8.489716e+01 3.184006e+02 -3.488093e+02 -4.125368e+00 -3.458388e+00 1.548828e+02
<VARIANCE> 6
 1.807616e+02 1.123112e+06 1.244993e+06 3.005907e+02 4.044402e+04 5.187610e+07
<GCONST> 7.826849e+01
<MIXTURE> 2 2.293226e-01
<MEAN> 6
 6.889857e+01 3.665934e+02 4.133011e+01 -1.614498e+00 -4.171515e+00 4.156002e+00
<VARIANCE> 6
 1.145146e+02 3.225914e+05 5.294475e+04 3.005907e+02 4.044402e+04 5.187610e+07
<GCONST> 7.340690e+01
<MIXTURE> 3 2.267392e-01
<MEAN> 6
 8.501768e+01 -7.170287e+02 -1.393013e+03 -4.313686e+00 -1.663908e+00 1.119511e+02
<VARIANCE> 6
 1.607671e+02 2.401043e+06 1.331518e+07 3.005907e+02 4.044402e+04 5.187610e+07
<GCONST> 8.128084e+01
<STATE> 10
<NUMMIXES> 3
<MIXTURE> 1 2.627901e-01
<MEAN> 6
 -1.220008e+01 4.740947e+01 1.917440e+01 -4.504947e+01 4.018318e+02 9.946664e+02
<VARIANCE> 6
 1.638759e+03 1.106682e+05 8.491441e+04 2.488212e+04 7.325908e+05 2.166023e+08
<GCONST> 8.421246e+01
<MIXTURE> 2 4.111935e-01
<MEAN> 6
 1.694943e+01 -3.102885e+01 1.154717e+01 4.172912e+01 9.152903e+00 -7.041475e+02
<VARIANCE> 6
 1.695460e+03 8.380723e+04 4.545118e+04 1.522425e+04 1.198852e+05 5.187610e+07
<GCONST> 7.961295e+01
<MIXTURE> 3 3.259547e-01
<MEAN> 6
 5.237062e+01 -1.862858e+02 9.361734e+00 -1.232818e+01 -3.193842e+02 1.771053e+02
<VARIANCE> 6
 9.708492e+02 3.219683e+05 5.463178e+04 1.431632e+04 1.910365e+05 5.187610e+07
<GCONST> 8.098976e+01
<TRANSP> 11
 0.000000e+00 1.000000e+00 0.000000e+00 0.000000e+00 0.000000e+00 0.000000e+00 0.000000e+00 0.000000e+00 0.000000e+00 0.000000e+00 0.000000e+00
 0.000000e+00 9.966375e-01 3.362514e-03 0.000000e+00 0.000000e+00 0.000000e+00 0.000000e+00 0.000000e+00 0.000000e+00 0.000000e+00 0.000000e+00
 0.000000e+00 0.000000e+00 9.991406e-01 8.594339e-04 0.000000e+00 0.000000e+00 0.000000e+00 0.000000e+00 0.000000e+00 0.000000e+00 0.000000e+00
 0.000000e+00 0.000000e+00 0.000000e+00 9.984179e-01 1.582141e-03 0.000000e+00 0.000000e+00 0.000000e+00 0.000000e+00 0.000000e+00 0.000000e+00
 0.000000e+00 0.000000e+00 0.000000e+00 0.000000e+00 9.995190e-01 4.810390e-04 0.000000e+00 0.000000e+00 0.000000e+00 0.000000e+00 0.000000e+00
 0.000000e+00 0.000000e+00 0.000000e+00 0.000000e+00 0.000000e+00 9.994804e-01 5.195884e-04 0.000000e+00 0.000000e+00 0.000000e+00 0.000000e+00
 0.000000e+00 0.000000e+00 0.000000e+00 0.000000e+00 0.000000e+00 0.000000e+00 9.986035e-01 1.396536e-03 0.000000e+00 0.000000e+00 0.000000e+00
 0.000000e+00 0.000000e+00 0.000000e+00 0.000000e+00 0.000000e+00 0.000000e+00 0.000000e+00 9.999244e-01 7.560153e-05 0.000000e+00 0.000000e+00
 0.000000e+00 0.000000e+00 0.000000e+00 0.000000e+00 0.000000e+00 0.000000e+00 0.000000e+00 0.000000e+00 9.994985e-01 5.014914e-04 0.000000e+00
 0.000000e+00 0.000000e+00 0.000000e+00 0.000000e+00 0.000000e+00 0.000000e+00 0.000000e+00 0.000000e+00 0.000000e+00 9.998038e-01 1.961996e-04
 0.000000e+00 0.000000e+00 0.000000e+00 0.000000e+00 0.000000e+00 0.000000e+00 0.000000e+00 0.000000e+00 0.000000e+00 0.000000e+00 0.000000e+00
<ENDHMM>
~h "QuintoPRIMARIA"
<BEGINHMM>
<NUMSTATES> 11
<STATE> 2
<NUMMIXES> 3
<MIXTURE> 1 3.459747e-01
<MEAN> 6
 1.860071e+01 -5.053429e+01 4.529360e+01 3.597826e+01 1.001697e+02 -6.040616e+02
<VARIANCE> 6
 3.128149e+03 1.067235e+05 2.645944e+05 1.069654e+04 1.539034e+05 5.187610e+07
<GCONST> 8.212553e+01
<MIXTURE> 2 2.539555e-01
<MEAN> 6
 1.795619e+01 -6.073679e+01 -2.132906e+02 -4.194597e+01 7.469913e+01 1.340695e+03
<VARIANCE> 6
 3.292814e+03 7.725674e+05 5.629826e+06 3.969607e+04 1.467236e+06 4.241146e+08
<GCONST> 9.288123e+01
<MIXTURE> 3 3.992399e-01
<MEAN> 6
 3.175941e+01 -1.648736e+01 -2.419982e+01 -8.460742e+00 -1.112389e+02 -3.415246e+02
<VARIANCE> 6
 2.324934e+03 9.002266e+04 9.372546e+04 2.425161e+04 4.189832e+05 5.312290e+07
<GCONST> 8.246459e+01
<STATE> 3
<NUMMIXES> 3
<MIXTURE> 1 2.540370e-01
<MEAN> 6
 8.374504e+01 6.450988e+01 -3.332048e+02 9.472003e+01 -1.033182e+03 1.740097e+03
<VARIANCE> 6
 2.979456e+02 1.047065e+06 9.697936e+05 1.126735e+04 1.048488e+06 6.449585e+08
<GCONST> 8.784774e+01
<MIXTURE> 2 3.878385e-01
<MEAN> 6
 5.880589e+01 1.311395e+02 -2.918652e+01 1.226073e+02 -2.628222e+02 -1.302746e+02
<VARIANCE> 6
 6.332285e+02 5.413791e+04 9.585288e+04 4.910186e+03 1.464289e+05 5.187610e+07
<GCONST> 7.800568e+01
<MIXTURE> 3 3.581216e-01
<MEAN> 6
 4.196662e+01 -3.860381e+01 -1.838173e+02 1.833095e+02 -4.050265e+02 -1.796939e+03
<VARIANCE> 6
 5.107863e+02 1.264559e+05 1.813393e+05 5.712594e+03 1.606268e+05 5.187610e+07
<GCONST> 7.952062e+01
<STATE> 4
<NUMMIXES> 3
<MIXTURE> 1 3.788574e-01
<MEAN> 6
 7.602921e+01 -4.550316e+02 1.677556e+03 -1.064247e+00 -5.200850e+00 5.611167e+00
<VARIANCE> 6
 3.175529e+01 5.076796e+04 1.854671e+06 3.005907e+02 4.044402e+04 5.187610e+07
<GCONST> 7.383135e+01
<MIXTURE> 2 3.108301e-01
<MEAN> 6
 7.316070e+01 -9.212016e+02 -3.236092e+01 4.457124e-01 -6.247219e+00 -7.717339e+01
<VARIANCE> 6
 3.175529e+01 9.703487e+04 4.832638e+04 3.005907e+02 4.044402e+04 5.187610e+07
<GCONST> 7.083167e+01
<MIXTURE> 3 3.102840e-01
<MEAN> 6
 7.384077e+01 -1.018403e+03 -1.118025e+03 1.398212e+00 -1.217353e+01 2.754984e+01
<VARIANCE> 6
 7.742863e+01 3.240842e+05 3.068148e+05 3.005907e+02 4.044402e+04 5.187610e+07
<GCONST> 7.477717e+01
<STATE> 5
<NUMMIXES> 3
<MIXTURE> 1 2.641814e-01
<MEAN> 6
 8.334203e+01 5.004301e+02 -3.940089e+02 -2.881568e+00 -6.473039e+00 9.248653e+01
<VARIANCE> 6
 7.074358e+01 8.848996e+04 1.457654e+05 3.005907e+02 4.044402e+04 5.187610e+07
<GCONST> 7.264451e+01
<MIXTURE> 2 1.694200e-01
<MEAN> 6
 9.260550e+01 6.020413e+02 -1.901645e+03 -3.586559e+00 -4.888065e-01 8.419238e+01
<VARIANCE> 6
 3.175529e+01 1.715719e+05 1.277304e+06 3.005907e+02 4.044402e+04 5.187610e+07
<GCONST> 7.467613e+01
<MIXTURE> 3 5.663776e-01
<MEAN> 6
 7.995174e+01 4.262379e+02 -5.861838e+02 -1.519946e+00 -2.002864e+00 -3.381863e+01
<VARIANCE> 6
 5.509813e+01 3.438232e+04 1.797412e+05 3.005907e+02 4.044402e+04 5.187610e+07
<GCONST> 7.165874e+01
<STATE> 6
<NUMMIXES> 3
<MIXTURE> 1 2.702615e-01
<MEAN> 6
 6.921123e+01 1.957085e+03 7.522559e+02 -6.375916e-01 -6.789521e+00 -7.185216e+01
<VARIANCE> 6
 1.351854e+02 3.469545e+05 1.265818e+06 3.005907e+02 4.044402e+04 5.187610e+07
<GCONST> 7.681988e+01
<MIXTURE> 2 3.254800e-01
<MEAN> 6
 5.901652e+01 -1.183366e+03 -2.213853e+03 -1.914193e-01 -4.004011e+00 -8.550624e+01
<VARIANCE> 6
 3.175529e+01 2.387072e+07 8.556307e+05 3.005907e+02 4.044402e+04 5.187610e+07
<GCONST> 7.921087e+01
<MIXTURE> 3 4.042375e-01
<MEAN> 6
 6.800593e+01 1.198118e+03 -4.944859e+02 -2.383564e-01 -3.968752e+00 -8.159251e+01
<VARIANCE> 6
 3.186442e+01 5.523443e+04 5.332598e+05 3.005907e+02 4.044402e+04 5.187610e+07
<GCONST> 7.267265e+01
<STATE> 7
<NUMMIXES> 3
<MIXTURE> 1 3.014187e-01
<MEAN> 6
 6.764288e+01 1.784570e+02 1.971163e+02 -2.180311e+00 -5.862890e+00 -4.177880e+00
<VARIANCE> 6
 3.175529e+01 4.072255e+04 6.642495e+04 3.005907e+02 4.044402e+04 5.187610e+07
<GCONST> 7.028148e+01
<MIXTURE> 2 3.327897e-01
<MEAN> 6
 6.371828e+01 7.184454e+01 -5.728922e+01 -1.330540e+00 -2.269515e+00 -4.299833e+01
<VARIANCE> 6
 3.175529e+01 1.484132e+04 9.161241e+04 3.005907e+02 4.044402e+04 5.187610e+07
<GCONST> 6.959361e+01
<MIXTURE> 3 3.657754e-01
<MEAN> 6
 6.095833e+01 -7.427219e+01 -3.076648e+02 -8.087100e-01 -3.246505e+00 -5.930541e+01
<VARIANCE> 6
 3.175529e+01 2.530545e+04 3.925532e+04 3.005907e+02 4.044402e+04 5.187610e+07
<GCONST> 6.927973e+01
<STATE> 8
<NUMMIXES> 3
<MIXTURE> 1 4.901151e-01
<MEAN> 6
 8.797376e+01 -1.684598e+00 -6.493581e+01 -3.168716e+00 3.038327e-01 4.199030e+01
<VARIANCE> 6
 4.980210e+01 2.208213e+04 2.631846e+04 3.005907e+02 4.044402e+04 5.187610e+07
<GCONST> 6.919366e+01
<MIXTURE> 2 2.572515e-01
<MEAN> 6
 8.208401e+01 -2.154212e+02 5.015639e+01 -2.802526e+00 8.819988e-01 1.486794e+01
<VARIANCE> 6
 3.175529e+01 3.914891e+04 6.101874e+04 3.005907e+02 4.044402e+04 5.187610e+07
<GCONST> 7.015717e+01
<MIXTURE> 3 2.526332e-01
<MEAN> 6
 8.094201e+01 -3.141984e+02 1.078134e+02 -3.034222e+00 5.249522e-01 -3.999885e+01
<VARIANCE> 6
 3.175529e+01 7.749742e+04 4.933472e+04 3.005907e+02 4.044402e+04 5.187610e+07
<GCONST> 7.062749e+01
<STATE> 9
<NUMMIXES> 3
<MIXTURE> 1 2.045339e-01
<MEAN> 6
 9.745220e+01 3.633783e+02 2.850428e+03 -2.651949e+00 -9.996506e+00 -9.667589e+01
<VARIANCE> 6
 3.175529e+01 1.891900e+05 3.409327e+05 3.005907e+02 4.044402e+04 5.187610e+07
<GCONST> 7.345306e+01
<MIXTURE> 2 6.267063e-01
<MEAN> 6
 7.182751e+01 2.916515e+02 1.353731e+03 -1.935792e+00 -2.685254e+00 -2.193987e+01
<VARIANCE> 6
 2.367380e+02 1.686192e+05 2.979364e+05 3.005907e+02 4.044402e+04 5.187610e+07
<GCONST> 7.521204e+01
<MIXTURE> 3 1.687580e-01
<MEAN> 6
 9.540155e+01 5.269617e+02 2.009436e+03 -2.505325e+00 9.159141e+00 3.242170e+01
<VARIANCE> 6
 3.175529e+01 1.576083e+05 9.599351e+05 3.005907e+02 4.044402e+04 5.187610e+07
<GCONST> 7.430560e+01
<STATE> 10
<NUMMIXES> 3
<MIXTURE> 1 6.068717e-01
<MEAN> 6
 4.048128e+01 9.646204e+01 1.075492e+02 1.838984e+01 -7.085786e+01 -3.420469e+02
<VARIANCE> 6
 3.238518e+03 1.088418e+06 1.521271e+06 1.615004e+04 2.014886e+05 5.187610e+07
<GCONST> 8.691296e+01
<MIXTURE> 2 2.618911e-02
<MEAN> 6
 9.217431e+00 7.988474e+01 -1.022043e+02 -2.419818e+01 -2.679972e+02 3.722629e+03
<VARIANCE> 6
 1.045138e+04 4.426597e+05 1.280334e+06 1.336522e+06 7.210488e+08 1.058314e+12
<GCONST> 1.095344e+02
<MIXTURE> 3 3.670631e-01
<MEAN> 6
 7.464184e+00 -1.156907e+02 4.632087e+00 -2.736538e+01 1.391145e+02 3.682024e+02
<VARIANCE> 6
 3.571087e+03 7.029891e+05 4.975394e+05 4.569483e+04 1.538542e+06 4.652943e+08
<GCONST> 9.072268e+01
<TRANSP> 11
 0.000000e+00 1.000000e+00 0.000000e+00 0.000000e+00 0.000000e+00 0.000000e+00 0.000000e+00 0.000000e+00 0.000000e+00 0.000000e+00 0.000000e+00
 0.000000e+00 9.999188e-01 8.123857e-05 0.000000e+00 0.000000e+00 0.000000e+00 0.000000e+00 0.000000e+00 0.000000e+00 0.000000e+00 0.000000e+00
 0.000000e+00 0.000000e+00 9.954433e-01 4.556688e-03 0.000000e+00 0.000000e+00 0.000000e+00 0.000000e+00 0.000000e+00 0.000000e+00 0.000000e+00
 0.000000e+00 0.000000e+00 0.000000e+00 9.985293e-01 1.470739e-03 0.000000e+00 0.000000e+00 0.000000e+00 0.000000e+00 0.000000e+00 0.000000e+00
 0.000000e+00 0.000000e+00 0.000000e+00 0.000000e+00 9.980223e-01 1.977759e-03 0.000000e+00 0.000000e+00 0.000000e+00 0.000000e+00 0.000000e+00
 0.000000e+00 0.000000e+00 0.000000e+00 0.000000e+00 0.000000e+00 9.987132e-01 1.286828e-03 0.000000e+00 0.000000e+00 0.000000e+00 0.000000e+00
 0.000000e+00 0.000000e+00 0.000000e+00 0.000000e+00 0.000000e+00 0.000000e+00 9.988157e-01 1.184340e-03 0.000000e+00 0.000000e+00 0.000000e+00
 0.000000e+00 0.000000e+00 0.000000e+00 0.000000e+00 0.000000e+00 0.000000e+00 0.000000e+00 9.988061e-01 1.193832e-03 0.000000e+00 0.000000e+00
 0.000000e+00 0.000000e+00 0.000000e+00 0.000000e+00 0.000000e+00 0.000000e+00 0.000000e+00 0.000000e+00 9.974995e-01 2.500537e-03 0.000000e+00
 0.000000e+00 0.000000e+00 0.000000e+00 0.000000e+00 0.000000e+00 0.000000e+00 0.000000e+00 0.000000e+00 0.000000e+00 9.999115e-01 8.844043e-05
 0.000000e+00 0.000000e+00 0.000000e+00 0.000000e+00 0.000000e+00 0.000000e+00 0.000000e+00 0.000000e+00 0.000000e+00 0.000000e+00 0.000000e+00
<ENDHMM>
