~o
<STREAMINFO> 1 6
<VECSIZE> 6<NULLD><USER><DIAGC>
~h "SegundoPRIMARIA"
<BEGINHMM>
<NUMSTATES> 3
<STATE> 2
<NUMMIXES> 10
<MIXTURE> 1 4.836591e-03
<MEAN> 6
 2.811749e+01 -3.246647e+02 -1.025414e+01 5.934801e+01 -1.100056e+03 -3.722675e+03
<VARIANCE> 6
 9.421953e+03 7.111644e+05 8.981644e+05 1.137856e+06 6.142202e+08 8.863166e+11
<GCONST> 1.090517e+02
<MIXTURE> 2 1.530169e-01
<MEAN> 6
 9.194186e+01 6.803638e+01 -1.582716e+01 -4.054203e+00 -2.756945e+01 -1.421309e+02
<VARIANCE> 6
 3.375081e+02 1.095205e+06 1.984820e+05 2.938911e+02 3.927927e+04 5.044783e+07
<GCONST> 7.695187e+01
<MIXTURE> 3 6.223394e-02
<MEAN> 6
 3.020905e+01 -1.378730e+02 -3.807687e+01 -4.663935e+01 -2.961378e+01 4.797639e+03
<VARIANCE> 6
 4.920601e+03 9.494313e+06 2.162956e+06 5.771248e+04 3.568359e+06 1.880977e+09
<GCONST> 9.758754e+01
<MIXTURE> 4 1.462708e-01
<MEAN> 6
 -3.035845e+01 -3.185756e+01 1.707477e+01 -2.333202e+01 1.025259e+03 -3.697366e+02
<VARIANCE> 6
 5.878608e+02 1.867217e+05 1.039670e+05 5.414224e+04 6.612366e+05 3.370964e+08
<GCONST> 8.503008e+01
<MIXTURE> 5 1.202794e-01
<MEAN> 6
 3.665437e+01 7.172792e+01 4.334937e+01 1.084042e+02 -8.679387e+01 -1.381216e+03
<VARIANCE> 6
 1.153053e+03 1.766279e+05 1.533288e+05 3.686659e+04 1.470302e+05 5.044783e+07
<GCONST> 8.224947e+01
<MIXTURE> 6 7.879546e-02
<MEAN> 6
 8.133148e+01 4.248774e+01 7.535947e+01 -8.494264e-01 -8.850623e+00 -1.391710e+02
<VARIANCE> 6
 2.276912e+02 2.485755e+05 1.400944e+06 2.938911e+02 3.927927e+04 5.044783e+07
<GCONST> 7.702953e+01
<MIXTURE> 7 1.185425e-01
<MEAN> 6
 7.903146e+01 -6.554145e+00 1.594254e+01 -2.469960e+01 -8.933871e+02 -2.507265e+02
<VARIANCE> 6
 8.919579e+02 2.185181e+05 6.476800e+04 4.582552e+04 1.017098e+06 5.110144e+08
<GCONST> 8.581084e+01
<MIXTURE> 8 1.274299e-01
<MEAN> 6
 -5.119351e+01 4.439090e+01 -2.330384e+01 2.103769e+01 3.932716e+02 1.699461e+02
<VARIANCE> 6
 2.893152e+02 2.143763e+05 2.970488e+05 4.731588e+03 1.388208e+05 5.044783e+07
<GCONST> 7.961133e+01
<MIXTURE> 9 1.064367e-01
<MEAN> 6
 6.838519e+01 -5.100230e+01 9.890164e+01 -5.375827e+01 -6.547719e+02 -6.619623e+01
<VARIANCE> 6
 8.764996e+02 1.818347e+05 5.687858e+05 3.845066e+04 2.615786e+05 7.217686e+07
<GCONST> 8.429156e+01
<MIXTURE> 10 8.048721e-02
<MEAN> 6
 7.530839e+01 -8.710574e+01 -2.275421e+02 -1.151372e+00 -1.766807e+01 -1.759647e+02
<VARIANCE> 6
 1.526967e+02 1.876635e+05 7.683596e+05 2.938911e+02 3.927927e+04 5.044783e+07
<GCONST> 7.574825e+01
<TRANSP> 3
 0.000000e+00 1.000000e+00 0.000000e+00
 0.000000e+00 9.999632e-01 3.678103e-05
 0.000000e+00 0.000000e+00 0.000000e+00
<ENDHMM>
~h "SegundoESO"
<BEGINHMM>
<NUMSTATES> 3
<STATE> 2
<NUMMIXES> 10
<MIXTURE> 1 5.635561e-02
<MEAN> 6
 5.501547e+01 -3.427900e+02 5.976395e+02 2.550376e+01 -2.123271e+02 -2.252794e+02
<VARIANCE> 6
 1.433683e+03 2.183057e+07 1.320791e+07 2.320734e+04 1.314559e+05 5.044783e+07
<GCONST> 9.116551e+01
<MIXTURE> 2 1.133466e-01
<MEAN> 6
 7.938596e+01 1.849092e+02 -8.843009e+02 -2.843861e+00 -2.097497e+01 -4.124553e+00
<VARIANCE> 6
 1.925810e+02 1.002059e+06 6.783030e+06 2.938911e+02 3.927927e+04 5.044783e+07
<GCONST> 7.983339e+01
<MIXTURE> 3 8.973351e-02
<MEAN> 6
 2.654585e+00 8.403259e+01 4.746818e+02 -7.547614e+01 1.664291e+02 2.827142e+03
<VARIANCE> 6
 2.963302e+03 3.061999e+06 3.917284e+06 4.687493e+04 1.731560e+06 5.222162e+08
<GCONST> 9.433018e+01
<MIXTURE> 4 1.066693e-01
<MEAN> 6
 -3.670634e+01 3.726512e+01 2.650089e+01 2.741257e+00 8.428182e+02 -7.977637e+02
<VARIANCE> 6
 3.746514e+02 4.211803e+05 1.408750e+05 2.953592e+04 3.256823e+05 1.570076e+08
<GCONST> 8.361855e+01
<MIXTURE> 5 8.930077e-02
<MEAN> 6
 2.836311e+01 1.747906e+02 9.700146e+01 5.459513e+01 -1.094661e+02 2.037169e+02
<VARIANCE> 6
 6.846542e+02 4.314385e+05 1.908171e+05 3.080144e+04 8.014233e+04 5.044783e+07
<GCONST> 8.205345e+01
<MIXTURE> 6 1.179568e-01
<MEAN> 6
 7.408157e+01 -8.137169e+00 5.332050e+01 -2.414397e+00 -2.908689e+01 -1.373128e+02
<VARIANCE> 6
 1.170151e+02 2.659472e+05 1.591187e+05 2.938911e+02 3.927927e+04 5.044783e+07
<GCONST> 7.425613e+01
<MIXTURE> 7 1.339566e-01
<MEAN> 6
 7.043845e+01 -9.484216e+01 1.190606e+02 -1.674543e+01 -7.649528e+02 -3.289054e+02
<VARIANCE> 6
 2.886306e+02 8.603722e+05 3.701451e+05 2.175104e+04 1.999502e+05 9.735838e+07
<GCONST> 8.376633e+01
<MIXTURE> 8 1.152559e-01
<MEAN> 6
 -4.255682e+01 4.656206e+01 4.586286e+01 2.639100e+01 3.637660e+02 -2.778101e+02
<VARIANCE> 6
 4.168213e+02 4.397800e+05 6.693604e+05 8.948632e+03 1.032177e+05 5.044783e+07
<GCONST> 8.184833e+01
<MIXTURE> 9 8.383074e-02
<MEAN> 6
 6.912078e+01 -1.482186e+02 -1.298868e+02 -8.061247e-01 -1.913574e+01 -7.880002e+01
<VARIANCE> 6
 9.501599e+01 1.952043e+06 1.338530e+05 2.938911e+02 3.927927e+04 5.044783e+07
<GCONST> 7.586830e+01
<MIXTURE> 10 9.119369e-02
<MEAN> 6
 2.152949e+01 -8.765740e+01 -5.081713e+01 2.959454e+00 -1.616496e+02 -8.128750e+02
<VARIANCE> 6
 6.660894e+02 4.113731e+05 1.703467e+05 4.045275e+04 9.480278e+04 5.044783e+07
<GCONST> 8.230543e+01
<TRANSP> 3
 0.000000e+00 1.000000e+00 0.000000e+00
 0.000000e+00 9.999635e-01 3.650646e-05
 0.000000e+00 0.000000e+00 0.000000e+00
<ENDHMM>
~h "QuintoPRIMARIA"
<BEGINHMM>
<NUMSTATES> 3
<STATE> 2
<NUMMIXES> 10
<MIXTURE> 1 1.236742e-01
<MEAN> 6
 8.174954e+01 1.213184e+01 1.659935e+02 -1.827164e+00 -1.911728e+01 1.426522e+01
<VARIANCE> 6
 2.440308e+02 2.859604e+06 6.162604e+06 2.938911e+02 3.927927e+04 5.044783e+07
<GCONST> 8.102287e+01
<MIXTURE> 2 9.090478e-03
<MEAN> 6
 8.734394e+00 -1.116786e+03 -7.756583e+01 -3.863572e+00 -3.462862e+02 2.620596e+03
<VARIANCE> 6
 1.078815e+04 1.586499e+07 6.915230e+05 1.598231e+06 8.724705e+08 1.281166e+12
<GCONST> 1.130898e+02
<MIXTURE> 3 9.808084e-02
<MEAN> 6
 -3.671296e+01 7.971481e+00 1.053642e+02 5.621601e+01 6.811309e+02 -1.508951e+02
<VARIANCE> 6
 5.135580e+02 1.519576e+05 1.721475e+05 2.522188e+04 2.950644e+05 8.384532e+07
<GCONST> 8.223099e+01
<MIXTURE> 4 1.398013e-01
<MEAN> 6
 1.135649e+01 2.186844e+02 1.303380e+02 2.513768e+01 -5.793733e+01 -8.527749e+02
<VARIANCE> 6
 3.025169e+03 2.176868e+06 2.711783e+06 3.847868e+04 4.354321e+05 7.198526e+07
<GCONST> 9.008243e+01
<MIXTURE> 5 1.098330e-01
<MEAN> 6
 8.382284e+01 6.412650e+01 -7.155662e+01 -4.962551e+00 -2.149758e+01 -1.687233e+02
<VARIANCE> 6
 1.600103e+02 3.792773e+05 9.513351e+04 2.938911e+02 3.927927e+04 5.044783e+07
<GCONST> 7.440967e+01
<MIXTURE> 6 1.203467e-01
<MEAN> 6
 5.190030e+01 1.252302e+01 -3.681018e+00 2.447568e+01 -3.506213e+02 -5.756248e+02
<VARIANCE> 6
 7.788323e+02 1.010486e+05 1.021213e+05 3.069687e+04 1.431304e+05 5.044783e+07
<GCONST> 8.068221e+01
<MIXTURE> 7 7.306062e-02
<MEAN> 6
 5.263897e+00 -1.171342e+02 -4.836024e+02 -1.055182e+02 3.201333e+02 4.418460e+03
<VARIANCE> 6
 4.159149e+03 8.644574e+05 5.277152e+06 4.966713e+04 3.165733e+06 1.469153e+09
<GCONST> 9.539803e+01
<MIXTURE> 8 1.154857e-01
<MEAN> 6
 7.137109e+01 -6.847681e+01 6.091272e+00 -1.233520e+00 -1.824047e+01 -1.787024e+02
<VARIANCE> 6
 1.431119e+02 5.506111e+04 2.394734e+05 2.938911e+02 3.927927e+04 5.044783e+07
<GCONST> 7.329140e+01
<MIXTURE> 9 1.105574e-01
<MEAN> 6
 6.070106e+01 -5.279471e+01 -1.008036e+01 -3.805009e+01 -7.397761e+02 1.383524e+02
<VARIANCE> 6
 9.341249e+02 3.478452e+05 1.467922e+05 3.988856e+04 5.215706e+05 2.325189e+08
<GCONST> 8.554608e+01
<MIXTURE> 10 9.842791e-02
<MEAN> 6
 -4.505709e+01 -9.161116e+01 -4.317513e+01 1.295826e+01 5.304587e+02 -1.204740e+03
<VARIANCE> 6
 4.874987e+02 1.621573e+05 2.006982e+05 1.647867e+04 2.474416e+05 8.104372e+07
<GCONST> 8.176169e+01
<TRANSP> 3
 0.000000e+00 1.000000e+00 0.000000e+00
 0.000000e+00 9.999639e-01 3.604029e-05
 0.000000e+00 0.000000e+00 0.000000e+00
<ENDHMM>
