~o
<STREAMINFO> 1 6
<VECSIZE> 6<NULLD><USER><DIAGC>
~h "SegundoPRIMARIA"
<BEGINHMM>
<NUMSTATES> 5
<STATE> 2
<NUMMIXES> 8
<MIXTURE> 1 1.077653e-01
<MEAN> 6
 7.271370e+01 -1.685769e+01 1.454141e+02 3.733923e+00 3.736077e+01 1.341552e+03
<VARIANCE> 6
 3.144126e+01 2.117906e+04 1.496000e+04 2.970847e+02 3.989187e+04 5.118205e+07
<GCONST> 6.808813e+01
<MIXTURE> 2 9.335899e-02
<MEAN> 6
 7.849223e+01 2.532728e+02 -1.782984e+03 7.458686e-01 -1.919626e+00 -6.211333e+01
<VARIANCE> 6
 3.144126e+01 2.351730e+04 3.439568e+05 2.970847e+02 3.989187e+04 5.118205e+07
<GCONST> 7.132799e+01
<MIXTURE> 3 2.111563e-01
<MEAN> 6
 6.993828e+01 1.656576e+01 -3.180058e+02 -2.722633e-01 -3.194519e+00 -1.525823e+02
<VARIANCE> 6
 1.370705e+02 1.295069e+04 1.496000e+04 2.970847e+02 3.989187e+04 5.118205e+07
<GCONST> 6.906864e+01
<MIXTURE> 4 1.040415e-01
<MEAN> 6
 8.554146e+01 -4.613604e+02 -4.747605e+02 2.956337e-01 -3.368158e+00 -1.100440e+02
<VARIANCE> 6
 3.227805e+02 5.600730e+04 1.815557e+04 2.970847e+02 3.989187e+04 5.118205e+07
<GCONST> 7.158305e+01
<MIXTURE> 5 1.240145e-01
<MEAN> 6
 6.492164e+01 6.270760e+02 -2.492765e+01 -3.948511e-01 2.367226e+00 -1.012613e+02
<VARIANCE> 6
 3.144126e+01 9.607338e+04 2.081141e+04 2.970847e+02 3.989187e+04 5.118205e+07
<GCONST> 6.993035e+01
<MIXTURE> 6 1.063752e-01
<MEAN> 6
 7.532232e+01 -2.292930e+02 -7.996958e+02 -9.356710e-01 -4.622499e+00 -1.354475e+02
<VARIANCE> 6
 5.463236e+01 6.414701e+04 4.368100e+04 2.970847e+02 3.989187e+04 5.118205e+07
<GCONST> 7.082034e+01
<MIXTURE> 7 1.454276e-01
<MEAN> 6
 6.066808e+01 8.250774e+01 -2.454312e+02 4.032599e-01 2.964492e+00 -9.585440e+01
<VARIANCE> 6
 3.714241e+01 2.054605e+05 4.101682e+04 2.970847e+02 3.989187e+04 5.118205e+07
<GCONST> 7.153561e+01
<MIXTURE> 8 1.077653e-01
<MEAN> 6
 7.047079e+01 -7.506979e+01 9.648969e+01 -3.160535e+00 -4.253102e+01 -1.520113e+03
<VARIANCE> 6
 3.144126e+01 2.117906e+04 1.496000e+04 2.970847e+02 3.989187e+04 5.118205e+07
<GCONST> 6.808813e+01
<STATE> 3
<NUMMIXES> 8
<MIXTURE> 1 9.615930e-02
<MEAN> 6
 8.118781e+01 7.541062e+02 7.715369e+02 1.584360e+00 3.292835e+01 1.389803e+03
<VARIANCE> 6
 7.559586e+01 1.399491e+05 9.831062e+04 2.970847e+02 3.989187e+04 5.118205e+07
<GCONST> 7.273643e+01
<MIXTURE> 2 4.773017e-02
<MEAN> 6
 6.936790e+01 -7.441874e+03 1.359355e+03 -2.763725e+00 -3.868455e+00 -4.704434e+01
<VARIANCE> 6
 8.490211e+01 4.369784e+06 1.398647e+05 2.970847e+02 3.989187e+04 5.118205e+07
<GCONST> 7.664626e+01
<MIXTURE> 3 1.144823e-01
<MEAN> 6
 6.213023e+01 -3.815948e+02 1.003805e+03 -7.533261e-01 6.792613e+00 -1.361942e+02
<VARIANCE> 6
 3.144126e+01 4.160642e+05 6.949508e+04 2.970847e+02 3.989187e+04 5.118205e+07
<GCONST> 7.260183e+01
<MIXTURE> 4 1.776638e-01
<MEAN> 6
 7.684965e+01 1.487509e+03 -5.340354e+02 -6.064079e-01 -1.535266e-01 -8.842191e+01
<VARIANCE> 6
 1.123642e+02 3.064616e+06 1.429872e+05 2.970847e+02 3.989187e+04 5.118205e+07
<GCONST> 7.659380e+01
<MIXTURE> 5 1.301616e-01
<MEAN> 6
 5.922574e+01 -7.343417e+02 1.007622e+03 -6.765103e-03 -8.296737e-01 -1.624100e+02
<VARIANCE> 6
 3.247269e+01 9.439714e+04 1.121030e+06 2.970847e+02 3.989187e+04 5.118205e+07
<GCONST> 7.393153e+01
<MIXTURE> 6 1.648450e-01
<MEAN> 6
 9.243998e+01 -1.917393e+02 3.814535e+02 -9.484457e-01 -1.318966e+00 -9.977458e+01
<VARIANCE> 6
 3.949150e+01 4.514044e+05 1.136089e+05 2.970847e+02 3.989187e+04 5.118205e+07
<GCONST> 7.340282e+01
<MIXTURE> 7 1.726952e-01
<MEAN> 6
 8.392039e+01 -2.406592e+02 2.360713e+02 -7.615501e-01 -2.962945e+00 -1.124323e+02
<VARIANCE> 6
 1.033032e+02 2.801845e+05 4.980579e+04 2.970847e+02 3.989187e+04 5.118205e+07
<GCONST> 7.306287e+01
<MIXTURE> 8 9.615930e-02
<MEAN> 6
 7.770998e+01 6.044672e+02 6.461188e+02 -5.310098e+00 -4.696345e+01 -1.471863e+03
<VARIANCE> 6
 7.559586e+01 1.399491e+05 9.831062e+04 2.970847e+02 3.989187e+04 5.118205e+07
<GCONST> 7.273643e+01
<STATE> 4
<NUMMIXES> 8
<MIXTURE> 1 2.467269e-02
<MEAN> 6
 5.349274e+01 4.459330e+02 -1.247238e+02 -1.700771e+01 -8.746396e+02 5.547343e+03
<VARIANCE> 6
 6.463602e+03 1.531176e+07 1.037692e+06 3.145383e+05 1.439939e+08 2.027811e+11
<GCONST> 1.076774e+02
<MIXTURE> 2 2.027243e-01
<MEAN> 6
 9.319959e+01 1.415624e+01 -7.984345e+00 -4.277405e+00 -4.012379e+01 -2.242972e+02
<VARIANCE> 6
 3.185598e+02 7.101828e+05 4.123423e+05 2.970847e+02 3.989187e+04 5.118205e+07
<GCONST> 7.723280e+01
<MIXTURE> 3 1.394213e-01
<MEAN> 6
 8.660345e+01 1.324205e+01 5.367371e+01 3.568186e+01 -7.816282e+02 -2.380436e+03
<VARIANCE> 6
 5.363631e+02 2.393789e+05 1.472806e+05 3.002152e+04 9.317778e+05 4.632276e+08
<GCONST> 8.560622e+01
<MIXTURE> 4 1.178224e-01
<MEAN> 6
 -1.915647e+01 9.977048e+01 5.839379e+01 1.015560e+02 4.161860e+02 5.075195e+02
<VARIANCE> 6
 1.377449e+03 1.459579e+05 1.370568e+05 2.269565e+04 1.672552e+05 5.118205e+07
<GCONST> 8.178258e+01
<MIXTURE> 5 1.326572e-01
<MEAN> 6
 -3.908065e+01 -3.160859e+01 -2.376359e+01 -7.077171e+01 1.306606e+03 1.571037e+03
<VARIANCE> 6
 5.636633e+02 1.964294e+05 1.613904e+05 5.333095e+04 9.187658e+05 6.746864e+08
<GCONST> 8.648618e+01
<MIXTURE> 6 1.228550e-01
<MEAN> 6
 1.817604e+01 -5.759762e+00 -1.934122e+01 9.945153e+00 -4.167913e+01 -6.272264e+01
<VARIANCE> 6
 4.000643e+03 9.958736e+05 1.561009e+06 4.500922e+04 6.556882e+05 1.639053e+08
<GCONST> 9.041655e+01
<MIXTURE> 7 1.410054e-01
<MEAN> 6
 6.002682e+01 -3.692429e+01 1.432177e+01 -8.387950e+01 -7.646298e+02 1.934680e+03
<VARIANCE> 6
 8.549322e+02 1.169014e+05 1.243758e+05 5.479986e+04 4.505262e+05 1.846352e+08
<GCONST> 8.414194e+01
<MIXTURE> 8 1.178224e-01
<MEAN> 6
 -3.400207e+01 -5.304726e+01 -8.969095e+01 4.129569e+01 2.525986e+02 -2.354146e+03
<VARIANCE> 6
 1.377449e+03 1.459579e+05 1.370568e+05 2.269565e+04 1.672552e+05 5.118205e+07
<GCONST> 8.178258e+01
<TRANSP> 5
 0.000000e+00 1.000000e+00 0.000000e+00 0.000000e+00 0.000000e+00
 0.000000e+00 9.994958e-01 5.042200e-04 0.000000e+00 0.000000e+00
 0.000000e+00 0.000000e+00 9.994675e-01 5.324738e-04 0.000000e+00
 0.000000e+00 0.000000e+00 0.000000e+00 9.999565e-01 4.347654e-05
 0.000000e+00 0.000000e+00 0.000000e+00 0.000000e+00 0.000000e+00
<ENDHMM>
~h "SegundoESO"
<BEGINHMM>
<NUMSTATES> 5
<STATE> 2
<NUMMIXES> 8
<MIXTURE> 1 1.350911e-01
<MEAN> 6
 1.683738e+01 2.566365e+02 -5.527996e+01 -6.963654e+01 -6.739614e+01 1.922036e+03
<VARIANCE> 6
 2.597674e+03 5.920304e+06 5.707178e+06 5.465986e+04 1.515993e+06 4.479841e+08
<GCONST> 9.510150e+01
<MIXTURE> 2 1.829073e-01
<MEAN> 6
 7.927341e+01 -2.330888e+02 4.825182e+02 -3.351487e+00 -3.167876e+01 -7.741188e+01
<VARIANCE> 6
 8.525156e+01 1.799750e+06 1.632041e+06 2.970847e+02 3.989187e+04 5.118205e+07
<GCONST> 7.822021e+01
<MIXTURE> 3 5.799636e-02
<MEAN> 6
 8.353713e+01 -3.740754e+03 3.711205e+03 -5.457263e+00 -1.153598e+01 -3.237691e+02
<VARIANCE> 6
 1.043704e+02 3.441768e+06 2.194444e+07 2.970847e+02 3.989187e+04 5.118205e+07
<GCONST> 8.166957e+01
<MIXTURE> 4 1.394896e-01
<MEAN> 6
 -3.660314e+01 4.732876e+02 6.325715e+02 3.168710e+01 7.007410e+02 -1.071205e+03
<VARIANCE> 6
 5.777927e+02 1.930791e+06 4.958656e+06 3.655341e+04 3.381742e+05 6.788241e+07
<GCONST> 8.854770e+01
<MIXTURE> 5 1.209364e-01
<MEAN> 6
 6.451176e+01 5.359977e+02 4.385885e+02 5.689093e+01 -4.367220e+02 1.098460e+03
<VARIANCE> 6
 6.163201e+02 2.965634e+06 4.378848e+06 3.293144e+04 1.791856e+05 5.118205e+07
<GCONST> 8.789519e+01
<MIXTURE> 6 1.254634e-01
<MEAN> 6
 7.603271e+01 5.438161e+02 -3.047055e+03 -3.256887e-01 -1.293827e+01 -8.658072e+01
<VARIANCE> 6
 5.799496e+01 6.394086e+05 9.566836e+06 2.970847e+02 3.989187e+04 5.118205e+07
<GCONST> 7.856857e+01
<MIXTURE> 7 1.168514e-01
<MEAN> 6
 -5.375388e+01 1.726621e+02 9.284605e+01 1.446601e+01 3.848931e+02 6.968771e+01
<VARIANCE> 6
 2.574559e+02 1.109399e+06 9.133322e+05 6.681368e+03 1.448876e+05 5.118205e+07
<GCONST> 8.266399e+01
<MIXTURE> 8 1.209364e-01
<MEAN> 6
 5.458144e+01 -1.528429e+02 -3.984394e+02 -1.569715e+01 -6.060433e+02 -1.763205e+03
<VARIANCE> 6
 6.163201e+02 2.965634e+06 4.378848e+06 3.293144e+04 1.791856e+05 5.118205e+07
<GCONST> 8.789519e+01
<STATE> 3
<NUMMIXES> 8
<MIXTURE> 1 8.895469e-02
<MEAN> 6
 7.078339e+01 -8.472617e+01 3.343464e+02 -1.093197e+00 -1.837120e+00 -1.070762e+02
<VARIANCE> 6
 1.089566e+02 2.249523e+05 1.496000e+04 2.970847e+02 3.989187e+04 5.118205e+07
<GCONST> 7.169383e+01
<MIXTURE> 2 1.625861e-01
<MEAN> 6
 7.433785e+01 4.206954e+02 1.222534e+02 -7.059081e-01 -6.405633e+00 -8.983901e+01
<VARIANCE> 6
 3.144126e+01 4.369183e+04 2.617210e+05 2.970847e+02 3.989187e+04 5.118205e+07
<GCONST> 7.167418e+01
<MIXTURE> 3 1.448461e-01
<MEAN> 6
 6.485254e+01 3.799699e+02 4.625625e+01 -2.529580e-01 -3.886466e+00 -1.108411e+02
<VARIANCE> 6
 3.144126e+01 6.603942e+05 1.695718e+04 2.970847e+02 3.989187e+04 5.118205e+07
<GCONST> 7.165327e+01
<MIXTURE> 4 1.136786e-01
<MEAN> 6
 6.389579e+01 2.194634e+02 -7.567208e+02 3.022651e+00 3.798528e+01 1.321100e+03
<VARIANCE> 6
 3.383467e+01 1.892730e+05 6.673602e+05 2.970847e+02 3.989187e+04 5.118205e+07
<GCONST> 7.414962e+01
<MIXTURE> 5 1.246843e-01
<MEAN> 6
 6.008607e+01 2.696341e+02 -2.772762e+02 4.442937e-01 -3.098364e+00 -1.257105e+02
<VARIANCE> 6
 3.144126e+01 2.914046e+06 1.661130e+04 2.970847e+02 3.989187e+04 5.118205e+07
<GCONST> 7.311712e+01
<MIXTURE> 6 7.784288e-02
<MEAN> 6
 7.816554e+01 -6.592786e+02 1.753471e+02 -4.529930e-01 -2.707750e+00 -1.134834e+02
<VARIANCE> 6
 9.711118e+01 1.245633e+05 2.003502e+04 2.970847e+02 3.989187e+04 5.118205e+07
<GCONST> 7.127977e+01
<MIXTURE> 7 1.735776e-01
<MEAN> 6
 6.053524e+01 2.911852e+01 -6.016296e+01 8.311610e-02 -2.306693e+00 -1.228064e+02
<VARIANCE> 6
 3.144126e+01 1.671197e+05 2.506148e+04 2.970847e+02 3.989187e+04 5.118205e+07
<GCONST> 7.066978e+01
<MIXTURE> 8 1.136786e-01
<MEAN> 6
 6.156909e+01 4.544136e+01 -1.083489e+03 -3.871807e+00 -4.190652e+01 -1.540566e+03
<VARIANCE> 6
 3.383467e+01 1.892730e+05 6.673602e+05 2.970847e+02 3.989187e+04 5.118205e+07
<GCONST> 7.414962e+01
<STATE> 4
<NUMMIXES> 8
<MIXTURE> 1 1.799987e-01
<MEAN> 6
 -4.548840e+01 4.218832e+01 -1.716774e+00 1.960865e+01 8.160408e+02 -9.087486e+02
<VARIANCE> 6
 2.372901e+02 2.813457e+05 2.696068e+05 1.708952e+04 2.663138e+05 1.186574e+08
<GCONST> 8.237901e+01
<MIXTURE> 2 9.634683e-02
<MEAN> 6
 1.466186e+01 -1.606282e+02 1.905840e+02 -9.873128e+01 -1.511214e+01 4.347194e+03
<VARIANCE> 6
 2.543936e+03 2.710836e+06 1.592366e+06 4.052649e+04 1.772669e+06 6.274333e+08
<GCONST> 9.321709e+01
<MIXTURE> 3 1.604719e-01
<MEAN> 6
 7.888979e+01 -9.460961e+01 -9.258116e+01 -5.794262e+00 -3.372313e+01 -3.034472e+01
<VARIANCE> 6
 1.342213e+02 8.822928e+05 5.749955e+05 2.970847e+02 3.989187e+04 5.118205e+07
<GCONST> 7.691799e+01
<MIXTURE> 4 9.488505e-02
<MEAN> 6
 5.130074e+01 2.700052e+02 1.671044e+02 8.551146e+01 -2.530516e+02 8.159478e+02
<VARIANCE> 6
 4.274008e+02 5.910606e+05 4.077852e+05 2.508942e+04 7.349959e+04 5.118205e+07
<GCONST> 8.237929e+01
<MIXTURE> 5 1.192355e-01
<MEAN> 6
 -7.948502e+00 1.007919e+02 1.327263e+02 2.901112e+01 1.242805e+02 -8.269161e+02
<VARIANCE> 6
 6.259977e+02 2.340641e+05 2.508466e+05 2.825660e+04 7.120050e+04 5.139007e+07
<GCONST> 8.143985e+01
<MIXTURE> 6 1.375287e-01
<MEAN> 6
 6.888013e+01 -1.119652e+02 5.436765e+01 -3.966496e+01 -8.088894e+02 6.817871e+00
<VARIANCE> 6
 2.712798e+02 7.959625e+05 1.270830e+05 1.900299e+04 2.412781e+05 1.174993e+08
<GCONST> 8.279831e+01
<MIXTURE> 7 1.154657e-01
<MEAN> 6
 -1.053170e+01 -1.020978e+02 -4.455256e+01 -9.500795e+00 1.352737e+02 -1.085299e+02
<VARIANCE> 6
 6.591428e+02 3.670559e+05 1.742090e+05 2.886207e+04 7.998548e+04 5.456362e+07
<GCONST> 8.177425e+01
<MIXTURE> 8 9.488505e-02
<MEAN> 6
 4.303127e+01 -3.751664e+01 -8.832788e+01 2.215290e+01 -3.614948e+02 -2.045718e+03
<VARIANCE> 6
 4.274008e+02 5.910606e+05 4.077852e+05 2.508942e+04 7.349959e+04 5.118205e+07
<GCONST> 8.237929e+01
<TRANSP> 5
 0.000000e+00 1.000000e+00 0.000000e+00 0.000000e+00 0.000000e+00
 0.000000e+00 9.998590e-01 1.409913e-04 0.000000e+00 0.000000e+00
 0.000000e+00 0.000000e+00 9.996984e-01 3.015807e-04 0.000000e+00
 0.000000e+00 0.000000e+00 0.000000e+00 9.999405e-01 5.954213e-05
 0.000000e+00 0.000000e+00 0.000000e+00 0.000000e+00 0.000000e+00
<ENDHMM>
~h "QuintoPRIMARIA"
<BEGINHMM>
<NUMSTATES> 5
<STATE> 2
<NUMMIXES> 8
<MIXTURE> 1 1.604116e-01
<MEAN> 6
 -3.758258e+01 3.972895e+01 1.218612e+02 -2.052546e+01 9.559579e+02 1.030948e+02
<VARIANCE> 6
 5.335524e+02 1.694675e+05 2.714700e+05 3.975615e+04 5.591151e+05 2.762052e+08
<GCONST> 8.512012e+01
<MIXTURE> 2 4.909692e-02
<MEAN> 6
 5.224177e+01 -7.077053e+01 -2.066918e+02 -3.363556e+01 -7.578369e+02 4.279783e+03
<VARIANCE> 6
 2.171938e+03 9.991098e+05 1.361237e+06 5.124821e+04 2.083117e+06 9.726817e+08
<GCONST> 9.273854e+01
<MIXTURE> 3 1.451707e-01
<MEAN> 6
 6.594188e+01 -2.855019e+01 -1.355091e+01 -1.925660e+00 -2.668061e+01 -2.208165e+02
<VARIANCE> 6
 1.002382e+02 3.291817e+04 1.224854e+05 2.970847e+02 3.989187e+04 5.118205e+07
<GCONST> 7.179118e+01
<MIXTURE> 4 1.611177e-01
<MEAN> 6
 6.201736e+01 5.072042e+01 -2.274068e+01 2.461292e+01 -4.969280e+02 -6.884227e+02
<VARIANCE> 6
 4.997670e+02 2.566258e+05 7.817338e+04 2.402518e+04 1.690428e+05 5.118205e+07
<GCONST> 8.083913e+01
<MIXTURE> 5 1.701742e-01
<MEAN> 6
 -3.559850e+01 2.986602e+00 2.439868e+01 3.830762e+01 3.954684e+02 -5.612328e+02
<VARIANCE> 6
 5.787468e+02 3.506891e+04 6.986234e+04 1.435542e+04 1.332660e+05 5.118205e+07
<GCONST> 7.813037e+01
<MIXTURE> 6 9.361115e-02
<MEAN> 6
 4.978769e+01 6.042809e+01 5.290900e+01 1.819184e+01 -3.851052e+02 2.775381e+03
<VARIANCE> 6
 9.920572e+02 5.148526e+04 1.270962e+05 4.589446e+04 4.218235e+05 1.679816e+08
<GCONST> 8.315460e+01
<MIXTURE> 7 1.260451e-01
<MEAN> 6
 7.290097e+01 -8.968853e+01 -1.660159e+02 -3.403923e+00 -2.739924e+01 -2.431837e+02
<VARIANCE> 6
 1.796652e+02 1.583870e+05 1.619021e+05 2.970847e+02 3.989187e+04 5.118205e+07
<GCONST> 7.422475e+01
<MIXTURE> 8 9.361115e-02
<MEAN> 6
 3.718891e+01 -3.033337e+01 -8.969322e+01 -6.750012e+01 -6.448970e+02 -2.408928e+03
<VARIANCE> 6
 9.920572e+02 5.148526e+04 1.270962e+05 4.589446e+04 4.218235e+05 1.679816e+08
<GCONST> 8.315460e+01
<STATE> 3
<NUMMIXES> 8
<MIXTURE> 1 6.137582e-02
<MEAN> 6
 1.016631e+02 1.883981e+03 -4.580143e+02 -3.459064e+00 -1.057784e+00 4.686372e+01
<VARIANCE> 6
 2.843492e+02 1.595799e+06 4.988250e+04 2.970847e+02 3.989187e+04 5.118205e+07
<GCONST> 7.581662e+01
<MIXTURE> 2 9.397555e-02
<MEAN> 6
 7.738114e+01 1.896036e+02 3.301720e+03 -8.791097e-02 -3.363765e+00 -1.102376e+02
<VARIANCE> 6
 6.436707e+01 1.576353e+05 6.520166e+05 2.970847e+02 3.989187e+04 5.118205e+07
<GCONST> 7.458657e+01
<MIXTURE> 3 1.020853e-01
<MEAN> 6
 8.777885e+01 2.393257e+00 -6.380708e+01 -3.841865e+00 -1.872552e+00 9.411134e+01
<VARIANCE> 6
 3.735521e+01 4.341207e+04 3.054911e+04 2.970847e+02 3.989187e+04 5.118205e+07
<GCONST> 6.969216e+01
<MIXTURE> 4 1.092817e-01
<MEAN> 6
 6.327482e+01 -7.192776e+02 -4.767255e+03 5.056010e-01 -6.865756e+00 -7.302052e+01
<VARIANCE> 6
 3.144126e+01 1.549714e+06 7.392848e+06 2.970847e+02 3.989187e+04 5.118205e+07
<GCONST> 7.858383e+01
<MIXTURE> 5 2.309100e-01
<MEAN> 6
 7.680931e+01 -2.604337e+02 1.285325e+02 -3.197107e+00 3.208131e+00 -6.189546e+00
<VARIANCE> 6
 3.251871e+01 1.679395e+05 4.611930e+04 2.970847e+02 3.989187e+04 5.118205e+07
<GCONST> 7.131827e+01
<MIXTURE> 6 1.406312e-01
<MEAN> 6
 6.188575e+01 4.346925e+02 -5.883632e+02 4.009912e+00 3.666536e+01 1.347136e+03
<VARIANCE> 6
 5.966099e+01 6.683984e+05 2.090527e+06 2.970847e+02 3.989187e+04 5.118205e+07
<GCONST> 7.712035e+01
<MIXTURE> 7 1.208656e-01
<MEAN> 6
 8.501061e+01 -9.439567e+01 -1.607104e+02 -2.641654e+00 -2.393568e-01 -8.537449e-01
<VARIANCE> 6
 3.144126e+01 5.333655e+04 3.715618e+04 2.970847e+02 3.989187e+04 5.118205e+07
<GCONST> 6.992149e+01
<MIXTURE> 8 1.406312e-01
<MEAN> 6
 5.879613e+01 1.076699e+02 -1.166709e+03 -2.884546e+00 -4.322644e+01 -1.514530e+03
<VARIANCE> 6
 5.966099e+01 6.683984e+05 2.090527e+06 2.970847e+02 3.989187e+04 5.118205e+07
<GCONST> 7.712035e+01
<STATE> 4
<NUMMIXES> 8
<MIXTURE> 1 6.356773e-02
<MEAN> 6
 8.035724e+01 -2.209667e+02 9.987991e+02 -3.810461e+00 -1.409835e+01 3.639820e+01
<VARIANCE> 6
 2.494127e+02 1.294168e+07 3.680152e+06 2.970847e+02 3.989187e+04 5.118205e+07
<GCONST> 8.207964e+01
<MIXTURE> 2 1.403730e-02
<MEAN> 6
 -4.696189e+00 1.742353e+02 6.938152e+01 3.573352e+01 -1.786572e+02 7.350322e+02
<VARIANCE> 6
 1.293316e+04 1.907456e+05 3.946813e+05 2.093843e+06 1.170079e+09 1.728567e+12
<GCONST> 1.091525e+02
<MIXTURE> 3 1.318814e-01
<MEAN> 6
 1.157551e+01 -2.790999e+01 -4.823574e+02 -1.043419e+02 1.023774e+02 3.498492e+03
<VARIANCE> 6
 4.011853e+03 2.419318e+06 6.859640e+06 4.938421e+04 3.118399e+06 1.367639e+09
<GCONST> 9.656100e+01
<MIXTURE> 4 1.242574e-01
<MEAN> 6
 -4.538663e+01 8.466115e+01 3.031014e+02 7.436499e+01 6.501591e+02 9.006230e+02
<VARIANCE> 6
 5.333311e+02 9.189125e+05 1.414001e+06 1.942723e+04 2.653201e+05 7.062030e+07
<GCONST> 8.563524e+01
<MIXTURE> 5 1.520295e-01
<MEAN> 6
 5.802919e+01 2.977220e+02 3.192036e+02 2.245787e+01 -4.566490e+02 -1.691109e+02
<VARIANCE> 6
 7.970961e+02 1.563544e+06 2.097845e+06 2.799791e+04 2.063705e+05 5.273313e+07
<GCONST> 8.678519e+01
<MIXTURE> 6 2.202484e-01
<MEAN> 6
 8.232194e+01 1.044242e+02 3.185339e+02 -2.341798e+00 -2.144088e+01 -1.908835e+02
<VARIANCE> 6
 2.146530e+02 5.116079e+05 1.513293e+06 2.970847e+02 3.989187e+04 5.118205e+07
<GCONST> 7.781024e+01
<MIXTURE> 7 1.689238e-01
<MEAN> 6
 4.390283e+01 -2.289574e+02 -7.844301e+01 -1.522039e+00 -4.167513e+02 -1.143524e+03
<VARIANCE> 6
 1.064171e+03 4.713801e+05 8.598588e+05 4.449395e+04 3.324249e+05 1.141852e+08
<GCONST> 8.669577e+01
<MIXTURE> 8 1.242574e-01
<MEAN> 6
 -5.462422e+01 -2.987786e+02 -1.725457e+02 1.861235e+01 4.441222e+02 -2.460812e+03
<VARIANCE> 6
 5.333311e+02 9.189125e+05 1.414001e+06 1.942723e+04 2.653201e+05 7.062030e+07
<GCONST> 8.563524e+01
<TRANSP> 5
 0.000000e+00 1.000000e+00 0.000000e+00 0.000000e+00 0.000000e+00
 0.000000e+00 9.999175e-01 8.246841e-05 0.000000e+00 0.000000e+00
 0.000000e+00 0.000000e+00 9.996485e-01 3.515774e-04 0.000000e+00
 0.000000e+00 0.000000e+00 0.000000e+00 9.999220e-01 7.799179e-05
 0.000000e+00 0.000000e+00 0.000000e+00 0.000000e+00 0.000000e+00
<ENDHMM>
