~o
<STREAMINFO> 1 6
<VECSIZE> 6<NULLD><USER><DIAGC>
~h "SegundoPRIMARIA"
<BEGINHMM>
<NUMSTATES> 12
<STATE> 2
<NUMMIXES> 6
<MIXTURE> 1 1.386949e-01
<MEAN> 6
 8.222881e+01 2.769296e+01 2.303478e+02 -2.232082e-01 -2.926858e+01 -2.120595e+02
<VARIANCE> 6
 4.007714e+02 4.835841e+05 2.333979e+06 2.940807e+02 3.743564e+04 4.829342e+07
<GCONST> 7.867976e+01
<MIXTURE> 2 1.132248e-01
<MEAN> 6
 -8.320127e+00 6.310716e+01 2.639132e+01 -1.308668e+02 6.501463e+02 3.666879e+03
<VARIANCE> 6
 2.578601e+03 2.045755e+05 1.252223e+06 7.294609e+04 2.302140e+06 9.625326e+08
<GCONST> 9.168329e+01
<MIXTURE> 3 2.368667e-01
<MEAN> 6
 5.723785e+01 -1.452214e+01 7.774186e+01 2.996194e+01 -4.659248e+02 -1.263874e+03
<VARIANCE> 6
 1.233144e+03 1.370686e+05 6.073079e+05 4.046043e+04 2.839913e+05 5.670799e+07
<GCONST> 8.430782e+01
<MIXTURE> 4 2.448172e-01
<MEAN> 6
 -5.507111e+01 -1.028205e+01 -1.399563e+02 3.185465e+01 5.557200e+02 -2.143401e+02
<VARIANCE> 6
 4.942759e+02 1.627050e+05 1.048872e+06 1.570742e+04 2.319728e+05 5.794577e+07
<GCONST> 8.298456e+01
<MIXTURE> 5 1.200119e-01
<MEAN> 6
 5.850337e+01 -1.111234e+02 2.046662e+01 4.438683e+00 -7.545703e+02 -1.587656e+02
<VARIANCE> 6
 2.172472e+03 6.992465e+05 2.464956e+06 5.029142e+04 1.142570e+06 3.417158e+08
<GCONST> 9.131020e+01
<MIXTURE> 6 1.461177e-01
<MEAN> 6
 7.328340e+01 -7.154185e+01 -2.273462e+01 -2.655422e-01 -2.663413e+01 -1.569925e+02
<VARIANCE> 6
 1.595377e+02 2.251355e+05 1.821050e+06 2.940807e+02 3.743564e+04 4.829342e+07
<GCONST> 7.674596e+01
<STATE> 3
<NUMMIXES> 6
<MIXTURE> 1 2.528184e-01
<MEAN> 6
 9.229276e+01 -4.426742e+01 8.664357e+01 -1.128564e+00 2.227206e+00 -8.899715e+01
<VARIANCE> 6
 3.163787e+01 1.276023e+04 1.373229e+04 2.940807e+02 3.743564e+04 4.829342e+07
<GCONST> 6.737025e+01
<MIXTURE> 2 1.811360e-01
<MEAN> 6
 9.457796e+01 2.010356e+02 -4.999100e+02 -1.343052e+00 -6.790585e+00 2.839511e+01
<VARIANCE> 6
 3.163787e+01 1.473913e+04 3.048212e+04 2.940807e+02 3.743564e+04 4.829342e+07
<GCONST> 6.831181e+01
<MIXTURE> 3 1.454843e-01
<MEAN> 6
 9.367911e+01 -3.976467e+02 -5.429453e+02 -5.456222e-01 8.328615e-01 -2.486838e+01
<VARIANCE> 6
 3.163787e+01 2.574993e+04 1.373229e+04 2.940807e+02 3.743564e+04 4.829342e+07
<GCONST> 6.807234e+01
<MIXTURE> 4 1.354371e-01
<MEAN> 6
 8.558761e+01 1.555895e+01 -6.789701e+01 1.111309e-01 -3.937336e+00 1.835662e+01
<VARIANCE> 6
 3.163787e+01 5.256602e+04 1.373229e+04 2.940807e+02 3.743564e+04 4.829342e+07
<GCONST> 6.878598e+01
<MIXTURE> 5 1.534969e-01
<MEAN> 6
 9.370183e+01 -4.790038e+02 -5.399857e+02 6.404432e-01 -2.084765e+00 -1.225065e+02
<VARIANCE> 6
 3.163787e+01 1.912413e+04 1.373229e+04 2.940807e+02 3.743564e+04 4.829342e+07
<GCONST> 6.777487e+01
<MIXTURE> 6 1.315954e-01
<MEAN> 6
 8.479722e+01 -1.010316e+02 -6.909644e+01 -9.986488e-01 -5.590832e+00 -2.447355e+01
<VARIANCE> 6
 3.163787e+01 9.399241e+04 1.373229e+04 2.940807e+02 3.743564e+04 4.829342e+07
<GCONST> 6.936713e+01
<STATE> 4
<NUMMIXES> 6
<MIXTURE> 1 8.504741e-02
<MEAN> 6
 1.299368e+02 2.935034e+02 1.433327e+03 -4.755347e+00 2.259318e+00 -7.330833e+01
<VARIANCE> 6
 3.163787e+01 3.274613e+04 1.545638e+05 2.940807e+02 3.743564e+04 4.829342e+07
<GCONST> 7.073355e+01
<MIXTURE> 2 1.852817e-01
<MEAN> 6
 9.483772e+01 5.550240e+02 1.149079e+03 -3.503825e+00 -7.783077e+00 7.914983e+01
<VARIANCE> 6
 6.469003e+01 1.185781e+05 1.373229e+04 2.940807e+02 3.743564e+04 4.829342e+07
<GCONST> 7.031474e+01
<MIXTURE> 3 2.265370e-01
<MEAN> 6
 9.200760e+01 4.186905e+02 1.780520e+02 -2.453296e+00 -4.284843e+00 -1.697748e+01
<VARIANCE> 6
 3.163787e+01 6.582484e+04 1.373229e+04 2.940807e+02 3.743564e+04 4.829342e+07
<GCONST> 6.901091e+01
<MIXTURE> 4 1.805777e-01
<MEAN> 6
 8.875771e+01 1.787927e+02 4.894813e+02 -8.034323e-01 -2.512360e+00 -3.857860e+01
<VARIANCE> 6
 3.163787e+01 4.999341e+04 2.080149e+04 2.940807e+02 3.743564e+04 4.829342e+07
<GCONST> 6.915108e+01
<MIXTURE> 5 1.494512e-01
<MEAN> 6
 1.039792e+02 -4.941428e+02 2.261751e+03 -2.654189e+00 3.914709e+00 -1.252843e+02
<VARIANCE> 6
 2.591484e+02 1.276023e+04 5.939912e+04 2.940807e+02 3.743564e+04 4.829342e+07
<GCONST> 7.093782e+01
<MIXTURE> 6 1.730948e-01
<MEAN> 6
 8.808862e+01 1.587731e+02 4.191025e+02 -1.094916e+00 -2.276906e+00 -7.071430e+01
<VARIANCE> 6
 3.163787e+01 3.896566e+04 3.758316e+04 2.940807e+02 3.743564e+04 4.829342e+07
<GCONST> 6.949341e+01
<STATE> 5
<NUMMIXES> 6
<MIXTURE> 1 1.366177e-01
<MEAN> 6
 7.355742e+01 8.794888e+01 -1.375734e+02 -6.822349e-01 -2.547625e+00 -8.307529e+01
<VARIANCE> 6
 3.163787e+01 1.276023e+04 5.211037e+04 2.940807e+02 3.743564e+04 4.829342e+07
<GCONST> 6.870386e+01
<MIXTURE> 2 2.374506e-01
<MEAN> 6
 7.055463e+01 -1.433577e+02 1.290549e+02 7.615100e-01 -1.606221e+00 -1.554538e+02
<VARIANCE> 6
 3.163787e+01 3.567969e+04 1.373229e+04 2.940807e+02 3.743564e+04 4.829342e+07
<GCONST> 6.839850e+01
<MIXTURE> 3 1.349121e-01
<MEAN> 6
 7.076241e+01 3.477163e+01 -2.055824e+02 4.031278e-01 2.867475e+00 -1.003069e+02
<VARIANCE> 6
 3.241886e+01 1.276023e+04 2.851329e+04 2.940807e+02 3.743564e+04 4.829342e+07
<GCONST> 6.812526e+01
<MIXTURE> 4 1.896751e-01
<MEAN> 6
 6.054151e+01 -4.549221e+02 -7.406782e+00 9.660456e-01 1.093959e+00 -5.308323e+01
<VARIANCE> 6
 3.163787e+01 1.276023e+04 7.060277e+04 2.940807e+02 3.743564e+04 4.829342e+07
<GCONST> 6.900757e+01
<MIXTURE> 5 1.562776e-01
<MEAN> 6
 7.261829e+01 8.395033e+01 -2.947195e+02 7.066679e-02 -2.024526e+00 -9.416151e+01
<VARIANCE> 6
 3.163787e+01 1.276023e+04 1.754475e+04 2.940807e+02 3.743564e+04 4.829342e+07
<GCONST> 6.761525e+01
<MIXTURE> 6 1.450295e-01
<MEAN> 6
 6.809732e+01 -4.968419e+00 -2.358837e+02 1.289505e+00 6.348500e+00 -9.248035e+01
<VARIANCE> 6
 3.163787e+01 1.276023e+04 2.047292e+04 2.940807e+02 3.743564e+04 4.829342e+07
<GCONST> 6.776961e+01
<STATE> 6
<NUMMIXES> 6
<MIXTURE> 1 1.352811e-01
<MEAN> 6
 9.017711e+01 -1.401581e+03 8.246133e+02 -3.568323e-02 8.283890e-01 -1.412599e+02
<VARIANCE> 6
 3.163787e+01 1.276023e+04 1.373229e+04 2.940807e+02 3.743564e+04 4.829342e+07
<GCONST> 6.737025e+01
<MIXTURE> 2 3.262555e-02
<MEAN> 6
 7.478139e+01 -8.202574e+02 5.707642e+01 -1.544118e-01 -2.416762e+01 -8.099756e+02
<VARIANCE> 6
 3.163787e+01 2.372047e+05 2.320165e+05 2.940807e+02 3.743564e+04 4.829342e+07
<GCONST> 7.311990e+01
<MIXTURE> 3 1.625327e-01
<MEAN> 6
 6.814397e+01 -5.858405e+02 -4.745739e+02 -2.274789e+00 -5.913545e+00 -3.890107e+01
<VARIANCE> 6
 3.163787e+01 1.835099e+04 3.325508e+04 2.940807e+02 3.743564e+04 4.829342e+07
<GCONST> 6.861806e+01
<MIXTURE> 4 3.374846e-01
<MEAN> 6
 7.180598e+01 -7.632546e+02 -5.601049e+02 -3.069981e+00 -6.374848e+00 2.017244e+01
<VARIANCE> 6
 3.163787e+01 1.843121e+04 1.027215e+05 2.940807e+02 3.743564e+04 4.829342e+07
<GCONST> 6.975023e+01
<MIXTURE> 5 1.823471e-01
<MEAN> 6
 7.508734e+01 -1.027687e+03 1.423172e+02 3.133215e-01 1.294198e+01 -9.047864e+01
<VARIANCE> 6
 3.163787e+01 1.434475e+04 1.125058e+05 2.940807e+02 3.743564e+04 4.829342e+07
<GCONST> 6.959056e+01
<MIXTURE> 6 1.497238e-01
<MEAN> 6
 6.823633e+01 -6.262390e+02 -5.555770e+02 -1.934366e+00 -7.115046e+00 -6.439702e+00
<VARIANCE> 6
 3.163787e+01 2.367973e+04 5.698974e+04 2.940807e+02 3.743564e+04 4.829342e+07
<GCONST> 6.941165e+01
<STATE> 7
<NUMMIXES> 6
<MIXTURE> 1 1.359169e-01
<MEAN> 6
 8.546038e+01 1.403568e+03 -3.497752e+02 -1.586717e+00 -1.636514e+01 2.586546e+02
<VARIANCE> 6
 4.139276e+01 2.331313e+05 4.029477e+04 2.940807e+02 3.743564e+04 4.829342e+07
<GCONST> 7.162074e+01
<MIXTURE> 2 1.400227e-01
<MEAN> 6
 8.606390e+01 -1.701748e+02 -2.983678e+03 -5.430443e+00 -2.929037e-01 1.185804e+02
<VARIANCE> 6
 8.603414e+01 2.001163e+04 5.203179e+04 2.940807e+02 3.743564e+04 4.829342e+07
<GCONST> 7.015273e+01
<MIXTURE> 3 1.379920e-01
<MEAN> 6
 8.805777e+01 1.108461e+03 -1.279326e+03 -1.496538e+00 -5.333498e+00 6.092509e+01
<VARIANCE> 6
 3.163787e+01 1.276023e+04 3.259013e+05 2.940807e+02 3.743564e+04 4.829342e+07
<GCONST> 7.053709e+01
<MIXTURE> 4 1.860640e-01
<MEAN> 6
 8.274828e+01 4.177760e+02 -6.454930e+02 1.514319e-01 6.807024e+00 -1.132081e+02
<VARIANCE> 6
 3.163787e+01 7.572302e+04 1.373229e+04 2.940807e+02 3.743564e+04 4.829342e+07
<GCONST> 6.915100e+01
<MIXTURE> 5 2.659884e-01
<MEAN> 6
 8.027336e+01 -1.070741e+02 -7.480787e+02 -2.519696e+00 -4.710899e+00 -7.763409e+01
<VARIANCE> 6
 3.163787e+01 5.482582e+04 1.373229e+04 2.940807e+02 3.743564e+04 4.829342e+07
<GCONST> 6.882808e+01
<MIXTURE> 6 1.340081e-01
<MEAN> 6
 8.797029e+01 1.044499e+03 -1.711640e+03 -2.524433e-01 -1.344092e+01 2.671752e+01
<VARIANCE> 6
 3.163787e+01 1.276023e+04 3.980185e+05 2.940807e+02 3.743564e+04 4.829342e+07
<GCONST> 7.073700e+01
<STATE> 8
<NUMMIXES> 6
<MIXTURE> 1 1.935641e-01
<MEAN> 6
 9.733222e+01 -2.818147e+02 8.998803e+02 -3.299812e+00 6.423034e+00 -1.333723e+02
<VARIANCE> 6
 3.163787e+01 1.571793e+04 4.695215e+04 2.940807e+02 3.743564e+04 4.829342e+07
<GCONST> 6.880809e+01
<MIXTURE> 2 6.271851e-02
<MEAN> 6
 1.338430e+02 -2.080011e+03 7.412093e+01 -4.174981e+01 -1.860408e+01 2.824694e+02
<VARIANCE> 6
 1.804182e+02 5.446079e+05 1.373229e+04 2.940807e+02 3.743564e+04 4.829342e+07
<GCONST> 7.286490e+01
<MIXTURE> 3 5.921161e-02
<MEAN> 6
 1.059880e+02 -4.197407e+02 3.465187e+02 -6.036368e+00 -9.625106e+01 -8.698882e+02
<VARIANCE> 6
 1.689726e+02 1.118671e+05 1.256398e+05 2.940807e+02 5.821909e+04 4.829342e+07
<GCONST> 7.387187e+01
<MIXTURE> 4 2.449799e-01
<MEAN> 6
 9.975839e+01 -3.490202e+03 -6.207273e+01 -3.093452e+00 4.113994e+00 -1.062673e+02
<VARIANCE> 6
 3.163787e+01 3.667228e+05 1.607432e+04 2.940807e+02 3.743564e+04 4.829342e+07
<GCONST> 7.088600e+01
<MIXTURE> 5 2.417804e-01
<MEAN> 6
 9.973644e+01 -2.780838e+03 -1.834392e+02 -3.097977e+00 -7.398352e+00 -2.579980e+02
<VARIANCE> 6
 3.163787e+01 5.199349e+05 1.373229e+04 2.940807e+02 3.743564e+04 4.829342e+07
<GCONST> 7.107762e+01
<MIXTURE> 6 1.977404e-01
<MEAN> 6
 9.779329e+01 -3.665524e+02 7.393821e+02 -7.089524e+00 9.623833e-01 1.603210e+01
<VARIANCE> 6
 4.476091e+01 1.276023e+04 2.932797e+04 2.940807e+02 3.743564e+04 4.829342e+07
<GCONST> 6.847603e+01
<STATE> 9
<NUMMIXES> 6
<MIXTURE> 1 1.730076e-01
<MEAN> 6
 6.568436e+01 8.247274e+02 -1.219183e+02 -1.313210e+00 -2.640040e+00 -1.582894e+02
<VARIANCE> 6
 3.163787e+01 3.519588e+04 1.373229e+04 2.940807e+02 3.743564e+04 4.829342e+07
<GCONST> 6.838484e+01
<MIXTURE> 2 1.153407e-01
<MEAN> 6
 7.143421e+01 1.176248e+03 -1.130376e+03 -1.946014e-01 -6.462465e+00 -1.060114e+02
<VARIANCE> 6
 3.163787e+01 1.014427e+05 1.373229e+04 2.940807e+02 3.743564e+04 4.829342e+07
<GCONST> 6.944341e+01
<MIXTURE> 3 1.019254e-01
<MEAN> 6
 6.758835e+01 -1.592858e+03 -7.241455e+02 3.824557e+00 -1.322969e+01 -1.232671e+02
<VARIANCE> 6
 1.181793e+02 6.106842e+04 1.373229e+04 2.940807e+02 3.743564e+04 4.829342e+07
<GCONST> 7.025375e+01
<MIXTURE> 4 1.169072e-01
<MEAN> 6
 6.030718e+01 -4.387347e+02 -3.267468e+02 -5.078457e-02 -6.232020e-01 -3.299531e+02
<VARIANCE> 6
 3.163787e+01 2.247434e+05 1.415942e+04 2.940807e+02 3.743564e+04 4.829342e+07
<GCONST> 7.026950e+01
<MIXTURE> 5 3.462485e-01
<MEAN> 6
 6.745637e+01 -5.309943e+01 -9.936592e+02 -5.921107e-01 -7.236305e+00 -1.487138e+02
<VARIANCE> 6
 3.163787e+01 2.197712e+04 3.485807e+04 2.940807e+02 3.743564e+04 4.829342e+07
<GCONST> 6.884546e+01
<MIXTURE> 6 1.465805e-01
<MEAN> 6
 5.669624e+01 4.699013e+02 -1.878733e+02 9.618873e-02 -4.619816e+00 -1.813174e+02
<VARIANCE> 6
 3.658512e+01 4.466793e+04 1.373229e+04 2.940807e+02 3.743564e+04 4.829342e+07
<GCONST> 6.876846e+01
<STATE> 10
<NUMMIXES> 6
<MIXTURE> 1 1.580108e-01
<MEAN> 6
 7.895158e+01 2.616580e+03 -2.101072e+02 -1.383187e+00 -8.735695e-01 -1.335272e+02
<VARIANCE> 6
 3.163787e+01 7.798632e+04 1.373229e+04 2.940807e+02 3.743564e+04 4.829342e+07
<GCONST> 6.918045e+01
<MIXTURE> 2 2.306930e-01
<MEAN> 6
 7.522256e+01 -8.923481e+03 1.475801e+03 -2.600391e+00 -6.566393e+00 -6.865731e+01
<VARIANCE> 6
 3.163787e+01 1.970407e+04 1.768759e+05 2.940807e+02 3.743564e+04 4.829342e+07
<GCONST> 7.036044e+01
<MIXTURE> 3 1.871277e-01
<MEAN> 6
 7.217986e+01 7.075338e+02 7.351203e+02 -3.929122e-01 -8.570784e-01 -7.644362e+01
<VARIANCE> 6
 3.163787e+01 1.058503e+05 1.373229e+04 2.940807e+02 3.743564e+04 4.829342e+07
<GCONST> 6.948595e+01
<MIXTURE> 4 1.178772e-01
<MEAN> 6
 7.118314e+01 3.239332e+02 4.247544e+02 -5.467675e-01 -8.908024e+00 -2.151459e+02
<VARIANCE> 6
 3.163787e+01 3.731696e+04 7.149412e+04 2.940807e+02 3.743564e+04 4.829342e+07
<GCONST> 7.009323e+01
<MIXTURE> 5 1.865750e-01
<MEAN> 6
 7.184277e+01 7.413799e+02 7.216039e+02 -2.146389e-01 -9.276096e-01 -8.841447e+01
<VARIANCE> 6
 3.163787e+01 1.030324e+05 1.373229e+04 2.940807e+02 3.743564e+04 4.829342e+07
<GCONST> 6.945895e+01
<MIXTURE> 6 1.197156e-01
<MEAN> 6
 6.888946e+01 1.798516e+02 4.030123e+02 -6.907690e-01 -1.278155e+01 -1.557299e+02
<VARIANCE> 6
 3.163787e+01 5.158436e+04 2.401790e+04 2.940807e+02 3.743564e+04 4.829342e+07
<GCONST> 6.932619e+01
<STATE> 11
<NUMMIXES> 6
<MIXTURE> 1 2.684157e-02
<MEAN> 6
 3.252354e+01 8.894769e+02 -2.295076e+02 -3.389766e+01 -4.045359e+02 5.696681e+03
<VARIANCE> 6
 6.647154e+03 2.066994e+07 1.494589e+06 2.843738e+05 1.317467e+08 1.973555e+11
<GCONST> 1.081535e+02
<MIXTURE> 2 3.038533e-01
<MEAN> 6
 -2.694394e+01 1.365931e+02 2.470712e+01 7.916885e+01 4.273459e+02 -9.829168e+02
<VARIANCE> 6
 1.271181e+03 2.310377e+05 1.022846e+05 2.161569e+04 2.477147e+05 5.168976e+07
<GCONST> 8.222279e+01
<MIXTURE> 3 1.580125e-01
<MEAN> 6
 4.576678e+01 4.528585e+01 1.321843e+02 -2.225210e+01 -4.626311e+02 -6.518947e+02
<VARIANCE> 6
 3.098924e+03 2.426288e+05 4.815860e+05 6.532627e+04 2.071768e+06 9.024774e+08
<GCONST> 9.080193e+01
<MIXTURE> 4 1.625871e-01
<MEAN> 6
 9.774097e+01 -9.964828e-01 3.867872e+01 -2.851556e+00 -1.277000e+02 2.386376e+02
<VARIANCE> 6
 2.085278e+02 7.195142e+05 1.751098e+05 2.818306e+03 9.785803e+04 4.829342e+07
<GCONST> 7.905480e+01
<MIXTURE> 5 1.899166e-01
<MEAN> 6
 1.368884e+01 -1.531603e+01 3.618114e+00 -8.433945e+01 2.861357e+02 2.349798e+03
<VARIANCE> 6
 2.812128e+03 1.510303e+05 4.692264e+04 6.134100e+04 1.890145e+06 4.507708e+08
<GCONST> 8.705328e+01
<MIXTURE> 6 1.577882e-01
<MEAN> 6
 8.723270e+01 -9.906015e+01 -3.025097e+01 -1.606528e+01 -5.024945e+02 -1.375646e+03
<VARIANCE> 6
 2.847281e+02 3.027581e+05 1.158408e+05 1.538445e+04 2.736777e+05 5.139722e+07
<GCONST> 8.087537e+01
<TRANSP> 12
 0.000000e+00 1.000000e+00 0.000000e+00 0.000000e+00 0.000000e+00 0.000000e+00 0.000000e+00 0.000000e+00 0.000000e+00 0.000000e+00 0.000000e+00 0.000000e+00
 0.000000e+00 9.998574e-01 1.426191e-04 0.000000e+00 0.000000e+00 0.000000e+00 0.000000e+00 0.000000e+00 0.000000e+00 0.000000e+00 0.000000e+00 0.000000e+00
 0.000000e+00 0.000000e+00 9.980842e-01 1.915809e-03 0.000000e+00 0.000000e+00 0.000000e+00 0.000000e+00 0.000000e+00 0.000000e+00 0.000000e+00 0.000000e+00
 0.000000e+00 0.000000e+00 0.000000e+00 9.975986e-01 2.401297e-03 0.000000e+00 0.000000e+00 0.000000e+00 0.000000e+00 0.000000e+00 0.000000e+00 0.000000e+00
 0.000000e+00 0.000000e+00 0.000000e+00 0.000000e+00 9.989927e-01 1.007276e-03 0.000000e+00 0.000000e+00 0.000000e+00 0.000000e+00 0.000000e+00 0.000000e+00
 0.000000e+00 0.000000e+00 0.000000e+00 0.000000e+00 0.000000e+00 9.968041e-01 3.195984e-03 0.000000e+00 0.000000e+00 0.000000e+00 0.000000e+00 0.000000e+00
 0.000000e+00 0.000000e+00 0.000000e+00 0.000000e+00 0.000000e+00 0.000000e+00 9.971620e-01 2.837915e-03 0.000000e+00 0.000000e+00 0.000000e+00 0.000000e+00
 0.000000e+00 0.000000e+00 0.000000e+00 0.000000e+00 0.000000e+00 0.000000e+00 0.000000e+00 9.942797e-01 5.720332e-03 0.000000e+00 0.000000e+00 0.000000e+00
 0.000000e+00 0.000000e+00 0.000000e+00 0.000000e+00 0.000000e+00 0.000000e+00 0.000000e+00 0.000000e+00 9.983930e-01 1.606959e-03 0.000000e+00 0.000000e+00
 0.000000e+00 0.000000e+00 0.000000e+00 0.000000e+00 0.000000e+00 0.000000e+00 0.000000e+00 0.000000e+00 0.000000e+00 9.960812e-01 3.918809e-03 0.000000e+00
 0.000000e+00 0.000000e+00 0.000000e+00 0.000000e+00 0.000000e+00 0.000000e+00 0.000000e+00 0.000000e+00 0.000000e+00 0.000000e+00 9.999376e-01 6.240902e-05
 0.000000e+00 0.000000e+00 0.000000e+00 0.000000e+00 0.000000e+00 0.000000e+00 0.000000e+00 0.000000e+00 0.000000e+00 0.000000e+00 0.000000e+00 0.000000e+00
<ENDHMM>
~h "SegundoESO"
<BEGINHMM>
<NUMSTATES> 12
<STATE> 2
<NUMMIXES> 6
<MIXTURE> 1 5.327998e-02
<MEAN> 6
 7.161152e+01 1.245956e+04 -1.191180e+03 -7.252691e-01 -4.469672e+00 -1.362288e+02
<VARIANCE> 6
 3.163787e+01 7.530372e+06 1.430845e+04 2.940807e+02 3.743564e+04 4.829342e+07
<GCONST> 7.379172e+01
<MIXTURE> 2 1.528116e-01
<MEAN> 6
 6.506525e+01 7.372766e+02 -1.626301e+03 7.966941e-02 -2.654938e+00 -9.601247e+01
<VARIANCE> 6
 3.163787e+01 5.835166e+05 4.131932e+05 2.940807e+02 3.743564e+04 4.829342e+07
<GCONST> 7.459715e+01
<MIXTURE> 3 2.081340e-01
<MEAN> 6
 7.465112e+01 -2.953316e+01 -5.911009e+03 -3.633050e-01 -3.807051e+00 -6.660059e+01
<VARIANCE> 6
 3.163787e+01 1.480023e+05 7.153692e+06 2.940807e+02 3.743564e+04 4.829342e+07
<GCONST> 7.607678e+01
<MIXTURE> 4 1.475556e-01
<MEAN> 6
 5.706942e+01 4.608822e+02 -3.630821e+03 1.878456e+00 4.743277e-01 -4.030009e+01
<VARIANCE> 6
 3.163787e+01 6.624975e+04 1.668307e+06 2.940807e+02 3.743564e+04 4.829342e+07
<GCONST> 7.381717e+01
<MIXTURE> 5 2.848016e-01
<MEAN> 6
 6.035529e+01 8.311802e+02 -4.164172e+02 2.690619e-01 -4.376985e+00 -1.595065e+02
<VARIANCE> 6
 3.163787e+01 3.356438e+06 4.171408e+04 2.940807e+02 3.743564e+04 4.829342e+07
<GCONST> 7.405363e+01
<MIXTURE> 6 1.533999e-01
<MEAN> 6
 6.393910e+01 4.059639e+02 -1.512278e+03 -1.105310e-01 -1.848279e+00 -1.052368e+02
<VARIANCE> 6
 3.163787e+01 4.499979e+05 2.772532e+05 2.940807e+02 3.743564e+04 4.829342e+07
<GCONST> 7.393834e+01
<STATE> 3
<NUMMIXES> 6
<MIXTURE> 1 1.128290e-01
<MEAN> 6
 7.589353e+01 5.458569e+02 1.341730e+03 -1.490844e-01 -6.859126e-01 -7.798602e+01
<VARIANCE> 6
 3.163787e+01 1.321044e+06 6.135022e+05 2.940807e+02 3.743564e+04 4.829342e+07
<GCONST> 7.580952e+01
<MIXTURE> 2 2.009307e-01
<MEAN> 6
 8.245619e+01 -7.371967e+02 1.291671e+02 -4.005227e-01 -3.396512e+00 -1.065165e+02
<VARIANCE> 6
 3.163787e+01 2.986130e+04 3.651506e+04 2.940807e+02 3.743564e+04 4.829342e+07
<GCONST> 6.919846e+01
<MIXTURE> 3 1.828034e-01
<MEAN> 6
 8.140051e+01 -1.659251e+03 1.013579e+02 -1.113634e+00 -2.176232e+00 -1.186329e+02
<VARIANCE> 6
 9.156089e+01 1.141597e+06 1.758308e+05 2.940807e+02 3.743564e+04 4.829342e+07
<GCONST> 7.547652e+01
<MIXTURE> 4 2.105785e-01
<MEAN> 6
 7.396279e+01 4.933694e+02 1.262392e+02 -1.266595e-01 -2.373766e+00 -6.986733e+01
<VARIANCE> 6
 3.163787e+01 4.209268e+04 3.805680e+05 2.940807e+02 3.743564e+04 4.829342e+07
<GCONST> 7.188570e+01
<MIXTURE> 5 1.769366e-01
<MEAN> 6
 7.536174e+01 3.440082e+02 7.946498e+01 -1.800548e-01 -4.956796e+00 -9.369805e+01
<VARIANCE> 6
 3.163787e+01 8.709941e+04 4.657654e+05 2.940807e+02 3.743564e+04 4.829342e+07
<GCONST> 7.281490e+01
<MIXTURE> 6 1.158771e-01
<MEAN> 6
 7.210558e+01 -4.037550e+01 1.260719e+03 2.996299e-01 -9.462476e-02 -9.374391e+01
<VARIANCE> 6
 4.245942e+01 5.066705e+05 5.232023e+05 2.940807e+02 3.743564e+04 4.829342e+07
<GCONST> 7.498619e+01
<STATE> 4
<NUMMIXES> 6
<MIXTURE> 1 1.743813e-01
<MEAN> 6
 8.191553e+01 -3.623591e+02 6.396231e+02 2.330980e+01 -4.342317e+02 6.345675e+02
<VARIANCE> 6
 2.136619e+02 1.067264e+06 1.446663e+06 1.141925e+04 2.449754e+05 7.266358e+07
<GCONST> 8.431035e+01
<MIXTURE> 2 1.476343e-01
<MEAN> 6
 -4.458417e+00 1.007365e+02 3.719947e+02 -1.881409e+02 4.939995e+02 6.554449e+03
<VARIANCE> 6
 2.917409e+03 2.175112e+06 1.823811e+06 3.713593e+04 2.714172e+06 9.473435e+08
<GCONST> 9.402026e+01
<MIXTURE> 3 1.088503e-01
<MEAN> 6
 -2.554823e+01 -4.846677e+01 -1.184770e+01 1.696544e+02 6.312170e+02 -5.943112e+03
<VARIANCE> 6
 4.240646e+02 5.737779e+05 2.820249e+06 2.738581e+04 2.868111e+05 9.606119e+07
<GCONST> 8.635434e+01
<MIXTURE> 4 1.971205e-01
<MEAN> 6
 2.312641e+01 -4.263501e+02 1.251716e+02 8.874602e+00 -3.326770e+02 -8.258924e+02
<VARIANCE> 6
 5.047542e+02 3.072306e+06 2.090416e+06 7.273979e+04 2.107236e+05 8.363784e+07
<GCONST> 8.843710e+01
<MIXTURE> 5 1.993304e-01
<MEAN> 6
 -5.585499e+01 -4.845054e+02 1.161909e+02 3.524985e+01 7.495883e+02 -5.599413e+01
<VARIANCE> 6
 1.564199e+02 1.528097e+06 1.237758e+06 1.058676e+04 3.351512e+05 6.981462e+07
<GCONST> 8.439920e+01
<MIXTURE> 6 1.725764e-01
<MEAN> 6
 7.273243e+01 -2.344011e+02 1.875906e+02 -2.401900e+01 -8.638305e+02 -1.466134e+03
<VARIANCE> 6
 2.896719e+02 1.241652e+06 8.463381e+05 2.675680e+04 3.242642e+05 1.034780e+08
<GCONST> 8.571537e+01
<STATE> 5
<NUMMIXES> 6
<MIXTURE> 1 1.395994e-01
<MEAN> 6
 7.107677e+01 4.452302e+02 -3.321741e+02 -9.060021e-01 -1.130986e+01 -1.205913e+02
<VARIANCE> 6
 3.163787e+01 6.247161e+05 1.408840e+05 2.940807e+02 3.743564e+04 4.829342e+07
<GCONST> 7.358940e+01
<MIXTURE> 2 1.548812e-01
<MEAN> 6
 6.505741e+01 -6.638478e+01 -7.407275e+01 -5.662976e-02 -9.157260e+00 -9.733003e+01
<VARIANCE> 6
 8.477813e+01 7.318095e+04 2.887698e+05 2.940807e+02 3.743564e+04 4.829342e+07
<GCONST> 7.314842e+01
<MIXTURE> 3 1.499562e-01
<MEAN> 6
 6.410719e+01 1.233027e+02 1.292814e+02 -2.590056e-01 -3.357085e+00 -8.700119e+01
<VARIANCE> 6
 3.163787e+01 3.576090e+05 2.648040e+04 2.940807e+02 3.743564e+04 4.829342e+07
<GCONST> 7.136002e+01
<MIXTURE> 4 1.305667e-01
<MEAN> 6
 7.008978e+01 -2.954350e+02 5.875091e+01 -6.231237e-01 -1.096660e+01 -7.737636e+01
<VARIANCE> 6
 3.163787e+01 8.422846e+05 6.815105e+04 2.940807e+02 3.743564e+04 4.829342e+07
<GCONST> 7.316202e+01
<MIXTURE> 5 2.872920e-01
<MEAN> 6
 6.036777e+01 4.032245e+01 -9.723493e+01 1.708281e-01 3.967914e-02 -9.781470e+01
<VARIANCE> 6
 3.163787e+01 1.274848e+05 5.302021e+04 2.940807e+02 3.743564e+04 4.829342e+07
<GCONST> 7.102284e+01
<MIXTURE> 6 1.376789e-01
<MEAN> 6
 6.187641e+01 1.946684e+01 5.571263e+01 -5.213022e-04 -1.527067e+00 -9.684290e+01
<VARIANCE> 6
 3.163787e+01 2.872546e+05 3.330705e+04 2.940807e+02 3.743564e+04 4.829342e+07
<GCONST> 7.137030e+01
<STATE> 6
<NUMMIXES> 6
<MIXTURE> 1 8.722498e-02
<MEAN> 6
 2.277307e+01 2.354089e+02 1.348311e+02 -9.116785e+01 -3.903979e+01 4.487316e+03
<VARIANCE> 6
 3.150772e+03 1.062760e+06 1.211949e+06 3.656286e+04 1.939133e+06 6.572966e+08
<GCONST> 9.225497e+01
<MIXTURE> 2 2.414707e-01
<MEAN> 6
 -4.804372e+01 5.679402e+01 6.799643e+01 2.349267e+01 6.945244e+02 -5.357571e+02
<VARIANCE> 6
 1.755076e+02 3.362281e+05 2.971220e+05 1.161800e+04 2.628115e+05 6.998885e+07
<GCONST> 8.142574e+01
<MIXTURE> 3 2.203832e-01
<MEAN> 6
 6.805627e+01 -2.396869e+01 4.744533e+01 4.059989e+01 -3.042006e+02 -7.091466e+02
<VARIANCE> 6
 3.278376e+02 4.330501e+05 4.291548e+05 1.212016e+04 8.703899e+04 4.829342e+07
<GCONST> 8.123750e+01
<MIXTURE> 4 1.274207e-01
<MEAN> 6
 -1.787400e+00 1.667182e+02 1.083053e+02 1.810587e+01 1.406778e+02 -7.157087e+02
<VARIANCE> 6
 3.863105e+02 3.908769e+05 2.317422e+05 4.228921e+04 1.070840e+05 6.175673e+07
<GCONST> 8.238580e+01
<MIXTURE> 5 2.013756e-01
<MEAN> 6
 6.100932e+01 -1.894131e+01 -9.143871e+00 -3.959331e+01 -6.191860e+02 7.275259e+02
<VARIANCE> 6
 5.316097e+02 1.083222e+06 1.911442e+05 2.815187e+04 1.943346e+05 6.181781e+07
<GCONST> 8.372182e+01
<MIXTURE> 6 1.216288e-01
<MEAN> 6
 -2.990946e+00 -5.238370e+01 -8.310034e+01 1.173711e-01 8.775058e+01 -1.281322e+03
<VARIANCE> 6
 4.174282e+02 4.337652e+05 2.520394e+05 4.124727e+04 1.004087e+05 6.686264e+07
<GCONST> 8.264147e+01
<STATE> 7
<NUMMIXES> 6
<MIXTURE> 1 2.069039e-01
<MEAN> 6
 8.202218e+01 -3.947132e+03 5.468170e+03 -1.128289e+00 -5.442591e+00 -6.608321e+01
<VARIANCE> 6
 1.149074e+02 7.786344e+05 1.558093e+07 2.940807e+02 3.743564e+04 4.829342e+07
<GCONST> 7.980528e+01
<MIXTURE> 2 1.883425e-01
<MEAN> 6
 8.651035e+01 6.205753e+01 1.869815e+03 -2.723295e+00 -9.216593e+00 2.426024e+02
<VARIANCE> 6
 3.163787e+01 3.861188e+05 1.064567e+06 2.940807e+02 3.743564e+04 4.829342e+07
<GCONST> 7.513063e+01
<MIXTURE> 3 1.483411e-01
<MEAN> 6
 7.560297e+01 -8.040249e+02 1.848141e+03 -1.922057e+00 -5.566130e+00 -8.032525e+01
<VARIANCE> 6
 4.196567e+01 1.508809e+05 1.156887e+06 2.940807e+02 3.743564e+04 4.829342e+07
<GCONST> 7.455664e+01
<MIXTURE> 4 2.624967e-01
<MEAN> 6
 8.548647e+01 -8.328943e+02 4.035696e+02 -3.952206e+00 -1.301778e+01 1.621833e+02
<VARIANCE> 6
 3.163787e+01 1.637758e+05 5.576639e+05 2.940807e+02 3.743564e+04 4.829342e+07
<GCONST> 7.362642e+01
<MIXTURE> 5 9.419928e-02
<MEAN> 6
 6.916524e+01 -1.702455e+03 8.026475e+02 1.798217e+00 -5.881809e+00 1.268073e+02
<VARIANCE> 6
 5.145053e+01 2.175489e+05 1.260423e+06 2.940807e+02 3.743564e+04 4.829342e+07
<GCONST> 7.521207e+01
<MIXTURE> 6 9.968690e-02
<MEAN> 6
 7.757489e+01 -4.530752e+03 6.477272e+03 -3.877964e+00 -3.190018e+00 1.205856e+02
<VARIANCE> 6
 1.125274e+02 4.359756e+06 5.045256e+07 1.289994e+03 1.008348e+05 4.829342e+07
<GCONST> 8.515137e+01
<STATE> 8
<NUMMIXES> 6
<MIXTURE> 1 1.409217e-01
<MEAN> 6
 1.093334e+01 1.500412e+02 -4.834240e+02 -2.432502e+00 1.182412e+02 8.579048e+00
<VARIANCE> 6
 2.507859e+03 3.781686e+07 2.573209e+06 2.250120e+04 1.607819e+05 4.829342e+07
<GCONST> 9.076532e+01
<MIXTURE> 2 1.745894e-01
<MEAN> 6
 -5.931921e+00 8.218900e+02 6.713772e+02 -4.010455e+01 3.318596e+02 7.236332e+02
<VARIANCE> 6
 2.485045e+03 3.266386e+06 9.326578e+06 3.955583e+04 9.968920e+05 2.028361e+08
<GCONST> 9.341866e+01
<MIXTURE> 3 1.119416e-01
<MEAN> 6
 -2.572828e+01 6.555897e+02 8.853143e+02 5.869780e+01 2.871470e+02 -3.615414e+02
<VARIANCE> 6
 1.966890e+03 7.888113e+05 6.018348e+06 9.085540e+03 1.269060e+05 4.829342e+07
<GCONST> 8.635854e+01
<MIXTURE> 4 2.000059e-01
<MEAN> 6
 4.648712e+01 7.880879e+01 6.516987e+02 -1.359472e+01 -2.699303e+02 3.979536e+01
<VARIANCE> 6
 1.611254e+03 4.919779e+05 6.773896e+06 2.738955e+04 1.801782e+05 4.829342e+07
<GCONST> 8.725923e+01
<MIXTURE> 5 2.455228e-01
<MEAN> 6
 7.425186e+01 -2.946441e+02 -9.486613e+02 2.169766e+01 -3.151077e+02 -1.882355e+02
<VARIANCE> 6
 4.784821e+02 1.076785e+07 5.178916e+06 1.296086e+04 8.105140e+04 4.829342e+07
<GCONST> 8.731540e+01
<MIXTURE> 6 1.269374e-01
<MEAN> 6
 -3.244354e+01 3.183229e+02 2.667626e+02 1.088751e+01 2.137944e+02 -2.964526e+02
<VARIANCE> 6
 1.524725e+03 7.219273e+05 3.780439e+06 7.564420e+03 7.207488e+04 4.829342e+07
<GCONST> 8.480135e+01
<STATE> 9
<NUMMIXES> 6
<MIXTURE> 1 1.405669e-01
<MEAN> 6
 1.068586e+02 9.432565e+02 -7.591860e+02 -6.884066e+00 9.371403e-01 3.910170e+02
<VARIANCE> 6
 3.892591e+01 4.419147e+05 1.560073e+05 2.940807e+02 3.743564e+04 4.829342e+07
<GCONST> 7.355249e+01
<MIXTURE> 2 1.568329e-01
<MEAN> 6
 8.842690e+01 -6.928777e+02 -4.075885e+03 -4.973820e+00 9.908876e-01 1.619053e+02
<VARIANCE> 6
 2.473994e+02 1.424962e+05 2.250892e+07 2.940807e+02 3.743564e+04 4.829342e+07
<GCONST> 7.924181e+01
<MIXTURE> 3 1.836316e-01
<MEAN> 6
 9.094476e+01 -1.695112e+02 -1.379168e+03 -4.580302e+00 -1.679865e+00 8.672919e+01
<VARIANCE> 6
 3.775366e+01 2.043801e+05 6.216211e+05 2.940807e+02 3.743564e+04 4.829342e+07
<GCONST> 7.413321e+01
<MIXTURE> 4 1.463953e-01
<MEAN> 6
 8.965305e+01 1.118932e+03 -1.827799e+03 -4.436960e+00 -5.982144e-01 1.036247e+02
<VARIANCE> 6
 1.200030e+02 1.095760e+06 8.704399e+05 2.940807e+02 3.743564e+04 4.829342e+07
<GCONST> 7.730553e+01
<MIXTURE> 5 2.168144e-01
<MEAN> 6
 9.448122e+01 2.131071e+02 -1.664917e+02 -4.613767e+00 -2.865855e+00 1.063703e+02
<VARIANCE> 6
 3.163787e+01 1.474530e+05 8.712588e+04 2.940807e+02 3.743564e+04 4.829342e+07
<GCONST> 7.166502e+01
<MIXTURE> 6 1.557328e-01
<MEAN> 6
 8.162988e+01 3.698420e+02 -2.481439e+03 -3.087738e+00 -5.161943e-01 8.865628e+01
<VARIANCE> 6
 7.924909e+01 1.149551e+06 1.463162e+06 2.940807e+02 3.743564e+04 4.829342e+07
<GCONST> 7.745789e+01
<STATE> 10
<NUMMIXES> 6
<MIXTURE> 1 8.634688e-02
<MEAN> 6
 6.149463e+01 1.964748e+03 8.166094e+02 -2.580527e+00 6.508140e+00 7.267643e+01
<VARIANCE> 6
 3.163787e+01 5.142284e+05 6.026029e+05 2.940807e+02 3.743564e+04 4.829342e+07
<GCONST> 7.484810e+01
<MIXTURE> 2 1.794266e-01
<MEAN> 6
 7.608816e+01 4.474351e+01 1.126127e+02 -2.645593e+00 -5.788329e+00 5.406657e+01
<VARIANCE> 6
 3.163787e+01 2.540208e+05 6.975027e+04 2.940807e+02 3.743564e+04 4.829342e+07
<GCONST> 7.198650e+01
<MIXTURE> 3 1.312903e-01
<MEAN> 6
 7.573615e+01 6.322944e+02 2.025473e+01 -2.782449e+00 -4.442428e+00 5.409642e+01
<VARIANCE> 6
 3.163787e+01 2.094898e+05 1.817365e+05 2.940807e+02 3.743564e+04 4.829342e+07
<GCONST> 7.275140e+01
<MIXTURE> 4 1.850370e-01
<MEAN> 6
 6.969134e+01 -4.055953e+02 -4.264666e+01 -2.760489e+00 2.883868e+00 3.877354e+00
<VARIANCE> 6
 3.163787e+01 1.861753e+05 2.187256e+04 2.940807e+02 3.743564e+04 4.829342e+07
<GCONST> 7.051608e+01
<MIXTURE> 5 2.860441e-01
<MEAN> 6
 7.552022e+01 5.837365e+02 -1.881834e+02 -2.474303e+00 -5.501324e+00 6.494389e+01
<VARIANCE> 6
 3.163787e+01 3.128909e+05 1.875560e+05 2.940807e+02 3.743564e+04 4.829342e+07
<GCONST> 7.318410e+01
<MIXTURE> 6 1.318232e-01
<MEAN> 6
 7.505212e+01 5.145802e+02 -9.175591e+01 -2.570132e+00 -5.219413e+00 5.228421e+01
<VARIANCE> 6
 3.163787e+01 2.439608e+05 2.072733e+05 2.940807e+02 3.743564e+04 4.829342e+07
<GCONST> 7.303522e+01
<STATE> 11
<NUMMIXES> 6
<MIXTURE> 1 1.494441e-01
<MEAN> 6
 3.126553e+01 5.516004e+01 4.725816e+01 6.005729e+01 -1.675912e+02 -3.342448e+01
<VARIANCE> 6
 5.971781e+02 5.462322e+04 4.381530e+04 2.410680e+04 8.125103e+04 4.829342e+07
<GCONST> 7.810378e+01
<MIXTURE> 2 1.642569e-01
<MEAN> 6
 -3.467057e+01 3.532114e+00 3.346763e+01 -2.831957e+01 8.018912e+02 4.591667e+02
<VARIANCE> 6
 3.920242e+02 5.822300e+04 3.478315e+04 2.775293e+04 4.459554e+05 2.385244e+08
<GCONST> 8.095657e+01
<MIXTURE> 3 1.187046e-01
<MEAN> 6
 6.313677e+01 -2.885716e+01 1.741734e+01 -6.044153e+01 -8.490645e+02 1.053278e+03
<VARIANCE> 6
 5.729714e+02 1.891587e+05 1.954225e+04 2.573036e+04 4.766634e+05 2.390882e+08
<GCONST> 8.193111e+01
<MIXTURE> 4 2.095595e-01
<MEAN> 6
 6.861863e+01 -2.122974e+02 -3.000799e+01 1.910174e-02 -2.156734e+02 -1.598333e+02
<VARIANCE> 6
 1.514126e+02 1.401499e+05 4.528870e+04 2.896162e+03 8.733240e+04 4.829342e+07
<GCONST> 7.565997e+01
<MIXTURE> 5 2.017170e-01
<MEAN> 6
 -2.880852e+01 -6.341222e+01 -2.248747e+01 7.723722e+00 3.326620e+02 -4.894712e+02
<VARIANCE> 6
 3.697736e+02 5.109252e+04 7.455666e+04 1.306612e+04 1.077092e+05 4.829342e+07
<GCONST> 7.775864e+01
<MIXTURE> 6 1.561804e-01
<MEAN> 6
 2.619433e+01 -4.519034e+01 -2.114877e+01 1.068285e+01 -1.725918e+02 -2.418499e+02
<VARIANCE> 6
 6.473944e+02 4.509223e+04 3.670346e+04 2.889155e+04 8.849981e+04 4.829342e+07
<GCONST> 7.808218e+01
<TRANSP> 12
 0.000000e+00 1.000000e+00 0.000000e+00 0.000000e+00 0.000000e+00 0.000000e+00 0.000000e+00 0.000000e+00 0.000000e+00 0.000000e+00 0.000000e+00 0.000000e+00
 0.000000e+00 9.989954e-01 1.004603e-03 0.000000e+00 0.000000e+00 0.000000e+00 0.000000e+00 0.000000e+00 0.000000e+00 0.000000e+00 0.000000e+00 0.000000e+00
 0.000000e+00 0.000000e+00 9.993976e-01 6.024247e-04 0.000000e+00 0.000000e+00 0.000000e+00 0.000000e+00 0.000000e+00 0.000000e+00 0.000000e+00 0.000000e+00
 0.000000e+00 0.000000e+00 0.000000e+00 9.997121e-01 2.878394e-04 0.000000e+00 0.000000e+00 0.000000e+00 0.000000e+00 0.000000e+00 0.000000e+00 0.000000e+00
 0.000000e+00 0.000000e+00 0.000000e+00 0.000000e+00 9.994685e-01 5.314437e-04 0.000000e+00 0.000000e+00 0.000000e+00 0.000000e+00 0.000000e+00 0.000000e+00
 0.000000e+00 0.000000e+00 0.000000e+00 0.000000e+00 0.000000e+00 9.999062e-01 9.375062e-05 0.000000e+00 0.000000e+00 0.000000e+00 0.000000e+00 0.000000e+00
 0.000000e+00 0.000000e+00 0.000000e+00 0.000000e+00 0.000000e+00 0.000000e+00 9.986657e-01 1.334321e-03 0.000000e+00 0.000000e+00 0.000000e+00 0.000000e+00
 0.000000e+00 0.000000e+00 0.000000e+00 0.000000e+00 0.000000e+00 0.000000e+00 0.000000e+00 9.996299e-01 3.701260e-04 0.000000e+00 0.000000e+00 0.000000e+00
 0.000000e+00 0.000000e+00 0.000000e+00 0.000000e+00 0.000000e+00 0.000000e+00 0.000000e+00 0.000000e+00 9.989288e-01 1.071153e-03 0.000000e+00 0.000000e+00
 0.000000e+00 0.000000e+00 0.000000e+00 0.000000e+00 0.000000e+00 0.000000e+00 0.000000e+00 0.000000e+00 0.000000e+00 9.988530e-01 1.147055e-03 0.000000e+00
 0.000000e+00 0.000000e+00 0.000000e+00 0.000000e+00 0.000000e+00 0.000000e+00 0.000000e+00 0.000000e+00 0.000000e+00 0.000000e+00 9.997113e-01 2.886576e-04
 0.000000e+00 0.000000e+00 0.000000e+00 0.000000e+00 0.000000e+00 0.000000e+00 0.000000e+00 0.000000e+00 0.000000e+00 0.000000e+00 0.000000e+00 0.000000e+00
<ENDHMM>
~h "QuintoPRIMARIA"
<BEGINHMM>
<NUMSTATES> 12
<STATE> 2
<NUMMIXES> 6
<MIXTURE> 1 2.875462e-01
<MEAN> 6
 -3.717274e+01 -2.229640e+01 4.792678e+01 2.602911e+01 5.814291e+02 -7.563727e+02
<VARIANCE> 6
 5.990578e+02 1.220698e+05 1.311894e+05 2.470344e+04 2.773755e+05 7.785200e+07
<GCONST> 8.173751e+01
<MIXTURE> 2 1.467681e-01
<MEAN> 6
 1.042274e+01 -1.122422e+02 5.748649e+01 -5.865950e+01 1.487729e+02 2.881043e+03
<VARIANCE> 6
 3.101380e+03 1.341108e+06 9.034380e+05 5.683140e+04 2.436443e+06 8.722794e+08
<GCONST> 9.313036e+01
<MIXTURE> 3 1.590598e-01
<MEAN> 6
 7.202178e+01 -5.399137e+01 -7.683143e+00 -3.005010e+00 -2.747317e+01 -3.067700e+02
<VARIANCE> 6
 1.514824e+02 7.275959e+04 1.720387e+05 2.940807e+02 3.743564e+04 4.829342e+07
<GCONST> 7.320515e+01
<MIXTURE> 4 1.543828e-01
<MEAN> 6
 6.077836e+01 8.486665e+01 1.221113e+01 1.711262e+01 -4.956266e+02 2.245249e+02
<VARIANCE> 6
 6.484079e+02 1.530021e+05 9.639143e+04 3.128333e+04 2.530909e+05 8.380679e+07
<GCONST> 8.195254e+01
<MIXTURE> 5 9.690998e-02
<MEAN> 6
 7.246833e+01 -2.203203e+01 -1.886714e+02 -2.721481e+00 -2.330984e+01 -2.354516e+02
<VARIANCE> 6
 1.762022e+02 5.551975e+05 1.137909e+05 2.940807e+02 3.743564e+04 4.829342e+07
<GCONST> 7.497513e+01
<MIXTURE> 6 1.546944e-01
<MEAN> 6
 5.338577e+01 -3.880169e+01 -6.244764e+01 -2.932170e+01 -6.220264e+02 -8.452521e+02
<VARIANCE> 6
 8.171751e+02 1.549531e+05 1.299973e+05 3.978535e+04 3.371514e+05 9.993386e+07
<GCONST> 8.319883e+01
<STATE> 3
<NUMMIXES> 6
<MIXTURE> 1 1.843551e-01
<MEAN> 6
 9.495849e+01 6.735592e+01 5.565781e+01 4.896099e+01 -1.106081e+03 5.412210e+03
<VARIANCE> 6
 1.134490e+02 3.526678e+05 3.595917e+05 1.119181e+04 2.195218e+06 1.421477e+09
<GCONST> 8.632431e+01
<MIXTURE> 2 1.567938e-01
<MEAN> 6
 6.175384e+01 8.029659e+01 -3.501323e+01 1.458595e+02 -2.572363e+02 -2.287273e+02
<VARIANCE> 6
 4.029873e+02 7.847970e+04 8.435209e+04 4.383913e+03 1.402566e+05 4.829342e+07
<GCONST> 7.756924e+01
<MIXTURE> 3 1.740573e-01
<MEAN> 6
 1.198148e+01 1.045878e+02 4.230493e+02 3.244807e+02 2.395870e+02 -1.124200e+04
<VARIANCE> 6
 1.115899e+03 3.350693e+05 2.472816e+05 6.252180e+03 1.060868e+06 2.011987e+08
<GCONST> 8.492014e+01
<MIXTURE> 4 8.951264e-02
<MEAN> 6
 6.804771e+01 1.758604e+02 -6.128507e+02 1.721501e+02 -9.046466e+02 -2.767431e+03
<VARIANCE> 6
 4.374698e+02 2.357437e+06 1.920897e+06 9.787136e+03 3.548099e+05 1.598362e+08
<GCONST> 8.710748e+01
<MIXTURE> 5 2.403210e-01
<MEAN> 6
 1.297237e+01 -1.980546e+02 2.168172e+01 1.979448e+02 1.373397e+01 -1.956220e+03
<VARIANCE> 6
 4.654428e+02 1.753295e+05 2.593602e+05 4.406303e+03 1.364503e+05 4.829342e+07
<GCONST> 7.961797e+01
<MIXTURE> 6 1.549439e-01
<MEAN> 6
 5.993348e+01 -5.524789e+01 -2.082008e+02 1.349607e+02 -3.602141e+02 -4.243113e+02
<VARIANCE> 6
 4.352498e+02 1.395052e+05 1.406201e+05 3.708724e+03 1.123992e+05 4.829342e+07
<GCONST> 7.834392e+01
<STATE> 4
<NUMMIXES> 6
<MIXTURE> 1 1.286200e-01
<MEAN> 6
 1.002544e+02 9.373386e+02 1.852812e+02 -4.232523e+00 -6.470078e+00 3.106249e+02
<VARIANCE> 6
 3.163787e+01 1.705577e+04 2.107878e+04 2.940807e+02 3.743564e+04 4.829342e+07
<GCONST> 6.808893e+01
<MIXTURE> 2 2.117458e-01
<MEAN> 6
 9.460276e+01 4.362398e+02 -2.023410e+02 -5.345289e+00 -5.884550e+00 1.212328e+02
<VARIANCE> 6
 3.163787e+01 3.590068e+04 5.012738e+05 2.940807e+02 3.743564e+04 4.829342e+07
<GCONST> 7.200208e+01
<MIXTURE> 3 2.569914e-01
<MEAN> 6
 8.271448e+01 5.109018e+02 -2.575012e+02 -2.001840e+00 -4.130250e-01 -7.227753e+01
<VARIANCE> 6
 3.163787e+01 1.276023e+04 1.373229e+04 2.940807e+02 3.743564e+04 4.829342e+07
<GCONST> 6.737025e+01
<MIXTURE> 4 6.119151e-02
<MEAN> 6
 8.750315e+01 -8.849581e+02 -1.925746e+03 1.468553e+01 -6.884996e+01 7.502367e+02
<VARIANCE> 6
 1.023647e+02 7.084113e+05 9.002936e+05 3.251743e+02 3.743564e+04 4.829342e+07
<GCONST> 7.684460e+01
<MIXTURE> 5 2.110308e-01
<MEAN> 6
 8.828838e+01 3.558710e+02 -1.126859e+03 -1.889238e+00 1.065681e+00 1.958200e+01
<VARIANCE> 6
 3.163787e+01 2.827612e+04 1.909583e+05 2.940807e+02 3.743564e+04 4.829342e+07
<GCONST> 7.079823e+01
<MIXTURE> 6 1.303864e-01
<MEAN> 6
 9.659688e+01 8.547416e+02 2.779167e+01 -5.652437e+00 -8.550905e+00 2.407121e+02
<VARIANCE> 6
 3.163787e+01 2.643085e+04 3.407846e+04 2.940807e+02 3.743564e+04 4.829342e+07
<GCONST> 6.900737e+01
<STATE> 5
<NUMMIXES> 6
<MIXTURE> 1 1.216722e-01
<MEAN> 6
 6.704692e+01 1.369600e+03 -7.417914e+02 -5.410157e-01 -5.463380e+00 4.834503e+01
<VARIANCE> 6
 3.163787e+01 4.415654e+04 8.226796e+04 2.940807e+02 3.743564e+04 4.829342e+07
<GCONST> 7.040189e+01
<MIXTURE> 2 2.456927e-01
<MEAN> 6
 6.052184e+01 -2.244202e+03 -8.109532e+02 -2.675288e-01 -1.520514e+00 8.506014e+00
<VARIANCE> 6
 4.391508e+01 3.546594e+07 1.260360e+06 2.940807e+02 3.743564e+04 4.829342e+07
<GCONST> 8.014755e+01
<MIXTURE> 3 2.249712e-01
<MEAN> 6
 6.119152e+01 4.654077e+02 -2.937333e+03 4.499356e-01 -5.894106e+00 -1.009554e+02
<VARIANCE> 6
 3.163787e+01 9.543879e+04 3.029631e+05 2.940807e+02 3.743564e+04 4.829342e+07
<GCONST> 7.247626e+01
<MIXTURE> 4 5.851141e-02
<MEAN> 6
 5.312233e+01 3.990609e+02 -5.446236e+03 5.630656e+00 -2.183106e+01 -7.945061e-03
<VARIANCE> 6
 3.163787e+01 2.580299e+04 6.703874e+06 4.777019e+02 3.743564e+04 4.829342e+07
<GCONST> 7.475023e+01
<MIXTURE> 5 2.090960e-01
<MEAN> 6
 5.806289e+01 4.859404e+01 -1.774385e+03 1.534091e+00 -1.588376e+00 -1.034767e+02
<VARIANCE> 6
 3.163787e+01 2.061324e+05 5.364807e+05 2.940807e+02 3.743564e+04 4.829342e+07
<GCONST> 7.381772e+01
<MIXTURE> 6 1.400395e-01
<MEAN> 6
 6.514877e+01 1.165394e+03 -1.082737e+03 3.792312e-01 -2.286292e+00 -3.657189e+01
<VARIANCE> 6
 3.163787e+01 2.282100e+04 2.067226e+05 2.940807e+02 3.743564e+04 4.829342e+07
<GCONST> 7.066322e+01
<STATE> 6
<NUMMIXES> 6
<MIXTURE> 1 2.156585e-01
<MEAN> 6
 8.712667e+01 3.667531e+01 6.698553e+01 -4.144712e+00 1.515209e+00 -4.067385e+00
<VARIANCE> 6
 3.163787e+01 1.681067e+04 1.373229e+04 2.940807e+02 3.743564e+04 4.829342e+07
<GCONST> 6.764594e+01
<MIXTURE> 2 1.541703e-01
<MEAN> 6
 8.425880e+01 -7.776667e+01 -1.479257e+02 -2.411274e+00 7.744223e-01 -6.862413e+00
<VARIANCE> 6
 3.163787e+01 3.624044e+04 3.347086e+04 2.940807e+02 3.743564e+04 4.829342e+07
<GCONST> 6.930502e+01
<MIXTURE> 3 1.835280e-01
<MEAN> 6
 9.459715e+01 -1.345444e+02 -9.247872e+01 -5.880012e+00 1.170066e+00 1.670184e+02
<VARIANCE> 6
 6.352500e+01 6.326575e+04 2.795506e+04 2.940807e+02 3.743564e+04 4.829342e+07
<GCONST> 7.037918e+01
<MIXTURE> 4 1.458476e-01
<MEAN> 6
 8.285525e+01 -2.492204e+02 -5.848483e+01 -3.941976e+00 4.187063e+00 -3.036810e+00
<VARIANCE> 6
 3.163787e+01 5.380450e+04 3.442891e+04 2.940807e+02 3.743564e+04 4.829342e+07
<GCONST> 6.972842e+01
<MIXTURE> 5 1.452885e-01
<MEAN> 6
 8.159798e+01 -3.488776e+02 -3.713050e+01 -4.422339e+00 5.253120e+00 2.023843e+00
<VARIANCE> 6
 3.163787e+01 5.243060e+04 4.453624e+04 2.940807e+02 3.743564e+04 4.829342e+07
<GCONST> 6.995996e+01
<MIXTURE> 6 1.554892e-01
<MEAN> 6
 8.205131e+01 -1.516788e+02 -2.025299e+02 -2.461698e+00 1.861434e+00 1.244657e+01
<VARIANCE> 6
 3.163787e+01 3.814054e+04 2.985193e+04 2.940807e+02 3.743564e+04 4.829342e+07
<GCONST> 6.924170e+01
<STATE> 7
<NUMMIXES> 6
<MIXTURE> 1 1.287960e-01
<MEAN> 6
 7.404945e+01 -2.989345e+01 5.351859e+02 -2.642169e+00 -5.865798e+00 1.067664e+02
<VARIANCE> 6
 3.163787e+01 1.276023e+04 2.365060e+04 2.940807e+02 3.743564e+04 4.829342e+07
<GCONST> 6.791389e+01
<MIXTURE> 2 1.124568e-01
<MEAN> 6
 6.247031e+01 2.706646e+02 3.697572e+02 1.321463e+00 -5.212144e+00 -6.097875e+01
<VARIANCE> 6
 5.426205e+01 5.822175e+04 1.625362e+04 2.940807e+02 3.743564e+04 4.829342e+07
<GCONST> 6.959621e+01
<MIXTURE> 3 2.271645e-01
<MEAN> 6
 6.628282e+01 1.378176e+02 9.942362e+01 -3.093414e+00 3.260596e+00 2.866809e+00
<VARIANCE> 6
 3.163787e+01 1.276023e+04 1.373229e+04 2.940807e+02 3.743564e+04 4.829342e+07
<GCONST> 6.737025e+01
<MIXTURE> 4 2.441177e-01
<MEAN> 6
 7.081242e+01 8.656705e+01 1.504704e+02 -5.038187e+00 1.071535e+01 -4.562757e+00
<VARIANCE> 6
 3.163787e+01 1.234898e+05 1.373229e+04 2.940807e+02 3.743564e+04 4.829342e+07
<GCONST> 6.964008e+01
<MIXTURE> 5 1.674367e-01
<MEAN> 6
 6.417699e+01 4.688790e+01 9.429179e+00 -2.570588e+00 2.882691e+00 -2.016898e+01
<VARIANCE> 6
 3.163787e+01 1.645864e+04 5.203962e+04 2.940807e+02 3.743564e+04 4.829342e+07
<GCONST> 6.895702e+01
<MIXTURE> 6 1.200157e-01
<MEAN> 6
 7.501856e+01 -8.520970e+01 4.593741e+02 -2.188233e+00 -1.337450e+01 1.438211e+02
<VARIANCE> 6
 3.163787e+01 1.525719e+04 2.288988e+04 2.940807e+02 3.743564e+04 4.829342e+07
<GCONST> 6.805991e+01
<STATE> 8
<NUMMIXES> 6
<MIXTURE> 1 1.198936e-01
<MEAN> 6
 9.565582e+01 9.197195e+02 2.177897e+03 -2.001991e-01 -5.003924e-01 -7.504221e+01
<VARIANCE> 6
 3.163787e+01 1.789383e+04 2.144104e+05 2.940807e+02 3.743564e+04 4.829342e+07
<GCONST> 7.045651e+01
<MIXTURE> 2 1.252812e-01
<MEAN> 6
 8.109042e+01 -3.852162e+02 2.525589e+03 -4.017658e-01 -6.469328e+00 -1.186567e+02
<VARIANCE> 6
 3.163787e+01 1.276023e+04 2.469619e+04 2.940807e+02 3.743564e+04 4.829342e+07
<GCONST> 6.795715e+01
<MIXTURE> 3 1.406862e-01
<MEAN> 6
 8.154404e+01 -7.038511e+02 1.517704e+03 -3.531307e-01 -2.236736e+00 -9.202084e+01
<VARIANCE> 6
 3.163787e+01 1.276023e+04 3.836585e+04 2.940807e+02 3.743564e+04 4.829342e+07
<GCONST> 6.839766e+01
<MIXTURE> 4 2.331179e-01
<MEAN> 6
 6.768485e+01 1.627782e+03 1.213769e+03 2.835500e-01 -4.256137e+00 -1.176481e+02
<VARIANCE> 6
 5.038995e+01 1.790217e+05 1.492113e+04 2.940807e+02 3.743564e+04 4.829342e+07
<GCONST> 7.055989e+01
<MIXTURE> 5 2.474041e-01
<MEAN> 6
 7.255583e+01 -3.951814e+02 9.960480e+02 -1.790392e+00 -1.060022e+00 -7.193057e+01
<VARIANCE> 6
 3.163787e+01 1.276023e+04 1.859694e+04 2.940807e+02 3.743564e+04 4.829342e+07
<GCONST> 6.767349e+01
<MIXTURE> 6 1.336153e-01
<MEAN> 6
 7.979893e+01 6.217353e+02 1.865723e+03 -2.923233e-01 -7.103865e+00 -1.820745e+02
<VARIANCE> 6
 9.122397e+01 1.661127e+04 1.435478e+05 2.940807e+02 3.743564e+04 4.829342e+07
<GCONST> 7.103987e+01
<STATE> 9
<NUMMIXES> 6
<MIXTURE> 1 1.059159e-01
<MEAN> 6
 7.976022e+01 1.653279e+02 -7.758211e+02 -3.099431e+00 -8.817000e+00 4.792674e+01
<VARIANCE> 6
 3.163787e+01 1.387143e+04 1.373229e+04 2.940807e+02 3.743564e+04 4.829342e+07
<GCONST> 6.745375e+01
<MIXTURE> 2 2.427913e-01
<MEAN> 6
 7.745280e+01 -1.264754e+03 -4.006322e+02 -3.090543e+00 -3.686594e+00 -9.881741e+01
<VARIANCE> 6
 4.103823e+01 4.774201e+04 2.141302e+05 2.940807e+02 3.743564e+04 4.829342e+07
<GCONST> 7.169672e+01
<MIXTURE> 3 1.211021e-01
<MEAN> 6
 8.627325e+01 -2.438882e+02 -7.500883e+02 -1.436271e+00 4.466385e-01 -3.139285e+01
<VARIANCE> 6
 3.163787e+01 1.276023e+04 2.395090e+04 2.940807e+02 3.743564e+04 4.829342e+07
<GCONST> 6.792650e+01
<MIXTURE> 4 1.995937e-01
<MEAN> 6
 7.562125e+01 -8.251888e+02 -2.211049e+02 -7.134861e-01 -4.023463e+00 -3.305510e+01
<VARIANCE> 6
 3.163787e+01 1.276023e+04 1.801278e+05 2.940807e+02 3.743564e+04 4.829342e+07
<GCONST> 6.994417e+01
<MIXTURE> 5 1.487517e-01
<MEAN> 6
 7.267786e+01 -1.142025e+03 -9.962138e+02 -6.389629e-01 -1.198027e+01 -1.017975e+02
<VARIANCE> 6
 3.163787e+01 3.377919e+05 3.275802e+05 2.940807e+02 3.743564e+04 4.829342e+07
<GCONST> 7.381833e+01
<MIXTURE> 6 1.818306e-01
<MEAN> 6
 7.254456e+01 -7.828342e+02 -9.266188e+02 -6.525433e-01 -4.276083e+00 -3.135441e+01
<VARIANCE> 6
 3.163787e+01 2.196497e+04 5.127088e+05 2.940807e+02 3.743564e+04 4.829342e+07
<GCONST> 7.153333e+01
<STATE> 10
<NUMMIXES> 6
<MIXTURE> 1 4.169428e-03
<MEAN> 6
 7.732389e+01 -8.100647e+01 1.286370e+01 -6.061363e-01 1.902531e+01 6.095085e+01
<VARIANCE> 6
 1.101093e+02 1.885964e+05 1.427610e+05 2.940807e+02 3.743564e+04 4.829342e+07
<GCONST> 7.365207e+01
<MIXTURE> 2 6.093197e-03
<MEAN> 6
 -1.539106e+02 -1.860545e+03 -1.465152e+03 -9.856392e+01 3.599183e+01 5.320608e+04
<VARIANCE> 6
 3.163787e+01 1.276023e+04 1.373229e+04 2.940807e+02 1.672307e+06 4.829342e+07
<GCONST> 7.116959e+01
<MIXTURE> 3 2.130485e-01
<MEAN> 6
 6.419895e+01 -2.983089e+01 -6.944929e+02 -7.999725e+01 -7.476534e+02 -4.272009e+03
<VARIANCE> 6
 1.070364e+02 8.430117e+05 1.877090e+06 1.953353e+03 8.024227e+04 4.829342e+07
<GCONST> 8.035332e+01
<MIXTURE> 4 2.777768e-01
<MEAN> 6
 5.557659e+01 1.384545e+02 3.971660e+02 -1.887589e+02 -1.560220e+03 -4.504041e+03
<VARIANCE> 6
 3.070374e+02 8.793424e+05 3.947920e+06 7.688302e+03 5.625038e+05 2.803752e+08
<GCONST> 8.726910e+01
<MIXTURE> 5 2.806942e-01
<MEAN> 6
 -1.239826e+01 8.587766e+01 -5.820354e+02 -3.452095e+02 4.388924e+02 2.273688e+04
<VARIANCE> 6
 7.843608e+02 3.513904e+06 3.654532e+06 1.068464e+04 2.084924e+06 7.712150e+08
<GCONST> 9.216613e+01
<MIXTURE> 6 2.182117e-01
<MEAN> 6
 7.571437e+00 -1.578985e+02 -1.377473e+03 -3.542993e+02 -7.252554e+02 9.179993e+03
<VARIANCE> 6
 5.929639e+02 2.412576e+06 5.788165e+06 8.573001e+03 1.105098e+06 2.873610e+08
<GCONST> 9.012800e+01
<STATE> 11
<NUMMIXES> 6
<MIXTURE> 1 2.684293e-01
<MEAN> 6
 8.324619e+01 2.721753e+02 2.924423e+02 -2.625874e+00 -3.392999e+01 -1.167935e+02
<VARIANCE> 6
 1.921532e+02 8.402965e+05 2.119805e+06 2.940807e+02 3.743564e+04 4.829342e+07
<GCONST> 7.840094e+01
<MIXTURE> 2 2.073253e-02
<MEAN> 6
 -4.946041e+00 1.777228e+02 6.585783e+01 3.371220e+01 -1.564288e+02 1.263014e+03
<VARIANCE> 6
 1.299140e+04 1.820856e+05 3.935724e+05 2.100212e+06 1.174222e+09 1.734648e+12
<GCONST> 1.091178e+02
<MIXTURE> 3 2.051999e-01
<MEAN> 6
 4.797191e+01 2.354061e+02 1.239813e+02 -2.292303e+01 -4.971685e+02 2.367627e+02
<VARIANCE> 6
 1.829145e+03 1.802552e+06 3.859793e+06 3.445672e+04 3.603252e+05 1.031673e+08
<GCONST> 8.980379e+01
<MIXTURE> 4 1.950990e-01
<MEAN> 6
 -1.556039e+01 -9.716115e+01 3.805414e+02 7.011163e+01 2.213031e+02 -5.200846e+02
<VARIANCE> 6
 2.766617e+03 4.710103e+05 1.425148e+06 2.070029e+04 3.194966e+05 4.829342e+07
<GCONST> 8.649028e+01
<MIXTURE> 5 1.158198e-01
<MEAN> 6
 -6.269488e+00 -5.389347e+01 -3.359629e+02 -9.346204e+01 4.136964e+02 1.672624e+03
<VARIANCE> 6
 4.162455e+03 1.036902e+06 1.860352e+06 3.794787e+04 2.345364e+06 1.130356e+09
<GCONST> 9.370686e+01
<MIXTURE> 6 1.940980e-01
<MEAN> 6
 -1.573121e+01 -2.168428e+02 -6.041898e+01 3.223761e+01 1.755224e+02 -1.129314e+03
<VARIANCE> 6
 2.772606e+03 4.129131e+05 1.469030e+06 2.477446e+04 2.892004e+05 4.829342e+07
<GCONST> 8.647116e+01
<TRANSP> 12
 0.000000e+00 1.000000e+00 0.000000e+00 0.000000e+00 0.000000e+00 0.000000e+00 0.000000e+00 0.000000e+00 0.000000e+00 0.000000e+00 0.000000e+00 0.000000e+00
 0.000000e+00 9.999319e-01 6.804166e-05 0.000000e+00 0.000000e+00 0.000000e+00 0.000000e+00 0.000000e+00 0.000000e+00 0.000000e+00 0.000000e+00 0.000000e+00
 0.000000e+00 0.000000e+00 9.974939e-01 2.506143e-03 0.000000e+00 0.000000e+00 0.000000e+00 0.000000e+00 0.000000e+00 0.000000e+00 0.000000e+00 0.000000e+00
 0.000000e+00 0.000000e+00 0.000000e+00 9.981532e-01 1.846902e-03 0.000000e+00 0.000000e+00 0.000000e+00 0.000000e+00 0.000000e+00 0.000000e+00 0.000000e+00
 0.000000e+00 0.000000e+00 0.000000e+00 0.000000e+00 9.985286e-01 1.471435e-03 0.000000e+00 0.000000e+00 0.000000e+00 0.000000e+00 0.000000e+00 0.000000e+00
 0.000000e+00 0.000000e+00 0.000000e+00 0.000000e+00 0.000000e+00 9.989997e-01 1.000332e-03 0.000000e+00 0.000000e+00 0.000000e+00 0.000000e+00 0.000000e+00
 0.000000e+00 0.000000e+00 0.000000e+00 0.000000e+00 0.000000e+00 0.000000e+00 9.981821e-01 1.817878e-03 0.000000e+00 0.000000e+00 0.000000e+00 0.000000e+00
 0.000000e+00 0.000000e+00 0.000000e+00 0.000000e+00 0.000000e+00 0.000000e+00 0.000000e+00 9.977495e-01 2.250456e-03 0.000000e+00 0.000000e+00 0.000000e+00
 0.000000e+00 0.000000e+00 0.000000e+00 0.000000e+00 0.000000e+00 0.000000e+00 0.000000e+00 0.000000e+00 9.978977e-01 2.102313e-03 0.000000e+00 0.000000e+00
 0.000000e+00 0.000000e+00 0.000000e+00 0.000000e+00 0.000000e+00 0.000000e+00 0.000000e+00 0.000000e+00 0.000000e+00 9.930621e-01 6.937946e-03 0.000000e+00
 0.000000e+00 0.000000e+00 0.000000e+00 0.000000e+00 0.000000e+00 0.000000e+00 0.000000e+00 0.000000e+00 0.000000e+00 0.000000e+00 9.998881e-01 1.118782e-04
 0.000000e+00 0.000000e+00 0.000000e+00 0.000000e+00 0.000000e+00 0.000000e+00 0.000000e+00 0.000000e+00 0.000000e+00 0.000000e+00 0.000000e+00 0.000000e+00
<ENDHMM>
