~o
<STREAMINFO> 1 6
<VECSIZE> 6<NULLD><USER><DIAGC>
~h "SegundoPRIMARIA"
<BEGINHMM>
<NUMSTATES> 5
<STATE> 2
<NUMMIXES> 3
<MIXTURE> 1 2.928444e-01
<MEAN> 6
 8.438495e+01 -1.749082e+00 -6.688189e+01 -2.036907e+00 -2.403530e+01 -2.150627e+02
<VARIANCE> 6
 3.372002e+02 1.295371e+06 1.162478e+05 2.874942e+02 3.406208e+04 4.202037e+07
<GCONST> 7.623653e+01
<MIXTURE> 2 3.552931e-01
<MEAN> 6
 1.797770e+01 1.070793e+02 8.110931e+01 1.854592e+01 3.750721e+01 1.288327e+03
<VARIANCE> 6
 3.347642e+03 2.775025e+05 9.995819e+04 4.441112e+04 1.113711e+06 3.370308e+08
<GCONST> 8.744951e+01
<MIXTURE> 3 3.515221e-01
<MEAN> 6
 1.533235e+01 -9.683975e+01 -1.813673e+01 -1.622501e+01 -1.540449e+01 -1.139129e+03
<VARIANCE> 6
 3.591141e+03 3.514492e+05 1.195473e+05 4.441619e+04 1.488402e+06 3.629707e+08
<GCONST> 8.829918e+01
<STATE> 3
<NUMMIXES> 3
<MIXTURE> 1 4.667667e-01
<MEAN> 6
 7.124042e+01 1.072521e+02 4.792669e+02 -1.038549e-01 -2.634016e+00 -5.999308e+01
<VARIANCE> 6
 9.274351e+01 5.212094e+05 2.158579e+06 2.874942e+02 3.406208e+04 4.202037e+07
<GCONST> 7.695677e+01
<MIXTURE> 2 2.709786e-01
<MEAN> 6
 8.219600e+01 2.321476e+01 -4.039508e+01 -1.496877e+00 -5.124245e-01 2.724842e+01
<VARIANCE> 6
 2.002139e+02 5.357421e+04 2.236228e+05 2.874942e+02 3.406208e+04 4.202037e+07
<GCONST> 7.318399e+01
<MIXTURE> 3 2.622426e-01
<MEAN> 6
 7.651640e+01 -2.862444e+01 -2.725863e+02 -1.093230e+00 -7.359957e+00 -1.020797e+01
<VARIANCE> 6
 1.510336e+02 4.184119e+04 2.341566e+05 2.874942e+02 3.406208e+04 4.202037e+07
<GCONST> 7.270096e+01
<STATE> 4
<NUMMIXES> 3
<MIXTURE> 1 9.550289e-02
<MEAN> 6
 3.636514e+01 -2.193018e+01 4.643660e+01 -9.111208e+01 -7.483186e+01 5.022484e+03
<VARIANCE> 6
 5.197384e+03 6.277686e+05 5.776028e+05 1.227443e+05 3.148646e+07 3.487495e+10
<GCONST> 9.945770e+01
<MIXTURE> 2 4.518101e-01
<MEAN> 6
 3.580042e+01 6.713956e+01 7.516398e+01 3.074386e+01 7.112156e+01 5.443214e+02
<VARIANCE> 6
 4.128744e+03 3.696546e+05 8.177476e+05 2.464015e+04 4.362305e+05 8.951186e+07
<GCONST> 8.719557e+01
<MIXTURE> 3 4.522721e-01
<MEAN> 6
 3.094720e+01 -9.733221e+01 -1.649993e+02 -1.029817e+01 -5.645338e+01 -1.591589e+03
<VARIANCE> 6
 4.131503e+03 3.554168e+05 9.565166e+05 3.072509e+04 6.564442e+05 1.138759e+08
<GCONST> 8.818382e+01
<TRANSP> 5
 0.000000e+00 1.000000e+00 0.000000e+00 0.000000e+00 0.000000e+00
 0.000000e+00 9.999281e-01 7.190300e-05 0.000000e+00 0.000000e+00
 0.000000e+00 0.000000e+00 9.995890e-01 4.109660e-04 0.000000e+00
 0.000000e+00 0.000000e+00 0.000000e+00 9.999058e-01 9.424145e-05
 0.000000e+00 0.000000e+00 0.000000e+00 0.000000e+00 0.000000e+00
<ENDHMM>
~h "SegundoESO"
<BEGINHMM>
<NUMSTATES> 5
<STATE> 2
<NUMMIXES> 3
<MIXTURE> 1 4.194514e-01
<MEAN> 6
 8.985842e+00 1.977736e+02 6.799069e+02 -8.823866e+00 1.241184e+02 2.012026e+02
<VARIANCE> 6
 3.482984e+03 1.755145e+07 4.411040e+06 3.637667e+04 7.914798e+05 1.370794e+08
<GCONST> 9.398259e+01
<MIXTURE> 2 2.952357e-01
<MEAN> 6
 5.332755e+01 3.623923e+01 -1.574765e+02 2.660237e+01 -7.569048e+01 -6.154422e+01
<VARIANCE> 6
 2.514142e+03 2.773283e+06 1.196567e+07 9.221912e+03 7.325605e+04 4.202037e+07
<GCONST> 8.787476e+01
<MIXTURE> 3 2.852343e-01
<MEAN> 6
 5.122281e+01 -3.252043e+02 -6.591575e+02 -9.922482e+00 -1.073145e+02 -2.802499e+02
<VARIANCE> 6
 2.747988e+03 2.672291e+06 1.345539e+07 1.042460e+04 9.912870e+04 4.202037e+07
<GCONST> 8.846899e+01
<STATE> 3
<NUMMIXES> 3
<MIXTURE> 1 3.343655e-01
<MEAN> 6
 7.034422e+01 9.493473e+00 5.635240e+01 -3.781960e-01 -2.955298e+00 -9.727618e+01
<VARIANCE> 6
 8.097144e+01 4.714868e+05 1.017853e+05 2.874942e+02 3.406208e+04 4.202037e+07
<GCONST> 7.366643e+01
<MIXTURE> 2 3.306561e-01
<MEAN> 6
 7.207433e+01 -3.747412e+01 -7.061894e+02 -1.040024e+00 -1.373588e+00 -5.745351e+01
<VARIANCE> 6
 1.471373e+02 1.653573e+06 2.443268e+06 2.874942e+02 3.406208e+04 4.202037e+07
<GCONST> 7.869673e+01
<MIXTURE> 3 3.349751e-01
<MEAN> 6
 6.682314e+01 -1.300679e+02 -1.066553e+02 -2.892978e-01 -3.793459e+00 -1.142426e+02
<VARIANCE> 6
 7.812843e+01 5.582841e+05 1.184828e+05 2.874942e+02 3.406208e+04 4.202037e+07
<GCONST> 7.395157e+01
<STATE> 4
<NUMMIXES> 3
<MIXTURE> 1 3.327854e-01
<MEAN> 6
 2.983439e+01 1.274226e+02 1.167463e+02 3.702112e+01 -3.033357e+01 -3.803308e+01
<VARIANCE> 6
 2.401260e+03 4.499203e+05 4.956188e+05 1.514396e+04 1.663250e+05 4.202037e+07
<GCONST> 8.414212e+01
<MIXTURE> 2 3.278890e-01
<MEAN> 6
 1.062072e+01 9.564087e-01 8.845824e+01 -4.359525e+01 1.194854e+02 8.591610e+02
<VARIANCE> 6
 2.861278e+03 1.564374e+06 3.378282e+05 3.487292e+04 1.204475e+06 2.951640e+08
<GCONST> 8.994364e+01
<MIXTURE> 3 3.388826e-01
<MEAN> 6
 2.845921e+01 -9.109422e+01 -6.609459e+01 6.305373e+00 -8.382072e+01 -7.264215e+02
<VARIANCE> 6
 2.374994e+03 3.638022e+05 4.583532e+05 1.804779e+04 1.931687e+05 4.202037e+07
<GCONST> 8.416553e+01
<TRANSP> 5
 0.000000e+00 1.000000e+00 0.000000e+00 0.000000e+00 0.000000e+00
 0.000000e+00 9.997695e-01 2.304992e-04 0.000000e+00 0.000000e+00
 0.000000e+00 0.000000e+00 9.997663e-01 2.337339e-04 0.000000e+00
 0.000000e+00 0.000000e+00 0.000000e+00 9.999466e-01 5.340050e-05
 0.000000e+00 0.000000e+00 0.000000e+00 0.000000e+00 0.000000e+00
<ENDHMM>
~h "QuintoPRIMARIA"
<BEGINHMM>
<NUMSTATES> 5
<STATE> 2
<NUMMIXES> 3
<MIXTURE> 1 3.625464e-01
<MEAN> 6
 2.787287e+01 1.644284e+01 1.363436e+02 3.455138e+01 1.483200e+01 5.080054e+01
<VARIANCE> 6
 2.926049e+03 2.113233e+05 3.712861e+05 1.514569e+04 2.476129e+05 4.202037e+07
<GCONST> 8.369331e+01
<MIXTURE> 2 2.765550e-01
<MEAN> 6
 1.788316e+01 -6.472697e+01 -1.672071e+02 -4.261828e+01 6.154329e+01 1.216995e+03
<VARIANCE> 6
 3.360892e+03 2.704040e+06 4.852322e+06 3.718800e+04 1.325629e+06 4.035857e+08
<GCONST> 9.378949e+01
<MIXTURE> 3 3.595205e-01
<MEAN> 6
 2.763387e+01 -1.083465e+02 -6.025226e+01 -3.622482e-01 -6.222080e+01 -1.012612e+03
<VARIANCE> 6
 2.851535e+03 2.205922e+05 2.955711e+05 1.866374e+04 2.937230e+05 4.202037e+07
<GCONST> 8.386201e+01
<STATE> 3
<NUMMIXES> 3
<MIXTURE> 1 4.003614e-01
<MEAN> 6
 7.936487e+01 1.117359e+03 -2.258270e+00 -2.224017e+00 -5.685812e-01 4.256456e+01
<VARIANCE> 6
 2.610371e+02 1.858170e+06 2.186644e+06 2.874942e+02 3.406208e+04 4.202037e+07
<GCONST> 7.927571e+01
<MIXTURE> 2 2.881223e-01
<MEAN> 6
 7.644673e+01 4.650876e+01 -8.149555e+00 -2.251389e+00 -8.727007e-01 2.565384e+01
<VARIANCE> 6
 1.794783e+02 1.536105e+05 1.191220e+05 2.874942e+02 3.406208e+04 4.202037e+07
<GCONST> 7.349820e+01
<MIXTURE> 3 3.114935e-01
<MEAN> 6
 7.223331e+01 -5.609149e+01 -1.100590e+02 -1.609686e+00 -3.156716e+00 -1.567394e+00
<VARIANCE> 6
 1.571243e+02 1.356314e+05 1.114000e+05 2.874942e+02 3.406208e+04 4.202037e+07
<GCONST> 7.317369e+01
<STATE> 4
<NUMMIXES> 3
<MIXTURE> 1 4.821627e-01
<MEAN> 6
 3.591055e+01 -1.766990e+01 1.725147e+02 1.933758e+01 5.283776e+01 4.084525e+02
<VARIANCE> 6
 3.615662e+03 7.794291e+05 5.636866e+05 3.014222e+04 7.207336e+05 2.086847e+08
<GCONST> 8.898690e+01
<MIXTURE> 2 4.491216e-02
<MEAN> 6
 3.731849e+00 -1.552551e+00 1.362887e+02 -3.846704e+01 -6.162408e+01 5.701795e+03
<VARIANCE> 6
 1.013834e+04 8.265641e+05 4.887512e+05 1.300322e+06 6.998582e+08 1.027145e+12
<GCONST> 1.090783e+02
<MIXTURE> 3 4.729131e-01
<MEAN> 6
 2.879116e+01 -2.032436e+02 -4.729766e+01 -1.440917e+01 -4.641066e+01 -9.177003e+02
<VARIANCE> 6
 3.840381e+03 9.209736e+05 4.263643e+05 3.617360e+04 1.191228e+06 3.268342e+08
<GCONST> 9.006837e+01
<TRANSP> 5
 0.000000e+00 1.000000e+00 0.000000e+00 0.000000e+00 0.000000e+00
 0.000000e+00 9.999418e-01 5.817082e-05 0.000000e+00 0.000000e+00
 0.000000e+00 0.000000e+00 9.997208e-01 2.792165e-04 0.000000e+00
 0.000000e+00 0.000000e+00 0.000000e+00 9.998528e-01 1.471351e-04
 0.000000e+00 0.000000e+00 0.000000e+00 0.000000e+00 0.000000e+00
<ENDHMM>
