~o
<STREAMINFO> 1 6
<VECSIZE> 6<NULLD><USER><DIAGC>
~h "SegundoPRIMARIA"
<BEGINHMM>
<NUMSTATES> 5
<STATE> 2
<NUMMIXES> 3
<MIXTURE> 1 5.059105e-01
<MEAN> 6
 8.649119e+01 3.983958e+02 1.998484e+02 -1.399910e+00 -2.680153e+00 -9.149124e+01
<VARIANCE> 6
 8.781693e+01 6.547272e+05 2.205956e+05 2.897276e+02 3.398000e+04 4.206700e+07
<GCONST> 7.485582e+01
<MIXTURE> 2 4.618495e-02
<MEAN> 6
 5.096265e+01 -4.872044e+02 -1.988048e+02 -4.087093e+01 -8.877388e+01 4.169429e+01
<VARIANCE> 6
 1.569102e+03 9.592008e+05 3.659137e+05 2.326455e+04 1.166890e+06 2.080031e+08
<GCONST> 8.814713e+01
<MIXTURE> 3 4.478738e-01
<MEAN> 6
 8.403026e+01 -2.249804e+02 -2.807095e+02 -1.274156e+00 -2.073846e+00 -9.756107e+01
<VARIANCE> 6
 2.450567e+02 2.417364e+06 2.380171e+05 2.897276e+02 3.398000e+04 4.206700e+07
<GCONST> 7.726427e+01
<STATE> 3
<NUMMIXES> 3
<MIXTURE> 1 3.414097e-01
<MEAN> 6
 6.905368e+01 -2.653629e+02 3.456771e+02 -3.147009e-01 -3.043029e+00 -7.412602e+01
<VARIANCE> 6
 7.909136e+01 2.368165e+05 2.961946e+06 2.897276e+02 3.398000e+04 4.206700e+07
<GCONST> 7.633150e+01
<MIXTURE> 2 3.313951e-01
<MEAN> 6
 6.981931e+01 5.432838e+01 -1.581052e+02 2.107796e-01 -2.052476e+00 -1.137940e+02
<VARIANCE> 6
 4.590849e+01 7.618281e+04 1.456638e+05 2.897276e+02 3.398000e+04 4.206700e+07
<GCONST> 7.164110e+01
<MIXTURE> 3 3.272293e-01
<MEAN> 6
 6.710693e+01 -8.490302e+01 -2.859403e+02 4.369498e-02 -8.398433e-01 -1.002264e+02
<VARIANCE> 6
 4.622750e+01 1.063833e+05 1.575674e+05 2.897276e+02 3.398000e+04 4.206700e+07
<GCONST> 7.206049e+01
<STATE> 4
<NUMMIXES> 3
<MIXTURE> 1 8.453046e-02
<MEAN> 6
 2.897313e+01 -2.364458e+01 2.576045e+01 -9.956299e+01 2.381929e+01 6.054451e+03
<VARIANCE> 6
 4.845843e+03 4.640642e+05 3.359047e+05 9.752286e+04 1.912401e+07 1.950642e+10
<GCONST> 9.723380e+01
<MIXTURE> 2 4.735194e-01
<MEAN> 6
 3.296535e+01 6.202702e+01 2.576533e+01 3.463309e+01 4.906076e+01 -1.910795e+02
<VARIANCE> 6
 3.933202e+03 3.693100e+05 2.104822e+05 2.190606e+04 3.509723e+05 5.764782e+07
<GCONST> 8.501386e+01
<MIXTURE> 3 4.411573e-01
<MEAN> 6
 3.114939e+01 -4.750198e+01 -2.003763e+01 -1.652203e+01 -5.585974e+01 -9.284409e+02
<VARIANCE> 6
 3.807888e+03 2.354866e+05 7.911723e+05 3.790841e+04 8.799126e+05 1.540763e+08
<GCONST> 8.830624e+01
<TRANSP> 5
 0.000000e+00 1.000000e+00 0.000000e+00 0.000000e+00 0.000000e+00
 0.000000e+00 9.993464e-01 6.536405e-04 0.000000e+00 0.000000e+00
 0.000000e+00 0.000000e+00 9.996203e-01 3.797366e-04 0.000000e+00
 0.000000e+00 0.000000e+00 0.000000e+00 9.999555e-01 4.446394e-05
 0.000000e+00 0.000000e+00 0.000000e+00 0.000000e+00 0.000000e+00
<ENDHMM>
~h "SegundoESO"
<BEGINHMM>
<NUMSTATES> 5
<STATE> 2
<NUMMIXES> 3
<MIXTURE> 1 5.070453e-01
<MEAN> 6
 1.353227e+01 2.466861e+02 8.271317e+02 -1.882405e+00 4.241802e+01 1.517088e+01
<VARIANCE> 6
 3.309827e+03 1.679621e+07 7.030650e+06 3.464887e+04 6.007567e+05 9.064346e+07
<GCONST> 9.361578e+01
<MIXTURE> 2 2.785680e-01
<MEAN> 6
 7.895172e+01 -1.398032e+02 -1.025639e+03 7.413577e+00 -5.781349e+01 -7.540182e+01
<VARIANCE> 6
 2.845698e+02 4.486063e+06 1.158274e+07 1.419990e+03 3.398000e+04 4.206700e+07
<GCONST> 8.350645e+01
<MIXTURE> 3 2.142318e-01
<MEAN> 6
 5.140231e+01 -4.444585e+02 -8.756727e+02 2.518405e+00 -3.021505e+01 -3.597776e+01
<VARIANCE> 6
 3.292838e+03 3.747005e+06 2.309473e+07 8.936384e+02 3.398000e+04 4.206700e+07
<GCONST> 8.600195e+01
<STATE> 3
<NUMMIXES> 3
<MIXTURE> 1 3.049393e-01
<MEAN> 6
 7.246804e+01 -2.356083e+02 1.381898e+02 -3.366690e-01 -4.124316e+00 -1.013073e+02
<VARIANCE> 6
 1.018020e+02 5.783288e+05 7.891782e+04 2.897276e+02 3.398000e+04 4.206700e+07
<GCONST> 7.385159e+01
<MIXTURE> 2 3.748138e-01
<MEAN> 6
 6.791309e+01 2.962862e+02 -3.610898e+02 -4.791588e-01 -2.619792e+00 -8.451140e+01
<VARIANCE> 6
 6.020586e+01 5.480402e+05 1.246069e+06 2.897276e+02 3.398000e+04 4.206700e+07
<GCONST> 7.603188e+01
<MIXTURE> 3 3.200576e-01
<MEAN> 6
 6.728327e+01 -7.851492e+01 -4.526372e+01 -1.303865e-01 -3.121698e+00 -1.099706e+02
<VARIANCE> 6
 8.698122e+01 6.536330e+05 8.952677e+04 2.897276e+02 3.398000e+04 4.206700e+07
<GCONST> 7.394279e+01
<STATE> 4
<NUMMIXES> 3
<MIXTURE> 1 3.279348e-01
<MEAN> 6
 2.939473e+01 8.415060e+01 8.285263e+01 3.204671e+01 -3.287492e+01 -2.863729e+02
<VARIANCE> 6
 2.658194e+03 4.190520e+05 5.359602e+05 1.531683e+04 1.753730e+05 4.206700e+07
<GCONST> 8.431638e+01
<MIXTURE> 2 3.487411e-01
<MEAN> 6
 1.159422e+01 -1.000239e+01 6.245116e+01 -3.875430e+01 1.050417e+02 7.055389e+02
<VARIANCE> 6
 2.981694e+03 1.471399e+06 3.593811e+05 3.554482e+04 1.186866e+06 2.927548e+08
<GCONST> 8.998160e+01
<MIXTURE> 3 3.230459e-01
<MEAN> 6
 2.948233e+01 -7.866521e+01 -5.264885e+01 1.004853e+01 -7.762228e+01 -3.966294e+02
<VARIANCE> 6
 2.441772e+03 3.096049e+05 7.104258e+05 2.008478e+04 2.077053e+05 4.206700e+07
<GCONST> 8.465078e+01
<TRANSP> 5
 0.000000e+00 1.000000e+00 0.000000e+00 0.000000e+00 0.000000e+00
 0.000000e+00 9.997147e-01 2.852402e-04 0.000000e+00 0.000000e+00
 0.000000e+00 0.000000e+00 9.997547e-01 2.453321e-04 0.000000e+00
 0.000000e+00 0.000000e+00 0.000000e+00 9.999492e-01 5.082980e-05
 0.000000e+00 0.000000e+00 0.000000e+00 0.000000e+00 0.000000e+00
<ENDHMM>
~h "QuintoPRIMARIA"
<BEGINHMM>
<NUMSTATES> 5
<STATE> 2
<NUMMIXES> 3
<MIXTURE> 1 4.943869e-01
<MEAN> 6
 7.528936e+01 5.377876e+02 6.253956e+02 -3.268068e-01 -3.955423e+00 -9.760869e+01
<VARIANCE> 6
 1.061795e+02 7.263436e+05 3.062215e+06 2.897276e+02 3.398000e+04 4.206700e+07
<GCONST> 7.778006e+01
<MIXTURE> 2 4.231790e-02
<MEAN> 6
 5.598270e+01 -7.196005e+03 -1.722497e+03 -3.768186e+00 1.170010e+01 -5.067015e+01
<VARIANCE> 6
 3.147101e+01 2.568768e+07 3.507231e+05 2.067296e+03 1.569831e+05 4.206700e+07
<GCONST> 8.145827e+01
<MIXTURE> 3 4.632844e-01
<MEAN> 6
 6.615745e+01 3.831664e+02 -5.620701e+02 2.998309e-01 -3.628602e+00 -9.989013e+01
<VARIANCE> 6
 1.298094e+02 3.607238e+05 5.499883e+06 2.897276e+02 3.398000e+04 4.206700e+07
<GCONST> 7.786668e+01
<STATE> 3
<NUMMIXES> 3
<MIXTURE> 1 3.022509e-01
<MEAN> 6
 6.997624e+01 4.022979e+01 1.035192e+01 -2.460946e-01 -4.405641e+00 -1.211271e+02
<VARIANCE> 6
 1.371411e+02 3.945047e+04 6.369854e+04 2.897276e+02 3.398000e+04 4.206700e+07
<GCONST> 7.125023e+01
<MIXTURE> 2 3.901398e-01
<MEAN> 6
 7.419276e+01 -4.205373e+02 -2.257504e+02 -1.755933e-01 -5.363755e+00 -8.781779e+01
<VARIANCE> 6
 1.814610e+02 3.169806e+05 7.481123e+04 2.897276e+02 3.398000e+04 4.206700e+07
<GCONST> 7.377486e+01
<MIXTURE> 3 3.075670e-01
<MEAN> 6
 6.377216e+01 -5.360384e+01 -6.882427e+01 -2.603360e-01 -4.233747e+00 -1.321299e+02
<VARIANCE> 6
 9.066923e+01 2.384799e+04 1.159035e+05 2.897276e+02 3.398000e+04 4.206700e+07
<GCONST> 7.093169e+01
<STATE> 4
<NUMMIXES> 3
<MIXTURE> 1 3.568022e-02
<MEAN> 6
 1.634897e+01 2.219649e+02 -8.530864e+02 -9.264556e+01 -2.156339e+01 6.176363e+03
<VARIANCE> 6
 6.254079e+03 2.489636e+06 9.385953e+06 5.013539e+05 2.554054e+08 3.738295e+11
<GCONST> 1.096811e+02
<MIXTURE> 2 5.221916e-01
<MEAN> 6
 3.805362e+01 7.057610e+01 1.383866e+02 2.354590e+01 -4.809344e+01 -3.393005e+02
<VARIANCE> 6
 3.114656e+03 7.032176e+05 7.719123e+05 1.515498e+04 2.218390e+05 4.206700e+07
<GCONST> 8.558174e+01
<MIXTURE> 3 4.422797e-01
<MEAN> 6
 1.318310e+01 -8.160931e+01 -6.324901e+01 -1.956363e+01 6.028310e+01 -4.706989e+01
<VARIANCE> 6
 3.352319e+03 2.694707e+05 9.878649e+05 3.832044e+04 1.046143e+06 2.440942e+08
<GCONST> 8.917961e+01
<TRANSP> 5
 0.000000e+00 1.000000e+00 0.000000e+00 0.000000e+00 0.000000e+00
 0.000000e+00 9.994282e-01 5.717920e-04 0.000000e+00 0.000000e+00
 0.000000e+00 0.000000e+00 9.996225e-01 3.774594e-04 0.000000e+00
 0.000000e+00 0.000000e+00 0.000000e+00 9.999571e-01 4.292410e-05
 0.000000e+00 0.000000e+00 0.000000e+00 0.000000e+00 0.000000e+00
<ENDHMM>
