~o
<STREAMINFO> 1 6
<VECSIZE> 6<NULLD><USER><DIAGC>
~h "SegundoPRIMARIA"
<BEGINHMM>
<NUMSTATES> 13
<STATE> 2
<NUMMIXES> 6
<MIXTURE> 1 1.374362e-01
<MEAN> 6
 8.137062e+01 3.995875e+01 2.810920e+02 -1.034136e+00 -2.161762e+01 -2.820601e+02
<VARIANCE> 6
 4.140072e+02 8.123916e+05 2.597557e+06 2.593203e+02 1.595152e+04 1.545820e+07
<GCONST> 7.721999e+01
<MIXTURE> 2 1.037490e-01
<MEAN> 6
 2.724949e+01 -4.571273e+02 8.331614e+01 -7.650089e+01 1.845020e+02 4.081791e+03
<VARIANCE> 6
 4.884038e+03 2.635105e+07 1.888030e+06 4.507995e+04 2.393505e+06 1.224912e+09
<GCONST> 9.738965e+01
<MIXTURE> 3 2.435667e-01
<MEAN> 6
 -3.836901e+01 5.978512e+01 -7.926875e+01 5.289998e+01 6.786831e+02 -1.394947e+03
<VARIANCE> 6
 1.455765e+03 2.603330e+05 1.344744e+06 3.934080e+04 4.342278e+05 1.297202e+08
<GCONST> 8.713422e+01
<MIXTURE> 4 8.506785e-02
<MEAN> 6
 -6.585124e+01 1.562909e+02 -2.267528e+02 -2.039742e+00 1.840584e+02 4.522253e+02
<VARIANCE> 6
 1.182098e+02 3.169319e+05 1.539092e+06 7.319304e+02 6.225790e+04 2.829433e+07
<GCONST> 7.750577e+01
<MIXTURE> 5 2.831339e-01
<MEAN> 6
 6.211618e+01 -3.128518e+01 3.822961e+00 -1.503891e+01 -6.825596e+02 -2.009235e+02
<VARIANCE> 6
 1.105487e+03 3.382974e+05 1.588442e+06 4.633482e+04 4.696137e+05 1.779518e+08
<GCONST> 8.784559e+01
<MIXTURE> 6 1.466994e-01
<MEAN> 6
 7.149907e+01 -1.153735e+01 2.219098e+02 3.398200e-01 -2.212516e+01 -1.852210e+02
<VARIANCE> 6
 1.692844e+02 4.178936e+05 2.306628e+06 2.593203e+02 1.595152e+04 1.545820e+07
<GCONST> 7.554214e+01
<STATE> 3
<NUMMIXES> 6
<MIXTURE> 1 1.802158e-01
<MEAN> 6
 7.398369e+01 1.301414e+02 -1.157624e+02 -1.410482e+00 -2.234874e+00 6.766872e+01
<VARIANCE> 6
 3.129757e+01 1.230843e+04 3.200979e+04 2.593203e+02 1.595152e+04 1.545820e+07
<GCONST> 6.605167e+01
<MIXTURE> 2 1.647213e-01
<MEAN> 6
 7.406716e+01 4.554768e+01 1.518554e+02 5.313395e-01 2.595287e+00 -4.877795e+01
<VARIANCE> 6
 3.129757e+01 1.230843e+04 1.230786e+04 2.593203e+02 1.595152e+04 1.545820e+07
<GCONST> 6.509586e+01
<MIXTURE> 3 1.186362e-01
<MEAN> 6
 7.430335e+01 1.351756e+02 -3.074495e+02 -1.449225e+00 -8.294615e-01 -4.098630e+01
<VARIANCE> 6
 3.129757e+01 1.230843e+04 1.230786e+04 2.593203e+02 1.595152e+04 1.545820e+07
<GCONST> 6.509586e+01
<MIXTURE> 4 2.182866e-01
<MEAN> 6
 6.739503e+01 -1.229185e+02 1.872956e+02 1.700078e+00 2.543158e+00 -8.338334e+00
<VARIANCE> 6
 3.129757e+01 1.890011e+04 2.190054e+04 2.593203e+02 1.595152e+04 1.545820e+07
<GCONST> 6.610101e+01
<MIXTURE> 5 1.536820e-01
<MEAN> 6
 7.663973e+01 8.071168e+01 -3.657145e+02 -1.595890e+00 -1.118943e+00 -8.189231e+01
<VARIANCE> 6
 3.129757e+01 1.230843e+04 1.230786e+04 2.593203e+02 1.595152e+04 1.545820e+07
<GCONST> 6.509586e+01
<MIXTURE> 6 1.644271e-01
<MEAN> 6
 7.326730e+01 1.956503e+01 1.407468e+02 6.563445e-01 -4.142733e+00 -8.098779e+01
<VARIANCE> 6
 3.129757e+01 1.230843e+04 1.230786e+04 2.593203e+02 1.595152e+04 1.545820e+07
<GCONST> 6.509586e+01
<STATE> 4
<NUMMIXES> 6
<MIXTURE> 1 2.250677e-01
<MEAN> 6
 9.413329e+01 -1.954616e+02 5.678593e+02 -1.617568e+00 3.034124e+00 -2.226692e+01
<VARIANCE> 6
 3.129757e+01 3.278952e+04 1.368909e+05 2.593203e+02 1.595152e+04 1.545820e+07
<GCONST> 6.848463e+01
<MIXTURE> 2 1.508344e-01
<MEAN> 6
 9.386531e+01 -4.715877e+01 -3.159438e+00 -4.860808e-01 2.954046e+00 -1.946079e+01
<VARIANCE> 6
 3.129757e+01 1.230843e+04 2.365886e+04 2.593203e+02 1.595152e+04 1.545820e+07
<GCONST> 6.574936e+01
<MIXTURE> 3 1.831281e-01
<MEAN> 6
 9.022102e+01 -4.638695e+02 9.527705e+01 -4.584128e-01 -7.264813e+00 -1.197535e+02
<VARIANCE> 6
 3.129757e+01 1.300764e+05 4.453245e+04 2.593203e+02 1.595152e+04 1.545820e+07
<GCONST> 6.873968e+01
<MIXTURE> 4 7.076749e-02
<MEAN> 6
 9.294023e+01 -1.375018e+02 -5.356281e+02 -1.716672e+00 1.241843e+01 1.253294e+02
<VARIANCE> 6
 3.129757e+01 5.250093e+04 1.230786e+04 2.593203e+02 1.595152e+04 1.545820e+07
<GCONST> 6.654641e+01
<MIXTURE> 5 2.366639e-01
<MEAN> 6
 9.421436e+01 -4.620214e+02 -5.382577e+02 6.276922e-01 -3.848221e+00 -4.273766e+01
<VARIANCE> 6
 3.129757e+01 1.864617e+04 1.230786e+04 2.593203e+02 1.595152e+04 1.545820e+07
<GCONST> 6.551122e+01
<MIXTURE> 6 1.335199e-01
<MEAN> 6
 9.168083e+01 -9.433230e+01 -2.767322e+01 -6.353988e-01 3.744376e+00 -6.348391e+01
<VARIANCE> 6
 3.129757e+01 1.434266e+04 2.317042e+04 2.593203e+02 1.595152e+04 1.545820e+07
<GCONST> 6.588145e+01
<STATE> 5
<NUMMIXES> 6
<MIXTURE> 1 2.029640e-01
<MEAN> 6
 7.444537e+01 1.607106e+02 -1.176755e+03 -3.578554e-01 8.488027e+00 2.282293e+01
<VARIANCE> 6
 3.129757e+01 2.587436e+04 8.953952e+04 2.593203e+02 1.595152e+04 1.545820e+07
<GCONST> 6.782327e+01
<MIXTURE> 2 1.701516e-01
<MEAN> 6
 8.094295e+01 -1.164077e+01 -7.756786e+02 -9.062641e-01 -6.774138e+00 -6.708807e+01
<VARIANCE> 6
 4.044582e+01 4.173891e+04 1.230786e+04 2.593203e+02 1.595152e+04 1.545820e+07
<GCONST> 6.657343e+01
<MIXTURE> 3 1.494564e-01
<MEAN> 6
 6.808862e+01 1.447765e+01 -8.996203e+02 -5.931360e-01 -2.747250e+00 -7.171024e+01
<VARIANCE> 6
 3.129757e+01 1.230843e+04 1.960149e+04 2.593203e+02 1.595152e+04 1.545820e+07
<GCONST> 6.556123e+01
<MIXTURE> 4 2.280071e-01
<MEAN> 6
 7.230643e+01 -4.009354e+02 -7.618281e+02 -1.167727e+00 -5.033298e+00 8.812091e+00
<VARIANCE> 6
 3.129757e+01 1.230843e+04 1.266212e+04 2.593203e+02 1.595152e+04 1.545820e+07
<GCONST> 6.512424e+01
<MIXTURE> 5 1.009235e-01
<MEAN> 6
 6.502508e+01 -2.538772e+02 -1.209089e+03 3.547930e+00 -1.643013e+01 8.933184e+01
<VARIANCE> 6
 3.129757e+01 1.230843e+04 1.862624e+04 2.593203e+02 1.595152e+04 1.545820e+07
<GCONST> 6.551019e+01
<MIXTURE> 6 1.484769e-01
<MEAN> 6
 6.708695e+01 -1.563417e+01 -9.500559e+02 -4.898680e-01 -3.721022e+00 -4.921414e+01
<VARIANCE> 6
 3.129757e+01 1.230843e+04 1.230786e+04 2.593203e+02 1.595152e+04 1.545820e+07
<GCONST> 6.509586e+01
<STATE> 6
<NUMMIXES> 6
<MIXTURE> 1 1.870387e-01
<MEAN> 6
 1.011701e+02 1.457740e+03 6.664180e+02 -3.762453e+00 -1.634216e+00 1.314632e+01
<VARIANCE> 6
 5.827735e+01 2.091587e+05 1.422518e+05 2.593203e+02 1.595152e+04 1.545820e+07
<GCONST> 7.099770e+01
<MIXTURE> 2 2.125748e-01
<MEAN> 6
 9.470934e+01 8.084986e+02 2.267258e+02 -3.515563e+00 -1.301470e+00 5.678413e+01
<VARIANCE> 6
 3.129757e+01 1.230843e+04 1.230786e+04 2.593203e+02 1.595152e+04 1.545820e+07
<GCONST> 6.509586e+01
<MIXTURE> 3 2.098455e-01
<MEAN> 6
 8.738226e+01 3.760089e+02 4.324311e+02 4.516647e-01 -9.029367e-01 -1.318720e+01
<VARIANCE> 6
 3.129757e+01 1.861116e+04 1.230786e+04 2.593203e+02 1.595152e+04 1.545820e+07
<GCONST> 6.550934e+01
<MIXTURE> 4 1.281954e-01
<MEAN> 6
 9.059261e+01 6.725704e+02 1.686893e+02 -2.330158e+00 1.703538e+00 -1.252702e+01
<VARIANCE> 6
 3.129757e+01 9.740895e+04 1.230786e+04 2.593203e+02 1.595152e+04 1.545820e+07
<GCONST> 6.716450e+01
<MIXTURE> 5 1.173735e-01
<MEAN> 6
 9.248462e+01 1.865822e+02 1.612535e+02 -2.779159e+00 1.454578e+01 1.179129e+00
<VARIANCE> 6
 3.129757e+01 1.230843e+04 1.230786e+04 2.593203e+02 4.060436e+04 1.545820e+07
<GCONST> 6.603018e+01
<MIXTURE> 6 1.449673e-01
<MEAN> 6
 9.206067e+01 1.640311e+02 1.733416e+02 -3.306290e+00 -1.461632e+01 4.373195e+01
<VARIANCE> 6
 3.129757e+01 1.230843e+04 1.230786e+04 2.593203e+02 1.595152e+04 1.545820e+07
<GCONST> 6.509586e+01
<STATE> 7
<NUMMIXES> 6
<MIXTURE> 1 1.260366e-01
<MEAN> 6
 8.401546e+01 1.047353e+03 -4.161554e+02 -1.095764e+00 1.332687e+01 -8.034829e+01
<VARIANCE> 6
 3.129757e+01 2.428711e+05 4.429010e+04 2.593203e+02 1.595152e+04 1.545820e+07
<GCONST> 6.935863e+01
<MIXTURE> 2 2.278244e-01
<MEAN> 6
 8.971526e+01 1.358387e+03 -4.397141e+02 -3.859735e+00 -4.044734e+00 2.998459e+02
<VARIANCE> 6
 3.871357e+01 1.914580e+05 4.840964e+04 2.593203e+02 2.004748e+04 1.545820e+07
<GCONST> 6.965090e+01
<MIXTURE> 3 1.028294e-01
<MEAN> 6
 1.186936e+02 -4.495495e+02 2.236207e+03 -1.714442e+00 -8.657595e+00 1.234443e+01
<VARIANCE> 6
 3.129757e+01 1.230843e+04 1.230786e+04 2.593203e+02 1.595152e+04 1.545820e+07
<GCONST> 6.509586e+01
<MIXTURE> 4 1.495840e-01
<MEAN> 6
 1.166104e+02 -4.827605e+02 2.550504e+03 -1.111242e+00 -1.226604e+00 -3.328056e+01
<VARIANCE> 6
 3.129757e+01 1.230843e+04 2.086976e+04 2.593203e+02 1.595152e+04 1.545820e+07
<GCONST> 6.562392e+01
<MIXTURE> 5 5.141555e-02
<MEAN> 6
 7.424052e+01 -3.083624e+00 -1.683992e+02 -1.117072e+01 -4.425922e+02 -1.017618e+04
<VARIANCE> 6
 7.328703e+01 2.815784e+04 2.000056e+05 2.593203e+02 2.408811e+04 2.635022e+07
<GCONST> 7.050785e+01
<MIXTURE> 6 3.423094e-01
<MEAN> 6
 8.318834e+01 5.817431e+02 -6.113516e+02 -7.589439e-01 8.158819e+00 2.425311e+01
<VARIANCE> 6
 3.129757e+01 8.153288e+04 1.230786e+04 2.593203e+02 1.595152e+04 1.545820e+07
<GCONST> 6.698658e+01
<STATE> 8
<NUMMIXES> 6
<MIXTURE> 1 1.070664e-01
<MEAN> 6
 9.018874e+01 -1.404019e+03 8.259085e+02 -1.406754e-01 3.488987e+00 4.247854e+01
<VARIANCE> 6
 3.129757e+01 1.230843e+04 1.230786e+04 2.593203e+02 1.595152e+04 1.545820e+07
<GCONST> 6.509586e+01
<MIXTURE> 2 2.013192e-01
<MEAN> 6
 6.871918e+01 -4.140344e+02 3.634460e+02 1.369315e+00 4.180175e+00 -9.496346e+01
<VARIANCE> 6
 3.346265e+01 1.230843e+04 1.230786e+04 2.593203e+02 1.595152e+04 1.545820e+07
<GCONST> 6.516275e+01
<MIXTURE> 3 2.513768e-01
<MEAN> 6
 7.341264e+01 -8.147947e+02 -3.874703e+02 -3.325596e+00 -5.299801e+00 1.250360e+02
<VARIANCE> 6
 3.129757e+01 2.901002e+04 6.130515e+04 2.593203e+02 1.595152e+04 1.545820e+07
<GCONST> 6.755885e+01
<MIXTURE> 4 1.521003e-01
<MEAN> 6
 6.728740e+01 -5.823051e+02 -5.518377e+02 -1.838817e+00 2.160996e+00 -3.389727e+01
<VARIANCE> 6
 3.129757e+01 1.474142e+04 1.854221e+04 2.593203e+02 1.595152e+04 1.545820e+07
<GCONST> 6.568605e+01
<MIXTURE> 5 1.619418e-01
<MEAN> 6
 7.489223e+01 -9.046047e+02 1.966432e+02 2.371386e-03 9.223840e+00 -3.677765e+02
<VARIANCE> 6
 3.129757e+01 9.189452e+04 9.778084e+04 2.593203e+02 1.595152e+04 1.545820e+07
<GCONST> 6.917871e+01
<MIXTURE> 6 1.261853e-01
<MEAN> 6
 6.960159e+01 -7.209806e+02 -7.576060e+02 -2.269349e+00 5.523065e-01 -5.370889e+01
<VARIANCE> 6
 3.129757e+01 1.726927e+04 9.623728e+04 2.593203e+02 1.595152e+04 1.545820e+07
<GCONST> 6.749108e+01
<STATE> 9
<NUMMIXES> 6
<MIXTURE> 1 8.185398e-02
<MEAN> 6
 1.148328e+02 -9.634028e+01 -4.529417e+02 -4.179589e+00 7.605685e-01 -3.726273e+01
<VARIANCE> 6
 3.129757e+01 1.153037e+05 1.230786e+04 2.593203e+02 1.595152e+04 1.545820e+07
<GCONST> 6.733315e+01
<MIXTURE> 2 2.254066e-01
<MEAN> 6
 7.723205e+01 2.750660e+03 1.527374e+02 -1.875141e+00 -7.512390e+00 -5.291569e+01
<VARIANCE> 6
 3.129757e+01 5.387420e+04 1.132202e+05 2.593203e+02 1.595152e+04 1.545820e+07
<GCONST> 6.879132e+01
<MIXTURE> 3 1.985587e-01
<MEAN> 6
 8.796510e+01 1.081326e+03 -1.658073e+03 -1.359637e+00 -4.645745e+00 2.955474e+01
<VARIANCE> 6
 3.129757e+01 1.230843e+04 2.910436e+05 2.593203e+02 1.595152e+04 1.545820e+07
<GCONST> 6.825909e+01
<MIXTURE> 4 8.929034e-02
<MEAN> 6
 1.045814e+02 -1.956036e+03 3.636491e+02 -7.836798e+00 3.965050e+00 -1.724421e+02
<VARIANCE> 6
 4.278865e+01 3.175366e+05 1.314741e+05 2.593203e+02 1.595152e+04 1.545820e+07
<GCONST> 7.102747e+01
<MIXTURE> 5 2.073750e-01
<MEAN> 6
 8.304001e+01 -7.458727e+02 -2.129831e+03 -2.738436e+00 -1.828452e+00 -1.142241e+02
<VARIANCE> 6
 7.100476e+01 6.911044e+05 1.198375e+06 2.593203e+02 1.748624e+04 1.545820e+07
<GCONST> 7.461342e+01
<MIXTURE> 6 1.975143e-01
<MEAN> 6
 1.000446e+02 -3.224749e+03 -1.108565e+02 -3.290482e+00 2.992229e+00 -9.096120e+01
<VARIANCE> 6
 3.129757e+01 4.986061e+05 1.806522e+04 2.593203e+02 1.595152e+04 1.545820e+07
<GCONST> 6.918114e+01
<STATE> 10
<NUMMIXES> 6
<MIXTURE> 1 1.775759e-01
<MEAN> 6
 6.557246e+01 8.441393e+02 -1.364789e+02 -6.397533e-01 -3.400851e-01 -6.041351e+01
<VARIANCE> 6
 3.129757e+01 3.038784e+04 1.230786e+04 2.593203e+02 1.595152e+04 1.545820e+07
<GCONST> 6.599962e+01
<MIXTURE> 2 9.226953e-02
<MEAN> 6
 5.701024e+01 -1.214774e+03 -5.551044e+02 3.211051e+00 -6.906124e+00 7.883710e+00
<VARIANCE> 6
 3.129757e+01 9.846345e+04 2.475847e+04 2.593203e+02 1.595152e+04 1.545820e+07
<GCONST> 6.787419e+01
<MIXTURE> 3 2.482281e-01
<MEAN> 6
 6.379799e+01 -6.948379e+01 -2.572780e+02 1.445338e+00 -4.150429e+00 -1.421648e+02
<VARIANCE> 6
 3.129757e+01 5.086477e+04 1.230786e+04 2.593203e+02 1.595152e+04 1.545820e+07
<GCONST> 6.651475e+01
<MIXTURE> 4 1.446879e-01
<MEAN> 6
 6.361985e+01 -1.463466e+02 -2.358549e+02 5.544143e-01 -1.954359e-01 -7.744048e+01
<VARIANCE> 6
 3.129757e+01 4.367257e+04 1.230786e+04 2.593203e+02 1.595152e+04 1.545820e+07
<GCONST> 6.636230e+01
<MIXTURE> 5 1.784691e-01
<MEAN> 6
 5.884898e+01 4.382861e+02 -2.000865e+02 4.913546e-01 1.990919e+00 -6.792616e+01
<VARIANCE> 6
 6.024106e+01 1.230843e+04 1.230786e+04 2.593203e+02 1.595152e+04 1.545820e+07
<GCONST> 6.575067e+01
<MIXTURE> 6 1.587325e-01
<MEAN> 6
 6.080528e+01 -3.099401e+02 -2.648020e+02 4.147163e-01 -5.858082e-01 -6.663611e+01
<VARIANCE> 6
 3.129757e+01 4.162503e+04 1.230786e+04 2.593203e+02 1.595152e+04 1.545820e+07
<GCONST> 6.631428e+01
<STATE> 11
<NUMMIXES> 6
<MIXTURE> 1 2.245709e-01
<MEAN> 6
 8.116257e+01 1.187113e+03 3.836141e+02 -1.228654e+00 -2.339636e+00 -1.154797e+02
<VARIANCE> 6
 3.129757e+01 8.239830e+04 1.230786e+04 2.593203e+02 1.595152e+04 1.545820e+07
<GCONST> 6.699714e+01
<MIXTURE> 2 1.108215e-01
<MEAN> 6
 7.104912e+01 8.442034e+02 6.959041e+02 1.161856e-01 3.487144e+00 -3.478370e+01
<VARIANCE> 6
 3.129757e+01 1.052056e+05 1.230786e+04 2.593203e+02 1.595152e+04 1.545820e+07
<GCONST> 6.724149e+01
<MIXTURE> 3 1.821654e-01
<MEAN> 6
 7.923228e+01 5.584464e+02 7.649276e+02 -2.666107e+00 -1.288948e+00 -4.050620e+01
<VARIANCE> 6
 3.129757e+01 1.861804e+04 9.314329e+04 2.593203e+02 1.595152e+04 1.545820e+07
<GCONST> 6.753361e+01
<MIXTURE> 4 1.782065e-01
<MEAN> 6
 8.036816e+01 1.746896e+02 4.654564e+02 -2.927496e+00 -2.460732e+00 -5.707894e+01
<VARIANCE> 6
 3.129757e+01 1.158705e+05 1.230786e+04 2.593203e+02 1.595152e+04 1.545820e+07
<GCONST> 6.733805e+01
<MIXTURE> 5 1.889658e-01
<MEAN> 6
 7.440137e+01 4.318426e+02 1.127894e+02 3.525672e+00 -4.325984e+00 -5.535797e+01
<VARIANCE> 6
 3.129757e+01 1.230843e+04 1.230786e+04 2.593203e+02 1.595152e+04 1.545820e+07
<GCONST> 6.509586e+01
<MIXTURE> 6 1.152427e-01
<MEAN> 6
 7.182716e+01 6.872059e+02 6.864293e+02 -1.601361e-01 -3.082611e+00 -8.292284e+01
<VARIANCE> 6
 3.129757e+01 1.085508e+05 1.230786e+04 2.593203e+02 1.595152e+04 1.545820e+07
<GCONST> 6.727280e+01
<STATE> 12
<NUMMIXES> 6
<MIXTURE> 1 1.784271e-02
<MEAN> 6
 4.405768e+01 1.152204e+02 8.192519e+01 8.378885e-01 -1.023044e+03 2.682543e+03
<VARIANCE> 6
 7.477571e+03 2.175824e+06 2.036320e+06 4.998463e+05 2.457084e+08 3.510953e+11
<GCONST> 1.080925e+02
<MIXTURE> 2 2.425458e-01
<MEAN> 6
 -1.983840e+01 1.086623e+02 7.712267e+00 7.187601e+01 3.251265e+02 -4.619232e+02
<VARIANCE> 6
 1.803357e+03 2.029963e+05 1.713263e+05 1.778075e+04 1.671490e+05 2.636943e+07
<GCONST> 8.169717e+01
<MIXTURE> 3 2.276635e-01
<MEAN> 6
 3.373172e+01 4.787562e+01 1.218391e+02 -2.856164e+01 -2.580645e+02 -3.600253e+02
<VARIANCE> 6
 2.908374e+03 6.492218e+04 2.301670e+05 5.998602e+04 1.345074e+06 3.036621e+08
<GCONST> 8.707537e+01
<MIXTURE> 4 1.849826e-01
<MEAN> 6
 9.622878e+01 -9.242546e+00 4.109301e+01 -6.054049e+00 -1.058390e+02 1.031505e+02
<VARIANCE> 6
 2.903181e+02 5.253009e+05 2.212539e+05 2.076853e+03 6.859891e+04 2.194221e+07
<GCONST> 7.785560e+01
<MIXTURE> 5 1.869587e-01
<MEAN> 6
 1.528239e+00 -9.114981e+01 -6.055854e+01 -3.785759e+01 5.486232e+02 1.969094e+03
<VARIANCE> 6
 3.690669e+03 4.496566e+05 1.524923e+05 6.120933e+04 2.165466e+06 8.494197e+08
<GCONST> 9.036221e+01
<MIXTURE> 6 1.388558e-01
<MEAN> 6
 8.439661e+01 -1.160723e+02 -4.401000e+01 -1.611863e+01 -6.112359e+02 -1.659093e+03
<VARIANCE> 6
 3.608154e+02 2.981816e+05 1.286492e+05 2.314780e+04 2.708106e+05 6.477622e+07
<GCONST> 8.183121e+01
<TRANSP> 13
 0.000000e+00 1.000000e+00 0.000000e+00 0.000000e+00 0.000000e+00 0.000000e+00 0.000000e+00 0.000000e+00 0.000000e+00 0.000000e+00 0.000000e+00 0.000000e+00 0.000000e+00
 0.000000e+00 9.997919e-01 2.080630e-04 0.000000e+00 0.000000e+00 0.000000e+00 0.000000e+00 0.000000e+00 0.000000e+00 0.000000e+00 0.000000e+00 0.000000e+00 0.000000e+00
 0.000000e+00 0.000000e+00 9.985260e-01 1.474004e-03 0.000000e+00 0.000000e+00 0.000000e+00 0.000000e+00 0.000000e+00 0.000000e+00 0.000000e+00 0.000000e+00 0.000000e+00
 0.000000e+00 0.000000e+00 0.000000e+00 9.980509e-01 1.949060e-03 0.000000e+00 0.000000e+00 0.000000e+00 0.000000e+00 0.000000e+00 0.000000e+00 0.000000e+00 0.000000e+00
 0.000000e+00 0.000000e+00 0.000000e+00 0.000000e+00 9.976454e-01 2.354631e-03 0.000000e+00 0.000000e+00 0.000000e+00 0.000000e+00 0.000000e+00 0.000000e+00 0.000000e+00
 0.000000e+00 0.000000e+00 0.000000e+00 0.000000e+00 0.000000e+00 9.969365e-01 3.063540e-03 0.000000e+00 0.000000e+00 0.000000e+00 0.000000e+00 0.000000e+00 0.000000e+00
 0.000000e+00 0.000000e+00 0.000000e+00 0.000000e+00 0.000000e+00 0.000000e+00 9.927476e-01 7.252392e-03 0.000000e+00 0.000000e+00 0.000000e+00 0.000000e+00 0.000000e+00
 0.000000e+00 0.000000e+00 0.000000e+00 0.000000e+00 0.000000e+00 0.000000e+00 0.000000e+00 9.973531e-01 2.646887e-03 0.000000e+00 0.000000e+00 0.000000e+00 0.000000e+00
 0.000000e+00 0.000000e+00 0.000000e+00 0.000000e+00 0.000000e+00 0.000000e+00 0.000000e+00 0.000000e+00 9.973429e-01 2.657111e-03 0.000000e+00 0.000000e+00 0.000000e+00
 0.000000e+00 0.000000e+00 0.000000e+00 0.000000e+00 0.000000e+00 0.000000e+00 0.000000e+00 0.000000e+00 0.000000e+00 9.983253e-01 1.674680e-03 0.000000e+00 0.000000e+00
 0.000000e+00 0.000000e+00 0.000000e+00 0.000000e+00 0.000000e+00 0.000000e+00 0.000000e+00 0.000000e+00 0.000000e+00 0.000000e+00 9.971007e-01 2.899402e-03 0.000000e+00
 0.000000e+00 0.000000e+00 0.000000e+00 0.000000e+00 0.000000e+00 0.000000e+00 0.000000e+00 0.000000e+00 0.000000e+00 0.000000e+00 0.000000e+00 9.999449e-01 5.507770e-05
 0.000000e+00 0.000000e+00 0.000000e+00 0.000000e+00 0.000000e+00 0.000000e+00 0.000000e+00 0.000000e+00 0.000000e+00 0.000000e+00 0.000000e+00 0.000000e+00 0.000000e+00
<ENDHMM>
~h "SegundoESO"
<BEGINHMM>
<NUMSTATES> 13
<STATE> 2
<NUMMIXES> 6
<MIXTURE> 1 1.275662e-01
<MEAN> 6
 8.727826e+01 -9.940378e+01 4.405956e+02 -3.976892e+00 -1.790756e+01 -8.102332e+01
<VARIANCE> 6
 1.853118e+02 3.412174e+07 7.012522e+06 2.593203e+02 1.595152e+04 1.545820e+07
<GCONST> 8.114698e+01
<MIXTURE> 2 2.292677e-01
<MEAN> 6
 -4.891111e+01 1.318023e+02 9.692977e+02 1.053244e+01 6.838696e+02 -2.351469e+02
<VARIANCE> 6
 3.463240e+02 1.280363e+06 5.163778e+06 2.414655e+04 3.757064e+05 9.382911e+07
<GCONST> 8.767992e+01
<MIXTURE> 3 8.380105e-02
<MEAN> 6
 3.305955e+01 1.884225e+03 8.655815e+02 -5.390937e+01 -3.108849e+02 2.196086e+03
<VARIANCE> 6
 2.705374e+03 2.816890e+07 5.697802e+06 5.970668e+04 1.299686e+06 4.033579e+08
<GCONST> 9.652974e+01
<MIXTURE> 4 1.819315e-01
<MEAN> 6
 7.797797e+01 -1.411516e+02 7.724871e+02 5.813759e+00 -6.251255e+02 -7.403470e+01
<VARIANCE> 6
 3.724113e+02 1.127224e+06 5.374400e+06 2.315432e+04 1.465190e+05 4.085539e+07
<GCONST> 8.585009e+01
<MIXTURE> 5 2.004619e-01
<MEAN> 6
 1.716100e+01 -9.303736e+02 -2.759465e+02 1.809848e+01 -6.377760e+01 -5.781069e+02
<VARIANCE> 6
 1.837093e+03 9.221921e+06 3.387853e+06 4.026936e+04 1.482612e+05 4.008650e+07
<GCONST> 8.963263e+01
<MIXTURE> 6 1.768440e-01
<MEAN> 6
 7.685622e+01 2.489253e+01 -1.043394e+03 -8.318321e-01 -9.158410e+00 -1.069386e+02
<VARIANCE> 6
 9.128540e+01 2.186533e+06 1.930772e+07 2.593203e+02 1.595152e+04 1.545820e+07
<GCONST> 7.870412e+01
<STATE> 3
<NUMMIXES> 6
<MIXTURE> 1 1.408596e-01
<MEAN> 6
 9.676072e+01 -8.060544e+02 -2.799100e+02 -2.709962e+01 -2.038731e+02 6.377353e+03
<VARIANCE> 6
 1.928111e+02 4.847338e+05 6.141153e+06 4.094066e+02 2.174229e+05 6.357839e+07
<GCONST> 8.128294e+01
<MIXTURE> 2 1.401166e-01
<MEAN> 6
 8.663654e+01 -8.796888e+02 -7.109752e+03 -7.353496e+00 1.500903e+01 -8.248867e+00
<VARIANCE> 6
 3.129757e+01 1.230843e+04 2.073269e+06 2.593203e+02 1.595152e+04 1.545820e+07
<GCONST> 7.022250e+01
<MIXTURE> 3 1.942699e-01
<MEAN> 6
 1.131903e+02 -1.282947e+03 -6.340448e+03 -9.570919e+00 1.572148e+01 -6.375154e+01
<VARIANCE> 6
 3.129757e+01 2.194243e+04 1.230786e+04 2.593203e+02 1.595152e+04 1.545820e+07
<GCONST> 6.567400e+01
<MIXTURE> 4 1.560490e-01
<MEAN> 6
 1.025706e+02 -7.201038e+02 -6.879647e+03 -3.525661e+00 1.924376e+00 -1.587785e+00
<VARIANCE> 6
 3.129757e+01 1.812607e+04 8.095630e+04 2.593203e+02 1.595152e+04 1.545820e+07
<GCONST> 6.736660e+01
<MIXTURE> 5 2.188976e-01
<MEAN> 6
 8.069768e+01 -7.814031e+02 -1.108244e+04 -1.834867e+00 1.404773e+00 -1.841073e+01
<VARIANCE> 6
 3.129757e+01 1.230843e+04 1.126255e+06 2.593203e+02 1.595152e+04 1.545820e+07
<GCONST> 6.961227e+01
<MIXTURE> 6 1.497984e-01
<MEAN> 6
 9.968313e+01 -6.822054e+02 -7.159155e+03 -3.948641e+00 2.304951e+00 5.023677e+01
<VARIANCE> 6
 3.129757e+01 2.790858e+04 7.559934e+04 2.593203e+02 1.595152e+04 1.545820e+07
<GCONST> 6.772972e+01
<STATE> 4
<NUMMIXES> 6
<MIXTURE> 1 1.598881e-01
<MEAN> 6
 9.749855e+01 5.197517e+01 -4.437054e+02 -1.356581e+01 3.866295e+01 -1.649455e+02
<VARIANCE> 6
 3.129757e+01 5.404744e+04 1.312661e+06 2.593203e+02 1.595152e+04 1.545820e+07
<GCONST> 7.124501e+01
<MIXTURE> 2 1.826182e-01
<MEAN> 6
 8.354942e+01 -1.021728e+02 -2.070808e+03 -2.695271e+00 -1.292051e+01 6.630277e+00
<VARIANCE> 6
 7.687450e+01 1.615154e+04 2.670327e+04 2.593203e+02 1.595152e+04 1.545820e+07
<GCONST> 6.704077e+01
<MIXTURE> 3 1.863166e-01
<MEAN> 6
 9.021665e+01 4.433607e+02 -2.808441e+03 -3.108232e+00 3.195880e+00 1.784727e+01
<VARIANCE> 6
 3.129757e+01 1.762611e+04 4.712785e+05 2.593203e+02 1.595152e+04 1.545820e+07
<GCONST> 6.910017e+01
<MIXTURE> 4 6.195879e-02
<MEAN> 6
 8.388457e+01 -1.463990e+03 -2.023135e+03 -5.850005e+00 1.250731e+01 5.656815e+01
<VARIANCE> 6
 3.129757e+01 1.323075e+06 1.823928e+05 2.593203e+02 1.595152e+04 1.545820e+07
<GCONST> 7.246922e+01
<MIXTURE> 5 2.488562e-01
<MEAN> 6
 7.433579e+01 2.318957e+01 -2.325860e+03 1.561955e-01 -1.408793e+00 -2.748343e+01
<VARIANCE> 6
 3.129757e+01 1.230843e+04 8.981882e+04 2.593203e+02 1.595152e+04 1.545820e+07
<GCONST> 6.708342e+01
<MIXTURE> 6 1.603452e-01
<MEAN> 6
 8.331654e+01 3.646324e+02 -3.228564e+03 -1.202168e+00 3.240816e+00 -4.169457e+01
<VARIANCE> 6
 4.794665e+01 1.801467e+04 3.651475e+05 2.593203e+02 1.595152e+04 1.545820e+07
<GCONST> 6.929337e+01
<STATE> 5
<NUMMIXES> 6
<MIXTURE> 1 1.855210e-01
<MEAN> 6
 5.858221e+01 6.778806e+02 -2.747041e+03 -1.683198e-02 -6.046902e+00 -1.624619e+02
<VARIANCE> 6
 3.129757e+01 1.230843e+04 8.993218e+04 2.593203e+02 1.595152e+04 1.545820e+07
<GCONST> 6.708468e+01
<MIXTURE> 2 1.758064e-01
<MEAN> 6
 5.497421e+01 1.182690e+02 -3.293832e+03 3.397189e-02 1.434844e+00 -1.522699e+01
<VARIANCE> 6
 3.129757e+01 1.230843e+04 8.372146e+05 2.593203e+02 1.595152e+04 1.545820e+07
<GCONST> 6.931570e+01
<MIXTURE> 3 2.329684e-01
<MEAN> 6
 5.720840e+01 5.590532e+02 -4.894232e+03 5.649757e-01 6.232274e-02 9.651115e+00
<VARIANCE> 6
 3.129757e+01 1.230843e+04 4.436934e+05 2.593203e+02 1.595152e+04 1.545820e+07
<GCONST> 6.868076e+01
<MIXTURE> 4 7.043052e-03
<MEAN> 6
 7.273542e+01 -3.324420e+02 -3.849273e+02 -2.946509e-01 -1.711071e+01 3.551141e+02
<VARIANCE> 6
 1.118157e+02 2.656983e+06 3.495264e+06 2.593203e+02 1.740317e+04 1.545820e+07
<GCONST> 7.747986e+01
<MIXTURE> 5 2.242547e-01
<MEAN> 6
 5.823724e+01 6.585563e+02 -3.460632e+03 1.587319e-01 -9.881415e-01 -2.663441e+01
<VARIANCE> 6
 3.129757e+01 1.230843e+04 2.665969e+05 2.593203e+02 1.595152e+04 1.545820e+07
<GCONST> 6.817136e+01
<MIXTURE> 6 1.743759e-01
<MEAN> 6
 5.494398e+01 1.007989e+02 -3.860001e+03 2.390167e-02 2.821358e+00 -3.352560e+01
<VARIANCE> 6
 3.129757e+01 1.230843e+04 8.495928e+05 2.593203e+02 1.595152e+04 1.545820e+07
<GCONST> 6.933038e+01
<STATE> 6
<NUMMIXES> 6
<MIXTURE> 1 8.969188e-02
<MEAN> 6
 7.867566e+01 -4.704099e+01 1.130142e+03 -6.876132e-01 -4.735036e+00 -1.059545e+01
<VARIANCE> 6
 3.129757e+01 1.205073e+05 7.822522e+05 2.593203e+02 1.595152e+04 1.545820e+07
<GCONST> 7.152922e+01
<MIXTURE> 2 2.098451e-01
<MEAN> 6
 7.760939e+01 3.803206e+02 5.080515e+02 -4.711639e-01 1.790252e+00 -2.785209e+00
<VARIANCE> 6
 3.129757e+01 6.615853e+04 1.028795e+05 2.593203e+02 1.595152e+04 1.545820e+07
<GCONST> 6.890095e+01
<MIXTURE> 3 1.234804e-01
<MEAN> 6
 8.841000e+01 -1.649638e+03 3.665140e+02 -3.866545e-01 -4.447818e+00 -3.086079e+01
<VARIANCE> 6
 3.129757e+01 3.166708e+05 3.936434e+04 2.593203e+02 1.595152e+04 1.545820e+07
<GCONST> 6.950606e+01
<MIXTURE> 4 1.824426e-01
<MEAN> 6
 8.279642e+01 -7.648513e+02 2.042289e+02 -5.142609e-01 -1.977177e+00 -7.172554e+01
<VARIANCE> 6
 3.129757e+01 2.060033e+04 3.473729e+04 2.593203e+02 1.595152e+04 1.545820e+07
<GCONST> 6.664846e+01
<MIXTURE> 5 1.869200e-01
<MEAN> 6
 8.225523e+01 -7.216331e+02 8.596472e+01 -7.590567e-02 -4.424817e-01 -6.308436e+01
<VARIANCE> 6
 3.129757e+01 2.610870e+04 1.583561e+04 2.593203e+02 1.595152e+04 1.545820e+07
<GCONST> 6.609987e+01
<MIXTURE> 6 2.075966e-01
<MEAN> 6
 7.832281e+01 2.321956e+01 2.132415e+02 -1.010787e+00 -2.760188e+00 -2.136018e+00
<VARIANCE> 6
 3.129757e+01 1.335522e+05 9.830407e+04 2.593203e+02 1.595152e+04 1.545820e+07
<GCONST> 6.955790e+01
<STATE> 7
<NUMMIXES> 6
<MIXTURE> 1 2.780123e-01
<MEAN> 6
 7.319370e+01 7.752302e+01 -5.482995e+02 -6.804696e-01 -2.349967e+00 -1.205422e+02
<VARIANCE> 6
 3.129757e+01 2.437745e+04 1.773875e+04 2.593203e+02 1.595152e+04 1.545820e+07
<GCONST> 6.614474e+01
<MIXTURE> 2 1.344743e-01
<MEAN> 6
 6.678770e+01 8.067291e+02 -1.191115e+03 3.384728e-01 -8.258241e+00 -1.338239e+02
<VARIANCE> 6
 3.129757e+01 1.230843e+04 6.276191e+04 2.593203e+02 1.595152e+04 1.545820e+07
<GCONST> 6.672497e+01
<MIXTURE> 3 1.611778e-01
<MEAN> 6
 7.498261e+01 7.730256e+02 -7.637105e+02 -9.387477e-01 -4.126655e+00 -5.244884e+01
<VARIANCE> 6
 3.129757e+01 2.021139e+05 1.230786e+04 2.593203e+02 1.595152e+04 1.545820e+07
<GCONST> 6.789441e+01
<MIXTURE> 4 1.473890e-01
<MEAN> 6
 7.030597e+01 -1.984371e+02 -6.676167e+02 -8.164306e-02 7.054178e-01 -1.005472e+02
<VARIANCE> 6
 3.129757e+01 2.893255e+05 3.669141e+04 2.593203e+02 1.595152e+04 1.545820e+07
<GCONST> 6.934544e+01
<MIXTURE> 5 1.178058e-01
<MEAN> 6
 7.223428e+01 1.057666e+01 -5.229154e+02 -3.097788e-01 -2.517668e+00 8.324615e+01
<VARIANCE> 6
 3.129757e+01 1.700996e+05 5.222914e+04 2.593203e+02 1.595152e+04 1.545820e+07
<GCONST> 6.916736e+01
<MIXTURE> 6 1.611275e-01
<MEAN> 6
 7.543772e+01 6.112419e+02 -7.747754e+02 -6.643022e-01 -3.025304e+00 -5.558675e+01
<VARIANCE> 6
 3.129757e+01 1.709864e+05 1.230786e+04 2.593203e+02 1.595152e+04 1.545820e+07
<GCONST> 6.772716e+01
<STATE> 8
<NUMMIXES> 6
<MIXTURE> 1 1.022661e-01
<MEAN> 6
 6.404088e+01 -1.141262e+02 -1.508444e+03 1.047233e+00 6.231211e+00 -9.228301e+01
<VARIANCE> 6
 3.129757e+01 2.152586e+04 2.093724e+04 2.593203e+02 1.595152e+04 1.545820e+07
<GCONST> 6.618612e+01
<MIXTURE> 2 2.461566e-01
<MEAN> 6
 6.103510e+01 4.367835e+01 -7.721288e+01 -2.202659e-01 -2.605598e+00 -6.339969e+01
<VARIANCE> 6
 3.129757e+01 1.230843e+04 1.230786e+04 2.593203e+02 1.595152e+04 1.545820e+07
<GCONST> 6.509586e+01
<MIXTURE> 3 8.847171e-02
<MEAN> 6
 6.058461e+01 2.755611e+02 -1.878783e+03 1.532815e-02 -8.221260e+00 -1.585381e+02
<VARIANCE> 6
 3.129757e+01 1.230843e+04 4.713189e+04 2.593203e+02 1.595152e+04 1.545820e+07
<GCONST> 6.643857e+01
<MIXTURE> 4 1.918853e-01
<MEAN> 6
 6.031924e+01 -2.959565e+02 -3.507393e+02 3.227404e-01 -4.222043e+00 -2.347987e+01
<VARIANCE> 6
 3.129757e+01 4.196799e+04 1.689467e+04 2.593203e+02 1.595152e+04 1.545820e+07
<GCONST> 6.663924e+01
<MIXTURE> 5 1.292731e-01
<MEAN> 6
 5.785463e+01 -2.050487e+02 -4.507061e+02 -1.090536e+00 2.419958e+00 1.977768e+01
<VARIANCE> 6
 3.129757e+01 1.224855e+05 5.641551e+04 2.593203e+02 1.595152e+04 1.545820e+07
<GCONST> 6.891607e+01
<MIXTURE> 6 2.419409e-01
<MEAN> 6
 5.940435e+01 2.740144e+01 -1.305953e+02 -1.918013e-02 -2.197767e+00 -7.904461e+01
<VARIANCE> 6
 3.129757e+01 1.230843e+04 1.230786e+04 2.593203e+02 1.595152e+04 1.545820e+07
<GCONST> 6.509586e+01
<STATE> 9
<NUMMIXES> 6
<MIXTURE> 1 2.491957e-01
<MEAN> 6
 5.797748e+01 2.678217e+03 -2.446048e+02 3.824652e-01 -2.186836e+00 -1.136510e+02
<VARIANCE> 6
 3.129757e+01 1.247226e+04 1.230786e+04 2.593203e+02 1.595152e+04 1.545820e+07
<GCONST> 6.510909e+01
<MIXTURE> 2 1.649215e-01
<MEAN> 6
 5.822988e+01 1.706305e+03 -1.018282e+03 2.082735e-01 -3.497907e-01 -2.563045e+00
<VARIANCE> 6
 3.129757e+01 5.276775e+04 1.206137e+05 2.593203e+02 1.595152e+04 1.545820e+07
<GCONST> 6.883383e+01
<MIXTURE> 3 1.505190e-01
<MEAN> 6
 6.217111e+01 1.822388e+03 -2.146474e+02 4.314297e-01 -2.655480e-01 -8.330979e+01
<VARIANCE> 6
 3.129757e+01 1.230843e+04 1.469865e+04 2.593203e+02 1.595152e+04 1.545820e+07
<GCONST> 6.527338e+01
<MIXTURE> 4 1.490694e-01
<MEAN> 6
 5.891442e+01 2.558894e+03 -2.697002e+02 5.604998e-01 -1.945508e+00 -6.598532e+01
<VARIANCE> 6
 3.129757e+01 1.349195e+04 1.230786e+04 2.593203e+02 1.595152e+04 1.545820e+07
<GCONST> 6.518767e+01
<MIXTURE> 5 1.884329e-01
<MEAN> 6
 5.922834e+01 1.831230e+03 -3.697354e+02 4.522263e-01 -1.656909e+00 -1.627724e+02
<VARIANCE> 6
 3.129757e+01 1.230843e+04 1.230786e+04 2.593203e+02 1.595152e+04 1.545820e+07
<GCONST> 6.509586e+01
<MIXTURE> 6 9.786168e-02
<MEAN> 6
 5.898373e+01 1.360908e+03 -9.047250e+02 1.057586e-01 -6.968277e+00 -1.457952e+02
<VARIANCE> 6
 3.129757e+01 5.035098e+05 3.927509e+05 2.593203e+02 1.595152e+04 1.545820e+07
<GCONST> 7.227012e+01
<STATE> 10
<NUMMIXES> 6
<MIXTURE> 1 7.985503e-02
<MEAN> 6
 6.768162e+01 -2.472228e+02 1.240115e+03 -1.556210e+00 -1.447665e+00 -3.150782e+01
<VARIANCE> 6
 3.838386e+01 4.468591e+04 1.760060e+05 2.593203e+02 1.595152e+04 1.545820e+07
<GCONST> 6.924961e+01
<MIXTURE> 2 2.204705e-01
<MEAN> 6
 6.414169e+01 -5.921155e+02 2.612988e+01 -4.086722e-03 4.783871e+00 -9.911708e+01
<VARIANCE> 6
 3.129757e+01 5.079147e+04 1.230786e+04 2.593203e+02 1.595152e+04 1.545820e+07
<GCONST> 6.651331e+01
<MIXTURE> 3 1.205466e-01
<MEAN> 6
 6.772571e+01 -2.150080e+03 4.116921e+01 -8.128127e-02 -2.946648e+00 -1.556085e+01
<VARIANCE> 6
 3.129757e+01 1.460674e+05 2.236879e+05 2.593203e+02 1.595152e+04 1.545820e+07
<GCONST> 7.046966e+01
<MIXTURE> 4 2.522277e-01
<MEAN> 6
 7.023399e+01 -4.335195e+02 1.285657e+03 -1.922824e+00 2.312202e-01 -4.241901e+01
<VARIANCE> 6
 3.129757e+01 4.832230e+04 4.072772e+05 2.593203e+02 1.595152e+04 1.545820e+07
<GCONST> 6.996272e+01
<MIXTURE> 5 2.064607e-01
<MEAN> 6
 6.651205e+01 -9.246774e+02 -5.401237e+01 7.269439e-01 -1.792231e+00 -1.101889e+02
<VARIANCE> 6
 3.129757e+01 1.048226e+05 5.668335e+04 2.593203e+02 1.595152e+04 1.545820e+07
<GCONST> 6.876509e+01
<MIXTURE> 6 1.204213e-01
<MEAN> 6
 6.630501e+01 -2.192795e+03 -3.134315e+02 -1.156850e-01 -7.739207e-01 -4.974322e+01
<VARIANCE> 6
 3.129757e+01 9.429855e+04 1.113017e+05 2.593203e+02 1.595152e+04 1.545820e+07
<GCONST> 6.933405e+01
<STATE> 11
<NUMMIXES> 6
<MIXTURE> 1 1.491365e-01
<MEAN> 6
 7.068960e+01 6.241769e+02 2.134220e+02 -3.814679e-01 -3.539569e+00 -9.311501e+01
<VARIANCE> 6
 3.129757e+01 1.238953e+05 1.353816e+04 2.593203e+02 1.595152e+04 1.545820e+07
<GCONST> 6.750028e+01
<MIXTURE> 2 1.764125e-01
<MEAN> 6
 6.102789e+01 7.312224e+02 1.590932e+01 4.675047e-01 3.695373e+00 -7.263333e+01
<VARIANCE> 6
 4.624332e+01 7.628523e+04 1.230786e+04 2.593203e+02 1.595152e+04 1.545820e+07
<GCONST> 6.731043e+01
<MIXTURE> 3 5.024162e-02
<MEAN> 6
 5.589513e+01 1.506906e+02 3.826816e+02 1.186705e-01 -3.273246e+00 -1.293572e+02
<VARIANCE> 6
 5.798448e+01 1.230843e+04 1.165101e+05 2.593203e+02 1.595152e+04 1.545820e+07
<GCONST> 6.796024e+01
<MIXTURE> 4 2.732686e-01
<MEAN> 6
 6.623156e+01 -1.289963e+02 2.942832e+02 -1.365377e-01 -3.797754e+00 -6.975434e+01
<VARIANCE> 6
 3.129757e+01 8.580555e+04 1.230786e+04 2.593203e+02 1.595152e+04 1.545820e+07
<GCONST> 6.703766e+01
<MIXTURE> 5 2.106715e-01
<MEAN> 6
 6.579001e+01 4.063182e+02 -1.936867e+02 7.499791e-01 -1.866453e+00 -9.743019e+01
<VARIANCE> 6
 3.129757e+01 1.948113e+04 1.230786e+04 2.593203e+02 1.595152e+04 1.545820e+07
<GCONST> 6.555502e+01
<MIXTURE> 6 1.402070e-01
<MEAN> 6
 6.944018e+01 5.052506e+02 1.774414e+02 -3.372608e-01 -4.119720e+00 -1.065220e+02
<VARIANCE> 6
 3.129757e+01 1.898452e+05 1.359695e+04 2.593203e+02 1.595152e+04 1.545820e+07
<GCONST> 6.793139e+01
<STATE> 12
<NUMMIXES> 6
<MIXTURE> 1 1.546230e-01
<MEAN> 6
 8.022231e+01 4.576654e+01 2.474484e+01 -4.301949e+00 -2.308072e+01 -6.782819e+01
<VARIANCE> 6
 1.591028e+02 7.983899e+05 6.991494e+05 2.593203e+02 1.595152e+04 1.545820e+07
<GCONST> 7.493381e+01
<MIXTURE> 2 1.022661e-01
<MEAN> 6
 9.474875e+00 1.598152e+02 6.184464e+01 -1.016489e+02 1.839864e+02 3.202246e+03
<VARIANCE> 6
 3.164730e+03 1.046093e+06 5.196040e+05 3.528248e+04 2.084831e+06 6.751861e+08
<GCONST> 9.146032e+01
<MIXTURE> 3 1.585214e-01
<MEAN> 6
 -3.178856e+01 1.143993e+02 9.140887e+01 3.685828e+01 5.590276e+02 -9.436282e+02
<VARIANCE> 6
 4.822600e+02 3.052469e+05 1.797852e+05 2.368588e+04 2.689817e+05 7.168514e+07
<GCONST> 8.259696e+01
<MIXTURE> 4 3.133121e-01
<MEAN> 6
 5.105474e+01 2.841480e+00 1.489490e+01 1.365115e+01 -4.144478e+02 -3.305424e+02
<VARIANCE> 6
 6.724628e+02 3.455170e+05 1.479890e+05 2.797437e+04 1.532315e+05 4.772300e+07
<GCONST> 8.205557e+01
<MIXTURE> 5 1.131103e-01
<MEAN> 6
 4.049850e+01 -2.609209e+02 1.851421e+02 -1.753897e+01 -3.554283e+02 7.388539e+02
<VARIANCE> 6
 1.641847e+03 2.678882e+06 2.014617e+06 3.490734e+04 3.746205e+05 1.048291e+08
<GCONST> 8.950965e+01
<MIXTURE> 6 1.571078e-01
<MEAN> 6
 -3.637035e+01 -5.546615e+01 -6.992590e+01 2.005692e+01 4.243157e+02 -8.402170e+02
<VARIANCE> 6
 4.750064e+02 2.976792e+05 3.436339e+05 1.616820e+04 1.681736e+05 5.563407e+07
<GCONST> 8.209956e+01
<TRANSP> 13
 0.000000e+00 1.000000e+00 0.000000e+00 0.000000e+00 0.000000e+00 0.000000e+00 0.000000e+00 0.000000e+00 0.000000e+00 0.000000e+00 0.000000e+00 0.000000e+00 0.000000e+00
 0.000000e+00 9.997261e-01 2.739675e-04 0.000000e+00 0.000000e+00 0.000000e+00 0.000000e+00 0.000000e+00 0.000000e+00 0.000000e+00 0.000000e+00 0.000000e+00 0.000000e+00
 0.000000e+00 0.000000e+00 9.895394e-01 1.046059e-02 0.000000e+00 0.000000e+00 0.000000e+00 0.000000e+00 0.000000e+00 0.000000e+00 0.000000e+00 0.000000e+00 0.000000e+00
 0.000000e+00 0.000000e+00 0.000000e+00 9.953381e-01 4.661901e-03 0.000000e+00 0.000000e+00 0.000000e+00 0.000000e+00 0.000000e+00 0.000000e+00 0.000000e+00 0.000000e+00
 0.000000e+00 0.000000e+00 0.000000e+00 0.000000e+00 9.918319e-01 8.168092e-03 0.000000e+00 0.000000e+00 0.000000e+00 0.000000e+00 0.000000e+00 0.000000e+00 0.000000e+00
 0.000000e+00 0.000000e+00 0.000000e+00 0.000000e+00 0.000000e+00 9.988391e-01 1.160865e-03 0.000000e+00 0.000000e+00 0.000000e+00 0.000000e+00 0.000000e+00 0.000000e+00
 0.000000e+00 0.000000e+00 0.000000e+00 0.000000e+00 0.000000e+00 0.000000e+00 9.978617e-01 2.138277e-03 0.000000e+00 0.000000e+00 0.000000e+00 0.000000e+00 0.000000e+00
 0.000000e+00 0.000000e+00 0.000000e+00 0.000000e+00 0.000000e+00 0.000000e+00 0.000000e+00 9.984934e-01 1.506533e-03 0.000000e+00 0.000000e+00 0.000000e+00 0.000000e+00
 0.000000e+00 0.000000e+00 0.000000e+00 0.000000e+00 0.000000e+00 0.000000e+00 0.000000e+00 0.000000e+00 9.950542e-01 4.945846e-03 0.000000e+00 0.000000e+00 0.000000e+00
 0.000000e+00 0.000000e+00 0.000000e+00 0.000000e+00 0.000000e+00 0.000000e+00 0.000000e+00 0.000000e+00 0.000000e+00 9.982316e-01 1.768364e-03 0.000000e+00 0.000000e+00
 0.000000e+00 0.000000e+00 0.000000e+00 0.000000e+00 0.000000e+00 0.000000e+00 0.000000e+00 0.000000e+00 0.000000e+00 0.000000e+00 9.991490e-01 8.510185e-04 0.000000e+00
 0.000000e+00 0.000000e+00 0.000000e+00 0.000000e+00 0.000000e+00 0.000000e+00 0.000000e+00 0.000000e+00 0.000000e+00 0.000000e+00 0.000000e+00 9.999481e-01 5.193059e-05
 0.000000e+00 0.000000e+00 0.000000e+00 0.000000e+00 0.000000e+00 0.000000e+00 0.000000e+00 0.000000e+00 0.000000e+00 0.000000e+00 0.000000e+00 0.000000e+00 0.000000e+00
<ENDHMM>
~h "QuintoPRIMARIA"
<BEGINHMM>
<NUMSTATES> 13
<STATE> 2
<NUMMIXES> 6
<MIXTURE> 1 1.436145e-01
<MEAN> 6
 7.905154e+01 2.756042e+02 9.569496e+02 -7.903602e-01 -1.947694e+01 -1.011199e+02
<VARIANCE> 6
 2.003586e+02 5.808403e+05 3.318858e+06 2.593203e+02 1.595152e+04 1.545820e+07
<GCONST> 7.640376e+01
<MIXTURE> 2 2.445856e-01
<MEAN> 6
 6.267603e+01 -1.876012e+02 -4.293126e+00 -6.077952e-01 -6.466243e+02 -3.676592e+02
<VARIANCE> 6
 6.957184e+02 9.422712e+05 1.675008e+06 3.434344e+04 2.232066e+05 8.587372e+07
<GCONST> 8.668799e+01
<MIXTURE> 3 2.140958e-01
<MEAN> 6
 -5.480189e+01 -1.172585e+02 -1.925579e+01 4.794525e+01 6.024850e+02 -3.580715e+02
<VARIANCE> 6
 3.117998e+02 4.882464e+05 1.298029e+06 1.579238e+04 2.485107e+05 6.439813e+07
<GCONST> 8.401567e+01
<MIXTURE> 4 1.229224e-01
<MEAN> 6
 -1.189707e+00 4.207185e+01 -1.101641e+03 -1.544514e+02 3.197502e+02 4.365588e+03
<VARIANCE> 6
 3.160838e+03 1.861645e+06 8.612954e+06 4.094221e+04 2.402036e+06 8.251694e+08
<GCONST> 9.533444e+01
<MIXTURE> 5 1.251093e-01
<MEAN> 6
 4.729333e-01 -2.974848e+02 2.567524e+02 5.692517e+01 2.044786e+01 -2.613286e+03
<VARIANCE> 6
 1.485178e+03 1.707998e+05 3.203588e+06 4.286905e+04 1.782663e+05 5.579355e+07
<GCONST> 8.595270e+01
<MIXTURE> 6 1.491678e-01
<MEAN> 6
 6.944595e+01 -1.867411e+02 -3.864988e+02 1.296551e+00 -2.186354e+01 -8.381542e+01
<VARIANCE> 6
 1.832044e+02 4.181980e+05 2.800556e+06 2.593203e+02 1.595152e+04 1.545820e+07
<GCONST> 7.581593e+01
<STATE> 3
<NUMMIXES> 6
<MIXTURE> 1 6.015422e-02
<MEAN> 6
 8.463525e+01 2.987877e+03 -3.076241e+02 -1.765579e+00 -6.537421e+00 -3.539923e+02
<VARIANCE> 6
 3.129757e+01 1.230843e+04 1.230786e+04 2.593203e+02 1.595152e+04 1.545820e+07
<GCONST> 6.509586e+01
<MIXTURE> 2 1.850690e-01
<MEAN> 6
 9.569556e+01 3.364718e+02 5.427577e+02 2.013827e+01 -3.251069e+02 4.899354e+03
<VARIANCE> 6
 1.966834e+02 1.313508e+06 2.408389e+06 2.183606e+03 4.182217e+05 1.563669e+08
<GCONST> 8.459175e+01
<MIXTURE> 3 8.828703e-02
<MEAN> 6
 4.953243e+01 1.403230e+03 -4.345159e+02 -1.611721e+01 1.351718e+02 1.430008e+03
<VARIANCE> 6
 2.566646e+02 3.670228e+06 1.786883e+04 1.340312e+04 9.069829e+05 1.412313e+08
<GCONST> 8.346864e+01
<MIXTURE> 4 1.794956e-01
<MEAN> 6
 5.421877e+01 2.314673e+02 9.803003e+01 1.715465e+02 -6.036616e+02 8.960391e+02
<VARIANCE> 6
 2.303222e+02 1.349807e+06 2.300462e+06 4.110648e+03 8.185584e+04 4.083307e+07
<GCONST> 8.238988e+01
<MIXTURE> 5 2.804930e-01
<MEAN> 6
 3.172358e+01 -4.979167e+02 3.753132e+02 2.748124e+02 -3.079349e+02 -7.972520e+03
<VARIANCE> 6
 8.982701e+02 8.668647e+05 1.834829e+06 3.674547e+03 4.658949e+05 8.780253e+07
<GCONST> 8.547433e+01
<MIXTURE> 6 2.064925e-01
<MEAN> 6
 9.190466e+01 7.038640e+00 -2.631475e+02 4.211033e+01 -4.726577e+02 1.413662e+03
<VARIANCE> 6
 2.589973e+02 4.984445e+05 1.976622e+06 3.709008e+03 4.028813e+05 2.071551e+08
<GCONST> 8.447412e+01
<STATE> 4
<NUMMIXES> 6
<MIXTURE> 1 2.033217e-02
<MEAN> 6
 7.032383e+01 4.568422e+01 -7.547822e+02 -2.413657e-01 -9.250498e+00 2.828192e+03
<VARIANCE> 6
 5.891472e+02 5.571352e+05 2.038875e+06 2.593203e+02 3.567701e+04 4.190708e+07
<GCONST> 7.875570e+01
<MIXTURE> 2 1.431518e-01
<MEAN> 6
 5.692437e+01 -8.172505e+03 -1.746394e+03 6.347068e-01 -4.778262e+00 1.055640e+02
<VARIANCE> 6
 3.129757e+01 1.027572e+06 1.426760e+04 2.593203e+02 1.595152e+04 1.545820e+07
<GCONST> 6.966828e+01
<MIXTURE> 3 2.722180e-01
<MEAN> 6
 5.684349e+01 -1.366303e+04 -2.173097e+03 -6.650882e-01 5.136239e+00 4.691468e+01
<VARIANCE> 6
 3.129757e+01 1.365770e+07 1.230786e+04 2.593203e+02 1.595152e+04 1.545820e+07
<GCONST> 7.210764e+01
<MIXTURE> 4 1.644500e-01
<MEAN> 6
 5.761648e+01 -4.848499e+03 -1.940641e+03 -1.077798e+00 -1.707761e+01 -3.281747e+02
<VARIANCE> 6
 3.129757e+01 1.693650e+06 1.230786e+04 2.593203e+02 1.595152e+04 1.545820e+07
<GCONST> 7.002022e+01
<MIXTURE> 5 2.336466e-01
<MEAN> 6
 6.370502e+01 -3.549719e+02 -2.313472e+03 -3.715112e+00 -4.553235e+00 1.683081e+02
<VARIANCE> 6
 3.129757e+01 4.075174e+04 1.230786e+04 2.593203e+02 1.595152e+04 1.545820e+07
<GCONST> 6.629308e+01
<MIXTURE> 6 1.661984e-01
<MEAN> 6
 5.754023e+01 -5.219518e+03 -1.946465e+03 -5.103482e-01 -7.880832e+00 -1.426702e+02
<VARIANCE> 6
 3.129757e+01 1.363171e+06 1.230786e+04 2.593203e+02 1.595152e+04 1.545820e+07
<GCONST> 6.980315e+01
<STATE> 5
<NUMMIXES> 6
<MIXTURE> 1 1.750505e-01
<MEAN> 6
 7.139458e+01 -6.165130e+02 1.494833e+02 -2.119653e-01 -3.863466e-01 -5.781184e+01
<VARIANCE> 6
 3.129757e+01 1.230843e+04 1.230786e+04 2.593203e+02 1.595152e+04 1.545820e+07
<GCONST> 6.509586e+01
<MIXTURE> 2 1.465675e-01
<MEAN> 6
 4.732502e+01 -7.636528e+02 5.048566e+01 1.028245e+00 -5.023773e+00 6.924361e+01
<VARIANCE> 6
 3.129757e+01 8.364773e+04 1.230786e+04 2.593203e+02 1.595152e+04 1.545820e+07
<GCONST> 6.701219e+01
<MIXTURE> 3 1.965523e-01
<MEAN> 6
 7.086029e+01 -1.086010e+03 -5.196834e+01 1.474273e+00 -5.546724e+00 1.008126e+01
<VARIANCE> 6
 3.129757e+01 7.223064e+04 4.796697e+04 2.593203e+02 1.595152e+04 1.545820e+07
<GCONST> 6.822572e+01
<MIXTURE> 4 1.634104e-01
<MEAN> 6
 5.810790e+01 -1.098252e+03 4.301632e+02 5.563195e+00 -9.585360e+00 2.782758e+01
<VARIANCE> 6
 7.294340e+01 1.230843e+04 3.123493e+04 2.593203e+02 1.595152e+04 1.545820e+07
<GCONST> 6.687330e+01
<MIXTURE> 5 1.597484e-01
<MEAN> 6
 7.144749e+01 -6.260060e+02 1.333939e+02 1.142349e-02 -5.669411e-01 -7.479110e+01
<VARIANCE> 6
 3.129757e+01 1.230843e+04 1.230786e+04 2.593203e+02 1.595152e+04 1.545820e+07
<GCONST> 6.509586e+01
<MIXTURE> 6 1.586353e-01
<MEAN> 6
 4.805796e+01 -9.755529e+02 2.265936e+00 6.937525e-01 3.995242e-01 -2.115187e+01
<VARIANCE> 6
 3.129757e+01 3.199106e+04 1.230786e+04 2.593203e+02 1.595152e+04 1.545820e+07
<GCONST> 6.605103e+01
<STATE> 6
<NUMMIXES> 6
<MIXTURE> 1 5.296342e-02
<MEAN> 6
 6.160174e+01 2.079959e+03 2.559260e+03 7.018803e-01 -2.440601e+00 5.271486e+01
<VARIANCE> 6
 3.793462e+02 1.596888e+05 7.741288e+04 2.593203e+02 1.595152e+04 1.545820e+07
<GCONST> 7.199262e+01
<MIXTURE> 2 2.721170e-01
<MEAN> 6
 9.890413e+01 5.107002e+02 1.823009e+03 -3.192422e+00 -5.839546e-01 3.129387e+01
<VARIANCE> 6
 6.886782e+01 2.666982e+05 1.551534e+06 2.593203e+02 1.595152e+04 1.545820e+07
<GCONST> 7.379710e+01
<MIXTURE> 3 1.778053e-01
<MEAN> 6
 8.879764e+01 -6.716368e+01 -6.695643e+02 -2.375481e+00 -3.799870e+00 4.818972e+01
<VARIANCE> 6
 3.129757e+01 6.688552e+04 5.379200e+04 2.593203e+02 1.595152e+04 1.545820e+07
<GCONST> 6.826344e+01
<MIXTURE> 4 2.142436e-01
<MEAN> 6
 9.337222e+01 -4.860664e+02 -7.385082e+02 -1.560732e+00 1.412273e+00 -5.701167e-01
<VARIANCE> 6
 8.421209e+01 1.230843e+04 1.446305e+05 2.593203e+02 1.595152e+04 1.545820e+07
<GCONST> 6.854960e+01
<MIXTURE> 5 1.428055e-01
<MEAN> 6
 9.826006e+01 5.912214e+02 -8.848849e+02 -3.270690e+00 -2.189551e-01 4.304096e+01
<VARIANCE> 6
 4.984748e+01 2.252261e+04 2.192263e+06 2.593203e+02 1.595152e+04 1.545820e+07
<GCONST> 7.134798e+01
<MIXTURE> 6 1.400730e-01
<MEAN> 6
 9.593768e+01 5.680573e+02 -8.749243e+02 -2.614989e+00 6.398099e-01 1.554858e+01
<VARIANCE> 6
 3.651734e+01 2.470855e+04 2.123847e+06 2.593203e+02 1.595152e+04 1.545820e+07
<GCONST> 7.109772e+01
<STATE> 7
<NUMMIXES> 6
<MIXTURE> 1 1.044096e-01
<MEAN> 6
 7.884293e+01 1.421186e+03 -1.646285e+02 -2.323173e+00 -4.925335e+00 -6.867804e+01
<VARIANCE> 6
 4.729732e+01 1.878325e+05 4.594751e+04 2.593203e+02 1.595152e+04 1.545820e+07
<GCONST> 6.955130e+01
<MIXTURE> 2 1.072779e-01
<MEAN> 6
 7.000696e+01 2.858773e+03 -6.516418e+02 -1.143792e+00 9.159131e-01 -1.933298e+01
<VARIANCE> 6
 3.129757e+01 3.151400e+06 1.230786e+04 2.593203e+02 1.595152e+04 1.545820e+07
<GCONST> 7.064117e+01
<MIXTURE> 3 1.821166e-01
<MEAN> 6
 6.960121e+01 -1.358905e+02 -6.330515e+02 -4.923835e-01 -6.951893e+00 -8.166791e+01
<VARIANCE> 6
 3.129757e+01 6.584985e+05 1.230786e+04 2.593203e+02 1.595152e+04 1.545820e+07
<GCONST> 6.907554e+01
<MIXTURE> 4 1.926256e-01
<MEAN> 6
 7.333482e+01 1.012624e+03 -9.607688e+02 -2.020722e+00 6.521869e-02 -1.136948e+01
<VARIANCE> 6
 6.403040e+01 1.190583e+05 2.760404e+05 2.593203e+02 1.595152e+04 1.545820e+07
<GCONST> 7.119131e+01
<MIXTURE> 5 2.668771e-01
<MEAN> 6
 7.066394e+01 7.138662e+02 -7.553967e+02 -1.084077e+00 -3.602445e-01 -5.730169e+01
<VARIANCE> 6
 6.193533e+01 1.638678e+05 1.068110e+05 2.593203e+02 1.595152e+04 1.545820e+07
<GCONST> 7.052801e+01
<MIXTURE> 6 1.466789e-01
<MEAN> 6
 6.906148e+01 1.138619e+03 -3.157845e+02 -7.548997e-01 -9.636782e-01 -4.444684e+01
<VARIANCE> 6
 3.129757e+01 8.230041e+04 3.287253e+04 2.593203e+02 1.595152e+04 1.545820e+07
<GCONST> 6.797835e+01
<STATE> 8
<NUMMIXES> 6
<MIXTURE> 1 1.430486e-01
<MEAN> 6
 5.800977e+01 1.725360e+01 2.326272e+02 4.996296e-01 -6.322129e-01 -6.728217e+01
<VARIANCE> 6
 3.129757e+01 1.230843e+04 3.210407e+04 2.593203e+02 1.595152e+04 1.545820e+07
<GCONST> 6.605460e+01
<MIXTURE> 2 1.472869e-01
<MEAN> 6
 5.761037e+01 -1.771475e+02 3.528292e+02 7.120945e-02 -7.695167e-01 -5.730141e+01
<VARIANCE> 6
 3.129757e+01 2.208609e+04 1.959271e+05 2.593203e+02 1.595152e+04 1.545820e+07
<GCONST> 6.844803e+01
<MIXTURE> 3 1.646428e-01
<MEAN> 6
 6.103788e+01 -1.005078e+02 -2.956071e+02 1.373780e-01 -1.708823e+00 -7.054480e+01
<VARIANCE> 6
 3.129757e+01 1.452662e+04 6.355408e+04 2.593203e+02 1.595152e+04 1.545820e+07
<GCONST> 6.690321e+01
<MIXTURE> 4 2.115481e-01
<MEAN> 6
 6.066359e+01 4.769994e+00 -5.800592e+01 3.313906e-01 -1.956116e+00 -6.574833e+01
<VARIANCE> 6
 3.129757e+01 1.366909e+04 6.727052e+04 2.593203e+02 1.595152e+04 1.545820e+07
<GCONST> 6.689919e+01
<MIXTURE> 5 1.888182e-01
<MEAN> 6
 6.090733e+01 -1.404851e+02 -3.959247e+02 2.407712e-02 -1.518612e-01 -5.870725e+01
<VARIANCE> 6
 3.129757e+01 1.230843e+04 5.616594e+04 2.593203e+02 1.595152e+04 1.545820e+07
<GCONST> 6.661393e+01
<MIXTURE> 6 1.446331e-01
<MEAN> 6
 5.738889e+01 -8.100821e+00 1.837406e+02 4.328878e-01 -2.060940e+00 -9.147624e+01
<VARIANCE> 6
 3.129757e+01 1.230843e+04 4.043824e+04 2.593203e+02 1.595152e+04 1.545820e+07
<GCONST> 6.628540e+01
<STATE> 9
<NUMMIXES> 6
<MIXTURE> 1 1.405984e-01
<MEAN> 6
 7.478348e+01 3.752146e+02 6.785783e+02 -1.176512e+00 -1.176295e+00 -3.147904e+01
<VARIANCE> 6
 3.129757e+01 1.642528e+05 4.467665e+05 2.593203e+02 1.595152e+04 1.545820e+07
<GCONST> 7.127878e+01
<MIXTURE> 2 2.285973e-01
<MEAN> 6
 7.089890e+01 3.205206e+02 -1.189269e+02 -1.012866e+00 -1.308666e+00 -2.707957e+01
<VARIANCE> 6
 3.129757e+01 2.902651e+04 1.230786e+04 2.593203e+02 1.595152e+04 1.545820e+07
<GCONST> 6.595379e+01
<MIXTURE> 3 1.609202e-01
<MEAN> 6
 7.924763e+01 -9.742524e+01 -1.357600e+02 -6.991485e-01 -9.814990e+00 -1.283258e+02
<VARIANCE> 6
 3.129757e+01 1.230843e+04 1.230786e+04 2.593203e+02 1.595152e+04 1.545820e+07
<GCONST> 6.509586e+01
<MIXTURE> 4 1.720627e-01
<MEAN> 6
 7.756406e+01 2.096807e+02 3.346716e+02 2.061990e-01 -2.511122e+00 -1.108287e+02
<VARIANCE> 6
 3.129757e+01 2.477169e+04 6.895246e+04 2.593203e+02 1.595152e+04 1.545820e+07
<GCONST> 6.751846e+01
<MIXTURE> 5 1.420052e-01
<MEAN> 6
 7.187408e+01 -1.854436e+02 -1.883823e+02 -7.548282e-01 1.747277e+00 -6.639613e+01
<VARIANCE> 6
 3.129757e+01 1.230843e+04 1.230786e+04 2.593203e+02 1.595152e+04 1.545820e+07
<GCONST> 6.509586e+01
<MIXTURE> 6 1.558082e-01
<MEAN> 6
 7.663954e+01 1.426030e+02 2.962546e+02 2.642310e-01 -4.116131e+00 -1.413289e+02
<VARIANCE> 6
 3.129757e+01 1.820331e+04 7.867168e+04 2.593203e+02 1.595152e+04 1.545820e+07
<GCONST> 6.734222e+01
<STATE> 10
<NUMMIXES> 6
<MIXTURE> 1 1.084021e-01
<MEAN> 6
 6.646465e+01 1.485613e+02 -1.317816e+02 -2.738326e+01 -5.984120e+02 -9.329292e+03
<VARIANCE> 6
 1.001316e+02 3.324001e+05 1.663776e+05 3.832105e+02 3.921072e+04 3.005922e+07
<GCONST> 7.411383e+01
<MIXTURE> 2 1.513877e-01
<MEAN> 6
 6.316777e+01 -2.078656e+01 -5.619268e+01 -9.232061e+01 -1.272920e+03 -1.121897e+04
<VARIANCE> 6
 1.508488e+02 4.999081e+04 9.825381e+04 2.098961e+03 3.997417e+05 1.497679e+08
<GCONST> 7.773081e+01
<MIXTURE> 3 1.042884e-01
<MEAN> 6
 5.493631e+01 6.257180e+02 -1.178912e+02 -1.718142e+02 -1.220544e+03 -1.428391e+03
<VARIANCE> 6
 1.774657e+02 9.308391e+05 2.063982e+05 5.197957e+03 5.837989e+05 1.713980e+08
<GCONST> 8.298029e+01
<MIXTURE> 4 2.834194e-01
<MEAN> 6
 -4.394132e+01 1.394325e+02 -2.121819e+02 -2.092316e+02 1.982728e+03 2.476698e+03
<VARIANCE> 6
 3.942488e+02 4.804248e+05 4.834401e+05 2.005188e+04 1.434911e+06 1.390375e+09
<GCONST> 8.831088e+01
<MIXTURE> 5 2.148226e-01
<MEAN> 6
 7.183910e+00 6.634716e+01 -1.814001e+02 -3.764531e+02 -4.649078e+02 1.664712e+04
<VARIANCE> 6
 3.484205e+02 4.744649e+05 4.701813e+05 4.350189e+03 7.139625e+05 3.794556e+08
<GCONST> 8.462230e+01
<MIXTURE> 6 1.376725e-01
<MEAN> 6
 4.251504e+01 3.197018e+01 -1.785161e+02 -2.621243e+02 -1.530086e+03 5.893867e+03
<VARIANCE> 6
 1.914151e+02 2.028982e+05 1.913250e+05 3.833469e+03 5.297095e+05 1.229851e+08
<GCONST> 8.072308e+01
<STATE> 11
<NUMMIXES> 6
<MIXTURE> 1 1.619035e-01
<MEAN> 6
 5.743943e+01 3.539343e+02 1.928649e+02 -9.998726e-02 -1.359744e+01 -3.539440e+02
<VARIANCE> 6
 3.129757e+01 1.365764e+04 1.230786e+04 2.593203e+02 1.595152e+04 1.545820e+07
<GCONST> 6.519987e+01
<MIXTURE> 2 2.962311e-01
<MEAN> 6
 5.819012e+01 1.644139e+01 3.064258e+03 -7.422028e+00 1.071857e+01 1.071266e+02
<VARIANCE> 6
 4.263841e+01 1.933213e+04 1.268974e+05 2.593203e+02 1.911140e+04 1.545820e+07
<GCONST> 6.837043e+01
<MIXTURE> 3 1.417922e-01
<MEAN> 6
 5.491175e+01 1.007014e+03 -2.636409e+02 -1.685516e+00 2.940876e+01 1.249901e+02
<VARIANCE> 6
 3.129757e+01 1.506422e+05 1.820064e+04 2.593203e+02 1.595152e+04 1.545820e+07
<GCONST> 6.799170e+01
<MIXTURE> 4 1.631221e-01
<MEAN> 6
 5.415999e+01 3.122249e+02 -2.010460e+02 1.344093e+00 2.702223e+00 -1.202058e+02
<VARIANCE> 6
 3.129757e+01 1.230843e+04 1.230786e+04 2.593203e+02 1.595152e+04 1.545820e+07
<GCONST> 6.509586e+01
<MIXTURE> 5 7.312863e-02
<MEAN> 6
 6.358034e+01 3.083869e+02 3.166359e+03 -6.838423e+00 1.377328e+02 -4.243706e+02
<VARIANCE> 6
 1.004657e+03 1.445658e+05 1.653684e+06 1.957483e+03 2.999078e+05 1.317750e+08
<GCONST> 8.302692e+01
<MIXTURE> 6 1.638181e-01
<MEAN> 6
 5.413329e+01 3.091020e+02 -2.004863e+02 1.260453e+00 1.973111e+00 -1.222185e+02
<VARIANCE> 6
 3.129757e+01 1.230843e+04 1.230786e+04 2.593203e+02 1.595152e+04 1.545820e+07
<GCONST> 6.509586e+01
<STATE> 12
<NUMMIXES> 6
<MIXTURE> 1 1.864037e-01
<MEAN> 6
 8.084985e+01 4.794736e+01 9.372505e+00 -6.528248e+00 -1.377290e+01 -1.542295e+02
<VARIANCE> 6
 1.743556e+02 5.122434e+05 1.616198e+05 2.593203e+02 1.595152e+04 1.545820e+07
<GCONST> 7.311694e+01
<MIXTURE> 2 1.004240e-01
<MEAN> 6
 1.782494e+01 3.051561e+02 1.046256e+02 -2.711539e+01 7.697470e+01 2.540961e+03
<VARIANCE> 6
 3.350465e+03 2.337830e+06 1.278175e+06 6.297795e+04 6.220784e+06 4.675198e+09
<GCONST> 9.682928e+01
<MIXTURE> 3 3.069871e-01
<MEAN> 6
 -3.767572e+01 -3.551328e+01 8.989914e+01 1.993085e+01 6.327009e+02 -5.741737e+02
<VARIANCE> 6
 5.319582e+02 1.625445e+05 1.465811e+05 2.558032e+04 3.178511e+05 1.047830e+08
<GCONST> 8.248418e+01
<MIXTURE> 4 1.666254e-01
<MEAN> 6
 6.493977e+01 8.742603e+01 2.247132e+01 9.007223e+00 -5.484252e+02 -1.352032e+01
<VARIANCE> 6
 6.619369e+02 2.290544e+05 1.274368e+05 2.917207e+04 3.184422e+05 1.250773e+08
<GCONST> 8.321613e+01
<MIXTURE> 5 7.243359e-02
<MEAN> 6
 3.606359e+01 -1.172205e+02 4.394117e+01 8.819156e+01 -1.233538e+02 -3.935399e+02
<VARIANCE> 6
 1.245440e+03 2.020920e+05 8.536888e+04 1.431348e+04 5.496357e+04 1.545820e+07
<GCONST> 7.876276e+01
<MIXTURE> 6 1.663278e-01
<MEAN> 6
 5.112221e+01 -3.210427e+01 -4.883430e+01 -3.274403e+01 -5.759026e+02 -2.917387e+02
<VARIANCE> 6
 9.690452e+02 1.199305e+05 1.599880e+05 4.176900e+04 3.935735e+05 1.516791e+08
<GCONST> 8.394131e+01
<TRANSP> 13
 0.000000e+00 1.000000e+00 0.000000e+00 0.000000e+00 0.000000e+00 0.000000e+00 0.000000e+00 0.000000e+00 0.000000e+00 0.000000e+00 0.000000e+00 0.000000e+00 0.000000e+00
 0.000000e+00 9.998785e-01 1.214512e-04 0.000000e+00 0.000000e+00 0.000000e+00 0.000000e+00 0.000000e+00 0.000000e+00 0.000000e+00 0.000000e+00 0.000000e+00 0.000000e+00
 0.000000e+00 0.000000e+00 9.937739e-01 6.226032e-03 0.000000e+00 0.000000e+00 0.000000e+00 0.000000e+00 0.000000e+00 0.000000e+00 0.000000e+00 0.000000e+00 0.000000e+00
 0.000000e+00 0.000000e+00 0.000000e+00 9.870994e-01 1.290061e-02 0.000000e+00 0.000000e+00 0.000000e+00 0.000000e+00 0.000000e+00 0.000000e+00 0.000000e+00 0.000000e+00
 0.000000e+00 0.000000e+00 0.000000e+00 0.000000e+00 9.967838e-01 3.216186e-03 0.000000e+00 0.000000e+00 0.000000e+00 0.000000e+00 0.000000e+00 0.000000e+00 0.000000e+00
 0.000000e+00 0.000000e+00 0.000000e+00 0.000000e+00 0.000000e+00 9.987094e-01 1.290614e-03 0.000000e+00 0.000000e+00 0.000000e+00 0.000000e+00 0.000000e+00 0.000000e+00
 0.000000e+00 0.000000e+00 0.000000e+00 0.000000e+00 0.000000e+00 0.000000e+00 9.986313e-01 1.368708e-03 0.000000e+00 0.000000e+00 0.000000e+00 0.000000e+00 0.000000e+00
 0.000000e+00 0.000000e+00 0.000000e+00 0.000000e+00 0.000000e+00 0.000000e+00 0.000000e+00 9.990838e-01 9.161452e-04 0.000000e+00 0.000000e+00 0.000000e+00 0.000000e+00
 0.000000e+00 0.000000e+00 0.000000e+00 0.000000e+00 0.000000e+00 0.000000e+00 0.000000e+00 0.000000e+00 9.984532e-01 1.546809e-03 0.000000e+00 0.000000e+00 0.000000e+00
 0.000000e+00 0.000000e+00 0.000000e+00 0.000000e+00 0.000000e+00 0.000000e+00 0.000000e+00 0.000000e+00 0.000000e+00 9.965841e-01 3.415925e-03 0.000000e+00 0.000000e+00
 0.000000e+00 0.000000e+00 0.000000e+00 0.000000e+00 0.000000e+00 0.000000e+00 0.000000e+00 0.000000e+00 0.000000e+00 0.000000e+00 9.919785e-01 8.021505e-03 0.000000e+00
 0.000000e+00 0.000000e+00 0.000000e+00 0.000000e+00 0.000000e+00 0.000000e+00 0.000000e+00 0.000000e+00 0.000000e+00 0.000000e+00 0.000000e+00 9.999337e-01 6.626182e-05
 0.000000e+00 0.000000e+00 0.000000e+00 0.000000e+00 0.000000e+00 0.000000e+00 0.000000e+00 0.000000e+00 0.000000e+00 0.000000e+00 0.000000e+00 0.000000e+00 0.000000e+00
<ENDHMM>
