~o
<STREAMINFO> 1 6
<VECSIZE> 6<NULLD><USER><DIAGC>
~h "SegundoPRIMARIA"
<BEGINHMM>
<NUMSTATES> 7
<STATE> 2
<NUMMIXES> 2
<MIXTURE> 1 4.962340e-01
<MEAN> 6
 3.704820e+01 5.169659e+01 7.852034e+01 1.559547e+01 -3.591805e-01 3.427062e+02
<VARIANCE> 6
 3.493532e+03 3.662715e+05 7.932555e+05 2.829825e+04 4.998885e+05 1.512505e+08
<GCONST> 8.778811e+01
<MIXTURE> 2 5.037704e-01
<MEAN> 6
 2.793672e+01 -6.384135e+01 -5.547129e+01 -1.384669e+01 1.315311e+00 -3.565296e+02
<VARIANCE> 6
 3.846443e+03 2.043199e+05 3.019222e+05 3.637469e+04 1.318572e+06 3.315905e+08
<GCONST> 8.834064e+01
<STATE> 3
<NUMMIXES> 2
<MIXTURE> 1 5.175309e-01
<MEAN> 6
 9.665528e+01 5.383701e+01 1.177362e+02 -2.982716e+00 -3.356149e+00 7.463998e+01
<VARIANCE> 6
 2.339240e+02 1.204405e+05 1.024727e+05 3.003874e+02 3.994697e+04 5.111549e+07
<GCONST> 7.376850e+01
<MIXTURE> 2 4.824678e-01
<MEAN> 6
 9.275919e+01 -3.111167e+01 6.910145e+01 -2.420415e+00 -8.604356e+00 7.102626e+01
<VARIANCE> 6
 2.900551e+02 1.047223e+05 8.169666e+04 3.003874e+02 3.994697e+04 5.111549e+07
<GCONST> 7.361715e+01
<STATE> 4
<NUMMIXES> 2
<MIXTURE> 1 5.233539e-01
<MEAN> 6
 8.392004e+01 7.970568e+02 -3.158344e+02 -1.990656e+00 -3.081670e+00 3.464768e+01
<VARIANCE> 6
 1.218642e+02 8.172802e+05 2.032279e+05 3.003874e+02 3.994697e+04 5.111549e+07
<GCONST> 7.571597e+01
<MIXTURE> 2 4.766428e-01
<MEAN> 6
 7.534184e+01 1.655038e+02 -5.304953e+02 -8.169860e-02 -4.455010e+00 -1.518536e+01
<VARIANCE> 6
 8.493424e+01 8.160361e+05 2.263342e+05 3.003874e+02 3.994697e+04 5.111549e+07
<GCONST> 7.546110e+01
<STATE> 5
<NUMMIXES> 2
<MIXTURE> 1 5.567275e-01
<MEAN> 6
 1.019371e+02 -1.886661e+02 4.597006e+02 -3.841519e+00 -2.435091e+00 -1.107359e+01
<VARIANCE> 6
 3.339542e+02 2.891119e+06 1.247686e+06 3.003874e+02 3.994697e+04 5.111549e+07
<GCONST> 7.980220e+01
<MIXTURE> 2 4.432531e-01
<MEAN> 6
 8.298743e+01 -1.681143e+03 -6.767951e+01 -2.551102e+00 -3.470408e+00 -6.474065e+01
<VARIANCE> 6
 2.558007e+02 1.604256e+07 2.195450e+06 3.003874e+02 3.994697e+04 5.111549e+07
<GCONST> 8.181429e+01
<STATE> 6
<NUMMIXES> 2
<MIXTURE> 1 9.566777e-02
<MEAN> 6
 4.445369e+01 3.737001e+02 -7.165411e+01 -1.181879e+00 -5.810665e+02 1.740845e+03
<VARIANCE> 6
 6.449686e+03 1.745841e+07 6.857768e+05 3.390737e+05 1.635068e+08 2.320824e+11
<GCONST> 1.077294e+02
<MIXTURE> 2 9.048729e-01
<MEAN> 6
 3.396357e+01 3.242224e+01 -1.872485e+01 6.418610e-02 6.188248e+01 -1.653745e+02
<VARIANCE> 6
 4.517756e+03 1.010980e+06 2.364547e+05 3.739783e+04 1.048806e+06 4.062011e+08
<GCONST> 8.985786e+01
<TRANSP> 7
 0.000000e+00 1.000000e+00 0.000000e+00 0.000000e+00 0.000000e+00 0.000000e+00 0.000000e+00
 0.000000e+00 9.999478e-01 5.221007e-05 0.000000e+00 0.000000e+00 0.000000e+00 0.000000e+00
 0.000000e+00 0.000000e+00 9.991510e-01 8.490086e-04 0.000000e+00 0.000000e+00 0.000000e+00
 0.000000e+00 0.000000e+00 0.000000e+00 9.989015e-01 1.098428e-03 0.000000e+00 0.000000e+00
 0.000000e+00 0.000000e+00 0.000000e+00 0.000000e+00 9.987425e-01 1.257527e-03 0.000000e+00
 0.000000e+00 0.000000e+00 0.000000e+00 0.000000e+00 0.000000e+00 9.998048e-01 1.952186e-04
 0.000000e+00 0.000000e+00 0.000000e+00 0.000000e+00 0.000000e+00 0.000000e+00 0.000000e+00
<ENDHMM>
~h "SegundoESO"
<BEGINHMM>
<NUMSTATES> 7
<STATE> 2
<NUMMIXES> 2
<MIXTURE> 1 4.961810e-01
<MEAN> 6
 2.449898e+01 2.112691e+02 8.454165e+02 2.025878e+01 1.032346e+02 -3.428568e+01
<VARIANCE> 6
 3.761089e+03 4.994208e+06 2.044617e+07 2.702196e+04 5.397404e+05 9.495193e+07
<GCONST> 9.328896e+01
<MIXTURE> 2 5.038186e-01
<MEAN> 6
 4.454821e+01 -1.016566e+02 -3.801810e+02 -1.548473e+01 -1.026569e+02 -5.627411e+00
<VARIANCE> 6
 2.979540e+03 5.463437e+06 1.324712e+07 2.130304e+04 3.774093e+05 5.420007e+07
<GCONST> 9.155556e+01
<STATE> 3
<NUMMIXES> 2
<MIXTURE> 1 4.724813e-01
<MEAN> 6
 7.974692e+01 -7.094540e+02 1.044106e+03 -1.513671e+00 -1.604208e+00 -3.282599e+01
<VARIANCE> 6
 5.956861e+01 2.226366e+06 1.667020e+06 3.003874e+02 3.994697e+04 5.111549e+07
<GCONST> 7.810680e+01
<MIXTURE> 2 5.275157e-01
<MEAN> 6
 7.806586e+01 -8.108688e+02 5.330677e+02 -9.944144e-01 -2.312435e+00 -5.501595e+01
<VARIANCE> 6
 7.281077e+01 1.326086e+06 4.854896e+05 3.003874e+02 3.994697e+04 5.111549e+07
<GCONST> 7.655576e+01
<STATE> 4
<NUMMIXES> 2
<MIXTURE> 1 6.161236e-01
<MEAN> 6
 6.765298e+01 1.009152e+03 -1.309939e+03 -4.839891e-01 -2.887688e+00 -9.672973e+01
<VARIANCE> 6
 8.567583e+01 7.956290e+05 1.282182e+06 3.003874e+02 3.994697e+04 5.111549e+07
<GCONST> 7.717877e+01
<MIXTURE> 2 3.838745e-01
<MEAN> 6
 7.071413e+01 1.077898e+02 -2.536266e+03 -9.887165e-01 -1.970974e+00 -5.761939e+01
<VARIANCE> 6
 2.284121e+02 1.731505e+06 8.420190e+06 3.003874e+02 3.994697e+04 5.111549e+07
<GCONST> 8.081904e+01
<STATE> 5
<NUMMIXES> 2
<MIXTURE> 1 4.623218e-01
<MEAN> 6
 6.877644e+01 2.404192e+02 -1.345519e+00 -2.725976e-01 -6.992988e+00 -1.332404e+02
<VARIANCE> 6
 4.393177e+01 2.862165e+05 9.780041e+04 3.003874e+02 3.994697e+04 5.111549e+07
<GCONST> 7.291507e+01
<MIXTURE> 2 5.376744e-01
<MEAN> 6
 6.431994e+01 -7.463665e+00 -1.171783e+02 -9.872139e-02 -4.310374e+00 -1.365658e+02
<VARIANCE> 6
 5.651466e+01 2.892825e+05 1.128131e+05 3.003874e+02 3.994697e+04 5.111549e+07
<GCONST> 7.332039e+01
<STATE> 6
<NUMMIXES> 2
<MIXTURE> 1 5.195823e-01
<MEAN> 6
 2.269312e+01 1.009634e+02 1.217956e+02 1.670098e+01 1.062592e+01 7.004724e+01
<VARIANCE> 6
 2.646180e+03 5.822498e+05 6.834141e+05 2.052661e+04 3.390959e+05 6.420707e+07
<GCONST> 8.625878e+01
<MIXTURE> 2 4.804205e-01
<MEAN> 6
 2.266327e+01 -1.574687e+02 -1.953101e+01 -1.773254e+01 -9.758872e+00 -2.383142e+01
<VARIANCE> 6
 2.753025e+03 1.393105e+06 6.331744e+05 2.604212e+04 7.209477e+05 1.771967e+08
<GCONST> 8.910182e+01
<TRANSP> 7
 0.000000e+00 1.000000e+00 0.000000e+00 0.000000e+00 0.000000e+00 0.000000e+00 0.000000e+00
 0.000000e+00 9.995695e-01 4.305456e-04 0.000000e+00 0.000000e+00 0.000000e+00 0.000000e+00
 0.000000e+00 0.000000e+00 9.989436e-01 1.056399e-03 0.000000e+00 0.000000e+00 0.000000e+00
 0.000000e+00 0.000000e+00 0.000000e+00 9.991980e-01 8.019760e-04 0.000000e+00 0.000000e+00
 0.000000e+00 0.000000e+00 0.000000e+00 0.000000e+00 9.995617e-01 4.383058e-04 0.000000e+00
 0.000000e+00 0.000000e+00 0.000000e+00 0.000000e+00 0.000000e+00 9.999511e-01 4.889061e-05
 0.000000e+00 0.000000e+00 0.000000e+00 0.000000e+00 0.000000e+00 0.000000e+00 0.000000e+00
<ENDHMM>
~h "QuintoPRIMARIA"
<BEGINHMM>
<NUMSTATES> 7
<STATE> 2
<NUMMIXES> 2
<MIXTURE> 1 6.289294e-01
<MEAN> 6
 2.948742e+01 -4.776077e+00 5.771433e+01 1.981883e+01 -8.207821e+00 -4.073480e+02
<VARIANCE> 6
 2.908159e+03 3.118993e+05 5.511852e+05 1.954535e+04 3.220143e+05 5.145007e+07
<GCONST> 8.519177e+01
<MIXTURE> 2 3.707896e-01
<MEAN> 6
 2.281984e+01 -3.873548e+01 -2.504419e+02 -3.162549e+01 1.444106e+01 6.621318e+02
<VARIANCE> 6
 3.255541e+03 2.179991e+06 4.143974e+06 3.463344e+04 1.218148e+06 3.686593e+08
<GCONST> 9.313817e+01
<STATE> 3
<NUMMIXES> 2
<MIXTURE> 1 6.595097e-01
<MEAN> 6
 8.189807e+01 1.034870e+03 -3.338065e+01 -4.618345e+00 -1.670061e+01 3.001750e+02
<VARIANCE> 6
 5.017471e+01 6.756122e+04 5.988896e+05 3.003874e+02 3.994697e+04 5.111549e+07
<GCONST> 7.341637e+01
<MIXTURE> 2 3.404911e-01
<MEAN> 6
 7.930237e+01 1.103430e+03 -5.748048e+02 -3.802335e+00 -8.579156e+00 2.150785e+02
<VARIANCE> 6
 4.984236e+01 9.428180e+04 8.158440e+05 3.003874e+02 3.994697e+04 5.111549e+07
<GCONST> 7.405213e+01
<STATE> 4
<NUMMIXES> 2
<MIXTURE> 1 4.924908e-01
<MEAN> 6
 9.069363e+01 2.792618e+02 1.353994e+03 -3.739300e+00 3.846976e-01 1.494997e+02
<VARIANCE> 6
 3.467927e+02 4.751643e+06 3.148197e+06 3.003874e+02 3.994697e+04 5.111549e+07
<GCONST> 8.126231e+01
<MIXTURE> 2 5.075055e-01
<MEAN> 6
 8.564061e+01 5.498425e+02 1.074556e+03 -3.207355e+00 -1.394010e+00 1.417903e+02
<VARIANCE> 6
 4.049195e+02 4.436438e+06 3.301262e+06 3.003874e+02 3.994697e+04 5.111549e+07
<GCONST> 8.139610e+01
<STATE> 5
<NUMMIXES> 2
<MIXTURE> 1 5.201752e-01
<MEAN> 6
 8.260799e+01 4.484143e+01 -6.920097e+01 -3.552023e+00 -2.948608e-01 5.194381e+01
<VARIANCE> 6
 1.404589e+02 1.062795e+05 1.900478e+05 3.003874e+02 3.994697e+04 5.111549e+07
<GCONST> 7.375101e+01
<MIXTURE> 2 4.798241e-01
<MEAN> 6
 7.894285e+01 -7.225698e+01 -8.458108e+01 -2.977394e+00 -5.234715e-01 3.644951e+01
<VARIANCE> 6
 1.687737e+02 1.262683e+05 2.694098e+05 3.003874e+02 3.994697e+04 5.111549e+07
<GCONST> 7.445596e+01
<STATE> 6
<NUMMIXES> 2
<MIXTURE> 1 5.323288e-01
<MEAN> 6
 4.711459e+01 -1.433807e+02 3.413536e+02 -7.302156e+00 5.135672e+01 3.788396e+03
<VARIANCE> 6
 4.957765e+03 7.147349e+05 8.952839e+05 4.225479e+04 1.413573e+07 5.966165e+10
<GCONST> 9.864818e+01
<MIXTURE> 2 4.676695e-01
<MEAN> 6
 2.078903e+01 -2.059881e+02 6.274958e+01 1.163999e+01 -5.680362e+01 -4.286001e+03
<VARIANCE> 6
 7.568098e+03 1.045483e+06 3.984418e+05 5.621403e+05 2.953274e+08 3.885054e+11
<GCONST> 1.061429e+02
<TRANSP> 7
 0.000000e+00 1.000000e+00 0.000000e+00 0.000000e+00 0.000000e+00 0.000000e+00 0.000000e+00
 0.000000e+00 9.999568e-01 4.322657e-05 0.000000e+00 0.000000e+00 0.000000e+00 0.000000e+00
 0.000000e+00 0.000000e+00 9.959750e-01 4.025043e-03 0.000000e+00 0.000000e+00 0.000000e+00
 0.000000e+00 0.000000e+00 0.000000e+00 9.989872e-01 1.012801e-03 0.000000e+00 0.000000e+00
 0.000000e+00 0.000000e+00 0.000000e+00 0.000000e+00 9.994961e-01 5.038875e-04 0.000000e+00
 0.000000e+00 0.000000e+00 0.000000e+00 0.000000e+00 0.000000e+00 9.993187e-01 6.813699e-04
 0.000000e+00 0.000000e+00 0.000000e+00 0.000000e+00 0.000000e+00 0.000000e+00 0.000000e+00
<ENDHMM>
