~o
<STREAMINFO> 1 6
<VECSIZE> 6<NULLD><USER><DIAGC>
~h "SegundoPRIMARIA"
<BEGINHMM>
<NUMSTATES> 6
<STATE> 2
<NUMMIXES> 9
<MIXTURE> 1 1.417506e-01
<MEAN> 6
 8.918356e+01 1.127428e+02 2.378842e+02 -1.761165e+00 -4.812545e+01 -4.027967e+02
<VARIANCE> 6
 3.316950e+02 7.275542e+05 6.940872e+05 2.961042e+02 4.015795e+04 5.141442e+07
<GCONST> 7.782599e+01
<MIXTURE> 2 9.689682e-02
<MEAN> 6
 1.397174e+01 -1.616971e+02 1.090912e+02 -1.097713e+02 3.003099e+02 5.537068e+03
<VARIANCE> 6
 2.988161e+03 8.886802e+05 1.716343e+06 7.873224e+04 2.846025e+06 1.174415e+09
<GCONST> 9.410215e+01
<MIXTURE> 3 1.057673e-01
<MEAN> 6
 -3.635394e+01 -4.812923e+01 -1.742504e+01 3.257313e+01 9.554128e+02 -2.072121e+03
<VARIANCE> 6
 5.205450e+02 1.684280e+05 3.375370e+05 4.848304e+04 4.776472e+05 1.696770e+08
<GCONST> 8.486084e+01
<MIXTURE> 4 8.425384e-02
<MEAN> 6
 -5.891224e+01 1.424213e+01 -3.278089e+02 -4.483167e+00 1.508318e+02 1.936977e+02
<VARIANCE> 6
 3.233715e+02 1.468711e+05 1.012603e+06 4.844718e+02 4.711588e+04 5.141442e+07
<GCONST> 7.723026e+01
<MIXTURE> 5 1.542798e-01
<MEAN> 6
 4.338198e+01 -4.341772e+01 -5.057658e+01 6.301983e+01 -2.998887e+02 -9.211175e+02
<VARIANCE> 6
 1.041826e+03 1.543562e+05 5.342893e+05 4.640611e+04 1.927837e+05 5.141442e+07
<GCONST> 8.378165e+01
<MIXTURE> 6 1.531649e-01
<MEAN> 6
 6.848096e+01 -2.538933e+01 1.079632e+01 1.373921e+00 -1.453280e+01 -8.525251e+01
<VARIANCE> 6
 7.517638e+01 2.087637e+05 1.426579e+06 2.961042e+02 4.015795e+04 5.141442e+07
<GCONST> 7.581356e+01
<MIXTURE> 7 7.987710e-02
<MEAN> 6
 8.438117e+01 -1.835229e+01 2.411263e+02 -3.848680e+00 -8.698428e+02 1.399608e+03
<VARIANCE> 6
 7.210972e+02 2.822302e+05 7.508721e+05 3.041194e+04 5.635236e+05 2.587528e+08
<GCONST> 8.662344e+01
<MIXTURE> 8 1.047539e-01
<MEAN> 6
 -5.339911e+01 -1.268866e+01 -2.465453e+02 3.616793e+01 7.268497e+02 -7.180612e+01
<VARIANCE> 6
 6.504526e+02 1.487517e+05 8.630872e+05 1.889179e+04 1.843133e+05 8.596637e+07
<GCONST> 8.332358e+01
<MIXTURE> 9 7.895084e-02
<MEAN> 6
 7.337959e+01 -1.640822e+02 1.542625e-01 -6.416314e+01 -1.184974e+03 -2.940906e+03
<VARIANCE> 6
 7.142280e+02 2.738419e+05 7.426543e+05 4.105315e+04 5.282298e+05 2.301112e+08
<GCONST> 8.669074e+01
<STATE> 3
<NUMMIXES> 9
<MIXTURE> 1 9.112389e-02
<MEAN> 6
 8.489353e+01 2.324930e+02 3.955699e+02 -1.271858e+00 -3.006143e+00 3.317583e+01
<VARIANCE> 6
 3.118158e+01 1.276203e+05 1.472748e+04 2.961042e+02 4.015795e+04 5.141442e+07
<GCONST> 6.986809e+01
<MIXTURE> 2 1.338509e-01
<MEAN> 6
 6.655833e+01 -1.031401e+02 -1.940520e+02 1.096498e-01 -3.719294e+00 -9.425750e+01
<VARIANCE> 6
 5.925644e+01 1.844455e+05 1.472748e+04 2.961042e+02 4.015795e+04 5.141442e+07
<GCONST> 7.087843e+01
<MIXTURE> 3 6.341664e-02
<MEAN> 6
 9.523555e+01 -1.321508e+02 -4.774290e+02 -1.440125e+00 -7.571362e+00 -2.194154e+01
<VARIANCE> 6
 1.846702e+02 1.211743e+05 1.919029e+04 2.961042e+02 4.015795e+04 5.141442e+07
<GCONST> 7.185970e+01
<MIXTURE> 4 1.070002e-01
<MEAN> 6
 7.449596e+01 2.950842e+01 -5.679704e+00 -1.216357e-01 -4.007726e+00 -7.878698e+01
<VARIANCE> 6
 3.118158e+01 2.098784e+04 5.405166e+04 2.961042e+02 4.015795e+04 5.141442e+07
<GCONST> 6.936320e+01
<MIXTURE> 5 1.347639e-01
<MEAN> 6
 9.299632e+01 -2.225876e+02 -2.797727e+02 -1.178630e+00 -3.776898e+00 -4.997649e+01
<VARIANCE> 6
 3.118158e+01 1.412739e+05 1.008789e+05 2.961042e+02 4.015795e+04 5.141442e+07
<GCONST> 7.189394e+01
<MIXTURE> 6 9.717067e-02
<MEAN> 6
 7.697897e+01 3.348763e+02 1.187548e+02 2.518177e-02 1.437738e+01 5.242883e+01
<VARIANCE> 6
 1.660161e+02 1.327543e+05 1.472748e+04 2.961042e+02 4.015795e+04 5.141442e+07
<GCONST> 7.157979e+01
<MIXTURE> 7 1.587955e-01
<MEAN> 6
 7.177750e+01 -4.025446e+01 7.767510e+00 7.516530e-01 5.285398e-01 -1.193801e+02
<VARIANCE> 6
 3.118158e+01 1.485183e+04 6.233757e+04 2.961042e+02 4.015795e+04 5.141442e+07
<GCONST> 6.916000e+01
<MIXTURE> 8 1.165372e-01
<MEAN> 6
 5.857294e+01 1.023830e+01 -3.003955e+02 1.984020e+00 -2.908607e-01 -1.383790e+02
<VARIANCE> 6
 7.714979e+01 1.025237e+05 1.472748e+04 2.961042e+02 4.015795e+04 5.141442e+07
<GCONST> 7.055505e+01
<MIXTURE> 9 9.719548e-02
<MEAN> 6
 7.304997e+01 2.167674e+02 7.400948e+01 -5.418999e-01 -9.302452e+00 -1.365474e+02
<VARIANCE> 6
 1.449641e+02 1.475105e+05 1.472748e+04 2.961042e+02 4.015795e+04 5.141442e+07
<GCONST> 7.154959e+01
<STATE> 4
<NUMMIXES> 9
<MIXTURE> 1 1.281296e-01
<MEAN> 6
 1.088393e+02 -3.733043e+01 1.325936e+03 -5.046983e+00 5.225233e-01 -2.096369e+01
<VARIANCE> 6
 2.045585e+02 1.273809e+05 5.302038e+05 2.961042e+02 4.015795e+04 5.141442e+07
<GCONST> 7.533079e+01
<MIXTURE> 2 1.179760e-01
<MEAN> 6
 8.157068e+01 -7.955085e+02 5.915986e+02 -6.541067e-01 4.505146e+00 -2.046040e+02
<VARIANCE> 6
 1.961861e+02 1.447102e+06 1.714607e+05 2.961042e+02 4.015795e+04 5.141442e+07
<GCONST> 7.659023e+01
<MIXTURE> 3 1.455712e-01
<MEAN> 6
 8.797769e+01 1.081863e+03 -6.264375e+02 -1.466962e+00 -5.020390e+00 3.760321e+01
<VARIANCE> 6
 3.118158e+01 2.717145e+04 8.273706e+05 2.961042e+02 4.015795e+04 5.141442e+07
<GCONST> 7.234973e+01
<MIXTURE> 4 5.373315e-02
<MEAN> 6
 7.162773e+01 -8.083195e+03 1.405120e+03 -4.202411e+00 -6.218241e+00 -5.192692e+01
<VARIANCE> 6
 6.064759e+01 2.101601e+06 1.475657e+05 2.961042e+02 4.015795e+04 5.141442e+07
<GCONST> 7.563930e+01
<MIXTURE> 5 1.297932e-01
<MEAN> 6
 7.194585e+01 1.097099e+03 -3.855299e+02 7.538100e-01 -1.139806e+00 -6.506856e+01
<VARIANCE> 6
 3.118158e+01 7.358643e+04 6.502295e+05 2.961042e+02 4.015795e+04 5.141442e+07
<GCONST> 7.310510e+01
<MIXTURE> 6 1.441653e-01
<MEAN> 6
 7.701645e+01 2.578959e+03 1.208948e+01 -2.087664e+00 -7.389356e+00 -9.730136e+01
<VARIANCE> 6
 3.118158e+01 8.501766e+05 1.318345e+05 2.961042e+02 4.015795e+04 5.141442e+07
<GCONST> 7.395631e+01
<MIXTURE> 7 1.170232e-01
<MEAN> 6
 9.558293e+01 -1.685375e+03 5.752076e+01 -5.576181e+00 1.576942e-01 2.941240e+01
<VARIANCE> 6
 2.866801e+02 3.378250e+06 1.697602e+05 2.961042e+02 4.015795e+04 5.141442e+07
<GCONST> 7.780736e+01
<MIXTURE> 8 8.202458e-02
<MEAN> 6
 7.443136e+01 2.590532e+02 -6.365002e+02 -5.456710e-02 9.766212e+00 6.042651e+01
<VARIANCE> 6
 1.237425e+02 2.498656e+06 3.064187e+04 2.961042e+02 4.015795e+04 5.141442e+07
<GCONST> 7.495357e+01
<MIXTURE> 9 8.153422e-02
<MEAN> 6
 7.016732e+01 -3.362227e+02 -6.789282e+02 -1.809011e-01 -9.666119e+00 -1.268032e+02
<VARIANCE> 6
 9.691518e+01 2.082279e+06 2.938106e+04 2.961042e+02 4.015795e+04 5.141442e+07
<GCONST> 7.448489e+01
<STATE> 5
<NUMMIXES> 9
<MIXTURE> 1 1.884401e-02
<MEAN> 6
 2.166151e+01 8.025755e+02 -2.526643e+02 -3.222088e+01 -4.150458e+02 5.476559e+03
<VARIANCE> 6
 7.549488e+03 2.697678e+07 1.473178e+06 5.128878e+05 2.587584e+08 3.717928e+11
<GCONST> 1.104307e+02
<MIXTURE> 2 1.144972e-01
<MEAN> 6
 2.858838e+01 1.381479e+02 9.877449e+00 1.970700e+02 1.764054e+01 -2.393750e+03
<VARIANCE> 6
 1.015273e+03 3.105810e+05 6.779812e+04 1.772027e+04 1.399379e+05 5.141442e+07
<GCONST> 8.110751e+01
<MIXTURE> 3 1.324247e-01
<MEAN> 6
 8.926662e+01 5.113087e-01 -2.414434e+01 4.913323e+00 -9.927803e+02 -6.646991e+02
<VARIANCE> 6
 9.592548e+02 9.195248e+05 3.485942e+05 4.710611e+04 2.223731e+06 1.305707e+09
<GCONST> 9.075156e+01
<MIXTURE> 4 1.661238e-01
<MEAN> 6
 9.756649e+01 -1.194896e+02 -1.573967e+01 -6.116310e+00 -2.318832e+01 -2.589058e+02
<VARIANCE> 6
 3.205616e+02 1.030754e+06 1.430796e+05 2.961042e+02 4.015795e+04 5.141442e+07
<GCONST> 7.656100e+01
<MIXTURE> 5 1.278815e-01
<MEAN> 6
 -3.776311e+01 -3.384146e+01 6.148968e+00 -8.899625e+01 1.248600e+03 1.673604e+03
<VARIANCE> 6
 7.353415e+02 6.143362e+05 2.704303e+05 5.536998e+04 1.306422e+06 8.338203e+08
<GCONST> 8.900979e+01
<MIXTURE> 6 9.509587e-02
<MEAN> 6
 -4.461030e+01 1.495420e+02 7.805537e+01 6.240290e+01 6.559100e+02 1.058070e+03
<VARIANCE> 6
 2.433556e+02 2.256826e+05 6.182738e+04 1.083799e+04 2.520859e+05 5.571827e+07
<GCONST> 7.944493e+01
<MIXTURE> 7 1.331207e-01
<MEAN> 6
 8.465179e+01 -1.032146e+01 2.788624e+01 -4.681451e+01 -7.451533e+02 -9.290401e+02
<VARIANCE> 6
 2.612538e+02 1.424690e+05 6.681895e+04 2.003346e+04 2.553573e+05 8.586890e+07
<GCONST> 8.019328e+01
<MIXTURE> 8 1.156179e-01
<MEAN> 6
 2.783896e+01 -1.566862e+01 1.731068e+01 -9.358759e+01 -2.115151e+02 2.104724e+03
<VARIANCE> 6
 8.349942e+02 1.224042e+05 4.090860e+04 7.081914e+04 5.047119e+05 1.976748e+08
<GCONST> 8.349063e+01
<MIXTURE> 9 9.554777e-02
<MEAN> 6
 -5.154176e+01 -2.192420e+01 -1.948131e+01 1.404946e+01 4.503215e+02 -1.236618e+03
<VARIANCE> 6
 2.245025e+02 2.349398e+05 6.795248e+04 7.303467e+03 2.235915e+05 5.778228e+07
<GCONST> 7.902068e+01
<TRANSP> 6
 0.000000e+00 1.000000e+00 0.000000e+00 0.000000e+00 0.000000e+00 0.000000e+00
 0.000000e+00 9.998571e-01 1.428920e-04 0.000000e+00 0.000000e+00 0.000000e+00
 0.000000e+00 0.000000e+00 9.995532e-01 4.468240e-04 0.000000e+00 0.000000e+00
 0.000000e+00 0.000000e+00 0.000000e+00 9.993017e-01 6.983298e-04 0.000000e+00
 0.000000e+00 0.000000e+00 0.000000e+00 0.000000e+00 9.999382e-01 6.177241e-05
 0.000000e+00 0.000000e+00 0.000000e+00 0.000000e+00 0.000000e+00 0.000000e+00
<ENDHMM>
~h "SegundoESO"
<BEGINHMM>
<NUMSTATES> 6
<STATE> 2
<NUMMIXES> 9
<MIXTURE> 1 1.289424e-01
<MEAN> 6
 8.359127e+01 -2.918139e+03 2.401436e+03 -6.517560e+00 -2.500567e+01 -2.937517e+02
<VARIANCE> 6
 1.005961e+02 3.492868e+06 1.641198e+07 2.961042e+02 4.015795e+04 5.141442e+07
<GCONST> 8.136485e+01
<MIXTURE> 2 8.630899e-02
<MEAN> 6
 2.433674e+01 1.130501e+02 9.270978e+02 -7.856740e+01 -2.283204e+02 2.647939e+03
<VARIANCE> 6
 2.830441e+03 4.637781e+06 9.562834e+06 7.082070e+04 2.158441e+06 6.767023e+08
<GCONST> 9.648414e+01
<MIXTURE> 3 1.455985e-01
<MEAN> 6
 3.917632e+01 2.277620e+03 -1.199203e+03 4.106512e+01 -1.216714e+02 -6.184092e+02
<VARIANCE> 6
 1.280166e+03 2.717717e+07 4.070796e+06 3.105364e+04 1.071243e+05 5.141442e+07
<GCONST> 9.019989e+01
<MIXTURE> 4 1.297152e-01
<MEAN> 6
 -5.337090e+01 3.472838e+02 1.103820e+03 2.274802e+01 9.473892e+02 -8.324040e+02
<VARIANCE> 6
 2.745028e+02 2.827637e+06 4.557167e+06 2.359521e+04 3.590322e+05 9.233491e+07
<GCONST> 8.803029e+01
<MIXTURE> 5 9.001061e-02
<MEAN> 6
 7.586840e+01 9.528712e+02 -1.891933e+03 3.075128e-01 -8.675962e+00 1.355847e+01
<VARIANCE> 6
 3.118158e+01 1.086283e+06 7.658878e+06 2.961042e+02 4.015795e+04 5.141442e+07
<GCONST> 7.826346e+01
<MIXTURE> 6 8.794443e-02
<MEAN> 6
 7.336079e+01 -4.367473e+01 9.710684e+02 5.228609e+01 -5.197818e+02 -1.760808e+02
<VARIANCE> 6
 3.012950e+02 1.219066e+06 5.687674e+06 1.807701e+04 9.158352e+04 5.141442e+07
<GCONST> 8.528558e+01
<MIXTURE> 7 1.460938e-01
<MEAN> 6
 -3.143985e+01 -1.030250e+02 8.208430e+01 1.545173e+01 2.751128e+02 -2.283270e+02
<VARIANCE> 6
 6.523168e+02 4.953098e+06 1.063169e+06 2.581677e+04 8.406670e+04 5.141442e+07
<GCONST> 8.605365e+01
<MIXTURE> 8 9.540311e-02
<MEAN> 6
 6.584095e+01 -7.002590e+02 3.766905e+02 -7.353391e+01 -7.891600e+02 6.782272e+02
<VARIANCE> 6
 5.133861e+02 4.638712e+06 1.482674e+06 3.311759e+04 2.359602e+05 8.266330e+07
<GCONST> 8.783713e+01
<MIXTURE> 9 8.973470e-02
<MEAN> 6
 7.490058e+01 5.132944e+02 -3.245985e+03 -1.501825e+00 -2.175518e+01 -2.282489e+02
<VARIANCE> 6
 3.118158e+01 1.022086e+06 1.222514e+07 2.961042e+02 4.015795e+04 5.141442e+07
<GCONST> 7.867017e+01
<STATE> 3
<NUMMIXES> 9
<MIXTURE> 1 1.029393e-01
<MEAN> 6
 7.896117e+01 5.772710e+02 5.115857e+02 -4.712291e-01 4.084194e+00 -6.432922e+01
<VARIANCE> 6
 3.118158e+01 1.121341e+05 1.405523e+05 2.961042e+02 4.015795e+04 5.141442e+07
<GCONST> 7.199459e+01
<MIXTURE> 2 3.107498e-02
<MEAN> 6
 9.544970e+01 -7.614866e+03 -2.748615e+02 -6.702933e+00 -8.613679e-01 3.113552e+02
<VARIANCE> 6
 3.118158e+01 1.450664e+06 1.452951e+06 2.961042e+02 4.015795e+04 5.141442e+07
<GCONST> 7.689044e+01
<MIXTURE> 3 9.944785e-02
<MEAN> 6
 8.499459e+01 2.028968e+02 -2.087231e+03 -4.665572e+00 9.534742e+00 -3.195239e+00
<VARIANCE> 6
 2.189240e+02 6.709250e+04 2.892672e+06 2.961042e+02 4.015795e+04 5.141442e+07
<GCONST> 7.645422e+01
<MIXTURE> 4 1.358936e-01
<MEAN> 6
 8.516179e+01 -7.399062e+02 1.425125e+02 -1.423232e+00 1.644825e+00 -1.122372e+02
<VARIANCE> 6
 3.118158e+01 1.485183e+04 6.673991e+04 2.961042e+02 4.015795e+04 5.141442e+07
<GCONST> 6.922824e+01
<MIXTURE> 5 1.894988e-01
<MEAN> 6
 7.346500e+01 2.482996e+02 -5.868525e+02 -7.895862e-01 -4.136855e+00 -1.278895e+02
<VARIANCE> 6
 3.118158e+01 5.634165e+04 2.491552e+04 2.961042e+02 4.015795e+04 5.141442e+07
<GCONST> 6.957624e+01
<MIXTURE> 6 1.185839e-01
<MEAN> 6
 7.710027e+01 2.038560e+02 5.649848e+01 -7.822052e-01 -4.263889e+00 -5.984158e+01
<VARIANCE> 6
 3.118158e+01 1.916405e+05 7.296162e+04 2.961042e+02 4.015795e+04 5.141442e+07
<GCONST> 7.187487e+01
<MIXTURE> 7 1.254452e-01
<MEAN> 6
 7.280565e+01 1.275804e+02 -7.201025e+02 -1.187230e+00 -1.876909e+00 -4.919528e+01
<VARIANCE> 6
 3.118158e+01 1.222522e+06 2.456291e+04 2.961042e+02 4.015795e+04 5.141442e+07
<GCONST> 7.263922e+01
<MIXTURE> 8 9.448872e-02
<MEAN> 6
 7.905620e+01 -9.009154e+02 -8.068781e+01 -1.538497e+00 -4.069044e+00 -1.086605e+02
<VARIANCE> 6
 3.118158e+01 4.398668e+05 1.530230e+04 2.961042e+02 4.015795e+04 5.141442e+07
<GCONST> 7.114379e+01
<MIXTURE> 9 1.025621e-01
<MEAN> 6
 7.764357e+01 4.659827e+02 3.238735e+02 -1.124493e+00 -6.412731e+00 -1.232028e+02
<VARIANCE> 6
 3.118158e+01 1.063697e+05 1.399885e+05 2.961042e+02 4.015795e+04 5.141442e+07
<GCONST> 7.193780e+01
<STATE> 4
<NUMMIXES> 9
<MIXTURE> 1 1.185923e-01
<MEAN> 6
 6.645314e+01 2.727437e+02 1.355594e+02 -5.084240e-01 -4.547038e+00 -1.195594e+02
<VARIANCE> 6
 3.118158e+01 5.794987e+05 1.472748e+04 2.961042e+02 4.015795e+04 5.141442e+07
<GCONST> 7.138120e+01
<MIXTURE> 2 1.588998e-01
<MEAN> 6
 6.409404e+01 -2.772381e+02 -1.690128e+02 -4.667033e-01 -2.303979e+00 -1.046012e+02
<VARIANCE> 6
 3.118158e+01 6.056734e+04 9.680030e+05 2.961042e+02 4.015795e+04 5.141442e+07
<GCONST> 7.330830e+01
<MIXTURE> 3 6.940775e-02
<MEAN> 6
 6.610060e+01 -5.964306e+01 -9.913001e+01 -3.364976e-01 -5.354292e+00 -1.167034e+02
<VARIANCE> 6
 3.118158e+01 1.867368e+06 1.472748e+04 2.961042e+02 4.015795e+04 5.141442e+07
<GCONST> 7.255132e+01
<MIXTURE> 4 1.173108e-01
<MEAN> 6
 5.903354e+01 2.478186e+02 -1.251812e+03 -6.188816e-01 -2.639316e+00 -1.168044e+02
<VARIANCE> 6
 3.118158e+01 1.394064e+05 5.092040e+05 2.961042e+02 4.015795e+04 5.141442e+07
<GCONST> 7.349956e+01
<MIXTURE> 5 8.256914e-02
<MEAN> 6
 6.329424e+01 2.266197e+02 7.597666e+01 2.971554e-02 -2.558708e-01 -5.878979e+01
<VARIANCE> 6
 3.118158e+01 6.493310e+04 5.395372e+04 2.961042e+02 4.015795e+04 5.141442e+07
<GCONST> 7.049080e+01
<MIXTURE> 6 9.956947e-02
<MEAN> 6
 5.921700e+01 4.203442e+01 -3.340175e+02 4.821184e-01 -2.736727e+00 -1.090033e+02
<VARIANCE> 6
 3.118158e+01 3.276160e+06 1.472748e+04 2.961042e+02 4.015795e+04 5.141442e+07
<GCONST> 7.311346e+01
<MIXTURE> 7 1.531990e-01
<MEAN> 6
 6.019904e+01 -8.882433e+01 -1.320085e+02 6.905146e-02 -3.244320e+00 -1.299438e+02
<VARIANCE> 6
 3.118158e+01 9.502692e+04 2.840311e+04 2.961042e+02 4.015795e+04 5.141442e+07
<GCONST> 7.022997e+01
<MIXTURE> 8 1.181453e-01
<MEAN> 6
 6.592430e+01 -2.547134e+02 1.580561e+02 -2.214682e-01 -4.625392e+00 -9.461696e+01
<VARIANCE> 6
 3.118158e+01 7.269292e+05 3.345933e+04 2.961042e+02 4.015795e+04 5.141442e+07
<GCONST> 7.242848e+01
<MIXTURE> 9 8.222649e-02
<MEAN> 6
 6.127251e+01 1.267470e+02 8.980284e+00 -4.924068e-01 -1.145808e+01 -2.466866e+02
<VARIANCE> 6
 3.153484e+01 6.852587e+04 5.594195e+04 2.961042e+02 4.015795e+04 5.141442e+07
<GCONST> 7.059211e+01
<STATE> 5
<NUMMIXES> 9
<MIXTURE> 1 1.026780e-01
<MEAN> 6
 2.392893e+01 2.185576e+02 6.863227e+01 4.808406e+01 -5.677531e+01 6.356785e+02
<VARIANCE> 6
 5.767701e+02 4.602428e+05 9.396538e+04 3.078506e+04 7.416567e+04 5.141442e+07
<GCONST> 8.117917e+01
<MIXTURE> 2 6.860092e-02
<MEAN> 6
 3.000046e+01 -5.363188e+01 2.566306e+02 -7.080226e+01 -2.956327e+02 3.115975e+03
<VARIANCE> 6
 2.558101e+03 2.685928e+06 1.344732e+06 4.521174e+04 1.883695e+06 7.311777e+08
<GCONST> 9.336755e+01
<MIXTURE> 3 1.176746e-01
<MEAN> 6
 -3.747438e+01 1.265895e+02 9.294650e+01 -4.635239e+01 9.575629e+02 3.017130e+02
<VARIANCE> 6
 3.469376e+02 3.100289e+05 3.575068e+05 2.864349e+04 4.169104e+05 2.327740e+08
<GCONST> 8.477663e+01
<MIXTURE> 4 1.607954e-01
<MEAN> 6
 7.937886e+01 -9.211528e+01 -3.314496e+01 -5.604697e+00 -3.300515e+01 -1.045848e+01
<VARIANCE> 6
 1.300910e+02 7.725084e+05 6.498914e+05 2.961042e+02 4.015795e+04 5.141442e+07
<GCONST> 7.688417e+01
<MIXTURE> 5 7.305431e-02
<MEAN> 6
 1.248186e+00 6.517986e+01 4.465531e+01 1.537042e+01 3.890793e+01 5.513823e+01
<VARIANCE> 6
 1.183882e+03 2.991426e+05 1.765580e+06 3.020097e+04 8.131560e+04 5.141442e+07
<GCONST> 8.447363e+01
<MIXTURE> 6 1.175632e-01
<MEAN> 6
 6.631491e+01 -1.200094e+02 8.429088e+01 3.530792e+01 -5.084385e+02 -9.861075e+02
<VARIANCE> 6
 2.003098e+02 6.483760e+05 4.330648e+05 1.428217e+04 9.162490e+04 5.141442e+07
<GCONST> 8.143565e+01
<MIXTURE> 7 1.557192e-01
<MEAN> 6
 -4.050994e+01 1.675581e+01 8.361897e+00 4.708841e+01 4.594529e+02 -7.010176e+02
<VARIANCE> 6
 3.136137e+02 3.164822e+05 1.874400e+05 8.268675e+03 1.207326e+05 5.141442e+07
<GCONST> 8.005865e+01
<MIXTURE> 8 9.921537e-02
<MEAN> 6
 6.503915e+01 -7.254511e+01 3.743330e+01 -6.107832e+01 -8.191267e+02 6.874620e+02
<VARIANCE> 6
 2.815574e+02 7.774759e+05 1.195141e+05 2.060462e+04 2.001168e+05 9.645730e+07
<GCONST> 8.244714e+01
<MIXTURE> 9 1.033275e-01
<MEAN> 6
 1.642471e+01 -3.556770e+01 -4.284108e+01 -5.928173e-01 -1.317430e+02 -1.307887e+03
<VARIANCE> 6
 5.669152e+02 4.162201e+05 9.214995e+04 3.683236e+04 8.075852e+04 5.175297e+07
<GCONST> 8.131296e+01
<TRANSP> 6
 0.000000e+00 1.000000e+00 0.000000e+00 0.000000e+00 0.000000e+00 0.000000e+00
 0.000000e+00 9.998060e-01 1.940163e-04 0.000000e+00 0.000000e+00 0.000000e+00
 0.000000e+00 0.000000e+00 9.993519e-01 6.481517e-04 0.000000e+00 0.000000e+00
 0.000000e+00 0.000000e+00 0.000000e+00 9.995890e-01 4.110278e-04 0.000000e+00
 0.000000e+00 0.000000e+00 0.000000e+00 0.000000e+00 9.999446e-01 5.537306e-05
 0.000000e+00 0.000000e+00 0.000000e+00 0.000000e+00 0.000000e+00 0.000000e+00
<ENDHMM>
~h "QuintoPRIMARIA"
<BEGINHMM>
<NUMSTATES> 6
<STATE> 2
<NUMMIXES> 9
<MIXTURE> 1 1.170602e-01
<MEAN> 6
 -3.585185e+01 3.775827e+01 1.479646e+02 -8.432646e+01 1.118230e+03 2.404876e+03
<VARIANCE> 6
 5.705908e+02 1.826877e+05 3.185155e+05 4.338648e+04 7.904256e+05 5.137942e+08
<GCONST> 8.647646e+01
<MIXTURE> 2 5.383827e-02
<MEAN> 6
 7.058835e+01 -9.595945e+01 -2.231948e+02 -1.876820e+00 -1.094321e+03 1.975217e+03
<VARIANCE> 6
 9.415474e+02 9.833992e+05 1.340493e+06 3.669470e+04 1.194524e+06 8.205363e+08
<GCONST> 9.081122e+01
<MIXTURE> 3 1.378598e-01
<MEAN> 6
 6.314057e+01 -2.617658e+01 2.251628e+01 -8.199759e-01 -2.435505e+01 -2.455928e+02
<VARIANCE> 6
 8.017032e+01 2.931603e+04 1.082762e+05 2.961042e+02 4.015795e+04 5.141442e+07
<GCONST> 7.133646e+01
<MIXTURE> 4 9.882774e-02
<MEAN> 6
 6.230371e+01 1.316197e+02 9.883640e+00 4.861956e+01 -4.439570e+02 1.717227e+02
<VARIANCE> 6
 5.098526e+02 1.727951e+05 9.469298e+04 2.267785e+04 1.775456e+05 5.141442e+07
<GCONST> 8.065120e+01
<MIXTURE> 5 1.117838e-01
<MEAN> 6
 -2.742897e+01 3.168281e+01 2.870099e+01 1.013235e+02 6.606187e+02 -2.116826e+03
<VARIANCE> 6
 4.673331e+02 6.794862e+04 5.481000e+04 1.878247e+04 1.874559e+05 5.141442e+07
<GCONST> 7.894984e+01
<MIXTURE> 6 1.704045e-01
<MEAN> 6
 3.398668e+01 7.269641e+00 1.652699e+01 -3.992683e+01 -3.801164e+02 3.845956e+02
<VARIANCE> 6
 1.061236e+03 4.422986e+04 6.571415e+04 4.741984e+04 4.407139e+05 1.918979e+08
<GCONST> 8.262009e+01
<MIXTURE> 7 1.073282e-01
<MEAN> 6
 8.116199e+01 -1.936284e+02 -1.199597e+02 -7.039746e+00 -3.300219e+01 -3.902884e+02
<VARIANCE> 6
 1.263601e+02 2.829981e+05 2.009619e+05 2.961042e+02 4.015795e+04 5.141442e+07
<GCONST> 7.467718e+01
<MIXTURE> 8 1.026690e-01
<MEAN> 6
 -5.018655e+01 7.139267e+01 -2.603228e+01 2.162561e+01 2.827957e+02 1.469303e+02
<VARIANCE> 6
 2.903205e+02 7.558795e+04 9.584064e+04 1.188428e+03 9.167791e+04 5.141442e+07
<GCONST> 7.566359e+01
<MIXTURE> 9 9.963584e-02
<MEAN> 6
 5.752830e+01 -1.351188e+01 -8.838017e+01 -1.514849e+00 -5.930437e+02 -1.791422e+03
<VARIANCE> 6
 5.238630e+02 1.751726e+05 1.079346e+05 2.726222e+04 1.917616e+05 5.141442e+07
<GCONST> 8.108400e+01
<STATE> 3
<NUMMIXES> 9
<MIXTURE> 1 8.880112e-02
<MEAN> 6
 7.705997e+01 2.910496e+02 3.800352e+03 8.941948e-02 -1.908547e+00 -1.039817e+02
<VARIANCE> 6
 8.939201e+01 8.251136e+04 1.809507e+05 2.961042e+02 4.015795e+04 5.141442e+07
<GCONST> 7.299368e+01
<MIXTURE> 2 9.891540e-02
<MEAN> 6
 6.217514e+01 -3.961274e+03 -4.813842e+03 -3.730977e-01 -3.063523e+00 -8.136917e+01
<VARIANCE> 6
 3.118158e+01 1.758219e+07 7.245594e+06 2.961042e+02 4.015795e+04 5.141442e+07
<GCONST> 8.099210e+01
<MIXTURE> 3 1.066931e-01
<MEAN> 6
 9.896561e+01 1.987128e+03 -4.502137e+02 -3.071418e+00 -1.323240e+00 -7.284183e+01
<VARIANCE> 6
 2.748528e+02 1.170215e+06 5.577001e+04 2.961042e+02 4.015795e+04 5.141442e+07
<GCONST> 7.559190e+01
<MIXTURE> 4 9.186891e-02
<MEAN> 6
 6.506629e+01 1.192651e+03 -3.960784e+02 9.571052e-01 5.987675e+00 -1.281165e+01
<VARIANCE> 6
 3.932429e+01 1.234049e+05 8.762244e+05 2.961042e+02 4.015795e+04 5.141442e+07
<GCONST> 7.415242e+01
<MIXTURE> 5 1.812815e-01
<MEAN> 6
 7.831851e+01 -4.074393e+02 6.301830e+02 2.185955e-01 -1.034347e+01 -3.540865e+01
<VARIANCE> 6
 3.118158e+01 8.464481e+05 1.165097e+06 2.961042e+02 4.015795e+04 5.141442e+07
<GCONST> 7.613092e+01
<MIXTURE> 6 1.306534e-01
<MEAN> 6
 5.989998e+01 1.707786e+02 -3.761252e+03 1.123773e+00 -7.103326e+00 -8.740051e+01
<VARIANCE> 6
 3.118158e+01 6.010167e+04 4.706303e+06 2.961042e+02 4.015795e+04 5.141442e+07
<GCONST> 7.488201e+01
<MIXTURE> 7 1.640347e-01
<MEAN> 6
 6.276382e+01 -8.203854e+02 -5.590866e+02 5.969151e-01 -1.614888e+00 -8.528665e+01
<VARIANCE> 6
 1.112782e+02 1.165938e+05 1.069743e+06 2.961042e+02 4.015795e+04 5.141442e+07
<GCONST> 7.533539e+01
<MIXTURE> 8 5.123213e-02
<MEAN> 6
 5.886644e+01 4.348347e+02 1.899353e+03 1.079580e+00 -4.132437e+00 -8.129324e+01
<VARIANCE> 6
 2.164550e+02 2.356056e+04 6.803489e+05 2.961042e+02 4.015795e+04 5.141442e+07
<GCONST> 7.394905e+01
<MIXTURE> 9 8.636855e-02
<MEAN> 6
 6.182568e+01 9.576141e+02 -8.350235e+02 4.143896e-01 -8.461754e+00 -1.367333e+02
<VARIANCE> 6
 4.157712e+01 1.514515e+05 7.115726e+05 2.961042e+02 4.015795e+04 5.141442e+07
<GCONST> 7.420478e+01
<STATE> 4
<NUMMIXES> 9
<MIXTURE> 1 8.313432e-02
<MEAN> 6
 8.261372e+01 2.645395e+01 1.099896e+02 -5.442771e+00 1.258323e+01 2.083224e+02
<VARIANCE> 6
 8.140171e+01 1.396052e+05 1.472748e+04 2.961042e+02 4.015795e+04 5.141442e+07
<GCONST> 7.091742e+01
<MIXTURE> 2 8.870945e-02
<MEAN> 6
 8.047577e+01 3.264205e+02 -2.960206e+02 -1.768978e+00 -5.675698e+00 1.621189e+01
<VARIANCE> 6
 3.118158e+01 6.714910e+04 3.891475e+04 2.961042e+02 4.015795e+04 5.141442e+07
<GCONST> 7.019760e+01
<MIXTURE> 3 1.250344e-01
<MEAN> 6
 6.465193e+01 7.429064e+01 -4.796375e+01 -1.504360e+00 2.447158e-01 -1.953107e+00
<VARIANCE> 6
 3.118158e+01 1.485183e+04 1.084250e+05 2.961042e+02 4.015795e+04 5.141442e+07
<GCONST> 6.971350e+01
<MIXTURE> 4 1.676077e-01
<MEAN> 6
 8.455276e+01 -1.826471e+02 -1.331266e+02 -2.876488e+00 -1.935362e+00 -1.840715e+01
<VARIANCE> 6
 4.496435e+01 2.523044e+04 5.679041e+04 2.961042e+02 4.015795e+04 5.141442e+07
<GCONST> 6.996278e+01
<MIXTURE> 5 1.000753e-01
<MEAN> 6
 6.712195e+01 -3.265953e+02 -1.971732e+02 -5.160886e-01 -1.276634e+00 -5.569422e+01
<VARIANCE> 6
 3.118158e+01 2.762445e+04 6.303470e+04 2.961042e+02 4.015795e+04 5.141442e+07
<GCONST> 6.979170e+01
<MIXTURE> 6 6.418879e-02
<MEAN> 6
 7.459769e+01 1.042185e+02 -7.638925e+01 -2.709413e+00 -6.348409e+00 -2.115871e+01
<VARIANCE> 6
 6.984089e+01 1.022147e+05 1.610823e+05 2.961042e+02 4.015795e+04 5.141442e+07
<GCONST> 7.284470e+01
<MIXTURE> 7 1.615354e-01
<MEAN> 6
 7.790456e+01 -4.136022e+02 1.474850e+02 -3.909312e+00 3.606268e+00 -2.592872e+01
<VARIANCE> 6
 5.984138e+01 9.930119e+04 1.472748e+04 2.961042e+02 4.015795e+04 5.141442e+07
<GCONST> 7.026906e+01
<MIXTURE> 8 1.278826e-01
<MEAN> 6
 6.292006e+01 2.393053e+01 -2.597329e+02 -1.209272e+00 5.251192e-01 -3.720024e+01
<VARIANCE> 6
 3.118158e+01 1.485183e+04 1.047361e+05 2.961042e+02 4.015795e+04 5.141442e+07
<GCONST> 6.967888e+01
<MIXTURE> 9 8.172578e-02
<MEAN> 6
 8.032216e+01 -1.111872e+02 8.483072e+01 -5.195355e+00 -2.033375e+00 -2.954797e+01
<VARIANCE> 6
 8.525374e+01 1.447543e+05 1.472748e+04 2.961042e+02 4.015795e+04 5.141442e+07
<GCONST> 7.099988e+01
<STATE> 5
<NUMMIXES> 9
<MIXTURE> 1 9.269231e-02
<MEAN> 6
 8.713255e+01 2.653286e+02 1.104828e+03 -4.626482e+00 -1.470509e+01 -1.488530e+01
<VARIANCE> 6
 2.413987e+02 4.354969e+06 3.451229e+06 2.961042e+02 4.015795e+04 5.141442e+07
<GCONST> 8.090150e+01
<MIXTURE> 2 1.527807e-02
<MEAN> 6
 -7.290874e+00 1.582752e+02 1.138495e+02 -2.203934e+01 3.856848e+01 3.568858e+03
<VARIANCE> 6
 1.155987e+04 2.033850e+05 4.059600e+05 1.879479e+06 1.026688e+09 1.510065e+12
<GCONST> 1.087587e+02
<MIXTURE> 3 1.287801e-01
<MEAN> 6
 1.570392e+01 2.764143e+01 -4.457284e+02 -1.014828e+02 7.438329e+01 3.078814e+03
<VARIANCE> 6
 3.802841e+03 2.708296e+06 6.776226e+06 5.424521e+04 3.032836e+06 1.453336e+09
<GCONST> 9.673494e+01
<MIXTURE> 4 9.452164e-02
<MEAN> 6
 -4.778147e+01 1.630572e+02 3.436775e+02 6.217619e+01 7.787836e+02 4.143309e+02
<VARIANCE> 6
 3.542608e+02 1.469510e+06 1.793942e+06 2.088521e+04 3.124844e+05 8.092914e+07
<GCONST> 8.630585e+01
<MIXTURE> 5 1.308005e-01
<MEAN> 6
 -1.220319e+01 -2.391826e+02 2.324814e+02 4.178881e+01 1.515984e+02 -1.137682e+03
<VARIANCE> 6
 1.837984e+03 2.279415e+05 6.268971e+05 3.405426e+04 1.435990e+05 5.478480e+07
<GCONST> 8.435848e+01
<MIXTURE> 6 1.360723e-01
<MEAN> 6
 5.825153e+01 1.489384e+02 2.937446e+02 4.836602e+01 -4.412224e+02 -3.501426e+02
<VARIANCE> 6
 6.829841e+02 1.522823e+06 2.755691e+06 2.653711e+04 1.250288e+05 5.141442e+07
<GCONST> 8.629701e+01
<MIXTURE> 7 1.670194e-01
<MEAN> 6
 8.192066e+01 1.968206e+02 -3.121098e+01 -2.674317e+00 -2.153148e+01 -2.357094e+02
<VARIANCE> 6
 2.399952e+02 4.437330e+05 1.160274e+06 2.961042e+02 4.015795e+04 5.141442e+07
<GCONST> 7.752174e+01
<MIXTURE> 8 1.382238e-01
<MEAN> 6
 6.216064e+01 -1.742702e+02 -1.077345e+02 -3.268090e+01 -6.895435e+02 -3.251670e+02
<VARIANCE> 6
 7.994036e+02 7.366647e+05 6.922397e+05 3.609858e+04 3.748522e+05 1.611404e+08
<GCONST> 8.689479e+01
<MIXTURE> 9 9.569412e-02
<MEAN> 6
 -5.568785e+01 -1.502017e+02 -2.148452e+02 1.443165e+01 6.007813e+02 -1.958569e+03
<VARIANCE> 6
 3.419987e+02 1.313148e+06 1.799613e+06 1.485762e+04 3.004573e+05 8.692355e+07
<GCONST> 8.585296e+01
<TRANSP> 6
 0.000000e+00 1.000000e+00 0.000000e+00 0.000000e+00 0.000000e+00 0.000000e+00
 0.000000e+00 9.999066e-01 9.334659e-05 0.000000e+00 0.000000e+00 0.000000e+00
 0.000000e+00 0.000000e+00 9.994714e-01 5.286087e-04 0.000000e+00 0.000000e+00
 0.000000e+00 0.000000e+00 0.000000e+00 9.993867e-01 6.132953e-04 0.000000e+00
 0.000000e+00 0.000000e+00 0.000000e+00 0.000000e+00 9.999262e-01 7.380298e-05
 0.000000e+00 0.000000e+00 0.000000e+00 0.000000e+00 0.000000e+00 0.000000e+00
<ENDHMM>
