~o
<STREAMINFO> 1 6
<VECSIZE> 6<NULLD><USER><DIAGC>
~h "SegundoPRIMARIA"
<BEGINHMM>
<NUMSTATES> 6
<STATE> 2
<NUMMIXES> 15
<MIXTURE> 1 8.656420e-02
<MEAN> 6
 7.832227e+01 -4.489376e+02 1.190228e+03 -1.041891e+00 -1.240921e+01 -2.304690e+02
<VARIANCE> 6
 3.307489e+02 2.094090e+05 1.848235e+06 2.874942e+02 3.406208e+04 4.202037e+07
<GCONST> 7.716122e+01
<MIXTURE> 2 5.739943e-02
<MEAN> 6
 -3.539978e+01 4.576747e+01 5.206950e+01 -2.580397e+02 1.506724e+03 6.552340e+03
<VARIANCE> 6
 6.009199e+02 3.172702e+05 1.122214e+06 2.018370e+04 1.459426e+06 1.214614e+09
<GCONST> 8.904793e+01
<MIXTURE> 3 3.868997e-02
<MEAN> 6
 -3.030056e+01 -1.153202e+01 -1.114818e+02 2.492164e+02 1.084134e+03 -4.849119e+03
<VARIANCE> 6
 3.731097e+02 3.435988e+05 5.994225e+05 7.846904e+03 4.013592e+05 1.649292e+08
<GCONST> 8.379160e+01
<MIXTURE> 4 6.331150e-02
<MEAN> 6
 3.586938e+01 3.993634e+01 -6.264733e+01 2.087561e+02 -1.548805e+02 -6.039489e+02
<VARIANCE> 6
 7.947664e+02 2.852760e+05 4.236159e+05 5.582175e+03 1.465651e+05 4.202037e+07
<GCONST> 8.129933e+01
<MIXTURE> 5 7.252163e-02
<MEAN> 6
 9.470143e+01 -1.113817e+02 -5.002387e+01 5.018139e+01 -1.085255e+03 1.421970e+02
<VARIANCE> 6
 5.262943e+02 8.334421e+05 1.457144e+06 2.281604e+04 1.602423e+06 8.726761e+08
<GCONST> 9.002775e+01
<MIXTURE> 6 9.589601e-02
<MEAN> 6
 7.826586e+01 6.527164e+02 -3.542750e+02 1.351162e+00 -2.716693e+01 -1.792511e+02
<VARIANCE> 6
 1.232510e+02 3.829420e+05 1.253528e+06 2.874942e+02 3.406208e+04 4.202037e+07
<GCONST> 7.638940e+01
<MIXTURE> 7 6.599440e-02
<MEAN> 6
 -5.842344e+01 4.092689e+01 -3.277849e+02 -2.884982e+00 1.079083e+02 2.983414e+02
<VARIANCE> 6
 3.860649e+02 1.584723e+05 7.542932e+05 4.013258e+02 4.087696e+04 4.202037e+07
<GCONST> 7.665690e+01
<MIXTURE> 8 9.381174e-02
<MEAN> 6
 6.920580e+01 5.081510e+01 -4.503351e+02 3.306521e-02 -1.016231e+01 -7.764552e+01
<VARIANCE> 6
 4.439140e+01 4.957468e+04 6.063110e+05 2.874942e+02 3.406208e+04 4.202037e+07
<GCONST> 7.259750e+01
<MIXTURE> 9 5.533087e-02
<MEAN> 6
 8.929219e+01 -2.943757e+00 2.492806e+02 -3.068027e+01 -4.948380e+02 3.307438e+02
<VARIANCE> 6
 5.635093e+02 1.052482e+05 4.861343e+05 1.187353e+04 3.065072e+05 9.392057e+07
<GCONST> 8.239279e+01
<MIXTURE> 10 7.997290e-02
<MEAN> 6
 -6.421062e+01 4.422546e+01 -2.225847e+02 2.418162e+01 7.613056e+02 -7.784610e+02
<VARIANCE> 6
 3.702285e+02 3.503883e+05 2.002764e+06 1.027526e+04 2.830042e+05 1.412792e+08
<GCONST> 8.477518e+01
<MIXTURE> 11 4.312984e-02
<MEAN> 6
 1.023222e+02 -6.466999e+02 5.658464e+01 -1.772261e+01 -9.304941e+01 -2.219282e+02
<VARIANCE> 6
 2.568559e+02 1.252629e+06 5.268569e+05 8.487587e+02 5.022159e+04 4.202037e+07
<GCONST> 7.891286e+01
<MIXTURE> 12 7.280171e-02
<MEAN> 6
 3.069519e+01 -6.034299e+01 1.238244e+02 -2.991412e+02 -6.713231e+02 6.591669e+03
<VARIANCE> 6
 6.467693e+02 3.365950e+05 1.220750e+06 1.029257e+04 6.448498e+05 1.937828e+08
<GCONST> 8.593906e+01
<MIXTURE> 13 6.875167e-02
<MEAN> 6
 -3.936655e+01 4.948018e+00 -1.385709e+01 1.893721e+01 5.140656e+02 2.897758e+02
<VARIANCE> 6
 4.978127e+02 8.441873e+04 3.393695e+05 1.850512e+04 9.781941e+04 4.202037e+07
<GCONST> 8.018622e+01
<MIXTURE> 14 4.910474e-02
<MEAN> 6
 3.257673e+01 -7.158617e+01 -2.861989e+02 2.939192e+02 -2.792310e+02 -8.286243e+03
<VARIANCE> 6
 8.912313e+02 3.044429e+05 1.938808e+06 9.436231e+03 4.665214e+05 2.041611e+08
<GCONST> 8.626349e+01
<MIXTURE> 15 5.636475e-02
<MEAN> 6
 7.848206e+01 -8.936211e+01 2.972319e+01 -8.331744e+01 -7.820947e+02 -3.153483e+03
<VARIANCE> 6
 4.861750e+02 1.238305e+05 4.859279e+05 1.406374e+04 3.345164e+05 7.427538e+07
<GCONST> 8.242940e+01
<STATE> 3
<NUMMIXES> 15
<MIXTURE> 1 7.854512e-02
<MEAN> 6
 9.323095e+01 -2.263998e+01 3.526355e+01 -1.259424e+00 7.355244e-01 -3.405777e+01
<VARIANCE> 6
 3.127032e+01 1.682145e+04 1.886105e+04 2.874942e+02 3.406208e+04 4.202037e+07
<GCONST> 6.769600e+01
<MIXTURE> 2 4.533312e-02
<MEAN> 6
 9.695433e+01 2.346483e+02 -5.088791e+02 -1.761618e+00 -6.223424e+00 3.880946e+01
<VARIANCE> 6
 4.938099e+01 1.208121e+04 2.168693e+04 2.874942e+02 3.406208e+04 4.202037e+07
<GCONST> 6.796150e+01
<MIXTURE> 3 7.014987e-02
<MEAN> 6
 6.478640e+01 6.238207e+02 -7.301930e+01 4.647488e-01 7.286843e+00 -1.257266e+02
<VARIANCE> 6
 3.127032e+01 5.687940e+04 1.260748e+04 2.874942e+02 3.406208e+04 4.202037e+07
<GCONST> 6.851147e+01
<MIXTURE> 4 6.514525e-02
<MEAN> 6
 9.428510e+01 -3.737242e+02 -5.309300e+02 -1.154541e+00 -2.478950e+00 -3.513510e+01
<VARIANCE> 6
 1.300987e+02 4.577900e+04 1.260748e+04 2.874942e+02 3.406208e+04 4.202037e+07
<GCONST> 6.971999e+01
<MIXTURE> 5 5.563655e-02
<MEAN> 6
 7.607116e+01 -4.110427e+01 3.383449e+02 -1.329515e+00 5.706235e-01 -4.154393e+01
<VARIANCE> 6
 5.703131e+01 1.208121e+04 2.186185e+04 2.874942e+02 3.406208e+04 4.202037e+07
<GCONST> 6.811357e+01
<MIXTURE> 6 6.367868e-02
<MEAN> 6
 7.234201e+01 1.715766e+01 -2.474600e+02 1.012298e+00 1.854533e+00 -8.276486e+01
<VARIANCE> 6
 6.282280e+01 1.208121e+04 1.260748e+04 2.874942e+02 3.406208e+04 4.202037e+07
<GCONST> 6.765984e+01
<MIXTURE> 7 5.778449e-02
<MEAN> 6
 8.820141e+01 -4.562264e+02 8.507931e+01 -2.453900e+00 -5.655798e+00 -4.773874e+01
<VARIANCE> 6
 3.127032e+01 9.902705e+04 4.153962e+04 2.874942e+02 3.406208e+04 4.202037e+07
<GCONST> 7.025829e+01
<MIXTURE> 8 7.700043e-02
<MEAN> 6
 5.350650e+01 1.372973e+02 -3.286894e+02 2.032529e+00 4.223040e+00 -8.647801e+01
<VARIANCE> 6
 4.234509e+01 6.505364e+04 1.260748e+04 2.874942e+02 3.406208e+04 4.202037e+07
<GCONST> 6.894893e+01
<MIXTURE> 9 7.990547e-02
<MEAN> 6
 6.949233e+01 -1.830177e+02 1.104594e+02 1.656842e+00 4.316198e+00 -9.307277e+01
<VARIANCE> 6
 3.127032e+01 1.208121e+04 1.311291e+04 2.874942e+02 3.406208e+04 4.202037e+07
<GCONST> 6.700150e+01
<MIXTURE> 10 7.913331e-02
<MEAN> 6
 7.096188e+01 -2.367691e+02 -2.132355e+02 -1.032903e+00 -7.116007e+00 -8.435386e+01
<VARIANCE> 6
 3.394679e+01 1.831413e+05 1.260748e+04 2.874942e+02 3.406208e+04 4.202037e+07
<GCONST> 6.976292e+01
<MIXTURE> 11 4.269690e-02
<MEAN> 6
 6.198159e+01 -1.079131e+03 -6.250259e+02 1.336352e+00 -4.920722e+00 -5.741100e+01
<VARIANCE> 6
 5.110193e+01 8.955749e+04 3.795043e+04 2.874942e+02 3.406208e+04 4.202037e+07
<GCONST> 7.055856e+01
<MIXTURE> 12 5.508408e-02
<MEAN> 6
 5.973508e+01 -4.005782e+02 -1.776800e+02 9.005190e-01 5.817398e-01 -6.481199e+01
<VARIANCE> 6
 3.127032e+01 1.398464e+04 1.267833e+04 2.874942e+02 3.406208e+04 4.202037e+07
<GCONST> 6.711411e+01
<MIXTURE> 13 9.795552e-02
<MEAN> 6
 7.556656e+01 6.250229e+01 1.710406e+02 -2.818348e-01 -3.263139e+00 -6.851457e+01
<VARIANCE> 6
 3.127032e+01 1.208121e+04 1.260748e+04 2.874942e+02 3.406208e+04 4.202037e+07
<GCONST> 6.696219e+01
<MIXTURE> 14 6.630153e-02
<MEAN> 6
 8.177462e+01 -5.585899e+02 -5.673806e+02 -1.432450e+00 3.392000e+00 -4.137995e+01
<VARIANCE> 6
 1.320226e+02 3.762451e+04 1.260748e+04 2.874942e+02 3.406208e+04 4.202037e+07
<GCONST> 6.953850e+01
<MIXTURE> 15 6.550531e-02
<MEAN> 6
 6.907384e+01 -2.004867e+01 -2.545597e+02 1.127870e+00 -1.621953e+00 -1.230919e+02
<VARIANCE> 6
 4.951820e+01 1.208121e+04 1.260748e+04 2.874942e+02 3.406208e+04 4.202037e+07
<GCONST> 6.742186e+01
<STATE> 4
<NUMMIXES> 15
<MIXTURE> 1 8.757172e-02
<MEAN> 6
 1.226475e+02 5.439396e+02 1.685235e+03 -2.570145e+00 2.064927e+00 -1.289626e+01
<VARIANCE> 6
 3.127032e+01 9.539334e+05 3.894378e+05 2.874942e+02 3.406208e+04 4.202037e+07
<GCONST> 7.476155e+01
<MIXTURE> 2 1.060076e-01
<MEAN> 6
 9.859223e+01 -4.765172e+02 7.867220e+02 -3.990732e+00 2.963917e+00 -3.350913e+01
<VARIANCE> 6
 3.127032e+01 4.429436e+05 5.848264e+04 2.874942e+02 3.406208e+04 4.202037e+07
<GCONST> 7.209842e+01
<MIXTURE> 3 7.249027e-02
<MEAN> 6
 8.874526e+01 1.074128e+03 -1.574767e+03 -1.785552e+00 -5.565895e+00 1.114713e+01
<VARIANCE> 6
 3.127032e+01 1.208121e+04 3.466073e+05 2.874942e+02 3.406208e+04 4.202037e+07
<GCONST> 7.027609e+01
<MIXTURE> 4 2.828264e-02
<MEAN> 6
 7.948070e+01 1.475149e+03 4.531037e+02 -1.555660e+00 -5.850055e+00 -1.934189e+02
<VARIANCE> 6
 3.127032e+01 1.852696e+04 1.260748e+04 2.874942e+02 3.406208e+04 4.202037e+07
<GCONST> 6.738977e+01
<MIXTURE> 5 4.209654e-02
<MEAN> 6
 7.602069e+01 2.859287e+03 4.261913e+02 -2.577933e+00 -1.545164e+01 -6.254689e+01
<VARIANCE> 6
 3.127032e+01 1.208121e+04 2.270276e+04 2.874942e+02 3.406208e+04 4.202037e+07
<GCONST> 6.755038e+01
<MIXTURE> 6 9.093154e-02
<MEAN> 6
 8.669851e+01 1.118221e+03 2.370028e+02 -8.029723e-01 -1.100296e+00 -7.747980e+01
<VARIANCE> 6
 3.127032e+01 2.696200e+04 1.260748e+04 2.874942e+02 3.406208e+04 4.202037e+07
<GCONST> 6.776497e+01
<MIXTURE> 7 5.695257e-02
<MEAN> 6
 8.652228e+01 -1.553181e+02 -2.390800e+03 -4.482571e+00 -7.007489e-01 -9.212952e+01
<VARIANCE> 6
 6.832935e+01 1.634872e+04 9.633601e+05 2.874942e+02 3.406208e+04 4.202037e+07
<GCONST> 7.238249e+01
<MIXTURE> 8 5.379187e-02
<MEAN> 6
 7.434653e+01 5.368681e+02 1.186462e+02 -9.049916e-01 2.347970e+00 -4.420465e+01
<VARIANCE> 6
 3.309578e+01 5.312743e+04 1.300102e+04 2.874942e+02 3.406208e+04 4.202037e+07
<GCONST> 6.853070e+01
<MIXTURE> 9 9.895440e-02
<MEAN> 6
 9.990179e+01 -2.035771e+03 -1.574871e+02 -4.613048e+00 6.161883e-01 -1.525629e+02
<VARIANCE> 6
 3.127032e+01 4.400242e+06 4.003296e+04 2.874942e+02 3.406208e+04 4.202037e+07
<GCONST> 7.401537e+01
<MIXTURE> 10 6.886753e-02
<MEAN> 6
 8.316952e+01 4.853684e+02 4.186505e+02 -1.327194e-01 -3.483308e+00 -4.784125e+01
<VARIANCE> 6
 3.127032e+01 3.401988e+04 1.260748e+04 2.874942e+02 3.406208e+04 4.202037e+07
<GCONST> 6.799748e+01
<MIXTURE> 11 3.225935e-02
<MEAN> 6
 6.639445e+01 3.027967e+03 -7.789233e+02 7.002851e-01 -6.508965e+00 -2.304227e+02
<VARIANCE> 6
 3.127032e+01 1.208121e+04 1.260748e+04 2.874942e+02 3.406208e+04 4.202037e+07
<GCONST> 6.696219e+01
<MIXTURE> 12 4.780323e-02
<MEAN> 6
 7.058953e+01 9.534249e+02 6.809739e+02 5.628743e-01 3.612884e-01 -7.659459e+01
<VARIANCE> 6
 3.127032e+01 3.981293e+04 1.260748e+04 2.874942e+02 3.406208e+04 4.202037e+07
<GCONST> 6.815472e+01
<MIXTURE> 13 7.606513e-02
<MEAN> 6
 9.297770e+01 7.935203e+02 2.133911e+02 -3.258701e+00 -5.057440e+00 7.391634e+01
<VARIANCE> 6
 3.501733e+01 3.309768e+04 1.260748e+04 2.874942e+02 3.406208e+04 4.202037e+07
<GCONST> 6.808318e+01
<MIXTURE> 14 8.388541e-02
<MEAN> 6
 7.679459e+01 3.151685e+03 -1.621631e+02 -2.531724e+00 -5.010417e+00 -1.535864e+02
<VARIANCE> 6
 3.127032e+01 2.592279e+05 1.260748e+04 2.874942e+02 3.406208e+04 4.202037e+07
<GCONST> 7.002824e+01
<MIXTURE> 15 5.400153e-02
<MEAN> 6
 7.444627e+01 4.803247e+02 7.071635e+01 -7.312495e-01 -6.989112e-01 -1.031180e+02
<VARIANCE> 6
 3.127032e+01 3.089765e+04 1.329018e+04 2.874942e+02 3.406208e+04 4.202037e+07
<GCONST> 6.795396e+01
<STATE> 5
<NUMMIXES> 15
<MIXTURE> 1 1.410925e-03
<MEAN> 6
 1.540871e+01 -8.534977e+02 -1.310925e+02 2.042056e+02 -6.556761e+02 -1.875838e+04
<VARIANCE> 6
 1.277975e+04 5.222366e+04 8.680421e+04 2.139300e+06 1.188508e+09 1.508616e+12
<GCONST> 1.062318e+02
<MIXTURE> 2 7.591929e-02
<MEAN> 6
 3.134812e+01 -7.290633e+01 5.320749e-01 3.105485e+02 -2.778135e+01 -6.981742e+03
<VARIANCE> 6
 9.773317e+02 2.695543e+05 8.840055e+04 5.192545e+03 5.092982e+05 1.938935e+08
<GCONST> 8.258484e+01
<MIXTURE> 3 5.261694e-02
<MEAN> 6
 1.021914e+02 1.069837e+02 4.921400e+01 2.869144e+01 -7.551575e+02 1.551723e+03
<VARIANCE> 6
 5.232548e+02 6.079938e+05 1.050679e+05 2.125108e+04 1.694723e+06 9.007601e+08
<GCONST> 8.709356e+01
<MIXTURE> 4 5.440586e-02
<MEAN> 6
 1.053617e+02 -1.492009e+02 -9.091133e+00 -7.339440e+00 -1.629495e+01 -2.161048e+02
<VARIANCE> 6
 4.692401e+02 1.897585e+06 1.860350e+05 2.874942e+02 3.406208e+04 4.202037e+07
<GCONST> 7.741896e+01
<MIXTURE> 5 3.568987e-02
<MEAN> 6
 4.148503e+01 -1.613859e+01 5.790441e+01 -9.094971e+01 -4.051111e+02 8.442985e+03
<VARIANCE> 6
 5.207085e+03 1.076406e+06 6.379488e+05 8.275962e+04 8.657691e+06 5.230990e+09
<GCONST> 9.651571e+01
<MIXTURE> 6 9.569003e-02
<MEAN> 6
 -3.888778e+01 5.829754e+01 2.060878e+01 -6.304436e+01 1.419245e+03 -1.623311e+02
<VARIANCE> 6
 2.654637e+02 1.125711e+05 4.640956e+04 3.932227e+04 7.965479e+05 4.996005e+08
<GCONST> 8.318225e+01
<MIXTURE> 7 9.501849e-02
<MEAN> 6
 1.765089e+01 -1.047689e+01 9.908694e+01 -2.942305e+02 -1.601961e+02 7.965167e+03
<VARIANCE> 6
 5.934607e+02 1.590828e+05 1.444015e+05 1.046729e+04 6.572363e+05 3.084343e+08
<GCONST> 8.346960e+01
<MIXTURE> 8 1.046259e-01
<MEAN> 6
 -4.949796e+01 7.506777e+01 7.031183e+01 1.222920e+01 3.019523e+02 5.578920e+02
<VARIANCE> 6
 1.915750e+02 2.093843e+05 5.301630e+04 2.108741e+03 1.114441e+05 4.202037e+07
<GCONST> 7.624162e+01
<MIXTURE> 9 9.022977e-02
<MEAN> 6
 8.208123e+01 5.643605e+01 6.607922e+01 2.733802e+00 -5.095317e+02 -1.068243e+03
<VARIANCE> 6
 2.912365e+02 1.512745e+05 1.104963e+05 1.950584e+04 1.728150e+05 6.179767e+07
<GCONST> 8.011880e+01
<MIXTURE> 10 6.014774e-02
<MEAN> 6
 9.497592e+01 -1.875138e+02 3.391872e+01 -4.856939e+00 -2.279185e+01 -2.639243e+02
<VARIANCE> 6
 1.573399e+02 1.178823e+05 5.501814e+04 2.874942e+02 3.406208e+04 4.202037e+07
<GCONST> 7.232933e+01
<MIXTURE> 11 9.303730e-02
<MEAN> 6
 1.067515e+01 9.557348e+01 4.226931e+01 1.954227e+02 1.897513e+02 -1.148086e+03
<VARIANCE> 6
 9.793671e+02 2.191385e+05 2.980952e+04 3.950491e+03 1.775441e+05 4.202037e+07
<GCONST> 7.843645e+01
<MIXTURE> 12 6.320122e-02
<MEAN> 6
 -5.178788e+01 -2.590205e+02 1.197564e+01 3.676308e+01 9.609108e+02 -2.541080e+03
<VARIANCE> 6
 2.398474e+02 6.617698e+05 2.314477e+05 1.672247e+04 4.465604e+05 1.910880e+08
<GCONST> 8.406413e+01
<MIXTURE> 13 6.955947e-02
<MEAN> 6
 7.683801e+01 -3.680495e+01 2.718037e+01 -1.303875e+02 -9.562455e+02 -4.603097e+02
<VARIANCE> 6
 3.567940e+02 1.104739e+05 3.959142e+04 1.929020e+04 3.109871e+05 1.094810e+08
<GCONST> 8.012944e+01
<MIXTURE> 14 5.584823e-02
<MEAN> 6
 8.573431e+01 -5.081876e+01 -1.787553e+02 -1.689423e+00 -1.751464e+01 -3.218184e+02
<VARIANCE> 6
 3.048763e+02 3.819992e+05 8.076268e+04 2.874942e+02 3.406208e+04 4.202037e+07
<GCONST> 7.455042e+01
<MIXTURE> 15 5.193704e-02
<MEAN> 6
 9.443291e+01 -2.637968e+02 -8.738922e+01 4.465758e+00 -1.108686e+03 -3.333353e+03
<VARIANCE> 6
 4.845045e+02 6.964429e+05 1.232479e+05 2.674760e+04 1.669102e+06 7.923601e+08
<GCONST> 8.739861e+01
<TRANSP> 6
 0.000000e+00 1.000000e+00 0.000000e+00 0.000000e+00 0.000000e+00 0.000000e+00
 0.000000e+00 9.998857e-01 1.142749e-04 0.000000e+00 0.000000e+00 0.000000e+00
 0.000000e+00 0.000000e+00 9.995225e-01 4.774827e-04 0.000000e+00 0.000000e+00
 0.000000e+00 0.000000e+00 0.000000e+00 9.991318e-01 8.681944e-04 0.000000e+00
 0.000000e+00 0.000000e+00 0.000000e+00 0.000000e+00 9.999331e-01 6.686742e-05
 0.000000e+00 0.000000e+00 0.000000e+00 0.000000e+00 0.000000e+00 0.000000e+00
<ENDHMM>
~h "SegundoESO"
<BEGINHMM>
<NUMSTATES> 6
<STATE> 2
<NUMMIXES> 15
<MIXTURE> 1 1.001120e-02
<MEAN> 6
 7.174817e+01 1.320491e+04 -1.200248e+03 -6.839204e-01 -3.425674e+00 -1.621064e+02
<VARIANCE> 6
 3.127032e+01 1.208121e+04 1.260748e+04 2.874942e+02 3.406208e+04 4.202037e+07
<GCONST> 6.696219e+01
<MIXTURE> 2 3.518844e-02
<MEAN> 6
 5.469626e+01 3.609283e+03 -9.002937e+01 -2.224816e+00 -9.895661e+02 -4.512227e+02
<VARIANCE> 6
 2.306410e+03 3.602977e+07 4.218421e+06 5.501712e+04 1.651499e+06 7.714791e+08
<GCONST> 9.712195e+01
<MIXTURE> 3 6.955339e-02
<MEAN> 6
 -9.593854e-01 5.730651e+02 3.498351e+02 -9.096654e+01 1.241539e+02 8.706914e+02
<VARIANCE> 6
 3.530993e+02 1.781408e+06 7.305442e+06 7.701982e+04 1.745475e+05 1.661364e+08
<GCONST> 8.934115e+01
<MIXTURE> 4 7.420139e-02
<MEAN> 6
 4.591348e+01 1.067243e+03 -7.294249e+01 2.090229e+02 -3.595438e+02 -1.837694e+03
<VARIANCE> 6
 5.495011e+02 5.724929e+06 5.406612e+06 4.181970e+03 7.970432e+04 4.202037e+07
<GCONST> 8.557803e+01
<MIXTURE> 5 1.092665e-01
<MEAN> 6
 -4.794104e+01 5.892828e+02 8.026104e+02 8.049226e+01 8.390528e+02 -4.144896e+02
<VARIANCE> 6
 2.711705e+02 2.107725e+06 4.824954e+06 2.108336e+04 1.511155e+05 4.953006e+07
<GCONST> 8.618057e+01
<MIXTURE> 6 9.687501e-02
<MEAN> 6
 7.533475e+01 1.253335e+03 -1.566830e+03 4.956686e-02 -8.902029e+00 -6.308578e+01
<VARIANCE> 6
 3.127032e+01 3.355932e+05 5.323752e+06 2.874942e+02 3.406208e+04 4.202037e+07
<GCONST> 7.633208e+01
<MIXTURE> 7 6.768475e-02
<MEAN> 6
 -6.374647e+01 -1.633625e+02 5.449307e+02 1.437017e+01 1.647963e+02 1.506317e+02
<VARIANCE> 6
 5.728447e+01 4.115658e+06 3.810409e+06 5.578253e+02 5.042666e+04 4.202037e+07
<GCONST> 8.016484e+01
<MIXTURE> 8 8.368948e-02
<MEAN> 6
 7.848576e+01 -1.491989e+03 2.987472e+02 -4.808477e+01 -6.634197e+02 1.407969e+03
<VARIANCE> 6
 3.486906e+02 6.690474e+06 2.212766e+06 2.167630e+04 4.272749e+05 1.608191e+08
<GCONST> 8.905235e+01
<MIXTURE> 9 6.718057e-02
<MEAN> 6
 8.059487e+01 -2.995428e+03 3.411626e+03 -2.094294e+00 -1.094670e+01 -1.532494e+02
<VARIANCE> 6
 1.046419e+02 1.460409e+06 9.371453e+06 2.874942e+02 3.406208e+04 4.202037e+07
<GCONST> 7.957602e+01
<MIXTURE> 10 6.629749e-02
<MEAN> 6
 7.586398e+01 -3.944993e+01 -3.416615e+03 -3.137474e-01 -1.435448e+01 -1.587324e+02
<VARIANCE> 6
 3.127032e+01 1.901952e+05 1.627123e+07 2.874942e+02 3.406208e+04 4.202037e+07
<GCONST> 7.688145e+01
<MIXTURE> 11 9.026482e-02
<MEAN> 6
 9.311090e+01 -1.910019e+03 7.418243e+01 -9.369773e+00 -5.336690e+01 -1.815571e+02
<VARIANCE> 6
 1.001704e+02 1.135407e+07 2.568906e+06 2.874942e+02 3.406208e+04 4.202037e+07
<GCONST> 8.028902e+01
<MIXTURE> 12 4.606662e-02
<MEAN> 6
 -5.818435e+01 -2.199207e+01 1.062163e+03 -1.383961e+02 1.603571e+03 1.755008e+03
<VARIANCE> 6
 2.093066e+02 2.592547e+06 3.357310e+06 2.398047e+04 5.787267e+05 4.510486e+08
<GCONST> 8.944653e+01
<MIXTURE> 13 6.082625e-02
<MEAN> 6
 7.834791e+01 -5.714574e+01 1.277298e+03 1.600988e+01 -5.369412e+02 8.414467e+02
<VARIANCE> 6
 3.485913e+02 8.348859e+05 5.714481e+06 2.025060e+04 1.166142e+05 4.202037e+07
<GCONST> 8.521095e+01
<MIXTURE> 14 6.342038e-02
<MEAN> 6
 -1.200691e+01 -1.261842e+03 3.678290e+02 -1.955422e+01 2.247528e+02 -9.335838e+02
<VARIANCE> 6
 4.954742e+02 9.350063e+06 1.091641e+06 4.470332e+04 7.192622e+04 4.202037e+07
<GCONST> 8.663173e+01
<MIXTURE> 15 5.928574e-02
<MEAN> 6
 6.591151e+01 -7.498470e+01 3.134313e+02 -1.010327e+02 -7.342504e+02 -4.900544e+02
<VARIANCE> 6
 5.505410e+02 9.039342e+05 4.788743e+06 3.005758e+04 1.541048e+05 4.202037e+07
<GCONST> 8.624438e+01
<STATE> 3
<NUMMIXES> 15
<MIXTURE> 1 6.317514e-02
<MEAN> 6
 9.367564e+01 7.164877e+02 -2.601769e+03 -4.551520e+00 6.818966e-01 -7.897972e+00
<VARIANCE> 6
 6.163235e+01 6.071271e+05 5.742251e+05 2.874942e+02 3.406208e+04 4.202037e+07
<GCONST> 7.537653e+01
<MIXTURE> 2 4.292757e-02
<MEAN> 6
 9.637002e+01 -8.894156e+02 -7.872461e+03 -5.485803e+00 6.236690e+00 7.543369e+01
<VARIANCE> 6
 1.635186e+02 6.919016e+04 4.289764e+06 2.874942e+02 3.406208e+04 4.202037e+07
<GCONST> 7.619135e+01
<MIXTURE> 3 4.403090e-02
<MEAN> 6
 7.930927e+01 4.973580e+02 6.688972e+02 -7.217672e-02 2.558223e+00 -2.388987e+01
<VARIANCE> 6
 3.127032e+01 3.294062e+04 2.930355e+04 2.874942e+02 3.406208e+04 4.202037e+07
<GCONST> 6.880867e+01
<MIXTURE> 4 6.771281e-02
<MEAN> 6
 6.494331e+01 -1.245945e+02 6.233727e+01 -9.885824e-01 6.557477e+00 -6.080959e+00
<VARIANCE> 6
 3.127032e+01 2.867987e+04 2.069115e+06 2.874942e+02 3.406208e+04 4.202037e+07
<GCONST> 7.292732e+01
<MIXTURE> 5 8.944029e-02
<MEAN> 6
 7.901592e+01 1.782218e+02 7.122892e+02 -2.302117e+00 2.631925e+00 -8.551921e+01
<VARIANCE> 6
 3.127032e+01 4.448221e+05 3.028904e+05 2.874942e+02 3.406208e+04 4.202037e+07
<GCONST> 7.374730e+01
<MIXTURE> 6 6.781891e-02
<MEAN> 6
 7.316299e+01 4.241343e+02 -1.821269e+01 -1.811058e-01 -5.251024e+00 -1.028722e+02
<VARIANCE> 6
 3.127032e+01 3.581339e+04 4.605576e+04 2.874942e+02 3.406208e+04 4.202037e+07
<GCONST> 6.934442e+01
<MIXTURE> 7 8.433554e-02
<MEAN> 6
 7.501558e+01 3.500525e+02 -7.069683e+02 -6.104648e-01 -2.645658e+00 -7.444116e+01
<VARIANCE> 6
 3.127032e+01 5.636728e+04 1.907888e+04 2.874942e+02 3.406208e+04 4.202037e+07
<GCONST> 6.891672e+01
<MIXTURE> 8 5.835821e-02
<MEAN> 6
 7.411466e+01 5.992311e+02 3.380634e+02 -8.127540e-01 -2.067353e+00 -5.465727e+01
<VARIANCE> 6
 3.127032e+01 4.466436e+04 1.260748e+04 2.874942e+02 3.406208e+04 4.202037e+07
<GCONST> 6.826971e+01
<MIXTURE> 9 8.443963e-02
<MEAN> 6
 6.601605e+01 1.176482e+03 -8.075222e+02 -5.320752e-01 -2.774700e+00 -4.918050e+01
<VARIANCE> 6
 8.345336e+01 2.024405e+05 7.612575e+04 2.874942e+02 3.406208e+04 4.202037e+07
<GCONST> 7.256070e+01
<MIXTURE> 10 5.989931e-02
<MEAN> 6
 5.944094e+01 2.471911e+02 -1.617894e+03 -2.935654e-01 -6.238885e+00 -1.721976e+02
<VARIANCE> 6
 3.127032e+01 3.115955e+04 3.061324e+05 2.874942e+02 3.406208e+04 4.202037e+07
<GCONST> 7.109939e+01
<MIXTURE> 11 5.977168e-02
<MEAN> 6
 6.992245e+01 1.106104e+03 6.099128e+01 -9.021754e-01 -4.386424e+00 -1.513287e+02
<VARIANCE> 6
 3.127032e+01 1.766365e+04 1.260748e+04 2.874942e+02 3.406208e+04 4.202037e+07
<GCONST> 6.734205e+01
<MIXTURE> 12 8.988851e-02
<MEAN> 6
 7.242391e+01 1.407689e+02 -5.498760e+02 -7.097903e-01 -4.781071e+00 -1.419952e+02
<VARIANCE> 6
 3.127032e+01 4.619295e+04 1.260748e+04 2.874942e+02 3.406208e+04 4.202037e+07
<GCONST> 6.830336e+01
<MIXTURE> 13 5.971915e-02
<MEAN> 6
 5.715812e+01 4.583643e+02 -3.683168e+03 1.477363e-01 -1.220680e+00 -5.243531e+01
<VARIANCE> 6
 3.127032e+01 6.256652e+04 1.276588e+06 2.874942e+02 3.406208e+04 4.202037e+07
<GCONST> 7.322443e+01
<MIXTURE> 14 7.014432e-02
<MEAN> 6
 7.380745e+01 3.852846e+02 -8.601591e+01 -1.904884e-01 -5.745076e+00 -9.351879e+01
<VARIANCE> 6
 3.127032e+01 5.338288e+04 3.559935e+04 2.874942e+02 3.406208e+04 4.202037e+07
<GCONST> 6.948607e+01
<MIXTURE> 15 5.823687e-02
<MEAN> 6
 7.346552e+01 5.317239e+02 2.956031e+02 -7.016225e-01 -3.048865e+00 -7.803345e+01
<VARIANCE> 6
 3.127032e+01 4.247587e+04 1.260748e+04 2.874942e+02 3.406208e+04 4.202037e+07
<GCONST> 6.821948e+01
<STATE> 4
<NUMMIXES> 15
<MIXTURE> 1 8.581437e-02
<MEAN> 6
 8.348363e+01 -7.803210e+02 1.912500e+02 -5.137852e-01 -3.701969e+00 -1.037780e+02
<VARIANCE> 6
 3.127032e+01 1.208121e+04 2.182025e+04 2.874942e+02 3.406208e+04 4.202037e+07
<GCONST> 6.751074e+01
<MIXTURE> 2 3.867278e-02
<MEAN> 6
 5.914842e+01 2.272205e+03 -3.096599e+02 5.043620e-01 -3.576591e+00 -1.401765e+02
<VARIANCE> 6
 3.127032e+01 1.397197e+05 1.260748e+04 2.874942e+02 3.406208e+04 4.202037e+07
<GCONST> 6.941017e+01
<MIXTURE> 3 7.608042e-02
<MEAN> 6
 6.688978e+01 -4.007898e+02 3.162863e+02 -9.748764e-02 -2.668145e+00 -7.771272e+01
<VARIANCE> 6
 3.127032e+01 1.208121e+04 1.260748e+04 2.874942e+02 3.406208e+04 4.202037e+07
<GCONST> 6.696219e+01
<MIXTURE> 4 3.128005e-02
<MEAN> 6
 6.486021e+01 -2.195806e+03 -5.378690e+02 -1.696422e+00 -6.453753e-01 -7.683991e+01
<VARIANCE> 6
 3.189105e+01 1.045364e+05 6.613396e+04 2.874942e+02 3.406208e+04 4.202037e+07
<GCONST> 7.079712e+01
<MIXTURE> 5 5.303442e-02
<MEAN> 6
 5.950934e+01 4.720861e+02 1.358398e+02 2.018860e-03 -8.917367e-01 -1.127912e+02
<VARIANCE> 6
 3.127032e+01 1.208121e+04 1.260748e+04 2.874942e+02 3.406208e+04 4.202037e+07
<GCONST> 6.696219e+01
<MIXTURE> 6 8.200991e-02
<MEAN> 6
 6.157819e+01 9.915253e+01 -1.475865e+02 6.178292e-03 -4.772980e+00 -1.514138e+02
<VARIANCE> 6
 3.127032e+01 4.223188e+04 1.260748e+04 2.874942e+02 3.406208e+04 4.202037e+07
<GCONST> 6.821371e+01
<MIXTURE> 7 5.753788e-02
<MEAN> 6
 6.729722e+01 -9.601178e+00 1.962903e+02 -3.047267e-01 -4.444012e+00 -1.457542e+02
<VARIANCE> 6
 3.257667e+01 1.899762e+04 1.260748e+04 2.874942e+02 3.406208e+04 4.202037e+07
<GCONST> 6.745578e+01
<MIXTURE> 8 7.791396e-02
<MEAN> 6
 7.983109e+01 -1.675855e+03 2.274912e+02 -6.830619e-01 -4.076481e+00 -1.081464e+02
<VARIANCE> 6
 8.044527e+01 1.401056e+05 7.132784e+04 2.874942e+02 3.406208e+04 4.202037e+07
<GCONST> 7.209084e+01
<MIXTURE> 9 9.145137e-02
<MEAN> 6
 6.207384e+01 -4.902620e+02 -5.229788e+02 2.154289e-01 -9.796082e-02 -5.992940e+01
<VARIANCE> 6
 3.151974e+01 4.630537e+04 5.878997e+04 2.874942e+02 3.406208e+04 4.202037e+07
<GCONST> 6.985342e+01
<MIXTURE> 10 3.725588e-02
<MEAN> 6
 5.683036e+01 -2.107521e+03 -3.357969e+02 3.379075e-01 -4.730445e+00 -1.279611e+02
<VARIANCE> 6
 3.127032e+01 2.315128e+05 1.346285e+04 2.874942e+02 3.406208e+04 4.202037e+07
<GCONST> 6.998082e+01
<MIXTURE> 11 9.551877e-02
<MEAN> 6
 6.547691e+01 -6.666129e+02 3.757393e+00 -2.973183e-02 3.730340e-01 -1.089896e+02
<VARIANCE> 6
 3.127032e+01 1.079305e+05 1.260748e+04 2.874942e+02 3.406208e+04 4.202037e+07
<GCONST> 6.915202e+01
<MIXTURE> 12 6.694880e-02
<MEAN> 6
 5.646581e+01 1.266954e+02 6.165135e+01 -2.454484e-01 -2.595464e+00 -1.187531e+02
<VARIANCE> 6
 3.127032e+01 1.208121e+04 1.582849e+05 2.874942e+02 3.406208e+04 4.202037e+07
<GCONST> 6.949229e+01
<MIXTURE> 13 6.571808e-02
<MEAN> 6
 8.236773e+01 -7.496763e+02 -3.483243e+01 -1.061452e+00 -8.480606e+00 -1.081302e+02
<VARIANCE> 6
 3.127032e+01 6.510382e+04 6.203339e+04 2.874942e+02 3.406208e+04 4.202037e+07
<GCONST> 7.023991e+01
<MIXTURE> 14 8.476014e-02
<MEAN> 6
 5.943306e+01 -1.158766e+02 -1.581631e+02 1.178285e-01 -3.862793e+00 -1.587622e+02
<VARIANCE> 6
 3.127032e+01 5.590783e+04 1.260748e+04 2.874942e+02 3.406208e+04 4.202037e+07
<GCONST> 6.849425e+01
<MIXTURE> 15 5.585449e-02
<MEAN> 6
 6.484062e+01 -5.716121e+01 1.631743e+02 -1.988942e-01 -3.815095e+00 -1.556581e+02
<VARIANCE> 6
 3.127032e+01 2.410759e+04 1.260748e+04 2.874942e+02 3.406208e+04 4.202037e+07
<GCONST> 6.765306e+01
<STATE> 5
<NUMMIXES> 15
<MIXTURE> 1 8.357126e-02
<MEAN> 6
 8.556810e+01 8.699825e+01 -3.809792e+01 -5.581240e+00 -2.936378e+01 8.800517e+01
<VARIANCE> 6
 1.727475e+02 1.082147e+06 1.227685e+06 2.874942e+02 3.406208e+04 4.202037e+07
<GCONST> 7.774500e+01
<MIXTURE> 2 5.112697e-02
<MEAN> 6
 8.054443e+01 1.176073e+02 -2.567553e+01 2.219969e+01 -1.069818e+03 -8.777759e+02
<VARIANCE> 6
 4.805641e+02 2.013812e+06 6.548618e+05 2.542874e+04 9.397167e+05 6.660012e+08
<GCONST> 8.932372e+01
<MIXTURE> 3 6.229215e-02
<MEAN> 6
 -4.375019e+01 1.158008e+02 1.299497e+02 -8.911518e+01 1.308262e+03 2.217528e+03
<VARIANCE> 6
 2.291875e+02 1.060816e+06 7.709881e+05 2.639348e+04 5.905511e+05 4.629170e+08
<GCONST> 8.731452e+01
<MIXTURE> 4 1.015844e-01
<MEAN> 6
 3.215597e+01 1.458970e+01 8.899946e+00 1.615774e+02 -1.775956e+02 -9.425107e+02
<VARIANCE> 6
 5.119881e+02 1.920250e+05 1.277333e+05 3.778008e+03 7.627039e+04 4.202037e+07
<GCONST> 7.822130e+01
<MIXTURE> 5 6.720034e-02
<MEAN> 6
 1.920032e+01 2.538221e+02 1.309841e+02 9.914066e+01 -6.497575e+01 -1.704689e+03
<VARIANCE> 6
 5.088311e+02 1.135661e+06 1.505740e+06 2.752885e+04 7.887995e+04 4.202037e+07
<GCONST> 8.447923e+01
<MIXTURE> 6 8.137703e-02
<MEAN> 6
 -4.713984e+01 6.811924e+01 3.902829e+01 4.520434e+01 8.429275e+02 -1.240418e+02
<VARIANCE> 6
 9.744101e+01 2.503063e+05 1.748905e+05 9.476918e+03 1.374731e+05 4.778220e+07
<GCONST> 7.877882e+01
<MIXTURE> 7 5.831133e-02
<MEAN> 6
 6.675932e+01 1.520675e+01 1.439638e+02 6.127938e+01 -4.492010e+02 -5.444571e+02
<VARIANCE> 6
 2.004072e+02 6.331768e+05 5.727382e+05 1.095210e+04 8.258905e+04 4.202037e+07
<GCONST> 8.112089e+01
<MIXTURE> 8 6.628863e-02
<MEAN> 6
 -2.646987e+01 7.942168e+01 1.590329e+01 3.179908e+01 4.414562e+02 -1.054163e+03
<VARIANCE> 6
 1.016063e+02 3.203107e+05 1.724382e+05 2.133162e+04 1.135362e+05 4.202037e+07
<GCONST> 7.954469e+01
<MIXTURE> 9 5.062784e-02
<MEAN> 6
 1.170023e+01 1.598809e+02 1.491438e+02 -2.251991e+02 1.643903e+01 6.695200e+03
<VARIANCE> 6
 5.298897e+02 5.458211e+05 2.116846e+05 5.083654e+03 2.193257e+05 1.262528e+08
<GCONST> 8.225873e+01
<MIXTURE> 10 7.334033e-02
<MEAN> 6
 6.051239e+01 6.792751e+01 1.199308e+01 -1.193952e+02 -6.417028e+02 8.125436e+02
<VARIANCE> 6
 2.599605e+02 2.109141e+05 5.124518e+04 6.655393e+03 1.710925e+05 4.661906e+07
<GCONST> 7.820203e+01
<MIXTURE> 11 7.457056e-02
<MEAN> 6
 7.353234e+01 -2.145363e+02 5.809244e-01 -5.019644e+00 -4.073389e+01 -1.269759e+02
<VARIANCE> 6
 1.112533e+02 4.771892e+05 5.968530e+04 2.874942e+02 3.406208e+04 4.202037e+07
<GCONST> 7.346239e+01
<MIXTURE> 12 6.081921e-02
<MEAN> 6
 -1.139371e+01 -4.808368e+00 1.088172e+01 7.208501e+01 1.703923e+02 -4.676767e+03
<VARIANCE> 6
 1.398871e+02 1.628832e+05 6.078270e+04 2.593247e+04 1.194432e+05 1.021156e+08
<GCONST> 7.927941e+01
<MIXTURE> 13 5.817213e-02
<MEAN> 6
 -5.338553e+01 -1.464743e+01 1.109217e+01 1.408418e+01 1.958999e+02 -1.861384e+02
<VARIANCE> 6
 1.640813e+02 3.148166e+05 9.378148e+05 5.532738e+02 5.662845e+04 4.202037e+07
<GCONST> 7.735246e+01
<MIXTURE> 14 5.987290e-02
<MEAN> 6
 7.006162e+01 -3.998849e+02 1.413361e+02 -3.388995e+00 -6.761988e+02 -8.999274e+02
<VARIANCE> 6
 1.915184e+02 1.226816e+06 2.481076e+05 1.580038e+04 1.293213e+05 4.530958e+07
<GCONST> 8.179066e+01
<MIXTURE> 15 4.997880e-02
<MEAN> 6
 1.057789e+01 -4.497035e+01 8.974758e+00 -2.372473e+02 -9.588605e+01 4.115353e+03
<VARIANCE> 6
 4.747802e+02 8.246029e+05 2.030595e+05 5.477272e+03 2.479914e+05 1.351454e+08
<GCONST> 8.278540e+01
<TRANSP> 6
 0.000000e+00 1.000000e+00 0.000000e+00 0.000000e+00 0.000000e+00 0.000000e+00
 0.000000e+00 9.997964e-01 2.035829e-04 0.000000e+00 0.000000e+00 0.000000e+00
 0.000000e+00 0.000000e+00 9.994705e-01 5.295282e-04 0.000000e+00 0.000000e+00
 0.000000e+00 0.000000e+00 0.000000e+00 9.995665e-01 4.334570e-04 0.000000e+00
 0.000000e+00 0.000000e+00 0.000000e+00 0.000000e+00 9.999452e-01 5.483755e-05
 0.000000e+00 0.000000e+00 0.000000e+00 0.000000e+00 0.000000e+00 0.000000e+00
<ENDHMM>
~h "QuintoPRIMARIA"
<BEGINHMM>
<NUMSTATES> 6
<STATE> 2
<NUMMIXES> 15
<MIXTURE> 1 6.382846e-02
<MEAN> 6
 -4.649506e+01 -5.630391e+01 1.233070e+02 -1.392530e+02 1.494373e+03 3.613686e+03
<VARIANCE> 6
 3.631651e+02 2.247848e+05 2.666356e+05 2.498287e+04 8.357570e+05 7.499354e+08
<GCONST> 8.593619e+01
<MIXTURE> 2 3.114581e-02
<MEAN> 6
 8.911418e+01 -2.346281e+02 -2.019853e+02 3.832573e+01 -1.291263e+03 1.604878e+03
<VARIANCE> 6
 1.512799e+02 1.164741e+06 3.799412e+05 1.450384e+04 1.424843e+06 1.055691e+09
<GCONST> 8.739137e+01
<MIXTURE> 3 7.976160e-02
<MEAN> 6
 7.679297e+01 7.559732e+00 1.466047e+02 -4.209476e+00 -2.677903e+01 -3.975518e+02
<VARIANCE> 6
 5.538601e+01 7.076325e+04 1.340556e+05 2.874942e+02 3.406208e+04 4.202037e+07
<GCONST> 7.166550e+01
<MIXTURE> 4 5.155780e-02
<MEAN> 6
 3.430631e+01 6.063096e+01 4.530022e+01 1.994299e+02 -1.725475e+02 -9.766824e+02
<VARIANCE> 6
 5.065681e+02 8.723720e+04 4.308409e+04 5.807022e+03 1.810995e+05 5.407364e+07
<GCONST> 7.788170e+01
<MIXTURE> 5 5.940479e-02
<MEAN> 6
 -2.369302e+01 3.207876e+01 1.002869e+02 2.171670e+02 8.088681e+02 -5.027447e+03
<VARIANCE> 6
 2.832188e+02 1.481355e+05 1.041608e+05 8.027041e+03 2.680706e+05 8.009403e+07
<GCONST> 7.982134e+01
<MIXTURE> 6 2.961169e-02
<MEAN> 6
 2.413058e+01 1.543857e+02 7.223210e+00 6.860095e+01 -3.650148e+02 -4.425494e+03
<VARIANCE> 6
 9.421941e+02 4.559295e+05 2.472121e+06 8.648332e+04 7.875464e+05 3.545024e+08
<GCONST> 9.025676e+01
<MIXTURE> 7 7.467776e-02
<MEAN> 6
 7.708096e+01 -1.590872e+02 -2.501922e+02 -3.297625e+00 -2.727322e+01 -2.065022e+02
<VARIANCE> 6
 1.435433e+02 4.454575e+05 1.017230e+05 2.874942e+02 3.406208e+04 4.202037e+07
<GCONST> 7.418157e+01
<MIXTURE> 8 7.207183e-02
<MEAN> 6
 -4.712097e+01 3.530342e+01 8.208695e+00 1.816649e+01 1.368721e+02 1.429650e+02
<VARIANCE> 6
 3.541079e+02 9.956443e+04 8.607705e+04 4.642571e+02 4.393643e+04 4.202037e+07
<GCONST> 7.415302e+01
<MIXTURE> 9 6.902218e-02
<MEAN> 6
 8.663187e+01 7.444043e+01 -9.059540e+00 1.284752e+00 -7.116041e+02 -1.248846e+03
<VARIANCE> 6
 1.545679e+02 8.769659e+04 3.196277e+04 1.174341e+04 4.989850e+05 2.094910e+08
<GCONST> 7.947343e+01
<MIXTURE> 10 1.016337e-01
<MEAN> 6
 9.240027e+00 2.080316e+00 -1.005279e+00 -2.428515e+02 -1.025724e+02 4.985098e+03
<VARIANCE> 6
 5.430613e+02 8.470863e+04 1.069959e+05 7.288180e+03 3.877914e+05 1.962455e+08
<GCONST> 8.110912e+01
<MIXTURE> 11 8.769055e-02
<MEAN> 6
 5.870849e+01 -6.003233e+01 3.256795e+01 -6.837568e-02 -1.305028e+01 -1.813414e+02
<VARIANCE> 6
 3.127032e+01 2.481301e+04 1.229900e+05 2.874942e+02 3.406208e+04 4.202037e+07
<GCONST> 6.995972e+01
<MIXTURE> 12 7.216816e-02
<MEAN> 6
 6.858726e+01 9.486136e+01 -1.833381e+02 1.644068e+01 -4.681574e+02 -4.252277e+02
<VARIANCE> 6
 2.419891e+02 2.135756e+05 1.669720e+05 1.802286e+04 1.009747e+05 4.202037e+07
<GCONST> 7.968917e+01
<MIXTURE> 13 9.221882e-02
<MEAN> 6
 -4.935023e+01 1.709966e+01 2.866454e+01 2.369219e+01 7.601938e+02 -7.037896e+01
<VARIANCE> 6
 2.804065e+02 7.930472e+04 7.182809e+04 9.278827e+03 1.174505e+05 6.331757e+07
<GCONST> 7.789952e+01
<MIXTURE> 14 6.341250e-02
<MEAN> 6
 6.072862e+01 2.176753e+01 -4.129135e+00 -1.046224e+02 -8.418947e+02 2.855040e+02
<VARIANCE> 6
 2.118637e+02 1.984860e+05 1.064348e+05 2.066271e+04 2.614543e+05 4.558487e+07
<GCONST> 8.020215e+01
<MIXTURE> 15 5.131697e-02
<MEAN> 6
 2.722315e+01 -5.885526e+01 -1.638778e+01 2.002025e+02 -2.276454e+02 -3.030626e+03
<VARIANCE> 6
 5.222587e+02 8.121677e+04 5.377000e+04 6.715733e+03 1.961347e+05 5.879288e+07
<GCONST> 7.837107e+01
<STATE> 3
<NUMMIXES> 15
<MIXTURE> 1 3.283508e-02
<MEAN> 6
 5.710825e+01 -8.692048e+03 -1.988718e+03 -4.445997e-01 -4.818131e+00 -7.090803e+01
<VARIANCE> 6
 3.127032e+01 2.162130e+07 3.244843e+04 2.874942e+02 3.406208e+04 4.202037e+07
<GCONST> 7.539734e+01
<MIXTURE> 2 8.928849e-02
<MEAN> 6
 9.894450e+01 2.289381e+03 -4.840453e+02 -3.525530e+00 3.011906e+00 -3.535582e+01
<VARIANCE> 6
 3.209091e+02 9.736360e+05 5.495553e+04 2.874942e+02 3.406208e+04 4.202037e+07
<GCONST> 7.515230e+01
<MIXTURE> 3 6.431616e-02
<MEAN> 6
 9.617202e+01 1.034495e+03 1.004303e+02 -4.074357e+00 -3.855051e+00 1.229751e+02
<VARIANCE> 6
 5.518296e+01 1.096039e+05 5.659998e+04 2.874942e+02 3.406208e+04 4.202037e+07
<GCONST> 7.123712e+01
<MIXTURE> 4 8.524062e-02
<MEAN> 6
 5.108546e+01 4.412600e+02 -1.396568e+03 2.474600e+00 -6.579467e+00 -7.413184e+01
<VARIANCE> 6
 3.127032e+01 1.797589e+04 1.011472e+07 2.874942e+02 3.406208e+04 4.202037e+07
<GCONST> 7.404703e+01
<MIXTURE> 5 7.289519e-02
<MEAN> 6
 8.748333e+01 7.609974e+02 1.889864e+03 1.037194e+00 -1.654163e+00 -9.433099e+01
<VARIANCE> 6
 1.025522e+02 5.477395e+04 2.598423e+05 2.874942e+02 3.406208e+04 4.202037e+07
<GCONST> 7.268724e+01
<MIXTURE> 6 6.492592e-02
<MEAN> 6
 6.703233e+01 1.379582e+03 -5.974457e+02 -5.127699e-01 -1.915331e-01 -8.245773e+01
<VARIANCE> 6
 3.127032e+01 3.464386e+04 5.050776e+04 2.874942e+02 3.406208e+04 4.202037e+07
<GCONST> 6.940350e+01
<MIXTURE> 7 6.606573e-02
<MEAN> 6
 8.242841e+01 -8.781393e+02 1.330549e+03 -1.073947e+00 -4.141857e+00 -1.013128e+02
<VARIANCE> 6
 3.127032e+01 1.693244e+05 4.248935e+04 2.874942e+02 3.406208e+04 4.202037e+07
<GCONST> 7.081732e+01
<MIXTURE> 8 4.842855e-02
<MEAN> 6
 7.344176e+01 6.081498e+02 -8.688077e+02 -1.068362e+00 -6.324428e+00 -4.305759e+01
<VARIANCE> 6
 5.212529e+01 1.208121e+04 1.260748e+04 2.874942e+02 3.406208e+04 4.202037e+07
<GCONST> 6.747318e+01
<MIXTURE> 9 5.619849e-02
<MEAN> 6
 8.461493e+01 5.239020e+02 -3.013006e+02 -2.239145e+00 -1.661666e+00 -6.483060e+01
<VARIANCE> 6
 1.264242e+02 1.208121e+04 1.466127e+04 2.874942e+02 3.406208e+04 4.202037e+07
<GCONST> 6.851009e+01
<MIXTURE> 10 9.017619e-02
<MEAN> 6
 6.027638e+01 1.923702e+00 -2.387886e+03 1.146473e+00 -4.607377e+00 -1.184093e+02
<VARIANCE> 6
 3.127032e+01 1.031710e+05 7.486232e+05 2.874942e+02 3.406208e+04 4.202037e+07
<GCONST> 7.319087e+01
<MIXTURE> 11 1.003000e-01
<MEAN> 6
 7.689133e+01 2.906136e+02 3.811558e+03 1.041530e-01 -2.073447e+00 -1.061674e+02
<VARIANCE> 6
 8.885455e+01 8.410305e+04 1.703382e+05 2.874942e+02 3.406208e+04 4.202037e+07
<GCONST> 7.255041e+01
<MIXTURE> 12 5.380248e-02
<MEAN> 6
 7.319316e+01 -1.174839e+03 -4.526226e+02 -3.006545e-01 -2.096309e+00 -5.285162e+00
<VARIANCE> 6
 3.127032e+01 8.095877e+04 5.214354e+04 2.874942e+02 3.406208e+04 4.202037e+07
<GCONST> 7.028419e+01
<MIXTURE> 13 6.722972e-02
<MEAN> 6
 8.872872e+01 3.579097e+02 -1.341072e+03 -1.491293e+00 -2.516037e+00 6.066135e+00
<VARIANCE> 6
 3.127032e+01 4.597841e+04 2.004035e+05 2.874942e+02 3.406208e+04 4.202037e+07
<GCONST> 7.106476e+01
<MIXTURE> 14 5.234769e-02
<MEAN> 6
 6.503049e+01 1.097345e+03 -1.210136e+03 4.614991e-01 -1.643635e-03 -9.464276e+01
<VARIANCE> 6
 3.629760e+01 2.102616e+04 2.112327e+05 2.874942e+02 3.406208e+04 4.202037e+07
<GCONST> 7.048405e+01
<MIXTURE> 15 5.591398e-02
<MEAN> 6
 8.348836e+01 4.743044e+02 -3.497192e+02 -2.193399e+00 -4.185940e+00 -7.091830e+01
<VARIANCE> 6
 1.602369e+02 1.208121e+04 1.300926e+04 2.874942e+02 3.406208e+04 4.202037e+07
<GCONST> 6.862755e+01
<STATE> 4
<NUMMIXES> 15
<MIXTURE> 1 4.181462e-02
<MEAN> 6
 8.867890e+01 -6.547321e+02 1.131058e+02 -6.757015e+00 8.391882e+00 -1.191929e+01
<VARIANCE> 6
 5.275125e+01 9.676718e+04 6.819378e+04 2.874942e+02 3.406208e+04 4.202037e+07
<GCONST> 7.125383e+01
<MIXTURE> 2 5.327492e-02
<MEAN> 6
 9.399496e+01 5.902661e+01 -8.128937e+01 -3.008286e+00 -2.816291e+00 2.857159e+02
<VARIANCE> 6
 4.630323e+01 1.208121e+04 1.835879e+04 2.874942e+02 3.406208e+04 4.202037e+07
<GCONST> 6.773055e+01
<MIXTURE> 3 5.565771e-02
<MEAN> 6
 7.338102e+01 -7.575949e+00 5.300163e+02 -2.860423e+00 -1.045843e+00 2.821128e+01
<VARIANCE> 6
 3.127032e+01 1.208121e+04 2.449803e+04 2.874942e+02 3.406208e+04 4.202037e+07
<GCONST> 6.762650e+01
<MIXTURE> 4 6.329458e-02
<MEAN> 6
 5.155512e+01 -1.068159e+03 3.126441e+02 -3.150619e-01 -3.070439e+00 -1.237336e+02
<VARIANCE> 6
 3.127032e+01 1.208121e+04 1.592485e+05 2.874942e+02 3.406208e+04 4.202037e+07
<GCONST> 6.949837e+01
<MIXTURE> 5 1.115928e-01
<MEAN> 6
 6.257177e+01 4.883413e+00 -1.043378e+02 -1.205952e+00 1.608932e+00 -5.210023e+01
<VARIANCE> 6
 3.127032e+01 1.208121e+04 1.004055e+05 2.874942e+02 3.406208e+04 4.202037e+07
<GCONST> 6.903712e+01
<MIXTURE> 6 6.260549e-02
<MEAN> 6
 8.115453e+01 -3.605176e+02 4.931026e+01 -4.379046e+00 7.239197e+00 1.333112e+01
<VARIANCE> 6
 1.912799e+02 1.208121e+04 1.260748e+04 2.874942e+02 3.406208e+04 4.202037e+07
<GCONST> 6.877325e+01
<MIXTURE> 7 6.234537e-02
<MEAN> 6
 7.287735e+01 -3.566304e+02 -3.829745e+02 -1.595423e+00 2.047486e+00 -1.095671e+00
<VARIANCE> 6
 3.127032e+01 1.208121e+04 2.926190e+04 2.874942e+02 3.406208e+04 4.202037e+07
<GCONST> 6.780418e+01
<MIXTURE> 8 5.463201e-02
<MEAN> 6
 6.359002e+01 4.655323e+01 -2.797690e+02 -1.755081e+00 1.641319e-01 -2.772027e+01
<VARIANCE> 6
 3.127032e+01 1.208121e+04 7.988330e+04 2.874942e+02 3.406208e+04 4.202037e+07
<GCONST> 6.880847e+01
<MIXTURE> 9 4.374325e-02
<MEAN> 6
 1.018729e+02 -4.798399e+02 -5.185687e+02 -1.998094e+00 6.857771e-02 -4.259124e+01
<VARIANCE> 6
 3.127032e+01 1.208121e+04 1.260748e+04 2.874942e+02 3.406208e+04 4.202037e+07
<GCONST> 6.696219e+01
<MIXTURE> 10 8.505610e-02
<MEAN> 6
 8.692274e+01 -1.176484e+02 1.983928e+01 -2.471483e+00 7.597230e-02 8.402102e+00
<VARIANCE> 6
 3.127032e+01 1.208121e+04 1.440650e+04 2.874942e+02 3.406208e+04 4.202037e+07
<GCONST> 6.709558e+01
<MIXTURE> 11 6.580102e-02
<MEAN> 6
 6.653362e+01 2.914941e+02 2.405133e+02 -1.800055e+00 2.028487e+00 -4.302991e+01
<VARIANCE> 6
 3.127032e+01 1.587374e+04 2.019661e+04 2.874942e+02 3.406208e+04 4.202037e+07
<GCONST> 6.770643e+01
<MIXTURE> 12 1.166970e-01
<MEAN> 6
 7.880201e+01 -3.582857e+02 1.312697e+02 -5.411626e+00 6.488163e+00 -2.741198e+00
<VARIANCE> 6
 3.127032e+01 2.994320e+05 1.260748e+04 2.874942e+02 3.406208e+04 4.202037e+07
<GCONST> 7.017242e+01
<MIXTURE> 13 6.424803e-02
<MEAN> 6
 8.351996e+01 -1.784983e+02 -3.737497e+02 -1.882696e+00 2.781199e-01 3.729537e+00
<VARIANCE> 6
 3.127032e+01 1.316927e+04 1.502834e+04 2.874942e+02 3.406208e+04 4.202037e+07
<GCONST> 6.722408e+01
<MIXTURE> 14 5.474931e-02
<MEAN> 6
 6.346794e+01 3.845780e+01 -3.850148e+02 -1.749952e+00 -3.637376e-01 -4.466488e+01
<VARIANCE> 6
 3.127032e+01 1.208121e+04 6.885399e+04 2.874942e+02 3.406208e+04 4.202037e+07
<GCONST> 6.865989e+01
<MIXTURE> 15 6.437446e-02
<MEAN> 6
 7.459906e+01 -4.033187e+02 1.596864e+01 -3.011574e+00 -1.006952e+00 -6.354939e+01
<VARIANCE> 6
 1.765266e+02 1.208121e+04 1.260748e+04 2.874942e+02 3.406208e+04 4.202037e+07
<GCONST> 6.869299e+01
<STATE> 5
<NUMMIXES> 15
<MIXTURE> 1 4.474726e-02
<MEAN> 6
 7.673365e+01 1.438449e+03 1.888749e+02 -4.040149e+00 -1.512698e+01 -1.721472e+02
<VARIANCE> 6
 1.936396e+02 4.294727e+06 1.299890e+06 2.874942e+02 3.406208e+04 4.202037e+07
<GCONST> 7.929475e+01
<MIXTURE> 2 1.444473e-02
<MEAN> 6
 -7.489810e+00 1.672417e+02 1.077704e+02 -1.957071e+01 5.903801e+01 7.376155e+03
<VARIANCE> 6
 1.178585e+04 1.834386e+05 3.983692e+05 2.120878e+06 1.162294e+09 1.709443e+12
<GCONST> 1.090249e+02
<MIXTURE> 3 5.225279e-02
<MEAN> 6
 2.104172e+01 -6.964083e+01 -2.701656e+02 -1.793901e+01 -1.503946e+02 -2.090764e+03
<VARIANCE> 6
 5.095123e+03 4.895926e+06 1.608540e+06 6.649341e+04 5.491277e+06 3.640646e+09
<GCONST> 9.789701e+01
<MIXTURE> 4 7.042156e-02
<MEAN> 6
 -2.991447e+01 -3.589694e+02 2.133333e+02 2.002989e+02 6.123617e+02 -3.208902e+03
<VARIANCE> 6
 2.985612e+02 9.251885e+05 1.143600e+06 6.340265e+03 1.278207e+05 4.202037e+07
<GCONST> 8.248041e+01
<MIXTURE> 5 7.307874e-02
<MEAN> 6
 2.807265e+00 -1.067158e+02 -8.901613e+02 -1.995311e+02 2.397683e+01 8.705211e+03
<VARIANCE> 6
 2.590213e+03 2.926318e+05 1.009617e+07 2.638661e+04 1.351359e+06 4.243692e+08
<GCONST> 9.176443e+01
<MIXTURE> 6 9.536672e-02
<MEAN> 6
 3.770372e+01 -3.897926e+02 2.916693e+02 2.054423e+02 -3.495006e+02 -1.886680e+03
<VARIANCE> 6
 5.258608e+02 4.015125e+05 1.504306e+06 6.560302e+03 1.310947e+05 4.589552e+07
<GCONST> 8.263348e+01
<MIXTURE> 7 5.040907e-02
<MEAN> 6
 8.414828e+01 3.750349e+02 1.642153e+02 -5.648304e+00 -2.118996e+01 -2.378400e+02
<VARIANCE> 6
 2.267401e+02 4.037156e+05 2.312238e+05 2.874942e+02 3.406208e+04 4.202037e+07
<GCONST> 7.536148e+01
<MIXTURE> 8 8.431448e-02
<MEAN> 6
 8.779867e+01 1.326952e+02 3.756393e+01 6.804151e+00 -5.416744e+02 -1.505638e+03
<VARIANCE> 6
 1.821056e+02 6.467602e+05 3.168318e+05 1.213498e+04 6.768922e+05 3.367925e+08
<GCONST> 8.474180e+01
<MIXTURE> 9 8.933987e-02
<MEAN> 6
 -6.531866e+01 3.171194e+01 -2.292504e-01 8.505789e+00 2.134544e+02 4.137956e+02
<VARIANCE> 6
 2.548455e+02 9.493931e+05 1.012397e+06 9.768248e+02 8.609535e+04 4.202037e+07
<GCONST> 7.996052e+01
<MIXTURE> 10 7.779248e-02
<MEAN> 6
 6.149734e+00 5.996730e+01 6.449587e+01 -1.002918e+02 2.809817e+01 9.518585e+00
<VARIANCE> 6
 5.845668e+02 1.379142e+06 4.657499e+05 4.289878e+04 1.544868e+05 1.077852e+08
<GCONST> 8.569662e+01
<MIXTURE> 11 5.535142e-02
<MEAN> 6
 7.121214e+01 1.030639e+02 -2.133580e+00 -3.888583e+01 -5.652181e+02 1.169531e+03
<VARIANCE> 6
 3.414608e+02 1.251642e+06 1.410092e+06 1.836869e+04 1.705632e+05 5.299144e+07
<GCONST> 8.471053e+01
<MIXTURE> 12 8.859317e-02
<MEAN> 6
 -5.689719e+01 -2.932414e+02 1.146810e+02 -1.366599e+01 1.109206e+03 -1.367285e+03
<VARIANCE> 6
 2.100347e+02 5.625601e+05 1.007991e+06 2.037370e+04 4.113158e+05 2.170483e+08
<GCONST> 8.548301e+01
<MIXTURE> 13 1.010110e-01
<MEAN> 6
 8.559870e+01 1.515285e+02 3.749274e+02 -4.482948e+00 -1.887822e+01 -6.236722e+01
<VARIANCE> 6
 2.715308e+02 1.047964e+06 3.454688e+06 2.874942e+02 3.406208e+04 4.202037e+07
<GCONST> 7.919975e+01
<MIXTURE> 14 5.002794e-02
<MEAN> 6
 7.157847e+01 -1.661407e+02 1.760447e+02 4.425794e-01 -1.726539e+01 -1.908530e+02
<VARIANCE> 6
 2.632804e+02 2.672136e+05 2.405926e+05 2.874942e+02 3.406208e+04 4.202037e+07
<GCONST> 7.513795e+01
<MIXTURE> 15 5.214116e-02
<MEAN> 6
 6.215623e+01 -3.468989e+02 -3.767656e+02 -1.277893e+02 -8.052943e+02 -4.864145e+02
<VARIANCE> 6
 3.669302e+02 1.086726e+06 1.219480e+06 2.080186e+04 2.562395e+05 6.682920e+07
<GCONST> 8.525937e+01
<TRANSP> 6
 0.000000e+00 1.000000e+00 0.000000e+00 0.000000e+00 0.000000e+00 0.000000e+00
 0.000000e+00 9.999125e-01 8.748895e-05 0.000000e+00 0.000000e+00 0.000000e+00
 0.000000e+00 0.000000e+00 9.994377e-01 5.622455e-04 0.000000e+00 0.000000e+00
 0.000000e+00 0.000000e+00 0.000000e+00 9.994199e-01 5.800263e-04 0.000000e+00
 0.000000e+00 0.000000e+00 0.000000e+00 0.000000e+00 9.999208e-01 7.913872e-05
 0.000000e+00 0.000000e+00 0.000000e+00 0.000000e+00 0.000000e+00 0.000000e+00
<ENDHMM>
