~o
<STREAMINFO> 1 6
<VECSIZE> 6<NULLD><USER><DIAGC>
~h "SegundoPRIMARIA"
<BEGINHMM>
<NUMSTATES> 14
<STATE> 2
<NUMMIXES> 4
<MIXTURE> 1 2.882454e-01
<MEAN> 6
 7.863667e+01 -3.946166e+01 1.010906e+02 -6.944450e-01 -4.054977e+01 -2.372237e+02
<VARIANCE> 6
 3.236768e+02 3.558822e+05 2.110562e+06 2.940807e+02 3.743564e+04 4.829342e+07
<GCONST> 7.805887e+01
<MIXTURE> 2 3.175518e-01
<MEAN> 6
 3.295903e+01 -2.222289e+01 5.673328e+01 -5.199306e+01 -2.236189e+02 8.757469e+02
<VARIANCE> 6
 3.594840e+03 3.909368e+05 1.683424e+06 5.636638e+04 1.803567e+06 4.946051e+08
<GCONST> 9.179134e+01
<MIXTURE> 3 2.056038e-01
<MEAN> 6
 -2.374866e+00 5.162149e+01 3.816963e+01 6.320399e+01 1.793059e+02 -7.895968e+02
<VARIANCE> 6
 3.231429e+03 1.175221e+05 4.972071e+05 2.696531e+04 3.668929e+05 4.829342e+07
<GCONST> 8.460703e+01
<MIXTURE> 4 1.884260e-01
<MEAN> 6
 -2.203647e+01 -1.586930e+01 -1.782445e+02 2.273873e+01 2.469651e+02 -3.053207e+02
<VARIANCE> 6
 3.078801e+03 1.390570e+05 9.915229e+05 1.993029e+04 2.545893e+05 4.829342e+07
<GCONST> 8.474940e+01
<STATE> 3
<NUMMIXES> 4
<MIXTURE> 1 1.627905e-01
<MEAN> 6
 1.035296e+02 -4.660956e+02 4.041278e+02 -1.737126e+00 -3.899360e+01 4.997219e+02
<VARIANCE> 6
 1.156253e+02 2.389498e+05 1.011190e+05 2.940807e+02 4.110614e+04 4.829342e+07
<GCONST> 7.368625e+01
<MIXTURE> 2 3.968354e-01
<MEAN> 6
 9.808627e+01 -2.891198e+02 8.585230e+02 -2.930871e+00 -2.064419e-02 -2.734425e+02
<VARIANCE> 6
 3.163787e+01 1.400999e+04 5.215491e+04 2.940807e+02 3.743564e+04 4.829342e+07
<GCONST> 6.879816e+01
<MIXTURE> 3 2.014931e-01
<MEAN> 6
 1.083641e+02 -6.488109e+02 -2.049174e+02 -4.796786e+00 8.201385e-02 3.533736e+02
<VARIANCE> 6
 3.163787e+01 2.296975e+04 4.241292e+04 2.940807e+02 3.743564e+04 4.829342e+07
<GCONST> 6.908580e+01
<MIXTURE> 4 2.388805e-01
<MEAN> 6
 9.717227e+01 -3.736252e+02 7.227924e+02 -8.588409e+00 1.167433e+01 1.433530e+02
<VARIANCE> 6
 5.384963e+01 1.276023e+04 2.302559e+04 2.940807e+02 3.743564e+04 4.829342e+07
<GCONST> 6.841895e+01
<STATE> 4
<NUMMIXES> 4
<MIXTURE> 1 2.021847e-01
<MEAN> 6
 9.639832e+01 2.052403e+02 -5.606022e+02 2.658903e-01 -1.929525e+01 2.155505e+02
<VARIANCE> 6
 3.163787e+01 1.276023e+04 4.282314e+04 2.940807e+02 3.743564e+04 4.829342e+07
<GCONST> 6.850758e+01
<MIXTURE> 2 2.768243e-01
<MEAN> 6
 9.287660e+01 -2.366542e+02 -5.262289e+02 -1.269146e+00 9.236394e+00 -3.264336e+01
<VARIANCE> 6
 3.163787e+01 7.722464e+04 1.373229e+04 2.940807e+02 3.743564e+04 4.829342e+07
<GCONST> 6.917064e+01
<MIXTURE> 3 2.583764e-01
<MEAN> 6
 9.468428e+01 -4.447522e+02 -5.382306e+02 -3.502471e-01 -5.744676e+00 -1.156321e+02
<VARIANCE> 6
 3.163787e+01 1.758759e+04 1.373229e+04 2.940807e+02 3.743564e+04 4.829342e+07
<GCONST> 6.769110e+01
<MIXTURE> 4 2.626097e-01
<MEAN> 6
 9.409179e+01 -5.108765e+02 -5.350519e+02 5.785036e-01 -4.787052e+00 -1.724484e+02
<VARIANCE> 6
 3.163787e+01 1.448903e+04 1.373229e+04 2.940807e+02 3.743564e+04 4.829342e+07
<GCONST> 6.749730e+01
<STATE> 5
<NUMMIXES> 4
<MIXTURE> 1 1.737962e-01
<MEAN> 6
 9.301215e+01 3.271130e+02 1.524856e+02 -2.036507e+00 -9.797341e+00 4.245871e+01
<VARIANCE> 6
 3.163787e+01 1.346662e+05 1.373229e+04 2.940807e+02 3.743564e+04 4.829342e+07
<GCONST> 6.972672e+01
<MIXTURE> 2 3.233179e-01
<MEAN> 6
 8.826220e+01 1.788472e+02 4.071821e+02 -9.394043e-01 -3.313833e+00 -2.275533e+01
<VARIANCE> 6
 3.163787e+01 4.300305e+04 3.774963e+04 2.940807e+02 3.743564e+04 4.829342e+07
<GCONST> 6.959641e+01
<MIXTURE> 3 3.415175e-01
<MEAN> 6
 8.698660e+01 -6.008364e+01 -3.002488e+01 -9.358066e-01 -3.620932e-01 -5.290236e+01
<VARIANCE> 6
 3.163787e+01 5.034048e+04 1.373229e+04 2.940807e+02 3.743564e+04 4.829342e+07
<GCONST> 6.874272e+01
<MIXTURE> 4 1.613637e-01
<MEAN> 6
 9.091239e+01 6.727327e+01 1.200066e+02 -1.040133e+00 -3.237533e+00 -1.008633e+02
<VARIANCE> 6
 3.163787e+01 3.998727e+04 1.373229e+04 2.940807e+02 3.743564e+04 4.829342e+07
<GCONST> 6.851248e+01
<STATE> 6
<NUMMIXES> 4
<MIXTURE> 1 4.465549e-02
<MEAN> 6
 1.340818e+02 -2.082803e+03 7.464576e+01 -4.175983e+01 -2.170188e+01 1.818262e+02
<VARIANCE> 6
 1.820080e+02 5.850202e+05 1.373229e+04 2.940807e+02 3.743564e+04 4.829342e+07
<GCONST> 7.294525e+01
<MIXTURE> 2 2.203628e-01
<MEAN> 6
 1.219386e+02 2.414971e+02 1.411020e+03 -3.450488e+00 -9.003044e+00 -1.877496e+01
<VARIANCE> 6
 1.531546e+02 5.640950e+04 1.884863e+05 2.940807e+02 3.743564e+04 4.829342e+07
<GCONST> 7.305292e+01
<MIXTURE> 3 4.818611e-01
<MEAN> 6
 8.428925e+01 5.063455e+02 9.564376e+02 -2.970288e+00 -1.707085e+00 2.836823e+01
<VARIANCE> 6
 1.111741e+02 7.684281e+04 4.610875e+04 2.940807e+02 3.743564e+04 4.829342e+07
<GCONST> 7.163367e+01
<MIXTURE> 4 2.531152e-01
<MEAN> 6
 1.030605e+02 -4.859212e+02 2.249786e+03 -2.488480e+00 -5.322456e+00 -3.571878e+01
<VARIANCE> 6
 2.575263e+02 1.276023e+04 6.312500e+04 2.940807e+02 3.743564e+04 4.829342e+07
<GCONST> 7.099239e+01
<STATE> 7
<NUMMIXES> 4
<MIXTURE> 1 1.570877e-01
<MEAN> 6
 8.607465e+01 -1.700677e+02 -2.984188e+03 -5.428302e+00 -3.566674e-01 1.223366e+02
<VARIANCE> 6
 8.596313e+01 1.998447e+04 5.155809e+04 2.940807e+02 3.743564e+04 4.829342e+07
<GCONST> 7.014139e+01
<MIXTURE> 2 2.733175e-01
<MEAN> 6
 7.435638e+01 8.829491e+01 -7.941188e+02 -2.229250e-01 -4.447846e+00 -1.835396e+02
<VARIANCE> 6
 4.387037e+01 1.276023e+04 1.373229e+04 2.940807e+02 3.743564e+04 4.829342e+07
<GCONST> 6.769713e+01
<MIXTURE> 3 2.813405e-01
<MEAN> 6
 6.808070e+01 -1.362112e+02 -1.121414e+03 8.457734e-01 -7.926276e+00 1.671684e+01
<VARIANCE> 6
 3.163787e+01 4.871651e+04 5.220983e+04 2.940807e+02 3.743564e+04 4.829342e+07
<GCONST> 7.004546e+01
<MIXTURE> 4 2.882529e-01
<MEAN> 6
 7.568903e+01 -7.933932e+01 -8.966423e+02 -3.397264e+00 -6.731543e+00 -1.070460e+02
<VARIANCE> 6
 7.166569e+01 2.741707e+04 1.373229e+04 2.940807e+02 3.743564e+04 4.829342e+07
<GCONST> 6.895274e+01
<STATE> 8
<NUMMIXES> 4
<MIXTURE> 1 1.490174e-01
<MEAN> 6
 9.047050e+01 -1.408587e+03 7.829565e+02 -2.491617e-01 -8.476852e-01 -1.800440e+02
<VARIANCE> 6
 3.163787e+01 1.918366e+04 5.317798e+04 2.940807e+02 3.743564e+04 4.829342e+07
<GCONST> 6.913187e+01
<MIXTURE> 2 2.690981e-01
<MEAN> 6
 8.618513e+01 1.017384e+03 -4.993874e+02 -9.853035e-01 1.703885e+00 5.180539e+01
<VARIANCE> 6
 3.163787e+01 2.508816e+05 3.754943e+04 2.940807e+02 3.743564e+04 4.829342e+07
<GCONST> 7.135480e+01
<MIXTURE> 3 2.970261e-01
<MEAN> 6
 8.829459e+01 1.078369e+03 -1.565887e+03 -1.084619e+00 -8.231243e+00 6.988343e+01
<VARIANCE> 6
 3.163787e+01 1.276023e+04 3.686206e+05 2.940807e+02 3.743564e+04 4.829342e+07
<GCONST> 7.066026e+01
<MIXTURE> 4 2.848609e-01
<MEAN> 6
 9.987801e+01 -3.170899e+03 -1.205195e+02 -3.206732e+00 -2.356184e+00 -1.540882e+02
<VARIANCE> 6
 3.163787e+01 5.245452e+05 1.875904e+04 2.940807e+02 3.743564e+04 4.829342e+07
<GCONST> 7.139838e+01
<STATE> 9
<NUMMIXES> 4
<MIXTURE> 1 4.373286e-01
<MEAN> 6
 7.312384e+01 -8.568132e+02 -3.092603e+02 -1.999339e+00 -5.689055e-01 -7.803501e+01
<VARIANCE> 6
 3.163787e+01 3.160592e+04 2.070049e+05 2.940807e+02 3.743564e+04 4.829342e+07
<GCONST> 7.099025e+01
<MIXTURE> 2 2.183830e-01
<MEAN> 6
 5.938644e+01 -4.161509e+02 -2.177123e+02 7.625580e-01 1.283800e+00 -1.159695e+02
<VARIANCE> 6
 3.163787e+01 1.276023e+04 2.607262e+04 2.940807e+02 3.743564e+04 4.829342e+07
<GCONST> 6.801138e+01
<MIXTURE> 3 1.227890e-01
<MEAN> 6
 5.755373e+01 -1.251330e+03 -5.630948e+02 3.497206e+00 -9.555799e+00 -5.552578e+01
<VARIANCE> 6
 3.163787e+01 8.367615e+04 2.258462e+04 2.940807e+02 3.743564e+04 4.829342e+07
<GCONST> 6.974838e+01
<MIXTURE> 4 2.214739e-01
<MEAN> 6
 6.233938e+01 -4.823521e+02 -4.005022e+02 -4.465295e-01 -3.038874e+00 -9.814512e+01
<VARIANCE> 6
 3.163787e+01 1.276023e+04 3.357959e+04 2.940807e+02 3.743564e+04 4.829342e+07
<GCONST> 6.826442e+01
<STATE> 10
<NUMMIXES> 4
<MIXTURE> 1 4.767056e-01
<MEAN> 6
 7.408198e+01 8.447576e+01 -3.218020e+02 -3.451704e-01 -5.063884e+00 -1.152057e+02
<VARIANCE> 6
 3.163787e+01 1.276023e+04 1.662340e+04 2.940807e+02 3.743564e+04 4.829342e+07
<GCONST> 6.756131e+01
<MIXTURE> 2 1.266943e-01
<MEAN> 6
 7.329482e+01 -7.285059e+01 -4.935071e+02 7.481343e-01 -2.668347e+00 -1.507511e+02
<VARIANCE> 6
 3.163787e+01 8.049502e+04 3.336911e+04 2.940807e+02 3.743564e+04 4.829342e+07
<GCONST> 7.009999e+01
<MIXTURE> 3 1.903318e-01
<MEAN> 6
 6.924211e+01 2.010124e+01 -1.921173e+02 -6.315456e-02 -1.349696e+00 -1.094891e+02
<VARIANCE> 6
 3.163787e+01 1.276023e+04 1.468052e+04 2.940807e+02 3.743564e+04 4.829342e+07
<GCONST> 6.743703e+01
<MIXTURE> 4 2.062699e-01
<MEAN> 6
 6.722069e+01 -2.946872e+01 -1.951194e+02 5.964562e-01 8.043275e-01 -1.209647e+02
<VARIANCE> 6
 3.163787e+01 1.276023e+04 1.373229e+04 2.940807e+02 3.743564e+04 4.829342e+07
<GCONST> 6.737025e+01
<STATE> 11
<NUMMIXES> 4
<MIXTURE> 1 2.150658e-01
<MEAN> 6
 7.159370e+01 2.365480e+01 1.542991e+02 7.213324e-03 1.126840e+00 -1.423000e+02
<VARIANCE> 6
 3.163787e+01 4.587836e+04 1.373229e+04 2.940807e+02 3.743564e+04 4.829342e+07
<GCONST> 6.864990e+01
<MIXTURE> 2 2.826249e-01
<MEAN> 6
 6.029443e+01 6.682739e+02 -1.599146e+02 -2.567411e-01 -3.156841e+00 -1.671868e+02
<VARIANCE> 6
 3.592579e+01 6.768230e+04 1.373229e+04 2.940807e+02 3.743564e+04 4.829342e+07
<GCONST> 6.916583e+01
<MIXTURE> 3 2.965871e-01
<MEAN> 6
 6.654613e+01 -2.567185e+02 2.418604e+02 2.006840e-01 -2.960479e+00 -1.629234e+02
<VARIANCE> 6
 3.163787e+01 7.019101e+04 1.817876e+04 2.940807e+02 3.743564e+04 4.829342e+07
<GCONST> 6.935564e+01
<MIXTURE> 4 2.056754e-01
<MEAN> 6
 7.072145e+01 -9.075473e+01 1.205139e+02 4.896877e-01 1.048500e+00 -1.835572e+02
<VARIANCE> 6
 3.163787e+01 2.561645e+04 1.373229e+04 2.940807e+02 3.743564e+04 4.829342e+07
<GCONST> 6.806715e+01
<STATE> 12
<NUMMIXES> 4
<MIXTURE> 1 2.185380e-01
<MEAN> 6
 7.521729e+01 -8.923555e+03 1.475544e+03 -2.601398e+00 -6.221922e+00 -6.822119e+01
<VARIANCE> 6
 3.163787e+01 1.969527e+04 1.766962e+05 2.940807e+02 3.743564e+04 4.829342e+07
<GCONST> 7.035898e+01
<MIXTURE> 2 2.193321e-01
<MEAN> 6
 7.070026e+01 1.029156e+03 -2.056370e+02 6.338604e-01 -4.329197e+00 -1.210275e+02
<VARIANCE> 6
 3.163787e+01 9.125743e+04 8.670061e+05 2.940807e+02 3.743564e+04 4.829342e+07
<GCONST> 7.348289e+01
<MIXTURE> 3 2.910187e-01
<MEAN> 6
 7.761548e+01 7.221355e+02 -5.110192e+02 -7.693409e-01 -6.627227e+00 -2.952516e+02
<VARIANCE> 6
 3.163787e+01 4.349844e+06 1.117044e+05 2.940807e+02 3.743564e+04 4.829342e+07
<GCONST> 7.529791e+01
<MIXTURE> 4 2.711107e-01
<MEAN> 6
 7.073833e+01 1.127484e+03 -4.918232e+02 1.275757e+00 -3.985525e+00 -1.230890e+02
<VARIANCE> 6
 3.163787e+01 7.311879e+04 8.340766e+05 2.940807e+02 3.743564e+04 4.829342e+07
<GCONST> 7.322258e+01
<STATE> 13
<NUMMIXES> 4
<MIXTURE> 1 3.760942e-02
<MEAN> 6
 3.744972e+01 6.431132e+02 -1.135861e+02 -3.360333e+01 -4.807398e+02 4.326122e+03
<VARIANCE> 6
 6.180755e+03 1.521874e+07 1.784977e+06 2.237698e+05 9.516290e+07 1.414460e+11
<GCONST> 1.070541e+02
<MIXTURE> 2 2.786224e-01
<MEAN> 6
 1.466100e+01 1.879735e+02 8.484869e+01 7.232285e+01 1.495811e+02 -6.197232e+02
<VARIANCE> 6
 4.009462e+03 3.168749e+05 2.194579e+05 1.905848e+04 2.329255e+05 4.829342e+07
<GCONST> 8.419540e+01
<MIXTURE> 3 3.976338e-01
<MEAN> 6
 1.949018e+01 7.695596e+00 3.271740e+01 -4.783275e+01 8.379722e+01 4.285090e+02
<VARIANCE> 6
 3.667396e+03 1.538232e+05 1.227303e+05 5.603763e+04 1.964238e+06 5.186575e+08
<GCONST> 8.838695e+01
<MIXTURE> 4 2.859979e-01
<MEAN> 6
 6.531914e+01 -9.213346e+01 -3.964325e+01 2.477283e+00 -1.978539e+02 -4.886552e+02
<VARIANCE> 6
 2.587592e+03 4.823585e+05 1.183129e+05 1.609170e+04 2.253279e+05 4.829342e+07
<GCONST> 8.335745e+01
<TRANSP> 14
 0.000000e+00 1.000000e+00 0.000000e+00 0.000000e+00 0.000000e+00 0.000000e+00 0.000000e+00 0.000000e+00 0.000000e+00 0.000000e+00 0.000000e+00 0.000000e+00 0.000000e+00 0.000000e+00
 0.000000e+00 9.998558e-01 1.442346e-04 0.000000e+00 0.000000e+00 0.000000e+00 0.000000e+00 0.000000e+00 0.000000e+00 0.000000e+00 0.000000e+00 0.000000e+00 0.000000e+00 0.000000e+00
 0.000000e+00 0.000000e+00 9.907885e-01 9.211538e-03 0.000000e+00 0.000000e+00 0.000000e+00 0.000000e+00 0.000000e+00 0.000000e+00 0.000000e+00 0.000000e+00 0.000000e+00 0.000000e+00
 0.000000e+00 0.000000e+00 0.000000e+00 9.956347e-01 4.365277e-03 0.000000e+00 0.000000e+00 0.000000e+00 0.000000e+00 0.000000e+00 0.000000e+00 0.000000e+00 0.000000e+00 0.000000e+00
 0.000000e+00 0.000000e+00 0.000000e+00 0.000000e+00 9.979922e-01 2.007870e-03 0.000000e+00 0.000000e+00 0.000000e+00 0.000000e+00 0.000000e+00 0.000000e+00 0.000000e+00 0.000000e+00
 0.000000e+00 0.000000e+00 0.000000e+00 0.000000e+00 0.000000e+00 9.958897e-01 4.110268e-03 0.000000e+00 0.000000e+00 0.000000e+00 0.000000e+00 0.000000e+00 0.000000e+00 0.000000e+00
 0.000000e+00 0.000000e+00 0.000000e+00 0.000000e+00 0.000000e+00 0.000000e+00 9.968145e-01 3.185475e-03 0.000000e+00 0.000000e+00 0.000000e+00 0.000000e+00 0.000000e+00 0.000000e+00
 0.000000e+00 0.000000e+00 0.000000e+00 0.000000e+00 0.000000e+00 0.000000e+00 0.000000e+00 9.965880e-01 3.412034e-03 0.000000e+00 0.000000e+00 0.000000e+00 0.000000e+00 0.000000e+00
 0.000000e+00 0.000000e+00 0.000000e+00 0.000000e+00 0.000000e+00 0.000000e+00 0.000000e+00 0.000000e+00 9.978085e-01 2.191513e-03 0.000000e+00 0.000000e+00 0.000000e+00 0.000000e+00
 0.000000e+00 0.000000e+00 0.000000e+00 0.000000e+00 0.000000e+00 0.000000e+00 0.000000e+00 0.000000e+00 0.000000e+00 9.984041e-01 1.595899e-03 0.000000e+00 0.000000e+00 0.000000e+00
 0.000000e+00 0.000000e+00 0.000000e+00 0.000000e+00 0.000000e+00 0.000000e+00 0.000000e+00 0.000000e+00 0.000000e+00 0.000000e+00 9.984812e-01 1.518830e-03 0.000000e+00 0.000000e+00
 0.000000e+00 0.000000e+00 0.000000e+00 0.000000e+00 0.000000e+00 0.000000e+00 0.000000e+00 0.000000e+00 0.000000e+00 0.000000e+00 0.000000e+00 9.962859e-01 3.714187e-03 0.000000e+00
 0.000000e+00 0.000000e+00 0.000000e+00 0.000000e+00 0.000000e+00 0.000000e+00 0.000000e+00 0.000000e+00 0.000000e+00 0.000000e+00 0.000000e+00 0.000000e+00 9.999377e-01 6.228949e-05
 0.000000e+00 0.000000e+00 0.000000e+00 0.000000e+00 0.000000e+00 0.000000e+00 0.000000e+00 0.000000e+00 0.000000e+00 0.000000e+00 0.000000e+00 0.000000e+00 0.000000e+00 0.000000e+00
<ENDHMM>
~h "SegundoESO"
<BEGINHMM>
<NUMSTATES> 14
<STATE> 2
<NUMMIXES> 4
<MIXTURE> 1 8.512503e-02
<MEAN> 6
 6.994016e+01 6.746698e+03 -5.839358e+02 -4.901714e-01 -2.559210e+00 -9.830650e+01
<VARIANCE> 6
 3.163787e+01 4.664196e+07 6.956628e+05 2.940807e+02 3.743564e+04 4.829342e+07
<GCONST> 7.949928e+01
<MIXTURE> 2 3.623573e-01
<MEAN> 6
 6.322507e+01 6.216321e+02 -1.790980e+03 3.165218e-01 -1.604295e+00 -7.991165e+01
<VARIANCE> 6
 3.230183e+01 4.233731e+05 1.043448e+06 2.940807e+02 3.743564e+04 4.829342e+07
<GCONST> 7.522348e+01
<MIXTURE> 3 2.399296e-01
<MEAN> 6
 7.004657e+01 6.905847e+01 -5.514924e+03 9.097637e-02 -1.840538e+00 -4.317617e+01
<VARIANCE> 6
 7.174105e+01 1.667486e+05 6.529479e+06 2.940807e+02 3.743564e+04 4.829342e+07
<GCONST> 7.692345e+01
<MIXTURE> 4 3.125535e-01
<MEAN> 6
 6.150541e+01 8.755974e+02 -3.409893e+02 -9.339736e-02 -3.561694e+00 -1.149854e+02
<VARIANCE> 6
 3.163787e+01 2.689842e+06 7.528159e+04 2.940807e+02 3.743564e+04 4.829342e+07
<GCONST> 7.442264e+01
<STATE> 3
<NUMMIXES> 4
<MIXTURE> 1 2.000545e-01
<MEAN> 6
 7.387049e+01 3.394282e+02 5.068496e+02 -2.943341e-01 -3.144357e+00 -7.103216e+01
<VARIANCE> 6
 3.163787e+01 1.727360e+05 7.972269e+05 2.940807e+02 3.743564e+04 4.829342e+07
<GCONST> 7.403706e+01
<MIXTURE> 2 2.949403e-01
<MEAN> 6
 7.333501e+01 -5.190109e+02 1.372563e+02 -4.165382e-01 -3.448221e+00 -8.729160e+01
<VARIANCE> 6
 7.751480e+01 2.147196e+05 4.673185e+04 2.940807e+02 3.743564e+04 4.829342e+07
<GCONST> 7.231404e+01
<MIXTURE> 3 2.992031e-01
<MEAN> 6
 6.632813e+01 -1.981713e+02 -5.228945e+01 -6.028975e-02 -1.669652e-01 -8.240735e+01
<VARIANCE> 6
 6.235449e+01 1.361051e+05 1.478238e+05 2.940807e+02 3.743564e+04 4.829342e+07
<GCONST> 7.279210e+01
<MIXTURE> 4 2.058085e-01
<MEAN> 6
 7.260561e+01 2.384840e+02 2.903896e+02 -3.379812e-01 -2.290984e+00 -7.173196e+01
<VARIANCE> 6
 3.163787e+01 1.637610e+05 5.931851e+05 2.940807e+02 3.743564e+04 4.829342e+07
<GCONST> 7.368808e+01
<STATE> 4
<NUMMIXES> 4
<MIXTURE> 1 8.329286e-02
<MEAN> 6
 8.903903e+01 -3.341280e+03 4.322333e+03 -5.549618e-01 -8.449134e+01 -3.366971e+00
<VARIANCE> 6
 1.021633e+02 9.777842e+06 3.209470e+07 2.940807e+02 3.743564e+04 4.829342e+07
<GCONST> 8.294070e+01
<MIXTURE> 2 2.222403e-01
<MEAN> 6
 1.295651e+01 1.471496e+03 1.142403e+03 -2.559205e+00 8.847240e+01 6.975224e+01
<VARIANCE> 6
 3.270579e+03 2.377604e+07 1.385416e+07 3.714450e+04 9.296284e+05 1.996687e+08
<GCONST> 9.592554e+01
<MIXTURE> 3 3.572051e-01
<MEAN> 6
 8.019770e+01 -5.849246e+02 6.780959e+02 -2.171508e+00 -1.714127e+01 -9.322157e+01
<VARIANCE> 6
 7.341340e+01 1.945590e+06 1.576455e+06 2.940807e+02 3.743564e+04 4.829342e+07
<GCONST> 7.798218e+01
<MIXTURE> 4 3.371156e-01
<MEAN> 6
 1.416870e+01 -4.987248e+02 9.891526e+02 7.556597e+00 -3.724264e+01 -5.683878e+01
<VARIANCE> 6
 3.198726e+03 7.683626e+06 7.395148e+06 2.762574e+04 3.902252e+05 4.829342e+07
<GCONST> 9.156250e+01
<STATE> 5
<NUMMIXES> 4
<MIXTURE> 1 3.035310e-01
<MEAN> 6
 6.989265e+01 -1.605778e+02 -3.777445e+02 -4.879691e+01 -8.066191e+02 -9.924917e+03
<VARIANCE> 6
 7.274577e+01 6.177026e+05 9.803125e+05 1.018622e+03 1.370516e+05 7.793992e+07
<GCONST> 7.936939e+01
<MIXTURE> 2 3.914616e-01
<MEAN> 6
 4.978192e+01 8.500663e+00 -3.428548e+02 -1.814718e+02 -9.157292e+02 9.108555e+02
<VARIANCE> 6
 1.621694e+02 1.042552e+06 8.189401e+05 3.764429e+03 2.598487e+05 4.829342e+07
<GCONST> 8.198286e+01
<MIXTURE> 3 1.188616e-01
<MEAN> 6
 6.579936e+01 -2.590994e+02 3.054109e+02 -1.469883e+02 -2.085052e+03 -9.575873e+03
<VARIANCE> 6
 1.041295e+02 3.841494e+05 3.350209e+05 4.332769e+03 4.253378e+05 3.464177e+08
<GCONST> 8.225139e+01
<MIXTURE> 4 1.861399e-01
<MEAN> 6
 3.868366e+01 -4.677196e+01 6.580832e+01 -3.028195e+02 -1.352100e+03 1.171514e+04
<VARIANCE> 6
 1.793683e+02 6.597788e+05 1.261029e+05 4.870308e+03 4.573785e+05 2.408406e+08
<GCONST> 8.218504e+01
<STATE> 6
<NUMMIXES> 4
<MIXTURE> 1 1.854369e-01
<MEAN> 6
 -3.827799e+01 1.019985e+02 -2.630221e+00 -2.593863e+02 1.804143e+03 1.101881e+04
<VARIANCE> 6
 3.223022e+02 1.706397e+06 8.764239e+05 1.430263e+04 1.349310e+06 1.108447e+09
<GCONST> 8.934578e+01
<MIXTURE> 2 1.719913e-01
<MEAN> 6
 5.856030e+00 -2.410685e+02 -1.598533e+02 -3.364748e+02 -2.592953e+02 9.556026e+03
<VARIANCE> 6
 2.927072e+02 3.129958e+06 2.691676e+06 5.291896e+03 3.912267e+05 1.903526e+08
<GCONST> 8.698401e+01
<MIXTURE> 3 3.007959e-01
<MEAN> 6
 -4.262315e+01 -1.132967e+02 1.410433e+02 1.145870e+02 1.221895e+03 -6.554507e+03
<VARIANCE> 6
 2.457540e+02 7.934629e+05 5.322820e+05 3.066804e+04 3.633617e+05 1.623515e+08
<GCONST> 8.534009e+01
<MIXTURE> 4 3.417548e-01
<MEAN> 6
 -5.899176e+01 -3.509154e+02 1.015207e+02 1.490119e+01 5.070771e+02 1.346143e+02
<VARIANCE> 6
 1.217803e+02 1.369262e+06 1.029039e+06 2.851572e+03 2.341480e+05 7.364476e+07
<GCONST> 8.223750e+01
<STATE> 7
<NUMMIXES> 4
<MIXTURE> 1 2.977426e-01
<MEAN> 6
 9.322727e+01 -4.205546e+03 5.539987e+03 -1.830166e+00 -7.982790e+00 -1.095704e+02
<VARIANCE> 6
 3.163787e+01 8.201877e+04 9.294296e+06 2.940807e+02 3.743564e+04 4.829342e+07
<GCONST> 7.574828e+01
<MIXTURE> 2 3.965203e-01
<MEAN> 6
 5.137272e+01 -9.324578e+02 1.226919e+03 1.651335e+02 -5.014539e+02 -2.270418e+03
<VARIANCE> 6
 1.314854e+03 1.827572e+06 4.795811e+05 1.855597e+04 3.707804e+05 1.097414e+08
<GCONST> 8.687346e+01
<MIXTURE> 3 1.164749e-01
<MEAN> 6
 6.861158e+01 -3.921222e+03 3.315536e+03 -1.996096e+00 -9.575393e+00 -2.380562e+02
<VARIANCE> 6
 3.163787e+01 9.726928e+04 2.620749e+04 2.940807e+02 3.743564e+04 4.829342e+07
<GCONST> 7.004770e+01
<MIXTURE> 4 1.892662e-01
<MEAN> 6
 6.750535e+01 -4.178501e+03 3.441937e+03 -5.080403e-01 -3.358273e+00 -7.548288e+01
<VARIANCE> 6
 3.163787e+01 1.684755e+04 1.373229e+04 2.940807e+02 3.743564e+04 4.829342e+07
<GCONST> 6.764812e+01
<STATE> 8
<NUMMIXES> 4
<MIXTURE> 1 1.780991e-01
<MEAN> 6
 1.317642e+01 1.539921e+02 -2.562639e+02 -7.084805e+01 9.596128e+01 2.334901e+03
<VARIANCE> 6
 3.063996e+03 2.176916e+06 3.122844e+06 3.870337e+04 1.436259e+06 4.503310e+08
<GCONST> 9.326913e+01
<MIXTURE> 2 3.738136e-01
<MEAN> 6
 -3.297369e+01 3.802201e+01 5.852510e+01 3.066393e+01 4.560966e+02 -8.758135e+02
<VARIANCE> 6
 5.962452e+02 4.647813e+05 4.377612e+05 2.266362e+04 2.140377e+05 5.548168e+07
<GCONST> 8.359065e+01
<MIXTURE> 3 2.465882e-01
<MEAN> 6
 6.493734e+01 2.751025e+01 1.593248e+02 1.883743e+01 -3.576785e+02 -1.059059e+02
<VARIANCE> 6
 5.194055e+02 6.624945e+05 6.525822e+05 1.913118e+04 1.249780e+05 4.829342e+07
<GCONST> 8.336018e+01
<MIXTURE> 4 2.013445e-01
<MEAN> 6
 5.661316e+01 -1.136985e+02 -1.427235e+01 -1.747370e+01 -4.750361e+02 -3.253187e+02
<VARIANCE> 6
 7.674855e+02 9.348042e+05 3.425352e+05 3.088104e+04 2.065183e+05 4.834644e+07
<GCONST> 8.443255e+01
<STATE> 9
<NUMMIXES> 4
<MIXTURE> 1 3.229401e-01
<MEAN> 6
 3.323450e+01 2.092411e+02 -4.719928e+02 1.632696e+02 -1.380874e+02 -1.498517e+03
<VARIANCE> 6
 9.821008e+02 2.619486e+06 4.922458e+06 6.734350e+03 9.358530e+04 4.829342e+07
<GCONST> 8.605917e+01
<MIXTURE> 2 2.569155e-01
<MEAN> 6
 8.601807e+01 -9.843520e+01 -3.676788e+01 8.086258e+01 -8.513046e+02 1.357362e+03
<VARIANCE> 6
 2.553888e+02 1.762868e+06 1.784122e+06 7.193345e+03 6.481317e+05 4.224007e+08
<GCONST> 8.747117e+01
<MIXTURE> 3 2.237749e-01
<MEAN> 6
 4.732555e+01 1.510371e+02 -1.542785e+01 1.701578e+02 -3.431296e+02 -1.136491e+03
<VARIANCE> 6
 5.845668e+02 5.562083e+05 3.609319e+05 5.648976e+03 1.017960e+05 4.829342e+07
<GCONST> 8.128624e+01
<MIXTURE> 4 1.963550e-01
<MEAN> 6
 4.070255e+01 -3.150412e+01 -7.355998e+01 1.919358e+02 -3.160952e+02 -1.959192e+03
<VARIANCE> 6
 6.354848e+02 8.740077e+05 3.718858e+05 5.925764e+03 1.019972e+05 4.829342e+07
<GCONST> 8.190141e+01
<STATE> 10
<NUMMIXES> 4
<MIXTURE> 1 3.580401e-01
<MEAN> 6
 1.014249e+02 7.410106e+02 -1.088795e+03 -6.190865e+00 2.623914e-01 2.044843e+02
<VARIANCE> 6
 5.875249e+01 6.623686e+05 7.811305e+05 2.940807e+02 3.743564e+04 4.829342e+07
<GCONST> 7.597971e+01
<MIXTURE> 2 1.141378e-01
<MEAN> 6
 8.324931e+01 -7.469485e+02 7.190491e+01 -4.089830e+00 -9.838810e+00 1.949439e+02
<VARIANCE> 6
 1.043791e+02 1.895772e+05 6.068511e+06 2.940807e+02 3.743564e+04 4.829342e+07
<GCONST> 7.735350e+01
<MIXTURE> 3 3.881691e-01
<MEAN> 6
 8.336673e+01 1.682562e+02 -7.216818e+02 -3.571377e+00 -5.110307e+00 1.594072e+02
<VARIANCE> 6
 1.136031e+02 4.883899e+05 5.393812e+06 2.940807e+02 3.743564e+04 4.829342e+07
<GCONST> 7.826665e+01
<MIXTURE> 4 1.396273e-01
<MEAN> 6
 9.171702e+01 -8.781896e+02 -4.712707e+03 -4.798408e+00 -1.189046e+00 1.462103e+02
<VARIANCE> 6
 1.649303e+02 6.866962e+04 1.984852e+07 2.940807e+02 3.743564e+04 4.829342e+07
<GCONST> 7.798053e+01
<STATE> 11
<NUMMIXES> 4
<MIXTURE> 1 1.423148e-01
<MEAN> 6
 6.126110e+01 4.971965e+02 7.383235e+01 2.276636e-01 -1.453928e+00 -1.566786e+02
<VARIANCE> 6
 3.190190e+01 2.961319e+04 1.373229e+04 2.940807e+02 3.743564e+04 4.829342e+07
<GCONST> 6.822044e+01
<MIXTURE> 2 2.711648e-01
<MEAN> 6
 6.649650e+01 3.879957e+02 2.183146e+02 -6.431594e-01 -9.227540e+00 -6.142487e+01
<VARIANCE> 6
 3.163787e+01 2.970733e+04 1.031873e+05 2.940807e+02 3.743564e+04 4.829342e+07
<GCONST> 7.023210e+01
<MIXTURE> 3 4.003541e-01
<MEAN> 6
 5.910413e+01 3.808615e+01 -1.439029e+02 1.258922e-01 -1.633709e+00 -1.228243e+02
<VARIANCE> 6
 3.163787e+01 1.276023e+04 2.119091e+04 2.940807e+02 3.743564e+04 4.829342e+07
<GCONST> 6.780408e+01
<MIXTURE> 4 1.861489e-01
<MEAN> 6
 5.784219e+01 5.178339e+02 -1.590571e+01 6.414089e-01 3.389097e+00 -1.060927e+02
<VARIANCE> 6
 3.163787e+01 9.612491e+04 1.373229e+04 2.940807e+02 3.743564e+04 4.829342e+07
<GCONST> 6.938956e+01
<STATE> 12
<NUMMIXES> 4
<MIXTURE> 1 4.579076e-01
<MEAN> 6
 8.415614e+01 -1.206228e+02 2.474006e+01 -3.768255e+00 -5.034151e+00 1.378981e+02
<VARIANCE> 6
 4.916285e+01 4.011341e+05 1.219645e+05 2.940807e+02 3.743564e+04 4.829342e+07
<GCONST> 7.344298e+01
<MIXTURE> 2 8.020066e-02
<MEAN> 6
 8.551945e+01 -4.400994e+03 -1.138698e+02 -4.436052e+00 2.382104e-01 2.111645e+02
<VARIANCE> 6
 2.210083e+02 1.648692e+07 1.395626e+06 2.940807e+02 3.743564e+04 4.829342e+07
<GCONST> 8.109943e+01
<MIXTURE> 3 2.298521e-01
<MEAN> 6
 7.542046e+01 7.077040e+02 -2.625974e+02 -3.017685e+00 -3.238744e-01 6.754568e+01
<VARIANCE> 6
 3.859483e+01 1.051610e+06 2.906494e+05 2.940807e+02 3.743564e+04 4.829342e+07
<GCONST> 7.503313e+01
<MIXTURE> 4 2.320217e-01
<MEAN> 6
 7.348508e+01 2.576370e+02 -1.824378e+02 -2.910442e+00 1.206010e-01 6.192115e+01
<VARIANCE> 6
 5.511217e+01 1.626715e+06 2.217595e+05 2.940807e+02 3.743564e+04 4.829342e+07
<GCONST> 7.555510e+01
<STATE> 13
<NUMMIXES> 4
<MIXTURE> 1 1.942289e-01
<MEAN> 6
 4.515392e+01 -3.514296e+01 1.599974e+01 7.023896e+01 -1.554886e+02 -5.382339e+02
<VARIANCE> 6
 6.075179e+02 6.615565e+04 1.582638e+05 1.307497e+04 5.065662e+04 4.829342e+07
<GCONST> 7.851251e+01
<MIXTURE> 2 3.727196e-01
<MEAN> 6
 -2.628884e+01 -5.284634e+00 -1.897241e+00 4.945070e+00 4.085544e+02 -5.990929e+02
<VARIANCE> 6
 4.936725e+02 5.404918e+04 5.528548e+04 2.011881e+04 2.265011e+05 6.535393e+07
<GCONST> 7.928230e+01
<MIXTURE> 3 1.528657e-01
<MEAN> 6
 1.565938e+01 2.861447e+01 4.093571e+01 -6.936447e+01 -6.014966e+01 2.350411e+03
<VARIANCE> 6
 2.152423e+03 1.433168e+05 1.004627e+05 3.378748e+04 1.228881e+06 3.477692e+08
<GCONST> 8.620848e+01
<MIXTURE> 4 2.799341e-01
<MEAN> 6
 6.327023e+01 -1.031588e+02 -1.224792e+01 -1.665674e+01 -4.002825e+02 1.405934e+01
<VARIANCE> 6
 3.086237e+02 1.787410e+05 2.623769e+04 1.309642e+04 1.585706e+05 4.829342e+07
<GCONST> 7.817488e+01
<TRANSP> 14
 0.000000e+00 1.000000e+00 0.000000e+00 0.000000e+00 0.000000e+00 0.000000e+00 0.000000e+00 0.000000e+00 0.000000e+00 0.000000e+00 0.000000e+00 0.000000e+00 0.000000e+00 0.000000e+00
 0.000000e+00 9.991135e-01 8.864959e-04 0.000000e+00 0.000000e+00 0.000000e+00 0.000000e+00 0.000000e+00 0.000000e+00 0.000000e+00 0.000000e+00 0.000000e+00 0.000000e+00 0.000000e+00
 0.000000e+00 0.000000e+00 9.995684e-01 4.315987e-04 0.000000e+00 0.000000e+00 0.000000e+00 0.000000e+00 0.000000e+00 0.000000e+00 0.000000e+00 0.000000e+00 0.000000e+00 0.000000e+00
 0.000000e+00 0.000000e+00 0.000000e+00 9.995411e-01 4.589074e-04 0.000000e+00 0.000000e+00 0.000000e+00 0.000000e+00 0.000000e+00 0.000000e+00 0.000000e+00 0.000000e+00 0.000000e+00
 0.000000e+00 0.000000e+00 0.000000e+00 0.000000e+00 9.950607e-01 4.939291e-03 0.000000e+00 0.000000e+00 0.000000e+00 0.000000e+00 0.000000e+00 0.000000e+00 0.000000e+00 0.000000e+00
 0.000000e+00 0.000000e+00 0.000000e+00 0.000000e+00 0.000000e+00 9.980326e-01 1.967420e-03 0.000000e+00 0.000000e+00 0.000000e+00 0.000000e+00 0.000000e+00 0.000000e+00 0.000000e+00
 0.000000e+00 0.000000e+00 0.000000e+00 0.000000e+00 0.000000e+00 0.000000e+00 9.944417e-01 5.558359e-03 0.000000e+00 0.000000e+00 0.000000e+00 0.000000e+00 0.000000e+00 0.000000e+00
 0.000000e+00 0.000000e+00 0.000000e+00 0.000000e+00 0.000000e+00 0.000000e+00 0.000000e+00 9.999249e-01 7.507875e-05 0.000000e+00 0.000000e+00 0.000000e+00 0.000000e+00 0.000000e+00
 0.000000e+00 0.000000e+00 0.000000e+00 0.000000e+00 0.000000e+00 0.000000e+00 0.000000e+00 0.000000e+00 9.978570e-01 2.142987e-03 0.000000e+00 0.000000e+00 0.000000e+00 0.000000e+00
 0.000000e+00 0.000000e+00 0.000000e+00 0.000000e+00 0.000000e+00 0.000000e+00 0.000000e+00 0.000000e+00 0.000000e+00 9.988832e-01 1.116729e-03 0.000000e+00 0.000000e+00 0.000000e+00
 0.000000e+00 0.000000e+00 0.000000e+00 0.000000e+00 0.000000e+00 0.000000e+00 0.000000e+00 0.000000e+00 0.000000e+00 0.000000e+00 9.985456e-01 1.454343e-03 0.000000e+00 0.000000e+00
 0.000000e+00 0.000000e+00 0.000000e+00 0.000000e+00 0.000000e+00 0.000000e+00 0.000000e+00 0.000000e+00 0.000000e+00 0.000000e+00 0.000000e+00 9.990833e-01 9.166361e-04 0.000000e+00
 0.000000e+00 0.000000e+00 0.000000e+00 0.000000e+00 0.000000e+00 0.000000e+00 0.000000e+00 0.000000e+00 0.000000e+00 0.000000e+00 0.000000e+00 0.000000e+00 9.997740e-01 2.260306e-04
 0.000000e+00 0.000000e+00 0.000000e+00 0.000000e+00 0.000000e+00 0.000000e+00 0.000000e+00 0.000000e+00 0.000000e+00 0.000000e+00 0.000000e+00 0.000000e+00 0.000000e+00 0.000000e+00
<ENDHMM>
~h "QuintoPRIMARIA"
<BEGINHMM>
<NUMSTATES> 14
<STATE> 2
<NUMMIXES> 4
<MIXTURE> 1 2.982228e-01
<MEAN> 6
 -2.287454e+01 -2.852553e+01 4.011039e+01 4.396009e+01 4.087590e+02 -7.887422e+02
<VARIANCE> 6
 1.561806e+03 9.660519e+04 1.210395e+05 2.062617e+04 2.159892e+05 4.829342e+07
<GCONST> 8.147322e+01
<MIXTURE> 2 2.171988e-01
<MEAN> 6
 5.074711e+00 -9.527210e+01 8.660627e+01 -5.284476e+01 2.437765e+02 1.787009e+03
<VARIANCE> 6
 3.004383e+03 9.511676e+05 7.298418e+05 5.442289e+04 2.023975e+06 6.793795e+08
<GCONST> 9.206293e+01
<MIXTURE> 3 3.109230e-01
<MEAN> 6
 7.196604e+01 1.903309e+01 -7.825130e+01 2.373541e+00 -1.620959e+02 -2.785137e+02
<VARIANCE> 6
 2.077304e+02 1.975867e+05 1.446167e+05 6.150448e+03 8.422764e+04 4.829342e+07
<GCONST> 7.819765e+01
<MIXTURE> 4 1.728250e-01
<MEAN> 6
 5.763134e+01 -1.381633e+01 -5.168275e+01 -3.153557e+01 -6.568857e+02 -2.811125e+02
<VARIANCE> 6
 7.449060e+02 1.533108e+05 1.179597e+05 3.674842e+04 3.322597e+05 8.208634e+07
<GCONST> 8.270764e+01
<STATE> 3
<NUMMIXES> 4
<MIXTURE> 1 1.821710e-01
<MEAN> 6
 9.432961e+01 1.304453e+02 2.249162e+01 5.266609e+01 -8.941424e+02 5.718927e+03
<VARIANCE> 6
 1.285915e+02 1.841134e+05 1.458283e+05 1.214233e+04 1.579113e+06 1.238773e+09
<GCONST> 8.451161e+01
<MIXTURE> 2 3.257232e-01
<MEAN> 6
 5.743604e+01 3.811583e+01 -1.057172e+02 1.388530e+02 -2.649009e+02 4.228484e+01
<VARIANCE> 6
 4.860967e+02 7.490054e+04 1.101703e+05 3.755044e+03 1.075382e+05 4.829342e+07
<GCONST> 7.755663e+01
<MIXTURE> 3 3.867932e-01
<MEAN> 6
 2.529426e+01 -1.700141e+02 1.513879e+02 2.513514e+02 -1.460704e+02 -4.923781e+03
<VARIANCE> 6
 7.650520e+02 3.624761e+05 4.474411e+05 6.382375e+03 3.649488e+05 9.424671e+07
<GCONST> 8.340945e+01
<MIXTURE> 4 1.053040e-01
<MEAN> 6
 8.357935e+01 -5.360834e+01 -2.486266e+02 1.018571e+02 -1.321583e+03 -1.804124e+03
<VARIANCE> 6
 1.531112e+02 1.869903e+06 2.063576e+06 1.056143e+04 1.835690e+06 8.699119e+08
<GCONST> 8.931157e+01
<STATE> 4
<NUMMIXES> 4
<MIXTURE> 1 2.948560e-01
<MEAN> 6
 9.359586e+01 5.147433e+02 -5.505555e+01 -7.701274e+00 -8.802342e+00 3.376328e+02
<VARIANCE> 6
 3.900297e+01 7.922530e+04 1.866905e+05 2.940807e+02 3.743564e+04 4.829342e+07
<GCONST> 7.201520e+01
<MIXTURE> 2 2.122889e-01
<MEAN> 6
 9.539914e+01 8.526274e+02 1.724476e+03 -9.378575e-01 -5.892475e+00 -7.741227e+00
<VARIANCE> 6
 3.163787e+01 3.913629e+04 6.861924e+05 2.940807e+02 3.743564e+04 4.829342e+07
<GCONST> 7.240237e+01
<MIXTURE> 3 3.500347e-01
<MEAN> 6
 8.244912e+01 5.052193e+02 -2.733594e+02 -1.961712e+00 -2.220290e+00 -7.235571e+01
<VARIANCE> 6
 3.163787e+01 1.276023e+04 1.373229e+04 2.940807e+02 3.743564e+04 4.829342e+07
<GCONST> 6.737025e+01
<MIXTURE> 4 1.428100e-01
<MEAN> 6
 8.733054e+01 3.779975e+01 -1.393907e+03 1.512773e+00 -1.514402e+01 3.808908e+02
<VARIANCE> 6
 7.145618e+01 3.228784e+05 1.121353e+06 2.940807e+02 3.743564e+04 4.829342e+07
<GCONST> 7.581847e+01
<STATE> 5
<NUMMIXES> 4
<MIXTURE> 1 1.947305e-01
<MEAN> 6
 7.074828e+01 3.467656e+03 -4.550105e+02 -4.428217e+00 1.097575e+00 -4.045151e+00
<VARIANCE> 6
 3.163787e+01 1.795455e+06 1.804756e+05 2.940807e+02 3.743564e+04 4.829342e+07
<GCONST> 7.489278e+01
<MIXTURE> 2 1.727912e-01
<MEAN> 6
 5.710095e+01 -8.783529e+03 -1.988874e+03 -5.379043e-01 -6.450507e+00 -7.452320e+01
<VARIANCE> 6
 3.163787e+01 2.084146e+07 3.309070e+04 2.940807e+02 3.743564e+04 4.829342e+07
<GCONST> 7.564812e+01
<MIXTURE> 3 3.178193e-01
<MEAN> 6
 6.703911e+01 1.317374e+03 -7.721804e+02 -6.700923e-01 -3.231376e+00 -1.979346e+01
<VARIANCE> 6
 3.163787e+01 2.014938e+04 8.125282e+04 2.940807e+02 3.743564e+04 4.829342e+07
<GCONST> 6.960490e+01
<MIXTURE> 4 3.146559e-01
<MEAN> 6
 6.703191e+01 1.094558e+03 -1.165978e+03 -1.623047e-01 -9.072224e+00 -6.450864e+01
<VARIANCE> 6
 5.006307e+01 2.322780e+04 2.075692e+05 2.940807e+02 3.743564e+04 4.829342e+07
<GCONST> 7.114391e+01
<STATE> 6
<NUMMIXES> 4
<MIXTURE> 1 2.903756e-01
<MEAN> 6
 8.699956e+01 3.696595e+01 2.106704e+01 -3.554219e+00 -2.749749e-01 1.586399e+01
<VARIANCE> 6
 3.163787e+01 1.454653e+04 1.860487e+04 2.940807e+02 3.743564e+04 4.829342e+07
<GCONST> 6.780495e+01
<MIXTURE> 2 2.293911e-01
<MEAN> 6
 8.455364e+01 -1.259544e+02 -9.695747e+01 -3.236546e+00 1.189422e+00 -3.829762e+00
<VARIANCE> 6
 3.163787e+01 5.200580e+04 3.965152e+04 2.940807e+02 3.743564e+04 4.829342e+07
<GCONST> 6.983565e+01
<MIXTURE> 3 2.597525e-01
<MEAN> 6
 9.198135e+01 -1.632180e+02 -1.036621e+02 -5.205873e+00 3.473280e+00 9.662790e+01
<VARIANCE> 6
 7.606557e+01 5.313336e+04 3.200340e+04 2.940807e+02 3.743564e+04 4.829342e+07
<GCONST> 7.052005e+01
<MIXTURE> 4 2.204793e-01
<MEAN> 6
 8.292174e+01 -1.602863e+02 -1.730306e+02 -2.956277e+00 1.450590e+00 1.121526e+01
<VARIANCE> 6
 3.163787e+01 3.172430e+04 5.150815e+04 2.940807e+02 3.743564e+04 4.829342e+07
<GCONST> 6.960298e+01
<STATE> 7
<NUMMIXES> 4
<MIXTURE> 1 3.454432e-01
<MEAN> 6
 7.375820e+01 -5.006256e+01 3.833022e+02 -2.796441e+00 -1.245828e+01 1.222439e+02
<VARIANCE> 6
 3.163787e+01 1.623024e+04 6.864385e+04 2.940807e+02 3.743564e+04 4.829342e+07
<GCONST> 6.921997e+01
<MIXTURE> 2 2.086682e-01
<MEAN> 6
 6.651926e+01 3.271471e+02 2.717084e+02 -2.583104e+00 4.909891e+00 -4.028850e+01
<VARIANCE> 6
 5.886531e+01 7.810477e+04 2.430014e+04 2.940807e+02 3.743564e+04 4.829342e+07
<GCONST> 7.037360e+01
<MIXTURE> 3 2.025957e-01
<MEAN> 6
 6.639668e+01 1.385827e+02 1.253370e+02 -2.965606e+00 4.067358e+00 -4.771890e+00
<VARIANCE> 6
 3.163787e+01 1.806660e+04 1.902029e+04 2.940807e+02 3.743564e+04 4.829342e+07
<GCONST> 6.804373e+01
<MIXTURE> 4 2.432849e-01
<MEAN> 6
 6.406803e+01 8.053139e+01 3.069670e+01 -2.201147e+00 1.038743e+01 -5.389419e+01
<VARIANCE> 6
 3.163787e+01 1.470337e+04 3.208449e+04 2.940807e+02 3.743564e+04 4.829342e+07
<GCONST> 6.836061e+01
<STATE> 8
<NUMMIXES> 4
<MIXTURE> 1 2.875715e-01
<MEAN> 6
 6.781611e+01 1.618091e+03 1.205886e+03 -2.390879e-02 -5.359950e+00 -8.897896e+01
<VARIANCE> 6
 4.930507e+01 1.743859e+05 1.373229e+04 2.940807e+02 3.743564e+04 4.829342e+07
<GCONST> 7.042886e+01
<MIXTURE> 2 2.765046e-01
<MEAN> 6
 8.093251e+01 -4.976404e+02 2.118926e+03 -3.957347e-01 -4.782459e+00 -7.311586e+01
<VARIANCE> 6
 3.163787e+01 3.061012e+04 3.217345e+05 2.940807e+02 3.743564e+04 4.829342e+07
<GCONST> 7.139923e+01
<MIXTURE> 3 3.944791e-02
<MEAN> 6
 6.391807e+01 1.841154e+03 9.828933e+02 8.344122e+00 5.179302e+00 -1.714677e+02
<VARIANCE> 6
 1.456129e+02 4.196429e+05 2.646157e+05 2.940807e+02 3.743564e+04 4.829342e+07
<GCONST> 7.534845e+01
<MIXTURE> 4 3.964680e-01
<MEAN> 6
 7.472758e+01 -4.635418e+02 1.091456e+03 -1.430831e+00 -3.268145e+00 -3.851041e+01
<VARIANCE> 6
 3.163787e+01 2.109927e+04 5.158754e+04 2.940807e+02 3.743564e+04 4.829342e+07
<GCONST> 6.919669e+01
<STATE> 9
<NUMMIXES> 4
<MIXTURE> 1 3.428484e-01
<MEAN> 6
 8.382238e+01 -1.669760e+01 -7.604103e+02 -2.459420e+00 -3.452484e+00 1.349237e+00
<VARIANCE> 6
 3.163787e+01 5.679988e+04 1.552129e+04 2.940807e+02 3.743564e+04 4.829342e+07
<GCONST> 6.898592e+01
<MIXTURE> 2 2.265824e-01
<MEAN> 6
 7.935670e+01 -1.531276e+03 -1.120909e+03 5.038764e-01 -1.486431e+01 -6.635966e+01
<VARIANCE> 6
 9.965948e+01 1.553840e+05 1.527579e+05 2.940807e+02 3.743564e+04 4.829342e+07
<GCONST> 7.342633e+01
<MIXTURE> 3 2.116769e-01
<MEAN> 6
 5.935959e+01 -3.608119e+02 -1.345096e+03 2.805936e+00 -2.789939e+00 -1.273997e+02
<VARIANCE> 6
 3.163787e+01 1.468416e+04 3.392693e+04 2.940807e+02 3.743564e+04 4.829342e+07
<GCONST> 6.841515e+01
<MIXTURE> 4 2.188776e-01
<MEAN> 6
 6.908482e+01 -6.711270e+02 -1.584761e+03 -4.053631e-01 -6.945812e+00 -5.574389e+01
<VARIANCE> 6
 3.163787e+01 1.673502e+04 3.020297e+04 2.940807e+02 3.743564e+04 4.829342e+07
<GCONST> 6.842961e+01
<STATE> 10
<NUMMIXES> 4
<MIXTURE> 1 2.955126e-01
<MEAN> 6
 1.011251e+02 9.773561e+02 2.153743e+02 -2.796112e+00 1.542593e-01 1.303159e+02
<VARIANCE> 6
 3.163787e+01 1.276023e+04 1.373229e+04 2.940807e+02 3.743564e+04 4.829342e+07
<GCONST> 6.737025e+01
<MIXTURE> 2 4.269328e-01
<MEAN> 6
 8.875004e+01 4.466440e+02 -1.337206e+03 -9.392556e-01 -7.073471e+00 -9.214855e+01
<VARIANCE> 6
 3.163787e+01 2.552429e+04 1.373229e+04 2.940807e+02 3.743564e+04 4.829342e+07
<GCONST> 6.806354e+01
<MIXTURE> 3 5.859762e-03
<MEAN> 6
 7.233195e+01 4.811734e+01 -2.450352e+02 -6.151456e+00 -1.127300e+02 -1.007310e+03
<VARIANCE> 6
 7.256902e+02 8.626591e+05 2.082313e+06 3.507068e+02 1.091455e+05 7.579810e+07
<GCONST> 8.143512e+01
<MIXTURE> 4 2.717010e-01
<MEAN> 6
 9.898831e+01 8.131490e+02 1.185206e+02 -2.616009e+00 -6.593094e-01 2.140018e+01
<VARIANCE> 6
 3.163787e+01 1.349793e+04 1.373229e+04 2.940807e+02 3.743564e+04 4.829342e+07
<GCONST> 6.742645e+01
<STATE> 11
<NUMMIXES> 4
<MIXTURE> 1 6.605415e-01
<MEAN> 6
 6.152936e+01 4.267150e+02 -3.019610e+03 2.798363e-01 -8.085319e+00 -1.273052e+02
<VARIANCE> 6
 3.163787e+01 9.145609e+04 1.211302e+05 2.940807e+02 3.743564e+04 4.829342e+07
<GCONST> 7.151689e+01
<MIXTURE> 2 9.154607e-04
<MEAN> 6
 6.390945e+01 5.362990e+02 2.565966e+02 -2.811910e+01 -5.779984e+02 -9.054644e+03
<VARIANCE> 6
 2.449514e+03 2.721179e+06 2.714844e+06 5.574279e+02 1.677222e+05 3.664495e+08
<GCONST> 8.653450e+01
<MIXTURE> 3 2.357049e-03
<MEAN> 6
 8.010737e+01 -2.034875e+02 -1.383832e+01 -1.104877e+00 2.308284e+01 3.763847e+02
<VARIANCE> 6
 1.031957e+02 2.014924e+05 1.457492e+05 2.940807e+02 3.743564e+04 4.829342e+07
<GCONST> 7.367407e+01
<MIXTURE> 4 3.361899e-01
<MEAN> 6
 5.343965e+01 4.726240e+02 -3.509855e+03 2.364084e+00 -9.153728e+00 -1.439253e+02
<VARIANCE> 6
 3.163787e+01 2.073566e+04 6.595474e+06 2.940807e+02 3.743564e+04 4.829342e+07
<GCONST> 7.403017e+01
<STATE> 12
<NUMMIXES> 4
<MIXTURE> 1 2.503199e-01
<MEAN> 6
 5.566574e+01 -1.070645e+03 2.299495e+02 -7.057863e-01 -4.853520e+00 -1.546927e+02
<VARIANCE> 6
 9.624279e+01 1.276023e+04 1.782692e+05 2.940807e+02 3.743564e+04 4.829342e+07
<GCONST> 7.104631e+01
<MIXTURE> 2 1.396254e-03
<MEAN> 6
 -1.544892e+02 -1.864063e+03 -1.460739e+03 -1.012552e+02 3.345005e+02 5.320608e+04
<VARIANCE> 6
 3.163787e+01 1.276023e+04 1.373229e+04 2.940807e+02 1.258412e+06 4.829342e+07
<GCONST> 7.088523e+01
<MIXTURE> 3 4.186483e-01
<MEAN> 6
 7.517107e+01 -5.708926e+02 1.008003e+02 -2.589284e+00 2.082867e+00 -5.819498e+01
<VARIANCE> 6
 3.163787e+01 2.792447e+04 1.373229e+04 2.940807e+02 3.743564e+04 4.829342e+07
<GCONST> 6.815341e+01
<MIXTURE> 4 3.296179e-01
<MEAN> 6
 7.545341e+01 -9.333378e+02 -1.825446e+02 -1.883236e+00 -6.307631e+00 -7.654878e+01
<VARIANCE> 6
 3.163787e+01 1.121681e+05 7.233182e+04 2.940807e+02 3.743564e+04 4.829342e+07
<GCONST> 7.120543e+01
<STATE> 13
<NUMMIXES> 4
<MIXTURE> 1 2.785622e-01
<MEAN> 6
 8.022657e+01 2.753828e+02 3.862935e+02 1.027424e+00 -5.984196e+01 -4.375082e+01
<VARIANCE> 6
 3.094964e+02 9.705232e+05 2.310902e+06 1.558860e+03 3.743564e+04 4.829342e+07
<GCONST> 8.077585e+01
<MIXTURE> 2 2.576745e-02
<MEAN> 6
 -1.590048e+00 1.482157e+02 -1.122095e+01 1.662921e+01 -1.371011e+02 2.186337e+03
<VARIANCE> 6
 1.217895e+04 2.252972e+05 5.666944e+05 1.688099e+06 9.386510e+08 1.386189e+12
<GCONST> 1.089641e+02
<MIXTURE> 3 4.443069e-01
<MEAN> 6
 4.221621e+00 -3.030340e+01 1.291782e+01 -1.307028e+01 6.634618e+01 5.525211e+01
<VARIANCE> 6
 3.168454e+03 1.262163e+06 2.730838e+06 4.370962e+04 1.116042e+06 2.815341e+08
<GCONST> 9.202310e+01
<MIXTURE> 4 2.507035e-01
<MEAN> 6
 4.739787e+00 -1.064730e+01 4.970341e+01 2.241832e+01 -3.333884e+01 -1.968154e+02
<VARIANCE> 6
 4.151192e+03 4.621736e+05 1.373809e+06 1.332907e+04 1.656332e+05 4.829342e+07
<GCONST> 8.574324e+01
<TRANSP> 14
 0.000000e+00 1.000000e+00 0.000000e+00 0.000000e+00 0.000000e+00 0.000000e+00 0.000000e+00 0.000000e+00 0.000000e+00 0.000000e+00 0.000000e+00 0.000000e+00 0.000000e+00 0.000000e+00
 0.000000e+00 9.999319e-01 6.810145e-05 0.000000e+00 0.000000e+00 0.000000e+00 0.000000e+00 0.000000e+00 0.000000e+00 0.000000e+00 0.000000e+00 0.000000e+00 0.000000e+00 0.000000e+00
 0.000000e+00 0.000000e+00 9.972150e-01 2.785023e-03 0.000000e+00 0.000000e+00 0.000000e+00 0.000000e+00 0.000000e+00 0.000000e+00 0.000000e+00 0.000000e+00 0.000000e+00 0.000000e+00
 0.000000e+00 0.000000e+00 0.000000e+00 9.975700e-01 2.430051e-03 0.000000e+00 0.000000e+00 0.000000e+00 0.000000e+00 0.000000e+00 0.000000e+00 0.000000e+00 0.000000e+00 0.000000e+00
 0.000000e+00 0.000000e+00 0.000000e+00 0.000000e+00 9.971074e-01 2.892558e-03 0.000000e+00 0.000000e+00 0.000000e+00 0.000000e+00 0.000000e+00 0.000000e+00 0.000000e+00 0.000000e+00
 0.000000e+00 0.000000e+00 0.000000e+00 0.000000e+00 0.000000e+00 9.988359e-01 1.164056e-03 0.000000e+00 0.000000e+00 0.000000e+00 0.000000e+00 0.000000e+00 0.000000e+00 0.000000e+00
 0.000000e+00 0.000000e+00 0.000000e+00 0.000000e+00 0.000000e+00 0.000000e+00 9.981477e-01 1.852366e-03 0.000000e+00 0.000000e+00 0.000000e+00 0.000000e+00 0.000000e+00 0.000000e+00
 0.000000e+00 0.000000e+00 0.000000e+00 0.000000e+00 0.000000e+00 0.000000e+00 0.000000e+00 9.970190e-01 2.981043e-03 0.000000e+00 0.000000e+00 0.000000e+00 0.000000e+00 0.000000e+00
 0.000000e+00 0.000000e+00 0.000000e+00 0.000000e+00 0.000000e+00 0.000000e+00 0.000000e+00 0.000000e+00 9.971750e-01 2.825014e-03 0.000000e+00 0.000000e+00 0.000000e+00 0.000000e+00
 0.000000e+00 0.000000e+00 0.000000e+00 0.000000e+00 0.000000e+00 0.000000e+00 0.000000e+00 0.000000e+00 0.000000e+00 9.940846e-01 5.915392e-03 0.000000e+00 0.000000e+00 0.000000e+00
 0.000000e+00 0.000000e+00 0.000000e+00 0.000000e+00 0.000000e+00 0.000000e+00 0.000000e+00 0.000000e+00 0.000000e+00 0.000000e+00 9.960936e-01 3.906384e-03 0.000000e+00 0.000000e+00
 0.000000e+00 0.000000e+00 0.000000e+00 0.000000e+00 0.000000e+00 0.000000e+00 0.000000e+00 0.000000e+00 0.000000e+00 0.000000e+00 0.000000e+00 9.981650e-01 1.835103e-03 0.000000e+00
 0.000000e+00 0.000000e+00 0.000000e+00 0.000000e+00 0.000000e+00 0.000000e+00 0.000000e+00 0.000000e+00 0.000000e+00 0.000000e+00 0.000000e+00 0.000000e+00 9.998890e-01 1.109805e-04
 0.000000e+00 0.000000e+00 0.000000e+00 0.000000e+00 0.000000e+00 0.000000e+00 0.000000e+00 0.000000e+00 0.000000e+00 0.000000e+00 0.000000e+00 0.000000e+00 0.000000e+00 0.000000e+00
<ENDHMM>
