~o
<STREAMINFO> 1 6
<VECSIZE> 6<NULLD><USER><DIAGC>
~h "SegundoPRIMARIA"
<BEGINHMM>
<NUMSTATES> 5
<STATE> 2
<NUMMIXES> 7
<MIXTURE> 1 1.176408e-01
<MEAN> 6
 7.906000e+01 1.577439e+01 1.919339e+01 -4.292422e-01 -2.090438e+01 -8.889919e+01
<VARIANCE> 6
 1.527122e+02 5.599212e+05 3.155982e+06 2.974810e+02 4.005477e+04 5.123107e+07
<GCONST> 7.830139e+01
<MIXTURE> 2 1.029075e-01
<MEAN> 6
 -3.315506e-01 4.745369e+01 5.953277e+01 -1.023479e+02 5.202411e+02 2.905060e+03
<VARIANCE> 6
 3.119275e+03 2.246957e+05 1.256482e+06 7.009001e+04 2.552272e+06 9.395535e+08
<GCONST> 9.200990e+01
<MIXTURE> 3 2.094150e-01
<MEAN> 6
 5.642527e+01 1.953015e+00 9.303112e+01 2.292865e+01 -4.307225e+02 -1.064701e+03
<VARIANCE> 6
 1.291714e+03 7.836955e+04 3.730546e+05 3.797406e+04 3.588736e+05 7.696381e+07
<GCONST> 8.378389e+01
<MIXTURE> 4 9.657036e-02
<MEAN> 6
 1.021771e+02 -1.230115e+02 7.124390e+02 -5.745224e+00 -4.633188e+01 -3.855885e+02
<VARIANCE> 6
 2.869915e+02 1.356430e+05 8.502943e+05 2.974810e+02 4.005477e+04 5.123107e+07
<GCONST> 7.620304e+01
<MIXTURE> 5 2.175155e-01
<MEAN> 6
 -5.044747e+01 6.292993e+01 -2.257630e+02 2.671664e+01 4.994333e+02 -1.122261e+02
<VARIANCE> 6
 6.028611e+02 1.083484e+05 8.228020e+05 1.377488e+04 2.298478e+05 5.376576e+07
<GCONST> 8.231845e+01
<MIXTURE> 6 1.234595e-01
<MEAN> 6
 5.072573e+01 -8.438364e+01 1.232679e+02 4.123801e+00 -5.064210e+02 1.485759e+01
<VARIANCE> 6
 2.497764e+03 8.298178e+05 2.422123e+06 5.217205e+04 1.135084e+06 2.746560e+08
<GCONST> 9.141508e+01
<MIXTURE> 7 1.321801e-01
<MEAN> 6
 7.056521e+01 -1.032155e+02 -2.345043e+02 3.313364e-01 -1.523492e+01 -1.094890e+02
<VARIANCE> 6
 8.099006e+01 1.903219e+05 1.193795e+06 2.974810e+02 4.005477e+04 5.123107e+07
<GCONST> 7.561592e+01
<STATE> 3
<NUMMIXES> 7
<MIXTURE> 1 1.865335e-01
<MEAN> 6
 7.903171e+01 6.886556e+02 3.000398e+02 -5.907536e-01 -1.568221e+00 -1.449333e+01
<VARIANCE> 6
 1.153160e+02 1.214842e+05 8.479546e+04 2.974810e+02 4.005477e+04 5.123107e+07
<GCONST> 7.287569e+01
<MIXTURE> 2 1.190876e-01
<MEAN> 6
 8.189664e+01 -2.203259e+03 4.505723e+02 -2.317474e+00 -7.836000e-01 -7.328592e+01
<VARIANCE> 6
 2.108511e+02 1.235426e+07 5.260039e+05 2.974810e+02 4.005477e+04 5.123107e+07
<GCONST> 7.992620e+01
<MIXTURE> 3 1.404841e-01
<MEAN> 6
 8.179477e+01 2.001548e+01 1.177984e+02 -8.363560e-01 -1.701224e+00 -7.728402e+01
<VARIANCE> 6
 9.344324e+01 2.225363e+04 2.660302e+04 2.974810e+02 4.005477e+04 5.123107e+07
<GCONST> 6.980887e+01
<MIXTURE> 4 1.253581e-01
<MEAN> 6
 8.236266e+01 -2.061930e+02 -3.978004e+02 -1.162916e+00 -1.981834e+00 -3.018625e+01
<VARIANCE> 6
 2.791250e+02 1.523840e+05 5.043829e+04 2.974810e+02 4.005477e+04 5.123107e+07
<GCONST> 7.346680e+01
<MIXTURE> 5 1.375285e-01
<MEAN> 6
 7.887237e+01 1.440191e+03 -3.880062e+02 -1.514630e+00 -3.023574e+00 -6.782538e+01
<VARIANCE> 6
 8.285378e+01 1.852675e+06 2.977424e+05 2.974810e+02 4.005477e+04 5.123107e+07
<GCONST> 7.652567e+01
<MIXTURE> 6 1.655725e-01
<MEAN> 6
 6.998124e+01 -2.034470e+01 -7.716506e+01 6.908944e-01 2.232752e+00 -9.542271e+01
<VARIANCE> 6
 4.681397e+01 4.572598e+04 4.393261e+04 2.974810e+02 4.005477e+04 5.123107e+07
<GCONST> 7.033949e+01
<MIXTURE> 7 1.253600e-01
<MEAN> 6
 7.962130e+01 -3.438801e+02 -4.400253e+02 -1.475956e+00 -1.733628e+00 -3.354683e+01
<VARIANCE> 6
 2.368687e+02 1.445929e+05 5.355548e+04 2.974810e+02 4.005477e+04 5.123107e+07
<GCONST> 7.331013e+01
<STATE> 4
<NUMMIXES> 7
<MIXTURE> 1 2.407561e-02
<MEAN> 6
 2.046786e+01 7.442798e+02 -1.887540e+02 -3.171183e+01 -2.892574e+02 4.666639e+03
<VARIANCE> 6
 7.489187e+03 2.090661e+07 1.516044e+06 4.008899e+05 1.959058e+08 2.794727e+11
<GCONST> 1.093864e+02
<MIXTURE> 2 1.526939e-01
<MEAN> 6
 2.576372e+01 6.966899e+01 5.431267e+00 2.418530e+02 6.588407e+01 -3.130459e+03
<VARIANCE> 6
 1.163452e+03 2.650412e+05 6.830661e+04 8.530397e+03 2.878568e+05 7.154946e+07
<GCONST> 8.141332e+01
<MIXTURE> 3 1.660387e-01
<MEAN> 6
 8.449352e+01 -6.495734e+00 4.445973e+00 -8.443407e+00 -1.068333e+03 -1.248918e+03
<VARIANCE> 6
 1.028260e+03 5.781942e+05 3.259585e+05 5.231489e+04 1.607673e+06 9.631672e+08
<GCONST> 8.976615e+01
<MIXTURE> 4 1.610977e-01
<MEAN> 6
 9.881399e+01 -1.231205e+02 -1.002443e+01 -6.597025e+00 -2.939040e+01 -1.950914e+02
<VARIANCE> 6
 3.057604e+02 1.138786e+06 1.772648e+05 2.974810e+02 4.005477e+04 5.123107e+07
<GCONST> 7.682615e+01
<MIXTURE> 5 1.728833e-01
<MEAN> 6
 -7.672685e+00 -9.830823e+00 2.373118e+01 -1.980521e+02 7.004981e+02 4.498534e+03
<VARIANCE> 6
 1.720978e+03 2.434849e+05 1.114750e+05 3.948624e+04 1.767644e+06 6.780293e+08
<GCONST> 8.780584e+01
<MIXTURE> 6 2.039033e-01
<MEAN> 6
 -5.079128e+01 4.397461e+01 2.155448e+00 3.817094e+01 5.933063e+02 -2.243238e+02
<VARIANCE> 6
 2.620171e+02 3.897724e+05 1.467379e+05 9.516981e+03 2.890757e+05 7.301643e+07
<GCONST> 8.120687e+01
<MIXTURE> 7 1.183177e-01
<MEAN> 6
 8.721261e+01 -6.598325e+01 -3.262137e+01 -5.656202e+01 -5.323300e+02 -9.728544e+02
<VARIANCE> 6
 2.715765e+02 3.089378e+05 8.731559e+04 1.052149e+04 2.393088e+05 5.479712e+07
<GCONST> 8.011552e+01
<TRANSP> 5
 0.000000e+00 1.000000e+00 0.000000e+00 0.000000e+00 0.000000e+00
 0.000000e+00 9.998531e-01 1.469135e-04 0.000000e+00 0.000000e+00
 0.000000e+00 0.000000e+00 9.997005e-01 2.994581e-04 0.000000e+00
 0.000000e+00 0.000000e+00 0.000000e+00 9.999410e-01 5.902645e-05
 0.000000e+00 0.000000e+00 0.000000e+00 0.000000e+00 0.000000e+00
<ENDHMM>
~h "SegundoESO"
<BEGINHMM>
<NUMSTATES> 5
<STATE> 2
<NUMMIXES> 7
<MIXTURE> 1 9.958982e-02
<MEAN> 6
 1.326684e+01 2.015607e+02 5.247604e+02 -8.344926e+01 4.695407e+01 2.098152e+03
<VARIANCE> 6
 3.029558e+03 5.569458e+06 8.003516e+06 5.016179e+04 1.728001e+06 4.404780e+08
<GCONST> 9.556049e+01
<MIXTURE> 2 1.404393e-01
<MEAN> 6
 7.932914e+01 3.360960e+02 -3.127979e+02 -3.509879e+00 -2.740619e+01 -6.976262e+01
<VARIANCE> 6
 1.719120e+02 2.001184e+06 3.446878e+06 2.974810e+02 4.005477e+04 5.123107e+07
<GCONST> 7.978168e+01
<MIXTURE> 3 9.692822e-02
<MEAN> 6
 8.536507e+01 -2.844496e+03 1.606142e+03 -5.016385e+00 -1.644801e+01 -2.133180e+02
<VARIANCE> 6
 1.361089e+02 4.373346e+06 2.527342e+07 2.974810e+02 4.005477e+04 5.123107e+07
<GCONST> 8.232223e+01
<MIXTURE> 4 1.285773e-01
<MEAN> 6
 -3.732055e+01 6.457902e+02 6.170067e+02 4.195560e+01 5.800783e+02 -6.893036e+02
<VARIANCE> 6
 5.905170e+02 2.389150e+06 5.217634e+06 2.635365e+04 2.444392e+05 5.123107e+07
<GCONST> 8.790020e+01
<MIXTURE> 5 2.605253e-01
<MEAN> 6
 5.677999e+01 2.524029e+02 8.868861e+01 1.422706e+01 -4.161907e+02 -2.908192e+02
<VARIANCE> 6
 7.577875e+02 3.075384e+06 4.651717e+06 2.865164e+04 1.600771e+05 5.123107e+07
<GCONST> 8.794758e+01
<MIXTURE> 6 1.455146e-01
<MEAN> 6
 7.121797e+01 3.534771e+02 -2.271182e+03 -5.113434e-01 -1.142881e+01 -1.149623e+02
<VARIANCE> 6
 8.239199e+01 4.098041e+05 9.669463e+06 2.974810e+02 4.005477e+04 5.123107e+07
<GCONST> 7.849188e+01
<MIXTURE> 7 1.281576e-01
<MEAN> 6
 -4.065658e+01 1.817856e+00 1.252424e+02 6.397280e+00 2.809358e+02 -6.912697e+01
<VARIANCE> 6
 5.146111e+02 1.322164e+06 2.136770e+06 1.040058e+04 1.077136e+05 5.123107e+07
<GCONST> 8.452897e+01
<STATE> 3
<NUMMIXES> 7
<MIXTURE> 1 1.358511e-01
<MEAN> 6
 7.462010e+01 2.172711e+02 3.268569e+02 -5.377317e-01 -4.987284e+00 -8.053969e+01
<VARIANCE> 6
 3.145954e+01 2.823542e+05 3.003258e+04 2.974810e+02 4.005477e+04 5.123107e+07
<GCONST> 7.138213e+01
<MIXTURE> 2 1.247018e-01
<MEAN> 6
 7.140759e+01 6.147549e+02 -1.907153e+02 -6.540983e-01 -6.322782e+00 -1.070769e+02
<VARIANCE> 6
 3.145954e+01 3.237777e+05 1.434548e+05 2.974810e+02 4.005477e+04 5.123107e+07
<GCONST> 7.308276e+01
<MIXTURE> 3 1.832997e-01
<MEAN> 6
 6.080856e+01 -1.451583e+02 -4.396677e+02 -2.222321e-01 -1.890083e+00 -1.013274e+02
<VARIANCE> 6
 3.481484e+01 2.595262e+06 9.471766e+04 2.974810e+02 4.005477e+04 5.123107e+07
<GCONST> 7.485037e+01
<MIXTURE> 4 1.051630e-01
<MEAN> 6
 6.087305e+01 9.397462e+01 9.507386e+01 -8.402683e-02 -3.011305e+00 -1.387679e+02
<VARIANCE> 6
 3.145954e+01 9.753523e+04 5.527809e+04 2.974810e+02 4.005477e+04 5.123107e+07
<GCONST> 7.092928e+01
<MIXTURE> 5 2.091880e-01
<MEAN> 6
 7.125208e+01 -3.782735e+02 5.418665e+01 -3.523406e-01 -4.639013e+00 -1.136786e+02
<VARIANCE> 6
 5.030093e+01 7.259529e+05 2.725309e+04 2.974810e+02 4.005477e+04 5.123107e+07
<GCONST> 7.269865e+01
<MIXTURE> 6 1.379863e-01
<MEAN> 6
 7.080050e+01 2.865934e+02 -2.676673e+02 -3.580450e-01 -7.757717e+00 -1.260798e+02
<VARIANCE> 6
 3.145954e+01 9.987304e+04 6.870637e+04 2.974810e+02 4.005477e+04 5.123107e+07
<GCONST> 7.117043e+01
<MIXTURE> 7 1.035992e-01
<MEAN> 6
 5.903574e+01 -1.070853e+02 -6.097081e+01 -3.051820e-02 -1.992765e+00 -1.311043e+02
<VARIANCE> 6
 3.145954e+01 9.577454e+04 8.221346e+04 2.974810e+02 4.005477e+04 5.123107e+07
<GCONST> 7.130800e+01
<STATE> 4
<NUMMIXES> 7
<MIXTURE> 1 1.907716e-01
<MEAN> 6
 -4.559929e+01 1.447680e+02 4.092873e+01 1.501805e+01 8.092816e+02 -6.018645e+02
<VARIANCE> 6
 2.123242e+02 4.180494e+05 3.217331e+05 1.648320e+04 2.973531e+05 1.085019e+08
<GCONST> 8.282526e+01
<MIXTURE> 2 9.859299e-02
<MEAN> 6
 2.793661e+01 -6.986875e+01 1.603691e+02 -9.016740e+01 -1.919810e+02 3.634595e+03
<VARIANCE> 6
 2.678513e+03 2.555530e+06 1.209341e+06 4.572307e+04 1.853756e+06 6.889254e+08
<GCONST> 9.319336e+01
<MIXTURE> 3 1.711911e-01
<MEAN> 6
 7.966219e+01 -1.897217e+02 -2.699055e+01 -4.721128e+00 -3.385049e+01 -2.561052e+01
<VARIANCE> 6
 1.399645e+02 9.856198e+05 6.028001e+05 2.974810e+02 4.005477e+04 5.123107e+07
<GCONST> 7.712423e+01
<MIXTURE> 4 1.693541e-01
<MEAN> 6
 4.590908e+01 1.180134e+02 7.008770e+00 7.315919e+01 -2.975342e+02 -9.007998e+02
<VARIANCE> 6
 4.339872e+02 6.438463e+05 3.200455e+05 2.405238e+04 6.936574e+04 5.123107e+07
<GCONST> 8.213870e+01
<MIXTURE> 5 1.096537e-01
<MEAN> 6
 -6.252168e+00 1.473852e+02 6.458194e+01 5.300215e+00 1.646919e+02 -5.829935e+01
<VARIANCE> 6
 4.671867e+02 3.054193e+05 1.025300e+05 3.300202e+04 8.837036e+04 6.199784e+07
<GCONST> 8.107757e+01
<MIXTURE> 6 1.542060e-01
<MEAN> 6
 6.489652e+01 -1.437706e+02 8.161050e+01 -4.659160e+01 -7.257306e+02 3.550773e+02
<VARIANCE> 6
 2.844154e+02 7.319066e+05 1.196399e+05 1.923867e+04 1.915123e+05 7.911947e+07
<GCONST> 8.208720e+01
<MIXTURE> 7 1.051851e-01
<MEAN> 6
 -1.044942e+01 -5.556833e+01 -5.255474e+01 1.161399e+01 1.476821e+02 -1.066593e+03
<VARIANCE> 6
 5.360057e+02 2.816710e+05 9.263085e+04 2.786742e+04 8.685743e+04 5.399609e+07
<GCONST> 8.070794e+01
<TRANSP> 5
 0.000000e+00 1.000000e+00 0.000000e+00 0.000000e+00 0.000000e+00
 0.000000e+00 9.998591e-01 1.408836e-04 0.000000e+00 0.000000e+00
 0.000000e+00 0.000000e+00 9.996704e-01 3.295809e-04 0.000000e+00
 0.000000e+00 0.000000e+00 0.000000e+00 9.999416e-01 5.837244e-05
 0.000000e+00 0.000000e+00 0.000000e+00 0.000000e+00 0.000000e+00
<ENDHMM>
~h "QuintoPRIMARIA"
<BEGINHMM>
<NUMSTATES> 5
<STATE> 2
<NUMMIXES> 7
<MIXTURE> 1 2.119554e-01
<MEAN> 6
 6.889838e+01 -1.140610e+01 5.325421e+01 -2.081683e+00 -3.084968e+01 -3.007083e+02
<VARIANCE> 6
 1.391021e+02 7.108807e+04 1.545880e+05 2.974810e+02 4.005477e+04 5.123107e+07
<GCONST> 7.312788e+01
<MIXTURE> 2 1.028158e-01
<MEAN> 6
 1.701669e+01 -8.370473e+01 -3.018383e+01 -7.288942e+01 5.027446e+01 3.897111e+03
<VARIANCE> 6
 2.854650e+03 6.524613e+05 8.169069e+05 5.353606e+04 2.350807e+06 8.934062e+08
<GCONST> 9.215469e+01
<MIXTURE> 3 1.039948e-01
<MEAN> 6
 -6.179696e+00 -3.627854e+00 6.225797e+01 1.458274e+02 2.400737e+02 -2.934072e+03
<VARIANCE> 6
 1.057346e+03 1.001831e+05 6.781779e+04 1.453382e+04 1.479862e+05 5.123107e+07
<GCONST> 7.987108e+01
<MIXTURE> 4 6.473982e-02
<MEAN> 6
 9.666858e+00 -1.958244e+02 -6.402628e+01 4.058565e+00 3.255193e+01 1.267136e+02
<VARIANCE> 6
 3.803924e+03 4.957656e+05 6.040618e+04 2.974810e+02 4.005477e+04 5.123107e+07
<GCONST> 7.743896e+01
<MIXTURE> 5 1.687305e-01
<MEAN> 6
 6.090025e+01 9.037195e+01 -6.946614e+00 7.388318e+00 -5.087415e+02 -4.906863e+01
<VARIANCE> 6
 6.182133e+02 1.547955e+05 6.344854e+04 2.738504e+04 2.334212e+05 8.252398e+07
<GCONST> 8.126889e+01
<MIXTURE> 6 1.953293e-01
<MEAN> 6
 -4.101505e+01 -1.406797e+01 8.542457e+00 -6.779147e+00 7.654203e+02 -8.103654e+01
<VARIANCE> 6
 4.192950e+02 6.476802e+04 7.295102e+04 2.317037e+04 3.115584e+05 1.167913e+08
<GCONST> 8.061782e+01
<MIXTURE> 7 1.519332e-01
<MEAN> 6
 5.011118e+01 -1.055814e+01 -7.360104e+01 -4.425537e+01 -5.889778e+02 -1.329585e+02
<VARIANCE> 6
 9.158558e+02 9.893909e+04 1.043727e+05 3.577209e+04 3.638298e+05 1.125468e+08
<GCONST> 8.273335e+01
<STATE> 3
<NUMMIXES> 7
<MIXTURE> 1 7.540172e-02
<MEAN> 6
 6.163008e+01 -3.246363e+03 -5.359867e+03 6.897628e-01 -5.013740e+00 -5.429005e+01
<VARIANCE> 6
 3.145954e+01 1.710148e+07 7.553084e+06 2.974810e+02 4.005477e+04 5.123107e+07
<GCONST> 8.101332e+01
<MIXTURE> 2 1.438356e-01
<MEAN> 6
 7.666473e+01 5.016479e+02 -6.004908e+02 -1.662157e+00 -4.251263e+00 -1.573379e+01
<VARIANCE> 6
 9.802445e+01 6.354831e+05 2.420902e+05 2.974810e+02 4.005477e+04 5.123107e+07
<GCONST> 7.541689e+01
<MIXTURE> 3 1.655242e-01
<MEAN> 6
 8.637200e+01 4.124949e+01 -7.457402e+01 -3.882479e+00 7.319304e-01 3.755483e+01
<VARIANCE> 6
 8.914944e+01 1.196605e+05 7.566048e+04 2.974810e+02 4.005477e+04 5.123107e+07
<GCONST> 7.248921e+01
<MIXTURE> 4 1.567896e-01
<MEAN> 6
 6.432800e+01 1.467964e+00 -1.404888e+02 -1.174652e+00 1.029323e+00 -3.501251e+01
<VARIANCE> 6
 3.145954e+01 3.656391e+04 9.234242e+04 2.974810e+02 4.005477e+04 5.123107e+07
<GCONST> 7.046125e+01
<MIXTURE> 5 1.280915e-01
<MEAN> 6
 6.085288e+01 1.462724e+02 -2.225775e+03 5.301042e-01 -4.894900e+00 -1.246997e+02
<VARIANCE> 6
 3.367643e+01 2.383893e+05 1.822821e+06 2.974810e+02 4.005477e+04 5.123107e+07
<GCONST> 7.538683e+01
<MIXTURE> 6 1.709444e-01
<MEAN> 6
 7.866986e+01 -2.823095e+02 1.049262e+02 -3.052766e+00 1.531933e+00 -3.459972e+01
<VARIANCE> 6
 9.654999e+01 1.071118e+05 2.959874e+04 2.974810e+02 4.005477e+04 5.123107e+07
<GCONST> 7.151965e+01
<MIXTURE> 7 1.592742e-01
<MEAN> 6
 7.375375e+01 9.726402e+01 -7.655788e+02 -4.864680e-01 -5.761509e+00 -2.388294e+01
<VARIANCE> 6
 7.599090e+01 9.621792e+05 3.542573e+05 2.974810e+02 4.005477e+04 5.123107e+07
<GCONST> 7.595782e+01
<STATE> 4
<NUMMIXES> 7
<MIXTURE> 1 1.025947e-01
<MEAN> 6
 8.727522e+01 4.523058e+02 9.242264e+02 -4.350652e+00 -1.755846e+01 -3.807624e+01
<VARIANCE> 6
 2.708228e+02 4.148902e+06 3.530952e+06 2.974810e+02 4.005477e+04 5.123107e+07
<GCONST> 8.098937e+01
<MIXTURE> 2 1.494760e-02
<MEAN> 6
 -6.295624e+00 1.524013e+02 1.148623e+02 -2.317304e+01 2.724931e+01 3.362834e+03
<VARIANCE> 6
 1.146619e+04 2.161113e+05 4.080662e+05 1.815994e+06 9.909002e+08 1.457312e+12
<GCONST> 1.087110e+02
<MIXTURE> 3 1.615629e-01
<MEAN> 6
 1.937533e+01 1.062960e+02 -2.471103e+02 -8.128566e+01 8.653655e+00 2.325918e+03
<VARIANCE> 6
 3.762528e+03 2.718626e+06 6.379019e+06 5.115366e+04 2.586978e+06 1.127341e+09
<GCONST> 9.619598e+01
<MIXTURE> 4 2.511357e-01
<MEAN> 6
 -4.713672e+01 -5.443378e+01 1.109602e+02 4.358069e+01 5.367856e+02 -7.683910e+02
<VARIANCE> 6
 5.699284e+02 1.042403e+06 1.350345e+06 2.030625e+04 2.610185e+05 6.441297e+07
<GCONST> 8.571754e+01
<MIXTURE> 5 1.462838e-01
<MEAN> 6
 5.515111e+01 3.564952e+01 2.567633e+02 4.278217e+01 -3.857645e+02 -8.498526e+01
<VARIANCE> 6
 7.736345e+02 8.484494e+05 1.180702e+06 2.720965e+04 1.725086e+05 5.611071e+07
<GCONST> 8.542352e+01
<MIXTURE> 6 1.842455e-01
<MEAN> 6
 7.887777e+01 1.470108e+02 4.902147e+02 -2.283002e+00 -2.068902e+01 -2.106586e+02
<VARIANCE> 6
 2.352429e+02 5.483563e+05 1.774436e+06 2.974810e+02 4.005477e+04 5.123107e+07
<GCONST> 7.813676e+01
<MIXTURE> 7 1.386763e-01
<MEAN> 6
 5.170828e+01 -2.705970e+02 -1.608784e+02 -1.726484e+01 -5.316166e+02 -1.177473e+03
<VARIANCE> 6
 9.920138e+02 6.729979e+05 9.109798e+05 3.940261e+04 3.157272e+05 9.806825e+07
<GCONST> 8.671417e+01
<TRANSP> 5
 0.000000e+00 1.000000e+00 0.000000e+00 0.000000e+00 0.000000e+00
 0.000000e+00 9.999045e-01 9.551325e-05 0.000000e+00 0.000000e+00
 0.000000e+00 0.000000e+00 9.996645e-01 3.354357e-04 0.000000e+00
 0.000000e+00 0.000000e+00 0.000000e+00 9.999303e-01 6.965749e-05
 0.000000e+00 0.000000e+00 0.000000e+00 0.000000e+00 0.000000e+00
<ENDHMM>
