~o
<STREAMINFO> 1 6
<VECSIZE> 6<NULLD><USER><DIAGC>
~h "SegundoPRIMARIA"
<BEGINHMM>
<NUMSTATES> 3
<STATE> 2
<NUMMIXES> 2
<MIXTURE> 1 5.000000e-01
<MEAN> 6
 5.085726e+01 1.911331e+02 1.322915e+02 3.720330e+01 3.898793e+02 1.346351e+04
<VARIANCE> 6
 3.613297e+03 9.132961e+05 4.375281e+05 3.395849e+04 3.801921e+06 4.532883e+09
<GCONST> 9.375188e+01
<MIXTURE> 2 5.000000e-01
<MEAN> 6
 2.681298e+01 -1.911330e+02 -1.322921e+02 -3.650802e+01 -3.900613e+02 -1.346716e+04
<VARIANCE> 6
 3.613297e+03 9.132961e+05 4.375281e+05 3.395849e+04 3.801921e+06 4.532883e+09
<GCONST> 9.375188e+01
<TRANSP> 3
 0.000000e+00 1.000000e+00 0.000000e+00
 0.000000e+00 9.999630e-01 3.697587e-05
 0.000000e+00 0.000000e+00 0.000000e+00
<ENDHMM>
~h "SegundoESO"
<BEGINHMM>
<NUMSTATES> 3
<STATE> 2
<NUMMIXES> 2
<MIXTURE> 1 5.000000e-01
<MEAN> 6
 4.218964e+01 2.389660e+02 3.041693e+02 2.869482e+01 1.323126e+02 1.924505e+03
<VARIANCE> 6
 2.696854e+03 1.427618e+06 2.312973e+06 2.018358e+04 4.384116e+05 9.258838e+07
<GCONST> 8.899988e+01
<MIXTURE> 2 5.000000e-01
<MEAN> 6
 2.141714e+01 -2.389659e+02 -3.041691e+02 -2.813275e+01 -1.325380e+02 -1.924409e+03
<VARIANCE> 6
 2.696854e+03 1.427618e+06 2.312973e+06 2.018358e+04 4.384116e+05 9.258838e+07
<GCONST> 8.899988e+01
<TRANSP> 3
 0.000000e+00 1.000000e+00 0.000000e+00
 0.000000e+00 9.999636e-01 3.635946e-05
 0.000000e+00 0.000000e+00 0.000000e+00
<ENDHMM>
~h "QuintoPRIMARIA"
<BEGINHMM>
<NUMSTATES> 3
<STATE> 2
<NUMMIXES> 2
<MIXTURE> 1 5.000000e-01
<MEAN> 6
 4.574648e+01 2.014377e+02 2.259770e+02 3.894821e+01 5.842863e+02 2.174733e+04
<VARIANCE> 6
 3.213308e+03 1.014427e+06 1.276642e+06 3.730422e+04 8.533545e+06 1.182041e+10
<GCONST> 9.667137e+01
<MIXTURE> 2 5.000000e-01
<MEAN> 6
 2.307206e+01 -2.014374e+02 -2.259773e+02 -3.830899e+01 -5.842029e+02 -2.174136e+04
<VARIANCE> 6
 3.213308e+03 1.014427e+06 1.276642e+06 3.730422e+04 8.533545e+06 1.182041e+10
<GCONST> 9.667137e+01
<TRANSP> 3
 0.000000e+00 1.000000e+00 0.000000e+00
 0.000000e+00 9.999639e-01 3.604266e-05
 0.000000e+00 0.000000e+00 0.000000e+00
<ENDHMM>
