~o
<STREAMINFO> 1 6
<VECSIZE> 6<NULLD><USER><DIAGC>
~h "SegundoPRIMARIA"
<BEGINHMM>
<NUMSTATES> 5
<STATE> 2
<NUMMIXES> 12
<MIXTURE> 1 1.181616e-01
<MEAN> 6
 1.027984e+02 5.800174e+01 5.004716e+02 -6.485010e+00 -4.128001e+01 -2.801537e+02
<VARIANCE> 6
 2.607029e+02 1.406775e+06 8.117901e+05 2.998645e+02 4.044808e+04 5.191738e+07
<GCONST> 7.843073e+01
<MIXTURE> 2 4.488209e-02
<MEAN> 6
 4.076867e+01 -7.108854e+02 -5.895387e+01 -6.058148e+01 -2.887836e+02 3.234561e+03
<VARIANCE> 6
 4.389297e+03 3.802315e+07 1.918775e+06 6.782918e+04 4.082323e+06 3.199489e+09
<GCONST> 9.956827e+01
<MIXTURE> 3 6.320506e-02
<MEAN> 6
 -3.801803e+01 1.468927e+02 1.775527e+02 1.556937e+02 6.370477e+02 -2.505882e+03
<VARIANCE> 6
 5.931669e+02 6.084546e+05 4.587175e+05 1.088553e+04 1.734866e+05 5.359837e+07
<GCONST> 8.292368e+01
<MIXTURE> 4 8.515175e-02
<MEAN> 6
 -6.544159e+01 4.723917e+01 -1.535800e+02 -3.442571e+00 1.469001e+02 3.435909e+02
<VARIANCE> 6
 2.559565e+02 4.077116e+05 1.091950e+06 6.406806e+02 6.435315e+04 5.191738e+07
<GCONST> 7.869389e+01
<MIXTURE> 5 7.662278e-02
<MEAN> 6
 8.999679e+01 -8.423234e+01 6.479968e+00 3.572623e+01 -8.303519e+02 -1.824681e+03
<VARIANCE> 6
 5.863716e+02 7.899494e+05 7.305522e+05 2.481302e+04 1.292059e+06 5.816506e+08
<GCONST> 8.885475e+01
<MIXTURE> 6 1.481484e-01
<MEAN> 6
 7.773618e+01 6.068728e+02 -7.089521e+02 5.168656e-01 -1.839187e+01 -1.200879e+02
<VARIANCE> 6
 4.510122e+01 8.426033e+05 9.302302e+05 2.998645e+02 4.044808e+04 5.191738e+07
<GCONST> 7.629988e+01
<MIXTURE> 7 7.155261e-02
<MEAN> 6
 5.155869e+01 9.922839e+01 1.030987e+02 1.083572e+02 -2.087462e+02 -6.898672e+02
<VARIANCE> 6
 9.863359e+02 3.160451e+05 5.124851e+05 2.701797e+04 1.253342e+05 5.191738e+07
<GCONST> 8.344009e+01
<MIXTURE> 8 8.013693e-02
<MEAN> 6
 -4.011313e+01 -1.807504e+02 6.894451e+01 -1.121174e+02 1.252072e+03 1.993441e+03
<VARIANCE> 6
 7.405588e+02 6.500311e+05 1.044118e+06 5.163650e+04 1.198173e+06 7.348381e+08
<GCONST> 9.014158e+01
<MIXTURE> 9 1.007485e-01
<MEAN> 6
 6.125982e+01 -1.220097e+02 8.578985e+01 -1.247127e+02 -8.011508e+02 2.415060e+03
<VARIANCE> 6
 9.772890e+02 3.036293e+05 1.144436e+06 3.440286e+04 2.798780e+05 1.185612e+08
<GCONST> 8.606498e+01
<MIXTURE> 10 5.977457e-02
<MEAN> 6
 6.238448e+01 -3.295636e+02 7.901022e+02 1.909645e+00 -7.905716e+00 -7.629084e+01
<VARIANCE> 6
 3.962574e+01 2.294324e+05 1.364134e+06 2.998645e+02 4.044808e+04 5.191738e+07
<GCONST> 7.525241e+01
<MIXTURE> 11 7.977697e-02
<MEAN> 6
 -4.375943e+01 -5.002538e+01 -1.541237e+02 -9.640656e-01 6.234491e+02 -2.932938e+01
<VARIANCE> 6
 8.936360e+02 1.267167e+05 7.489678e+05 2.725395e+04 1.697583e+05 8.754492e+07
<GCONST> 8.364146e+01
<MIXTURE> 12 7.148625e-02
<MEAN> 6
 4.391478e+01 -9.158645e+01 -1.068583e+02 7.078233e+01 -3.141944e+02 -2.414670e+03
<VARIANCE> 6
 1.134734e+03 2.853850e+05 4.675777e+05 4.194267e+04 1.262147e+05 5.191738e+07
<GCONST> 8.383330e+01
<STATE> 3
<NUMMIXES> 12
<MIXTURE> 1 7.281069e-02
<MEAN> 6
 9.348417e+01 -1.400391e+02 3.428156e+02 -1.643045e+00 -1.551304e+00 -6.887987e+01
<VARIANCE> 6
 3.171274e+01 2.930672e+04 2.492125e+05 2.998645e+02 4.044808e+04 5.191738e+07
<GCONST> 7.127188e+01
<MIXTURE> 2 1.288334e-01
<MEAN> 6
 8.670992e+01 4.334144e+02 2.561454e+02 -1.461882e+00 -1.503318e+00 -1.134524e+01
<VARIANCE> 6
 6.612630e+01 1.057928e+05 2.897458e+04 2.998645e+02 4.044808e+04 5.191738e+07
<GCONST> 7.113850e+01
<MIXTURE> 3 1.004433e-01
<MEAN> 6
 6.884837e+01 -2.669084e+02 2.486850e+02 4.728245e-01 1.637330e+00 -1.376995e+02
<VARIANCE> 6
 3.585904e+01 4.391638e+04 1.560105e+04 2.998645e+02 4.044808e+04 5.191738e+07
<GCONST> 6.902826e+01
<MIXTURE> 4 2.834094e-02
<MEAN> 6
 9.996852e+01 -3.128901e+03 -1.187008e+02 -3.849635e+00 -1.752058e+00 -1.335249e+02
<VARIANCE> 6
 3.171274e+01 5.698524e+05 1.802774e+04 2.998645e+02 4.044808e+04 5.191738e+07
<GCONST> 7.161305e+01
<MIXTURE> 5 6.969683e-02
<MEAN> 6
 7.819694e+01 1.311694e+02 -2.103429e+02 -4.011701e-01 -4.228306e+00 -8.831568e+01
<VARIANCE> 6
 3.171274e+01 1.360684e+04 7.868392e+04 2.998645e+02 4.044808e+04 5.191738e+07
<GCONST> 6.935178e+01
<MIXTURE> 6 1.069499e-01
<MEAN> 6
 6.553647e+01 4.646906e+02 -1.824627e+02 7.223957e-02 -2.354041e+00 -1.248878e+02
<VARIANCE> 6
 3.171274e+01 1.758878e+05 1.362684e+04 2.998645e+02 4.044808e+04 5.191738e+07
<GCONST> 7.015765e+01
<MIXTURE> 7 1.206403e-01
<MEAN> 6
 7.179085e+01 -1.932577e+01 -6.882536e+00 3.213120e-01 -2.089869e-01 -1.360003e+02
<VARIANCE> 6
 3.171274e+01 1.309607e+04 5.055093e+04 2.998645e+02 4.044808e+04 5.191738e+07
<GCONST> 6.887105e+01
<MIXTURE> 8 5.530292e-02
<MEAN> 6
 6.148803e+01 -3.323552e+02 -5.715692e+02 8.430956e-02 -1.040670e+00 -4.666383e+01
<VARIANCE> 6
 3.171274e+01 6.747950e+05 1.362684e+04 2.998645e+02 4.044808e+04 5.191738e+07
<GCONST> 7.150221e+01
<MIXTURE> 9 4.953216e-02
<MEAN> 6
 7.544494e+01 -6.999937e+02 9.644287e+01 -1.269101e+00 -1.798345e+00 -6.546618e+01
<VARIANCE> 6
 3.171274e+01 1.307704e+05 9.333139e+04 2.998645e+02 4.044808e+04 5.191738e+07
<GCONST> 7.178535e+01
<MIXTURE> 10 1.246850e-01
<MEAN> 6
 6.220775e+01 -8.908170e+01 -2.486831e+02 8.494974e-01 -2.361917e-01 -1.161587e+02
<VARIANCE> 6
 3.343590e+01 1.411627e+05 1.362684e+04 2.998645e+02 4.044808e+04 5.191738e+07
<GCONST> 6.999063e+01
<MIXTURE> 11 7.243024e-02
<MEAN> 6
 9.322736e+01 -3.877399e+02 -3.196264e+02 -5.703248e-01 -2.681753e+00 -8.299544e+01
<VARIANCE> 6
 3.171274e+01 8.009705e+04 9.737270e+04 2.998645e+02 4.044808e+04 5.191738e+07
<GCONST> 7.133754e+01
<MIXTURE> 12 7.016031e-02
<MEAN> 6
 7.698301e+01 1.016258e+02 -2.983130e+02 -4.241325e-01 -4.603956e+00 -1.243282e+02
<VARIANCE> 6
 3.171274e+01 1.309607e+04 5.727812e+04 2.998645e+02 4.044808e+04 5.191738e+07
<GCONST> 6.899599e+01
<STATE> 4
<NUMMIXES> 12
<MIXTURE> 1 5.574537e-03
<MEAN> 6
 9.867496e+00 -4.908612e+02 4.304603e+01 7.795186e+01 -6.053149e+02 1.546543e+03
<VARIANCE> 6
 1.000629e+04 6.263274e+05 9.230566e+05 1.543931e+06 8.609103e+08 1.248023e+12
<GCONST> 1.099972e+02
<MIXTURE> 2 1.160326e-01
<MEAN> 6
 -4.154769e+00 6.658202e+01 2.689353e+01 1.167245e+02 3.571768e+02 -3.712491e+03
<VARIANCE> 6
 5.178196e+02 2.095832e+05 4.133511e+04 4.430986e+04 1.891987e+05 6.915816e+07
<GCONST> 8.106065e+01
<MIXTURE> 3 7.094704e-02
<MEAN> 6
 4.808027e+01 5.489192e+01 9.688640e+01 -3.689571e+01 -4.211606e+02 4.626782e+03
<VARIANCE> 6
 4.668919e+03 9.101148e+05 9.764621e+05 6.931430e+04 4.676518e+06 2.675098e+09
<GCONST> 9.520068e+01
<MIXTURE> 4 7.269570e-02
<MEAN> 6
 1.033854e+02 5.063267e+00 -6.971512e+01 -7.209756e+00 -2.309317e+01 -1.732721e+02
<VARIANCE> 6
 3.002801e+02 9.768353e+05 1.709901e+05 2.998645e+02 4.044808e+04 5.191738e+07
<GCONST> 7.664969e+01
<MIXTURE> 5 1.165840e-01
<MEAN> 6
 -4.050788e+01 1.734529e+00 -3.417917e+00 -5.700811e+01 1.472858e+03 -2.182922e+00
<VARIANCE> 6
 3.876807e+02 1.568717e+05 8.984512e+04 5.047446e+04 6.899250e+05 5.357444e+08
<GCONST> 8.472920e+01
<MIXTURE> 6 9.932443e-02
<MEAN> 6
 5.228896e+01 9.141685e+01 3.889593e+01 1.722812e+02 -3.148245e+02 -1.335454e+03
<VARIANCE> 6
 5.921801e+02 1.490911e+05 1.022343e+05 2.284355e+04 1.457689e+05 5.191738e+07
<GCONST> 8.054977e+01
<MIXTURE> 7 7.365835e-02
<MEAN> 6
 -4.841807e+01 1.433532e+02 6.016798e+01 4.122297e+01 5.654566e+02 1.557433e+03
<VARIANCE> 6
 1.727608e+02 1.570533e+05 6.506236e+04 6.073667e+03 1.869402e+05 5.191738e+07
<GCONST> 7.784204e+01
<MIXTURE> 8 8.282782e-02
<MEAN> 6
 8.905176e+01 3.324961e+01 2.773834e+01 6.898955e+01 -9.047583e+02 -4.575741e+03
<VARIANCE> 6
 5.917807e+02 1.408937e+05 4.802348e+04 3.062401e+04 1.264925e+06 5.066524e+08
<GCONST> 8.446900e+01
<MIXTURE> 9 1.019714e-01
<MEAN> 6
 9.170596e+01 -1.354654e+02 -6.207877e+01 -4.008678e+00 -2.872498e+01 -2.425778e+02
<VARIANCE> 6
 1.970829e+02 1.433664e+05 9.438640e+04 2.998645e+02 4.044808e+04 5.191738e+07
<GCONST> 7.371547e+01
<MIXTURE> 10 1.080198e-01
<MEAN> 6
 8.809915e+01 -7.398440e+01 1.727146e+01 -5.386686e+01 -7.694742e+02 -7.881176e+02
<VARIANCE> 6
 3.217723e+02 3.100620e+05 1.415478e+05 1.798484e+04 2.053252e+05 7.563225e+07
<GCONST> 8.147705e+01
<MIXTURE> 11 8.003701e-02
<MEAN> 6
 3.804593e+01 8.612568e-01 5.695349e+01 -2.946887e+02 -6.592474e+02 8.343470e+03
<VARIANCE> 6
 8.347477e+02 7.634845e+04 9.611040e+04 1.130103e+04 6.117017e+05 2.439207e+08
<GCONST> 8.243971e+01
<MIXTURE> 12 7.136659e-02
<MEAN> 6
 -5.819934e+01 -2.973657e+01 -6.180356e+01 4.228292e+00 3.590974e+02 -5.675724e+02
<VARIANCE> 6
 2.476800e+02 1.736722e+05 1.549026e+05 2.433055e+03 1.504454e+05 5.285002e+07
<GCONST> 7.805611e+01
<TRANSP> 5
 0.000000e+00 1.000000e+00 0.000000e+00 0.000000e+00 0.000000e+00
 0.000000e+00 9.998667e-01 1.332617e-04 0.000000e+00 0.000000e+00
 0.000000e+00 0.000000e+00 9.996634e-01 3.366604e-04 0.000000e+00
 0.000000e+00 0.000000e+00 0.000000e+00 9.999378e-01 6.218124e-05
 0.000000e+00 0.000000e+00 0.000000e+00 0.000000e+00 0.000000e+00
<ENDHMM>
~h "SegundoESO"
<BEGINHMM>
<NUMSTATES> 5
<STATE> 2
<NUMMIXES> 12
<MIXTURE> 1 7.459094e-02
<MEAN> 6
 8.907289e+01 -6.462790e+02 1.730730e+03 -3.190140e+00 -3.850281e+01 7.826755e+01
<VARIANCE> 6
 1.452405e+02 3.924397e+07 2.539667e+07 2.998645e+02 4.044808e+04 5.191738e+07
<GCONST> 8.461736e+01
<MIXTURE> 2 1.383306e-01
<MEAN> 6
 -3.862303e+01 1.087420e+02 8.362938e+02 -1.597990e+01 9.329650e+02 1.015762e+02
<VARIANCE> 6
 4.365813e+02 1.650545e+06 4.440722e+06 4.374243e+04 3.976226e+05 1.965260e+08
<GCONST> 8.940482e+01
<MIXTURE> 3 7.292784e-02
<MEAN> 6
 1.030404e+01 -1.263324e+03 2.615327e+02 5.826599e+01 2.249707e+01 -1.199181e+03
<VARIANCE> 6
 2.305993e+03 2.842655e+07 3.472190e+05 2.826671e+04 2.232135e+05 5.191738e+07
<GCONST> 8.902156e+01
<MIXTURE> 4 9.669564e-02
<MEAN> 6
 7.883217e+01 -1.169761e+02 1.158852e+03 -2.485828e+00 -2.878170e+01 -1.476288e+02
<VARIANCE> 6
 8.735709e+01 1.495932e+05 8.275131e+05 2.998645e+02 4.044808e+04 5.191738e+07
<GCONST> 7.511539e+01
<MIXTURE> 5 8.401040e-02
<MEAN> 6
 8.072239e+01 -3.831573e+02 5.809410e+02 4.737685e+01 -4.648451e+02 -1.563550e+02
<VARIANCE> 6
 2.127748e+02 1.090035e+06 4.613222e+06 8.999549e+03 6.445453e+04 5.191738e+07
<GCONST> 8.357747e+01
<MIXTURE> 6 9.169771e-02
<MEAN> 6
 -6.023094e+01 6.481649e+01 4.714648e+02 1.388701e+01 2.806387e+02 2.583637e+01
<VARIANCE> 6
 9.198076e+01 6.367943e+05 3.247218e+06 1.805347e+03 1.001453e+05 5.191738e+07
<GCONST> 8.068440e+01
<MIXTURE> 7 9.591193e-02
<MEAN> 6
 7.034623e+01 2.440363e+02 -4.099395e+03 6.812564e-01 -8.615006e+00 -1.150936e+02
<VARIANCE> 6
 8.833105e+01 3.131698e+05 9.633458e+06 2.998645e+02 4.044808e+04 5.191738e+07
<GCONST> 7.831987e+01
<MIXTURE> 8 3.928611e-02
<MEAN> 6
 6.168171e+01 5.111833e+01 1.246287e+03 -1.298061e+01 -9.124095e+02 1.284413e+03
<VARIANCE> 6
 9.751658e+02 1.203746e+07 1.936305e+07 5.425150e+04 6.191459e+05 4.125984e+08
<GCONST> 9.506775e+01
<MIXTURE> 9 6.736699e-02
<MEAN> 6
 2.139302e+01 1.514827e+03 -1.728848e+03 1.921258e+01 -1.846411e+01 2.635036e+02
<VARIANCE> 6
 1.217194e+03 3.375128e+06 4.190128e+06 3.258090e+04 8.543241e+04 5.191738e+07
<GCONST> 8.792389e+01
<MIXTURE> 10 8.372912e-02
<MEAN> 6
 7.285431e+01 -3.481637e+02 7.827297e+02 -5.180230e-02 -1.245193e+01 -6.106365e+01
<VARIANCE> 6
 3.171274e+01 4.288750e+06 3.288373e+06 2.998645e+02 4.044808e+04 5.191738e+07
<GCONST> 7.883766e+01
<MIXTURE> 11 8.775188e-02
<MEAN> 6
 6.225816e+01 5.262661e+01 3.395933e+02 -6.192751e+01 -8.439055e+02 3.635094e+02
<VARIANCE> 6
 4.362153e+02 5.963256e+05 2.800749e+06 3.592088e+04 1.692629e+05 5.410859e+07
<GCONST> 8.558412e+01
<MIXTURE> 12 6.743137e-02
<MEAN> 6
 1.039289e+01 7.997873e+02 -1.256066e+03 -1.437834e+01 1.780371e+01 -1.923651e+01
<VARIANCE> 6
 8.852036e+02 2.703495e+06 3.805942e+06 3.949410e+04 8.370673e+04 5.191738e+07
<GCONST> 8.745935e+01
<STATE> 3
<NUMMIXES> 12
<MIXTURE> 1 9.634385e-02
<MEAN> 6
 6.934432e+01 -2.147605e+02 2.675268e+02 -3.321941e-01 -3.671199e+00 -8.049571e+01
<VARIANCE> 6
 3.171274e+01 3.964940e+05 1.362684e+04 2.998645e+02 4.044808e+04 5.191738e+07
<GCONST> 7.097046e+01
<MIXTURE> 2 8.504525e-02
<MEAN> 6
 7.805196e+01 4.656391e+02 4.736169e+02 -1.355880e+00 -2.492350e+00 -4.784513e+01
<VARIANCE> 6
 3.171274e+01 6.342024e+04 9.669734e+04 2.998645e+02 4.044808e+04 5.191738e+07
<GCONST> 7.109712e+01
<MIXTURE> 3 1.188082e-01
<MEAN> 6
 6.536414e+01 5.271163e+02 6.859602e+01 -3.404060e-01 -3.267444e+00 -1.156840e+02
<VARIANCE> 6
 4.084178e+01 4.944724e+05 1.362684e+04 2.998645e+02 4.044808e+04 5.191738e+07
<GCONST> 7.144427e+01
<MIXTURE> 4 8.408273e-02
<MEAN> 6
 8.298827e+01 -7.660715e+02 1.502949e+02 -4.284157e-01 -3.966104e+00 -1.206855e+02
<VARIANCE> 6
 3.171274e+01 1.865300e+04 2.726036e+04 2.998645e+02 4.044808e+04 5.191738e+07
<GCONST> 6.860721e+01
<MIXTURE> 5 9.196821e-02
<MEAN> 6
 6.121569e+01 6.888136e+02 -3.223438e+02 2.734470e-01 -2.166574e+00 -1.401621e+02
<VARIANCE> 6
 3.171274e+01 2.703914e+06 2.814554e+04 2.998645e+02 4.044808e+04 5.191738e+07
<GCONST> 7.361560e+01
<MIXTURE> 6 6.357651e-02
<MEAN> 6
 7.959596e+01 2.065093e+02 -1.385722e+03 -3.105908e+00 -1.564579e-01 1.563540e+00
<VARIANCE> 6
 1.991189e+02 5.736198e+04 1.951981e+06 2.998645e+02 4.044808e+04 5.191738e+07
<GCONST> 7.583893e+01
<MIXTURE> 7 1.278390e-01
<MEAN> 6
 6.230769e+01 2.456656e+02 -6.994889e+01 1.378514e-01 -2.044120e+00 -1.170936e+02
<VARIANCE> 6
 3.171274e+01 9.117359e+04 2.222557e+04 2.998645e+02 4.044808e+04 5.191738e+07
<GCONST> 6.998978e+01
<MIXTURE> 8 4.889417e-02
<MEAN> 6
 7.173076e+01 7.453542e+02 -6.397651e+02 -8.005980e-01 -4.467873e+00 -7.910062e+01
<VARIANCE> 6
 3.171274e+01 3.751512e+05 8.460945e+04 2.998645e+02 4.044808e+04 5.191738e+07
<GCONST> 7.274113e+01
<MIXTURE> 9 6.430626e-02
<MEAN> 6
 6.343759e+01 -2.943441e+02 -2.088080e+01 -1.239009e-03 -1.458917e+00 -1.087945e+02
<VARIANCE> 6
 3.277435e+01 1.466792e+05 9.353995e+04 2.998645e+02 4.044808e+04 5.191738e+07
<GCONST> 7.193532e+01
<MIXTURE> 10 9.150062e-02
<MEAN> 6
 7.364780e+01 2.045254e+02 -3.816679e+02 -6.353893e-01 -6.608898e+00 -1.063673e+02
<VARIANCE> 6
 3.171274e+01 6.038790e+04 1.122891e+05 2.998645e+02 4.044808e+04 5.191738e+07
<GCONST> 7.119763e+01
<MIXTURE> 11 5.690210e-02
<MEAN> 6
 6.300626e+01 4.427769e+02 -1.330589e+03 -3.568924e-01 -1.388456e+00 -7.943322e+01
<VARIANCE> 6
 3.171274e+01 5.299744e+05 1.871384e+05 2.998645e+02 4.044808e+04 5.191738e+07
<GCONST> 7.388043e+01
<MIXTURE> 12 7.042014e-02
<MEAN> 6
 6.234037e+01 -4.222128e+02 -2.188063e+02 4.464595e-02 -2.468866e-01 -9.213814e+01
<VARIANCE> 6
 3.171274e+01 1.076610e+05 1.319395e+05 2.998645e+02 4.044808e+04 5.191738e+07
<GCONST> 7.193709e+01
<STATE> 4
<NUMMIXES> 12
<MIXTURE> 1 6.879775e-02
<MEAN> 6
 3.756701e+01 2.086926e+02 1.457796e+02 9.116628e+01 -1.957683e+02 -6.062098e+02
<VARIANCE> 6
 3.651631e+02 7.022371e+05 6.153262e+05 2.662219e+04 5.959024e+04 5.191738e+07
<GCONST> 8.266945e+01
<MIXTURE> 2 4.023732e-02
<MEAN> 6
 -5.780419e+00 -3.044706e+02 1.293274e+02 -1.763270e+02 5.407734e+02 8.656802e+03
<VARIANCE> 6
 2.057640e+03 3.975559e+06 1.789552e+06 3.104267e+04 2.293376e+06 8.745197e+08
<GCONST> 9.382757e+01
<MIXTURE> 3 1.324785e-01
<MEAN> 6
 -4.472947e+01 7.113568e+01 2.168435e+01 2.234398e+01 1.018376e+03 -8.528358e+02
<VARIANCE> 6
 1.616700e+02 4.528873e+05 2.774193e+05 2.090037e+04 2.226835e+05 1.357572e+08
<GCONST> 8.265691e+01
<MIXTURE> 4 7.705736e-02
<MEAN> 6
 8.273096e+01 -1.587267e+02 3.217810e+01 -5.937364e+00 -3.499342e+01 1.806166e+02
<VARIANCE> 6
 1.681879e+02 2.097441e+06 1.264493e+06 2.998645e+02 4.044808e+04 5.191738e+07
<GCONST> 7.883502e+01
<MIXTURE> 5 8.776798e-02
<MEAN> 6
 -4.686119e+00 7.855590e+01 1.624543e+02 -1.312840e+02 1.347177e+02 4.109631e+03
<VARIANCE> 6
 3.801456e+02 4.739541e+05 4.030251e+05 2.986752e+04 1.191397e+05 1.057555e+08
<GCONST> 8.341265e+01
<MIXTURE> 6 7.792377e-02
<MEAN> 6
 6.723717e+01 -2.401921e+01 -8.500061e+00 6.529703e+01 -4.195372e+02 -1.121393e+03
<VARIANCE> 6
 1.728637e+02 2.453195e+05 2.027136e+05 1.102108e+04 8.578562e+04 5.191738e+07
<GCONST> 7.924197e+01
<MIXTURE> 7 7.729144e-02
<MEAN> 6
 -5.329043e+01 -3.431645e+01 3.734417e+01 1.822366e+01 2.816732e+02 -1.188917e+02
<VARIANCE> 6
 1.526320e+02 3.719435e+05 4.619379e+05 7.989373e+02 7.710291e+04 5.191738e+07
<GCONST> 7.762631e+01
<MIXTURE> 8 7.949613e-02
<MEAN> 6
 7.896275e+01 -9.124706e+01 8.501701e+01 1.890056e+01 -9.790699e+02 -1.645663e+03
<VARIANCE> 6
 2.677872e+02 1.872982e+06 5.525085e+05 1.825396e+04 5.476655e+05 3.233518e+08
<GCONST> 8.690253e+01
<MIXTURE> 9 1.079834e-01
<MEAN> 6
 -8.930924e+00 9.122724e+00 -1.792044e+00 7.553175e+01 2.049381e+02 -3.443542e+03
<VARIANCE> 6
 2.906099e+02 2.544378e+05 6.840001e+04 3.042796e+04 1.126429e+05 6.017391e+07
<GCONST> 8.014703e+01
<MIXTURE> 10 9.462752e-02
<MEAN> 6
 7.896312e+01 -1.727399e+02 -2.239486e+00 -6.106335e+00 -3.551543e+01 -1.654662e+02
<VARIANCE> 6
 1.068142e+02 4.504522e+05 1.064313e+05 2.998645e+02 4.044808e+04 5.191738e+07
<GCONST> 7.436789e+01
<MIXTURE> 11 8.674188e-02
<MEAN> 6
 6.232192e+01 -1.143019e+01 2.337979e+01 -1.001496e+02 -7.314553e+02 1.691831e+03
<VARIANCE> 6
 2.824907e+02 4.221152e+05 8.847632e+04 1.899440e+04 1.313845e+05 5.231060e+07
<GCONST> 8.042493e+01
<MIXTURE> 12 6.853203e-02
<MEAN> 6
 3.107320e+01 -1.311374e+02 -1.425241e+02 4.706896e+01 -2.656536e+02 -1.140358e+03
<VARIANCE> 6
 3.771087e+02 8.956079e+05 5.714009e+05 4.291896e+04 8.364400e+04 5.191738e+07
<GCONST> 8.368745e+01
<TRANSP> 5
 0.000000e+00 1.000000e+00 0.000000e+00 0.000000e+00 0.000000e+00
 0.000000e+00 9.998316e-01 1.684283e-04 0.000000e+00 0.000000e+00
 0.000000e+00 0.000000e+00 9.997302e-01 2.698167e-04 0.000000e+00
 0.000000e+00 0.000000e+00 0.000000e+00 9.999434e-01 5.668047e-05
 0.000000e+00 0.000000e+00 0.000000e+00 0.000000e+00 0.000000e+00
<ENDHMM>
~h "QuintoPRIMARIA"
<BEGINHMM>
<NUMSTATES> 5
<STATE> 2
<NUMMIXES> 12
<MIXTURE> 1 1.272482e-01
<MEAN> 6
 1.713804e+01 -2.094970e+01 3.458578e+02 5.199649e+01 -1.581435e+02 -1.898532e+03
<VARIANCE> 6
 5.500076e+02 1.179435e+06 1.854713e+06 4.747314e+04 1.346501e+05 5.191738e+07
<GCONST> 8.609450e+01
<MIXTURE> 2 2.809329e-02
<MEAN> 6
 3.799928e+01 -1.558986e+03 -1.293261e+03 -3.858899e+01 -3.615479e+02 -7.778946e+02
<VARIANCE> 6
 3.159377e+03 2.303889e+07 2.602829e+06 4.599430e+04 3.391318e+06 1.605550e+09
<GCONST> 9.777993e+01
<MIXTURE> 3 1.120773e-01
<MEAN> 6
 -4.480869e+01 -1.160189e+02 1.314151e+02 1.183071e+02 6.950150e+02 -1.576314e+03
<VARIANCE> 6
 3.542010e+02 4.078838e+05 1.379056e+06 1.596322e+04 1.440309e+05 5.191738e+07
<GCONST> 8.327376e+01
<MIXTURE> 4 9.979119e-02
<MEAN> 6
 9.488417e+01 4.319900e+02 4.976908e+02 -3.559980e+00 -2.730507e+01 -6.936202e+01
<VARIANCE> 6
 4.838645e+01 1.875273e+05 4.245302e+06 2.998645e+02 4.044808e+04 5.191738e+07
<GCONST> 7.638576e+01
<MIXTURE> 5 8.077820e-02
<MEAN> 6
 3.584194e+01 -3.756486e+01 -1.080572e+03 -1.283700e+02 -4.815872e+02 4.951017e+03
<VARIANCE> 6
 1.714017e+03 3.585364e+05 1.120951e+07 4.660949e+04 7.969601e+05 3.667615e+08
<GCONST> 9.155426e+01
<MIXTURE> 6 8.683128e-02
<MEAN> 6
 -6.608320e+01 1.776970e+02 -1.446783e+02 2.647567e+00 1.853578e+02 1.330635e+02
<VARIANCE> 6
 1.079214e+02 7.663921e+05 1.858332e+06 7.024293e+02 6.998365e+04 5.191738e+07
<GCONST> 7.916903e+01
<MIXTURE> 7 7.293037e-02
<MEAN> 6
 6.582565e+01 1.178689e+02 -6.209108e+01 5.571746e-01 -2.214957e+01 -9.829578e+01
<VARIANCE> 6
 1.204081e+02 3.087153e+05 6.858820e+06 2.998645e+02 4.044808e+04 5.191738e+07
<GCONST> 7.827563e+01
<MIXTURE> 8 7.240207e-02
<MEAN> 6
 7.313049e+01 1.091237e+02 1.201857e+02 2.947206e+01 -5.570869e+02 1.838814e+02
<VARIANCE> 6
 3.366239e+02 1.094507e+06 1.861739e+06 1.719823e+04 1.289307e+05 5.851274e+07
<GCONST> 8.459341e+01
<MIXTURE> 9 1.090060e-01
<MEAN> 6
 7.713956e+01 1.931994e+02 6.941660e+02 -7.481639e-01 -2.513008e+01 -1.158263e+02
<VARIANCE> 6
 7.101773e+01 1.426554e+06 2.380344e+06 2.998645e+02 4.044808e+04 5.191738e+07
<GCONST> 7.821999e+01
<MIXTURE> 10 6.782825e-02
<MEAN> 6
 -5.186992e+01 -2.135418e+02 -4.645909e+02 -1.277758e+02 1.196863e+03 2.661495e+03
<VARIANCE> 6
 2.972752e+02 3.369191e+05 3.279236e+06 2.075735e+04 7.643984e+05 4.400980e+08
<GCONST> 8.784265e+01
<MIXTURE> 11 7.197604e-02
<MEAN> 6
 5.817316e+01 -2.845069e+02 -2.836752e+02 2.695189e+00 -2.454093e+01 -8.962958e+01
<VARIANCE> 6
 1.069407e+02 3.058120e+05 2.095340e+06 2.998645e+02 4.044808e+04 5.191738e+07
<GCONST> 7.696176e+01
<MIXTURE> 12 7.047960e-02
<MEAN> 6
 6.892065e+01 -2.511421e+02 -3.186971e+02 -2.155899e+01 -8.011558e+02 -1.810269e+03
<VARIANCE> 6
 3.765489e+02 7.925226e+05 1.523421e+06 2.880343e+04 2.249151e+05 7.121074e+07
<GCONST> 8.545064e+01
<STATE> 3
<NUMMIXES> 12
<MIXTURE> 1 2.139023e-02
<MEAN> 6
 5.368686e+01 1.828762e+03 1.852324e+03 2.147702e+00 -7.343736e+00 1.005961e+02
<VARIANCE> 6
 3.171274e+01 2.332086e+05 5.962098e+05 2.998645e+02 4.044808e+04 5.191738e+07
<GCONST> 7.421829e+01
<MIXTURE> 2 8.820432e-02
<MEAN> 6
 8.147559e+01 5.484709e+01 -4.826426e+01 1.172073e-01 -4.598713e+00 -7.349217e+01
<VARIANCE> 6
 3.171274e+01 1.565676e+04 1.860039e+04 2.998645e+02 4.044808e+04 5.191738e+07
<GCONST> 6.804985e+01
<MIXTURE> 3 1.074030e-01
<MEAN> 6
 7.238386e+01 -6.331225e+02 1.276508e+02 2.496295e-01 -2.637959e+00 -1.003029e+02
<VARIANCE> 6
 3.246058e+01 5.717945e+04 2.682576e+04 2.998645e+02 4.044808e+04 5.191738e+07
<GCONST> 6.973462e+01
<MIXTURE> 4 7.644745e-02
<MEAN> 6
 7.297513e+01 1.153823e+03 -4.932812e+02 -1.969119e+00 -3.916058e+00 -7.001228e+01
<VARIANCE> 6
 7.314751e+01 1.900497e+05 2.968249e+05 2.998645e+02 4.044808e+04 5.191738e+07
<GCONST> 7.415195e+01
<MIXTURE> 5 6.246390e-02
<MEAN> 6
 6.194518e+01 2.416209e+02 -2.503113e+02 1.364049e-01 -8.656085e-01 -1.298676e+02
<VARIANCE> 6
 3.171274e+01 4.595427e+04 3.904504e+04 2.998645e+02 4.044808e+04 5.191738e+07
<GCONST> 6.986812e+01
<MIXTURE> 6 1.483359e-01
<MEAN> 6
 5.841433e+01 1.401075e+01 1.809376e+02 1.549333e-01 -3.240952e+00 -1.730372e+02
<VARIANCE> 6
 3.171274e+01 1.309607e+04 4.204052e+04 2.998645e+02 4.044808e+04 5.191738e+07
<GCONST> 6.868671e+01
<MIXTURE> 7 1.140748e-01
<MEAN> 6
 6.266674e+01 -3.609795e+01 -2.375652e+02 3.544565e-02 -5.182646e+00 -1.312271e+02
<VARIANCE> 6
 3.171274e+01 5.367731e+04 7.077273e+04 2.998645e+02 4.044808e+04 5.191738e+07
<GCONST> 7.061823e+01
<MIXTURE> 8 4.777817e-02
<MEAN> 6
 7.189041e+01 1.332932e+02 -6.559557e+02 -8.762387e-01 -5.545946e+00 -1.113466e+02
<VARIANCE> 6
 3.171274e+01 1.206410e+06 1.362684e+04 2.998645e+02 4.044808e+04 5.191738e+07
<GCONST> 7.208321e+01
<MIXTURE> 9 4.033393e-02
<MEAN> 6
 5.857159e+01 -1.855587e+02 4.415074e+02 -5.098196e-01 -6.693938e+00 -4.263392e+01
<VARIANCE> 6
 3.171274e+01 1.309607e+04 2.035950e+05 2.998645e+02 4.044808e+04 5.191738e+07
<GCONST> 7.026421e+01
<MIXTURE> 10 1.169191e-01
<MEAN> 6
 6.222314e+01 -1.456555e+02 -3.741589e+02 -1.523468e-01 -6.068614e+00 -1.269912e+02
<VARIANCE> 6
 3.171274e+01 1.811581e+04 6.098762e+04 2.998645e+02 4.044808e+04 5.191738e+07
<GCONST> 6.938321e+01
<MIXTURE> 11 9.828287e-02
<MEAN> 6
 8.365079e+01 -7.574859e+01 -1.615707e+02 3.903176e-01 -4.242378e+00 -3.830795e+01
<VARIANCE> 6
 3.171274e+01 2.224689e+04 2.501478e+04 2.998645e+02 4.044808e+04 5.191738e+07
<GCONST> 6.869743e+01
<MIXTURE> 12 7.812333e-02
<MEAN> 6
 7.041477e+01 9.628196e+02 -7.484917e+02 -1.729208e+00 -2.517606e+00 -5.078488e+01
<VARIANCE> 6
 7.581309e+01 1.544423e+05 2.509752e+05 2.998645e+02 4.044808e+04 5.191738e+07
<GCONST> 7.381248e+01
<STATE> 4
<NUMMIXES> 12
<MIXTURE> 1 3.736807e-02
<MEAN> 6
 8.943964e+01 3.985758e+01 2.789721e+02 -5.937189e+00 -1.116140e+01 1.332919e+01
<VARIANCE> 6
 2.136714e+02 3.260609e+06 9.915036e+05 2.998645e+02 4.044808e+04 5.191738e+07
<GCONST> 7.927237e+01
<MIXTURE> 2 1.273168e-02
<MEAN> 6
 -7.261906e+00 1.560673e+02 1.170403e+02 -2.593916e+01 4.863339e+01 4.796321e+03
<VARIANCE> 6
 1.169956e+04 1.980948e+05 4.117619e+05 1.960602e+06 1.073525e+09 1.579132e+12
<GCONST> 1.088901e+02
<MIXTURE> 3 1.102219e-01
<MEAN> 6
 -3.026493e+01 3.179716e+01 1.573365e+02 6.885161e+01 6.783455e+02 -1.728925e+03
<VARIANCE> 6
 5.570818e+02 9.117330e+04 2.419774e+05 2.817680e+04 1.799593e+05 5.862605e+07
<GCONST> 8.140052e+01
<MIXTURE> 4 7.867528e-02
<MEAN> 6
 1.338993e+01 6.475727e+01 1.179510e+02 -6.115598e+01 3.766924e+01 3.409044e+03
<VARIANCE> 6
 4.436812e+03 2.015421e+06 1.250058e+06 5.608571e+04 3.245093e+06 1.728518e+09
<GCONST> 9.517781e+01
<MIXTURE> 5 7.786381e-02
<MEAN> 6
 6.471426e+01 8.977073e+01 8.986488e+01 3.211810e+01 -5.609250e+02 2.450132e+02
<VARIANCE> 6
 5.605438e+02 5.676715e+05 3.825658e+05 2.795043e+04 2.254294e+05 7.060631e+07
<GCONST> 8.409670e+01
<MIXTURE> 6 1.323784e-01
<MEAN> 6
 3.913048e+01 8.297238e-01 9.100419e+00 7.197328e+00 -2.371653e+02 -5.058466e+02
<VARIANCE> 6
 9.558324e+02 4.389650e+04 5.053205e+04 3.438896e+04 1.471750e+05 5.191738e+07
<GCONST> 7.951984e+01
<MIXTURE> 7 9.408469e-02
<MEAN> 6
 8.246551e+01 9.463441e+01 9.565232e+01 -8.007454e+00 -2.459892e+01 -2.908779e+02
<VARIANCE> 6
 1.506254e+02 2.191930e+05 3.276624e+04 2.998645e+02 4.044808e+04 5.191738e+07
<GCONST> 7.281319e+01
<MIXTURE> 8 7.882935e-02
<MEAN> 6
 -5.329148e+01 6.906495e+01 -2.668153e+00 2.042389e+01 2.514408e+02 2.913290e+02
<VARIANCE> 6
 2.976884e+02 1.303635e+05 1.202087e+05 8.227316e+02 8.438867e+04 5.191738e+07
<GCONST> 7.601936e+01
<MIXTURE> 9 9.103171e-02
<MEAN> 6
 5.945397e+01 3.744901e+01 -2.541620e+00 -4.338803e+01 -7.556170e+02 7.507552e+02
<VARIANCE> 6
 1.029933e+03 8.537962e+04 5.677595e+04 4.200488e+04 7.871081e+05 4.046949e+08
<GCONST> 8.430655e+01
<MIXTURE> 10 1.031003e-01
<MEAN> 6
 8.019739e+01 -1.210580e+02 -1.577830e+02 -4.423467e+00 -2.484025e+01 -2.148417e+02
<VARIANCE> 6
 1.355529e+02 9.293087e+04 1.540529e+05 2.998645e+02 4.044808e+04 5.191738e+07
<GCONST> 7.339755e+01
<MIXTURE> 11 1.046526e-01
<MEAN> 6
 -3.656959e+01 -2.608505e+02 2.324242e+01 -2.041814e+01 1.021540e+03 7.601783e+01
<VARIANCE> 6
 4.918004e+02 5.284344e+05 1.255027e+05 4.122804e+04 5.541681e+05 2.945408e+08
<GCONST> 8.549612e+01
<MIXTURE> 12 7.818642e-02
<MEAN> 6
 5.756809e+01 -1.201405e+02 -3.000573e+01 5.422864e+00 -7.036829e+02 -1.531532e+03
<VARIANCE> 6
 6.339224e+02 5.405843e+05 2.831503e+05 3.894542e+04 2.439701e+05 7.148160e+07
<GCONST> 8.429300e+01
<TRANSP> 5
 0.000000e+00 1.000000e+00 0.000000e+00 0.000000e+00 0.000000e+00
 0.000000e+00 9.998937e-01 1.063605e-04 0.000000e+00 0.000000e+00
 0.000000e+00 0.000000e+00 9.996570e-01 3.429996e-04 0.000000e+00
 0.000000e+00 0.000000e+00 0.000000e+00 9.999356e-01 6.434675e-05
 0.000000e+00 0.000000e+00 0.000000e+00 0.000000e+00 0.000000e+00
<ENDHMM>
