~o
<STREAMINFO> 1 6
<VECSIZE> 6<NULLD><USER><DIAGC>
~h "SegundoPRIMARIA"
<BEGINHMM>
<NUMSTATES> 10
<STATE> 2
<NUMMIXES> 15
<MIXTURE> 1 7.237122e-02
<MEAN> 6
 4.553406e+01 6.959043e+01 2.568821e+01 2.819710e+02 -3.246571e+02 -5.261079e+03
<VARIANCE> 6
 7.057689e+02 8.745249e+04 1.536730e+05 7.690229e+03 3.616481e+05 1.690635e+08
<GCONST> 8.159990e+01
<MIXTURE> 2 1.942330e-02
<MEAN> 6
 5.803439e+01 1.096109e+02 1.342788e+02 -2.781469e+01 -8.335410e+02 4.700035e+03
<VARIANCE> 6
 3.665833e+03 7.544261e+05 1.305256e+06 9.644771e+04 7.873270e+06 5.390157e+09
<GCONST> 9.661328e+01
<MIXTURE> 3 9.998119e-02
<MEAN> 6
 8.539603e+01 -4.648952e+01 8.751030e+01 -1.757721e+00 -2.250612e+01 -3.605480e+02
<VARIANCE> 6
 2.406105e+02 1.449593e+05 8.367205e+04 3.028640e+02 4.053393e+04 5.195771e+07
<GCONST> 7.381844e+01
<MIXTURE> 4 5.368963e-02
<MEAN> 6
 -3.651833e+01 9.778157e+01 2.564395e+01 -1.746416e+02 1.751360e+03 5.624763e+03
<VARIANCE> 6
 3.442265e+02 7.862687e+04 6.282828e+04 4.307262e+04 1.289945e+06 1.101713e+09
<GCONST> 8.475008e+01
<MIXTURE> 5 8.150037e-02
<MEAN> 6
 9.811387e+01 -2.672245e+01 2.840520e+01 2.541876e+01 -1.037783e+03 -8.111151e+02
<VARIANCE> 6
 3.791697e+02 3.304525e+05 1.780730e+05 2.242887e+04 1.939576e+06 9.333003e+08
<GCONST> 8.691373e+01
<MIXTURE> 6 8.786498e-02
<MEAN> 6
 1.649781e+01 2.371909e+01 1.159235e+02 -3.036252e+02 -1.468296e+02 8.355813e+03
<VARIANCE> 6
 5.731025e+02 6.121319e+04 1.686609e+05 1.082193e+04 6.819706e+05 2.941352e+08
<GCONST> 8.265771e+01
<MIXTURE> 7 9.331916e-02
<MEAN> 6
 -4.128574e+01 5.578799e+01 3.351890e+01 5.799050e+01 7.671796e+02 6.521004e+01
<VARIANCE> 6
 2.184375e+02 8.989966e+04 4.143971e+04 1.653107e+04 1.822727e+05 5.195771e+07
<GCONST> 7.804440e+01
<MIXTURE> 8 6.049735e-02
<MEAN> 6
 7.569281e+01 -3.479415e+02 -3.661910e+02 -1.202319e+00 -7.859919e+00 -2.255879e+02
<VARIANCE> 6
 2.284492e+02 2.002711e+05 1.567999e+05 3.028640e+02 4.053393e+04 5.195771e+07
<GCONST> 7.471785e+01
<MIXTURE> 9 5.288716e-02
<MEAN> 6
 9.141692e+01 5.032117e+01 8.042585e+01 1.556677e+01 -6.017276e+02 5.469670e+02
<VARIANCE> 6
 2.029149e+02 6.473396e+04 5.957870e+04 1.343861e+04 2.503589e+05 8.174330e+07
<GCONST> 7.856877e+01
<MIXTURE> 10 8.282170e-02
<MEAN> 6
 1.303585e+01 7.619224e+01 2.335324e+01 2.346677e+02 1.928224e+02 -3.035670e+03
<VARIANCE> 6
 7.299434e+02 1.082548e+05 3.241238e+04 5.913134e+03 2.013085e+05 5.195771e+07
<GCONST> 7.826224e+01
<MIXTURE> 11 6.150478e-02
<MEAN> 6
 7.034823e+01 4.172102e+01 -1.773535e+02 9.760780e-01 -4.071656e-01 -1.746695e+02
<VARIANCE> 6
 7.751286e+01 5.647312e+04 3.159604e+04 3.028640e+02 4.053393e+04 5.195771e+07
<GCONST> 7.076913e+01
<MIXTURE> 12 5.242689e-02
<MEAN> 6
 6.607345e+01 -1.217955e+01 8.157515e+01 -2.239515e+02 -1.053865e+03 1.670422e+02
<VARIANCE> 6
 2.246324e+02 8.507548e+04 1.233171e+05 5.762535e+03 3.958550e+05 8.546502e+07
<GCONST> 7.932710e+01
<MIXTURE> 13 6.231619e-02
<MEAN> 6
 -5.586674e+01 6.854208e+01 1.705489e+01 6.163396e+00 2.102445e+02 3.892284e+02
<VARIANCE> 6
 1.788021e+02 9.394407e+04 8.218182e+04 7.684833e+02 8.365580e+04 5.195771e+07
<GCONST> 7.472551e+01
<MIXTURE> 14 6.295986e-02
<MEAN> 6
 -5.576842e+01 5.322027e+01 -6.975669e+01 3.184373e+01 1.194988e+03 -4.676778e+03
<VARIANCE> 6
 3.838472e+02 1.007264e+05 3.150428e+05 2.460133e+04 4.168468e+05 2.515821e+08
<GCONST> 8.355244e+01
<MIXTURE> 15 5.594014e-02
<MEAN> 6
 8.954327e+01 -4.588203e+01 -4.733562e+00 -1.831413e+01 -7.620176e+02 -2.763121e+03
<VARIANCE> 6
 1.866611e+02 7.115154e+04 4.264717e+04 1.342529e+04 1.972873e+05 8.179440e+07
<GCONST> 7.800687e+01
<STATE> 3
<NUMMIXES> 15
<MIXTURE> 1 7.436410e-02
<MEAN> 6
 1.245580e+02 3.771934e+02 2.153728e+02 -5.499534e+00 -1.242966e+01 1.725019e+02
<VARIANCE> 6
 3.185140e+01 1.018169e+05 1.398304e+04 3.028640e+02 4.053393e+04 5.195771e+07
<GCONST> 6.965399e+01
<MIXTURE> 2 4.901022e-02
<MEAN> 6
 9.728555e+01 8.003760e+02 2.471937e+02 -4.364625e+00 -2.958595e+00 5.329859e+01
<VARIANCE> 6
 3.185140e+01 9.945479e+03 1.398304e+04 3.028640e+02 4.053393e+04 5.195771e+07
<GCONST> 6.732794e+01
<MIXTURE> 3 8.082878e-02
<MEAN> 6
 1.128724e+02 -8.455135e+02 1.484781e+02 -5.102224e+00 -6.260640e+00 -1.246033e+02
<VARIANCE> 6
 5.113538e+01 6.766491e+04 1.856115e+04 3.028640e+02 4.053393e+04 5.195771e+07
<GCONST> 7.000201e+01
<MIXTURE> 4 3.846450e-02
<MEAN> 6
 1.333660e+02 -3.351193e+02 9.988116e+01 -2.263339e+01 2.652854e+01 6.812998e+01
<VARIANCE> 6
 1.001445e+02 2.286450e+06 1.398304e+04 1.052734e+03 1.473432e+05 5.729302e+07
<GCONST> 7.654535e+01
<MIXTURE> 5 3.001293e-02
<MEAN> 6
 8.814590e+01 3.551394e+02 1.711015e+02 -3.200725e+00 4.053834e-01 2.581576e+02
<VARIANCE> 6
 3.185140e+01 1.711785e+04 1.398304e+04 3.028640e+02 4.053393e+04 5.195771e+07
<GCONST> 6.787094e+01
<MIXTURE> 6 8.600201e-02
<MEAN> 6
 9.810984e+01 -6.089365e+02 4.437625e+02 -1.659962e+00 -1.528020e+01 3.113874e+01
<VARIANCE> 6
 3.185140e+01 9.945479e+03 5.524719e+04 3.028640e+02 4.053393e+04 5.195771e+07
<GCONST> 6.870191e+01
<MIXTURE> 7 7.400255e-02
<MEAN> 6
 9.936531e+01 -7.815362e+01 -4.190539e+01 -5.024614e+00 2.327585e+00 5.503732e+01
<VARIANCE> 6
 3.207471e+01 9.945479e+03 1.398304e+04 3.028640e+02 4.053393e+04 5.195771e+07
<GCONST> 6.733492e+01
<MIXTURE> 8 6.375470e-02
<MEAN> 6
 1.018519e+02 -6.564736e+02 -1.286846e+02 -2.843291e+00 3.271083e+00 4.405374e+01
<VARIANCE> 6
 5.888726e+01 9.945479e+03 1.398304e+04 3.028640e+02 4.053393e+04 5.195771e+07
<GCONST> 6.794248e+01
<MIXTURE> 9 8.903914e-02
<MEAN> 6
 9.588551e+01 1.222593e+02 1.135620e+02 -3.680924e+00 3.051784e-01 1.042093e+02
<VARIANCE> 6
 3.185140e+01 9.945479e+03 1.398304e+04 3.028640e+02 4.053393e+04 5.195771e+07
<GCONST> 6.732794e+01
<MIXTURE> 10 5.773034e-02
<MEAN> 6
 1.092863e+02 5.696693e+00 3.139923e+02 -2.437843e+00 -4.832894e+00 3.606704e+01
<VARIANCE> 6
 3.185140e+01 9.945479e+03 1.398304e+04 3.028640e+02 4.053393e+04 5.195771e+07
<GCONST> 6.732794e+01
<MIXTURE> 11 6.632289e-02
<MEAN> 6
 1.021255e+02 -8.561640e+02 -1.206923e+02 -3.953375e+00 4.457159e+00 3.600466e+02
<VARIANCE> 6
 3.185140e+01 1.583559e+04 1.687861e+04 3.028640e+02 4.053393e+04 5.195771e+07
<GCONST> 6.798128e+01
<MIXTURE> 12 8.710171e-02
<MEAN> 6
 1.085947e+02 -1.893690e+02 2.950631e+02 -5.901842e+00 -1.532175e+01 1.141046e+02
<VARIANCE> 6
 3.185140e+01 3.882548e+04 3.601970e+04 3.028640e+02 4.053393e+04 5.195771e+07
<GCONST> 6.963612e+01
<MIXTURE> 13 8.307994e-02
<MEAN> 6
 9.611018e+01 1.077432e+02 1.054486e+02 -3.636959e+00 -1.012944e-01 9.537280e+01
<VARIANCE> 6
 3.185140e+01 9.945479e+03 1.398304e+04 3.028640e+02 4.053393e+04 5.195771e+07
<GCONST> 6.732794e+01
<MIXTURE> 14 6.178212e-02
<MEAN> 6
 9.163400e+01 7.814647e+02 1.681387e+02 -2.457697e+00 1.020302e+00 1.977952e+01
<VARIANCE> 6
 3.185140e+01 1.700812e+04 1.398304e+04 3.028640e+02 4.053393e+04 5.195771e+07
<GCONST> 6.786451e+01
<MIXTURE> 15 5.847755e-02
<MEAN> 6
 1.096552e+02 -3.341481e+01 2.671950e+02 -3.516275e+00 -6.150284e+00 1.591175e+02
<VARIANCE> 6
 3.185140e+01 9.945479e+03 1.398304e+04 3.028640e+02 4.053393e+04 5.195771e+07
<GCONST> 6.732794e+01
<STATE> 4
<NUMMIXES> 15
<MIXTURE> 1 5.377958e-02
<MEAN> 6
 7.915489e+01 8.876411e+01 1.452616e+02 -1.667191e+00 -4.289885e+01 -1.107496e+02
<VARIANCE> 6
 3.185140e+01 1.347576e+04 1.398304e+04 3.028640e+02 4.053393e+04 5.195771e+07
<GCONST> 6.763171e+01
<MIXTURE> 2 7.535649e-02
<MEAN> 6
 7.227860e+01 1.725200e+02 -2.039114e+02 -1.356756e+00 6.496604e+00 3.077081e+01
<VARIANCE> 6
 3.185140e+01 9.945479e+03 1.398304e+04 3.028640e+02 4.053393e+04 5.195771e+07
<GCONST> 6.732794e+01
<MIXTURE> 3 8.047992e-02
<MEAN> 6
 8.965423e+01 -1.890593e+02 1.261307e+02 -3.148714e+00 2.520044e+00 -2.298702e+01
<VARIANCE> 6
 3.185140e+01 9.945479e+03 1.398304e+04 3.028640e+02 4.053393e+04 5.195771e+07
<GCONST> 6.732794e+01
<MIXTURE> 4 8.346514e-02
<MEAN> 6
 7.826945e+01 4.336621e+01 -3.558153e+02 -4.449626e+00 1.896474e+00 8.134198e+00
<VARIANCE> 6
 3.185140e+01 9.945479e+03 1.398304e+04 3.028640e+02 4.053393e+04 5.195771e+07
<GCONST> 6.732794e+01
<MIXTURE> 5 1.027826e-01
<MEAN> 6
 7.205748e+01 -1.865778e+01 1.614875e+02 -2.521508e+00 -6.399179e+00 -9.230856e+01
<VARIANCE> 6
 3.185140e+01 9.945479e+03 1.398304e+04 3.028640e+02 4.053393e+04 5.195771e+07
<GCONST> 6.732794e+01
<MIXTURE> 6 3.275587e-03
<MEAN> 6
 7.683012e+01 1.487467e+02 8.997210e+01 5.594657e+00 4.357278e+02 1.356036e+03
<VARIANCE> 6
 1.865811e+02 9.595522e+05 4.140141e+05 4.978772e+02 2.327894e+05 8.993305e+07
<GCONST> 7.984682e+01
<MIXTURE> 7 5.573837e-02
<MEAN> 6
 7.155891e+01 -2.112405e+02 1.078568e+02 -3.623609e+00 3.034345e+00 -3.377286e+01
<VARIANCE> 6
 3.185140e+01 9.945479e+03 1.398304e+04 3.028640e+02 4.053393e+04 5.195771e+07
<GCONST> 6.732794e+01
<MIXTURE> 8 3.363200e-02
<MEAN> 6
 8.615028e+01 -3.933028e+02 2.956892e+02 -7.652198e+00 2.018404e+01 5.112531e+02
<VARIANCE> 6
 3.185140e+01 1.485255e+04 1.642256e+04 3.028640e+02 4.053393e+04 5.195771e+07
<GCONST> 6.788980e+01
<MIXTURE> 9 6.300762e-02
<MEAN> 6
 7.350900e+01 -1.117741e+01 1.579953e+02 -2.513443e+00 -8.410777e+00 -8.163698e+01
<VARIANCE> 6
 3.185140e+01 9.945479e+03 1.398304e+04 3.028640e+02 4.053393e+04 5.195771e+07
<GCONST> 6.732794e+01
<MIXTURE> 10 1.018762e-01
<MEAN> 6
 7.199446e+01 -1.880437e+01 1.615573e+02 -2.530462e+00 -6.344134e+00 -9.224483e+01
<VARIANCE> 6
 3.185140e+01 9.945479e+03 1.398304e+04 3.028640e+02 4.053393e+04 5.195771e+07
<GCONST> 6.732794e+01
<MIXTURE> 11 6.831910e-02
<MEAN> 6
 8.795039e+01 -3.931259e+02 1.204472e+02 -4.228754e+00 4.440512e+00 -2.242555e+01
<VARIANCE> 6
 3.185140e+01 1.038092e+04 1.398304e+04 3.028640e+02 4.053393e+04 5.195771e+07
<GCONST> 6.737079e+01
<MIXTURE> 12 7.910994e-02
<MEAN> 6
 8.977777e+01 -2.022752e+02 1.299902e+02 -3.503260e+00 3.399317e+00 -1.773527e+01
<VARIANCE> 6
 3.185140e+01 9.945479e+03 1.398304e+04 3.028640e+02 4.053393e+04 5.195771e+07
<GCONST> 6.732794e+01
<MIXTURE> 13 7.898372e-02
<MEAN> 6
 7.298343e+01 1.608013e+02 -2.311991e+02 -1.104551e+00 6.100245e+00 1.080339e+01
<VARIANCE> 6
 3.185140e+01 9.945479e+03 1.398304e+04 3.028640e+02 4.053393e+04 5.195771e+07
<GCONST> 6.732794e+01
<MIXTURE> 14 6.430902e-02
<MEAN> 6
 7.203302e+01 -2.029057e+01 1.613826e+02 -2.492294e+00 -6.389169e+00 -9.565072e+01
<VARIANCE> 6
 3.185140e+01 9.945479e+03 1.398304e+04 3.028640e+02 4.053393e+04 5.195771e+07
<GCONST> 6.732794e+01
<MIXTURE> 15 5.583137e-02
<MEAN> 6
 7.874303e+01 3.481441e+01 1.152793e+02 -3.333395e+00 -3.414133e+01 -7.674790e+01
<VARIANCE> 6
 3.185140e+01 9.945479e+03 1.398304e+04 3.028640e+02 4.053393e+04 5.195771e+07
<GCONST> 6.732794e+01
<STATE> 5
<NUMMIXES> 15
<MIXTURE> 1 5.061134e-02
<MEAN> 6
 7.904433e+01 1.516643e+03 4.535820e+02 -1.608360e+00 -8.078462e+00 -2.578951e+02
<VARIANCE> 6
 3.185140e+01 1.144894e+04 1.398304e+04 3.028640e+02 4.053393e+04 5.195771e+07
<GCONST> 6.746872e+01
<MIXTURE> 2 9.506736e-02
<MEAN> 6
 6.537515e+01 9.557444e+02 -1.439166e+02 1.074448e-01 1.065334e+00 -7.463316e+01
<VARIANCE> 6
 3.185140e+01 9.945479e+03 1.398304e+04 3.028640e+02 4.053393e+04 5.195771e+07
<GCONST> 6.732794e+01
<MIXTURE> 3 8.730222e-02
<MEAN> 6
 7.141696e+01 1.313623e+03 -1.120019e+03 6.475673e-01 -5.346086e+00 -1.413318e+02
<VARIANCE> 6
 3.185140e+01 9.945479e+03 1.398304e+04 3.028640e+02 4.053393e+04 5.195771e+07
<GCONST> 6.732794e+01
<MIXTURE> 4 5.742191e-02
<MEAN> 6
 6.934006e+01 1.184241e+03 7.301859e+02 5.498771e-01 8.111698e+00 -3.872100e+01
<VARIANCE> 6
 3.185140e+01 1.635205e+04 1.398304e+04 3.028640e+02 4.053393e+04 5.195771e+07
<GCONST> 6.782517e+01
<MIXTURE> 5 5.741655e-02
<MEAN> 6
 4.659967e+01 4.459878e+02 -8.766315e+01 4.710782e+00 4.360127e+01 -2.236239e+02
<VARIANCE> 6
 3.185140e+01 9.945479e+03 1.398304e+04 3.028640e+02 4.053393e+04 5.195771e+07
<GCONST> 6.732794e+01
<MIXTURE> 6 4.211100e-02
<MEAN> 6
 6.524288e+01 8.325519e+02 -1.623076e+02 -4.880140e-01 -5.292159e+00 -1.454445e+02
<VARIANCE> 6
 3.185140e+01 1.281839e+04 1.398304e+04 3.028640e+02 4.053393e+04 5.195771e+07
<GCONST> 6.758170e+01
<MIXTURE> 7 9.212073e-02
<MEAN> 6
 7.141696e+01 1.313623e+03 -1.120019e+03 6.475674e-01 -5.346069e+00 -1.413293e+02
<VARIANCE> 6
 3.185140e+01 9.945479e+03 1.398304e+04 3.028640e+02 4.053393e+04 5.195771e+07
<GCONST> 6.732794e+01
<MIXTURE> 8 5.277093e-02
<MEAN> 6
 8.813115e+01 5.330893e+02 3.630010e+02 -2.209972e+00 7.278276e+00 -1.419664e+02
<VARIANCE> 6
 3.185140e+01 2.496366e+05 5.441771e+04 3.028640e+02 4.053393e+04 5.195771e+07
<GCONST> 7.190967e+01
<MIXTURE> 9 6.897631e-02
<MEAN> 6
 7.075002e+01 8.905059e+02 6.764702e+02 4.954299e-01 9.810184e-01 -8.446596e+01
<VARIANCE> 6
 3.185140e+01 9.945479e+03 1.398304e+04 3.028640e+02 4.053393e+04 5.195771e+07
<GCONST> 6.732794e+01
<MIXTURE> 10 7.426430e-02
<MEAN> 6
 8.384167e+01 1.080827e+03 2.731281e+02 -8.274677e-01 -6.852102e+00 -3.066341e+02
<VARIANCE> 6
 3.185140e+01 9.945479e+03 1.398304e+04 3.028640e+02 4.053393e+04 5.195771e+07
<GCONST> 6.732794e+01
<MIXTURE> 11 9.575927e-02
<MEAN> 6
 6.537929e+01 9.543730e+02 -1.444300e+02 1.019987e-01 1.011200e+00 -7.283739e+01
<VARIANCE> 6
 3.185140e+01 9.945479e+03 1.398304e+04 3.028640e+02 4.053393e+04 5.195771e+07
<GCONST> 6.732794e+01
<MIXTURE> 12 7.565843e-02
<MEAN> 6
 8.340324e+01 1.001809e+03 3.346177e+02 -1.645180e+00 -2.230745e+00 -5.547565e+01
<VARIANCE> 6
 3.185140e+01 9.945479e+03 1.398304e+04 3.028640e+02 4.053393e+04 5.195771e+07
<GCONST> 6.732794e+01
<MIXTURE> 13 5.389397e-02
<MEAN> 6
 7.166486e+01 7.643569e+02 6.320612e+02 6.002338e-01 -1.447291e+01 -2.475389e+02
<VARIANCE> 6
 3.185140e+01 9.945479e+03 1.398304e+04 3.028640e+02 4.053393e+04 5.195771e+07
<GCONST> 6.732794e+01
<MIXTURE> 14 4.602380e-02
<MEAN> 6
 6.497677e+01 7.612886e+02 -1.623979e+02 -9.130115e-01 -1.260617e+01 -3.130876e+02
<VARIANCE> 6
 3.185140e+01 9.945479e+03 1.398304e+04 3.028640e+02 4.053393e+04 5.195771e+07
<GCONST> 6.732794e+01
<MIXTURE> 15 5.058855e-02
<MEAN> 6
 7.955994e+01 1.456197e+03 4.583639e+02 -1.523071e+00 -4.682368e+00 -1.675158e+02
<VARIANCE> 6
 3.185140e+01 1.762612e+04 1.398304e+04 3.028640e+02 4.053393e+04 5.195771e+07
<GCONST> 6.790020e+01
<STATE> 6
<NUMMIXES> 15
<MIXTURE> 1 2.535167e-02
<MEAN> 6
 9.497035e+01 4.240800e+02 -1.774886e+02 4.085169e+01 -4.492885e+01 -4.319292e+03
<VARIANCE> 6
 4.878982e+01 1.504684e+05 1.947453e+04 3.028640e+02 7.221355e+04 5.195771e+07
<GCONST> 7.137976e+01
<MIXTURE> 2 3.011914e-02
<MEAN> 6
 9.720540e+01 1.565090e+03 -2.035070e+02 -4.805834e+00 2.224672e+00 -1.490628e+01
<VARIANCE> 6
 3.185140e+01 4.667844e+05 1.398304e+04 3.028640e+02 4.053393e+04 5.195771e+07
<GCONST> 7.117669e+01
<MIXTURE> 3 5.090523e-02
<MEAN> 6
 9.707938e+01 -1.880340e+01 -4.861805e+02 -7.934411e-01 -7.327484e+00 -8.983701e+01
<VARIANCE> 6
 3.185140e+01 1.582856e+04 1.398304e+04 3.028640e+02 4.053393e+04 5.195771e+07
<GCONST> 6.779263e+01
<MIXTURE> 4 1.184688e-01
<MEAN> 6
 9.738435e+01 -4.063820e+02 -5.246631e+02 5.946486e-01 -3.256297e+00 -1.240056e+02
<VARIANCE> 6
 3.185140e+01 9.945479e+03 1.398304e+04 3.028640e+02 4.053393e+04 5.195771e+07
<GCONST> 6.732794e+01
<MIXTURE> 5 4.238662e-02
<MEAN> 6
 1.131280e+02 -5.802947e+02 -4.548150e+02 -1.959229e+00 -1.520408e+01 1.471886e+01
<VARIANCE> 6
 5.538379e+01 4.817930e+04 1.398304e+04 3.028640e+02 4.053393e+04 5.195771e+07
<GCONST> 6.945895e+01
<MIXTURE> 6 6.321999e-02
<MEAN> 6
 9.339518e+01 2.141244e+02 -2.803732e+02 -9.696998e-01 7.250499e+01 3.643664e+02
<VARIANCE> 6
 3.185140e+01 1.065606e+04 4.307774e+04 3.028640e+02 6.291042e+04 5.195771e+07
<GCONST> 6.896169e+01
<MIXTURE> 7 1.288985e-01
<MEAN> 6
 1.067369e+02 5.531437e+01 -3.819823e+02 -2.348797e+00 -1.560731e+01 -4.178244e+01
<VARIANCE> 6
 3.185140e+01 1.090613e+04 1.398304e+04 3.028640e+02 4.053393e+04 5.195771e+07
<GCONST> 6.742014e+01
<MIXTURE> 8 5.408887e-02
<MEAN> 6
 1.053756e+02 1.063622e+03 -4.318594e+02 -3.388350e+00 -6.495746e+00 2.293736e+02
<VARIANCE> 6
 3.185140e+01 9.945479e+03 1.431281e+04 3.028640e+02 4.053393e+04 5.195771e+07
<GCONST> 6.735125e+01
<MIXTURE> 9 7.211815e-02
<MEAN> 6
 9.321112e+01 2.863630e+02 -4.646579e+02 -9.646038e-01 1.072899e+01 1.061250e+02
<VARIANCE> 6
 3.185140e+01 9.945479e+03 2.653099e+04 3.028640e+02 4.053393e+04 5.195771e+07
<GCONST> 6.796841e+01
<MIXTURE> 10 7.351905e-02
<MEAN> 6
 9.514892e+01 6.365194e+02 -1.380855e+02 -7.237970e-01 -1.148608e+01 2.532577e+02
<VARIANCE> 6
 3.185140e+01 1.535426e+04 1.398304e+04 3.028640e+02 4.053393e+04 5.195771e+07
<GCONST> 6.776221e+01
<MIXTURE> 11 6.937868e-02
<MEAN> 6
 9.105550e+01 -9.353105e+01 -4.021777e+02 -4.678070e+00 2.482631e+00 5.702515e+01
<VARIANCE> 6
 6.135117e+01 9.945479e+03 1.398304e+04 3.028640e+02 4.053393e+04 5.195771e+07
<GCONST> 6.798347e+01
<MIXTURE> 12 6.078082e-02
<MEAN> 6
 8.757644e+01 -5.338824e+02 -3.710549e+02 -1.973191e+00 1.329543e+01 -3.942400e+01
<VARIANCE> 6
 3.185140e+01 9.945479e+03 1.398304e+04 3.028640e+02 4.053393e+04 5.195771e+07
<GCONST> 6.732794e+01
<MIXTURE> 13 7.110123e-02
<MEAN> 6
 9.508536e+01 2.700197e+02 -6.058108e+02 -2.473929e+00 2.685710e+00 1.670486e+01
<VARIANCE> 6
 3.185140e+01 9.945479e+03 1.405831e+04 3.028640e+02 4.053393e+04 5.195771e+07
<GCONST> 6.733331e+01
<MIXTURE> 14 6.255843e-02
<MEAN> 6
 1.015019e+02 5.170291e+02 -2.588300e+02 -8.995378e+00 -9.014300e+01 1.092103e+03
<VARIANCE> 6
 4.252044e+01 2.466964e+04 1.398304e+04 3.899672e+02 4.053393e+04 5.195771e+07
<GCONST> 6.877808e+01
<MIXTURE> 15 7.707440e-02
<MEAN> 6
 9.315839e+01 2.010529e+02 -2.741053e+02 -4.348524e-01 5.365619e+00 1.720794e+02
<VARIANCE> 6
 3.185140e+01 9.945479e+03 1.540426e+04 3.028640e+02 4.053393e+04 5.195771e+07
<GCONST> 6.742474e+01
<STATE> 7
<NUMMIXES> 15
<MIXTURE> 1 2.916216e-03
<MEAN> 6
 8.668216e+01 -2.128165e+02 1.724648e+01 6.128229e-03 -1.632648e+02 -3.733889e+03
<VARIANCE> 6
 3.000428e+02 1.698016e+06 7.132538e+05 5.091667e+02 1.033881e+05 5.882942e+07
<GCONST> 8.022292e+01
<MIXTURE> 2 8.015528e-02
<MEAN> 6
 6.423658e+01 -1.003722e+03 1.345112e+03 1.436988e+00 -2.354563e+00 -3.094739e+02
<VARIANCE> 6
 3.185140e+01 9.945479e+03 1.398304e+04 3.028640e+02 4.053393e+04 5.195771e+07
<GCONST> 6.732794e+01
<MIXTURE> 3 6.421609e-02
<MEAN> 6
 7.635707e+01 -2.744774e+02 -1.020077e+03 -6.270795e-01 2.572871e+00 -9.725360e+01
<VARIANCE> 6
 3.185140e+01 9.945479e+03 1.398304e+04 3.028640e+02 4.053393e+04 5.195771e+07
<GCONST> 6.732794e+01
<MIXTURE> 4 7.839829e-02
<MEAN> 6
 7.785140e+01 -1.825969e+03 -7.972456e+02 8.280126e-01 -3.293601e+00 -2.453050e+02
<VARIANCE> 6
 3.185140e+01 3.151341e+04 1.398304e+04 3.028640e+02 4.053393e+04 5.195771e+07
<GCONST> 6.848123e+01
<MIXTURE> 5 3.247343e-02
<MEAN> 6
 6.501437e+01 -9.616789e+02 6.300913e+02 9.664176e-02 1.838758e+01 9.405249e+00
<VARIANCE> 6
 3.185140e+01 9.945479e+03 2.279116e+04 3.028640e+02 4.053393e+04 5.195771e+07
<GCONST> 6.781647e+01
<MIXTURE> 6 8.312236e-02
<MEAN> 6
 7.180889e+01 -4.534916e+02 -8.057878e+02 -7.481524e-01 -8.940207e+00 -1.422573e+02
<VARIANCE> 6
 3.185140e+01 9.945479e+03 1.398304e+04 3.028640e+02 4.053393e+04 5.195771e+07
<GCONST> 6.732794e+01
<MIXTURE> 7 9.483081e-02
<MEAN> 6
 7.644668e+01 -8.806446e+02 6.561580e+01 -2.176288e+00 -1.672904e+00 4.691208e+02
<VARIANCE> 6
 3.185140e+01 2.951255e+04 9.837188e+04 3.028640e+02 4.053393e+04 5.195771e+07
<GCONST> 7.036655e+01
<MIXTURE> 8 8.855249e-02
<MEAN> 6
 6.553004e+01 -9.018849e+02 1.116211e+03 -6.606822e-01 -8.597771e+00 -1.110315e+02
<VARIANCE> 6
 3.185140e+01 9.945479e+03 1.398304e+04 3.028640e+02 4.053393e+04 5.195771e+07
<GCONST> 6.732794e+01
<MIXTURE> 9 8.743463e-02
<MEAN> 6
 8.380235e+01 -1.212798e+03 -4.568434e+02 -2.419554e+00 -1.362727e+01 8.081947e+01
<VARIANCE> 6
 3.185140e+01 4.875741e+04 1.398304e+04 3.028640e+02 4.053393e+04 5.195771e+07
<GCONST> 6.891768e+01
<MIXTURE> 10 8.265692e-02
<MEAN> 6
 7.180889e+01 -4.534916e+02 -8.057878e+02 -7.481531e-01 -8.940208e+00 -1.422569e+02
<VARIANCE> 6
 3.185140e+01 9.945479e+03 1.398304e+04 3.028640e+02 4.053393e+04 5.195771e+07
<GCONST> 6.732794e+01
<MIXTURE> 11 6.029717e-02
<MEAN> 6
 7.406453e+01 -1.053435e+03 2.860931e+02 1.337830e+00 2.035139e+01 -4.622323e+02
<VARIANCE> 6
 3.185140e+01 1.327685e+04 7.142905e+04 3.028640e+02 4.053393e+04 5.195771e+07
<GCONST> 6.924770e+01
<MIXTURE> 12 3.248147e-02
<MEAN> 6
 5.396630e+01 -7.854276e+02 1.094689e+03 -7.397446e+00 2.475434e+01 -1.539691e+02
<VARIANCE> 6
 3.185140e+01 9.945479e+03 1.398304e+04 6.054340e+02 4.053393e+04 5.195771e+07
<GCONST> 6.802060e+01
<MIXTURE> 13 6.432416e-02
<MEAN> 6
 7.635709e+01 -2.744852e+02 -1.020078e+03 -6.271217e-01 2.572366e+00 -9.724578e+01
<VARIANCE> 6
 3.185140e+01 9.945479e+03 1.398304e+04 3.028640e+02 4.053393e+04 5.195771e+07
<GCONST> 6.732794e+01
<MIXTURE> 14 8.791630e-02
<MEAN> 6
 6.552991e+01 -9.018602e+02 1.116163e+03 -6.614482e-01 -8.604282e+00 -1.110861e+02
<VARIANCE> 6
 3.185140e+01 9.945479e+03 1.398304e+04 3.028640e+02 4.053393e+04 5.195771e+07
<GCONST> 6.732794e+01
<MIXTURE> 15 6.020639e-02
<MEAN> 6
 7.410689e+01 -1.061567e+03 2.106944e+02 1.091687e+00 1.372788e+01 -3.461990e+02
<VARIANCE> 6
 3.185140e+01 1.042185e+04 7.146598e+04 3.028640e+02 4.053393e+04 5.195771e+07
<GCONST> 6.900610e+01
<STATE> 8
<NUMMIXES> 15
<MIXTURE> 1 5.954208e-02
<MEAN> 6
 7.920872e+01 -8.386957e+02 4.093124e+03 -1.361090e+00 -4.782869e+00 -3.442446e+01
<VARIANCE> 6
 3.185140e+01 1.301396e+05 3.901034e+05 3.028640e+02 4.053393e+04 5.195771e+07
<GCONST> 7.322800e+01
<MIXTURE> 2 8.946952e-02
<MEAN> 6
 8.965540e+01 -3.858097e+02 9.406151e+02 -3.529019e+00 4.507603e+00 2.322671e+01
<VARIANCE> 6
 3.185140e+01 1.138851e+06 3.065351e+04 3.028640e+02 4.053393e+04 5.195771e+07
<GCONST> 7.285350e+01
<MIXTURE> 3 5.791454e-02
<MEAN> 6
 7.601295e+01 4.428648e+02 -2.110606e+03 2.151251e+00 -4.835655e+00 -5.870464e+01
<VARIANCE> 6
 3.185140e+01 9.945479e+03 1.398304e+04 3.028640e+02 4.053393e+04 5.195771e+07
<GCONST> 6.732794e+01
<MIXTURE> 4 6.993791e-02
<MEAN> 6
 7.375375e+01 3.341450e+02 7.669698e+02 -1.820837e+00 -4.791333e-01 4.896246e+01
<VARIANCE> 6
 3.185140e+01 3.447155e+04 2.462305e+04 3.028640e+02 4.053393e+04 5.195771e+07
<GCONST> 6.913680e+01
<MIXTURE> 5 6.108604e-02
<MEAN> 6
 7.522849e+01 -8.923896e+03 1.476627e+03 -2.566950e+00 -5.603507e+00 -3.657583e+01
<VARIANCE> 6
 3.185140e+01 1.956164e+04 1.770779e+05 3.028640e+02 4.053393e+04 5.195771e+07
<GCONST> 7.054314e+01
<MIXTURE> 6 8.958677e-02
<MEAN> 6
 9.985728e+01 -3.128083e+03 -1.212934e+02 -3.500822e+00 -2.014866e+00 -1.891675e+02
<VARIANCE> 6
 3.185140e+01 5.841364e+05 1.820022e+04 3.028640e+02 4.053393e+04 5.195771e+07
<GCONST> 7.166454e+01
<MIXTURE> 7 9.041569e-02
<MEAN> 6
 6.834438e+01 4.172215e+01 -9.396049e+02 -1.899017e-01 -3.568663e+00 -1.160033e+02
<VARIANCE> 6
 3.185140e+01 9.945479e+03 3.883504e+04 3.028640e+02 4.053393e+04 5.195771e+07
<GCONST> 6.834941e+01
<MIXTURE> 8 6.183086e-02
<MEAN> 6
 5.337533e+01 -4.740213e+02 2.577270e+03 2.645967e-01 -7.468601e+00 -1.101940e+02
<VARIANCE> 6
 3.185140e+01 9.945479e+03 2.455986e+04 3.028640e+02 4.053393e+04 5.195771e+07
<GCONST> 6.789120e+01
<MIXTURE> 9 9.141614e-02
<MEAN> 6
 7.722569e+01 2.748686e+03 1.522631e+02 -1.984511e+00 -9.064325e+00 -9.430435e+01
<VARIANCE> 6
 3.185140e+01 5.494296e+04 1.132642e+05 3.028640e+02 4.053393e+04 5.195771e+07
<GCONST> 7.112899e+01
<MIXTURE> 10 4.203677e-02
<MEAN> 6
 6.452797e+01 3.170318e+02 1.491614e+01 -1.923301e+00 -5.937310e+00 -1.067505e+02
<VARIANCE> 6
 3.185140e+01 9.945479e+03 2.452998e+05 3.028640e+02 4.053393e+04 5.195771e+07
<GCONST> 7.019257e+01
<MIXTURE> 11 5.277849e-02
<MEAN> 6
 8.084818e+01 1.484160e+02 -2.257230e+03 3.215561e-01 -1.052572e+01 -4.956695e+01
<VARIANCE> 6
 3.185140e+01 1.522555e+04 4.324637e+04 3.028640e+02 4.053393e+04 5.195771e+07
<GCONST> 6.888286e+01
<MIXTURE> 12 6.840976e-02
<MEAN> 6
 7.276288e+01 -7.800023e+02 1.853024e+03 -1.720509e+00 -2.236181e+00 -1.097124e+02
<VARIANCE> 6
 3.185140e+01 3.148444e+04 2.443314e+04 3.289814e+02 4.053393e+04 5.195771e+07
<GCONST> 6.912112e+01
<MIXTURE> 13 6.883577e-02
<MEAN> 6
 6.058806e+01 1.639246e+02 7.509345e+02 -1.189898e+00 5.231204e+00 3.194026e+01
<VARIANCE> 6
 3.185140e+01 9.945479e+03 5.540385e+05 3.028640e+02 4.053393e+04 5.195771e+07
<GCONST> 7.100732e+01
<MIXTURE> 14 4.456394e-02
<MEAN> 6
 6.534772e+01 -5.193918e+02 1.473814e+03 -9.502726e-01 -6.059351e+00 -1.964816e+02
<VARIANCE> 6
 3.185140e+01 9.945479e+03 1.398304e+04 3.028640e+02 4.053393e+04 5.195771e+07
<GCONST> 6.732794e+01
<MIXTURE> 15 5.216928e-02
<MEAN> 6
 7.899191e+01 7.562637e+01 -2.119320e+03 8.221847e-02 -8.809343e+00 -9.997540e+01
<VARIANCE> 6
 3.185140e+01 9.945479e+03 7.301666e+04 3.028640e+02 4.053393e+04 5.195771e+07
<GCONST> 6.898078e+01
<STATE> 9
<NUMMIXES> 15
<MIXTURE> 1 8.398929e-03
<MEAN> 6
 -4.044867e+00 -4.452671e+02 1.226647e+01 1.208884e+01 8.953101e+01 6.190007e+03
<VARIANCE> 6
 8.901044e+03 7.043849e+05 1.214525e+06 1.626320e+06 8.872666e+08 1.285210e+12
<GCONST> 1.103836e+02
<MIXTURE> 2 8.485618e-02
<MEAN> 6
 -4.354394e+01 3.172209e+01 9.469096e+01 1.293735e+02 8.302302e+02 -1.734449e+03
<VARIANCE> 6
 3.840337e+02 4.337287e+05 2.914641e+05 1.314396e+04 2.042578e+05 7.133090e+07
<GCONST> 8.233453e+01
<MIXTURE> 3 3.289007e-02
<MEAN> 6
 3.958920e+01 1.017323e+03 -3.889657e+02 -3.193983e+01 -5.304742e+02 2.791217e+03
<VARIANCE> 6
 6.052260e+03 2.456910e+07 1.355637e+06 6.311102e+04 4.740308e+06 3.957170e+09
<GCONST> 9.939529e+01
<MIXTURE> 4 8.810386e-02
<MEAN> 6
 1.024279e+02 -5.482135e+01 6.332201e-01 -9.702951e+00 -3.468325e+01 -1.946422e+02
<VARIANCE> 6
 3.614971e+02 1.618454e+06 2.392068e+05 3.028640e+02 4.053393e+04 5.195771e+07
<GCONST> 7.768871e+01
<MIXTURE> 5 8.889312e-02
<MEAN> 6
 -4.741133e+01 -6.351764e+01 4.737216e+00 -8.375870e+01 1.403874e+03 4.012243e+02
<VARIANCE> 6
 6.341733e+02 5.197586e+05 1.838611e+06 4.936842e+04 1.079199e+06 7.863930e+08
<GCONST> 9.024699e+01
<MIXTURE> 6 1.004974e-01
<MEAN> 6
 2.786484e+01 7.266301e+01 8.527360e+01 2.409981e+02 -8.420159e+01 -3.088528e+03
<VARIANCE> 6
 7.841582e+02 4.731669e+05 3.347033e+05 7.396856e+03 1.946848e+05 6.036327e+07
<GCONST> 8.248392e+01
<MIXTURE> 7 5.928361e-02
<MEAN> 6
 -5.566339e+01 1.310744e+02 7.186438e+01 9.859755e+00 2.076438e+02 6.520960e+02
<VARIANCE> 6
 3.139629e+02 4.341999e+05 3.128088e+05 8.795812e+02 7.192302e+04 5.195771e+07
<GCONST> 7.813988e+01
<MIXTURE> 8 8.140672e-02
<MEAN> 6
 9.721054e+01 -2.262177e+01 -3.096074e+01 3.962295e+01 -8.807850e+02 -1.581215e+03
<VARIANCE> 6
 4.596307e+02 9.526543e+05 3.704430e+05 2.263212e+04 1.461530e+06 7.235500e+08
<GCONST> 8.836895e+01
<MIXTURE> 9 5.015103e-02
<MEAN> 6
 9.919037e+01 -1.440354e+02 3.193218e+02 -6.734593e+00 -3.070913e+01 -2.113494e+02
<VARIANCE> 6
 1.774353e+02 1.065174e+05 2.428502e+06 3.028640e+02 4.053393e+04 5.195771e+07
<GCONST> 7.657384e+01
<MIXTURE> 10 7.469563e-02
<MEAN> 6
 8.527003e+01 1.340804e+01 6.735609e+01 6.203934e+00 -4.903049e+02 -1.000314e+03
<VARIANCE> 6
 2.787327e+02 3.112426e+05 4.871897e+05 1.328762e+04 1.068418e+05 5.195771e+07
<GCONST> 8.124189e+01
<MIXTURE> 11 7.631956e-02
<MEAN> 6
 4.624099e+01 -9.360746e+01 -2.328425e+01 -1.026667e+02 -7.348486e+02 4.067272e+03
<VARIANCE> 6
 1.023645e+03 3.535537e+05 2.387388e+06 7.335501e+04 5.565503e+05 3.102939e+08
<GCONST> 8.940550e+01
<MIXTURE> 12 6.630801e-02
<MEAN> 6
 -2.048124e+01 2.597898e+01 -1.173986e+01 -1.499809e+02 4.177196e+02 2.902849e+03
<VARIANCE> 6
 9.731555e+02 3.282324e+05 2.322835e+05 2.312111e+04 2.406939e+05 1.440131e+08
<GCONST> 8.419019e+01
<MIXTURE> 13 7.720825e-02
<MEAN> 6
 7.716039e+01 4.186478e+02 -6.313764e+02 1.657435e+00 -2.456008e+01 -3.051635e+02
<VARIANCE> 6
 1.579708e+02 6.260339e+05 8.183554e+05 3.028640e+02 4.053393e+04 5.195771e+07
<GCONST> 7.714101e+01
<MIXTURE> 14 5.861639e-02
<MEAN> 6
 6.276294e+01 -5.533242e+01 1.186552e+01 -2.025317e+02 -7.879113e+02 3.721401e+02
<VARIANCE> 6
 7.583313e+02 4.390816e+05 2.108727e+05 8.783036e+03 2.957451e+05 6.061689e+07
<GCONST> 8.250774e+01
<MIXTURE> 15 5.188745e-02
<MEAN> 6
 -6.794703e+01 -4.463552e+00 -3.560977e+02 -4.377524e+00 1.465837e+02 -2.274729e+02
<VARIANCE> 6
 4.411458e+02 3.786752e+05 1.192782e+06 8.908596e+02 8.957835e+04 5.195771e+07
<GCONST> 7.991386e+01
<TRANSP> 10
 0.000000e+00 1.000000e+00 0.000000e+00 0.000000e+00 0.000000e+00 0.000000e+00 0.000000e+00 0.000000e+00 0.000000e+00 0.000000e+00
 0.000000e+00 9.999239e-01 7.607365e-05 0.000000e+00 0.000000e+00 0.000000e+00 0.000000e+00 0.000000e+00 0.000000e+00 0.000000e+00
 0.000000e+00 0.000000e+00 9.986596e-01 1.340389e-03 0.000000e+00 0.000000e+00 0.000000e+00 0.000000e+00 0.000000e+00 0.000000e+00
 0.000000e+00 0.000000e+00 0.000000e+00 9.981768e-01 1.823160e-03 0.000000e+00 0.000000e+00 0.000000e+00 0.000000e+00 0.000000e+00
 0.000000e+00 0.000000e+00 0.000000e+00 0.000000e+00 9.967839e-01 3.216027e-03 0.000000e+00 0.000000e+00 0.000000e+00 0.000000e+00
 0.000000e+00 0.000000e+00 0.000000e+00 0.000000e+00 0.000000e+00 9.978902e-01 2.109736e-03 0.000000e+00 0.000000e+00 0.000000e+00
 0.000000e+00 0.000000e+00 0.000000e+00 0.000000e+00 0.000000e+00 0.000000e+00 9.970709e-01 2.929102e-03 0.000000e+00 0.000000e+00
 0.000000e+00 0.000000e+00 0.000000e+00 0.000000e+00 0.000000e+00 0.000000e+00 0.000000e+00 9.989267e-01 1.073252e-03 0.000000e+00
 0.000000e+00 0.000000e+00 0.000000e+00 0.000000e+00 0.000000e+00 0.000000e+00 0.000000e+00 0.000000e+00 9.999033e-01 9.665203e-05
 0.000000e+00 0.000000e+00 0.000000e+00 0.000000e+00 0.000000e+00 0.000000e+00 0.000000e+00 0.000000e+00 0.000000e+00 0.000000e+00
<ENDHMM>
~h "SegundoESO"
<BEGINHMM>
<NUMSTATES> 10
<STATE> 2
<NUMMIXES> 15
<MIXTURE> 1 7.165860e-02
<MEAN> 6
 9.442340e+01 -4.019354e+03 6.135197e+03 -1.723553e+00 -1.018418e+01 -6.971593e+01
<VARIANCE> 6
 3.185140e+01 4.274834e+05 1.737462e+07 3.028640e+02 4.053393e+04 5.195771e+07
<GCONST> 7.821365e+01
<MIXTURE> 2 1.750390e-02
<MEAN> 6
 6.726926e+01 2.371992e+03 -3.802116e+02 1.014202e+02 -1.452216e+02 -2.377259e+03
<VARIANCE> 6
 7.987596e+02 5.273808e+06 9.644469e+05 1.460416e+04 6.598689e+05 1.397733e+08
<GCONST> 8.871229e+01
<MIXTURE> 3 6.551322e-02
<MEAN> 6
 8.346395e+01 -6.783898e+02 3.510110e+02 -3.641421e+00 -3.876981e+00 -8.498756e+01
<VARIANCE> 6
 3.185140e+01 1.107466e+04 2.368826e+05 3.028640e+02 4.053393e+04 5.195771e+07
<GCONST> 7.026520e+01
<MIXTURE> 4 5.854991e-02
<MEAN> 6
 8.801626e+01 -1.629471e+03 4.463593e+02 5.961131e-01 -7.241438e+00 -1.823190e+02
<VARIANCE> 6
 3.185140e+01 9.945479e+03 1.947907e+04 3.028640e+02 4.053393e+04 5.195771e+07
<GCONST> 6.765943e+01
<MIXTURE> 5 6.445347e-02
<MEAN> 6
 8.094889e+01 -8.622251e+02 -1.119388e+02 -1.273463e+00 -9.707468e+00 -1.064639e+02
<VARIANCE> 6
 3.185140e+01 1.744028e+05 1.398304e+04 3.028640e+02 4.053393e+04 5.195771e+07
<GCONST> 7.019218e+01
<MIXTURE> 6 9.559745e-02
<MEAN> 6
 7.778626e+01 1.697885e+03 1.314396e+03 2.576791e-03 3.940527e+00 -4.808289e+01
<VARIANCE> 6
 3.185140e+01 6.158744e+05 3.067262e+05 3.028640e+02 4.053393e+04 5.195771e+07
<GCONST> 7.454197e+01
<MIXTURE> 7 7.593265e-02
<MEAN> 6
 7.808870e+01 -7.974990e+01 1.787559e+03 -4.643131e-01 -2.841565e+00 -8.513382e+01
<VARIANCE> 6
 3.185140e+01 5.680131e+04 1.781816e+05 3.028640e+02 4.053393e+04 5.195771e+07
<GCONST> 7.161533e+01
<MIXTURE> 8 7.185806e-02
<MEAN> 6
 8.338721e+01 -7.442416e+02 1.130904e+02 -1.668434e-01 -3.435791e+00 -9.152998e+01
<VARIANCE> 6
 3.185140e+01 9.945479e+03 1.398304e+04 3.028640e+02 4.053393e+04 5.195771e+07
<GCONST> 6.732794e+01
<MIXTURE> 9 9.971576e-02
<MEAN> 6
 8.990444e+01 -1.809556e+03 -2.055809e+02 -4.003424e+00 3.460270e+00 -7.055773e+01
<VARIANCE> 6
 3.185140e+01 2.474586e+06 2.015220e+05 3.028640e+02 4.053393e+04 5.195771e+07
<GCONST> 7.551270e+01
<MIXTURE> 10 6.632046e-02
<MEAN> 6
 7.912207e+01 4.807722e+02 7.443526e+02 9.159042e-01 1.725333e+00 -1.751586e+01
<VARIANCE> 6
 3.185140e+01 3.952773e+04 1.542508e+04 3.028640e+02 4.053393e+04 5.195771e+07
<GCONST> 6.880597e+01
<MIXTURE> 11 5.346961e-02
<MEAN> 6
 8.419285e+01 -8.302772e+02 3.096972e+02 -1.346940e+00 -5.610497e+00 -1.003594e+02
<VARIANCE> 6
 3.185140e+01 1.228967e+04 2.156383e+04 3.028640e+02 4.053393e+04 5.195771e+07
<GCONST> 6.797275e+01
<MIXTURE> 12 7.129426e-02
<MEAN> 6
 6.466193e+01 -1.626674e+02 1.310135e+03 -1.160257e+00 2.233402e+00 -1.365856e+00
<VARIANCE> 6
 3.185140e+01 4.245546e+04 1.639803e+05 3.028640e+02 4.053393e+04 5.195771e+07
<GCONST> 7.124117e+01
<MIXTURE> 13 6.383903e-02
<MEAN> 6
 7.978674e+01 -1.275752e+03 -5.206441e+01 -1.607916e+00 -6.796848e+00 -2.330270e+02
<VARIANCE> 6
 3.185140e+01 2.259482e+05 1.398304e+04 3.028640e+02 4.053393e+04 5.195771e+07
<GCONST> 7.045113e+01
<MIXTURE> 14 7.230468e-02
<MEAN> 6
 8.336474e+01 -7.415642e+02 1.092724e+02 -1.558342e-01 -3.576794e+00 -8.937521e+01
<VARIANCE> 6
 3.185140e+01 9.945479e+03 1.398304e+04 3.028640e+02 4.053393e+04 5.195771e+07
<GCONST> 6.732794e+01
<MIXTURE> 15 5.195550e-02
<MEAN> 6
 8.275004e+01 -8.793610e+02 2.251586e+02 -6.001378e-01 -1.454499e+00 -1.326007e+02
<VARIANCE> 6
 3.185140e+01 1.197224e+04 1.699201e+04 3.028640e+02 4.053393e+04 5.195771e+07
<GCONST> 6.770831e+01
<STATE> 3
<NUMMIXES> 15
<MIXTURE> 1 5.098827e-02
<MEAN> 6
 7.698650e+01 5.198564e+02 3.491996e+02 -1.025519e+00 -6.980959e-01 -1.064289e+02
<VARIANCE> 6
 3.185140e+01 7.513283e+04 1.398304e+04 3.028640e+02 4.053393e+04 5.195771e+07
<GCONST> 6.935007e+01
<MIXTURE> 2 7.307051e-02
<MEAN> 6
 6.714909e+01 -2.221181e+03 -1.449385e+02 -1.514418e-01 -3.373992e+00 -7.460304e+01
<VARIANCE> 6
 3.185140e+01 9.026413e+04 2.168395e+05 3.028640e+02 4.053393e+04 5.195771e+07
<GCONST> 7.227487e+01
<MIXTURE> 3 6.207284e-02
<MEAN> 6
 6.158109e+01 2.015651e+03 -1.065863e+03 7.313680e-02 -3.227798e+00 -6.555259e+01
<VARIANCE> 6
 3.185140e+01 8.882870e+05 2.170825e+05 3.028640e+02 4.053393e+04 5.195771e+07
<GCONST> 7.456255e+01
<MIXTURE> 4 5.806236e-02
<MEAN> 6
 6.543221e+01 -1.062433e+03 1.499845e+01 7.390164e-01 -3.692822e+00 -1.420570e+02
<VARIANCE> 6
 3.185140e+01 1.375282e+05 6.150145e+04 3.028640e+02 4.053393e+04 5.195771e+07
<GCONST> 7.143587e+01
<MIXTURE> 5 3.988257e-02
<MEAN> 6
 6.440279e+01 1.090551e+02 3.416627e+02 -3.578002e-01 -8.607638e+00 -1.913390e+02
<VARIANCE> 6
 3.185140e+01 9.945479e+03 1.398304e+04 3.028640e+02 4.053393e+04 5.195771e+07
<GCONST> 6.732794e+01
<MIXTURE> 6 9.658235e-02
<MEAN> 6
 5.875365e+01 -2.965775e+02 -3.488518e+02 -2.264198e-02 -2.730442e+00 -1.122568e+02
<VARIANCE> 6
 3.185140e+01 1.115084e+04 8.973835e+04 3.028640e+02 4.053393e+04 5.195771e+07
<GCONST> 6.930138e+01
<MIXTURE> 7 7.872262e-02
<MEAN> 6
 6.888176e+01 1.256368e+03 9.064391e+01 -9.081268e-01 -3.770108e+00 -1.420617e+02
<VARIANCE> 6
 3.185140e+01 7.760557e+04 1.398304e+04 3.028640e+02 4.053393e+04 5.195771e+07
<GCONST> 6.938246e+01
<MIXTURE> 8 5.161405e-02
<MEAN> 6
 6.663198e+01 -3.999856e+02 3.169172e+02 -1.891050e-01 -3.606748e+00 -8.795803e+01
<VARIANCE> 6
 3.185140e+01 9.945479e+03 1.398304e+04 3.028640e+02 4.053393e+04 5.195771e+07
<GCONST> 6.732794e+01
<MIXTURE> 9 8.640832e-02
<MEAN> 6
 7.273200e+01 3.221753e+02 1.411024e+02 4.733547e-02 -8.290487e+00 -2.015430e+02
<VARIANCE> 6
 3.185140e+01 2.908790e+04 1.398304e+04 3.028640e+02 4.053393e+04 5.195771e+07
<GCONST> 6.840114e+01
<MIXTURE> 10 6.194942e-02
<MEAN> 6
 6.469674e+01 -6.779131e+02 -5.620548e+02 7.708201e-02 -6.055681e+00 -7.951917e+01
<VARIANCE> 6
 3.185140e+01 1.316626e+04 5.647711e+04 3.028640e+02 4.053393e+04 5.195771e+07
<GCONST> 6.900447e+01
<MIXTURE> 11 8.516131e-02
<MEAN> 6
 5.968828e+01 2.273984e+03 -2.711341e+02 2.510806e-01 -5.329051e+00 -1.927665e+02
<VARIANCE> 6
 3.185140e+01 1.648922e+05 1.398304e+04 3.028640e+02 4.053393e+04 5.195771e+07
<GCONST> 7.013611e+01
<MIXTURE> 12 8.673455e-02
<MEAN> 6
 6.350066e+01 -6.288421e+02 -5.177866e-01 1.260088e-02 -2.343468e+00 -1.836439e+02
<VARIANCE> 6
 3.185140e+01 5.608673e+04 1.398304e+04 3.028640e+02 4.053393e+04 5.195771e+07
<GCONST> 6.905772e+01
<MIXTURE> 13 6.713433e-02
<MEAN> 6
 6.537992e+01 -9.763612e+01 2.004205e+02 -4.145505e-02 -1.864497e+00 -9.823865e+01
<VARIANCE> 6
 3.185140e+01 1.091708e+04 1.398304e+04 3.028640e+02 4.053393e+04 5.195771e+07
<GCONST> 6.742115e+01
<MIXTURE> 14 5.028174e-02
<MEAN> 6
 6.648959e+01 -4.028130e+02 3.106642e+02 -2.058430e-01 -3.559938e+00 -9.123944e+01
<VARIANCE> 6
 3.185140e+01 9.945479e+03 1.398304e+04 3.028640e+02 4.053393e+04 5.195771e+07
<GCONST> 6.732794e+01
<MIXTURE> 15 5.125794e-02
<MEAN> 6
 7.630512e+01 4.972767e+02 3.273634e+02 -9.202979e-01 -1.788588e+00 -1.087340e+02
<VARIANCE> 6
 3.185140e+01 6.970323e+04 1.398304e+04 3.028640e+02 4.053393e+04 5.195771e+07
<GCONST> 6.927507e+01
<STATE> 4
<NUMMIXES> 15
<MIXTURE> 1 5.699414e-02
<MEAN> 6
 8.067216e+01 -3.888490e+03 5.505881e+03 -1.149394e+00 -1.432230e+01 -2.440031e+02
<VARIANCE> 6
 3.185140e+01 4.032203e+06 3.321690e+07 3.028640e+02 4.053393e+04 5.195771e+07
<GCONST> 8.110586e+01
<MIXTURE> 2 2.954816e-02
<MEAN> 6
 -4.688419e+01 3.946045e+02 7.067044e+02 -1.142528e+02 1.486453e+03 2.602057e+03
<VARIANCE> 6
 1.566121e+02 6.672202e+06 4.075292e+06 1.947920e+04 4.532994e+05 4.913020e+08
<GCONST> 8.992892e+01
<MIXTURE> 3 4.079420e-02
<MEAN> 6
 8.717905e+01 -7.016537e+02 1.793898e+03 -1.311496e+01 -1.193334e+03 -1.647062e+03
<VARIANCE> 6
 4.308262e+02 1.501575e+07 4.005942e+07 1.987663e+04 1.087041e+06 4.402255e+08
<GCONST> 9.482253e+01
<MIXTURE> 4 7.772359e-02
<MEAN> 6
 4.994838e+01 2.725337e+03 -3.929126e+03 5.568786e+01 -1.225457e+02 -1.816470e+02
<VARIANCE> 6
 8.599240e+02 1.684448e+06 1.040395e+06 1.158199e+04 4.053393e+04 5.195771e+07
<GCONST> 8.370921e+01
<MIXTURE> 5 5.644115e-02
<MEAN> 6
 1.008154e+02 -2.338261e+02 1.566810e+02 -5.751120e+00 -6.237235e+01 -2.019590e+02
<VARIANCE> 6
 1.419495e+02 2.386648e+06 3.794934e+06 3.028640e+02 4.053393e+04 5.195771e+07
<GCONST> 7.990643e+01
<MIXTURE> 6 8.489183e-02
<MEAN> 6
 1.823775e+01 7.440825e+02 2.690563e+02 -2.487668e+02 1.756180e+01 5.352719e+03
<VARIANCE> 6
 7.173790e+02 4.713276e+06 5.367731e+06 4.203674e+03 2.980297e+05 1.315155e+08
<GCONST> 8.810797e+01
<MIXTURE> 7 7.703689e-02
<MEAN> 6
 5.048390e+01 8.681922e+02 -5.000020e+02 1.960037e+02 -3.403855e+02 -1.119296e+03
<VARIANCE> 6
 4.003894e+02 5.318040e+06 3.998750e+06 3.321624e+03 6.613485e+04 5.195771e+07
<GCONST> 8.468141e+01
<MIXTURE> 8 7.607801e-02
<MEAN> 6
 -5.923130e+01 9.206633e+00 3.268599e+02 6.115273e+00 1.356722e+02 5.985995e+01
<VARIANCE> 6
 4.404704e+01 4.166888e+06 4.309328e+06 5.971214e+02 4.261929e+04 5.195771e+07
<GCONST> 8.014963e+01
<MIXTURE> 9 7.385679e-02
<MEAN> 6
 7.261563e+01 -2.223117e+03 3.090189e+03 -1.972341e-01 -7.795986e+00 -2.295868e+02
<VARIANCE> 6
 3.185140e+01 2.743129e+06 2.467162e+05 3.028640e+02 4.053393e+04 5.195771e+07
<GCONST> 7.581807e+01
<MIXTURE> 10 5.112651e-02
<MEAN> 6
 -2.275766e+00 5.905670e+01 -7.035356e+02 2.375682e+02 2.045557e+02 -5.719081e+03
<VARIANCE> 6
 2.618588e+02 4.767598e+06 4.979028e+06 2.948129e+03 1.276059e+05 8.671223e+07
<GCONST> 8.541690e+01
<MIXTURE> 11 1.021624e-01
<MEAN> 6
 8.705920e+01 1.203097e+02 -7.542829e+02 2.963146e+01 -3.826850e+02 -5.567976e+02
<VARIANCE> 6
 2.071307e+02 2.351854e+06 3.907309e+06 5.948087e+03 1.295473e+05 5.195771e+07
<GCONST> 8.443826e+01
<MIXTURE> 12 5.271344e-02
<MEAN> 6
 -1.052879e+01 1.352649e+03 -1.469458e+03 -3.567545e+01 2.135092e+02 5.281988e+02
<VARIANCE> 6
 3.714234e+02 3.374629e+06 2.387988e+06 1.828485e+04 4.053393e+04 5.195771e+07
<GCONST> 8.485204e+01
<MIXTURE> 13 1.003299e-01
<MEAN> 6
 -4.220938e+01 6.679001e+02 -2.204866e+02 3.656832e+01 8.537123e+02 -3.195188e+02
<VARIANCE> 6
 1.589035e+02 3.313564e+06 4.417017e+06 1.359125e+04 1.485289e+05 5.195771e+07
<GCONST> 8.560173e+01
<MIXTURE> 14 6.836855e-02
<MEAN> 6
 7.113350e+01 -6.116017e+02 -7.082955e+02 -1.461930e+02 -6.009382e+02 7.778792e+02
<VARIANCE> 6
 2.346931e+02 4.163862e+06 3.408189e+06 3.975299e+03 1.534463e+05 5.195771e+07
<GCONST> 8.476410e+01
<MIXTURE> 15 5.186681e-02
<MEAN> 6
 -9.966572e+00 7.877393e+02 -1.064846e+03 -5.859854e+01 1.406714e+02 1.293676e+01
<VARIANCE> 6
 3.014801e+02 3.429295e+06 2.470794e+06 1.577910e+04 4.053393e+04 5.195771e+07
<GCONST> 8.454616e+01
<STATE> 5
<NUMMIXES> 15
<MIXTURE> 1 5.112816e-02
<MEAN> 6
 6.954436e+01 6.113727e+02 8.293051e+02 1.911425e-01 -9.380777e+00 -1.676837e+02
<VARIANCE> 6
 3.185140e+01 9.945479e+03 8.872758e+05 3.028640e+02 4.053393e+04 5.195771e+07
<GCONST> 7.147825e+01
<MIXTURE> 2 2.018191e-02
<MEAN> 6
 7.236991e+01 7.066924e+02 -7.681899e+03 -2.301940e-01 1.150437e-01 5.044355e+00
<VARIANCE> 6
 3.185140e+01 9.945479e+03 3.914409e+06 3.028640e+02 4.053393e+04 5.195771e+07
<GCONST> 7.296251e+01
<MIXTURE> 3 8.720925e-02
<MEAN> 6
 6.266054e+01 5.079275e+01 -1.659155e+03 4.280137e-02 -2.795397e+00 -1.604409e+02
<VARIANCE> 6
 3.185140e+01 5.888696e+04 5.096125e+04 3.028640e+02 4.053393e+04 5.195771e+07
<GCONST> 7.039966e+01
<MIXTURE> 4 4.774665e-02
<MEAN> 6
 6.687595e+01 5.837841e+02 -2.687139e+02 4.260050e-02 3.025105e+00 -9.230462e+01
<VARIANCE> 6
 3.185140e+01 9.945479e+03 1.398304e+04 3.028640e+02 4.053393e+04 5.195771e+07
<GCONST> 6.732794e+01
<MIXTURE> 5 9.324155e-02
<MEAN> 6
 6.301681e+01 6.164189e+02 -3.952159e+03 -7.344168e-01 -2.858247e+00 -5.541847e+01
<VARIANCE> 6
 5.458116e+01 9.945479e+03 8.777923e+05 3.028640e+02 4.053393e+04 5.195771e+07
<GCONST> 7.200610e+01
<MIXTURE> 6 5.219266e-02
<MEAN> 6
 6.986069e+01 9.305656e+01 8.007359e+01 -2.558599e+00 -9.953672e+00 -5.153599e+01
<VARIANCE> 6
 3.185140e+01 4.801474e+04 8.752944e+04 3.028640e+02 4.053393e+04 5.195771e+07
<GCONST> 7.073646e+01
<MIXTURE> 7 9.130698e-02
<MEAN> 6
 5.529302e+01 1.469522e+02 -1.331698e+03 -5.959569e-01 2.766784e+00 -8.680825e+01
<VARIANCE> 6
 3.390370e+01 9.945479e+03 4.151239e+06 3.028640e+02 4.053393e+04 5.195771e+07
<GCONST> 7.308369e+01
<MIXTURE> 8 7.130914e-02
<MEAN> 6
 6.564038e+01 3.820599e+02 -1.847887e+02 4.262032e-01 -5.000953e+00 -1.514485e+02
<VARIANCE> 6
 3.185140e+01 9.945479e+03 1.398304e+04 3.028640e+02 4.053393e+04 5.195771e+07
<GCONST> 6.732794e+01
<MIXTURE> 9 9.959977e-02
<MEAN> 6
 6.739865e+01 8.427560e+02 -6.485687e+02 4.016489e-01 -7.917697e+00 -1.479326e+02
<VARIANCE> 6
 3.185140e+01 1.458620e+04 3.235331e+05 3.028640e+02 4.053393e+04 5.195771e+07
<GCONST> 7.085236e+01
<MIXTURE> 10 5.029761e-02
<MEAN> 6
 7.093060e+01 1.711044e+02 -5.286631e+02 -2.019047e+00 -4.014992e+00 -7.926115e+01
<VARIANCE> 6
 3.185140e+01 4.533820e+04 1.398304e+04 3.028640e+02 4.053393e+04 5.195771e+07
<GCONST> 6.884497e+01
<MIXTURE> 11 1.007910e-01
<MEAN> 6
 7.501263e+01 -2.545052e+02 -6.886897e+03 -5.169266e-01 -6.487836e+00 -9.180822e+01
<VARIANCE> 6
 3.185140e+01 2.120311e+04 4.852236e+06 3.028640e+02 4.053393e+04 5.195771e+07
<GCONST> 7.393432e+01
<MIXTURE> 12 7.148885e-02
<MEAN> 6
 6.563864e+01 3.818626e+02 -1.847440e+02 4.257575e-01 -5.013203e+00 -1.516508e+02
<VARIANCE> 6
 3.185140e+01 9.945479e+03 1.398304e+04 3.028640e+02 4.053393e+04 5.195771e+07
<GCONST> 6.732794e+01
<MIXTURE> 13 5.531316e-02
<MEAN> 6
 7.102589e+01 -7.283463e+01 -5.067383e+02 -3.864671e-01 1.154671e-01 -2.190844e+02
<VARIANCE> 6
 3.185140e+01 1.841533e+04 1.398304e+04 3.028640e+02 4.053393e+04 5.195771e+07
<GCONST> 6.794400e+01
<MIXTURE> 14 5.767823e-02
<MEAN> 6
 6.896912e+01 3.072152e+01 -1.617713e+02 -9.459955e-01 -1.137092e+01 -2.150458e+02
<VARIANCE> 6
 3.185140e+01 9.945479e+03 4.534648e+04 3.028640e+02 4.053393e+04 5.195771e+07
<GCONST> 6.850443e+01
<MIXTURE> 15 5.046746e-02
<MEAN> 6
 6.943047e+01 6.082090e+02 3.816132e+02 -5.211732e-01 -8.287191e+00 -5.746586e+01
<VARIANCE> 6
 3.185140e+01 9.945479e+03 4.923030e+05 3.028640e+02 4.053393e+04 5.195771e+07
<GCONST> 7.088919e+01
<STATE> 6
<NUMMIXES> 15
<MIXTURE> 1 5.111636e-02
<MEAN> 6
 1.418454e+01 2.047416e+02 2.364604e+03 2.160472e+01 -4.860434e+01 -4.625204e+01
<VARIANCE> 6
 2.940814e+03 4.608693e+05 6.720653e+06 5.179044e+04 7.584688e+05 1.627487e+08
<GCONST> 9.107701e+01
<MIXTURE> 2 5.215787e-02
<MEAN> 6
 -3.550176e+01 9.088918e+01 3.823275e+01 1.559953e+02 9.302286e+02 -3.123771e+03
<VARIANCE> 6
 1.025212e+02 5.423932e+05 1.810391e+05 8.568720e+03 1.478858e+05 6.537960e+07
<GCONST> 7.992334e+01
<MIXTURE> 3 7.913664e-02
<MEAN> 6
 8.065123e+01 -1.539418e+02 2.337413e+02 -8.129884e+00 -7.255742e+01 -3.479174e+02
<VARIANCE> 6
 1.380173e+02 6.760844e+05 7.929992e+05 3.028640e+02 4.053393e+04 5.195771e+07
<GCONST> 7.705141e+01
<MIXTURE> 4 7.692092e-02
<MEAN> 6
 -1.119792e+01 8.363408e+01 8.576529e+00 1.123534e+02 2.246443e+02 -3.667463e+03
<VARIANCE> 6
 1.675089e+02 3.624763e+05 2.107436e+05 2.174384e+04 7.677140e+04 6.165858e+07
<GCONST> 8.038021e+01
<MIXTURE> 5 6.103765e-02
<MEAN> 6
 8.680812e+01 -5.582950e+01 5.882499e+01 4.650511e+01 -1.104402e+03 -1.426438e+03
<VARIANCE> 6
 2.743911e+02 2.591010e+06 7.158229e+05 1.698885e+04 9.816918e+05 7.181072e+08
<GCONST> 8.882004e+01
<MIXTURE> 6 6.044573e-02
<MEAN> 6
 1.002671e+01 1.504537e+01 1.592856e+02 2.602569e+00 -6.074455e+00 -2.911600e+02
<VARIANCE> 6
 4.749988e+02 4.133170e+05 1.331437e+06 3.259442e+04 4.053393e+04 5.195771e+07
<GCONST> 8.299205e+01
<MIXTURE> 7 7.040836e-02
<MEAN> 6
 5.821405e+01 1.538878e+02 4.874403e+01 1.294195e+02 -3.033519e+02 -1.888965e+02
<VARIANCE> 6
 2.001103e+02 8.211650e+05 4.854081e+05 2.972421e+03 7.329791e+04 5.195771e+07
<GCONST> 8.000272e+01
<MIXTURE> 8 7.337414e-02
<MEAN> 6
 -5.489311e+01 -9.183921e+01 2.684146e+01 1.518447e+01 1.643235e+02 -1.685338e+02
<VARIANCE> 6
 1.379338e+02 4.868388e+05 9.442503e+05 5.066168e+02 5.489028e+04 5.195771e+07
<GCONST> 7.771466e+01
<MIXTURE> 9 6.536910e-02
<MEAN> 6
 7.656503e+01 4.241174e+01 9.325691e+01 -3.199748e+01 -6.278042e+02 9.391321e+01
<VARIANCE> 6
 2.164947e+02 6.974329e+05 5.346031e+05 9.585341e+03 1.200174e+05 5.195771e+07
<GCONST> 8.167860e+01
<MIXTURE> 10 4.962495e-02
<MEAN> 6
 -5.133461e+01 2.209812e+02 2.829927e+01 -1.282491e+02 1.702411e+03 1.017042e+03
<VARIANCE> 6
 1.681118e+02 8.197769e+05 8.315628e+05 1.556599e+04 6.104446e+05 6.270954e+08
<GCONST> 8.663113e+01
<MIXTURE> 11 7.316562e-02
<MEAN> 6
 -1.282943e+01 1.701432e+02 1.195878e+02 -2.385656e+02 2.768116e+02 6.802192e+03
<VARIANCE> 6
 2.977258e+02 9.830757e+05 3.233251e+05 6.361295e+03 2.703254e+05 2.245311e+08
<GCONST> 8.370319e+01
<MIXTURE> 12 7.067216e-02
<MEAN> 6
 3.586316e+01 -3.013413e+02 2.901767e+01 -2.332380e+02 -4.282758e+02 4.688817e+03
<VARIANCE> 6
 2.482709e+02 2.502571e+06 2.943069e+05 4.674864e+03 1.935948e+05 8.103942e+07
<GCONST> 8.270091e+01
<MIXTURE> 13 7.349730e-02
<MEAN> 6
 2.958433e+01 2.200111e+02 -7.743246e+01 2.279949e+02 -2.993616e+02 -2.777090e+03
<VARIANCE> 6
 3.888048e+02 8.888796e+05 3.448132e+05 3.185660e+03 1.196954e+05 5.195771e+07
<GCONST> 8.096388e+01
<MIXTURE> 14 7.778297e-02
<MEAN> 6
 -5.088460e+01 3.536058e+00 7.501435e+01 2.812217e+01 7.517742e+02 9.053277e+01
<VARIANCE> 6
 1.093180e+02 5.019902e+05 4.236430e+05 7.094136e+03 9.816613e+04 5.195771e+07
<GCONST> 7.993188e+01
<MIXTURE> 15 6.474417e-02
<MEAN> 6
 6.880232e+01 -7.139501e+01 -2.347607e+01 -9.543491e+01 -7.675568e+02 -1.000391e+03
<VARIANCE> 6
 1.405723e+02 5.736621e+05 3.850587e+05 8.804066e+03 1.697422e+05 5.195771e+07
<GCONST> 8.098488e+01
<STATE> 7
<NUMMIXES> 15
<MIXTURE> 1 7.555567e-02
<MEAN> 6
 6.135169e+01 1.914211e+03 8.218006e+02 -2.803007e+00 -3.791618e+00 2.061492e+02
<VARIANCE> 6
 3.185140e+01 5.609225e+05 5.450185e+05 3.028640e+02 4.053393e+04 5.195771e+07
<GCONST> 7.502338e+01
<MIXTURE> 2 7.521947e-02
<MEAN> 6
 9.616356e+01 -8.910316e+02 -7.820018e+03 -5.538055e+00 5.805891e+00 7.783157e+01
<VARIANCE> 6
 1.739379e+02 7.123565e+04 4.537744e+06 3.028640e+02 4.053393e+04 5.195771e+07
<GCONST> 7.677677e+01
<MIXTURE> 3 4.295012e-02
<MEAN> 6
 9.681052e+01 -2.271584e+02 6.881402e+01 -4.133313e+00 8.259454e-01 -1.207587e+02
<VARIANCE> 6
 3.185140e+01 1.363554e+04 1.398304e+04 3.028640e+02 4.053393e+04 5.195771e+07
<GCONST> 6.764349e+01
<MIXTURE> 4 2.614666e-02
<MEAN> 6
 6.766739e+01 -3.848979e+02 2.972584e+03 -1.355955e+00 -1.305397e+01 1.570827e+02
<VARIANCE> 6
 3.185140e+01 1.614227e+04 1.398304e+04 3.028640e+02 4.053393e+04 5.195771e+07
<GCONST> 6.781226e+01
<MIXTURE> 5 5.819677e-02
<MEAN> 6
 1.109585e+02 1.133432e+03 -7.077429e+02 -7.829336e+00 -9.883979e+00 6.654793e+02
<VARIANCE> 6
 3.185140e+01 3.938699e+05 8.046225e+04 3.028640e+02 4.053393e+04 5.195771e+07
<GCONST> 7.275678e+01
<MIXTURE> 6 6.223876e-02
<MEAN> 6
 9.181853e+01 1.157831e+03 -3.768308e+02 -4.510350e+00 1.093114e+00 1.200044e+02
<VARIANCE> 6
 3.185140e+01 2.663713e+04 1.776042e+06 3.028640e+02 4.053393e+04 5.195771e+07
<GCONST> 7.315742e+01
<MIXTURE> 7 2.289866e-02
<MEAN> 6
 6.169078e+01 -1.972599e+03 -1.409007e+02 -1.733477e-01 -5.170580e+00 1.241874e+02
<VARIANCE> 6
 3.185140e+01 6.345803e+04 3.509215e+04 3.028640e+02 4.053393e+04 5.195771e+07
<GCONST> 7.010133e+01
<MIXTURE> 8 4.869584e-02
<MEAN> 6
 1.020973e+02 1.955107e+03 -2.218336e+03 -5.919147e+00 -9.461830e-01 1.871187e+02
<VARIANCE> 6
 3.562831e+01 5.458294e+04 6.874852e+05 3.028640e+02 4.053393e+04 5.195771e+07
<GCONST> 7.303780e+01
<MIXTURE> 9 1.328016e-01
<MEAN> 6
 8.574841e+01 -8.364254e+02 7.671230e+02 -4.376792e+00 -9.395200e+00 7.286610e+01
<VARIANCE> 6
 3.185140e+01 2.970602e+04 1.803147e+06 3.028640e+02 4.053393e+04 5.195771e+07
<GCONST> 7.328162e+01
<MIXTURE> 10 6.630610e-02
<MEAN> 6
 9.469020e+01 -4.254753e+02 -1.425378e+03 -4.784072e+00 -1.358060e-01 7.050815e+01
<VARIANCE> 6
 4.067842e+01 6.876466e+04 2.091355e+05 3.028640e+02 4.053393e+04 5.195771e+07
<GCONST> 7.221126e+01
<MIXTURE> 11 1.037712e-01
<MEAN> 6
 7.991344e+01 -1.284542e+03 3.124977e+02 -3.570278e+00 -5.635470e-01 8.646219e+01
<VARIANCE> 6
 3.427710e+01 7.033674e+04 3.786675e+05 3.028640e+02 4.053393e+04 5.195771e+07
<GCONST> 7.265633e+01
<MIXTURE> 12 7.634702e-02
<MEAN> 6
 9.035482e+01 2.997693e+02 -2.654835e+03 -3.233838e+00 3.759018e+00 1.052769e+02
<VARIANCE> 6
 3.185140e+01 5.554339e+04 5.766482e+05 3.028640e+02 4.053393e+04 5.195771e+07
<GCONST> 7.276737e+01
<MIXTURE> 13 7.334074e-02
<MEAN> 6
 8.554836e+01 -4.674980e+03 1.487416e+02 -6.238229e+00 8.559290e+00 7.394209e+01
<VARIANCE> 6
 7.146513e+01 6.992935e+06 1.940081e+06 3.028640e+02 4.053393e+04 5.195771e+07
<GCONST> 7.962424e+01
<MIXTURE> 14 7.809096e-02
<MEAN> 6
 1.022868e+02 5.680719e+02 -5.737551e+02 -6.039195e+00 6.187011e+00 7.784389e+01
<VARIANCE> 6
 3.185140e+01 8.672711e+04 1.512151e+05 3.028640e+02 4.053393e+04 5.195771e+07
<GCONST> 7.187444e+01
<MIXTURE> 15 5.739655e-02
<MEAN> 6
 8.400010e+01 -6.592188e+02 -1.622191e+03 -3.136940e+00 -1.054496e+00 9.624902e+01
<VARIANCE> 6
 7.137141e+01 1.035983e+05 1.542408e+05 3.028640e+02 4.053393e+04 5.195771e+07
<GCONST> 7.287883e+01
<STATE> 8
<NUMMIXES> 15
<MIXTURE> 1 8.370661e-02
<MEAN> 6
 8.575407e+01 2.810833e+02 -1.974500e+02 -2.263936e+00 -2.027496e+00 -2.497672e+01
<VARIANCE> 6
 3.858453e+01 9.945479e+03 1.398304e+04 3.028640e+02 4.053393e+04 5.195771e+07
<GCONST> 6.751971e+01
<MIXTURE> 2 6.590387e-02
<MEAN> 6
 5.933443e+01 4.908894e+02 1.050504e+02 -1.961430e-01 3.056224e-01 -1.249005e+02
<VARIANCE> 6
 3.185140e+01 9.945479e+03 1.398304e+04 3.028640e+02 4.053393e+04 5.195771e+07
<GCONST> 6.732794e+01
<MIXTURE> 3 6.064707e-02
<MEAN> 6
 6.789529e+01 -8.414282e+02 1.241333e+01 -2.877507e+00 3.487252e+00 7.968694e+01
<VARIANCE> 6
 3.185140e+01 4.152275e+04 3.884316e+04 3.028640e+02 4.053393e+04 5.195771e+07
<GCONST> 6.977875e+01
<MIXTURE> 4 8.034786e-02
<MEAN> 6
 6.073213e+01 1.058378e+02 -1.025298e+01 -2.735161e-01 -5.409853e+00 -1.557066e+02
<VARIANCE> 6
 3.185140e+01 9.945479e+03 1.398304e+04 3.028640e+02 4.053393e+04 5.195771e+07
<GCONST> 6.732794e+01
<MIXTURE> 5 6.136164e-02
<MEAN> 6
 7.527878e+01 9.479117e+02 -1.643133e+02 -3.129145e+00 -1.680396e+00 7.056638e+01
<VARIANCE> 6
 3.185140e+01 1.577170e+05 8.454791e+04 3.028640e+02 4.053393e+04 5.195771e+07
<GCONST> 7.189110e+01
<MIXTURE> 6 2.745476e-02
<MEAN> 6
 5.629499e+01 1.080565e+02 -4.639402e+02 9.216544e-02 -2.110667e+00 8.568858e+01
<VARIANCE> 6
 3.185140e+01 9.945479e+03 1.398304e+04 3.028640e+02 4.053393e+04 5.195771e+07
<GCONST> 6.732794e+01
<MIXTURE> 7 4.635731e-02
<MEAN> 6
 5.440011e+01 8.514470e+02 1.971503e+00 1.249298e+00 4.299706e+00 -1.422802e+02
<VARIANCE> 6
 3.185140e+01 9.945479e+03 1.398304e+04 3.028640e+02 4.053393e+04 5.195771e+07
<GCONST> 6.732794e+01
<MIXTURE> 8 6.653012e-02
<MEAN> 6
 8.017188e+01 -1.085731e+02 1.869109e+02 -1.526292e+00 -8.304605e+00 2.176746e+02
<VARIANCE> 6
 3.185140e+01 9.945479e+03 1.398304e+04 3.028640e+02 4.053393e+04 5.195771e+07
<GCONST> 6.732794e+01
<MIXTURE> 9 8.837250e-02
<MEAN> 6
 5.940512e+01 7.735472e+00 -1.092343e+02 5.411301e-02 -3.236949e+00 -1.469860e+02
<VARIANCE> 6
 3.185140e+01 9.945479e+03 1.398304e+04 3.028640e+02 4.053393e+04 5.195771e+07
<GCONST> 6.732794e+01
<MIXTURE> 10 5.904942e-02
<MEAN> 6
 7.400725e+01 5.057174e+02 3.183309e+02 -3.313261e+00 -1.130625e+01 8.396627e+01
<VARIANCE> 6
 3.185140e+01 9.945479e+03 1.011242e+05 3.028640e+02 4.053393e+04 5.195771e+07
<GCONST> 6.930644e+01
<MIXTURE> 11 7.553181e-02
<MEAN> 6
 7.648621e+01 -3.008124e+02 -8.392416e+01 -2.388915e+00 -4.328348e+00 7.933073e+00
<VARIANCE> 6
 3.185140e+01 9.945479e+03 2.674660e+04 3.028640e+02 4.053393e+04 5.195771e+07
<GCONST> 6.797650e+01
<MIXTURE> 12 8.821236e-02
<MEAN> 6
 5.871835e+01 1.440295e+01 -1.212057e+02 1.311839e-01 -3.066404e+00 -1.448259e+02
<VARIANCE> 6
 3.185140e+01 9.945479e+03 1.398304e+04 3.028640e+02 4.053393e+04 5.195771e+07
<GCONST> 6.732794e+01
<MIXTURE> 13 6.585708e-02
<MEAN> 6
 5.933728e+01 4.906469e+02 1.052484e+02 -1.980119e-01 2.912140e-01 -1.250108e+02
<VARIANCE> 6
 3.185140e+01 9.945479e+03 1.398304e+04 3.028640e+02 4.053393e+04 5.195771e+07
<GCONST> 6.732794e+01
<MIXTURE> 14 7.332873e-02
<MEAN> 6
 7.843916e+01 -1.395410e+01 -6.012048e+02 -2.975430e+00 -3.413696e+00 4.119211e+00
<VARIANCE> 6
 3.185140e+01 3.490694e+04 2.316847e+05 3.028640e+02 4.053393e+04 5.195771e+07
<GCONST> 7.139104e+01
<MIXTURE> 15 5.726526e-02
<MEAN> 6
 7.464878e+01 9.580847e+02 -3.174319e+02 -3.144051e+00 1.159717e+00 9.067403e+00
<VARIANCE> 6
 3.185140e+01 4.629427e+05 1.013260e+05 3.028640e+02 4.053393e+04 5.195771e+07
<GCONST> 7.314892e+01
<STATE> 9
<NUMMIXES> 15
<MIXTURE> 1 2.513568e-02
<MEAN> 6
 -3.859575e+01 2.475043e+01 1.387748e+02 -4.734608e+01 1.210488e+03 -4.933549e+02
<VARIANCE> 6
 3.170153e+02 1.234828e+05 5.348614e+05 2.844278e+04 6.376859e+05 4.556082e+08
<GCONST> 8.525822e+01
<MIXTURE> 2 5.354699e-02
<MEAN> 6
 7.932396e+01 -2.406567e+02 -2.983345e+01 3.219000e+01 -9.361086e+02 -2.269185e+03
<VARIANCE> 6
 1.691924e+02 5.664987e+05 7.967857e+04 1.063676e+04 6.327989e+05 3.081887e+08
<GCONST> 8.286749e+01
<MIXTURE> 3 8.111906e-02
<MEAN> 6
 9.249969e+00 6.553908e+01 9.526302e+01 -1.670212e+02 5.177982e+01 4.566105e+02
<VARIANCE> 6
 5.892495e+02 1.201296e+05 7.436070e+04 2.726653e+03 1.571523e+05 7.261264e+07
<GCONST> 7.829557e+01
<MIXTURE> 4 3.799130e-02
<MEAN> 6
 8.170726e+01 -4.466305e+02 1.216981e+02 -8.603828e+00 -5.758718e+01 4.463530e+02
<VARIANCE> 6
 1.220254e+02 5.075550e+05 1.036832e+05 3.028640e+02 4.053393e+04 5.195771e+07
<GCONST> 7.460707e+01
<MIXTURE> 5 9.773735e-02
<MEAN> 6
 -2.083994e+01 -5.468967e+01 1.541506e+01 2.592177e+01 2.330507e+02 -2.172687e+03
<VARIANCE> 6
 1.194808e+02 5.697991e+04 1.729248e+04 1.827389e+04 1.040421e+05 6.185744e+07
<GCONST> 7.582502e+01
<MIXTURE> 6 6.773719e-02
<MEAN> 6
 6.101064e+01 -2.413204e+01 3.977591e+01 7.357772e+01 -3.083491e+02 -6.064888e+02
<VARIANCE> 6
 1.262027e+02 1.657112e+05 3.305882e+04 6.128199e+03 6.580877e+04 5.195771e+07
<GCONST> 7.587031e+01
<MIXTURE> 7 5.953812e-02
<MEAN> 6
 1.475568e+01 6.407959e+01 7.442319e+01 2.198125e+02 -2.058046e+02 -4.176605e+03
<VARIANCE> 6
 5.263974e+02 6.735027e+04 8.703159e+04 3.005359e+03 1.606727e+05 9.915646e+07
<GCONST> 7.819250e+01
<MIXTURE> 8 5.163804e-02
<MEAN> 6
 -4.340037e+01 5.417254e+01 -2.040975e+01 3.850536e+01 1.003946e+03 -7.426315e+02
<VARIANCE> 6
 9.066489e+01 7.129926e+04 3.519511e+04 1.571801e+04 1.760241e+05 8.593957e+07
<GCONST> 7.718784e+01
<MIXTURE> 9 9.682849e-02
<MEAN> 6
 6.343669e+01 6.817515e+00 2.221198e+01 -1.005451e+02 -6.968659e+02 5.540474e+02
<VARIANCE> 6
 2.207756e+02 1.207471e+05 1.506175e+04 7.889186e+03 1.552242e+05 5.195771e+07
<GCONST> 7.643759e+01
<MIXTURE> 10 9.927665e-02
<MEAN> 6
 1.836590e+01 -1.389558e+02 -4.731578e+01 1.401865e+02 -1.126508e+01 -3.093010e+02
<VARIANCE> 6
 3.671777e+02 1.268633e+05 6.272842e+04 1.550307e+03 4.801372e+04 5.195771e+07
<GCONST> 7.562193e+01
<MIXTURE> 11 7.123841e-02
<MEAN> 6
 -4.076623e+01 1.554400e+01 -8.756724e+01 1.910153e+01 2.673118e+02 -5.139771e+01
<VARIANCE> 6
 1.512029e+02 7.121548e+04 8.510614e+04 1.156217e+03 5.432332e+04 5.195771e+07
<GCONST> 7.429257e+01
<MIXTURE> 12 6.794028e-02
<MEAN> 6
 9.362790e+00 4.661491e+01 8.446090e+01 -2.358828e+02 3.006172e+01 9.222081e+03
<VARIANCE> 6
 6.038260e+02 8.653498e+04 2.646327e+04 3.539178e+03 3.935171e+05 2.092517e+08
<GCONST> 7.919595e+01
<MIXTURE> 13 6.070820e-02
<MEAN> 6
 5.717528e+01 -9.060461e+01 -1.041203e+02 5.483540e+01 -3.028353e+02 -2.186547e+02
<VARIANCE> 6
 9.776665e+01 3.865156e+04 9.142059e+04 7.759162e+03 6.152466e+04 5.195771e+07
<GCONST> 7.534518e+01
<MIXTURE> 14 7.715971e-02
<MEAN> 6
 6.774267e+01 -1.298392e+02 -1.619176e+01 -5.972270e+00 -4.477956e+01 -2.143146e+01
<VARIANCE> 6
 3.185140e+01 1.369340e+05 4.104509e+04 3.028640e+02 4.053393e+04 5.195771e+07
<GCONST> 7.102715e+01
<MIXTURE> 15 5.221492e-02
<MEAN> 6
 -4.792574e+01 2.090297e+01 -7.648828e+01 -9.321125e+00 8.988370e+02 1.077650e+02
<VARIANCE> 6
 9.806270e+01 6.232893e+04 5.727025e+04 1.009130e+04 1.760657e+05 1.035335e+08
<GCONST> 7.736203e+01
<TRANSP> 10
 0.000000e+00 1.000000e+00 0.000000e+00 0.000000e+00 0.000000e+00 0.000000e+00 0.000000e+00 0.000000e+00 0.000000e+00 0.000000e+00
 0.000000e+00 9.989300e-01 1.070005e-03 0.000000e+00 0.000000e+00 0.000000e+00 0.000000e+00 0.000000e+00 0.000000e+00 0.000000e+00
 0.000000e+00 0.000000e+00 9.994200e-01 5.800209e-04 0.000000e+00 0.000000e+00 0.000000e+00 0.000000e+00 0.000000e+00 0.000000e+00
 0.000000e+00 0.000000e+00 0.000000e+00 9.995006e-01 4.994764e-04 0.000000e+00 0.000000e+00 0.000000e+00 0.000000e+00 0.000000e+00
 0.000000e+00 0.000000e+00 0.000000e+00 0.000000e+00 9.992237e-01 7.763157e-04 0.000000e+00 0.000000e+00 0.000000e+00 0.000000e+00
 0.000000e+00 0.000000e+00 0.000000e+00 0.000000e+00 0.000000e+00 9.999230e-01 7.701834e-05 0.000000e+00 0.000000e+00 0.000000e+00
 0.000000e+00 0.000000e+00 0.000000e+00 0.000000e+00 0.000000e+00 0.000000e+00 9.991069e-01 8.931429e-04 0.000000e+00 0.000000e+00
 0.000000e+00 0.000000e+00 0.000000e+00 0.000000e+00 0.000000e+00 0.000000e+00 0.000000e+00 9.991425e-01 8.575125e-04 0.000000e+00
 0.000000e+00 0.000000e+00 0.000000e+00 0.000000e+00 0.000000e+00 0.000000e+00 0.000000e+00 0.000000e+00 9.998236e-01 1.764020e-04
 0.000000e+00 0.000000e+00 0.000000e+00 0.000000e+00 0.000000e+00 0.000000e+00 0.000000e+00 0.000000e+00 0.000000e+00 0.000000e+00
<ENDHMM>
~h "QuintoPRIMARIA"
<BEGINHMM>
<NUMSTATES> 10
<STATE> 2
<NUMMIXES> 15
<MIXTURE> 1 4.769224e-02
<MEAN> 6
 7.233367e+01 1.645317e+03 2.563224e+02 -9.580475e-01 -6.941350e+00 -1.853298e+02
<VARIANCE> 6
 4.479633e+01 3.258296e+05 9.999849e+05 3.028640e+02 4.053393e+04 5.195771e+07
<GCONST> 7.542813e+01
<MIXTURE> 2 5.403847e-02
<MEAN> 6
 5.209166e+01 5.685780e+01 6.508975e+02 3.396686e+01 -3.916640e+02 1.786716e+02
<VARIANCE> 6
 3.622482e+02 3.968178e+05 4.808672e+06 1.678157e+04 1.060741e+05 5.195771e+07
<GCONST> 8.426263e+01
<MIXTURE> 3 6.049808e-02
<MEAN> 6
 -2.075831e+01 -2.631683e+02 1.850021e+02 1.870460e+02 3.069122e+02 -3.087865e+03
<VARIANCE> 6
 7.350739e+02 2.169297e+05 3.553067e+06 4.909222e+03 1.694323e+05 5.195771e+07
<GCONST> 8.330290e+01
<MIXTURE> 4 4.907947e-02
<MEAN> 6
 4.224250e+01 4.038622e+02 -1.106990e+01 -7.209769e+01 -7.116248e+02 2.123056e+03
<VARIANCE> 6
 1.192713e+03 2.132798e+06 1.262629e+07 4.470823e+04 1.012724e+06 4.615562e+08
<GCONST> 9.352167e+01
<MIXTURE> 5 6.789890e-02
<MEAN> 6
 -6.009031e+01 -5.575152e+01 -2.066792e+02 5.543650e+00 2.368977e+02 2.723422e+02
<VARIANCE> 6
 2.384208e+02 3.979539e+05 4.407166e+06 1.230310e+03 1.111399e+05 5.195771e+07
<GCONST> 8.119365e+01
<MIXTURE> 6 4.681748e-02
<MEAN> 6
 -5.514729e+01 -1.716244e+02 -5.756273e+02 -7.209457e+01 1.269910e+03 1.812306e+03
<VARIANCE> 6
 2.853183e+02 5.476038e+05 5.313334e+06 2.848623e+04 6.514688e+05 5.036617e+08
<GCONST> 8.906148e+01
<MIXTURE> 7 7.043647e-02
<MEAN> 6
 7.684816e+01 -4.714870e+02 1.142591e+03 -4.275044e-01 -1.093896e+01 -1.423543e+02
<VARIANCE> 6
 3.185140e+01 2.115831e+04 5.529142e+05 3.028640e+02 4.053393e+04 5.195771e+07
<GCONST> 7.176021e+01
<MIXTURE> 8 4.559092e-02
<MEAN> 6
 -1.065772e+00 -1.693104e+02 3.459469e+02 -1.983008e+02 -1.112907e+02 1.201003e+03
<VARIANCE> 6
 6.015005e+02 2.035794e+05 4.088395e+06 3.051052e+03 2.212246e+05 1.066937e+08
<GCONST> 8.368981e+01
<MIXTURE> 9 6.041183e-02
<MEAN> 6
 9.242427e+01 4.687896e+02 1.165425e+02 -2.695507e+00 -1.354955e+01 -4.459666e+01
<VARIANCE> 6
 3.197912e+01 9.388781e+04 4.640904e+06 3.028640e+02 4.053393e+04 5.195771e+07
<GCONST> 7.538174e+01
<MIXTURE> 10 1.343952e-01
<MEAN> 6
 7.342524e+01 -6.289035e+01 -1.982986e+02 1.880744e-02 -6.768212e+00 -1.149284e+02
<VARIANCE> 6
 7.350638e+01 2.773654e+05 5.295259e+04 3.028640e+02 4.053393e+04 5.195771e+07
<GCONST> 7.282400e+01
<MIXTURE> 11 9.724706e-02
<MEAN> 6
 5.917883e+01 4.233177e+02 -1.518871e+03 3.087123e-01 -1.371967e+01 -7.897846e+01
<VARIANCE> 6
 3.600309e+01 1.206276e+05 4.308367e+06 3.028640e+02 4.053393e+04 5.195771e+07
<GCONST> 7.567652e+01
<MIXTURE> 12 8.157684e-02
<MEAN> 6
 7.286983e+01 -4.556833e+02 -1.316449e+03 8.466294e-01 -1.876539e+01 -5.971436e+01
<VARIANCE> 6
 8.276147e+01 6.675246e+05 5.505468e+05 3.028640e+02 4.053393e+04 5.195771e+07
<GCONST> 7.616234e+01
<MIXTURE> 13 6.106380e-02
<MEAN> 6
 7.620921e+01 2.707137e+02 3.075873e+03 -5.132133e-01 -1.883439e+01 -1.957763e+02
<VARIANCE> 6
 1.288761e+02 1.252033e+05 1.610294e+06 3.028640e+02 4.053393e+04 5.195771e+07
<GCONST> 7.600485e+01
<MIXTURE> 14 6.987149e-02
<MEAN> 6
 6.022115e+01 -7.244753e+02 1.738620e+02 9.796258e-01 -1.114649e+01 -1.187379e+02
<VARIANCE> 6
 1.457886e+02 1.824076e+05 1.174948e+05 3.028640e+02 4.053393e+04 5.195771e+07
<GCONST> 7.388669e+01
<MIXTURE> 15 5.302231e-02
<MEAN> 6
 5.469417e+01 -1.136875e+02 2.744461e+02 1.484527e+01 -5.824985e+02 -1.201505e+03
<VARIANCE> 6
 3.891650e+02 2.724522e+05 4.509970e+06 1.930883e+04 1.883018e+05 5.195771e+07
<GCONST> 8.460834e+01
<STATE> 3
<NUMMIXES> 15
<MIXTURE> 1 5.473586e-02
<MEAN> 6
 9.223398e+01 -2.740982e+02 -1.014126e+03 6.741146e+01 -1.179555e+03 -5.915394e+02
<VARIANCE> 6
 2.201185e+02 1.102054e+06 3.731359e+06 2.015360e+04 2.738297e+06 2.169979e+09
<GCONST> 9.169836e+01
<MIXTURE> 2 7.936208e-02
<MEAN> 6
 9.006564e+01 8.807109e+01 1.068922e+02 -3.927587e+00 -8.414836e+01 -5.792943e+02
<VARIANCE> 6
 1.199673e+02 5.529110e+05 5.431727e+05 3.028640e+02 4.053393e+04 5.195771e+07
<GCONST> 7.633173e+01
<MIXTURE> 3 6.574751e-02
<MEAN> 6
 -4.856633e+01 1.041381e+02 -2.090315e+02 -1.697289e+02 1.779411e+03 4.654997e+03
<VARIANCE> 6
 2.708688e+02 2.757604e+06 1.221146e+06 2.484327e+04 1.197357e+06 1.037827e+09
<GCONST> 9.035043e+01
<MIXTURE> 4 4.947976e-02
<MEAN> 6
 1.842435e+01 -8.360625e+01 3.858425e+02 3.293195e+02 -2.610994e+02 -1.035527e+04
<VARIANCE> 6
 3.270014e+02 1.301194e+06 1.416585e+06 3.090971e+03 3.845543e+05 1.317514e+08
<GCONST> 8.465228e+01
<MIXTURE> 5 6.561944e-02
<MEAN> 6
 -1.832279e+01 -3.116093e+02 1.789192e+02 2.665360e+02 6.701028e+02 -5.642022e+03
<VARIANCE> 6
 2.069816e+02 7.177217e+05 4.690939e+05 3.442604e+03 2.116526e+05 5.195771e+07
<GCONST> 8.107492e+01
<MIXTURE> 6 4.656450e-02
<MEAN> 6
 -3.844452e-01 -2.312168e+01 1.688241e+02 -2.585846e+02 1.382608e+02 3.533810e+03
<VARIANCE> 6
 7.132204e+02 5.942892e+05 3.561302e+05 4.478398e+03 2.728585e+05 1.182507e+08
<GCONST> 8.318727e+01
<MIXTURE> 7 8.922999e-02
<MEAN> 6
 4.921515e+01 -2.920729e+02 4.884156e+01 2.191695e+02 -5.222681e+02 7.656706e+01
<VARIANCE> 6
 2.965128e+02 7.415771e+05 6.994044e+05 2.741593e+03 1.615163e+05 5.195771e+07
<GCONST> 8.136847e+01
<MIXTURE> 8 7.660317e-02
<MEAN> 6
 -4.984915e+01 -1.545158e+02 1.317539e+02 1.321744e+02 8.941094e+02 1.485242e+03
<VARIANCE> 6
 1.644133e+02 5.946586e+05 3.719883e+05 4.508888e+03 1.611769e+05 5.195771e+07
<GCONST> 8.042201e+01
<MIXTURE> 9 9.096263e-02
<MEAN> 6
 -6.593510e+01 1.409183e+02 -1.359076e+02 7.425366e+00 1.710651e+02 3.399247e+02
<VARIANCE> 6
 1.191870e+02 5.612698e+05 6.008499e+05 4.812336e+02 6.487561e+04 5.195771e+07
<GCONST> 7.737453e+01
<MIXTURE> 10 6.636357e-02
<MEAN> 6
 8.804934e+01 3.862304e+02 1.313761e+02 -4.721371e+00 -6.995430e+02 6.990083e+02
<VARIANCE> 6
 1.887681e+02 2.118179e+06 5.779225e+05 9.599196e+03 5.157571e+05 1.904164e+08
<GCONST> 8.548859e+01
<MIXTURE> 11 4.547073e-02
<MEAN> 6
 1.140790e+01 -6.020035e+01 -1.832018e+03 -3.319253e+02 -3.062058e+02 1.166268e+04
<VARIANCE> 6
 9.039031e+02 1.611283e+06 8.097364e+06 6.394020e+03 9.095143e+05 4.621969e+08
<GCONST> 9.046886e+01
<MIXTURE> 12 6.693525e-02
<MEAN> 6
 6.341948e+01 -8.544271e+00 -7.829108e+01 -1.999905e+02 -9.707604e+02 5.848137e+02
<VARIANCE> 6
 1.905561e+02 7.788679e+05 3.476232e+05 4.208063e+03 2.470080e+05 7.132190e+07
<GCONST> 8.144633e+01
<MIXTURE> 13 7.207564e-02
<MEAN> 6
 -6.261976e+01 -1.591273e+02 -9.102843e+01 -1.573802e+01 9.628565e+02 -3.738694e+03
<VARIANCE> 6
 1.249231e+02 3.035761e+05 1.081584e+06 9.043910e+03 3.103154e+05 1.851804e+08
<GCONST> 8.316432e+01
<MIXTURE> 14 8.653967e-02
<MEAN> 6
 8.211166e+01 -4.988582e+01 -9.165721e+01 1.218645e+01 -5.990057e+02 -2.075149e+03
<VARIANCE> 6
 9.891359e+01 5.984423e+05 7.873488e+05 1.106056e+04 1.370548e+05 6.935345e+07
<GCONST> 8.169403e+01
<MIXTURE> 15 4.410424e-02
<MEAN> 6
 1.037836e+01 -3.577647e+02 5.709883e+01 -3.016125e+02 -2.196984e+02 4.481854e+03
<VARIANCE> 6
 6.240701e+02 8.147299e+05 3.302642e+05 5.251572e+03 4.057434e+05 1.384185e+08
<GCONST> 8.400734e+01
<STATE> 4
<NUMMIXES> 15
<MIXTURE> 1 7.885648e-02
<MEAN> 6
 9.964518e+01 1.323275e+03 2.222800e+03 -1.933922e+00 1.018088e+00 -1.488097e+02
<VARIANCE> 6
 3.185140e+01 5.690677e+04 2.329101e+05 3.028640e+02 4.053393e+04 5.195771e+07
<GCONST> 7.188504e+01
<MIXTURE> 2 5.038897e-02
<MEAN> 6
 1.097435e+02 6.240044e+02 3.721243e+02 -6.150449e+00 4.672349e+00 -3.353043e+01
<VARIANCE> 6
 5.088612e+01 9.945479e+03 1.409345e+04 3.028640e+02 4.053393e+04 5.195771e+07
<GCONST> 6.780431e+01
<MIXTURE> 3 8.037448e-02
<MEAN> 6
 9.655033e+01 4.813361e+02 -1.387528e+02 -3.605816e+00 -1.011390e+01 5.104098e+00
<VARIANCE> 6
 3.185140e+01 4.163200e+04 3.131907e+04 3.028640e+02 4.053393e+04 5.195771e+07
<GCONST> 6.956607e+01
<MIXTURE> 4 5.808054e-02
<MEAN> 6
 1.196271e+02 -2.385914e+03 2.614377e+01 -1.615893e+00 -1.159453e+00 3.000592e+01
<VARIANCE> 6
 3.185140e+01 1.900646e+05 1.398304e+04 3.028640e+02 4.053393e+04 5.195771e+07
<GCONST> 7.027818e+01
<MIXTURE> 5 5.199419e-02
<MEAN> 6
 9.884806e+01 6.811161e+02 -1.877958e+03 1.511153e+00 7.732114e-01 2.074341e+01
<VARIANCE> 6
 3.185140e+01 9.945479e+03 1.398304e+04 3.028640e+02 4.053393e+04 5.195771e+07
<GCONST> 6.732794e+01
<MIXTURE> 6 8.770154e-02
<MEAN> 6
 9.593533e+01 1.421001e+02 3.323341e+03 -4.394189e+00 1.421998e+01 6.340966e+01
<VARIANCE> 6
 3.879422e+01 4.038524e+04 1.629550e+04 3.028640e+02 5.227760e+04 5.195771e+07
<GCONST> 6.933394e+01
<MIXTURE> 7 6.101621e-02
<MEAN> 6
 9.984230e+01 5.217368e+02 -1.033896e+03 -5.364976e+00 -1.058930e+00 1.355030e+02
<VARIANCE> 6
 3.185140e+01 1.006463e+04 2.974823e+05 3.028640e+02 4.053393e+04 5.195771e+07
<GCONST> 7.039735e+01
<MIXTURE> 8 5.877325e-02
<MEAN> 6
 8.307379e+01 2.738826e+02 -8.174573e+02 -3.711981e+00 4.809466e+00 4.591710e+01
<VARIANCE> 6
 3.185140e+01 9.945479e+03 1.398304e+04 3.028640e+02 4.053393e+04 5.195771e+07
<GCONST> 6.732794e+01
<MIXTURE> 9 7.025661e-02
<MEAN> 6
 9.860941e+01 7.916139e+02 6.821464e+01 -3.783691e+00 2.281834e+00 2.686280e+01
<VARIANCE> 6
 3.185140e+01 9.945479e+03 1.398304e+04 3.028640e+02 4.053393e+04 5.195771e+07
<GCONST> 6.732794e+01
<MIXTURE> 10 8.271892e-02
<MEAN> 6
 9.108636e+01 4.791657e+02 2.097629e+03 7.616761e-01 6.332310e-01 5.751297e+01
<VARIANCE> 6
 3.185140e+01 2.432173e+04 4.366483e+04 3.028640e+02 4.053393e+04 5.195771e+07
<GCONST> 6.936089e+01
<MIXTURE> 11 9.764992e-02
<MEAN> 6
 9.498475e+01 1.284015e+02 -3.081474e+02 -5.763982e+00 -4.293373e+00 -1.171093e+02
<VARIANCE> 6
 3.185140e+01 1.253477e+04 2.529854e+04 3.028640e+02 4.053393e+04 5.195771e+07
<GCONST> 6.815223e+01
<MIXTURE> 12 6.544190e-02
<MEAN> 6
 1.040077e+02 2.388352e+02 1.587858e+03 -3.987535e+00 -1.770868e+01 6.234555e+02
<VARIANCE> 6
 3.185140e+01 1.941707e+05 7.757677e+05 3.028640e+02 4.053393e+04 5.195771e+07
<GCONST> 7.431557e+01
<MIXTURE> 13 6.481755e-02
<MEAN> 6
 9.812843e+01 4.462262e+02 -1.162189e+03 -4.878095e+00 9.944729e-01 7.156992e+01
<VARIANCE> 6
 3.185140e+01 9.945479e+03 1.434023e+05 3.028640e+02 4.053393e+04 5.195771e+07
<GCONST> 6.965575e+01
<MIXTURE> 14 5.469009e-02
<MEAN> 6
 9.119771e+01 7.464629e+02 -2.653349e+03 -3.375079e+00 4.372662e+00 3.486346e+01
<VARIANCE> 6
 3.185140e+01 9.945479e+03 9.602099e+04 3.028640e+02 4.053393e+04 5.195771e+07
<GCONST> 6.925466e+01
<MIXTURE> 15 3.722615e-02
<MEAN> 6
 1.033499e+02 2.577923e+02 9.205735e+02 -4.843871e+00 -5.707997e+00 1.037559e+03
<VARIANCE> 6
 1.443035e+02 1.449230e+05 1.800349e+06 3.028640e+02 4.053393e+04 5.195771e+07
<GCONST> 7.637575e+01
<STATE> 5
<NUMMIXES> 15
<MIXTURE> 1 7.308865e-02
<MEAN> 6
 7.837482e+01 1.256270e+03 -1.470318e+03 -3.384178e+00 -6.390882e-01 1.403042e+01
<VARIANCE> 6
 3.185140e+01 9.945479e+03 1.460409e+05 3.028640e+02 4.053393e+04 5.195771e+07
<GCONST> 6.967398e+01
<MIXTURE> 2 5.446655e-02
<MEAN> 6
 8.253576e+01 1.223760e+03 1.929784e+02 -4.461212e+00 -9.076858e+00 2.719969e+02
<VARIANCE> 6
 3.185140e+01 3.270931e+04 2.256259e+04 3.028640e+02 4.053393e+04 5.195771e+07
<GCONST> 6.899693e+01
<MIXTURE> 3 6.544947e-02
<MEAN> 6
 6.624687e+01 1.220059e+03 -4.658947e+02 5.314535e-02 -9.226213e+00 -1.321903e+02
<VARIANCE> 6
 3.185140e+01 9.945479e+03 1.398304e+04 3.028640e+02 4.053393e+04 5.195771e+07
<GCONST> 6.732794e+01
<MIXTURE> 4 9.945889e-02
<MEAN> 6
 7.835889e+01 6.792273e+02 -8.483088e+02 -1.096230e+00 -5.194624e+00 -6.299992e+01
<VARIANCE> 6
 3.185140e+01 9.945479e+03 1.398304e+04 3.028640e+02 4.053393e+04 5.195771e+07
<GCONST> 6.732794e+01
<MIXTURE> 5 8.016557e-02
<MEAN> 6
 8.280430e+01 4.167202e+02 2.020348e+02 -3.023912e+00 -1.196150e-01 5.512742e+01
<VARIANCE> 6
 3.185140e+01 1.533891e+04 1.398304e+04 3.028640e+02 4.053393e+04 5.195771e+07
<GCONST> 6.776122e+01
<MIXTURE> 6 6.474373e-02
<MEAN> 6
 7.003382e+01 1.206336e+03 -2.318889e+02 -1.830447e+00 -1.579890e+01 1.074191e+02
<VARIANCE> 6
 3.185140e+01 3.127966e+04 2.528529e+04 3.028640e+02 4.053393e+04 5.195771e+07
<GCONST> 6.906616e+01
<MIXTURE> 7 2.961669e-02
<MEAN> 6
 6.158908e+01 2.195524e+03 -3.957346e+02 1.063350e+01 8.779987e+00 -6.897077e+02
<VARIANCE> 6
 2.617283e+02 8.011139e+05 1.398304e+04 8.520331e+02 7.804206e+04 5.195771e+07
<GCONST> 7.551250e+01
<MIXTURE> 8 2.013046e-02
<MEAN> 6
 7.617588e+01 1.097873e+03 -1.029568e+03 -2.867212e+00 -7.618529e-01 -1.449973e+01
<VARIANCE> 6
 3.185140e+01 9.945479e+03 1.398304e+04 3.028640e+02 4.053393e+04 5.195771e+07
<GCONST> 6.732794e+01
<MIXTURE> 9 3.584320e-02
<MEAN> 6
 7.074937e+01 3.991201e+02 -1.274297e+03 -2.027108e+00 1.398076e+00 -5.731254e-01
<VARIANCE> 6
 3.185140e+01 9.945479e+03 1.398304e+04 3.028640e+02 4.053393e+04 5.195771e+07
<GCONST> 6.732794e+01
<MIXTURE> 10 6.312852e-02
<MEAN> 6
 6.951990e+01 8.959076e+02 -2.161109e+02 -3.573447e+00 -7.753979e+00 9.694015e-01
<VARIANCE> 6
 3.185140e+01 9.945479e+03 1.398304e+04 3.028640e+02 4.053393e+04 5.195771e+07
<GCONST> 6.732794e+01
<MIXTURE> 11 9.293367e-02
<MEAN> 6
 7.541467e+01 4.875482e+02 -2.258317e+02 -2.297878e+00 -1.198257e+00 -2.800949e+01
<VARIANCE> 6
 3.185140e+01 9.945479e+03 1.398304e+04 3.028640e+02 4.053393e+04 5.195771e+07
<GCONST> 6.732794e+01
<MIXTURE> 12 8.514287e-02
<MEAN> 6
 6.632706e+01 1.358371e+03 -6.796228e+02 -1.089890e+00 -7.954016e-01 -1.732688e+01
<VARIANCE> 6
 3.185140e+01 9.945479e+03 1.398304e+04 3.028640e+02 4.053393e+04 5.195771e+07
<GCONST> 6.732794e+01
<MIXTURE> 13 9.208394e-02
<MEAN> 6
 7.543041e+01 4.874778e+02 -2.261210e+02 -2.299459e+00 -1.201336e+00 -2.804783e+01
<VARIANCE> 6
 3.185140e+01 9.945479e+03 1.398304e+04 3.028640e+02 4.053393e+04 5.195771e+07
<GCONST> 6.732794e+01
<MIXTURE> 14 8.643591e-02
<MEAN> 6
 7.976437e+01 3.198279e+02 2.400134e+02 -2.279800e+00 -5.558761e+00 -9.005080e+01
<VARIANCE> 6
 3.185140e+01 1.275994e+04 1.398304e+04 3.028640e+02 4.053393e+04 5.195771e+07
<GCONST> 6.757713e+01
<MIXTURE> 15 5.727884e-02
<MEAN> 6
 8.033479e+01 1.242166e+03 1.076796e+02 -5.067525e+00 2.620757e+00 1.681369e+02
<VARIANCE> 6
 3.185140e+01 3.968886e+04 1.398304e+04 3.028640e+02 4.053393e+04 5.195771e+07
<GCONST> 6.871189e+01
<STATE> 6
<NUMMIXES> 15
<MIXTURE> 1 4.476875e-02
<MEAN> 6
 7.854504e+01 1.934197e+03 5.400526e+02 -5.881087e+00 1.070928e+01 -1.813009e+01
<VARIANCE> 6
 3.185140e+01 1.356806e+05 1.782754e+04 3.028640e+02 4.053393e+04 5.195771e+07
<GCONST> 7.018402e+01
<MIXTURE> 2 6.654441e-02
<MEAN> 6
 6.795435e+01 4.563167e+03 -6.685590e+02 -1.249163e+00 3.519697e-01 -3.010641e+00
<VARIANCE> 6
 3.185140e+01 2.138569e+05 1.398304e+04 3.028640e+02 4.053393e+04 5.195771e+07
<GCONST> 7.039613e+01
<MIXTURE> 3 6.420372e-02
<MEAN> 6
 5.726484e+01 -6.111375e+03 -1.885186e+03 -6.733615e-01 -1.572641e+01 -2.053190e+02
<VARIANCE> 6
 3.185140e+01 3.731364e+06 1.620395e+04 3.028640e+02 4.053393e+04 5.195771e+07
<GCONST> 7.340276e+01
<MIXTURE> 4 5.646887e-02
<MEAN> 6
 7.178000e+01 -6.682168e+02 9.257828e+00 4.891226e-01 -6.457877e+00 -1.779720e+02
<VARIANCE> 6
 3.185140e+01 1.647987e+04 1.398304e+04 3.028640e+02 4.053393e+04 5.195771e+07
<GCONST> 6.783296e+01
<MIXTURE> 5 1.107203e-01
<MEAN> 6
 7.207267e+01 2.361911e+02 7.089105e+02 2.565624e-01 -5.383584e+00 -1.033516e+02
<VARIANCE> 6
 3.185140e+01 9.945479e+03 1.398304e+04 3.028640e+02 4.053393e+04 5.195771e+07
<GCONST> 6.732794e+01
<MIXTURE> 6 5.472323e-02
<MEAN> 6
 7.498286e+01 3.340712e-01 4.807357e+02 -1.898224e+00 -2.706878e+00 -1.131934e+02
<VARIANCE> 6
 3.185140e+01 9.945479e+03 1.398304e+04 3.028640e+02 4.053393e+04 5.195771e+07
<GCONST> 6.732794e+01
<MIXTURE> 7 8.249089e-02
<MEAN> 6
 5.836395e+01 -1.106013e+03 4.855693e+02 6.322703e+00 -1.137758e+01 4.370129e+01
<VARIANCE> 6
 6.392443e+01 9.945479e+03 1.398304e+04 3.028640e+02 4.053393e+04 5.195771e+07
<GCONST> 6.802456e+01
<MIXTURE> 8 7.788906e-02
<MEAN> 6
 7.171065e+01 1.973819e+01 7.704836e+02 -1.438475e+00 -3.020909e-01 7.582489e+01
<VARIANCE> 6
 3.185140e+01 9.945479e+03 1.398304e+04 3.028640e+02 4.053393e+04 5.195771e+07
<GCONST> 6.732794e+01
<MIXTURE> 9 7.627944e-02
<MEAN> 6
 7.092308e+01 -1.147477e+03 -6.697540e+02 -6.045507e-01 -7.503412e-01 -1.005361e+01
<VARIANCE> 6
 3.185140e+01 1.972250e+05 1.398304e+04 3.028640e+02 4.053393e+04 5.195771e+07
<GCONST> 7.031516e+01
<MIXTURE> 10 5.494250e-02
<MEAN> 6
 7.504626e+01 -6.823434e-01 4.804947e+02 -1.919175e+00 -2.831181e+00 -1.140930e+02
<VARIANCE> 6
 3.185140e+01 9.945479e+03 1.398304e+04 3.028640e+02 4.053393e+04 5.195771e+07
<GCONST> 6.732794e+01
<MIXTURE> 11 1.002678e-01
<MEAN> 6
 7.223210e+01 8.232759e+02 8.638989e+02 -2.882623e+00 -1.591691e+00 9.571716e+01
<VARIANCE> 6
 3.185140e+01 4.778279e+04 1.975338e+05 3.028640e+02 4.053393e+04 5.195771e+07
<GCONST> 7.154555e+01
<MIXTURE> 12 5.642080e-02
<MEAN> 6
 7.104494e+01 -9.553015e+02 1.079663e+02 8.714127e-02 -1.235010e+00 7.101163e+01
<VARIANCE> 6
 3.185140e+01 1.223325e+04 1.398304e+04 3.028640e+02 4.053393e+04 5.195771e+07
<GCONST> 6.753497e+01
<MIXTURE> 13 5.487242e-02
<MEAN> 6
 7.539060e+01 -5.725194e+00 4.796496e+02 -2.035355e+00 -3.484770e+00 -1.183503e+02
<VARIANCE> 6
 3.185140e+01 9.945479e+03 1.398304e+04 3.028640e+02 4.053393e+04 5.195771e+07
<GCONST> 6.732794e+01
<MIXTURE> 14 5.458932e-02
<MEAN> 6
 7.509984e+01 -1.577216e+00 4.802781e+02 -1.937417e+00 -2.936731e+00 -1.147973e+02
<VARIANCE> 6
 3.185140e+01 9.945479e+03 1.398304e+04 3.028640e+02 4.053393e+04 5.195771e+07
<GCONST> 6.732794e+01
<MIXTURE> 15 4.480539e-02
<MEAN> 6
 5.694746e+01 -1.261261e+04 -2.138353e+03 -6.950762e-01 3.038257e+00 3.824232e+01
<VARIANCE> 6
 3.185140e+01 2.018115e+07 1.733467e+04 3.028640e+02 4.053393e+04 5.195771e+07
<GCONST> 7.515819e+01
<STATE> 7
<NUMMIXES> 15
<MIXTURE> 1 4.999555e-02
<MEAN> 6
 6.526654e+01 3.017095e+02 1.749550e+02 -8.021401e-01 7.216962e+00 -2.300956e+02
<VARIANCE> 6
 3.185140e+01 9.945479e+03 1.398304e+04 3.028640e+02 4.053393e+04 5.195771e+07
<GCONST> 6.732794e+01
<MIXTURE> 2 7.484312e-02
<MEAN> 6
 5.830847e+01 4.502345e+01 2.924156e+02 1.277661e-01 2.052289e+00 -1.273880e+02
<VARIANCE> 6
 3.185140e+01 9.945479e+03 1.398304e+04 3.028640e+02 4.053393e+04 5.195771e+07
<GCONST> 6.732794e+01
<MIXTURE> 3 3.476587e-02
<MEAN> 6
 5.655807e+01 2.354683e+02 -9.714949e+01 -5.234837e-01 2.314827e+01 -3.640970e+01
<VARIANCE> 6
 3.185140e+01 1.038602e+05 1.826414e+04 3.028640e+02 4.053393e+04 5.195771e+07
<GCONST> 6.994096e+01
<MIXTURE> 4 4.832792e-02
<MEAN> 6
 6.701854e+01 -1.847581e+02 4.196393e+01 -5.821186e-01 -6.319714e+00 4.481106e+00
<VARIANCE> 6
 4.593411e+01 3.412706e+04 2.209767e+04 3.028640e+02 4.053393e+04 5.195771e+07
<GCONST> 6.938466e+01
<MIXTURE> 5 2.512774e-02
<MEAN> 6
 6.277025e+01 -1.573716e+02 -2.673173e+02 -4.631546e-01 -5.565118e+00 -1.006456e+02
<VARIANCE> 6
 3.185140e+01 1.292047e+04 1.046255e+05 3.028640e+02 4.053393e+04 5.195771e+07
<GCONST> 6.960217e+01
<MIXTURE> 6 1.008970e-01
<MEAN> 6
 5.817299e+01 -8.593526e+01 1.261037e+00 -4.738498e-01 -8.469203e+00 -1.179737e+02
<VARIANCE> 6
 3.185140e+01 9.945479e+03 1.398304e+04 3.028640e+02 4.053393e+04 5.195771e+07
<GCONST> 6.732794e+01
<MIXTURE> 7 8.757177e-02
<MEAN> 6
 6.633577e+01 -1.350458e+02 -2.241964e+02 -2.392482e-01 -9.490808e+00 -1.446954e+02
<VARIANCE> 6
 3.185140e+01 1.271187e+04 1.398304e+04 3.028640e+02 4.053393e+04 5.195771e+07
<GCONST> 6.757336e+01
<MIXTURE> 8 8.885533e-02
<MEAN> 6
 6.286129e+01 -1.878730e+02 -6.142355e+02 -1.305863e+00 -9.911356e+00 -1.936879e+02
<VARIANCE> 6
 3.185140e+01 9.945479e+03 1.526171e+04 3.028640e+02 4.053393e+04 5.195771e+07
<GCONST> 6.741544e+01
<MIXTURE> 9 6.647111e-02
<MEAN> 6
 7.012076e+01 1.477965e+02 8.079297e+01 2.310021e-01 -2.082403e+00 -1.536872e+02
<VARIANCE> 6
 3.185140e+01 9.945479e+03 1.398304e+04 3.028640e+02 4.053393e+04 5.195771e+07
<GCONST> 6.732794e+01
<MIXTURE> 10 7.596627e-02
<MEAN> 6
 5.830859e+01 4.487926e+01 2.923293e+02 1.268294e-01 2.066083e+00 -1.271884e+02
<VARIANCE> 6
 3.185140e+01 9.945479e+03 1.398304e+04 3.028640e+02 4.053393e+04 5.195771e+07
<GCONST> 6.732794e+01
<MIXTURE> 11 5.112942e-02
<MEAN> 6
 5.834205e+01 -7.781072e+01 6.577433e+00 -4.641038e-01 -8.400513e+00 -1.270926e+02
<VARIANCE> 6
 3.185140e+01 9.945479e+03 1.398304e+04 3.028640e+02 4.053393e+04 5.195771e+07
<GCONST> 6.732794e+01
<MIXTURE> 12 7.671387e-02
<MEAN> 6
 7.093972e+01 1.033796e+02 5.139616e+01 -5.366957e-01 -2.464305e+00 -1.140462e+02
<VARIANCE> 6
 3.185140e+01 9.945479e+03 1.398304e+04 3.028640e+02 4.053393e+04 5.195771e+07
<GCONST> 6.732794e+01
<MIXTURE> 13 6.550102e-02
<MEAN> 6
 5.651514e+01 2.283859e+02 -1.422508e+02 -5.697305e-01 8.108861e+00 -1.400852e+02
<VARIANCE> 6
 3.185140e+01 9.945479e+03 1.398304e+04 3.028640e+02 4.053393e+04 5.195771e+07
<GCONST> 6.732794e+01
<MIXTURE> 14 1.032086e-01
<MEAN> 6
 6.202871e+01 -1.881459e+02 -2.906578e+02 2.465140e-01 -5.781360e+00 -1.989773e+02
<VARIANCE> 6
 3.185140e+01 1.215645e+04 1.398304e+04 3.028640e+02 4.053393e+04 5.195771e+07
<GCONST> 6.752868e+01
<MIXTURE> 15 5.056692e-02
<MEAN> 6
 5.718540e+01 -1.015553e+02 -2.713546e+01 -1.926812e-01 -6.507044e+00 -1.226217e+02
<VARIANCE> 6
 3.185140e+01 9.945479e+03 1.398304e+04 3.028640e+02 4.053393e+04 5.195771e+07
<GCONST> 6.732794e+01
<STATE> 8
<NUMMIXES> 15
<MIXTURE> 1 6.322098e-02
<MEAN> 6
 8.487015e+01 -1.099345e+02 -2.376664e+01 -2.355154e-01 -2.288404e+00 -4.707021e+01
<VARIANCE> 6
 3.185140e+01 1.031873e+04 1.398304e+04 3.028640e+02 4.053393e+04 5.195771e+07
<GCONST> 6.736478e+01
<MIXTURE> 2 6.569639e-02
<MEAN> 6
 7.818297e+01 -7.291946e+02 3.129350e+03 -1.609227e+00 -1.832919e+00 -5.514555e+01
<VARIANCE> 6
 3.185140e+01 1.762100e+04 4.635045e+04 3.028640e+02 4.053393e+04 5.195771e+07
<GCONST> 6.909830e+01
<MIXTURE> 3 8.185279e-02
<MEAN> 6
 9.838028e+01 -4.994830e+02 -5.419280e+02 -1.184533e+00 -2.620036e+00 -8.278226e+01
<VARIANCE> 6
 3.310135e+01 9.945479e+03 1.398304e+04 3.028640e+02 4.053393e+04 5.195771e+07
<GCONST> 6.736642e+01
<MIXTURE> 4 6.086633e-02
<MEAN> 6
 8.596011e+01 -4.554709e+02 1.240832e+03 -4.048519e+00 2.613662e+00 -2.130221e+01
<VARIANCE> 6
 3.185140e+01 9.945479e+03 1.077439e+05 3.028640e+02 4.053393e+04 5.195771e+07
<GCONST> 6.936985e+01
<MIXTURE> 5 5.330990e-02
<MEAN> 6
 8.211379e+01 -8.606601e+01 -2.701968e+02 -1.167072e+00 -1.604009e+00 -3.621207e+01
<VARIANCE> 6
 3.185140e+01 9.945479e+03 1.398304e+04 3.028640e+02 4.053393e+04 5.195771e+07
<GCONST> 6.732794e+01
<MIXTURE> 6 8.306015e-02
<MEAN> 6
 8.186549e+01 -9.417365e+01 -2.740849e+02 -1.168893e+00 -2.073518e+00 -3.816430e+01
<VARIANCE> 6
 3.185140e+01 9.945479e+03 1.398304e+04 3.028640e+02 4.053393e+04 5.195771e+07
<GCONST> 6.732794e+01
<MIXTURE> 7 9.035321e-02
<MEAN> 6
 8.665003e+01 -2.027912e+02 -8.401511e+02 -7.198645e-01 1.585242e-01 2.585709e+01
<VARIANCE> 6
 3.185140e+01 9.945479e+03 1.833370e+04 3.028640e+02 4.053393e+04 5.195771e+07
<GCONST> 6.759883e+01
<MIXTURE> 8 9.335279e-02
<MEAN> 6
 8.483114e+01 -9.907209e+01 -2.697948e+01 -2.240838e-01 -2.640862e+00 -5.075960e+01
<VARIANCE> 6
 3.185140e+01 9.945479e+03 1.398304e+04 3.028640e+02 4.053393e+04 5.195771e+07
<GCONST> 6.732794e+01
<MIXTURE> 9 5.670695e-02
<MEAN> 6
 7.769646e+01 -2.651696e+02 -2.440874e+02 -2.036739e+00 -3.269708e-01 -6.295922e+01
<VARIANCE> 6
 3.185140e+01 1.314658e+04 1.398304e+04 3.028640e+02 4.053393e+04 5.195771e+07
<GCONST> 6.760698e+01
<MIXTURE> 10 8.396078e-02
<MEAN> 6
 9.660633e+01 -4.991656e+02 -5.427742e+02 -8.109159e-01 -2.962636e+00 -1.093892e+02
<VARIANCE> 6
 3.185140e+01 9.945479e+03 1.398304e+04 3.028640e+02 4.053393e+04 5.195771e+07
<GCONST> 6.732794e+01
<MIXTURE> 11 4.468556e-02
<MEAN> 6
 7.990073e+01 -5.000487e+02 -1.421559e+03 -3.197819e+00 2.004864e+00 3.918485e+01
<VARIANCE> 6
 3.185140e+01 1.344323e+04 1.791034e+04 3.028640e+02 4.053393e+04 5.195771e+07
<GCONST> 6.787683e+01
<MIXTURE> 12 6.428780e-02
<MEAN> 6
 7.829268e+01 -4.172460e+02 -2.231859e+02 -2.591799e+00 7.061498e-01 1.241903e+01
<VARIANCE> 6
 3.185140e+01 6.111576e+04 1.398304e+04 3.028640e+02 4.053393e+04 5.195771e+07
<GCONST> 6.914359e+01
<MIXTURE> 13 6.276583e-02
<MEAN> 6
 8.502451e+01 -1.491670e+02 -1.625465e+01 -4.417882e-01 -6.248724e-01 -4.750884e-01
<VARIANCE> 6
 3.185140e+01 1.260167e+04 1.398304e+04 3.028640e+02 4.053393e+04 5.195771e+07
<GCONST> 6.756465e+01
<MIXTURE> 14 4.266375e-02
<MEAN> 6
 5.708468e+01 3.699491e+01 3.005702e+03 -8.864338e+00 1.275202e+01 3.522114e+02
<VARIANCE> 6
 4.794939e+01 2.176238e+04 1.047748e+05 3.028640e+02 4.053393e+04 5.195771e+07
<GCONST> 7.053403e+01
<MIXTURE> 15 5.319390e-02
<MEAN> 6
 8.090324e+01 -1.273478e+02 -2.877122e+02 -1.229845e+00 -3.243485e+00 -3.988800e+01
<VARIANCE> 6
 3.185140e+01 9.945479e+03 1.398304e+04 3.028640e+02 4.053393e+04 5.195771e+07
<GCONST> 6.732794e+01
<STATE> 9
<NUMMIXES> 15
<MIXTURE> 1 4.967444e-02
<MEAN> 6
 8.378412e+01 1.819957e+01 4.068435e+02 -6.994907e+00 -1.480542e+01 1.280281e+00
<VARIANCE> 6
 8.979555e+01 1.628250e+06 1.182139e+06 3.028640e+02 4.053393e+04 5.195771e+07
<GCONST> 7.789977e+01
<MIXTURE> 2 1.607166e-02
<MEAN> 6
 -6.586755e+00 1.566199e+02 1.068883e+02 -1.897653e+01 6.401990e+01 5.250678e+03
<VARIANCE> 6
 1.193402e+04 2.010148e+05 4.154882e+05 2.155662e+06 1.183505e+09 1.740789e+12
<GCONST> 1.092235e+02
<MIXTURE> 3 9.057125e-02
<MEAN> 6
 -4.331314e+01 3.534144e+00 1.389676e+02 6.612132e+01 7.675434e+02 -9.303340e+02
<VARIANCE> 6
 3.476204e+02 1.064720e+05 1.386656e+05 1.549245e+04 1.229116e+05 5.195771e+07
<GCONST> 7.942710e+01
<MIXTURE> 4 7.013351e-02
<MEAN> 6
 2.699053e+00 3.399635e+02 2.602105e+02 1.163277e+01 2.160460e+01 -2.687102e+02
<VARIANCE> 6
 3.128679e+03 1.928822e+06 9.558298e+05 2.391556e+04 2.603194e+05 5.405180e+07
<GCONST> 8.767580e+01
<MIXTURE> 5 6.458291e-02
<MEAN> 6
 9.323463e+01 1.426067e+02 -5.444632e+01 2.642877e+01 -9.275582e+02 1.701977e+02
<VARIANCE> 6
 1.193392e+02 2.023958e+05 1.103772e+05 1.288016e+04 1.165248e+06 5.984743e+08
<GCONST> 8.328065e+01
<MIXTURE> 6 5.451780e-02
<MEAN> 6
 2.756811e+01 3.371992e+01 1.047753e+02 2.105281e+02 -7.581043e+01 -1.844102e+03
<VARIANCE> 6
 6.364308e+02 8.642671e+04 1.041877e+05 6.152708e+03 1.958049e+05 6.527924e+07
<GCONST> 7.930785e+01
<MIXTURE> 7 3.900533e-02
<MEAN> 6
 -3.933834e+00 5.706410e+01 1.717362e+02 -5.958225e+01 1.177723e+02 1.547232e+03
<VARIANCE> 6
 4.723783e+03 3.262823e+05 5.580328e+05 7.220630e+04 4.188741e+06 3.421305e+09
<GCONST> 9.380380e+01
<MIXTURE> 8 8.010664e-02
<MEAN> 6
 -4.955454e+01 -6.272112e+00 2.979308e+01 1.844812e+01 1.913796e+02 2.164796e+02
<VARIANCE> 6
 3.008476e+02 8.344561e+04 7.616652e+04 7.064366e+02 5.702529e+04 5.195771e+07
<GCONST> 7.458392e+01
<MIXTURE> 9 1.013110e-01
<MEAN> 6
 8.560910e+01 -4.219394e+01 8.109848e+01 -9.249818e+00 -5.718016e+00 -2.872232e+02
<VARIANCE> 6
 9.948788e+01 2.366873e+05 2.492689e+04 3.028640e+02 4.053393e+04 5.195771e+07
<GCONST> 7.221461e+01
<MIXTURE> 10 8.931329e-02
<MEAN> 6
 7.527718e+01 5.383604e+01 -4.085394e+01 -1.325609e+01 -4.503818e+02 -3.695680e+02
<VARIANCE> 6
 2.607997e+02 4.402347e+04 3.832533e+04 1.417876e+04 1.221402e+05 5.195771e+07
<GCONST> 7.687572e+01
<MIXTURE> 11 8.769920e-02
<MEAN> 6
 1.397559e+01 -5.136322e+00 8.985094e+00 -2.473765e+02 -1.869852e+02 4.772190e+03
<VARIANCE> 6
 5.769767e+02 6.872988e+04 1.039072e+05 6.341017e+03 3.781302e+05 1.876921e+08
<GCONST> 8.072236e+01
<MIXTURE> 12 6.319747e-02
<MEAN> 6
 7.661216e+01 -6.456712e+01 -1.875920e+02 -5.169063e+00 -2.162531e+01 -2.504381e+02
<VARIANCE> 6
 1.906263e+02 3.426595e+04 7.551778e+04 3.028640e+02 4.053393e+04 5.195771e+07
<GCONST> 7.204073e+01
<MIXTURE> 13 7.001346e-02
<MEAN> 6
 -4.167356e+01 -8.825157e+01 1.676465e+01 -4.520287e+01 1.337075e+03 2.340366e+01
<VARIANCE> 6
 3.499060e+02 1.117570e+05 6.142343e+04 3.867224e+04 5.342308e+05 4.324476e+08
<GCONST> 8.317099e+01
<MIXTURE> 14 6.964009e-02
<MEAN> 6
 6.465816e+01 -3.238867e+01 -5.323021e+01 -3.095789e+01 -8.645513e+02 -9.336135e+02
<VARIANCE> 6
 1.971684e+02 1.549375e+05 1.742362e+05 3.204607e+04 2.914387e+05 8.349194e+07
<GCONST> 8.152804e+01
<MIXTURE> 15 5.362722e-02
<MEAN> 6
 2.006165e+01 -9.812836e+01 2.750678e+01 2.155023e+02 -2.262254e+01 -4.178482e+03
<VARIANCE> 6
 6.670364e+02 1.189731e+05 7.072848e+04 7.638786e+03 1.884824e+05 7.063282e+07
<GCONST> 7.954413e+01
<TRANSP> 10
 0.000000e+00 1.000000e+00 0.000000e+00 0.000000e+00 0.000000e+00 0.000000e+00 0.000000e+00 0.000000e+00 0.000000e+00 0.000000e+00
 0.000000e+00 9.997929e-01 2.070866e-04 0.000000e+00 0.000000e+00 0.000000e+00 0.000000e+00 0.000000e+00 0.000000e+00 0.000000e+00
 0.000000e+00 0.000000e+00 9.998772e-01 1.227984e-04 0.000000e+00 0.000000e+00 0.000000e+00 0.000000e+00 0.000000e+00 0.000000e+00
 0.000000e+00 0.000000e+00 0.000000e+00 9.984664e-01 1.533658e-03 0.000000e+00 0.000000e+00 0.000000e+00 0.000000e+00 0.000000e+00
 0.000000e+00 0.000000e+00 0.000000e+00 0.000000e+00 9.984754e-01 1.524674e-03 0.000000e+00 0.000000e+00 0.000000e+00 0.000000e+00
 0.000000e+00 0.000000e+00 0.000000e+00 0.000000e+00 0.000000e+00 9.981152e-01 1.884801e-03 0.000000e+00 0.000000e+00 0.000000e+00
 0.000000e+00 0.000000e+00 0.000000e+00 0.000000e+00 0.000000e+00 0.000000e+00 9.991307e-01 8.692589e-04 0.000000e+00 0.000000e+00
 0.000000e+00 0.000000e+00 0.000000e+00 0.000000e+00 0.000000e+00 0.000000e+00 0.000000e+00 9.987379e-01 1.262068e-03 0.000000e+00
 0.000000e+00 0.000000e+00 0.000000e+00 0.000000e+00 0.000000e+00 0.000000e+00 0.000000e+00 0.000000e+00 9.999104e-01 8.967395e-05
 0.000000e+00 0.000000e+00 0.000000e+00 0.000000e+00 0.000000e+00 0.000000e+00 0.000000e+00 0.000000e+00 0.000000e+00 0.000000e+00
<ENDHMM>
