~o
<STREAMINFO> 1 6
<VECSIZE> 6<NULLD><USER><DIAGC>
~h "SegundoPRIMARIA"
<BEGINHMM>
<NUMSTATES> 3
<STATE> 2
<NUMMIXES> 8
<MIXTURE> 1 4.240509e-03
<MEAN> 6
 1.679233e+01 -2.811308e+02 6.930118e+00 2.274302e+01 -7.100616e+02 2.410874e+03
<VARIANCE> 6
 9.021369e+03 8.772531e+05 9.860393e+05 1.264391e+06 6.779578e+08 9.801556e+11
<GCONST> 1.096163e+02
<MIXTURE> 2 1.001666e-01
<MEAN> 6
 8.669415e+01 -1.700603e+02 1.236170e+02 -3.167557e+00 -1.791629e+01 -1.681665e+02
<VARIANCE> 6
 3.793743e+02 5.268590e+06 1.996164e+06 2.994452e+02 3.958182e+04 5.070837e+07
<GCONST> 8.097945e+01
<MIXTURE> 3 1.134138e-01
<MEAN> 6
 2.060853e+01 1.036496e+01 -8.139964e+01 -7.007142e+01 1.317808e+02 3.588800e+03
<VARIANCE> 6
 4.771442e+03 2.683168e+06 1.713565e+06 6.113866e+04 3.525366e+06 1.534813e+09
<GCONST> 9.590233e+01
<MIXTURE> 4 1.304538e-01
<MEAN> 6
 -3.665939e+01 1.194985e+02 7.405920e+01 5.281403e+01 7.162671e+02 3.171596e+02
<VARIANCE> 6
 5.694969e+02 1.941764e+05 1.997780e+05 2.857641e+04 3.801656e+05 1.049551e+08
<GCONST> 8.333124e+01
<MIXTURE> 5 1.614089e-01
<MEAN> 6
 5.666994e+01 6.374314e+01 6.636679e+01 6.409589e+01 -3.358767e+02 -1.202854e+03
<VARIANCE> 6
 1.106455e+03 2.603835e+05 2.843703e+05 4.160964e+04 2.252551e+05 6.017191e+07
<GCONST> 8.393791e+01
<MIXTURE> 6 2.173802e-01
<MEAN> 6
 8.238779e+01 -1.502668e+00 -7.026099e+01 -2.211040e+00 -2.106855e+01 -1.794938e+02
<VARIANCE> 6
 2.816613e+02 2.536864e+05 1.919798e+05 2.994452e+02 3.958182e+04 5.070837e+07
<GCONST> 7.530663e+01
<MIXTURE> 7 1.407389e-01
<MEAN> 6
 7.064466e+01 -3.272646e+01 3.204473e+01 -6.234624e+01 -8.192387e+02 4.582909e+02
<VARIANCE> 6
 1.110481e+03 1.305214e+05 1.022961e+05 4.820601e+04 8.020983e+05 3.334944e+08
<GCONST> 8.535809e+01
<MIXTURE> 8 1.303538e-01
<MEAN> 6
 -4.591314e+01 -3.027413e+01 -9.828525e+01 3.844455e+00 5.445590e+02 -2.110234e+03
<VARIANCE> 6
 5.791310e+02 1.912206e+05 2.531069e+05 2.145031e+04 3.433115e+05 1.074023e+08
<GCONST> 8.320352e+01
<TRANSP> 3
 0.000000e+00 1.000000e+00 0.000000e+00
 0.000000e+00 9.999630e-01 3.696096e-05
 0.000000e+00 0.000000e+00 0.000000e+00
<ENDHMM>
~h "SegundoESO"
<BEGINHMM>
<NUMSTATES> 3
<STATE> 2
<NUMMIXES> 8
<MIXTURE> 1 9.666587e-02
<MEAN> 6
 7.319067e+01 5.945821e+01 3.831317e+01 -8.890086e-01 -1.324731e+01 5.804382e+01
<VARIANCE> 6
 1.075459e+02 4.296941e+05 1.607240e+05 2.994452e+02 3.958182e+04 5.070837e+07
<GCONST> 7.469311e+01
<MIXTURE> 2 1.031306e-01
<MEAN> 6
 1.855675e+01 3.101465e+02 6.464016e+02 -2.114890e+01 -1.094003e+02 1.126066e+03
<VARIANCE> 6
 3.255379e+03 1.125864e+07 5.098136e+06 4.069822e+04 1.145707e+06 3.306907e+08
<GCONST> 9.497852e+01
<MIXTURE> 3 1.196234e-01
<MEAN> 6
 -3.579822e+01 1.802130e+02 1.448155e+02 -3.371976e+01 8.319543e+02 4.833015e+02
<VARIANCE> 6
 4.284563e+02 4.981518e+05 2.605493e+05 3.039222e+04 4.415381e+05 1.998488e+08
<GCONST> 8.510970e+01
<MIXTURE> 4 1.750188e-01
<MEAN> 6
 3.485100e+01 1.060626e+02 6.230777e+00 4.043271e+01 -2.034281e+02 -4.758904e+02
<VARIANCE> 6
 6.625374e+02 6.069695e+05 4.080907e+05 3.374671e+04 7.439420e+04 5.070837e+07
<GCONST> 8.314419e+01
<MIXTURE> 5 1.306574e-01
<MEAN> 6
 7.902806e+01 -4.511606e+02 -6.900841e+02 -3.225646e+00 -2.487192e+01 -8.866696e+00
<VARIANCE> 6
 1.902409e+02 3.196031e+06 7.204110e+06 2.994452e+02 3.958182e+04 5.070837e+07
<GCONST> 8.107279e+01
<MIXTURE> 6 1.255222e-01
<MEAN> 6
 6.773766e+01 -5.182182e+01 7.432686e+01 -3.132837e+01 -7.640577e+02 1.643960e+02
<VARIANCE> 6
 3.313263e+02 7.285064e+05 2.219653e+05 2.179217e+04 2.116029e+05 1.012072e+08
<GCONST> 8.332384e+01
<MIXTURE> 7 1.505627e-01
<MEAN> 6
 -3.235548e+01 2.496754e+01 1.546511e+01 2.711419e+01 3.457378e+02 -5.816480e+02
<VARIANCE> 6
 5.291267e+02 3.473128e+05 2.612206e+05 1.482586e+04 1.045375e+05 5.070837e+07
<GCONST> 8.143262e+01
<MIXTURE> 8 9.669730e-02
<MEAN> 6
 6.948967e+01 -1.695750e+02 -1.096293e+02 -2.776881e+00 -3.937534e+01 -2.958763e+02
<VARIANCE> 6
 9.849995e+01 4.533154e+05 1.475631e+05 2.994452e+02 3.958182e+04 5.070837e+07
<GCONST> 7.457333e+01
<TRANSP> 3
 0.000000e+00 1.000000e+00 0.000000e+00
 0.000000e+00 9.999633e-01 3.667742e-05
 0.000000e+00 0.000000e+00 0.000000e+00
<ENDHMM>
~h "QuintoPRIMARIA"
<BEGINHMM>
<NUMSTATES> 3
<STATE> 2
<NUMMIXES> 8
<MIXTURE> 1 1.591674e-01
<MEAN> 6
 7.985445e+01 1.555195e+02 3.698030e+01 -1.888098e+00 -2.029450e+01 -3.090273e+01
<VARIANCE> 6
 2.435231e+02 2.209212e+06 5.460280e+06 2.994452e+02 3.958182e+04 5.070837e+07
<GCONST> 8.067329e+01
<MIXTURE> 2 1.005863e-02
<MEAN> 6
 1.358758e+01 -1.243890e+03 -3.816263e+02 -2.474603e+01 -3.807465e+02 4.641229e+03
<VARIANCE> 6
 9.968574e+03 1.739079e+07 2.494140e+06 1.367074e+06 7.495974e+08 1.104865e+12
<GCONST> 1.139293e+02
<MIXTURE> 3 1.524843e-01
<MEAN> 6
 -2.349862e+01 -1.456902e+01 6.718680e+01 6.736848e+01 4.143376e+02 -7.051967e+02
<VARIANCE> 6
 1.927594e+03 1.144217e+05 1.339430e+05 1.983109e+04 3.336632e+05 5.327575e+07
<GCONST> 8.244799e+01
<MIXTURE> 4 1.907955e-01
<MEAN> 6
 9.061241e+00 8.162442e+01 5.307877e+01 2.296622e+01 -4.595765e+01 -5.570856e+02
<VARIANCE> 6
 3.117088e+03 1.764700e+06 4.169752e+06 3.653788e+04 5.298567e+05 7.474946e+07
<GCONST> 9.051489e+01
<MIXTURE> 5 1.305501e-01
<MEAN> 6
 9.019069e+00 -1.024127e+02 -7.816646e+01 -6.564402e+01 2.033362e+02 1.974241e+03
<VARIANCE> 6
 3.944154e+03 8.416614e+05 1.064133e+06 5.017986e+04 2.578457e+06 1.030911e+09
<GCONST> 9.316783e+01
<MIXTURE> 6 1.000862e-01
<MEAN> 6
 8.019389e+01 2.682543e+01 2.147206e+01 -2.298847e+00 -6.800318e+00 1.660229e+01
<VARIANCE> 6
 2.095402e+02 2.027718e+05 1.186371e+05 2.994452e+02 3.958182e+04 5.070837e+07
<GCONST> 7.430550e+01
<MIXTURE> 7 1.551961e-01
<MEAN> 6
 4.581371e+01 5.354193e+00 -3.203983e+01 -2.984538e+01 -4.463637e+02 -2.232805e+02
<VARIANCE> 6
 1.825778e+03 1.033572e+05 9.058514e+04 3.617585e+04 4.333762e+05 1.097151e+08
<GCONST> 8.348592e+01
<MIXTURE> 8 1.000727e-01
<MEAN> 6
 7.522099e+01 -1.572192e+02 -9.382174e+01 -4.248264e+00 -3.894126e+01 -5.062488e+02
<VARIANCE> 6
 1.939724e+02 1.901988e+05 1.134038e+05 2.994452e+02 3.958182e+04 5.070837e+07
<GCONST> 7.411917e+01
<TRANSP> 3
 0.000000e+00 1.000000e+00 0.000000e+00
 0.000000e+00 9.999641e-01 3.593184e-05
 0.000000e+00 0.000000e+00 0.000000e+00
<ENDHMM>
