~o
<STREAMINFO> 1 6
<VECSIZE> 6<NULLD><USER><DIAGC>
~h "SegundoPRIMARIA"
<BEGINHMM>
<NUMSTATES> 6
<STATE> 2
<NUMMIXES> 3
<MIXTURE> 1 3.160208e-01
<MEAN> 6
 3.844087e+01 5.892196e+01 8.455553e+01 3.418736e+01 3.300095e+00 -9.153992e+00
<VARIANCE> 6
 3.240959e+03 1.843363e+05 8.056937e+05 1.133094e+04 1.511040e+05 5.051235e+07
<GCONST> 8.383360e+01
<MIXTURE> 2 3.694355e-01
<MEAN> 6
 1.525221e+01 3.056271e+01 -1.946823e+00 -3.140908e+01 3.369091e+01 5.968309e+02
<VARIANCE> 6
 3.313100e+03 1.407946e+05 2.745173e+05 5.818486e+04 1.901766e+06 5.153425e+08
<GCONST> 8.900074e+01
<MIXTURE> 3 3.143979e-01
<MEAN> 6
 3.326010e+01 -5.279221e+01 -1.286440e+02 4.995327e+00 -4.156689e+01 -7.261368e+02
<VARIANCE> 6
 3.788178e+03 1.727133e+05 9.038051e+05 1.073529e+04 2.026539e+05 5.051235e+07
<GCONST> 8.427893e+01
<STATE> 3
<NUMMIXES> 3
<MIXTURE> 1 4.832260e-01
<MEAN> 6
 8.329651e+01 -1.750055e+01 -1.422557e+01 -9.747402e-01 -4.303017e+00 1.641460e+01
<VARIANCE> 6
 2.167476e+02 6.576055e+04 7.480243e+04 2.996357e+02 3.956501e+04 5.051235e+07
<GCONST> 7.274837e+01
<MIXTURE> 2 2.559766e-01
<MEAN> 6
 8.572231e+01 -2.285302e+01 -7.514143e+01 -8.848984e-01 -1.029235e+00 1.070232e+01
<VARIANCE> 6
 2.276246e+02 9.400440e+04 9.124741e+04 2.996357e+02 3.956501e+04 5.051235e+07
<GCONST> 7.335338e+01
<MIXTURE> 3 2.607909e-01
<MEAN> 6
 8.321643e+01 -1.074167e+02 -1.973006e+02 -5.323430e-01 -4.486347e+00 -3.384435e+01
<VARIANCE> 6
 2.085712e+02 9.549104e+04 9.174641e+04 2.996357e+02 3.956501e+04 5.051235e+07
<GCONST> 7.328711e+01
<STATE> 4
<NUMMIXES> 3
<MIXTURE> 1 2.890545e-01
<MEAN> 6
 9.051412e+01 8.846510e+01 9.475075e+02 -2.302747e+00 6.501322e-01 -9.186386e+00
<VARIANCE> 6
 2.932565e+02 1.141831e+06 1.854458e+06 2.996357e+02 3.956501e+04 5.051235e+07
<GCONST> 7.911555e+01
<MIXTURE> 2 4.119943e-01
<MEAN> 6
 7.243335e+01 -8.450331e+01 1.425417e+02 -8.989719e-01 -2.040788e+00 -7.834692e+01
<VARIANCE> 6
 5.761817e+01 1.116446e+07 6.451537e+05 2.996357e+02 3.956501e+04 5.051235e+07
<GCONST> 7.871259e+01
<MIXTURE> 3 2.989416e-01
<MEAN> 6
 8.444026e+01 -6.206604e+00 3.407185e+02 -1.567306e+00 -2.658226e+00 -6.085161e+01
<VARIANCE> 6
 2.035683e+02 1.554018e+06 8.635382e+05 2.996357e+02 3.956501e+04 5.051235e+07
<GCONST> 7.829441e+01
<STATE> 5
<NUMMIXES> 3
<MIXTURE> 1 5.957228e-02
<MEAN> 6
 4.279037e+01 3.833964e+02 -2.524695e+02 -3.575585e+01 -4.482204e+02 4.780490e+03
<VARIANCE> 6
 6.518456e+03 1.354972e+07 1.399931e+06 2.730609e+05 1.210830e+08 1.700531e+11
<GCONST> 1.073723e+02
<MIXTURE> 2 4.751291e-01
<MEAN> 6
 3.647063e+01 8.232516e+01 5.819014e+01 2.485684e+01 7.218958e+01 6.652438e+02
<VARIANCE> 6
 4.205046e+03 6.646443e+05 2.149234e+05 3.510341e+04 8.091889e+05 1.997615e+08
<GCONST> 8.823882e+01
<MIXTURE> 3 4.651934e-01
<MEAN> 6
 3.176743e+01 -1.466260e+02 -9.567344e+01 -2.003383e+01 -1.591702e+01 -1.257532e+03
<VARIANCE> 6
 4.208134e+03 5.730796e+05 4.395673e+05 3.900273e+04 1.073777e+06 2.325515e+08
<GCONST> 8.934706e+01
<TRANSP> 6
 0.000000e+00 1.000000e+00 0.000000e+00 0.000000e+00 0.000000e+00 0.000000e+00
 0.000000e+00 9.999202e-01 7.978710e-05 0.000000e+00 0.000000e+00 0.000000e+00
 0.000000e+00 0.000000e+00 9.994761e-01 5.238833e-04 0.000000e+00 0.000000e+00
 0.000000e+00 0.000000e+00 0.000000e+00 9.993612e-01 6.388598e-04 0.000000e+00
 0.000000e+00 0.000000e+00 0.000000e+00 0.000000e+00 9.999091e-01 9.090986e-05
 0.000000e+00 0.000000e+00 0.000000e+00 0.000000e+00 0.000000e+00 0.000000e+00
<ENDHMM>
~h "SegundoESO"
<BEGINHMM>
<NUMSTATES> 6
<STATE> 2
<NUMMIXES> 3
<MIXTURE> 1 4.696234e-01
<MEAN> 6
 4.628811e+01 -6.731873e+02 1.066798e+03 3.637689e+00 -2.305560e+00 -6.932242e+01
<VARIANCE> 6
 2.465633e+03 3.750314e+07 1.909633e+07 1.038863e+04 1.661207e+05 5.051235e+07
<GCONST> 9.204907e+01
<MIXTURE> 2 2.814444e-01
<MEAN> 6
 7.557318e+01 6.827118e+02 -1.171411e+03 -9.456568e-01 -6.198568e+00 -8.591812e+01
<VARIANCE> 6
 5.168861e+01 1.075732e+06 8.104574e+06 2.996357e+02 3.956501e+04 5.051235e+07
<GCONST> 7.879495e+01
<MIXTURE> 3 2.488283e-01
<MEAN> 6
 7.115919e+01 3.864234e+02 -3.189548e+03 -7.651694e-01 -5.044228e+00 -9.475571e+01
<VARIANCE> 6
 8.548096e+01 6.487863e+05 1.119889e+07 2.996357e+02 3.956501e+04 5.051235e+07
<GCONST> 7.911574e+01
<STATE> 3
<NUMMIXES> 3
<MIXTURE> 1 4.982620e-01
<MEAN> 6
 6.760554e+01 3.226932e+02 -9.191776e+01 2.064805e-02 -6.204976e+00 -1.120922e+02
<VARIANCE> 6
 4.278915e+01 9.431839e+04 4.851688e+05 2.996357e+02 3.956501e+04 5.051235e+07
<GCONST> 7.335623e+01
<MIXTURE> 2 2.479331e-01
<MEAN> 6
 6.358749e+01 2.301425e+02 -2.395001e+02 1.139827e-01 -3.175138e+00 -1.159666e+02
<VARIANCE> 6
 4.553197e+01 1.728449e+05 3.449542e+05 2.996357e+02 3.956501e+04 5.051235e+07
<GCONST> 7.368299e+01
<MIXTURE> 3 2.538114e-01
<MEAN> 6
 6.157881e+01 9.884989e+01 -4.892857e+02 -6.627342e-02 -4.220699e+00 -1.421263e+02
<VARIANCE> 6
 3.463707e+01 1.974835e+05 4.754781e+05 2.996357e+02 3.956501e+04 5.051235e+07
<GCONST> 7.386367e+01
<STATE> 4
<NUMMIXES> 3
<MIXTURE> 1 3.105467e-01
<MEAN> 6
 7.812825e+01 -4.113317e+02 2.732805e+02 -4.298125e-01 -4.135529e+00 -1.060043e+02
<VARIANCE> 6
 5.730768e+01 5.759141e+05 4.257025e+04 2.996357e+02 3.956501e+04 5.051235e+07
<GCONST> 7.302432e+01
<MIXTURE> 2 3.631079e-01
<MEAN> 6
 6.639414e+01 -7.648561e+01 -1.775941e+02 -4.448812e-01 -2.570952e+00 -1.545016e+02
<VARIANCE> 6
 8.922614e+01 3.759533e+06 5.989477e+04 2.996357e+02 3.956501e+04 5.051235e+07
<GCONST> 7.568459e+01
<MIXTURE> 3 3.263391e-01
<MEAN> 6
 7.702786e+01 -6.280800e+02 1.822734e+02 -4.954132e-01 -6.068399e+00 -1.385370e+02
<VARIANCE> 6
 6.137209e+01 5.482984e+05 4.455398e+04 2.996357e+02 3.956501e+04 5.051235e+07
<GCONST> 7.308925e+01
<STATE> 5
<NUMMIXES> 3
<MIXTURE> 1 3.340226e-01
<MEAN> 6
 3.009451e+01 3.501730e+01 9.600961e+01 3.745655e+01 -3.599446e+01 -1.158716e+02
<VARIANCE> 6
 2.481590e+03 6.746900e+05 3.173713e+05 1.579002e+04 1.845590e+05 5.051235e+07
<GCONST> 8.446434e+01
<MIXTURE> 2 3.589981e-01
<MEAN> 6
 1.249624e+01 1.331212e+02 1.187659e+02 -3.037992e+01 1.371109e+02 7.571228e+02
<VARIANCE> 6
 3.349889e+03 1.302870e+06 3.945820e+06 3.412960e+04 1.096189e+06 2.619098e+08
<GCONST> 9.214098e+01
<MIXTURE> 3 3.064691e-01
<MEAN> 6
 3.114837e+01 -1.724206e+02 -2.702060e+01 -4.419719e+00 -1.180557e+02 -6.729081e+02
<VARIANCE> 6
 2.406673e+03 1.569965e+06 3.016066e+05 2.034634e+04 2.286103e+05 5.051235e+07
<GCONST> 8.569487e+01
<TRANSP> 6
 0.000000e+00 1.000000e+00 0.000000e+00 0.000000e+00 0.000000e+00 0.000000e+00
 0.000000e+00 9.994460e-01 5.540492e-04 0.000000e+00 0.000000e+00 0.000000e+00
 0.000000e+00 0.000000e+00 9.995067e-01 4.932911e-04 0.000000e+00 0.000000e+00
 0.000000e+00 0.000000e+00 0.000000e+00 9.993854e-01 6.146845e-04 0.000000e+00
 0.000000e+00 0.000000e+00 0.000000e+00 0.000000e+00 9.999544e-01 4.557979e-05
 0.000000e+00 0.000000e+00 0.000000e+00 0.000000e+00 0.000000e+00 0.000000e+00
<ENDHMM>
~h "QuintoPRIMARIA"
<BEGINHMM>
<NUMSTATES> 6
<STATE> 2
<NUMMIXES> 3
<MIXTURE> 1 3.573217e-01
<MEAN> 6
 3.383783e+01 3.685740e+01 3.423661e+01 3.467108e+01 -1.166309e+01 -1.243510e+02
<VARIANCE> 6
 2.437136e+03 1.715002e+05 1.761994e+05 1.434040e+04 1.990257e+05 5.051235e+07
<GCONST> 8.246730e+01
<MIXTURE> 2 2.675905e-01
<MEAN> 6
 7.769975e+00 2.207851e-02 3.104831e+01 -3.701626e+01 1.524127e+02 1.316495e+03
<VARIANCE> 6
 3.067223e+03 5.941136e+05 7.930721e+05 4.661541e+04 1.773678e+06 4.728766e+08
<GCONST> 9.104688e+01
<MIXTURE> 3 3.745232e-01
<MEAN> 6
 3.207745e+01 -4.851460e+01 -5.022739e+01 -4.956767e+00 -9.760299e+01 -8.442856e+02
<VARIANCE> 6
 2.461886e+03 1.454658e+05 1.368805e+05 1.825669e+04 2.603889e+05 5.051235e+07
<GCONST> 8.257045e+01
<STATE> 3
<NUMMIXES> 3
<MIXTURE> 1 3.495100e-01
<MEAN> 6
 8.344346e+01 7.693336e+02 8.546543e+02 -1.307264e+00 -7.702217e-01 3.826316e+01
<VARIANCE> 6
 2.783692e+02 1.411903e+06 2.914619e+06 2.996357e+02 3.956501e+04 5.051235e+07
<GCONST> 7.972791e+01
<MIXTURE> 2 2.399586e-01
<MEAN> 6
 6.160716e+01 -1.565882e+03 -3.991165e+03 5.339840e-01 -4.648700e+00 -7.683302e+01
<VARIANCE> 6
 3.191729e+01 1.138050e+07 6.649930e+06 2.996357e+02 3.956501e+04 5.051235e+07
<GCONST> 8.047394e+01
<MIXTURE> 3 4.105135e-01
<MEAN> 6
 7.404689e+01 1.593858e+02 3.480680e+02 -5.986047e-02 -5.373403e+00 -1.145492e+01
<VARIANCE> 6
 1.739868e+02 9.383129e+05 3.717694e+06 2.996357e+02 3.956501e+04 5.051235e+07
<GCONST> 7.909270e+01
<STATE> 4
<NUMMIXES> 3
<MIXTURE> 1 2.299300e-01
<MEAN> 6
 8.502263e+01 1.337745e+02 -3.961215e+02 -3.457844e+00 -2.652300e+00 1.118746e+01
<VARIANCE> 6
 9.485721e+01 1.411582e+05 3.352338e+05 2.996357e+02 3.956501e+04 5.051235e+07
<GCONST> 7.418585e+01
<MIXTURE> 2 3.872552e-01
<MEAN> 6
 7.746294e+01 -6.364581e+01 6.574269e+01 -3.113097e+00 9.980719e-01 -3.113358e+00
<VARIANCE> 6
 1.138012e+02 1.192482e+05 7.246170e+04 2.996357e+02 3.956501e+04 5.051235e+07
<GCONST> 7.266750e+01
<MIXTURE> 3 3.828132e-01
<MEAN> 6
 7.505425e+01 -1.830355e+02 -6.071362e+00 -2.586630e+00 -1.135260e+00 -1.028755e+01
<VARIANCE> 6
 1.184024e+02 1.305983e+05 8.140599e+04 2.996357e+02 3.956501e+04 5.051235e+07
<GCONST> 7.291444e+01
<STATE> 5
<NUMMIXES> 3
<MIXTURE> 1 4.774896e-01
<MEAN> 6
 3.647083e+01 2.170054e+02 4.522375e+02 2.068400e+01 2.777565e+00 3.424038e+02
<VARIANCE> 6
 3.767746e+03 2.007815e+06 2.585322e+06 2.196081e+04 4.022185e+05 7.909799e+07
<GCONST> 8.962737e+01
<MIXTURE> 2 4.520031e-02
<MEAN> 6
 1.308725e+01 -3.237216e+02 -2.591705e+02 -3.421120e+01 -1.943292e+02 3.223818e+03
<VARIANCE> 6
 8.849745e+03 1.913127e+06 1.794496e+06 8.552547e+05 4.481273e+08 6.549627e+11
<GCONST> 1.097675e+02
<MIXTURE> 3 4.772639e-01
<MEAN> 6
 2.008834e+01 -1.293741e+02 -2.094357e+02 -1.645136e+01 1.728500e+01 -6.045129e+02
<VARIANCE> 6
 4.161847e+03 8.887772e+05 3.427352e+06 3.231540e+04 7.503239e+05 1.680977e+08
<GCONST> 9.095749e+01
<TRANSP> 6
 0.000000e+00 1.000000e+00 0.000000e+00 0.000000e+00 0.000000e+00 0.000000e+00
 0.000000e+00 9.999271e-01 7.290809e-05 0.000000e+00 0.000000e+00 0.000000e+00
 0.000000e+00 0.000000e+00 9.994579e-01 5.420934e-04 0.000000e+00 0.000000e+00
 0.000000e+00 0.000000e+00 0.000000e+00 9.995257e-01 4.742974e-04 0.000000e+00
 0.000000e+00 0.000000e+00 0.000000e+00 0.000000e+00 9.999027e-01 9.729394e-05
 0.000000e+00 0.000000e+00 0.000000e+00 0.000000e+00 0.000000e+00 0.000000e+00
<ENDHMM>
