~o
<STREAMINFO> 1 6
<VECSIZE> 6<NULLD><USER><DIAGC>
~h "SegundoPRIMARIA"
<BEGINHMM>
<NUMSTATES> 4
<STATE> 2
<NUMMIXES> 4
<MIXTURE> 1 2.341806e-01
<MEAN> 6
 8.225829e+01 2.806112e+02 1.505271e+02 2.459344e+00 1.508005e+01 1.321209e+03
<VARIANCE> 6
 6.264210e+02 6.753506e+05 7.199090e+05 3.214462e+02 3.973678e+04 5.104936e+07
<GCONST> 7.848832e+01
<MIXTURE> 2 1.891597e-01
<MEAN> 6
 2.866502e+01 -3.448594e+02 5.580313e+01 -5.140485e+01 -4.271736e+01 1.206146e+03
<VARIANCE> 6
 3.944511e+03 7.047512e+06 1.217711e+06 4.873415e+04 1.919813e+06 6.518818e+08
<GCONST> 9.464526e+01
<MIXTURE> 3 3.422301e-01
<MEAN> 6
 3.385883e+00 -3.035645e+01 -4.417487e+01 2.752797e+01 5.268459e+01 -5.141577e+02
<VARIANCE> 6
 3.501443e+03 2.195477e+05 5.392200e+05 2.696955e+04 4.179337e+05 5.413508e+07
<GCONST> 8.563793e+01
<MIXTURE> 4 2.341806e-01
<MEAN> 6
 7.224692e+01 -4.810764e+01 -1.888627e+02 -4.712224e+00 -6.465630e+01 -1.536744e+03
<VARIANCE> 6
 6.264210e+02 6.753506e+05 7.199090e+05 3.214462e+02 3.973678e+04 5.104936e+07
<GCONST> 7.848832e+01
<STATE> 3
<NUMMIXES> 4
<MIXTURE> 1 3.707438e-02
<MEAN> 6
 4.773943e+01 1.649464e+02 -1.607448e+01 -8.652197e+00 -7.791201e+02 3.347964e+03
<VARIANCE> 6
 6.815066e+03 1.787690e+06 1.386848e+06 3.463019e+05 1.602019e+08 2.265883e+11
<GCONST> 1.061865e+02
<MIXTURE> 2 2.792176e-01
<MEAN> 6
 5.427713e+01 1.438104e+02 8.908089e+01 6.700795e+01 7.279093e+01 6.922426e+02
<VARIANCE> 6
 3.679219e+03 3.643355e+05 1.004009e+05 2.323051e+04 3.326080e+05 5.311202e+07
<GCONST> 8.411633e+01
<MIXTURE> 3 4.044533e-01
<MEAN> 6
 1.674546e+01 3.473879e+00 -1.886938e+00 -4.588333e+01 1.341230e+02 7.407254e+02
<VARIANCE> 6
 3.801371e+03 1.315789e+05 9.672469e+04 5.293207e+04 1.923292e+06 5.115294e+08
<GCONST> 8.793660e+01
<MIXTURE> 4 2.792176e-01
<MEAN> 6
 3.001451e+01 -9.763043e+01 -3.766351e+01 6.041714e+00 -1.578978e+02 -2.222877e+03
<VARIANCE> 6
 3.679219e+03 3.643355e+05 1.004009e+05 2.323051e+04 3.326080e+05 5.311202e+07
<GCONST> 8.411633e+01
<TRANSP> 4
 0.000000e+00 1.000000e+00 0.000000e+00 0.000000e+00
 0.000000e+00 9.999237e-01 7.629445e-05 0.000000e+00
 0.000000e+00 0.000000e+00 9.999268e-01 7.320280e-05
 0.000000e+00 0.000000e+00 0.000000e+00 0.000000e+00
<ENDHMM>
~h "SegundoESO"
<BEGINHMM>
<NUMSTATES> 4
<STATE> 2
<NUMMIXES> 4
<MIXTURE> 1 3.771673e-01
<MEAN> 6
 7.439922e+01 -3.893260e+01 -6.486859e+02 -1.850044e+00 -2.492147e+01 -9.085211e+01
<VARIANCE> 6
 1.121641e+02 5.025922e+06 5.677430e+06 2.941669e+02 3.973678e+04 5.104936e+07
<GCONST> 8.075184e+01
<MIXTURE> 2 2.125295e-01
<MEAN> 6
 6.562896e+00 3.368621e+02 7.895985e+02 2.534765e+01 3.231798e+02 2.956167e+03
<VARIANCE> 6
 2.892939e+03 1.554510e+06 2.802984e+06 3.865026e+04 9.877050e+05 1.869264e+08
<GCONST> 9.151183e+01
<MIXTURE> 3 1.975997e-01
<MEAN> 6
 3.006292e+01 -2.200139e+02 4.786221e+01 3.135349e+01 -2.260502e+02 -3.122426e+02
<VARIANCE> 6
 2.221243e+03 1.085427e+07 9.714492e+05 2.574950e+04 1.753194e+05 5.104936e+07
<GCONST> 8.869854e+01
<MIXTURE> 4 2.125295e-01
<MEAN> 6
 -1.495152e+01 -1.618578e+02 1.199139e+02 -5.329103e+01 -7.435359e+01 -2.512674e+03
<VARIANCE> 6
 2.892939e+03 1.554510e+06 2.802984e+06 3.865026e+04 9.877050e+05 1.869264e+08
<GCONST> 9.151183e+01
<STATE> 3
<NUMMIXES> 4
<MIXTURE> 1 3.098164e-01
<MEAN> 6
 7.059494e+01 3.950687e+01 -2.364509e+01 1.592417e+00 -5.421224e+01 -2.669287e-01
<VARIANCE> 6
 1.673807e+02 5.837570e+05 3.424649e+05 1.117444e+03 3.973678e+04 5.104936e+07
<GCONST> 7.752583e+01
<MIXTURE> 2 2.016667e-01
<MEAN> 6
 -2.971366e+00 1.595638e+02 1.826785e+02 1.664588e+01 4.263939e+02 2.953852e+03
<VARIANCE> 6
 1.719352e+03 4.201146e+05 2.608676e+05 2.575383e+04 6.506634e+05 1.704197e+08
<GCONST> 8.639288e+01
<MIXTURE> 3 2.858229e-01
<MEAN> 6
 4.207415e+01 -4.166984e+01 -1.801837e+00 2.263625e+01 -3.134029e+02 -4.833305e+02
<VARIANCE> 6
 1.022212e+03 3.577871e+05 1.339476e+05 2.278542e+04 1.439596e+05 5.104936e+07
<GCONST> 8.220936e+01
<MIXTURE> 4 2.016667e-01
<MEAN> 6
 -1.955740e+01 -9.970122e+01 -2.162229e+01 -4.754612e+01 1.037391e+02 -2.267944e+03
<VARIANCE> 6
 1.719352e+03 4.201146e+05 2.608676e+05 2.575383e+04 6.506634e+05 1.704197e+08
<GCONST> 8.639288e+01
<TRANSP> 4
 0.000000e+00 1.000000e+00 0.000000e+00 0.000000e+00
 0.000000e+00 9.999009e-01 9.909988e-05 0.000000e+00
 0.000000e+00 0.000000e+00 9.999412e-01 5.878573e-05
 0.000000e+00 0.000000e+00 0.000000e+00 0.000000e+00
<ENDHMM>
~h "QuintoPRIMARIA"
<BEGINHMM>
<NUMSTATES> 4
<STATE> 2
<NUMMIXES> 4
<MIXTURE> 1 2.954070e-01
<MEAN> 6
 5.873906e+01 7.090646e+01 2.186722e+01 5.063764e+00 -4.509317e+01 -1.141122e+02
<VARIANCE> 6
 1.761405e+03 5.980844e+05 2.112386e+06 2.146863e+03 3.973678e+04 5.104936e+07
<GCONST> 8.237605e+01
<MIXTURE> 2 2.720002e-01
<MEAN> 6
 1.258164e+01 -4.101830e+01 -2.424983e+02 -2.913204e+01 6.770412e+01 1.052337e+03
<VARIANCE> 6
 3.315788e+03 3.081050e+06 4.712818e+06 4.844831e+04 1.737152e+06 5.948472e+08
<GCONST> 9.480013e+01
<MIXTURE> 3 2.158493e-01
<MEAN> 6
 2.561575e+01 4.017001e+01 1.065732e+02 4.942959e+01 1.350597e+02 1.003571e+03
<VARIANCE> 6
 2.830897e+03 1.155674e+05 1.861770e+05 2.744825e+04 5.027125e+05 6.542371e+07
<GCONST> 8.411191e+01
<MIXTURE> 4 2.158493e-01
<MEAN> 6
 4.333275e+00 -9.581081e+01 -6.601974e+01 -1.684047e+01 -1.485492e+02 -2.231826e+03
<VARIANCE> 6
 2.830897e+03 1.155674e+05 1.861770e+05 2.744825e+04 5.027125e+05 6.542371e+07
<GCONST> 8.411191e+01
<STATE> 3
<NUMMIXES> 4
<MIXTURE> 1 4.258662e-01
<MEAN> 6
 8.667233e+01 2.063304e+02 5.926810e+02 1.747561e-01 4.382582e+01 1.472839e+03
<VARIANCE> 6
 1.976473e+02 1.124061e+06 1.661306e+06 2.941669e+02 3.973678e+04 5.104936e+07
<GCONST> 7.859180e+01
<MIXTURE> 2 5.285323e-02
<MEAN> 6
 -6.132992e+00 1.973709e+02 1.542882e+02 -4.297951e+01 3.023511e+01 4.550466e+03
<VARIANCE> 6
 1.109219e+04 1.262541e+05 4.113746e+05 1.803520e+06 9.894236e+08 1.461353e+12
<GCONST> 1.081428e+02
<MIXTURE> 3 9.564780e-02
<MEAN> 6
 2.117539e+01 7.874486e+01 1.064718e+02 3.483311e+01 -1.898813e+02 -2.063772e+03
<VARIANCE> 6
 8.013272e+03 1.913992e+05 3.173837e+05 2.272165e+04 1.752905e+06 1.417241e+09
<GCONST> 9.032594e+01
<MIXTURE> 4 4.258662e-01
<MEAN> 6
 8.104884e+01 -2.177566e+02 7.711438e+01 -6.685762e+00 -3.591053e+01 -1.385114e+03
<VARIANCE> 6
 1.976473e+02 1.124061e+06 1.661306e+06 2.941669e+02 3.973678e+04 5.104936e+07
<GCONST> 7.859180e+01
<TRANSP> 4
 0.000000e+00 1.000000e+00 0.000000e+00 0.000000e+00
 0.000000e+00 9.999580e-01 4.204401e-05 0.000000e+00
 0.000000e+00 0.000000e+00 9.997499e-01 2.500578e-04
 0.000000e+00 0.000000e+00 0.000000e+00 0.000000e+00
<ENDHMM>
