~o
<STREAMINFO> 1 6
<VECSIZE> 6<NULLD><USER><DIAGC>
~h "SegundoPRIMARIA"
<BEGINHMM>
<NUMSTATES> 5
<STATE> 2
<NUMMIXES> 4
<MIXTURE> 1 1.769813e-01
<MEAN> 6
 2.362238e+01 2.979761e+02 3.286580e+01 4.555746e+01 3.673706e+01 -9.146321e+01
<VARIANCE> 6
 2.855297e+03 4.401726e+05 3.506493e+04 1.016829e+04 5.940140e+04 9.254010e+06
<GCONST> 7.870374e+01
<MIXTURE> 2 2.982920e-01
<MEAN> 6
 3.604766e+01 1.218551e+02 5.859045e+01 3.184448e+01 2.444671e+02 4.103652e+03
<VARIANCE> 6
 3.334480e+03 3.387410e+05 4.584065e+04 4.788222e+04 1.479712e+06 4.003963e+08
<GCONST> 8.739708e+01
<MIXTURE> 3 2.264272e-01
<MEAN> 6
 6.859431e+01 -1.253982e+02 -8.632387e+01 -2.790998e+00 -2.974056e+01 -2.117708e+02
<VARIANCE> 6
 2.078055e+03 2.143424e+06 1.165796e+05 3.945766e+02 4.707827e+04 1.636697e+07
<GCONST> 7.825885e+01
<MIXTURE> 4 2.982920e-01
<MEAN> 6
 1.294968e+01 -1.109508e+02 -2.705127e+01 -5.568354e+01 -2.421066e+02 -3.900309e+03
<VARIANCE> 6
 3.334480e+03 3.387410e+05 4.584065e+04 4.788222e+04 1.479712e+06 4.003963e+08
<GCONST> 8.739708e+01
<STATE> 3
<NUMMIXES> 4
<MIXTURE> 1 2.386399e-01
<MEAN> 6
 8.544719e+01 4.364940e+02 1.877405e+02 1.602797e+00 1.835006e+01 4.901387e+02
<VARIANCE> 6
 1.895605e+02 1.729314e+06 2.780167e+05 2.449249e+02 9.753455e+03 5.937603e+06
<GCONST> 7.345379e+01
<MIXTURE> 2 2.656101e-01
<MEAN> 6
 7.492926e+01 5.290721e+00 -2.437669e+02 -6.635628e-01 1.908704e+00 -6.498785e+00
<VARIANCE> 6
 9.674920e+01 7.969022e+04 4.494882e+05 2.449249e+02 9.753455e+03 5.937603e+06
<GCONST> 7.018430e+01
<MIXTURE> 3 2.570319e-01
<MEAN> 6
 6.939218e+01 -7.155196e+01 -8.040397e+01 -1.572886e-01 -3.425960e-01 -4.281428e+01
<VARIANCE> 6
 8.708383e+01 1.117887e+05 1.293422e+06 2.449249e+02 9.753455e+03 5.937603e+06
<GCONST> 7.147445e+01
<MIXTURE> 4 2.386399e-01
<MEAN> 6
 7.993996e+01 -8.951958e+01 -2.316865e+01 -4.657233e+00 -2.115377e+01 -4.845492e+02
<VARIANCE> 6
 1.895605e+02 1.729314e+06 2.780167e+05 2.449249e+02 9.753455e+03 5.937603e+06
<GCONST> 7.345379e+01
<STATE> 4
<NUMMIXES> 4
<MIXTURE> 1 4.659794e-02
<MEAN> 6
 3.360399e+01 -1.931122e+02 2.840523e+01 -8.729241e+01 -1.485953e+02 6.715393e+03
<VARIANCE> 6
 5.301613e+03 8.493932e+05 1.825228e+06 1.417045e+05 3.869623e+07 4.392213e+10
<GCONST> 1.015110e+02
<MIXTURE> 2 2.498011e-01
<MEAN> 6
 5.012282e+01 1.350648e+02 1.801888e+02 5.092595e+01 9.614510e+01 7.071276e+02
<VARIANCE> 6
 4.307122e+03 3.249212e+05 5.192926e+05 1.495493e+04 2.073332e+05 2.772239e+07
<GCONST> 8.423948e+01
<MIXTURE> 3 4.538250e-01
<MEAN> 6
 2.278786e+01 -5.661021e+01 -1.756223e+01 -1.870698e+01 9.411213e+00 -3.071136e+02
<VARIANCE> 6
 3.777188e+03 2.446130e+05 1.849009e+05 4.996344e+04 1.334369e+06 2.762388e+08
<GCONST> 8.815879e+01
<MIXTURE> 4 2.498011e-01
<MEAN> 6
 2.387136e+01 -9.294264e+01 -1.080590e+02 2.009809e+00 -8.599033e+01 -1.398955e+03
<VARIANCE> 6
 4.307122e+03 3.249212e+05 5.192926e+05 1.495493e+04 2.073332e+05 2.772239e+07
<GCONST> 8.423948e+01
<TRANSP> 5
 0.000000e+00 1.000000e+00 0.000000e+00 0.000000e+00 0.000000e+00
 0.000000e+00 9.998400e-01 1.599907e-04 0.000000e+00 0.000000e+00
 0.000000e+00 0.000000e+00 9.997218e-01 2.781823e-04 0.000000e+00
 0.000000e+00 0.000000e+00 0.000000e+00 9.999409e-01 5.906361e-05
 0.000000e+00 0.000000e+00 0.000000e+00 0.000000e+00 0.000000e+00
<ENDHMM>
~h "SegundoESO"
<BEGINHMM>
<NUMSTATES> 5
<STATE> 2
<NUMMIXES> 4
<MIXTURE> 1 3.034369e-01
<MEAN> 6
 7.814523e+01 -5.088505e+02 -3.738763e+02 -1.749764e+00 -7.790128e+00 -8.236398e+01
<VARIANCE> 6
 8.212268e+01 1.360171e+07 1.978776e+07 2.449249e+02 9.753455e+03 5.937603e+06
<GCONST> 7.894491e+01
<MIXTURE> 2 2.766333e-01
<MEAN> 6
 1.192308e+01 8.397007e+02 9.104261e+02 3.246585e+01 2.536960e+02 2.462491e+03
<VARIANCE> 6
 3.041035e+03 7.230738e+06 5.125398e+06 3.570270e+04 7.592933e+05 1.391132e+08
<GCONST> 9.306471e+01
<MIXTURE> 3 1.431615e-01
<MEAN> 6
 6.335476e+01 -1.892839e+02 -6.382042e+02 3.340442e+01 -2.962429e+02 -2.806948e+02
<VARIANCE> 6
 7.620535e+02 7.349026e+06 6.154262e+06 1.365771e+04 6.363892e+04 9.728317e+06
<GCONST> 8.577961e+01
<MIXTURE> 4 2.766333e-01
<MEAN> 6
 -1.013515e+01 -2.359006e+02 4.852478e+00 -4.311479e+01 -9.485378e+01 -2.255359e+03
<VARIANCE> 6
 3.041035e+03 7.230738e+06 5.125398e+06 3.570270e+04 7.592933e+05 1.391132e+08
<GCONST> 9.306471e+01
<STATE> 3
<NUMMIXES> 4
<MIXTURE> 1 3.146686e-01
<MEAN> 6
 6.972849e+01 1.965565e+02 -2.520879e+01 -4.261096e-01 -1.271292e+00 -3.957444e+01
<VARIANCE> 6
 7.490220e+01 3.266361e+05 1.429910e+05 2.449249e+02 9.753455e+03 5.937603e+06
<GCONST> 7.019373e+01
<MIXTURE> 2 1.784776e-01
<MEAN> 6
 7.116839e+01 2.726870e+02 -6.215804e+02 1.927038e+00 1.967226e+01 4.593375e+02
<VARIANCE> 6
 1.204146e+02 1.162389e+06 2.332773e+06 2.449249e+02 9.753455e+03 5.937603e+06
<GCONST> 7.472990e+01
<MIXTURE> 3 3.283538e-01
<MEAN> 6
 6.435024e+01 5.784419e+01 -1.485472e+02 4.634479e-03 2.439986e-01 -4.266496e+01
<VARIANCE> 6
 5.644439e+01 3.431355e+05 9.210059e+04 2.449249e+02 9.753455e+03 5.937603e+06
<GCONST> 6.952019e+01
<MIXTURE> 4 1.784776e-01
<MEAN> 6
 6.677905e+01 -1.585696e+02 -1.232517e+03 -4.332993e+00 -1.983157e+01 -5.153505e+02
<VARIANCE> 6
 1.204146e+02 1.162389e+06 2.332773e+06 2.449249e+02 9.753455e+03 5.937603e+06
<GCONST> 7.472990e+01
<STATE> 4
<NUMMIXES> 4
<MIXTURE> 1 2.720708e-01
<MEAN> 6
 2.894234e+01 6.606181e+01 1.033180e+02 2.835747e+01 1.312537e+01 1.830746e+01
<VARIANCE> 6
 2.862033e+03 6.621802e+05 9.491999e+05 8.017055e+03 1.060279e+05 1.123872e+07
<GCONST> 8.294888e+01
<MIXTURE> 2 3.557858e-01
<MEAN> 6
 2.561962e+00 -4.127361e+01 1.057889e+02 -3.780446e+01 1.750797e+02 8.547831e+02
<VARIANCE> 6
 2.587629e+03 1.337620e+06 4.998539e+05 3.342516e+04 1.034967e+06 2.584336e+08
<GCONST> 8.975133e+01
<MIXTURE> 3 1.857529e-01
<MEAN> 6
 4.274704e+01 5.278640e+01 8.099617e+01 4.487785e+01 -8.700283e+01 2.755650e+02
<VARIANCE> 6
 1.777970e+03 3.013242e+05 1.163296e+05 2.102455e+04 2.014931e+05 2.932546e+07
<GCONST> 8.215154e+01
<MIXTURE> 4 1.857529e-01
<MEAN> 6
 2.588064e+01 -1.667856e+02 -5.543233e+01 -1.312153e+01 -2.665547e+02 -1.890555e+03
<VARIANCE> 6
 1.777970e+03 3.013242e+05 1.163296e+05 2.102455e+04 2.014931e+05 2.932546e+07
<GCONST> 8.215154e+01
<TRANSP> 5
 0.000000e+00 1.000000e+00 0.000000e+00 0.000000e+00 0.000000e+00
 0.000000e+00 9.997971e-01 2.028346e-04 0.000000e+00 0.000000e+00
 0.000000e+00 0.000000e+00 9.997473e-01 2.526799e-04 0.000000e+00
 0.000000e+00 0.000000e+00 0.000000e+00 9.999456e-01 5.442596e-05
 0.000000e+00 0.000000e+00 0.000000e+00 0.000000e+00 0.000000e+00
<ENDHMM>
~h "QuintoPRIMARIA"
<BEGINHMM>
<NUMSTATES> 5
<STATE> 2
<NUMMIXES> 4
<MIXTURE> 1 2.726005e-01
<MEAN> 6
 3.464750e+01 -5.945757e+01 4.065174e+02 1.997120e+01 -4.822536e+01 -6.027284e+01
<VARIANCE> 6
 3.470518e+03 2.777206e+05 2.631294e+06 6.245017e+03 7.321112e+04 9.657311e+06
<GCONST> 8.252054e+01
<MIXTURE> 2 2.592782e-01
<MEAN> 6
 1.787584e+01 2.893956e+02 3.655955e+02 3.127851e+01 2.467379e+02 3.398884e+03
<VARIANCE> 6
 3.426555e+03 1.661945e+06 4.799872e+06 4.310330e+04 1.058147e+06 2.720086e+08
<GCONST> 9.283890e+01
<MIXTURE> 3 2.082442e-01
<MEAN> 6
 5.796388e+01 -2.580377e+02 -9.388640e+02 2.935499e+00 -3.905290e+01 -1.667764e+02
<VARIANCE> 6
 1.655329e+03 9.386434e+05 9.052879e+06 1.961672e+03 3.243535e+04 5.937603e+06
<GCONST> 8.177517e+01
<MIXTURE> 4 2.592782e-01
<MEAN> 6
 -5.538871e+00 -2.262701e+02 -5.107489e+02 -5.176683e+01 -1.647272e+02 -3.198189e+03
<VARIANCE> 6
 3.426555e+03 1.661945e+06 4.799872e+06 4.310330e+04 1.058147e+06 2.720086e+08
<GCONST> 9.283890e+01
<STATE> 3
<NUMMIXES> 4
<MIXTURE> 1 1.979783e-01
<MEAN> 6
 8.739153e+01 8.967322e+02 8.603637e+02 9.340334e-01 1.907927e+01 4.959566e+02
<VARIANCE> 6
 2.413277e+02 3.032674e+06 3.019448e+06 2.449249e+02 9.753455e+03 5.937603e+06
<GCONST> 7.664211e+01
<MIXTURE> 2 3.117560e-01
<MEAN> 6
 6.900429e+01 -6.242995e+01 2.762647e+01 -3.671500e-02 -1.004753e+00 -4.775654e+01
<VARIANCE> 6
 1.367162e+02 8.107193e+04 1.963906e+05 2.449249e+02 9.753455e+03 5.937603e+06
<GCONST> 6.971927e+01
<MIXTURE> 3 2.922524e-01
<MEAN> 6
 6.727025e+01 -1.199877e+02 -1.044014e+02 -4.769532e-02 -3.056538e-01 -3.869471e+01
<VARIANCE> 6
 9.570187e+01 1.866686e+05 1.257160e+05 2.449249e+02 9.753455e+03 5.937603e+06
<GCONST> 6.975052e+01
<MIXTURE> 4 1.979783e-01
<MEAN> 6
 8.117763e+01 2.001492e+02 1.653013e+02 -5.325997e+00 -2.042457e+01 -4.787314e+02
<VARIANCE> 6
 2.413277e+02 3.032674e+06 3.019448e+06 2.449249e+02 9.753455e+03 5.937603e+06
<GCONST> 7.664211e+01
<STATE> 4
<NUMMIXES> 4
<MIXTURE> 1 2.183511e-01
<MEAN> 6
 4.571415e+01 1.410475e+02 1.125409e+02 4.446143e+01 1.157980e+02 6.219263e+02
<VARIANCE> 6
 3.236625e+03 3.651588e+05 2.073655e+05 9.763707e+03 1.659140e+05 1.555974e+07
<GCONST> 8.192572e+01
<MIXTURE> 2 1.412293e-01
<MEAN> 6
 1.340325e+01 -5.680195e+01 5.658964e+01 -3.386092e+01 1.779676e+02 1.809193e+03
<VARIANCE> 6
 3.873585e+03 1.986431e+06 1.687021e+06 6.472190e+04 5.249708e+06 3.406815e+09
<GCONST> 9.663010e+01
<MIXTURE> 3 4.213570e-01
<MEAN> 6
 2.517220e+01 -3.643356e+01 -1.267267e+01 -1.360481e+01 -9.481581e+01 -4.116728e+02
<VARIANCE> 6
 2.658830e+03 2.438890e+05 1.612154e+05 3.772211e+04 7.186958e+05 1.308553e+08
<GCONST> 8.602066e+01
<MIXTURE> 4 2.183511e-01
<MEAN> 6
 2.295761e+01 -1.006660e+02 -6.960867e+01 4.936834e+00 -4.713222e+01 -9.559072e+02
<VARIANCE> 6
 3.236625e+03 3.651588e+05 2.073655e+05 9.763707e+03 1.659140e+05 1.555974e+07
<GCONST> 8.192572e+01
<TRANSP> 5
 0.000000e+00 1.000000e+00 0.000000e+00 0.000000e+00 0.000000e+00
 0.000000e+00 9.998661e-01 1.338666e-04 0.000000e+00 0.000000e+00
 0.000000e+00 0.000000e+00 9.997464e-01 2.535627e-04 0.000000e+00
 0.000000e+00 0.000000e+00 0.000000e+00 9.999396e-01 6.039516e-05
 0.000000e+00 0.000000e+00 0.000000e+00 0.000000e+00 0.000000e+00
<ENDHMM>
