~o
<STREAMINFO> 1 6
<VECSIZE> 6<NULLD><USER><DIAGC>
~h "SegundoPRIMARIA"
<BEGINHMM>
<NUMSTATES> 8
<STATE> 2
<NUMMIXES> 4
<MIXTURE> 1 3.196067e-01
<MEAN> 6
 7.829182e+01 2.341253e+01 3.289108e+02 -6.399053e-01 -3.441164e+01 -2.222015e+02
<VARIANCE> 6
 3.173685e+02 5.284689e+05 2.613948e+06 2.998339e+02 4.032245e+04 5.181961e+07
<GCONST> 7.881261e+01
<MIXTURE> 2 2.960737e-01
<MEAN> 6
 1.419602e+01 1.383080e+02 1.690056e+02 4.489157e+01 2.365494e+02 3.623349e+03
<VARIANCE> 6
 3.942074e+03 3.759531e+05 1.621782e+06 4.383426e+04 1.148733e+06 3.221038e+08
<GCONST> 9.067570e+01
<MIXTURE> 3 8.813744e-02
<MEAN> 6
 3.048546e+01 -6.597798e+02 1.822777e+02 -1.580727e+01 -1.265238e+01 4.463264e+02
<VARIANCE> 6
 5.417921e+03 3.138033e+07 1.405803e+06 1.851562e+04 4.011796e+05 1.877436e+08
<GCONST> 9.282166e+01
<MIXTURE> 4 2.960737e-01
<MEAN> 6
 -1.091836e+01 -1.069521e+02 -3.403913e+02 -3.885497e+01 -1.921665e+02 -3.555552e+03
<VARIANCE> 6
 3.942074e+03 3.759531e+05 1.621782e+06 4.383426e+04 1.148733e+06 3.221038e+08
<GCONST> 9.067570e+01
<STATE> 3
<NUMMIXES> 4
<MIXTURE> 1 1.787854e-01
<MEAN> 6
 7.560511e+01 1.920870e+02 -2.878400e+02 3.891158e+00 3.832348e+01 1.374659e+03
<VARIANCE> 6
 1.576075e+02 3.346799e+04 1.446404e+04 2.998339e+02 4.032245e+04 5.181961e+07
<GCONST> 7.015631e+01
<MIXTURE> 2 3.490310e-01
<MEAN> 6
 7.212513e+01 -7.307667e+00 -9.280186e+02 -1.493721e-01 -3.702956e+00 -7.207867e+01
<VARIANCE> 6
 5.446016e+01 3.107903e+04 9.147659e+04 2.998339e+02 4.032245e+04 5.181961e+07
<GCONST> 7.086403e+01
<MIXTURE> 3 2.933563e-01
<MEAN> 6
 8.585825e+01 -4.066401e+02 -5.438314e+02 -1.025784e+00 -1.183775e+00 -5.353148e+01
<VARIANCE> 6
 2.471721e+02 5.999034e+04 1.446404e+04 2.998339e+02 4.032245e+04 5.181961e+07
<GCONST> 7.118988e+01
<MIXTURE> 4 1.787854e-01
<MEAN> 6
 7.058344e+01 1.189100e+02 -3.359466e+02 -3.035126e+00 -4.199832e+01 -1.504775e+03
<VARIANCE> 6
 1.576075e+02 3.346799e+04 1.446404e+04 2.998339e+02 4.032245e+04 5.181961e+07
<GCONST> 7.015631e+01
<STATE> 4
<NUMMIXES> 4
<MIXTURE> 1 2.363719e-01
<MEAN> 6
 7.551452e+01 8.439598e+01 1.440884e+02 3.822393e+00 3.278424e+01 1.336715e+03
<VARIANCE> 6
 3.179780e+01 6.218521e+04 2.154184e+04 2.998339e+02 4.032245e+04 5.181961e+07
<GCONST> 6.957346e+01
<MIXTURE> 2 2.662413e-01
<MEAN> 6
 6.803423e+01 -6.870081e+01 7.114946e+00 6.251100e-01 7.856179e-01 -1.152467e+02
<VARIANCE> 6
 3.179780e+01 1.280424e+04 5.643651e+04 2.998339e+02 4.032245e+04 5.181961e+07
<GCONST> 6.895624e+01
<MIXTURE> 3 2.610058e-01
<MEAN> 6
 6.261326e+01 -2.401479e+02 -1.571847e+02 4.797559e-01 2.316676e+00 -9.280182e+01
<VARIANCE> 6
 3.179780e+01 3.496579e+04 2.925449e+04 2.998339e+02 4.032245e+04 5.181961e+07
<GCONST> 6.930374e+01
<MIXTURE> 4 2.363719e-01
<MEAN> 6
 7.325893e+01 -1.535188e+01 8.537982e+01 -3.103892e+00 -4.753756e+01 -1.542718e+03
<VARIANCE> 6
 3.179780e+01 6.218521e+04 2.154184e+04 2.998339e+02 4.032245e+04 5.181961e+07
<GCONST> 6.957346e+01
<STATE> 5
<NUMMIXES> 4
<MIXTURE> 1 3.370161e-01
<MEAN> 6
 9.902666e+01 -1.113633e+03 3.054044e+02 -2.836109e+00 -4.309981e+00 -1.125596e+02
<VARIANCE> 6
 3.853518e+01 3.046863e+06 1.738423e+05 2.998339e+02 4.032245e+04 5.181961e+07
<GCONST> 7.574553e+01
<MIXTURE> 2 3.223350e-01
<MEAN> 6
 8.825341e+01 3.598209e+02 3.215502e+02 -1.635656e+00 6.645319e-01 -6.893385e+01
<VARIANCE> 6
 3.179780e+01 1.831118e+05 3.208884e+04 2.998339e+02 4.032245e+04 5.181961e+07
<GCONST> 7.105194e+01
<MIXTURE> 3 1.703241e-01
<MEAN> 6
 9.181277e+01 1.481539e+02 2.324842e+02 2.284565e+00 3.939854e+01 1.311024e+03
<VARIANCE> 6
 3.179780e+01 1.188635e+05 4.585514e+04 2.998339e+02 4.032245e+04 5.181961e+07
<GCONST> 7.097681e+01
<MIXTURE> 4 1.703241e-01
<MEAN> 6
 8.955719e+01 1.024758e+01 1.468290e+02 -4.641719e+00 -4.092326e+01 -1.568410e+03
<VARIANCE> 6
 3.179780e+01 1.188635e+05 4.585514e+04 2.998339e+02 4.032245e+04 5.181961e+07
<GCONST> 7.097681e+01
<STATE> 6
<NUMMIXES> 4
<MIXTURE> 1 2.901576e-01
<MEAN> 6
 8.545300e+01 7.957919e+02 -1.091404e+03 -2.146179e+00 -3.143413e+00 3.377752e+01
<VARIANCE> 6
 5.063558e+01 3.071516e+05 1.625860e+06 2.998339e+02 4.032245e+04 5.181961e+07
<GCONST> 7.595973e+01
<MIXTURE> 2 3.318548e-01
<MEAN> 6
 7.423602e+01 1.115425e+03 3.273221e+02 -1.031155e+00 -3.277364e+00 -1.540497e+02
<VARIANCE> 6
 3.179780e+01 1.508205e+06 1.716310e+05 2.998339e+02 4.032245e+04 5.181961e+07
<GCONST> 7.483736e+01
<MIXTURE> 3 1.889743e-01
<MEAN> 6
 6.815964e+01 -6.854874e+01 -3.381091e+02 3.359948e+00 3.745455e+01 1.324500e+03
<VARIANCE> 6
 5.051242e+01 9.015907e+05 1.451403e+05 2.998339e+02 4.032245e+04 5.181961e+07
<GCONST> 7.461803e+01
<MIXTURE> 4 1.889743e-01
<MEAN> 6
 6.531676e+01 -4.483573e+02 -4.904983e+02 -3.566337e+00 -4.286725e+01 -1.554933e+03
<VARIANCE> 6
 5.051242e+01 9.015907e+05 1.451403e+05 2.998339e+02 4.032245e+04 5.181961e+07
<GCONST> 7.461803e+01
<STATE> 7
<NUMMIXES> 4
<MIXTURE> 1 3.592418e-02
<MEAN> 6
 4.164010e+01 8.439302e+01 6.557261e+01 -3.416358e+01 -5.300720e+02 4.490062e+03
<VARIANCE> 6
 6.339196e+03 1.667260e+06 1.432315e+06 2.844203e+05 1.240631e+08 1.739163e+11
<GCONST> 1.053596e+02
<MIXTURE> 2 2.637483e-01
<MEAN> 6
 5.400298e+01 1.426095e+02 1.205946e+02 5.641542e+01 8.155759e+01 9.702404e+02
<VARIANCE> 6
 3.875008e+03 3.611513e+05 2.087747e+05 1.850575e+04 2.523678e+05 5.181961e+07
<GCONST> 8.436339e+01
<MIXTURE> 3 4.366194e-01
<MEAN> 6
 2.217200e+01 -2.841430e+01 8.176361e+00 -3.150595e+01 6.694103e+01 2.382079e+02
<VARIANCE> 6
 3.720010e+03 1.728876e+05 9.297964e+04 5.165248e+04 1.638459e+06 4.019778e+08
<GCONST> 8.772275e+01
<MIXTURE> 4 2.637483e-01
<MEAN> 6
 2.910316e+01 -9.777402e+01 -6.217289e+01 2.001081e+00 -1.193873e+02 -1.909193e+03
<VARIANCE> 6
 3.875008e+03 3.611513e+05 2.087747e+05 1.850575e+04 2.523678e+05 5.181961e+07
<GCONST> 8.436339e+01
<TRANSP> 8
 0.000000e+00 1.000000e+00 0.000000e+00 0.000000e+00 0.000000e+00 0.000000e+00 0.000000e+00 0.000000e+00
 0.000000e+00 9.997858e-01 2.142363e-04 0.000000e+00 0.000000e+00 0.000000e+00 0.000000e+00 0.000000e+00
 0.000000e+00 0.000000e+00 9.990354e-01 9.646179e-04 0.000000e+00 0.000000e+00 0.000000e+00 0.000000e+00
 0.000000e+00 0.000000e+00 0.000000e+00 9.990131e-01 9.869005e-04 0.000000e+00 0.000000e+00 0.000000e+00
 0.000000e+00 0.000000e+00 0.000000e+00 0.000000e+00 9.987726e-01 1.227410e-03 0.000000e+00 0.000000e+00
 0.000000e+00 0.000000e+00 0.000000e+00 0.000000e+00 0.000000e+00 9.989319e-01 1.068104e-03 0.000000e+00
 0.000000e+00 0.000000e+00 0.000000e+00 0.000000e+00 0.000000e+00 0.000000e+00 9.999457e-01 5.424195e-05
 0.000000e+00 0.000000e+00 0.000000e+00 0.000000e+00 0.000000e+00 0.000000e+00 0.000000e+00 0.000000e+00
<ENDHMM>
~h "SegundoESO"
<BEGINHMM>
<NUMSTATES> 8
<STATE> 2
<NUMMIXES> 4
<MIXTURE> 1 3.218721e-01
<MEAN> 6
 6.297150e+01 1.184218e+03 -6.531611e+02 -1.255045e-01 -3.114741e+00 -1.116737e+02
<VARIANCE> 6
 3.179780e+01 2.166204e+06 4.429617e+05 2.998339e+02 4.032245e+04 5.181961e+07
<GCONST> 7.614755e+01
<MIXTURE> 2 1.992214e-01
<MEAN> 6
 8.117632e+01 -1.146434e+03 5.449257e+02 2.526572e+00 3.753195e+01 1.341809e+03
<VARIANCE> 6
 8.341634e+01 2.896670e+06 2.320154e+07 2.998339e+02 4.032245e+04 5.181961e+07
<GCONST> 8.136108e+01
<MIXTURE> 3 2.796520e-01
<MEAN> 6
 6.240353e+01 4.740911e+02 -2.122599e+03 3.056090e-01 -7.965139e-01 -7.174646e+01
<VARIANCE> 6
 4.475716e+01 4.065649e+05 3.475474e+06 2.998339e+02 4.032245e+04 5.181961e+07
<GCONST> 7.687642e+01
<MIXTURE> 4 1.992214e-01
<MEAN> 6
 7.752301e+01 -1.827218e+03 -1.381793e+03 -4.399713e+00 -4.278985e+01 -1.537625e+03
<VARIANCE> 6
 8.341634e+01 2.896670e+06 2.320154e+07 2.998339e+02 4.032245e+04 5.181961e+07
<GCONST> 8.136108e+01
<STATE> 3
<NUMMIXES> 4
<MIXTURE> 1 2.431364e-01
<MEAN> 6
 7.714327e+01 -7.139557e+00 2.149378e+02 3.045411e+00 3.341579e+01 1.328333e+03
<VARIANCE> 6
 3.871684e+01 3.260498e+05 2.980571e+05 2.998339e+02 4.032245e+04 5.181961e+07
<GCONST> 7.405455e+01
<MIXTURE> 2 2.526982e-01
<MEAN> 6
 6.316019e+01 2.691520e+02 5.262477e+00 1.485456e-01 -3.636743e+00 -1.403775e+02
<VARIANCE> 6
 4.250993e+01 1.533760e+05 6.036642e+04 2.998339e+02 4.032245e+04 5.181961e+07
<GCONST> 7.179701e+01
<MIXTURE> 3 2.608971e-01
<MEAN> 6
 6.077648e+01 3.951761e+01 -7.195145e+01 -3.460101e-03 -2.063494e+00 -1.260824e+02
<VARIANCE> 6
 3.179780e+01 1.375072e+05 6.655554e+04 2.998339e+02 4.032245e+04 5.181961e+07
<GCONST> 7.149506e+01
<MIXTURE> 4 2.431364e-01
<MEAN> 6
 7.465437e+01 -2.355426e+02 -3.440613e+00 -3.880874e+00 -4.690601e+01 -1.551101e+03
<VARIANCE> 6
 3.871684e+01 3.260498e+05 2.980571e+05 2.998339e+02 4.032245e+04 5.181961e+07
<GCONST> 7.405455e+01
<STATE> 4
<NUMMIXES> 4
<MIXTURE> 1 3.803198e-01
<MEAN> 6
 -1.133765e+01 8.853734e+01 9.983041e+01 4.378487e+01 3.027651e+02 -8.124009e+02
<VARIANCE> 6
 2.288721e+03 3.628474e+05 4.498543e+05 1.932496e+04 3.138531e+05 5.181961e+07
<GCONST> 8.487054e+01
<MIXTURE> 2 2.127294e-01
<MEAN> 6
 1.430132e+01 -6.067806e+01 1.180865e+02 -6.879770e+01 8.145040e+01 2.145761e+03
<VARIANCE> 6
 3.169207e+03 2.452415e+06 2.145504e+06 3.975427e+04 1.626652e+06 4.671271e+08
<GCONST> 9.323459e+01
<MIXTURE> 3 2.033853e-01
<MEAN> 6
 5.336145e+01 6.044855e+01 1.315775e+02 2.987617e+01 -2.303552e+02 1.088110e+03
<VARIANCE> 6
 1.503510e+03 7.179440e+05 4.260739e+05 2.728312e+04 2.129653e+05 5.181961e+07
<GCONST> 8.503552e+01
<MIXTURE> 4 2.033853e-01
<MEAN> 6
 3.785141e+01 -2.784778e+02 -1.295198e+02 -3.619424e+01 -4.149478e+02 -1.791324e+03
<VARIANCE> 6
 1.503510e+03 7.179440e+05 4.260739e+05 2.728312e+04 2.129653e+05 5.181961e+07
<GCONST> 8.503552e+01
<STATE> 5
<NUMMIXES> 4
<MIXTURE> 1 3.257439e-01
<MEAN> 6
 8.864986e+01 6.192045e+02 -3.189906e+02 -4.037666e+00 -5.839047e+00 1.644846e+02
<VARIANCE> 6
 1.915951e+02 7.432131e+05 9.372431e+05 2.998339e+02 4.032245e+04 5.181961e+07
<GCONST> 7.762325e+01
<MIXTURE> 2 2.965547e-01
<MEAN> 6
 7.456840e+01 -1.488220e+02 2.517282e+01 -3.024085e+00 -7.084018e-01 8.582615e+01
<VARIANCE> 6
 8.018890e+01 1.259415e+06 8.187184e+04 2.998339e+02 4.032245e+04 5.181961e+07
<GCONST> 7.484189e+01
<MIXTURE> 3 1.888441e-01
<MEAN> 6
 8.179564e+01 6.668168e+01 5.603586e+02 5.001235e-01 3.206650e+01 1.563572e+03
<VARIANCE> 6
 5.691539e+01 4.862486e+05 1.851940e+06 2.998339e+02 4.032245e+04 5.181961e+07
<GCONST> 7.666621e+01
<MIXTURE> 4 1.888441e-01
<MEAN> 6
 7.877795e+01 -2.122444e+02 1.601462e+01 -6.426161e+00 -4.825530e+01 -1.315862e+03
<VARIANCE> 6
 5.691539e+01 4.862486e+05 1.851940e+06 2.998339e+02 4.032245e+04 5.181961e+07
<GCONST> 7.666621e+01
<STATE> 6
<NUMMIXES> 4
<MIXTURE> 1 2.230790e-01
<MEAN> 6
 8.490012e+01 6.595668e+02 5.990309e+02 3.050391e+01 -1.164280e+02 1.337034e+03
<VARIANCE> 6
 3.392243e+02 1.907911e+07 1.747203e+07 5.853772e+03 6.318520e+04 5.181961e+07
<GCONST> 8.778609e+01
<MIXTURE> 2 2.989131e-01
<MEAN> 6
 -2.226245e+01 5.098419e+02 1.226778e+03 4.038236e+00 3.198272e+02 -9.747009e+01
<VARIANCE> 6
 1.604042e+03 1.127751e+06 7.424886e+06 2.969989e+04 3.393108e+05 8.410039e+07
<GCONST> 8.944472e+01
<MIXTURE> 3 2.548109e-01
<MEAN> 6
 1.480588e+01 2.501509e+02 -2.671774e+02 -2.573023e+01 -7.435564e+01 3.683398e+02
<VARIANCE> 6
 2.511470e+03 1.706075e+07 5.396534e+06 2.903297e+04 5.362937e+05 7.895788e+07
<GCONST> 9.266250e+01
<MIXTURE> 4 2.230790e-01
<MEAN> 6
 7.753290e+01 -1.087619e+03 -1.072951e+03 -1.000700e-01 -2.169746e+02 -1.542400e+03
<VARIANCE> 6
 3.392243e+02 1.907911e+07 1.747203e+07 5.853772e+03 6.318520e+04 5.181961e+07
<GCONST> 8.778609e+01
<STATE> 7
<NUMMIXES> 4
<MIXTURE> 1 3.018714e-01
<MEAN> 6
 2.948438e+01 1.378051e+01 3.509902e+01 5.905547e+01 6.409674e+01 8.601610e+02
<VARIANCE> 6
 1.826955e+03 8.184390e+04 6.500802e+04 1.493100e+04 1.569828e+05 5.181961e+07
<GCONST> 8.027087e+01
<MIXTURE> 2 2.246629e-01
<MEAN> 6
 -5.974505e+00 5.799514e+01 4.296701e+01 -7.840295e+01 3.755225e+02 2.576588e+03
<VARIANCE> 6
 1.771893e+03 7.658730e+04 3.700738e+04 2.593848e+04 7.400136e+05 2.003581e+08
<GCONST> 8.306565e+01
<MIXTURE> 3 1.715020e-01
<MEAN> 6
 4.884772e+01 -1.322019e+02 3.208570e-01 -1.747858e+01 -4.361734e+02 -1.156852e+03
<VARIANCE> 6
 1.733458e+03 3.991200e+05 4.885370e+04 1.956222e+04 6.620781e+05 1.734799e+08
<GCONST> 8.443481e+01
<MIXTURE> 4 3.018714e-01
<MEAN> 6
 1.238722e+01 -1.006530e+02 -6.688766e+01 1.017848e+01 -9.438748e+01 -2.019273e+03
<VARIANCE> 6
 1.826955e+03 8.184390e+04 6.500802e+04 1.493100e+04 1.569828e+05 5.181961e+07
<GCONST> 8.027087e+01
<TRANSP> 8
 0.000000e+00 1.000000e+00 0.000000e+00 0.000000e+00 0.000000e+00 0.000000e+00 0.000000e+00 0.000000e+00
 0.000000e+00 9.993508e-01 6.492321e-04 0.000000e+00 0.000000e+00 0.000000e+00 0.000000e+00 0.000000e+00
 0.000000e+00 0.000000e+00 9.996364e-01 3.636183e-04 0.000000e+00 0.000000e+00 0.000000e+00 0.000000e+00
 0.000000e+00 0.000000e+00 0.000000e+00 9.999241e-01 7.588447e-05 0.000000e+00 0.000000e+00 0.000000e+00
 0.000000e+00 0.000000e+00 0.000000e+00 0.000000e+00 9.994126e-01 5.873997e-04 0.000000e+00 0.000000e+00
 0.000000e+00 0.000000e+00 0.000000e+00 0.000000e+00 0.000000e+00 9.996446e-01 3.553737e-04 0.000000e+00
 0.000000e+00 0.000000e+00 0.000000e+00 0.000000e+00 0.000000e+00 0.000000e+00 9.998034e-01 1.965553e-04
 0.000000e+00 0.000000e+00 0.000000e+00 0.000000e+00 0.000000e+00 0.000000e+00 0.000000e+00 0.000000e+00
<ENDHMM>
~h "QuintoPRIMARIA"
<BEGINHMM>
<NUMSTATES> 8
<STATE> 2
<NUMMIXES> 4
<MIXTURE> 1 3.350726e-01
<MEAN> 6
 6.284281e+00 -7.873712e+01 1.857114e+02 3.922285e+01 1.297646e+02 -5.170279e+02
<VARIANCE> 6
 3.405531e+03 1.703201e+05 8.996514e+05 1.271183e+04 2.028363e+05 5.181961e+07
<GCONST> 8.434933e+01
<MIXTURE> 2 1.804286e-01
<MEAN> 6
 3.112296e+01 4.298488e+02 2.160921e+02 4.702129e+00 2.413109e+02 4.204148e+03
<VARIANCE> 6
 3.196987e+03 3.258228e+06 6.032752e+06 3.551255e+04 1.097333e+06 3.056915e+08
<GCONST> 9.363075e+01
<MIXTURE> 3 3.034225e-01
<MEAN> 6
 4.440131e+01 -1.606500e+02 -5.062255e+01 -1.752711e+00 -1.802390e+02 -2.924046e+02
<VARIANCE> 6
 1.934198e+03 2.790591e+05 3.874988e+05 1.575796e+04 2.114543e+05 5.181961e+07
<GCONST> 8.369150e+01
<MIXTURE> 4 1.804286e-01
<MEAN> 6
 8.506200e+00 -2.921738e+02 -7.663744e+02 -7.067697e+01 -1.777038e+02 -2.789466e+03
<VARIANCE> 6
 3.196987e+03 3.258228e+06 6.032752e+06 3.551255e+04 1.097333e+06 3.056915e+08
<GCONST> 9.363075e+01
<STATE> 3
<NUMMIXES> 4
<MIXTURE> 1 3.219217e-01
<MEAN> 6
 8.687279e+01 -1.267612e+02 -4.048452e+02 -8.668803e-01 -6.024663e+00 3.174137e+01
<VARIANCE> 6
 2.997544e+02 3.555401e+06 6.199504e+04 2.998339e+02 4.032245e+04 5.181961e+07
<GCONST> 7.692018e+01
<MIXTURE> 2 2.944168e-01
<MEAN> 6
 8.435468e+01 1.963983e+01 -8.200230e+01 -1.426067e+00 -2.112091e+00 -1.930603e+01
<VARIANCE> 6
 3.587743e+01 2.586835e+04 2.517299e+04 2.998339e+02 4.032245e+04 5.181961e+07
<GCONST> 6.897284e+01
<MIXTURE> 3 1.918306e-01
<MEAN> 6
 8.440583e+01 -6.986626e+01 -3.396951e+01 2.530769e+00 3.707718e+01 1.452996e+03
<VARIANCE> 6
 3.179780e+01 6.624200e+04 9.057904e+04 2.998339e+02 4.032245e+04 5.181961e+07
<GCONST> 7.107288e+01
<MIXTURE> 4 1.918306e-01
<MEAN> 6
 8.215025e+01 -1.728163e+02 -1.543549e+02 -4.395516e+00 -4.324462e+01 -1.426438e+03
<VARIANCE> 6
 3.179780e+01 6.624200e+04 9.057904e+04 2.998339e+02 4.032245e+04 5.181961e+07
<GCONST> 7.107288e+01
<STATE> 4
<NUMMIXES> 4
<MIXTURE> 1 2.427447e-01
<MEAN> 6
 7.194177e+01 1.479345e+03 1.059390e+03 2.944555e+00 3.471665e+01 1.438809e+03
<VARIANCE> 6
 1.130241e+02 2.533195e+05 1.096103e+06 2.998339e+02 4.032245e+04 5.181961e+07
<GCONST> 7.617571e+01
<MIXTURE> 2 2.960798e-01
<MEAN> 6
 9.167266e+01 6.110822e+02 1.956169e+03 -7.998384e-01 -2.218247e+00 7.948176e+00
<VARIANCE> 6
 5.667152e+01 8.876051e+04 7.390146e+05 2.998339e+02 4.032245e+04 5.181961e+07
<GCONST> 7.404248e+01
<MIXTURE> 3 2.184287e-01
<MEAN> 6
 8.645772e+01 7.281370e+02 8.996785e+02 -1.990361e+00 -2.987951e+00 5.151841e+01
<VARIANCE> 6
 1.397974e+02 1.069661e+05 1.586076e+06 2.998339e+02 4.032245e+04 5.181961e+07
<GCONST> 7.589567e+01
<MIXTURE> 4 2.427447e-01
<MEAN> 6
 6.768925e+01 1.278021e+03 6.406101e+02 -3.981730e+00 -4.560515e+01 -1.440624e+03
<VARIANCE> 6
 1.130241e+02 2.533195e+05 1.096103e+06 2.998339e+02 4.032245e+04 5.181961e+07
<GCONST> 7.617571e+01
<STATE> 5
<NUMMIXES> 4
<MIXTURE> 1 2.183631e-01
<MEAN> 6
 6.926939e+01 1.136237e+03 -1.440813e+03 -1.162267e+00 -7.681808e+00 -7.358665e+01
<VARIANCE> 6
 8.602593e+01 2.247214e+04 1.090346e+05 2.998339e+02 4.032245e+04 5.181961e+07
<GCONST> 7.117253e+01
<MIXTURE> 2 2.321614e-01
<MEAN> 6
 9.322544e+01 6.404543e+02 -1.925778e+03 -1.757984e+00 -8.365808e-01 -6.742094e+00
<VARIANCE> 6
 7.904966e+01 2.205891e+04 6.628169e+05 2.998339e+02 4.032245e+04 5.181961e+07
<GCONST> 7.287424e+01
<MIXTURE> 3 2.747288e-01
<MEAN> 6
 8.088316e+01 4.744016e+02 -6.956012e+02 1.868913e+00 3.820802e+01 1.383958e+03
<VARIANCE> 6
 4.437977e+01 2.580485e+04 1.744075e+05 2.998339e+02 4.032245e+04 5.181961e+07
<GCONST> 7.111868e+01
<MIXTURE> 4 2.747288e-01
<MEAN> 6
 7.821844e+01 4.101460e+02 -8.626497e+02 -5.057371e+00 -4.211378e+01 -1.495475e+03
<VARIANCE> 6
 4.437977e+01 2.580485e+04 1.744075e+05 2.998339e+02 4.032245e+04 5.181961e+07
<GCONST> 7.111868e+01
<STATE> 6
<NUMMIXES> 4
<MIXTURE> 1 1.533920e-01
<MEAN> 6
 7.714008e+01 -3.314560e+02 1.744003e+03 -2.967314e+00 -1.198853e+00 3.413062e+01
<VARIANCE> 6
 1.881973e+02 8.489195e+04 2.559751e+06 2.998339e+02 4.032245e+04 5.181961e+07
<GCONST> 7.644048e+01
<MIXTURE> 2 2.947893e-01
<MEAN> 6
 6.611142e+01 3.905366e+01 1.278109e+02 -5.426629e-01 -4.481210e+00 -1.132233e+02
<VARIANCE> 6
 5.062841e+01 3.824814e+04 1.644743e+05 2.998339e+02 4.032245e+04 5.181961e+07
<GCONST> 7.158531e+01
<MIXTURE> 3 2.759007e-01
<MEAN> 6
 6.227127e+01 2.221804e+01 -1.086405e+02 2.909130e+00 3.612304e+01 1.321276e+03
<VARIANCE> 6
 3.179780e+01 2.421298e+04 1.051873e+05 2.998339e+02 4.032245e+04 5.181961e+07
<GCONST> 7.021597e+01
<MIXTURE> 4 2.759007e-01
<MEAN> 6
 6.001569e+01 -4.002405e+01 -2.383709e+02 -4.017155e+00 -4.419876e+01 -1.558158e+03
<VARIANCE> 6
 3.179780e+01 2.421298e+04 1.051873e+05 2.998339e+02 4.032245e+04 5.181961e+07
<GCONST> 7.021597e+01
<STATE> 7
<NUMMIXES> 4
<MIXTURE> 1 2.864147e-01
<MEAN> 6
 5.247007e+01 1.343371e+02 1.800271e+02 5.029581e+01 2.239317e+01 9.886048e+02
<VARIANCE> 6
 3.111778e+03 4.765284e+05 5.407014e+05 1.840340e+04 2.522711e+05 5.181961e+07
<GCONST> 8.536694e+01
<MIXTURE> 2 2.408821e-02
<MEAN> 6
 8.141099e+00 2.503602e+01 -1.554920e+02 -3.718774e+01 -1.454046e+02 4.197395e+03
<VARIANCE> 6
 9.966826e+03 7.379160e+05 2.556810e+06 1.236842e+06 6.637631e+08 9.739655e+11
<GCONST> 1.104463e+02
<MIXTURE> 3 4.027980e-01
<MEAN> 6
 8.386892e+00 -4.773878e+01 8.586479e+00 -2.943756e+01 1.220357e+02 4.523729e+02
<VARIANCE> 6
 3.364649e+03 2.593595e+05 2.236784e+05 4.474959e+04 1.395593e+06 3.704870e+08
<GCONST> 8.852028e+01
<MIXTURE> 4 2.864147e-01
<MEAN> 6
 3.015675e+01 -1.417870e+02 -1.141025e+02 -3.967846e+00 -1.785132e+02 -1.890829e+03
<VARIANCE> 6
 3.111778e+03 4.765284e+05 5.407014e+05 1.840340e+04 2.522711e+05 5.181961e+07
<GCONST> 8.536694e+01
<TRANSP> 8
 0.000000e+00 1.000000e+00 0.000000e+00 0.000000e+00 0.000000e+00 0.000000e+00 0.000000e+00 0.000000e+00
 0.000000e+00 9.999035e-01 9.646131e-05 0.000000e+00 0.000000e+00 0.000000e+00 0.000000e+00 0.000000e+00
 0.000000e+00 0.000000e+00 9.990927e-01 9.072606e-04 0.000000e+00 0.000000e+00 0.000000e+00 0.000000e+00
 0.000000e+00 0.000000e+00 0.000000e+00 9.984080e-01 1.591986e-03 0.000000e+00 0.000000e+00 0.000000e+00
 0.000000e+00 0.000000e+00 0.000000e+00 0.000000e+00 9.980909e-01 1.909162e-03 0.000000e+00 0.000000e+00
 0.000000e+00 0.000000e+00 0.000000e+00 0.000000e+00 0.000000e+00 9.994526e-01 5.473857e-04 0.000000e+00
 0.000000e+00 0.000000e+00 0.000000e+00 0.000000e+00 0.000000e+00 0.000000e+00 9.999251e-01 7.488647e-05
 0.000000e+00 0.000000e+00 0.000000e+00 0.000000e+00 0.000000e+00 0.000000e+00 0.000000e+00 0.000000e+00
<ENDHMM>
