~o
<STREAMINFO> 1 6
<VECSIZE> 6<NULLD><USER><DIAGC>
~h "SegundoPRIMARIA"
<BEGINHMM>
<NUMSTATES> 4
<STATE> 2
<NUMMIXES> 6
<MIXTURE> 1 2.806647e-01
<MEAN> 6
 5.622123e+01 4.870359e+01 3.423172e+01 2.495219e+01 -4.429903e+02 -1.021248e+03
<VARIANCE> 6
 1.647529e+03 1.242912e+05 6.012277e+04 4.494880e+04 3.817843e+05 7.699621e+07
<GCONST> 8.289398e+01
<MIXTURE> 2 1.505836e-01
<MEAN> 6
 5.774269e+01 -3.780774e+01 6.632653e+01 -7.074941e+01 -5.685144e+02 3.849500e+03
<VARIANCE> 6
 2.826299e+03 4.628113e+05 4.020669e+05 6.550134e+04 3.158629e+06 1.474715e+09
<GCONST> 9.209064e+01
<MIXTURE> 3 9.800602e-02
<MEAN> 6
 9.423409e+01 -9.326629e+01 4.179757e+01 -4.993786e+00 -2.821537e+01 -1.956281e+02
<VARIANCE> 6
 3.419578e+02 1.324233e+06 9.708324e+04 3.028640e+02 4.053393e+04 5.195771e+07
<GCONST> 7.653074e+01
<MIXTURE> 4 1.277335e-01
<MEAN> 6
 -3.442051e+01 1.300107e+02 7.711603e+01 1.978192e+01 7.439316e+02 -3.448780e+02
<VARIANCE> 6
 6.673235e+02 1.711501e+05 6.283296e+04 3.760486e+04 4.318510e+05 1.682798e+08
<GCONST> 8.308093e+01
<MIXTURE> 5 2.011129e-01
<MEAN> 6
 8.144934e+01 -7.135497e+01 -1.508087e+02 -1.423588e+00 -1.398834e+01 -2.084529e+02
<VARIANCE> 6
 2.122559e+02 9.415762e+04 1.399717e+05 3.028640e+02 4.053393e+04 5.195771e+07
<GCONST> 7.377609e+01
<MIXTURE> 6 1.406739e-01
<MEAN> 6
 -4.301515e+01 -5.835065e+00 -4.093036e+01 1.171227e+01 8.577391e+02 -1.340734e+03
<VARIANCE> 6
 5.136943e+02 1.297359e+05 1.207611e+05 2.965823e+04 5.307431e+05 1.722502e+08
<GCONST> 8.318771e+01
<STATE> 3
<NUMMIXES> 6
<MIXTURE> 1 1.224548e-02
<MEAN> 6
 -2.640258e+00 -4.049563e+02 -1.005103e+00 3.344243e+00 2.250122e+01 5.854513e+03
<VARIANCE> 6
 8.767493e+03 7.530962e+05 1.240215e+06 1.483921e+06 8.061480e+08 1.168248e+12
<GCONST> 1.101733e+02
<MIXTURE> 2 2.144599e-01
<MEAN> 6
 1.708901e-01 7.414913e+01 1.155553e+02 7.198627e+01 1.976663e+02 -6.924759e+02
<VARIANCE> 6
 3.496494e+03 4.262187e+05 8.856146e+05 2.952758e+04 5.063599e+05 7.919950e+07
<GCONST> 8.745909e+01
<MIXTURE> 3 1.055413e-01
<MEAN> 6
 2.412258e+01 -2.020346e+02 -3.118036e+01 -7.269736e+01 9.999670e+01 2.613026e+03
<VARIANCE> 6
 5.101021e+03 1.676362e+07 1.782309e+06 5.343479e+04 3.151188e+06 1.725144e+09
<GCONST> 9.771069e+01
<MIXTURE> 4 3.632736e-01
<MEAN> 6
 8.331958e+01 6.872857e+01 3.981810e+01 -2.472433e+00 -3.069306e+01 -1.349116e+02
<VARIANCE> 6
 3.003236e+02 9.318654e+05 1.867723e+06 3.028640e+02 4.053393e+04 5.195771e+07
<GCONST> 7.900642e+01
<MIXTURE> 5 8.058659e-02
<MEAN> 6
 -6.600663e+01 5.546710e+01 -1.805517e+02 -2.599851e+00 1.474275e+02 3.238326e+02
<VARIANCE> 6
 3.652104e+02 4.268027e+05 1.106242e+06 4.247408e+02 5.309690e+04 5.195771e+07
<GCONST> 7.850558e+01
<MIXTURE> 6 2.236875e-01
<MEAN> 6
 2.938156e+01 -8.834068e+01 -6.846122e+01 -2.308578e+01 -2.406005e+02 -8.131755e+02
<VARIANCE> 6
 3.423459e+03 3.201820e+05 1.431160e+06 4.298410e+04 8.206026e+05 1.534968e+08
<GCONST> 8.915188e+01
<TRANSP> 4
 0.000000e+00 1.000000e+00 0.000000e+00 0.000000e+00
 0.000000e+00 9.999474e-01 5.257425e-05 0.000000e+00
 0.000000e+00 0.000000e+00 9.998722e-01 1.278195e-04
 0.000000e+00 0.000000e+00 0.000000e+00 0.000000e+00
<ENDHMM>
~h "SegundoESO"
<BEGINHMM>
<NUMSTATES> 4
<STATE> 2
<NUMMIXES> 6
<MIXTURE> 1 1.345702e-01
<MEAN> 6
 8.374180e+01 -1.405925e+03 -5.592403e+02 -2.623888e+00 -2.046026e+01 -4.907713e+01
<VARIANCE> 6
 1.909443e+02 5.697714e+06 2.856943e+07 3.028640e+02 4.053393e+04 5.195771e+07
<GCONST> 8.309180e+01
<MIXTURE> 2 1.653699e-01
<MEAN> 6
 -5.816527e+00 3.928960e+02 5.678358e+02 -2.991773e+01 2.792234e+02 8.481580e+02
<VARIANCE> 6
 2.315120e+03 4.490394e+06 9.577411e+06 4.111647e+04 9.475436e+05 2.358077e+08
<GCONST> 9.383117e+01
<MIXTURE> 3 2.565554e-01
<MEAN> 6
 7.013404e+01 2.184644e+02 -1.465151e+02 -7.488824e-01 -2.014194e+01 -1.058025e+02
<VARIANCE> 6
 1.095437e+02 1.686437e+06 2.562660e+06 3.028640e+02 4.053393e+04 5.195771e+07
<GCONST> 7.890739e+01
<MIXTURE> 4 1.003591e-01
<MEAN> 6
 -1.828523e+01 2.528643e+02 3.496025e+02 6.516385e+01 2.315979e+02 -1.022418e+03
<VARIANCE> 6
 1.098841e+03 3.504807e+05 1.278972e+06 1.374049e+04 1.504538e+05 5.195771e+07
<GCONST> 8.407336e+01
<MIXTURE> 5 2.096438e-01
<MEAN> 6
 6.087732e+01 8.821936e+01 -1.228105e+02 -2.642091e+00 -4.863080e+02 -6.712914e+00
<VARIANCE> 6
 5.684326e+02 3.461130e+06 3.348034e+06 2.345627e+04 1.572364e+05 5.195771e+07
<GCONST> 8.724548e+01
<MIXTURE> 6 1.331992e-01
<MEAN> 6
 -2.997442e+01 -1.251254e+02 -3.003903e+01 -3.820722e+00 2.947506e+02 -7.781686e+01
<VARIANCE> 6
 6.112122e+02 8.698205e+05 1.240843e+06 1.463627e+04 1.259703e+05 5.195771e+07
<GCONST> 8.425105e+01
<STATE> 3
<NUMMIXES> 6
<MIXTURE> 1 1.840771e-01
<MEAN> 6
 6.879939e+01 -9.359687e+00 3.802004e+01 -1.638974e+00 -2.333928e+01 -1.353246e+02
<VARIANCE> 6
 7.693041e+01 2.911870e+05 5.746940e+04 3.028640e+02 4.053393e+04 5.195771e+07
<GCONST> 7.300002e+01
<MIXTURE> 2 1.242929e-01
<MEAN> 6
 2.274744e+01 2.217496e+02 6.638882e+01 -5.396201e+01 -5.509800e+01 2.228096e+03
<VARIANCE> 6
 3.112775e+03 1.332947e+06 9.315164e+05 4.250964e+04 1.765578e+06 5.610232e+08
<GCONST> 9.210475e+01
<MIXTURE> 3 2.875729e-01
<MEAN> 6
 -3.166093e+01 3.646991e+01 2.195238e+01 1.918145e+01 5.001224e+02 -7.213123e+02
<VARIANCE> 6
 4.838616e+02 2.704155e+05 1.602278e+05 2.194370e+04 2.419300e+05 7.411524e+07
<GCONST> 8.221490e+01
<MIXTURE> 4 1.519488e-01
<MEAN> 6
 4.602257e+01 6.164132e+01 1.897452e+01 3.797783e+01 -3.166046e+02 -1.508806e+02
<VARIANCE> 6
 6.210945e+02 3.403065e+05 1.667928e+05 2.949986e+04 1.072649e+05 5.195771e+07
<GCONST> 8.186200e+01
<MIXTURE> 5 1.030993e-01
<MEAN> 6
 8.380933e+01 -1.541169e+02 -1.561788e+02 -4.901716e+00 -3.416752e+01 7.307992e+00
<VARIANCE> 6
 1.758868e+02 9.700478e+05 4.609945e+05 3.028640e+02 4.053393e+04 5.195771e+07
<GCONST> 7.711246e+01
<MIXTURE> 6 1.477812e-01
<MEAN> 6
 5.489058e+01 -8.810744e+01 -1.887614e+01 -2.287750e+01 -5.420753e+02 -1.344121e+02
<VARIANCE> 6
 6.246909e+02 4.974784e+05 1.221271e+05 2.833599e+04 2.171848e+05 5.733114e+07
<GCONST> 8.269939e+01
<TRANSP> 4
 0.000000e+00 1.000000e+00 0.000000e+00 0.000000e+00
 0.000000e+00 9.998723e-01 1.276980e-04 0.000000e+00
 0.000000e+00 0.000000e+00 9.999475e-01 5.247543e-05
 0.000000e+00 0.000000e+00 0.000000e+00 0.000000e+00
<ENDHMM>
~h "QuintoPRIMARIA"
<BEGINHMM>
<NUMSTATES> 4
<STATE> 2
<NUMMIXES> 6
<MIXTURE> 1 1.466025e-01
<MEAN> 6
 7.581330e+01 3.618259e+01 -2.001165e+02 -3.016133e+00 -1.772599e+01 -1.199039e+02
<VARIANCE> 6
 1.585467e+02 6.876796e+05 1.682147e+05 3.028640e+02 4.053393e+04 5.195771e+07
<GCONST> 7.565651e+01
<MIXTURE> 2 1.048386e-01
<MEAN> 6
 1.181233e+01 -2.691857e+02 1.172872e+02 -5.261635e+01 1.895188e+02 3.273534e+03
<VARIANCE> 6
 3.207794e+03 4.443850e+06 6.442974e+05 5.574177e+04 2.660611e+06 1.071778e+09
<GCONST> 9.429868e+01
<MIXTURE> 3 2.483284e-01
<MEAN> 6
 -3.883002e+01 -3.956114e+01 6.907377e+01 2.764293e+01 6.174354e+02 -7.279551e+02
<VARIANCE> 6
 5.599557e+02 1.741270e+05 1.252013e+05 2.576342e+04 3.166272e+05 9.142266e+07
<GCONST> 8.231354e+01
<MIXTURE> 4 1.484205e-01
<MEAN> 6
 5.959798e+01 6.423297e+01 8.270552e+00 2.193967e+01 -4.891631e+02 -3.494583e+02
<VARIANCE> 6
 6.942644e+02 1.741945e+05 8.754625e+04 3.288641e+04 2.491691e+05 8.125644e+07
<GCONST> 8.205779e+01
<MIXTURE> 5 2.026578e-01
<MEAN> 6
 7.478294e+01 -4.670837e+01 -3.672595e+01 -3.736450e+00 -1.740410e+01 -2.412032e+02
<VARIANCE> 6
 1.658854e+02 6.626252e+04 7.937806e+04 3.028640e+02 4.053393e+04 5.195771e+07
<GCONST> 7.261104e+01
<MIXTURE> 6 1.481225e-01
<MEAN> 6
 5.288354e+01 -4.017753e+01 -5.483572e+01 -2.507455e+01 -6.352302e+02 -2.977387e+02
<VARIANCE> 6
 9.274375e+02 2.216827e+05 1.624423e+05 4.408257e+04 4.317148e+05 1.411522e+08
<GCONST> 8.460146e+01
<STATE> 3
<NUMMIXES> 6
<MIXTURE> 1 1.519961e-01
<MEAN> 6
 8.252280e+01 1.090137e+02 1.696489e+02 -2.554770e+00 -2.539400e+01 -8.474114e+01
<VARIANCE> 6
 2.185220e+02 2.620017e+06 1.513432e+06 3.028640e+02 4.053393e+04 5.195771e+07
<GCONST> 7.951185e+01
<MIXTURE> 2 2.035446e-02
<MEAN> 6
 -5.045321e+00 1.574166e+02 9.269106e+01 -1.944016e+01 4.564194e+00 2.918035e+03
<VARIANCE> 6
 1.138388e+04 2.003589e+05 4.527550e+05 1.747068e+06 9.515083e+08 1.399484e+12
<GCONST> 1.086123e+02
<MIXTURE> 3 1.909355e-01
<MEAN> 6
 -2.221767e+00 2.347645e+02 3.150732e+02 5.097335e+01 8.232066e+01 -7.699014e+02
<VARIANCE> 6
 3.266276e+03 1.442184e+06 1.526100e+06 2.608385e+04 4.085488e+05 5.195771e+07
<GCONST> 8.839395e+01
<MIXTURE> 4 2.236472e-01
<MEAN> 6
 8.046035e+01 2.378421e+02 2.890937e+02 -1.327124e+00 -2.331114e+01 -9.081492e+01
<VARIANCE> 6
 2.311130e+02 3.049037e+05 4.617358e+06 3.028640e+02 4.053393e+04 5.195771e+07
<GCONST> 7.853237e+01
<MIXTURE> 5 1.825105e-01
<MEAN> 6
 1.732553e+01 -1.042451e+02 -6.321108e+02 -7.964687e+01 -6.346138e+01 1.782724e+03
<VARIANCE> 6
 3.978454e+03 8.552946e+05 6.255896e+06 4.644702e+04 2.074786e+06 7.647681e+08
<GCONST> 9.437067e+01
<MIXTURE> 6 2.295880e-01
<MEAN> 6
 1.130720e+00 -1.707006e+02 -6.625206e+01 3.168771e+01 2.212520e+01 -8.605704e+02
<VARIANCE> 6
 3.497873e+03 3.516212e+05 1.457892e+06 2.871840e+04 4.117237e+05 5.195771e+07
<GCONST> 8.710933e+01
<TRANSP> 4
 0.000000e+00 1.000000e+00 0.000000e+00 0.000000e+00
 0.000000e+00 9.999409e-01 5.909161e-05 0.000000e+00
 0.000000e+00 0.000000e+00 9.999089e-01 9.105606e-05
 0.000000e+00 0.000000e+00 0.000000e+00 0.000000e+00
<ENDHMM>
