~o
<STREAMINFO> 1 6
<VECSIZE> 6<NULLD><USER><DIAGC>
~h "SegundoPRIMARIA"
<BEGINHMM>
<NUMSTATES> 15
<STATE> 2
<NUMMIXES> 4
<MIXTURE> 1 1.725174e-01
<MEAN> 6
 -8.520079e+00 1.190016e+02 6.459637e+01 1.010994e+02 4.398593e+02 -4.467896e+01
<VARIANCE> 6
 2.162393e+03 7.855543e+04 5.173424e+04 2.828600e+04 3.820322e+05 6.208839e+07
<GCONST> 8.187912e+01
<MIXTURE> 2 2.682576e-01
<MEAN> 6
 2.751553e+01 4.489123e+01 4.197713e+01 -7.912671e+01 -1.099723e+02 2.076048e+03
<VARIANCE> 6
 3.876800e+03 1.912147e+05 2.791612e+05 6.226881e+04 3.104268e+06 1.132474e+09
<GCONST> 9.082590e+01
<MIXTURE> 3 3.805934e-01
<MEAN> 6
 7.881751e+01 -7.567271e+01 -4.416707e+01 -7.162947e+00 -2.774605e+02 -4.231957e+02
<VARIANCE> 6
 3.872189e+02 1.502262e+05 1.143560e+05 1.238980e+04 1.954153e+05 5.195771e+07
<GCONST> 7.992668e+01
<MIXTURE> 4 1.781110e-01
<MEAN> 6
 -1.793103e+01 1.426280e+01 -1.367317e+01 4.187401e+01 3.340168e+02 -2.250047e+03
<VARIANCE> 6
 1.953905e+03 7.621177e+04 5.228252e+04 3.123822e+04 3.537655e+05 6.180422e+07
<GCONST> 8.177581e+01
<STATE> 3
<NUMMIXES> 4
<MIXTURE> 1 3.186131e-01
<MEAN> 6
 9.783325e+01 5.821346e+00 9.428670e+01 -3.765291e+00 -1.232349e+01 1.237388e+02
<VARIANCE> 6
 3.208208e+01 2.791556e+04 1.398304e+04 3.028640e+02 4.053393e+04 5.195771e+07
<GCONST> 6.836722e+01
<MIXTURE> 2 1.859055e-01
<MEAN> 6
 9.530315e+01 -4.570175e+02 5.921664e+01 -2.128558e+00 7.153709e+00 2.411154e+02
<VARIANCE> 6
 3.518703e+01 5.905223e+04 2.678138e+04 3.028640e+02 4.053393e+04 5.195771e+07
<GCONST> 6.985870e+01
<MIXTURE> 3 3.230041e-01
<MEAN> 6
 9.696661e+01 -4.182761e+01 9.894937e+01 -3.848283e+00 -8.649446e+00 9.038828e+01
<VARIANCE> 6
 3.965296e+01 3.415903e+04 1.398304e+04 3.028640e+02 4.053393e+04 5.195771e+07
<GCONST> 6.878093e+01
<MIXTURE> 4 1.724668e-01
<MEAN> 6
 9.354536e+01 -5.270592e+02 -6.795528e+00 -3.667080e+00 -8.915363e+00 1.081017e+02
<VARIANCE> 6
 3.185140e+01 5.837154e+04 2.771326e+04 3.028640e+02 4.053393e+04 5.195771e+07
<GCONST> 6.978172e+01
<STATE> 4
<NUMMIXES> 4
<MIXTURE> 1 1.731656e-01
<MEAN> 6
 9.982334e+01 8.224651e+02 -2.403911e+02 5.433530e-01 -1.243923e+01 3.781576e+02
<VARIANCE> 6
 4.423432e+01 2.705340e+05 2.348608e+04 3.028640e+02 4.053393e+04 5.195771e+07
<GCONST> 7.147820e+01
<MIXTURE> 2 3.193919e-01
<MEAN> 6
 9.428267e+01 1.724387e+02 -3.768616e+02 -8.755411e-01 1.169762e+01 -2.168336e+00
<VARIANCE> 6
 3.185140e+01 2.901034e+04 4.130867e+04 3.028640e+02 4.053393e+04 5.195771e+07
<GCONST> 6.948170e+01
<MIXTURE> 3 3.351565e-01
<MEAN> 6
 9.479276e+01 1.380513e+02 -4.137476e+02 -1.451484e+00 4.734758e+00 -5.194521e-02
<VARIANCE> 6
 3.185140e+01 2.777136e+04 2.817462e+04 3.028640e+02 4.053393e+04 5.195771e+07
<GCONST> 6.905540e+01
<MIXTURE> 4 1.722855e-01
<MEAN> 6
 9.873869e+01 6.339658e+02 -2.732566e+02 -3.473085e+00 -4.520250e+01 8.490173e+01
<VARIANCE> 6
 4.233676e+01 2.365180e+05 2.688973e+04 3.028640e+02 4.053393e+04 5.195771e+07
<GCONST> 7.143532e+01
<STATE> 5
<NUMMIXES> 4
<MIXTURE> 1 1.991831e-01
<MEAN> 6
 9.728680e+01 -6.315407e+02 5.560142e+02 2.678814e-01 -1.036223e+01 -1.504115e+01
<VARIANCE> 6
 3.185140e+01 9.945479e+03 1.398304e+04 3.028640e+02 4.053393e+04 5.195771e+07
<GCONST> 6.732794e+01
<MIXTURE> 2 3.940966e-01
<MEAN> 6
 9.351073e+01 -1.396180e+03 3.001195e+02 -6.021848e+00 4.170114e-01 4.495374e+01
<VARIANCE> 6
 2.402940e+02 9.943977e+04 3.322103e+05 3.028640e+02 4.053393e+04 5.195771e+07
<GCONST> 7.481908e+01
<MIXTURE> 3 2.043722e-01
<MEAN> 6
 1.011849e+02 -3.189622e+03 -1.047321e+02 -5.470525e+00 8.062408e+00 1.538489e+01
<VARIANCE> 6
 3.185140e+01 4.791103e+05 2.062642e+04 3.028640e+02 4.053393e+04 5.195771e+07
<GCONST> 7.159148e+01
<MIXTURE> 4 2.023470e-01
<MEAN> 6
 1.004102e+02 -3.247662e+03 -1.135320e+02 -4.157793e+00 -1.351353e+01 -2.817021e+02
<VARIANCE> 6
 3.185140e+01 4.564778e+05 1.880835e+04 3.028640e+02 4.053393e+04 5.195771e+07
<GCONST> 7.145081e+01
<STATE> 6
<NUMMIXES> 4
<MIXTURE> 1 1.483302e-01
<MEAN> 6
 7.561760e+01 1.322737e+02 -1.900354e+03 3.773107e+00 -2.146807e+01 -1.035298e+02
<VARIANCE> 6
 3.290104e+01 9.656255e+04 2.464891e+05 3.028640e+02 4.053393e+04 5.195771e+07
<GCONST> 7.250291e+01
<MIXTURE> 2 2.645561e-01
<MEAN> 6
 7.141646e+01 1.313732e+03 -1.119881e+03 6.674766e-01 -4.729184e+00 -1.271380e+02
<VARIANCE> 6
 3.185140e+01 9.945479e+03 1.398304e+04 3.028640e+02 4.053393e+04 5.195771e+07
<GCONST> 6.732794e+01
<MIXTURE> 3 2.929316e-01
<MEAN> 6
 7.913887e+01 2.801148e+02 -2.176200e+03 1.034930e+00 -2.836967e+00 -3.951929e+01
<VARIANCE> 6
 3.185140e+01 3.021069e+04 2.609294e+04 3.028640e+02 4.053393e+04 5.195771e+07
<GCONST> 6.906284e+01
<MIXTURE> 4 2.941869e-01
<MEAN> 6
 7.927783e+01 2.153720e+02 -2.227637e+03 8.779669e-02 -1.145119e+01 -1.175571e+02
<VARIANCE> 6
 3.185140e+01 3.003067e+04 2.672394e+04 3.028640e+02 4.053393e+04 5.195771e+07
<GCONST> 6.908075e+01
<STATE> 7
<NUMMIXES> 4
<MIXTURE> 1 2.201979e-01
<MEAN> 6
 8.619616e+01 7.717171e+02 1.099501e+03 -4.669904e+00 8.084744e-01 4.753630e+01
<VARIANCE> 6
 4.263868e+01 6.237109e+04 1.398304e+04 3.028640e+02 4.053393e+04 5.195771e+07
<GCONST> 6.945560e+01
<MIXTURE> 2 2.842638e-01
<MEAN> 6
 1.268710e+02 5.566121e+02 1.811810e+02 -6.826113e+00 1.342783e+00 2.360743e+02
<VARIANCE> 6
 7.544994e+01 2.598363e+05 1.398304e+04 4.907716e+02 7.862149e+04 5.195771e+07
<GCONST> 7.259846e+01
<MIXTURE> 3 2.431926e-01
<MEAN> 6
 1.128671e+02 5.237939e+01 3.198480e+02 -1.840581e+00 1.392474e+01 1.659413e+02
<VARIANCE> 6
 3.188698e+01 2.056158e+04 1.398304e+04 3.028640e+02 4.053393e+04 5.195771e+07
<GCONST> 6.805536e+01
<MIXTURE> 4 2.523457e-01
<MEAN> 6
 1.117539e+02 6.309199e-02 2.936979e+02 -3.095734e+00 -3.621838e+00 1.008740e+02
<VARIANCE> 6
 3.185140e+01 1.356678e+04 1.398304e+04 3.028640e+02 4.053393e+04 5.195771e+07
<GCONST> 6.763844e+01
<STATE> 8
<NUMMIXES> 4
<MIXTURE> 1 2.089765e-01
<MEAN> 6
 1.109643e+02 -3.561018e+02 -1.254742e+02 -5.182550e+00 -6.231584e+00 -1.258844e+02
<VARIANCE> 6
 3.235556e+01 2.161382e+05 1.395058e+05 3.028640e+02 4.053393e+04 5.195771e+07
<GCONST> 7.272270e+01
<MIXTURE> 2 2.044231e-01
<MEAN> 6
 1.111046e+02 -7.414328e+02 2.940308e+01 -5.201294e+00 4.216455e+00 5.926135e+01
<VARIANCE> 6
 7.910564e+01 7.915712e+04 8.536027e+04 3.028640e+02 4.053393e+04 5.195771e+07
<GCONST> 7.212099e+01
<MIXTURE> 3 3.892620e-01
<MEAN> 6
 9.793235e+01 -5.243729e+02 -4.076102e+02 -4.963443e-01 1.599660e+00 -1.968930e+02
<VARIANCE> 6
 8.069811e+01 4.258887e+04 3.151320e+04 3.028640e+02 4.053393e+04 5.195771e+07
<GCONST> 7.052461e+01
<MIXTURE> 4 1.973357e-01
<MEAN> 6
 1.079185e+02 -8.120450e+02 -7.112666e+01 -5.146113e+00 -2.216400e+01 -3.829398e+02
<VARIANCE> 6
 1.088787e+02 7.159110e+04 8.207500e+04 3.028640e+02 4.053393e+04 5.195771e+07
<GCONST> 7.230074e+01
<STATE> 9
<NUMMIXES> 4
<MIXTURE> 1 4.023118e-01
<MEAN> 6
 7.440692e+01 1.009389e+02 -3.529076e+02 -1.660545e+00 1.080776e+00 -2.979884e+01
<VARIANCE> 6
 3.185140e+01 1.925894e+04 1.398304e+04 3.028640e+02 4.053393e+04 5.195771e+07
<GCONST> 6.798879e+01
<MIXTURE> 2 2.158673e-01
<MEAN> 6
 7.338667e+01 -6.784690e+01 -8.562050e+02 1.415429e-01 1.124783e+00 -2.796350e+01
<VARIANCE> 6
 3.185140e+01 5.447296e+04 3.855016e+04 3.028640e+02 4.053393e+04 5.195771e+07
<GCONST> 7.004263e+01
<MIXTURE> 3 1.611747e-01
<MEAN> 6
 7.611480e+01 -9.338514e+02 -7.694567e+02 2.662656e-01 -5.689314e+00 -1.163020e+02
<VARIANCE> 6
 3.185140e+01 6.529936e+05 1.398304e+04 3.028640e+02 4.053393e+04 5.195771e+07
<GCONST> 7.151239e+01
<MIXTURE> 4 2.206291e-01
<MEAN> 6
 7.201372e+01 -1.537603e+02 -9.276168e+02 -4.780631e-01 -6.111050e+00 -1.765560e+02
<VARIANCE> 6
 3.185140e+01 5.087741e+04 2.702828e+04 3.028640e+02 4.053393e+04 5.195771e+07
<GCONST> 6.961928e+01
<STATE> 10
<NUMMIXES> 4
<MIXTURE> 1 3.564731e-01
<MEAN> 6
 6.530004e+01 9.402463e+02 -1.409314e+02 -5.768418e-02 5.175575e+00 -4.090405e+01
<VARIANCE> 6
 3.185140e+01 1.105251e+04 1.398304e+04 3.028640e+02 4.053393e+04 5.195771e+07
<GCONST> 6.743348e+01
<MIXTURE> 2 1.061275e-01
<MEAN> 6
 6.707135e+01 5.870792e+02 -1.313117e+02 -1.522826e+00 -4.459601e+01 -8.006837e+02
<VARIANCE> 6
 3.579754e+01 2.580932e+05 6.060150e+04 3.028640e+02 4.053393e+04 5.195771e+07
<GCONST> 7.216741e+01
<MIXTURE> 3 1.775573e-01
<MEAN> 6
 4.934418e+01 4.394371e+02 -9.224492e+01 5.856719e+00 2.365810e+01 -2.467068e+02
<VARIANCE> 6
 1.007057e+02 9.945479e+03 1.398304e+04 3.028640e+02 4.053393e+04 5.195771e+07
<GCONST> 6.847906e+01
<MIXTURE> 4 3.598405e-01
<MEAN> 6
 6.530414e+01 8.879287e+02 -1.603683e+02 -3.482957e-01 -8.920559e+00 -2.777745e+02
<VARIANCE> 6
 3.185140e+01 1.306859e+04 1.398304e+04 3.028640e+02 4.053393e+04 5.195771e+07
<GCONST> 6.760103e+01
<STATE> 11
<NUMMIXES> 4
<MIXTURE> 1 3.648067e-01
<MEAN> 6
 7.510934e+01 4.245177e+01 1.491957e+02 -2.058995e+00 -1.090684e+01 -4.916339e+01
<VARIANCE> 6
 3.185140e+01 1.031776e+04 1.398304e+04 3.028640e+02 4.053393e+04 5.195771e+07
<GCONST> 6.736469e+01
<MIXTURE> 2 2.864815e-01
<MEAN> 6
 7.542387e+01 -4.738624e+01 8.449188e+01 -2.996367e+00 -2.207767e-01 4.022794e+01
<VARIANCE> 6
 4.110377e+01 4.833164e+04 1.975366e+04 3.028640e+02 4.053393e+04 5.195771e+07
<GCONST> 6.950941e+01
<MIXTURE> 3 1.740658e-01
<MEAN> 6
 7.349620e+01 6.969768e+00 1.738583e+02 -9.880168e-01 5.800917e+00 3.518567e+01
<VARIANCE> 6
 3.185140e+01 9.945479e+03 1.398304e+04 3.028640e+02 4.053393e+04 5.195771e+07
<GCONST> 6.732794e+01
<MIXTURE> 4 1.746413e-01
<MEAN> 6
 7.126556e+01 -3.106258e+01 1.474410e+02 -3.266815e+00 -1.595192e+01 -2.285337e+02
<VARIANCE> 6
 3.185140e+01 1.016120e+04 1.398304e+04 3.028640e+02 4.053393e+04 5.195771e+07
<GCONST> 6.734940e+01
<STATE> 12
<NUMMIXES> 4
<MIXTURE> 1 1.684964e-01
<MEAN> 6
 8.738925e+01 -3.618953e+02 4.442104e+02 -9.348204e+00 6.616341e+00 2.007057e+02
<VARIANCE> 6
 3.185140e+01 3.200530e+04 6.292354e+04 3.028640e+02 4.053393e+04 5.195771e+07
<GCONST> 7.000079e+01
<MIXTURE> 2 3.486553e-01
<MEAN> 6
 8.372657e+01 1.093497e+03 3.454505e+02 -1.693868e+00 -3.676171e+00 -1.711387e+02
<VARIANCE> 6
 3.185140e+01 1.229674e+05 1.444867e+04 3.028640e+02 4.053393e+04 5.195771e+07
<GCONST> 6.987550e+01
<MIXTURE> 3 2.463400e-01
<MEAN> 6
 9.287132e+01 6.331161e+02 2.206507e+02 -2.940367e+00 3.640060e+00 -1.463293e+01
<VARIANCE> 6
 3.518793e+01 1.209310e+05 1.398304e+04 3.028640e+02 4.053393e+04 5.195771e+07
<GCONST> 6.992566e+01
<MIXTURE> 4 2.365049e-01
<MEAN> 6
 9.038390e+01 4.614172e+02 1.870506e+02 -3.048253e+00 -1.465396e+01 -3.242706e+02
<VARIANCE> 6
 3.185140e+01 1.821147e+05 1.398304e+04 3.028640e+02 4.053393e+04 5.195771e+07
<GCONST> 7.023546e+01
<STATE> 13
<NUMMIXES> 4
<MIXTURE> 1 2.628328e-01
<MEAN> 6
 6.840255e+01 -7.499984e+02 2.375803e+03 -8.238122e-01 -3.046174e+00 -7.347552e+01
<VARIANCE> 6
 1.137148e+02 8.041217e+04 1.737781e+06 3.028640e+02 4.053393e+04 5.195771e+07
<GCONST> 7.551311e+01
<MIXTURE> 2 3.209689e-01
<MEAN> 6
 7.473469e+01 -1.125746e+03 6.464675e+02 -1.290665e+00 -5.038241e+00 -1.033866e+02
<VARIANCE> 6
 3.185140e+01 2.064257e+07 4.080705e+05 3.028640e+02 4.053393e+04 5.195771e+07
<GCONST> 7.833952e+01
<MIXTURE> 3 2.112363e-01
<MEAN> 6
 6.655168e+01 -1.818495e+02 9.921752e+02 -4.126348e-01 8.370476e+00 1.129224e+01
<VARIANCE> 6
 3.811182e+01 3.897238e+05 4.875446e+05 3.028640e+02 4.053393e+04 5.195771e+07
<GCONST> 7.472723e+01
<MIXTURE> 4 2.049436e-01
<MEAN> 6
 6.455330e+01 -3.341373e+02 8.640051e+02 -1.542839e+00 -8.204079e+00 -1.843842e+02
<VARIANCE> 6
 3.712960e+01 3.419400e+05 5.277355e+05 3.028640e+02 4.053393e+04 5.195771e+07
<GCONST> 7.464954e+01
<STATE> 14
<NUMMIXES> 4
<MIXTURE> 1 3.114880e-02
<MEAN> 6
 3.057009e+01 7.615479e+02 -2.649109e+02 -3.016366e+01 -3.452269e+02 3.812348e+03
<VARIANCE> 6
 7.279977e+03 2.459000e+07 1.231395e+06 4.620151e+05 2.317858e+08 3.330459e+11
<GCONST> 1.097979e+02
<MIXTURE> 2 2.826626e-01
<MEAN> 6
 4.178546e+01 2.210825e+02 9.777125e+01 4.698172e+01 3.493332e+01 3.829899e+02
<VARIANCE> 6
 4.144508e+03 6.842112e+05 4.725630e+05 1.480617e+04 1.880246e+05 5.195771e+07
<GCONST> 8.537181e+01
<MIXTURE> 3 4.004021e-01
<MEAN> 6
 1.826552e+01 -4.343847e+01 -2.847386e+01 -3.400949e+01 5.325658e+01 4.121278e+02
<VARIANCE> 6
 4.086329e+03 4.389790e+05 1.355629e+06 5.499874e+04 1.706093e+06 4.455192e+08
<GCONST> 9.163418e+01
<MIXTURE> 4 2.855990e-01
<MEAN> 6
 3.275801e+01 -6.373865e+01 -1.459006e+02 5.207911e+00 -6.953227e+01 -1.295921e+03
<VARIANCE> 6
 4.579695e+03 6.343125e+05 4.643635e+05 1.440402e+04 2.033444e+05 5.195771e+07
<GCONST> 8.542923e+01
<TRANSP> 15
 0.000000e+00 1.000000e+00 0.000000e+00 0.000000e+00 0.000000e+00 0.000000e+00 0.000000e+00 0.000000e+00 0.000000e+00 0.000000e+00 0.000000e+00 0.000000e+00 0.000000e+00 0.000000e+00 0.000000e+00
 0.000000e+00 9.999198e-01 8.015089e-05 0.000000e+00 0.000000e+00 0.000000e+00 0.000000e+00 0.000000e+00 0.000000e+00 0.000000e+00 0.000000e+00 0.000000e+00 0.000000e+00 0.000000e+00 0.000000e+00
 0.000000e+00 0.000000e+00 9.969922e-01 3.007790e-03 0.000000e+00 0.000000e+00 0.000000e+00 0.000000e+00 0.000000e+00 0.000000e+00 0.000000e+00 0.000000e+00 0.000000e+00 0.000000e+00 0.000000e+00
 0.000000e+00 0.000000e+00 0.000000e+00 9.971163e-01 2.883688e-03 0.000000e+00 0.000000e+00 0.000000e+00 0.000000e+00 0.000000e+00 0.000000e+00 0.000000e+00 0.000000e+00 0.000000e+00 0.000000e+00
 0.000000e+00 0.000000e+00 0.000000e+00 0.000000e+00 9.949398e-01 5.060159e-03 0.000000e+00 0.000000e+00 0.000000e+00 0.000000e+00 0.000000e+00 0.000000e+00 0.000000e+00 0.000000e+00 0.000000e+00
 0.000000e+00 0.000000e+00 0.000000e+00 0.000000e+00 0.000000e+00 9.952524e-01 4.747662e-03 0.000000e+00 0.000000e+00 0.000000e+00 0.000000e+00 0.000000e+00 0.000000e+00 0.000000e+00 0.000000e+00
 0.000000e+00 0.000000e+00 0.000000e+00 0.000000e+00 0.000000e+00 0.000000e+00 9.950938e-01 4.906205e-03 0.000000e+00 0.000000e+00 0.000000e+00 0.000000e+00 0.000000e+00 0.000000e+00 0.000000e+00
 0.000000e+00 0.000000e+00 0.000000e+00 0.000000e+00 0.000000e+00 0.000000e+00 0.000000e+00 9.962342e-01 3.765812e-03 0.000000e+00 0.000000e+00 0.000000e+00 0.000000e+00 0.000000e+00 0.000000e+00
 0.000000e+00 0.000000e+00 0.000000e+00 0.000000e+00 0.000000e+00 0.000000e+00 0.000000e+00 0.000000e+00 9.976808e-01 2.319109e-03 0.000000e+00 0.000000e+00 0.000000e+00 0.000000e+00 0.000000e+00
 0.000000e+00 0.000000e+00 0.000000e+00 0.000000e+00 0.000000e+00 0.000000e+00 0.000000e+00 0.000000e+00 0.000000e+00 9.908550e-01 9.144943e-03 0.000000e+00 0.000000e+00 0.000000e+00 0.000000e+00
 0.000000e+00 0.000000e+00 0.000000e+00 0.000000e+00 0.000000e+00 0.000000e+00 0.000000e+00 0.000000e+00 0.000000e+00 0.000000e+00 9.972121e-01 2.787890e-03 0.000000e+00 0.000000e+00 0.000000e+00
 0.000000e+00 0.000000e+00 0.000000e+00 0.000000e+00 0.000000e+00 0.000000e+00 0.000000e+00 0.000000e+00 0.000000e+00 0.000000e+00 0.000000e+00 9.963534e-01 3.646569e-03 0.000000e+00 0.000000e+00
 0.000000e+00 0.000000e+00 0.000000e+00 0.000000e+00 0.000000e+00 0.000000e+00 0.000000e+00 0.000000e+00 0.000000e+00 0.000000e+00 0.000000e+00 0.000000e+00 9.986621e-01 1.337913e-03 0.000000e+00
 0.000000e+00 0.000000e+00 0.000000e+00 0.000000e+00 0.000000e+00 0.000000e+00 0.000000e+00 0.000000e+00 0.000000e+00 0.000000e+00 0.000000e+00 0.000000e+00 0.000000e+00 9.999081e-01 9.182774e-05
 0.000000e+00 0.000000e+00 0.000000e+00 0.000000e+00 0.000000e+00 0.000000e+00 0.000000e+00 0.000000e+00 0.000000e+00 0.000000e+00 0.000000e+00 0.000000e+00 0.000000e+00 0.000000e+00 0.000000e+00
<ENDHMM>
~h "SegundoESO"
<BEGINHMM>
<NUMSTATES> 15
<STATE> 2
<NUMMIXES> 4
<MIXTURE> 1 1.900319e-01
<MEAN> 6
 6.191772e+01 1.353354e+03 -5.142258e+02 9.433229e-01 -8.153725e-01 -6.636340e+01
<VARIANCE> 6
 3.185140e+01 2.709124e+06 1.289166e+05 3.028640e+02 4.053393e+04 5.195771e+07
<GCONST> 7.515652e+01
<MIXTURE> 2 3.252052e-01
<MEAN> 6
 6.695550e+01 1.443594e+02 -5.277639e+03 1.933238e-01 -3.011548e+00 -6.654982e+01
<VARIANCE> 6
 7.321713e+01 1.818778e+05 6.539714e+06 3.028640e+02 4.053393e+04 5.195771e+07
<GCONST> 7.721431e+01
<MIXTURE> 3 2.956914e-01
<MEAN> 6
 6.248326e+01 4.440021e+02 -1.262833e+03 1.247118e-01 -4.197751e+00 -1.271785e+02
<VARIANCE> 6
 3.185140e+01 1.067910e+06 3.189941e+05 3.028640e+02 4.053393e+04 5.195771e+07
<GCONST> 7.513161e+01
<MIXTURE> 4 1.890668e-01
<MEAN> 6
 6.124876e+01 6.607292e+02 -6.312785e+02 -1.325095e-01 -9.646122e+00 -2.448104e+02
<VARIANCE> 6
 3.185140e+01 3.172361e+06 1.307064e+05 3.028640e+02 4.053393e+04 5.195771e+07
<GCONST> 7.532816e+01
<STATE> 3
<NUMMIXES> 4
<MIXTURE> 1 3.138953e-01
<MEAN> 6
 7.419501e+01 5.463790e+02 8.547964e+02 -3.067842e-01 -2.303229e+00 -6.662723e+01
<VARIANCE> 6
 3.185140e+01 6.488893e+05 7.350242e+05 3.028640e+02 4.053393e+04 5.195771e+07
<GCONST> 7.546814e+01
<MIXTURE> 2 2.259542e-01
<MEAN> 6
 7.780582e+01 -2.335382e+02 2.633417e+02 3.186679e-02 1.403740e+00 -5.450806e+01
<VARIANCE> 6
 5.554483e+01 5.335723e+05 3.211911e+04 3.028640e+02 4.053393e+04 5.195771e+07
<GCONST> 7.269813e+01
<MIXTURE> 3 2.325146e-01
<MEAN> 6
 7.985543e+01 -1.179361e+03 7.696021e+01 -1.211001e+00 -3.658108e+00 -8.600027e+01
<VARIANCE> 6
 8.884191e+01 1.759287e+06 1.546462e+05 3.028640e+02 4.053393e+04 5.195771e+07
<GCONST> 7.593256e+01
<MIXTURE> 4 2.275998e-01
<MEAN> 6
 7.614848e+01 -4.205065e+02 1.969734e+02 -8.766375e-01 -1.016096e+01 -1.922288e+02
<VARIANCE> 6
 5.327248e+01 5.274794e+05 3.213971e+04 3.028640e+02 4.053393e+04 5.195771e+07
<GCONST> 7.264552e+01
<STATE> 4
<NUMMIXES> 4
<MIXTURE> 1 3.064275e-01
<MEAN> 6
 8.306121e+01 -2.354410e+03 3.493318e+03 -2.017302e+00 -3.920533e+01 -1.246932e+02
<VARIANCE> 6
 1.173244e+02 4.254310e+06 1.685892e+07 3.028640e+02 4.053393e+04 5.195771e+07
<GCONST> 8.178516e+01
<MIXTURE> 2 2.840298e-01
<MEAN> 6
 -2.291702e+01 3.948709e+02 2.612853e+03 -1.060670e+01 5.460286e+02 3.098603e+02
<VARIANCE> 6
 2.205137e+03 3.461193e+06 8.513994e+06 5.173488e+04 9.305904e+05 2.605698e+08
<GCONST> 9.371600e+01
<MIXTURE> 3 2.060045e-01
<MEAN> 6
 3.554235e+01 1.834955e+02 2.128054e+03 2.895331e+01 -2.941495e+02 9.649382e+02
<VARIANCE> 6
 3.083635e+03 3.245044e+06 4.390702e+06 3.232025e+04 4.569496e+05 5.195771e+07
<GCONST> 9.053049e+01
<MIXTURE> 4 2.034799e-01
<MEAN> 6
 2.970003e+01 -5.086253e+02 1.142673e+03 -4.040449e+01 -4.014756e+02 -9.416029e+02
<VARIANCE> 6
 3.063073e+03 3.740616e+06 4.095426e+06 3.240927e+04 4.940759e+05 5.195771e+07
<GCONST> 9.067717e+01
<STATE> 5
<NUMMIXES> 4
<MIXTURE> 1 2.356158e-01
<MEAN> 6
 6.088382e+01 9.237936e+01 8.717525e+01 -5.694316e-01 -6.066280e+00 -1.677334e+02
<VARIANCE> 6
 5.493783e+01 9.945479e+03 3.199239e+05 3.028640e+02 4.053393e+04 5.195771e+07
<GCONST> 7.100330e+01
<MIXTURE> 2 1.933298e-01
<MEAN> 6
 6.494991e+01 2.386715e+02 -1.809073e+02 6.178224e-01 -3.884277e-01 -1.017255e+02
<VARIANCE> 6
 3.185140e+01 1.121290e+05 2.197560e+04 3.028640e+02 4.053393e+04 5.195771e+07
<GCONST> 7.020256e+01
<MIXTURE> 3 3.755257e-01
<MEAN> 6
 6.163499e+01 -2.882699e+02 -8.390582e+01 -6.240142e-02 -5.111627e+00 -1.493365e+02
<VARIANCE> 6
 3.185140e+01 1.241590e+05 6.225439e+04 3.028640e+02 4.053393e+04 5.195771e+07
<GCONST> 7.134576e+01
<MIXTURE> 4 1.955189e-01
<MEAN> 6
 6.317834e+01 8.522694e+01 -2.212909e+02 -5.200539e-01 -1.597952e+01 -3.166793e+02
<VARIANCE> 6
 3.185140e+01 1.280863e+05 2.534055e+04 3.028640e+02 4.053393e+04 5.195771e+07
<GCONST> 7.047809e+01
<STATE> 6
<NUMMIXES> 4
<MIXTURE> 1 2.792213e-01
<MEAN> 6
 8.389894e+00 1.524375e+02 2.553053e+02 5.924886e+01 1.482171e+02 1.233839e+02
<VARIANCE> 6
 2.516942e+03 3.629881e+05 7.854755e+05 1.963355e+04 2.632006e+05 5.195771e+07
<GCONST> 8.536584e+01
<MIXTURE> 2 1.897952e-01
<MEAN> 6
 -6.069367e+00 2.299375e+02 3.299801e+01 -7.055846e+01 4.531615e+02 1.544911e+03
<VARIANCE> 6
 2.678480e+03 8.414822e+05 4.118641e+05 3.775204e+04 1.594386e+06 5.309863e+08
<GCONST> 9.040268e+01
<MIXTURE> 3 2.514110e-01
<MEAN> 6
 5.505232e+01 -1.272657e+02 2.922754e+01 -4.705197e+01 -5.352286e+02 5.122553e+02
<VARIANCE> 6
 1.201283e+03 2.151981e+06 3.152888e+05 2.834838e+04 3.295563e+05 9.084627e+07
<GCONST> 8.664406e+01
<MIXTURE> 4 2.791097e-01
<MEAN> 6
 1.120538e+00 -7.525529e+01 -4.584469e+01 1.910323e+01 8.124578e+01 -1.520421e+03
<VARIANCE> 6
 2.469856e+03 3.647245e+05 7.358058e+05 2.137151e+04 2.400614e+05 5.195771e+07
<GCONST> 8.527921e+01
<STATE> 7
<NUMMIXES> 4
<MIXTURE> 1 3.571872e-01
<MEAN> 6
 1.733479e+01 1.777322e+03 -2.777700e+03 5.353467e+01 4.129972e+01 -6.173627e+02
<VARIANCE> 6
 2.369020e+03 3.157573e+06 2.222221e+06 1.646236e+04 9.761605e+04 5.195771e+07
<GCONST> 8.734039e+01
<MIXTURE> 2 2.799058e-01
<MEAN> 6
 5.445952e+00 4.374851e+02 -1.869979e+03 -3.882620e+01 2.028708e+02 5.502635e+02
<VARIANCE> 6
 3.204654e+03 5.531511e+06 1.815510e+06 2.486867e+04 9.637320e+05 1.564220e+08
<GCONST> 9.180547e+01
<MIXTURE> 3 1.810802e-01
<MEAN> 6
 5.289807e+01 1.357238e+03 -2.512395e+03 2.127459e+01 -1.436898e+02 7.803094e+02
<VARIANCE> 6
 1.692077e+03 3.118823e+06 1.698675e+06 1.949109e+04 9.459419e+04 5.195771e+07
<GCONST> 8.686031e+01
<MIXTURE> 4 1.818223e-01
<MEAN> 6
 4.914160e+01 7.533275e+02 -2.862989e+03 -2.655391e+01 -2.091628e+02 -5.946855e+02
<VARIANCE> 6
 1.888782e+03 3.117620e+06 1.707636e+06 2.185432e+04 1.064646e+05 5.195771e+07
<GCONST> 8.720781e+01
<STATE> 8
<NUMMIXES> 4
<MIXTURE> 1 3.726588e-01
<MEAN> 6
 2.847292e+01 3.164553e+02 1.304320e+02 1.909604e+02 -1.139060e+02 -2.088553e+03
<VARIANCE> 6
 5.621660e+02 1.211043e+06 4.351316e+05 5.414164e+03 6.557780e+04 5.195771e+07
<GCONST> 8.180316e+01
<MIXTURE> 2 2.784042e-01
<MEAN> 6
 8.508448e+01 -4.232962e+02 1.522164e+02 7.616203e+01 -8.649613e+02 1.195705e+03
<VARIANCE> 6
 2.547262e+02 3.199969e+06 1.049248e+06 8.273603e+03 7.931342e+05 5.263741e+08
<GCONST> 8.809578e+01
<MIXTURE> 3 1.731320e-01
<MEAN> 6
 5.454259e+01 2.360322e+02 -9.345186e+01 1.699377e+02 -4.079378e+02 -3.151235e+02
<VARIANCE> 6
 4.654734e+02 3.473290e+05 2.933691e+05 4.745406e+03 1.021983e+05 5.195771e+07
<GCONST> 8.028308e+01
<MIXTURE> 4 1.757916e-01
<MEAN> 6
 5.238058e+01 -1.485169e+01 -2.609240e+02 1.583863e+02 -4.717712e+02 -1.845123e+03
<VARIANCE> 6
 4.625835e+02 3.826505e+05 2.854357e+05 4.646479e+03 9.928598e+04 5.195771e+07
<GCONST> 8.029631e+01
<STATE> 9
<NUMMIXES> 4
<MIXTURE> 1 2.601161e-01
<MEAN> 6
 6.728307e+01 1.429231e+03 3.158228e+02 -5.042082e+00 -5.755318e+00 5.691915e+02
<VARIANCE> 6
 4.574372e+01 2.241959e+05 1.092652e+06 3.028640e+02 4.053393e+04 5.195771e+07
<GCONST> 7.516383e+01
<MIXTURE> 2 2.537036e-01
<MEAN> 6
 7.812688e+01 6.533356e+02 -2.238728e+02 -1.789663e+00 -1.101817e+01 2.959301e+02
<VARIANCE> 6
 3.185140e+01 2.860642e+05 7.057792e+04 3.028640e+02 4.053393e+04 5.195771e+07
<GCONST> 7.230591e+01
<MIXTURE> 3 2.259442e-01
<MEAN> 6
 7.271429e+01 5.735287e+02 -2.476791e+03 -2.806744e+00 -3.267701e-01 1.136660e+02
<VARIANCE> 6
 3.185140e+01 2.091461e+04 4.643798e+06 3.028640e+02 4.053393e+04 5.195771e+07
<GCONST> 7.387671e+01
<MIXTURE> 4 2.602341e-01
<MEAN> 6
 7.681153e+01 5.583724e+02 -2.752143e+02 -1.868384e+00 -2.556522e+01 1.861788e+02
<VARIANCE> 6
 3.185140e+01 2.431902e+05 7.517576e+04 3.028640e+02 4.053393e+04 5.195771e+07
<GCONST> 7.220665e+01
<STATE> 10
<NUMMIXES> 4
<MIXTURE> 1 3.408428e-01
<MEAN> 6
 1.054083e+02 9.702396e+02 -8.114164e+02 -7.102830e+00 1.658084e+00 3.000119e+02
<VARIANCE> 6
 4.674811e+01 4.314889e+05 4.435109e+05 3.028640e+02 4.053393e+04 5.195771e+07
<GCONST> 7.493863e+01
<MIXTURE> 2 3.170473e-01
<MEAN> 6
 9.158409e+01 -2.459333e+03 -3.859918e+03 -5.725769e+00 3.892139e+00 1.326866e+02
<VARIANCE> 6
 1.457911e+02 7.750160e+06 1.808812e+07 3.028640e+02 4.053393e+04 5.195771e+07
<GCONST> 8.267255e+01
<MIXTURE> 3 1.697997e-01
<MEAN> 6
 9.384148e+01 8.911233e+02 -1.122236e+03 -4.335337e+00 6.029629e+00 8.509644e+01
<VARIANCE> 6
 3.185140e+01 4.142458e+05 2.725378e+06 3.028640e+02 4.053393e+04 5.195771e+07
<GCONST> 7.632980e+01
<MIXTURE> 4 1.723100e-01
<MEAN> 6
 9.175455e+01 6.130121e+02 -1.843219e+03 -4.305624e+00 -1.784634e+00 8.323767e+01
<VARIANCE> 6
 3.185140e+01 3.449614e+05 2.107251e+06 3.028640e+02 4.053393e+04 5.195771e+07
<GCONST> 7.588954e+01
<STATE> 11
<NUMMIXES> 4
<MIXTURE> 1 2.826760e-01
<MEAN> 6
 8.897060e+01 -2.324751e+02 -3.760291e+02 -3.524311e+00 -1.907654e+00 1.392090e+02
<VARIANCE> 6
 5.849120e+01 9.326462e+04 6.094586e+05 3.028640e+02 4.053393e+04 5.195771e+07
<GCONST> 7.394878e+01
<MIXTURE> 2 2.056173e-01
<MEAN> 6
 7.938105e+01 -6.918823e+02 1.409380e+03 -3.609344e+00 -3.358135e+00 9.686550e+01
<VARIANCE> 6
 7.110397e+01 1.267525e+05 2.444877e+06 3.028640e+02 4.053393e+04 5.195771e+07
<GCONST> 7.584002e+01
<MIXTURE> 3 2.327576e-01
<MEAN> 6
 8.033091e+01 -1.010424e+03 1.107139e+02 -3.896681e+00 -2.606586e+00 1.270127e+02
<VARIANCE> 6
 3.185140e+01 2.404371e+05 8.627107e+05 3.028640e+02 4.053393e+04 5.195771e+07
<GCONST> 7.463551e+01
<MIXTURE> 4 2.789438e-01
<MEAN> 6
 8.668625e+01 -3.380229e+02 -6.954249e+02 -4.518024e+00 -9.353279e+00 6.026428e+01
<VARIANCE> 6
 6.251698e+01 1.082135e+05 6.668987e+05 3.028640e+02 4.053393e+04 5.195771e+07
<GCONST> 7.425407e+01
<STATE> 12
<NUMMIXES> 4
<MIXTURE> 1 3.343390e-01
<MEAN> 6
 7.053715e+01 3.421385e+02 1.918278e+02 -1.027008e+00 -8.845746e+00 -8.023626e+01
<VARIANCE> 6
 3.185140e+01 1.087668e+05 4.415429e+04 3.028640e+02 4.053393e+04 5.195771e+07
<GCONST> 7.086987e+01
<MIXTURE> 2 2.959071e-01
<MEAN> 6
 6.810057e+01 -5.454028e+02 2.710079e+00 -1.038311e+00 -6.257724e+00 -1.778559e+01
<VARIANCE> 6
 3.185140e+01 5.719166e+05 5.771162e+04 3.028640e+02 4.053393e+04 5.195771e+07
<GCONST> 7.279742e+01
<MIXTURE> 3 1.808262e-01
<MEAN> 6
 6.405704e+01 4.868724e+02 9.769203e+01 1.652269e-01 3.029915e+00 -5.079907e+01
<VARIANCE> 6
 5.834327e+01 8.805857e+04 1.398304e+04 3.028640e+02 4.053393e+04 5.195771e+07
<GCONST> 7.011408e+01
<MIXTURE> 4 1.889073e-01
<MEAN> 6
 6.214278e+01 4.410226e+02 6.264471e+01 -6.637166e-01 -8.927502e+00 -1.788533e+02
<VARIANCE> 6
 5.141076e+01 1.092712e+05 1.398304e+04 3.028640e+02 4.053393e+04 5.195771e+07
<GCONST> 7.020341e+01
<STATE> 13
<NUMMIXES> 4
<MIXTURE> 1 3.191277e-01
<MEAN> 6
 6.101007e+01 2.379298e+03 7.671071e+02 5.278726e-01 1.806675e+00 -7.495573e+01
<VARIANCE> 6
 3.185140e+01 2.397007e+05 2.584699e+05 3.028640e+02 4.053393e+04 5.195771e+07
<GCONST> 7.342714e+01
<MIXTURE> 2 3.048622e-01
<MEAN> 6
 6.556306e+01 1.060234e+01 9.058147e+01 -8.360689e+01 -8.136934e+02 -3.975110e+03
<VARIANCE> 6
 7.894534e+01 4.393594e+05 5.109336e+04 2.247633e+03 1.318421e+05 5.796632e+07
<GCONST> 7.661286e+01
<MIXTURE> 3 1.821112e-01
<MEAN> 6
 3.554391e+01 4.139732e+02 1.121275e+02 -2.404813e+02 -6.909988e+02 7.595545e+03
<VARIANCE> 6
 2.936481e+02 2.822226e+05 2.805854e+04 3.957515e+03 5.069436e+05 1.605419e+08
<GCONST> 7.981573e+01
<MIXTURE> 4 1.938953e-01
<MEAN> 6
 3.141269e+01 2.559201e+02 3.758924e+01 -2.603629e+02 -8.304280e+02 5.946303e+03
<VARIANCE> 6
 3.261334e+02 2.777924e+05 2.614551e+04 4.664958e+03 5.155241e+05 1.999875e+08
<GCONST> 8.023517e+01
<STATE> 14
<NUMMIXES> 4
<MIXTURE> 1 2.741350e-01
<MEAN> 6
 4.227909e+01 3.619576e+00 4.858915e+01 4.847192e+01 -1.099963e+02 1.969510e+02
<VARIANCE> 6
 1.245617e+03 2.388950e+05 7.968810e+04 1.153452e+04 8.147748e+04 5.195771e+07
<GCONST> 8.025143e+01
<MIXTURE> 2 3.051682e-01
<MEAN> 6
 -2.578912e+01 1.492947e+01 4.160835e+00 -2.093078e+01 5.211367e+02 2.547855e+02
<VARIANCE> 6
 5.944988e+02 6.858847e+04 4.856479e+04 2.271068e+04 2.924718e+05 1.295125e+08
<GCONST> 8.063751e+01
<MIXTURE> 3 1.487654e-01
<MEAN> 6
 4.223516e+01 -1.216827e+02 2.992596e+01 -5.737127e+01 -4.381824e+02 1.046241e+03
<VARIANCE> 6
 1.868197e+03 5.394834e+05 5.332201e+04 1.996872e+04 6.672225e+05 1.847855e+08
<GCONST> 8.498997e+01
<MIXTURE> 4 2.716115e-01
<MEAN> 6
 3.796307e+01 -1.624806e+02 -5.177455e+01 1.641782e+01 -1.834180e+02 -1.052920e+03
<VARIANCE> 6
 1.456903e+03 2.319147e+05 8.174848e+04 1.364421e+04 9.627278e+04 5.195771e+07
<GCONST> 8.073881e+01
<TRANSP> 15
 0.000000e+00 1.000000e+00 0.000000e+00 0.000000e+00 0.000000e+00 0.000000e+00 0.000000e+00 0.000000e+00 0.000000e+00 0.000000e+00 0.000000e+00 0.000000e+00 0.000000e+00 0.000000e+00 0.000000e+00
 0.000000e+00 9.989319e-01 1.068056e-03 0.000000e+00 0.000000e+00 0.000000e+00 0.000000e+00 0.000000e+00 0.000000e+00 0.000000e+00 0.000000e+00 0.000000e+00 0.000000e+00 0.000000e+00 0.000000e+00
 0.000000e+00 0.000000e+00 9.993750e-01 6.249874e-04 0.000000e+00 0.000000e+00 0.000000e+00 0.000000e+00 0.000000e+00 0.000000e+00 0.000000e+00 0.000000e+00 0.000000e+00 0.000000e+00 0.000000e+00
 0.000000e+00 0.000000e+00 0.000000e+00 9.993711e-01 6.289065e-04 0.000000e+00 0.000000e+00 0.000000e+00 0.000000e+00 0.000000e+00 0.000000e+00 0.000000e+00 0.000000e+00 0.000000e+00 0.000000e+00
 0.000000e+00 0.000000e+00 0.000000e+00 0.000000e+00 9.992222e-01 7.778025e-04 0.000000e+00 0.000000e+00 0.000000e+00 0.000000e+00 0.000000e+00 0.000000e+00 0.000000e+00 0.000000e+00 0.000000e+00
 0.000000e+00 0.000000e+00 0.000000e+00 0.000000e+00 0.000000e+00 9.999164e-01 8.362273e-05 0.000000e+00 0.000000e+00 0.000000e+00 0.000000e+00 0.000000e+00 0.000000e+00 0.000000e+00 0.000000e+00
 0.000000e+00 0.000000e+00 0.000000e+00 0.000000e+00 0.000000e+00 0.000000e+00 9.988025e-01 1.197533e-03 0.000000e+00 0.000000e+00 0.000000e+00 0.000000e+00 0.000000e+00 0.000000e+00 0.000000e+00
 0.000000e+00 0.000000e+00 0.000000e+00 0.000000e+00 0.000000e+00 0.000000e+00 0.000000e+00 9.974710e-01 2.529073e-03 0.000000e+00 0.000000e+00 0.000000e+00 0.000000e+00 0.000000e+00 0.000000e+00
 0.000000e+00 0.000000e+00 0.000000e+00 0.000000e+00 0.000000e+00 0.000000e+00 0.000000e+00 0.000000e+00 9.957499e-01 4.250118e-03 0.000000e+00 0.000000e+00 0.000000e+00 0.000000e+00 0.000000e+00
 0.000000e+00 0.000000e+00 0.000000e+00 0.000000e+00 0.000000e+00 0.000000e+00 0.000000e+00 0.000000e+00 0.000000e+00 9.981952e-01 1.804855e-03 0.000000e+00 0.000000e+00 0.000000e+00 0.000000e+00
 0.000000e+00 0.000000e+00 0.000000e+00 0.000000e+00 0.000000e+00 0.000000e+00 0.000000e+00 0.000000e+00 0.000000e+00 0.000000e+00 9.985423e-01 1.457654e-03 0.000000e+00 0.000000e+00 0.000000e+00
 0.000000e+00 0.000000e+00 0.000000e+00 0.000000e+00 0.000000e+00 0.000000e+00 0.000000e+00 0.000000e+00 0.000000e+00 0.000000e+00 0.000000e+00 9.988156e-01 1.184383e-03 0.000000e+00 0.000000e+00
 0.000000e+00 0.000000e+00 0.000000e+00 0.000000e+00 0.000000e+00 0.000000e+00 0.000000e+00 0.000000e+00 0.000000e+00 0.000000e+00 0.000000e+00 0.000000e+00 9.929734e-01 7.026589e-03 0.000000e+00
 0.000000e+00 0.000000e+00 0.000000e+00 0.000000e+00 0.000000e+00 0.000000e+00 0.000000e+00 0.000000e+00 0.000000e+00 0.000000e+00 0.000000e+00 0.000000e+00 0.000000e+00 9.998283e-01 1.716873e-04
 0.000000e+00 0.000000e+00 0.000000e+00 0.000000e+00 0.000000e+00 0.000000e+00 0.000000e+00 0.000000e+00 0.000000e+00 0.000000e+00 0.000000e+00 0.000000e+00 0.000000e+00 0.000000e+00 0.000000e+00
<ENDHMM>
~h "QuintoPRIMARIA"
<BEGINHMM>
<NUMSTATES> 15
<STATE> 2
<NUMMIXES> 4
<MIXTURE> 1 3.594012e-01
<MEAN> 6
 1.526177e+01 -3.797460e+01 1.358451e+01 3.484849e+01 1.707903e+02 -4.800848e+02
<VARIANCE> 6
 3.583795e+03 1.377868e+05 1.674294e+05 1.077761e+04 1.811287e+05 5.195771e+07
<GCONST> 8.223135e+01
<MIXTURE> 2 2.191469e-01
<MEAN> 6
 1.691710e+01 -7.395084e+01 -1.261692e+02 -5.801444e+01 1.236834e+02 1.902312e+03
<VARIANCE> 6
 3.580444e+03 6.719205e+05 4.670130e+06 4.757743e+04 2.024813e+06 6.437361e+08
<GCONST> 9.355900e+01
<MIXTURE> 3 2.133516e-01
<MEAN> 6
 4.342175e+01 5.661560e+01 2.509959e+01 1.845181e+01 -1.219852e+02 6.748666e+02
<VARIANCE> 6
 2.051950e+03 1.211105e+05 5.772011e+04 2.877967e+04 4.597334e+05 6.463859e+07
<GCONST> 8.261178e+01
<MIXTURE> 4 2.073267e-01
<MEAN> 6
 3.759929e+01 -6.873238e+01 -5.552434e+01 -3.390851e+01 -2.583603e+02 -1.770593e+03
<VARIANCE> 6
 2.160748e+03 1.250571e+05 6.158302e+04 3.149953e+04 5.080502e+05 7.144250e+07
<GCONST> 8.305061e+01
<STATE> 3
<NUMMIXES> 4
<MIXTURE> 1 1.953425e-01
<MEAN> 6
 1.873384e+01 2.988608e+01 7.247449e+01 2.257518e+02 1.607970e+02 -1.497097e+03
<VARIANCE> 6
 1.036526e+03 1.195195e+05 1.311039e+05 3.167903e+03 2.464854e+05 5.481525e+07
<GCONST> 7.974123e+01
<MIXTURE> 2 3.243792e-01
<MEAN> 6
 8.043682e+01 1.177111e+02 -5.144321e+01 1.415829e+02 -9.341727e+02 -2.707904e+03
<VARIANCE> 6
 3.433479e+02 1.339565e+05 1.144566e+05 8.509761e+03 5.082181e+05 2.606708e+08
<GCONST> 8.188564e+01
<MIXTURE> 3 2.726631e-01
<MEAN> 6
 2.710176e+01 -1.147517e+02 -1.513737e+02 2.298468e+02 -1.667645e+02 -3.523258e+03
<VARIANCE> 6
 8.966858e+02 6.186196e+05 7.045714e+05 6.053971e+03 2.220667e+05 5.437402e+07
<GCONST> 8.345715e+01
<MIXTURE> 4 2.076080e-01
<MEAN> 6
 1.142755e+01 -1.260571e+02 -1.006200e+02 2.088412e+02 9.033441e+01 -3.654415e+03
<VARIANCE> 6
 9.959839e+02 1.237063e+05 1.382494e+05 3.505359e+03 2.337607e+05 5.195771e+07
<GCONST> 7.978352e+01
<STATE> 4
<NUMMIXES> 4
<MIXTURE> 1 3.421185e-01
<MEAN> 6
 9.935192e+01 8.863335e+02 1.621674e+02 -3.511363e+00 -3.367702e+00 1.631888e+02
<VARIANCE> 6
 3.185140e+01 3.085325e+04 2.015085e+04 3.028640e+02 4.053393e+04 5.195771e+07
<GCONST> 6.882546e+01
<MIXTURE> 2 3.621308e-02
<MEAN> 6
 1.005194e+02 6.634837e+02 -2.859880e+02 -3.872046e+00 -1.731540e+02 4.145420e+03
<VARIANCE> 6
 1.567755e+02 1.233133e+06 1.661977e+06 1.450449e+03 2.270999e+05 8.424604e+07
<GCONST> 8.229269e+01
<MIXTURE> 3 3.133791e-01
<MEAN> 6
 9.893784e+01 1.808777e+02 8.568475e+00 -6.369541e+00 9.739555e+00 3.253478e+02
<VARIANCE> 6
 3.185140e+01 1.695195e+05 7.440849e+04 3.028640e+02 4.053393e+04 5.195771e+07
<GCONST> 7.183551e+01
<MIXTURE> 4 3.082892e-01
<MEAN> 6
 9.807677e+01 7.229942e+01 -9.133199e+01 -7.216170e+00 -1.560143e+01 1.692600e+02
<VARIANCE> 6
 3.185140e+01 1.593895e+05 6.485333e+04 3.028640e+02 4.053393e+04 5.195771e+07
<GCONST> 7.163645e+01
<STATE> 5
<NUMMIXES> 4
<MIXTURE> 1 1.752920e-01
<MEAN> 6
 9.133505e+01 9.385104e+01 -7.621737e+01 -2.627953e+01 -1.179162e+02 8.556123e+03
<VARIANCE> 6
 7.190751e+01 5.735537e+05 2.669842e+05 1.128882e+03 6.770618e+05 5.649991e+08
<GCONST> 8.166403e+01
<MIXTURE> 2 3.264102e-01
<MEAN> 6
 5.922702e+01 5.482504e+02 -1.030449e+03 1.666857e+01 -4.833989e+02 3.008888e+03
<VARIANCE> 6
 1.690709e+03 5.429436e+06 4.850888e+06 2.205810e+04 2.043446e+06 6.886043e+08
<GCONST> 9.424394e+01
<MIXTURE> 3 2.463900e-01
<MEAN> 6
 8.242691e+01 -1.012883e+03 -1.404297e+03 1.117235e+01 -4.319784e+01 7.258838e+01
<VARIANCE> 6
 1.038885e+02 4.028272e+05 6.917712e+05 6.128979e+02 4.053393e+04 5.195771e+07
<GCONST> 7.681789e+01
<MIXTURE> 4 2.519017e-01
<MEAN> 6
 8.106886e+01 -1.120344e+03 -1.451566e+03 9.644783e+00 -6.003363e+01 -2.865848e+02
<VARIANCE> 6
 9.977217e+01 3.677559e+05 7.149482e+05 5.468411e+02 4.053393e+04 5.195771e+07
<GCONST> 7.660529e+01
<STATE> 6
<NUMMIXES> 4
<MIXTURE> 1 3.086223e-01
<MEAN> 6
 7.344476e+01 8.099229e+02 1.037687e+03 -1.285786e+00 -2.806133e+00 -3.973315e+01
<VARIANCE> 6
 3.185140e+01 9.823692e+05 1.035414e+05 3.028640e+02 4.053393e+04 5.195771e+07
<GCONST> 7.392291e+01
<MIXTURE> 2 3.134794e-01
<MEAN> 6
 6.509380e+01 1.730312e+03 -6.409355e+02 -4.985331e-01 -2.604605e+00 -3.767286e+01
<VARIANCE> 6
 3.185140e+01 1.654651e+06 7.849544e+04 3.028640e+02 4.053393e+04 5.195771e+07
<GCONST> 7.416736e+01
<MIXTURE> 3 1.900495e-01
<MEAN> 6
 5.934959e+01 -8.102070e+02 -2.548557e+03 1.148881e+00 1.443890e+00 -6.963501e+01
<VARIANCE> 6
 3.185140e+01 1.119542e+07 5.365836e+05 3.028640e+02 4.053393e+04 5.195771e+07
<GCONST> 7.800146e+01
<MIXTURE> 4 1.878081e-01
<MEAN> 6
 5.865838e+01 -2.116439e+03 -2.623538e+03 8.554125e-02 -6.536057e+00 -8.208838e+01
<VARIANCE> 6
 3.185140e+01 2.497284e+07 5.568733e+05 3.028640e+02 4.053393e+04 5.195771e+07
<GCONST> 7.884086e+01
<STATE> 7
<NUMMIXES> 4
<MIXTURE> 1 2.568590e-01
<MEAN> 6
 8.220498e+01 7.493140e+02 -2.544508e+02 -3.368635e+00 -3.165968e+00 -2.701686e+01
<VARIANCE> 6
 3.185140e+01 8.468454e+05 2.542875e+04 3.028640e+02 4.053393e+04 5.195771e+07
<GCONST> 7.237038e+01
<MIXTURE> 2 2.627643e-01
<MEAN> 6
 7.667767e+01 -6.460929e+02 -1.367043e+00 -1.870857e+00 6.112206e+00 3.318408e+01
<VARIANCE> 6
 3.185140e+01 1.546332e+05 4.590309e+04 3.028640e+02 4.053393e+04 5.195771e+07
<GCONST> 7.126056e+01
<MIXTURE> 3 2.096713e-01
<MEAN> 6
 7.743176e+01 -5.804569e+02 -3.162170e+00 -2.493270e+00 -1.184019e+00 -3.905515e+01
<VARIANCE> 6
 3.185140e+01 1.998718e+05 4.110000e+04 3.028640e+02 4.053393e+04 5.195771e+07
<GCONST> 7.140666e+01
<MIXTURE> 4 2.706926e-01
<MEAN> 6
 7.439725e+01 -8.445781e+02 -1.067724e+02 -1.308496e+00 -1.003436e+01 -9.174487e+01
<VARIANCE> 6
 3.185140e+01 1.606491e+05 5.578527e+04 3.028640e+02 4.053393e+04 5.195771e+07
<GCONST> 7.149371e+01
<STATE> 8
<NUMMIXES> 4
<MIXTURE> 1 1.759814e-01
<MEAN> 6
 8.528695e+01 4.596452e+01 5.167552e+01 -2.619029e+00 1.044577e+01 5.129187e+01
<VARIANCE> 6
 3.185140e+01 1.581237e+04 1.522717e+04 3.028640e+02 4.053393e+04 5.195771e+07
<GCONST> 6.787685e+01
<MIXTURE> 2 2.861524e-01
<MEAN> 6
 8.547852e+01 -2.309694e+02 -3.733311e+02 -1.942265e+00 -5.479820e-01 3.284007e+01
<VARIANCE> 6
 3.185140e+01 1.972706e+04 1.049891e+05 3.028640e+02 4.053393e+04 5.195771e+07
<GCONST> 7.002882e+01
<MIXTURE> 3 3.631209e-01
<MEAN> 6
 8.466211e+01 -3.032792e+01 -6.835743e+01 -2.036186e+00 2.728810e+00 -1.811916e+01
<VARIANCE> 6
 3.185140e+01 3.938577e+04 3.189655e+04 3.028640e+02 4.053393e+04 5.195771e+07
<GCONST> 6.952888e+01
<MIXTURE> 4 1.747440e-01
<MEAN> 6
 8.390063e+01 4.846408e+00 2.045085e+00 -3.343649e+00 1.035683e+00 -1.957166e+01
<VARIANCE> 6
 3.185140e+01 1.637320e+04 1.877732e+04 3.028640e+02 4.053393e+04 5.195771e+07
<GCONST> 6.812127e+01
<STATE> 9
<NUMMIXES> 4
<MIXTURE> 1 8.069330e-02
<MEAN> 6
 8.639415e+01 5.217719e+02 -9.977790e+02 -4.519279e-01 -5.974782e+00 -1.153896e+02
<VARIANCE> 6
 3.185140e+01 1.907730e+04 2.158971e+05 3.028640e+02 4.053393e+04 5.195771e+07
<GCONST> 7.071628e+01
<MIXTURE> 2 3.224913e-01
<MEAN> 6
 7.319515e+01 3.428712e+01 -9.979610e+02 -2.035501e-01 -5.996704e-02 -3.315662e+01
<VARIANCE> 6
 3.185140e+01 1.255460e+06 1.804783e+05 3.028640e+02 4.053393e+04 5.195771e+07
<GCONST> 7.472385e+01
<MIXTURE> 3 2.570046e-01
<MEAN> 6
 8.644389e+01 4.318734e+02 -8.402019e+02 -1.648798e+00 -1.939445e+00 -3.890775e+01
<VARIANCE> 6
 3.185140e+01 3.392986e+04 5.240834e+05 3.028640e+02 4.053393e+04 5.195771e+07
<GCONST> 7.217892e+01
<MIXTURE> 4 3.398081e-01
<MEAN> 6
 7.123395e+01 -4.178549e+02 -1.179268e+03 -7.506256e-01 -8.964207e+00 -9.309290e+01
<VARIANCE> 6
 3.185140e+01 8.928904e+05 2.025743e+05 3.028640e+02 4.053393e+04 5.195771e+07
<GCONST> 7.449854e+01
<STATE> 10
<NUMMIXES> 4
<MIXTURE> 1 1.723365e-01
<MEAN> 6
 7.090596e+01 1.296975e+02 4.224864e+02 -2.516434e+00 6.589531e+00 6.101685e+01
<VARIANCE> 6
 3.185140e+01 5.011330e+04 5.516783e+04 3.028640e+02 4.053393e+04 5.195771e+07
<GCONST> 7.031764e+01
<MIXTURE> 2 3.304749e-01
<MEAN> 6
 6.389029e+01 4.503915e+01 -3.347909e+02 -1.299439e+00 -4.250501e+00 -9.472840e+00
<VARIANCE> 6
 3.185140e+01 2.188789e+04 3.237465e+04 3.028640e+02 4.053393e+04 5.195771e+07
<GCONST> 6.895628e+01
<MIXTURE> 3 3.299536e-01
<MEAN> 6
 6.009862e+01 -1.061240e+02 -2.479686e+02 -6.909519e-01 -2.005540e+00 -5.796210e+01
<VARIANCE> 6
 3.185140e+01 2.050748e+04 6.633432e+04 3.028640e+02 4.053393e+04 5.195771e+07
<GCONST> 6.960847e+01
<MIXTURE> 4 1.672030e-01
<MEAN> 6
 6.911762e+01 7.930429e+01 3.407805e+02 -2.578107e+00 -7.092361e+00 -1.334744e+02
<VARIANCE> 6
 4.260666e+01 5.196670e+04 5.633129e+04 3.028640e+02 4.053393e+04 5.195771e+07
<GCONST> 7.066576e+01
<STATE> 11
<NUMMIXES> 4
<MIXTURE> 1 3.451959e-01
<MEAN> 6
 9.583559e+01 5.985915e+02 2.295752e+03 -1.090373e+00 -6.097933e+00 -2.106000e+02
<VARIANCE> 6
 3.185140e+01 1.537659e+05 5.937644e+05 3.028640e+02 4.053393e+04 5.195771e+07
<GCONST> 7.381489e+01
<MIXTURE> 2 1.983190e-01
<MEAN> 6
 8.811617e+01 3.279410e+01 3.164648e+03 -5.834050e+00 1.601892e+01 1.024313e+02
<VARIANCE> 6
 2.370342e+02 5.589460e+04 2.744614e+05 3.028640e+02 4.053393e+04 5.195771e+07
<GCONST> 7.403838e+01
<MIXTURE> 3 2.276056e-01
<MEAN> 6
 8.260699e+01 -4.859643e+02 1.931558e+03 -1.165622e+00 -7.211266e-01 -1.659241e+01
<VARIANCE> 6
 3.185140e+01 2.310263e+04 3.269491e+05 3.028640e+02 4.053393e+04 5.195771e+07
<GCONST> 7.132272e+01
<MIXTURE> 4 2.288575e-01
<MEAN> 6
 8.247119e+01 -5.764241e+02 1.674804e+03 -1.270015e+00 -8.135792e+00 -1.391617e+02
<VARIANCE> 6
 3.185140e+01 2.498646e+04 2.230660e+05 3.028640e+02 4.053393e+04 5.195771e+07
<GCONST> 7.101878e+01
<STATE> 12
<NUMMIXES> 4
<MIXTURE> 1 6.453029e-01
<MEAN> 6
 5.967484e+01 4.646600e+02 1.971295e+03 -6.352166e-01 -1.085213e+00 -1.060254e+02
<VARIANCE> 6
 1.658560e+02 3.226583e+04 1.546885e+05 3.028640e+02 4.053393e+04 5.195771e+07
<GCONST> 7.255843e+01
<MIXTURE> 2 3.544211e-01
<MEAN> 6
 5.358986e+01 3.838831e+02 1.833969e+03 -1.726914e+00 -3.138154e+01 -4.548337e+02
<VARIANCE> 6
 1.274849e+02 4.113991e+04 2.976659e+05 3.028640e+02 4.053393e+04 5.195771e+07
<GCONST> 7.319284e+01
<MIXTURE> 3 1.434270e-04
<MEAN> 6
 7.471272e+01 -2.882726e+02 -1.051911e+02 -7.890143e-01 4.724797e+01 3.165737e+02
<VARIANCE> 6
 3.185140e+01 1.339060e+04 3.644005e+04 3.028640e+02 4.053393e+04 5.195771e+07
<GCONST> 6.858319e+01
<MIXTURE> 4 1.336441e-04
<MEAN> 6
 7.309518e+01 -3.248641e+02 -1.796216e+02 -1.681652e+00 1.712080e+01 -4.191218e+02
<VARIANCE> 6
 3.185140e+01 1.077876e+04 3.373993e+04 3.028640e+02 4.053393e+04 5.195771e+07
<GCONST> 6.828923e+01
<STATE> 13
<NUMMIXES> 4
<MIXTURE> 1 2.055390e-01
<MEAN> 6
 6.236359e+01 3.848235e+02 -5.667657e+02 -1.033196e+02 -7.266458e+02 -3.306876e+03
<VARIANCE> 6
 1.475138e+02 2.080673e+05 3.390787e+06 3.192348e+03 7.330200e+04 5.195771e+07
<GCONST> 8.034017e+01
<MIXTURE> 2 1.726278e-01
<MEAN> 6
 6.740741e+01 2.874391e+02 -5.645490e+01 -7.324046e+01 -1.142793e+03 -1.376126e+04
<VARIANCE> 6
 6.907520e+01 1.561295e+06 3.569485e+05 1.516837e+03 3.233928e+05 1.182434e+08
<GCONST> 8.090810e+01
<MIXTURE> 3 3.126852e-01
<MEAN> 6
 3.995940e+01 5.385172e+02 1.420032e+02 -2.585057e+02 -1.167722e+03 5.923485e+03
<VARIANCE> 6
 5.586549e+02 2.141142e+06 2.506302e+06 9.185530e+03 6.768620e+05 2.521883e+08
<GCONST> 8.856026e+01
<MIXTURE> 4 3.091455e-01
<MEAN> 6
 2.772350e+01 -3.921043e+01 -6.416483e+02 -3.116547e+02 -1.330161e+03 3.273736e+03
<VARIANCE> 6
 4.748327e+02 2.056681e+06 2.015451e+06 1.022775e+04 6.915031e+05 2.511122e+08
<GCONST> 8.826408e+01
<STATE> 14
<NUMMIXES> 4
<MIXTURE> 1 3.065074e-01
<MEAN> 6
 4.583269e+01 2.078995e+02 3.639844e+02 3.588129e+01 -2.444037e+01 3.446271e+02
<VARIANCE> 6
 3.106710e+03 8.701735e+05 2.019058e+06 1.174148e+04 1.399718e+05 5.195771e+07
<GCONST> 8.624919e+01
<MIXTURE> 2 2.316958e-02
<MEAN> 6
 2.339567e+00 1.303961e+02 5.527912e+01 -3.099182e+01 -9.801160e+01 4.589466e+03
<VARIANCE> 6
 1.083597e+04 3.248187e+05 6.575298e+05 1.495550e+06 8.105553e+08 1.191155e+12
<GCONST> 1.089423e+02
<MIXTURE> 3 3.606865e-01
<MEAN> 6
 4.974782e+00 -5.429369e+01 1.880779e+01 -2.385405e+01 1.592388e+02 3.428027e+02
<VARIANCE> 6
 3.460199e+03 1.170114e+06 9.179618e+05 4.686313e+04 1.508173e+06 4.462872e+08
<GCONST> 9.177673e+01
<MIXTURE> 4 3.096051e-01
<MEAN> 6
 3.544864e+01 -6.825719e+01 -1.071931e+02 4.509818e+00 -1.062337e+02 -1.006412e+03
<VARIANCE> 6
 3.651634e+03 7.301710e+05 1.863049e+06 1.359406e+04 1.613280e+05 5.195771e+07
<GCONST> 8.644348e+01
<TRANSP> 15
 0.000000e+00 1.000000e+00 0.000000e+00 0.000000e+00 0.000000e+00 0.000000e+00 0.000000e+00 0.000000e+00 0.000000e+00 0.000000e+00 0.000000e+00 0.000000e+00 0.000000e+00 0.000000e+00 0.000000e+00
 0.000000e+00 9.999167e-01 8.330710e-05 0.000000e+00 0.000000e+00 0.000000e+00 0.000000e+00 0.000000e+00 0.000000e+00 0.000000e+00 0.000000e+00 0.000000e+00 0.000000e+00 0.000000e+00 0.000000e+00
 0.000000e+00 0.000000e+00 9.961271e-01 3.872927e-03 0.000000e+00 0.000000e+00 0.000000e+00 0.000000e+00 0.000000e+00 0.000000e+00 0.000000e+00 0.000000e+00 0.000000e+00 0.000000e+00 0.000000e+00
 0.000000e+00 0.000000e+00 0.000000e+00 9.967168e-01 3.283209e-03 0.000000e+00 0.000000e+00 0.000000e+00 0.000000e+00 0.000000e+00 0.000000e+00 0.000000e+00 0.000000e+00 0.000000e+00 0.000000e+00
 0.000000e+00 0.000000e+00 0.000000e+00 0.000000e+00 9.934200e-01 6.580002e-03 0.000000e+00 0.000000e+00 0.000000e+00 0.000000e+00 0.000000e+00 0.000000e+00 0.000000e+00 0.000000e+00 0.000000e+00
 0.000000e+00 0.000000e+00 0.000000e+00 0.000000e+00 0.000000e+00 9.986427e-01 1.357255e-03 0.000000e+00 0.000000e+00 0.000000e+00 0.000000e+00 0.000000e+00 0.000000e+00 0.000000e+00 0.000000e+00
 0.000000e+00 0.000000e+00 0.000000e+00 0.000000e+00 0.000000e+00 0.000000e+00 9.984273e-01 1.572751e-03 0.000000e+00 0.000000e+00 0.000000e+00 0.000000e+00 0.000000e+00 0.000000e+00 0.000000e+00
 0.000000e+00 0.000000e+00 0.000000e+00 0.000000e+00 0.000000e+00 0.000000e+00 0.000000e+00 9.984716e-01 1.528405e-03 0.000000e+00 0.000000e+00 0.000000e+00 0.000000e+00 0.000000e+00 0.000000e+00
 0.000000e+00 0.000000e+00 0.000000e+00 0.000000e+00 0.000000e+00 0.000000e+00 0.000000e+00 0.000000e+00 9.980029e-01 1.997102e-03 0.000000e+00 0.000000e+00 0.000000e+00 0.000000e+00 0.000000e+00
 0.000000e+00 0.000000e+00 0.000000e+00 0.000000e+00 0.000000e+00 0.000000e+00 0.000000e+00 0.000000e+00 0.000000e+00 9.986703e-01 1.329734e-03 0.000000e+00 0.000000e+00 0.000000e+00 0.000000e+00
 0.000000e+00 0.000000e+00 0.000000e+00 0.000000e+00 0.000000e+00 0.000000e+00 0.000000e+00 0.000000e+00 0.000000e+00 0.000000e+00 9.968951e-01 3.104953e-03 0.000000e+00 0.000000e+00 0.000000e+00
 0.000000e+00 0.000000e+00 0.000000e+00 0.000000e+00 0.000000e+00 0.000000e+00 0.000000e+00 0.000000e+00 0.000000e+00 0.000000e+00 0.000000e+00 9.896415e-01 1.035854e-02 0.000000e+00 0.000000e+00
 0.000000e+00 0.000000e+00 0.000000e+00 0.000000e+00 0.000000e+00 0.000000e+00 0.000000e+00 0.000000e+00 0.000000e+00 0.000000e+00 0.000000e+00 0.000000e+00 9.928743e-01 7.125695e-03 0.000000e+00
 0.000000e+00 0.000000e+00 0.000000e+00 0.000000e+00 0.000000e+00 0.000000e+00 0.000000e+00 0.000000e+00 0.000000e+00 0.000000e+00 0.000000e+00 0.000000e+00 0.000000e+00 9.999119e-01 8.812176e-05
 0.000000e+00 0.000000e+00 0.000000e+00 0.000000e+00 0.000000e+00 0.000000e+00 0.000000e+00 0.000000e+00 0.000000e+00 0.000000e+00 0.000000e+00 0.000000e+00 0.000000e+00 0.000000e+00 0.000000e+00
<ENDHMM>
