~o
<STREAMINFO> 1 6
<VECSIZE> 6<NULLD><USER><DIAGC>
~h "SegundoPRIMARIA"
<BEGINHMM>
<NUMSTATES> 3
<STATE> 2
<NUMMIXES> 8
<MIXTURE> 1 4.591687e-03
<MEAN> 6
 2.824162e+01 -3.150333e+02 -3.572590e+00 5.229945e+01 -1.100751e+03 -7.136202e+02
<VARIANCE> 6
 9.389337e+03 7.762745e+05 9.000782e+05 1.161732e+06 6.264165e+08 9.050084e+11
<GCONST> 1.091992e+02
<MIXTURE> 2 8.905602e-02
<MEAN> 6
 8.892439e+01 -9.894924e+01 2.274344e+02 -3.467600e+00 -1.703426e+01 -1.723344e+02
<VARIANCE> 6
 4.524182e+02 6.005994e+06 1.934706e+06 2.993205e+02 3.994559e+04 5.111338e+07
<GCONST> 8.127195e+01
<MIXTURE> 3 9.591076e-02
<MEAN> 6
 2.412919e+01 2.809579e+01 -8.780466e+01 -6.740853e+01 9.500741e+01 3.919476e+03
<VARIANCE> 6
 4.808399e+03 3.080370e+06 1.812991e+06 6.166016e+04 3.651918e+06 1.679966e+09
<GCONST> 9.623862e+01
<MIXTURE> 4 1.331092e-01
<MEAN> 6
 -3.262592e+01 1.654718e+01 2.808272e+01 1.943449e+01 9.164855e+02 -1.756370e+03
<VARIANCE> 6
 4.853879e+02 2.027385e+05 6.992714e+04 4.529250e+04 5.424831e+05 1.971270e+08
<GCONST> 8.361126e+01
<MIXTURE> 5 1.748744e-01
<MEAN> 6
 5.303649e+01 2.333664e+01 2.494490e+01 5.161725e+01 -3.139729e+02 -9.641660e+02
<VARIANCE> 6
 1.181831e+03 2.866928e+05 2.476493e+05 4.343449e+04 2.268062e+05 5.400566e+07
<GCONST> 8.390347e+01
<MIXTURE> 6 2.367972e-01
<MEAN> 6
 8.269987e+01 1.802890e+01 -5.247000e+01 -1.988423e+00 -1.999329e+01 -1.621184e+02
<VARIANCE> 6
 2.888170e+02 3.080668e+05 2.426328e+05 2.993205e+02 3.994559e+04 5.111338e+07
<GCONST> 7.577678e+01
<MIXTURE> 7 1.406588e-01
<MEAN> 6
 7.199749e+01 -3.711536e+01 3.862133e+01 -5.059303e+01 -8.512957e+02 4.765311e+02
<VARIANCE> 6
 1.180649e+03 1.390921e+05 9.079472e+04 5.130845e+04 9.518021e+05 4.472225e+08
<GCONST> 8.589062e+01
<MIXTURE> 8 1.229674e-01
<MEAN> 6
 -5.290585e+01 1.792482e+01 -1.049439e+02 2.239138e+01 4.501315e+02 1.153731e+02
<VARIANCE> 6
 3.580276e+02 2.427505e+05 3.957515e+05 7.432702e+03 2.007382e+05 5.659460e+07
<GCONST> 8.117103e+01
<TRANSP> 3
 0.000000e+00 1.000000e+00 0.000000e+00
 0.000000e+00 9.999632e-01 3.683463e-05
 0.000000e+00 0.000000e+00 0.000000e+00
<ENDHMM>
~h "SegundoESO"
<BEGINHMM>
<NUMSTATES> 3
<STATE> 2
<NUMMIXES> 8
<MIXTURE> 1 1.061719e-01
<MEAN> 6
 8.006505e+01 -3.656587e+02 -5.978985e+02 -3.049617e+00 -2.318671e+01 -1.939788e+01
<VARIANCE> 6
 1.823211e+02 8.641660e+06 1.311801e+07 2.993205e+02 3.994559e+04 5.111338e+07
<GCONST> 8.264098e+01
<MIXTURE> 2 1.658108e-01
<MEAN> 6
 -4.708554e+01 1.312837e+02 1.081494e+02 1.881450e+01 7.121837e+02 -5.026146e+02
<VARIANCE> 6
 2.249371e+02 5.037271e+05 5.252628e+05 1.394576e+04 2.907365e+05 7.859513e+07
<GCONST> 8.304745e+01
<MIXTURE> 3 1.213873e-01
<MEAN> 6
 1.561327e+01 2.573959e+02 3.141011e+02 -4.112041e+01 -4.845052e+00 1.876315e+03
<VARIANCE> 6
 2.939209e+03 7.564278e+06 5.650544e+06 4.561739e+04 1.397296e+06 4.356254e+08
<GCONST> 9.516975e+01
<MIXTURE> 4 1.093291e-01
<MEAN> 6
 7.626900e+01 -4.872247e+01 2.888640e+01 -3.360441e+00 -2.366210e+01 -1.189872e+02
<VARIANCE> 6
 1.474965e+02 4.558089e+05 1.769743e+05 2.993205e+02 3.994559e+04 5.111338e+07
<GCONST> 7.518100e+01
<MIXTURE> 5 1.242493e-01
<MEAN> 6
 5.509924e+01 2.452854e+01 7.688551e+01 6.699515e+01 -3.507798e+02 -7.670721e+02
<VARIANCE> 6
 4.765065e+02 8.997156e+05 9.869802e+05 2.195324e+04 8.016335e+04 5.111338e+07
<GCONST> 8.374403e+01
<MIXTURE> 6 1.560957e-01
<MEAN> 6
 -6.316625e-01 6.486688e+01 2.278994e+01 1.762722e+00 1.006260e+02 -4.143781e+02
<VARIANCE> 6
 4.679462e+02 3.919944e+05 1.492031e+05 3.817709e+04 1.031384e+05 7.154169e+07
<GCONST> 8.214729e+01
<MIXTURE> 7 1.055441e-01
<MEAN> 6
 6.690813e+01 -9.697745e+01 7.637770e+01 -5.318816e+01 -7.763491e+02 4.023800e+02
<VARIANCE> 6
 3.373241e+02 7.042954e+05 1.622372e+05 2.200589e+04 2.239056e+05 9.879541e+07
<GCONST> 8.303668e+01
<MIXTURE> 8 1.094339e-01
<MEAN> 6
 7.000344e+01 -1.087583e+02 -1.558720e+02 -1.702795e+00 -2.023075e+01 -1.118373e+02
<VARIANCE> 6
 7.982127e+01 9.032802e+05 2.046050e+05 2.993205e+02 3.994559e+04 5.111338e+07
<GCONST> 7.539603e+01
<TRANSP> 3
 0.000000e+00 1.000000e+00 0.000000e+00
 0.000000e+00 9.999635e-01 3.653648e-05
 0.000000e+00 0.000000e+00 0.000000e+00
<ENDHMM>
~h "QuintoPRIMARIA"
<BEGINHMM>
<NUMSTATES> 3
<STATE> 2
<NUMMIXES> 8
<MIXTURE> 1 1.565713e-01
<MEAN> 6
 7.933820e+01 1.372460e+02 1.323596e+01 -2.322979e+00 -1.992339e+01 -3.939562e+01
<VARIANCE> 6
 2.720013e+02 2.441526e+06 5.241978e+06 2.993205e+02 3.994559e+04 5.111338e+07
<GCONST> 8.085976e+01
<MIXTURE> 2 1.022716e-02
<MEAN> 6
 1.278768e+01 -1.234076e+03 -3.374855e+02 -1.309292e+01 -3.481523e+02 3.937015e+03
<VARIANCE> 6
 1.026903e+04 1.609514e+07 1.831151e+06 1.384984e+06 7.536881e+08 1.105564e+12
<GCONST> 1.135917e+02
<MIXTURE> 3 1.812268e-01
<MEAN> 6
 -4.363877e+01 -5.600463e+01 8.647108e+01 4.543905e+01 5.646790e+02 -6.190901e+02
<VARIANCE> 6
 5.181285e+02 1.760066e+05 2.649432e+05 1.750644e+04 2.383846e+05 5.664690e+07
<GCONST> 8.184735e+01
<MIXTURE> 4 1.595465e-01
<MEAN> 6
 1.526827e+01 1.782425e+02 -4.957552e+01 -4.837533e+00 -1.065680e+02 -7.135446e+01
<VARIANCE> 6
 2.915644e+03 2.049171e+06 5.003708e+06 4.188172e+04 6.539940e+05 1.247156e+08
<GCONST> 9.163876e+01
<MIXTURE> 5 1.037415e-01
<MEAN> 6
 7.449333e+00 -1.426570e+02 6.692938e+00 -7.766929e+01 2.232219e+02 2.320341e+03
<VARIANCE> 6
 3.627274e+03 5.866398e+05 6.262393e+05 5.333948e+04 2.397870e+06 9.916209e+08
<GCONST> 9.214253e+01
<MIXTURE> 6 9.606941e-02
<MEAN> 6
 7.829965e+01 4.011635e+01 2.430265e+00 -3.651690e+00 -2.069004e+01 -1.879249e+02
<VARIANCE> 6
 2.333495e+02 1.956912e+05 1.731668e+05 2.993205e+02 3.994559e+04 5.111338e+07
<GCONST> 7.477245e+01
<MIXTURE> 7 1.930770e-01
<MEAN> 6
 5.586550e+01 -2.455374e+01 -1.645432e+01 1.006647e+01 -5.056026e+02 -5.751246e+02
<VARIANCE> 6
 8.061502e+02 1.647725e+05 1.540348e+05 3.267018e+04 2.585139e+05 7.138121e+07
<GCONST> 8.261726e+01
<MIXTURE> 8 9.795842e-02
<MEAN> 6
 7.082540e+01 -1.175625e+02 -4.185787e+01 -1.663934e+00 -1.826053e+01 -1.961178e+02
<VARIANCE> 6
 1.710760e+02 1.088731e+05 1.610201e+05 2.993205e+02 3.994559e+04 5.111338e+07
<GCONST> 7.380294e+01
<TRANSP> 3
 0.000000e+00 1.000000e+00 0.000000e+00
 0.000000e+00 9.999639e-01 3.611922e-05
 0.000000e+00 0.000000e+00 0.000000e+00
<ENDHMM>
