~o
<STREAMINFO> 1 6
<VECSIZE> 6<NULLD><USER><DIAGC>
~h "SegundoPRIMARIA"
<BEGINHMM>
<NUMSTATES> 5
<STATE> 2
<NUMMIXES> 12
<MIXTURE> 1 6.574201e-02
<MEAN> 6
 9.391416e+01 3.000085e+02 -4.275192e+01 -5.411722e+00 -1.954311e+01 -1.748777e+02
<VARIANCE> 6
 5.392386e+02 4.012000e+06 1.571974e+05 2.874942e+02 3.406208e+04 4.202037e+07
<GCONST> 7.813829e+01
<MIXTURE> 2 7.055750e-02
<MEAN> 6
 -3.781300e+01 4.786477e+01 1.472070e+01 -7.875817e+01 1.535836e+03 4.771000e+02
<VARIANCE> 6
 2.420235e+02 1.118027e+05 3.738009e+04 4.410488e+04 9.044816e+05 6.481727e+08
<GCONST> 8.336879e+01
<MIXTURE> 3 5.331954e-02
<MEAN> 6
 5.870089e+01 -1.913050e+01 6.970712e+01 -3.104565e+01 -7.161439e+02 3.482444e+03
<VARIANCE> 6
 3.610225e+03 1.109837e+06 6.101852e+05 7.605381e+04 6.327394e+06 3.769613e+09
<GCONST> 9.540987e+01
<MIXTURE> 4 6.785269e-02
<MEAN> 6
 2.519385e+01 1.182154e+02 4.226752e+01 2.483446e+02 1.201313e+02 -2.023265e+03
<VARIANCE> 6
 9.364939e+02 2.401793e+05 3.816384e+04 7.194182e+03 2.793750e+05 8.921587e+07
<GCONST> 8.053609e+01
<MIXTURE> 5 1.083493e-01
<MEAN> 6
 9.387315e+01 -1.516681e+01 -1.766565e+01 1.344195e+01 -8.354097e+02 -1.590435e+03
<VARIANCE> 6
 4.949479e+02 4.987465e+05 5.166316e+04 2.714543e+04 1.198447e+06 5.696685e+08
<GCONST> 8.557014e+01
<MIXTURE> 6 1.113378e-01
<MEAN> 6
 -4.764521e+01 7.612586e+01 5.841681e+01 1.970219e+01 3.603840e+02 5.342447e+02
<VARIANCE> 6
 1.987012e+02 2.216537e+05 3.946954e+04 4.020726e+03 1.311225e+05 4.202037e+07
<GCONST> 7.684799e+01
<MIXTURE> 7 8.565899e-02
<MEAN> 6
 7.863443e+01 2.574018e+02 8.722293e+01 -4.787296e-01 -1.727322e+01 -1.567363e+02
<VARIANCE> 6
 1.654468e+02 2.560288e+05 4.508140e+04 2.874942e+02 3.406208e+04 4.202037e+07
<GCONST> 7.295599e+01
<MIXTURE> 8 8.386667e-02
<MEAN> 6
 1.665254e+01 -1.284002e+01 4.944895e+01 -2.986068e+02 -1.487817e+02 8.394498e+03
<VARIANCE> 6
 5.825296e+02 1.479538e+05 6.192110e+04 9.800825e+03 6.811311e+05 3.086448e+08
<GCONST> 8.250234e+01
<MIXTURE> 9 1.153256e-01
<MEAN> 6
 7.747121e+01 2.195208e+00 5.791397e+01 -5.802357e+01 -7.427313e+02 -1.195266e+03
<VARIANCE> 6
 3.096338e+02 7.967449e+04 9.196810e+04 2.519765e+04 2.614049e+05 7.773211e+07
<GCONST> 8.025466e+01
<MIXTURE> 10 1.021423e-01
<MEAN> 6
 7.607297e+01 -1.749846e+02 -2.301028e+02 -3.700918e-01 -8.507952e+00 -2.473543e+02
<VARIANCE> 6
 2.687550e+02 1.241009e+05 6.889831e+04 2.874942e+02 3.406208e+04 4.202037e+07
<GCONST> 7.314111e+01
<MIXTURE> 11 6.659449e-02
<MEAN> 6
 -5.117033e+01 -2.028231e+02 -4.800921e+01 3.746376e+01 1.060478e+03 -2.971097e+03
<VARIANCE> 6
 3.519807e+02 4.826164e+05 2.384183e+05 2.173080e+04 4.536286e+05 2.066369e+08
<GCONST> 8.451759e+01
<MIXTURE> 12 6.848648e-02
<MEAN> 6
 1.759981e+01 -2.761923e+01 -1.684737e+01 2.419593e+02 5.508824e+01 -4.263073e+03
<VARIANCE> 6
 8.482380e+02 1.996449e+05 3.821988e+04 7.395147e+03 2.858465e+05 8.161139e+07
<GCONST> 8.021510e+01
<STATE> 3
<NUMMIXES> 12
<MIXTURE> 1 5.440598e-02
<MEAN> 6
 7.929327e+01 8.048727e+02 9.211085e+02 -1.196328e+00 -3.380450e+00 -5.676729e+01
<VARIANCE> 6
 6.247401e+01 1.318936e+05 3.443345e+04 2.874942e+02 3.406208e+04 4.202037e+07
<GCONST> 7.104935e+01
<MIXTURE> 2 1.122014e-01
<MEAN> 6
 9.580720e+01 7.120536e+01 -1.455040e+02 -3.203618e+00 2.111105e+00 -5.360511e+01
<VARIANCE> 6
 3.127032e+01 1.850605e+04 7.467277e+04 2.874942e+02 3.406208e+04 4.202037e+07
<GCONST> 6.916747e+01
<MIXTURE> 3 4.801260e-02
<MEAN> 6
 6.017353e+01 1.986343e+02 9.357243e+02 5.900334e-01 9.144567e+00 -8.094961e+01
<VARIANCE> 6
 3.127032e+01 1.208121e+04 2.539413e+04 2.874942e+02 3.406208e+04 4.202037e+07
<GCONST> 6.766241e+01
<MIXTURE> 4 6.301500e-02
<MEAN> 6
 6.693812e+01 -6.316428e+02 3.011958e+03 -1.176694e+00 -2.743967e+00 -1.013769e+02
<VARIANCE> 6
 1.596420e+02 1.235264e+05 1.049490e+06 2.874942e+02 3.406208e+04 4.202037e+07
<GCONST> 7.533903e+01
<MIXTURE> 5 9.714352e-02
<MEAN> 6
 9.913465e+01 -2.871527e+02 3.504707e+02 -2.050556e+00 -1.034982e+01 2.861188e+00
<VARIANCE> 6
 5.680154e+01 1.040059e+05 4.095032e+04 2.874942e+02 3.406208e+04 4.202037e+07
<GCONST> 7.088995e+01
<MIXTURE> 6 8.950587e-02
<MEAN> 6
 6.864127e+01 6.410789e+01 -2.086456e+02 -1.291578e+00 -2.156181e-01 2.723491e+01
<VARIANCE> 6
 3.127032e+01 2.847139e+04 1.090584e+05 2.874942e+02 3.406208e+04 4.202037e+07
<GCONST> 6.997704e+01
<MIXTURE> 7 9.053268e-02
<MEAN> 6
 7.476105e+01 6.482507e+02 -1.499879e+03 9.528534e-01 -5.828967e+00 -8.060533e+00
<VARIANCE> 6
 3.127032e+01 2.995159e+05 2.733009e+05 2.874942e+02 3.406208e+04 4.202037e+07
<GCONST> 7.324899e+01
<MIXTURE> 8 1.118937e-01
<MEAN> 6
 7.333983e+01 -8.960867e+01 -7.386052e+02 -9.874179e-01 -2.509525e+00 -6.549881e+01
<VARIANCE> 6
 3.127032e+01 3.292200e+04 3.109294e+05 2.874942e+02 3.406208e+04 4.202037e+07
<GCONST> 7.116995e+01
<MIXTURE> 9 9.833051e-02
<MEAN> 6
 9.215871e+01 -2.457269e+02 9.506036e+01 -2.996938e+00 -5.661923e-01 8.134435e+01
<VARIANCE> 6
 4.063355e+01 7.611809e+04 1.260748e+04 2.874942e+02 3.406208e+04 4.202037e+07
<GCONST> 6.906475e+01
<MIXTURE> 10 8.586072e-02
<MEAN> 6
 6.641828e+01 -8.043460e+02 1.375303e+03 -7.756655e-01 -2.929842e+00 -9.169794e+01
<VARIANCE> 6
 3.127032e+01 3.436537e+04 1.137153e+05 2.874942e+02 3.406208e+04 4.202037e+07
<GCONST> 7.020700e+01
<MIXTURE> 11 8.782850e-02
<MEAN> 6
 6.986064e+01 1.971000e+01 -3.295628e+02 -1.014922e+00 -1.150832e+00 2.746799e+00
<VARIANCE> 6
 3.127032e+01 1.543980e+04 1.404720e+05 2.874942e+02 3.406208e+04 4.202037e+07
<GCONST> 6.961821e+01
<MIXTURE> 12 6.117634e-02
<MEAN> 6
 7.466819e+01 6.868255e+02 7.874770e+02 -5.127681e-01 -4.278872e+00 -9.912814e+01
<VARIANCE> 6
 3.127032e+01 1.500214e+05 2.258685e+04 2.874942e+02 3.406208e+04 4.202037e+07
<GCONST> 7.006439e+01
<STATE> 4
<NUMMIXES> 12
<MIXTURE> 1 2.653013e-03
<MEAN> 6
 7.119910e+00 -8.757200e+02 -1.414789e+02 1.601737e+02 -3.256449e+02 -4.822648e+03
<VARIANCE> 6
 1.226256e+04 4.263085e+04 1.153215e+05 1.814948e+06 1.000654e+09 1.272985e+12
<GCONST> 1.057653e+02
<MIXTURE> 2 8.257888e-02
<MEAN> 6
 1.944746e+01 1.731065e+01 -6.202132e+01 2.442668e+02 2.027364e+01 -3.572555e+03
<VARIANCE> 6
 8.772032e+02 3.434999e+05 4.820755e+05 6.682374e+03 1.585935e+05 5.442838e+07
<GCONST> 8.223053e+01
<MIXTURE> 3 8.372872e-02
<MEAN> 6
 -2.074406e+01 -2.379176e+01 6.476404e+00 -1.653519e+02 9.287442e+02 6.320140e+03
<VARIANCE> 6
 1.570838e+03 4.860612e+05 2.096306e+06 6.731430e+04 2.032829e+06 1.116950e+09
<GCONST> 9.251234e+01
<MIXTURE> 4 4.754402e-02
<MEAN> 6
 1.120041e+02 1.040702e+02 9.980311e+02 -6.043049e+00 -1.066595e+01 -3.859174e+02
<VARIANCE> 6
 2.408758e+02 5.305222e+05 9.272706e+05 2.874942e+02 3.406208e+04 4.202037e+07
<GCONST> 7.708397e+01
<MIXTURE> 5 9.434640e-02
<MEAN> 6
 9.943052e+01 -2.184058e+02 2.327669e+00 3.477615e+01 -9.910202e+02 -7.930978e+02
<VARIANCE> 6
 4.381727e+02 7.675046e+05 6.343052e+05 2.382658e+04 1.456939e+06 7.889634e+08
<GCONST> 8.877769e+01
<MIXTURE> 6 1.102575e-01
<MEAN> 6
 -5.789257e+01 3.642017e+01 -2.437549e+02 3.636846e+00 2.106960e+02 4.846540e+02
<VARIANCE> 6
 3.837872e+02 1.961470e+05 8.960731e+05 1.212434e+03 7.082480e+04 4.202037e+07
<GCONST> 7.869176e+01
<MIXTURE> 7 1.234930e-01
<MEAN> 6
 7.896296e+01 2.523881e+02 -6.529725e+02 1.145561e+00 -2.321637e+01 -2.060533e+02
<VARIANCE> 6
 1.640254e+02 6.061369e+05 1.018535e+06 2.874942e+02 3.406208e+04 4.202037e+07
<GCONST> 7.692683e+01
<MIXTURE> 8 1.106591e-01
<MEAN> 6
 7.154902e+01 -3.055241e+01 1.297009e+02 -2.042686e+01 -4.638955e+02 -3.391385e+02
<VARIANCE> 6
 8.294796e+02 1.394365e+05 4.429897e+05 2.828119e+04 1.644370e+05 4.831748e+07
<GCONST> 8.254827e+01
<MIXTURE> 9 7.346783e-02
<MEAN> 6
 -4.153099e+01 9.262355e+01 8.023395e+01 5.748315e+01 9.488849e+02 -1.177791e+02
<VARIANCE> 6
 4.595843e+02 2.522660e+05 5.197780e+05 3.302421e+04 3.243181e+05 1.220464e+08
<GCONST> 8.447137e+01
<MIXTURE> 10 9.439345e-02
<MEAN> 6
 1.017593e+02 -4.978977e+02 2.343067e+00 -7.815979e+00 -3.314461e+01 -2.271487e+02
<VARIANCE> 6
 1.491179e+02 7.867613e+05 2.658879e+05 2.874942e+02 3.406208e+04 4.202037e+07
<GCONST> 7.574931e+01
<MIXTURE> 11 1.022130e-01
<MEAN> 6
 5.377919e+01 -8.662256e+01 4.618603e+01 -1.139533e+02 -7.958005e+02 1.118105e+03
<VARIANCE> 6
 8.682645e+02 2.811610e+05 1.616518e+06 5.173286e+04 4.489218e+05 1.279637e+08
<GCONST> 8.717194e+01
<MIXTURE> 12 7.418139e-02
<MEAN> 6
 -4.818243e+01 -5.537017e+01 -1.420996e+02 1.279472e+01 8.241680e+02 -2.623161e+03
<VARIANCE> 6
 5.406596e+02 2.416811e+05 6.343009e+05 2.572706e+04 2.967409e+05 1.489775e+08
<GCONST> 8.465092e+01
<TRANSP> 5
 0.000000e+00 1.000000e+00 0.000000e+00 0.000000e+00 0.000000e+00
 0.000000e+00 9.999346e-01 6.546855e-05 0.000000e+00 0.000000e+00
 0.000000e+00 0.000000e+00 9.995537e-01 4.462763e-04 0.000000e+00
 0.000000e+00 0.000000e+00 0.000000e+00 9.998940e-01 1.059690e-04
 0.000000e+00 0.000000e+00 0.000000e+00 0.000000e+00 0.000000e+00
<ENDHMM>
~h "SegundoESO"
<BEGINHMM>
<NUMSTATES> 5
<STATE> 2
<NUMMIXES> 12
<MIXTURE> 1 6.375191e-02
<MEAN> 6
 7.194106e+01 2.370516e+03 -9.753731e+01 3.915944e+00 -7.232165e+02 -2.424414e+02
<VARIANCE> 6
 1.174906e+03 4.803079e+07 2.189724e+06 2.738109e+04 1.070384e+06 4.638723e+08
<GCONST> 9.443910e+01
<MIXTURE> 2 9.845815e-02
<MEAN> 6
 8.312359e+01 7.315489e+02 -4.001453e+02 -3.031991e+00 -2.351871e+01 -7.197494e+01
<VARIANCE> 6
 1.631596e+02 9.077492e+05 4.097169e+06 2.874942e+02 3.406208e+04 4.202037e+07
<GCONST> 7.871733e+01
<MIXTURE> 3 8.447321e-02
<MEAN> 6
 4.121414e+01 7.503010e+02 2.010729e+02 2.102419e+02 -3.246676e+02 -2.116448e+03
<VARIANCE> 6
 6.091245e+02 5.412826e+06 5.788632e+06 4.853711e+03 9.295777e+04 4.202037e+07
<GCONST> 8.599604e+01
<MIXTURE> 4 1.015761e-01
<MEAN> 6
 -4.745780e+01 3.428018e+02 1.030652e+03 -2.512637e+01 1.179214e+03 5.607712e+02
<VARIANCE> 6
 3.759057e+02 2.021186e+06 5.137911e+06 4.516123e+04 4.729521e+05 2.698152e+08
<GCONST> 9.012594e+01
<MIXTURE> 5 1.049255e-01
<MEAN> 6
 8.482037e+01 -3.086215e+03 1.880622e+03 -5.300869e+00 -2.538249e+01 -2.271060e+02
<VARIANCE> 6
 1.160477e+02 4.822160e+06 8.429534e+06 2.874942e+02 3.406208e+04 4.202037e+07
<GCONST> 8.076805e+01
<MIXTURE> 6 8.524466e-02
<MEAN> 6
 -6.242820e+01 3.576371e+02 4.927503e+02 1.971884e+01 2.731284e+02 1.092620e+02
<VARIANCE> 6
 7.098158e+01 1.152447e+06 4.463556e+06 1.402864e+03 9.400788e+04 4.202037e+07
<GCONST> 8.080961e+01
<MIXTURE> 7 4.889324e-02
<MEAN> 6
 8.686062e+01 -5.271854e+02 -4.036237e+03 -5.093450e+00 -2.014557e+01 2.826078e+01
<VARIANCE> 6
 2.041980e+02 1.780088e+05 2.066610e+07 2.874942e+02 3.406208e+04 4.202037e+07
<GCONST> 7.893076e+01
<MIXTURE> 8 1.044572e-01
<MEAN> 6
 8.066296e+01 -3.047341e+02 8.425410e+02 1.365038e+01 -6.099385e+02 -3.731159e+02
<VARIANCE> 6
 2.434743e+02 1.151690e+06 4.099755e+06 1.541998e+04 1.609046e+05 5.313475e+07
<GCONST> 8.512578e+01
<MIXTURE> 9 5.864635e-02
<MEAN> 6
 -2.151404e+01 5.224864e+01 3.620102e+02 4.992019e+01 3.973755e+02 -1.119475e+03
<VARIANCE> 6
 4.175830e+02 5.139820e+06 2.389169e+06 4.074329e+04 1.030592e+05 4.202037e+07
<GCONST> 8.691250e+01
<MIXTURE> 10 1.154338e-01
<MEAN> 6
 7.336709e+01 6.712520e+02 -1.954151e+03 3.484129e-01 -8.928405e+00 -1.147733e+02
<VARIANCE> 6
 5.080108e+01 4.465629e+05 8.180066e+06 2.874942e+02 3.406208e+04 4.202037e+07
<GCONST> 7.753253e+01
<MIXTURE> 11 7.552194e-02
<MEAN> 6
 3.842492e+01 7.020197e+01 2.787143e+02 -2.479845e+02 -5.113040e+02 4.240034e+03
<VARIANCE> 6
 7.072391e+02 2.041411e+06 4.762308e+06 7.958737e+03 3.549101e+05 9.306808e+07
<GCONST> 8.760451e+01
<MIXTURE> 12 5.840250e-02
<MEAN> 6
 -2.405896e+01 -1.152054e+03 9.695557e+01 -1.508514e+01 2.753417e+02 -9.406832e+02
<VARIANCE> 6
 4.930797e+02 7.616731e+06 1.920263e+06 3.283386e+04 9.767540e+04 4.202037e+07
<GCONST> 8.698405e+01
<STATE> 3
<NUMMIXES> 12
<MIXTURE> 1 1.161488e-01
<MEAN> 6
 7.408385e+01 3.339255e+02 3.264235e+02 -7.786787e-01 -3.829414e+00 -7.409755e+01
<VARIANCE> 6
 3.127032e+01 1.644697e+05 3.032291e+04 2.874942e+02 3.406208e+04 4.202037e+07
<GCONST> 7.045088e+01
<MIXTURE> 2 7.368890e-02
<MEAN> 6
 5.936975e+01 9.650741e+01 -1.316414e+03 -2.339492e-01 -5.080611e-01 -8.753574e+01
<VARIANCE> 6
 3.127032e+01 3.941488e+04 1.893895e+06 2.874942e+02 3.406208e+04 4.202037e+07
<GCONST> 7.315678e+01
<MIXTURE> 3 8.938522e-02
<MEAN> 6
 7.327975e+01 4.310409e+02 -4.079208e+02 -6.070193e-01 -5.865057e+00 -9.754808e+01
<VARIANCE> 6
 3.127032e+01 3.832138e+05 9.977928e+04 2.874942e+02 3.406208e+04 4.202037e+07
<GCONST> 7.248781e+01
<MIXTURE> 4 7.180230e-02
<MEAN> 6
 6.071746e+01 8.107878e+01 -4.297971e+02 -4.904553e-03 -9.313402e-01 -8.796105e+01
<VARIANCE> 6
 3.127032e+01 2.652997e+06 7.358044e+04 2.874942e+02 3.406208e+04 4.202037e+07
<GCONST> 7.411807e+01
<MIXTURE> 5 9.515252e-02
<MEAN> 6
 6.786417e+01 1.685821e+02 1.430256e+02 -3.104399e-01 -2.581362e+00 -9.401672e+01
<VARIANCE> 6
 3.127032e+01 3.599886e+05 2.181655e+04 2.874942e+02 3.406208e+04 4.202037e+07
<GCONST> 7.090499e+01
<MIXTURE> 6 7.827892e-02
<MEAN> 6
 8.302676e+01 -7.678900e+02 1.405396e+02 -4.246360e-01 -3.550379e+00 -1.126912e+02
<VARIANCE> 6
 3.127032e+01 1.666803e+04 3.358928e+04 2.874942e+02 3.406208e+04 4.202037e+07
<GCONST> 6.826395e+01
<MIXTURE> 7 8.756492e-02
<MEAN> 6
 6.157197e+01 2.428996e+01 1.040529e+02 -1.425900e-01 -1.271306e+00 -1.034654e+02
<VARIANCE> 6
 3.127032e+01 1.131370e+05 3.731872e+04 2.874942e+02 3.406208e+04 4.202037e+07
<GCONST> 7.028435e+01
<MIXTURE> 8 8.050165e-02
<MEAN> 6
 7.333131e+01 2.122535e+02 -5.220670e+02 -4.139831e-01 -4.276640e+00 -1.087670e+02
<VARIANCE> 6
 3.127032e+01 5.889394e+04 5.036378e+04 2.874942e+02 3.406208e+04 4.202037e+07
<GCONST> 6.993126e+01
<MIXTURE> 9 6.382234e-02
<MEAN> 6
 8.020350e+01 -1.605861e+03 1.713388e+02 -1.057963e+00 -5.890053e+00 -5.159595e+01
<VARIANCE> 6
 7.204509e+01 2.732381e+05 9.472627e+04 2.874942e+02 3.406208e+04 4.202037e+07
<GCONST> 7.293221e+01
<MIXTURE> 10 7.600388e-02
<MEAN> 6
 5.908374e+01 -1.046735e+02 -1.609428e+02 2.784366e-01 -1.427651e+00 -1.369369e+02
<VARIANCE> 6
 3.127032e+01 6.356881e+04 1.260748e+04 2.874942e+02 3.406208e+04 4.202037e+07
<GCONST> 6.862267e+01
<MIXTURE> 11 9.481996e-02
<MEAN> 6
 6.577717e+01 -1.975439e+02 1.010106e+02 -9.958723e-02 -8.213474e-01 -8.528332e+01
<VARIANCE> 6
 3.127032e+01 3.566512e+05 2.885360e+04 2.874942e+02 3.406208e+04 4.202037e+07
<GCONST> 7.117525e+01
<MIXTURE> 12 7.257428e-02
<MEAN> 6
 5.923290e+01 -4.087473e+02 -5.501880e+02 -2.054984e-01 -1.409303e+00 -7.223209e+01
<VARIANCE> 6
 3.127032e+01 2.284507e+06 8.164912e+04 2.874942e+02 3.406208e+04 4.202037e+07
<GCONST> 7.407259e+01
<STATE> 4
<NUMMIXES> 12
<MIXTURE> 1 7.567354e-02
<MEAN> 6
 8.728800e+01 9.353629e+01 -1.923726e+02 -6.093305e+00 -3.028089e+01 9.977624e+01
<VARIANCE> 6
 1.617502e+02 1.145994e+06 1.009102e+06 2.874942e+02 3.406208e+04 4.202037e+07
<GCONST> 7.754047e+01
<MIXTURE> 2 4.881040e-02
<MEAN> 6
 3.255774e+01 1.409326e+02 -1.189007e+01 -8.518903e+01 -2.886767e+02 3.761240e+03
<VARIANCE> 6
 2.799506e+03 2.574914e+06 9.752162e+05 4.702420e+04 2.260169e+06 9.142980e+08
<GCONST> 9.353924e+01
<MIXTURE> 3 9.035410e-02
<MEAN> 6
 -4.208044e+01 1.667169e+02 5.900264e+01 -2.928831e+01 1.135010e+03 2.038805e+02
<VARIANCE> 6
 1.748590e+02 3.163957e+05 2.377148e+05 2.563296e+04 3.310813e+05 2.308597e+08
<GCONST> 8.335390e+01
<MIXTURE> 4 1.330591e-01
<MEAN> 6
 5.094102e+01 3.159940e+01 4.775612e+00 7.752795e+00 -3.776241e+02 6.564545e+01
<VARIANCE> 6
 2.860815e+02 1.459035e+05 6.396819e+04 2.460551e+04 8.141717e+04 4.202037e+07
<GCONST> 7.861211e+01
<MIXTURE> 5 1.128694e-01
<MEAN> 6
 3.074759e+01 1.578090e+02 7.156686e+01 7.848547e+01 -1.408765e+02 -9.337355e+02
<VARIANCE> 6
 5.396295e+02 8.621274e+05 8.452923e+05 2.761157e+04 6.163649e+04 4.202037e+07
<GCONST> 8.344141e+01
<MIXTURE> 6 9.042382e-02
<MEAN> 6
 -1.258031e+00 1.200796e+02 1.097943e+02 -1.091739e+02 1.286664e+02 3.587839e+03
<VARIANCE> 6
 3.537606e+02 4.079449e+05 1.293774e+05 3.137106e+04 1.143336e+05 1.002593e+08
<GCONST> 8.200905e+01
<MIXTURE> 7 7.014553e-02
<MEAN> 6
 7.563900e+01 6.380054e+00 1.550531e+02 5.337771e+00 -7.094744e+02 4.553582e+02
<VARIANCE> 6
 2.631921e+02 1.010019e+06 3.245222e+05 1.673629e+04 2.032103e+05 1.032913e+08
<GCONST> 8.351614e+01
<MIXTURE> 8 7.581205e-02
<MEAN> 6
 -4.835954e+01 2.901313e+01 1.234123e+01 2.018218e+01 2.679304e+02 -6.008699e+01
<VARIANCE> 6
 2.172542e+02 1.727326e+05 3.029839e+05 1.030506e+03 7.052577e+04 4.202037e+07
<GCONST> 7.674447e+01
<MIXTURE> 9 5.869354e-02
<MEAN> 6
 -4.658666e+01 -8.417339e+01 7.638509e+01 5.222369e+01 7.492004e+02 -2.285168e+02
<VARIANCE> 6
 1.399993e+02 8.364162e+05 6.042814e+05 9.379036e+03 1.297336e+05 4.202037e+07
<GCONST> 8.139072e+01
<MIXTURE> 10 7.805908e-02
<MEAN> 6
 7.377836e+01 -2.250872e+02 1.295447e+01 -4.852516e+00 -3.875008e+01 -1.079772e+02
<VARIANCE> 6
 1.032240e+02 5.619881e+05 6.956424e+04 2.874942e+02 3.406208e+04 4.202037e+07
<GCONST> 7.370421e+01
<MIXTURE> 11 9.527387e-02
<MEAN> 6
 -1.023284e+01 -2.613569e+01 -2.878188e+01 6.568542e+01 1.899909e+02 -3.665870e+03
<VARIANCE> 6
 2.098043e+02 2.375260e+05 8.939173e+04 2.969847e+04 1.274255e+05 6.751679e+07
<GCONST> 8.023428e+01
<MIXTURE> 12 6.971491e-02
<MEAN> 6
 6.933797e+01 -2.333194e+02 2.623591e+01 -4.926486e+01 -8.685901e+02 -1.033303e+03
<VARIANCE> 6
 2.438351e+02 1.022491e+06 2.407256e+05 1.969636e+04 2.020876e+05 9.779430e+07
<GCONST> 8.325594e+01
<TRANSP> 5
 0.000000e+00 1.000000e+00 0.000000e+00 0.000000e+00 0.000000e+00
 0.000000e+00 9.998333e-01 1.666728e-04 0.000000e+00 0.000000e+00
 0.000000e+00 0.000000e+00 9.997299e-01 2.700914e-04 0.000000e+00
 0.000000e+00 0.000000e+00 0.000000e+00 9.999433e-01 5.668625e-05
 0.000000e+00 0.000000e+00 0.000000e+00 0.000000e+00 0.000000e+00
<ENDHMM>
~h "QuintoPRIMARIA"
<BEGINHMM>
<NUMSTATES> 5
<STATE> 2
<NUMMIXES> 12
<MIXTURE> 1 1.225258e-01
<MEAN> 6
 8.672905e+01 3.987146e+02 1.044085e+03 -2.668557e+00 -2.401710e+01 -1.032979e+02
<VARIANCE> 6
 1.539530e+02 3.062666e+05 4.522857e+06 2.874942e+02 3.406208e+04 4.202037e+07
<GCONST> 7.767159e+01
<MIXTURE> 2 7.248582e-02
<MEAN> 6
 4.335020e+01 3.084311e+02 2.743300e+02 3.122935e+01 -2.926800e+02 -3.814099e+02
<VARIANCE> 6
 8.397112e+02 2.362231e+06 1.555560e+06 2.935683e+04 1.027722e+05 4.202037e+07
<GCONST> 8.607401e+01
<MIXTURE> 3 6.547458e-02
<MEAN> 6
 -6.129649e+00 -3.682802e+02 4.633984e+02 2.657026e+02 2.515525e+02 -6.255487e+03
<VARIANCE> 6
 4.627798e+02 3.925998e+05 1.886565e+06 4.655262e+03 2.593212e+05 5.584480e+07
<GCONST> 8.324499e+01
<MIXTURE> 4 1.210800e-01
<MEAN> 6
 -5.453628e+01 3.758076e+01 5.192842e+01 5.821900e+01 8.026543e+02 -1.680354e+03
<VARIANCE> 6
 2.374189e+02 1.204692e+06 1.196115e+06 1.472564e+04 2.855325e+05 9.891593e+07
<GCONST> 8.506265e+01
<MIXTURE> 5 3.590014e-02
<MEAN> 6
 4.351225e+01 -9.635923e+02 -1.439345e+03 -5.566924e+01 -5.134025e+02 1.604306e+03
<VARIANCE> 6
 2.838715e+03 2.103242e+07 1.015106e+07 6.005182e+04 4.178900e+06 2.073873e+09
<GCONST> 9.967424e+01
<MIXTURE> 6 9.056304e-02
<MEAN> 6
 5.722299e+01 -1.407263e+02 -4.196534e+02 1.076577e+00 -1.851706e+01 -8.047783e+01
<VARIANCE> 6
 4.313079e+01 2.498450e+05 3.817022e+06 2.874942e+02 3.406208e+04 4.202037e+07
<GCONST> 7.602588e+01
<MIXTURE> 7 9.470433e-02
<MEAN> 6
 -2.150815e+01 -1.284357e+02 -7.252540e+02 -2.449267e+02 5.763325e+02 6.744321e+03
<VARIANCE> 6
 9.925177e+02 5.822778e+05 5.454205e+06 1.216037e+04 1.248448e+06 4.243401e+08
<GCONST> 9.002350e+01
<MIXTURE> 8 1.070716e-01
<MEAN> 6
 8.031245e+01 -1.013456e+02 -3.715276e+02 -1.375191e+01 -8.199038e+02 -8.950052e+02
<VARIANCE> 6
 3.241202e+02 8.372959e+05 3.474964e+06 2.238814e+04 4.793126e+05 2.300697e+08
<GCONST> 8.785769e+01
<MIXTURE> 9 6.386165e-02
<MEAN> 6
 7.911343e+01 7.112994e+02 4.753500e+02 -1.371859e+00 -1.579677e+01 -1.561861e+02
<VARIANCE> 6
 1.640470e+02 1.861670e+06 1.193721e+06 2.874942e+02 3.406208e+04 4.202037e+07
<GCONST> 7.820779e+01
<MIXTURE> 10 7.784952e-02
<MEAN> 6
 -6.858486e+01 -3.114416e+01 -5.197913e+01 4.318826e+00 2.105784e+02 5.239474e+02
<VARIANCE> 6
 1.199654e+02 6.635959e+05 1.406173e+06 9.072615e+02 7.975260e+04 4.202037e+07
<GCONST> 7.902705e+01
<MIXTURE> 11 8.693828e-02
<MEAN> 6
 4.958588e+01 -5.245320e+02 2.275268e+01 7.773123e-01 -5.660867e+02 4.809649e+02
<VARIANCE> 6
 5.682352e+02 7.035428e+05 1.108971e+06 4.330646e+04 1.740338e+05 4.254206e+07
<GCONST> 8.506168e+01
<MIXTURE> 12 6.111148e-02
<MEAN> 6
 7.539514e+01 1.263366e+01 -7.806890e+00 -1.649764e+00 -2.954819e+01 -1.767929e+02
<VARIANCE> 6
 1.704255e+02 3.640664e+06 1.354447e+06 2.874942e+02 3.406208e+04 4.202037e+07
<GCONST> 7.904295e+01
<STATE> 3
<NUMMIXES> 12
<MIXTURE> 1 4.533722e-02
<MEAN> 6
 8.881881e+01 3.990124e+03 -6.124635e+02 -3.825950e+00 8.785974e+00 -1.549674e+01
<VARIANCE> 6
 5.340898e+02 2.568279e+06 6.150229e+04 2.874942e+02 3.406208e+04 4.202037e+07
<GCONST> 7.674421e+01
<MIXTURE> 2 1.161433e-01
<MEAN> 6
 6.942361e+01 -3.689958e+02 -2.283114e+02 2.666063e-02 -3.249858e+00 -9.802596e+01
<VARIANCE> 6
 3.127032e+01 5.589863e+05 6.233655e+04 2.874942e+02 3.406208e+04 4.202037e+07
<GCONST> 7.239492e+01
<MIXTURE> 3 1.297960e-01
<MEAN> 6
 7.427175e+01 1.622564e+02 2.825387e+02 7.967556e-01 -2.907299e+00 -1.178235e+02
<VARIANCE> 6
 3.127032e+01 2.555000e+04 9.332625e+04 2.874942e+02 3.406208e+04 4.202037e+07
<GCONST> 6.971298e+01
<MIXTURE> 4 6.661018e-02
<MEAN> 6
 8.378333e+01 7.366810e+02 -9.781577e+02 -2.051577e+00 -2.589475e+00 1.571387e+01
<VARIANCE> 6
 2.578556e+02 1.292009e+05 2.505527e+05 2.874942e+02 3.406208e+04 4.202037e+07
<GCONST> 7.443102e+01
<MIXTURE> 5 1.026395e-01
<MEAN> 6
 5.756693e+01 -8.679078e-01 2.383030e+02 5.470620e-02 -2.542460e+00 -1.238161e+02
<VARIANCE> 6
 3.127032e+01 1.208121e+04 4.282865e+04 2.874942e+02 3.406208e+04 4.202037e+07
<GCONST> 6.818510e+01
<MIXTURE> 6 4.349915e-02
<MEAN> 6
 9.755841e+01 -5.000291e+02 -5.436772e+02 -9.547595e-01 -2.202428e+00 -6.428772e+01
<VARIANCE> 6
 3.193010e+01 1.208121e+04 1.260748e+04 2.874942e+02 3.406208e+04 4.202037e+07
<GCONST> 6.698307e+01
<MIXTURE> 7 7.424152e-02
<MEAN> 6
 6.322710e+01 -8.387378e+01 -2.249202e+02 9.886087e-02 -4.138808e+00 -1.105413e+02
<VARIANCE> 6
 3.127032e+01 1.243891e+04 4.192431e+04 2.874942e+02 3.406208e+04 4.202037e+07
<GCONST> 6.819295e+01
<MIXTURE> 8 6.496589e-02
<MEAN> 6
 8.364329e+01 -6.229649e+01 4.381496e+00 6.488030e-02 -2.072714e+00 -1.043163e+01
<VARIANCE> 6
 3.127032e+01 2.167740e+04 1.260748e+04 2.874942e+02 3.406208e+04 4.202037e+07
<GCONST> 6.754681e+01
<MIXTURE> 9 1.275705e-01
<MEAN> 6
 6.701430e+01 5.563560e+02 -3.904944e+02 -1.759337e-01 -3.789650e+00 -8.963416e+01
<VARIANCE> 6
 3.127032e+01 5.141672e+05 3.350425e+04 2.874942e+02 3.406208e+04 4.202037e+07
<GCONST> 7.169048e+01
<MIXTURE> 10 8.896222e-02
<MEAN> 6
 5.633358e+01 -2.379736e+01 2.965368e+01 -6.064314e-02 -6.032832e-01 -9.229326e+01
<VARIANCE> 6
 3.127032e+01 5.320570e+04 4.288439e+04 2.874942e+02 3.406208e+04 4.202037e+07
<GCONST> 6.966892e+01
<MIXTURE> 11 7.347340e-02
<MEAN> 6
 6.244429e+01 -1.560726e+02 -3.315461e+02 6.550784e-02 -3.359647e+00 -1.038072e+02
<VARIANCE> 6
 3.127032e+01 1.208121e+04 5.180728e+04 2.874942e+02 3.406208e+04 4.202037e+07
<GCONST> 6.837543e+01
<MIXTURE> 12 6.655425e-02
<MEAN> 6
 8.154263e+01 7.034811e+02 -1.072828e+03 -1.971310e+00 -3.204551e+00 8.481300e+00
<VARIANCE> 6
 2.049831e+02 1.258880e+05 2.207209e+05 2.874942e+02 3.406208e+04 4.202037e+07
<GCONST> 7.404880e+01
<STATE> 4
<NUMMIXES> 12
<MIXTURE> 1 1.393907e-01
<MEAN> 6
 -2.862889e+01 -1.530428e+01 4.168531e+01 7.474767e+01 6.124518e+02 -2.311557e+03
<VARIANCE> 6
 5.483572e+02 1.267096e+05 8.739318e+04 2.580646e+04 1.716132e+05 5.897986e+07
<GCONST> 8.056610e+01
<MIXTURE> 2 1.258412e-02
<MEAN> 6
 -8.609354e+00 1.542883e+02 1.159424e+02 -3.368336e+01 1.411324e+02 6.027844e+03
<VARIANCE> 6
 1.156959e+04 1.942859e+05 4.006167e+05 1.967654e+06 1.076908e+09 1.583307e+12
<GCONST> 1.088415e+02
<MIXTURE> 3 5.335189e-02
<MEAN> 6
 1.794748e+01 -3.452826e+02 2.218985e+02 1.537345e+01 -2.458531e+02 5.956660e+02
<VARIANCE> 6
 4.842027e+03 1.815026e+06 2.217437e+06 5.517989e+04 3.015346e+06 2.230823e+09
<GCONST> 9.589904e+01
<MIXTURE> 4 5.852861e-02
<MEAN> 6
 8.866049e+01 -1.096063e+02 2.384825e+02 -7.032395e+00 -7.054693e+00 1.674593e+01
<VARIANCE> 6
 2.368550e+02 1.350609e+06 6.011224e+05 2.874942e+02 3.406208e+04 4.202037e+07
<GCONST> 7.756814e+01
<MIXTURE> 5 1.302451e-01
<MEAN> 6
 5.131467e+01 6.438169e-01 6.571514e+00 7.375851e+01 -3.127457e+02 -1.016049e+03
<VARIANCE> 6
 6.753750e+02 9.644390e+04 5.746337e+04 2.329627e+04 1.203821e+05 4.202037e+07
<GCONST> 7.928629e+01
<MIXTURE> 6 8.498978e-02
<MEAN> 6
 -4.491898e+01 -1.561921e+02 1.450575e+02 -6.118308e+01 1.345951e+03 1.649275e+03
<VARIANCE> 6
 3.799654e+02 3.803610e+05 2.616625e+05 3.769247e+04 6.495491e+05 4.734129e+08
<GCONST> 8.618776e+01
<MIXTURE> 7 8.735206e-02
<MEAN> 6
 7.964404e+01 1.209222e+02 -2.204523e-01 1.041030e+01 -8.800459e+02 -2.176157e+03
<VARIANCE> 6
 3.856751e+02 2.195651e+05 6.523126e+04 2.354646e+04 8.129078e+05 3.778469e+08
<GCONST> 8.379246e+01
<MIXTURE> 8 7.570037e-02
<MEAN> 6
 -5.413591e+01 -3.555127e+01 3.246468e+01 1.860649e+01 2.112811e+02 4.173550e+02
<VARIANCE> 6
 3.498343e+02 2.781235e+05 1.263951e+05 6.431790e+02 7.739808e+04 4.202037e+07
<GCONST> 7.644452e+01
<MIXTURE> 9 7.796420e-02
<MEAN> 6
 8.109461e+01 2.107205e+01 5.077172e+01 -6.299844e+00 -4.695218e+00 -2.002386e+02
<VARIANCE> 6
 1.465210e+02 1.498960e+05 8.975318e+04 2.874942e+02 3.406208e+04 4.202037e+07
<GCONST> 7.298775e+01
<MIXTURE> 10 1.228031e-01
<MEAN> 6
 5.423200e+01 -3.317968e+01 -5.742597e+01 6.510997e+00 -4.871927e+02 6.694533e+01
<VARIANCE> 6
 7.897394e+02 5.740548e+05 4.594210e+05 3.549433e+04 2.342479e+05 5.569086e+07
<GCONST> 8.467376e+01
<MIXTURE> 11 7.861070e-02
<MEAN> 6
 2.125745e+01 -4.950475e+00 -4.864572e+01 -2.082036e+02 -2.953389e+02 5.345196e+03
<VARIANCE> 6
 9.789650e+02 6.756422e+04 1.128023e+05 1.911437e+04 4.202403e+05 2.238562e+08
<GCONST> 8.270128e+01
<MIXTURE> 12 7.744583e-02
<MEAN> 6
 7.768267e+01 -1.086035e+02 -4.930656e+01 -6.509626e+00 -3.084620e+01 -3.858371e+02
<VARIANCE> 6
 1.327009e+02 1.224495e+05 1.052792e+05 2.874942e+02 3.406208e+04 4.202037e+07
<GCONST> 7.284599e+01
<TRANSP> 5
 0.000000e+00 1.000000e+00 0.000000e+00 0.000000e+00 0.000000e+00
 0.000000e+00 9.998878e-01 1.122377e-04 0.000000e+00 0.000000e+00
 0.000000e+00 0.000000e+00 9.996647e-01 3.353934e-04 0.000000e+00
 0.000000e+00 0.000000e+00 0.000000e+00 9.999362e-01 6.378587e-05
 0.000000e+00 0.000000e+00 0.000000e+00 0.000000e+00 0.000000e+00
<ENDHMM>
