~o
<STREAMINFO> 1 6
<VECSIZE> 6<NULLD><USER><DIAGC>
~h "SegundoPRIMARIA"
<BEGINHMM>
<NUMSTATES> 3
<STATE> 2
<NUMMIXES> 5
<MIXTURE> 1 8.410704e-03
<MEAN> 6
 4.372682e+01 -1.200648e+02 5.364382e+00 9.951662e+00 -1.092717e+03 5.997913e+03
<VARIANCE> 6
 8.181920e+03 9.892684e+05 7.329425e+05 6.934220e+05 3.523399e+08 5.047831e+11
<GCONST> 1.074234e+02
<MIXTURE> 2 3.603069e-01
<MEAN> 6
 6.893429e+01 3.193906e+01 -2.161363e+00 1.099448e+00 -2.439037e+01 -9.139915e+01
<VARIANCE> 6
 2.093844e+03 4.828859e+05 5.586102e+05 2.249079e+03 3.989187e+04 5.118205e+07
<GCONST> 8.105787e+01
<MIXTURE> 3 2.209667e-01
<MEAN> 6
 2.485359e+01 -3.647025e+01 9.630712e+00 -4.437254e+01 3.660640e+01 1.367458e+03
<VARIANCE> 6
 4.309374e+03 3.273158e+06 7.935893e+05 5.806968e+04 2.430733e+06 8.442356e+08
<GCONST> 9.420844e+01
<MIXTURE> 4 2.054038e-01
<MEAN> 6
 1.951656e+01 5.602162e+01 5.206587e+01 5.498182e+01 1.020319e+02 5.698577e+02
<VARIANCE> 6
 3.417923e+03 1.116686e+05 9.546815e+04 3.385299e+04 6.401123e+05 7.306759e+07
<GCONST> 8.415997e+01
<MIXTURE> 5 2.035883e-01
<MEAN> 6
 1.431690e+01 -6.832802e+01 -5.935116e+01 -7.607548e+00 -5.466263e+01 -2.156542e+03
<VARIANCE> 6
 3.510467e+03 1.113683e+05 1.006283e+05 3.619488e+04 6.893806e+05 7.476143e+07
<GCONST> 8.440059e+01
<TRANSP> 3
 0.000000e+00 1.000000e+00 0.000000e+00
 0.000000e+00 9.999627e-01 3.722705e-05
 0.000000e+00 0.000000e+00 0.000000e+00
<ENDHMM>
~h "SegundoESO"
<BEGINHMM>
<NUMSTATES> 3
<STATE> 2
<NUMMIXES> 5
<MIXTURE> 1 3.023101e-01
<MEAN> 6
 7.334860e+01 1.315703e+01 -1.437087e+02 -2.537551e+00 -3.035102e+01 -7.826144e+01
<VARIANCE> 6
 1.322812e+02 9.975923e+05 1.135178e+06 2.970847e+02 3.989187e+04 5.118205e+07
<GCONST> 7.770644e+01
<MIXTURE> 2 2.015626e-01
<MEAN> 6
 4.117814e+00 9.021738e+01 1.457823e+02 -5.113257e+01 1.321581e+02 1.107931e+03
<VARIANCE> 6
 2.856810e+03 8.871556e+05 6.747639e+05 3.587646e+04 1.313841e+06 3.555884e+08
<GCONST> 9.036820e+01
<MIXTURE> 3 1.451597e-01
<MEAN> 6
 3.692312e+01 -2.035934e+02 7.224007e+01 4.234956e+00 -1.932880e+02 1.953710e+02
<VARIANCE> 6
 2.373583e+03 5.732262e+06 1.182667e+07 2.774809e+04 4.045771e+05 6.529751e+07
<GCONST> 9.178288e+01
<MIXTURE> 4 1.769360e-01
<MEAN> 6
 8.864943e+00 1.243860e+02 8.284789e+01 5.404762e+01 6.510146e+01 1.738375e+02
<VARIANCE> 6
 2.158557e+03 3.380237e+05 1.758172e+05 2.056646e+04 2.985111e+05 5.118205e+07
<GCONST> 8.380141e+01
<MIXTURE> 5 1.728281e-01
<MEAN> 6
 4.419617e+00 -8.432896e+01 -6.534199e+01 6.572601e+00 -6.098251e+00 -1.496373e+03
<VARIANCE> 6
 2.195961e+03 3.335329e+05 1.762778e+05 2.298569e+04 2.992642e+05 5.118205e+07
<GCONST> 8.392156e+01
<TRANSP> 3
 0.000000e+00 1.000000e+00 0.000000e+00
 0.000000e+00 9.999632e-01 3.676013e-05
 0.000000e+00 0.000000e+00 0.000000e+00
<ENDHMM>
~h "QuintoPRIMARIA"
<BEGINHMM>
<NUMSTATES> 3
<STATE> 2
<NUMMIXES> 5
<MIXTURE> 1 3.402912e-01
<MEAN> 6
 7.526106e+01 3.873064e+01 1.052921e+02 -2.402288e+00 -2.460315e+01 -1.492339e+02
<VARIANCE> 6
 2.116026e+02 4.331918e+05 1.308312e+06 2.970847e+02 3.989187e+04 5.118205e+07
<GCONST> 7.748400e+01
<MIXTURE> 2 2.166279e-02
<MEAN> 6
 1.507941e+01 -6.564620e+02 -6.315215e+02 -4.315642e+01 -1.511118e+02 6.879364e+03
<VARIANCE> 6
 7.641161e+03 8.588040e+06 4.514310e+06 6.720078e+05 3.548535e+08 5.196751e+11
<GCONST> 1.113389e+02
<MIXTURE> 3 2.607084e-01
<MEAN> 6
 5.811210e+00 5.304817e+01 1.438128e+02 2.799103e+01 1.496869e+02 1.322468e+03
<VARIANCE> 6
 2.949412e+03 3.534891e+05 4.690790e+05 3.393894e+04 8.092746e+05 1.801711e+08
<GCONST> 8.789639e+01
<MIXTURE> 4 1.173950e-01
<MEAN> 6
 4.947238e+01 1.877017e+02 -2.787185e+02 -2.103492e+00 -3.142003e+02 1.613270e+02
<VARIANCE> 6
 1.776646e+03 3.933816e+06 7.770186e+06 2.840260e+04 2.859112e+05 5.388415e+07
<GCONST> 9.018069e+01
<MIXTURE> 5 2.591807e-01
<MEAN> 6
 -1.893091e+00 -1.343222e+02 -1.031814e+02 -1.948842e+01 3.738716e+01 -1.774337e+03
<VARIANCE> 6
 2.941243e+03 3.596132e+05 5.176896e+05 3.362441e+04 8.380327e+05 1.785986e+08
<GCONST> 8.802625e+01
<TRANSP> 3
 0.000000e+00 1.000000e+00 0.000000e+00
 0.000000e+00 9.999640e-01 3.598156e-05
 0.000000e+00 0.000000e+00 0.000000e+00
<ENDHMM>
