~o
<STREAMINFO> 1 6
<VECSIZE> 6<NULLD><USER><DIAGC>
~h "SegundoPRIMARIA"
<BEGINHMM>
<NUMSTATES> 5
<STATE> 2
<NUMMIXES> 6
<MIXTURE> 1 1.581392e-01
<MEAN> 6
 9.022749e+01 -2.337140e+02 7.353167e+02 -4.347202e+00 -2.610768e+01 -1.818075e+02
<VARIANCE> 6
 4.594021e+02 7.644402e+05 1.973539e+06 2.979992e+02 4.008161e+04 5.125796e+07
<GCONST> 7.924757e+01
<MIXTURE> 2 1.778750e-01
<MEAN> 6
 1.998311e+01 -4.085020e+01 -2.061775e+01 -7.377478e+01 1.060714e+02 2.697645e+03
<VARIANCE> 6
 3.875609e+03 5.830196e+05 2.098992e+06 6.656295e+04 2.540212e+06 8.911473e+08
<GCONST> 9.358435e+01
<MIXTURE> 3 2.286775e-01
<MEAN> 6
 -5.247591e+01 2.289688e+01 -1.486648e+02 4.007909e+01 5.752338e+02 -4.508802e+02
<VARIANCE> 6
 5.472983e+02 1.817055e+05 7.479313e+05 1.867304e+04 2.564317e+05 6.665382e+07
<GCONST> 8.327194e+01
<MIXTURE> 4 1.230439e-01
<MEAN> 6
 5.214973e+01 1.036053e+00 6.881953e+01 6.436863e+01 -2.863792e+02 -6.309693e+02
<VARIANCE> 6
 1.241600e+03 1.191320e+05 3.995158e+05 4.046981e+04 1.970468e+05 6.822231e+07
<GCONST> 8.357520e+01
<MIXTURE> 5 1.812916e-01
<MEAN> 6
 7.221275e+01 2.070879e+02 -5.183978e+02 5.608401e-01 -1.805758e+01 -1.441315e+02
<VARIANCE> 6
 9.895869e+01 3.076878e+05 1.080935e+06 2.979992e+02 4.008161e+04 5.125796e+07
<GCONST> 7.620029e+01
<MIXTURE> 6 1.306671e-01
<MEAN> 6
 6.908429e+01 -1.256580e+02 3.727234e+01 -2.382097e+01 -8.183268e+02 -1.923646e+03
<VARIANCE> 6
 1.002861e+03 2.120908e+05 6.050272e+05 4.319061e+04 4.447493e+05 1.192695e+08
<GCONST> 8.579121e+01
<STATE> 3
<NUMMIXES> 6
<MIXTURE> 1 1.742169e-01
<MEAN> 6
 7.930418e+01 1.186891e+03 2.288228e+01 -1.469290e+00 -3.812906e+00 -6.604362e+01
<VARIANCE> 6
 8.929488e+01 2.285132e+06 1.721692e+05 2.979992e+02 4.008161e+04 5.125796e+07
<GCONST> 7.626552e+01
<MIXTURE> 2 5.525102e-02
<MEAN> 6
 6.916737e+01 -3.877374e+03 7.308495e+02 -1.126933e+00 -2.389622e+00 -1.039525e+02
<VARIANCE> 6
 6.843204e+01 1.888654e+07 7.548028e+05 2.979992e+02 4.008161e+04 5.125796e+07
<GCONST> 7.958942e+01
<MIXTURE> 3 1.333351e-01
<MEAN> 6
 8.270907e+01 1.777079e+01 1.129557e+02 -9.399506e-01 -1.513047e+00 -4.139804e+01
<VARIANCE> 6
 1.293925e+02 3.181471e+04 3.343218e+04 2.979992e+02 4.008161e+04 5.125796e+07
<GCONST> 7.072321e+01
<MIXTURE> 4 2.645198e-01
<MEAN> 6
 7.604044e+01 -2.607591e+02 -4.269280e+02 7.492249e-02 -2.678222e+00 -5.808005e+01
<VARIANCE> 6
 3.160404e+02 2.349878e+05 3.720875e+04 2.979992e+02 4.008161e+04 5.125796e+07
<GCONST> 7.372286e+01
<MIXTURE> 5 2.159318e-01
<MEAN> 6
 7.791159e+01 4.932255e+02 1.784928e+02 -8.782467e-01 1.655723e-01 -1.280027e+01
<VARIANCE> 6
 1.440135e+02 2.123105e+05 4.674672e+04 2.979992e+02 4.008161e+04 5.125796e+07
<GCONST> 7.306361e+01
<MIXTURE> 6 1.565838e-01
<MEAN> 6
 7.128390e+01 -4.410608e+01 -4.106565e+01 4.660218e-01 1.006914e+00 -1.163527e+02
<VARIANCE> 6
 6.148320e+01 2.252247e+04 4.626071e+04 2.979992e+02 4.008161e+04 5.125796e+07
<GCONST> 6.995849e+01
<STATE> 4
<NUMMIXES> 6
<MIXTURE> 1 2.069256e-02
<MEAN> 6
 4.081503e+01 6.699191e+02 -2.075256e+02 -1.014242e+00 -9.749293e+02 2.529749e+03
<VARIANCE> 6
 7.474636e+03 2.522543e+07 1.237990e+06 4.841338e+05 2.447890e+08 3.513333e+11
<GCONST> 1.100099e+02
<MIXTURE> 2 2.878271e-01
<MEAN> 6
 -3.286767e+01 1.472749e+01 1.823205e+01 6.528526e+01 5.239971e+02 -9.776770e+02
<VARIANCE> 6
 8.817751e+02 1.870810e+05 6.850164e+04 2.356790e+04 3.077493e+05 6.630371e+07
<GCONST> 8.179755e+01
<MIXTURE> 3 2.016057e-01
<MEAN> 6
 5.312083e+01 1.174491e+00 4.006538e+01 -1.362837e+01 -5.591057e+02 -1.043409e+02
<VARIANCE> 6
 1.701528e+03 1.052790e+05 4.749750e+04 6.727791e+04 1.131129e+06 4.764397e+08
<GCONST> 8.583651e+01
<MIXTURE> 4 1.713412e-01
<MEAN> 6
 9.624860e+01 -8.879131e+01 -3.866038e+01 -5.247800e+00 -2.356529e+01 -2.564857e+02
<VARIANCE> 6
 3.125271e+02 8.681810e+05 1.346837e+05 2.979992e+02 4.008161e+04 5.125796e+07
<GCONST> 7.630494e+01
<MIXTURE> 5 1.711163e-01
<MEAN> 6
 1.256072e+01 3.143117e+01 -4.520824e+00 -7.110331e+01 4.100318e+02 2.721770e+03
<VARIANCE> 6
 4.525624e+03 1.041821e+06 4.494473e+05 5.544601e+04 2.937087e+06 1.123179e+09
<GCONST> 9.297255e+01
<MIXTURE> 6 1.465774e-01
<MEAN> 6
 8.133353e+01 -2.756097e+01 2.435548e+01 -1.644477e+01 -5.735742e+02 -1.092875e+03
<VARIANCE> 6
 2.982999e+02 2.167192e+05 1.022576e+05 2.253210e+04 2.420857e+05 6.077640e+07
<GCONST> 8.088943e+01
<TRANSP> 5
 0.000000e+00 1.000000e+00 0.000000e+00 0.000000e+00 0.000000e+00
 0.000000e+00 9.998795e-01 1.205379e-04 0.000000e+00 0.000000e+00
 0.000000e+00 0.000000e+00 9.996698e-01 3.301764e-04 0.000000e+00
 0.000000e+00 0.000000e+00 0.000000e+00 9.999362e-01 6.385641e-05
 0.000000e+00 0.000000e+00 0.000000e+00 0.000000e+00 0.000000e+00
<ENDHMM>
~h "SegundoESO"
<BEGINHMM>
<NUMSTATES> 5
<STATE> 2
<NUMMIXES> 6
<MIXTURE> 1 1.056509e-01
<MEAN> 6
 3.605772e+01 2.623248e+03 -7.534860e+02 5.278841e+01 -6.864833e+01 -7.468246e+02
<VARIANCE> 6
 1.774499e+03 3.594053e+07 6.259816e+06 2.565900e+04 1.559090e+05 5.125796e+07
<GCONST> 9.141763e+01
<MIXTURE> 2 1.265331e-01
<MEAN> 6
 8.850565e+01 -3.431099e+03 1.935926e+03 -5.512671e+00 -2.169417e+01 -2.153673e+02
<VARIANCE> 6
 1.566433e+02 5.716143e+06 2.268958e+07 2.979992e+02 4.008161e+04 5.125796e+07
<GCONST> 8.262560e+01
<MIXTURE> 3 1.626394e-01
<MEAN> 6
 -5.145555e+01 7.847830e+01 2.289543e+02 2.182175e+01 4.071906e+02 -8.532746e+01
<VARIANCE> 6
 1.800755e+02 4.179565e+06 2.434350e+06 6.032411e+03 1.545941e+05 5.125796e+07
<GCONST> 8.457738e+01
<MIXTURE> 4 1.450605e-01
<MEAN> 6
 1.306252e+01 2.760626e+02 1.032236e+02 -6.324765e+01 6.037868e+01 1.263121e+03
<VARIANCE> 6
 2.793810e+03 4.557946e+06 3.921666e+06 3.877212e+04 1.344046e+06 3.076279e+08
<GCONST> 9.369789e+01
<MIXTURE> 5 2.566859e-01
<MEAN> 6
 7.614703e+01 3.434353e+02 -7.398683e+02 -1.074599e+00 -2.171095e+01 -1.264657e+02
<VARIANCE> 6
 1.099391e+02 2.139405e+06 5.701236e+06 2.979992e+02 4.008161e+04 5.125796e+07
<GCONST> 7.990756e+01
<MIXTURE> 6 2.031556e-01
<MEAN> 6
 4.980448e+01 1.241759e+02 -3.748174e+02 7.595310e+00 -2.966885e+02 -2.257309e+02
<VARIANCE> 6
 1.218689e+03 4.878177e+06 3.833208e+06 2.974913e+04 1.429595e+05 5.125796e+07
<GCONST> 8.861554e+01
<STATE> 3
<NUMMIXES> 6
<MIXTURE> 1 1.625237e-01
<MEAN> 6
 8.120830e+01 -9.274908e+02 1.563001e+02 -8.735523e-01 -4.142499e+00 -1.206663e+02
<VARIANCE> 6
 4.758667e+01 3.053654e+05 5.211646e+04 2.979992e+02 4.008161e+04 5.125796e+07
<GCONST> 7.242846e+01
<MIXTURE> 2 1.367311e-01
<MEAN> 6
 7.192675e+01 3.939482e+02 -4.559383e+02 -6.048471e-01 -5.683914e+00 -1.002884e+02
<VARIANCE> 6
 3.143036e+01 2.374864e+05 2.530872e+05 2.979992e+02 4.008161e+04 5.125796e+07
<GCONST> 7.334254e+01
<MIXTURE> 3 1.767508e-01
<MEAN> 6
 6.167574e+01 -2.153338e+02 -3.830491e+02 -2.035798e-01 -1.514585e+00 -9.821913e+01
<VARIANCE> 6
 3.382887e+01 2.381834e+06 9.210855e+04 2.979992e+02 4.008161e+04 5.125796e+07
<GCONST> 7.471082e+01
<MIXTURE> 4 1.914590e-01
<MEAN> 6
 6.844208e+01 3.153536e+02 1.453663e+02 -3.170456e-01 -3.929264e+00 -1.052182e+02
<VARIANCE> 6
 3.143036e+01 2.618568e+05 4.367880e+04 2.979992e+02 4.008161e+04 5.125796e+07
<GCONST> 7.168335e+01
<MIXTURE> 5 1.488339e-01
<MEAN> 6
 6.423012e+01 8.101853e+01 -9.987862e+02 -2.665848e-01 -2.893924e+00 -1.292377e+02
<VARIANCE> 6
 6.016545e+01 7.232145e+04 1.009258e+06 2.979992e+02 4.008161e+04 5.125796e+07
<GCONST> 7.418610e+01
<MIXTURE> 6 1.834631e-01
<MEAN> 6
 6.134072e+01 -7.838525e+01 -7.001300e+00 -1.098547e-01 -2.901662e+00 -1.251010e+02
<VARIANCE> 6
 3.143036e+01 1.149586e+05 4.654625e+04 2.979992e+02 4.008161e+04 5.125796e+07
<GCONST> 7.092371e+01
<STATE> 4
<NUMMIXES> 6
<MIXTURE> 1 1.758567e-01
<MEAN> 6
 -4.476935e+01 1.062677e+02 7.890301e+01 2.282544e+01 8.576266e+02 -9.197708e+02
<VARIANCE> 6
 2.429438e+02 4.745371e+05 2.819060e+05 1.851978e+04 2.616662e+05 1.153767e+08
<GCONST> 8.300465e+01
<MIXTURE> 2 1.135554e-01
<MEAN> 6
 2.219510e+01 -5.095751e+01 2.034117e+02 -8.276797e+01 -1.140309e+02 3.307267e+03
<VARIANCE> 6
 2.888969e+03 2.400530e+06 1.721014e+06 4.391239e+04 1.802655e+06 5.945039e+08
<GCONST> 9.334351e+01
<MIXTURE> 3 1.599918e-01
<MEAN> 6
 8.023829e+01 -8.838384e+01 -4.522465e+01 -5.516106e+00 -3.522746e+01 -2.727920e+00
<VARIANCE> 6
 1.614465e+02 8.828882e+05 6.780942e+05 2.979992e+02 4.008161e+04 5.125796e+07
<GCONST> 7.727757e+01
<MIXTURE> 4 1.643375e-01
<MEAN> 6
 5.262291e+01 9.368727e+01 9.795744e+01 6.244684e+01 -3.577185e+02 -7.594408e+02
<VARIANCE> 6
 4.613740e+02 6.864749e+05 4.351005e+05 2.276051e+04 8.904198e+04 5.125796e+07
<GCONST> 8.276616e+01
<MIXTURE> 5 2.262538e-01
<MEAN> 6
 -1.076178e+01 4.415024e+01 2.407657e+01 1.498819e+01 1.408597e+02 -5.764441e+02
<VARIANCE> 6
 6.722480e+02 2.702374e+05 2.499340e+05 2.859371e+04 7.568005e+04 5.125796e+07
<GCONST> 8.172149e+01
<MIXTURE> 6 1.587948e-01
<MEAN> 6
 6.050602e+01 -7.335240e+01 3.711003e+01 -4.493941e+01 -6.574174e+02 4.236830e+02
<VARIANCE> 6
 4.759353e+02 7.142937e+05 1.324854e+05 2.499294e+04 2.164180e+05 7.112862e+07
<GCONST> 8.295714e+01
<TRANSP> 5
 0.000000e+00 1.000000e+00 0.000000e+00 0.000000e+00 0.000000e+00
 0.000000e+00 9.997986e-01 2.013908e-04 0.000000e+00 0.000000e+00
 0.000000e+00 0.000000e+00 9.997258e-01 2.741830e-04 0.000000e+00
 0.000000e+00 0.000000e+00 0.000000e+00 9.999464e-01 5.361789e-05
 0.000000e+00 0.000000e+00 0.000000e+00 0.000000e+00 0.000000e+00
<ENDHMM>
~h "QuintoPRIMARIA"
<BEGINHMM>
<NUMSTATES> 5
<STATE> 2
<NUMMIXES> 6
<MIXTURE> 1 1.486351e-01
<MEAN> 6
 -3.900621e+01 -4.108671e+00 1.281115e+02 -3.195400e+01 1.067182e+03 1.627089e+02
<VARIANCE> 6
 5.105060e+02 1.734502e+05 1.793347e+05 4.416565e+04 5.460626e+05 3.107023e+08
<GCONST> 8.488386e+01
<MIXTURE> 2 7.415222e-02
<MEAN> 6
 4.323468e+01 -1.815763e+01 -4.464546e+01 -4.609462e+01 -5.981793e+02 4.332552e+03
<VARIANCE> 6
 2.390219e+03 7.817346e+05 1.124389e+06 5.732722e+04 2.008909e+06 9.414166e+08
<GCONST> 9.244096e+01
<MIXTURE> 3 1.479420e-01
<MEAN> 6
 6.756595e+01 -1.149998e+01 7.152958e+01 -2.349966e+00 -2.587664e+01 -3.153065e+02
<VARIANCE> 6
 1.317715e+02 4.230271e+04 1.269340e+05 2.979992e+02 4.008161e+04 5.125796e+07
<GCONST> 7.236050e+01
<MIXTURE> 4 3.396829e-01
<MEAN> 6
 5.217187e+01 3.055463e+01 -2.793146e+01 2.587004e+00 -5.182077e+02 -5.015640e+02
<VARIANCE> 6
 8.576907e+02 1.195442e+05 9.320234e+04 3.742727e+04 3.063617e+05 9.228814e+07
<GCONST> 8.241857e+01
<MIXTURE> 5 1.795171e-01
<MEAN> 6
 -3.905150e+01 1.711763e+00 -2.451658e+00 4.801709e+01 3.851703e+02 -5.988846e+02
<VARIANCE> 6
 5.613494e+02 7.760068e+04 7.750371e+04 1.117865e+04 1.217428e+05 5.125796e+07
<GCONST> 7.865883e+01
<MIXTURE> 6 1.096155e-01
<MEAN> 6
 7.578360e+01 -8.845547e+01 -1.967022e+02 -3.890559e+00 -3.225847e+01 -2.450880e+02
<VARIANCE> 6
 1.823381e+02 3.405125e+05 1.371820e+05 2.979992e+02 4.008161e+04 5.125796e+07
<GCONST> 7.484854e+01
<STATE> 3
<NUMMIXES> 6
<MIXTURE> 1 1.111487e-01
<MEAN> 6
 9.001144e+01 1.475024e+03 -4.295985e+02 -3.364549e+00 -3.809406e+00 2.732126e+01
<VARIANCE> 6
 3.267570e+02 1.216820e+06 5.538729e+04 2.979992e+02 4.008161e+04 5.125796e+07
<GCONST> 7.579848e+01
<MIXTURE> 2 2.088645e-01
<MEAN> 6
 6.824150e+01 -4.358904e+02 -8.174567e+01 -1.217591e+00 -3.088390e+00 -3.055721e+01
<VARIANCE> 6
 9.760846e+01 2.550246e+05 5.486161e+05 2.979992e+02 4.008161e+04 5.125796e+07
<GCONST> 7.532064e+01
<MIXTURE> 3 2.164569e-01
<MEAN> 6
 8.057079e+01 -5.251575e+01 -1.264726e+01 -3.328703e+00 2.928176e+00 1.545796e+01
<VARIANCE> 6
 1.178167e+02 9.745084e+04 5.764954e+04 2.979992e+02 4.008161e+04 5.125796e+07
<GCONST> 7.229378e+01
<MIXTURE> 4 7.363183e-02
<MEAN> 6
 6.190448e+01 -3.123638e+03 -5.192247e+03 6.096828e-01 -6.131919e+00 -6.294110e+01
<VARIANCE> 6
 3.143036e+01 1.653932e+07 7.698114e+06 2.979992e+02 4.008161e+04 5.125796e+07
<GCONST> 8.100092e+01
<MIXTURE> 5 2.071354e-01
<MEAN> 6
 6.069350e+01 3.932442e+02 -1.195667e+03 3.075899e-01 -3.820581e+00 -9.051520e+01
<VARIANCE> 6
 4.931078e+01 3.836780e+05 2.811080e+06 2.979992e+02 4.008161e+04 5.125796e+07
<GCONST> 7.668018e+01
<MIXTURE> 6 1.826455e-01
<MEAN> 6
 7.878831e+01 -1.231936e+02 -5.874011e+01 -2.888429e+00 1.748764e+00 -4.291815e+00
<VARIANCE> 6
 1.142364e+02 9.488925e+04 6.122275e+04 2.979992e+02 4.008161e+04 5.125796e+07
<GCONST> 7.229642e+01
<STATE> 4
<NUMMIXES> 6
<MIXTURE> 1 2.764610e-01
<MEAN> 6
 8.172680e+01 1.955902e+02 6.929013e+02 -2.912785e+00 -2.687644e+01 -1.422892e+02
<VARIANCE> 6
 2.311028e+02 1.924446e+06 2.461784e+06 2.979992e+02 4.008161e+04 5.125796e+07
<GCONST> 7.970481e+01
<MIXTURE> 2 1.704754e-02
<MEAN> 6
 -6.435243e+00 1.529081e+02 1.191307e+02 -2.409638e+01 3.033146e+01 3.738659e+03
<VARIANCE> 6
 1.149790e+04 2.190439e+05 4.110325e+05 1.847464e+06 1.008547e+09 1.483286e+12
<GCONST> 1.087870e+02
<MIXTURE> 3 1.610672e-01
<MEAN> 6
 1.593457e+01 -8.057028e+01 -2.607589e+02 -6.438558e+01 3.420108e+01 1.698867e+03
<VARIANCE> 6
 4.049788e+03 2.394348e+06 2.284845e+06 4.694191e+04 2.701990e+06 1.218515e+09
<GCONST> 9.515118e+01
<MIXTURE> 4 1.938429e-01
<MEAN> 6
 -1.584949e-01 2.903955e+02 1.974104e+01 4.700299e+00 8.782603e+01 -3.054116e+02
<VARIANCE> 6
 2.926165e+03 1.986219e+06 5.577662e+06 3.421675e+04 5.437525e+05 7.280902e+07
<GCONST> 9.079480e+01
<MIXTURE> 5 1.801103e-01
<MEAN> 6
 -1.397294e+01 -1.816518e+02 2.309848e+02 5.728272e+01 2.254768e+02 -2.366392e+02
<VARIANCE> 6
 2.974354e+03 3.181421e+05 4.828314e+05 1.840206e+04 3.087750e+05 5.125796e+07
<GCONST> 8.499568e+01
<MIXTURE> 6 1.710494e-01
<MEAN> 6
 3.896783e+01 -2.108064e+02 -4.036816e+01 5.171967e+00 -3.258995e+02 -1.040260e+03
<VARIANCE> 6
 2.221989e+03 5.127216e+05 4.712762e+05 3.076919e+04 3.209326e+05 6.783262e+07
<GCONST> 8.598992e+01
<TRANSP> 5
 0.000000e+00 1.000000e+00 0.000000e+00 0.000000e+00 0.000000e+00
 0.000000e+00 9.999185e-01 8.152612e-05 0.000000e+00 0.000000e+00
 0.000000e+00 0.000000e+00 9.996899e-01 3.100448e-04 0.000000e+00
 0.000000e+00 0.000000e+00 0.000000e+00 9.999191e-01 8.087062e-05
 0.000000e+00 0.000000e+00 0.000000e+00 0.000000e+00 0.000000e+00
<ENDHMM>
