~o
<STREAMINFO> 1 6
<VECSIZE> 6<NULLD><USER><DIAGC>
~h "SegundoPRIMARIA"
<BEGINHMM>
<NUMSTATES> 5
<STATE> 2
<NUMMIXES> 8
<MIXTURE> 1 1.354589e-01
<MEAN> 6
 2.163334e+01 5.556486e+01 1.195968e+01 2.509970e+02 6.348080e+01 -3.353843e+03
<VARIANCE> 6
 8.318628e+02 1.114327e+05 4.156362e+04 6.433645e+03 2.449123e+05 7.655262e+07
<GCONST> 7.933852e+01
<MIXTURE> 2 8.400816e-02
<MEAN> 6
 6.170389e+01 -2.922923e+00 5.316384e+01 -1.683457e+01 -6.209641e+02 2.263438e+03
<VARIANCE> 6
 3.311521e+03 5.219172e+05 4.191178e+05 6.397726e+04 4.848058e+06 2.720513e+09
<GCONST> 9.342805e+01
<MIXTURE> 3 1.215068e-01
<MEAN> 6
 7.930003e+01 7.644935e+01 -8.728550e+00 -1.339807e+00 -1.779424e+01 -2.099016e+02
<VARIANCE> 6
 2.516819e+02 1.805384e+05 7.438557e+04 2.952653e+02 3.937555e+04 5.047826e+07
<GCONST> 7.388197e+01
<MIXTURE> 4 1.839509e-01
<MEAN> 6
 8.490102e+01 6.489531e+00 3.436618e+01 -1.126159e+01 -8.120778e+02 -1.600591e+03
<VARIANCE> 6
 2.757372e+02 1.070456e+05 5.558940e+04 2.277556e+04 3.642644e+05 1.393616e+08
<GCONST> 8.074513e+01
<MIXTURE> 5 1.208918e-01
<MEAN> 6
 -4.074606e+01 5.365635e+01 2.557242e+00 -2.022079e+01 1.373948e+03 -1.847478e+03
<VARIANCE> 6
 2.871805e+02 1.184764e+05 4.900980e+04 4.061296e+04 5.788717e+05 3.520044e+08
<GCONST> 8.272945e+01
<MIXTURE> 6 1.058986e-01
<MEAN> 6
 2.289880e+01 6.928584e+00 5.863209e+01 -2.851826e+02 -2.574345e+02 7.371852e+03
<VARIANCE> 6
 8.178974e+02 6.369893e+04 5.788970e+04 9.326253e+03 6.874423e+05 2.548758e+08
<GCONST> 8.169982e+01
<MIXTURE> 7 1.297351e-01
<MEAN> 6
 -5.125001e+01 4.133501e+01 3.963602e+01 2.495033e+01 4.471654e+02 2.886338e+02
<VARIANCE> 6
 2.124053e+02 9.806604e+04 6.326395e+04 4.539625e+03 1.575720e+05 5.047826e+07
<GCONST> 7.705952e+01
<MIXTURE> 8 1.180550e-01
<MEAN> 6
 7.273981e+01 -1.439073e+02 -1.809456e+02 -1.069770e+00 -1.350294e+01 -1.786704e+02
<VARIANCE> 6
 1.973385e+02 2.205974e+05 8.763155e+04 2.952653e+02 3.937555e+04 5.047826e+07
<GCONST> 7.400300e+01
<STATE> 3
<NUMMIXES> 8
<MIXTURE> 1 1.372236e-01
<MEAN> 6
 7.791158e+01 1.253835e+03 5.377551e+02 -1.368725e+00 -3.610854e+00 -9.009413e+01
<VARIANCE> 6
 3.128041e+01 7.934961e+05 1.264017e+05 2.952653e+02 3.937555e+04 5.047826e+07
<GCONST> 7.380750e+01
<MIXTURE> 2 5.731659e-02
<MEAN> 6
 7.316047e+01 -4.534845e+03 2.288840e+03 -2.358279e+00 -9.523389e-01 -3.228740e+01
<VARIANCE> 6
 8.072063e+01 1.369207e+07 2.025275e+06 2.952653e+02 3.937555e+04 5.047826e+07
<GCONST> 8.037762e+01
<MIXTURE> 3 1.475052e-01
<MEAN> 6
 1.002741e+02 -9.380242e+01 7.352716e+01 -3.180171e+00 -7.525955e+00 1.146337e+02
<VARIANCE> 6
 8.182020e+01 1.722860e+05 6.628667e+04 2.952653e+02 3.937555e+04 5.047826e+07
<GCONST> 7.259627e+01
<MIXTURE> 4 1.224355e-01
<MEAN> 6
 7.473958e+01 8.183534e+01 -1.015995e+03 -7.299420e-01 -8.753126e-01 -5.388831e+01
<VARIANCE> 6
 4.131746e+01 2.646379e+04 5.760981e+05 2.952653e+02 3.937555e+04 5.047826e+07
<GCONST> 7.220194e+01
<MIXTURE> 5 1.180271e-01
<MEAN> 6
 7.477534e+01 -5.613529e+02 9.865499e+02 -7.731721e-01 3.161755e+00 -1.220539e+02
<VARIANCE> 6
 1.089691e+02 5.949188e+05 3.623021e+05 2.952653e+02 3.937555e+04 5.047826e+07
<GCONST> 7.582057e+01
<MIXTURE> 6 1.591763e-01
<MEAN> 6
 9.636470e+01 -6.751620e+02 -1.429525e+02 -3.990961e+00 8.312368e-01 3.696256e+01
<VARIANCE> 6
 7.870638e+01 2.720145e+06 4.495799e+04 2.952653e+02 3.937555e+04 5.047826e+07
<GCONST> 7.492850e+01
<MIXTURE> 7 1.458373e-01
<MEAN> 6
 9.595786e+01 -8.461914e-01 -1.563446e+02 -1.377965e+00 -2.271505e+00 -2.040549e+01
<VARIANCE> 6
 7.401348e+01 2.881311e+05 1.001555e+05 2.952653e+02 3.937555e+04 5.047826e+07
<GCONST> 7.342299e+01
<MIXTURE> 8 1.122978e-01
<MEAN> 6
 7.278464e+01 -6.930532e+01 -8.372581e+02 -1.127166e+00 -1.465424e+00 -8.761349e+01
<VARIANCE> 6
 3.128041e+01 6.108257e+04 2.424939e+05 2.952653e+02 3.937555e+04 5.047826e+07
<GCONST> 7.189480e+01
<STATE> 4
<NUMMIXES> 8
<MIXTURE> 1 2.136739e-02
<MEAN> 6
 8.715115e+00 5.283903e+02 -1.680943e+02 -3.815257e+01 8.269183e+01 3.704889e+03
<VARIANCE> 6
 7.713366e+03 3.498800e+07 1.136664e+06 6.642011e+05 3.497988e+08 5.051041e+11
<GCONST> 1.113193e+02
<MIXTURE> 2 1.921865e-01
<MEAN> 6
 9.710256e+01 9.296838e+01 -2.164862e+01 -5.195515e+00 -3.826708e+01 -2.122816e+02
<VARIANCE> 6
 3.043741e+02 8.197851e+05 5.977139e+05 2.952653e+02 3.937555e+04 5.047826e+07
<GCONST> 7.766901e+01
<MIXTURE> 3 9.258916e-02
<MEAN> 6
 7.148795e+01 2.156584e+02 -9.765753e+01 -1.137793e+01 -7.753228e+02 1.937180e+03
<VARIANCE> 6
 2.139211e+03 1.679758e+06 1.801987e+06 6.199252e+04 2.154880e+06 1.481464e+09
<GCONST> 9.416833e+01
<MIXTURE> 4 2.140120e-01
<MEAN> 6
 -2.381824e+01 1.283627e+02 4.403316e+01 5.539037e+01 3.350228e+02 -8.521066e+02
<VARIANCE> 6
 1.118871e+03 2.977824e+05 2.288427e+05 2.336531e+04 1.387408e+05 5.047826e+07
<GCONST> 8.262867e+01
<MIXTURE> 5 1.376025e-01
<MEAN> 6
 -4.123444e+01 -1.244382e+02 -4.670541e+01 -4.676278e+01 1.107589e+03 4.804565e+02
<VARIANCE> 6
 7.966675e+02 4.597220e+05 1.040934e+06 4.868174e+04 8.142203e+05 4.556952e+08
<GCONST> 8.894209e+01
<MIXTURE> 6 1.353682e-01
<MEAN> 6
 7.779594e+01 6.769214e+01 1.798212e+02 2.505297e+01 -4.346236e+02 1.605533e+02
<VARIANCE> 6
 7.515802e+02 2.423085e+05 3.837261e+05 2.951219e+04 2.189472e+05 8.135391e+07
<GCONST> 8.370856e+01
<MIXTURE> 7 7.707487e-02
<MEAN> 6
 -1.506338e+00 1.021023e+02 -3.093454e+02 -4.123806e-01 4.945250e+01 7.389875e+00
<VARIANCE> 6
 5.428330e+03 3.519494e+05 1.533996e+06 2.952653e+02 3.937555e+04 5.047826e+07
<GCONST> 8.064710e+01
<MIXTURE> 8 1.293515e-01
<MEAN> 6
 6.916406e+01 -1.607948e+02 -5.331082e+01 -4.277305e+01 -7.060231e+02 -8.454794e+02
<VARIANCE> 6
 8.663452e+02 2.788590e+05 3.270662e+05 4.354427e+04 3.601182e+05 1.134586e+08
<GCONST> 8.505060e+01
<TRANSP> 5
 0.000000e+00 1.000000e+00 0.000000e+00 0.000000e+00 0.000000e+00
 0.000000e+00 9.999257e-01 7.433176e-05 0.000000e+00 0.000000e+00
 0.000000e+00 0.000000e+00 9.996489e-01 3.510589e-04 0.000000e+00
 0.000000e+00 0.000000e+00 0.000000e+00 9.999069e-01 9.308357e-05
 0.000000e+00 0.000000e+00 0.000000e+00 0.000000e+00 0.000000e+00
<ENDHMM>
~h "SegundoESO"
<BEGINHMM>
<NUMSTATES> 5
<STATE> 2
<NUMMIXES> 8
<MIXTURE> 1 9.381190e-02
<MEAN> 6
 8.542831e+00 3.900848e+02 3.411403e+02 -9.924470e+01 1.361585e+02 3.065115e+03
<VARIANCE> 6
 2.728357e+03 5.098456e+06 7.828802e+06 4.767097e+04 1.470009e+06 4.040679e+08
<GCONST> 9.504643e+01
<MIXTURE> 2 1.480715e-01
<MEAN> 6
 7.866090e+01 -2.687234e+02 5.960380e+02 -2.066726e+00 -3.687355e+01 -7.636083e+01
<VARIANCE> 6
 8.302618e+01 5.290155e+05 2.267598e+06 2.952653e+02 3.937555e+04 5.047826e+07
<GCONST> 7.726525e+01
<MIXTURE> 3 1.106126e-01
<MEAN> 6
 8.580896e+01 -1.992519e+03 5.568330e+02 -4.577559e+00 -1.763748e+01 -1.832226e+02
<VARIANCE> 6
 1.574697e+02 6.012301e+06 2.643125e+07 2.952653e+02 3.937555e+04 5.047826e+07
<GCONST> 8.279170e+01
<MIXTURE> 4 1.685373e-01
<MEAN> 6
 -2.946950e+01 2.914925e+02 2.890349e+02 2.956758e+01 5.544753e+02 -1.021485e+03
<VARIANCE> 6
 5.451180e+02 2.016963e+06 3.857520e+06 3.321642e+04 2.377181e+05 5.293302e+07
<GCONST> 8.758508e+01
<MIXTURE> 5 1.191313e-01
<MEAN> 6
 6.273994e+01 4.893874e+02 1.663193e+01 6.466840e+01 -4.154750e+02 -8.290546e+01
<VARIANCE> 6
 5.932001e+02 3.237505e+06 5.621401e+06 2.160479e+04 1.118801e+05 5.047826e+07
<GCONST> 8.728811e+01
<MIXTURE> 6 1.406032e-01
<MEAN> 6
 7.105266e+01 6.297438e+02 -2.304615e+03 9.447275e-02 -9.191046e+00 -7.898203e+01
<VARIANCE> 6
 9.094457e+01 5.556491e+05 5.237940e+06 2.952653e+02 3.937555e+04 5.047826e+07
<GCONST> 7.824267e+01
<MIXTURE> 7 9.989149e-02
<MEAN> 6
 -5.906506e+01 2.312648e+02 2.958192e+02 1.083551e+01 2.293605e+02 4.947371e+01
<VARIANCE> 6
 1.096157e+02 8.191752e+05 2.579006e+06 1.354983e+03 7.907753e+04 5.047826e+07
<GCONST> 8.032999e+01
<MIXTURE> 8 1.189413e-01
<MEAN> 6
 6.041759e+01 -9.764035e+01 6.007308e+01 -2.816392e+01 -6.045850e+02 -5.939371e+02
<VARIANCE> 6
 6.525005e+02 1.807457e+06 3.160258e+06 3.213460e+04 2.133932e+05 5.047826e+07
<GCONST> 8.726730e+01
<STATE> 3
<NUMMIXES> 8
<MIXTURE> 1 7.074382e-02
<MEAN> 6
 8.329677e+01 -8.638126e+02 3.257135e+02 -1.123407e+00 -3.345643e+00 -7.539165e+01
<VARIANCE> 6
 5.373363e+01 8.223832e+05 3.282593e+04 2.952653e+02 3.937555e+04 5.047826e+07
<GCONST> 7.303606e+01
<MIXTURE> 2 1.775033e-01
<MEAN> 6
 7.047782e+01 5.275101e+02 -8.956895e+01 -4.959024e-01 -5.698511e+00 -1.016715e+02
<VARIANCE> 6
 3.128041e+01 4.186596e+05 1.181806e+05 2.952653e+02 3.937555e+04 5.047826e+07
<GCONST> 7.310087e+01
<MIXTURE> 3 1.266616e-01
<MEAN> 6
 6.625858e+01 2.446082e+02 1.608809e+02 -2.092493e-01 -3.720073e+00 -1.054723e+02
<VARIANCE> 6
 4.913391e+01 1.633575e+05 4.261703e+04 2.952653e+02 3.937555e+04 5.047826e+07
<GCONST> 7.159135e+01
<MIXTURE> 4 1.368748e-01
<MEAN> 6
 7.613156e+01 -8.385820e+02 9.478735e+01 -3.337423e-01 -3.065975e+00 -1.041172e+02
<VARIANCE> 6
 9.469692e+01 2.586510e+05 3.748993e+04 2.952653e+02 3.937555e+04 5.047826e+07
<GCONST> 7.257883e+01
<MIXTURE> 5 9.449068e-02
<MEAN> 6
 6.154969e+01 4.565153e+01 -1.211713e+02 1.032420e-02 -1.482552e+00 -1.064989e+02
<VARIANCE> 6
 4.213734e+01 1.554929e+05 1.163898e+05 2.952653e+02 3.937555e+04 5.047826e+07
<GCONST> 7.239308e+01
<MIXTURE> 6 1.817221e-01
<MEAN> 6
 6.987266e+01 5.029683e+02 -2.195031e+02 -4.312119e-01 -5.301229e+00 -1.082394e+02
<VARIANCE> 6
 3.128041e+01 5.476958e+05 1.203931e+05 2.952653e+02 3.937555e+04 5.047826e+07
<GCONST> 7.338808e+01
<MIXTURE> 7 1.167647e-01
<MEAN> 6
 6.193705e+01 9.343964e+01 -4.830768e+00 6.215350e-02 -1.997861e+00 -1.162184e+02
<VARIANCE> 6
 3.395518e+01 1.735139e+05 4.789756e+04 2.952653e+02 3.937555e+04 5.047826e+07
<GCONST> 7.139896e+01
<MIXTURE> 8 9.508668e-02
<MEAN> 6
 5.921408e+01 -4.862651e+01 -2.651947e+02 -7.260314e-02 -5.700787e-01 -8.875400e+01
<VARIANCE> 6
 3.128041e+01 1.564660e+05 1.115510e+05 2.952653e+02 3.937555e+04 5.047826e+07
<GCONST> 7.205891e+01
<STATE> 4
<NUMMIXES> 8
<MIXTURE> 1 1.774594e-01
<MEAN> 6
 -4.783749e+01 1.183895e+02 2.630754e+01 1.478662e+01 9.027623e+02 -6.610735e+02
<VARIANCE> 6
 2.126046e+02 4.694335e+05 3.188522e+05 1.846304e+04 3.301348e+05 1.321820e+08
<GCONST> 8.334894e+01
<MIXTURE> 2 9.341926e-02
<MEAN> 6
 3.257683e+01 -9.415776e+01 1.826090e+02 -9.110936e+01 -3.043344e+02 3.979144e+03
<VARIANCE> 6
 2.740362e+03 3.256635e+06 1.289478e+06 4.533936e+04 1.831862e+06 6.454010e+08
<GCONST> 9.343722e+01
<MIXTURE> 3 1.696325e-01
<MEAN> 6
 7.849184e+01 -1.561923e+02 -8.010413e+01 -4.558706e+00 -3.509623e+01 -1.679631e+00
<VARIANCE> 6
 1.784978e+02 1.380058e+06 4.775624e+05 2.952653e+02 3.937555e+04 5.047826e+07
<GCONST> 7.743176e+01
<MIXTURE> 4 8.633003e-02
<MEAN> 6
 4.821400e+01 2.556683e+02 1.290481e+02 1.025218e+02 -2.727926e+02 -7.884155e+02
<VARIANCE> 6
 4.701639e+02 8.940151e+05 3.157204e+05 1.763138e+04 7.631050e+04 5.047826e+07
<GCONST> 8.230349e+01
<MIXTURE> 5 1.202262e-01
<MEAN> 6
 -7.285159e+00 1.412455e+02 7.541451e+01 7.703219e+00 1.581396e+02 -1.071939e+03
<VARIANCE> 6
 4.539326e+02 3.134655e+05 1.508623e+05 3.762893e+04 1.030301e+05 7.924267e+07
<GCONST> 8.199111e+01
<MIXTURE> 6 1.480941e-01
<MEAN> 6
 6.723540e+01 -7.312734e+01 3.829590e+01 -3.799282e+01 -7.257834e+02 2.436389e+02
<VARIANCE> 6
 2.837927e+02 5.097862e+05 1.010705e+05 1.960035e+04 2.077339e+05 8.152961e+07
<GCONST> 8.168462e+01
<MIXTURE> 7 1.158272e-01
<MEAN> 6
 -1.315979e+01 -7.419597e+01 -2.265586e+01 5.073600e+00 1.674754e+02 2.512881e+01
<VARIANCE> 6
 7.414326e+02 2.227961e+05 8.881630e+04 2.492774e+04 8.329030e+04 5.047826e+07
<GCONST> 8.053506e+01
<MIXTURE> 8 8.784693e-02
<MEAN> 6
 4.309249e+01 -8.268710e+01 -2.634398e+00 2.623017e+01 -3.641636e+02 -8.760538e+02
<VARIANCE> 6
 5.341190e+02 7.835353e+05 3.182537e+05 3.734523e+04 8.081823e+04 5.047826e+07
<GCONST> 8.311503e+01
<TRANSP> 5
 0.000000e+00 1.000000e+00 0.000000e+00 0.000000e+00 0.000000e+00
 0.000000e+00 9.998683e-01 1.316914e-04 0.000000e+00 0.000000e+00
 0.000000e+00 0.000000e+00 9.996707e-01 3.292201e-04 0.000000e+00
 0.000000e+00 0.000000e+00 0.000000e+00 9.999408e-01 5.926917e-05
 0.000000e+00 0.000000e+00 0.000000e+00 0.000000e+00 0.000000e+00
<ENDHMM>
~h "QuintoPRIMARIA"
<BEGINHMM>
<NUMSTATES> 5
<STATE> 2
<NUMMIXES> 8
<MIXTURE> 1 1.722935e-01
<MEAN> 6
 -3.410643e+01 -2.778674e+01 1.066268e+02 -3.812661e+00 9.424557e+02 -7.935052e+02
<VARIANCE> 6
 4.955826e+02 1.520760e+05 1.904456e+05 4.235948e+04 4.631854e+05 2.253816e+08
<GCONST> 8.425539e+01
<MIXTURE> 2 5.768355e-02
<MEAN> 6
 3.620013e+01 6.460976e+01 -1.301364e+01 -3.158445e+01 -4.544161e+02 4.235897e+03
<VARIANCE> 6
 2.639269e+03 5.056574e+05 1.212916e+06 6.077917e+04 2.673201e+06 1.147121e+09
<GCONST> 9.272198e+01
<MIXTURE> 3 9.236132e-02
<MEAN> 6
 7.708043e+01 -6.205305e+00 -1.861224e+02 -1.098459e+01 -6.222239e+02 -3.500439e+02
<VARIANCE> 6
 1.721059e+02 8.213852e+05 1.377336e+05 1.274468e+04 3.274137e+05 5.891971e+07
<GCONST> 8.167073e+01
<MIXTURE> 4 1.220968e-01
<MEAN> 6
 7.174693e+01 6.680800e+01 -1.488245e+01 -3.415828e+00 -2.512709e+01 -2.967944e+02
<VARIANCE> 6
 1.472749e+02 1.045880e+05 1.331600e+05 2.952653e+02 3.937555e+04 5.047826e+07
<GCONST> 7.338248e+01
<MIXTURE> 5 1.516778e-01
<MEAN> 6
 4.648750e+01 4.070766e+01 2.658273e+01 6.165892e+01 -3.197168e+02 -1.453799e+03
<VARIANCE> 6
 8.813295e+02 8.404563e+04 3.901375e+04 3.149525e+04 1.897392e+05 5.047826e+07
<GCONST> 7.996753e+01
<MIXTURE> 6 1.307190e-01
<MEAN> 6
 -4.902190e+01 1.685786e+01 1.898902e+01 3.413530e+01 3.893968e+02 4.163078e+01
<VARIANCE> 6
 2.716900e+02 7.867490e+04 6.563016e+04 3.538362e+03 1.179489e+05 5.047826e+07
<GCONST> 7.658327e+01
<MIXTURE> 7 1.510075e-01
<MEAN> 6
 4.060422e+01 -6.741128e+00 -4.575053e+01 -5.939520e+01 -4.969709e+02 1.337237e+03
<VARIANCE> 6
 1.097283e+03 6.169211e+04 1.158518e+05 4.553956e+04 4.394895e+05 1.814601e+08
<GCONST> 8.345409e+01
<MIXTURE> 8 1.215408e-01
<MEAN> 6
 6.755727e+01 -2.767863e+01 -1.087070e+02 -2.070380e+00 -2.490722e+01 -2.580838e+02
<VARIANCE> 6
 1.105188e+02 8.133087e+04 1.311676e+05 2.952653e+02 3.937555e+04 5.047826e+07
<GCONST> 7.282879e+01
<STATE> 3
<NUMMIXES> 8
<MIXTURE> 1 1.092928e-01
<MEAN> 6
 9.154742e+01 1.532123e+03 -4.574941e+02 -3.083911e+00 -1.284903e+00 -9.996336e+00
<VARIANCE> 6
 3.578653e+02 1.155747e+06 5.330966e+04 2.952653e+02 3.937555e+04 5.047826e+07
<GCONST> 7.575738e+01
<MIXTURE> 2 1.588958e-01
<MEAN> 6
 8.926297e+01 -1.115530e+02 -3.063710e+01 -4.510006e+00 2.168192e+00 5.796808e+01
<VARIANCE> 6
 5.664919e+01 3.988290e+04 2.864680e+04 2.952653e+02 3.937555e+04 5.047826e+07
<GCONST> 6.992647e+01
<MIXTURE> 3 1.597071e-01
<MEAN> 6
 7.621809e+01 -2.945099e+02 3.580974e+02 -2.625660e+00 -3.567113e-01 -2.291980e+01
<VARIANCE> 6
 3.128041e+01 5.016127e+04 1.539809e+05 2.952653e+02 3.937555e+04 5.047826e+07
<GCONST> 7.124367e+01
<MIXTURE> 4 7.930215e-02
<MEAN> 6
 6.267104e+01 -3.285382e+03 -5.013281e+03 -3.826066e-01 -2.672003e+00 -6.095045e+01
<VARIANCE> 6
 3.128041e+01 1.702015e+07 7.408503e+06 2.952653e+02 3.937555e+04 5.047826e+07
<GCONST> 8.094413e+01
<MIXTURE> 5 9.664170e-02
<MEAN> 6
 6.277154e+01 3.836023e+02 -5.633984e+02 8.868127e-01 -4.244842e+00 -6.696113e+01
<VARIANCE> 6
 1.084398e+02 5.441982e+05 2.468773e+06 2.952653e+02 3.937555e+04 5.047826e+07
<GCONST> 7.764558e+01
<MIXTURE> 6 1.717164e-01
<MEAN> 6
 8.364867e+01 8.869690e+01 -1.955859e+02 -2.376518e+00 -8.561639e-02 -7.414007e+00
<VARIANCE> 6
 3.128041e+01 1.380887e+05 3.879199e+04 2.952653e+02 3.937555e+04 5.047826e+07
<GCONST> 7.087770e+01
<MIXTURE> 7 1.243197e-01
<MEAN> 6
 7.572453e+01 -7.632092e+02 -1.084719e+02 -1.697439e+00 -2.499752e+00 -4.403185e+01
<VARIANCE> 6
 3.128041e+01 1.549061e+05 8.614278e+04 2.952653e+02 3.937555e+04 5.047826e+07
<GCONST> 7.179042e+01
<MIXTURE> 8 9.999166e-02
<MEAN> 6
 6.503950e+01 2.851928e+01 -1.554241e+03 8.532907e-01 -4.827305e+00 -9.053268e+01
<VARIANCE> 6
 5.006796e+01 6.367709e+05 2.077649e+06 2.952653e+02 3.937555e+04 5.047826e+07
<GCONST> 7.685738e+01
<STATE> 4
<NUMMIXES> 8
<MIXTURE> 1 1.890946e-02
<MEAN> 6
 -6.743123e+00 1.602949e+02 1.106794e+02 -2.161512e+01 1.565120e+01 4.713473e+03
<VARIANCE> 6
 1.166741e+04 2.007151e+05 4.113428e+05 1.949376e+06 1.066145e+09 1.568189e+12
<GCONST> 1.088799e+02
<MIXTURE> 2 1.195604e-01
<MEAN> 6
 8.809420e+01 -1.366140e+02 1.097770e+03 -3.410862e+00 -1.902711e+01 -1.343797e+01
<VARIANCE> 6
 1.475336e+02 3.501322e+06 3.347378e+06 2.952653e+02 3.937555e+04 5.047826e+07
<GCONST> 8.011948e+01
<MIXTURE> 3 1.348246e-01
<MEAN> 6
 8.578946e+00 -1.063482e+02 -3.534173e+01 -7.766045e+01 2.287323e+02 1.795680e+03
<VARIANCE> 6
 4.437004e+03 2.460325e+06 2.470616e+06 5.661358e+04 3.480609e+06 1.777671e+09
<GCONST> 9.616607e+01
<MIXTURE> 4 1.135936e-01
<MEAN> 6
 -4.120010e+01 1.894084e+01 2.255212e+02 8.584359e+01 6.964417e+02 -1.065172e+03
<VARIANCE> 6
 4.245871e+02 1.690264e+06 1.583866e+06 2.428083e+04 2.770621e+05 6.261358e+07
<GCONST> 8.627608e+01
<MIXTURE> 5 1.445713e-01
<MEAN> 6
 5.689105e+01 4.036302e+02 5.356985e+02 4.277969e+01 -4.765291e+02 -5.862456e+02
<VARIANCE> 6
 8.990254e+02 2.183528e+06 4.132230e+06 3.346804e+04 2.015262e+05 5.047826e+07
<GCONST> 8.802843e+01
<MIXTURE> 6 1.709208e-01
<MEAN> 6
 8.577898e+01 1.965796e+02 -1.709916e+02 -3.182142e+00 -1.815112e+01 -2.788440e+02
<VARIANCE> 6
 1.907493e+02 3.824937e+05 6.729189e+05 2.952653e+02 3.937555e+04 5.047826e+07
<GCONST> 7.655790e+01
<MIXTURE> 7 1.811474e-01
<MEAN> 6
 5.103275e+01 -1.787744e+02 1.373398e+02 -3.266028e+01 -4.258308e+02 -1.899334e+02
<VARIANCE> 6
 1.176061e+03 4.958795e+05 3.496110e+05 4.149612e+04 3.743985e+05 1.243617e+08
<GCONST> 8.608099e+01
<MIXTURE> 8 1.159122e-01
<MEAN> 6
 -5.939216e+01 4.699308e+01 -2.859613e+02 1.977387e+01 3.623871e+02 -1.884327e+02
<VARIANCE> 6
 3.375758e+02 1.132219e+06 1.832565e+06 6.063716e+03 1.763081e+05 5.089748e+07
<GCONST> 8.374536e+01
<TRANSP> 5
 0.000000e+00 1.000000e+00 0.000000e+00 0.000000e+00 0.000000e+00
 0.000000e+00 9.999282e-01 7.176742e-05 0.000000e+00 0.000000e+00
 0.000000e+00 0.000000e+00 9.996578e-01 3.422107e-04 0.000000e+00
 0.000000e+00 0.000000e+00 0.000000e+00 9.999081e-01 9.183658e-05
 0.000000e+00 0.000000e+00 0.000000e+00 0.000000e+00 0.000000e+00
<ENDHMM>
