~o
<STREAMINFO> 1 6
<VECSIZE> 6<NULLD><USER><DIAGC>
~h "SegundoPRIMARIA"
<BEGINHMM>
<NUMSTATES> 5
<STATE> 2
<NUMMIXES> 8
<MIXTURE> 1 8.547515e-02
<MEAN> 6
 9.568159e+01 1.327701e+02 6.272670e+00 -4.808140e+00 -1.186054e+01 -1.704367e+02
<VARIANCE> 6
 5.345316e+02 3.676166e+06 2.178694e+05 2.855139e+02 3.365393e+04 4.165405e+07
<GCONST> 7.834077e+01
<MIXTURE> 2 1.172223e-01
<MEAN> 6
 -2.941715e+01 9.988331e+01 3.329548e+01 3.044108e+01 7.225319e+02 -1.420903e+03
<VARIANCE> 6
 3.888342e+02 2.012536e+05 2.261938e+04 3.737698e+04 3.433417e+05 1.129680e+08
<GCONST> 8.104721e+01
<MIXTURE> 3 7.705153e-02
<MEAN> 6
 3.296843e+01 -2.852309e+02 -3.211825e+00 -2.175270e+01 -5.713376e+01 4.831812e+01
<VARIANCE> 6
 3.859780e+03 1.184748e+06 5.347434e+05 4.579888e+04 7.415415e+05 2.344055e+08
<GCONST> 8.998127e+01
<MIXTURE> 4 1.062203e-01
<MEAN> 6
 4.332758e+01 -2.617704e+01 -1.455821e+01 -8.016334e+01 -9.623990e+01 5.060229e+03
<VARIANCE> 6
 4.369384e+03 5.342593e+05 1.267519e+05 7.337514e+04 5.963240e+06 2.960846e+09
<GCONST> 9.296147e+01
<MIXTURE> 5 1.484803e-01
<MEAN> 6
 4.537771e+01 1.039248e+02 4.544065e+00 1.241811e+02 -1.540812e+02 -1.759902e+03
<VARIANCE> 6
 1.169147e+03 2.340533e+05 2.183288e+04 3.977286e+04 2.261469e+05 7.047420e+07
<GCONST> 8.143640e+01
<MIXTURE> 6 1.940799e-01
<MEAN> 6
 7.961611e+01 -5.742082e+00 -2.767053e+00 -7.745799e-01 -1.728425e+01 -1.757852e+02
<VARIANCE> 6
 1.996963e+02 2.373382e+05 6.738050e+04 2.855139e+02 3.365393e+04 4.165405e+07
<GCONST> 7.344250e+01
<MIXTURE> 7 1.509066e-01
<MEAN> 6
 7.558490e+01 -4.601444e+01 3.024502e+01 -8.835170e+01 -9.345416e+02 3.027647e+02
<VARIANCE> 6
 7.609164e+02 1.034023e+05 5.015172e+04 3.748065e+04 5.238711e+05 2.564479e+08
<GCONST> 8.309399e+01
<MIXTURE> 8 1.197428e-01
<MEAN> 6
 -4.753140e+01 -7.729511e+01 -1.421861e+01 1.653997e+01 8.286794e+02 -9.325825e+02
<VARIANCE> 6
 2.679591e+02 2.239722e+05 6.449731e+04 1.582274e+04 5.050725e+05 1.446702e+08
<GCONST> 8.160338e+01
<STATE> 3
<NUMMIXES> 8
<MIXTURE> 1 8.127244e-02
<MEAN> 6
 7.838693e+01 2.314677e+02 -2.094665e+03 9.334487e-01 -7.199950e+00 -4.538189e+01
<VARIANCE> 6
 3.113647e+01 3.385601e+04 9.241435e+04 2.855139e+02 3.365393e+04 4.165405e+07
<GCONST> 6.995264e+01
<MIXTURE> 2 1.898481e-01
<MEAN> 6
 5.911537e+01 3.919767e+02 -3.003933e+02 6.103884e-01 -3.555610e+00 -5.723502e+01
<VARIANCE> 6
 8.808579e+01 1.714894e+05 1.794010e+04 2.855139e+02 3.365393e+04 4.165405e+07
<GCONST> 7.097572e+01
<MIXTURE> 3 1.136107e-01
<MEAN> 6
 6.874089e+01 3.074055e+02 9.086492e+02 -1.625337e-01 1.852635e+00 -5.246480e+01
<VARIANCE> 6
 8.692394e+01 3.088566e+04 3.444446e+04 2.855139e+02 3.365393e+04 4.165405e+07
<GCONST> 6.990053e+01
<MIXTURE> 4 7.240429e-02
<MEAN> 6
 8.395834e+01 -1.312167e+02 -5.829161e+02 -2.488526e+00 -7.026954e+00 -1.553362e+01
<VARIANCE> 6
 9.531574e+01 2.363246e+04 3.851848e+04 2.855139e+02 3.365393e+04 4.165405e+07
<GCONST> 6.983681e+01
<MIXTURE> 5 1.683484e-01
<MEAN> 6
 6.660385e+01 -7.322576e+02 2.018666e+03 -8.485482e-01 -2.566940e+00 -9.270280e+01
<VARIANCE> 6
 7.950246e+01 7.751620e+04 1.248611e+06 2.855139e+02 3.365393e+04 4.165405e+07
<GCONST> 7.432192e+01
<MIXTURE> 6 1.247334e-01
<MEAN> 6
 7.283190e+01 9.665167e+01 -6.125747e+02 -8.443460e-01 6.816737e-02 -3.428386e+01
<VARIANCE> 6
 3.113647e+01 1.159760e+04 1.801174e+05 2.855139e+02 3.365393e+04 4.165405e+07
<GCONST> 6.954865e+01
<MIXTURE> 7 1.071792e-01
<MEAN> 6
 7.120880e+01 -3.701416e+02 -7.641377e+02 -1.066192e+00 -3.253165e+00 -8.615089e+01
<VARIANCE> 6
 4.984232e+01 1.612315e+04 3.878531e+04 2.855139e+02 3.365393e+04 4.165405e+07
<GCONST> 6.881302e+01
<MIXTURE> 8 1.425179e-01
<MEAN> 6
 6.902419e+01 1.756667e+00 -4.366523e+02 -8.452245e-01 -1.571991e-02 -6.593845e+01
<VARIANCE> 6
 3.113647e+01 1.159760e+04 2.268770e+05 2.855139e+02 3.365393e+04 4.165405e+07
<GCONST> 6.977944e+01
<STATE> 4
<NUMMIXES> 8
<MIXTURE> 1 3.089082e-03
<MEAN> 6
 5.608335e+00 -6.128973e+02 -4.563504e+01 5.862371e+00 3.954364e+02 1.272575e+04
<VARIANCE> 6
 1.041693e+04 2.731044e+05 2.286179e+05 1.277310e+06 6.710766e+08 8.500279e+11
<GCONST> 1.069891e+02
<MIXTURE> 2 1.134103e-01
<MEAN> 6
 9.749085e+01 1.516776e+01 2.739398e+02 -4.580433e+00 -2.343029e+01 -2.538644e+02
<VARIANCE> 6
 2.812886e+02 3.204923e+05 9.954807e+05 2.855139e+02 3.365393e+04 4.165405e+07
<GCONST> 7.677832e+01
<MIXTURE> 3 1.521746e-01
<MEAN> 6
 7.291457e+01 -1.010735e+02 4.072130e+01 -1.697482e+01 -8.821954e+02 7.227093e+02
<VARIANCE> 6
 1.222338e+03 6.098478e+05 1.431021e+06 5.291919e+04 1.028194e+06 5.114125e+08
<GCONST> 9.040317e+01
<MIXTURE> 4 1.773853e-01
<MEAN> 6
 -3.328388e+01 4.525070e+01 4.652438e+01 6.287810e+01 4.818546e+02 -9.341653e+02
<VARIANCE> 6
 7.717659e+02 1.184609e+05 2.918493e+05 2.187238e+04 1.421824e+05 4.352645e+07
<GCONST> 8.138899e+01
<MIXTURE> 5 1.378028e-01
<MEAN> 6
 -4.047734e+01 4.048668e+01 -5.138701e+01 -6.691377e+01 1.075965e+03 1.331282e+03
<VARIANCE> 6
 7.914527e+02 3.008686e+05 1.461885e+06 5.277288e+04 9.273948e+05 5.805718e+08
<GCONST> 8.930421e+01
<MIXTURE> 6 2.346718e-01
<MEAN> 6
 6.230864e+01 1.695239e+00 1.068530e+02 1.127826e+01 -4.355547e+02 -5.812371e+02
<VARIANCE> 6
 9.939473e+02 1.104242e+05 3.370588e+05 3.642554e+04 1.969960e+05 5.393745e+07
<GCONST> 8.276634e+01
<MIXTURE> 7 6.466700e-02
<MEAN> 6
 -5.934716e+01 2.615184e+01 -2.325443e+02 -3.675498e+00 1.219508e+02 4.209369e+02
<VARIANCE> 6
 3.583633e+02 1.723198e+05 8.876474e+05 3.613050e+02 3.596529e+04 4.165405e+07
<GCONST> 7.658719e+01
<MIXTURE> 8 1.162437e-01
<MEAN> 6
 8.731987e+01 7.690782e+01 -3.994309e+02 -2.632581e+00 -3.435583e+01 -1.798741e+02
<VARIANCE> 6
 2.128378e+02 9.468350e+05 9.575264e+05 2.855139e+02 3.365393e+04 4.165405e+07
<GCONST> 7.754387e+01
<TRANSP> 5
 0.000000e+00 1.000000e+00 0.000000e+00 0.000000e+00 0.000000e+00
 0.000000e+00 9.999210e-01 7.899086e-05 0.000000e+00 0.000000e+00
 0.000000e+00 0.000000e+00 9.995061e-01 4.938459e-04 0.000000e+00
 0.000000e+00 0.000000e+00 0.000000e+00 9.999179e-01 8.211220e-05
 0.000000e+00 0.000000e+00 0.000000e+00 0.000000e+00 0.000000e+00
<ENDHMM>
~h "SegundoESO"
<BEGINHMM>
<NUMSTATES> 5
<STATE> 2
<NUMMIXES> 8
<MIXTURE> 1 1.238095e-01
<MEAN> 6
 8.156100e+01 -1.029612e+03 1.347715e+02 -8.017982e-01 -5.165951e+00 -1.025754e+02
<VARIANCE> 6
 5.147075e+01 9.765133e+05 9.631997e+04 2.855139e+02 3.365393e+04 4.165405e+07
<GCONST> 7.385854e+01
<MIXTURE> 2 9.001099e-02
<MEAN> 6
 7.480703e+01 9.161719e+02 -7.920353e+02 -1.547616e-01 -4.833642e+00 -8.007554e+01
<VARIANCE> 6
 3.113647e+01 5.796114e+05 3.614416e+06 2.855139e+02 3.365393e+04 4.165405e+07
<GCONST> 7.645928e+01
<MIXTURE> 3 1.006821e-01
<MEAN> 6
 6.803246e+01 2.938563e+02 -1.970330e+01 1.613069e-01 -4.143861e+00 -1.132018e+02
<VARIANCE> 6
 5.501919e+01 1.628555e+05 1.200901e+05 2.855139e+02 3.365393e+04 4.165405e+07
<GCONST> 7.235464e+01
<MIXTURE> 4 1.561914e-01
<MEAN> 6
 6.025254e+01 3.013129e+02 -3.678531e+02 2.250428e-01 -9.585771e-01 -9.298833e+01
<VARIANCE> 6
 3.113647e+01 2.614370e+06 1.129689e+05 2.855139e+02 3.365393e+04 4.165405e+07
<GCONST> 7.450013e+01
<MIXTURE> 5 1.404423e-01
<MEAN> 6
 6.613370e+01 1.888730e+02 -2.932356e+03 1.288475e-01 -6.286431e-01 -6.374890e+01
<VARIANCE> 6
 7.229061e+01 1.778173e+05 9.746041e+06 2.855139e+02 3.365393e+04 4.165405e+07
<GCONST> 7.711192e+01
<MIXTURE> 6 1.945770e-01
<MEAN> 6
 6.261722e+01 -7.133676e+01 -2.244126e+01 1.548239e-01 -1.280588e+00 -1.021239e+02
<VARIANCE> 6
 3.754535e+01 1.942289e+05 7.534855e+04 2.855139e+02 3.365393e+04 4.165405e+07
<GCONST> 7.168257e+01
<MIXTURE> 7 9.078540e-02
<MEAN> 6
 7.384372e+01 7.356508e+02 -8.165144e+02 -7.749821e-02 -5.182986e+00 -8.533883e+01
<VARIANCE> 6
 3.113647e+01 4.375406e+05 3.382908e+06 2.855139e+02 3.365393e+04 4.165405e+07
<GCONST> 7.611190e+01
<MIXTURE> 8 1.032488e-01
<MEAN> 6
 6.620763e+01 1.195999e+02 -1.697513e+02 4.076562e-02 -2.769632e+00 -1.071064e+02
<VARIANCE> 6
 6.087706e+01 1.592384e+05 1.452763e+05 2.855139e+02 3.365393e+04 4.165405e+07
<GCONST> 7.262376e+01
<STATE> 3
<NUMMIXES> 8
<MIXTURE> 1 1.170237e-01
<MEAN> 6
 1.884651e+01 4.440122e+02 1.406255e+01 2.004950e+01 -2.691560e+01 -1.077302e+03
<VARIANCE> 6
 1.592239e+03 2.757109e+07 7.051334e+05 4.632209e+04 1.469554e+05 4.165405e+07
<GCONST> 8.918475e+01
<MIXTURE> 2 1.932695e-01
<MEAN> 6
 -3.416041e+01 1.827933e+02 7.065924e+02 -6.087600e+00 8.259166e+02 -6.335192e+02
<VARIANCE> 6
 4.997391e+02 1.203218e+06 3.476650e+06 4.936928e+04 4.224863e+05 1.551452e+08
<GCONST> 8.892431e+01
<MIXTURE> 3 1.130225e-01
<MEAN> 6
 8.865200e+01 3.118169e+01 -4.152072e+02 -4.515042e+00 -3.795427e+01 -4.941818e+01
<VARIANCE> 6
 1.929772e+02 1.079516e+06 4.410304e+06 2.855139e+02 3.365393e+04 4.165405e+07
<GCONST> 7.910439e+01
<MIXTURE> 4 6.241412e-02
<MEAN> 6
 2.605399e+01 -1.968650e+02 9.635425e+01 -1.131699e+02 -1.500765e+02 5.159225e+03
<VARIANCE> 6
 3.646646e+03 4.022305e+06 9.263234e+05 4.839822e+04 3.181043e+06 1.027686e+09
<GCONST> 9.468568e+01
<MIXTURE> 5 1.357518e-01
<MEAN> 6
 5.755593e+01 1.799377e+02 6.155469e+02 6.768887e+01 -5.073223e+02 -8.848145e+02
<VARIANCE> 6
 7.359071e+02 1.866186e+06 5.741632e+06 3.635419e+04 1.667216e+05 6.581892e+07
<GCONST> 8.815859e+01
<MIXTURE> 6 1.299067e-01
<MEAN> 6
 -5.884175e+01 6.221324e+01 3.365744e+02 2.536493e+01 4.462186e+02 9.543607e+01
<VARIANCE> 6
 8.077962e+01 1.240486e+06 1.792109e+06 3.040612e+03 1.469517e+05 4.165405e+07
<GCONST> 8.131149e+01
<MIXTURE> 7 1.696260e-01
<MEAN> 6
 6.905562e+01 6.052550e+01 1.038556e+02 -5.031213e+01 -7.679567e+02 5.383483e+02
<VARIANCE> 6
 5.859738e+02 1.324870e+06 6.752596e+05 3.290981e+04 2.470554e+05 1.024501e+08
<GCONST> 8.618400e+01
<MIXTURE> 8 7.860823e-02
<MEAN> 6
 8.442397e+01 -2.110343e+03 -6.152678e+01 -4.749811e+00 -2.770946e+01 -1.942938e+02
<VARIANCE> 6
 1.336194e+02 5.881268e+06 1.252127e+07 2.855139e+02 3.365393e+04 4.165405e+07
<GCONST> 8.147556e+01
<STATE> 4
<NUMMIXES> 8
<MIXTURE> 1 1.714932e-01
<MEAN> 6
 7.657227e+01 -2.138880e+01 -3.963026e+01 -4.880203e+00 -3.590001e+01 3.303952e+01
<VARIANCE> 6
 1.280482e+02 9.312256e+05 2.325703e+05 2.855139e+02 3.365393e+04 4.165405e+07
<GCONST> 7.560396e+01
<MIXTURE> 2 9.041378e-02
<MEAN> 6
 -2.301708e+01 2.977253e+01 1.737387e+02 -1.556113e+02 6.712964e+02 4.860433e+03
<VARIANCE> 6
 6.419359e+02 5.383851e+05 3.211108e+05 1.276066e+04 6.188315e+05 3.010730e+08
<GCONST> 8.568020e+01
<MIXTURE> 3 1.200629e-01
<MEAN> 6
 1.588605e+01 9.113823e+01 1.171238e+02 9.150323e+01 -3.702212e+01 -1.200324e+03
<VARIANCE> 6
 5.976010e+02 4.069394e+05 4.533589e+05 1.787271e+04 4.489857e+04 4.165405e+07
<GCONST> 8.140915e+01
<MIXTURE> 4 1.488616e-01
<MEAN> 6
 6.625319e+01 -4.619470e+00 1.478638e+01 -2.652226e+01 -7.058983e+02 4.231739e+01
<VARIANCE> 6
 2.744355e+02 3.200164e+05 7.565149e+04 1.812478e+04 3.175281e+05 1.504263e+08
<GCONST> 8.185434e+01
<MIXTURE> 5 9.175659e-02
<MEAN> 6
 -3.718494e+01 1.247317e+02 2.963769e+01 6.942740e+01 7.644097e+02 -2.720277e+03
<VARIANCE> 6
 1.582613e+02 2.866132e+05 1.053676e+05 1.427837e+04 1.902739e+05 6.708959e+07
<GCONST> 7.996687e+01
<MIXTURE> 6 1.182252e-01
<MEAN> 6
 5.997037e+01 -1.817797e+02 2.092212e+02 2.523303e+01 -4.313667e+02 -1.319517e+02
<VARIANCE> 6
 2.663394e+02 1.410078e+06 4.286722e+05 1.511435e+04 9.411341e+04 4.165405e+07
<GCONST> 8.236020e+01
<MIXTURE> 7 1.619366e-01
<MEAN> 6
 8.528405e+00 -2.430037e+01 3.712598e+00 -9.572085e+00 -2.195910e+01 -1.476256e+02
<VARIANCE> 6
 5.799942e+02 1.729730e+05 4.295406e+04 3.267427e+04 1.005867e+05 6.244960e+07
<GCONST> 7.998205e+01
<MIXTURE> 8 9.622929e-02
<MEAN> 6
 -4.542698e+01 -7.658366e+01 5.377633e+00 2.143418e+01 4.201755e+02 -1.178372e+02
<VARIANCE> 6
 1.907959e+02 1.770152e+05 2.324994e+05 3.613267e+03 1.142818e+05 4.165405e+07
<GCONST> 7.810280e+01
<TRANSP> 5
 0.000000e+00 1.000000e+00 0.000000e+00 0.000000e+00 0.000000e+00
 0.000000e+00 9.997700e-01 2.300216e-04 0.000000e+00 0.000000e+00
 0.000000e+00 0.000000e+00 9.998754e-01 1.246250e-04 0.000000e+00
 0.000000e+00 0.000000e+00 0.000000e+00 9.999326e-01 6.734220e-05
 0.000000e+00 0.000000e+00 0.000000e+00 0.000000e+00 0.000000e+00
<ENDHMM>
~h "QuintoPRIMARIA"
<BEGINHMM>
<NUMSTATES> 5
<STATE> 2
<NUMMIXES> 8
<MIXTURE> 1 1.669356e-01
<MEAN> 6
 9.557654e+01 1.167065e+03 -7.272458e+02 -2.458302e+00 -1.501240e+00 -1.110369e+02
<VARIANCE> 6
 2.169543e+02 1.734854e+06 2.266936e+05 2.855139e+02 3.365393e+04 4.165405e+07
<GCONST> 7.672782e+01
<MIXTURE> 2 6.727601e-02
<MEAN> 6
 4.869571e+01 -4.553937e+03 -1.376354e+03 -4.444067e+00 2.365554e+00 3.253354e+02
<VARIANCE> 6
 1.413823e+03 2.805158e+07 1.517042e+06 9.299927e+03 4.934411e+05 1.237667e+08
<GCONST> 9.054398e+01
<MIXTURE> 3 6.246564e-02
<MEAN> 6
 7.270766e+01 1.630790e+03 8.027117e+02 7.545927e-01 -4.769025e-01 -2.316871e+02
<VARIANCE> 6
 3.113647e+01 2.549974e+05 5.904351e+05 2.855139e+02 3.365393e+04 4.165405e+07
<GCONST> 7.382635e+01
<MIXTURE> 4 1.657240e-01
<MEAN> 6
 7.913743e+01 3.639934e+02 2.920498e+03 2.306363e-01 -2.951344e+00 -1.007491e+02
<VARIANCE> 6
 9.680659e+01 1.249480e+05 1.459245e+06 2.855139e+02 3.365393e+04 4.165405e+07
<GCONST> 7.515215e+01
<MIXTURE> 5 1.077813e-01
<MEAN> 6
 6.035559e+01 4.977100e+02 -2.528801e+03 -5.851847e-02 -6.103068e+00 -1.384802e+02
<VARIANCE> 6
 3.113647e+01 8.437200e+04 1.299101e+06 2.855139e+02 3.365393e+04 4.165405e+07
<GCONST> 7.350890e+01
<MIXTURE> 6 2.004752e-01
<MEAN> 6
 8.013152e+01 -5.937360e+02 4.734498e+02 4.967097e-01 -5.309528e+00 -1.148431e+02
<VARIANCE> 6
 3.113647e+01 4.670226e+05 2.060088e+06 2.855139e+02 3.365393e+04 4.165405e+07
<GCONST> 7.568112e+01
<MIXTURE> 7 1.450160e-01
<MEAN> 6
 6.705383e+01 1.188344e+03 -6.840285e+02 -6.253175e-01 -3.455011e-01 -6.688525e+01
<VARIANCE> 6
 3.113647e+01 4.487729e+04 2.345189e+05 2.855139e+02 3.365393e+04 4.165405e+07
<GCONST> 7.116570e+01
<MIXTURE> 8 8.419151e-02
<MEAN> 6
 5.356871e+01 3.813611e+02 -1.376041e+03 1.696860e+00 -5.748453e+00 -1.160458e+02
<VARIANCE> 6
 4.285939e+01 3.007554e+04 1.015503e+07 2.855139e+02 3.365393e+04 4.165405e+07
<GCONST> 7.485322e+01
<STATE> 3
<NUMMIXES> 8
<MIXTURE> 1 1.632947e-01
<MEAN> 6
 8.235925e+01 -1.201181e+02 3.287247e+01 1.315925e-01 -3.033516e+00 -1.118691e+02
<VARIANCE> 6
 3.113647e+01 2.986863e+04 6.860516e+04 2.855139e+02 3.365393e+04 4.165405e+07
<GCONST> 6.952941e+01
<MIXTURE> 2 8.646105e-02
<MEAN> 6
 8.639327e+01 -5.084700e+02 -5.089514e+02 -5.207047e-01 -4.435652e+00 -3.470868e+01
<VARIANCE> 6
 1.934613e+02 6.461845e+04 1.233571e+04 2.855139e+02 3.365393e+04 4.165405e+07
<GCONST> 7.041193e+01
<MIXTURE> 3 1.117938e-01
<MEAN> 6
 6.114630e+01 3.907686e+00 2.614685e+02 3.341871e-01 -8.882099e-01 -1.313025e+02
<VARIANCE> 6
 4.802401e+01 1.159760e+04 2.899531e+04 2.855139e+02 3.365393e+04 4.165405e+07
<GCONST> 6.815549e+01
<MIXTURE> 4 1.130804e-01
<MEAN> 6
 6.614326e+01 -9.860029e+02 -2.993154e+01 3.201978e-01 -4.820422e+00 -9.301920e+01
<VARIANCE> 6
 1.120184e+02 7.115023e+04 2.126923e+04 2.855139e+02 3.365393e+04 4.165405e+07
<GCONST> 7.050658e+01
<MIXTURE> 5 1.987118e-01
<MEAN> 6
 6.381400e+01 -1.112319e+02 -3.056818e+02 1.818651e-02 -2.933208e+00 -1.261127e+02
<VARIANCE> 6
 3.113647e+01 2.899619e+04 6.947556e+04 2.855139e+02 3.365393e+04 4.165405e+07
<GCONST> 6.951237e+01
<MIXTURE> 6 1.320988e-01
<MEAN> 6
 7.580367e+01 2.065715e+02 -1.513586e+02 -1.312307e-01 -4.652586e+00 -1.099568e+02
<VARIANCE> 6
 6.074419e+01 6.496688e+04 2.159172e+04 2.855139e+02 3.365393e+04 4.165405e+07
<GCONST> 6.981872e+01
<MIXTURE> 7 8.857982e-02
<MEAN> 6
 5.935369e+01 -2.880236e+02 -2.106544e+02 1.291901e-02 -3.484746e+00 -6.381803e+01
<VARIANCE> 6
 3.113647e+01 1.159760e+04 6.273018e+05 2.855139e+02 3.365393e+04 4.165405e+07
<GCONST> 7.079646e+01
<MIXTURE> 8 1.058063e-01
<MEAN> 6
 5.725910e+01 -1.825742e+01 1.712087e+02 -2.664355e-01 -3.841028e+00 -1.365961e+02
<VARIANCE> 6
 3.113647e+01 1.159760e+04 4.092266e+04 2.855139e+02 3.365393e+04 4.165405e+07
<GCONST> 6.806672e+01
<STATE> 4
<NUMMIXES> 8
<MIXTURE> 1 1.001750e-02
<MEAN> 6
 -4.759313e+00 1.738776e+02 1.280978e+02 -4.618439e+01 4.932413e+01 6.469828e+03
<VARIANCE> 6
 1.096473e+04 1.617702e+05 4.379767e+05 1.649492e+06 9.047344e+08 1.336059e+12
<GCONST> 1.081734e+02
<MIXTURE> 2 2.076456e-01
<MEAN> 6
 8.259782e+01 1.182134e+02 2.035844e+02 -4.180834e+00 -2.188296e+01 -1.655576e+02
<VARIANCE> 6
 2.345698e+02 5.679827e+05 1.258409e+06 2.855139e+02 3.365393e+04 4.165405e+07
<GCONST> 7.740331e+01
<MIXTURE> 3 1.201350e-01
<MEAN> 6
 4.033141e+01 1.713068e+02 -7.409705e+01 2.052916e+01 -4.368885e+02 -2.513147e+03
<VARIANCE> 6
 2.954876e+03 3.671640e+06 1.265110e+06 4.555630e+04 1.793607e+06 8.336796e+08
<GCONST> 9.385310e+01
<MIXTURE> 4 1.200906e-01
<MEAN> 6
 -3.296958e+01 -6.002797e+01 1.294030e+02 8.777151e+01 7.391104e+02 -2.098788e+03
<VARIANCE> 6
 4.477680e+02 1.761605e+05 2.339532e+05 2.819748e+04 2.870900e+05 7.375174e+07
<GCONST> 8.250432e+01
<MIXTURE> 5 1.523890e-01
<MEAN> 6
 6.307679e+01 -2.457229e+01 3.569831e+01 3.294790e+01 -4.402412e+02 -5.066703e+02
<VARIANCE> 6
 5.355598e+02 2.393503e+05 2.939960e+05 2.263358e+04 1.452325e+05 4.165405e+07
<GCONST> 8.174577e+01
<MIXTURE> 6 1.119148e-01
<MEAN> 6
 -1.092140e+01 -1.692928e+02 -2.757072e+02 -1.118366e+02 5.321852e+02 5.109975e+03
<VARIANCE> 6
 2.590945e+03 3.064111e+05 6.099156e+06 4.451297e+04 1.591274e+06 5.457076e+08
<GCONST> 9.224456e+01
<MIXTURE> 7 1.556171e-01
<MEAN> 6
 4.363141e+01 2.011822e+00 -1.768999e+01 -4.355072e+01 -4.622617e+02 1.176613e+02
<VARIANCE> 6
 1.240579e+03 1.108785e+05 1.231223e+05 4.365497e+04 4.434011e+05 1.542449e+08
<GCONST> 8.402807e+01
<MIXTURE> 8 1.207773e-01
<MEAN> 6
 -5.654437e+01 -7.707252e+01 -4.467371e+01 2.426106e+01 3.977537e+02 2.568162e+02
<VARIANCE> 6
 2.898344e+02 4.070618e+05 5.361869e+05 4.447134e+03 1.533053e+05 4.338701e+07
<GCONST> 8.073140e+01
<TRANSP> 5
 0.000000e+00 1.000000e+00 0.000000e+00 0.000000e+00 0.000000e+00
 0.000000e+00 9.994446e-01 5.554183e-04 0.000000e+00 0.000000e+00
 0.000000e+00 0.000000e+00 9.996246e-01 3.754302e-04 0.000000e+00
 0.000000e+00 0.000000e+00 0.000000e+00 9.999567e-01 4.328325e-05
 0.000000e+00 0.000000e+00 0.000000e+00 0.000000e+00 0.000000e+00
<ENDHMM>
