~o
<STREAMINFO> 1 6
<VECSIZE> 6<NULLD><USER><DIAGC>
~h "SegundoPRIMARIA"
<BEGINHMM>
<NUMSTATES> 7
<STATE> 2
<NUMMIXES> 9
<MIXTURE> 1 1.373024e-01
<MEAN> 6
 9.207113e+01 -2.335257e+02 6.399841e+02 -2.804305e+00 -4.284092e+01 -4.599041e+02
<VARIANCE> 6
 3.301829e+02 5.566908e+05 2.086873e+06 2.917190e+02 3.617517e+04 4.607186e+07
<GCONST> 7.842549e+01
<MIXTURE> 2 1.100698e-01
<MEAN> 6
 -2.832213e+01 6.726830e+01 -4.449905e+01 -9.880153e+01 1.045663e+03 3.001573e+03
<VARIANCE> 6
 9.981514e+02 5.249193e+05 1.948048e+06 7.101915e+04 1.273490e+06 7.593783e+08
<GCONST> 9.126250e+01
<MIXTURE> 3 9.130198e-02
<MEAN> 6
 -2.557682e+00 1.267379e+02 2.104783e+02 8.253188e+01 2.190775e+02 -1.475289e+03
<VARIANCE> 6
 7.929045e+02 9.467317e+04 5.703275e+05 3.620583e+04 1.054036e+05 4.607186e+07
<GCONST> 8.212336e+01
<MIXTURE> 4 9.841309e-02
<MEAN> 6
 7.676694e+01 4.400534e+01 2.402112e+02 1.822748e+01 -4.232239e+02 3.200331e+02
<VARIANCE> 6
 7.201987e+02 1.277704e+05 9.795116e+05 2.880452e+04 2.053787e+05 5.677803e+07
<GCONST> 8.351514e+01
<MIXTURE> 5 1.154157e-01
<MEAN> 6
 -5.872346e+01 7.788139e+01 -2.756343e+02 3.617836e+00 2.162511e+02 3.764984e+02
<VARIANCE> 6
 4.407259e+02 1.844602e+05 9.854519e+05 1.322808e+03 7.438885e+04 4.607186e+07
<GCONST> 7.909202e+01
<MIXTURE> 6 1.167462e-01
<MEAN> 6
 8.527816e+01 -1.569157e+02 5.464786e+00 -3.431530e+00 -1.022884e+03 5.420421e+02
<VARIANCE> 6
 8.313231e+02 9.175504e+05 1.172679e+06 4.727323e+04 1.383611e+06 6.961729e+08
<GCONST> 9.071956e+01
<MIXTURE> 7 1.408001e-01
<MEAN> 6
 7.416045e+01 2.395098e+02 -6.330444e+02 5.697292e-01 -1.144348e+01 -9.394566e+01
<VARIANCE> 6
 6.072344e+01 2.650440e+05 1.041104e+06 2.917190e+02 3.617517e+04 4.607186e+07
<GCONST> 7.529466e+01
<MIXTURE> 8 9.061489e-02
<MEAN> 6
 -4.289455e+01 -2.807774e+01 -2.479497e+02 5.257747e+01 8.228530e+02 -1.153087e+03
<VARIANCE> 6
 9.099991e+02 1.056500e+05 4.475198e+05 2.894242e+04 2.531013e+05 1.162896e+08
<GCONST> 8.370627e+01
<MIXTURE> 9 9.907790e-02
<MEAN> 6
 6.765308e+01 -6.854240e+01 -6.385955e+01 -2.238330e+01 -6.630931e+02 -1.631536e+03
<VARIANCE> 6
 7.787057e+02 1.522623e+05 1.027687e+06 4.565514e+04 2.866748e+05 6.626547e+07
<GCONST> 8.476523e+01
<STATE> 3
<NUMMIXES> 9
<MIXTURE> 1 1.221538e-01
<MEAN> 6
 1.058890e+02 -4.407960e+01 1.773796e+03 -4.594563e+00 5.542226e-01 5.281537e+01
<VARIANCE> 6
 3.388908e+02 1.808664e+05 2.699964e+05 2.917190e+02 3.617517e+04 4.607186e+07
<GCONST> 7.528226e+01
<MIXTURE> 2 1.216559e-01
<MEAN> 6
 9.809864e+01 -1.137862e+02 6.542906e+02 -3.300530e+00 -7.904529e+00 4.370544e+01
<VARIANCE> 6
 3.791469e+01 8.518190e+04 2.367970e+05 2.917190e+02 3.617517e+04 4.607186e+07
<GCONST> 7.220773e+01
<MIXTURE> 3 1.529669e-01
<MEAN> 6
 6.734827e+01 -6.869250e+02 3.133459e+02 -1.188754e+00 4.463912e+00 -1.916653e+02
<VARIANCE> 6
 1.036189e+02 7.439821e+04 4.528444e+04 2.917190e+02 3.617517e+04 4.607186e+07
<GCONST> 7.142352e+01
<MIXTURE> 4 1.020368e-01
<MEAN> 6
 6.838422e+01 -1.061887e+03 -7.197098e+02 9.755611e-02 -4.427201e+00 -9.721581e+01
<VARIANCE> 6
 8.324976e+01 3.621733e+05 1.596790e+04 2.917190e+02 3.617517e+04 4.607186e+07
<GCONST> 7.174495e+01
<MIXTURE> 5 9.911084e-02
<MEAN> 6
 9.685217e+01 -4.483102e+02 -4.883601e+02 -8.381278e-01 -9.110585e+00 -6.992944e+01
<VARIANCE> 6
 3.147899e+01 8.011784e+04 1.596790e+04 2.917190e+02 3.617517e+04 4.607186e+07
<GCONST> 6.926381e+01
<MIXTURE> 6 8.694681e-02
<MEAN> 6
 7.340285e+01 -6.975889e+02 -3.706822e+02 -3.365971e+00 -3.266520e+00 6.210276e+01
<VARIANCE> 6
 3.147899e+01 3.127346e+04 8.834087e+04 2.917190e+02 3.617517e+04 4.607186e+07
<GCONST> 7.003369e+01
<MIXTURE> 7 1.515996e-01
<MEAN> 6
 9.088745e+01 -1.454137e+02 2.454974e+02 -2.054172e+00 6.399632e+00 -6.879703e+01
<VARIANCE> 6
 3.147899e+01 2.883234e+04 7.754921e+04 2.917190e+02 3.617517e+04 4.607186e+07
<GCONST> 6.982214e+01
<MIXTURE> 8 7.698514e-02
<MEAN> 6
 9.273317e+01 -1.552205e+02 -6.604556e+02 -2.348120e+00 -5.773664e+00 -3.333591e+01
<VARIANCE> 6
 3.147899e+01 1.071044e+05 2.564954e+04 2.917190e+02 3.617517e+04 4.607186e+07
<GCONST> 7.002806e+01
<MIXTURE> 9 8.646872e-02
<MEAN> 6
 7.135466e+01 -7.166420e+02 -5.148007e+02 -3.106622e+00 -5.141448e+00 2.416394e+01
<VARIANCE> 6
 3.147899e+01 2.986521e+04 1.109730e+05 2.917190e+02 3.617517e+04 4.607186e+07
<GCONST> 7.021571e+01
<STATE> 4
<NUMMIXES> 9
<MIXTURE> 1 1.232023e-01
<MEAN> 6
 6.527105e+01 5.694724e+02 4.097713e+01 2.249967e-01 5.286147e+00 -4.105710e+01
<VARIANCE> 6
 5.045291e+01 4.857339e+04 1.596790e+04 2.917190e+02 3.617517e+04 4.607186e+07
<GCONST> 6.923511e+01
<MIXTURE> 2 1.741953e-01
<MEAN> 6
 7.728371e+01 4.174557e+01 3.745715e+01 -7.170573e-01 -4.810961e+00 -9.074501e+01
<VARIANCE> 6
 3.147899e+01 1.496847e+04 5.484861e+04 2.917190e+02 3.617517e+04 4.607186e+07
<GCONST> 6.882025e+01
<MIXTURE> 3 1.121916e-01
<MEAN> 6
 6.928767e+01 1.351597e+02 -1.996778e+02 7.569721e-01 -1.766777e+00 -1.570417e+02
<VARIANCE> 6
 3.147899e+01 5.833881e+04 1.596790e+04 2.917190e+02 3.617517e+04 4.607186e+07
<GCONST> 6.894658e+01
<MIXTURE> 4 7.217734e-02
<MEAN> 6
 7.083132e+01 -1.414674e+02 1.307843e+02 1.014835e+00 5.986895e+00 -1.407701e+02
<VARIANCE> 6
 3.147899e+01 1.496847e+04 1.596790e+04 2.917190e+02 3.617517e+04 4.607186e+07
<GCONST> 6.758626e+01
<MIXTURE> 5 1.718329e-01
<MEAN> 6
 5.490880e+01 -1.378699e+02 -3.189299e+02 1.224788e+00 -1.493012e-01 -1.375096e+02
<VARIANCE> 6
 3.147899e+01 1.655765e+05 1.596790e+04 2.917190e+02 3.617517e+04 4.607186e+07
<GCONST> 6.998975e+01
<MIXTURE> 6 8.688956e-02
<MEAN> 6
 7.830920e+01 1.063039e+02 -5.460167e+00 -1.300908e-01 -4.736186e+00 -6.578478e+01
<VARIANCE> 6
 3.147899e+01 2.074017e+04 3.572995e+04 2.917190e+02 3.617517e+04 4.607186e+07
<GCONST> 6.871779e+01
<MIXTURE> 7 6.640790e-02
<MEAN> 6
 6.940842e+01 -1.657747e+02 6.073932e+01 8.218624e-01 5.071447e+00 -9.305942e+01
<VARIANCE> 6
 3.147899e+01 1.496847e+04 2.398785e+04 2.917190e+02 3.617517e+04 4.607186e+07
<GCONST> 6.799323e+01
<MIXTURE> 8 1.079689e-01
<MEAN> 6
 6.601125e+01 -2.150861e+01 -2.060041e+02 8.877702e-01 1.981579e+00 -1.506853e+02
<VARIANCE> 6
 3.147899e+01 6.159913e+04 1.596790e+04 2.917190e+02 3.617517e+04 4.607186e+07
<GCONST> 6.900096e+01
<MIXTURE> 9 8.507205e-02
<MEAN> 6
 7.705492e+01 3.934336e+01 -7.363993e+01 -4.213871e-01 -7.524603e+00 -1.156860e+02
<VARIANCE> 6
 3.147899e+01 1.496847e+04 4.098272e+04 2.917190e+02 3.617517e+04 4.607186e+07
<GCONST> 6.852882e+01
<STATE> 5
<NUMMIXES> 9
<MIXTURE> 1 5.910277e-02
<MEAN> 6
 7.070662e+01 9.487880e+02 6.781353e+02 5.445886e-01 -4.690482e-01 -9.558361e+01
<VARIANCE> 6
 3.147899e+01 4.252041e+04 1.596790e+04 2.917190e+02 3.617517e+04 4.607186e+07
<GCONST> 6.863029e+01
<MIXTURE> 2 6.404717e-02
<MEAN> 6
 1.179976e+02 1.322908e+03 4.961829e+02 -1.092779e+01 -7.781130e+00 2.195739e+02
<VARIANCE> 6
 1.818201e+02 2.253101e+06 5.654467e+05 2.917190e+02 3.617517e+04 4.607186e+07
<GCONST> 7.792110e+01
<MIXTURE> 3 8.800573e-02
<MEAN> 6
 8.720367e+01 3.417368e+02 -2.650168e+03 -2.713939e+00 -6.875998e+00 8.223056e+01
<VARIANCE> 6
 5.413945e+01 3.607583e+05 1.851286e+05 2.917190e+02 3.617517e+04 4.607186e+07
<GCONST> 7.376123e+01
<MIXTURE> 4 9.916066e-02
<MEAN> 6
 7.597526e+01 3.067851e+03 -1.028663e+01 -2.261412e+00 -6.641689e+00 -1.182559e+02
<VARIANCE> 6
 3.147899e+01 1.795333e+05 1.237096e+05 2.917190e+02 3.617517e+04 4.607186e+07
<GCONST> 7.211803e+01
<MIXTURE> 5 1.168338e-01
<MEAN> 6
 6.791307e+01 -6.241900e+03 1.264734e+03 -2.020154e+00 -5.179447e+00 -8.761585e+01
<VARIANCE> 6
 8.125354e+01 9.495171e+06 1.516510e+05 2.917190e+02 3.617517e+04 4.607186e+07
<GCONST> 7.723810e+01
<MIXTURE> 6 1.674847e-01
<MEAN> 6
 8.433965e+01 9.005066e+02 3.611760e+02 -7.353366e-01 -1.972712e+00 -8.460511e+01
<VARIANCE> 6
 3.147899e+01 1.865366e+05 1.596790e+04 2.917190e+02 3.617517e+04 4.607186e+07
<GCONST> 7.010893e+01
<MIXTURE> 7 1.531824e-01
<MEAN> 6
 9.805816e+01 -2.434580e+03 2.453367e+02 -2.868279e+00 6.188495e-01 -1.821289e+02
<VARIANCE> 6
 3.514380e+01 1.009630e+06 2.005010e+05 2.917190e+02 3.617517e+04 4.607186e+07
<GCONST> 7.443800e+01
<MIXTURE> 8 1.584601e-01
<MEAN> 6
 8.820087e+01 6.731635e+02 2.805414e+02 -8.273103e-01 -2.706830e+00 -2.898076e+01
<VARIANCE> 6
 3.147899e+01 1.346622e+05 1.763947e+04 2.917190e+02 3.617517e+04 4.607186e+07
<GCONST> 6.988263e+01
<MIXTURE> 9 9.368423e-02
<MEAN> 6
 7.330460e+01 3.019377e+03 -2.635875e+02 -1.539029e+00 -7.821604e+00 -1.565653e+02
<VARIANCE> 6
 4.066006e+01 1.295364e+05 1.973370e+05 2.917190e+02 3.617517e+04 4.607186e+07
<GCONST> 7.251453e+01
<STATE> 6
<NUMMIXES> 9
<MIXTURE> 1 1.340314e-02
<MEAN> 6
 2.712387e+01 8.425925e+02 -2.430067e+02 -4.183393e+01 -5.005528e+02 5.209597e+03
<VARIANCE> 6
 7.047546e+03 3.493454e+07 1.432904e+06 4.658366e+05 2.359681e+08 3.595670e+11
<GCONST> 1.103709e+02
<MIXTURE> 2 1.312928e-01
<MEAN> 6
 2.223500e+01 8.774637e+01 1.318114e+01 2.407925e+02 2.475556e+01 -3.013702e+03
<VARIANCE> 6
 7.709135e+02 2.444772e+05 5.851553e+04 7.197897e+03 2.097828e+05 6.533789e+07
<GCONST> 8.018922e+01
<MIXTURE> 3 9.643284e-02
<MEAN> 6
 8.683891e+01 8.571716e+01 5.993840e+01 1.763884e+01 -6.238889e+02 1.258856e+02
<VARIANCE> 6
 2.795748e+02 1.720095e+05 7.600315e+04 1.869805e+04 3.449953e+05 1.296552e+08
<GCONST> 8.122221e+01
<MIXTURE> 4 1.680153e-01
<MEAN> 6
 9.459132e+01 -7.851673e+01 -3.396479e+01 -5.044992e+00 -2.559226e+01 -2.023367e+02
<VARIANCE> 6
 2.871261e+02 7.194998e+05 1.193720e+05 2.917190e+02 3.617517e+04 4.607186e+07
<GCONST> 7.568112e+01
<MIXTURE> 5 1.308874e-01
<MEAN> 6
 3.831865e+01 2.451860e+01 -3.412728e+01 -3.440517e+01 -1.461900e+02 1.019080e+03
<VARIANCE> 6
 4.419880e+03 1.301505e+06 5.027997e+05 6.170014e+04 3.887256e+06 1.685601e+09
<GCONST> 9.407675e+01
<MIXTURE> 6 1.336326e-01
<MEAN> 6
 -3.985628e+01 4.342206e+01 7.540222e+00 1.310316e+01 1.178250e+03 -2.313365e+03
<VARIANCE> 6
 3.047089e+02 1.340223e+05 5.794526e+04 3.631560e+04 4.854951e+05 2.179457e+08
<GCONST> 8.231232e+01
<MIXTURE> 7 1.026942e-01
<MEAN> 6
 2.712199e+01 1.735136e+01 4.500238e+01 -2.704363e+02 -3.023919e+02 8.055005e+03
<VARIANCE> 6
 1.045139e+03 9.238010e+04 5.902380e+04 1.363997e+04 7.863269e+05 2.682654e+08
<GCONST> 8.290190e+01
<MIXTURE> 8 1.275576e-01
<MEAN> 6
 -5.303488e+01 5.894130e+01 1.579272e+01 1.766601e+01 3.530543e+02 4.465700e+02
<VARIANCE> 6
 2.211019e+02 2.912657e+05 1.073567e+05 2.837630e+03 1.410272e+05 4.686749e+07
<GCONST> 7.806206e+01
<MIXTURE> 9 9.518713e-02
<MEAN> 6
 8.153269e+01 -7.672381e+01 -1.217579e+01 -3.209348e+01 -8.828865e+02 -3.624588e+03
<VARIANCE> 6
 3.036170e+02 1.707992e+05 7.513895e+04 2.517073e+04 3.584220e+05 1.221926e+08
<GCONST> 8.156239e+01
<TRANSP> 7
 0.000000e+00 1.000000e+00 0.000000e+00 0.000000e+00 0.000000e+00 0.000000e+00 0.000000e+00
 0.000000e+00 9.998435e-01 1.564681e-04 0.000000e+00 0.000000e+00 0.000000e+00 0.000000e+00
 0.000000e+00 0.000000e+00 9.991838e-01 8.161938e-04 0.000000e+00 0.000000e+00 0.000000e+00
 0.000000e+00 0.000000e+00 0.000000e+00 9.993302e-01 6.698634e-04 0.000000e+00 0.000000e+00
 0.000000e+00 0.000000e+00 0.000000e+00 0.000000e+00 9.989520e-01 1.047983e-03 0.000000e+00
 0.000000e+00 0.000000e+00 0.000000e+00 0.000000e+00 0.000000e+00 9.999407e-01 5.933200e-05
 0.000000e+00 0.000000e+00 0.000000e+00 0.000000e+00 0.000000e+00 0.000000e+00 0.000000e+00
<ENDHMM>
~h "SegundoESO"
<BEGINHMM>
<NUMSTATES> 7
<STATE> 2
<NUMMIXES> 9
<MIXTURE> 1 1.105003e-01
<MEAN> 6
 8.149631e+01 -1.170690e+02 4.881230e+03 2.093832e+00 -1.441954e+01 -6.730119e+01
<VARIANCE> 6
 1.078742e+02 5.373506e+07 3.658642e+07 8.747687e+02 3.617517e+04 4.607186e+07
<GCONST> 8.583880e+01
<MIXTURE> 2 1.123447e-01
<MEAN> 6
 6.776135e+01 1.475453e+03 -5.503156e+01 -3.654869e-01 -2.924186e+00 -1.083545e+02
<VARIANCE> 6
 3.147899e+01 2.170344e+05 2.635252e+04 2.917190e+02 3.617517e+04 4.607186e+07
<GCONST> 7.076135e+01
<MIXTURE> 3 1.266300e-01
<MEAN> 6
 5.750557e+01 4.303564e+02 -2.674153e+03 9.857249e-01 -9.972782e-01 -6.673479e+01
<VARIANCE> 6
 3.147899e+01 5.897791e+04 2.289673e+06 2.917190e+02 3.617517e+04 4.607186e+07
<GCONST> 7.392305e+01
<MIXTURE> 4 1.280328e-01
<MEAN> 6
 6.384429e+01 9.936953e+02 -1.177752e+03 -4.286813e-01 -1.859944e+00 -7.430510e+01
<VARIANCE> 6
 3.147899e+01 1.424310e+06 7.935124e+04 2.917190e+02 3.617517e+04 4.607186e+07
<GCONST> 7.374506e+01
<MIXTURE> 5 1.141292e-01
<MEAN> 6
 6.815199e+01 4.428729e+02 -2.183952e+02 5.081546e-01 -3.142112e+00 -1.043852e+02
<VARIANCE> 6
 3.147899e+01 1.496847e+04 1.596790e+04 2.917190e+02 3.617517e+04 4.607186e+07
<GCONST> 6.758626e+01
<MIXTURE> 6 1.645355e-01
<MEAN> 6
 5.932305e+01 1.017042e+02 -3.479373e+02 3.623873e-01 -2.259154e+00 -1.227379e+02
<VARIANCE> 6
 3.147899e+01 3.862436e+06 2.142819e+04 2.917190e+02 3.617517e+04 4.607186e+07
<GCONST> 7.343349e+01
<MIXTURE> 7 8.474010e-02
<MEAN> 6
 7.289546e+01 2.231555e+02 -5.368712e+02 -3.685037e-01 -5.524963e+00 -8.544791e+01
<VARIANCE> 6
 3.147899e+01 5.775101e+04 6.079000e+04 2.917190e+02 3.617517e+04 4.607186e+07
<GCONST> 7.027328e+01
<MIXTURE> 8 7.300165e-02
<MEAN> 6
 6.827052e+01 3.314538e+02 -2.700358e+02 1.022618e-01 -7.133878e+00 -1.423555e+02
<VARIANCE> 6
 3.147899e+01 5.523629e+04 2.189938e+04 2.917190e+02 3.617517e+04 4.607186e+07
<GCONST> 6.920781e+01
<MIXTURE> 9 8.594044e-02
<MEAN> 6
 7.255048e+01 1.304405e+02 -5.833164e+02 -4.433050e-01 -6.058574e+00 -1.209945e+02
<VARIANCE> 6
 3.147899e+01 7.891873e+04 4.355592e+04 2.917190e+02 3.617517e+04 4.607186e+07
<GCONST> 7.025220e+01
<STATE> 3
<NUMMIXES> 9
<MIXTURE> 1 9.968872e-02
<MEAN> 6
 7.631831e+01 3.679629e+02 1.442433e+03 2.643310e-01 -1.867344e+00 -7.439963e+01
<VARIANCE> 6
 3.147899e+01 1.040145e+06 8.963726e+05 2.917190e+02 3.617517e+04 4.607186e+07
<GCONST> 7.585519e+01
<MIXTURE> 2 1.120556e-01
<MEAN> 6
 7.646166e+01 1.171645e+03 -2.805460e+03 -1.101327e+00 -4.947901e+00 -1.433340e+02
<VARIANCE> 6
 3.147899e+01 2.051678e+05 1.901732e+06 2.917190e+02 3.617517e+04 4.607186e+07
<GCONST> 7.498407e+01
<MIXTURE> 3 1.247295e-01
<MEAN> 6
 7.476920e+01 4.498669e+02 3.413965e+02 -7.860813e-01 -4.429893e+00 -9.428046e+01
<VARIANCE> 6
 3.147899e+01 7.673676e+04 3.901091e+04 2.917190e+02 3.617517e+04 4.607186e+07
<GCONST> 7.011395e+01
<MIXTURE> 4 1.166369e-01
<MEAN> 6
 7.430493e+01 -5.708956e+01 -4.199628e+03 -8.170116e-01 -3.925506e+00 -5.250145e+01
<VARIANCE> 6
 3.147899e+01 1.312104e+05 1.233974e+07 2.917190e+02 3.617517e+04 4.607186e+07
<GCONST> 7.640710e+01
<MIXTURE> 5 8.829746e-02
<MEAN> 6
 8.485931e+01 -9.671251e+02 2.268367e+02 -8.463628e-01 -5.057723e+00 -1.104967e+02
<VARIANCE> 6
 3.147899e+01 1.639917e+05 5.514733e+04 2.917190e+02 3.617517e+04 4.607186e+07
<GCONST> 7.121954e+01
<MIXTURE> 6 1.290441e-01
<MEAN> 6
 7.500694e+01 -6.316930e+02 7.899651e+01 -3.247147e-01 -2.647566e+00 -1.253946e+02
<VARIANCE> 6
 6.974654e+01 7.678838e+04 2.035448e+04 2.917190e+02 3.617517e+04 4.607186e+07
<GCONST> 7.025963e+01
<MIXTURE> 7 8.230222e-02
<MEAN> 6
 7.973355e+01 -1.861187e+03 5.128680e+00 -1.772285e+00 -4.010607e+00 -1.787453e+01
<VARIANCE> 6
 1.087175e+02 1.188423e+06 1.685669e+05 2.917190e+02 3.617517e+04 4.607186e+07
<GCONST> 7.555687e+01
<MIXTURE> 8 1.466028e-01
<MEAN> 6
 6.925201e+01 -6.693117e+01 2.800413e+02 -3.548224e-01 -4.661042e+00 -1.180874e+02
<VARIANCE> 6
 3.147899e+01 1.214665e+05 1.679559e+04 2.917190e+02 3.617517e+04 4.607186e+07
<GCONST> 6.973048e+01
<MIXTURE> 9 1.005177e-01
<MEAN> 6
 7.415343e+01 1.505080e+01 1.098030e+03 3.015852e-01 -1.471911e+00 -1.228158e+02
<VARIANCE> 6
 3.147899e+01 9.319131e+05 9.584369e+05 2.917190e+02 3.617517e+04 4.607186e+07
<GCONST> 7.581227e+01
<STATE> 4
<NUMMIXES> 9
<MIXTURE> 1 1.337802e-01
<MEAN> 6
 5.054607e+01 -4.653806e+01 1.938246e+01 -1.182536e+01 -5.500119e+02 7.295632e+02
<VARIANCE> 6
 1.857730e+03 1.347018e+07 5.990828e+06 4.136132e+04 8.489156e+05 3.944720e+08
<GCONST> 9.465098e+01
<MIXTURE> 2 1.120928e-01
<MEAN> 6
 -4.744015e+01 3.253951e+02 5.293122e+02 -8.546033e+01 1.187977e+03 2.536286e+03
<VARIANCE> 6
 3.041786e+02 1.418334e+06 3.865959e+06 3.342330e+04 7.132952e+05 4.153593e+08
<GCONST> 8.981691e+01
<MIXTURE> 3 1.045289e-01
<MEAN> 6
 8.298861e+01 -5.244633e+02 4.210927e+02 -6.200631e+00 -7.286673e+01 -2.768973e+02
<VARIANCE> 6
 1.241872e+02 1.834992e+06 2.022114e+06 3.090647e+02 3.617517e+04 4.607186e+07
<GCONST> 7.866665e+01
<MIXTURE> 4 8.477248e-02
<MEAN> 6
 -4.891410e+01 1.720703e+02 1.382482e+02 8.061443e+01 7.609800e+02 5.122240e+02
<VARIANCE> 6
 1.736479e+02 6.445209e+05 4.359652e+05 9.995558e+03 2.030820e+05 4.607186e+07
<GCONST> 8.162285e+01
<MIXTURE> 5 1.560324e-01
<MEAN> 6
 5.820634e+01 5.933509e+01 5.629786e+00 8.898959e+01 -4.650348e+02 -1.081143e+03
<VARIANCE> 6
 4.759594e+02 1.092550e+06 1.058493e+06 2.551748e+04 7.720089e+04 4.607186e+07
<GCONST> 8.401598e+01
<MIXTURE> 6 1.015795e-01
<MEAN> 6
 -7.358206e+00 1.152953e+02 1.226013e+00 6.515814e+01 2.579450e+02 -3.722786e+03
<VARIANCE> 6
 2.775304e+02 1.483657e+06 2.671052e+05 5.640219e+04 1.606482e+05 9.480518e+07
<GCONST> 8.465318e+01
<MIXTURE> 7 1.346413e-01
<MEAN> 6
 6.972119e+01 -1.154917e+02 1.801475e+02 -7.334034e+01 -8.406697e+02 9.748732e+02
<VARIANCE> 6
 4.185385e+02 9.689700e+05 3.628078e+05 2.542039e+04 2.304806e+05 1.067556e+08
<GCONST> 8.462693e+01
<MIXTURE> 8 8.003901e-02
<MEAN> 6
 1.328135e+00 -8.991919e+00 -1.015632e+02 -8.405997e+01 7.087650e+01 1.379059e+03
<VARIANCE> 6
 4.917718e+02 9.549594e+05 1.775737e+06 4.666136e+04 7.185572e+04 4.939175e+07
<GCONST> 8.503281e+01
<MIXTURE> 9 9.188813e-02
<MEAN> 6
 -5.868364e+01 1.015366e+01 -2.685149e+01 1.745352e+01 4.192821e+02 -8.409542e+02
<VARIANCE> 6
 1.173313e+02 6.664373e+05 6.334729e+05 3.370398e+03 1.711739e+05 4.607186e+07
<GCONST> 8.037987e+01
<STATE> 5
<NUMMIXES> 9
<MIXTURE> 1 1.246653e-01
<MEAN> 6
 7.576215e+01 5.809891e+02 -8.279037e+00 -2.124655e+00 -5.535148e+00 3.767313e+01
<VARIANCE> 6
 3.147899e+01 2.215819e+05 1.812598e+05 2.917190e+02 3.617517e+04 4.607186e+07
<GCONST> 7.271045e+01
<MIXTURE> 2 8.676678e-02
<MEAN> 6
 9.767723e+01 7.767009e+02 -7.654664e+02 -5.277074e+00 1.328455e+00 1.902195e+02
<VARIANCE> 6
 1.271158e+02 6.551159e+05 5.685628e+05 2.917190e+02 3.617517e+04 4.607186e+07
<GCONST> 7.633344e+01
<MIXTURE> 3 9.844597e-02
<MEAN> 6
 5.935007e+01 5.106041e+02 6.931408e+01 1.832633e-01 -1.228863e+00 -1.014041e+02
<VARIANCE> 6
 3.147899e+01 6.210978e+04 1.596790e+04 2.917190e+02 3.617517e+04 4.607186e+07
<GCONST> 6.900922e+01
<MIXTURE> 4 1.034390e-01
<MEAN> 6
 9.056661e+01 -2.576479e+03 -1.797647e+03 -5.332999e+00 3.206599e+00 5.736859e+01
<VARIANCE> 6
 1.059408e+02 8.368665e+06 2.077504e+07 2.917190e+02 3.617517e+04 4.607186e+07
<GCONST> 8.229705e+01
<MIXTURE> 5 1.484081e-01
<MEAN> 6
 8.778562e+01 -1.538219e+01 1.409168e+00 -3.362192e+00 -5.932954e+00 1.258198e+02
<VARIANCE> 6
 4.998083e+01 3.788235e+05 1.984558e+06 2.917190e+02 3.617517e+04 4.607186e+07
<GCONST> 7.610226e+01
<MIXTURE> 6 1.147871e-01
<MEAN> 6
 7.169798e+01 -7.408821e+02 3.399421e+01 -2.730318e+00 3.984134e+00 6.927493e+00
<VARIANCE> 6
 3.991755e+01 3.788228e+06 2.251120e+05 2.917190e+02 3.617517e+04 4.607186e+07
<GCONST> 7.600348e+01
<MIXTURE> 7 1.317927e-01
<MEAN> 6
 7.747118e+01 -2.166129e+02 -1.998902e+02 -2.776258e+00 -1.083033e+00 7.680051e+01
<VARIANCE> 6
 6.329365e+01 6.359374e+05 4.408024e+06 2.917190e+02 3.617517e+04 4.607186e+07
<GCONST> 7.765446e+01
<MIXTURE> 8 1.055638e-01
<MEAN> 6
 5.895671e+01 -3.895824e+01 -1.130531e+02 -5.286170e-03 -3.372792e+00 -1.335571e+02
<VARIANCE> 6
 3.147899e+01 3.135943e+04 1.596790e+04 2.917190e+02 3.617517e+04 4.607186e+07
<GCONST> 6.832582e+01
<MIXTURE> 9 8.606257e-02
<MEAN> 6
 9.326505e+01 5.729229e+02 -9.899398e+02 -4.631855e+00 -2.093235e+00 1.297658e+02
<VARIANCE> 6
 1.325536e+02 7.118536e+05 7.879971e+05 2.917190e+02 3.617517e+04 4.607186e+07
<GCONST> 7.678476e+01
<STATE> 6
<NUMMIXES> 9
<MIXTURE> 1 9.416346e-02
<MEAN> 6
 4.068411e+01 2.541340e+02 5.395378e+02 2.361374e+01 -9.368559e+01 -1.089086e+02
<VARIANCE> 6
 1.032683e+03 1.339347e+06 5.533171e+05 7.060282e+03 5.088384e+04 4.607186e+07
<GCONST> 8.264381e+01
<MIXTURE> 2 1.282462e-01
<MEAN> 6
 -1.112901e+01 2.310614e+01 7.329002e+01 -1.640447e+02 3.985027e+02 5.108375e+03
<VARIANCE> 6
 6.172782e+02 2.547850e+05 1.060985e+05 9.553724e+03 4.766266e+05 2.290028e+08
<GCONST> 8.296130e+01
<MIXTURE> 3 1.147655e-01
<MEAN> 6
 2.771174e+01 7.954669e+01 4.535542e+01 7.867218e+01 9.001486e+00 -2.807325e+02
<VARIANCE> 6
 1.052794e+03 3.185066e+05 6.959577e+04 9.443401e+03 3.617517e+04 4.607186e+07
<GCONST> 7.910324e+01
<MIXTURE> 4 1.473215e-01
<MEAN> 6
 6.961574e+01 -3.824816e+02 1.079828e+01 -1.762927e+01 -6.402791e+02 -3.466074e+02
<VARIANCE> 6
 1.939996e+02 6.762452e+05 6.737220e+04 1.025731e+04 3.402178e+05 1.221248e+08
<GCONST> 8.143106e+01
<MIXTURE> 5 1.058346e-01
<MEAN> 6
 -3.511498e+01 1.168854e+02 -7.061213e+00 5.775709e+01 7.353186e+02 -4.339163e+03
<VARIANCE> 6
 2.291129e+02 2.378590e+05 3.623808e+04 1.526905e+04 2.859699e+05 9.568736e+07
<GCONST> 7.991260e+01
<MIXTURE> 6 9.996746e-02
<MEAN> 6
 5.086940e+01 7.161922e+01 3.802361e+01 -1.277536e+01 -3.550682e+02 2.481718e+02
<VARIANCE> 6
 3.433777e+02 7.414878e+04 3.542677e+04 1.960040e+04 7.743736e+04 4.607186e+07
<GCONST> 7.734138e+01
<MIXTURE> 7 1.059246e-01
<MEAN> 6
 -3.753060e+01 -1.556569e+01 -3.843589e+01 2.030359e+01 3.742072e+02 9.072243e+01
<VARIANCE> 6
 1.769803e+02 9.277250e+04 1.158017e+05 4.001014e+03 8.126538e+04 4.607186e+07
<GCONST> 7.654633e+01
<MIXTURE> 8 8.962231e-02
<MEAN> 6
 4.031250e+01 -3.413847e+01 -1.198040e+01 8.456843e+00 -2.843628e+02 -1.295270e+02
<VARIANCE> 6
 7.479636e+02 6.164082e+04 2.628816e+04 2.358162e+04 1.131799e+05 4.607186e+07
<GCONST> 7.820124e+01
<MIXTURE> 9 1.136712e-01
<MEAN> 6
 2.601713e+01 -1.504556e+02 -6.534755e+01 5.028587e+01 -4.475464e+01 -9.862675e+02
<VARIANCE> 6
 1.139279e+03 2.818270e+05 6.911573e+04 1.403608e+04 3.617517e+04 4.607186e+07
<GCONST> 7.944923e+01
<TRANSP> 7
 0.000000e+00 1.000000e+00 0.000000e+00 0.000000e+00 0.000000e+00 0.000000e+00 0.000000e+00
 0.000000e+00 9.994617e-01 5.382793e-04 0.000000e+00 0.000000e+00 0.000000e+00 0.000000e+00
 0.000000e+00 0.000000e+00 9.995635e-01 4.365220e-04 0.000000e+00 0.000000e+00 0.000000e+00
 0.000000e+00 0.000000e+00 0.000000e+00 9.999244e-01 7.560643e-05 0.000000e+00 0.000000e+00
 0.000000e+00 0.000000e+00 0.000000e+00 0.000000e+00 9.995958e-01 4.042242e-04 0.000000e+00
 0.000000e+00 0.000000e+00 0.000000e+00 0.000000e+00 0.000000e+00 9.998688e-01 1.311998e-04
 0.000000e+00 0.000000e+00 0.000000e+00 0.000000e+00 0.000000e+00 0.000000e+00 0.000000e+00
<ENDHMM>
~h "QuintoPRIMARIA"
<BEGINHMM>
<NUMSTATES> 7
<STATE> 2
<NUMMIXES> 9
<MIXTURE> 1 1.220139e-01
<MEAN> 6
 7.254095e+01 1.184934e+01 8.728813e+01 -5.461670e+00 -2.893578e+01 -4.175858e+02
<VARIANCE> 6
 1.656364e+02 5.724446e+04 9.895043e+04 2.917190e+02 3.617517e+04 4.607186e+07
<GCONST> 7.241216e+01
<MIXTURE> 2 5.347685e-02
<MEAN> 6
 3.195563e+01 -3.061308e+01 -3.732409e+01 -3.107238e+01 -4.601124e+02 3.084443e+03
<VARIANCE> 6
 2.837002e+03 4.910008e+05 1.501353e+06 6.199132e+04 2.807226e+06 1.167334e+09
<GCONST> 9.306429e+01
<MIXTURE> 3 8.719279e-02
<MEAN> 6
 -3.978217e+01 5.683071e+01 1.221774e+02 8.746921e+01 5.511307e+02 -2.088845e+02
<VARIANCE> 6
 3.977510e+02 1.230231e+05 1.419667e+05 1.002006e+04 1.405054e+05 4.607186e+07
<GCONST> 7.930762e+01
<MIXTURE> 4 1.650623e-01
<MEAN> 6
 6.073541e+01 6.833143e+01 1.226922e+01 3.017572e+01 -5.226754e+02 -1.133226e+03
<VARIANCE> 6
 4.843973e+02 8.452585e+04 5.063046e+04 2.864421e+04 2.364890e+05 4.607186e+07
<GCONST> 7.966937e+01
<MIXTURE> 5 8.359578e-02
<MEAN> 6
 8.146057e+01 5.295471e+00 -1.343499e+02 -1.934878e+01 -8.053334e+02 8.397699e+02
<VARIANCE> 6
 2.234253e+02 8.541499e+05 1.671943e+05 1.322459e+04 4.915318e+05 1.827175e+08
<GCONST> 8.373969e+01
<MIXTURE> 6 1.084730e-01
<MEAN> 6
 -4.092170e+01 -6.782973e+01 -8.099786e+00 -5.032777e+01 1.214653e+03 8.621868e+02
<VARIANCE> 6
 3.507713e+02 1.033676e+05 9.595959e+04 3.903570e+04 5.035131e+05 3.577731e+08
<GCONST> 8.330213e+01
<MIXTURE> 7 1.751482e-01
<MEAN> 6
 1.921530e+01 -4.358551e+01 -3.048733e+01 -2.480287e+01 -1.623132e+02 4.011598e+01
<VARIANCE> 6
 6.897454e+02 8.601002e+04 1.329140e+05 5.692729e+04 2.879587e+05 1.468955e+08
<GCONST> 8.304860e+01
<MIXTURE> 8 1.104714e-01
<MEAN> 6
 6.974205e+01 1.306635e+01 -1.034680e+02 -1.949853e+00 -2.015874e+01 -2.337620e+02
<VARIANCE> 6
 8.197830e+01 3.067408e+05 1.910068e+05 2.917190e+02 3.617517e+04 4.607186e+07
<GCONST> 7.404517e+01
<MIXTURE> 9 9.403232e-02
<MEAN> 6
 -5.033163e+01 -2.882509e+01 -4.797783e+00 2.200659e+01 3.414589e+02 -5.983183e+02
<VARIANCE> 6
 2.592764e+02 1.053634e+05 1.000207e+05 4.168075e+03 1.145385e+05 4.607186e+07
<GCONST> 7.729305e+01
<STATE> 3
<NUMMIXES> 9
<MIXTURE> 1 1.481684e-01
<MEAN> 6
 6.796230e+01 3.427815e+02 2.381435e+02 -3.204185e+00 5.763336e+00 -4.790377e+01
<VARIANCE> 6
 3.147899e+01 3.734885e+04 1.596790e+04 2.917190e+02 3.617517e+04 4.607186e+07
<GCONST> 6.850061e+01
<MIXTURE> 2 9.414167e-02
<MEAN> 6
 4.894122e+01 -1.046184e+03 1.959820e+01 -1.898596e-01 -1.940454e+00 -8.895098e+01
<VARIANCE> 6
 3.147899e+01 1.496847e+04 1.596790e+04 2.917190e+02 3.617517e+04 4.607186e+07
<GCONST> 6.758626e+01
<MIXTURE> 3 3.031985e-02
<MEAN> 6
 6.623382e+01 1.245683e+02 -3.540073e+02 -4.522565e-01 -1.235216e+01 -4.875092e+01
<VARIANCE> 6
 3.147899e+01 4.273771e+05 4.454384e+04 2.917190e+02 3.617517e+04 4.607186e+07
<GCONST> 7.196387e+01
<MIXTURE> 4 1.034634e-01
<MEAN> 6
 6.320508e+01 3.186694e+01 -1.748550e+02 -1.530163e+00 2.492287e-01 7.572453e+00
<VARIANCE> 6
 3.147899e+01 1.496847e+04 7.948800e+04 2.917190e+02 3.617517e+04 4.607186e+07
<GCONST> 6.919128e+01
<MIXTURE> 5 1.024141e-01
<MEAN> 6
 6.270441e+01 -4.049772e+02 -1.441306e+01 8.687589e-01 -8.895499e+00 -4.048883e+01
<VARIANCE> 6
 3.147899e+01 1.496847e+04 1.596790e+04 2.917190e+02 3.617517e+04 4.607186e+07
<GCONST> 6.758626e+01
<MIXTURE> 6 9.986990e-02
<MEAN> 6
 6.476185e+01 4.521229e+02 -4.476933e+02 -2.317244e-01 -7.748593e+00 -1.566444e+01
<VARIANCE> 6
 3.147899e+01 2.253503e+04 2.817846e+05 2.917190e+02 3.617517e+04 4.607186e+07
<GCONST> 7.086594e+01
<MIXTURE> 7 9.361708e-02
<MEAN> 6
 6.931213e+01 -2.899165e+02 -4.731431e+02 1.725858e+00 -5.952432e+00 -4.672665e+01
<VARIANCE> 6
 3.147899e+01 2.210602e+04 1.596790e+04 2.917190e+02 3.617517e+04 4.607186e+07
<GCONST> 6.797615e+01
<MIXTURE> 8 2.234875e-01
<MEAN> 6
 6.291546e+01 1.786090e+01 -2.607125e+02 -1.287955e+00 7.714188e-02 -8.170324e+00
<VARIANCE> 6
 3.147899e+01 1.496847e+04 8.082848e+04 2.917190e+02 3.617517e+04 4.607186e+07
<GCONST> 6.920801e+01
<MIXTURE> 9 1.044959e-01
<MEAN> 6
 6.251484e+01 7.395446e+00 -2.509822e+02 -1.217720e+00 -9.053302e-02 -1.948669e+01
<VARIANCE> 6
 3.147899e+01 1.496847e+04 9.335234e+04 2.917190e+02 3.617517e+04 4.607186e+07
<GCONST> 6.935205e+01
<STATE> 4
<NUMMIXES> 9
<MIXTURE> 1 1.209251e-01
<MEAN> 6
 6.231987e+01 -3.928496e+03 -4.852666e+03 -1.824207e-01 -4.273501e+00 -1.059164e+02
<VARIANCE> 6
 3.147899e+01 1.758426e+07 7.001020e+06 2.917190e+02 3.617517e+04 4.607186e+07
<GCONST> 8.073830e+01
<MIXTURE> 2 1.747617e-01
<MEAN> 6
 7.734337e+01 1.954232e+02 3.281840e+03 -8.934525e-02 -3.169454e+00 -1.086681e+02
<VARIANCE> 6
 6.264690e+01 1.592046e+05 6.694162e+05 2.917190e+02 3.617517e+04 4.607186e+07
<GCONST> 7.437451e+01
<MIXTURE> 3 1.240286e-01
<MEAN> 6
 1.030934e+02 1.783202e+03 -4.200605e+02 -4.025520e+00 2.539452e+00 5.905877e+00
<VARIANCE> 6
 1.774380e+02 1.302508e+06 5.117776e+04 2.917190e+02 3.617517e+04 4.607186e+07
<GCONST> 7.494638e+01
<MIXTURE> 4 1.553597e-01
<MEAN> 6
 6.318953e+01 -2.411250e+02 -1.441724e+03 1.088546e+00 -1.766687e+00 -6.212450e+01
<VARIANCE> 6
 5.845212e+01 5.643836e+05 6.581095e+04 2.917190e+02 3.617517e+04 4.607186e+07
<GCONST> 7.325113e+01
<MIXTURE> 5 8.293897e-02
<MEAN> 6
 6.867829e+01 1.575111e+03 4.014597e+02 5.651343e-02 -3.001754e+00 -1.325956e+02
<VARIANCE> 6
 3.278342e+01 1.834941e+05 1.040549e+06 2.917190e+02 3.617517e+04 4.607186e+07
<GCONST> 7.431001e+01
<MIXTURE> 6 1.167632e-01
<MEAN> 6
 6.249920e+01 3.561573e+02 -3.061806e+03 9.627734e-01 -7.421278e+00 -9.703573e+01
<VARIANCE> 6
 3.147899e+01 1.152939e+05 8.332848e+04 2.917190e+02 3.617517e+04 4.607186e+07
<GCONST> 7.128000e+01
<MIXTURE> 7 6.526356e-02
<MEAN> 6
 8.870779e+01 3.788037e+02 -1.353304e+03 -1.725017e+00 -3.062809e-01 -5.063343e+01
<VARIANCE> 6
 3.147899e+01 3.414360e+04 8.803265e+04 2.917190e+02 3.617517e+04 4.607186e+07
<GCONST> 7.011801e+01
<MIXTURE> 8 6.156578e-02
<MEAN> 6
 5.929515e+01 1.670989e+02 -5.634323e+03 1.867517e+00 -7.789224e+00 -4.864826e+01
<VARIANCE> 6
 3.540651e+01 5.754795e+04 4.716102e+06 2.917190e+02 3.617517e+04 4.607186e+07
<GCONST> 7.473866e+01
<MIXTURE> 9 9.835046e-02
<MEAN> 6
 6.473257e+01 1.271808e+03 -4.406844e+02 5.090204e-01 -4.044615e+00 -7.087864e+01
<VARIANCE> 6
 3.450526e+01 4.118785e+04 8.011246e+05 2.917190e+02 3.617517e+04 4.607186e+07
<GCONST> 7.260568e+01
<STATE> 5
<NUMMIXES> 9
<MIXTURE> 1 2.178857e-01
<MEAN> 6
 8.285088e+01 -5.202327e+01 2.168607e+02 -3.723146e+00 4.045590e+00 9.577925e+00
<VARIANCE> 6
 5.889778e+01 2.990853e+04 5.021151e+04 2.917190e+02 3.617517e+04 4.607186e+07
<GCONST> 7.005060e+01
<MIXTURE> 2 7.474256e-02
<MEAN> 6
 7.276498e+01 -3.946672e+02 9.928618e+02 -1.649414e+00 -1.653602e+00 2.365905e+01
<VARIANCE> 6
 3.147899e+01 1.496847e+04 1.691896e+04 2.917190e+02 3.617517e+04 4.607186e+07
<GCONST> 6.764410e+01
<MIXTURE> 3 1.007292e-01
<MEAN> 6
 8.247813e+01 5.140138e+02 -2.526084e+02 -2.259565e+00 -1.827840e+00 -4.466399e+01
<VARIANCE> 6
 3.147899e+01 1.496847e+04 1.596790e+04 2.917190e+02 3.617517e+04 4.607186e+07
<GCONST> 6.758626e+01
<MIXTURE> 4 9.356706e-03
<MEAN> 6
 7.985914e+01 -2.277195e+02 9.633870e+01 -1.815403e+00 -3.988726e+01 1.363854e+02
<VARIANCE> 6
 4.320230e+01 6.574176e+04 1.765024e+06 2.917190e+02 3.617517e+04 4.607186e+07
<GCONST> 7.408795e+01
<MIXTURE> 5 1.643819e-01
<MEAN> 6
 7.675925e+01 -5.961053e+02 1.533169e+02 -1.513555e+00 1.133039e+00 -1.056406e+02
<VARIANCE> 6
 3.147899e+01 3.844262e+04 1.936333e+04 2.917190e+02 3.617517e+04 4.607186e+07
<GCONST> 6.872227e+01
<MIXTURE> 6 1.134805e-01
<MEAN> 6
 9.044122e+01 -2.036645e+02 5.651248e+01 -5.836122e+00 1.474149e+01 8.626506e+01
<VARIANCE> 6
 7.004333e+01 7.739672e+04 4.190228e+04 2.917190e+02 3.617517e+04 4.607186e+07
<GCONST> 7.099380e+01
<MIXTURE> 7 1.027225e-01
<MEAN> 6
 8.304316e+01 -1.603631e+02 -3.498566e+02 -1.666108e+00 -5.475562e-01 -4.277041e+01
<VARIANCE> 6
 3.147899e+01 5.042172e+04 2.191711e+04 2.917190e+02 3.617517e+04 4.607186e+07
<GCONST> 6.911742e+01
<MIXTURE> 8 1.062676e-01
<MEAN> 6
 7.667265e+01 -9.802875e+02 -1.919673e+02 -1.687305e+00 -7.096803e+00 -3.334337e+01
<VARIANCE> 6
 3.147899e+01 1.703004e+05 8.479138e+04 2.917190e+02 3.617517e+04 4.607186e+07
<GCONST> 7.168748e+01
<MIXTURE> 9 1.103747e-01
<MEAN> 6
 8.781549e+01 -2.979053e+02 -2.036829e+00 -4.763217e+00 3.547843e+00 -2.344358e+01
<VARIANCE> 6
 6.894813e+01 7.469189e+04 3.778636e+04 2.917190e+02 3.617517e+04 4.607186e+07
<GCONST> 7.083908e+01
<STATE> 6
<NUMMIXES> 9
<MIXTURE> 1 1.010590e-01
<MEAN> 6
 8.694462e+01 1.912769e+02 1.056045e+03 -4.164704e+00 -1.435144e+01 -2.198032e+01
<VARIANCE> 6
 2.157988e+02 3.973135e+06 3.596224e+06 2.917190e+02 3.617517e+04 4.607186e+07
<GCONST> 8.050970e+01
<MIXTURE> 2 1.501285e-02
<MEAN> 6
 -5.912101e+00 1.585836e+02 1.111500e+02 -1.793433e+01 5.369897e+00 3.209765e+03
<VARIANCE> 6
 1.156765e+04 2.036144e+05 4.110275e+05 1.888756e+06 1.031381e+09 1.517138e+12
<GCONST> 1.087871e+02
<MIXTURE> 3 1.355963e-01
<MEAN> 6
 6.997550e+00 -3.316768e+01 -5.637524e+02 -1.074004e+02 1.472545e+02 3.419988e+03
<VARIANCE> 6
 4.312881e+03 2.274230e+06 6.232144e+06 5.003914e+04 3.290702e+06 1.490787e+09
<GCONST> 9.662875e+01
<MIXTURE> 4 1.328294e-01
<MEAN> 6
 -2.300797e+01 -1.116243e+02 2.325760e+02 8.812197e+01 4.834323e+02 -2.785869e+03
<VARIANCE> 6
 4.642867e+02 1.484663e+06 1.436159e+06 4.183907e+04 2.417857e+05 5.790164e+07
<GCONST> 8.646759e+01
<MIXTURE> 5 1.468237e-01
<MEAN> 6
 5.698059e+01 1.169021e+02 3.150241e+02 3.824612e+01 -4.892219e+02 -3.308470e+02
<VARIANCE> 6
 6.980154e+02 1.832054e+06 3.489496e+06 3.183291e+04 1.582697e+05 4.607186e+07
<GCONST> 8.704774e+01
<MIXTURE> 6 1.439320e-01
<MEAN> 6
 -6.349820e+01 -1.063415e+01 -2.482989e+01 2.013574e+01 5.435568e+02 8.603916e+01
<VARIANCE> 6
 1.451134e+02 8.346758e+05 1.750063e+06 5.706277e+03 2.815312e+05 7.278188e+07
<GCONST> 8.331503e+01
<MIXTURE> 7 8.347276e-02
<MEAN> 6
 6.376734e+01 -5.605535e+00 1.326523e+02 5.851772e+00 -4.080142e+02 8.344838e+02
<VARIANCE> 6
 8.134102e+02 4.855705e+05 3.393475e+05 3.028797e+04 4.386109e+05 1.804851e+08
<GCONST> 8.587740e+01
<MIXTURE> 8 1.586051e-01
<MEAN> 6
 8.176475e+01 1.596966e+02 1.362070e+02 -2.182145e+00 -2.130171e+01 -2.415324e+02
<VARIANCE> 6
 2.382468e+02 5.148000e+05 1.009095e+06 2.917190e+02 3.617517e+04 4.607186e+07
<GCONST> 7.729430e+01
<MIXTURE> 9 8.187466e-02
<MEAN> 6
 5.191285e+01 -2.621440e+02 -7.803235e+01 -5.696215e+01 -6.205049e+02 -1.406244e+03
<VARIANCE> 6
 1.066463e+03 4.974333e+05 4.072880e+05 4.226332e+04 4.295171e+05 1.586330e+08
<GCONST> 8.653806e+01
<TRANSP> 7
 0.000000e+00 1.000000e+00 0.000000e+00 0.000000e+00 0.000000e+00 0.000000e+00 0.000000e+00
 0.000000e+00 9.999046e-01 9.541902e-05 0.000000e+00 0.000000e+00 0.000000e+00 0.000000e+00
 0.000000e+00 0.000000e+00 9.986386e-01 1.361376e-03 0.000000e+00 0.000000e+00 0.000000e+00
 0.000000e+00 0.000000e+00 0.000000e+00 9.993585e-01 6.414466e-04 0.000000e+00 0.000000e+00
 0.000000e+00 0.000000e+00 0.000000e+00 0.000000e+00 9.992808e-01 7.192985e-04 0.000000e+00
 0.000000e+00 0.000000e+00 0.000000e+00 0.000000e+00 0.000000e+00 9.999272e-01 7.286034e-05
 0.000000e+00 0.000000e+00 0.000000e+00 0.000000e+00 0.000000e+00 0.000000e+00 0.000000e+00
<ENDHMM>
