~o
<STREAMINFO> 1 6
<VECSIZE> 6<NULLD><USER><DIAGC>
~h "SegundoPRIMARIA"
<BEGINHMM>
<NUMSTATES> 7
<STATE> 2
<NUMMIXES> 14
<MIXTURE> 1 8.912335e-02
<MEAN> 6
 1.024030e+02 -1.558927e+02 4.641129e+02 -5.387052e+00 -5.184908e+01 -5.724094e+02
<VARIANCE> 6
 2.678562e+02 2.487098e+05 6.019966e+05 2.961042e+02 4.015795e+04 5.141442e+07
<GCONST> 7.639648e+01
<MIXTURE> 2 5.429431e-02
<MEAN> 6
 2.997577e+01 -1.868359e+02 2.105927e+02 -8.042770e+01 -1.643873e+02 6.665669e+03
<VARIANCE> 6
 2.687467e+03 1.383890e+06 2.518187e+06 9.046262e+04 2.713450e+06 1.215987e+09
<GCONST> 9.494833e+01
<MIXTURE> 3 1.041391e-01
<MEAN> 6
 -3.946931e+01 -3.177482e+01 -1.005307e+02 -3.272826e+01 1.251824e+03 -1.052714e+03
<VARIANCE> 6
 7.574572e+02 1.806751e+05 8.444562e+05 6.057269e+04 6.868344e+05 4.379801e+08
<GCONST> 8.775726e+01
<MIXTURE> 4 7.196870e-02
<MEAN> 6
 -5.509632e+01 -2.147125e+01 -3.189033e+02 -6.204295e+00 9.724042e+01 1.274961e+02
<VARIANCE> 6
 2.196842e+02 1.469551e+05 1.195941e+06 2.961042e+02 4.015795e+04 5.141442e+07
<GCONST> 7.635849e+01
<MIXTURE> 5 6.120843e-02
<MEAN> 6
 1.023524e+02 -1.824039e+01 1.388156e+02 -2.358251e+01 -6.263630e+02 3.858732e+03
<VARIANCE> 6
 3.080094e+02 5.039576e+05 8.072948e+05 8.457484e+03 5.997899e+05 2.368851e+08
<GCONST> 8.511931e+01
<MIXTURE> 6 1.032035e-01
<MEAN> 6
 1.932310e+01 -7.298091e+01 -2.654401e+01 8.312152e+01 -2.109053e+01 -1.435564e+03
<VARIANCE> 6
 9.031669e+02 1.582254e+05 5.649313e+05 5.085770e+04 1.183391e+05 5.141442e+07
<GCONST> 8.332294e+01
<MIXTURE> 7 7.470149e-02
<MEAN> 6
 7.727905e+01 8.899281e+02 -4.638411e+02 3.848450e+00 -3.592349e+01 -3.171694e+01
<VARIANCE> 6
 1.375320e+02 3.222845e+05 1.475009e+06 2.961042e+02 4.015795e+04 5.141442e+07
<GCONST> 7.688520e+01
<MIXTURE> 8 5.310503e-02
<MEAN> 6
 5.906210e+01 -3.443898e+00 1.227755e+02 -1.011974e+01 -6.966325e+02 2.227614e+03
<VARIANCE> 6
 4.504340e+02 2.043765e+05 1.142747e+06 5.311279e+04 2.519300e+05 9.775487e+07
<GCONST> 8.502919e+01
<MIXTURE> 9 5.980840e-02
<MEAN> 6
 6.105548e+01 -4.247816e+02 1.347743e+03 2.790578e-01 -1.039229e-01 -1.079535e+02
<VARIANCE> 6
 3.118158e+01 2.215598e+05 4.665859e+05 2.961042e+02 4.015795e+04 5.141442e+07
<GCONST> 7.387545e+01
<MIXTURE> 10 7.542652e-02
<MEAN> 6
 -4.221832e+01 -9.064565e+01 8.142020e+01 5.758855e+01 6.151718e+02 -2.295949e+02
<VARIANCE> 6
 2.822231e+02 2.129393e+05 8.181797e+05 1.893293e+04 8.871126e+04 5.141442e+07
<GCONST> 8.155078e+01
<MIXTURE> 11 8.796316e-02
<MEAN> 6
 7.365790e+01 2.516705e+01 -6.783221e+02 8.306838e-01 -1.947303e+01 -1.745117e+02
<VARIANCE> 6
 4.162112e+01 5.926737e+04 6.164746e+05 2.961042e+02 4.015795e+04 5.141442e+07
<GCONST> 7.312418e+01
<MIXTURE> 12 5.102605e-02
<MEAN> 6
 -7.543155e+01 6.601059e+01 -6.009387e+02 5.654606e+00 5.531295e+02 4.708279e+02
<VARIANCE> 6
 5.916890e+02 6.937609e+04 6.110147e+05 6.198352e+03 1.953949e+05 6.859950e+07
<GCONST> 8.083904e+01
<MIXTURE> 13 6.136038e-02
<MEAN> 6
 8.721178e+01 -7.879881e+01 5.340377e+01 3.235856e+01 -1.107442e+03 -6.396400e+03
<VARIANCE> 6
 3.171342e+02 1.636814e+05 3.866425e+05 3.242700e+04 7.889504e+05 2.285839e+08
<GCONST> 8.487013e+01
<MIXTURE> 14 5.236697e-02
<MEAN> 6
 5.117285e+01 -1.376199e+02 -1.673925e+02 -8.430008e+01 -9.192936e+02 -2.399788e+02
<VARIANCE> 6
 4.456578e+02 1.949640e+05 1.282180e+06 6.026245e+04 2.732338e+05 9.996962e+07
<GCONST> 8.531638e+01
<STATE> 3
<NUMMIXES> 14
<MIXTURE> 1 9.630660e-02
<MEAN> 6
 7.466597e+01 6.928649e+01 1.563123e+02 -5.521982e-01 -6.577579e+00 -5.933688e+01
<VARIANCE> 6
 3.118158e+01 1.485183e+04 1.472748e+04 2.961042e+02 4.015795e+04 5.141442e+07
<GCONST> 6.771716e+01
<MIXTURE> 2 5.565545e-02
<MEAN> 6
 6.520611e+01 7.354671e+02 4.821179e+01 1.287770e-02 1.478009e+01 -1.387756e+01
<VARIANCE> 6
 3.118158e+01 5.163172e+04 1.472748e+04 2.961042e+02 4.015795e+04 5.141442e+07
<GCONST> 6.896317e+01
<MIXTURE> 3 6.388850e-02
<MEAN> 6
 7.590791e+01 6.747252e+01 -2.584993e+02 -7.428899e-01 -6.947921e+00 -1.095768e+02
<VARIANCE> 6
 3.118158e+01 1.485183e+04 1.472748e+04 2.961042e+02 4.015795e+04 5.141442e+07
<GCONST> 6.771716e+01
<MIXTURE> 4 5.522025e-02
<MEAN> 6
 6.871893e+01 -7.714814e+01 2.192534e+02 8.785167e-01 5.095798e-01 -6.490439e+01
<VARIANCE> 6
 3.118158e+01 1.485183e+04 3.164130e+04 2.961042e+02 4.015795e+04 5.141442e+07
<GCONST> 6.848190e+01
<MIXTURE> 5 1.039269e-01
<MEAN> 6
 6.137182e+01 4.026035e+02 -2.219548e+02 1.369016e+00 -1.831277e+00 -2.018955e+02
<VARIANCE> 6
 6.267681e+01 1.485183e+04 1.472748e+04 2.961042e+02 4.015795e+04 5.141442e+07
<GCONST> 6.841531e+01
<MIXTURE> 6 2.885981e-02
<MEAN> 6
 7.298040e+01 -5.905936e+02 -1.936200e+02 -4.559169e-01 -1.194046e+01 -1.010909e+02
<VARIANCE> 6
 3.118158e+01 1.103062e+05 1.472748e+04 2.961042e+02 4.015795e+04 5.141442e+07
<GCONST> 6.972229e+01
<MIXTURE> 7 4.274175e-02
<MEAN> 6
 4.849820e+01 -5.828328e+01 -3.971999e+02 1.600817e+00 -1.575394e+00 -5.713034e+01
<VARIANCE> 6
 3.118158e+01 1.485183e+04 1.472748e+04 2.961042e+02 4.015795e+04 5.141442e+07
<GCONST> 6.771716e+01
<MIXTURE> 8 7.655426e-02
<MEAN> 6
 5.909644e+01 -4.242929e+02 -1.897665e+02 6.976417e-01 6.974424e-01 -1.429686e+00
<VARIANCE> 6
 3.118158e+01 1.485183e+04 1.527404e+04 2.961042e+02 4.015795e+04 5.141442e+07
<GCONST> 6.775359e+01
<MIXTURE> 9 9.541029e-02
<MEAN> 6
 7.370116e+01 3.114295e+01 1.570211e+02 -1.679556e-01 -2.655925e+00 -1.139261e+02
<VARIANCE> 6
 3.118158e+01 1.485183e+04 1.472748e+04 2.961042e+02 4.015795e+04 5.141442e+07
<GCONST> 6.771716e+01
<MIXTURE> 10 8.050463e-02
<MEAN> 6
 6.702852e+01 -1.150930e+01 -2.208703e+02 8.259990e-01 1.566641e+00 -1.472910e+02
<VARIANCE> 6
 3.118158e+01 1.485183e+04 1.472748e+04 2.961042e+02 4.015795e+04 5.141442e+07
<GCONST> 6.771716e+01
<MIXTURE> 11 1.001661e-01
<MEAN> 6
 6.965565e+01 -1.477808e+02 1.363353e+02 1.419664e+00 2.008008e+00 -1.460616e+02
<VARIANCE> 6
 3.118158e+01 1.485183e+04 1.472748e+04 2.961042e+02 4.015795e+04 5.141442e+07
<GCONST> 6.771716e+01
<MIXTURE> 12 8.349159e-02
<MEAN> 6
 6.668401e+01 -3.331739e+01 -2.131208e+02 7.890853e-01 2.104232e+00 -1.316043e+02
<VARIANCE> 6
 3.118158e+01 1.485183e+04 1.472748e+04 2.961042e+02 4.015795e+04 5.141442e+07
<GCONST> 6.771716e+01
<MIXTURE> 13 6.107795e-02
<MEAN> 6
 7.389812e+01 5.804219e+01 -2.680368e+02 -1.751450e-01 -5.147356e+00 -1.536382e+02
<VARIANCE> 6
 4.104102e+01 1.485183e+04 1.472748e+04 2.961042e+02 4.015795e+04 5.141442e+07
<GCONST> 6.799190e+01
<MIXTURE> 14 5.604581e-02
<MEAN> 6
 6.348307e+01 6.417527e+02 1.829379e+01 -3.998952e-01 -3.659561e+00 -1.666592e+02
<VARIANCE> 6
 3.118158e+01 5.480877e+04 1.472748e+04 2.961042e+02 4.015795e+04 5.141442e+07
<GCONST> 6.902288e+01
<STATE> 4
<NUMMIXES> 14
<MIXTURE> 1 5.182204e-02
<MEAN> 6
 1.219204e+02 -1.253791e+02 2.104417e+03 -2.002842e+00 1.536184e+00 -1.612709e+02
<VARIANCE> 6
 3.248334e+01 1.827075e+05 1.740923e+05 2.961042e+02 4.015795e+04 5.141442e+07
<GCONST> 7.273769e+01
<MIXTURE> 2 6.564184e-02
<MEAN> 6
 9.428502e+01 7.463510e+02 2.185040e+02 -3.590836e+00 -4.288077e+00 2.134418e+01
<VARIANCE> 6
 3.122713e+01 1.738684e+04 1.472748e+04 2.961042e+02 4.015795e+04 5.141442e+07
<GCONST> 6.787621e+01
<MIXTURE> 3 7.406943e-02
<MEAN> 6
 1.004812e+02 -3.134517e+03 -1.140907e+02 -4.817305e+00 -1.509637e+00 -1.417623e+02
<VARIANCE> 6
 3.118158e+01 5.458241e+05 1.951660e+04 2.961042e+02 4.015795e+04 5.141442e+07
<GCONST> 7.160287e+01
<MIXTURE> 4 1.206431e-01
<MEAN> 6
 8.669315e+01 1.670195e+02 4.541685e+02 -1.343694e+00 1.499089e+00 -5.303461e+01
<VARIANCE> 6
 3.118158e+01 6.910280e+04 1.472748e+04 2.961042e+02 4.015795e+04 5.141442e+07
<GCONST> 6.925462e+01
<MIXTURE> 5 1.185263e-01
<MEAN> 6
 9.356776e+01 6.834913e+01 -1.903623e+01 -6.930865e-01 -2.524271e+00 -4.184811e+01
<VARIANCE> 6
 3.118158e+01 2.678326e+04 3.342073e+04 2.961042e+02 4.015795e+04 5.141442e+07
<GCONST> 6.912627e+01
<MIXTURE> 6 1.955282e-02
<MEAN> 6
 9.195795e+01 9.661307e+02 1.173657e+03 -4.715935e+00 -1.387210e-01 1.078071e+02
<VARIANCE> 6
 3.118158e+01 3.286586e+04 1.472748e+04 2.961042e+02 4.015795e+04 5.141442e+07
<GCONST> 6.851146e+01
<MIXTURE> 7 8.395235e-02
<MEAN> 6
 9.456582e+01 -1.100056e+02 -5.726713e+02 -1.548378e+00 -4.603094e+00 -1.144955e+01
<VARIANCE> 6
 3.118158e+01 1.542299e+05 1.561864e+04 2.961042e+02 4.015795e+04 5.141442e+07
<GCONST> 7.011623e+01
<MIXTURE> 8 1.023050e-01
<MEAN> 6
 8.717980e+01 1.106801e+03 2.302704e+02 -8.910452e-01 -1.572335e+00 -5.055965e+01
<VARIANCE> 6
 3.118158e+01 2.714828e+04 1.472748e+04 2.961042e+02 4.015795e+04 5.141442e+07
<GCONST> 6.832034e+01
<MIXTURE> 9 3.761241e-02
<MEAN> 6
 9.078133e+01 -1.363055e+03 8.143342e+02 2.415061e-01 -4.769842e+00 -1.066880e+02
<VARIANCE> 6
 3.118158e+01 3.541188e+04 1.472748e+04 2.961042e+02 4.015795e+04 5.141442e+07
<GCONST> 6.858607e+01
<MIXTURE> 10 6.047242e-02
<MEAN> 6
 9.449659e+01 -2.122030e+02 4.880064e+02 -2.047076e+00 1.111002e+01 2.377722e+01
<VARIANCE> 6
 3.118158e+01 2.496780e+04 2.482982e+05 2.961042e+02 4.015795e+04 5.141442e+07
<GCONST> 7.106154e+01
<MIXTURE> 11 3.157307e-02
<MEAN> 6
 9.712257e+01 2.103690e+03 -4.504878e+02 -7.954240e+00 -9.621431e+00 4.296745e+02
<VARIANCE> 6
 3.634782e+01 2.639141e+05 2.253280e+04 2.961042e+02 4.015795e+04 5.141442e+07
<GCONST> 7.117322e+01
<MIXTURE> 12 9.393889e-02
<MEAN> 6
 9.009387e+01 -3.762554e+02 7.836590e+01 -1.412236e+00 -5.843400e+00 -1.496339e+02
<VARIANCE> 6
 3.118158e+01 1.697404e+05 3.045513e+04 2.961042e+02 4.015795e+04 5.141442e+07
<GCONST> 7.087984e+01
<MIXTURE> 13 7.910952e-02
<MEAN> 6
 9.459792e+01 -3.446344e+02 -5.364639e+02 -3.527138e-01 -5.083297e+00 -7.864171e+01
<VARIANCE> 6
 3.118158e+01 1.204431e+05 1.472748e+04 2.961042e+02 4.015795e+04 5.141442e+07
<GCONST> 6.981021e+01
<MIXTURE> 14 6.075598e-02
<MEAN> 6
 9.238819e+01 -2.515303e+02 2.823109e+02 -3.137573e+00 -9.571507e+00 -1.471863e+02
<VARIANCE> 6
 3.118158e+01 2.650718e+04 3.123072e+05 2.961042e+02 4.015795e+04 5.141442e+07
<GCONST> 7.135072e+01
<STATE> 5
<NUMMIXES> 14
<MIXTURE> 1 9.710703e-02
<MEAN> 6
 6.870345e+01 -7.017428e+03 1.329344e+03 -2.505370e+00 -3.426059e+00 -3.978590e+01
<VARIANCE> 6
 8.431178e+01 6.134548e+06 1.400431e+05 2.961042e+02 4.015795e+04 5.141442e+07
<GCONST> 7.698766e+01
<MIXTURE> 2 1.021765e-01
<MEAN> 6
 7.421988e+01 1.063828e+03 5.897130e+02 -4.033078e-01 -2.974880e+00 -1.353537e+02
<VARIANCE> 6
 3.118158e+01 1.378958e+05 1.483751e+04 2.961042e+02 4.015795e+04 5.141442e+07
<GCONST> 6.995297e+01
<MIXTURE> 3 6.346374e-02
<MEAN> 6
 8.714841e+01 1.109974e+03 -9.504661e+02 -2.378867e+00 1.555099e+00 -2.544384e+00
<VARIANCE> 6
 3.118158e+01 1.485183e+04 1.073422e+05 2.961042e+02 4.015795e+04 5.141442e+07
<GCONST> 6.970346e+01
<MIXTURE> 4 5.678475e-02
<MEAN> 6
 7.634035e+01 2.869557e+03 3.354782e+02 -2.840248e+00 -1.340937e+01 -5.928396e+01
<VARIANCE> 6
 3.118158e+01 3.370170e+04 6.769117e+04 2.961042e+02 4.015795e+04 5.141442e+07
<GCONST> 7.006182e+01
<MIXTURE> 5 9.103423e-02
<MEAN> 6
 7.450227e+01 -8.732650e+02 -2.008470e+02 -3.242534e+00 -2.922118e+00 1.333237e+02
<VARIANCE> 6
 3.118158e+01 2.425319e+04 8.327370e+04 2.961042e+02 4.015795e+04 5.141442e+07
<GCONST> 6.994000e+01
<MIXTURE> 6 5.218781e-02
<MEAN> 6
 7.035934e+01 9.609217e+02 -1.145593e+03 4.775546e-01 -2.578930e+00 -1.271240e+01
<VARIANCE> 6
 3.118158e+01 3.509208e+05 1.472748e+04 2.961042e+02 4.015795e+04 5.141442e+07
<GCONST> 7.087959e+01
<MIXTURE> 7 7.728621e-02
<MEAN> 6
 7.845994e+01 5.233257e+02 7.241851e+02 -2.026194e+00 4.734611e-01 -4.207343e+01
<VARIANCE> 6
 3.118158e+01 1.485183e+04 2.257525e+05 2.961042e+02 4.015795e+04 5.141442e+07
<GCONST> 7.044688e+01
<MIXTURE> 8 8.987135e-02
<MEAN> 6
 8.046794e+01 -4.812428e+02 -6.830245e+02 -5.279575e-01 4.961421e+00 -1.199222e+02
<VARIANCE> 6
 3.118158e+01 1.113738e+06 1.472748e+04 2.961042e+02 4.015795e+04 5.141442e+07
<GCONST> 7.203451e+01
<MIXTURE> 9 3.926005e-02
<MEAN> 6
 5.737535e+01 -1.380998e+03 -6.227947e+02 4.330775e+00 -1.467060e+01 5.270105e+01
<VARIANCE> 6
 3.118158e+01 1.485183e+04 1.472748e+04 2.961042e+02 4.015795e+04 5.141442e+07
<GCONST> 6.771716e+01
<MIXTURE> 10 3.706441e-02
<MEAN> 6
 6.639496e+01 3.027999e+03 -7.789000e+02 7.064415e-01 -6.291804e+00 -2.257976e+02
<VARIANCE> 6
 3.118158e+01 1.485183e+04 1.472748e+04 2.961042e+02 4.015795e+04 5.141442e+07
<GCONST> 6.771716e+01
<MIXTURE> 11 7.865448e-02
<MEAN> 6
 7.609582e+01 4.199102e+02 3.578518e+02 -6.974940e-01 -4.416803e+00 -1.212766e+02
<VARIANCE> 6
 3.118158e+01 1.485183e+04 1.258750e+05 2.961042e+02 4.015795e+04 5.141442e+07
<GCONST> 6.986273e+01
<MIXTURE> 12 7.895113e-02
<MEAN> 6
 6.242106e+01 -9.493372e+02 3.990663e+02 -3.499740e-01 1.024601e+01 -4.302525e+02
<VARIANCE> 6
 8.209876e+01 4.105888e+04 1.824227e+05 2.961042e+02 4.015795e+04 5.141442e+07
<GCONST> 7.221875e+01
<MIXTURE> 13 8.485392e-02
<MEAN> 6
 7.606468e+01 3.188163e+03 -1.554380e+02 -2.224839e+00 -5.257963e+00 -1.596906e+02
<VARIANCE> 6
 3.118158e+01 2.655870e+05 1.472748e+04 2.961042e+02 4.015795e+04 5.141442e+07
<GCONST> 7.060097e+01
<MIXTURE> 14 5.128102e-02
<MEAN> 6
 6.836707e+01 4.577673e+02 -1.201338e+03 4.553971e-01 -8.550556e+00 -8.667542e+01
<VARIANCE> 6
 3.118158e+01 5.393738e+05 1.472748e+04 2.961042e+02 4.015795e+04 5.141442e+07
<GCONST> 7.130944e+01
<STATE> 6
<NUMMIXES> 14
<MIXTURE> 1 5.445161e-03
<MEAN> 6
 9.039025e+00 -4.180214e+02 1.399327e+01 2.488330e+01 -4.417320e+02 6.296343e+03
<VARIANCE> 6
 9.431802e+03 6.596404e+05 1.056072e+06 1.475825e+06 8.014316e+08 1.158525e+12
<GCONST> 1.099334e+02
<MIXTURE> 2 8.262478e-02
<MEAN> 6
 3.292503e+01 1.575115e+02 5.671643e+00 2.082954e+02 -8.813948e+01 -3.806197e+02
<VARIANCE> 6
 7.868100e+02 3.428523e+05 1.018677e+05 4.337394e+03 1.278449e+05 5.141442e+07
<GCONST> 7.986076e+01
<MIXTURE> 3 5.262480e-02
<MEAN> 6
 4.132106e+01 1.866331e+02 -1.123137e+02 -4.113763e+01 -4.125468e+02 5.181500e+03
<VARIANCE> 6
 5.672639e+03 7.249180e+06 1.190503e+06 6.521959e+04 5.114610e+06 3.440804e+09
<GCONST> 9.794905e+01
<MIXTURE> 4 3.052558e-02
<MEAN> 6
 1.128008e+02 2.307898e+02 2.035572e+02 -1.016564e+01 -3.052061e+01 -3.564014e+02
<VARIANCE> 6
 2.653505e+02 8.908010e+06 3.139652e+05 2.961042e+02 4.015795e+04 5.141442e+07
<GCONST> 7.931453e+01
<MIXTURE> 5 8.547635e-02
<MEAN> 6
 8.013253e+00 7.956999e+00 1.410786e+01 -3.092289e+02 7.861984e+01 1.156180e+04
<VARIANCE> 6
 6.144962e+02 1.624179e+05 8.236648e+04 1.013474e+04 9.699396e+05 4.383800e+08
<GCONST> 8.367223e+01
<MIXTURE> 6 1.221929e-01
<MEAN> 6
 -3.932544e+01 6.798555e+01 2.438239e+01 6.696252e+01 7.288525e+02 -5.661928e+02
<VARIANCE> 6
 2.926078e+02 1.777023e+05 5.256631e+04 1.676953e+04 2.031806e+05 5.374736e+07
<GCONST> 7.941277e+01
<MIXTURE> 7 9.857900e-02
<MEAN> 6
 9.417218e+01 -3.082897e+01 1.339172e+01 4.889511e+01 -9.614639e+02 -2.674355e+03
<VARIANCE> 6
 5.205932e+02 3.296253e+05 9.062616e+04 2.783552e+04 1.739327e+06 8.211377e+08
<GCONST> 8.653172e+01
<MIXTURE> 8 7.938533e-02
<MEAN> 6
 -5.720355e+01 5.839595e+01 2.478858e+00 5.442528e+00 1.829470e+02 4.638678e+02
<VARIANCE> 6
 2.000405e+02 4.426862e+05 1.555780e+05 6.954940e+02 8.053945e+04 5.141442e+07
<GCONST> 7.687785e+01
<MIXTURE> 9 8.547695e-02
<MEAN> 6
 8.373148e+01 3.172523e+01 1.841872e+01 -2.479453e+01 -5.830074e+02 -5.608497e+02
<VARIANCE> 6
 3.502195e+02 1.853676e+05 8.924287e+04 1.626788e+04 1.632408e+05 5.698360e+07
<GCONST> 7.997324e+01
<MIXTURE> 10 7.418147e-02
<MEAN> 6
 9.465713e+01 4.643194e+00 -2.763777e+01 -2.684196e+00 1.935552e+00 1.693632e+02
<VARIANCE> 6
 3.078468e+02 4.658378e+05 1.195052e+05 2.961042e+02 4.015795e+04 5.141442e+07
<GCONST> 7.554629e+01
<MIXTURE> 11 8.044782e-02
<MEAN> 6
 -4.999380e+01 -6.570759e+01 -6.964866e+00 -5.049372e+01 1.560893e+03 -4.048521e+03
<VARIANCE> 6
 2.319590e+02 3.640616e+05 1.944462e+05 3.014442e+04 9.868150e+05 5.773319e+08
<GCONST> 8.574673e+01
<MIXTURE> 12 5.776049e-02
<MEAN> 6
 2.008203e+01 -6.425442e+01 1.081474e+00 3.218924e+02 1.178223e+02 -8.949004e+03
<VARIANCE> 6
 8.495762e+02 2.293683e+05 7.501080e+04 4.692650e+03 5.617988e+05 1.719428e+08
<GCONST> 8.199579e+01
<MIXTURE> 13 7.078825e-02
<MEAN> 6
 6.758315e+01 -1.109464e+02 5.131213e+01 -1.859785e+02 -8.718942e+02 -7.057874e+01
<VARIANCE> 6
 5.555875e+02 3.911460e+05 2.446982e+05 1.373442e+04 3.222396e+05 8.467194e+07
<GCONST> 8.309691e+01
<MIXTURE> 14 7.369107e-02
<MEAN> 6
 8.894599e+01 -2.153967e+02 -1.616291e+02 -5.929711e+00 -4.924315e+01 -7.740815e+02
<VARIANCE> 6
 2.837550e+02 4.715343e+05 1.239208e+05 2.961042e+02 4.015795e+04 5.141442e+07
<GCONST> 7.551323e+01
<TRANSP> 7
 0.000000e+00 1.000000e+00 0.000000e+00 0.000000e+00 0.000000e+00 0.000000e+00 0.000000e+00
 0.000000e+00 9.998140e-01 1.860229e-04 0.000000e+00 0.000000e+00 0.000000e+00 0.000000e+00
 0.000000e+00 0.000000e+00 9.993548e-01 6.452556e-04 0.000000e+00 0.000000e+00 0.000000e+00
 0.000000e+00 0.000000e+00 0.000000e+00 9.991341e-01 8.659625e-04 0.000000e+00 0.000000e+00
 0.000000e+00 0.000000e+00 0.000000e+00 0.000000e+00 9.990017e-01 9.983383e-04 0.000000e+00
 0.000000e+00 0.000000e+00 0.000000e+00 0.000000e+00 0.000000e+00 9.999437e-01 5.625922e-05
 0.000000e+00 0.000000e+00 0.000000e+00 0.000000e+00 0.000000e+00 0.000000e+00 0.000000e+00
<ENDHMM>
~h "SegundoESO"
<BEGINHMM>
<NUMSTATES> 7
<STATE> 2
<NUMMIXES> 14
<MIXTURE> 1 6.559656e-02
<MEAN> 6
 8.086018e+01 4.334050e+02 5.128555e+03 -9.516760e-01 -6.944122e+00 -1.118050e+02
<VARIANCE> 6
 1.053022e+02 5.098420e+07 3.559078e+07 4.445064e+02 4.015795e+04 5.141442e+07
<GCONST> 8.527168e+01
<MIXTURE> 2 5.041990e-02
<MEAN> 6
 8.287027e+01 -7.088494e+02 7.192564e+01 1.027766e-01 -5.786287e+00 -1.049175e+02
<VARIANCE> 6
 3.118158e+01 1.485183e+04 1.472748e+04 2.961042e+02 4.015795e+04 5.141442e+07
<GCONST> 6.771716e+01
<MIXTURE> 3 7.734287e-02
<MEAN> 6
 7.637079e+01 1.212553e+03 -1.251379e+03 -8.551587e-01 -3.796283e+00 -1.184427e+02
<VARIANCE> 6
 3.118158e+01 5.076821e+05 4.176741e+06 2.961042e+02 4.015795e+04 5.141442e+07
<GCONST> 7.689645e+01
<MIXTURE> 4 5.183234e-02
<MEAN> 6
 6.062812e+01 1.774542e+03 -8.151201e+02 -3.080943e-01 -2.772602e-01 -8.701492e+01
<VARIANCE> 6
 3.118158e+01 1.080726e+06 2.442889e+05 2.961042e+02 4.015795e+04 5.141442e+07
<GCONST> 7.481306e+01
<MIXTURE> 5 7.643321e-02
<MEAN> 6
 7.712726e+01 4.406240e+02 4.132895e+02 -8.683271e-01 -3.426238e+00 -7.798497e+01
<VARIANCE> 6
 3.118158e+01 5.496960e+04 7.146356e+04 2.961042e+02 4.015795e+04 5.141442e+07
<GCONST> 7.060529e+01
<MIXTURE> 6 5.831867e-02
<MEAN> 6
 6.819688e+01 -1.864225e+02 -3.429045e+01 -4.255970e-01 4.996265e+00 -2.749365e+01
<VARIANCE> 6
 3.118158e+01 4.437385e+04 1.211804e+06 2.961042e+02 4.015795e+04 5.141442e+07
<GCONST> 7.322183e+01
<MIXTURE> 7 1.001049e-01
<MEAN> 6
 6.848827e+01 1.015063e+03 -7.460738e+01 -4.552372e-01 -3.169428e+00 -1.288259e+02
<VARIANCE> 6
 3.118158e+01 7.027038e+05 3.671679e+04 2.961042e+02 4.015795e+04 5.141442e+07
<GCONST> 7.248749e+01
<MIXTURE> 8 5.408456e-02
<MEAN> 6
 7.539583e+01 -2.484856e+02 -4.795726e+03 -6.968628e-01 -4.050142e+00 -4.408382e+01
<VARIANCE> 6
 3.118158e+01 3.280356e+04 1.348642e+07 2.961042e+02 4.015795e+04 5.141442e+07
<GCONST> 7.532929e+01
<MIXTURE> 9 7.233351e-02
<MEAN> 6
 5.687559e+01 1.915935e+02 -1.308121e+03 -5.749868e-01 -3.600354e+00 -1.393214e+02
<VARIANCE> 6
 3.118158e+01 1.485183e+04 2.020451e+06 2.961042e+02 4.015795e+04 5.141442e+07
<GCONST> 7.263852e+01
<MIXTURE> 10 1.095563e-01
<MEAN> 6
 7.215922e+01 2.970079e+02 -5.362194e+02 -6.177971e-01 -4.575224e+00 -1.063153e+02
<VARIANCE> 6
 3.118158e+01 5.360806e+04 4.527221e+04 2.961042e+02 4.015795e+04 5.141442e+07
<GCONST> 7.012370e+01
<MIXTURE> 11 7.587447e-02
<MEAN> 6
 6.939280e+01 -9.684370e+02 3.936226e+01 -9.960103e-02 -1.811855e+00 -1.095484e+02
<VARIANCE> 6
 3.118158e+01 1.114870e+06 1.467460e+05 2.961042e+02 4.015795e+04 5.141442e+07
<GCONST> 7.433451e+01
<MIXTURE> 12 8.207289e-02
<MEAN> 6
 6.220711e+01 -4.387952e+02 -3.388125e+02 8.232668e-02 2.222304e-01 -7.709743e+01
<VARIANCE> 6
 3.118158e+01 5.164495e+04 1.439992e+05 2.961042e+02 4.015795e+04 5.141442e+07
<GCONST> 7.124352e+01
<MIXTURE> 13 6.794215e-02
<MEAN> 6
 7.462843e+01 8.811120e+02 -2.528377e+03 -6.666936e-01 -3.504929e+00 -1.141842e+02
<VARIANCE> 6
 3.118158e+01 2.449757e+05 8.506790e+06 2.961042e+02 4.015795e+04 5.141442e+07
<GCONST> 7.687910e+01
<MIXTURE> 14 5.780005e-02
<MEAN> 6
 6.652113e+01 -2.573288e+02 -4.180370e+02 -1.081462e+00 -8.532135e+00 -1.322931e+02
<VARIANCE> 6
 3.118158e+01 4.014684e+04 1.051117e+06 2.961042e+02 4.015795e+04 5.141442e+07
<GCONST> 7.297947e+01
<STATE> 3
<NUMMIXES> 14
<MIXTURE> 1 4.941196e-02
<MEAN> 6
 3.818099e+01 1.120204e+03 -1.393640e+02 5.609305e+01 -1.753594e+02 -7.658436e+02
<VARIANCE> 6
 1.917469e+03 2.323432e+07 7.775920e+06 2.815773e+04 2.188000e+05 5.141442e+07
<GCONST> 9.171063e+01
<MIXTURE> 2 9.938918e-02
<MEAN> 6
 -4.659103e+01 8.069206e+00 9.374178e+01 9.942416e+01 8.745771e+02 -5.418899e+02
<VARIANCE> 6
 1.723011e+02 1.594577e+06 4.239973e+05 1.105232e+04 1.309321e+05 5.141442e+07
<GCONST> 8.226436e+01
<MIXTURE> 3 9.528209e-02
<MEAN> 6
 8.230463e+01 -3.407732e+02 1.041223e+02 -7.368054e+00 -5.001237e+01 -3.241564e+02
<VARIANCE> 6
 8.856022e+01 9.284471e+05 6.735952e+05 2.961042e+02 4.015795e+04 5.141442e+07
<GCONST> 7.671931e+01
<MIXTURE> 4 6.730550e-02
<MEAN> 6
 -1.034568e+01 7.687585e+01 1.139112e+02 -1.156444e+01 1.420808e+02 4.901908e+01
<VARIANCE> 6
 3.524880e+02 2.553579e+05 9.597737e+05 3.682897e+04 5.472381e+04 5.141442e+07
<GCONST> 8.229668e+01
<MIXTURE> 5 9.828276e-02
<MEAN> 6
 4.105716e+01 2.143397e+02 4.852776e+01 2.145051e+02 -3.564727e+02 -1.838786e+03
<VARIANCE> 6
 4.055224e+02 1.058067e+06 5.712991e+05 4.073331e+03 1.133562e+05 5.141442e+07
<GCONST> 8.186600e+01
<MIXTURE> 6 5.582324e-02
<MEAN> 6
 -2.922150e+01 5.265211e+02 1.052445e+03 -1.149456e+02 7.938894e+02 8.133878e+03
<VARIANCE> 6
 5.591871e+02 2.064583e+06 5.498959e+06 6.263181e+04 7.173123e+05 5.318401e+08
<GCONST> 9.203441e+01
<MIXTURE> 7 6.893253e-02
<MEAN> 6
 8.451625e+01 -3.342802e+02 3.375823e+02 4.099342e+01 -1.161442e+03 -1.116139e+03
<VARIANCE> 6
 2.096789e+02 3.678605e+06 2.196948e+06 1.823330e+04 1.056387e+06 7.252183e+08
<GCONST> 9.017682e+01
<MIXTURE> 8 7.994848e-02
<MEAN> 6
 -6.124277e+01 1.241871e+02 1.406751e+02 1.594311e+01 1.880556e+02 -1.412080e+02
<VARIANCE> 6
 9.445892e+01 6.303336e+05 1.410269e+06 5.400867e+02 6.570787e+04 5.141442e+07
<GCONST> 7.822885e+01
<MIXTURE> 9 6.187745e-02
<MEAN> 6
 7.789621e+01 -3.720380e+01 3.555332e+02 -3.887113e+00 -5.729053e+02 5.237698e+02
<VARIANCE> 6
 1.583946e+02 7.156840e+05 7.043097e+05 1.071679e+04 1.234978e+05 5.141442e+07
<GCONST> 8.179729e+01
<MIXTURE> 10 5.821290e-02
<MEAN> 6
 -5.489843e+01 5.133990e+01 2.680459e+02 -1.147972e+02 1.521463e+03 -1.887964e+03
<VARIANCE> 6
 1.764811e+02 6.062920e+05 1.063439e+06 1.214272e+04 6.282423e+05 3.721646e+08
<GCONST> 8.588263e+01
<MIXTURE> 11 5.693072e-02
<MEAN> 6
 -1.021740e+01 7.381564e+01 -5.353608e+01 6.673376e+01 2.774893e+02 -4.920191e+03
<VARIANCE> 6
 1.634521e+02 1.242905e+06 1.694236e+05 5.212370e+04 1.426705e+05 1.123475e+08
<GCONST> 8.346368e+01
<MIXTURE> 12 8.163105e-02
<MEAN> 6
 3.357718e+01 2.271299e+02 1.758967e+02 -2.586040e+02 -5.493838e+02 4.900122e+03
<VARIANCE> 6
 4.325582e+02 1.087838e+06 8.461778e+05 4.866540e+03 2.926811e+05 1.029781e+08
<GCONST> 8.417217e+01
<MIXTURE> 13 6.517220e-02
<MEAN> 6
 4.033615e+01 -9.659926e+02 -2.128877e+02 -2.126483e+01 -1.027333e+02 5.227585e+02
<VARIANCE> 6
 1.751292e+03 9.522235e+06 6.554946e+06 2.272787e+04 9.453056e+04 5.141442e+07
<GCONST> 8.950371e+01
<MIXTURE> 14 6.126548e-02
<MEAN> 6
 7.320568e+01 -2.894169e+02 2.605651e+01 -5.907448e+01 -7.220205e+02 -2.081570e+03
<VARIANCE> 6
 1.476951e+02 7.467038e+05 6.640792e+05 1.126858e+04 1.351621e+05 5.141442e+07
<GCONST> 8.185143e+01
<STATE> 4
<NUMMIXES> 14
<MIXTURE> 1 8.748313e-02
<MEAN> 6
 8.393109e+01 -8.705905e+02 1.230542e+03 -4.452455e+00 -4.584181e+00 7.471439e+01
<VARIANCE> 6
 3.118158e+01 3.211814e+04 1.769291e+06 2.961042e+02 4.015795e+04 5.141442e+07
<GCONST> 7.327707e+01
<MIXTURE> 2 6.042824e-02
<MEAN> 6
 9.224062e+01 -5.772839e+03 7.826277e+02 -7.605498e+00 -1.131685e+00 2.676591e+02
<VARIANCE> 6
 4.927929e+01 6.834308e+06 4.449461e+06 2.961042e+02 4.015795e+04 5.141442e+07
<GCONST> 8.001724e+01
<MIXTURE> 3 7.299008e-02
<MEAN> 6
 9.174837e+01 2.545975e+02 -3.656067e+02 -4.258591e+00 4.131769e-01 3.505340e+01
<VARIANCE> 6
 3.118158e+01 1.485183e+04 2.432237e+04 2.961042e+02 4.015795e+04 5.141442e+07
<GCONST> 6.821883e+01
<MIXTURE> 4 6.533919e-02
<MEAN> 6
 8.093804e+01 1.055117e+03 -1.044264e+03 -2.705913e+00 5.828072e+00 1.450330e+01
<VARIANCE> 6
 3.118158e+01 8.218414e+05 2.131846e+05 2.961042e+02 4.015795e+04 5.141442e+07
<GCONST> 7.440302e+01
<MIXTURE> 5 7.570323e-02
<MEAN> 6
 1.013744e+02 5.992994e+02 -7.509240e+02 -7.352054e+00 7.907484e+00 2.759377e+02
<VARIANCE> 6
 3.118158e+01 3.118090e+05 2.391354e+05 2.961042e+02 4.015795e+04 5.141442e+07
<GCONST> 7.354874e+01
<MIXTURE> 6 5.810620e-02
<MEAN> 6
 8.086237e+01 1.026363e+03 1.369759e+03 -3.854073e+00 6.629234e+00 2.156030e+02
<VARIANCE> 6
 1.281777e+02 2.308036e+05 3.265324e+05 2.961042e+02 4.015795e+04 5.141442e+07
<GCONST> 7.497301e+01
<MIXTURE> 7 8.648101e-02
<MEAN> 6
 8.110302e+01 -2.617819e+03 7.817731e+02 -5.373593e+00 1.405693e+01 -2.996669e+01
<VARIANCE> 6
 3.118158e+01 3.787338e+06 7.791821e+05 2.961042e+02 4.015795e+04 5.141442e+07
<GCONST> 7.722698e+01
<MIXTURE> 8 1.187719e-01
<MEAN> 6
 8.220911e+01 -5.802757e+02 -1.363353e+03 -3.398713e+00 -1.209444e+00 6.085422e+01
<VARIANCE> 6
 1.362742e+02 1.446068e+05 1.109937e+05 2.961042e+02 4.015795e+04 5.141442e+07
<GCONST> 7.348765e+01
<MIXTURE> 9 6.706273e-02
<MEAN> 6
 9.414667e+01 -1.900053e+02 2.826259e+01 -4.698906e+00 1.921634e+00 -3.694171e+01
<VARIANCE> 6
 3.575323e+01 4.294030e+04 1.472748e+04 2.961042e+02 4.015795e+04 5.141442e+07
<GCONST> 6.891565e+01
<MIXTURE> 10 6.748790e-02
<MEAN> 6
 7.710449e+01 -1.312177e+03 4.412977e+02 -3.986699e+00 6.319664e+00 1.017050e+02
<VARIANCE> 6
 3.118158e+01 8.702110e+04 3.110352e+05 2.961042e+02 4.015795e+04 5.141442e+07
<GCONST> 7.253537e+01
<MIXTURE> 11 4.802313e-02
<MEAN> 6
 8.213815e+01 5.070175e+02 -3.802588e+03 -2.424966e+00 1.769371e+00 2.415143e+01
<VARIANCE> 6
 7.802650e+01 2.160031e+04 3.341371e+05 2.961042e+02 4.015795e+04 5.141442e+07
<GCONST> 7.213080e+01
<MIXTURE> 12 5.352800e-02
<MEAN> 6
 9.097996e+01 6.945801e+01 -2.150678e+03 -3.942098e+00 3.589957e+00 2.601398e+00
<VARIANCE> 6
 3.118158e+01 7.877939e+04 4.109960e+04 2.961042e+02 4.015795e+04 5.141442e+07
<GCONST> 7.041196e+01
<MIXTURE> 13 7.247725e-02
<MEAN> 6
 8.266702e+01 -1.544674e+03 -2.465869e+03 -3.175046e+00 1.124838e+00 1.302964e+02
<VARIANCE> 6
 3.118158e+01 2.470640e+06 3.526805e+07 2.961042e+02 4.015795e+04 5.141442e+07
<GCONST> 8.061228e+01
<MIXTURE> 14 6.603936e-02
<MEAN> 6
 7.950066e+01 6.741041e+02 -1.208365e+03 -2.980867e+00 -3.312885e+00 -5.307043e+01
<VARIANCE> 6
 3.118158e+01 7.676991e+05 2.133327e+05 2.961042e+02 4.015795e+04 5.141442e+07
<GCONST> 7.433557e+01
<STATE> 5
<NUMMIXES> 14
<MIXTURE> 1 8.774645e-02
<MEAN> 6
 7.728992e+01 -1.509186e+02 1.986254e+02 -1.184505e+00 -9.635610e+00 -1.386926e+01
<VARIANCE> 6
 3.118158e+01 2.792497e+04 1.472748e+04 2.961042e+02 4.015795e+04 5.141442e+07
<GCONST> 6.834856e+01
<MIXTURE> 2 1.093533e-01
<MEAN> 6
 7.299134e+01 1.001677e+03 -1.283050e+02 -1.793104e+00 -9.014440e-01 -6.330891e+01
<VARIANCE> 6
 3.118158e+01 3.565777e+05 1.049374e+05 2.961042e+02 4.015795e+04 5.141442e+07
<GCONST> 7.285923e+01
<MIXTURE> 3 4.577234e-02
<MEAN> 6
 7.201219e+01 5.402003e+02 3.997569e+02 -2.352974e+00 -3.870314e+00 3.068123e+01
<VARIANCE> 6
 3.118158e+01 1.485183e+04 4.129328e+04 2.961042e+02 4.015795e+04 5.141442e+07
<GCONST> 6.874814e+01
<MIXTURE> 4 1.012189e-01
<MEAN> 6
 6.059583e+01 3.728707e+01 -8.782932e+01 -9.596117e-02 -3.479091e+00 -1.483763e+02
<VARIANCE> 6
 3.118158e+01 1.485183e+04 1.472748e+04 2.961042e+02 4.015795e+04 5.141442e+07
<GCONST> 6.771716e+01
<MIXTURE> 5 6.587747e-02
<MEAN> 6
 6.098687e+01 -2.559224e+02 1.903482e+02 -1.283597e-01 -1.690357e+00 -1.225658e+02
<VARIANCE> 6
 3.118158e+01 3.933595e+04 1.472748e+04 2.961042e+02 4.015795e+04 5.141442e+07
<GCONST> 6.869117e+01
<MIXTURE> 6 8.555604e-02
<MEAN> 6
 6.161036e+01 -2.160040e+03 -3.514125e+02 -6.577054e-01 -5.075494e+00 -5.477787e+01
<VARIANCE> 6
 7.107729e+01 1.550634e+05 6.257464e+04 2.961042e+02 4.015795e+04 5.141442e+07
<GCONST> 7.233345e+01
<MIXTURE> 7 4.114085e-02
<MEAN> 6
 6.135373e+01 1.122844e+02 3.212599e+02 -4.115314e-01 -6.023437e+00 -1.664772e+02
<VARIANCE> 6
 3.118158e+01 1.485183e+04 1.472748e+04 2.961042e+02 4.015795e+04 5.141442e+07
<GCONST> 6.771716e+01
<MIXTURE> 8 8.630289e-02
<MEAN> 6
 6.432480e+01 -7.878704e+02 6.857188e+01 1.204741e-01 -2.627411e+00 -2.967397e+01
<VARIANCE> 6
 3.118158e+01 9.463948e+04 1.472748e+04 2.961042e+02 4.015795e+04 5.141442e+07
<GCONST> 6.956911e+01
<MIXTURE> 9 4.162576e-02
<MEAN> 6
 5.889243e+01 -4.226556e+02 -1.271483e+02 -2.119987e-02 -4.528471e+00 -1.479966e+02
<VARIANCE> 6
 3.118158e+01 1.485183e+04 1.472748e+04 2.961042e+02 4.015795e+04 5.141442e+07
<GCONST> 6.771716e+01
<MIXTURE> 10 5.346548e-02
<MEAN> 6
 6.181721e+01 4.619829e+02 1.260461e+02 -2.916256e-01 -1.368330e+00 -1.185794e+02
<VARIANCE> 6
 3.118158e+01 1.485183e+04 1.472748e+04 2.961042e+02 4.015795e+04 5.141442e+07
<GCONST> 6.771716e+01
<MIXTURE> 11 1.007680e-01
<MEAN> 6
 5.924560e+01 3.375637e+01 -1.164747e+02 1.280823e-01 -2.737567e+00 -1.447540e+02
<VARIANCE> 6
 3.118158e+01 1.485183e+04 1.472748e+04 2.961042e+02 4.015795e+04 5.141442e+07
<GCONST> 6.771716e+01
<MIXTURE> 12 6.452647e-02
<MEAN> 6
 7.173360e+01 3.527369e+02 -7.922029e+01 -2.035868e-01 -3.149914e+00 -1.416309e+01
<VARIANCE> 6
 4.347614e+01 1.485183e+04 1.731349e+04 2.961042e+02 4.015795e+04 5.141442e+07
<GCONST> 6.821131e+01
<MIXTURE> 13 5.403408e-02
<MEAN> 6
 6.152217e+01 4.609731e+02 1.256359e+02 -2.706669e-01 -8.501909e-01 -1.166192e+02
<VARIANCE> 6
 3.118158e+01 1.485183e+04 1.472748e+04 2.961042e+02 4.015795e+04 5.141442e+07
<GCONST> 6.771716e+01
<MIXTURE> 14 6.252414e-02
<MEAN> 6
 6.893976e+01 3.223707e+02 -1.338473e+02 -3.637733e-01 -1.150657e+01 -1.447533e+02
<VARIANCE> 6
 4.055465e+01 1.485183e+04 1.511962e+04 2.961042e+02 4.015795e+04 5.141442e+07
<GCONST> 6.800626e+01
<STATE> 6
<NUMMIXES> 14
<MIXTURE> 1 7.596664e-02
<MEAN> 6
 3.536943e+01 2.997147e+02 6.405831e+01 1.214801e+02 -9.145216e+01 -3.335912e+02
<VARIANCE> 6
 3.131218e+02 7.292547e+05 3.596648e+05 1.574084e+03 4.015795e+04 5.141442e+07
<GCONST> 7.878400e+01
<MIXTURE> 2 1.057372e-01
<MEAN> 6
 -1.108243e+01 8.784202e+01 8.614449e+01 -1.529523e+02 2.351107e+02 1.164225e+03
<VARIANCE> 6
 2.458191e+02 2.882939e+05 8.894781e+04 4.056776e+03 1.541424e+05 1.199368e+08
<GCONST> 7.935565e+01
<MIXTURE> 3 6.014528e-02
<MEAN> 6
 7.711353e+01 -1.952211e+02 -1.936310e+01 -6.311602e+00 -4.559951e+01 1.957179e+02
<VARIANCE> 6
 1.511482e+02 6.087989e+05 1.736949e+05 2.961042e+02 4.015795e+04 5.141442e+07
<GCONST> 7.547654e+01
<MIXTURE> 4 4.954987e-02
<MEAN> 6
 -3.968472e+01 1.136688e+02 9.458929e+01 -6.812110e+01 1.128090e+03 1.780469e+03
<VARIANCE> 6
 1.653101e+02 3.700256e+05 3.715248e+05 1.792584e+04 4.379799e+05 3.168156e+08
<GCONST> 8.413954e+01
<MIXTURE> 5 5.625878e-02
<MEAN> 6
 6.266979e+01 4.373582e+01 3.653825e+01 5.573679e+01 -3.365809e+02 -1.089930e+02
<VARIANCE> 6
 1.083594e+02 1.477687e+05 6.477195e+04 5.834747e+03 7.656319e+04 5.141442e+07
<GCONST> 7.636763e+01
<MIXTURE> 6 9.076805e-02
<MEAN> 6
 -3.944477e+01 1.329055e+02 -4.569033e+01 4.984239e+01 7.912894e+02 -1.691611e+03
<VARIANCE> 6
 1.170212e+02 1.972988e+05 5.664371e+04 1.060082e+04 1.112515e+05 5.143568e+07
<GCONST> 7.757071e+01
<MIXTURE> 7 7.112668e-02
<MEAN> 6
 7.392370e+01 -4.322634e+02 2.490985e+01 1.365468e+01 -7.923329e+02 -1.126020e+03
<VARIANCE> 6
 1.396956e+02 1.197285e+06 2.679268e+05 8.235544e+03 3.744081e+05 1.888256e+08
<GCONST> 8.336642e+01
<MIXTURE> 8 6.768051e-02
<MEAN> 6
 1.876704e+01 3.776786e+00 2.778881e+01 1.925164e+02 -1.919671e+02 -3.094555e+03
<VARIANCE> 6
 4.216707e+02 1.204873e+05 1.187709e+05 2.920538e+03 1.178367e+05 5.634961e+07
<GCONST> 7.795940e+01
<MIXTURE> 9 7.586464e-02
<MEAN> 6
 5.303109e+01 2.371907e+01 3.839268e+01 -1.342220e+02 -5.835412e+02 1.137839e+03
<VARIANCE> 6
 2.157357e+02 3.008538e+05 3.396400e+04 3.216855e+03 1.880908e+05 5.141442e+07
<GCONST> 7.742502e+01
<MIXTURE> 10 7.320831e-02
<MEAN> 6
 -3.955238e+01 2.114939e+01 4.686729e+00 2.452267e+01 2.666469e+02 -9.292747e+01
<VARIANCE> 6
 1.377347e+02 2.118288e+05 1.246042e+05 9.047217e+02 5.588855e+04 5.141442e+07
<GCONST> 7.544319e+01
<MIXTURE> 11 6.912130e-02
<MEAN> 6
 2.378080e+01 -1.167782e+02 1.101451e+01 -2.068585e+02 -1.696249e+02 5.766853e+03
<VARIANCE> 6
 2.591512e+02 6.047386e+05 1.374855e+05 4.546024e+03 1.906763e+05 1.324487e+08
<GCONST> 8.101054e+01
<MIXTURE> 12 8.401480e-02
<MEAN> 6
 -6.189663e+00 4.072678e+01 -2.096449e+01 1.285314e+02 1.173872e+02 -1.391116e+03
<VARIANCE> 6
 1.712105e+02 2.664783e+05 4.722300e+04 3.586567e+03 5.279057e+04 5.141442e+07
<GCONST> 7.624031e+01
<MIXTURE> 13 6.378283e-02
<MEAN> 6
 6.948489e+01 -1.651205e+02 1.168427e+01 -5.056630e+00 -5.449932e+01 9.432777e+01
<VARIANCE> 6
 5.977086e+01 8.367068e+05 5.541373e+04 2.961042e+02 4.015795e+04 5.141442e+07
<GCONST> 7.372430e+01
<MIXTURE> 14 5.640995e-02
<MEAN> 6
 6.035794e+01 -1.018900e+02 -5.213482e+01 3.371939e+01 -4.268073e+02 -1.684208e+03
<VARIANCE> 6
 1.050915e+02 1.494320e+05 6.577536e+04 7.674425e+03 7.609376e+04 5.141442e+07
<GCONST> 7.663148e+01
<TRANSP> 7
 0.000000e+00 1.000000e+00 0.000000e+00 0.000000e+00 0.000000e+00 0.000000e+00 0.000000e+00
 0.000000e+00 9.997029e-01 2.971524e-04 0.000000e+00 0.000000e+00 0.000000e+00 0.000000e+00
 0.000000e+00 0.000000e+00 9.999191e-01 8.084081e-05 0.000000e+00 0.000000e+00 0.000000e+00
 0.000000e+00 0.000000e+00 0.000000e+00 9.992307e-01 7.693142e-04 0.000000e+00 0.000000e+00
 0.000000e+00 0.000000e+00 0.000000e+00 0.000000e+00 9.993034e-01 6.966401e-04 0.000000e+00
 0.000000e+00 0.000000e+00 0.000000e+00 0.000000e+00 0.000000e+00 9.998853e-01 1.146952e-04
 0.000000e+00 0.000000e+00 0.000000e+00 0.000000e+00 0.000000e+00 0.000000e+00 0.000000e+00
<ENDHMM>
~h "QuintoPRIMARIA"
<BEGINHMM>
<NUMSTATES> 7
<STATE> 2
<NUMMIXES> 14
<MIXTURE> 1 8.101331e-02
<MEAN> 6
 -4.564690e+01 5.848637e+01 -4.563530e+01 1.738060e+01 1.487645e+02 1.097273e+02
<VARIANCE> 6
 2.778061e+02 6.234297e+04 6.827280e+04 3.845930e+02 4.427954e+04 5.141442e+07
<GCONST> 7.323175e+01
<MIXTURE> 2 2.152072e-02
<MEAN> 6
 1.067235e+01 -6.458169e+02 -7.779938e+02 -7.223829e+01 -9.036523e+01 2.969240e+03
<VARIANCE> 6
 2.588035e+03 1.429384e+06 3.052844e+06 3.720495e+04 1.386494e+06 3.304749e+08
<GCONST> 9.227278e+01
<MIXTURE> 3 6.198129e-02
<MEAN> 6
 -3.573301e+01 8.709063e+01 3.217049e+01 9.010890e+01 8.026081e+02 1.907744e+02
<VARIANCE> 6
 3.019119e+02 7.611676e+04 4.832536e+04 1.305369e+04 1.239606e+05 5.141442e+07
<GCONST> 7.772310e+01
<MIXTURE> 4 7.040663e-02
<MEAN> 6
 -3.458115e+01 1.897456e+01 -1.306708e+01 -1.120714e+02 1.297256e+03 4.397802e+03
<VARIANCE> 6
 3.457321e+02 4.752698e+04 9.224780e+04 3.127482e+04 8.384678e+05 7.010101e+08
<GCONST> 8.343214e+01
<MIXTURE> 5 7.041975e-02
<MEAN> 6
 7.963168e+01 9.228072e+01 5.844096e+01 -9.409860e+00 -5.332237e+01 -4.387071e+02
<VARIANCE> 6
 1.017640e+02 3.481604e+04 2.428252e+04 2.961042e+02 4.015795e+04 5.141442e+07
<GCONST> 7.025198e+01
<MIXTURE> 6 6.671323e-02
<MEAN> 6
 4.356336e+01 7.043209e+01 2.660428e+01 1.505278e+02 -1.829224e+02 -9.222009e+02
<VARIANCE> 6
 3.804326e+02 8.326704e+04 3.528402e+04 8.093887e+03 1.055174e+05 5.141442e+07
<GCONST> 7.709048e+01
<MIXTURE> 7 8.052170e-02
<MEAN> 6
 6.692469e+01 -3.184823e+02 1.229707e+02 -1.567762e+00 -2.769546e+01 -1.262608e+02
<VARIANCE> 6
 1.109066e+02 2.131804e+05 2.938445e+05 2.961042e+02 4.015795e+04 5.141442e+07
<GCONST> 7.464337e+01
<MIXTURE> 8 4.441101e-02
<MEAN> 6
 8.947705e+01 4.870255e+01 -5.653396e+00 4.249741e+01 -1.059548e+03 1.532609e+02
<VARIANCE> 6
 1.117633e+02 9.366182e+04 4.098570e+04 1.289133e+04 1.094810e+06 8.097828e+08
<GCONST> 8.169475e+01
<MIXTURE> 9 1.117200e-01
<MEAN> 6
 1.609010e+00 -6.533281e+00 1.730922e+01 6.241103e+00 1.077597e+02 -2.759390e+03
<VARIANCE> 6
 2.446226e+02 8.535852e+04 1.014277e+05 4.497646e+04 1.732072e+05 9.704737e+07
<GCONST> 8.057555e+01
<MIXTURE> 10 1.107566e-01
<MEAN> 6
 6.517693e+01 4.119903e+01 -1.155318e+02 -4.177184e+01 -5.854376e+02 -1.965620e+02
<VARIANCE> 6
 2.708593e+02 4.025302e+05 1.502026e+05 1.678718e+04 1.808931e+05 5.141442e+07
<GCONST> 8.104359e+01
<MIXTURE> 11 7.001809e-02
<MEAN> 6
 3.295477e+01 1.809950e+01 4.550173e+01 -1.095459e+02 -5.867165e+02 3.273405e+03
<VARIANCE> 6
 5.877573e+02 2.927986e+04 2.163330e+04 4.478808e+04 5.378387e+05 2.701248e+08
<GCONST> 8.098962e+01
<MIXTURE> 12 7.765298e-02
<MEAN> 6
 5.885704e+01 3.683246e+00 1.244511e+02 -4.392689e-02 -2.349395e+01 -2.642885e+02
<VARIANCE> 6
 3.534930e+01 1.485183e+04 3.942391e+04 2.961042e+02 4.015795e+04 5.141442e+07
<GCONST> 6.882726e+01
<MIXTURE> 13 7.020317e-02
<MEAN> 6
 5.472883e+01 -7.620848e+00 2.971343e+00 2.263520e+01 -4.613827e+02 -9.331013e+02
<VARIANCE> 6
 4.522756e+02 3.927137e+04 3.672567e+04 2.327385e+04 1.319295e+05 5.141442e+07
<GCONST> 7.783157e+01
<MIXTURE> 14 6.235891e-02
<MEAN> 6
 -4.203125e+01 2.859921e+00 -3.880974e+01 3.500297e+01 6.822097e+02 -1.917981e+03
<VARIANCE> 6
 3.000055e+02 6.766788e+04 5.659506e+04 1.276062e+04 1.109868e+05 5.318565e+07
<GCONST> 7.765769e+01
<STATE> 3
<NUMMIXES> 14
<MIXTURE> 1 7.028262e-02
<MEAN> 6
 8.053136e+01 5.280974e+02 -5.386584e+02 -7.587655e-01 -2.914162e+00 -7.116211e+00
<VARIANCE> 6
 3.118158e+01 1.644167e+04 8.042309e+04 2.961042e+02 4.015795e+04 5.141442e+07
<GCONST> 6.951643e+01
<MIXTURE> 2 5.291259e-02
<MEAN> 6
 6.660397e+01 3.190954e+02 -3.036205e+02 -3.306815e-01 -4.971018e+00 3.252645e+00
<VARIANCE> 6
 3.118158e+01 4.140361e+04 1.472748e+04 2.961042e+02 4.015795e+04 5.141442e+07
<GCONST> 6.874240e+01
<MIXTURE> 3 1.043160e-01
<MEAN> 6
 6.351135e+01 5.013459e+00 -2.961779e+02 -4.754499e-01 -3.411004e+00 -7.224344e+01
<VARIANCE> 6
 3.118158e+01 1.500036e+04 1.472748e+04 2.961042e+02 4.015795e+04 5.141442e+07
<GCONST> 6.772710e+01
<MIXTURE> 4 3.767677e-02
<MEAN> 6
 8.231355e+01 1.044518e+02 -3.144733e+02 8.732716e-02 -7.310315e+00 -1.439850e+01
<VARIANCE> 6
 3.118158e+01 1.288139e+05 1.472748e+04 2.961042e+02 4.015795e+04 5.141442e+07
<GCONST> 6.987740e+01
<MIXTURE> 5 6.172938e-02
<MEAN> 6
 6.360572e+01 -1.133031e+01 -4.163012e+02 -8.215010e-01 -4.848089e+00 -5.027908e+01
<VARIANCE> 6
 3.118158e+01 1.485183e+04 2.089117e+04 2.961042e+02 4.015795e+04 5.141442e+07
<GCONST> 6.806676e+01
<MIXTURE> 6 1.083146e-01
<MEAN> 6
 9.732417e+01 -5.032243e+02 -5.377936e+02 -1.033907e+00 -3.800195e+00 -4.970767e+01
<VARIANCE> 6
 3.312821e+01 1.485183e+04 1.472748e+04 2.961042e+02 4.015795e+04 5.141442e+07
<GCONST> 6.777771e+01
<MIXTURE> 7 5.325666e-02
<MEAN> 6
 8.641768e+01 -8.112277e+02 -1.510817e+03 4.292315e+00 -2.434900e+01 2.449738e+02
<VARIANCE> 6
 7.548973e+01 6.117364e+05 8.890754e+05 3.818637e+02 4.015795e+04 5.141442e+07
<GCONST> 7.667432e+01
<MIXTURE> 8 9.695719e-02
<MEAN> 6
 5.877460e+01 -2.006285e+02 -2.093311e+02 1.782910e-01 1.060881e+00 -7.279768e+01
<VARIANCE> 6
 3.118158e+01 1.485183e+04 1.472748e+04 2.961042e+02 4.015795e+04 5.141442e+07
<GCONST> 6.771716e+01
<MIXTURE> 9 4.758933e-02
<MEAN> 6
 6.930777e+01 -3.327671e+02 -4.746880e+02 1.329439e+00 -4.226562e+00 -1.201931e+01
<VARIANCE> 6
 3.118158e+01 1.485183e+04 1.472748e+04 2.961042e+02 4.015795e+04 5.141442e+07
<GCONST> 6.771716e+01
<MIXTURE> 10 6.496112e-02
<MEAN> 6
 8.882856e+01 4.185690e+02 -1.335429e+03 -1.369396e+00 -2.164840e+00 -7.589791e+01
<VARIANCE> 6
 3.118158e+01 2.731325e+04 1.472748e+04 2.961042e+02 4.015795e+04 5.141442e+07
<GCONST> 6.832640e+01
<MIXTURE> 11 6.716251e-02
<MEAN> 6
 8.157484e+01 -1.457315e+02 -3.458973e+02 3.247325e-01 -1.501495e+00 7.227966e+01
<VARIANCE> 6
 3.118158e+01 1.485183e+04 1.472748e+04 2.961042e+02 4.015795e+04 5.141442e+07
<GCONST> 6.771716e+01
<MIXTURE> 12 1.025657e-01
<MEAN> 6
 6.340213e+01 -1.515724e+01 -3.087639e+02 -3.692104e-01 -3.267269e+00 -7.895689e+01
<VARIANCE> 6
 3.118158e+01 1.504100e+04 1.472748e+04 2.961042e+02 4.015795e+04 5.141442e+07
<GCONST> 6.772981e+01
<MIXTURE> 13 6.196975e-02
<MEAN> 6
 6.184003e+01 -3.886080e+01 -5.404700e+02 -1.291577e+00 -3.168293e+00 -2.721958e+01
<VARIANCE> 6
 3.118158e+01 1.485183e+04 2.398216e+04 2.961042e+02 4.015795e+04 5.141442e+07
<GCONST> 6.820475e+01
<MIXTURE> 14 7.024775e-02
<MEAN> 6
 7.958681e+01 5.013566e+02 -6.190441e+02 -1.019494e+00 -1.283479e+01 -1.360204e+02
<VARIANCE> 6
 3.118158e+01 2.055356e+04 6.985791e+04 2.961042e+02 4.015795e+04 5.141442e+07
<GCONST> 6.959882e+01
<STATE> 4
<NUMMIXES> 14
<MIXTURE> 1 3.639240e-02
<MEAN> 6
 5.713558e+01 -8.755304e+03 -1.989500e+03 -4.960913e-01 -5.452469e+00 -7.742371e+01
<VARIANCE> 6
 3.118158e+01 2.115947e+07 3.219604e+04 2.961042e+02 4.015795e+04 5.141442e+07
<GCONST> 7.576100e+01
<MIXTURE> 2 6.109057e-02
<MEAN> 6
 1.130747e+02 2.069602e+03 -5.919233e+02 -4.544910e+00 7.693551e+00 -9.124244e-01
<VARIANCE> 6
 1.055063e+02 1.900864e+06 2.041117e+04 2.961042e+02 4.015795e+04 5.141442e+07
<GCONST> 7.411440e+01
<MIXTURE> 3 8.589882e-02
<MEAN> 6
 6.935957e+01 1.086331e+03 1.193688e+03 2.442188e-01 -4.205610e+00 -8.750902e+01
<VARIANCE> 6
 4.629638e+01 9.466786e+05 1.472748e+04 2.961042e+02 4.015795e+04 5.141442e+07
<GCONST> 7.226723e+01
<MIXTURE> 4 5.874639e-02
<MEAN> 6
 6.671784e+01 1.272774e+03 -7.659182e+02 5.901818e-01 6.239021e+00 -1.814819e+01
<VARIANCE> 6
 3.118158e+01 3.953838e+04 2.420104e+05 2.961042e+02 4.015795e+04 5.141442e+07
<GCONST> 7.149557e+01
<MIXTURE> 5 1.120076e-01
<MEAN> 6
 7.688091e+01 2.900647e+02 3.811844e+03 1.018646e-01 -2.160164e+00 -1.089559e+02
<VARIANCE> 6
 8.864785e+01 8.385810e+04 1.708300e+05 2.961042e+02 4.015795e+04 5.141442e+07
<GCONST> 7.294395e+01
<MIXTURE> 6 1.080405e-01
<MEAN> 6
 6.333160e+01 -1.319593e+03 -6.648906e+03 7.913717e-01 -7.797084e+00 -6.833067e+01
<VARIANCE> 6
 3.118158e+01 1.387336e+06 3.491954e+06 2.961042e+02 4.015795e+04 5.141442e+07
<GCONST> 7.772267e+01
<MIXTURE> 7 9.820874e-02
<MEAN> 6
 7.105112e+01 1.321773e+02 -7.057779e+02 -1.856953e+00 -7.463486e+00 -1.383453e+02
<VARIANCE> 6
 3.118158e+01 1.430302e+06 1.472748e+04 2.961042e+02 4.015795e+04 5.141442e+07
<GCONST> 7.228467e+01
<MIXTURE> 8 5.810291e-02
<MEAN> 6
 5.386685e+01 5.465360e+02 -2.373233e+03 -5.871957e-01 -5.156761e+00 -1.419758e+02
<VARIANCE> 6
 3.118158e+01 1.485183e+04 1.942349e+06 2.961042e+02 4.015795e+04 5.141442e+07
<GCONST> 7.259909e+01
<MIXTURE> 9 9.031263e-02
<MEAN> 6
 6.428374e+01 -5.203863e+02 -1.473220e+03 1.178110e+00 -3.219981e+00 -7.264436e+01
<VARIANCE> 6
 3.973228e+01 3.878149e+04 4.484264e+04 2.961042e+02 4.015795e+04 5.141442e+07
<GCONST> 7.003275e+01
<MIXTURE> 10 5.973106e-02
<MEAN> 6
 5.889701e+01 4.735079e+02 1.891969e+03 1.376094e-02 -5.004360e+00 -1.223493e+02
<VARIANCE> 6
 1.757256e+02 2.210295e+04 2.828906e+04 2.961042e+02 4.015795e+04 5.141442e+07
<GCONST> 7.049660e+01
<MIXTURE> 11 7.737978e-02
<MEAN> 6
 6.214721e+01 1.178463e+02 -3.180315e+03 9.056632e-02 -5.959372e+00 -1.336503e+02
<VARIANCE> 6
 3.118158e+01 1.485183e+04 1.864109e+05 2.961042e+02 4.015795e+04 5.141442e+07
<GCONST> 7.025539e+01
<MIXTURE> 12 5.117892e-02
<MEAN> 6
 8.846274e+01 2.024930e+03 -2.192549e+02 -1.466298e+00 -1.005498e+01 -2.515065e+02
<VARIANCE> 6
 4.855849e+01 3.273420e+05 1.472748e+04 2.961042e+02 4.015795e+04 5.141442e+07
<GCONST> 7.125298e+01
<MIXTURE> 13 4.440293e-02
<MEAN> 6
 7.185832e+01 -1.057509e+03 -9.280483e+02 -8.671007e-01 -4.769334e+00 -4.825241e+01
<VARIANCE> 6
 3.118158e+01 7.111381e+05 6.007359e+04 2.961042e+02 4.015795e+04 5.141442e+07
<GCONST> 7.299175e+01
<MIXTURE> 14 5.847595e-02
<MEAN> 6
 6.482887e+01 1.155849e+03 -9.933767e+02 -1.108763e-01 -7.328278e+00 -1.794651e+02
<VARIANCE> 6
 3.118158e+01 3.652954e+04 2.377200e+05 2.961042e+02 4.015795e+04 5.141442e+07
<GCONST> 7.139853e+01
<STATE> 5
<NUMMIXES> 14
<MIXTURE> 1 8.258073e-02
<MEAN> 6
 7.993405e+01 3.043490e+02 3.968930e+02 -2.896213e+00 8.802518e+00 -1.097987e+02
<VARIANCE> 6
 2.737387e+02 3.177774e+04 4.328558e+04 2.961042e+02 4.015795e+04 5.141442e+07
<GCONST> 7.172825e+01
<MIXTURE> 2 7.069926e-02
<MEAN> 6
 7.593007e+01 -6.001809e+02 1.808266e+02 -2.637330e+00 1.099946e+00 -1.136153e+02
<VARIANCE> 6
 3.118158e+01 1.485183e+04 1.472748e+04 2.961042e+02 4.015795e+04 5.141442e+07
<GCONST> 6.771716e+01
<MIXTURE> 3 5.139801e-02
<MEAN> 6
 8.970816e+01 9.823778e+01 -1.938021e+01 -3.021939e+00 -8.719545e+00 2.937437e+02
<VARIANCE> 6
 6.619668e+01 1.501180e+04 1.472748e+04 2.961042e+02 4.015795e+04 5.141442e+07
<GCONST> 6.848067e+01
<MIXTURE> 4 6.593437e-02
<MEAN> 6
 4.897108e+01 -1.046063e+03 1.989159e+01 -1.868195e-01 -2.340274e+00 -1.159053e+02
<VARIANCE> 6
 3.118158e+01 1.485183e+04 1.472748e+04 2.961042e+02 4.015795e+04 5.141442e+07
<GCONST> 6.771716e+01
<MIXTURE> 5 6.968094e-02
<MEAN> 6
 8.527747e+01 -8.603227e+01 3.234446e+01 -3.506091e+00 2.723207e-01 6.599844e+01
<VARIANCE> 6
 3.118158e+01 1.485183e+04 1.472748e+04 2.961042e+02 4.015795e+04 5.141442e+07
<GCONST> 6.771716e+01
<MIXTURE> 6 1.125565e-01
<MEAN> 6
 7.253693e+01 -3.442357e+01 4.155378e+02 -2.252050e-01 1.902125e+00 1.725388e+01
<VARIANCE> 6
 3.118158e+01 1.485183e+04 1.472748e+04 2.961042e+02 4.015795e+04 5.141442e+07
<GCONST> 6.771716e+01
<MIXTURE> 7 8.081290e-02
<MEAN> 6
 6.372017e+01 -4.122654e+02 1.086496e+01 -5.869309e-01 -7.936805e+00 -6.110991e+01
<VARIANCE> 6
 3.118158e+01 1.485183e+04 1.472748e+04 2.961042e+02 4.015795e+04 5.141442e+07
<GCONST> 6.771716e+01
<MIXTURE> 8 5.638120e-02
<MEAN> 6
 6.802122e+01 1.972967e+02 1.426279e+02 -2.649170e+00 5.864899e+00 4.644104e+01
<VARIANCE> 6
 3.118158e+01 1.485183e+04 1.472748e+04 2.961042e+02 4.015795e+04 5.141442e+07
<GCONST> 6.771716e+01
<MIXTURE> 9 9.765833e-02
<MEAN> 6
 8.398534e+01 -2.562792e+02 7.842371e+01 -5.400196e+00 3.513252e+00 1.975299e+01
<VARIANCE> 6
 3.118158e+01 1.485183e+04 1.472748e+04 2.961042e+02 4.015795e+04 5.141442e+07
<GCONST> 6.771716e+01
<MIXTURE> 10 5.596027e-02
<MEAN> 6
 5.997544e+01 -2.696204e+01 2.120447e+02 -5.277660e-01 1.424647e+00 -8.277607e+01
<VARIANCE> 6
 3.118158e+01 1.485183e+04 1.472748e+04 2.961042e+02 4.015795e+04 5.141442e+07
<GCONST> 6.771716e+01
<MIXTURE> 11 7.200791e-02
<MEAN> 6
 7.535520e+01 -5.988982e+02 1.824876e+02 -2.452662e+00 7.888064e-01 -1.264312e+02
<VARIANCE> 6
 3.118158e+01 1.485183e+04 1.472748e+04 2.961042e+02 4.015795e+04 5.141442e+07
<GCONST> 6.771716e+01
<MIXTURE> 12 6.023287e-02
<MEAN> 6
 7.690189e+01 -1.303185e+03 -9.314259e+01 -2.032056e+00 -1.091797e+01 7.052886e+00
<VARIANCE> 6
 3.118158e+01 1.863601e+04 5.306542e+04 2.961042e+02 4.015795e+04 5.141442e+07
<GCONST> 6.922594e+01
<MIXTURE> 13 6.757850e-02
<MEAN> 6
 8.514154e+01 -1.142029e+02 3.684912e+01 -3.668616e+00 2.036353e-01 4.901150e+01
<VARIANCE> 6
 3.118158e+01 1.485183e+04 1.472748e+04 2.961042e+02 4.015795e+04 5.141442e+07
<GCONST> 6.771716e+01
<MIXTURE> 14 5.645453e-02
<MEAN> 6
 6.602198e+01 1.453223e+02 1.182170e+02 -3.043914e+00 -4.162331e-01 -2.526428e+01
<VARIANCE> 6
 3.118158e+01 1.485183e+04 1.472748e+04 2.961042e+02 4.015795e+04 5.141442e+07
<GCONST> 6.771716e+01
<STATE> 6
<NUMMIXES> 14
<MIXTURE> 1 8.261696e-02
<MEAN> 6
 8.557437e+01 1.213003e+02 1.101460e+03 -4.285617e+00 -1.602442e+01 -8.099222e+01
<VARIANCE> 6
 2.456165e+02 4.142449e+06 2.982528e+06 2.961042e+02 4.015795e+04 5.141442e+07
<GCONST> 8.072282e+01
<MIXTURE> 2 1.240823e-02
<MEAN> 6
 -7.681838e+00 1.605928e+02 1.109115e+02 -1.912840e+01 6.713497e+01 3.341368e+03
<VARIANCE> 6
 1.163566e+04 1.982626e+05 4.065098e+05 1.950573e+06 1.066611e+09 1.568875e+12
<GCONST> 1.088546e+02
<MIXTURE> 3 7.784683e-02
<MEAN> 6
 1.111783e+01 -8.192903e+01 -7.822493e+02 -1.209403e+02 -4.688633e+01 5.668537e+03
<VARIANCE> 6
 4.137409e+03 2.505737e+06 6.654886e+06 5.857816e+04 3.739554e+06 1.955359e+09
<GCONST> 9.730647e+01
<MIXTURE> 4 8.699164e-02
<MEAN> 6
 -4.060247e+01 -4.256641e+01 2.215782e+02 1.195033e+02 7.362119e+02 -1.961785e+03
<VARIANCE> 6
 3.005731e+02 1.574753e+06 1.702003e+06 1.778538e+04 1.593358e+05 5.141442e+07
<GCONST> 8.487021e+01
<MIXTURE> 5 9.764754e-02
<MEAN> 6
 3.548231e-01 -1.544480e+02 1.499523e+02 3.288521e-01 8.820945e+01 -1.949912e+03
<VARIANCE> 6
 3.866095e+02 4.271975e+05 6.948639e+05 6.760037e+04 2.036302e+05 1.412015e+08
<GCONST> 8.551228e+01
<MIXTURE> 6 7.532213e-02
<MEAN> 6
 4.819812e+01 4.021838e+02 3.496779e+02 -5.271735e+00 -4.989299e+02 5.317713e+01
<VARIANCE> 6
 1.032712e+03 3.266412e+06 5.895365e+06 4.523954e+04 2.733280e+05 6.083316e+07
<GCONST> 8.971788e+01
<MIXTURE> 7 8.188500e-02
<MEAN> 6
 8.838580e+01 5.407084e+02 -4.930084e+01 -5.370707e+00 -2.645053e+01 -7.954082e+01
<VARIANCE> 6
 1.781146e+02 2.753724e+05 1.917679e+06 2.961042e+02 4.015795e+04 5.141442e+07
<GCONST> 7.724891e+01
<MIXTURE> 8 6.011563e-02
<MEAN> 6
 8.958445e+01 1.366190e+02 1.947037e+01 1.153163e+01 -5.373575e+02 -1.243612e+03
<VARIANCE> 6
 1.512716e+02 6.339298e+05 3.282974e+05 1.103625e+04 8.821495e+05 4.609596e+08
<GCONST> 8.505559e+01
<MIXTURE> 9 8.393916e-02
<MEAN> 6
 -6.573645e+01 1.390772e+02 6.670160e+01 8.574116e+00 2.296873e+02 3.642195e+02
<VARIANCE> 6
 2.032638e+02 8.075852e+05 1.366095e+06 1.020265e+03 9.411897e+04 5.141442e+07
<GCONST> 8.020660e+01
<MIXTURE> 10 8.146444e-02
<MEAN> 6
 7.646089e+01 -2.492484e+02 1.951469e+02 -2.454397e+00 -1.461459e+01 -3.676884e+02
<VARIANCE> 6
 1.693818e+02 1.826533e+05 2.560373e+05 2.961042e+02 4.015795e+04 5.141442e+07
<GCONST> 7.477455e+01
<MIXTURE> 11 6.169564e-02
<MEAN> 6
 5.566795e+01 -9.623119e+01 2.702363e+02 8.160953e+01 -3.872394e+02 9.002061e+02
<VARIANCE> 6
 4.125171e+02 2.820319e+05 1.070339e+06 2.645276e+04 1.390056e+05 5.141442e+07
<GCONST> 8.326361e+01
<MIXTURE> 12 7.771278e-02
<MEAN> 6
 -5.410495e+01 -2.025576e+02 1.515267e+02 -3.952048e+01 1.250903e+03 4.623410e+02
<VARIANCE> 6
 2.571550e+02 3.254533e+05 7.165078e+05 2.932847e+04 5.211245e+05 3.025722e+08
<GCONST> 8.572995e+01
<MIXTURE> 13 5.939804e-02
<MEAN> 6
 7.493346e+01 -5.244619e+00 -1.256529e+02 -7.000128e+01 -9.384824e+02 -7.538035e+02
<VARIANCE> 6
 2.716817e+02 6.614445e+05 3.513569e+05 2.373384e+04 3.149866e+05 1.291875e+08
<GCONST> 8.421535e+01
<MIXTURE> 14 6.000484e-02
<MEAN> 6
 4.954673e+01 -2.943824e+02 -1.028648e+02 2.880590e+01 -5.201758e+02 -1.055361e+03
<VARIANCE> 6
 4.247253e+02 3.011393e+05 1.068697e+06 3.967515e+04 1.581218e+05 5.141442e+07
<GCONST> 8.389102e+01
<TRANSP> 7
 0.000000e+00 1.000000e+00 0.000000e+00 0.000000e+00 0.000000e+00 0.000000e+00 0.000000e+00
 0.000000e+00 9.998726e-01 1.273512e-04 0.000000e+00 0.000000e+00 0.000000e+00 0.000000e+00
 0.000000e+00 0.000000e+00 9.991936e-01 8.064284e-04 0.000000e+00 0.000000e+00 0.000000e+00
 0.000000e+00 0.000000e+00 0.000000e+00 9.993721e-01 6.279161e-04 0.000000e+00 0.000000e+00
 0.000000e+00 0.000000e+00 0.000000e+00 0.000000e+00 9.990470e-01 9.530658e-04 0.000000e+00
 0.000000e+00 0.000000e+00 0.000000e+00 0.000000e+00 0.000000e+00 9.999377e-01 6.230340e-05
 0.000000e+00 0.000000e+00 0.000000e+00 0.000000e+00 0.000000e+00 0.000000e+00 0.000000e+00
<ENDHMM>
