~o
<STREAMINFO> 1 6
<VECSIZE> 6<NULLD><USER><DIAGC>
~h "SegundoPRIMARIA"
<BEGINHMM>
<NUMSTATES> 3
<STATE> 2
<NUMMIXES> 7
<MIXTURE> 1 4.856734e-03
<MEAN> 6
 1.700265e+01 -2.271297e+02 1.495154e+01 -2.723724e+00 -5.056295e+02 5.824944e+03
<VARIANCE> 6
 8.900161e+03 8.900075e+05 9.481246e+05 1.121645e+06 5.946950e+08 8.569153e+11
<GCONST> 1.091928e+02
<MIXTURE> 2 2.022913e-01
<MEAN> 6
 -4.170234e+01 5.508475e+01 3.877665e+00 5.567083e+01 4.972001e+02 -5.548185e+02
<VARIANCE> 6
 6.549200e+02 2.385613e+05 3.145207e+05 1.506542e+04 2.133946e+05 5.103814e+07
<GCONST> 8.219210e+01
<MIXTURE> 3 1.156655e-01
<MEAN> 6
 3.656393e+01 -1.966166e+02 4.576663e+01 -5.375434e+01 -1.240871e+02 2.738164e+03
<VARIANCE> 6
 4.447443e+03 5.476779e+06 1.895548e+06 5.467276e+04 2.893336e+06 1.304395e+09
<GCONST> 9.617444e+01
<MIXTURE> 4 1.896272e-01
<MEAN> 6
 5.324278e+01 8.292285e+01 8.235273e+01 2.243566e+01 -3.597013e+02 -8.212397e+02
<VARIANCE> 6
 1.797310e+03 1.593995e+05 1.240552e+05 4.761418e+04 4.972418e+05 1.144762e+08
<GCONST> 8.467255e+01
<MIXTURE> 5 1.565866e-01
<MEAN> 6
 8.846122e+01 1.977459e+02 9.376332e+01 9.748743e-01 1.427709e+01 1.258792e+03
<VARIANCE> 6
 3.187046e+02 7.915017e+05 6.314348e+05 2.984386e+02 3.979380e+04 5.103814e+07
<GCONST> 7.776707e+01
<MIXTURE> 6 1.733492e-01
<MEAN> 6
 3.223215e+01 -5.285335e+01 -8.456307e+00 -4.694848e+01 -4.299013e+01 -1.507905e+02
<VARIANCE> 6
 3.193153e+03 1.295632e+05 8.929243e+04 5.170563e+04 1.544494e+06 3.173270e+08
<GCONST> 8.694659e+01
<MIXTURE> 7 1.565866e-01
<MEAN> 6
 8.132030e+01 -1.581197e+02 -2.240882e+02 -5.935276e+00 -6.551645e+01 -1.598848e+03
<VARIANCE> 6
 3.187046e+02 7.915017e+05 6.314348e+05 2.984386e+02 3.979380e+04 5.103814e+07
<GCONST> 7.776707e+01
<TRANSP> 3
 0.000000e+00 1.000000e+00 0.000000e+00
 0.000000e+00 9.999630e-01 3.694936e-05
 0.000000e+00 0.000000e+00 0.000000e+00
<ENDHMM>
~h "SegundoESO"
<BEGINHMM>
<NUMSTATES> 3
<STATE> 2
<NUMMIXES> 7
<MIXTURE> 1 1.090814e-01
<MEAN> 6
 -2.820562e+01 1.107523e+02 1.165217e+02 4.368927e+01 2.387465e+02 -8.057709e+02
<VARIANCE> 6
 8.161822e+02 8.865221e+05 8.705634e+05 1.665217e+04 7.769071e+04 5.103814e+07
<GCONST> 8.383273e+01
<MIXTURE> 2 1.188899e-01
<MEAN> 6
 2.749602e+01 1.504264e+02 4.914470e+02 -4.066121e+01 -1.836829e+02 1.694971e+03
<VARIANCE> 6
 3.007998e+03 4.126497e+06 7.167600e+06 4.227364e+04 1.380145e+06 3.674693e+08
<GCONST> 9.456609e+01
<MIXTURE> 3 1.875876e-01
<MEAN> 6
 -3.376660e+01 8.032365e+01 4.132993e+01 -4.838269e+00 6.297817e+02 -2.403839e+02
<VARIANCE> 6
 4.907184e+02 3.395986e+05 1.543955e+05 2.631818e+04 3.546619e+05 1.268129e+08
<GCONST> 8.352109e+01
<MIXTURE> 4 2.010060e-01
<MEAN> 6
 7.290227e+01 7.587055e+00 -6.171868e+01 -1.938362e+00 -2.473719e+01 -7.024508e+01
<VARIANCE> 6
 1.554129e+02 5.279544e+05 2.923672e+05 2.984386e+02 3.979380e+04 5.103814e+07
<GCONST> 7.587399e+01
<MIXTURE> 5 1.300034e-01
<MEAN> 6
 5.654454e+01 1.805826e+02 1.257661e+02 4.126224e+01 -3.553307e+02 1.278121e+03
<VARIANCE> 6
 6.486082e+02 6.943480e+05 2.339661e+05 2.882228e+04 1.761670e+05 5.369251e+07
<GCONST> 8.346262e+01
<MIXTURE> 6 1.222929e-01
<MEAN> 6
 7.664021e+01 -4.111093e+02 -6.068854e+02 -2.268882e+00 -2.509497e+01 -4.815034e+01
<VARIANCE> 6
 1.568337e+02 3.241168e+06 8.124198e+06 2.984386e+02 3.979380e+04 5.103814e+07
<GCONST> 8.102236e+01
<MIXTURE> 7 1.300034e-01
<MEAN> 6
 4.635742e+01 -1.527276e+02 -6.771411e+01 -2.664626e+01 -5.232197e+02 -1.652886e+03
<VARIANCE> 6
 6.486082e+02 6.943480e+05 2.339661e+05 2.882228e+04 1.761670e+05 5.369251e+07
<GCONST> 8.346262e+01
<TRANSP> 3
 0.000000e+00 1.000000e+00 0.000000e+00
 0.000000e+00 9.999634e-01 3.662387e-05
 0.000000e+00 0.000000e+00 0.000000e+00
<ENDHMM>
~h "QuintoPRIMARIA"
<BEGINHMM>
<NUMSTATES> 3
<STATE> 2
<NUMMIXES> 7
<MIXTURE> 1 1.554756e-01
<MEAN> 6
 8.250420e+01 1.303308e+02 1.912775e+01 -3.205986e+00 -2.390508e+01 -8.253716e+01
<VARIANCE> 6
 2.350199e+02 1.040559e+06 2.261396e+06 2.984386e+02 3.979380e+04 5.103814e+07
<GCONST> 7.901180e+01
<MIXTURE> 2 1.196152e-02
<MEAN> 6
 1.762783e+01 -1.055469e+03 -2.185831e+02 -9.957699e+00 -4.565115e+02 2.702694e+03
<VARIANCE> 6
 9.673274e+03 1.445950e+07 1.425988e+06 1.187484e+06 6.421676e+08 9.410481e+11
<GCONST> 1.126996e+02
<MIXTURE> 3 1.432624e-01
<MEAN> 6
 2.467045e+01 7.884899e+01 6.818974e+01 5.160718e+01 9.736806e+01 9.906370e+02
<VARIANCE> 6
 2.953688e+03 9.775702e+04 9.010027e+04 2.838856e+04 4.590140e+05 5.915873e+07
<GCONST> 8.310331e+01
<MIXTURE> 4 1.763120e-01
<MEAN> 6
 1.608730e+01 8.940592e+01 9.496514e+00 2.607715e+01 -7.768609e+01 -4.370651e+02
<VARIANCE> 6
 3.253011e+03 2.879408e+06 5.387924e+06 3.110565e+04 4.963000e+05 7.243959e+07
<GCONST> 9.104572e+01
<MIXTURE> 5 1.787310e-01
<MEAN> 6
 3.463809e+00 -7.774191e+01 2.043434e+01 -4.691239e+01 2.113417e+02 1.408557e+03
<VARIANCE> 6
 3.514272e+03 5.534268e+05 5.520078e+05 4.799957e+04 1.909583e+06 6.828570e+08
<GCONST> 9.122019e+01
<MIXTURE> 6 1.894784e-01
<MEAN> 6
 7.446667e+01 -7.495636e+01 -4.236098e+01 -2.354383e+00 -2.047261e+01 -1.788051e+02
<VARIANCE> 6
 1.615780e+02 1.718637e+05 2.213407e+05 2.984386e+02 3.979380e+04 5.103814e+07
<GCONST> 7.451228e+01
<MIXTURE> 7 1.432624e-01
<MEAN> 6
 2.931312e+00 -4.621549e+01 -5.187709e+01 -1.578844e+01 -1.736342e+02 -2.085951e+03
<VARIANCE> 6
 2.953688e+03 9.775702e+04 9.010027e+04 2.838856e+04 4.590140e+05 5.915873e+07
<GCONST> 8.310331e+01
<TRANSP> 3
 0.000000e+00 1.000000e+00 0.000000e+00
 0.000000e+00 9.999641e-01 3.590553e-05
 0.000000e+00 0.000000e+00 0.000000e+00
<ENDHMM>
