~o
<STREAMINFO> 1 6
<VECSIZE> 6<NULLD><USER><DIAGC>
~h "SegundoPRIMARIA"
<BEGINHMM>
<NUMSTATES> 3
<STATE> 2
<NUMMIXES> 4
<MIXTURE> 1 1.000659e-02
<MEAN> 6
 4.517010e+01 -6.851905e+01 -1.306314e+00 2.246249e+00 -1.010937e+03 6.788120e+03
<VARIANCE> 6
 7.800927e+03 1.171792e+06 7.071771e+05 6.041009e+05 3.011508e+08 4.302371e+11
<GCONST> 1.070546e+02
<MIXTURE> 2 3.574032e-01
<MEAN> 6
 4.101392e+01 9.792818e+01 3.914774e+01 3.243527e+01 5.289667e+01 -3.649802e+02
<VARIANCE> 6
 3.708186e+03 3.226935e+05 3.071442e+05 1.240037e+04 1.372169e+05 5.191738e+07
<GCONST> 8.358505e+01
<MIXTURE> 3 2.697687e-01
<MEAN> 6
 2.763434e+01 -5.140313e+01 8.211799e+00 -4.405422e+01 9.254836e+01 9.090894e+02
<VARIANCE> 6
 4.242135e+03 2.646012e+06 9.078284e+05 5.278394e+04 2.141737e+06 6.441281e+08
<GCONST> 9.362196e+01
<MIXTURE> 4 3.610654e-01
<MEAN> 6
 4.246779e+01 -5.653848e+01 -4.488440e+01 1.784977e+00 -9.381079e+01 -5.137595e+02
<VARIANCE> 6
 3.253240e+03 1.574745e+05 1.388508e+05 2.599042e+04 4.486168e+05 5.191738e+07
<GCONST> 8.386742e+01
<TRANSP> 3
 0.000000e+00 1.000000e+00 0.000000e+00
 0.000000e+00 9.999623e-01 3.765574e-05
 0.000000e+00 0.000000e+00 0.000000e+00
<ENDHMM>
~h "SegundoESO"
<BEGINHMM>
<NUMSTATES> 3
<STATE> 2
<NUMMIXES> 4
<MIXTURE> 1 1.798864e-01
<MEAN> 6
 6.083815e+01 -7.480023e+01 -2.414063e+02 7.049170e+00 -1.447483e+02 1.159472e+02
<VARIANCE> 6
 1.215859e+03 9.327376e+06 9.887930e+06 1.178023e+04 1.261903e+05 5.191738e+07
<GCONST> 8.917064e+01
<MIXTURE> 2 2.790789e-01
<MEAN> 6
 5.248071e+01 5.698645e+01 1.727353e+01 1.807570e+01 -2.565137e+01 -1.751859e+02
<VARIANCE> 6
 1.711931e+03 4.303998e+05 2.890996e+05 5.192914e+03 4.044808e+04 5.191738e+07
<GCONST> 8.094763e+01
<MIXTURE> 3 2.684267e-01
<MEAN> 6
 -1.013656e+01 6.871780e+01 1.584899e+02 -2.492063e+01 3.188381e+02 4.727830e+02
<VARIANCE> 6
 2.443406e+03 1.033251e+06 1.121265e+06 3.607255e+04 1.062708e+06 2.670029e+08
<GCONST> 9.037900e+01
<MIXTURE> 4 2.701789e-01
<MEAN> 6
 3.418049e+01 -7.751663e+01 -1.490716e+01 2.801757e+00 -1.947238e+02 -3.675999e+02
<VARIANCE> 6
 2.085453e+03 3.700879e+05 1.627421e+05 2.396113e+04 2.528923e+05 5.191738e+07
<GCONST> 8.378149e+01
<TRANSP> 3
 0.000000e+00 1.000000e+00 0.000000e+00
 0.000000e+00 9.999633e-01 3.664857e-05
 0.000000e+00 0.000000e+00 0.000000e+00
<ENDHMM>
~h "QuintoPRIMARIA"
<BEGINHMM>
<NUMSTATES> 3
<STATE> 2
<NUMMIXES> 4
<MIXTURE> 1 3.319710e-01
<MEAN> 6
 7.620999e+01 9.000885e+01 6.863190e+01 -2.283947e+00 -1.656460e+01 -1.246845e+02
<VARIANCE> 6
 2.072936e+02 6.271459e+05 1.526809e+06 2.998645e+02 4.044808e+04 5.191738e+07
<GCONST> 7.802530e+01
<MIXTURE> 2 3.100341e-02
<MEAN> 6
 1.797287e+01 -3.058822e+02 -1.155274e+03 -7.959880e+01 -8.961834e+01 5.796787e+03
<VARIANCE> 6
 5.979020e+03 8.973484e+06 9.192148e+06 4.937784e+05 2.495874e+08 3.640344e+11
<GCONST> 1.108326e+02
<MIXTURE> 3 5.481681e-01
<MEAN> 6
 2.003741e+00 -3.631393e+01 2.547630e+01 4.811607e+00 5.954743e+01 -2.179353e+02
<VARIANCE> 6
 2.905858e+03 5.235282e+05 8.021204e+05 3.654963e+04 8.554851e+05 1.816216e+08
<GCONST> 8.894839e+01
<MIXTURE> 4 8.721831e-02
<MEAN> 6
 7.011234e+01 -6.190686e+00 -1.146935e+01 1.068119e+01 -2.790863e+02 -1.780038e+02
<VARIANCE> 6
 3.915106e+02 2.699744e+05 1.446276e+06 8.019564e+03 7.983439e+04 5.191738e+07
<GCONST> 8.173038e+01
<TRANSP> 3
 0.000000e+00 1.000000e+00 0.000000e+00
 0.000000e+00 9.999641e-01 3.589605e-05
 0.000000e+00 0.000000e+00 0.000000e+00
<ENDHMM>
