~o
<STREAMINFO> 1 6
<VECSIZE> 6<NULLD><USER><DIAGC>
~h "SegundoPRIMARIA"
<BEGINHMM>
<NUMSTATES> 3
<STATE> 2
<NUMMIXES> 13
<MIXTURE> 1 4.225359e-03
<MEAN> 6
 1.738351e+01 -3.598764e+02 4.741594e+00 1.493616e+01 -6.965516e+02 5.498465e+03
<VARIANCE> 6
 9.253931e+03 6.605904e+05 9.467587e+05 1.283011e+06 6.858824e+08 9.901901e+11
<GCONST> 1.093539e+02
<MIXTURE> 2 1.078685e-01
<MEAN> 6
 8.871650e+01 1.433510e+02 1.009219e+02 -2.908201e+00 -1.503089e+01 -1.651645e+02
<VARIANCE> 6
 4.350954e+02 1.957454e+06 1.805804e+06 2.960571e+02 3.966152e+04 5.089354e+07
<GCONST> 8.002044e+01
<MIXTURE> 3 4.756439e-02
<MEAN> 6
 2.845671e+01 -2.059741e+02 -4.130718e+01 -1.859456e+01 -1.092858e+02 1.025986e+03
<VARIANCE> 6
 5.789146e+03 1.166392e+07 2.063218e+06 5.689943e+04 4.183217e+06 2.439736e+09
<GCONST> 9.831358e+01
<MIXTURE> 4 6.931572e-02
<MEAN> 6
 -1.377881e+01 1.292078e+01 3.257702e+01 -2.856876e+02 8.432999e+02 1.107528e+04
<VARIANCE> 6
 7.797941e+02 1.190626e+05 2.017646e+05 1.319523e+04 1.669888e+06 7.019852e+08
<GCONST> 8.577386e+01
<MIXTURE> 5 9.386092e-02
<MEAN> 6
 2.125514e+01 2.994476e+01 -1.983341e+00 2.373974e+02 3.428071e+01 -3.152942e+03
<VARIANCE> 6
 8.981528e+02 1.815289e+05 1.072047e+05 7.365019e+03 1.815813e+05 6.025281e+07
<GCONST> 8.044729e+01
<MIXTURE> 6 1.098711e-01
<MEAN> 6
 9.212380e+01 -3.991108e+01 1.516531e+01 -4.252971e+00 -3.846710e+01 -2.309596e+02
<VARIANCE> 6
 1.827424e+02 1.665878e+05 1.319884e+05 2.960571e+02 3.966152e+04 5.089354e+07
<GCONST> 7.407302e+01
<MIXTURE> 7 7.130218e-02
<MEAN> 6
 9.502390e+01 -1.884061e+01 3.806487e+01 4.993560e+01 -8.895729e+02 -3.564477e+03
<VARIANCE> 6
 4.929782e+02 2.912497e+05 1.494697e+05 2.748555e+04 1.778757e+06 8.044429e+08
<GCONST> 8.684301e+01
<MIXTURE> 8 1.028603e-01
<MEAN> 6
 -5.736973e+01 3.532318e+01 -6.120705e+01 1.135644e+01 3.099009e+02 6.114573e+02
<VARIANCE> 6
 3.170991e+02 2.221284e+05 5.771342e+05 2.932581e+03 1.235230e+05 5.089354e+07
<GCONST> 7.981638e+01
<MIXTURE> 9 1.002628e-01
<MEAN> 6
 6.830087e+01 1.473794e+01 -2.247607e+02 5.740452e-01 -8.086893e+00 -1.364595e+02
<VARIANCE> 6
 7.054568e+01 2.473986e+05 3.007985e+05 2.960571e+02 3.966152e+04 5.089354e+07
<GCONST> 7.434041e+01
<MIXTURE> 10 5.426942e-02
<MEAN> 6
 6.717345e+01 4.086308e+01 2.510331e+02 -7.426574e+00 -4.362320e+02 1.234145e+03
<VARIANCE> 6
 1.087607e+03 3.545772e+05 9.543478e+05 3.812166e+04 2.489124e+05 7.457394e+07
<GCONST> 8.566716e+01
<MIXTURE> 11 1.050041e-01
<MEAN> 6
 -4.403423e+01 -1.988923e+01 -2.141892e+01 7.045709e+01 1.045154e+03 -3.541754e+03
<VARIANCE> 6
 3.626115e+02 2.166939e+05 1.596382e+05 2.600711e+04 3.412610e+05 1.860709e+08
<GCONST> 8.313567e+01
<MIXTURE> 12 7.895926e-02
<MEAN> 6
 6.998966e+01 -7.388344e+00 2.982223e+01 -1.026121e+02 -8.452933e+02 7.078639e+02
<VARIANCE> 6
 6.247034e+02 5.940817e+04 5.973245e+04 3.366220e+04 3.957598e+05 1.433877e+08
<GCONST> 8.154811e+01
<MIXTURE> 13 5.305846e-02
<MEAN> 6
 5.813353e+01 -1.269386e+02 -6.563715e+00 -7.831149e+01 -6.434589e+02 -9.007104e+02
<VARIANCE> 6
 1.086892e+03 3.769527e+05 1.038736e+06 4.413838e+04 3.050379e+05 7.743117e+07
<GCONST> 8.619991e+01
<TRANSP> 3
 0.000000e+00 1.000000e+00 0.000000e+00
 0.000000e+00 9.999628e-01 3.718029e-05
 0.000000e+00 0.000000e+00 0.000000e+00
<ENDHMM>
~h "SegundoESO"
<BEGINHMM>
<NUMSTATES> 3
<STATE> 2
<NUMMIXES> 13
<MIXTURE> 1 8.842561e-02
<MEAN> 6
 7.394555e+01 -1.788966e+02 3.820028e+01 -2.995138e+00 -2.802373e+01 -1.110184e+02
<VARIANCE> 6
 1.458557e+02 2.985442e+05 8.187819e+04 2.960571e+02 3.966152e+04 5.089354e+07
<GCONST> 7.395348e+01
<MIXTURE> 2 6.530651e-02
<MEAN> 6
 4.467609e+01 2.519815e+02 4.879043e+01 -3.206722e+00 -5.356858e+02 -4.205212e+01
<VARIANCE> 6
 2.039122e+03 1.716086e+07 3.531360e+06 4.124376e+04 8.828551e+05 3.565650e+08
<GCONST> 9.439307e+01
<MIXTURE> 3 1.165790e-01
<MEAN> 6
 2.494396e+01 1.930996e+02 2.347959e+01 1.743388e+02 -1.262477e+02 -1.849773e+03
<VARIANCE> 6
 6.081475e+02 6.262885e+05 3.206475e+05 5.897002e+03 8.082784e+04 5.089354e+07
<GCONST> 8.119087e+01
<MIXTURE> 4 6.419836e-02
<MEAN> 6
 -4.675506e+01 1.317568e+02 2.734908e+02 -5.326497e+01 1.250818e+03 1.475438e+03
<VARIANCE> 6
 2.170093e+02 1.363555e+06 1.099066e+06 2.876898e+04 4.886625e+05 3.432891e+08
<GCONST> 8.746334e+01
<MIXTURE> 5 1.142898e-01
<MEAN> 6
 7.340173e+01 3.174139e+02 -5.432805e+02 -1.595113e+00 -1.642419e+01 -1.753925e+01
<VARIANCE> 6
 1.218445e+02 6.945400e+05 2.804681e+06 2.960571e+02 3.966152e+04 5.089354e+07
<GCONST> 7.815175e+01
<MIXTURE> 6 8.032707e-02
<MEAN> 6
 7.018573e+01 -9.548981e+01 1.407370e+02 1.726043e+01 -5.406669e+02 -5.582244e+02
<VARIANCE> 6
 2.605587e+02 8.881198e+05 8.193192e+05 1.504276e+04 1.006921e+05 5.089354e+07
<GCONST> 8.278690e+01
<MIXTURE> 7 6.275879e-02
<MEAN> 6
 -3.190708e+01 1.563831e+02 6.804765e+01 7.382123e+01 6.045400e+02 -1.057800e+03
<VARIANCE> 6
 3.152392e+02 2.732158e+05 1.075308e+05 1.627666e+04 1.863794e+05 5.089354e+07
<GCONST> 8.046242e+01
<MIXTURE> 8 9.487605e-02
<MEAN> 6
 7.637831e+00 -3.937907e+01 1.110898e+02 -2.119389e+02 1.752093e+01 3.702676e+03
<VARIANCE> 6
 5.441075e+02 7.183632e+05 3.945918e+05 6.094856e+03 1.738701e+05 1.174398e+08
<GCONST> 8.305945e+01
<MIXTURE> 9 5.193118e-02
<MEAN> 6
 -5.648033e+01 7.512587e+01 2.001315e+02 1.330540e+01 2.519440e+02 -8.707787e+01
<VARIANCE> 6
 1.448073e+02 8.281185e+05 1.381329e+06 7.389261e+02 7.180638e+04 5.089354e+07
<GCONST> 7.930031e+01
<MIXTURE> 10 4.637752e-02
<MEAN> 6
 8.651577e+01 -1.387337e+03 1.746919e+02 -6.113983e+00 -2.472842e+01 -1.061587e+01
<VARIANCE> 6
 2.004962e+02 6.030386e+06 5.100102e+06 2.960571e+02 3.966152e+04 5.089354e+07
<GCONST> 8.140909e+01
<MIXTURE> 11 6.985523e-02
<MEAN> 6
 6.465530e+01 -3.642111e+01 -1.463087e+02 -4.261086e-01 -1.900459e+01 -1.071068e+02
<VARIANCE> 6
 4.548870e+01 1.640760e+06 7.936684e+04 2.960571e+02 3.966152e+04 5.089354e+07
<GCONST> 7.446117e+01
<MIXTURE> 12 8.018753e-02
<MEAN> 6
 6.653863e+01 -2.745118e+01 4.840918e+01 -5.426031e+01 -7.934599e+02 4.000130e+02
<VARIANCE> 6
 2.672837e+02 6.551289e+05 1.173603e+05 1.985250e+04 2.598919e+05 9.971064e+07
<GCONST> 8.246306e+01
<MIXTURE> 13 6.329378e-02
<MEAN> 6
 -3.349408e+01 -1.808700e+01 -4.892685e+01 3.289295e+01 4.902130e+02 -1.966547e+03
<VARIANCE> 6
 3.100218e+02 2.078623e+05 1.011041e+05 1.506235e+04 1.638365e+05 5.525422e+07
<GCONST> 7.998647e+01
<TRANSP> 3
 0.000000e+00 1.000000e+00 0.000000e+00
 0.000000e+00 9.999632e-01 3.679724e-05
 0.000000e+00 0.000000e+00 0.000000e+00
<ENDHMM>
~h "QuintoPRIMARIA"
<BEGINHMM>
<NUMSTATES> 3
<STATE> 2
<NUMMIXES> 13
<MIXTURE> 1 7.148442e-02
<MEAN> 6
 8.151817e+01 3.118158e+02 6.990859e+02 -1.655052e+00 -1.400630e+01 -5.359653e+01
<VARIANCE> 6
 2.625284e+02 1.074855e+06 2.900990e+06 2.960571e+02 3.966152e+04 5.089354e+07
<GCONST> 7.938982e+01
<MIXTURE> 2 6.799085e-03
<MEAN> 6
 -7.707446e+00 1.994841e+02 1.358590e+02 -3.623397e+01 5.765725e+01 4.872308e+03
<VARIANCE> 6
 1.156241e+04 1.213200e+05 3.771178e+05 1.996998e+06 1.102366e+09 1.629331e+12
<GCONST> 1.083763e+02
<MIXTURE> 3 1.277873e-01
<MEAN> 6
 -4.037354e+01 -8.766119e+01 6.860937e+01 4.769574e+01 8.797911e+02 -1.126184e+03
<VARIANCE> 6
 4.042139e+02 1.879323e+05 2.635274e+05 2.966981e+04 3.068087e+05 1.331306e+08
<GCONST> 8.329366e+01
<MIXTURE> 4 1.044703e-01
<MEAN> 6
 9.704345e+00 2.223944e+02 3.366895e+01 5.420904e+00 -1.713374e+01 -4.787673e+02
<VARIANCE> 6
 2.220956e+03 2.355789e+06 5.502254e+06 4.947762e+04 4.839212e+05 1.037264e+08
<GCONST> 9.128223e+01
<MIXTURE> 5 6.962239e-02
<MEAN> 6
 1.507299e+01 -1.640641e+02 -2.283580e+02 -7.810438e+01 7.864265e+01 3.528636e+03
<VARIANCE> 6
 4.472889e+03 1.500266e+06 1.839202e+06 5.269552e+04 4.042014e+06 1.862687e+09
<GCONST> 9.550887e+01
<MIXTURE> 6 9.854814e-02
<MEAN> 6
 8.098036e+01 -9.055381e+01 -6.225158e+01 -4.049247e+00 -1.635545e+01 -2.208075e+02
<VARIANCE> 6
 2.221117e+02 3.012028e+05 6.873605e+04 2.960571e+02 3.966152e+04 5.089354e+07
<GCONST> 7.420795e+01
<MIXTURE> 7 1.215895e-01
<MEAN> 6
 6.473381e+01 -1.692660e+01 3.735809e-01 1.065720e+01 -6.453123e+02 -4.104153e+02
<VARIANCE> 6
 5.199032e+02 4.247393e+05 5.394226e+05 2.839413e+04 2.305927e+05 6.144556e+07
<GCONST> 8.397440e+01
<MIXTURE> 8 9.563138e-02
<MEAN> 6
 6.928133e+01 -4.881156e+01 -1.159296e+00 -1.273916e+00 -2.250849e+01 -1.846757e+02
<VARIANCE> 6
 1.333619e+02 2.555190e+04 1.475035e+05 2.960571e+02 3.966152e+04 5.089354e+07
<GCONST> 7.199434e+01
<MIXTURE> 9 7.080201e-02
<MEAN> 6
 4.575209e+01 5.035638e+01 3.745835e+01 4.007883e+01 -3.281807e+02 -1.955072e+03
<VARIANCE> 6
 1.151300e+03 5.534120e+04 3.892737e+04 3.634456e+04 3.088243e+05 1.241871e+08
<GCONST> 8.134526e+01
<MIXTURE> 10 7.062890e-02
<MEAN> 6
 -5.894010e+01 -2.616039e+01 -7.907850e+00 1.302817e+01 2.227097e+02 2.437531e+02
<VARIANCE> 6
 2.476139e+02 3.372301e+05 7.218446e+05 8.433290e+02 7.571377e+04 5.089354e+07
<GCONST> 7.847453e+01
<MIXTURE> 11 2.103855e-02
<MEAN> 6
 7.340998e+01 -6.822550e+02 -1.873566e+03 -1.793240e+00 -1.030871e+01 5.316799e+01
<VARIANCE> 6
 2.810020e+02 1.697884e+07 1.378173e+07 2.960571e+02 3.966152e+04 5.089354e+07
<GCONST> 8.377589e+01
<MIXTURE> 12 6.722974e-02
<MEAN> 6
 3.287690e+01 -1.973411e+01 -5.744299e+01 -7.477897e+01 -3.488751e+02 2.055881e+03
<VARIANCE> 6
 1.384214e+03 3.765905e+04 7.737361e+04 4.161730e+04 5.007322e+05 1.951853e+08
<GCONST> 8.290244e+01
<MIXTURE> 13 7.237072e-02
<MEAN> 6
 7.491661e+01 7.364851e+01 3.560192e+00 -1.327594e+00 -2.215825e+01 -1.144669e+02
<VARIANCE> 6
 2.333507e+02 7.663009e+05 3.152401e+06 2.960571e+02 3.966152e+04 5.089354e+07
<GCONST> 7.901675e+01
<TRANSP> 3
 0.000000e+00 1.000000e+00 0.000000e+00
 0.000000e+00 9.999641e-01 3.589920e-05
 0.000000e+00 0.000000e+00 0.000000e+00
<ENDHMM>
