~o
<STREAMINFO> 1 6
<VECSIZE> 6<NULLD><USER><DIAGC>
~h "SegundoPRIMARIA"
<BEGINHMM>
<NUMSTATES> 6
<STATE> 2
<NUMMIXES> 13
<MIXTURE> 1 6.473096e-02
<MEAN> 6
 8.282269e+01 -3.893102e+02 1.240114e+03 -1.808536e+00 -1.548544e+01 -1.806984e+02
<VARIANCE> 6
 4.670849e+02 2.072718e+05 2.411704e+06 2.966935e+02 3.907247e+04 4.999102e+07
<GCONST> 7.810463e+01
<MIXTURE> 2 8.040308e-02
<MEAN> 6
 -3.753904e+01 2.795130e+01 -3.318228e+01 -1.252011e+02 1.426321e+03 2.650755e+03
<VARIANCE> 6
 6.572278e+02 3.648101e+05 1.825226e+06 6.056813e+04 1.196643e+06 1.007077e+09
<GCONST> 9.047651e+01
<MIXTURE> 3 1.047294e-01
<MEAN> 6
 3.040827e+01 3.524464e+01 -1.045967e+02 2.499378e+02 -1.782495e+02 -3.522457e+03
<VARIANCE> 6
 7.769194e+02 2.954529e+05 1.073999e+06 7.375736e+03 2.462807e+05 8.802463e+07
<GCONST> 8.377908e+01
<MIXTURE> 4 7.373980e-02
<MEAN> 6
 -4.125201e+01 5.704952e+01 3.789508e+01 9.493436e+01 8.380479e+02 -2.007930e+03
<VARIANCE> 6
 3.646035e+02 3.636374e+05 3.707420e+05 2.413874e+04 2.274292e+05 7.530713e+07
<GCONST> 8.311650e+01
<MIXTURE> 5 7.194989e-02
<MEAN> 6
 9.125817e+01 -1.861245e+02 -1.341127e+01 4.995632e+01 -1.082569e+03 -2.160134e+02
<VARIANCE> 6
 6.859948e+02 1.028938e+06 1.427647e+06 3.115726e+04 1.687058e+06 8.742652e+08
<GCONST> 9.084790e+01
<MIXTURE> 6 1.112147e-01
<MEAN> 6
 7.014267e+01 1.041511e+02 -5.398317e+02 6.783929e-01 -1.389978e+01 -8.580616e+01
<VARIANCE> 6
 6.035746e+01 8.529696e+04 8.452477e+05 2.966935e+02 3.907247e+04 4.999102e+07
<GCONST> 7.412206e+01
<MIXTURE> 7 7.357285e-02
<MEAN> 6
 9.210343e+01 -2.681196e+01 2.232687e+02 -1.270210e+01 -4.392635e+02 -4.010127e+01
<VARIANCE> 6
 4.605284e+02 1.481530e+05 7.741499e+05 9.927182e+03 1.393183e+05 5.837794e+07
<GCONST> 8.155516e+01
<MIXTURE> 8 7.980399e-02
<MEAN> 6
 -5.971414e+01 1.410930e+01 -2.402864e+02 -3.840515e+00 1.385248e+02 1.531873e+02
<VARIANCE> 6
 3.802438e+02 2.074992e+05 1.178008e+06 5.442918e+02 4.948277e+04 4.999102e+07
<GCONST> 7.802651e+01
<MIXTURE> 9 7.679567e-02
<MEAN> 6
 2.907505e+01 8.366423e-01 1.919902e+02 -2.917832e+02 -5.695330e+02 6.755399e+03
<VARIANCE> 6
 6.117539e+02 2.630011e+05 1.098912e+06 1.024677e+04 6.680944e+05 1.896967e+08
<GCONST> 8.554118e+01
<MIXTURE> 10 5.702391e-02
<MEAN> 6
 8.213063e+01 5.087594e+02 -8.260693e+01 1.355637e+00 -2.293271e+01 -2.137322e+02
<VARIANCE> 6
 2.798739e+02 6.753056e+05 8.495435e+05 2.966935e+02 3.907247e+04 4.999102e+07
<GCONST> 7.773020e+01
<MIXTURE> 11 8.377968e-02
<MEAN> 6
 -5.324211e+01 -2.221155e+01 -2.164934e+02 1.282425e+01 6.121740e+02 6.472476e+02
<VARIANCE> 6
 6.271346e+02 9.164929e+04 8.024598e+05 1.360062e+04 1.473933e+05 6.958302e+07
<GCONST> 8.196635e+01
<MIXTURE> 12 6.547651e-02
<MEAN> 6
 7.824072e+01 -5.170162e+01 5.964946e+01 -5.628065e+01 -9.054531e+02 -3.316688e+03
<VARIANCE> 6
 3.843130e+02 2.115311e+05 6.112526e+05 2.205126e+04 3.449618e+05 7.439074e+07
<GCONST> 8.344126e+01
<MIXTURE> 13 5.645674e-02
<MEAN> 6
 8.127311e+01 2.100150e+02 -3.706560e+02 -6.378388e-01 -4.878572e+01 -2.975605e+02
<VARIANCE> 6
 2.308015e+02 1.079139e+06 1.009598e+06 2.966935e+02 3.907247e+04 4.999102e+07
<GCONST> 7.817879e+01
<STATE> 3
<NUMMIXES> 13
<MIXTURE> 1 3.768802e-02
<MEAN> 6
 8.323088e+01 5.415775e+02 4.488893e+02 -7.885700e-02 -4.584386e+00 9.003529e+01
<VARIANCE> 6
 3.175369e+01 1.457332e+04 1.374649e+04 2.966935e+02 3.907247e+04 4.999102e+07
<GCONST> 6.759399e+01
<MIXTURE> 2 5.977224e-02
<MEAN> 6
 7.852222e+01 1.739235e+02 -2.172167e+01 2.249869e-01 -8.381804e+00 -2.417247e+01
<VARIANCE> 6
 3.175369e+01 2.954695e+04 1.374649e+04 2.966935e+02 3.907247e+04 4.999102e+07
<GCONST> 6.830077e+01
<MIXTURE> 3 3.935999e-02
<MEAN> 6
 9.246041e+01 -6.176973e+02 -5.231111e+02 8.423613e-01 -2.407686e+00 -1.633821e+02
<VARIANCE> 6
 3.175369e+01 1.457332e+04 1.374649e+04 2.966935e+02 3.907247e+04 4.999102e+07
<GCONST> 6.759399e+01
<MIXTURE> 4 1.005384e-01
<MEAN> 6
 6.480461e+01 5.972146e+02 3.009451e+01 -9.095512e-02 3.857316e+00 -3.054624e+01
<VARIANCE> 6
 4.241090e+01 4.218507e+04 1.374649e+04 2.966935e+02 3.907247e+04 4.999102e+07
<GCONST> 6.894625e+01
<MIXTURE> 5 7.302903e-02
<MEAN> 6
 6.544312e+01 -3.499995e+02 2.872152e+02 5.374017e-01 -5.435929e+00 -1.126358e+02
<VARIANCE> 6
 3.175369e+01 4.902127e+04 1.374649e+04 2.966935e+02 3.907247e+04 4.999102e+07
<GCONST> 6.880704e+01
<MIXTURE> 6 8.045951e-02
<MEAN> 6
 5.194235e+01 1.262197e+02 -3.301049e+02 1.865847e+00 9.036043e-02 -7.829976e+01
<VARIANCE> 6
 3.175369e+01 6.867461e+04 1.374649e+04 2.966935e+02 3.907247e+04 4.999102e+07
<GCONST> 6.914417e+01
<MIXTURE> 7 6.119255e-02
<MEAN> 6
 7.014339e+01 2.059622e+02 -2.182053e+02 -1.966445e-01 -3.604162e+00 -5.903404e+01
<VARIANCE> 6
 3.175369e+01 3.180664e+04 1.374649e+04 2.966935e+02 3.907247e+04 4.999102e+07
<GCONST> 6.837447e+01
<MIXTURE> 8 1.237888e-01
<MEAN> 6
 7.087814e+01 -6.387857e+02 -5.332366e+02 -2.538882e+00 -2.794000e+00 -6.766699e+01
<VARIANCE> 6
 3.175369e+01 3.608188e+04 7.094690e+04 2.966935e+02 3.907247e+04 4.999102e+07
<GCONST> 7.014173e+01
<MIXTURE> 9 7.864470e-02
<MEAN> 6
 7.532074e+01 5.284721e+01 1.630923e+02 -1.387842e-01 3.391523e+00 -1.071781e+02
<VARIANCE> 6
 3.175369e+01 1.457332e+04 1.374649e+04 2.966935e+02 3.907247e+04 4.999102e+07
<GCONST> 6.759399e+01
<MIXTURE> 10 1.030737e-01
<MEAN> 6
 7.232616e+01 9.397420e+01 -3.798161e+02 8.736305e-01 -4.981534e+00 -1.649691e+02
<VARIANCE> 6
 3.781430e+01 1.457332e+04 1.374649e+04 2.966935e+02 3.907247e+04 4.999102e+07
<GCONST> 6.776866e+01
<MIXTURE> 11 8.577316e-02
<MEAN> 6
 6.208198e+01 -2.895447e+02 -1.098445e+02 1.583506e+00 8.172372e+00 -7.873002e+01
<VARIANCE> 6
 3.175369e+01 2.547150e+04 4.950161e+04 2.966935e+02 3.907247e+04 4.999102e+07
<GCONST> 6.943357e+01
<MIXTURE> 12 7.963037e-02
<MEAN> 6
 8.104191e+01 -1.366435e+02 -6.957800e+01 -1.790897e+00 -9.075152e+00 -9.782784e+01
<VARIANCE> 6
 3.175369e+01 1.206425e+05 1.374649e+04 2.966935e+02 3.907247e+04 4.999102e+07
<GCONST> 6.970763e+01
<MIXTURE> 13 7.692340e-02
<MEAN> 6
 7.402612e+01 2.507599e+01 1.229309e+02 -9.348536e-02 -2.519014e+00 -1.051696e+02
<VARIANCE> 6
 3.175369e+01 1.457332e+04 2.069095e+04 2.966935e+02 3.907247e+04 4.999102e+07
<GCONST> 6.800290e+01
<STATE> 4
<NUMMIXES> 13
<MIXTURE> 1 3.310887e-02
<MEAN> 6
 1.246743e+02 1.270504e+03 1.210460e+03 -3.396100e+00 1.355007e+00 9.221908e+01
<VARIANCE> 6
 3.175369e+01 5.786628e+05 1.206915e+05 2.966935e+02 3.907247e+04 4.999102e+07
<GCONST> 7.344797e+01
<MIXTURE> 2 6.157474e-02
<MEAN> 6
 1.000581e+02 -2.813751e+03 -1.045843e+02 -4.383512e+00 -7.588673e-01 -1.074794e+02
<VARIANCE> 6
 3.175369e+01 1.126728e+06 1.727327e+04 2.966935e+02 3.907247e+04 4.999102e+07
<GCONST> 7.217024e+01
<MIXTURE> 3 5.242417e-02
<MEAN> 6
 8.720251e+01 3.416270e+02 -2.650019e+03 -2.716180e+00 -6.983687e+00 8.596500e+01
<VARIANCE> 6
 5.422211e+01 3.606966e+05 1.853780e+05 2.966935e+02 3.907247e+04 4.999102e+07
<GCONST> 7.393952e+01
<MIXTURE> 4 5.790485e-02
<MEAN> 6
 6.906129e+01 -7.257469e+03 1.347423e+03 -2.552468e+00 -3.295353e+00 -2.332600e+01
<VARIANCE> 6
 8.478857e+01 5.163384e+06 1.396232e+05 2.966935e+02 3.907247e+04 4.999102e+07
<GCONST> 7.676446e+01
<MIXTURE> 5 8.956505e-02
<MEAN> 6
 7.518864e+01 3.085745e+03 -3.345482e+02 -2.072309e+00 -3.047789e+00 -1.418537e+02
<VARIANCE> 6
 6.173024e+01 1.919525e+05 7.437027e+04 2.966935e+02 3.907247e+04 4.999102e+07
<GCONST> 7.252508e+01
<MIXTURE> 6 1.231027e-01
<MEAN> 6
 9.681390e+01 -4.633481e+01 5.024027e+02 -2.760587e+00 -4.772406e+00 -3.920934e+00
<VARIANCE> 6
 3.175369e+01 6.952744e+04 3.380291e+05 2.966935e+02 3.907247e+04 4.999102e+07
<GCONST> 7.235886e+01
<MIXTURE> 7 7.468584e-02
<MEAN> 6
 9.151922e+01 8.265275e+02 2.021749e+02 -1.966802e+00 -7.597195e-01 -8.289258e+00
<VARIANCE> 6
 3.175369e+01 1.485166e+05 1.374649e+04 2.966935e+02 3.907247e+04 4.999102e+07
<GCONST> 6.991549e+01
<MIXTURE> 8 7.240273e-02
<MEAN> 6
 1.029680e+02 -1.205126e+02 1.922157e+03 -4.655470e+00 -9.743460e-01 4.861912e+01
<VARIANCE> 6
 2.944517e+02 1.718544e+05 2.016697e+05 2.966935e+02 3.907247e+04 4.999102e+07
<GCONST> 7.497440e+01
<MIXTURE> 9 9.586443e-02
<MEAN> 6
 1.045198e+02 -1.623599e+02 -5.307357e+02 -1.553706e+00 -6.403401e+00 1.655346e+01
<VARIANCE> 6
 7.149011e+01 9.730067e+04 3.478409e+04 2.966935e+02 3.907247e+04 4.999102e+07
<GCONST> 7.123252e+01
<MIXTURE> 10 7.241230e-02
<MEAN> 6
 8.466532e+01 -1.059060e+03 5.120137e+02 -2.848127e+00 6.924281e+00 -1.514345e+02
<VARIANCE> 6
 3.567932e+02 2.176682e+05 1.024841e+05 2.966935e+02 3.907247e+04 4.999102e+07
<GCONST> 7.472584e+01
<MIXTURE> 11 1.263153e-01
<MEAN> 6
 9.047417e+01 -3.485244e+01 3.098231e+02 -2.275710e+00 5.274317e+00 -9.743815e+01
<VARIANCE> 6
 3.463698e+01 4.226596e+04 6.518569e+04 2.966935e+02 3.907247e+04 4.999102e+07
<GCONST> 7.030215e+01
<MIXTURE> 12 6.778216e-02
<MEAN> 6
 9.176029e+01 4.826606e+02 1.859021e+02 -1.732953e+00 -7.992402e-01 -4.378983e+01
<VARIANCE> 6
 3.175369e+01 2.768060e+05 1.374649e+04 2.966935e+02 3.907247e+04 4.999102e+07
<GCONST> 7.053811e+01
<MIXTURE> 13 7.280318e-02
<MEAN> 6
 8.442575e+01 -1.113489e+03 4.109768e+02 -3.671241e+00 -3.889093e+00 -8.016850e+01
<VARIANCE> 6
 4.207436e+02 1.786851e+05 1.371877e+05 2.966935e+02 3.907247e+04 4.999102e+07
<GCONST> 7.498500e+01
<STATE> 5
<NUMMIXES> 13
<MIXTURE> 1 5.889979e-03
<MEAN> 6
 5.283416e+00 -8.025303e+02 -2.498837e+01 2.979569e+01 -3.270735e+02 8.504765e+03
<VARIANCE> 6
 9.135682e+03 3.556175e+06 1.252273e+06 1.554159e+06 8.519272e+08 1.233761e+12
<GCONST> 1.119324e+02
<MIXTURE> 2 3.243181e-02
<MEAN> 6
 6.152794e+00 6.092350e+02 -1.504208e+02 -3.956390e+01 7.505222e+01 4.257686e+02
<VARIANCE> 6
 5.669229e+03 1.723094e+07 1.211693e+06 3.349380e+04 6.374001e+05 2.156277e+08
<GCONST> 9.331315e+01
<MIXTURE> 3 6.208363e-02
<MEAN> 6
 5.347831e+01 1.822395e+02 -7.223218e+01 -5.551586e+01 -4.348349e+02 4.570854e+03
<VARIANCE> 6
 4.593817e+03 1.199200e+06 5.635207e+05 7.938873e+04 6.727677e+06 4.171544e+09
<GCONST> 9.585426e+01
<MIXTURE> 4 6.357142e-02
<MEAN> 6
 1.087358e+02 2.078666e+01 1.111545e+01 -7.017465e+00 -2.305813e+01 -2.801172e+02
<VARIANCE> 6
 2.575099e+02 1.945872e+06 1.801954e+05 2.966935e+02 3.907247e+04 4.999102e+07
<GCONST> 7.715456e+01
<MIXTURE> 5 8.664081e-02
<MEAN> 6
 7.024563e+00 9.109451e+01 3.450621e+01 2.018978e+02 2.284361e+02 -2.615268e+03
<VARIANCE> 6
 7.808196e+02 2.469276e+05 4.473266e+04 1.322883e+04 1.203113e+05 4.999102e+07
<GCONST> 7.972826e+01
<MIXTURE> 6 8.594685e-02
<MEAN> 6
 7.069702e+01 1.108483e+02 -7.048081e+01 7.740978e+01 -4.091831e+02 -1.195515e+03
<VARIANCE> 6
 6.638788e+02 3.954372e+05 7.885952e+04 3.237115e+04 1.494079e+05 4.999102e+07
<GCONST> 8.171535e+01
<MIXTURE> 7 6.858902e-02
<MEAN> 6
 -3.746133e+01 5.705720e+01 4.927078e+01 -2.672076e+01 1.367282e+03 2.195730e+03
<VARIANCE> 6
 3.386937e+02 1.567548e+05 7.015841e+04 5.270776e+04 5.685312e+05 3.817936e+08
<GCONST> 8.385703e+01
<MIXTURE> 8 1.202859e-01
<MEAN> 6
 7.982307e+01 -3.235011e+01 1.739540e+01 -2.216031e+01 -8.609664e+02 2.252179e+02
<VARIANCE> 6
 1.053880e+03 2.282310e+05 5.722360e+04 5.437710e+04 1.208039e+06 6.058478e+08
<GCONST> 8.641068e+01
<MIXTURE> 9 1.188879e-01
<MEAN> 6
 -5.237236e+01 5.827734e+01 1.088874e+01 1.477999e+01 3.511985e+02 4.162227e+02
<VARIANCE> 6
 2.044588e+02 2.264647e+05 8.683677e+04 2.364265e+03 1.268232e+05 4.999102e+07
<GCONST> 7.729588e+01
<MIXTURE> 10 1.061634e-01
<MEAN> 6
 7.667226e+01 1.813213e+01 1.051425e+02 -7.590228e+01 -8.093230e+02 -1.587995e+02
<VARIANCE> 6
 4.721809e+02 5.002871e+04 1.013034e+05 3.076448e+04 2.464114e+05 7.009494e+07
<GCONST> 8.034509e+01
<MIXTURE> 11 1.043373e-01
<MEAN> 6
 9.287713e+01 -1.594202e+02 -3.542669e+01 -5.289025e+00 -3.121988e+01 -2.697908e+02
<VARIANCE> 6
 1.945780e+02 1.892486e+05 8.381204e+04 2.966935e+02 3.907247e+04 4.999102e+07
<GCONST> 7.377847e+01
<MIXTURE> 12 7.525751e-02
<MEAN> 6
 3.469717e+00 -8.702745e+00 3.060246e+01 -7.364258e+01 1.968578e+02 7.651971e+02
<VARIANCE> 6
 4.229037e+02 9.098661e+04 5.032420e+04 6.918563e+04 2.669274e+05 1.549448e+08
<GCONST> 8.181697e+01
<MIXTURE> 13 6.899135e-02
<MEAN> 6
 -4.524538e+01 -8.814409e+01 -4.211824e+01 -2.285046e+01 1.247853e+03 -3.283893e+03
<VARIANCE> 6
 3.409684e+02 1.889311e+05 7.722189e+04 3.438486e+04 5.521521e+05 3.618369e+08
<GCONST> 8.363628e+01
<TRANSP> 6
 0.000000e+00 1.000000e+00 0.000000e+00 0.000000e+00 0.000000e+00 0.000000e+00
 0.000000e+00 9.998853e-01 1.147247e-04 0.000000e+00 0.000000e+00 0.000000e+00
 0.000000e+00 0.000000e+00 9.994312e-01 5.688649e-04 0.000000e+00 0.000000e+00
 0.000000e+00 0.000000e+00 0.000000e+00 9.993558e-01 6.441807e-04 0.000000e+00
 0.000000e+00 0.000000e+00 0.000000e+00 0.000000e+00 9.999329e-01 6.708619e-05
 0.000000e+00 0.000000e+00 0.000000e+00 0.000000e+00 0.000000e+00 0.000000e+00
<ENDHMM>
~h "SegundoESO"
<BEGINHMM>
<NUMSTATES> 6
<STATE> 2
<NUMMIXES> 13
<MIXTURE> 1 7.015812e-02
<MEAN> 6
 9.143893e+01 1.848338e+03 3.259689e+01 -3.110196e+00 -2.327714e+01 -7.726430e+01
<VARIANCE> 6
 2.758598e+02 3.786668e+07 3.730945e+07 2.966935e+02 3.907247e+04 4.999102e+07
<GCONST> 8.552472e+01
<MIXTURE> 2 2.929230e-02
<MEAN> 6
 4.267536e+01 4.053165e+03 9.633781e+02 -2.321640e+01 -4.839316e+02 9.604724e+02
<VARIANCE> 6
 3.420759e+03 5.065910e+07 2.552522e+07 4.091668e+04 2.345658e+06 7.372652e+08
<GCONST> 9.966651e+01
<MIXTURE> 3 1.008066e-01
<MEAN> 6
 -4.749424e+01 6.209326e+02 7.501897e+01 1.234404e+00 1.013998e+03 -8.932874e+01
<VARIANCE> 6
 2.050715e+02 3.039312e+06 3.628148e+06 2.437686e+04 2.971707e+05 1.572143e+08
<GCONST> 8.795857e+01
<MIXTURE> 4 7.927914e-02
<MEAN> 6
 3.820371e+01 1.620917e+03 -8.505933e+02 2.066047e+02 -2.272694e+02 -2.702300e+03
<VARIANCE> 6
 7.085151e+02 3.639346e+06 5.773696e+06 5.210802e+03 1.005973e+05 4.999102e+07
<GCONST> 8.607130e+01
<MIXTURE> 5 6.709203e-02
<MEAN> 6
 8.285958e+01 -2.703389e+03 3.002715e+03 -3.455303e+00 -6.145469e+00 -2.523499e+02
<VARIANCE> 6
 4.073338e+01 2.474565e+06 7.774402e+06 2.966935e+02 3.907247e+04 4.999102e+07
<GCONST> 7.931546e+01
<MIXTURE> 6 6.601711e-02
<MEAN> 6
 7.784365e+01 -5.229313e+02 -4.449410e+01 2.919028e+01 -3.432676e+02 5.957071e+02
<VARIANCE> 6
 2.673081e+02 6.429158e+06 2.956847e+06 1.228109e+04 7.201128e+04 4.999102e+07
<GCONST> 8.551941e+01
<MIXTURE> 7 8.476339e-02
<MEAN> 6
 -6.068570e+01 -7.147072e+01 2.007117e+02 1.295309e+01 1.244930e+02 -6.283522e+00
<VARIANCE> 6
 7.217183e+01 3.397370e+06 2.508654e+06 4.567112e+02 4.674174e+04 4.999102e+07
<GCONST> 7.968388e+01
<MIXTURE> 8 1.249549e-01
<MEAN> 6
 7.548794e+01 1.096578e+03 -8.951783e+02 -2.650674e-02 -1.603493e+01 -9.155512e+01
<VARIANCE> 6
 3.175369e+01 7.233076e+05 4.998846e+06 2.966935e+02 3.907247e+04 4.999102e+07
<GCONST> 7.739481e+01
<MIXTURE> 9 8.212183e-02
<MEAN> 6
 -2.044087e+01 -1.445562e+03 4.087667e+02 1.900060e+01 3.369882e+02 -9.461454e+02
<VARIANCE> 6
 5.488752e+02 8.686793e+06 4.815771e+05 3.367259e+04 9.737091e+04 4.999102e+07
<GCONST> 8.603535e+01
<MIXTURE> 10 8.004794e-02
<MEAN> 6
 6.338701e+01 -1.045054e+02 2.100560e+02 -9.897720e+01 -7.532347e+02 2.710636e+03
<VARIANCE> 6
 8.024387e+02 3.290773e+06 3.570894e+06 2.825459e+04 4.433759e+05 1.938690e+08
<GCONST> 9.014375e+01
<MIXTURE> 11 7.887026e-02
<MEAN> 6
 -1.315588e+00 9.799830e+02 -1.190271e+03 -9.139422e+01 1.283105e+02 1.105110e+03
<VARIANCE> 6
 4.529913e+02 3.561453e+06 5.166078e+06 3.099020e+04 6.688588e+04 4.999102e+07
<GCONST> 8.686597e+01
<MIXTURE> 12 7.002627e-02
<MEAN> 6
 9.218835e+01 -3.433708e+03 1.266830e+00 -1.071091e+01 -2.195809e+01 -2.852346e+02
<VARIANCE> 6
 6.455044e+01 8.250376e+06 1.491179e+06 2.966935e+02 3.907247e+04 4.999102e+07
<GCONST> 7.932878e+01
<MIXTURE> 13 6.639709e-02
<MEAN> 6
 7.346200e+01 -1.164801e+03 -4.862565e+02 -4.248439e+01 -4.527331e+02 -3.183158e+02
<VARIANCE> 6
 3.060070e+02 8.220538e+06 3.024669e+06 1.670799e+04 7.302573e+04 4.999102e+07
<GCONST> 8.624490e+01
<STATE> 3
<NUMMIXES> 13
<MIXTURE> 1 6.326615e-02
<MEAN> 6
 7.629506e+01 -3.724301e+02 9.572001e+02 -5.879041e-01 -3.965522e+00 -1.336586e+00
<VARIANCE> 6
 3.175369e+01 5.577811e+04 5.243137e+05 2.966935e+02 3.907247e+04 4.999102e+07
<GCONST> 7.257748e+01
<MIXTURE> 2 9.563807e-02
<MEAN> 6
 6.447865e+01 3.070535e+02 -8.868728e+02 -4.681056e-01 -3.497946e+00 -7.946735e+01
<VARIANCE> 6
 4.946983e+01 5.728069e+05 1.015525e+05 2.966935e+02 3.907247e+04 4.999102e+07
<GCONST> 7.370849e+01
<MIXTURE> 3 7.666971e-02
<MEAN> 6
 5.937650e+01 2.262303e+03 -2.745723e+02 4.585841e-01 -3.957238e+00 -1.714296e+02
<VARIANCE> 6
 3.175369e+01 1.762090e+05 1.374649e+04 2.966935e+02 3.907247e+04 4.999102e+07
<GCONST> 7.008646e+01
<MIXTURE> 4 8.839012e-02
<MEAN> 6
 5.751118e+01 4.146012e+02 -3.035101e+03 -6.841362e-02 -3.449499e+00 -9.741450e+01
<VARIANCE> 6
 3.175369e+01 5.841343e+04 1.875143e+06 2.966935e+02 3.907247e+04 4.999102e+07
<GCONST> 7.389799e+01
<MIXTURE> 5 4.953882e-02
<MEAN> 6
 8.821001e+01 -1.576783e+03 3.918626e+02 -4.042588e-01 -5.502603e+00 -1.025921e+02
<VARIANCE> 6
 3.175369e+01 1.966535e+05 2.952688e+04 2.966935e+02 3.907247e+04 4.999102e+07
<GCONST> 7.096075e+01
<MIXTURE> 6 5.399533e-02
<MEAN> 6
 7.518159e+01 1.333377e+03 -1.594262e+03 -1.350513e+00 -4.158344e+00 -1.643467e+02
<VARIANCE> 6
 3.175369e+01 9.261476e+04 3.124812e+05 2.966935e+02 3.907247e+04 4.999102e+07
<GCONST> 7.256700e+01
<MIXTURE> 7 9.788240e-02
<MEAN> 6
 6.874921e+01 -1.935102e+03 -1.040308e+02 -5.026127e-01 -5.980195e-01 -9.192021e+01
<VARIANCE> 6
 3.175369e+01 3.648836e+05 1.961155e+05 2.966935e+02 3.907247e+04 4.999102e+07
<GCONST> 7.347229e+01
<MIXTURE> 8 1.144883e-01
<MEAN> 6
 8.326887e+01 -8.024252e+02 1.891332e+02 -4.486516e-01 -2.100144e+00 -1.071992e+02
<VARIANCE> 6
 3.175369e+01 1.457332e+04 1.823924e+04 2.966935e+02 3.907247e+04 4.999102e+07
<GCONST> 6.787678e+01
<MIXTURE> 9 8.868170e-02
<MEAN> 6
 7.481223e+01 5.755404e+01 -2.039360e+03 -1.558421e+00 -1.537045e+00 -9.002599e+01
<VARIANCE> 6
 1.146702e+02 5.650901e+04 7.931927e+04 2.966935e+02 3.907247e+04 4.999102e+07
<GCONST> 7.198594e+01
<MIXTURE> 10 5.050330e-02
<MEAN> 6
 8.046059e+01 -5.828745e+02 -3.025311e+01 -1.765871e-01 -6.262716e+00 -4.658038e+01
<VARIANCE> 6
 3.175369e+01 2.843923e+04 1.374649e+04 2.966935e+02 3.907247e+04 4.999102e+07
<GCONST> 6.826256e+01
<MIXTURE> 11 5.769223e-02
<MEAN> 6
 5.827490e+01 -2.209454e+03 -3.642832e+02 7.552886e-02 -4.893513e+00 -1.108144e+02
<VARIANCE> 6
 3.178463e+01 1.498950e+05 2.033542e+04 2.966935e+02 3.907247e+04 4.999102e+07
<GCONST> 7.031728e+01
<MIXTURE> 12 9.577730e-02
<MEAN> 6
 6.141996e+01 6.458547e+02 -1.134656e+03 -6.247954e-01 -4.392973e+00 -9.308692e+01
<VARIANCE> 6
 3.175369e+01 5.843519e+05 1.492308e+05 2.966935e+02 3.907247e+04 4.999102e+07
<GCONST> 7.367001e+01
<MIXTURE> 13 6.740373e-02
<MEAN> 6
 7.321027e+01 -5.001251e+02 7.296297e+02 -8.078432e-01 -2.852747e+00 -2.926814e+01
<VARIANCE> 6
 3.175369e+01 3.688624e+04 8.632761e+05 2.966935e+02 3.907247e+04 4.999102e+07
<GCONST> 7.266258e+01
<STATE> 4
<NUMMIXES> 13
<MIXTURE> 1 6.321181e-02
<MEAN> 6
 6.897526e+01 7.057852e+02 1.087875e+02 -3.556522e-01 -6.121651e+00 -1.603280e+02
<VARIANCE> 6
 3.175369e+01 2.340752e+05 1.374649e+04 2.966935e+02 3.907247e+04 4.999102e+07
<GCONST> 7.037044e+01
<MIXTURE> 2 1.212806e-01
<MEAN> 6
 6.831197e+01 4.865566e+02 -2.434529e+02 4.834044e-01 -6.369419e+00 -1.472388e+02
<VARIANCE> 6
 3.175369e+01 1.769979e+04 1.374649e+04 2.966935e+02 3.907247e+04 4.999102e+07
<GCONST> 6.778835e+01
<MIXTURE> 3 8.391221e-02
<MEAN> 6
 5.818517e+01 5.731570e+02 5.319562e+01 4.617689e-01 2.863214e+00 -8.581144e+01
<VARIANCE> 6
 3.175369e+01 4.585923e+04 1.374649e+04 2.966935e+02 3.907247e+04 4.999102e+07
<GCONST> 6.874037e+01
<MIXTURE> 4 8.277388e-02
<MEAN> 6
 7.052864e+01 2.200035e+02 2.590123e+02 -6.662465e-01 -4.359576e+00 -8.445614e+01
<VARIANCE> 6
 3.175369e+01 4.100234e+04 4.176405e+05 2.966935e+02 3.907247e+04 4.999102e+07
<GCONST> 7.204226e+01
<MIXTURE> 5 6.663644e-02
<MEAN> 6
 6.169319e+01 3.887880e+01 -1.100919e+02 -5.639763e-02 -5.003992e+00 -1.571868e+02
<VARIANCE> 6
 3.175369e+01 1.457332e+04 1.374649e+04 2.966935e+02 3.907247e+04 4.999102e+07
<GCONST> 6.759399e+01
<MIXTURE> 6 8.331751e-02
<MEAN> 6
 7.280935e+01 6.147637e+02 3.288408e+02 -5.881461e-01 -3.998435e+00 -5.050083e+01
<VARIANCE> 6
 3.175369e+01 3.172444e+04 1.374649e+04 2.966935e+02 3.907247e+04 4.999102e+07
<GCONST> 6.837188e+01
<MIXTURE> 7 6.440987e-02
<MEAN> 6
 7.338845e+01 2.870707e+02 -6.582520e+02 -6.054395e-01 -5.046379e+00 -9.944142e+01
<VARIANCE> 6
 3.175369e+01 4.960144e+04 2.894769e+04 2.966935e+02 3.907247e+04 4.999102e+07
<GCONST> 6.956352e+01
<MIXTURE> 8 9.816539e-02
<MEAN> 6
 6.675651e+01 4.404756e+01 2.069602e+02 -2.577693e-01 -4.330392e+00 -1.191560e+02
<VARIANCE> 6
 3.175369e+01 4.942114e+04 1.641556e+04 2.966935e+02 3.907247e+04 4.999102e+07
<GCONST> 6.899261e+01
<MIXTURE> 9 6.779660e-02
<MEAN> 6
 6.900917e+01 9.233347e+02 6.463621e+01 -6.512362e-01 -6.988198e+00 -1.454073e+02
<VARIANCE> 6
 3.175369e+01 3.470372e+05 1.374649e+04 2.966935e+02 3.907247e+04 4.999102e+07
<GCONST> 7.076422e+01
<MIXTURE> 10 4.639891e-02
<MEAN> 6
 5.969692e+01 -2.646344e+02 -1.781977e+02 -2.075038e-02 -1.606913e+00 -1.251665e+02
<VARIANCE> 6
 3.175369e+01 4.693046e+04 1.374649e+04 2.966935e+02 3.907247e+04 4.999102e+07
<GCONST> 6.876346e+01
<MIXTURE> 11 8.942425e-02
<MEAN> 6
 6.768469e+01 -3.805064e+02 2.213548e+02 -4.111840e-01 -6.446595e+00 -7.274123e+01
<VARIANCE> 6
 3.175369e+01 1.457332e+04 3.063593e+04 2.966935e+02 3.907247e+04 4.999102e+07
<GCONST> 6.839538e+01
<MIXTURE> 12 6.549420e-02
<MEAN> 6
 7.275015e+01 1.582777e+02 -5.993307e+02 -7.279733e-01 -6.109563e+00 -1.319541e+02
<VARIANCE> 6
 3.175369e+01 4.691589e+04 1.771679e+04 2.966935e+02 3.907247e+04 4.999102e+07
<GCONST> 6.901688e+01
<MIXTURE> 13 6.704383e-02
<MEAN> 6
 5.983788e+01 1.064602e+01 -1.585434e+02 1.322718e-01 -4.983176e+00 -1.749411e+02
<VARIANCE> 6
 3.175369e+01 1.457332e+04 1.374649e+04 2.966935e+02 3.907247e+04 4.999102e+07
<GCONST> 6.759399e+01
<STATE> 5
<NUMMIXES> 13
<MIXTURE> 1 9.474131e-02
<MEAN> 6
 8.268719e+01 2.342068e+02 1.363015e+02 -4.500093e+00 -3.759481e+01 7.553226e+01
<VARIANCE> 6
 1.895294e+02 9.463678e+05 1.189355e+06 2.966935e+02 3.907247e+04 4.999102e+07
<GCONST> 7.801434e+01
<MIXTURE> 2 4.506881e-02
<MEAN> 6
 -9.841511e+00 4.928214e+01 2.134553e+02 -2.117489e+02 5.478548e+02 1.021590e+04
<VARIANCE> 6
 2.063611e+03 2.024583e+06 1.608575e+06 2.508633e+04 2.374215e+06 8.458963e+08
<GCONST> 9.283737e+01
<MIXTURE> 3 6.589813e-02
<MEAN> 6
 -4.286192e+01 1.688986e+02 1.101568e+02 4.386617e+01 1.049266e+03 -1.513673e+02
<VARIANCE> 6
 1.928981e+02 5.822601e+05 3.055353e+05 2.578665e+04 2.248505e+05 1.177944e+08
<GCONST> 8.325917e+01
<MIXTURE> 4 7.048595e-02
<MEAN> 6
 6.061299e+01 3.735476e+01 7.022410e+00 2.765485e+01 -3.925253e+02 -7.047047e+02
<VARIANCE> 6
 2.215960e+02 1.359080e+05 6.997477e+04 1.466067e+04 8.467552e+04 4.999102e+07
<GCONST> 7.807060e+01
<MIXTURE> 5 8.537048e-02
<MEAN> 6
 3.274307e+01 1.927253e+02 2.901773e+00 1.868787e+02 -2.385376e+02 -2.366170e+03
<VARIANCE> 6
 4.398850e+02 6.990045e+05 4.081742e+05 5.511275e+03 7.543451e+04 4.999102e+07
<GCONST> 8.106357e+01
<MIXTURE> 6 9.465258e-02
<MEAN> 6
 -1.974741e+00 1.453166e+01 7.920429e+01 -1.788618e+01 1.163872e+02 -1.098605e+02
<VARIANCE> 6
 3.497628e+02 4.281672e+05 1.982433e+05 3.383011e+04 5.111290e+04 4.999102e+07
<GCONST> 8.104729e+01
<MIXTURE> 7 1.080304e-01
<MEAN> 6
 7.656606e+01 -3.277854e+02 2.104341e+02 2.227754e+00 -8.820226e+02 -1.216369e+03
<VARIANCE> 6
 3.081442e+02 2.209924e+06 5.668742e+05 1.892747e+04 4.056446e+05 1.971056e+08
<GCONST> 8.647504e+01
<MIXTURE> 8 7.177842e-02
<MEAN> 6
 -5.470977e+01 5.915533e+01 1.906772e+01 1.836493e+01 2.964315e+02 -4.965253e+01
<VARIANCE> 6
 1.679327e+02 3.242841e+05 6.392611e+05 9.136438e+02 8.208067e+04 4.999102e+07
<GCONST> 7.806852e+01
<MIXTURE> 9 7.195196e-02
<MEAN> 6
 7.494524e+01 -2.094164e+02 4.746048e+01 -4.204104e+00 -4.552804e+01 -1.083199e+02
<VARIANCE> 6
 1.207008e+02 6.284642e+05 9.268199e+04 2.966935e+02 3.907247e+04 4.999102e+07
<GCONST> 7.460177e+01
<MIXTURE> 10 8.793481e-02
<MEAN> 6
 -1.345065e+01 8.170573e+00 1.244967e+01 7.516497e+00 2.267427e+02 -1.338702e+03
<VARIANCE> 6
 2.868498e+02 1.883331e+05 4.134862e+04 3.505169e+04 1.621619e+05 1.277507e+08
<GCONST> 8.058850e+01
<MIXTURE> 11 6.061108e-02
<MEAN> 6
 2.659743e+01 -1.593781e+02 5.987527e+01 -8.851085e+01 -2.409622e+02 1.807960e+03
<VARIANCE> 6
 8.261105e+02 1.664068e+06 2.299680e+06 3.801446e+04 1.448500e+05 5.046400e+07
<GCONST> 8.688300e+01
<MIXTURE> 12 7.644831e-02
<MEAN> 6
 5.611502e+01 -8.003667e+01 1.857612e+01 -8.763727e+01 -5.963734e+02 1.757020e+03
<VARIANCE> 6
 3.246052e+02 3.400669e+05 6.675003e+04 2.201847e+04 1.463160e+05 4.999102e+07
<GCONST> 8.027599e+01
<MIXTURE> 13 6.586399e-02
<MEAN> 6
 -4.764814e+01 -7.103152e+01 -7.420314e+01 1.845880e+01 9.902432e+02 -2.350634e+03
<VARIANCE> 6
 2.024056e+02 5.555601e+05 3.584405e+05 1.884041e+04 2.378648e+05 1.402993e+08
<GCONST> 8.333730e+01
<TRANSP> 6
 0.000000e+00 1.000000e+00 0.000000e+00 0.000000e+00 0.000000e+00 0.000000e+00
 0.000000e+00 9.997575e-01 2.425188e-04 0.000000e+00 0.000000e+00 0.000000e+00
 0.000000e+00 0.000000e+00 9.994709e-01 5.290352e-04 0.000000e+00 0.000000e+00
 0.000000e+00 0.000000e+00 0.000000e+00 9.995533e-01 4.467520e-04 0.000000e+00
 0.000000e+00 0.000000e+00 0.000000e+00 0.000000e+00 9.999475e-01 5.253958e-05
 0.000000e+00 0.000000e+00 0.000000e+00 0.000000e+00 0.000000e+00 0.000000e+00
<ENDHMM>
~h "QuintoPRIMARIA"
<BEGINHMM>
<NUMSTATES> 6
<STATE> 2
<NUMMIXES> 13
<MIXTURE> 1 9.500460e-02
<MEAN> 6
 7.944401e+01 6.325262e+01 -2.035741e+02 -5.511736e+00 -2.079848e+01 -2.057606e+02
<VARIANCE> 6
 1.919111e+02 3.295346e+05 1.227797e+05 2.966935e+02 3.907247e+04 4.999102e+07
<GCONST> 7.470110e+01
<MIXTURE> 2 2.587912e-02
<MEAN> 6
 1.538363e+01 -1.628668e+02 -2.123136e+02 -5.396999e+01 -1.335244e+02 3.474351e+03
<VARIANCE> 6
 2.113293e+03 8.196418e+05 2.045161e+06 8.719199e+04 2.645769e+06 1.351303e+09
<GCONST> 9.401955e+01
<MIXTURE> 3 6.205598e-02
<MEAN> 6
 4.011433e+01 4.472400e+01 6.614367e+01 1.880049e+02 -1.776992e+02 -8.680219e+02
<VARIANCE> 6
 6.084161e+02 6.829476e+04 5.051894e+04 5.484439e+03 1.556722e+05 5.674216e+07
<GCONST> 7.781902e+01
<MIXTURE> 4 1.201281e-01
<MEAN> 6
 -3.021594e+01 -4.093166e+01 4.740552e+01 1.042095e+02 6.874094e+02 -2.336419e+03
<VARIANCE> 6
 3.933332e+02 1.069275e+05 1.590587e+05 1.786044e+04 1.603839e+05 5.375859e+07
<GCONST> 8.013454e+01
<MIXTURE> 5 7.547602e-02
<MEAN> 6
 7.481003e+01 2.283118e+01 1.779572e+01 -7.037849e+01 -5.743550e+02 -7.103625e+02
<VARIANCE> 6
 2.444179e+02 5.329509e+04 4.376182e+04 5.982483e+03 1.454355e+05 4.999102e+07
<GCONST> 7.640769e+01
<MIXTURE> 6 7.888354e-02
<MEAN> 6
 8.514278e+01 1.195582e+02 1.775680e+01 2.586756e+01 -1.126508e+03 -7.276316e+02
<VARIANCE> 6
 2.943342e+02 2.338957e+05 8.157294e+04 2.176711e+04 8.228685e+05 4.449536e+08
<GCONST> 8.390605e+01
<MIXTURE> 7 9.452713e-02
<MEAN> 6
 -4.918622e+01 -2.602918e+01 -1.691493e+01 1.907881e+01 2.537520e+02 2.220429e+02
<VARIANCE> 6
 2.197067e+02 7.036901e+04 7.483533e+04 8.835017e+02 8.052610e+04 4.999102e+07
<GCONST> 7.461169e+01
<MIXTURE> 8 7.084602e-02
<MEAN> 6
 7.082200e+01 2.361436e+01 1.714592e+02 -2.702710e+00 -3.449009e+01 -3.343499e+02
<VARIANCE> 6
 1.311120e+02 2.620711e+04 6.948267e+04 2.966935e+02 3.907247e+04 4.999102e+07
<GCONST> 7.121916e+01
<MIXTURE> 9 6.369518e-02
<MEAN> 6
 5.116207e+01 -7.886212e-01 -1.492931e+02 -3.639308e+01 -4.708991e+02 4.256885e+02
<VARIANCE> 6
 4.861659e+02 2.241780e+05 3.277060e+05 3.301531e+04 1.751894e+05 4.999102e+07
<GCONST> 8.243959e+01
<MIXTURE> 10 7.716265e-02
<MEAN> 6
 -4.392434e+01 -8.637552e+01 -7.244432e+00 -7.808724e+01 1.376500e+03 1.774429e+03
<VARIANCE> 6
 2.857377e+02 8.355242e+04 1.049926e+05 3.119217e+04 5.682069e+05 5.014978e+08
<GCONST> 8.320848e+01
<MIXTURE> 11 1.045951e-01
<MEAN> 6
 1.144661e+01 1.308101e+00 -4.286305e+01 -2.275802e+02 -1.197026e+02 4.068841e+03
<VARIANCE> 6
 6.067518e+02 4.283732e+04 8.989869e+04 5.611088e+03 3.650646e+05 1.723199e+08
<GCONST> 7.991219e+01
<MIXTURE> 12 6.882624e-02
<MEAN> 6
 6.041565e+01 -6.305379e+01 6.746896e+01 6.241813e-02 -2.282191e+01 -1.923311e+02
<VARIANCE> 6
 4.725574e+01 2.649751e+04 1.588225e+05 2.966935e+02 3.907247e+04 4.999102e+07
<GCONST> 7.103641e+01
<MIXTURE> 13 6.242619e-02
<MEAN> 6
 3.377827e+01 -6.357756e+01 1.079290e+00 1.955023e+02 -2.846073e+02 -3.215995e+03
<VARIANCE> 6
 6.401722e+02 6.928609e+04 5.662333e+04 6.487147e+03 1.815014e+05 6.912931e+07
<GCONST> 7.851726e+01
<STATE> 3
<NUMMIXES> 13
<MIXTURE> 1 4.735175e-02
<MEAN> 6
 1.092187e+02 2.877207e+03 -5.783933e+02 -4.886453e+00 6.906644e+00 2.125205e+01
<VARIANCE> 6
 2.553741e+02 8.113772e+05 3.772299e+04 2.966935e+02 3.907247e+04 4.999102e+07
<GCONST> 7.470773e+01
<MIXTURE> 2 8.126870e-02
<MEAN> 6
 6.642677e+01 -1.998126e+03 -5.131270e+03 7.255453e-01 -7.289544e+00 -1.186410e+02
<VARIANCE> 6
 3.175369e+01 5.184813e+05 6.853352e+06 2.966935e+02 3.907247e+04 4.999102e+07
<GCONST> 7.737740e+01
<MIXTURE> 3 1.029704e-01
<MEAN> 6
 7.688101e+01 2.924154e+02 3.811587e+03 9.239182e-02 -2.199852e+00 -1.087733e+02
<VARIANCE> 6
 8.890992e+01 8.293807e+04 1.663970e+05 2.966935e+02 3.907247e+04 4.999102e+07
<GCONST> 7.285609e+01
<MIXTURE> 4 1.137661e-01
<MEAN> 6
 6.548462e+01 1.248820e+03 -8.504109e+02 6.879275e-02 -2.602958e+00 -8.082227e+01
<VARIANCE> 6
 3.175369e+01 5.704320e+04 1.952200e+05 2.966935e+02 3.907247e+04 4.999102e+07
<GCONST> 7.161195e+01
<MIXTURE> 5 5.753053e-02
<MEAN> 6
 6.676549e+01 1.231698e+03 1.476251e+03 2.020825e-01 -2.231320e+00 -1.052948e+02
<VARIANCE> 6
 9.671468e+01 4.553902e+05 1.391114e+05 2.966935e+02 3.907247e+04 4.999102e+07
<GCONST> 7.446420e+01
<MIXTURE> 6 1.101645e-01
<MEAN> 6
 7.831559e+01 -4.925135e+02 1.593578e+03 -6.021724e-01 -3.552673e+00 -7.956832e+01
<VARIANCE> 6
 3.175369e+01 2.528441e+04 4.257647e+05 2.966935e+02 3.907247e+04 4.999102e+07
<GCONST> 7.157809e+01
<MIXTURE> 7 9.891043e-02
<MEAN> 6
 6.008874e+01 4.551469e+02 -2.675134e+03 1.248103e-02 -5.618642e+00 -1.094281e+02
<VARIANCE> 6
 3.175369e+01 8.163338e+04 1.240421e+06 2.966935e+02 3.907247e+04 4.999102e+07
<GCONST> 7.381945e+01
<MIXTURE> 8 9.186105e-02
<MEAN> 6
 5.881157e+01 -1.157779e+03 1.753389e+02 -2.377322e-01 -3.082706e+00 -1.156057e+02
<VARIANCE> 6
 1.280371e+02 2.289588e+04 1.752287e+05 2.966935e+02 3.907247e+04 4.999102e+07
<GCONST> 7.198537e+01
<MIXTURE> 9 4.328845e-02
<MEAN> 6
 6.110589e+01 2.801972e+01 -6.742481e+03 3.621112e+00 -9.456738e+00 -4.408958e+00
<VARIANCE> 6
 4.015704e+01 4.611309e+04 5.218334e+06 2.966935e+02 3.907247e+04 4.999102e+07
<GCONST> 7.491983e+01
<MIXTURE> 10 8.350715e-02
<MEAN> 6
 6.462569e+01 -5.395616e+02 -1.470207e+03 1.116109e+00 -2.001585e+00 -7.351496e+01
<VARIANCE> 6
 4.014098e+01 3.893319e+04 4.524617e+04 2.966935e+02 3.907247e+04 4.999102e+07
<GCONST> 7.000236e+01
<MIXTURE> 11 7.845299e-02
<MEAN> 6
 6.097540e+01 3.763640e+02 -2.609283e+03 4.214732e-01 -6.789704e+00 -1.280236e+02
<VARIANCE> 6
 3.175369e+01 1.003807e+05 1.063490e+06 2.966935e+02 3.907247e+04 4.999102e+07
<GCONST> 7.387228e+01
<MIXTURE> 12 3.351701e-02
<MEAN> 6
 5.713198e+01 -8.771492e+03 -1.989367e+03 -4.924508e-01 -5.146268e+00 -6.823838e+01
<VARIANCE> 6
 3.175369e+01 2.118496e+07 3.227915e+04 2.966935e+02 3.907247e+04 4.999102e+07
<GCONST> 7.572948e+01
<MIXTURE> 13 5.737237e-02
<MEAN> 6
 5.982444e+01 8.866494e+02 1.587297e+03 6.427709e-01 -3.053594e+00 -9.611435e+01
<VARIANCE> 6
 1.438928e+02 3.720689e+05 1.413394e+05 2.966935e+02 3.907247e+04 4.999102e+07
<GCONST> 7.467531e+01
<STATE> 4
<NUMMIXES> 13
<MIXTURE> 1 1.112072e-01
<MEAN> 6
 1.001721e+02 5.699924e+02 -5.741094e+01 -5.747380e+00 -6.720707e-01 9.567570e+01
<VARIANCE> 6
 3.525014e+01 5.406962e+05 8.541365e+04 2.966935e+02 3.907247e+04 4.999102e+07
<GCONST> 7.313883e+01
<MIXTURE> 2 1.057902e-01
<MEAN> 6
 7.668137e+01 6.766222e+01 3.272228e+02 -3.762905e+00 3.570563e+00 -2.864992e+01
<VARIANCE> 6
 1.552929e+02 1.479971e+05 2.741221e+04 2.966935e+02 3.907247e+04 4.999102e+07
<GCONST> 7.218949e+01
<MIXTURE> 3 5.102280e-02
<MEAN> 6
 8.834019e+01 3.633196e+02 -1.329411e+03 -1.651451e+00 -1.200203e+00 -4.189043e+01
<VARIANCE> 6
 3.175369e+01 4.034499e+04 1.371765e+05 2.966935e+02 3.907247e+04 4.999102e+07
<GCONST> 7.091274e+01
<MIXTURE> 4 6.817802e-02
<MEAN> 6
 8.597571e+01 -9.867118e+00 6.990184e+01 -4.123397e+00 5.074807e+00 5.031189e+01
<VARIANCE> 6
 3.175369e+01 2.388561e+04 1.374649e+04 2.966935e+02 3.907247e+04 4.999102e+07
<GCONST> 6.808807e+01
<MIXTURE> 5 1.083681e-01
<MEAN> 6
 7.549196e+01 -6.104884e+02 1.294252e+02 -1.171943e+00 -2.993231e-01 -1.170241e+02
<VARIANCE> 6
 3.175369e+01 3.051598e+04 2.147318e+04 2.966935e+02 3.907247e+04 4.999102e+07
<GCONST> 6.877906e+01
<MIXTURE> 6 7.701843e-02
<MEAN> 6
 6.317467e+01 5.299986e+01 -9.387522e+01 -1.517514e+00 2.711265e+00 -1.430455e+01
<VARIANCE> 6
 3.175369e+01 1.457332e+04 7.171333e+04 2.966935e+02 3.907247e+04 4.999102e+07
<GCONST> 6.924588e+01
<MIXTURE> 7 8.683643e-02
<MEAN> 6
 8.504239e+01 2.404518e+02 -2.348845e+02 -1.174684e+00 -2.736378e+00 -7.582046e+01
<VARIANCE> 6
 3.175369e+01 1.054263e+05 1.374649e+04 2.966935e+02 3.907247e+04 4.999102e+07
<GCONST> 6.957281e+01
<MIXTURE> 8 5.527762e-02
<MEAN> 6
 6.659764e+01 -1.364400e+02 -2.192300e+02 -7.338200e-01 8.337951e-01 -1.807990e+01
<VARIANCE> 6
 3.175369e+01 8.158813e+04 7.424737e+04 2.966935e+02 3.907247e+04 4.999102e+07
<GCONST> 7.100310e+01
<MIXTURE> 9 7.553697e-02
<MEAN> 6
 8.512749e+01 -7.074491e+01 -1.831848e+02 -1.730580e+00 8.861641e-01 -4.369895e+01
<VARIANCE> 6
 3.175369e+01 2.825035e+04 5.941681e+04 2.966935e+02 3.907247e+04 4.999102e+07
<GCONST> 6.971969e+01
<MIXTURE> 10 5.054139e-02
<MEAN> 6
 8.349890e+01 -2.452081e+02 -2.362713e+02 -3.455534e+00 -1.250836e+00 -2.399855e+01
<VARIANCE> 6
 3.175369e+01 2.267837e+05 5.523139e+04 2.966935e+02 3.907247e+04 4.999102e+07
<GCONST> 7.172954e+01
<MIXTURE> 11 8.221639e-02
<MEAN> 6
 6.343853e+01 3.677623e+01 -3.128065e+02 -1.557037e+00 6.421577e-01 -2.714071e+01
<VARIANCE> 6
 3.175369e+01 1.457332e+04 9.320502e+04 2.966935e+02 3.907247e+04 4.999102e+07
<GCONST> 6.950800e+01
<MIXTURE> 12 7.217655e-02
<MEAN> 6
 8.568624e+01 -9.970242e+01 6.706194e+01 -4.279279e+00 5.605945e+00 4.086784e+01
<VARIANCE> 6
 3.175369e+01 3.055861e+04 1.374649e+04 2.966935e+02 3.907247e+04 4.999102e+07
<GCONST> 6.833443e+01
<MIXTURE> 13 5.568263e-02
<MEAN> 6
 6.623774e+01 -2.253260e+02 -2.562934e+02 -7.413826e-01 -3.429168e+00 -2.799013e+01
<VARIANCE> 6
 3.175369e+01 5.660405e+04 6.952363e+04 2.966935e+02 3.907247e+04 4.999102e+07
<GCONST> 7.057175e+01
<STATE> 5
<NUMMIXES> 13
<MIXTURE> 1 8.976267e-02
<MEAN> 6
 8.276162e+01 2.155060e+02 1.107110e+03 -3.865191e+00 -1.697393e+01 -4.683415e+01
<VARIANCE> 6
 1.905630e+02 4.148138e+06 3.190116e+06 2.966935e+02 3.907247e+04 4.999102e+07
<GCONST> 8.048421e+01
<MIXTURE> 2 1.137284e-02
<MEAN> 6
 -5.519786e+00 1.811354e+02 7.420626e+01 3.729831e+01 -1.523194e+02 8.693255e+02
<VARIANCE> 6
 1.303131e+04 1.682590e+05 3.830650e+05 2.312426e+06 1.294017e+09 1.910656e+12
<GCONST> 1.093049e+02
<MIXTURE> 3 9.625611e-02
<MEAN> 6
 3.840156e+01 3.523626e+02 -2.132740e+02 -1.031760e+02 -4.448367e+02 4.769768e+03
<VARIANCE> 6
 1.586857e+03 2.675690e+06 9.311296e+06 5.195225e+04 6.530857e+05 2.343881e+08
<GCONST> 9.276327e+01
<MIXTURE> 4 1.000152e-01
<MEAN> 6
 -4.000667e+01 -1.537484e+02 1.566272e+02 1.411159e+02 7.143430e+02 -2.211770e+03
<VARIANCE> 6
 3.490770e+02 1.347506e+06 1.162074e+06 1.493672e+04 1.427151e+05 4.999102e+07
<GCONST> 8.416958e+01
<MIXTURE> 5 8.527388e-02
<MEAN> 6
 8.093885e+01 3.135907e+02 2.203773e+02 1.014604e+01 -4.844388e+02 -1.236557e+03
<VARIANCE> 6
 1.957987e+02 8.285176e+05 1.245342e+06 1.227616e+04 2.478696e+05 1.019359e+08
<GCONST> 8.424258e+01
<MIXTURE> 6 6.007253e-02
<MEAN> 6
 1.952307e+01 -1.029900e+02 -2.309778e+02 -4.777480e+01 -1.243473e+02 1.190965e+03
<VARIANCE> 6
 5.268355e+03 2.990515e+06 1.609877e+06 5.607430e+04 4.612287e+06 2.893797e+09
<GCONST> 9.686387e+01
<MIXTURE> 7 7.287090e-02
<MEAN> 6
 2.584882e+01 -1.734262e+02 4.347248e+02 7.673218e+01 -1.337827e+02 -6.271828e+02
<VARIANCE> 6
 5.917824e+02 3.931579e+05 1.471854e+06 4.091207e+04 1.355912e+05 4.999102e+07
<GCONST> 8.465834e+01
<MIXTURE> 8 7.577761e-02
<MEAN> 6
 9.472886e+01 5.298065e+02 1.259636e+02 -5.217026e+00 -2.478181e+01 -7.733347e+01
<VARIANCE> 6
 9.471121e+01 1.678305e+05 2.487635e+06 2.966935e+02 3.907247e+04 4.999102e+07
<GCONST> 7.632887e+01
<MIXTURE> 9 8.394781e-02
<MEAN> 6
 -6.678658e+01 1.338861e+02 -4.731907e+01 5.258231e+00 2.079117e+02 3.992209e+02
<VARIANCE> 6
 1.888753e+02 9.020572e+05 1.746921e+06 8.048649e+02 8.423502e+04 4.999102e+07
<GCONST> 8.011354e+01
<MIXTURE> 10 9.322801e-02
<MEAN> 6
 7.462766e+01 -1.190993e+02 3.647565e+01 -2.366007e-01 -1.737170e+01 -2.044926e+02
<VARIANCE> 6
 1.820795e+02 3.526415e+05 6.066021e+05 2.966935e+02 3.907247e+04 4.999102e+07
<GCONST> 7.631377e+01
<MIXTURE> 11 8.158606e-02
<MEAN> 6
 -5.332061e+01 -2.653038e+02 -1.844505e+02 -8.224705e+01 1.205515e+03 1.240056e+03
<VARIANCE> 6
 2.864778e+02 4.430952e+05 2.964390e+06 2.587558e+04 6.463113e+05 3.441097e+08
<GCONST> 8.778521e+01
<MIXTURE> 12 7.797815e-02
<MEAN> 6
 6.821305e+01 -2.464655e+02 -1.582190e+02 -3.589571e+01 -8.407589e+02 -7.687679e+02
<VARIANCE> 6
 2.988688e+02 6.984417e+05 8.879922e+05 3.185505e+04 2.642198e+05 9.448894e+07
<GCONST> 8.509807e+01
<MIXTURE> 13 7.110607e-02
<MEAN> 6
 1.586991e+01 -3.595109e+02 2.266488e+01 2.959632e+01 -1.798979e+02 -2.740071e+03
<VARIANCE> 6
 5.839865e+02 4.557567e+05 1.325216e+06 5.674509e+04 1.509429e+05 6.660706e+07
<GCONST> 8.540924e+01
<TRANSP> 6
 0.000000e+00 1.000000e+00 0.000000e+00 0.000000e+00 0.000000e+00 0.000000e+00
 0.000000e+00 9.999030e-01 9.703957e-05 0.000000e+00 0.000000e+00 0.000000e+00
 0.000000e+00 0.000000e+00 9.994016e-01 5.984746e-04 0.000000e+00 0.000000e+00
 0.000000e+00 0.000000e+00 0.000000e+00 9.995198e-01 4.801930e-04 0.000000e+00
 0.000000e+00 0.000000e+00 0.000000e+00 0.000000e+00 9.999278e-01 7.220053e-05
 0.000000e+00 0.000000e+00 0.000000e+00 0.000000e+00 0.000000e+00 0.000000e+00
<ENDHMM>
