~o
<STREAMINFO> 1 6
<VECSIZE> 6<NULLD><USER><DIAGC>
~h "SegundoPRIMARIA"
<BEGINHMM>
<NUMSTATES> 3
<STATE> 2
<NUMMIXES> 10
<MIXTURE> 1 4.839584e-03
<MEAN> 6
 2.410005e+01 -3.128409e+02 5.185855e+00 1.922443e+01 -8.467010e+02 4.318695e+03
<VARIANCE> 6
 9.205200e+03 7.024581e+05 8.791652e+05 1.128596e+06 5.994785e+08 8.641803e+11
<GCONST> 1.089370e+02
<MIXTURE> 2 1.143301e-01
<MEAN> 6
 8.806908e+01 1.309158e+02 8.954483e+01 -2.946603e+00 -1.652212e+01 -1.608352e+02
<VARIANCE> 6
 4.412877e+02 1.789497e+06 1.727219e+06 2.974921e+02 3.970494e+04 5.102170e+07
<GCONST> 7.990881e+01
<MIXTURE> 3 7.423318e-02
<MEAN> 6
 2.928809e+01 -1.052686e+02 -1.768712e+01 -4.825212e+01 -2.210443e+00 2.921743e+03
<VARIANCE> 6
 5.173523e+03 7.749453e+06 2.200429e+06 5.814588e+04 3.770200e+06 1.815709e+09
<GCONST> 9.747896e+01
<MIXTURE> 4 9.127108e-02
<MEAN> 6
 1.370811e+01 5.154560e+01 -1.402444e+00 2.325559e+02 1.327651e+02 -3.110387e+03
<VARIANCE> 6
 9.947573e+02 2.259915e+05 1.349716e+05 6.980402e+03 1.677476e+05 5.102170e+07
<GCONST> 8.069968e+01
<MIXTURE> 5 5.657375e-02
<MEAN> 6
 -5.781149e+01 5.050852e+01 -5.191120e+01 1.904892e+00 1.625023e+02 3.106900e+02
<VARIANCE> 6
 2.745352e+02 2.453906e+05 3.796292e+05 4.640573e+02 4.970786e+04 5.102170e+07
<GCONST> 7.660159e+01
<MIXTURE> 6 1.464753e-01
<MEAN> 6
 7.480685e+01 -2.337368e+01 9.743825e+01 -2.454615e+01 -6.257114e+02 -6.005935e+02
<VARIANCE> 6
 6.609031e+02 2.105075e+05 4.007780e+05 3.221068e+04 2.198010e+05 6.262706e+07
<GCONST> 8.331255e+01
<MIXTURE> 7 1.722543e-01
<MEAN> 6
 -4.399856e+01 -2.137422e+00 4.886715e+00 -1.109237e+01 9.764816e+02 -5.578586e+02
<VARIANCE> 6
 3.900587e+02 1.791522e+05 1.860965e+05 3.098771e+04 5.011078e+05 2.065041e+08
<GCONST> 8.383533e+01
<MIXTURE> 8 1.354149e-01
<MEAN> 6
 5.859110e+01 -1.665897e+01 3.004924e+01 -8.218787e+01 -6.426622e+02 1.925554e+03
<VARIANCE> 6
 1.752003e+03 1.384596e+05 7.600041e+04 5.945581e+04 1.116124e+06 5.265410e+08
<GCONST> 8.657281e+01
<MIXTURE> 9 1.031873e-01
<MEAN> 6
 8.595887e+01 4.089823e+01 -2.538369e+01 -2.298822e+00 -1.976464e+01 -1.745627e+02
<VARIANCE> 6
 3.115072e+02 2.022646e+05 1.395653e+05 2.974921e+02 3.970494e+04 5.102170e+07
<GCONST> 7.486469e+01
<MIXTURE> 10 9.983965e-02
<MEAN> 6
 7.931439e+01 -1.134386e+02 -2.254031e+02 -1.883444e+00 -1.937637e+01 -1.453331e+02
<VARIANCE> 6
 2.435758e+02 1.835374e+05 1.751857e+05 2.974921e+02 3.970494e+04 5.102170e+07
<GCONST> 7.474884e+01
<TRANSP> 3
 0.000000e+00 1.000000e+00 0.000000e+00
 0.000000e+00 9.999629e-01 3.706657e-05
 0.000000e+00 0.000000e+00 0.000000e+00
<ENDHMM>
~h "SegundoESO"
<BEGINHMM>
<NUMSTATES> 3
<STATE> 2
<NUMMIXES> 10
<MIXTURE> 1 3.286166e-02
<MEAN> 6
 8.546014e+01 -1.222492e+03 6.415763e+02 -4.572427e+00 -2.546547e+01 -1.405948e+02
<VARIANCE> 6
 1.654807e+02 2.281742e+07 2.120197e+07 2.974921e+02 3.970494e+04 5.102170e+07
<GCONST> 8.398114e+01
<MIXTURE> 2 9.815732e-02
<MEAN> 6
 -3.839014e+01 7.220950e+01 6.660545e+01 -2.896339e+01 1.019692e+03 3.182240e+02
<VARIANCE> 6
 3.216369e+02 4.997985e+05 3.897594e+05 3.759770e+04 5.062978e+05 2.878680e+08
<GCONST> 8.594352e+01
<MIXTURE> 3 9.981916e-02
<MEAN> 6
 2.715231e+01 6.429714e+01 -2.022259e+02 -4.210891e+01 -2.413391e+02 1.544143e+03
<VARIANCE> 6
 2.631219e+03 9.470786e+06 4.498216e+06 4.194216e+04 1.143816e+06 3.840037e+08
<GCONST> 9.464546e+01
<MIXTURE> 4 9.204455e-02
<MEAN> 6
 2.951080e+01 2.336539e+02 8.792289e+01 7.898185e+01 -1.454019e+02 -1.220938e+03
<VARIANCE> 6
 7.011824e+02 8.149108e+05 7.407507e+05 2.947943e+04 6.475112e+04 5.102170e+07
<GCONST> 8.382379e+01
<MIXTURE> 5 7.940640e-02
<MEAN> 6
 8.110753e+01 1.332942e+02 -8.822467e+01 -3.663704e+00 -2.343028e+01 -8.698278e+00
<VARIANCE> 6
 1.818496e+02 9.133818e+05 1.489172e+06 2.974921e+02 3.970494e+04 5.102170e+07
<GCONST> 7.820146e+01
<MIXTURE> 6 1.505021e-01
<MEAN> 6
 6.931454e+01 -1.008723e+02 1.146166e+02 -1.181448e+01 -7.135187e+02 -2.106738e+02
<VARIANCE> 6
 2.935358e+02 8.649701e+05 3.775279e+05 2.253825e+04 1.902730e+05 8.304395e+07
<GCONST> 8.363518e+01
<MIXTURE> 7 1.269546e-01
<MEAN> 6
 6.696575e+01 3.623474e+01 -3.012490e+01 -1.238190e+00 -1.978896e+01 -1.032167e+02
<VARIANCE> 6
 6.581399e+01 9.294278e+05 9.482393e+04 2.974921e+02 3.970494e+04 5.102170e+07
<GCONST> 7.444858e+01
<MIXTURE> 8 1.118257e-01
<MEAN> 6
 -5.108521e+01 5.629729e+01 3.229148e+01 3.140266e+01 4.594827e+02 -1.904818e+02
<VARIANCE> 6
 2.155067e+02 5.669852e+05 6.016587e+05 4.519325e+03 1.429927e+05 5.102170e+07
<GCONST> 8.099022e+01
<MIXTURE> 9 1.261224e-01
<MEAN> 6
 8.260093e+00 -1.294315e+01 8.378035e+00 -7.047463e+00 7.417135e+00 3.828524e+01
<VARIANCE> 6
 6.248484e+02 2.597173e+05 1.050001e+05 3.733040e+04 1.079498e+05 5.805332e+07
<GCONST> 8.148770e+01
<MIXTURE> 10 8.003743e-02
<MEAN> 6
 7.691039e+01 5.237543e+00 -3.330829e+02 -2.809348e+00 -2.287479e+01 -6.069979e+01
<VARIANCE> 6
 1.464003e+02 7.449063e+05 1.610235e+06 2.974921e+02 3.970494e+04 5.102170e+07
<GCONST> 7.785889e+01
<TRANSP> 3
 0.000000e+00 1.000000e+00 0.000000e+00
 0.000000e+00 9.999633e-01 3.674271e-05
 0.000000e+00 0.000000e+00 0.000000e+00
<ENDHMM>
~h "QuintoPRIMARIA"
<BEGINHMM>
<NUMSTATES> 3
<STATE> 2
<NUMMIXES> 10
<MIXTURE> 1 1.109859e-01
<MEAN> 6
 7.652670e+01 3.819209e+00 -1.431653e+02 -1.546644e+00 -1.981973e+01 -2.421869e+00
<VARIANCE> 6
 2.550707e+02 3.031232e+06 6.007462e+06 2.974921e+02 3.970494e+04 5.102170e+07
<GCONST> 8.113417e+01
<MIXTURE> 2 7.610748e-03
<MEAN> 6
 1.038352e+01 -1.207982e+03 -9.800912e+01 4.425858e+01 -5.726643e+02 -7.914158e+02
<VARIANCE> 6
 1.188450e+04 1.731548e+07 7.040241e+05 1.782654e+06 9.958162e+08 1.468698e+12
<GCONST> 1.136700e+02
<MIXTURE> 3 8.983510e-02
<MEAN> 6
 -3.874833e+01 -9.688997e+00 1.329919e+02 5.646326e+01 7.276951e+02 -5.979938e+02
<VARIANCE> 6
 4.555518e+02 1.482052e+05 2.069281e+05 2.654488e+04 3.087281e+05 7.831904e+07
<GCONST> 8.229836e+01
<MIXTURE> 4 1.364034e-01
<MEAN> 6
 1.327464e+01 1.343789e+02 2.019142e+02 2.629120e+01 -9.958545e+01 -7.392306e+02
<VARIANCE> 6
 2.792637e+03 1.957177e+06 3.534284e+06 3.634080e+04 4.464482e+05 6.853200e+07
<GCONST> 9.007962e+01
<MIXTURE> 5 8.783959e-02
<MEAN> 6
 6.316563e+00 -6.554254e+01 -6.429526e+01 -8.454336e+01 2.503502e+02 3.566049e+03
<VARIANCE> 6
 3.872751e+03 1.129200e+06 1.048121e+06 4.947439e+04 2.862752e+06 1.221729e+09
<GCONST> 9.368855e+01
<MIXTURE> 6 1.188318e-01
<MEAN> 6
 8.095187e+01 7.556036e+01 -1.278231e+02 -4.215065e+00 -1.779684e+01 -1.626503e+02
<VARIANCE> 6
 2.112214e+02 4.083470e+05 1.491284e+05 2.974921e+02 3.970494e+04 5.102170e+07
<GCONST> 7.524498e+01
<MIXTURE> 7 1.145290e-01
<MEAN> 6
 6.134897e+01 3.563353e+01 -2.502505e+01 2.766381e+01 -5.090883e+02 -6.851451e+02
<VARIANCE> 6
 5.413967e+02 2.207041e+05 1.849773e+05 2.560389e+04 1.724698e+05 5.102170e+07
<GCONST> 8.171022e+01
<MIXTURE> 8 1.274243e-01
<MEAN> 6
 6.994450e+01 -4.601027e+01 3.588741e+01 -1.655096e+00 -1.888997e+01 -1.915283e+02
<VARIANCE> 6
 1.323369e+02 4.050101e+04 1.652674e+05 2.974921e+02 3.970494e+04 5.102170e+07
<GCONST> 7.256940e+01
<MIXTURE> 9 1.125865e-01
<MEAN> 6
 4.067918e+01 -2.148276e+01 -5.359341e+00 -4.573843e+01 -4.539803e+02 2.316510e+02
<VARIANCE> 6
 1.193415e+03 9.269299e+04 9.570948e+04 4.563442e+04 4.856784e+05 1.732860e+08
<GCONST> 8.381013e+01
<MIXTURE> 10 9.193327e-02
<MEAN> 6
 -5.036798e+01 -8.456028e+01 -3.504994e+01 1.709980e+01 5.128994e+02 -5.940909e+02
<VARIANCE> 6
 3.542057e+02 1.602305e+05 2.793808e+05 1.137113e+04 2.108703e+05 6.330209e+07
<GCONST> 8.098309e+01
<TRANSP> 3
 0.000000e+00 1.000000e+00 0.000000e+00
 0.000000e+00 9.999641e-01 3.591153e-05
 0.000000e+00 0.000000e+00 0.000000e+00
<ENDHMM>
