~o
<STREAMINFO> 1 6
<VECSIZE> 6<NULLD><USER><DIAGC>
~h "SegundoPRIMARIA"
<BEGINHMM>
<NUMSTATES> 3
<STATE> 2
<NUMMIXES> 15
<MIXTURE> 1 2.889637e-03
<MEAN> 6
 2.992137e+00 -2.799586e+02 5.144899e+01 -4.978940e+01 -1.740440e+02 1.363240e+04
<VARIANCE> 6
 8.282394e+03 7.614549e+05 1.385151e+06 1.290582e+06 6.987051e+08 1.066754e+12
<GCONST> 1.098644e+02
<MIXTURE> 2 5.368162e-02
<MEAN> 6
 -2.453970e+01 7.812607e+01 3.223988e+01 1.959070e+02 5.948000e+02 -3.012193e+03
<VARIANCE> 6
 4.347243e+02 3.295198e+05 2.150331e+05 6.187117e+03 1.465490e+05 4.848019e+07
<GCONST> 8.040792e+01
<MIXTURE> 3 2.728348e-02
<MEAN> 6
 5.934656e+01 2.071365e+02 -1.552235e+02 -1.069964e-01 -8.814346e+02 3.501203e+03
<VARIANCE> 6
 4.296677e+03 9.315773e+06 1.023195e+06 6.646671e+04 5.105778e+06 3.995261e+09
<GCONST> 9.793723e+01
<MIXTURE> 4 6.869411e-02
<MEAN> 6
 -3.798396e+01 3.036169e+01 -7.680482e+01 -1.172983e+02 1.284873e+03 3.232793e+03
<VARIANCE> 6
 8.812647e+02 3.304887e+05 1.519762e+06 5.488105e+04 1.360299e+06 9.447241e+08
<GCONST> 9.045356e+01
<MIXTURE> 5 1.084892e-01
<MEAN> 6
 8.546219e+01 3.892797e+01 1.030004e+02 -1.875622e+00 -1.729100e+01 -1.575328e+02
<VARIANCE> 6
 3.211094e+02 6.257833e+05 1.929237e+06 2.907534e+02 3.744075e+04 4.848019e+07
<GCONST> 7.851810e+01
<MIXTURE> 6 6.092492e-02
<MEAN> 6
 4.109831e+01 1.719084e+02 6.333191e+00 1.853168e+02 -1.253036e+02 -1.148415e+03
<VARIANCE> 6
 7.804121e+02 2.252355e+05 1.271174e+05 1.697033e+04 1.331178e+05 4.870563e+07
<GCONST> 8.100436e+01
<MIXTURE> 7 7.370053e-02
<MEAN> 6
 9.291398e+01 -3.706237e+00 -5.689744e+00 -4.816889e+00 -4.656033e+01 -2.029626e+02
<VARIANCE> 6
 1.744043e+02 6.007536e+04 1.321103e+05 2.907534e+02 3.744075e+04 4.848019e+07
<GCONST> 7.288304e+01
<MIXTURE> 8 8.332659e-02
<MEAN> 6
 9.427425e+01 -1.736467e+01 3.054680e+01 3.909762e+01 -8.960323e+02 -3.420346e+03
<VARIANCE> 6
 3.461125e+02 2.269243e+05 1.054776e+05 2.308395e+04 1.209321e+06 5.185315e+08
<GCONST> 8.489163e+01
<MIXTURE> 9 9.055562e-02
<MEAN> 6
 -5.619329e+01 8.079218e+01 -6.845795e+01 4.658709e+00 2.587697e+02 3.847622e+02
<VARIANCE> 6
 3.189424e+02 2.899405e+05 4.647351e+05 1.399950e+03 9.326410e+04 4.848019e+07
<GCONST> 7.880298e+01
<MIXTURE> 10 9.059070e-02
<MEAN> 6
 6.771643e+01 -3.219217e+01 -2.426952e+02 2.434130e-01 -9.228214e+00 -1.044080e+02
<VARIANCE> 6
 5.951443e+01 2.263594e+05 2.443578e+05 2.907534e+02 3.744075e+04 4.848019e+07
<GCONST> 7.374940e+01
<MIXTURE> 11 8.578317e-02
<MEAN> 6
 6.912033e+01 -6.408471e+01 1.270506e+02 -3.476488e+01 -6.973976e+02 2.344606e+02
<VARIANCE> 6
 9.138707e+02 5.327799e+05 1.357935e+06 4.443923e+04 3.893600e+05 1.389861e+08
<GCONST> 8.747631e+01
<MIXTURE> 12 9.296297e-02
<MEAN> 6
 -3.979921e+01 2.596148e+01 -4.208495e+00 -2.040990e+01 9.534151e+02 -9.734787e+02
<VARIANCE> 6
 4.811060e+02 8.774324e+04 5.861314e+04 3.413675e+04 4.022589e+05 1.917107e+08
<GCONST> 8.197871e+01
<MIXTURE> 13 4.133128e-02
<MEAN> 6
 9.577873e+01 -6.366415e+02 1.586967e+02 -6.842208e+00 -1.758845e+01 -1.720745e+02
<VARIANCE> 6
 3.956488e+02 1.114593e+07 4.536975e+05 2.907534e+02 3.744075e+04 4.848019e+07
<GCONST> 8.015921e+01
<MIXTURE> 14 6.034649e-02
<MEAN> 6
 4.815791e+01 -7.885005e+00 5.144040e+01 -2.497545e+02 -7.314393e+02 6.114823e+03
<VARIANCE> 6
 1.019305e+03 5.579709e+04 8.095615e+04 1.638226e+04 5.875044e+05 2.350604e+08
<GCONST> 8.244823e+01
<MIXTURE> 15 5.783144e-02
<MEAN> 6
 4.185764e+01 2.296487e+01 3.334027e+01 6.710106e+01 -2.440304e+02 -2.177055e+03
<VARIANCE> 6
 1.071789e+03 1.180561e+05 1.922219e+05 4.515195e+04 1.552460e+05 4.862185e+07
<GCONST> 8.221980e+01
<TRANSP> 3
 0.000000e+00 1.000000e+00 0.000000e+00
 0.000000e+00 9.999628e-01 3.717171e-05
 0.000000e+00 0.000000e+00 0.000000e+00
<ENDHMM>
~h "SegundoESO"
<BEGINHMM>
<NUMSTATES> 3
<STATE> 2
<NUMMIXES> 15
<MIXTURE> 1 7.267577e-02
<MEAN> 6
 8.351239e+01 -7.077551e+01 -8.134004e+01 -4.902468e+00 -2.921029e+01 1.414389e+01
<VARIANCE> 6
 1.613181e+02 8.970964e+05 3.779448e+05 2.907534e+02 3.744075e+04 4.848019e+07
<GCONST> 7.655972e+01
<MIXTURE> 2 4.969389e-02
<MEAN> 6
 9.941246e+00 3.072240e+02 8.176495e+02 4.071289e+00 1.959005e+01 4.209059e+01
<VARIANCE> 6
 2.505488e+03 2.138063e+07 6.579374e+06 4.366068e+04 5.771127e+05 1.101597e+08
<GCONST> 9.389839e+01
<MIXTURE> 3 5.602867e-02
<MEAN> 6
 -2.491395e+01 1.257775e+02 3.599433e+02 -2.139170e+02 7.960019e+02 8.059226e+03
<VARIANCE> 6
 7.149366e+02 9.378709e+05 1.101358e+06 8.756869e+03 8.785072e+05 3.728442e+08
<GCONST> 8.776312e+01
<MIXTURE> 4 8.593732e-02
<MEAN> 6
 2.249694e+01 1.845529e+02 6.048111e+01 4.468040e+01 -9.392986e+01 -5.778605e+02
<VARIANCE> 6
 4.742838e+02 1.230966e+06 6.713292e+05 3.624260e+04 5.866114e+04 4.848019e+07
<GCONST> 8.380359e+01
<MIXTURE> 5 5.740756e-02
<MEAN> 6
 8.031430e+01 -5.286944e+02 -1.284827e+03 -2.810991e+00 -1.749484e+01 4.687017e+01
<VARIANCE> 6
 1.846609e+02 5.487932e+06 1.149381e+07 2.907534e+02 3.744075e+04 4.848019e+07
<GCONST> 8.192082e+01
<MIXTURE> 6 5.727239e-02
<MEAN> 6
 7.269028e+01 -1.450833e+02 3.194354e+02 4.489455e+01 -5.401775e+02 -8.970856e+02
<VARIANCE> 6
 2.714767e+02 1.226209e+06 2.289933e+06 1.373918e+04 9.445395e+04 4.848019e+07
<GCONST> 8.397516e+01
<MIXTURE> 7 9.827414e-02
<MEAN> 6
 -4.552373e+01 1.555758e+01 5.922229e+01 5.197099e+01 8.893263e+02 -1.623309e+03
<VARIANCE> 6
 1.645542e+02 5.082153e+05 2.425923e+05 1.387453e+04 1.732377e+05 7.629673e+07
<GCONST> 8.141867e+01
<MIXTURE> 8 5.311710e-02
<MEAN> 6
 6.913097e+01 -9.597475e+01 1.427136e+01 -1.538993e+00 -2.010658e+01 -1.262102e+02
<VARIANCE> 6
 7.631248e+01 6.511996e+05 5.908044e+04 2.907534e+02 3.744075e+04 4.848019e+07
<GCONST> 7.363498e+01
<MIXTURE> 9 8.630217e-02
<MEAN> 6
 4.795283e+01 5.753390e+01 1.518790e+00 3.372200e+01 -3.251485e+02 -2.728139e+02
<VARIANCE> 6
 3.769106e+02 1.309844e+05 6.876016e+04 2.641483e+04 8.087245e+04 4.848019e+07
<GCONST> 7.905946e+01
<MIXTURE> 10 5.118781e-02
<MEAN> 6
 -5.514420e+01 -1.284001e+01 1.281138e+02 1.373479e+01 2.231790e+02 -1.198713e+02
<VARIANCE> 6
 1.550850e+02 6.123662e+05 7.952489e+05 6.231675e+02 5.588201e+04 4.848019e+07
<GCONST> 7.804521e+01
<MIXTURE> 11 3.434389e-02
<MEAN> 6
 8.286106e+01 1.692118e+02 6.483919e+01 2.861532e+01 -1.161674e+03 -2.225718e+03
<VARIANCE> 6
 3.258910e+02 1.552612e+06 4.582814e+05 1.898292e+04 8.380375e+05 5.841221e+08
<GCONST> 8.778025e+01
<MIXTURE> 12 1.055091e-01
<MEAN> 6
 -1.098430e+01 -1.117183e+01 2.144939e+00 2.123208e+01 1.829142e+02 -1.611213e+03
<VARIANCE> 6
 2.637684e+02 2.331837e+05 9.271883e+04 3.131021e+04 1.016038e+05 7.896173e+07
<GCONST> 8.046425e+01
<MIXTURE> 13 7.897954e-02
<MEAN> 6
 7.065887e+01 1.109501e+02 -2.234796e+02 -1.297664e+00 -1.659388e+01 -9.552258e+01
<VARIANCE> 6
 8.237417e+01 2.310566e+05 1.656524e+06 2.907534e+02 3.744075e+04 4.848019e+07
<GCONST> 7.600883e+01
<MIXTURE> 14 6.102489e-02
<MEAN> 6
 6.439552e+01 -1.091456e+02 9.271522e+01 -9.123759e+01 -8.215678e+02 1.605605e+03
<VARIANCE> 6
 2.620776e+02 1.039024e+06 2.260178e+05 1.904316e+04 1.353328e+05 6.440064e+07
<GCONST> 8.242866e+01
<MIXTURE> 15 5.062902e-02
<MEAN> 6
 6.382639e+01 -3.743077e+01 -1.694545e+02 -3.325433e-01 -1.560852e+01 -1.019195e+02
<VARIANCE> 6
 4.816939e+01 1.832238e+06 7.026598e+04 2.907534e+02 3.744075e+04 4.848019e+07
<GCONST> 7.438274e+01
<TRANSP> 3
 0.000000e+00 1.000000e+00 0.000000e+00
 0.000000e+00 9.999632e-01 3.680935e-05
 0.000000e+00 0.000000e+00 0.000000e+00
<ENDHMM>
~h "QuintoPRIMARIA"
<BEGINHMM>
<NUMSTATES> 3
<STATE> 2
<NUMMIXES> 15
<MIXTURE> 1 2.379059e-02
<MEAN> 6
 7.668739e+01 -6.439225e+02 -1.141845e+03 -2.336776e+00 -1.083525e+01 5.506559e+01
<VARIANCE> 6
 3.294697e+02 1.608162e+07 1.500184e+07 2.907534e+02 3.744075e+04 4.848019e+07
<GCONST> 8.384128e+01
<MIXTURE> 2 6.070003e-03
<MEAN> 6
 -6.395473e+00 2.180512e+02 1.003126e+02 1.701439e+01 -1.473533e+02 -3.564017e+02
<VARIANCE> 6
 1.287139e+04 9.194202e+04 3.520784e+05 2.247590e+06 1.267502e+09 1.880697e+12
<GCONST> 1.085389e+02
<MIXTURE> 3 7.712846e-02
<MEAN> 6
 -3.457929e+01 -1.098516e+02 1.156360e+02 1.341680e+02 6.516625e+02 -1.894494e+03
<VARIANCE> 6
 3.448097e+02 2.306665e+05 3.379691e+05 1.287951e+04 1.434957e+05 4.848019e+07
<GCONST> 8.098381e+01
<MIXTURE> 4 7.537854e-02
<MEAN> 6
 1.392269e+00 2.579505e+02 3.129946e+02 -8.656079e+00 1.209959e+02 -8.463439e+02
<VARIANCE> 6
 2.440151e+03 2.629541e+06 5.678138e+06 5.355753e+04 6.502704e+05 1.495200e+08
<GCONST> 9.225812e+01
<MIXTURE> 5 4.625415e-02
<MEAN> 6
 1.963658e+01 -2.060722e+02 -1.781633e+02 -8.847820e+01 -1.003027e+02 5.702782e+03
<VARIANCE> 6
 4.331750e+03 2.264563e+06 1.527154e+06 6.108875e+04 4.328498e+06 2.315158e+09
<GCONST> 9.613635e+01
<MIXTURE> 6 8.681215e-02
<MEAN> 6
 8.752030e+01 4.578800e+02 1.778992e+02 -3.644700e+00 -2.016175e+01 -4.349450e+01
<VARIANCE> 6
 1.995751e+02 7.432559e+05 1.376277e+06 2.907534e+02 3.744075e+04 4.848019e+07
<GCONST> 7.787680e+01
<MIXTURE> 7 8.886390e-02
<MEAN> 6
 8.160752e+01 1.051272e+02 -1.682003e+01 -1.749318e+01 -8.195390e+02 -1.008177e+03
<VARIANCE> 6
 2.210800e+02 2.025796e+05 1.560583e+05 1.828309e+04 5.185407e+05 2.080662e+08
<GCONST> 8.272853e+01
<MIXTURE> 8 8.903723e-02
<MEAN> 6
 7.597665e+01 -3.464896e+01 -6.482979e+00 -3.196809e+00 -2.090686e+01 -2.062880e+02
<VARIANCE> 6
 1.666323e+02 3.338160e+04 1.056484e+05 2.907534e+02 3.744075e+04 4.848019e+07
<GCONST> 7.202634e+01
<MIXTURE> 9 5.957365e-02
<MEAN> 6
 3.228244e+01 3.713138e+01 4.065233e+01 5.430137e+01 -1.248996e+02 -8.968055e+02
<VARIANCE> 6
 1.107014e+03 4.741997e+04 5.066865e+04 3.308948e+04 1.457484e+05 4.888505e+07
<GCONST> 7.963814e+01
<MIXTURE> 10 6.667271e-02
<MEAN> 6
 -6.190134e+01 8.231537e+01 -4.683010e+01 1.117745e+01 2.507323e+02 2.317731e+02
<VARIANCE> 6
 1.439408e+02 6.847824e+05 1.124294e+06 9.330322e+02 8.319780e+04 4.848019e+07
<GCONST> 7.923027e+01
<MIXTURE> 11 1.068579e-01
<MEAN> 6
 5.133971e+01 -1.268790e+02 1.365892e+02 3.638153e+01 -5.218433e+02 -4.340045e+02
<VARIANCE> 6
 6.827542e+02 7.696169e+05 1.638763e+06 3.902984e+04 1.601502e+05 4.848019e+07
<GCONST> 8.566911e+01
<MIXTURE> 12 7.534567e-02
<MEAN> 6
 7.426987e+01 -3.056711e+02 -2.455348e+01 -1.889045e+00 -1.327745e+01 -2.022715e+02
<VARIANCE> 6
 1.709471e+02 2.604473e+05 9.495662e+04 2.907534e+02 3.744075e+04 4.848019e+07
<GCONST> 7.399960e+01
<MIXTURE> 13 7.804807e-02
<MEAN> 6
 7.236191e+01 4.729552e+01 -2.482160e+02 -4.041788e-01 -1.467852e+01 -9.784255e+01
<VARIANCE> 6
 1.729068e+02 6.770344e+05 3.446296e+06 2.907534e+02 3.744075e+04 4.848019e+07
<GCONST> 7.855795e+01
<MIXTURE> 14 6.023687e-02
<MEAN> 6
 -4.988660e+01 -1.156781e+02 8.268045e+00 -7.242470e+01 1.309758e+03 5.835182e+02
<VARIANCE> 6
 2.459920e+02 2.681634e+05 4.331306e+05 2.667165e+04 5.091003e+05 3.682591e+08
<GCONST> 8.506676e+01
<MIXTURE> 15 5.796568e-02
<MEAN> 6
 1.382121e+01 -2.257854e+01 -7.505798e+01 -1.132444e+02 -1.202422e+02 2.269898e+03
<VARIANCE> 6
 8.836888e+02 5.025545e+04 9.634907e+04 4.473966e+04 3.567687e+05 1.886877e+08
<GCONST> 8.266104e+01
<TRANSP> 3
 0.000000e+00 1.000000e+00 0.000000e+00
 0.000000e+00 9.999640e-01 3.598149e-05
 0.000000e+00 0.000000e+00 0.000000e+00
<ENDHMM>
