~o
<STREAMINFO> 1 6
<VECSIZE> 6<NULLD><USER><DIAGC>
~h "SegundoPRIMARIA"
<BEGINHMM>
<NUMSTATES> 13
<STATE> 2
<MEAN> 6
 7.046710e+01 -3.918925e+02 -1.079729e+02 2.504963e-02 1.333221e+01 -1.813613e+02
<VARIANCE> 6
 6.171592e+02 5.871704e+05 1.003225e+06 3.062590e+03 1.892606e+05 5.602166e+07
<GCONST> 8.257333e+01
<STATE> 3
<MEAN> 6
 8.107009e+01 -9.351347e+01 -3.470639e+02 -3.084300e+00 -5.772124e+00 -1.181894e+02
<VARIANCE> 6
 1.371680e+02 1.655805e+05 3.285972e+05 3.834819e+02 5.353534e+04 4.206700e+07
<GCONST> 7.506043e+01
<STATE> 4
<MEAN> 6
 7.940204e+01 -1.700968e+02 -3.379802e+02 -1.843926e+00 -1.233970e+01 1.189581e+02
<VARIANCE> 6
 2.034502e+02 3.215202e+05 5.064110e+05 2.897276e+02 5.941536e+04 4.206700e+07
<GCONST> 7.637463e+01
<STATE> 5
<MEAN> 6
 7.988161e+01 -1.735961e+02 -3.530677e+02 -1.803117e+00 -3.768332e+00 1.058050e+02
<VARIANCE> 6
 1.841464e+02 3.013765e+05 4.847790e+05 2.897276e+02 4.910938e+04 4.206700e+07
<GCONST> 7.597607e+01
<STATE> 6
<MEAN> 6
 7.901340e+01 -1.372711e+02 -2.390936e+02 -6.565627e-02 -5.084485e+00 -9.913135e+01
<VARIANCE> 6
 2.108193e+02 3.585742e+05 5.100758e+05 2.897276e+02 3.398000e+04 4.206700e+07
<GCONST> 7.596771e+01
<STATE> 7
<MEAN> 6
 7.855934e+01 -1.267504e+02 -1.944016e+02 3.630713e-02 -1.443748e+01 -4.045432e+01
<VARIANCE> 6
 2.415127e+02 3.912768e+05 4.994089e+05 2.897276e+02 3.398000e+04 4.206700e+07
<GCONST> 7.616978e+01
<STATE> 8
<MEAN> 6
 8.035291e+01 -1.476552e+02 -2.745848e+02 -1.259936e+00 -7.339043e+00 1.443521e+02
<VARIANCE> 6
 3.304701e+02 3.072325e+05 4.127628e+05 2.897276e+02 3.398000e+04 4.206700e+07
<GCONST> 7.605101e+01
<STATE> 9
<MEAN> 6
 7.423129e+01 -1.563317e+02 -3.493819e+02 -7.509334e-01 2.116814e-01 7.976242e+00
<VARIANCE> 6
 1.708665e+02 1.631504e+05 2.708331e+05 2.897276e+02 3.398000e+04 4.206700e+07
<GCONST> 7.433707e+01
<STATE> 10
<MEAN> 6
 7.523788e+01 -8.428658e+00 -7.281982e+01 -2.452069e-01 2.098000e+00 -2.775920e+01
<VARIANCE> 6
 1.274211e+02 2.559210e+05 3.215320e+05 2.897276e+02 3.398000e+04 4.206700e+07
<GCONST> 7.466548e+01
<STATE> 11
<MEAN> 6
 7.454562e+01 1.525128e+02 3.831085e+02 -5.192595e-01 -5.092231e+00 -2.106348e+02
<VARIANCE> 6
 1.270650e+02 1.399134e+06 1.485907e+06 2.897276e+02 3.398000e+04 4.206700e+07
<GCONST> 7.789211e+01
<STATE> 12
<MEAN> 6
 3.195978e+01 5.609219e+00 5.184020e+00 5.312356e-01 2.173015e-01 1.309346e+01
<VARIANCE> 6
 3.943842e+03 3.222769e+05 4.761388e+05 3.675969e+04 2.161965e+06 1.728934e+09
<GCONST> 9.143326e+01
<TRANSP> 13
 0.000000e+00 1.000000e+00 0.000000e+00 0.000000e+00 0.000000e+00 0.000000e+00 0.000000e+00 0.000000e+00 0.000000e+00 0.000000e+00 0.000000e+00 0.000000e+00 0.000000e+00
 0.000000e+00 9.938821e-01 6.117864e-03 0.000000e+00 0.000000e+00 0.000000e+00 0.000000e+00 0.000000e+00 0.000000e+00 0.000000e+00 0.000000e+00 0.000000e+00 0.000000e+00
 0.000000e+00 0.000000e+00 9.770952e-01 2.290480e-02 0.000000e+00 0.000000e+00 0.000000e+00 0.000000e+00 0.000000e+00 0.000000e+00 0.000000e+00 0.000000e+00 0.000000e+00
 0.000000e+00 0.000000e+00 0.000000e+00 9.384209e-01 6.157916e-02 0.000000e+00 0.000000e+00 0.000000e+00 0.000000e+00 0.000000e+00 0.000000e+00 0.000000e+00 0.000000e+00
 0.000000e+00 0.000000e+00 0.000000e+00 0.000000e+00 9.515209e-01 4.847906e-02 0.000000e+00 0.000000e+00 0.000000e+00 0.000000e+00 0.000000e+00 0.000000e+00 0.000000e+00
 0.000000e+00 0.000000e+00 0.000000e+00 0.000000e+00 0.000000e+00 9.542652e-01 4.573485e-02 0.000000e+00 0.000000e+00 0.000000e+00 0.000000e+00 0.000000e+00 0.000000e+00
 0.000000e+00 0.000000e+00 0.000000e+00 0.000000e+00 0.000000e+00 0.000000e+00 9.652498e-01 3.475023e-02 0.000000e+00 0.000000e+00 0.000000e+00 0.000000e+00 0.000000e+00
 0.000000e+00 0.000000e+00 0.000000e+00 0.000000e+00 0.000000e+00 0.000000e+00 0.000000e+00 9.865651e-01 1.343489e-02 0.000000e+00 0.000000e+00 0.000000e+00 0.000000e+00
 0.000000e+00 0.000000e+00 0.000000e+00 0.000000e+00 0.000000e+00 0.000000e+00 0.000000e+00 0.000000e+00 9.994023e-01 5.976754e-04 0.000000e+00 0.000000e+00 0.000000e+00
 0.000000e+00 0.000000e+00 0.000000e+00 0.000000e+00 0.000000e+00 0.000000e+00 0.000000e+00 0.000000e+00 0.000000e+00 9.979830e-01 2.017051e-03 0.000000e+00 0.000000e+00
 0.000000e+00 0.000000e+00 0.000000e+00 0.000000e+00 0.000000e+00 0.000000e+00 0.000000e+00 0.000000e+00 0.000000e+00 0.000000e+00 9.993398e-01 6.602132e-04 0.000000e+00
 0.000000e+00 0.000000e+00 0.000000e+00 0.000000e+00 0.000000e+00 0.000000e+00 0.000000e+00 0.000000e+00 0.000000e+00 0.000000e+00 0.000000e+00 9.999558e-01 4.424592e-05
 0.000000e+00 0.000000e+00 0.000000e+00 0.000000e+00 0.000000e+00 0.000000e+00 0.000000e+00 0.000000e+00 0.000000e+00 0.000000e+00 0.000000e+00 0.000000e+00 0.000000e+00
<ENDHMM>
~h "SegundoESO"
<BEGINHMM>
<NUMSTATES> 13
<STATE> 2
<MEAN> 6
 6.887654e+01 4.113526e+03 1.002058e+02 -2.238975e+00 -1.206638e+01 -7.555972e+01
<VARIANCE> 6
 4.911021e+02 6.557735e+07 1.853020e+07 2.897276e+02 4.086079e+04 4.206700e+07
<GCONST> 8.579921e+01
<STATE> 3
<MEAN> 6
 6.867546e+01 -3.827180e+02 2.833535e+02 -1.692998e+01 7.653027e+01 1.048749e+03
<VARIANCE> 6
 1.865172e+02 6.249576e+06 7.570890e+06 1.555176e+03 2.531518e+05 8.478704e+07
<GCONST> 8.579037e+01
<STATE> 4
<MEAN> 6
 6.504646e+01 -2.405156e+03 6.356098e+03 -2.625744e+01 2.359206e+02 1.242081e+03
<VARIANCE> 6
 2.589156e+02 2.060720e+07 1.062524e+08 5.038825e+03 3.883392e+05 8.687780e+07
<GCONST> 9.158082e+01
<STATE> 5
<MEAN> 6
 6.887263e+01 2.236329e+02 2.475894e+02 1.279050e+01 -2.652328e+01 -7.577903e+02
<VARIANCE> 6
 1.864275e+02 6.307916e+06 9.228199e+06 1.674608e+03 1.375994e+05 4.206700e+07
<GCONST> 8.476060e+01
<STATE> 6
<MEAN> 6
 6.526218e+01 1.088316e+02 1.906565e+03 -1.308521e+01 3.337527e+01 8.171194e+01
<VARIANCE> 6
 4.461727e+02 5.176262e+06 4.098506e+06 3.546726e+03 1.651885e+05 4.206700e+07
<GCONST> 8.555709e+01
<STATE> 7
<MEAN> 6
 6.943460e+01 -1.611201e+03 6.477404e+03 2.051018e+01 -5.519994e+01 -7.073707e+02
<VARIANCE> 6
 2.506588e+02 9.291661e+06 7.938963e+07 3.116265e+03 1.025016e+05 4.206700e+07
<GCONST> 8.792266e+01
<STATE> 8
<MEAN> 6
 2.896582e+01 9.241040e+03 2.715982e+02 -7.665421e+00 5.503268e+01 1.039314e+02
<VARIANCE> 6
 3.189541e+03 4.098084e+07 6.118118e+06 1.865428e+04 3.285703e+05 6.264882e+07
<GCONST> 9.273967e+01
<STATE> 9
<MEAN> 6
 7.016557e+01 -3.190562e+02 3.000569e+02 2.521230e+01 -6.642145e+01 -1.981208e+02
<VARIANCE> 6
 3.615014e+02 2.242616e+06 6.451402e+06 4.310229e+03 8.819118e+04 4.206700e+07
<GCONST> 8.453127e+01
<STATE> 10
<MEAN> 6
 6.781265e+01 2.597582e+03 -8.384145e+01 3.164148e+01 -7.976819e+01 -3.977234e+02
<VARIANCE> 6
 4.837893e+02 3.067900e+07 4.950560e+06 5.657117e+03 7.180172e+04 4.206700e+07
<GCONST> 8.724012e+01
<STATE> 11
<MEAN> 6
 6.939441e+01 -3.903561e+01 -2.238455e+02 -9.610415e-03 -1.993414e+00 -6.867572e+01
<VARIANCE> 6
 8.770301e+01 1.221526e+06 3.725372e+06 2.897276e+02 3.398000e+04 4.206700e+07
<GCONST> 7.830475e+01
<STATE> 12
<MEAN> 6
 2.449122e+01 -3.869815e+01 3.131404e+01 3.803831e-01 3.233324e-01 1.404296e+01
<VARIANCE> 6
 2.898421e+03 1.344061e+06 1.496153e+06 2.442654e+04 5.238127e+05 1.146027e+08
<GCONST> 8.915810e+01
<TRANSP> 13
 0.000000e+00 1.000000e+00 0.000000e+00 0.000000e+00 0.000000e+00 0.000000e+00 0.000000e+00 0.000000e+00 0.000000e+00 0.000000e+00 0.000000e+00 0.000000e+00 0.000000e+00
 0.000000e+00 9.918382e-01 8.161816e-03 0.000000e+00 0.000000e+00 0.000000e+00 0.000000e+00 0.000000e+00 0.000000e+00 0.000000e+00 0.000000e+00 0.000000e+00 0.000000e+00
 0.000000e+00 0.000000e+00 9.141624e-01 8.583758e-02 0.000000e+00 0.000000e+00 0.000000e+00 0.000000e+00 0.000000e+00 0.000000e+00 0.000000e+00 0.000000e+00 0.000000e+00
 0.000000e+00 0.000000e+00 0.000000e+00 8.944945e-01 1.055055e-01 0.000000e+00 0.000000e+00 0.000000e+00 0.000000e+00 0.000000e+00 0.000000e+00 0.000000e+00 0.000000e+00
 0.000000e+00 0.000000e+00 0.000000e+00 0.000000e+00 9.120207e-01 8.797932e-02 0.000000e+00 0.000000e+00 0.000000e+00 0.000000e+00 0.000000e+00 0.000000e+00 0.000000e+00
 0.000000e+00 0.000000e+00 0.000000e+00 0.000000e+00 0.000000e+00 9.814429e-01 1.855710e-02 0.000000e+00 0.000000e+00 0.000000e+00 0.000000e+00 0.000000e+00 0.000000e+00
 0.000000e+00 0.000000e+00 0.000000e+00 0.000000e+00 0.000000e+00 0.000000e+00 9.188349e-01 8.116506e-02 0.000000e+00 0.000000e+00 0.000000e+00 0.000000e+00 0.000000e+00
 0.000000e+00 0.000000e+00 0.000000e+00 0.000000e+00 0.000000e+00 0.000000e+00 0.000000e+00 9.795408e-01 2.045922e-02 0.000000e+00 0.000000e+00 0.000000e+00 0.000000e+00
 0.000000e+00 0.000000e+00 0.000000e+00 0.000000e+00 0.000000e+00 0.000000e+00 0.000000e+00 0.000000e+00 9.646838e-01 3.531627e-02 0.000000e+00 0.000000e+00 0.000000e+00
 0.000000e+00 0.000000e+00 0.000000e+00 0.000000e+00 0.000000e+00 0.000000e+00 0.000000e+00 0.000000e+00 0.000000e+00 9.807704e-01 1.922965e-02 0.000000e+00 0.000000e+00
 0.000000e+00 0.000000e+00 0.000000e+00 0.000000e+00 0.000000e+00 0.000000e+00 0.000000e+00 0.000000e+00 0.000000e+00 0.000000e+00 9.997724e-01 2.275483e-04 0.000000e+00
 0.000000e+00 0.000000e+00 0.000000e+00 0.000000e+00 0.000000e+00 0.000000e+00 0.000000e+00 0.000000e+00 0.000000e+00 0.000000e+00 0.000000e+00 9.999556e-01 4.442389e-05
 0.000000e+00 0.000000e+00 0.000000e+00 0.000000e+00 0.000000e+00 0.000000e+00 0.000000e+00 0.000000e+00 0.000000e+00 0.000000e+00 0.000000e+00 0.000000e+00 0.000000e+00
<ENDHMM>
~h "QuintoPRIMARIA"
<BEGINHMM>
<NUMSTATES> 13
<STATE> 2
<MEAN> 6
 7.162564e+01 -1.638683e+03 1.941303e+03 1.837785e+00 -6.578809e+00 -6.399414e+00
<VARIANCE> 6
 1.610325e+02 1.930950e+07 9.384624e+06 2.897276e+02 3.398000e+04 4.206700e+07
<GCONST> 8.259680e+01
<STATE> 3
<MEAN> 6
 7.192641e+01 -1.051469e+02 -3.838770e+01 -1.112290e+00 -4.639970e+01 -1.455389e+02
<VARIANCE> 6
 1.910554e+02 2.131574e+06 1.697776e+06 2.897276e+02 3.536999e+04 4.206700e+07
<GCONST> 7.889436e+01
<STATE> 4
<MEAN> 6
 7.347832e+01 2.915398e+01 -1.300725e+02 -3.716388e+00 -4.503387e+01 -6.253470e+01
<VARIANCE> 6
 2.306066e+02 1.574584e+06 1.382138e+06 2.902101e+02 4.048940e+04 4.206700e+07
<GCONST> 7.871079e+01
<STATE> 5
<MEAN> 6
 7.464964e+01 4.876721e+01 -1.244769e+02 -4.391506e+00 -3.639352e+01 -3.465494e+01
<VARIANCE> 6
 2.742802e+02 1.226230e+06 1.218555e+06 3.271968e+02 4.187986e+04 4.206700e+07
<GCONST> 7.866193e+01
<STATE> 6
<MEAN> 6
 7.513085e+01 2.590189e+01 -9.953293e+01 -4.204692e+00 -2.446813e+01 4.588046e+01
<VARIANCE> 6
 2.908829e+02 1.017258e+06 1.130377e+06 3.338909e+02 3.562948e+04 4.206700e+07
<GCONST> 7.831738e+01
<STATE> 7
<MEAN> 6
 7.481018e+01 2.650471e+01 -1.009777e+02 -3.466729e+00 -1.142028e+01 1.572390e+02
<VARIANCE> 6
 2.776277e+02 8.852078e+05 1.117755e+06 3.063101e+02 3.398000e+04 4.206700e+07
<GCONST> 7.798685e+01
<STATE> 8
<MEAN> 6
 7.395833e+01 4.430768e+01 -1.083960e+02 -2.794934e+00 -3.401464e+00 1.644987e+02
<VARIANCE> 6
 2.532963e+02 7.750399e+05 1.114092e+06 2.897276e+02 3.398000e+04 4.206700e+07
<GCONST> 7.770329e+01
<STATE> 9
<MEAN> 6
 7.291109e+01 5.993184e+01 -1.223736e+02 -2.406732e+00 6.018615e-02 1.286137e+02
<VARIANCE> 6
 2.264616e+02 6.749498e+05 1.112244e+06 2.897276e+02 3.398000e+04 4.206700e+07
<GCONST> 7.745136e+01
<STATE> 10
<MEAN> 6
 7.196194e+01 7.485907e+01 -1.478585e+02 -1.834953e+00 4.065034e+00 8.132166e+01
<VARIANCE> 6
 1.979317e+02 6.009952e+05 1.131716e+06 2.897276e+02 3.398000e+04 4.206700e+07
<GCONST> 7.721802e+01
<STATE> 11
<MEAN> 6
 6.933655e+01 5.518829e+01 -2.115466e+02 -1.308739e-03 -2.763547e+00 -1.411486e+02
<VARIANCE> 6
 1.394649e+02 3.984859e+05 1.122678e+06 2.897276e+02 3.398000e+04 4.206700e+07
<GCONST> 7.644897e+01
<STATE> 12
<MEAN> 6
 2.626292e+01 8.459438e+00 1.411380e+01 3.485139e-01 7.633080e-01 2.277375e+01
<VARIANCE> 6
 3.485125e+03 5.824467e+05 1.211081e+06 4.351098e+04 9.689612e+06 1.345866e+10
<GCONST> 9.655576e+01
<TRANSP> 13
 0.000000e+00 1.000000e+00 0.000000e+00 0.000000e+00 0.000000e+00 0.000000e+00 0.000000e+00 0.000000e+00 0.000000e+00 0.000000e+00 0.000000e+00 0.000000e+00 0.000000e+00
 0.000000e+00 9.960961e-01 3.903919e-03 0.000000e+00 0.000000e+00 0.000000e+00 0.000000e+00 0.000000e+00 0.000000e+00 0.000000e+00 0.000000e+00 0.000000e+00 0.000000e+00
 0.000000e+00 0.000000e+00 9.705646e-01 2.943537e-02 0.000000e+00 0.000000e+00 0.000000e+00 0.000000e+00 0.000000e+00 0.000000e+00 0.000000e+00 0.000000e+00 0.000000e+00
 0.000000e+00 0.000000e+00 0.000000e+00 9.737126e-01 2.628748e-02 0.000000e+00 0.000000e+00 0.000000e+00 0.000000e+00 0.000000e+00 0.000000e+00 0.000000e+00 0.000000e+00
 0.000000e+00 0.000000e+00 0.000000e+00 0.000000e+00 9.770477e-01 2.295226e-02 0.000000e+00 0.000000e+00 0.000000e+00 0.000000e+00 0.000000e+00 0.000000e+00 0.000000e+00
 0.000000e+00 0.000000e+00 0.000000e+00 0.000000e+00 0.000000e+00 9.797480e-01 2.025203e-02 0.000000e+00 0.000000e+00 0.000000e+00 0.000000e+00 0.000000e+00 0.000000e+00
 0.000000e+00 0.000000e+00 0.000000e+00 0.000000e+00 0.000000e+00 0.000000e+00 9.823458e-01 1.765418e-02 0.000000e+00 0.000000e+00 0.000000e+00 0.000000e+00 0.000000e+00
 0.000000e+00 0.000000e+00 0.000000e+00 0.000000e+00 0.000000e+00 0.000000e+00 0.000000e+00 9.855764e-01 1.442358e-02 0.000000e+00 0.000000e+00 0.000000e+00 0.000000e+00
 0.000000e+00 0.000000e+00 0.000000e+00 0.000000e+00 0.000000e+00 0.000000e+00 0.000000e+00 0.000000e+00 9.895333e-01 1.046674e-02 0.000000e+00 0.000000e+00 0.000000e+00
 0.000000e+00 0.000000e+00 0.000000e+00 0.000000e+00 0.000000e+00 0.000000e+00 0.000000e+00 0.000000e+00 0.000000e+00 9.943414e-01 5.658559e-03 0.000000e+00 0.000000e+00
 0.000000e+00 0.000000e+00 0.000000e+00 0.000000e+00 0.000000e+00 0.000000e+00 0.000000e+00 0.000000e+00 0.000000e+00 0.000000e+00 9.997212e-01 2.788414e-04 0.000000e+00
 0.000000e+00 0.000000e+00 0.000000e+00 0.000000e+00 0.000000e+00 0.000000e+00 0.000000e+00 0.000000e+00 0.000000e+00 0.000000e+00 0.000000e+00 9.999571e-01 4.293655e-05
 0.000000e+00 0.000000e+00 0.000000e+00 0.000000e+00 0.000000e+00 0.000000e+00 0.000000e+00 0.000000e+00 0.000000e+00 0.000000e+00 0.000000e+00 0.000000e+00 0.000000e+00
<ENDHMM>
