~o
<STREAMINFO> 1 6
<VECSIZE> 6<NULLD><USER><DIAGC>
~h "SegundoPRIMARIA"
<BEGINHMM>
<NUMSTATES> 5
<STATE> 2
<NUMMIXES> 10
<MIXTURE> 1 7.848237e-02
<MEAN> 6
 8.465707e+01 2.566337e+01 2.317355e+02 -2.400297e+00 -1.794268e+01 -1.469228e+02
<VARIANCE> 6
 3.538829e+02 1.835175e+07 6.241342e+05 2.994282e+02 3.935073e+04 5.026736e+07
<GCONST> 8.098059e+01
<MIXTURE> 2 4.546465e-02
<MEAN> 6
 3.314120e+01 3.595581e+02 -3.965954e+02 -5.682742e+01 -2.554991e+02 3.504156e+03
<VARIANCE> 6
 4.995090e+03 1.664676e+07 1.376825e+06 7.656223e+04 4.986870e+06 3.363280e+09
<GCONST> 9.891084e+01
<MIXTURE> 3 1.361549e-01
<MEAN> 6
 -3.788708e+01 3.746001e+01 -1.923619e+01 6.306477e+01 5.206849e+02 -9.767741e+02
<VARIANCE> 6
 8.868915e+02 3.946005e+05 9.098215e+05 2.511289e+04 1.686961e+05 5.026736e+07
<GCONST> 8.432147e+01
<MIXTURE> 4 9.160926e-02
<MEAN> 6
 -6.008283e+01 -1.779851e+01 -2.601703e+02 -4.579180e+00 1.154756e+02 1.727482e+02
<VARIANCE> 6
 3.176059e+02 5.602036e+05 9.848930e+05 4.387674e+02 4.906532e+04 5.026736e+07
<GCONST> 7.844216e+01
<MIXTURE> 5 1.034884e-01
<MEAN> 6
 -3.432529e+01 1.762742e+00 -8.244215e+01 -6.176785e+01 1.052752e+03 8.198601e+02
<VARIANCE> 6
 1.085850e+03 4.272640e+05 2.100518e+06 6.037529e+04 8.548841e+05 4.873757e+08
<GCONST> 9.021184e+01
<MIXTURE> 6 8.226080e-02
<MEAN> 6
 9.303718e+01 2.140814e+02 2.025580e+02 -3.505490e+00 -3.864697e+01 -1.549383e+02
<VARIANCE> 6
 2.674873e+02 4.597653e+05 1.775930e+06 2.994282e+02 3.935073e+04 5.026736e+07
<GCONST> 7.805965e+01
<MIXTURE> 7 1.298753e-01
<MEAN> 6
 5.728605e+01 7.930375e+01 -5.900788e+00 4.623136e+01 -4.017815e+02 -7.342817e+02
<VARIANCE> 6
 8.890854e+02 5.058878e+05 7.195037e+05 3.457184e+04 1.409280e+05 5.026736e+07
<GCONST> 8.447751e+01
<MIXTURE> 8 1.323129e-01
<MEAN> 6
 7.155350e+01 -1.631818e+02 5.556445e+02 6.481226e-01 -9.772829e+00 -1.179239e+02
<VARIANCE> 6
 1.242330e+02 3.521168e+05 2.332634e+06 2.994282e+02 3.935073e+04 5.026736e+07
<GCONST> 7.729865e+01
<MIXTURE> 9 1.160440e-01
<MEAN> 6
 7.102708e+01 -3.973766e+01 5.992739e+01 -4.072006e+01 -1.000674e+03 1.292130e+02
<VARIANCE> 6
 7.583203e+02 3.491345e+05 1.789637e+06 4.742239e+04 6.237511e+05 2.929524e+08
<GCONST> 8.842499e+01
<MIXTURE> 10 8.397526e-02
<MEAN> 6
 8.631545e+01 2.815152e+02 -5.301914e+02 -1.967867e+00 -3.932450e+01 -1.198773e+02
<VARIANCE> 6
 1.710437e+02 3.263331e+05 1.853977e+06 2.994282e+02 3.935073e+04 5.026736e+07
<GCONST> 7.731271e+01
<STATE> 3
<NUMMIXES> 10
<MIXTURE> 1 1.352551e-02
<MEAN> 6
 1.042358e+02 -2.504729e+02 5.919880e+02 -6.418069e+00 7.638911e+00 1.392309e+01
<VARIANCE> 6
 3.175652e+01 7.419020e+06 1.540419e+04 2.994282e+02 3.935073e+04 5.026736e+07
<GCONST> 7.396232e+01
<MIXTURE> 2 1.358175e-01
<MEAN> 6
 8.727986e+01 7.699744e+02 3.071553e+02 -1.835277e+00 -3.124312e+00 -1.218979e+01
<VARIANCE> 6
 4.032863e+01 1.888726e+05 1.874049e+04 2.994282e+02 3.935073e+04 5.026736e+07
<GCONST> 7.072660e+01
<MIXTURE> 3 1.489062e-01
<MEAN> 6
 7.904571e+01 -2.275242e+01 7.494753e+01 3.645736e-01 -5.248066e-01 -1.278434e+02
<VARIANCE> 6
 1.034925e+02 2.354332e+04 2.246037e+04 2.994282e+02 3.935073e+04 5.026736e+07
<GCONST> 6.976788e+01
<MIXTURE> 4 1.203929e-01
<MEAN> 6
 6.585115e+01 6.473300e+02 -7.491402e+01 4.672158e-01 3.671155e-01 -1.006088e+02
<VARIANCE> 6
 3.175652e+01 7.177376e+04 2.575879e+04 2.994282e+02 3.935073e+04 5.026736e+07
<GCONST> 6.983817e+01
<MIXTURE> 5 1.056147e-01
<MEAN> 6
 7.618530e+01 1.038819e+02 -2.572252e+02 -5.005083e-01 -5.130239e+00 -1.111649e+02
<VARIANCE> 6
 3.175652e+01 1.396091e+04 5.808479e+04 2.994282e+02 3.935073e+04 5.026736e+07
<GCONST> 6.901405e+01
<MIXTURE> 6 7.748801e-02
<MEAN> 6
 6.721935e+01 -2.481946e+02 -6.114861e+02 -8.672589e-03 -2.451120e+00 -2.172450e+01
<VARIANCE> 6
 3.175652e+01 1.721905e+05 1.960083e+05 2.994282e+02 3.935073e+04 5.026736e+07
<GCONST> 7.274264e+01
<MIXTURE> 7 1.374271e-01
<MEAN> 6
 7.281195e+01 -2.400729e+02 2.870990e+02 -4.521928e-01 -2.073637e+00 -9.897919e+01
<VARIANCE> 6
 6.210256e+01 1.329936e+05 2.041711e+04 2.994282e+02 3.935073e+04 5.026736e+07
<GCONST> 7.089324e+01
<MIXTURE> 8 8.938190e-02
<MEAN> 6
 5.751980e+01 1.192006e+01 -3.204802e+02 1.732589e+00 9.756610e-01 -1.243398e+02
<VARIANCE> 6
 5.921455e+01 1.019335e+05 1.540419e+04 2.994282e+02 3.935073e+04 5.026736e+07
<GCONST> 7.029791e+01
<MIXTURE> 9 7.022925e-02
<MEAN> 6
 6.260089e+01 -7.178569e+02 -2.068808e+02 8.478128e-01 3.253271e+00 -5.391819e+01
<VARIANCE> 6
 5.988709e+01 2.235546e+05 2.289848e+05 2.994282e+02 3.935073e+04 5.026736e+07
<GCONST> 7.379356e+01
<MIXTURE> 10 1.010691e-01
<MEAN> 6
 7.226434e+01 6.199934e+01 -4.656513e+02 -3.776081e-01 -2.298706e+00 -1.221946e+02
<VARIANCE> 6
 3.175652e+01 1.321889e+04 1.613002e+05 2.994282e+02 3.935073e+04 5.026736e+07
<GCONST> 6.998079e+01
<STATE> 4
<NUMMIXES> 10
<MIXTURE> 1 7.498723e-03
<MEAN> 6
 -1.376888e+01 -2.852241e+02 1.702686e+02 2.668414e+01 8.085679e+01 5.750655e+02
<VARIANCE> 6
 8.175120e+03 8.745369e+05 2.398016e+06 1.095331e+06 5.979087e+08 8.656875e+11
<GCONST> 1.100100e+02
<MIXTURE> 2 1.147059e-01
<MEAN> 6
 8.706451e+00 2.804745e+00 1.622532e+01 2.658879e+02 2.635326e+02 -5.287141e+03
<VARIANCE> 6
 8.125982e+02 2.332819e+05 7.439919e+04 6.424601e+03 3.583939e+05 8.523343e+07
<GCONST> 8.112289e+01
<MIXTURE> 3 8.571479e-02
<MEAN> 6
 8.774406e+01 -7.227989e+00 3.434869e+01 2.102216e+01 -1.112919e+03 -1.144292e+03
<VARIANCE> 6
 1.120356e+03 9.616346e+05 4.568218e+05 4.886645e+04 2.608468e+06 1.620705e+09
<GCONST> 9.163435e+01
<MIXTURE> 4 7.541920e-02
<MEAN> 6
 9.977132e+01 -1.387764e+02 -6.266214e+01 -6.060344e+00 -2.654838e+01 -1.699590e+02
<VARIANCE> 6
 4.280556e+02 1.115475e+06 2.395303e+05 2.994282e+02 3.935073e+04 5.026736e+07
<GCONST> 7.741275e+01
<MIXTURE> 5 1.281975e-01
<MEAN> 6
 -3.220240e+01 -4.595624e+01 4.475173e+00 -1.684444e+02 1.220798e+03 3.659174e+03
<VARIANCE> 6
 7.487913e+02 2.124598e+05 1.661061e+05 3.886106e+04 1.173767e+06 7.531058e+08
<GCONST> 8.691580e+01
<MIXTURE> 6 1.386113e-01
<MEAN> 6
 7.393198e+01 -1.098496e+01 7.269945e+01 1.994009e+01 -5.717466e+02 -1.219675e+03
<VARIANCE> 6
 5.263692e+02 1.298514e+05 1.753253e+05 3.119229e+04 2.064440e+05 5.048450e+07
<GCONST> 8.146470e+01
<MIXTURE> 7 9.761725e-02
<MEAN> 6
 -4.510223e+01 5.415092e+01 2.870775e+01 5.668652e+01 7.279446e+02 9.610808e+02
<VARIANCE> 6
 2.130137e+02 1.416151e+05 5.571618e+04 1.082260e+04 2.542397e+05 5.026736e+07
<GCONST> 7.864581e+01
<MIXTURE> 8 1.529848e-01
<MEAN> 6
 6.170144e+01 -9.781818e+00 1.784131e+01 -1.196120e+02 -7.087648e+02 2.717580e+03
<VARIANCE> 6
 1.270580e+03 1.226504e+05 4.239646e+04 4.113251e+04 6.376521e+05 2.260104e+08
<GCONST> 8.377260e+01
<MIXTURE> 9 1.126831e-01
<MEAN> 6
 9.211471e+01 -1.547944e+02 -8.152227e+01 -3.757470e+00 -3.178356e+01 -2.757195e+02
<VARIANCE> 6
 1.909812e+02 1.309763e+05 9.020613e+04 2.994282e+02 3.935073e+04 5.026736e+07
<GCONST> 7.348707e+01
<MIXTURE> 10 8.575264e-02
<MEAN> 6
 -5.841139e+01 -3.850383e+01 -3.730177e+01 6.367391e+00 3.518794e+02 -6.013044e+02
<VARIANCE> 6
 2.636823e+02 1.799500e+05 1.996663e+05 2.171859e+03 1.500625e+05 6.422943e+07
<GCONST> 7.848696e+01
<TRANSP> 5
 0.000000e+00 1.000000e+00 0.000000e+00 0.000000e+00 0.000000e+00
 0.000000e+00 9.998670e-01 1.329805e-04 0.000000e+00 0.000000e+00
 0.000000e+00 0.000000e+00 9.996574e-01 3.425916e-04 0.000000e+00
 0.000000e+00 0.000000e+00 0.000000e+00 9.999402e-01 5.984281e-05
 0.000000e+00 0.000000e+00 0.000000e+00 0.000000e+00 0.000000e+00
<ENDHMM>
~h "SegundoESO"
<BEGINHMM>
<NUMSTATES> 5
<STATE> 2
<NUMMIXES> 10
<MIXTURE> 1 1.060950e-01
<MEAN> 6
 8.059063e+01 1.122716e+03 5.407584e+03 1.749350e+00 -5.833919e+00 -1.431378e+02
<VARIANCE> 6
 1.204698e+02 6.321000e+07 4.581881e+07 9.943415e+02 3.935073e+04 5.026736e+07
<GCONST> 8.663605e+01
<MIXTURE> 2 7.527790e-02
<MEAN> 6
 7.618589e+01 1.075413e+03 1.535622e+02 -1.471119e+00 6.688313e-01 -1.125341e+02
<VARIANCE> 6
 3.175652e+01 1.306328e+06 3.300897e+06 2.994282e+02 3.935073e+04 5.026736e+07
<GCONST> 7.759280e+01
<MIXTURE> 3 1.354825e-01
<MEAN> 6
 5.820980e+01 3.690923e+02 -2.248485e+03 1.009459e-02 1.456463e+00 -7.963808e+01
<VARIANCE> 6
 3.175652e+01 7.513173e+04 3.969015e+06 2.994282e+02 3.935073e+04 5.026736e+07
<GCONST> 7.492139e+01
<MIXTURE> 4 1.194684e-01
<MEAN> 6
 7.355911e+01 3.556684e+02 -6.549254e+02 -8.978750e-01 -4.712413e+00 -7.579392e+01
<VARIANCE> 6
 3.175652e+01 3.764718e+04 2.857138e+04 2.994282e+02 3.935073e+04 5.026736e+07
<GCONST> 6.929654e+01
<MIXTURE> 5 1.012659e-01
<MEAN> 6
 7.450428e+01 -2.479315e+02 -5.188761e+03 -6.492853e-01 -3.763185e+00 -7.392805e+01
<VARIANCE> 6
 3.175652e+01 2.444255e+04 1.292784e+07 2.994282e+02 3.935073e+04 5.026736e+07
<GCONST> 7.497935e+01
<MIXTURE> 6 9.105136e-02
<MEAN> 6
 6.056005e+01 1.060528e+03 -1.142294e+03 -5.313557e-01 -1.868123e+00 -6.070918e+01
<VARIANCE> 6
 3.175652e+01 2.832962e+05 1.079916e+05 2.994282e+02 3.935073e+04 5.026736e+07
<GCONST> 7.264442e+01
<MIXTURE> 7 1.453526e-01
<MEAN> 6
 7.464285e+01 9.494875e+02 -3.015996e+03 -7.185112e-01 -3.574613e+00 -1.154360e+02
<VARIANCE> 6
 3.175652e+01 3.049718e+05 7.000840e+06 2.994282e+02 3.935073e+04 5.026736e+07
<GCONST> 7.688988e+01
<MIXTURE> 8 3.658124e-02
<MEAN> 6
 6.371241e+01 -5.131582e+02 -7.101918e+02 -5.627835e-01 1.721984e+00 -2.115341e+01
<VARIANCE> 6
 4.213474e+01 3.053207e+04 2.157035e+04 2.994282e+02 3.935073e+04 5.026736e+07
<GCONST> 6.908875e+01
<MIXTURE> 9 1.088874e-01
<MEAN> 6
 6.474923e+01 -2.778182e+01 -1.557583e+03 -1.993868e-01 -2.782577e+00 -1.886640e+02
<VARIANCE> 6
 3.175652e+01 8.973135e+04 5.507589e+04 2.994282e+02 3.935073e+04 5.026736e+07
<GCONST> 7.082141e+01
<MIXTURE> 10 8.043779e-02
<MEAN> 6
 7.470898e+01 5.684650e+02 -3.618169e+02 -1.609619e+00 -1.998031e+00 -1.161041e+02
<VARIANCE> 6
 3.175652e+01 6.518379e+05 4.354795e+06 2.994282e+02 3.935073e+04 5.026736e+07
<GCONST> 7.717471e+01
<STATE> 3
<NUMMIXES> 10
<MIXTURE> 1 6.688962e-02
<MEAN> 6
 8.412263e+01 -7.235016e+02 1.201608e+02 -2.489937e-01 -3.772389e+00 -1.035778e+02
<VARIANCE> 6
 3.175652e+01 1.321889e+04 2.035343e+04 2.994282e+02 3.935073e+04 5.026736e+07
<GCONST> 6.791077e+01
<MIXTURE> 2 1.466349e-01
<MEAN> 6
 6.656698e+01 2.978434e+02 1.203435e+02 -3.288200e-01 -4.184568e+00 -1.165705e+02
<VARIANCE> 6
 3.175652e+01 7.227886e+05 1.540419e+04 2.994282e+02 3.935073e+04 5.026736e+07
<GCONST> 7.163364e+01
<MIXTURE> 3 1.111781e-01
<MEAN> 6
 7.567982e+01 3.496925e+02 3.090488e+02 -1.992159e-02 -6.629417e+00 -1.022199e+02
<VARIANCE> 6
 3.175652e+01 1.235113e+05 1.021666e+05 2.994282e+02 3.935073e+04 5.026736e+07
<GCONST> 7.175882e+01
<MIXTURE> 4 8.149263e-02
<MEAN> 6
 6.070911e+01 9.589506e+02 -2.528372e+02 4.283316e-01 -2.899961e+00 -1.499797e+02
<VARIANCE> 6
 3.175652e+01 2.321978e+06 1.540419e+04 2.994282e+02 3.935073e+04 5.026736e+07
<GCONST> 7.280070e+01
<MIXTURE> 5 6.864000e-02
<MEAN> 6
 6.337198e+01 -1.738290e+01 1.994865e+02 -2.423087e-02 -3.953957e+00 -1.177320e+02
<VARIANCE> 6
 6.992298e+01 1.391833e+05 7.342720e+04 2.994282e+02 3.935073e+04 5.026736e+07
<GCONST> 7.233727e+01
<MIXTURE> 6 1.110748e-01
<MEAN> 6
 8.101221e+01 -1.784014e+03 8.596913e+01 -1.179037e+00 -5.136223e+00 -6.260720e+01
<VARIANCE> 6
 1.051566e+02 1.282066e+06 1.887266e+05 2.994282e+02 3.935073e+04 5.026736e+07
<GCONST> 7.590976e+01
<MIXTURE> 7 1.390444e-01
<MEAN> 6
 6.051789e+01 3.179788e+02 -4.891651e+01 2.676515e-01 -1.339693e+00 -1.177289e+02
<VARIANCE> 6
 3.175652e+01 1.223854e+05 2.036463e+04 2.994282e+02 3.935073e+04 5.026736e+07
<GCONST> 7.013686e+01
<MIXTURE> 8 1.029926e-01
<MEAN> 6
 7.280370e+01 -1.283676e+02 3.803925e+02 -2.941767e-02 -5.473355e+00 -8.962032e+01
<VARIANCE> 6
 3.175652e+01 1.778437e+05 1.259888e+05 2.994282e+02 3.935073e+04 5.026736e+07
<GCONST> 7.233298e+01
<MIXTURE> 9 9.908639e-02
<MEAN> 6
 6.318162e+01 -3.095127e+02 1.173351e-01 8.443313e-02 -2.687090e+00 -1.143243e+02
<VARIANCE> 6
 3.175652e+01 1.520252e+05 5.394867e+04 2.994282e+02 3.935073e+04 5.026736e+07
<GCONST> 7.132796e+01
<MIXTURE> 10 7.281579e-02
<MEAN> 6
 5.948265e+01 -8.074909e+02 -3.645395e+02 3.659507e-01 -3.141444e+00 -1.120559e+02
<VARIANCE> 6
 3.175652e+01 2.630434e+06 1.596168e+04 2.994282e+02 3.935073e+04 5.026736e+07
<GCONST> 7.296098e+01
<STATE> 4
<NUMMIXES> 10
<MIXTURE> 1 1.279793e-01
<MEAN> 6
 7.920629e+01 -7.442461e+01 -6.259779e+01 -5.358813e+00 -3.614566e+01 -9.271523e+01
<VARIANCE> 6
 1.360502e+02 5.108949e+05 4.898249e+05 2.994282e+02 3.935073e+04 5.026736e+07
<GCONST> 7.620102e+01
<MIXTURE> 2 1.084114e-01
<MEAN> 6
 3.650039e+01 1.334277e+02 1.976515e+02 -5.064528e+00 -3.480029e+02 2.758339e+02
<VARIANCE> 6
 2.388355e+03 9.990610e+06 6.436794e+06 4.388265e+04 1.012475e+06 3.843653e+08
<GCONST> 9.488461e+01
<MIXTURE> 3 1.040398e-01
<MEAN> 6
 -4.632338e+01 1.154367e+02 1.284826e+02 -1.576694e+01 1.211203e+03 1.748217e+02
<VARIANCE> 6
 2.188376e+02 7.178514e+05 7.431066e+05 2.915508e+04 4.242647e+05 2.682714e+08
<GCONST> 8.606421e+01
<MIXTURE> 4 8.446951e-02
<MEAN> 6
 4.499814e+01 2.560296e+02 1.892198e+02 1.276913e+02 -2.153443e+02 -9.892701e+02
<VARIANCE> 6
 5.323533e+02 7.696923e+05 5.225618e+05 1.053858e+04 6.918647e+04 5.026736e+07
<GCONST> 8.216503e+01
<MIXTURE> 5 8.339570e-02
<MEAN> 6
 4.119568e+00 5.121849e+01 5.732526e+01 -2.302720e+02 6.301574e+01 5.401581e+03
<VARIANCE> 6
 5.210872e+02 6.956423e+05 3.777891e+05 5.979866e+03 2.193529e+05 1.445344e+08
<GCONST> 8.336148e+01
<MIXTURE> 6 1.232867e-01
<MEAN> 6
 7.218553e+01 -1.197018e+02 9.517608e+01 -3.957222e+01 -8.224583e+02 -1.494925e+02
<VARIANCE> 6
 2.509237e+02 8.188146e+05 2.224022e+05 1.842127e+04 2.406657e+05 1.139000e+08
<GCONST> 8.324353e+01
<MIXTURE> 7 1.447308e-01
<MEAN> 6
 -1.444701e+01 4.003682e+01 -7.288528e+00 8.500950e+01 2.478042e+02 -2.063137e+03
<VARIANCE> 6
 3.999932e+02 2.695605e+05 1.151687e+05 1.865657e+04 1.118871e+05 5.026736e+07
<GCONST> 8.036948e+01
<MIXTURE> 8 8.020770e-02
<MEAN> 6
 -5.661316e+01 1.604488e+02 1.702090e+02 1.969114e+01 3.455920e+02 -2.912665e+01
<VARIANCE> 6
 1.730008e+02 5.609495e+05 1.773742e+06 1.415048e+03 1.100247e+05 5.026736e+07
<GCONST> 8.040279e+01
<MIXTURE> 9 6.425481e-02
<MEAN> 6
 8.426614e+01 -1.026113e+03 4.659449e+01 -4.439159e+00 -3.988544e+01 4.090372e+01
<VARIANCE> 6
 1.652992e+02 5.764394e+06 9.143084e+06 2.994282e+02 3.935073e+04 5.026736e+07
<GCONST> 8.174575e+01
<MIXTURE> 10 7.789769e-02
<MEAN> 6
 4.821664e+01 -1.460488e+01 -5.008805e+01 3.736191e+01 -3.782502e+02 -8.396671e+02
<VARIANCE> 6
 4.210464e+02 5.078808e+05 5.522431e+05 3.102854e+04 8.584284e+04 5.026736e+07
<GCONST> 8.286555e+01
<TRANSP> 5
 0.000000e+00 1.000000e+00 0.000000e+00 0.000000e+00 0.000000e+00
 0.000000e+00 9.994023e-01 5.976168e-04 0.000000e+00 0.000000e+00
 0.000000e+00 0.000000e+00 9.996512e-01 3.488338e-04 0.000000e+00
 0.000000e+00 0.000000e+00 0.000000e+00 9.999564e-01 4.364815e-05
 0.000000e+00 0.000000e+00 0.000000e+00 0.000000e+00 0.000000e+00
<ENDHMM>
~h "QuintoPRIMARIA"
<BEGINHMM>
<NUMSTATES> 5
<STATE> 2
<NUMMIXES> 10
<MIXTURE> 1 1.225170e-01
<MEAN> 6
 -4.863213e+01 3.386919e+01 8.522730e+00 3.007393e+01 3.860345e+02 3.987816e+01
<VARIANCE> 6
 2.509933e+02 6.786135e+04 7.757667e+04 2.596753e+03 1.239883e+05 5.026736e+07
<GCONST> 7.625976e+01
<MIXTURE> 2 7.117336e-02
<MEAN> 6
 7.084779e+01 8.647822e+01 -1.148615e+02 6.961830e+00 -1.051169e+03 5.832604e+02
<VARIANCE> 6
 8.447018e+02 6.295072e+05 5.568388e+05 4.246195e+04 1.089673e+06 6.672274e+08
<GCONST> 8.922536e+01
<MIXTURE> 3 7.906520e-02
<MEAN> 6
 3.798336e+00 6.580914e+01 1.483310e+02 8.334169e+01 1.686815e+02 -2.916643e+03
<VARIANCE> 6
 4.494506e+02 7.786718e+04 1.853370e+05 4.575171e+04 1.880815e+05 6.544602e+07
<GCONST> 8.140033e+01
<MIXTURE> 4 1.265995e-01
<MEAN> 6
 -4.222807e+01 -6.102506e+00 1.290199e+02 -3.703712e+01 1.220506e+03 1.472462e+03
<VARIANCE> 6
 3.861811e+02 1.934508e+05 2.914449e+05 4.103154e+04 5.975496e+05 4.330920e+08
<GCONST> 8.554810e+01
<MIXTURE> 5 7.895506e-02
<MEAN> 6
 7.331947e+01 6.212870e+01 6.006804e+01 -5.065227e+00 -3.377738e+01 -3.596380e+02
<VARIANCE> 6
 1.291973e+02 2.213367e+04 2.989283e+04 2.994282e+02 3.935073e+04 5.026736e+07
<GCONST> 7.021384e+01
<MIXTURE> 6 1.429376e-01
<MEAN> 6
 6.590283e+01 2.019830e+01 -1.064206e+01 3.311246e+01 -4.617169e+02 -9.246628e+02
<VARIANCE> 6
 3.677097e+02 1.432934e+05 5.106671e+04 2.258208e+04 1.665730e+05 5.026736e+07
<GCONST> 7.942906e+01
<MIXTURE> 7 9.712933e-02
<MEAN> 6
 7.858747e+01 -1.061427e+02 -2.593282e+02 -4.421969e+00 -2.873330e+01 -2.197458e+02
<VARIANCE> 6
 1.501904e+02 4.280012e+05 1.109644e+05 2.994282e+02 3.935073e+04 5.026736e+07
<GCONST> 7.463802e+01
<MIXTURE> 8 1.039588e-01
<MEAN> 6
 5.773763e+01 2.321550e+01 -1.430459e+01 -5.416847e+01 -7.746776e+02 2.014180e+03
<VARIANCE> 6
 6.332482e+02 4.528595e+04 9.072232e+04 3.892333e+04 3.507415e+05 1.640096e+08
<GCONST> 8.186703e+01
<MIXTURE> 9 9.310857e-02
<MEAN> 6
 6.152301e+01 -7.179533e+01 -1.033228e+02 -3.321557e-01 -1.341322e+01 -1.468223e+02
<VARIANCE> 6
 3.175652e+01 1.877989e+04 1.475655e+05 2.994282e+02 3.935073e+04 5.026736e+07
<GCONST> 7.024294e+01
<MIXTURE> 10 8.398850e-02
<MEAN> 6
 -1.750174e-01 -7.098241e+01 1.328848e+00 -4.403466e+01 1.474360e+02 -2.459595e+02
<VARIANCE> 6
 3.822380e+02 8.613166e+04 5.566644e+04 5.413486e+04 2.210881e+05 1.399402e+08
<GCONST> 8.122635e+01
<STATE> 3
<NUMMIXES> 10
<MIXTURE> 1 1.145334e-01
<MEAN> 6
 7.257604e+01 2.248999e+02 3.035206e+03 -2.402574e-02 -3.156989e+00 -9.829140e+01
<VARIANCE> 6
 1.731197e+02 1.381132e+05 8.927422e+05 2.994282e+02 3.935073e+04 5.026736e+07
<GCONST> 7.573414e+01
<MIXTURE> 2 7.312678e-02
<MEAN> 6
 7.451118e+01 -1.200134e+02 4.387471e+02 -2.712193e+00 -2.032613e+00 1.745003e+01
<VARIANCE> 6
 3.175652e+01 6.166978e+04 6.377042e+04 2.994282e+02 3.935073e+04 5.026736e+07
<GCONST> 7.059296e+01
<MIXTURE> 3 7.853020e-02
<MEAN> 6
 8.882437e+01 2.638539e+02 -2.257993e+02 -3.939101e+00 -7.716755e+00 3.762545e+01
<VARIANCE> 6
 4.747393e+01 1.841832e+05 2.101482e+04 2.994282e+02 3.935073e+04 5.026736e+07
<GCONST> 7.097912e+01
<MIXTURE> 4 1.703273e-01
<MEAN> 6
 6.540145e+01 5.258621e+01 -1.561888e+03 7.034660e-01 -2.920105e+00 -8.111780e+01
<VARIANCE> 6
 7.479716e+01 6.605179e+05 1.782891e+06 2.994282e+02 3.935073e+04 5.026736e+07
<GCONST> 7.715158e+01
<MIXTURE> 5 1.028456e-01
<MEAN> 6
 6.905608e+01 -7.345879e+02 2.434250e+01 -1.445016e+00 -1.075717e-01 -9.263223e+01
<VARIANCE> 6
 1.984659e+02 7.034366e+04 1.540419e+04 2.994282e+02 3.935073e+04 5.026736e+07
<GCONST> 7.113643e+01
<MIXTURE> 6 9.671529e-02
<MEAN> 6
 8.299429e+01 -5.594333e+01 9.820406e+01 -4.792428e+00 6.303379e+00 3.433260e+01
<VARIANCE> 6
 7.759817e+01 6.962070e+04 1.540419e+04 2.994282e+02 3.935073e+04 5.026736e+07
<GCONST> 7.018703e+01
<MIXTURE> 7 5.506529e-02
<MEAN> 6
 6.432534e+01 -1.444908e+03 -6.480017e+03 -5.314362e-01 -1.917852e+00 -5.899545e+01
<VARIANCE> 6
 3.175652e+01 1.352675e+06 3.749704e+06 2.994282e+02 3.935073e+04 5.026736e+07
<GCONST> 7.775515e+01
<MIXTURE> 8 1.236134e-01
<MEAN> 6
 8.380002e+01 -9.440133e+01 -2.425441e+02 -1.780349e+00 1.569797e-01 -4.649721e+01
<VARIANCE> 6
 3.175652e+01 4.037612e+04 2.988011e+04 2.994282e+02 3.935073e+04 5.026736e+07
<GCONST> 6.941131e+01
<MIXTURE> 9 8.369372e-02
<MEAN> 6
 7.555209e+01 -4.267294e+02 5.427203e+02 -1.593856e+00 -3.826968e+00 -9.260104e+01
<VARIANCE> 6
 3.175652e+01 1.321889e+04 2.154495e+05 2.994282e+02 3.935073e+04 5.026736e+07
<GCONST> 7.027026e+01
<MIXTURE> 10 1.013226e-01
<MEAN> 6
 8.212281e+01 -1.830246e+02 9.650767e+01 -4.453212e+00 5.062861e+00 1.500930e+01
<VARIANCE> 6
 7.153758e+01 8.335428e+04 1.540419e+04 2.994282e+02 3.935073e+04 5.026736e+07
<GCONST> 7.028574e+01
<STATE> 4
<NUMMIXES> 10
<MIXTURE> 1 1.115698e-01
<MEAN> 6
 8.976126e+01 2.840355e+02 9.964416e+02 -3.620657e+00 -1.236658e+01 3.087719e+01
<VARIANCE> 6
 1.884880e+02 4.174602e+06 3.188624e+06 2.994282e+02 3.935073e+04 5.026736e+07
<GCONST> 8.050093e+01
<MIXTURE> 2 1.591208e-02
<MEAN> 6
 -7.040026e+00 1.602913e+02 1.063251e+02 -1.918752e+01 5.110523e+01 3.315708e+03
<VARIANCE> 6
 1.156846e+04 1.993543e+05 4.074471e+05 1.883226e+06 1.028271e+09 1.512754e+12
<GCONST> 1.087484e+02
<MIXTURE> 3 1.014350e-01
<MEAN> 6
 -1.682274e+01 -1.344368e+02 9.729231e+01 5.963464e+01 4.402190e+02 -2.627307e+03
<VARIANCE> 6
 5.206005e+02 1.194534e+06 7.293944e+05 5.575082e+04 2.572250e+05 8.819308e+07
<GCONST> 8.645687e+01
<MIXTURE> 4 1.013543e-01
<MEAN> 6
 5.487127e+01 1.057564e+02 3.284669e+02 6.433105e+01 -4.488961e+02 -8.503710e+02
<VARIANCE> 6
 9.126881e+02 1.900084e+06 4.117530e+06 3.570218e+04 1.620718e+05 5.026736e+07
<GCONST> 8.774345e+01
<MIXTURE> 5 9.326072e-02
<MEAN> 6
 1.945164e+01 -2.111288e+01 -8.142019e+02 -1.175986e+02 -5.000485e+01 4.250550e+03
<VARIANCE> 6
 4.167003e+03 2.862623e+06 8.391104e+06 5.108084e+04 3.543026e+06 1.533253e+09
<GCONST> 9.724445e+01
<MIXTURE> 6 1.588034e-01
<MEAN> 6
 -5.952064e+01 -4.418447e+01 -1.386127e+01 3.416981e+01 5.140667e+02 7.119781e+01
<VARIANCE> 6
 2.616881e+02 6.283481e+05 1.716110e+06 7.726625e+03 2.562721e+05 5.300711e+07
<GCONST> 8.349319e+01
<MIXTURE> 7 9.664612e-02
<MEAN> 6
 8.928153e+01 4.341078e+02 1.604209e+01 -4.015491e+00 -1.976907e+01 -1.603643e+02
<VARIANCE> 6
 1.795268e+02 3.956234e+05 9.917318e+05 2.994282e+02 3.935073e+04 5.026736e+07
<GCONST> 7.692802e+01
<MIXTURE> 8 7.256074e-02
<MEAN> 6
 3.211231e+00 -2.052847e+02 1.739195e+01 -3.986909e+01 2.529157e+02 -8.181389e+02
<VARIANCE> 6
 4.127714e+03 2.677514e+05 3.306594e+05 4.752925e+04 1.517291e+06 6.333505e+08
<GCONST> 8.982747e+01
<MIXTURE> 9 1.519894e-01
<MEAN> 6
 6.610536e+01 -1.220505e+02 -9.055356e+01 -1.660191e+01 -5.852407e+02 1.238778e+01
<VARIANCE> 6
 5.643571e+02 5.672262e+05 5.522197e+05 3.105609e+04 2.615544e+05 7.666110e+07
<GCONST> 8.480602e+01
<MIXTURE> 10 9.575953e-02
<MEAN> 6
 8.186873e+01 6.923264e+01 -5.876802e+01 -1.684382e+00 -1.920762e+01 -2.014221e+02
<VARIANCE> 6
 1.892075e+02 4.238632e+05 9.630141e+05 2.994282e+02 3.935073e+04 5.026736e+07
<GCONST> 7.702010e+01
<TRANSP> 5
 0.000000e+00 1.000000e+00 0.000000e+00 0.000000e+00 0.000000e+00
 0.000000e+00 9.999211e-01 7.891504e-05 0.000000e+00 0.000000e+00
 0.000000e+00 0.000000e+00 9.996378e-01 3.621374e-04 0.000000e+00
 0.000000e+00 0.000000e+00 0.000000e+00 9.999205e-01 7.948165e-05
 0.000000e+00 0.000000e+00 0.000000e+00 0.000000e+00 0.000000e+00
<ENDHMM>
