~o
<STREAMINFO> 1 6
<VECSIZE> 6<NULLD><USER><DIAGC>
~h "SegundoPRIMARIA"
<BEGINHMM>
<NUMSTATES> 3
<STATE> 2
<NUMMIXES> 9
<MIXTURE> 1 3.937627e-03
<MEAN> 6
 1.611633e+01 -3.868427e+02 6.308290e+00 4.360608e+01 -6.880154e+02 1.019552e+03
<VARIANCE> 6
 9.531791e+03 7.054247e+05 9.892532e+05 1.343205e+06 7.285019e+08 1.053632e+12
<GCONST> 1.096612e+02
<MIXTURE> 2 8.265795e-02
<MEAN> 6
 9.191306e+01 -1.875355e+02 1.604636e+02 -4.256863e+00 -1.736193e+01 -2.002498e+02
<VARIANCE> 6
 3.913275e+02 6.310608e+06 1.948864e+06 3.002923e+02 4.018809e+04 5.149968e+07
<GCONST> 8.120048e+01
<MIXTURE> 3 8.071148e-02
<MEAN> 6
 3.441151e+01 3.727466e+01 -6.757982e+01 -5.649151e+01 -1.554068e+02 3.862904e+03
<VARIANCE> 6
 4.983637e+03 3.549356e+06 1.697769e+06 6.582559e+04 4.117366e+06 2.019961e+09
<GCONST> 9.672012e+01
<MIXTURE> 4 1.543516e-01
<MEAN> 6
 -2.925268e+01 -2.794584e+01 7.910560e+00 -6.650546e+00 9.638730e+02 -8.103108e+02
<VARIANCE> 6
 6.442037e+02 1.802913e+05 9.116170e+04 5.532361e+04 6.402478e+05 3.021830e+08
<GCONST> 8.483511e+01
<MIXTURE> 5 1.672114e-01
<MEAN> 6
 5.016405e+01 5.529420e+01 7.228149e+01 5.873126e+01 -2.740276e+02 -9.484210e+02
<VARIANCE> 6
 1.205555e+03 2.496932e+05 3.081517e+05 4.471639e+04 2.159530e+05 5.149968e+07
<GCONST> 8.393629e+01
<MIXTURE> 6 1.180804e-01
<MEAN> 6
 8.733054e+01 1.412814e+02 6.458228e+01 -2.664722e+00 -2.380180e+01 -1.560667e+02
<VARIANCE> 6
 3.421273e+02 3.147116e+05 2.146220e+05 3.002923e+02 4.018809e+04 5.149968e+07
<GCONST> 7.586166e+01
<MIXTURE> 7 1.299695e-01
<MEAN> 6
 -5.374555e+01 4.892348e+01 -5.369471e+01 2.216492e+01 3.844166e+02 2.321820e+02
<VARIANCE> 6
 3.539562e+02 2.558327e+05 3.600121e+05 4.720763e+03 1.416417e+05 5.149968e+07
<GCONST> 8.022047e+01
<MIXTURE> 8 1.450462e-01
<MEAN> 6
 7.868507e+01 -3.240085e+01 2.597244e+01 -4.251896e+01 -9.000066e+02 -7.585257e+01
<VARIANCE> 6
 8.319271e+02 1.688241e+05 8.764408e+04 4.490864e+04 7.664682e+05 3.483225e+08
<GCONST> 8.509923e+01
<MIXTURE> 9 1.161618e-01
<MEAN> 6
 7.895557e+01 -8.007130e+01 -2.203310e+02 -1.422797e+00 -1.972083e+01 -1.570192e+02
<VARIANCE> 6
 2.268507e+02 1.854860e+05 2.193019e+05 3.002923e+02 4.018809e+04 5.149968e+07
<GCONST> 7.494366e+01
<TRANSP> 3
 0.000000e+00 1.000000e+00 0.000000e+00
 0.000000e+00 9.999631e-01 3.689872e-05
 0.000000e+00 0.000000e+00 0.000000e+00
<ENDHMM>
~h "SegundoESO"
<BEGINHMM>
<NUMSTATES> 3
<STATE> 2
<NUMMIXES> 9
<MIXTURE> 1 6.304247e-02
<MEAN> 6
 4.745187e+01 -3.693939e+02 4.421388e+02 2.516180e+01 -1.676804e+02 -2.165871e+02
<VARIANCE> 6
 1.965439e+03 2.202056e+07 1.334123e+07 2.279856e+04 1.491440e+05 5.149968e+07
<GCONST> 9.162880e+01
<MIXTURE> 2 1.189708e-01
<MEAN> 6
 7.965266e+01 9.163983e+01 -8.126010e+02 -3.013928e+00 -2.152485e+01 -3.900622e+00
<VARIANCE> 6
 2.018999e+02 1.383909e+06 7.341930e+06 3.002923e+02 4.018809e+04 5.149968e+07
<GCONST> 8.034774e+01
<MIXTURE> 3 8.723576e-02
<MEAN> 6
 3.372808e+00 1.582276e+02 5.384505e+02 -8.611058e+01 1.925870e+02 3.015391e+03
<VARIANCE> 6
 3.062575e+03 2.272364e+06 3.929286e+06 4.676361e+04 1.831076e+06 5.441043e+08
<GCONST> 9.416251e+01
<MIXTURE> 4 1.091366e-01
<MEAN> 6
 -3.422745e+01 5.854759e+01 3.159578e+01 4.673532e+00 7.568204e+02 -9.093229e+02
<VARIANCE> 6
 3.915470e+02 2.987605e+05 1.293622e+05 2.867251e+04 3.414375e+05 1.452816e+08
<GCONST> 8.317393e+01
<MIXTURE> 5 1.813154e-01
<MEAN> 6
 2.638631e+01 4.103991e+01 1.453422e+01 2.830713e+01 -1.456650e+02 -2.685689e+02
<VARIANCE> 6
 6.816769e+02 3.846543e+05 2.260039e+05 3.462996e+04 8.134399e+04 5.149968e+07
<GCONST> 8.225623e+01
<MIXTURE> 6 1.001136e-01
<MEAN> 6
 7.449205e+01 5.089630e+00 7.876726e+01 -2.244015e+00 -2.535438e+01 -1.257098e+02
<VARIANCE> 6
 1.245932e+02 4.120689e+05 1.612922e+05 3.002923e+02 4.018809e+04 5.149968e+07
<GCONST> 7.483540e+01
<MIXTURE> 7 1.311299e-01
<MEAN> 6
 7.035232e+01 -1.050832e+02 1.118555e+02 -1.731537e+01 -7.642535e+02 -2.725287e+02
<VARIANCE> 6
 3.100930e+02 9.088192e+05 3.732521e+05 2.183591e+04 1.967495e+05 9.408575e+07
<GCONST> 8.385476e+01
<MIXTURE> 8 1.128643e-01
<MEAN> 6
 -4.264990e+01 2.764825e+01 2.391891e+01 3.068034e+01 4.032239e+02 -3.700603e+02
<VARIANCE> 6
 4.106964e+02 5.534776e+05 6.967986e+05 9.483350e+03 1.218139e+05 5.149968e+07
<GCONST> 8.234798e+01
<MIXTURE> 9 9.401698e-02
<MEAN> 6
 6.927214e+01 -5.354535e+01 -1.051855e+02 -9.694159e-01 -2.333277e+01 -1.071735e+02
<VARIANCE> 6
 1.022894e+02 1.190352e+06 1.533472e+05 3.002923e+02 4.018809e+04 5.149968e+07
<GCONST> 7.564846e+01
<TRANSP> 3
 0.000000e+00 1.000000e+00 0.000000e+00
 0.000000e+00 9.999634e-01 3.661462e-05
 0.000000e+00 0.000000e+00 0.000000e+00
<ENDHMM>
~h "QuintoPRIMARIA"
<BEGINHMM>
<NUMSTATES> 3
<STATE> 2
<NUMMIXES> 9
<MIXTURE> 1 1.076898e-01
<MEAN> 6
 7.956030e+01 6.677148e+01 2.201100e+01 -3.805635e+00 -1.938190e+01 -1.740367e+02
<VARIANCE> 6
 2.011280e+02 2.054227e+05 1.693775e+05 3.002923e+02 4.018809e+04 5.149968e+07
<GCONST> 7.466708e+01
<MIXTURE> 2 8.116722e-03
<MEAN> 6
 3.696152e+00 -1.755594e+02 7.356641e+01 -4.585775e+00 -3.445834e+02 1.126398e+03
<VARIANCE> 6
 1.147411e+04 1.909839e+06 4.258960e+05 1.719719e+06 9.380304e+08 1.377890e+12
<GCONST> 1.107681e+02
<MIXTURE> 3 2.043883e-01
<MEAN> 6
 -4.300341e+01 -7.365916e+01 1.772834e+01 3.433276e+01 6.026779e+02 -6.694211e+02
<VARIANCE> 6
 5.316445e+02 2.184653e+05 2.902090e+05 2.155136e+04 2.722499e+05 7.857986e+07
<GCONST> 8.284827e+01
<MIXTURE> 4 1.147983e-01
<MEAN> 6
 1.929400e+01 1.409311e+02 2.976142e+02 2.607223e+01 -1.943667e+02 -8.945115e+02
<VARIANCE> 6
 2.741626e+03 2.056568e+06 3.625207e+06 3.910497e+04 3.846416e+05 5.682322e+07
<GCONST> 8.987307e+01
<MIXTURE> 5 1.380537e-01
<MEAN> 6
 7.885838e+01 1.207614e+02 2.999410e+01 -1.911430e+00 -1.931019e+01 4.291187e+00
<VARIANCE> 6
 2.612116e+02 2.077046e+06 6.029683e+06 3.002923e+02 4.018809e+04 5.149968e+07
<GCONST> 8.081442e+01
<MIXTURE> 6 1.286335e-01
<MEAN> 6
 5.202788e+01 -7.072460e+00 -1.737941e+01 3.499269e+01 -3.634089e+02 -6.642354e+02
<VARIANCE> 6
 7.334067e+02 1.281130e+05 1.957788e+05 2.879847e+04 1.319705e+05 5.149968e+07
<GCONST> 8.138587e+01
<MIXTURE> 7 7.796370e-02
<MEAN> 6
 -2.804513e+00 -7.922619e+01 -5.333575e+02 -1.051330e+02 4.068322e+02 4.084154e+03
<VARIANCE> 6
 3.858500e+03 1.341323e+06 5.408844e+06 4.953962e+04 2.869054e+06 1.224131e+09
<GCONST> 9.550353e+01
<MIXTURE> 8 1.074918e-01
<MEAN> 6
 5.661518e+01 -2.376709e+01 1.645859e+01 -4.739713e+01 -7.046838e+02 3.425169e+02
<VARIANCE> 6
 1.128004e+03 3.228012e+05 1.322247e+05 4.116508e+04 6.267236e+05 2.644204e+08
<GCONST> 8.589917e+01
<MIXTURE> 9 1.111382e-01
<MEAN> 6
 7.325757e+01 -1.256537e+02 -2.568731e+01 -1.905810e+00 -1.803902e+01 -1.713564e+02
<VARIANCE> 6
 1.632611e+02 1.686409e+05 1.645929e+05 3.002923e+02 4.018809e+04 5.149968e+07
<GCONST> 7.423254e+01
<TRANSP> 3
 0.000000e+00 1.000000e+00 0.000000e+00
 0.000000e+00 9.999642e-01 3.574400e-05
 0.000000e+00 0.000000e+00 0.000000e+00
<ENDHMM>
