~o
<STREAMINFO> 1 6
<VECSIZE> 6<NULLD><USER><DIAGC>
~h "SegundoPRIMARIA"
<BEGINHMM>
<NUMSTATES> 5
<STATE> 2
<MEAN> 6
 7.499431e+01 -5.406723e+00 -1.457134e+02 -5.272106e+00 8.560633e+00 -6.844383e+01
<VARIANCE> 6
 1.329312e+03 7.773789e+05 1.027582e+06 5.099682e+03 3.364979e+05 9.180606e+07
<GCONST> 8.522456e+01
<STATE> 3
<MEAN> 6
 7.347200e+01 -7.134949e+01 1.718035e+01 -7.093653e-01 -2.476880e+00 -9.672336e+01
<VARIANCE> 6
 1.404308e+02 2.240294e+06 8.642722e+05 2.969175e+02 3.992992e+04 5.125877e+07
<GCONST> 7.830447e+01
<STATE> 4
<MEAN> 6
 3.075207e+01 1.294847e+01 -1.696526e+00 5.673666e-01 3.600949e-01 1.670007e+01
<VARIANCE> 6
 4.062362e+03 7.727063e+05 4.839098e+05 4.060338e+04 4.473588e+06 5.271315e+09
<GCONST> 9.429494e+01
<TRANSP> 5
 0.000000e+00 1.000000e+00 0.000000e+00 0.000000e+00 0.000000e+00
 0.000000e+00 9.954327e-01 4.567286e-03 0.000000e+00 0.000000e+00
 0.000000e+00 0.000000e+00 9.997557e-01 2.443228e-04 0.000000e+00
 0.000000e+00 0.000000e+00 0.000000e+00 9.999558e-01 4.415567e-05
 0.000000e+00 0.000000e+00 0.000000e+00 0.000000e+00 0.000000e+00
<ENDHMM>
~h "SegundoESO"
<BEGINHMM>
<NUMSTATES> 5
<STATE> 2
<MEAN> 6
 7.133356e+01 5.443075e+02 -2.030126e+03 -1.203794e-01 -4.134137e+00 -7.370845e+01
<VARIANCE> 6
 1.152088e+02 1.237083e+07 9.337138e+06 2.969175e+02 3.992992e+04 5.125877e+07
<GCONST> 8.219511e+01
<STATE> 3
<MEAN> 6
 6.760871e+01 1.266279e+02 -1.951479e+02 -1.110796e-01 -3.739086e+00 -1.248332e+02
<VARIANCE> 6
 6.991119e+01 4.354014e+05 6.160804e+05 2.969175e+02 3.992992e+04 5.125877e+07
<GCONST> 7.563038e+01
<STATE> 4
<MEAN> 6
 2.397180e+01 -4.380969e+01 1.208254e+02 3.554077e-01 7.797894e-01 2.304725e+01
<VARIANCE> 6
 2.762794e+03 1.750621e+06 1.386187e+06 2.326470e+04 4.927802e+05 1.012109e+08
<GCONST> 8.906403e+01
<TRANSP> 5
 0.000000e+00 1.000000e+00 0.000000e+00 0.000000e+00 0.000000e+00
 0.000000e+00 9.990152e-01 9.847851e-04 0.000000e+00 0.000000e+00
 0.000000e+00 0.000000e+00 9.997131e-01 2.868726e-04 0.000000e+00
 0.000000e+00 0.000000e+00 0.000000e+00 9.999560e-01 4.406947e-05
 0.000000e+00 0.000000e+00 0.000000e+00 0.000000e+00 0.000000e+00
<ENDHMM>
~h "QuintoPRIMARIA"
<BEGINHMM>
<NUMSTATES> 5
<STATE> 2
<MEAN> 6
 7.419793e+01 -1.409756e+02 -6.422710e+02 -4.756281e-01 -1.820376e+00 -7.811492e+01
<VARIANCE> 6
 2.619413e+02 1.582482e+06 1.142211e+07 2.969175e+02 3.992992e+04 5.125877e+07
<GCONST> 8.116168e+01
<STATE> 3
<MEAN> 6
 7.041117e+01 -1.096797e+01 -1.627478e+02 -3.793662e-01 -5.879939e+00 -1.468743e+02
<VARIANCE> 6
 1.589453e+02 3.064963e+05 3.485234e+05 2.969175e+02 3.992992e+04 5.125877e+07
<GCONST> 7.553098e+01
<STATE> 4
<MEAN> 6
 2.660061e+01 8.947072e+00 5.655297e+01 3.143543e-01 9.674990e-01 2.668699e+01
<VARIANCE> 6
 3.533126e+03 7.980613e+05 1.535137e+06 4.372377e+04 9.651881e+06 1.337140e+10
<GCONST> 9.711596e+01
<TRANSP> 5
 0.000000e+00 1.000000e+00 0.000000e+00 0.000000e+00 0.000000e+00
 0.000000e+00 9.991894e-01 8.106487e-04 0.000000e+00 0.000000e+00
 0.000000e+00 0.000000e+00 9.996957e-01 3.043288e-04 0.000000e+00
 0.000000e+00 0.000000e+00 0.000000e+00 9.999574e-01 4.262017e-05
 0.000000e+00 0.000000e+00 0.000000e+00 0.000000e+00 0.000000e+00
<ENDHMM>
