~o
<STREAMINFO> 1 6
<VECSIZE> 6<NULLD><USER><DIAGC>
~h "SegundoPRIMARIA"
<BEGINHMM>
<NUMSTATES> 4
<STATE> 2
<NUMMIXES> 14
<MIXTURE> 1 7.039188e-02
<MEAN> 6
 8.323866e+01 2.068150e+02 1.119197e+02 -2.662193e+00 -1.732802e+01 -1.945312e+02
<VARIANCE> 6
 4.069544e+02 3.464326e+05 1.151808e+05 2.949931e+02 3.923279e+04 5.036115e+07
<GCONST> 7.544461e+01
<MIXTURE> 2 2.907690e-02
<MEAN> 6
 7.564784e+01 1.114062e+02 1.580859e+02 2.681783e+00 -1.193227e+03 4.906202e+03
<VARIANCE> 6
 3.114910e+03 6.668038e+05 8.751632e+05 7.642722e+04 6.610884e+06 4.950994e+09
<GCONST> 9.543481e+01
<MIXTURE> 3 5.826162e-02
<MEAN> 6
 3.028521e+01 8.534411e+01 4.393817e+01 2.503892e+02 -6.227645e+01 -2.596582e+03
<VARIANCE> 6
 6.850648e+02 1.297813e+05 7.712051e+04 7.375865e+03 2.715157e+05 9.012984e+07
<GCONST> 8.031801e+01
<MIXTURE> 4 8.198446e-02
<MEAN> 6
 9.266199e+01 3.227849e+01 3.678337e+01 3.944032e+01 -8.868137e+02 -2.341045e+03
<VARIANCE> 6
 4.618711e+02 2.900236e+05 7.619025e+04 2.858317e+04 1.503216e+06 6.907308e+08
<GCONST> 8.581821e+01
<MIXTURE> 5 8.156303e-02
<MEAN> 6
 -4.528436e+01 1.333702e+01 -4.629844e+01 -8.163053e+01 1.603794e+03 -5.249104e+02
<VARIANCE> 6
 4.059328e+02 1.603693e+05 1.638416e+05 4.281681e+04 9.762371e+05 7.590405e+08
<GCONST> 8.592905e+01
<MIXTURE> 6 6.615553e-02
<MEAN> 6
 8.501307e+01 -1.623408e+01 2.472678e+01 -2.894288e+00 -2.744079e+01 -2.541824e+02
<VARIANCE> 6
 1.410573e+02 3.472954e+04 3.341011e+04 2.949931e+02 3.923279e+04 5.036115e+07
<GCONST> 7.084734e+01
<MIXTURE> 7 9.044343e-02
<MEAN> 6
 1.728428e+01 1.826189e+00 6.594419e+01 -2.917287e+02 -1.724120e+02 8.261554e+03
<VARIANCE> 6
 6.041539e+02 8.834312e+04 1.529192e+05 1.035806e+04 6.463628e+05 2.943762e+08
<GCONST> 8.288274e+01
<MIXTURE> 8 1.189070e-01
<MEAN> 6
 -3.933154e+01 3.337526e+01 7.843504e+00 6.530895e+01 7.743190e+02 -9.720765e+02
<VARIANCE> 6
 3.103711e+02 1.115756e+05 5.094730e+04 1.896479e+04 1.988330e+05 5.896620e+07
<GCONST> 7.916907e+01
<MIXTURE> 9 7.796964e-02
<MEAN> 6
 8.380434e+01 2.130758e+01 8.641401e+01 2.136887e+00 -5.320646e+02 -6.449531e+02
<VARIANCE> 6
 3.024524e+02 8.801979e+04 1.761537e+05 1.738386e+04 1.385406e+05 5.187674e+07
<GCONST> 7.957021e+01
<MIXTURE> 10 5.173158e-02
<MEAN> 6
 7.035849e+01 -8.155361e+01 -4.656575e+02 -4.315802e-01 -3.489211e+00 -1.155961e+02
<VARIANCE> 6
 3.128975e+01 4.465669e+04 1.596712e+05 2.949931e+02 3.923279e+04 5.036115e+07
<GCONST> 7.115714e+01
<MIXTURE> 11 6.539141e-02
<MEAN> 6
 -5.245951e+01 5.291054e+01 -1.151063e+01 6.418650e+00 2.104580e+02 4.081024e+02
<VARIANCE> 6
 1.797757e+02 9.908842e+04 1.098482e+05 7.535491e+02 8.097435e+04 5.036115e+07
<GCONST> 7.499100e+01
<MIXTURE> 12 8.373618e-02
<MEAN> 6
 7.657339e+01 -1.420242e+02 -2.399591e+02 -8.280783e-01 -9.304289e+00 -1.927427e+02
<VARIANCE> 6
 2.863674e+02 2.477595e+05 1.055936e+05 2.949931e+02 3.923279e+04 5.036115e+07
<GCONST> 7.467105e+01
<MIXTURE> 13 6.442904e-02
<MEAN> 6
 7.627605e+01 -2.311915e+01 1.714678e+01 -1.175284e+02 -9.924371e+02 -1.236624e+03
<VARIANCE> 6
 3.168791e+02 6.235310e+04 4.928864e+04 2.047943e+04 2.967133e+05 8.426244e+07
<GCONST> 7.940894e+01
<MIXTURE> 14 5.921115e-02
<MEAN> 6
 2.273504e+01 -1.253134e+01 -3.983721e+01 2.487981e+02 2.496645e+00 -4.065017e+03
<VARIANCE> 6
 6.776880e+02 1.197464e+05 5.955888e+04 7.546553e+03 2.123947e+05 7.938626e+07
<GCONST> 7.961869e+01
<STATE> 3
<NUMMIXES> 14
<MIXTURE> 1 1.110309e-02
<MEAN> 6
 -2.511055e-01 -1.028173e+03 -3.347932e+00 7.242980e+00 -4.963540e+01 6.408996e+03
<VARIANCE> 6
 8.664069e+03 4.683781e+06 1.159548e+06 1.495382e+06 8.153758e+08 1.181462e+12
<GCONST> 1.119522e+02
<MIXTURE> 2 7.601047e-02
<MEAN> 6
 1.049431e+02 8.051523e+02 4.675129e+02 -4.466646e+00 -2.083466e+01 -1.408536e+02
<VARIANCE> 6
 3.636519e+02 1.150249e+06 4.152315e+05 2.949931e+02 3.923279e+04 5.036115e+07
<GCONST> 7.781448e+01
<MIXTURE> 3 3.504308e-02
<MEAN> 6
 3.725199e+01 -1.275394e+03 3.547467e+02 -2.656480e+01 2.907940e+01 5.090788e+02
<VARIANCE> 6
 4.537932e+03 4.230090e+07 1.493257e+06 2.061558e+04 3.363517e+05 1.062214e+08
<GCONST> 9.236504e+01
<MIXTURE> 4 7.433029e-02
<MEAN> 6
 -3.389943e+01 -9.211551e+01 -3.998861e+01 -2.939696e+01 1.025744e+03 1.503201e+02
<VARIANCE> 6
 6.040665e+02 3.383959e+05 4.486129e+05 5.564114e+04 6.234564e+05 3.054381e+08
<GCONST> 8.698381e+01
<MIXTURE> 5 1.048511e-01
<MEAN> 6
 8.545999e+01 7.971559e+01 -6.073969e+01 -2.612849e+00 -2.103138e+01 -7.144692e+01
<VARIANCE> 6
 8.768645e+01 5.459166e+05 3.406726e+06 2.949931e+02 3.923279e+04 5.036115e+07
<GCONST> 7.775146e+01
<MIXTURE> 6 6.677619e-02
<MEAN> 6
 3.507227e+01 3.629280e+02 -2.097509e+02 -4.239481e+01 -1.841490e+02 1.984699e+03
<VARIANCE> 6
 4.426195e+03 1.788975e+06 2.056439e+06 7.952848e+04 3.813622e+06 2.522491e+09
<GCONST> 9.644267e+01
<MIXTURE> 7 1.044879e-01
<MEAN> 6
 2.823942e+01 2.435377e+01 7.848140e+01 7.211217e+01 -1.124547e+02 -7.822785e+02
<VARIANCE> 6
 9.481688e+02 2.536361e+05 8.791704e+05 4.911164e+04 1.567152e+05 5.036115e+07
<GCONST> 8.451096e+01
<MIXTURE> 8 6.901803e-02
<MEAN> 6
 1.031943e+02 -2.550713e+02 1.292354e+02 -5.017622e+00 -3.091460e+01 1.283038e+01
<VARIANCE> 6
 1.255856e+02 1.513652e+05 1.677944e+05 2.949931e+02 3.923279e+04 5.036115e+07
<GCONST> 7.381714e+01
<MIXTURE> 9 7.046804e-02
<MEAN> 6
 9.095774e+01 2.742858e+01 1.045948e+02 3.183672e+00 -6.377189e+02 -5.061589e+01
<VARIANCE> 6
 3.198503e+02 3.907462e+05 1.037460e+06 1.549789e+04 2.803172e+05 1.280433e+08
<GCONST> 8.438323e+01
<MIXTURE> 10 8.872907e-02
<MEAN> 6
 6.832256e+01 -3.866413e+02 4.134720e+02 8.576803e-01 -3.322232e+00 -1.414128e+02
<VARIANCE> 6
 4.169152e+01 3.066897e+05 8.695681e+05 2.949931e+02 3.923279e+04 5.036115e+07
<GCONST> 7.506586e+01
<MIXTURE> 11 7.921588e-02
<MEAN> 6
 -6.195377e+01 9.855208e+01 -2.248107e+02 -2.709618e+00 1.723901e+02 3.317424e+02
<VARIANCE> 6
 5.128418e+02 3.519490e+05 6.468132e+05 9.432996e+02 6.560104e+04 5.036115e+07
<GCONST> 7.909375e+01
<MIXTURE> 12 7.706103e-02
<MEAN> 6
 9.680218e+01 -1.612691e+02 -3.222116e+02 -4.575134e+00 -2.567335e+01 -8.020959e+01
<VARIANCE> 6
 7.540063e+01 9.948002e+05 1.394380e+05 2.949931e+02 3.923279e+04 5.036115e+07
<GCONST> 7.500470e+01
<MIXTURE> 13 7.586806e-02
<MEAN> 6
 -5.617097e+01 2.031478e+01 -1.638016e+02 5.548253e+01 7.376119e+02 -1.148705e+03
<VARIANCE> 6
 5.791007e+02 2.814922e+05 1.499116e+06 1.773738e+04 2.642876e+05 1.249758e+08
<GCONST> 8.506884e+01
<MIXTURE> 14 6.660966e-02
<MEAN> 6
 7.084269e+01 -2.139627e+02 5.704316e+01 -5.178241e+01 -1.052129e+03 -5.979846e+02
<VARIANCE> 6
 4.879727e+02 3.294518e+05 9.702471e+05 4.722633e+04 4.464352e+05 1.642517e+08
<GCONST> 8.639668e+01
<TRANSP> 4
 0.000000e+00 1.000000e+00 0.000000e+00 0.000000e+00
 0.000000e+00 9.999453e-01 5.468010e-05 0.000000e+00
 0.000000e+00 0.000000e+00 9.998865e-01 1.135475e-04
 0.000000e+00 0.000000e+00 0.000000e+00 0.000000e+00
<ENDHMM>
~h "SegundoESO"
<BEGINHMM>
<NUMSTATES> 4
<STATE> 2
<NUMMIXES> 14
<MIXTURE> 1 3.607431e-02
<MEAN> 6
 8.597319e+01 9.472310e+02 1.634505e+03 -2.259359e+00 -2.458583e+01 -6.706477e+01
<VARIANCE> 6
 1.972540e+02 4.854495e+07 3.947636e+07 2.949931e+02 3.923279e+04 5.036115e+07
<GCONST> 8.549992e+01
<MIXTURE> 2 6.371847e-02
<MEAN> 6
 1.760993e+00 3.113629e+02 9.485210e+02 -7.124315e+01 1.491906e+02 1.355552e+03
<VARIANCE> 6
 2.316679e+03 2.525795e+07 9.627044e+06 5.462173e+04 1.120235e+06 2.982341e+08
<GCONST> 9.625051e+01
<MIXTURE> 3 7.340761e-02
<MEAN> 6
 7.533421e+01 1.126721e+03 -1.793272e+03 -3.626575e-02 -1.015226e+01 -8.437052e+01
<VARIANCE> 6
 3.128975e+01 5.226882e+05 3.934489e+06 2.949931e+02 3.923279e+04 5.036115e+07
<GCONST> 7.682153e+01
<MIXTURE> 4 9.691279e-02
<MEAN> 6
 -4.684338e+01 7.011780e+02 9.786096e+02 1.598485e+01 5.684493e+02 -9.499786e+01
<VARIANCE> 6
 4.348481e+02 1.653125e+06 6.482967e+06 2.033080e+04 2.697156e+05 5.036115e+07
<GCONST> 8.726486e+01
<MIXTURE> 5 8.798216e-02
<MEAN> 6
 6.649861e+01 1.075189e+02 1.997881e+02 -2.435424e-01 -3.408394e+00 -1.000657e+02
<VARIANCE> 6
 3.128975e+01 4.129732e+05 2.088438e+04 2.949931e+02 3.923279e+04 5.036115e+07
<GCONST> 7.134740e+01
<MIXTURE> 6 6.195051e-02
<MEAN> 6
 2.897188e+01 1.426064e+03 -1.823174e+03 6.304460e+01 -6.584790e+01 -9.231953e+02
<VARIANCE> 6
 1.102341e+03 5.662326e+06 5.415404e+06 2.757599e+04 6.156178e+04 5.036115e+07
<GCONST> 8.807378e+01
<MIXTURE> 7 7.477675e-02
<MEAN> 6
 6.260626e+01 3.346407e+02 -2.646195e+02 4.217713e-01 -2.789395e+00 -1.069526e+02
<VARIANCE> 6
 3.893389e+01 2.769490e+06 1.774658e+04 2.949931e+02 3.923279e+04 5.036115e+07
<GCONST> 7.330620e+01
<MIXTURE> 8 8.222461e-02
<MEAN> 6
 7.402495e+01 2.613254e+02 4.597864e+02 -6.902975e-01 -6.700424e+00 -8.155293e+01
<VARIANCE> 6
 3.128975e+01 1.383890e+05 8.951315e+05 2.949931e+02 3.923279e+04 5.036115e+07
<GCONST> 7.401205e+01
<MIXTURE> 9 8.156633e-02
<MEAN> 6
 6.037377e+01 9.063934e+01 -6.913130e+01 1.468873e-01 -8.891041e-01 -1.093549e+02
<VARIANCE> 6
 3.128975e+01 1.855933e+05 2.039100e+04 2.949931e+02 3.923279e+04 5.036115e+07
<GCONST> 7.052367e+01
<MIXTURE> 10 4.880461e-02
<MEAN> 6
 5.810611e+01 1.714839e+02 -1.130886e+03 2.420670e-01 9.448270e-01 -1.109517e+02
<VARIANCE> 6
 3.128975e+01 1.002165e+05 2.257034e+06 2.949931e+02 3.923279e+04 5.036115e+07
<GCONST> 7.461415e+01
<MIXTURE> 11 8.621442e-02
<MEAN> 6
 7.483051e+01 -5.963907e+02 6.924496e+02 -8.139778e+00 -6.674961e+02 -1.035701e+02
<VARIANCE> 6
 3.940388e+02 5.578312e+06 6.688364e+06 2.562178e+04 2.039644e+05 5.367147e+07
<GCONST> 8.842928e+01
<MIXTURE> 12 8.943585e-02
<MEAN> 6
 6.957964e+01 3.640097e+02 -5.128230e+02 -1.237410e-01 -5.246926e+00 -9.255445e+01
<VARIANCE> 6
 3.128975e+01 1.851479e+05 4.236029e+05 2.949931e+02 3.923279e+04 5.036115e+07
<GCONST> 7.355496e+01
<MIXTURE> 13 4.268899e-02
<MEAN> 6
 7.669054e+01 -1.214161e+02 -4.473466e+03 -1.101253e+00 -9.399257e+00 -1.353234e+02
<VARIANCE> 6
 3.128975e+01 2.496249e+05 1.699993e+07 2.949931e+02 3.923279e+04 5.036115e+07
<GCONST> 7.754594e+01
<MIXTURE> 14 7.389538e-02
<MEAN> 6
 8.623563e+01 -2.733417e+03 1.349761e+03 -5.578349e+00 -3.276123e+01 -4.171349e+01
<VARIANCE> 6
 1.360627e+02 5.689315e+06 8.961609e+06 2.949931e+02 3.923279e+04 5.036115e+07
<GCONST> 8.150189e+01
<STATE> 3
<NUMMIXES> 14
<MIXTURE> 1 5.691326e-02
<MEAN> 6
 8.669509e+01 2.367721e+02 -3.298479e+02 -5.408249e+00 -2.848198e+01 8.624144e+01
<VARIANCE> 6
 1.883603e+02 8.952098e+05 1.677130e+06 2.949931e+02 3.923279e+04 5.036115e+07
<GCONST> 7.830197e+01
<MIXTURE> 2 1.982109e-02
<MEAN> 6
 2.026425e+01 -3.215412e+02 -7.125056e+01 -5.411219e+01 -2.398849e+02 4.359468e+03
<VARIANCE> 6
 2.443258e+03 6.221063e+06 3.037440e+06 7.155135e+04 2.367034e+06 1.190903e+09
<GCONST> 9.615163e+01
<MIXTURE> 3 9.566578e-02
<MEAN> 6
 -4.326642e+01 3.444468e+01 2.718709e+01 9.315311e+01 8.838658e+02 -1.702570e+03
<VARIANCE> 6
 1.993927e+02 6.071650e+05 2.329304e+05 1.427540e+04 1.171055e+05 6.392728e+07
<GCONST> 8.120797e+01
<MIXTURE> 4 6.220961e-02
<MEAN> 6
 3.150807e+01 4.776973e+02 1.665623e+02 1.493130e+02 -9.889054e+01 -4.459726e+02
<VARIANCE> 6
 6.537642e+02 1.100965e+06 4.093889e+05 4.263411e+03 5.321831e+04 5.036115e+07
<GCONST> 8.131883e+01
<MIXTURE> 5 9.737614e-02
<MEAN> 6
 5.029771e+00 1.607734e+01 1.024572e+02 -2.350984e+02 3.295058e+01 5.255710e+03
<VARIANCE> 6
 5.824016e+02 8.752898e+05 5.312886e+05 6.062073e+03 2.525985e+05 1.498640e+08
<GCONST> 8.423440e+01
<MIXTURE> 6 6.562183e-02
<MEAN> 6
 8.425317e+01 -1.219848e+02 1.319795e+02 1.970372e+01 -1.025147e+03 -1.979241e+03
<VARIANCE> 6
 2.267079e+02 1.481739e+06 5.200751e+05 1.561636e+04 6.241379e+05 3.667756e+08
<GCONST> 8.654184e+01
<MIXTURE> 7 9.009635e-02
<MEAN> 6
 7.914373e+01 -3.762922e+02 7.823626e+01 -4.336400e+00 -3.498855e+01 -1.460956e+02
<VARIANCE> 6
 9.859596e+01 4.637093e+05 1.062570e+05 2.949931e+02 3.923279e+04 5.036115e+07
<GCONST> 7.423787e+01
<MIXTURE> 8 9.995697e-02
<MEAN> 6
 -1.189788e+01 4.915139e+00 -9.298353e+00 3.145914e+01 1.847446e+02 -1.692626e+03
<VARIANCE> 6
 3.061125e+02 1.669895e+05 6.663249e+04 2.419327e+04 7.565775e+04 5.903664e+07
<GCONST> 7.910532e+01
<MIXTURE> 9 7.130611e-02
<MEAN> 6
 -5.527453e+01 4.711097e+01 -4.309639e+00 1.537987e+01 2.382641e+02 -6.055668e+01
<VARIANCE> 6
 1.778235e+02 4.337903e+05 5.586597e+05 7.063123e+02 7.170723e+04 5.036115e+07
<GCONST> 7.789680e+01
<MIXTURE> 10 7.110451e-02
<MEAN> 6
 6.228083e+01 -3.504214e+02 1.674597e+02 -4.346142e+01 -6.033827e+02 1.042678e+03
<VARIANCE> 6
 2.855739e+02 2.163431e+06 1.266538e+06 2.441601e+04 1.292951e+05 5.036115e+07
<GCONST> 8.492834e+01
<MIXTURE> 11 1.104427e-01
<MEAN> 6
 6.261959e+01 3.401613e+01 3.134570e+00 -2.467699e+01 -5.279269e+02 4.607361e+01
<VARIANCE> 6
 2.434355e+02 1.955268e+05 7.023277e+04 1.940239e+04 1.522846e+05 5.036115e+07
<GCONST> 7.940652e+01
<MIXTURE> 12 5.269165e-02
<MEAN> 6
 -5.103565e+01 1.290764e+02 5.651988e+01 -1.091588e+02 1.459005e+03 1.749185e+03
<VARIANCE> 6
 1.797416e+02 6.881176e+05 8.246914e+05 1.747043e+04 5.477334e+05 4.324157e+08
<GCONST> 8.614997e+01
<MIXTURE> 13 5.635751e-02
<MEAN> 6
 2.355741e+01 -9.059648e+01 1.351439e+01 2.343756e+02 -2.401884e+02 -4.381518e+03
<VARIANCE> 6
 4.767876e+02 4.656703e+05 4.395568e+05 5.066337e+03 1.428527e+05 5.036115e+07
<GCONST> 8.137376e+01
<MIXTURE> 14 4.932459e-02
<MEAN> 6
 7.960464e+01 -6.282814e+02 2.361701e+02 -4.568240e+00 -2.507905e+01 -5.696708e+01
<VARIANCE> 6
 1.250885e+02 2.546371e+06 1.249403e+06 2.949931e+02 3.923279e+04 5.036115e+07
<GCONST> 7.864359e+01
<TRANSP> 4
 0.000000e+00 1.000000e+00 0.000000e+00 0.000000e+00
 0.000000e+00 9.998555e-01 1.445215e-04 0.000000e+00
 0.000000e+00 0.000000e+00 9.999512e-01 4.880931e-05
 0.000000e+00 0.000000e+00 0.000000e+00 0.000000e+00
<ENDHMM>
~h "QuintoPRIMARIA"
<BEGINHMM>
<NUMSTATES> 4
<STATE> 2
<NUMMIXES> 14
<MIXTURE> 1 1.023162e-01
<MEAN> 6
 7.487044e+01 -1.433001e+02 -9.002840e+00 -2.388195e+00 -1.932941e+01 -1.017250e+02
<VARIANCE> 6
 3.128975e+01 3.704582e+05 1.903699e+05 2.949931e+02 3.923279e+04 5.036115e+07
<GCONST> 7.344873e+01
<MIXTURE> 2 2.593880e-02
<MEAN> 6
 3.297041e+01 -1.609337e+02 -8.568552e+01 1.305176e+01 -5.397275e+02 1.327990e+01
<VARIANCE> 6
 1.774362e+03 1.095951e+06 1.993101e+06 7.319203e+04 1.303916e+06 6.336908e+08
<GCONST> 9.246959e+01
<MIXTURE> 3 5.511884e-02
<MEAN> 6
 -3.566327e+01 1.416272e+02 2.458494e+02 1.352364e+02 8.733577e+02 -2.701840e+03
<VARIANCE> 6
 4.322818e+02 1.424026e+05 2.785144e+05 1.951785e+04 2.519074e+05 7.975698e+07
<GCONST> 8.201038e+01
<MIXTURE> 4 1.012222e-01
<MEAN> 6
 2.704138e+01 -8.816833e+00 5.201165e+01 2.036340e+02 -1.499695e+02 -2.647616e+03
<VARIANCE> 6
 5.956186e+02 8.387768e+04 8.341928e+04 6.493427e+03 1.689945e+05 6.414589e+07
<GCONST> 7.887845e+01
<MIXTURE> 5 1.046416e-01
<MEAN> 6
 8.502067e+01 -7.645123e+01 -2.425357e+01 -7.028537e+00 -2.576312e+01 -2.016346e+02
<VARIANCE> 6
 7.039069e+01 4.492326e+04 4.950193e+04 2.949931e+02 3.923279e+04 5.036115e+07
<GCONST> 7.080275e+01
<MIXTURE> 6 4.203437e-02
<MEAN> 6
 8.850161e+01 8.301158e+01 -2.747538e+01 3.583767e+01 -1.146044e+03 -1.313497e+03
<VARIANCE> 6
 1.943762e+02 1.389699e+05 5.603958e+04 1.749168e+04 1.058107e+06 6.147839e+08
<GCONST> 8.295114e+01
<MIXTURE> 7 7.396112e-02
<MEAN> 6
 -5.105894e+01 4.978542e+00 1.919114e+01 1.814414e+01 2.106077e+02 2.763745e+02
<VARIANCE> 6
 2.502418e+02 6.879648e+04 7.677898e+04 7.439772e+02 6.585648e+04 5.036115e+07
<GCONST> 7.437926e+01
<MIXTURE> 8 6.538983e-02
<MEAN> 6
 6.214965e+01 4.250771e+01 -1.108308e+02 -7.260187e-01 -1.448925e+01 -1.313785e+02
<VARIANCE> 6
 3.128975e+01 4.337759e+04 8.705865e+04 2.949931e+02 3.923279e+04 5.036115e+07
<GCONST> 7.052153e+01
<MIXTURE> 9 7.909647e-02
<MEAN> 6
 7.543282e+01 4.489108e+00 -2.570044e+01 -2.230967e+01 -5.397217e+02 -7.746680e+02
<VARIANCE> 6
 2.164309e+02 2.062427e+05 5.614582e+04 1.210657e+04 1.234013e+05 5.036115e+07
<GCONST> 7.843648e+01
<MIXTURE> 10 4.929601e-02
<MEAN> 6
 -4.470374e+01 -8.722992e+01 -5.942707e+00 -1.492500e+02 1.507570e+03 4.266195e+03
<VARIANCE> 6
 3.399794e+02 1.500469e+05 1.691865e+05 2.266105e+04 7.931121e+05 7.444987e+08
<GCONST> 8.485395e+01
<MIXTURE> 11 9.381234e-02
<MEAN> 6
 1.027153e+01 -5.426561e+00 -1.565665e+01 -2.366506e+02 -1.088680e+02 4.520002e+03
<VARIANCE> 6
 5.730994e+02 6.488966e+04 1.019008e+05 6.429445e+03 3.372352e+05 1.691529e+08
<GCONST> 8.043401e+01
<MIXTURE> 12 7.163059e-02
<MEAN> 6
 6.014817e+01 9.066047e+01 -1.578541e+02 -3.256792e+01 -7.964106e+02 6.418813e+01
<VARIANCE> 6
 2.572206e+02 1.468195e+05 2.479030e+05 3.107335e+04 2.709317e+05 5.246727e+07
<GCONST> 8.152438e+01
<MIXTURE> 13 6.354731e-02
<MEAN> 6
 5.979972e+01 -8.375975e+01 -1.275151e+01 -3.141762e-01 -1.406282e+01 -1.504907e+02
<VARIANCE> 6
 3.128975e+01 2.631445e+04 1.664050e+05 2.949931e+02 3.923279e+04 5.036115e+07
<GCONST> 7.066956e+01
<MIXTURE> 14 7.140046e-02
<MEAN> 6
 -4.293906e+01 -5.529911e+01 2.312747e+01 4.606166e+01 7.665856e+02 -1.128212e+03
<VARIANCE> 6
 3.134025e+02 8.327593e+04 7.560776e+04 1.585390e+04 1.240239e+05 6.260878e+07
<GCONST> 7.868980e+01
<STATE> 3
<NUMMIXES> 14
<MIXTURE> 1 6.200333e-02
<MEAN> 6
 8.663291e+01 7.374248e+02 9.238182e+02 -4.003173e+00 -1.600209e+01 7.382561e+01
<VARIANCE> 6
 2.720825e+02 6.063380e+06 3.193367e+06 2.949931e+02 3.923279e+04 5.036115e+07
<GCONST> 8.122668e+01
<MIXTURE> 2 1.383472e-02
<MEAN> 6
 -6.296850e+00 1.794342e+02 6.911466e+01 3.578255e+01 -1.274601e+02 5.627459e+02
<VARIANCE> 6
 1.299509e+04 1.779318e+05 3.829878e+05 2.194747e+06 1.227373e+09 1.812728e+12
<GCONST> 1.092001e+02
<MIXTURE> 3 9.800960e-02
<MEAN> 6
 -3.835448e+01 -1.416809e+02 1.191002e+02 1.244352e+02 6.500077e+02 -2.017448e+03
<VARIANCE> 6
 4.117926e+02 1.400048e+06 1.150519e+06 1.923718e+04 1.373339e+05 5.036115e+07
<GCONST> 8.458502e+01
<MIXTURE> 4 7.039349e-02
<MEAN> 6
 2.337640e+01 -1.689639e+02 -9.265331e+02 -1.012009e+02 -3.317677e+02 6.187976e+03
<VARIANCE> 6
 4.370102e+03 2.427014e+06 8.335684e+06 6.049186e+04 3.612159e+06 2.262135e+09
<GCONST> 9.769769e+01
<MIXTURE> 5 1.077828e-01
<MEAN> 6
 5.292390e+01 3.275458e+02 1.680793e+02 1.698335e+01 -4.984073e+02 -1.582025e+02
<VARIANCE> 6
 8.661809e+02 2.537090e+06 3.469910e+06 3.947636e+04 2.012251e+05 5.036115e+07
<GCONST> 8.812790e+01
<MIXTURE> 6 1.924030e-02
<MEAN> 6
 6.266062e+01 -2.882551e+03 -4.860182e+03 -5.714631e-01 -1.802947e+00 -4.801945e+01
<VARIANCE> 6
 3.128975e+01 1.845913e+07 7.700600e+06 2.949931e+02 3.923279e+04 5.036115e+07
<GCONST> 8.105737e+01
<MIXTURE> 7 5.278275e-02
<MEAN> 6
 9.000178e+01 5.073665e+02 -2.010332e+02 -5.242890e+00 -2.098118e+01 -1.798271e+02
<VARIANCE> 6
 1.839406e+02 3.653807e+05 2.349245e+05 2.949931e+02 3.923279e+04 5.036115e+07
<GCONST> 7.541653e+01
<MIXTURE> 8 9.071922e-02
<MEAN> 6
 8.198080e+01 1.577967e+02 4.410318e+01 -1.792749e+01 -6.235101e+02 -1.741411e+03
<VARIANCE> 6
 1.572611e+02 7.431558e+05 4.713279e+05 1.606209e+04 5.370134e+05 1.856534e+08
<GCONST> 8.458453e+01
<MIXTURE> 9 7.394716e-02
<MEAN> 6
 -6.675320e+01 7.773486e+01 4.707020e+01 5.595023e+00 1.542104e+02 4.092806e+02
<VARIANCE> 6
 2.633191e+02 7.641687e+05 1.407814e+06 5.825730e+02 7.762070e+04 5.036115e+07
<GCONST> 7.966650e+01
<MIXTURE> 10 9.433705e-02
<MEAN> 6
 6.567664e+01 2.997281e+02 -5.174918e+02 1.115295e+00 -1.393844e+01 -8.407325e+01
<VARIANCE> 6
 1.123433e+02 5.371935e+05 2.591751e+06 2.949931e+02 3.923279e+04 5.036115e+07
<GCONST> 7.770973e+01
<MIXTURE> 11 1.077426e-01
<MEAN> 6
 2.282904e+01 -2.920984e+02 8.958441e+01 2.765398e+00 -1.966771e+02 -3.614450e+02
<VARIANCE> 6
 6.764741e+02 5.383280e+05 4.993861e+05 6.091303e+04 2.021398e+05 1.045905e+08
<GCONST> 8.556099e+01
<MIXTURE> 12 6.760310e-02
<MEAN> 6
 -5.498210e+01 -2.312460e+02 -1.426498e+01 -7.256381e+01 1.316684e+03 -2.892213e+02
<VARIANCE> 6
 2.774384e+02 1.038209e+06 1.332197e+06 2.634860e+04 7.060944e+05 3.888468e+08
<GCONST> 8.803358e+01
<MIXTURE> 13 8.690991e-02
<MEAN> 6
 8.532308e+01 -2.107887e+02 1.677321e+03 -1.709765e+00 -1.557845e+01 -9.029497e+01
<VARIANCE> 6
 8.787251e+01 6.185791e+05 2.049254e+06 2.949931e+02 3.923279e+04 5.036115e+07
<GCONST> 7.737027e+01
<MIXTURE> 14 5.411882e-02
<MEAN> 6
 8.384234e+01 2.206326e+02 -4.113660e+02 -2.988179e+00 -1.737886e+01 -2.105485e+02
<VARIANCE> 6
 1.238207e+02 3.691229e+05 3.541391e+05 2.949931e+02 3.923279e+04 5.036115e+07
<GCONST> 7.544138e+01
<TRANSP> 4
 0.000000e+00 1.000000e+00 0.000000e+00 0.000000e+00
 0.000000e+00 9.999330e-01 6.697828e-05 0.000000e+00
 0.000000e+00 0.000000e+00 9.999219e-01 7.805957e-05
 0.000000e+00 0.000000e+00 0.000000e+00 0.000000e+00
<ENDHMM>
