~o
<STREAMINFO> 1 6
<VECSIZE> 6<NULLD><USER><DIAGC>
~h "SegundoPRIMARIA"
<BEGINHMM>
<NUMSTATES> 3
<STATE> 2
<NUMMIXES> 6
<MIXTURE> 1 5.066060e-03
<MEAN> 6
 1.454753e+01 -3.118353e+02 3.453469e+00 -1.832351e+01 -2.872105e+02 7.986938e+03
<VARIANCE> 6
 9.000475e+03 6.627051e+05 9.802665e+05 1.088308e+06 5.709120e+08 8.232826e+11
<GCONST> 1.088314e+02
<MIXTURE> 2 3.015425e-01
<MEAN> 6
 8.327856e+01 3.886247e+01 -4.107380e+00 -1.976470e+00 -1.304373e+01 -9.698333e+01
<VARIANCE> 6
 2.996131e+02 6.582532e+05 7.766029e+05 2.580891e+02 1.521144e+04 1.461694e+07
<GCONST> 7.537059e+01
<MIXTURE> 3 5.196001e-02
<MEAN> 6
 7.643352e+01 -3.150756e+02 6.096831e+01 2.038153e+01 -1.007722e+03 -6.622719e+02
<VARIANCE> 6
 3.142044e+03 1.154910e+07 7.417062e+05 3.402688e+04 2.531015e+06 1.631048e+09
<GCONST> 9.525024e+01
<MIXTURE> 4 2.334066e-01
<MEAN> 6
 1.150201e+01 8.706142e+01 5.233412e+01 5.138645e+01 9.373917e+01 -3.698285e+02
<VARIANCE> 6
 3.538095e+03 1.552918e+05 1.520272e+05 2.977354e+04 4.932705e+05 7.247711e+07
<GCONST> 8.459245e+01
<MIXTURE> 5 1.745225e-01
<MEAN> 6
 4.645818e+00 2.489672e+00 -2.826555e+01 -7.369940e+01 3.371172e+02 2.433170e+03
<VARIANCE> 6
 3.758022e+03 3.133295e+05 1.329817e+06 5.865375e+04 2.085812e+06 7.047281e+08
<GCONST> 9.191787e+01
<MIXTURE> 6 2.328612e-01
<MEAN> 6
 2.427030e+01 -6.211368e+01 -3.972958e+01 3.548968e+00 -9.764952e+01 -1.351949e+03
<VARIANCE> 6
 3.658986e+03 1.567472e+05 1.472798e+05 3.651071e+04 6.880531e+05 8.974062e+07
<GCONST> 8.535410e+01
<TRANSP> 3
 0.000000e+00 1.000000e+00 0.000000e+00
 0.000000e+00 9.999630e-01 3.696304e-05
 0.000000e+00 0.000000e+00 0.000000e+00
<ENDHMM>
~h "SegundoESO"
<BEGINHMM>
<NUMSTATES> 3
<STATE> 2
<NUMMIXES> 6
<MIXTURE> 1 2.325126e-01
<MEAN> 6
 7.330375e+01 2.762961e+01 -7.671543e+01 -2.173332e+00 -9.221383e+00 -8.286404e+01
<VARIANCE> 6
 1.359474e+02 5.638492e+05 5.388419e+05 2.580891e+02 1.521144e+04 1.461694e+07
<GCONST> 7.406005e+01
<MIXTURE> 2 1.585888e-01
<MEAN> 6
 1.685262e+01 1.813426e+02 2.004094e+02 -3.598812e+01 -7.192063e+00 1.636571e+03
<VARIANCE> 6
 3.138073e+03 6.505810e+06 5.179752e+06 4.139782e+04 1.360515e+06 3.947382e+08
<GCONST> 9.477518e+01
<MIXTURE> 3 2.543963e-01
<MEAN> 6
 -3.500500e+01 2.786838e+01 4.585115e+01 1.813980e+01 5.082921e+02 -6.689367e+02
<VARIANCE> 6
 5.512930e+02 3.806854e+05 3.510810e+05 2.284911e+04 2.645761e+05 7.957849e+07
<GCONST> 8.367284e+01
<MIXTURE> 4 1.360796e-01
<MEAN> 6
 5.452079e+01 4.193052e+01 1.476913e+02 3.325846e+01 -3.915469e+02 3.045032e+01
<VARIANCE> 6
 6.561858e+02 6.418684e+05 5.164105e+05 2.690155e+04 1.301901e+05 5.042013e+07
<GCONST> 8.375310e+01
<MIXTURE> 5 8.338881e-02
<MEAN> 6
 8.157855e+01 -4.584575e+02 -5.587747e+02 -2.665243e+00 -1.382115e+01 -6.126926e+01
<VARIANCE> 6
 1.604198e+02 1.044485e+07 1.549811e+07 2.580891e+02 1.521144e+04 1.461694e+07
<GCONST> 8.050371e+01
<MIXTURE> 6 1.340739e-01
<MEAN> 6
 5.335357e+01 -7.318473e+01 5.867464e+00 -1.786539e+01 -5.303878e+02 -5.218928e+02
<VARIANCE> 6
 7.743401e+02 5.846960e+05 2.792337e+05 3.316155e+04 2.537962e+05 7.900601e+07
<GCONST> 8.453639e+01
<TRANSP> 3
 0.000000e+00 1.000000e+00 0.000000e+00
 0.000000e+00 9.999637e-01 3.632867e-05
 0.000000e+00 0.000000e+00 0.000000e+00
<ENDHMM>
~h "QuintoPRIMARIA"
<BEGINHMM>
<NUMSTATES> 3
<STATE> 2
<NUMMIXES> 6
<MIXTURE> 1 1.291987e-01
<MEAN> 6
 7.463828e+01 8.110601e+01 7.559742e+01 -1.239821e+00 -1.282165e+01 -3.722568e+01
<VARIANCE> 6
 2.300725e+02 1.854523e+06 6.122046e+06 2.580891e+02 1.521144e+04 1.461694e+07
<GCONST> 7.820700e+01
<MIXTURE> 2 1.702265e-01
<MEAN> 6
 1.380737e+01 6.475667e+01 -1.199996e+02 -4.287635e+01 2.729329e+01 1.778576e+03
<VARIANCE> 6
 3.091336e+03 2.681680e+06 4.370953e+06 4.654716e+04 1.767285e+06 6.153386e+08
<GCONST> 9.452693e+01
<MIXTURE> 3 2.290988e-01
<MEAN> 6
 -4.146626e+01 -4.916302e+01 5.429553e+01 3.321965e+01 5.835198e+02 -6.854381e+02
<VARIANCE> 6
 5.514562e+02 1.587819e+05 3.170431e+05 2.272638e+04 2.845075e+05 7.899345e+07
<GCONST> 8.275658e+01
<MIXTURE> 4 1.348207e-01
<MEAN> 6
 5.843679e+01 5.526686e+01 6.015856e+01 2.919385e+01 -4.457701e+02 -2.648613e+02
<VARIANCE> 6
 6.953694e+02 2.217025e+05 2.344980e+05 2.781396e+04 1.998159e+05 6.943287e+07
<GCONST> 8.274032e+01
<MIXTURE> 5 2.035168e-01
<MEAN> 6
 7.357428e+01 -4.826332e+01 -7.436026e+00 -2.564600e+00 -1.208176e+01 -1.220071e+02
<VARIANCE> 6
 1.840398e+02 1.318392e+05 1.628220e+05 2.580891e+02 1.521144e+04 1.461694e+07
<GCONST> 7.171297e+01
<MIXTURE> 6 1.317745e-01
<MEAN> 6
 4.985966e+01 -6.015069e+01 -6.289086e+01 -2.491655e+01 -5.580538e+02 -6.086084e+02
<VARIANCE> 6
 9.532078e+02 1.904023e+05 1.823231e+05 4.010343e+04 3.611501e+05 1.141887e+08
<GCONST> 8.410716e+01
<TRANSP> 3
 0.000000e+00 1.000000e+00 0.000000e+00
 0.000000e+00 9.999636e-01 3.644072e-05
 0.000000e+00 0.000000e+00 0.000000e+00
<ENDHMM>
