~o
<STREAMINFO> 1 6
<VECSIZE> 6<NULLD><USER><DIAGC>
~h "SegundoPRIMARIA"
<BEGINHMM>
<NUMSTATES> 14
<STATE> 2
<NUMMIXES> 10
<MIXTURE> 1 1.336173e-01
<MEAN> 6
 9.163363e+01 1.417799e+01 5.574637e+01 -3.184639e+00 -4.346345e+01 -2.631864e+02
<VARIANCE> 6
 3.222394e+02 3.513439e+05 3.019242e+06 2.940807e+02 3.743564e+04 4.829342e+07
<GCONST> 7.839963e+01
<MIXTURE> 2 9.205343e-02
<MEAN> 6
 -3.662512e+01 3.424774e+01 -7.874077e+00 -1.296460e+02 1.238807e+03 3.534370e+03
<VARIANCE> 6
 7.909349e+02 4.065923e+05 2.219076e+06 6.414438e+04 1.202718e+06 8.820388e+08
<GCONST> 9.089538e+01
<MIXTURE> 3 1.248543e-01
<MEAN> 6
 4.830751e+01 -2.549461e+01 9.129944e-01 1.003957e+02 -3.019258e+02 -1.691084e+03
<VARIANCE> 6
 1.101214e+03 2.283288e+05 1.481428e+06 3.418885e+04 1.450428e+05 4.829342e+07
<GCONST> 8.459573e+01
<MIXTURE> 4 8.021655e-02
<MEAN> 6
 -3.881738e+01 2.276867e+01 6.482128e+01 8.914375e+01 8.070723e+02 -2.494388e+02
<VARIANCE> 6
 6.810776e+02 1.514535e+05 5.945236e+05 3.262637e+04 2.518448e+05 8.525405e+07
<GCONST> 8.386508e+01
<MIXTURE> 5 9.775857e-02
<MEAN> 6
 7.497867e+01 -3.473959e+01 5.140315e+01 -2.772179e+01 -1.121618e+03 1.202269e+03
<VARIANCE> 6
 1.095864e+03 6.068157e+05 1.999153e+06 5.271611e+04 1.203419e+06 6.090959e+08
<GCONST> 9.095161e+01
<MIXTURE> 6 8.170354e-02
<MEAN> 6
 6.885390e+01 2.550041e+02 -3.983946e+02 3.375708e+00 -2.683471e+01 -1.836785e+02
<VARIANCE> 6
 5.654291e+01 3.691689e+05 1.055712e+06 2.940807e+02 3.743564e+04 4.829342e+07
<GCONST> 7.565804e+01
<MIXTURE> 7 9.976307e-02
<MEAN> 6
 -6.573051e+01 -2.023514e+00 -2.948592e+02 -1.787806e+00 2.259021e+02 3.984247e+02
<VARIANCE> 6
 3.199279e+02 1.733931e+05 1.540868e+06 1.356342e+03 7.497047e+04 4.829342e+07
<GCONST> 7.923673e+01
<MIXTURE> 8 1.240079e-01
<MEAN> 6
 6.144911e+01 -9.515589e+00 1.096528e+02 -5.711132e+01 -7.644335e+02 5.193799e+01
<VARIANCE> 6
 1.010134e+03 1.240911e+05 5.367881e+05 4.510455e+04 3.530342e+05 1.185814e+08
<GCONST> 8.494940e+01
<MIXTURE> 9 8.491858e-02
<MEAN> 6
 6.521754e+01 -3.295213e+02 8.062545e+02 4.230812e-01 -9.146180e+00 -7.202512e+01
<VARIANCE> 6
 4.864420e+01 2.033949e+05 1.348753e+06 2.940807e+02 3.743564e+04 4.829342e+07
<GCONST> 7.515643e+01
<MIXTURE> 10 8.086816e-02
<MEAN> 6
 -4.770922e+01 -9.840131e+01 -1.955488e+02 3.041520e+01 6.679469e+02 -2.661772e+03
<VARIANCE> 6
 7.293090e+02 1.364302e+05 5.979868e+05 3.089904e+04 2.301815e+05 9.189814e+07
<GCONST> 8.376555e+01
<STATE> 3
<NUMMIXES> 10
<MIXTURE> 1 7.284080e-02
<MEAN> 6
 1.039812e+02 -6.553800e+02 4.417920e+02 1.665616e+00 -4.275945e+01 -1.632716e+02
<VARIANCE> 6
 8.299773e+01 1.476546e+05 3.061757e+04 2.940807e+02 3.743564e+04 4.829342e+07
<GCONST> 7.158507e+01
<MIXTURE> 2 2.448840e-02
<MEAN> 6
 1.045789e+02 3.823132e+02 1.224841e+03 6.134580e+01 -4.641216e+02 1.853644e+03
<VARIANCE> 6
 3.163787e+01 1.276023e+04 1.373229e+04 1.040754e+03 4.391947e+04 4.829342e+07
<GCONST> 6.879383e+01
<MIXTURE> 3 1.443084e-01
<MEAN> 6
 1.084239e+02 -4.689408e+02 3.115360e+01 1.339585e+00 -4.602098e+01 2.104441e+03
<VARIANCE> 6
 6.406853e+02 1.677806e+05 1.054503e+05 3.937138e+03 4.898996e+05 3.186053e+08
<GCONST> 8.204584e+01
<MIXTURE> 4 9.135745e-02
<MEAN> 6
 1.030598e+02 -3.232970e+02 5.772439e+02 -6.022408e+00 3.167874e+00 -1.440686e+02
<VARIANCE> 6
 3.163787e+01 1.276023e+04 1.373229e+04 2.940807e+02 3.743564e+04 4.829342e+07
<GCONST> 6.737025e+01
<MIXTURE> 5 1.397546e-01
<MEAN> 6
 9.885984e+01 -3.165480e+02 1.022059e+03 -1.316697e-01 8.084591e+00 -2.647711e+02
<VARIANCE> 6
 3.163787e+01 1.276023e+04 1.373229e+04 2.940807e+02 3.743564e+04 4.829342e+07
<GCONST> 6.737025e+01
<MIXTURE> 6 1.584131e-01
<MEAN> 6
 9.325287e+01 -3.964606e+02 7.765168e+02 -1.087784e+01 2.883949e+01 3.502991e+02
<VARIANCE> 6
 4.446131e+01 1.276023e+04 1.373229e+04 2.940807e+02 3.743564e+04 4.829342e+07
<GCONST> 6.771051e+01
<MIXTURE> 7 1.059600e-01
<MEAN> 6
 9.859482e+01 -3.508228e+02 8.095529e+02 -5.774677e+00 -1.689026e+01 -9.204169e+01
<VARIANCE> 6
 3.163787e+01 1.276023e+04 2.455067e+04 2.940807e+02 3.743564e+04 4.829342e+07
<GCONST> 6.795123e+01
<MIXTURE> 8 6.943587e-02
<MEAN> 6
 9.297001e+01 -1.082939e+02 1.091051e+03 -2.675398e+00 2.993597e+00 1.227113e+02
<VARIANCE> 6
 3.163787e+01 1.276023e+04 1.373229e+04 2.940807e+02 3.743564e+04 4.829342e+07
<GCONST> 6.737025e+01
<MIXTURE> 9 1.026338e-01
<MEAN> 6
 8.849345e+01 -7.372617e+02 -1.793529e+02 1.398684e+02 -1.322716e+03 -4.471464e+03
<VARIANCE> 6
 2.357395e+02 1.634323e+06 2.687005e+05 2.310707e+04 3.188320e+06 2.449181e+09
<GCONST> 8.993999e+01
<MIXTURE> 10 9.079780e-02
<MEAN> 6
 1.022016e+02 -3.426022e+02 5.479138e+02 -6.608181e+00 -6.595463e+01 -5.400864e+02
<VARIANCE> 6
 3.163787e+01 1.276023e+04 1.381627e+04 2.940807e+02 4.113840e+04 4.829342e+07
<GCONST> 6.747066e+01
<STATE> 4
<NUMMIXES> 10
<MIXTURE> 1 6.654170e-02
<MEAN> 6
 9.613686e+01 8.473346e+00 -2.817820e+02 -4.736692e-01 -1.711290e+01 5.671291e+01
<VARIANCE> 6
 3.163787e+01 1.276023e+04 1.373229e+04 2.940807e+02 3.743564e+04 4.829342e+07
<GCONST> 6.737025e+01
<MIXTURE> 2 9.346005e-02
<MEAN> 6
 9.057938e+01 -7.252453e+00 -5.158762e+02 -2.280560e+00 2.718056e+01 -1.757028e+02
<VARIANCE> 6
 3.163787e+01 1.276023e+04 1.373229e+04 2.940807e+02 3.743564e+04 4.829342e+07
<GCONST> 6.737025e+01
<MIXTURE> 3 9.783416e-02
<MEAN> 6
 9.447274e+01 -3.421038e+02 -5.469431e+02 -1.184286e+00 1.196419e-01 2.218768e+01
<VARIANCE> 6
 3.163787e+01 1.276023e+04 1.373229e+04 2.940807e+02 3.743564e+04 4.829342e+07
<GCONST> 6.737025e+01
<MIXTURE> 4 1.807564e-01
<MEAN> 6
 9.293112e+01 -5.598291e+02 -5.362868e+02 1.657468e+00 -3.272699e+00 -2.154638e+02
<VARIANCE> 6
 3.163787e+01 1.276023e+04 1.373229e+04 2.940807e+02 3.743564e+04 4.829342e+07
<GCONST> 6.737025e+01
<MIXTURE> 5 4.375995e-02
<MEAN> 6
 8.453709e+01 7.595425e+02 -8.755695e+02 4.541645e+01 -7.516370e+02 7.497000e+03
<VARIANCE> 6
 1.776103e+02 4.828600e+05 1.192038e+06 8.219112e+02 1.778730e+05 7.730088e+07
<GCONST> 8.024919e+01
<MIXTURE> 6 4.963841e-02
<MEAN> 6
 9.334125e+01 9.748282e+01 -4.681077e+02 -3.057264e+00 -1.077205e+01 1.651490e+02
<VARIANCE> 6
 3.163787e+01 1.276023e+04 1.373229e+04 2.940807e+02 3.743564e+04 4.829342e+07
<GCONST> 6.737025e+01
<MIXTURE> 7 9.535072e-02
<MEAN> 6
 9.476957e+01 -3.359809e+02 -5.383170e+02 -1.849148e-01 1.885761e+01 6.845288e+01
<VARIANCE> 6
 3.163787e+01 1.276023e+04 1.373229e+04 2.940807e+02 3.743564e+04 4.829342e+07
<GCONST> 6.737025e+01
<MIXTURE> 8 1.804176e-01
<MEAN> 6
 9.290794e+01 -5.607866e+02 -5.362668e+02 1.665139e+00 -3.133492e+00 -2.148354e+02
<VARIANCE> 6
 3.163787e+01 1.276023e+04 1.373229e+04 2.940807e+02 3.743564e+04 4.829342e+07
<GCONST> 6.737025e+01
<MIXTURE> 9 9.698068e-02
<MEAN> 6
 9.467436e+01 -3.553054e+02 -5.469281e+02 -1.044733e+00 -2.321381e+00 -8.936569e+00
<VARIANCE> 6
 3.163787e+01 1.276023e+04 1.373229e+04 2.940807e+02 3.743564e+04 4.829342e+07
<GCONST> 6.737025e+01
<MIXTURE> 10 9.524894e-02
<MEAN> 6
 9.432683e+01 -3.678171e+02 -5.550788e+02 -2.247900e+00 -2.033959e+01 -5.973450e+01
<VARIANCE> 6
 3.163787e+01 1.276023e+04 1.373229e+04 2.940807e+02 3.743564e+04 4.829342e+07
<GCONST> 6.737025e+01
<STATE> 5
<NUMMIXES> 10
<MIXTURE> 1 7.729483e-02
<MEAN> 6
 9.338274e+01 6.160663e+02 1.606471e+02 -3.239869e+00 -6.827390e+00 7.168084e+01
<VARIANCE> 6
 3.163787e+01 3.197033e+04 1.373229e+04 2.940807e+02 3.743564e+04 4.829342e+07
<GCONST> 6.828873e+01
<MIXTURE> 2 1.007101e-01
<MEAN> 6
 8.909493e+01 4.516872e+01 5.673441e+02 -2.245836e+00 1.757191e+00 -4.904576e+01
<VARIANCE> 6
 3.163787e+01 2.761949e+04 1.373229e+04 2.940807e+02 3.743564e+04 4.829342e+07
<GCONST> 6.814244e+01
<MIXTURE> 3 1.044682e-01
<MEAN> 6
 8.398565e+01 2.355141e+02 1.352576e+01 2.206768e+00 -9.518066e+00 2.467672e+01
<VARIANCE> 6
 3.163787e+01 1.276023e+04 1.373229e+04 2.940807e+02 3.743564e+04 4.829342e+07
<GCONST> 6.737025e+01
<MIXTURE> 4 1.760310e-01
<MEAN> 6
 9.129237e+01 9.588696e+01 1.531080e+02 -2.205434e+00 -5.283565e+00 -1.037556e+02
<VARIANCE> 6
 3.163787e+01 1.297003e+04 1.373229e+04 2.940807e+02 3.743564e+04 4.829342e+07
<GCONST> 6.738655e+01
<MIXTURE> 5 1.598506e-01
<MEAN> 6
 8.565208e+01 -1.951738e+02 -7.569552e+01 -2.197692e+00 -2.915540e-01 -6.762527e+01
<VARIANCE> 6
 3.163787e+01 4.268084e+04 1.373229e+04 2.940807e+02 3.743564e+04 4.829342e+07
<GCONST> 6.857767e+01
<MIXTURE> 6 3.795507e-02
<MEAN> 6
 8.789365e+01 1.576825e+02 2.496872e+02 -4.386234e-01 -4.931328e-01 -7.739776e+01
<VARIANCE> 6
 3.163787e+01 3.397438e+04 7.811438e+04 2.940807e+02 3.743564e+04 4.829342e+07
<GCONST> 7.008795e+01
<MIXTURE> 7 8.599227e-02
<MEAN> 6
 9.228471e+01 -6.089891e+01 1.011661e+02 -1.953139e-01 7.635674e+00 -5.993201e+01
<VARIANCE> 6
 3.163787e+01 1.276023e+04 1.373229e+04 2.940807e+02 3.743564e+04 4.829342e+07
<GCONST> 6.737025e+01
<MIXTURE> 8 1.183420e-01
<MEAN> 6
 8.704398e+01 3.150952e+02 4.486302e+02 4.230264e-01 -4.776880e+00 3.390881e+01
<VARIANCE> 6
 3.163787e+01 3.054283e+04 1.373229e+04 2.940807e+02 3.743564e+04 4.829342e+07
<GCONST> 6.824304e+01
<MIXTURE> 9 5.300976e-02
<MEAN> 6
 9.234666e+01 2.657550e+02 1.627881e+02 -1.658002e+00 -8.333652e+00 -9.836870e+00
<VARIANCE> 6
 3.163787e+01 1.765855e+05 1.373229e+04 2.940807e+02 3.743564e+04 4.829342e+07
<GCONST> 6.999773e+01
<MIXTURE> 10 8.632912e-02
<MEAN> 6
 9.102345e+01 -9.604963e+01 5.830957e+01 -7.271485e-01 -3.217785e+00 -1.938052e+02
<VARIANCE> 6
 3.163787e+01 1.276023e+04 1.373229e+04 2.940807e+02 3.743564e+04 4.829342e+07
<GCONST> 6.737025e+01
<STATE> 6
<NUMMIXES> 10
<MIXTURE> 1 5.396901e-02
<MEAN> 6
 1.307888e+02 -2.083629e+03 6.622242e+01 -4.067181e+01 -1.883851e+01 2.457420e+02
<VARIANCE> 6
 3.156037e+02 7.571338e+05 1.373229e+04 2.940807e+02 3.743564e+04 4.829342e+07
<GCONST> 7.375359e+01
<MIXTURE> 2 9.973285e-02
<MEAN> 6
 1.279902e+02 3.911259e+02 1.674923e+03 -3.567684e+00 2.507469e+00 5.615077e+01
<VARIANCE> 6
 3.163787e+01 1.276023e+04 1.373229e+04 2.940807e+02 3.743564e+04 4.829342e+07
<GCONST> 6.737025e+01
<MIXTURE> 3 1.034135e-01
<MEAN> 6
 9.191422e+01 9.759352e+02 1.171914e+03 -4.390495e+00 4.977448e-01 9.170983e+01
<VARIANCE> 6
 3.163787e+01 3.041017e+04 1.373229e+04 2.940807e+02 3.743564e+04 4.829342e+07
<GCONST> 6.823869e+01
<MIXTURE> 4 8.288679e-02
<MEAN> 6
 1.172321e+02 -4.778806e+02 2.460476e+03 -1.150266e+00 1.980717e+00 -2.339597e+02
<VARIANCE> 6
 3.163787e+01 1.276023e+04 3.863290e+04 2.940807e+02 3.743564e+04 4.829342e+07
<GCONST> 6.840460e+01
<MIXTURE> 5 1.203760e-01
<MEAN> 6
 8.019624e+01 5.685082e+02 1.006221e+03 -4.399126e+00 2.244833e+00 -2.425610e+00
<VARIANCE> 6
 3.163787e+01 1.276023e+04 1.373229e+04 2.940807e+02 3.743564e+04 4.829342e+07
<GCONST> 6.737025e+01
<MIXTURE> 6 1.210802e-01
<MEAN> 6
 8.526202e+01 -5.146382e+02 2.036845e+03 -4.827641e+00 1.680588e+00 8.854677e+01
<VARIANCE> 6
 3.163787e+01 1.276023e+04 1.373229e+04 2.940807e+02 3.743564e+04 4.829342e+07
<GCONST> 6.737025e+01
<MIXTURE> 7 1.462537e-01
<MEAN> 6
 1.163685e+02 1.999564e+02 1.161613e+03 -4.503600e+00 -4.034863e+00 1.479803e+02
<VARIANCE> 6
 2.127860e+02 2.346888e+04 1.026798e+05 2.940807e+02 3.743564e+04 4.829342e+07
<GCONST> 7.189738e+01
<MIXTURE> 8 9.657670e-02
<MEAN> 6
 7.355869e+01 3.602182e+02 7.380330e+02 -1.418724e+00 -1.194534e+00 -2.335693e+01
<VARIANCE> 6
 3.163787e+01 1.276023e+04 1.373229e+04 2.940807e+02 3.743564e+04 4.829342e+07
<GCONST> 6.737025e+01
<MIXTURE> 9 8.229636e-02
<MEAN> 6
 1.177519e+02 -4.680251e+02 2.381770e+03 -1.289468e+00 2.623424e+00 -2.948411e+02
<VARIANCE> 6
 3.163787e+01 1.276023e+04 3.623519e+04 2.940807e+02 3.743564e+04 4.829342e+07
<GCONST> 6.834053e+01
<MIXTURE> 10 9.341329e-02
<MEAN> 6
 7.270077e+01 3.274619e+02 6.699814e+02 -2.896438e+00 -1.912777e+01 -2.313519e+02
<VARIANCE> 6
 3.163787e+01 1.276023e+04 1.373229e+04 2.940807e+02 3.743564e+04 4.829342e+07
<GCONST> 6.737025e+01
<STATE> 7
<NUMMIXES> 10
<MIXTURE> 1 1.395049e-01
<MEAN> 6
 8.607133e+01 -1.701134e+02 -2.984178e+03 -5.425321e+00 -1.697106e-01 1.179607e+02
<VARIANCE> 6
 8.594399e+01 1.998133e+04 5.157132e+04 2.940807e+02 3.743564e+04 4.829342e+07
<GCONST> 7.014127e+01
<MIXTURE> 2 1.249649e-01
<MEAN> 6
 7.930740e+01 1.595167e+02 -7.365410e+02 9.315772e-01 -1.561470e+00 -1.348215e+02
<VARIANCE> 6
 3.163787e+01 1.276023e+04 1.373229e+04 2.940807e+02 3.743564e+04 4.829342e+07
<GCONST> 6.737025e+01
<MIXTURE> 3 4.967327e-02
<MEAN> 6
 7.043453e+01 2.996648e+01 -9.534752e+02 -7.943887e-01 9.637873e-01 -2.341244e+02
<VARIANCE> 6
 3.163787e+01 1.276023e+04 1.255757e+05 2.940807e+02 3.743564e+04 4.829342e+07
<GCONST> 6.958340e+01
<MIXTURE> 4 1.032057e-01
<MEAN> 6
 8.504784e+01 -2.028730e+02 -8.729737e+02 -4.969802e+00 -9.503616e+00 -1.122682e+02
<VARIANCE> 6
 3.163787e+01 2.281464e+04 1.373229e+04 2.940807e+02 3.743564e+04 4.829342e+07
<GCONST> 6.795131e+01
<MIXTURE> 5 6.897732e-02
<MEAN> 6
 6.729232e+01 -2.840058e+02 -1.241758e+03 2.249120e+00 -1.188231e+01 1.795765e+02
<VARIANCE> 6
 3.163787e+01 9.376277e+04 1.394215e+04 2.940807e+02 3.743564e+04 4.829342e+07
<GCONST> 6.937985e+01
<MIXTURE> 6 1.205714e-01
<MEAN> 6
 6.843657e+01 1.121949e+01 -9.022366e+02 -1.088242e+00 -6.595888e+00 -1.573714e+02
<VARIANCE> 6
 3.163787e+01 1.276023e+04 1.874303e+04 2.940807e+02 3.743564e+04 4.829342e+07
<GCONST> 6.768132e+01
<MIXTURE> 7 1.120865e-01
<MEAN> 6
 6.869686e+01 9.136537e+00 -9.435754e+02 -1.368934e+00 -5.130405e+00 -1.107169e+02
<VARIANCE> 6
 3.163787e+01 1.276023e+04 1.761619e+04 2.940807e+02 3.743564e+04 4.829342e+07
<GCONST> 6.761932e+01
<MIXTURE> 8 1.096445e-01
<MEAN> 6
 6.504858e+01 -1.660328e+02 -9.307505e+02 2.846606e-01 -1.502201e+01 -1.485571e+02
<VARIANCE> 6
 3.163787e+01 1.764110e+04 1.373229e+04 2.940807e+02 3.743564e+04 4.829342e+07
<GCONST> 6.769415e+01
<MIXTURE> 9 1.015609e-01
<MEAN> 6
 6.808475e+01 -6.594043e+00 -9.570400e+02 -1.229156e+00 -5.079215e+00 -1.106734e+02
<VARIANCE> 6
 3.163787e+01 1.276023e+04 1.373229e+04 2.940807e+02 3.743564e+04 4.829342e+07
<GCONST> 6.737025e+01
<MIXTURE> 10 6.980227e-02
<MEAN> 6
 6.692930e+01 -3.488504e+02 -1.259134e+03 1.260772e+00 -1.409060e+01 -8.249878e+00
<VARIANCE> 6
 3.163787e+01 5.849566e+04 1.373229e+04 2.940807e+02 3.743564e+04 4.829342e+07
<GCONST> 6.889287e+01
<STATE> 8
<NUMMIXES> 10
<MIXTURE> 1 1.340679e-01
<MEAN> 6
 9.035751e+01 -1.403520e+03 8.269595e+02 -1.567254e-01 1.438499e+00 -9.357125e+01
<VARIANCE> 6
 3.163787e+01 1.276023e+04 1.373229e+04 2.940807e+02 3.743564e+04 4.829342e+07
<GCONST> 6.737025e+01
<MIXTURE> 2 7.834315e-02
<MEAN> 6
 8.599138e+01 1.510447e+03 -3.364352e+02 -1.867891e+00 -5.481832e+00 2.884517e+02
<VARIANCE> 6
 3.946869e+01 9.961885e+04 3.846334e+04 2.940807e+02 3.743564e+04 4.829342e+07
<GCONST> 7.067638e+01
<MIXTURE> 3 1.362163e-01
<MEAN> 6
 8.752246e+01 1.137903e+03 -1.157042e+03 -2.985173e+00 1.353729e+00 -4.710976e+00
<VARIANCE> 6
 3.163787e+01 1.276023e+04 2.573389e+04 2.940807e+02 3.743564e+04 4.829342e+07
<GCONST> 6.799831e+01
<MIXTURE> 4 1.221976e-01
<MEAN> 6
 9.892962e+01 -3.807802e+03 3.037921e+00 -2.968326e+00 1.176170e+01 -4.138735e+01
<VARIANCE> 6
 3.163787e+01 9.792452e+04 1.373229e+04 2.940807e+02 3.743564e+04 4.829342e+07
<GCONST> 6.940811e+01
<MIXTURE> 5 1.193269e-01
<MEAN> 6
 8.879758e+01 1.013119e+03 -2.212457e+03 3.453411e-01 -1.510876e+01 2.183572e+01
<VARIANCE> 6
 3.163787e+01 1.276023e+04 2.123477e+04 2.940807e+02 3.743564e+04 4.829342e+07
<GCONST> 6.780614e+01
<MIXTURE> 6 9.823827e-02
<MEAN> 6
 8.760877e+01 9.010621e+02 -6.051984e+02 -1.905879e+00 -2.765871e+00 1.086603e+01
<VARIANCE> 6
 3.163787e+01 2.674614e+04 1.373229e+04 2.940807e+02 3.743564e+04 4.829342e+07
<GCONST> 6.811031e+01
<MIXTURE> 7 7.611281e-02
<MEAN> 6
 1.000632e+02 -2.555573e+03 -2.217385e+02 -2.484895e+00 5.612888e-01 -4.511865e+01
<VARIANCE> 6
 3.163787e+01 2.817640e+05 1.373229e+04 2.940807e+02 3.743564e+04 4.829342e+07
<GCONST> 7.046498e+01
<MIXTURE> 8 9.608553e-02
<MEAN> 6
 8.249502e+01 4.224576e+02 -6.182784e+02 6.406390e-02 1.136775e+01 -1.012556e+02
<VARIANCE> 6
 3.163787e+01 2.195299e+04 1.373229e+04 2.940807e+02 3.743564e+04 4.829342e+07
<GCONST> 6.791281e+01
<MIXTURE> 9 6.429653e-02
<MEAN> 6
 8.437640e+01 1.355014e+03 -3.223680e+02 -1.601925e+00 -1.144238e+01 3.604563e+02
<VARIANCE> 6
 4.332458e+01 3.753882e+05 4.878654e+04 2.940807e+02 3.743564e+04 4.829342e+07
<GCONST> 7.233395e+01
<MIXTURE> 10 7.511514e-02
<MEAN> 6
 1.004591e+02 -2.624148e+03 -2.314381e+02 -3.535200e+00 -3.771694e+01 -6.381003e+02
<VARIANCE> 6
 3.163787e+01 2.707164e+05 1.373229e+04 2.940807e+02 3.743564e+04 4.829342e+07
<GCONST> 7.042499e+01
<STATE> 9
<NUMMIXES> 10
<MIXTURE> 1 1.248489e-01
<MEAN> 6
 7.508295e+01 -1.048580e+03 2.018874e+02 1.237112e+00 1.696435e+01 -2.647202e+02
<VARIANCE> 6
 3.163787e+01 1.655463e+04 1.139235e+05 2.940807e+02 3.743564e+04 4.829342e+07
<GCONST> 6.974635e+01
<MIXTURE> 2 7.086381e-02
<MEAN> 6
 5.883591e+01 -4.087180e+02 -1.471939e+02 1.571057e+00 9.206120e+00 -2.594536e+01
<VARIANCE> 6
 3.163787e+01 1.276023e+04 2.442292e+04 2.940807e+02 3.743564e+04 4.829342e+07
<GCONST> 6.794601e+01
<MIXTURE> 3 1.201812e-01
<MEAN> 6
 5.727976e+01 -1.274814e+03 -5.651552e+02 3.699510e+00 -1.031862e+01 -5.508714e+01
<VARIANCE> 6
 3.163787e+01 7.591741e+04 2.381107e+04 2.940807e+02 3.743564e+04 4.829342e+07
<GCONST> 6.970396e+01
<MIXTURE> 4 1.470877e-01
<MEAN> 6
 6.434851e+01 -5.125015e+02 -5.451729e+02 -1.179229e+00 8.314130e-01 -8.986215e+01
<VARIANCE> 6
 3.163787e+01 1.276023e+04 1.373229e+04 2.940807e+02 3.743564e+04 4.829342e+07
<GCONST> 6.737025e+01
<MIXTURE> 5 1.463526e-01
<MEAN> 6
 7.271650e+01 -7.670832e+02 -3.083635e+02 -3.254295e+00 -1.272611e+01 5.593639e+01
<VARIANCE> 6
 3.163787e+01 1.501384e+04 4.354191e+04 2.940807e+02 3.743564e+04 4.829342e+07
<GCONST> 6.868686e+01
<MIXTURE> 6 8.473571e-02
<MEAN> 6
 5.998871e+01 -4.246666e+02 -2.137126e+02 1.150391e-01 -5.636430e+00 -1.376006e+02
<VARIANCE> 6
 3.163787e+01 1.276023e+04 1.373229e+04 2.940807e+02 3.743564e+04 4.829342e+07
<GCONST> 6.737025e+01
<MIXTURE> 7 7.441412e-02
<MEAN> 6
 7.289928e+01 -7.982042e+02 -5.935620e+02 -2.548154e+00 4.110168e+00 3.631787e+01
<VARIANCE> 6
 3.163787e+01 1.276023e+04 4.930640e+04 2.940807e+02 3.743564e+04 4.829342e+07
<GCONST> 6.864856e+01
<MIXTURE> 8 8.363798e-02
<MEAN> 6
 5.984997e+01 -4.306162e+02 -2.451188e+02 2.789946e-01 -6.819029e+00 -1.779854e+02
<VARIANCE> 6
 3.163787e+01 1.276023e+04 1.373229e+04 2.940807e+02 3.743564e+04 4.829342e+07
<GCONST> 6.737025e+01
<MIXTURE> 9 7.299905e-02
<MEAN> 6
 5.921463e+01 -4.194969e+02 -2.327838e+02 7.510593e-01 -1.574254e+00 -1.255716e+02
<VARIANCE> 6
 3.163787e+01 1.276023e+04 2.481119e+04 2.940807e+02 3.743564e+04 4.829342e+07
<GCONST> 6.796179e+01
<MIXTURE> 10 7.484271e-02
<MEAN> 6
 7.104330e+01 -8.355906e+02 -6.796056e+02 -2.398856e+00 -7.328110e+00 -1.424982e+02
<VARIANCE> 6
 3.163787e+01 1.276023e+04 5.066075e+04 2.940807e+02 3.743564e+04 4.829342e+07
<GCONST> 6.867564e+01
<STATE> 10
<NUMMIXES> 10
<MIXTURE> 1 1.491298e-01
<MEAN> 6
 7.324255e+01 1.038681e+02 -2.557157e+02 -9.250111e-01 -7.770099e+00 -9.850473e+01
<VARIANCE> 6
 3.163787e+01 1.276023e+04 1.556932e+04 2.940807e+02 3.743564e+04 4.829342e+07
<GCONST> 6.749580e+01
<MIXTURE> 2 5.376803e-02
<MEAN> 6
 7.344263e+01 -2.611915e+02 -5.929719e+02 5.528896e-01 -6.640718e+00 -1.096687e+02
<VARIANCE> 6
 3.163787e+01 6.325230e+04 1.373229e+04 2.940807e+02 3.743564e+04 4.829342e+07
<GCONST> 6.897104e+01
<MIXTURE> 3 1.017471e-01
<MEAN> 6
 6.855651e+01 8.920368e+00 -1.677636e+02 -1.828029e-01 -1.787079e+00 -9.303300e+01
<VARIANCE> 6
 3.163787e+01 1.276023e+04 1.373229e+04 2.940807e+02 3.743564e+04 4.829342e+07
<GCONST> 6.737025e+01
<MIXTURE> 4 8.199431e-02
<MEAN> 6
 6.613401e+01 -4.155138e+01 -2.001458e+02 1.408319e+00 9.830138e+00 -5.408925e+01
<VARIANCE> 6
 3.163787e+01 1.276023e+04 3.956288e+04 2.940807e+02 3.743564e+04 4.829342e+07
<GCONST> 6.842839e+01
<MIXTURE> 5 1.184472e-01
<MEAN> 6
 7.353457e+01 9.059077e+01 -2.979320e+02 -5.580068e-01 -5.578184e+00 -1.040883e+02
<VARIANCE> 6
 3.163787e+01 1.276023e+04 1.502053e+04 2.940807e+02 3.743564e+04 4.829342e+07
<GCONST> 6.745992e+01
<MIXTURE> 6 1.096131e-01
<MEAN> 6
 6.994259e+01 1.267492e+02 -3.820849e+02 1.449816e+00 3.021490e+00 -1.300444e+02
<VARIANCE> 6
 3.163787e+01 1.276023e+04 1.373229e+04 2.940807e+02 3.743564e+04 4.829342e+07
<GCONST> 6.737025e+01
<MIXTURE> 7 1.254454e-01
<MEAN> 6
 6.718767e+01 -3.843431e+01 -2.382211e+02 6.055056e-01 2.405108e+00 -8.878918e+01
<VARIANCE> 6
 3.163787e+01 1.276023e+04 1.458254e+04 2.940807e+02 3.743564e+04 4.829342e+07
<GCONST> 6.743033e+01
<MIXTURE> 8 7.968634e-02
<MEAN> 6
 7.589525e+01 6.922238e+01 -3.140781e+02 -3.872540e-01 5.038681e-01 -4.212891e+01
<VARIANCE> 6
 3.163787e+01 1.276023e+04 1.373229e+04 2.940807e+02 3.743564e+04 4.829342e+07
<GCONST> 6.737025e+01
<MIXTURE> 9 9.974848e-02
<MEAN> 6
 6.732369e+01 -3.403390e+01 -2.115678e+02 3.768242e-01 4.291211e-01 -9.216794e+01
<VARIANCE> 6
 3.163787e+01 1.276023e+04 1.373229e+04 2.940807e+02 3.743564e+04 4.829342e+07
<GCONST> 6.737025e+01
<MIXTURE> 10 8.041467e-02
<MEAN> 6
 7.452154e+01 3.852778e+01 -3.519359e+02 -7.663429e-01 -1.461767e+01 -2.336392e+02
<VARIANCE> 6
 3.163787e+01 1.276023e+04 1.373229e+04 2.940807e+02 3.743564e+04 4.829342e+07
<GCONST> 6.737025e+01
<STATE> 11
<NUMMIXES> 10
<MIXTURE> 1 7.435025e-02
<MEAN> 6
 7.194580e+01 2.026657e+02 1.977365e+02 2.801341e-01 8.751391e+00 -1.842312e+01
<VARIANCE> 6
 3.163787e+01 6.078005e+04 1.373229e+04 2.940807e+02 3.743564e+04 4.829342e+07
<GCONST> 6.893118e+01
<MIXTURE> 2 9.864736e-02
<MEAN> 6
 6.585597e+01 9.354496e+02 -1.469942e+02 -3.442517e-01 5.569578e-01 -1.529134e+02
<VARIANCE> 6
 3.163787e+01 1.276023e+04 1.373229e+04 2.940807e+02 3.743564e+04 4.829342e+07
<GCONST> 6.737025e+01
<MIXTURE> 3 6.319124e-02
<MEAN> 6
 6.547655e+01 -1.572876e+02 3.652633e+02 9.837149e-01 -3.815699e+00 7.603124e+00
<VARIANCE> 6
 3.163787e+01 7.128441e+04 1.729434e+04 2.940807e+02 3.743564e+04 4.829342e+07
<GCONST> 6.932123e+01
<MIXTURE> 4 8.825747e-02
<MEAN> 6
 7.422901e+01 8.137464e+01 1.595933e+02 -2.266474e-01 1.366292e+01 -2.076099e+01
<VARIANCE> 6
 3.163787e+01 1.276023e+04 1.373229e+04 2.940807e+02 3.743564e+04 4.829342e+07
<GCONST> 6.737025e+01
<MIXTURE> 5 1.400515e-01
<MEAN> 6
 5.444224e+01 4.242187e+02 -1.921512e+02 4.794156e-01 -4.153516e+00 -1.659096e+02
<VARIANCE> 6
 3.163787e+01 1.276023e+04 1.373229e+04 2.940807e+02 3.743564e+04 4.829342e+07
<GCONST> 6.737025e+01
<MIXTURE> 6 1.139561e-01
<MEAN> 6
 7.024974e+01 -2.128006e+02 1.104249e+02 1.367364e+00 3.282911e+00 -2.212067e+02
<VARIANCE> 6
 3.163787e+01 1.276023e+04 1.373229e+04 2.940807e+02 3.743564e+04 4.829342e+07
<GCONST> 6.737025e+01
<MIXTURE> 7 1.290987e-01
<MEAN> 6
 6.478384e+01 -5.146743e+02 2.885228e+02 -7.546661e-01 -1.117173e+01 -2.040594e+02
<VARIANCE> 6
 3.163787e+01 1.276023e+04 1.373229e+04 2.940807e+02 3.743564e+04 4.829342e+07
<GCONST> 6.737025e+01
<MIXTURE> 8 9.470150e-02
<MEAN> 6
 6.684877e+01 7.596808e+02 -1.113273e+02 -2.421588e+00 -4.455640e+00 -1.927699e+02
<VARIANCE> 6
 3.163787e+01 2.386613e+04 1.373229e+04 2.940807e+02 3.743564e+04 4.829342e+07
<GCONST> 6.799637e+01
<MIXTURE> 9 1.097963e-01
<MEAN> 6
 7.077094e+01 -2.245810e+02 8.643044e+01 7.589783e-01 -1.490765e+00 -2.507846e+02
<VARIANCE> 6
 3.163787e+01 1.276023e+04 1.373229e+04 2.940807e+02 3.743564e+04 4.829342e+07
<GCONST> 6.737025e+01
<MIXTURE> 10 8.793344e-02
<MEAN> 6
 7.385610e+01 5.030141e+01 1.337851e+02 -1.262208e+00 -7.725624e+00 -2.634539e+02
<VARIANCE> 6
 3.163787e+01 1.276023e+04 1.373229e+04 2.940807e+02 3.743564e+04 4.829342e+07
<GCONST> 6.737025e+01
<STATE> 12
<NUMMIXES> 10
<MIXTURE> 1 4.561520e-02
<MEAN> 6
 8.278249e+01 -8.781362e+03 2.067907e+03 -1.116688e+01 -1.189384e+01 5.268895e+02
<VARIANCE> 6
 3.163787e+01 1.276023e+04 1.407602e+04 2.940807e+02 3.743564e+04 4.829342e+07
<GCONST> 6.739497e+01
<MIXTURE> 2 1.007310e-01
<MEAN> 6
 6.978151e+01 1.082525e+03 7.144075e+02 5.411887e-01 5.110271e+00 -6.407675e+01
<VARIANCE> 6
 3.163787e+01 3.692927e+04 1.373229e+04 2.940807e+02 3.743564e+04 4.829342e+07
<GCONST> 6.843292e+01
<MIXTURE> 3 1.491424e-01
<MEAN> 6
 7.894845e+01 2.616493e+03 -2.100456e+02 -1.379142e+00 -8.136365e-01 -1.350809e+02
<VARIANCE> 6
 3.163787e+01 7.802123e+04 1.373229e+04 2.940807e+02 3.743564e+04 4.829342e+07
<GCONST> 6.918089e+01
<MIXTURE> 4 1.072808e-01
<MEAN> 6
 7.142847e+01 1.309629e+03 -1.125046e+03 6.711534e-01 -6.318040e+00 -1.396690e+02
<VARIANCE> 6
 3.163787e+01 1.276023e+04 1.373229e+04 2.940807e+02 3.743564e+04 4.829342e+07
<GCONST> 6.737025e+01
<MIXTURE> 5 1.149737e-01
<MEAN> 6
 7.790802e+01 -1.768331e+03 -7.858641e+02 7.083764e-01 -3.406898e+00 -2.476200e+02
<VARIANCE> 6
 3.163787e+01 5.714049e+04 1.373229e+04 2.940807e+02 3.743564e+04 4.829342e+07
<GCONST> 6.886943e+01
<MIXTURE> 6 9.083106e-02
<MEAN> 6
 6.925362e+01 7.211775e+02 -1.229548e+03 1.173947e+00 -1.602750e+01 -3.487329e+02
<VARIANCE> 6
 3.163787e+01 2.095544e+05 1.342625e+05 2.940807e+02 3.743564e+04 4.829342e+07
<GCONST> 7.244894e+01
<MIXTURE> 7 8.609578e-02
<MEAN> 6
 7.328863e+01 -8.950938e+03 1.348603e+03 -4.747939e-01 2.094090e+00 -7.046326e+01
<VARIANCE> 6
 3.163787e+01 1.475793e+04 1.150994e+05 2.940807e+02 3.743564e+04 4.829342e+07
<GCONST> 6.964174e+01
<MIXTURE> 8 1.066473e-01
<MEAN> 6
 7.142849e+01 1.309628e+03 -1.125046e+03 6.711339e-01 -6.318429e+00 -1.396708e+02
<VARIANCE> 6
 3.163787e+01 1.276023e+04 1.373229e+04 2.940807e+02 3.743564e+04 4.829342e+07
<GCONST> 6.737025e+01
<MIXTURE> 9 1.126124e-01
<MEAN> 6
 7.114243e+01 8.217536e+02 6.530878e+02 6.060832e-01 -7.618634e+00 -1.793232e+02
<VARIANCE> 6
 3.163787e+01 1.305096e+04 1.373229e+04 2.940807e+02 3.743564e+04 4.829342e+07
<GCONST> 6.739278e+01
<MIXTURE> 10 8.607008e-02
<MEAN> 6
 7.313695e+01 -8.971407e+03 1.288454e+03 -1.971712e-01 -1.184970e+01 -3.886365e+02
<VARIANCE> 6
 3.163787e+01 1.624616e+04 8.740423e+04 2.940807e+02 3.743564e+04 4.829342e+07
<GCONST> 6.946257e+01
<STATE> 13
<NUMMIXES> 10
<MIXTURE> 1 1.327678e-02
<MEAN> 6
 2.359624e+01 7.962334e+02 -2.080977e+02 -5.056961e+01 -3.579466e+02 6.499571e+03
<VARIANCE> 6
 7.129126e+03 3.629479e+07 1.226600e+06 4.833226e+05 2.466037e+08 3.749532e+11
<GCONST> 1.103880e+02
<MIXTURE> 2 1.211755e-01
<MEAN> 6
 2.403231e+01 1.288403e+02 2.480580e+01 2.456337e+02 2.971966e+01 -3.164156e+03
<VARIANCE> 6
 7.598811e+02 2.058556e+05 1.063322e+05 6.910641e+03 1.815743e+05 5.975300e+07
<GCONST> 8.032565e+01
<MIXTURE> 3 9.376698e-02
<MEAN> 6
 5.253337e+01 1.152779e+02 4.786656e+01 -2.078669e+01 -4.808745e+02 1.701428e+02
<VARIANCE> 6
 3.906783e+03 1.294710e+06 9.246360e+05 6.087940e+04 3.413332e+06 1.823340e+09
<GCONST> 9.449247e+01
<MIXTURE> 4 7.994919e-02
<MEAN> 6
 1.004648e+02 9.454428e+01 6.202552e+01 -4.586704e+00 1.078426e+00 2.056920e+02
<VARIANCE> 6
 1.778717e+02 6.856016e+05 1.917227e+05 2.940807e+02 3.743564e+04 4.829342e+07
<GCONST> 7.571722e+01
<MIXTURE> 5 1.301239e-01
<MEAN> 6
 -3.202601e+01 2.970069e+01 2.663187e+01 -1.250595e+02 1.166659e+03 1.833183e+03
<VARIANCE> 6
 6.588699e+02 1.292771e+05 1.000083e+05 4.508428e+04 1.006189e+06 5.814661e+08
<GCONST> 8.551954e+01
<MIXTURE> 6 1.433472e-01
<MEAN> 6
 8.669445e+01 -1.175101e+01 6.269504e+01 -4.463632e+00 -6.174670e+02 -1.192764e+03
<VARIANCE> 6
 2.875164e+02 2.103309e+05 1.664692e+05 2.012042e+04 2.185874e+05 7.022876e+07
<GCONST> 8.123924e+01
<MIXTURE> 7 9.730875e-02
<MEAN> 6
 -4.208648e+01 1.201114e+02 3.874434e+01 8.653519e+01 7.861370e+02 -3.051031e+02
<VARIANCE> 6
 2.616061e+02 1.893366e+05 1.114316e+05 1.322700e+04 1.891264e+05 4.898861e+07
<GCONST> 7.971384e+01
<MIXTURE> 8 1.482049e-01
<MEAN> 6
 6.242807e+01 5.642306e+00 4.624778e+01 -1.190371e+02 -7.614667e+02 1.965405e+03
<VARIANCE> 6
 1.087658e+03 8.692728e+04 7.075215e+04 4.403448e+04 7.130208e+05 2.784523e+08
<GCONST> 8.417356e+01
<MIXTURE> 9 9.141125e-02
<MEAN> 6
 -5.570058e+01 1.174117e+02 2.040519e+01 7.589713e+00 2.613049e+02 1.473624e+02
<VARIANCE> 6
 2.816699e+02 2.562161e+05 1.447292e+05 1.288390e+03 9.854305e+04 4.836432e+07
<GCONST> 7.735806e+01
<MIXTURE> 10 8.061261e-02
<MEAN> 6
 9.528101e+01 -2.334241e+02 -1.109273e+02 -8.664818e+00 -5.207117e+01 -7.400717e+02
<VARIANCE> 6
 2.021691e+02 5.934846e+05 1.548918e+05 2.940807e+02 3.743564e+04 4.829342e+07
<GCONST> 7.548766e+01
<TRANSP> 14
 0.000000e+00 1.000000e+00 0.000000e+00 0.000000e+00 0.000000e+00 0.000000e+00 0.000000e+00 0.000000e+00 0.000000e+00 0.000000e+00 0.000000e+00 0.000000e+00 0.000000e+00 0.000000e+00
 0.000000e+00 9.998373e-01 1.627370e-04 0.000000e+00 0.000000e+00 0.000000e+00 0.000000e+00 0.000000e+00 0.000000e+00 0.000000e+00 0.000000e+00 0.000000e+00 0.000000e+00 0.000000e+00
 0.000000e+00 0.000000e+00 9.906871e-01 9.312960e-03 0.000000e+00 0.000000e+00 0.000000e+00 0.000000e+00 0.000000e+00 0.000000e+00 0.000000e+00 0.000000e+00 0.000000e+00 0.000000e+00
 0.000000e+00 0.000000e+00 0.000000e+00 9.950789e-01 4.921046e-03 0.000000e+00 0.000000e+00 0.000000e+00 0.000000e+00 0.000000e+00 0.000000e+00 0.000000e+00 0.000000e+00 0.000000e+00
 0.000000e+00 0.000000e+00 0.000000e+00 0.000000e+00 9.979669e-01 2.033164e-03 0.000000e+00 0.000000e+00 0.000000e+00 0.000000e+00 0.000000e+00 0.000000e+00 0.000000e+00 0.000000e+00
 0.000000e+00 0.000000e+00 0.000000e+00 0.000000e+00 0.000000e+00 9.954544e-01 4.545674e-03 0.000000e+00 0.000000e+00 0.000000e+00 0.000000e+00 0.000000e+00 0.000000e+00 0.000000e+00
 0.000000e+00 0.000000e+00 0.000000e+00 0.000000e+00 0.000000e+00 0.000000e+00 9.971703e-01 2.829675e-03 0.000000e+00 0.000000e+00 0.000000e+00 0.000000e+00 0.000000e+00 0.000000e+00
 0.000000e+00 0.000000e+00 0.000000e+00 0.000000e+00 0.000000e+00 0.000000e+00 0.000000e+00 9.967784e-01 3.221572e-03 0.000000e+00 0.000000e+00 0.000000e+00 0.000000e+00 0.000000e+00
 0.000000e+00 0.000000e+00 0.000000e+00 0.000000e+00 0.000000e+00 0.000000e+00 0.000000e+00 0.000000e+00 9.977578e-01 2.242262e-03 0.000000e+00 0.000000e+00 0.000000e+00 0.000000e+00
 0.000000e+00 0.000000e+00 0.000000e+00 0.000000e+00 0.000000e+00 0.000000e+00 0.000000e+00 0.000000e+00 0.000000e+00 9.985851e-01 1.414922e-03 0.000000e+00 0.000000e+00 0.000000e+00
 0.000000e+00 0.000000e+00 0.000000e+00 0.000000e+00 0.000000e+00 0.000000e+00 0.000000e+00 0.000000e+00 0.000000e+00 0.000000e+00 9.983389e-01 1.661128e-03 0.000000e+00 0.000000e+00
 0.000000e+00 0.000000e+00 0.000000e+00 0.000000e+00 0.000000e+00 0.000000e+00 0.000000e+00 0.000000e+00 0.000000e+00 0.000000e+00 0.000000e+00 9.962991e-01 3.700862e-03 0.000000e+00
 0.000000e+00 0.000000e+00 0.000000e+00 0.000000e+00 0.000000e+00 0.000000e+00 0.000000e+00 0.000000e+00 0.000000e+00 0.000000e+00 0.000000e+00 0.000000e+00 9.999406e-01 5.942583e-05
 0.000000e+00 0.000000e+00 0.000000e+00 0.000000e+00 0.000000e+00 0.000000e+00 0.000000e+00 0.000000e+00 0.000000e+00 0.000000e+00 0.000000e+00 0.000000e+00 0.000000e+00 0.000000e+00
<ENDHMM>
~h "SegundoESO"
<BEGINHMM>
<NUMSTATES> 14
<STATE> 2
<NUMMIXES> 10
<MIXTURE> 1 4.273110e-02
<MEAN> 6
 7.174917e+01 1.320484e+04 -1.200151e+03 -6.992925e-01 -3.970754e+00 -1.712467e+02
<VARIANCE> 6
 3.163787e+01 1.276023e+04 1.373229e+04 2.940807e+02 3.743564e+04 4.829342e+07
<GCONST> 6.737025e+01
<MIXTURE> 2 5.688524e-02
<MEAN> 6
 6.727174e+01 1.628503e+03 -2.036172e+03 3.396310e-01 -2.123435e+00 -6.121566e+01
<VARIANCE> 6
 4.924973e+01 5.630394e+04 4.231981e+05 2.940807e+02 3.743564e+04 4.829342e+07
<GCONST> 7.272533e+01
<MIXTURE> 3 9.236688e-02
<MEAN> 6
 7.491574e+01 4.515544e+01 -5.160048e+03 -1.220489e-02 -6.997070e-01 -2.821582e+01
<VARIANCE> 6
 3.163787e+01 1.378918e+05 6.552100e+06 2.940807e+02 3.743564e+04 4.829342e+07
<GCONST> 7.591818e+01
<MIXTURE> 4 7.956979e-02
<MEAN> 6
 6.734696e+01 1.439968e+03 4.535267e+01 -1.119804e+00 -2.209845e+00 -7.535843e+01
<VARIANCE> 6
 3.163787e+01 9.088528e+04 1.373229e+04 2.940807e+02 3.743564e+04 4.829342e+07
<GCONST> 6.933351e+01
<MIXTURE> 5 1.289833e-01
<MEAN> 6
 5.723659e+01 4.811761e+02 -3.704767e+03 1.363196e+00 -4.578990e-01 -3.412531e+01
<VARIANCE> 6
 3.163787e+01 6.689138e+04 1.344447e+06 2.940807e+02 3.743564e+04 4.829342e+07
<GCONST> 7.361098e+01
<MIXTURE> 6 8.007076e-02
<MEAN> 6
 6.044926e+01 5.272479e+01 -7.138585e+02 -1.318914e-01 1.053822e+00 -3.239880e+01
<VARIANCE> 6
 3.163787e+01 1.497005e+06 4.573690e+04 2.940807e+02 3.743564e+04 4.829342e+07
<GCONST> 7.333829e+01
<MIXTURE> 7 1.669855e-01
<MEAN> 6
 6.375488e+01 2.592890e+02 -1.490885e+03 2.076376e-01 -4.272642e-01 -1.173529e+02
<VARIANCE> 6
 3.163787e+01 1.783954e+05 1.258890e+05 2.940807e+02 3.743564e+04 4.829342e+07
<GCONST> 7.222357e+01
<MIXTURE> 8 1.419666e-01
<MEAN> 6
 6.085242e+01 -8.278119e+02 -5.398282e+02 1.897326e-01 -1.993531e+00 -9.582299e+01
<VARIANCE> 6
 3.163787e+01 7.275965e+05 2.626866e+04 2.940807e+02 3.743564e+04 4.829342e+07
<GCONST> 7.206229e+01
<MIXTURE> 9 1.186605e-01
<MEAN> 6
 5.924542e+01 2.293243e+03 -2.830957e+02 4.184533e-01 -3.194252e+00 -1.583919e+02
<VARIANCE> 6
 3.163787e+01 1.688977e+05 1.373229e+04 2.940807e+02 3.743564e+04 4.829342e+07
<GCONST> 6.995320e+01
<MIXTURE> 10 9.174376e-02
<MEAN> 6
 7.451760e+01 -1.073751e+02 -6.491706e+03 -5.855119e-01 -7.441998e+00 -9.266138e+01
<VARIANCE> 6
 3.163787e+01 1.401934e+05 7.166040e+06 2.940807e+02 3.743564e+04 4.829342e+07
<GCONST> 7.602429e+01
<STATE> 3
<NUMMIXES> 10
<MIXTURE> 1 4.494806e-02
<MEAN> 6
 6.413588e+01 -3.979495e+01 1.161998e+03 -3.183195e-01 5.097196e+00 -4.765024e+01
<VARIANCE> 6
 6.687590e+01 7.223741e+04 7.000775e+05 2.940807e+02 3.743564e+04 4.829342e+07
<GCONST> 7.378380e+01
<MIXTURE> 2 1.060584e-01
<MEAN> 6
 8.229121e+01 -7.598290e+02 9.686385e+01 -1.044845e-01 -4.635147e+00 -8.949472e+01
<VARIANCE> 6
 3.163787e+01 1.953037e+04 1.373229e+04 2.940807e+02 3.743564e+04 4.829342e+07
<GCONST> 6.779588e+01
<MIXTURE> 3 1.185062e-01
<MEAN> 6
 6.630312e+01 6.896422e+01 2.761534e+02 -1.654610e+00 -3.230826e+00 -1.121058e+02
<VARIANCE> 6
 8.128308e+01 3.387482e+04 1.656242e+04 2.940807e+02 3.743564e+04 4.829342e+07
<GCONST> 6.947755e+01
<MIXTURE> 4 9.935030e-02
<MEAN> 6
 7.447516e+01 6.047802e+02 5.212435e+02 -1.448594e-01 -2.129069e+00 -4.695159e+01
<VARIANCE> 6
 3.163787e+01 3.796680e+04 1.601542e+05 2.940807e+02 3.743564e+04 4.829342e+07
<GCONST> 7.091702e+01
<MIXTURE> 5 1.116007e-01
<MEAN> 6
 6.586364e+01 -3.837731e+02 1.196503e+02 3.017950e-01 4.913830e+00 -1.349097e+01
<VARIANCE> 6
 3.163787e+01 6.599141e+04 4.775007e+04 2.940807e+02 3.743564e+04 4.829342e+07
<GCONST> 7.025967e+01
<MIXTURE> 6 8.902866e-02
<MEAN> 6
 6.793542e+01 3.859960e+02 -2.627509e+02 6.185497e-02 -9.255500e-01 -9.743367e+01
<VARIANCE> 6
 3.163787e+01 2.479099e+04 1.494088e+04 2.940807e+02 3.743564e+04 4.829342e+07
<GCONST> 6.811874e+01
<MIXTURE> 7 1.243518e-01
<MEAN> 6
 7.400746e+01 -4.140614e+02 4.507767e+02 -1.141050e+00 -4.084196e+00 -6.083683e+01
<VARIANCE> 6
 3.163787e+01 1.443383e+05 1.851811e+05 2.940807e+02 3.743564e+04 4.829342e+07
<GCONST> 7.239766e+01
<MIXTURE> 8 1.053520e-01
<MEAN> 6
 7.313583e+01 8.699505e+01 -5.797616e+02 -4.877034e-01 -2.110258e+00 -1.050768e+02
<VARIANCE> 6
 3.163787e+01 4.854198e+04 3.305084e+04 2.940807e+02 3.743564e+04 4.829342e+07
<GCONST> 6.958464e+01
<MIXTURE> 9 9.071422e-02
<MEAN> 6
 7.415591e+01 5.344594e+02 1.008299e+02 2.507530e-01 -3.391372e+00 -6.725597e+01
<VARIANCE> 6
 3.163787e+01 3.682369e+04 5.261774e+05 2.940807e+02 3.743564e+04 4.829342e+07
<GCONST> 7.207594e+01
<MIXTURE> 10 1.099685e-01
<MEAN> 6
 6.373924e+01 -4.889041e+02 2.899955e+01 -5.851274e-01 -7.220341e+00 -1.398799e+02
<VARIANCE> 6
 3.163787e+01 7.957720e+04 4.310246e+04 2.940807e+02 3.743564e+04 4.829342e+07
<GCONST> 7.034447e+01
<STATE> 4
<NUMMIXES> 10
<MIXTURE> 1 8.419698e-02
<MEAN> 6
 8.862997e+01 -4.455082e+03 5.370725e+03 -1.663643e+00 -2.931034e+01 -8.366376e+01
<VARIANCE> 6
 7.531798e+01 3.091817e+06 2.797840e+07 2.940807e+02 3.743564e+04 4.829342e+07
<GCONST> 8.134723e+01
<MIXTURE> 2 4.470225e-02
<MEAN> 6
 3.845686e+01 5.964674e+03 1.849268e+03 -1.824560e+01 -2.226893e+02 2.023442e+02
<VARIANCE> 6
 2.863450e+03 5.454854e+07 2.937314e+07 3.611953e+04 8.138203e+05 2.640431e+08
<GCONST> 9.749295e+01
<MIXTURE> 3 5.565187e-02
<MEAN> 6
 8.925777e+01 9.875104e+01 2.434298e+03 -3.717733e+00 -7.706922e+01 -7.415446e+01
<VARIANCE> 6
 1.374898e+02 1.359563e+06 1.386436e+06 2.940807e+02 3.743564e+04 4.829342e+07
<GCONST> 7.812277e+01
<MIXTURE> 4 9.204614e-02
<MEAN> 6
 -4.135532e+01 6.134546e+02 3.267228e+03 2.540238e+01 7.901763e+02 1.056451e+03
<VARIANCE> 6
 7.568385e+02 8.694187e+05 3.224623e+06 5.144099e+04 4.706449e+05 1.571813e+08
<GCONST> 8.910128e+01
<MIXTURE> 5 9.153637e-02
<MEAN> 6
 1.231922e+01 -5.225865e+03 4.909171e+02 1.890111e+01 4.406612e+01 -4.338848e+02
<VARIANCE> 6
 3.180662e+03 1.714446e+06 2.690029e+05 2.070838e+04 2.460478e+05 4.829342e+07
<GCONST> 8.599358e+01
<MIXTURE> 6 1.394240e-01
<MEAN> 6
 8.442329e+01 -1.436664e+03 1.055617e+02 -2.551920e+00 -7.916326e+00 -9.497903e+01
<VARIANCE> 6
 6.571400e+01 6.997499e+05 1.725345e+05 2.940807e+02 3.743564e+04 4.829342e+07
<GCONST> 7.463644e+01
<MIXTURE> 7 1.601869e-01
<MEAN> 6
 6.762836e+01 -2.429318e+02 2.485768e+03 7.314837e+00 -7.276511e+02 2.735728e+01
<VARIANCE> 6
 6.808242e+02 9.978339e+05 3.778841e+06 4.257617e+04 2.108514e+05 6.657198e+07
<GCONST> 8.744059e+01
<MIXTURE> 8 1.178418e-01
<MEAN> 6
 7.380233e+01 6.860576e+01 -1.593237e+02 -4.832378e-01 -9.397583e+00 -8.710223e+01
<VARIANCE> 6
 3.163787e+01 2.448590e+06 2.130719e+05 2.940807e+02 3.743564e+04 4.829342e+07
<GCONST> 7.536906e+01
<MIXTURE> 9 1.204676e-01
<MEAN> 6
 7.569585e+01 2.891975e+00 1.867279e+03 -8.105080e-02 -7.092422e+00 -1.180794e+02
<VARIANCE> 6
 3.163787e+01 1.454415e+06 5.679905e+05 2.940807e+02 3.743564e+04 4.829342e+07
<GCONST> 7.582863e+01
<MIXTURE> 10 9.387469e-02
<MEAN> 6
 -4.699552e+01 1.349666e+02 2.218355e+03 -3.468045e+01 5.949148e+02 -8.222830e+02
<VARIANCE> 6
 7.106188e+02 8.805332e+05 3.950918e+06 3.444440e+04 4.472205e+05 1.261484e+08
<GCONST> 8.858202e+01
<STATE> 5
<NUMMIXES> 10
<MIXTURE> 1 1.304893e-01
<MEAN> 6
 6.914431e+01 -6.663507e+01 -3.322993e+02 -3.770549e+01 -6.910153e+02 -9.437016e+03
<VARIANCE> 6
 7.089905e+01 6.922731e+05 7.469382e+05 6.662663e+02 4.104905e+04 5.227391e+07
<GCONST> 7.715622e+01
<MIXTURE> 2 9.891925e-02
<MEAN> 6
 5.724927e+01 2.061741e+02 -2.275797e+02 -1.327438e+02 -9.630353e+02 5.181603e+02
<VARIANCE> 6
 7.819438e+01 8.834727e+05 6.000816e+05 1.834395e+03 2.423651e+05 4.829342e+07
<GCONST> 7.998837e+01
<MIXTURE> 3 7.023314e-02
<MEAN> 6
 5.930539e+01 -1.882198e+02 1.597269e+02 -2.402640e+02 -2.297845e+03 9.084121e+03
<VARIANCE> 6
 1.380969e+02 5.251662e+05 1.156849e+05 6.364377e+03 4.313101e+05 4.763444e+08
<GCONST> 8.250002e+01
<MIXTURE> 4 6.864630e-02
<MEAN> 6
 -1.226921e+01 3.287595e+02 1.679895e+02 -4.177036e+02 3.130198e+02 3.825584e+04
<VARIANCE> 6
 1.976505e+02 1.204650e+06 4.659178e+05 4.256903e+03 9.406544e+05 4.488792e+08
<GCONST> 8.540012e+01
<MIXTURE> 5 9.339052e-02
<MEAN> 6
 4.244732e+01 -1.404272e+02 4.727982e+02 -2.709875e+02 -1.217586e+03 4.763979e+03
<VARIANCE> 6
 9.740406e+01 1.250748e+06 3.250077e+06 2.099087e+03 1.462305e+05 5.901659e+07
<GCONST> 8.207510e+01
<MIXTURE> 6 1.107793e-01
<MEAN> 6
 2.491416e+01 -2.233886e+01 -4.019072e+01 -2.778026e+02 -6.521368e+02 6.047938e+03
<VARIANCE> 6
 1.381736e+02 7.808942e+05 1.204856e+05 3.924050e+03 1.716723e+05 1.381219e+08
<GCONST> 8.029512e+01
<MIXTURE> 7 7.990332e-02
<MEAN> 6
 6.885475e+01 -1.503575e+02 5.776797e+01 -6.958211e+01 -1.499761e+03 -1.944523e+04
<VARIANCE> 6
 8.198498e+01 5.687162e+05 6.763983e+05 9.793458e+02 1.791858e+05 1.125255e+08
<GCONST> 7.963123e+01
<MIXTURE> 8 1.431578e-01
<MEAN> 6
 -1.583481e+01 -6.291999e+01 5.282732e+01 -2.817746e+02 5.390477e+02 8.366828e+03
<VARIANCE> 6
 1.834546e+02 4.431082e+05 2.173879e+05 2.461496e+03 4.877025e+05 2.343156e+08
<GCONST> 8.170840e+01
<MIXTURE> 9 1.048327e-01
<MEAN> 6
 1.751516e+01 -1.024845e+02 -2.734417e+01 -3.541975e+02 -7.783080e+02 5.003609e+03
<VARIANCE> 6
 2.032022e+02 1.085164e+06 2.385570e+05 5.935786e+03 2.894500e+05 1.702954e+08
<GCONST> 8.283861e+01
<MIXTURE> 10 9.963471e-02
<MEAN> 6
 5.449530e+01 -7.043219e+01 -4.651169e+02 -1.547700e+02 -1.144834e+03 -7.228054e+02
<VARIANCE> 6
 8.806368e+01 9.709276e+05 7.847182e+05 1.982016e+03 2.697356e+05 4.829342e+07
<GCONST> 8.065428e+01
<STATE> 6
<NUMMIXES> 10
<MIXTURE> 1 1.303763e-01
<MEAN> 6
 -4.095116e+01 1.188443e+02 -6.879629e+01 -2.357146e+02 2.106172e+03 7.765954e+03
<VARIANCE> 6
 1.897816e+02 2.156307e+06 1.734289e+06 1.202992e+04 1.249116e+06 9.998737e+08
<GCONST> 8.937939e+01
<MIXTURE> 2 5.463010e-02
<MEAN> 6
 1.080423e+01 -4.334127e+02 -6.865885e+02 -3.363463e+02 -2.124732e+02 1.332134e+04
<VARIANCE> 6
 3.758682e+02 1.784684e+07 4.809003e+06 5.901701e+03 7.604839e+05 2.104437e+08
<GCONST> 9.042927e+01
<MIXTURE> 3 9.111726e-02
<MEAN> 6
 -3.302835e+01 -1.500919e+02 5.563944e+01 2.571294e+02 1.171678e+03 -9.389612e+03
<VARIANCE> 6
 8.370730e+01 8.735846e+05 1.243372e+05 3.709069e+03 1.598800e+05 1.106463e+08
<GCONST> 7.958826e+01
<MIXTURE> 4 1.351175e-01
<MEAN> 6
 -4.164935e+01 -7.763290e+01 1.183858e+02 1.235825e+02 7.862033e+02 4.725798e+02
<VARIANCE> 6
 1.969885e+02 6.666761e+05 1.325160e+06 4.606814e+03 8.798333e+04 4.829342e+07
<GCONST> 8.133051e+01
<MIXTURE> 5 9.220215e-02
<MEAN> 6
 -5.050838e+01 4.855876e+02 4.540652e+02 2.812131e+01 1.586339e+02 1.297284e+03
<VARIANCE> 6
 2.952662e+02 6.199648e+05 1.686774e+06 6.168583e+02 3.743564e+04 4.829342e+07
<GCONST> 7.903871e+01
<MIXTURE> 6 1.189038e-01
<MEAN> 6
 -5.219721e+01 5.592576e+01 1.170308e+02 2.496297e+01 1.722122e+03 -1.313113e+03
<VARIANCE> 6
 7.768275e+01 6.400059e+05 3.369937e+05 2.331070e+04 2.879433e+05 1.449438e+08
<GCONST> 8.289600e+01
<MIXTURE> 7 5.244499e-02
<MEAN> 6
 -5.357479e+01 -1.209872e+03 -7.092509e+02 5.700436e+00 8.750990e+01 7.194086e+01
<VARIANCE> 6
 3.163787e+01 1.270140e+06 4.623810e+06 2.940807e+02 3.743564e+04 4.829342e+07
<GCONST> 7.779002e+01
<MIXTURE> 8 1.436565e-01
<MEAN> 6
 -5.416785e+01 -4.286092e+02 2.931166e+02 -9.978919e+00 6.030167e+02 2.790194e+02
<VARIANCE> 6
 1.579945e+02 1.235557e+06 5.162947e+05 4.980855e+03 6.589906e+04 4.829342e+07
<GCONST> 8.057333e+01
<MIXTURE> 9 8.793896e-02
<MEAN> 6
 -6.310860e+01 -1.181037e+02 -2.883892e+02 -1.654488e+01 1.405813e+03 -1.349156e+04
<VARIANCE> 6
 1.020884e+02 1.438512e+06 5.608168e+05 5.980250e+03 5.756195e+05 5.500326e+08
<GCONST> 8.515427e+01
<MIXTURE> 10 9.358281e-02
<MEAN> 6
 -5.709803e+01 1.247845e+02 5.972621e+01 1.376817e+01 1.014942e+02 -3.367554e+02
<VARIANCE> 6
 2.115409e+02 5.009866e+05 1.418917e+06 6.162618e+02 3.743564e+04 4.829342e+07
<GCONST> 7.831828e+01
<STATE> 7
<NUMMIXES> 10
<MIXTURE> 1 1.335354e-01
<MEAN> 6
 1.094545e+01 5.009896e+01 2.265824e+02 2.063221e+02 -5.133424e+01 -5.024421e+02
<VARIANCE> 6
 3.005431e+02 3.001459e+05 6.295764e+05 2.145597e+03 1.022801e+05 7.416253e+07
<GCONST> 8.002609e+01
<MIXTURE> 2 9.440815e-02
<MEAN> 6
 6.489409e+01 2.983561e+02 1.131102e+02 1.602408e+02 -3.884855e+02 2.254287e+03
<VARIANCE> 6
 1.600268e+02 8.279246e+05 6.221711e+05 1.145495e+03 1.576247e+05 4.930781e+07
<GCONST> 7.979541e+01
<MIXTURE> 3 1.942354e-02
<MEAN> 6
 7.105085e+01 -3.377635e+03 3.006857e+03 -2.820349e+00 -3.819434e+00 -3.187330e+01
<VARIANCE> 6
 3.163787e+01 5.431203e+04 4.144006e+04 2.940807e+02 3.743564e+04 4.829342e+07
<GCONST> 6.992316e+01
<MIXTURE> 4 1.094448e-01
<MEAN> 6
 6.762405e+01 -4.145976e+03 3.424495e+03 -7.507403e-01 -7.162936e+00 -1.641147e+02
<VARIANCE> 6
 3.163787e+01 2.731923e+04 1.373229e+04 2.940807e+02 3.743564e+04 4.829342e+07
<GCONST> 6.813150e+01
<MIXTURE> 5 1.231233e-01
<MEAN> 6
 -3.300878e-01 -1.200263e+02 1.802848e+01 3.316348e+02 -3.114092e+01 -1.363032e+04
<VARIANCE> 6
 1.933743e+02 1.293603e+06 5.084818e+05 2.930383e+03 2.700659e+05 9.173422e+07
<GCONST> 8.232774e+01
<MIXTURE> 6 1.104579e-01
<MEAN> 6
 9.013552e+01 -1.367724e+02 6.385364e+02 -3.344862e+00 -8.308998e+02 1.308862e+04
<VARIANCE> 6
 1.455816e+02 9.033574e+05 3.007507e+06 4.116810e+03 9.364591e+05 3.530196e+08
<GCONST> 8.639322e+01
<MIXTURE> 7 1.567237e-01
<MEAN> 6
 4.116789e+01 -3.745493e+01 4.577034e+01 2.556049e+02 -7.226398e+02 -1.778709e+03
<VARIANCE> 6
 1.697089e+02 9.631728e+05 7.376086e+05 2.532020e+03 1.056097e+05 4.829342e+07
<GCONST> 8.054759e+01
<MIXTURE> 8 5.691836e-02
<MEAN> 6
 4.543083e-01 -5.411158e+02 -1.055318e+03 1.606435e+02 1.700329e+02 -2.017584e+03
<VARIANCE> 6
 3.259269e+02 5.324876e+05 1.213901e+06 1.050994e+03 3.743564e+04 4.829342e+07
<GCONST> 7.918929e+01
<MIXTURE> 9 9.914524e-02
<MEAN> 6
 8.076612e+01 -3.827497e+02 1.485650e+02 1.401590e+02 -1.143640e+03 -1.357545e+04
<VARIANCE> 6
 2.077970e+02 2.000552e+06 8.489921e+05 6.222465e+03 9.902121e+05 5.782608e+08
<GCONST> 8.724169e+01
<MIXTURE> 10 9.680227e-02
<MEAN> 6
 6.060534e+01 7.439319e+01 -2.522491e+02 1.499709e+02 -5.566347e+02 -7.469189e+02
<VARIANCE> 6
 1.523145e+02 8.217042e+05 6.710642e+05 1.079942e+03 1.237064e+05 4.829342e+07
<GCONST> 7.949210e+01
<STATE> 8
<NUMMIXES> 10
<MIXTURE> 1 5.053739e-02
<MEAN> 6
 4.527708e+01 1.544974e+02 1.530687e+02 -4.525323e+01 -4.572339e+02 2.432722e+03
<VARIANCE> 6
 2.776391e+03 2.019949e+06 3.202991e+06 4.439992e+04 1.978993e+06 8.980076e+08
<GCONST> 9.426912e+01
<MIXTURE> 2 1.282313e-01
<MEAN> 6
 -4.692597e+01 2.103685e+01 1.136445e+02 -1.696729e+01 1.139259e+03 7.369092e+02
<VARIANCE> 6
 1.674781e+02 6.730937e+05 4.974248e+05 2.541294e+04 3.107393e+05 2.133907e+08
<GCONST> 8.465331e+01
<MIXTURE> 3 8.768220e-02
<MEAN> 6
 8.220734e+01 -1.469923e+02 2.484467e+02 -6.757536e+00 -8.793809e+01 -3.474525e+02
<VARIANCE> 6
 1.371562e+02 5.958418e+05 6.532909e+05 3.115339e+02 3.749950e+04 4.829342e+07
<GCONST> 7.660229e+01
<MIXTURE> 4 9.222613e-02
<MEAN> 6
 3.719333e+01 2.158626e+02 1.947305e+02 1.359205e+02 -1.800853e+02 -1.259386e+03
<VARIANCE> 6
 5.754394e+02 4.974916e+05 6.715902e+05 1.360840e+04 5.169561e+04 4.829342e+07
<GCONST> 8.198151e+01
<MIXTURE> 5 1.463298e-01
<MEAN> 6
 -1.713228e+01 7.102072e+01 5.545409e+01 5.138789e+01 3.447940e+02 -2.491058e+03
<VARIANCE> 6
 2.338172e+02 4.129335e+05 3.217429e+05 3.313099e+04 1.110392e+05 5.402043e+07
<GCONST> 8.192509e+01
<MIXTURE> 6 8.624884e-02
<MEAN> 6
 1.678569e+01 -2.410393e+02 2.927516e+01 -2.371138e+02 -1.385079e+02 5.428575e+03
<VARIANCE> 6
 5.889692e+02 2.045657e+06 2.257530e+05 5.354924e+03 1.806628e+05 1.008506e+08
<GCONST> 8.338337e+01
<MIXTURE> 7 1.086389e-01
<MEAN> 6
 7.508612e+01 1.164382e+02 2.004429e+02 1.281627e+01 -6.212773e+02 9.153632e+02
<VARIANCE> 6
 2.615511e+02 8.710236e+05 3.966389e+05 1.751193e+04 1.537268e+05 6.576996e+07
<GCONST> 8.287735e+01
<MIXTURE> 8 1.090630e-01
<MEAN> 6
 -5.637168e+01 -1.984394e+01 7.417906e+01 1.828107e+01 3.184074e+02 -8.174506e+01
<VARIANCE> 6
 1.171831e+02 3.668065e+05 7.115270e+05 1.342938e+03 9.599755e+04 4.829342e+07
<GCONST> 7.844626e+01
<MIXTURE> 9 8.265267e-02
<MEAN> 6
 2.852068e+01 -1.574911e+02 -1.497170e+02 5.718475e+01 -2.201868e+02 -1.274619e+03
<VARIANCE> 6
 5.566556e+02 5.933145e+05 9.727988e+05 3.995465e+04 8.212266e+04 4.829342e+07
<GCONST> 8.403490e+01
<MIXTURE> 10 1.077474e-01
<MEAN> 6
 7.002303e+01 -1.612038e+02 1.324802e+01 -3.571354e+01 -7.687708e+02 -1.436893e+03
<VARIANCE> 6
 2.375549e+02 8.252729e+05 3.630868e+05 2.097101e+04 1.575432e+05 6.329629e+07
<GCONST> 8.280522e+01
<STATE> 9
<NUMMIXES> 10
<MIXTURE> 1 1.134701e-01
<MEAN> 6
 6.432452e+01 2.085523e+03 -2.493216e+03 1.032952e+02 -1.750834e+02 -1.830148e+02
<VARIANCE> 6
 3.024245e+02 3.557137e+06 4.036364e+06 2.963095e+03 3.743564e+04 4.829342e+07
<GCONST> 8.325159e+01
<MIXTURE> 2 1.035853e-01
<MEAN> 6
 8.929902e+01 2.673915e+02 -8.315704e+02 1.000556e+01 -1.079838e+03 8.406940e+02
<VARIANCE> 6
 3.325530e+02 7.422286e+06 3.616453e+06 2.018996e+04 8.862417e+05 4.894999e+08
<GCONST> 9.137165e+01
<MIXTURE> 3 4.377805e-02
<MEAN> 6
 4.972953e+01 1.266704e+03 -1.303571e+03 2.206521e+02 -4.381880e+02 -2.414175e+03
<VARIANCE> 6
 2.174453e+02 4.745979e+06 3.827691e+06 2.489644e+03 5.077204e+04 4.829342e+07
<GCONST> 8.328758e+01
<MIXTURE> 4 1.281955e-01
<MEAN> 6
 7.144580e+00 1.189679e+03 -2.117715e+03 1.952308e+02 5.211962e+01 -2.179278e+03
<VARIANCE> 6
 3.061272e+02 3.575336e+06 3.551195e+06 4.379499e+03 5.693718e+04 4.840628e+07
<GCONST> 8.395316e+01
<MIXTURE> 5 1.631679e-01
<MEAN> 6
 -4.202891e+01 1.016735e+03 -1.084342e+03 2.870075e+01 8.312010e+02 -6.498862e+02
<VARIANCE> 6
 1.521959e+02 2.571772e+06 3.277380e+06 1.461065e+04 2.502221e+05 9.057673e+07
<GCONST> 8.615642e+01
<MIXTURE> 6 3.853911e-02
<MEAN> 6
 6.800397e+01 -1.580103e+02 -9.188327e+02 1.188101e+02 -3.492164e+02 -8.599614e+01
<VARIANCE> 6
 4.198065e+02 5.423344e+05 7.084746e+04 3.470877e+03 7.373914e+04 4.829342e+07
<GCONST> 7.849223e+01
<MIXTURE> 7 1.117424e-01
<MEAN> 6
 6.418749e+00 1.621670e+03 -1.872274e+03 -1.907266e+02 2.084844e+02 3.280985e+03
<VARIANCE> 6
 6.092951e+02 3.984604e+06 3.024676e+06 6.353049e+03 1.195210e+05 8.629614e+07
<GCONST> 8.628106e+01
<MIXTURE> 8 9.455077e-02
<MEAN> 6
 8.510354e+01 7.769188e+02 -2.381080e+03 -1.805144e+01 -2.959264e+02 1.166987e+03
<VARIANCE> 6
 2.702704e+02 2.177857e+06 1.673947e+06 8.832945e+03 8.859478e+04 4.829342e+07
<GCONST> 8.372211e+01
<MIXTURE> 9 1.116565e-01
<MEAN> 6
 -2.648399e+01 8.395205e+02 -1.822405e+03 -4.162246e+01 1.576203e+02 3.661996e+01
<VARIANCE> 6
 9.109637e+02 3.053491e+06 2.736868e+06 1.020308e+04 3.743564e+04 4.829342e+07
<GCONST> 8.504951e+01
<MIXTURE> 10 9.125097e-02
<MEAN> 6
 7.726461e+01 3.536684e+02 -2.721274e+03 -7.553249e+01 -4.117530e+02 -3.049528e+02
<VARIANCE> 6
 2.980605e+02 2.705215e+06 1.607476e+06 1.161679e+04 8.298330e+04 4.829342e+07
<GCONST> 8.420483e+01
<STATE> 10
<NUMMIXES> 10
<MIXTURE> 1 6.495760e-02
<MEAN> 6
 1.106421e+02 1.352482e+03 -7.752024e+02 -7.634434e+00 -5.331510e+00 5.552575e+02
<VARIANCE> 6
 3.163787e+01 2.411727e+05 1.064266e+05 2.940807e+02 3.743564e+04 4.829342e+07
<GCONST> 7.235713e+01
<MIXTURE> 2 7.545832e-02
<MEAN> 6
 7.343485e+01 -6.104383e+02 2.441882e+03 -2.613695e+00 -1.121407e+01 2.203056e+02
<VARIANCE> 6
 7.012497e+01 2.390988e+05 6.008583e+05 2.940807e+02 3.743564e+04 4.829342e+07
<GCONST> 7.487532e+01
<MIXTURE> 3 8.795607e-02
<MEAN> 6
 9.081936e+01 3.593616e+02 1.700676e+03 -3.744831e+00 -1.045714e+01 4.022414e+02
<VARIANCE> 6
 3.163787e+01 3.253093e+05 4.216067e+05 2.940807e+02 3.743564e+04 4.829342e+07
<GCONST> 7.403302e+01
<MIXTURE> 4 9.239061e-02
<MEAN> 6
 9.630723e+01 -8.888759e+02 -7.848417e+03 -5.465834e+00 6.448842e+00 6.422295e+01
<VARIANCE> 6
 1.650702e+02 6.891868e+04 4.427956e+06 2.940807e+02 3.743564e+04 4.829342e+07
<GCONST> 7.648480e+01
<MIXTURE> 5 8.985991e-02
<MEAN> 6
 8.036586e+01 4.356772e+02 -3.469693e+03 -2.340351e+00 1.426720e+00 4.300823e+01
<VARIANCE> 6
 8.188860e+01 4.829629e+04 7.076529e+05 2.940807e+02 3.743564e+04 4.829342e+07
<GCONST> 7.359448e+01
<MIXTURE> 6 1.335895e-01
<MEAN> 6
 9.806927e+01 1.045472e+03 -1.853975e+03 -5.505534e+00 -1.693180e+00 1.579325e+02
<VARIANCE> 6
 4.166468e+01 8.681232e+05 7.215466e+05 2.940807e+02 3.743564e+04 4.829342e+07
<GCONST> 7.582719e+01
<MIXTURE> 7 1.471025e-01
<MEAN> 6
 1.018316e+02 3.321086e+02 -4.205341e+02 -6.078142e+00 4.889310e+00 6.702056e+01
<VARIANCE> 6
 3.217075e+01 1.574211e+05 1.141453e+05 2.940807e+02 3.743564e+04 4.829342e+07
<GCONST> 7.201727e+01
<MIXTURE> 8 1.009788e-01
<MEAN> 6
 8.369430e+01 -9.857749e+02 5.602745e+02 -2.975002e+00 -1.021434e+01 1.439520e+02
<VARIANCE> 6
 3.163787e+01 6.848144e+04 2.511588e+06 2.940807e+02 3.743564e+04 4.829342e+07
<GCONST> 7.425940e+01
<MIXTURE> 9 1.025887e-01
<MEAN> 6
 8.943101e+01 -1.454139e+02 -1.633242e+03 -4.135611e+00 2.109608e+00 1.096559e+02
<VARIANCE> 6
 6.291150e+01 4.854477e+05 1.935636e+05 2.940807e+02 3.743564e+04 4.829342e+07
<GCONST> 7.434222e+01
<MIXTURE> 10 1.050787e-01
<MEAN> 6
 8.488725e+01 -3.712114e+02 -1.812229e+03 -4.275778e+00 -1.270168e+00 5.414148e+01
<VARIANCE> 6
 7.428394e+01 5.355179e+05 1.573699e+05 2.940807e+02 3.743564e+04 4.829342e+07
<GCONST> 7.439954e+01
<STATE> 11
<NUMMIXES> 10
<MIXTURE> 1 1.236057e-01
<MEAN> 6
 6.812885e+01 4.469007e+02 1.483079e+02 -2.944901e-01 -8.296945e+00 -1.456693e+02
<VARIANCE> 6
 3.163787e+01 1.276023e+04 1.373229e+04 2.940807e+02 3.743564e+04 4.829342e+07
<GCONST> 6.737025e+01
<MIXTURE> 2 8.864132e-02
<MEAN> 6
 6.961111e+01 5.145391e+02 4.278235e+02 -2.671256e+00 -1.217336e+00 4.854039e+01
<VARIANCE> 6
 3.163787e+01 1.276023e+04 1.393705e+05 2.940807e+02 3.743564e+04 4.829342e+07
<GCONST> 6.968764e+01
<MIXTURE> 3 1.020167e-01
<MEAN> 6
 6.192382e+01 6.565070e+01 -2.760717e+01 1.660372e-01 -6.792309e+00 -7.210107e+01
<VARIANCE> 6
 3.163787e+01 1.276023e+04 1.373229e+04 2.940807e+02 3.743564e+04 4.829342e+07
<GCONST> 6.737025e+01
<MIXTURE> 4 1.366998e-01
<MEAN> 6
 5.587021e+01 6.971636e+02 -8.146946e+00 9.586462e-01 5.959543e+00 -1.138747e+02
<VARIANCE> 6
 3.163787e+01 6.623538e+04 1.373229e+04 2.940807e+02 3.743564e+04 4.829342e+07
<GCONST> 6.901714e+01
<MIXTURE> 5 5.705622e-02
<MEAN> 6
 5.625898e+01 9.660638e+01 -4.292797e+02 2.882596e-01 -2.519120e+00 1.327931e+01
<VARIANCE> 6
 3.163787e+01 1.276023e+04 1.373229e+04 2.940807e+02 3.743564e+04 4.829342e+07
<GCONST> 6.737025e+01
<MIXTURE> 6 1.184754e-01
<MEAN> 6
 5.967251e+01 3.616283e+01 -9.592413e+01 8.513726e-02 -4.300086e+00 -1.335361e+02
<VARIANCE> 6
 3.163787e+01 1.276023e+04 1.373229e+04 2.940807e+02 3.743564e+04 4.829342e+07
<GCONST> 6.737025e+01
<MIXTURE> 7 7.207549e-02
<MEAN> 6
 6.092059e+01 4.983056e+02 7.906089e+01 1.156319e+00 5.322376e+00 -1.092994e+02
<VARIANCE> 6
 3.163787e+01 1.276023e+04 1.373229e+04 2.940807e+02 3.743564e+04 4.829342e+07
<GCONST> 6.737025e+01
<MIXTURE> 8 1.227873e-01
<MEAN> 6
 5.861603e+01 2.946327e+01 -1.209298e+02 1.924845e-01 -3.682207e+00 -1.394444e+02
<VARIANCE> 6
 3.163787e+01 1.276023e+04 1.373229e+04 2.940807e+02 3.743564e+04 4.829342e+07
<GCONST> 6.737025e+01
<MIXTURE> 9 1.060223e-01
<MEAN> 6
 5.976970e+01 2.947596e+01 -9.645838e+01 7.701105e-02 -4.196468e+00 -1.363810e+02
<VARIANCE> 6
 3.163787e+01 1.276023e+04 1.373229e+04 2.940807e+02 3.743564e+04 4.829342e+07
<GCONST> 6.737025e+01
<MIXTURE> 10 7.258476e-02
<MEAN> 6
 5.960854e+01 4.693054e+02 2.021891e+01 -4.253142e-01 -5.023315e+00 -1.644407e+02
<VARIANCE> 6
 3.163787e+01 1.276023e+04 1.495790e+04 2.940807e+02 3.743564e+04 4.829342e+07
<GCONST> 6.745573e+01
<STATE> 12
<NUMMIXES> 10
<MIXTURE> 1 1.201150e-01
<MEAN> 6
 9.031994e+01 1.063670e+02 -1.167475e+02 -3.121251e+00 -3.633613e+00 9.034139e+01
<VARIANCE> 6
 3.163787e+01 1.052562e+05 4.253137e+04 2.940807e+02 3.743564e+04 4.829342e+07
<GCONST> 7.061081e+01
<MIXTURE> 2 5.386555e-02
<MEAN> 6
 9.317272e+01 -6.703511e+03 -1.859950e+02 -6.247759e+00 5.762220e+00 2.199723e+02
<VARIANCE> 6
 4.125423e+01 4.342982e+06 1.263952e+06 2.940807e+02 3.743564e+04 4.829342e+07
<GCONST> 7.798788e+01
<MIXTURE> 3 1.443580e-01
<MEAN> 6
 7.666675e+01 1.109947e+03 -5.668984e+02 -2.983732e+00 -9.201586e-01 4.982180e+01
<VARIANCE> 6
 3.163787e+01 7.028806e+05 2.191619e+05 2.940807e+02 3.743564e+04 4.829342e+07
<GCONST> 7.414917e+01
<MIXTURE> 4 6.185952e-02
<MEAN> 6
 6.131438e+01 2.044131e+03 8.688323e+02 -2.029043e+00 6.728125e+00 3.710910e+01
<VARIANCE> 6
 3.163787e+01 3.826118e+05 5.088454e+05 2.940807e+02 3.743564e+04 4.829342e+07
<GCONST> 7.438333e+01
<MIXTURE> 5 1.193219e-01
<MEAN> 6
 8.307327e+01 3.795023e+01 4.858354e+02 -4.618494e+00 -6.341062e+00 1.849913e+02
<VARIANCE> 6
 3.663013e+01 3.262307e+05 5.942560e+04 2.940807e+02 3.743564e+04 4.829342e+07
<GCONST> 7.222301e+01
<MIXTURE> 6 1.088838e-01
<MEAN> 6
 7.354817e+01 -1.226771e+03 -1.276916e+02 -3.492225e+00 -1.556424e+00 6.692850e+01
<VARIANCE> 6
 9.976599e+01 2.683224e+05 1.373229e+04 2.940807e+02 3.743564e+04 4.829342e+07
<GCONST> 7.156458e+01
<MIXTURE> 7 1.173025e-01
<MEAN> 6
 8.109286e+01 1.079854e+02 -2.475945e+02 -3.329338e+00 -4.600004e+00 7.982935e+01
<VARIANCE> 6
 3.163787e+01 1.322729e+05 2.038070e+05 2.940807e+02 3.743564e+04 4.829342e+07
<GCONST> 7.240620e+01
<MIXTURE> 8 7.843412e-02
<MEAN> 6
 7.684351e+01 8.455154e+02 -1.982036e+02 -2.682853e+00 1.372673e+00 9.888806e+01
<VARIANCE> 6
 3.163787e+01 2.402571e+05 1.303026e+05 2.940807e+02 3.743564e+04 4.829342e+07
<GCONST> 7.255574e+01
<MIXTURE> 9 1.203137e-01
<MEAN> 6
 8.081638e+01 -6.585359e+02 2.562094e+02 -4.062426e+00 3.286114e+00 1.411490e+02
<VARIANCE> 6
 5.243941e+01 1.052456e+05 4.005746e+04 2.940807e+02 3.743564e+04 4.829342e+07
<GCONST> 7.105608e+01
<MIXTURE> 10 7.546297e-02
<MEAN> 6
 7.566408e+01 6.724526e+02 -3.432166e+02 -3.201276e+00 -7.403778e+00 2.535461e+01
<VARIANCE> 6
 3.163787e+01 2.964572e+05 1.397726e+05 2.940807e+02 3.743564e+04 4.829342e+07
<GCONST> 7.283609e+01
<STATE> 13
<NUMMIXES> 10
<MIXTURE> 1 6.022547e-02
<MEAN> 6
 3.181630e+01 1.938945e+02 1.715648e+02 -5.184152e+01 -2.753594e+02 2.330058e+03
<VARIANCE> 6
 5.223759e+02 9.873473e+04 8.595696e+04 3.488604e+04 1.071968e+05 5.967518e+07
<GCONST> 8.009413e+01
<MIXTURE> 2 8.267988e-02
<MEAN> 6
 -1.271678e+01 4.507927e+01 1.071854e+02 -5.381358e+01 3.799877e+02 2.061139e+03
<VARIANCE> 6
 3.105079e+02 6.198845e+04 3.897412e+04 3.343756e+04 1.857689e+05 1.705945e+08
<GCONST> 7.987532e+01
<MIXTURE> 3 2.426270e-02
<MEAN> 6
 -8.053419e+00 -4.224399e+00 1.939147e+02 -1.309622e+01 5.697762e+02 -5.326716e+02
<VARIANCE> 6
 1.981446e+03 2.088037e+05 7.401801e+05 4.142914e+04 1.462665e+06 6.408889e+08
<GCONST> 8.948853e+01
<MIXTURE> 4 1.293068e-01
<MEAN> 6
 6.678712e+01 -1.479741e+02 -4.115325e+01 -1.051489e+00 -1.222658e+02 -9.329063e+01
<VARIANCE> 6
 5.834975e+01 1.003305e+05 5.142445e+04 8.303227e+02 4.368341e+04 4.829342e+07
<GCONST> 7.255716e+01
<MIXTURE> 5 1.638087e-01
<MEAN> 6
 -4.621868e+01 2.956826e+01 -5.310662e+01 1.506098e+01 7.932243e+02 -2.773844e+02
<VARIANCE> 6
 1.163596e+02 5.854251e+04 5.554996e+04 1.047885e+04 2.655834e+05 7.828851e+07
<GCONST> 7.760921e+01
<MIXTURE> 6 1.341812e-01
<MEAN> 6
 7.507592e+01 -1.702951e+02 -2.853339e+01 -1.920998e+01 -7.720263e+02 -6.679200e+02
<VARIANCE> 6
 2.518501e+02 3.016760e+05 3.236437e+04 1.380939e+04 4.349365e+05 1.547086e+08
<GCONST> 8.093114e+01
<MIXTURE> 7 1.425422e-01
<MEAN> 6
 2.494598e+01 2.110739e+01 2.684244e+00 1.526136e+02 -1.153113e+02 -1.309281e+03
<VARIANCE> 6
 6.667062e+02 6.041067e+04 4.066024e+04 2.629554e+03 6.282221e+04 4.829342e+07
<GCONST> 7.576698e+01
<MIXTURE> 8 8.253422e-02
<MEAN> 6
 3.163014e+00 -1.677068e+02 -1.654188e+02 1.068979e+00 5.239799e+01 -6.941391e+01
<VARIANCE> 6
 9.252891e+02 3.090344e+04 8.402813e+04 1.709385e+04 5.566996e+04 4.829342e+07
<GCONST> 7.790137e+01
<MIXTURE> 9 9.769873e-02
<MEAN> 6
 4.760979e+01 3.241595e+01 2.013134e+01 -7.438284e+01 -4.780104e+02 1.702678e+03
<VARIANCE> 6
 2.967038e+02 3.992891e+04 1.704854e+04 2.270122e+04 1.033160e+05 5.665038e+07
<GCONST> 7.648680e+01
<MIXTURE> 10 8.255266e-02
<MEAN> 6
 -1.814195e+01 -6.051495e+01 2.636171e+01 -7.509524e+01 2.412616e+02 -1.117248e+03
<VARIANCE> 6
 2.798518e+02 6.346011e+04 3.195394e+04 2.650701e+04 1.906292e+05 1.664107e+08
<GCONST> 7.936496e+01
<TRANSP> 14
 0.000000e+00 1.000000e+00 0.000000e+00 0.000000e+00 0.000000e+00 0.000000e+00 0.000000e+00 0.000000e+00 0.000000e+00 0.000000e+00 0.000000e+00 0.000000e+00 0.000000e+00 0.000000e+00
 0.000000e+00 9.991316e-01 8.683855e-04 0.000000e+00 0.000000e+00 0.000000e+00 0.000000e+00 0.000000e+00 0.000000e+00 0.000000e+00 0.000000e+00 0.000000e+00 0.000000e+00 0.000000e+00
 0.000000e+00 0.000000e+00 9.995410e-01 4.590092e-04 0.000000e+00 0.000000e+00 0.000000e+00 0.000000e+00 0.000000e+00 0.000000e+00 0.000000e+00 0.000000e+00 0.000000e+00 0.000000e+00
 0.000000e+00 0.000000e+00 0.000000e+00 9.995492e-01 4.508726e-04 0.000000e+00 0.000000e+00 0.000000e+00 0.000000e+00 0.000000e+00 0.000000e+00 0.000000e+00 0.000000e+00 0.000000e+00
 0.000000e+00 0.000000e+00 0.000000e+00 0.000000e+00 9.965898e-01 3.410136e-03 0.000000e+00 0.000000e+00 0.000000e+00 0.000000e+00 0.000000e+00 0.000000e+00 0.000000e+00 0.000000e+00
 0.000000e+00 0.000000e+00 0.000000e+00 0.000000e+00 0.000000e+00 9.978763e-01 2.123647e-03 0.000000e+00 0.000000e+00 0.000000e+00 0.000000e+00 0.000000e+00 0.000000e+00 0.000000e+00
 0.000000e+00 0.000000e+00 0.000000e+00 0.000000e+00 0.000000e+00 0.000000e+00 9.977790e-01 2.221004e-03 0.000000e+00 0.000000e+00 0.000000e+00 0.000000e+00 0.000000e+00 0.000000e+00
 0.000000e+00 0.000000e+00 0.000000e+00 0.000000e+00 0.000000e+00 0.000000e+00 0.000000e+00 9.999209e-01 7.904207e-05 0.000000e+00 0.000000e+00 0.000000e+00 0.000000e+00 0.000000e+00
 0.000000e+00 0.000000e+00 0.000000e+00 0.000000e+00 0.000000e+00 0.000000e+00 0.000000e+00 0.000000e+00 9.991260e-01 8.739990e-04 0.000000e+00 0.000000e+00 0.000000e+00 0.000000e+00
 0.000000e+00 0.000000e+00 0.000000e+00 0.000000e+00 0.000000e+00 0.000000e+00 0.000000e+00 0.000000e+00 0.000000e+00 9.988636e-01 1.136382e-03 0.000000e+00 0.000000e+00 0.000000e+00
 0.000000e+00 0.000000e+00 0.000000e+00 0.000000e+00 0.000000e+00 0.000000e+00 0.000000e+00 0.000000e+00 0.000000e+00 0.000000e+00 9.984221e-01 1.577849e-03 0.000000e+00 0.000000e+00
 0.000000e+00 0.000000e+00 0.000000e+00 0.000000e+00 0.000000e+00 0.000000e+00 0.000000e+00 0.000000e+00 0.000000e+00 0.000000e+00 0.000000e+00 9.991095e-01 8.904510e-04 0.000000e+00
 0.000000e+00 0.000000e+00 0.000000e+00 0.000000e+00 0.000000e+00 0.000000e+00 0.000000e+00 0.000000e+00 0.000000e+00 0.000000e+00 0.000000e+00 0.000000e+00 9.997621e-01 2.378627e-04
 0.000000e+00 0.000000e+00 0.000000e+00 0.000000e+00 0.000000e+00 0.000000e+00 0.000000e+00 0.000000e+00 0.000000e+00 0.000000e+00 0.000000e+00 0.000000e+00 0.000000e+00 0.000000e+00
<ENDHMM>
~h "QuintoPRIMARIA"
<BEGINHMM>
<NUMSTATES> 14
<STATE> 2
<NUMMIXES> 10
<MIXTURE> 1 1.417786e-01
<MEAN> 6
 -4.024104e+01 -9.289595e+01 1.442518e+02 -1.214537e+01 1.061925e+03 -4.056917e+02
<VARIANCE> 6
 4.539987e+02 2.983032e+05 2.660271e+05 4.194349e+04 4.769392e+05 2.658014e+08
<GCONST> 8.536006e+01
<MIXTURE> 2 5.399658e-02
<MEAN> 6
 1.401758e+01 -2.460155e+02 4.561751e+01 -7.981999e+01 7.476320e+01 6.240380e+03
<VARIANCE> 6
 2.802858e+03 2.102066e+06 1.604946e+06 6.628702e+04 3.285595e+06 1.487539e+09
<GCONST> 9.503989e+01
<MIXTURE> 3 8.355059e-02
<MEAN> 6
 7.101743e+01 -4.593534e+00 6.978909e+01 -1.376583e+00 -1.206718e+01 -7.775476e+01
<VARIANCE> 6
 1.166932e+02 5.996540e+04 1.521685e+05 2.940807e+02 3.743564e+04 4.829342e+07
<GCONST> 7.262811e+01
<MIXTURE> 4 9.779453e-02
<MEAN> 6
 6.973216e+01 5.400277e+01 -1.470182e+01 1.650666e+01 -4.508160e+02 -7.487968e+02
<VARIANCE> 6
 3.504958e+02 8.699748e+04 4.585740e+04 2.085198e+04 1.448553e+05 4.829342e+07
<GCONST> 7.851505e+01
<MIXTURE> 5 8.065494e-02
<MEAN> 6
 7.849055e+01 5.842096e+01 -2.825782e+02 -4.361429e+00 -2.131034e+01 -2.393159e+02
<VARIANCE> 6
 1.814205e+02 6.092071e+05 1.183574e+05 2.940807e+02 3.743564e+04 4.829342e+07
<GCONST> 7.513649e+01
<MIXTURE> 6 8.669872e-02
<MEAN> 6
 7.158715e+01 8.058454e+01 -9.896859e+01 1.941949e+00 -1.001725e+03 -6.186315e+02
<VARIANCE> 6
 6.023145e+02 1.335251e+05 2.676725e+05 3.539450e+04 7.170039e+05 3.675204e+08
<GCONST> 8.540704e+01
<MIXTURE> 7 1.354111e-01
<MEAN> 6
 -4.853143e+01 8.037981e+00 1.366633e+01 3.917278e+01 4.395649e+02 -2.849170e+01
<VARIANCE> 6
 3.013917e+02 8.809965e+04 8.712829e+04 4.830814e+03 1.311172e+05 4.829342e+07
<GCONST> 7.745646e+01
<MIXTURE> 8 1.507230e-01
<MEAN> 6
 1.311153e+01 -3.333391e+01 2.693760e+01 -1.118531e+01 -3.935299e+01 -2.424653e+02
<VARIANCE> 6
 5.024138e+02 7.340734e+04 1.191945e+05 5.661579e+04 1.989270e+05 1.103616e+08
<GCONST> 8.180299e+01
<MIXTURE> 9 8.477990e-02
<MEAN> 6
 6.428056e+01 1.095004e+01 -3.311131e+01 -3.170124e+01 -7.418855e+02 1.250523e+01
<VARIANCE> 6
 4.236810e+02 6.179148e+05 1.334081e+05 3.143833e+04 2.152212e+05 5.742320e+07
<GCONST> 8.271268e+01
<MIXTURE> 10 8.377577e-02
<MEAN> 6
 6.771494e+01 -8.997543e+01 -6.607250e+01 -3.121640e+00 -3.576575e+01 -5.118427e+02
<VARIANCE> 6
 1.057829e+02 5.480878e+04 1.548244e+05 2.940807e+02 3.743564e+04 4.829342e+07
<GCONST> 7.245734e+01
<STATE> 3
<NUMMIXES> 10
<MIXTURE> 1 9.107827e-02
<MEAN> 6
 1.003062e+02 1.114174e+02 9.870975e+00 -1.247832e+01 -6.057812e+02 1.592284e+04
<VARIANCE> 6
 6.772619e+01 1.258484e+05 1.454693e+05 2.286577e+03 1.100513e+06 5.009163e+08
<GCONST> 8.055134e+01
<MIXTURE> 2 1.376392e-01
<MEAN> 6
 4.319485e+01 4.068609e+01 4.344464e+00 1.679934e+02 -1.136371e+02 -4.495295e+02
<VARIANCE> 6
 6.850759e+02 2.784971e+04 1.697676e+04 4.503394e+03 1.006588e+05 4.829342e+07
<GCONST> 7.515585e+01
<MIXTURE> 3 1.158784e-01
<MEAN> 6
 2.089902e+01 2.919576e+02 3.847396e+02 3.554329e+02 -6.766835e+01 -1.389271e+04
<VARIANCE> 6
 9.277284e+02 4.236553e+05 2.554235e+05 5.443359e+03 9.989047e+05 2.738012e+08
<GCONST> 8.511183e+01
<MIXTURE> 4 4.541521e-02
<MEAN> 6
 9.017501e+01 -4.358296e+02 -3.021447e+02 1.104685e+02 -1.814931e+03 -1.914873e+03
<VARIANCE> 6
 1.053464e+02 1.491948e+06 2.967120e+06 1.945170e+04 3.540030e+06 3.640618e+09
<GCONST> 9.177396e+01
<MIXTURE> 5 3.340143e-02
<MEAN> 6
 -2.247369e+01 -1.571870e+03 -2.763341e+03 1.078683e+02 4.102753e+01 -1.862903e+02
<VARIANCE> 6
 2.301659e+03 1.801982e+04 3.297176e+05 6.895475e+03 1.898801e+05 4.829342e+07
<GCONST> 7.995944e+01
<MIXTURE> 6 1.742243e-01
<MEAN> 6
 6.403448e+01 2.602873e+01 -1.905086e+02 1.573487e+02 -5.144877e+02 -1.452670e+03
<VARIANCE> 6
 3.070776e+02 2.270532e+05 2.074926e+05 5.166143e+03 1.382102e+05 4.829342e+07
<GCONST> 7.940938e+01
<MIXTURE> 7 9.852249e-02
<MEAN> 6
 8.703144e-01 -4.519764e+01 3.047952e+02 2.393773e+02 4.050249e+02 -2.535347e+03
<VARIANCE> 6
 6.839158e+02 1.969476e+05 2.287003e+05 1.988174e+03 3.277983e+05 4.829342e+07
<GCONST> 8.007389e+01
<MIXTURE> 8 1.110779e-01
<MEAN> 6
 2.850271e+01 -2.120361e+02 -2.473698e+02 1.136257e+02 -2.949177e+01 3.630252e+02
<VARIANCE> 6
 7.840223e+02 1.650147e+05 3.287113e+05 1.084973e+03 5.892159e+04 4.829342e+07
<GCONST> 7.807451e+01
<MIXTURE> 9 9.346043e-02
<MEAN> 6
 8.711039e+01 1.833069e+02 -8.843152e+01 1.091212e+02 -1.053441e+03 -6.109458e+03
<VARIANCE> 6
 1.383658e+02 2.248062e+05 9.346098e+04 8.109723e+03 1.238156e+06 3.172220e+08
<GCONST> 8.233052e+01
<MIXTURE> 10 9.928303e-02
<MEAN> 6
 -4.345869e+00 -2.157638e+02 1.707478e+02 2.276179e+02 2.682416e+02 -4.885761e+03
<VARIANCE> 6
 5.532898e+02 1.811211e+05 2.101549e+05 1.879937e+03 2.953523e+05 4.829342e+07
<GCONST> 7.953339e+01
<STATE> 4
<NUMMIXES> 10
<MIXTURE> 1 1.072320e-01
<MEAN> 6
 9.303253e+01 8.614012e+02 -4.871018e+01 -1.203550e+01 -2.218938e+01 9.203716e+02
<VARIANCE> 6
 3.267998e+01 5.198443e+04 3.855729e+04 2.940807e+02 3.743564e+04 4.829342e+07
<GCONST> 6.983966e+01
<MIXTURE> 2 1.314397e-01
<MEAN> 6
 9.627647e+01 9.411748e+02 2.197413e+03 -3.063087e-01 2.296706e+00 3.915707e+00
<VARIANCE> 6
 3.163787e+01 1.276023e+04 2.057912e+05 2.940807e+02 3.743564e+04 4.829342e+07
<GCONST> 7.007736e+01
<MIXTURE> 3 8.567472e-02
<MEAN> 6
 8.240265e+01 5.138049e+02 -2.515679e+02 -1.953753e+00 -1.193193e+00 -8.193584e+01
<VARIANCE> 6
 3.163787e+01 1.276023e+04 1.373229e+04 2.940807e+02 3.743564e+04 4.829342e+07
<GCONST> 6.737025e+01
<MIXTURE> 4 5.246783e-02
<MEAN> 6
 8.294930e+01 -4.015919e+02 -2.008044e+03 1.238182e+01 -5.993729e+01 1.065249e+03
<VARIANCE> 6
 7.994524e+01 6.171225e+05 1.415375e+06 2.940807e+02 3.743564e+04 4.829342e+07
<GCONST> 7.681137e+01
<MIXTURE> 5 8.637080e-02
<MEAN> 6
 8.240590e+01 5.137508e+02 -2.519335e+02 -1.955032e+00 -1.196389e+00 -8.165143e+01
<VARIANCE> 6
 3.163787e+01 1.276023e+04 1.373229e+04 2.940807e+02 3.743564e+04 4.829342e+07
<GCONST> 6.737025e+01
<MIXTURE> 6 1.517306e-01
<MEAN> 6
 9.542113e+01 5.703337e+02 4.500142e+02 -4.598567e+00 -2.537209e+00 -5.951260e+01
<VARIANCE> 6
 3.163787e+01 2.048269e+04 9.439234e+05 2.940807e+02 3.743564e+04 4.829342e+07
<GCONST> 7.207379e+01
<MIXTURE> 7 1.058688e-01
<MEAN> 6
 9.178974e+01 2.859652e+02 -2.898837e+02 -3.116954e+00 1.576466e+01 -3.840015e+01
<VARIANCE> 6
 3.163787e+01 1.276023e+04 5.410242e+05 2.940807e+02 3.743564e+04 4.829342e+07
<GCONST> 7.104396e+01
<MIXTURE> 8 8.979396e-02
<MEAN> 6
 8.230491e+01 5.033994e+02 -2.682212e+02 -1.901804e+00 -7.642584e-01 -7.482426e+01
<VARIANCE> 6
 3.163787e+01 1.276023e+04 1.373229e+04 2.940807e+02 3.743564e+04 4.829342e+07
<GCONST> 6.737025e+01
<MIXTURE> 9 8.588366e-02
<MEAN> 6
 8.232519e+01 4.964093e+02 -2.796600e+02 -1.896614e+00 -4.747576e-01 -7.410786e+01
<VARIANCE> 6
 3.163787e+01 1.276023e+04 1.373229e+04 2.940807e+02 3.743564e+04 4.829342e+07
<GCONST> 6.737025e+01
<MIXTURE> 10 1.035222e-01
<MEAN> 6
 8.970528e+01 2.432738e+02 -6.754671e+02 -3.171384e+00 1.301392e+00 -7.834509e+01
<VARIANCE> 6
 3.163787e+01 1.345771e+04 6.397828e+05 2.940807e+02 3.743564e+04 4.829342e+07
<GCONST> 7.126485e+01
<STATE> 5
<NUMMIXES> 10
<MIXTURE> 1 1.395604e-01
<MEAN> 6
 6.854049e+01 4.358033e+03 -6.424949e+02 -1.605465e+00 1.510581e+00 4.758711e-01
<VARIANCE> 6
 3.163787e+01 4.888052e+05 1.373229e+04 2.940807e+02 3.743564e+04 4.829342e+07
<GCONST> 7.101588e+01
<MIXTURE> 2 1.277416e-01
<MEAN> 6
 5.723355e+01 -6.045997e+03 -1.884833e+03 -4.394681e-01 -1.248103e+01 -1.394055e+02
<VARIANCE> 6
 3.163787e+01 3.488476e+06 1.449408e+04 2.940807e+02 3.743564e+04 4.829342e+07
<GCONST> 7.303513e+01
<MIXTURE> 3 9.935659e-02
<MEAN> 6
 6.613975e+01 1.348638e+03 -6.699672e+02 -9.957766e-01 -7.319143e-01 -2.706607e+01
<VARIANCE> 6
 3.163787e+01 1.276023e+04 1.373229e+04 2.940807e+02 3.743564e+04 4.829342e+07
<GCONST> 6.737025e+01
<MIXTURE> 4 1.056991e-01
<MEAN> 6
 7.195609e+01 1.604144e+03 -8.276327e+02 -1.188438e+00 -8.420113e+00 2.375398e+02
<VARIANCE> 6
 3.163787e+01 2.135193e+05 2.241420e+05 2.940807e+02 3.743564e+04 4.829342e+07
<GCONST> 7.298018e+01
<MIXTURE> 5 9.756346e-02
<MEAN> 6
 6.582088e+01 1.238285e+03 -5.057427e+02 3.916170e-01 -1.510992e+01 -6.079671e+01
<VARIANCE> 6
 3.163787e+01 1.276023e+04 1.373229e+04 2.940807e+02 3.743564e+04 4.829342e+07
<GCONST> 6.737025e+01
<MIXTURE> 6 7.360665e-02
<MEAN> 6
 5.835006e+01 1.058183e+03 -1.069576e+03 4.724145e-02 -4.505949e+00 -2.003320e+01
<VARIANCE> 6
 3.163787e+01 1.276023e+04 1.373229e+04 2.940807e+02 3.743564e+04 4.829342e+07
<GCONST> 6.737025e+01
<MIXTURE> 7 7.181841e-02
<MEAN> 6
 5.685203e+01 -1.370988e+04 -2.175189e+03 -6.953396e-01 5.521677e+00 5.558364e+01
<VARIANCE> 6
 3.163787e+01 1.372850e+07 1.373229e+04 2.940807e+02 3.743564e+04 4.829342e+07
<GCONST> 7.435115e+01
<MIXTURE> 8 1.000700e-01
<MEAN> 6
 6.613953e+01 1.348626e+03 -6.699559e+02 -9.956387e-01 -7.316337e-01 -2.706665e+01
<VARIANCE> 6
 3.163787e+01 1.276023e+04 1.373229e+04 2.940807e+02 3.743564e+04 4.829342e+07
<GCONST> 6.737025e+01
<MIXTURE> 9 1.121083e-01
<MEAN> 6
 7.107536e+01 1.091017e+03 -1.708142e+03 1.549734e+00 2.573282e+00 -1.644556e+02
<VARIANCE> 6
 3.163787e+01 1.404350e+04 2.147853e+04 2.940807e+02 3.743564e+04 4.829342e+07
<GCONST> 6.791338e+01
<MIXTURE> 10 7.245871e-02
<MEAN> 6
 5.823647e+01 1.006765e+03 -1.067495e+03 -1.487593e+00 -2.279033e+01 -2.329640e+02
<VARIANCE> 6
 3.163787e+01 1.596405e+04 1.373229e+04 2.940807e+02 3.743564e+04 4.829342e+07
<GCONST> 6.759425e+01
<STATE> 6
<NUMMIXES> 10
<MIXTURE> 1 1.240500e-01
<MEAN> 6
 8.663233e+01 8.899247e+01 7.618036e+01 -3.789185e+00 2.326604e+00 2.493583e+01
<VARIANCE> 6
 3.163787e+01 1.276023e+04 1.373229e+04 2.940807e+02 3.743564e+04 4.829342e+07
<GCONST> 6.737025e+01
<MIXTURE> 2 1.828831e-01
<MEAN> 6
 8.730756e+01 -1.685151e+02 4.477273e+01 -4.054018e+00 4.326211e+00 -1.243105e+01
<VARIANCE> 6
 3.163787e+01 1.465873e+04 1.373229e+04 2.940807e+02 3.743564e+04 4.829342e+07
<GCONST> 6.750896e+01
<MIXTURE> 3 7.837012e-02
<MEAN> 6
 1.009621e+02 -1.560576e+02 -3.852658e+01 -8.104977e+00 2.595595e+00 4.151541e+02
<VARIANCE> 6
 3.163787e+01 8.250238e+04 1.373229e+04 2.940807e+02 3.743564e+04 4.829342e+07
<GCONST> 6.923674e+01
<MIXTURE> 4 1.479130e-01
<MEAN> 6
 8.003513e+01 -1.990922e+02 -3.237072e+02 -2.242651e+00 2.138075e+00 5.152764e+01
<VARIANCE> 6
 3.163787e+01 1.526715e+04 1.373229e+04 2.940807e+02 3.743564e+04 4.829342e+07
<GCONST> 6.754962e+01
<MIXTURE> 5 1.090639e-01
<MEAN> 6
 8.783697e+01 7.811539e+01 -1.806439e+02 -7.045782e-01 -1.044373e+00 4.713928e+01
<VARIANCE> 6
 3.214894e+01 1.276023e+04 1.373229e+04 2.940807e+02 3.743564e+04 4.829342e+07
<GCONST> 6.738628e+01
<MIXTURE> 6 4.843616e-02
<MEAN> 6
 9.166921e+01 -2.808872e+02 -2.488903e+02 -5.037346e+00 3.002359e+00 4.713197e+01
<VARIANCE> 6
 3.163787e+01 1.276023e+04 4.826191e+04 2.940807e+02 3.743564e+04 4.829342e+07
<GCONST> 6.862714e+01
<MIXTURE> 7 4.968856e-02
<MEAN> 6
 8.877255e+01 -2.272328e+02 -1.565471e+02 -3.774590e+00 3.580959e+00 -9.618618e+01
<VARIANCE> 6
 3.163787e+01 3.030941e+04 3.181596e+04 2.940807e+02 3.743564e+04 4.829342e+07
<GCONST> 6.907559e+01
<MIXTURE> 8 3.154678e-02
<MEAN> 6
 8.802750e+01 -4.737606e+02 -3.794839e+01 -5.720122e+00 1.509526e+00 -6.471256e+01
<VARIANCE> 6
 7.531503e+01 1.883855e+05 1.631803e+05 2.940807e+02 3.743564e+04 4.829342e+07
<GCONST> 7.340483e+01
<MIXTURE> 9 1.179762e-01
<MEAN> 6
 8.608301e+01 5.440091e+01 7.006491e+01 -3.679071e+00 5.634131e+00 1.817991e+01
<VARIANCE> 6
 3.163787e+01 1.276023e+04 1.373229e+04 2.940807e+02 3.743564e+04 4.829342e+07
<GCONST> 6.737025e+01
<MIXTURE> 10 1.100366e-01
<MEAN> 6
 8.574678e+01 4.754301e+01 -2.223252e+02 -7.626472e-01 -7.241726e+00 -8.054700e+01
<VARIANCE> 6
 3.163787e+01 1.276023e+04 1.373229e+04 2.940807e+02 3.743564e+04 4.829342e+07
<GCONST> 6.737025e+01
<STATE> 7
<NUMMIXES> 10
<MIXTURE> 1 8.519417e-02
<MEAN> 6
 7.649255e+01 -8.226603e+01 4.940417e+02 -1.680025e+00 -6.276361e+00 2.431125e+02
<VARIANCE> 6
 3.163787e+01 1.276023e+04 1.373229e+04 2.940807e+02 3.743564e+04 4.829342e+07
<GCONST> 6.737025e+01
<MIXTURE> 2 9.781024e-02
<MEAN> 6
 6.835855e+01 4.730081e+02 2.827307e+02 -4.096337e+00 1.021645e+01 -7.420467e+01
<VARIANCE> 6
 3.595242e+01 3.348658e+04 1.731237e+04 2.940807e+02 3.743564e+04 4.829342e+07
<GCONST> 6.869458e+01
<MIXTURE> 3 1.562710e-01
<MEAN> 6
 6.743461e+01 2.042666e+02 1.534200e+02 -2.786547e+00 3.259336e+00 -3.557190e+01
<VARIANCE> 6
 3.163787e+01 1.276023e+04 1.373229e+04 2.940807e+02 3.743564e+04 4.829342e+07
<GCONST> 6.737025e+01
<MIXTURE> 4 1.155649e-01
<MEAN> 6
 6.359316e+01 1.305043e+02 -1.651625e+01 -2.858135e+00 6.492083e+00 -3.893984e+00
<VARIANCE> 6
 3.163787e+01 1.276023e+04 2.129388e+04 2.940807e+02 3.743564e+04 4.829342e+07
<GCONST> 6.780891e+01
<MIXTURE> 5 1.387376e-01
<MEAN> 6
 7.084330e+01 2.317333e+01 3.512007e+02 -3.307320e+00 -2.019647e+00 9.949164e+01
<VARIANCE> 6
 3.163787e+01 1.276023e+04 1.365183e+05 2.940807e+02 3.743564e+04 4.829342e+07
<GCONST> 6.966696e+01
<MIXTURE> 6 8.295147e-02
<MEAN> 6
 7.140779e+01 3.717433e+01 8.496339e+01 -4.898425e+00 1.004627e+00 1.083333e+02
<VARIANCE> 6
 3.163787e+01 1.617489e+04 1.373229e+04 2.940807e+02 3.743564e+04 4.829342e+07
<GCONST> 6.760738e+01
<MIXTURE> 7 1.038366e-01
<MEAN> 6
 6.136641e+01 -1.960652e+01 1.553475e+02 -1.636594e+00 1.579093e+00 -7.918059e+01
<VARIANCE> 6
 3.163787e+01 1.276023e+04 4.365231e+04 2.940807e+02 3.743564e+04 4.829342e+07
<GCONST> 6.852675e+01
<MIXTURE> 8 4.755577e-02
<MEAN> 6
 6.127431e+01 2.898254e+02 3.524748e+02 4.890265e+00 -5.062467e+00 -1.849247e+02
<VARIANCE> 6
 9.496947e+01 1.020163e+05 3.319665e+04 2.940807e+02 3.743564e+04 4.829342e+07
<GCONST> 7.143095e+01
<MIXTURE> 9 8.701749e-02
<MEAN> 6
 7.171670e+01 -6.885781e+00 7.949755e+01 -5.130068e+00 1.505775e+00 1.757161e+02
<VARIANCE> 6
 3.163787e+01 1.790845e+04 1.373229e+04 2.940807e+02 3.743564e+04 4.829342e+07
<GCONST> 6.770918e+01
<MIXTURE> 10 8.503953e-02
<MEAN> 6
 7.578133e+01 -1.203248e+02 4.504348e+02 -1.992204e+00 -2.644514e+01 -1.377764e+02
<VARIANCE> 6
 3.163787e+01 1.422463e+04 1.373229e+04 2.940807e+02 3.743564e+04 4.829342e+07
<GCONST> 6.747890e+01
<STATE> 8
<NUMMIXES> 10
<MIXTURE> 1 9.574088e-02
<MEAN> 6
 6.919411e+01 2.234411e+03 1.251508e+03 -9.797125e-01 -5.650031e+00 -2.412556e+02
<VARIANCE> 6
 3.163787e+01 1.276023e+04 1.373229e+04 2.940807e+02 3.743564e+04 4.829342e+07
<GCONST> 6.737025e+01
<MIXTURE> 2 1.752806e-01
<MEAN> 6
 8.106208e+01 -3.920390e+02 2.505691e+03 -4.132206e-01 -7.055610e+00 -1.154012e+02
<VARIANCE> 6
 3.163787e+01 1.276023e+04 3.283856e+04 2.940807e+02 3.743564e+04 4.829342e+07
<GCONST> 6.824210e+01
<MIXTURE> 3 9.031590e-03
<MEAN> 6
 5.535094e+01 9.163580e+02 1.575374e+02 1.490755e+01 -3.963617e+01 1.262275e+03
<VARIANCE> 6
 4.138016e+02 6.138106e+05 8.901472e+05 2.940807e+02 5.286516e+04 4.829342e+07
<GCONST> 7.833139e+01
<MIXTURE> 4 1.480910e-01
<MEAN> 6
 7.326041e+01 -4.174430e+02 1.068344e+03 -1.609049e+00 3.743307e+00 5.287932e+01
<VARIANCE> 6
 3.163787e+01 1.276023e+04 1.373229e+04 2.940807e+02 3.743564e+04 4.829342e+07
<GCONST> 6.737025e+01
<MIXTURE> 5 8.867369e-02
<MEAN> 6
 7.246825e+01 -3.733449e+02 9.543139e+02 -9.958413e-01 8.358192e-02 1.696692e+01
<VARIANCE> 6
 3.163787e+01 1.276023e+04 1.373229e+04 2.940807e+02 3.743564e+04 4.829342e+07
<GCONST> 6.737025e+01
<MIXTURE> 6 8.900276e-02
<MEAN> 6
 8.176537e+01 -7.220430e+02 1.541017e+03 -1.680689e-01 -1.308210e+00 -3.833956e+01
<VARIANCE> 6
 3.163787e+01 1.276023e+04 1.823918e+04 2.940807e+02 3.743564e+04 4.829342e+07
<GCONST> 6.765407e+01
<MIXTURE> 7 1.311689e-01
<MEAN> 6
 7.337647e+01 1.346811e+03 1.228808e+03 6.686572e-01 3.929972e-02 -1.533172e+02
<VARIANCE> 6
 3.163787e+01 1.276023e+04 1.715878e+04 2.940807e+02 3.743564e+04 4.829342e+07
<GCONST> 6.759300e+01
<MIXTURE> 8 8.682311e-02
<MEAN> 6
 5.693631e+01 1.374834e+03 1.138076e+03 1.876004e+00 -1.064771e+01 1.068752e+01
<VARIANCE> 6
 3.163787e+01 1.907262e+04 1.373229e+04 2.940807e+02 3.743564e+04 4.829342e+07
<GCONST> 6.777217e+01
<MIXTURE> 9 8.844735e-02
<MEAN> 6
 8.156493e+01 -7.014268e+02 1.464885e+03 -3.273669e-01 -5.026129e+00 -1.633753e+02
<VARIANCE> 6
 3.163787e+01 1.276023e+04 2.291707e+04 2.940807e+02 3.743564e+04 4.829342e+07
<GCONST> 6.788239e+01
<MIXTURE> 10 8.773097e-02
<MEAN> 6
 7.236938e+01 -3.857395e+02 9.089355e+02 -2.747515e+00 -1.494156e+01 -7.234033e+01
<VARIANCE> 6
 3.163787e+01 1.276023e+04 1.373229e+04 2.940807e+02 3.743564e+04 4.829342e+07
<GCONST> 6.737025e+01
<STATE> 9
<NUMMIXES> 10
<MIXTURE> 1 7.141877e-02
<MEAN> 6
 8.038663e+01 -3.056352e+02 -5.628830e+02 -5.698936e+00 -4.746480e+00 8.984006e+01
<VARIANCE> 6
 3.163787e+01 1.276023e+04 1.373229e+04 2.940807e+02 3.743564e+04 4.829342e+07
<GCONST> 6.737025e+01
<MIXTURE> 2 7.091209e-02
<MEAN> 6
 8.551483e+01 -1.640345e+03 -1.395648e+03 1.607508e+01 -7.344928e+01 -2.667415e+02
<VARIANCE> 6
 1.761691e+02 3.686342e+05 3.303393e+05 5.324218e+02 3.743564e+04 4.829342e+07
<GCONST> 7.622476e+01
<MIXTURE> 3 8.253603e-02
<MEAN> 6
 5.982296e+01 -3.202407e+02 -1.240724e+03 1.930287e+00 -2.464897e+00 -4.568701e+01
<VARIANCE> 6
 3.163787e+01 1.276023e+04 1.934260e+04 2.940807e+02 3.743564e+04 4.829342e+07
<GCONST> 6.771281e+01
<MIXTURE> 4 1.072327e-01
<MEAN> 6
 7.108369e+01 -7.750430e+02 -1.458271e+03 -2.095639e-01 -6.424721e-01 4.573493e+01
<VARIANCE> 6
 3.163787e+01 1.276023e+04 1.373229e+04 2.940807e+02 3.743564e+04 4.829342e+07
<GCONST> 6.737025e+01
<MIXTURE> 5 9.611271e-02
<MEAN> 6
 8.313535e+01 2.500146e+02 -8.087866e+02 -3.526744e+00 -2.207743e+00 4.604708e+01
<VARIANCE> 6
 3.163787e+01 1.276023e+04 1.373229e+04 2.940807e+02 3.743564e+04 4.829342e+07
<GCONST> 6.737025e+01
<MIXTURE> 6 1.001946e-01
<MEAN> 6
 5.789499e+01 -3.811040e+02 -1.496606e+03 4.241443e+00 1.023551e+00 -1.178105e+02
<VARIANCE> 6
 3.163787e+01 1.276023e+04 1.950497e+04 2.940807e+02 3.743564e+04 4.829342e+07
<GCONST> 6.772116e+01
<MIXTURE> 7 1.328160e-01
<MEAN> 6
 6.966798e+01 -6.583800e+02 -1.711688e+03 -9.641487e-01 -1.395309e+01 -1.512609e+02
<VARIANCE> 6
 3.163787e+01 1.276023e+04 1.373229e+04 2.940807e+02 3.743564e+04 4.829342e+07
<GCONST> 6.737025e+01
<MIXTURE> 8 1.584105e-01
<MEAN> 6
 7.783693e+01 -1.502379e+03 -1.104867e+03 -3.724298e+00 1.086075e+01 9.376180e+01
<VARIANCE> 6
 6.087682e+01 7.989016e+04 2.958975e+04 2.940807e+02 3.743564e+04 4.829342e+07
<GCONST> 7.062674e+01
<MIXTURE> 9 9.764493e-02
<MEAN> 6
 7.837283e+01 1.165360e+02 -7.475024e+02 -3.007902e+00 -1.402716e+01 5.332963e+01
<VARIANCE> 6
 3.163787e+01 1.276023e+04 1.373229e+04 2.940807e+02 3.743564e+04 4.829342e+07
<GCONST> 6.737025e+01
<MIXTURE> 10 8.271069e-02
<MEAN> 6
 5.946437e+01 -3.465289e+02 -1.280953e+03 1.330593e+00 -6.626865e+00 -1.973320e+02
<VARIANCE> 6
 3.163787e+01 1.276023e+04 1.866219e+04 2.940807e+02 3.743564e+04 4.829342e+07
<GCONST> 6.767700e+01
<STATE> 10
<NUMMIXES> 10
<MIXTURE> 1 7.056326e-02
<MEAN> 6
 1.018857e+02 1.007885e+03 2.388219e+02 -3.001560e+00 2.645916e+00 2.039113e+02
<VARIANCE> 6
 3.163787e+01 1.276023e+04 1.373229e+04 2.940807e+02 3.743564e+04 4.829342e+07
<GCONST> 6.737025e+01
<MIXTURE> 2 1.017346e-01
<MEAN> 6
 8.962490e+01 5.896029e+02 -1.363460e+03 7.986489e-01 -2.550221e+01 -2.839522e+02
<VARIANCE> 6
 3.163787e+01 1.276023e+04 1.373229e+04 2.940807e+02 3.743564e+04 4.829342e+07
<GCONST> 6.737025e+01
<MIXTURE> 3 5.718508e-03
<MEAN> 6
 7.225782e+01 -2.864815e+00 -1.883961e+02 -6.183948e+00 -1.399086e+02 -2.200027e+03
<VARIANCE> 6
 7.394330e+02 8.097502e+05 2.129679e+06 3.389735e+02 1.305211e+05 1.167571e+08
<GCONST> 8.198993e+01
<MIXTURE> 4 1.366777e-01
<MEAN> 6
 9.888504e+01 8.022324e+02 1.079576e+02 -2.633954e+00 -5.906266e-01 5.976645e+00
<VARIANCE> 6
 3.163787e+01 1.276023e+04 1.373229e+04 2.940807e+02 3.743564e+04 4.829342e+07
<GCONST> 6.737025e+01
<MIXTURE> 5 1.134111e-01
<MEAN> 6
 8.734122e+01 3.645814e+02 -1.321013e+03 -1.902581e+00 6.458467e+00 3.588979e+01
<VARIANCE> 6
 3.163787e+01 1.276023e+04 1.373229e+04 2.940807e+02 3.743564e+04 4.829342e+07
<GCONST> 6.737025e+01
<MIXTURE> 6 1.511178e-01
<MEAN> 6
 1.012483e+02 9.913038e+02 2.275759e+02 -2.758492e+00 7.701526e-01 1.059134e+02
<VARIANCE> 6
 3.163787e+01 1.276023e+04 1.373229e+04 2.940807e+02 3.743564e+04 4.829342e+07
<GCONST> 6.737025e+01
<MIXTURE> 7 1.380359e-01
<MEAN> 6
 9.887272e+01 8.002846e+02 1.076373e+02 -2.629622e+00 -5.973296e-01 5.489198e+00
<VARIANCE> 6
 3.163787e+01 1.276023e+04 1.373229e+04 2.940807e+02 3.743564e+04 4.829342e+07
<GCONST> 6.737025e+01
<MIXTURE> 8 1.123245e-01
<MEAN> 6
 8.919865e+01 2.998380e+02 -1.313178e+03 -3.655836e+00 1.847286e+00 4.858784e+01
<VARIANCE> 6
 3.163787e+01 1.276023e+04 1.373229e+04 2.940807e+02 3.743564e+04 4.829342e+07
<GCONST> 6.737025e+01
<MIXTURE> 9 9.974036e-02
<MEAN> 6
 8.895072e+01 5.594150e+02 -1.355716e+03 1.448566e+00 -1.363518e+01 -2.013613e+02
<VARIANCE> 6
 3.163787e+01 1.276023e+04 1.373229e+04 2.940807e+02 3.743564e+04 4.829342e+07
<GCONST> 6.737025e+01
<MIXTURE> 10 7.066722e-02
<MEAN> 6
 1.005605e+02 9.698559e+02 2.114367e+02 -2.597661e+00 -5.423431e-01 4.711462e+01
<VARIANCE> 6
 3.163787e+01 1.276023e+04 1.373229e+04 2.940807e+02 3.743564e+04 4.829342e+07
<GCONST> 6.737025e+01
<STATE> 11
<NUMMIXES> 10
<MIXTURE> 1 1.243787e-01
<MEAN> 6
 6.464802e+01 7.198112e+02 -2.884152e+03 9.095842e-01 -1.656185e+01 -1.416821e+02
<VARIANCE> 6
 3.163787e+01 1.276023e+04 3.047737e+04 2.940807e+02 3.743564e+04 4.829342e+07
<GCONST> 6.816748e+01
<MIXTURE> 2 2.402576e-02
<MEAN> 6
 8.148242e+01 8.005678e+02 1.708906e+03 -7.022871e+01 -1.592929e+03 -2.200205e+04
<VARIANCE> 6
 2.110582e+02 6.013847e+05 1.569671e+06 2.297666e+03 3.838330e+05 2.303809e+08
<GCONST> 8.380562e+01
<MIXTURE> 3 2.603369e-03
<MEAN> 6
 7.833990e+01 -1.507046e+02 4.701776e+01 -1.508817e+00 2.720097e+01 5.066717e+02
<VARIANCE> 6
 1.213983e+02 2.733106e+05 1.803901e+05 2.940807e+02 3.743564e+04 4.829342e+07
<GCONST> 7.435461e+01
<MIXTURE> 4 1.293576e-01
<MEAN> 6
 5.311171e+01 5.369178e+02 -1.462767e+03 5.741462e-01 1.722035e+00 -1.703621e+02
<VARIANCE> 6
 3.163787e+01 1.276023e+04 4.607631e+04 2.940807e+02 3.743564e+04 4.829342e+07
<GCONST> 6.858080e+01
<MIXTURE> 5 1.773142e-01
<MEAN> 6
 6.171350e+01 1.156874e+02 -2.888962e+03 -4.055621e-01 1.868137e+00 -8.701409e+01
<VARIANCE> 6
 3.163787e+01 1.276023e+04 2.582008e+04 2.940807e+02 3.743564e+04 4.829342e+07
<GCONST> 6.800165e+01
<MIXTURE> 6 1.331820e-01
<MEAN> 6
 5.326768e+01 3.852417e+02 -6.126629e+03 4.915440e+00 -2.434903e+01 -1.305121e+02
<VARIANCE> 6
 3.163787e+01 2.462320e+04 4.342040e+06 5.280481e+02 3.743564e+04 4.829342e+07
<GCONST> 7.436929e+01
<MIXTURE> 7 8.725141e-02
<MEAN> 6
 6.159542e+01 2.066505e+02 -3.202555e+03 1.104537e+00 -9.735231e+00 -1.588716e+02
<VARIANCE> 6
 3.163787e+01 1.276023e+04 1.373229e+04 2.940807e+02 3.743564e+04 4.829342e+07
<GCONST> 6.737025e+01
<MIXTURE> 8 1.193805e-01
<MEAN> 6
 6.269150e+01 8.155417e+02 -3.368483e+03 5.840708e-02 4.321486e-01 4.286763e+01
<VARIANCE> 6
 3.163787e+01 1.276023e+04 1.833090e+04 2.940807e+02 3.743564e+04 4.829342e+07
<GCONST> 6.765909e+01
<MIXTURE> 9 1.149118e-01
<MEAN> 6
 5.252467e+01 5.865846e+02 -2.296055e+03 7.112814e-01 -1.037330e+00 -1.710947e+02
<VARIANCE> 6
 3.163787e+01 1.276023e+04 3.620288e+05 2.940807e+02 3.743564e+04 4.829342e+07
<GCONST> 7.064223e+01
<MIXTURE> 10 8.758479e-02
<MEAN> 6
 6.144041e+01 1.989915e+02 -3.216660e+03 8.487856e-01 -1.382415e+01 -1.776718e+02
<VARIANCE> 6
 3.163787e+01 1.276023e+04 1.373229e+04 2.940807e+02 3.743564e+04 4.829342e+07
<GCONST> 6.737025e+01
<STATE> 12
<NUMMIXES> 10
<MIXTURE> 1 7.007526e-02
<MEAN> 6
 5.604250e+01 -1.106966e+03 8.227852e+02 -6.223675e-01 -6.759923e+00 -1.808887e+02
<VARIANCE> 6
 3.163787e+01 1.276023e+04 1.373229e+04 2.940807e+02 3.743564e+04 4.829342e+07
<GCONST> 6.737025e+01
<MIXTURE> 2 1.352632e-03
<MEAN> 6
 -1.543147e+02 -1.862320e+03 -1.461907e+03 -1.006983e+02 2.462279e+02 5.320608e+04
<VARIANCE> 6
 3.163787e+01 1.276023e+04 1.373229e+04 2.940807e+02 1.373938e+06 4.829342e+07
<GCONST> 7.097306e+01
<MIXTURE> 3 1.066874e-01
<MEAN> 6
 7.876885e+01 -3.936161e+02 6.591706e+01 -4.750645e+00 1.035287e+01 6.826660e+00
<VARIANCE> 6
 3.163787e+01 1.276023e+04 1.373229e+04 2.940807e+02 3.743564e+04 4.829342e+07
<GCONST> 6.737025e+01
<MIXTURE> 4 1.087509e-01
<MEAN> 6
 7.588877e+01 -1.095575e+03 -1.209870e+02 -2.126951e+00 -1.053140e+01 -1.382473e+02
<VARIANCE> 6
 3.163787e+01 1.125207e+05 7.049833e+04 2.940807e+02 3.743564e+04 4.829342e+07
<GCONST> 7.118289e+01
<MIXTURE> 5 8.519686e-02
<MEAN> 6
 7.767934e+01 -6.745591e+02 1.112584e+02 -2.773817e+00 1.582533e+00 -8.854395e+00
<VARIANCE> 6
 3.163787e+01 6.053626e+04 1.373229e+04 2.940807e+02 3.743564e+04 4.829342e+07
<GCONST> 6.892715e+01
<MIXTURE> 6 1.564783e-01
<MEAN> 6
 7.399799e+01 -1.076212e+03 -3.707014e+02 -2.334730e+00 -7.969917e+00 -8.546248e+01
<VARIANCE> 6
 3.163787e+01 7.194229e+04 6.130747e+04 2.940807e+02 3.743564e+04 4.829342e+07
<GCONST> 7.059593e+01
<MIXTURE> 7 1.363587e-01
<MEAN> 6
 7.240678e+01 -5.814305e+02 1.733522e+02 -1.921874e+00 -9.184865e-01 -6.877731e+01
<VARIANCE> 6
 3.163787e+01 1.276023e+04 1.373229e+04 2.940807e+02 3.743564e+04 4.829342e+07
<GCONST> 6.737025e+01
<MIXTURE> 8 1.059697e-01
<MEAN> 6
 7.667038e+01 -7.753821e+02 8.630772e+00 -1.081480e+00 1.662413e+00 -1.070955e+02
<VARIANCE> 6
 3.163787e+01 1.472582e+04 1.763695e+04 2.940807e+02 3.743564e+04 4.829342e+07
<GCONST> 6.776376e+01
<MIXTURE> 9 1.213649e-01
<MEAN> 6
 4.896960e+01 -1.045949e+03 1.990505e+01 -1.875828e-01 -2.281560e+00 -1.118231e+02
<VARIANCE> 6
 3.163787e+01 1.276023e+04 1.373229e+04 2.940807e+02 3.743564e+04 4.829342e+07
<GCONST> 6.737025e+01
<MIXTURE> 10 1.077562e-01
<MEAN> 6
 7.716821e+01 -4.284812e+02 1.917684e+01 -4.710522e+00 -7.693405e-01 -7.916956e+01
<VARIANCE> 6
 3.163787e+01 1.276023e+04 1.373229e+04 2.940807e+02 3.743564e+04 4.829342e+07
<GCONST> 6.737025e+01
<STATE> 13
<NUMMIXES> 10
<MIXTURE> 1 1.288571e-01
<MEAN> 6
 8.718130e+01 3.512756e+02 2.439444e+02 -3.633601e+00 -2.701176e+01 -4.950826e+01
<VARIANCE> 6
 1.466826e+02 4.653325e+05 3.040253e+06 2.940807e+02 3.743564e+04 4.829342e+07
<GCONST> 7.790053e+01
<MIXTURE> 2 1.956161e-02
<MEAN> 6
 -4.863669e+00 1.776407e+02 6.296887e+01 3.368642e+01 -1.485326e+02 9.103498e+02
<VARIANCE> 6
 1.296353e+04 1.810609e+05 3.925956e+05 2.071204e+06 1.157857e+09 1.710601e+12
<GCONST> 1.090656e+02
<MIXTURE> 3 1.378172e-01
<MEAN> 6
 5.090026e+01 3.031946e+02 3.372955e+02 4.518598e+01 -4.245470e+02 -6.205887e+02
<VARIANCE> 6
 8.930743e+02 1.850753e+06 4.118636e+06 3.062034e+04 1.748821e+05 4.829342e+07
<GCONST> 8.757817e+01
<MIXTURE> 4 6.925647e-02
<MEAN> 6
 -5.898700e+01 2.998497e+02 9.517967e+01 2.725555e+01 5.773502e+02 1.365223e+03
<VARIANCE> 6
 1.094225e+02 1.041945e+06 1.009255e+06 6.455589e+03 2.410020e+05 5.683618e+07
<GCONST> 8.242474e+01
<MIXTURE> 5 1.284981e-01
<MEAN> 6
 -1.654373e+00 -2.765277e+01 -3.372267e+02 -1.219095e+02 2.594103e+02 3.714935e+03
<VARIANCE> 6
 3.971730e+03 1.339067e+06 2.964925e+06 4.092636e+04 2.330380e+06 1.003618e+09
<GCONST> 9.433202e+01
<MIXTURE> 6 1.226440e-01
<MEAN> 6
 -3.435962e+01 -3.192798e+02 2.527018e+02 9.636636e+01 4.965256e+02 -2.271254e+03
<VARIANCE> 6
 6.465207e+02 2.753534e+05 2.579324e+06 2.986208e+04 2.109582e+05 4.829342e+07
<GCONST> 8.504428e+01
<MIXTURE> 7 9.594207e-02
<MEAN> 6
 6.403918e+01 -2.650781e+01 2.867155e+02 -5.156761e+00 -4.888351e+02 -1.550846e+02
<VARIANCE> 6
 6.519132e+02 3.122408e+05 6.952141e+05 2.417252e+04 2.256911e+05 6.307118e+07
<GCONST> 8.399034e+01
<MIXTURE> 8 1.341685e-01
<MEAN> 6
 8.020906e+01 1.765116e+02 3.155200e+02 -1.491908e+00 -2.235459e+01 -1.165445e+02
<VARIANCE> 6
 1.910160e+02 1.101380e+06 1.155004e+06 2.940807e+02 3.743564e+04 4.829342e+07
<GCONST> 7.805835e+01
<MIXTURE> 9 8.938015e-02
<MEAN> 6
 4.459460e+01 -3.723760e+02 1.433158e+01 -3.653177e+01 -5.256933e+02 -7.510962e+02
<VARIANCE> 6
 1.162592e+03 6.773536e+05 6.667689e+05 4.847991e+04 3.809371e+05 1.188234e+08
<GCONST> 8.715426e+01
<MIXTURE> 10 7.341930e-02
<MEAN> 6
 -6.389873e+01 4.063586e+01 -3.409818e+02 4.595695e-01 4.023559e+02 -1.191684e+03
<VARIANCE> 6
 9.953583e+01 8.376069e+05 1.015339e+06 3.867013e+03 2.071969e+05 6.058557e+07
<GCONST> 8.151805e+01
<TRANSP> 14
 0.000000e+00 1.000000e+00 0.000000e+00 0.000000e+00 0.000000e+00 0.000000e+00 0.000000e+00 0.000000e+00 0.000000e+00 0.000000e+00 0.000000e+00 0.000000e+00 0.000000e+00 0.000000e+00
 0.000000e+00 9.999292e-01 7.083748e-05 0.000000e+00 0.000000e+00 0.000000e+00 0.000000e+00 0.000000e+00 0.000000e+00 0.000000e+00 0.000000e+00 0.000000e+00 0.000000e+00 0.000000e+00
 0.000000e+00 0.000000e+00 9.975877e-01 2.412281e-03 0.000000e+00 0.000000e+00 0.000000e+00 0.000000e+00 0.000000e+00 0.000000e+00 0.000000e+00 0.000000e+00 0.000000e+00 0.000000e+00
 0.000000e+00 0.000000e+00 0.000000e+00 9.974936e-01 2.506401e-03 0.000000e+00 0.000000e+00 0.000000e+00 0.000000e+00 0.000000e+00 0.000000e+00 0.000000e+00 0.000000e+00 0.000000e+00
 0.000000e+00 0.000000e+00 0.000000e+00 0.000000e+00 9.966515e-01 3.348496e-03 0.000000e+00 0.000000e+00 0.000000e+00 0.000000e+00 0.000000e+00 0.000000e+00 0.000000e+00 0.000000e+00
 0.000000e+00 0.000000e+00 0.000000e+00 0.000000e+00 0.000000e+00 9.988065e-01 1.193415e-03 0.000000e+00 0.000000e+00 0.000000e+00 0.000000e+00 0.000000e+00 0.000000e+00 0.000000e+00
 0.000000e+00 0.000000e+00 0.000000e+00 0.000000e+00 0.000000e+00 0.000000e+00 9.981486e-01 1.851490e-03 0.000000e+00 0.000000e+00 0.000000e+00 0.000000e+00 0.000000e+00 0.000000e+00
 0.000000e+00 0.000000e+00 0.000000e+00 0.000000e+00 0.000000e+00 0.000000e+00 0.000000e+00 9.969901e-01 3.009874e-03 0.000000e+00 0.000000e+00 0.000000e+00 0.000000e+00 0.000000e+00
 0.000000e+00 0.000000e+00 0.000000e+00 0.000000e+00 0.000000e+00 0.000000e+00 0.000000e+00 0.000000e+00 9.967041e-01 3.295846e-03 0.000000e+00 0.000000e+00 0.000000e+00 0.000000e+00
 0.000000e+00 0.000000e+00 0.000000e+00 0.000000e+00 0.000000e+00 0.000000e+00 0.000000e+00 0.000000e+00 0.000000e+00 9.940814e-01 5.918535e-03 0.000000e+00 0.000000e+00 0.000000e+00
 0.000000e+00 0.000000e+00 0.000000e+00 0.000000e+00 0.000000e+00 0.000000e+00 0.000000e+00 0.000000e+00 0.000000e+00 0.000000e+00 9.961746e-01 3.825369e-03 0.000000e+00 0.000000e+00
 0.000000e+00 0.000000e+00 0.000000e+00 0.000000e+00 0.000000e+00 0.000000e+00 0.000000e+00 0.000000e+00 0.000000e+00 0.000000e+00 0.000000e+00 9.983000e-01 1.699979e-03 0.000000e+00
 0.000000e+00 0.000000e+00 0.000000e+00 0.000000e+00 0.000000e+00 0.000000e+00 0.000000e+00 0.000000e+00 0.000000e+00 0.000000e+00 0.000000e+00 0.000000e+00 9.998959e-01 1.040815e-04
 0.000000e+00 0.000000e+00 0.000000e+00 0.000000e+00 0.000000e+00 0.000000e+00 0.000000e+00 0.000000e+00 0.000000e+00 0.000000e+00 0.000000e+00 0.000000e+00 0.000000e+00 0.000000e+00
<ENDHMM>
