~o
<STREAMINFO> 1 6
<VECSIZE> 6<NULLD><USER><DIAGC>
~h "SegundoPRIMARIA"
<BEGINHMM>
<NUMSTATES> 7
<STATE> 2
<NUMMIXES> 4
<MIXTURE> 1 3.073640e-01
<MEAN> 6
 6.600460e+01 4.793758e+01 2.793129e+02 6.125187e+00 -4.718454e+01 -1.844150e+02
<VARIANCE> 6
 1.667297e+03 4.445345e+05 2.566085e+06 2.059891e+03 4.035168e+04 5.162498e+07
<GCONST> 8.220421e+01
<MIXTURE> 2 1.763362e-01
<MEAN> 6
 3.579026e+01 1.130636e+02 1.958799e+02 3.170015e+01 2.002238e+02 4.701602e+03
<VARIANCE> 6
 3.149373e+03 3.313608e+05 1.617347e+06 6.170270e+04 1.841084e+06 4.828246e+08
<GCONST> 9.154060e+01
<MIXTURE> 3 3.398894e-01
<MEAN> 6
 6.166286e+00 2.330218e+01 -1.915852e+02 1.466396e+01 1.178948e+02 -1.693049e+02
<VARIANCE> 6
 4.229105e+03 7.244151e+04 7.324046e+05 8.829125e+03 1.852145e+05 5.162498e+07
<GCONST> 8.304623e+01
<MIXTURE> 4 1.763362e-01
<MEAN> 6
 1.334255e+01 -1.171922e+02 -3.128199e+02 -6.765997e+01 -3.425224e+02 -4.087707e+03
<VARIANCE> 6
 3.149373e+03 3.313608e+05 1.617347e+06 6.170270e+04 1.841084e+06 4.828246e+08
<GCONST> 9.154060e+01
<STATE> 3
<NUMMIXES> 4
<MIXTURE> 1 2.204950e-01
<MEAN> 6
 7.359521e+01 3.037842e+01 1.111301e+02 3.735041e+00 3.730051e+01 1.353395e+03
<VARIANCE> 6
 3.161099e+01 4.696084e+04 4.523311e+04 2.988645e+02 4.035168e+04 5.162498e+07
<GCONST> 7.002232e+01
<MIXTURE> 2 2.628869e-01
<MEAN> 6
 6.564401e+01 2.723728e+02 -5.775168e+01 4.897496e-01 1.508672e+00 -9.071520e+01
<VARIANCE> 6
 5.018463e+01 2.106891e+05 3.308462e+04 2.988645e+02 4.035168e+04 5.162498e+07
<GCONST> 7.167283e+01
<MIXTURE> 3 2.960875e-01
<MEAN> 6
 6.360548e+01 -6.990298e+01 -2.610997e+02 6.837934e-01 -2.089808e+00 -1.139950e+02
<VARIANCE> 6
 9.892706e+01 1.046966e+05 1.543949e+04 2.988645e+02 4.035168e+04 5.162498e+07
<GCONST> 7.089005e+01
<MIXTURE> 4 2.204950e-01
<MEAN> 6
 7.134626e+01 -5.630338e+01 2.605783e+01 -3.180038e+00 -4.305041e+01 -1.520626e+03
<VARIANCE> 6
 3.161099e+01 4.696084e+04 4.523311e+04 2.988645e+02 4.035168e+04 5.162498e+07
<GCONST> 7.002232e+01
<STATE> 4
<NUMMIXES> 4
<MIXTURE> 1 2.809727e-01
<MEAN> 6
 8.757661e+01 6.574319e+02 2.985747e+02 -1.560364e+00 -5.298641e-02 -7.117613e+01
<VARIANCE> 6
 3.229313e+01 2.478115e+05 2.067347e+04 2.988645e+02 4.035168e+04 5.162498e+07
<GCONST> 7.092404e+01
<MIXTURE> 2 2.633659e-01
<MEAN> 6
 9.671393e+01 -2.587712e+02 -2.113341e+01 1.165089e+00 3.545387e+01 1.401802e+03
<VARIANCE> 6
 7.123085e+01 8.405808e+04 2.598496e+05 2.988645e+02 4.035168e+04 5.162498e+07
<GCONST> 7.316520e+01
<MIXTURE> 3 1.923006e-01
<MEAN> 6
 8.898576e+01 3.532491e+02 2.747929e+02 -1.717270e+00 3.745992e-01 -1.139207e+02
<VARIANCE> 6
 3.161099e+01 3.100000e+05 3.645740e+04 2.988645e+02 4.035168e+04 5.162498e+07
<GCONST> 7.169389e+01
<MIXTURE> 4 2.633659e-01
<MEAN> 6
 9.333800e+01 -3.747422e+02 -2.250352e+02 -5.749990e+00 -4.489705e+01 -1.472219e+03
<VARIANCE> 6
 7.123085e+01 8.405808e+04 2.598496e+05 2.988645e+02 4.035168e+04 5.162498e+07
<GCONST> 7.316520e+01
<STATE> 5
<NUMMIXES> 4
<MIXTURE> 1 3.917175e-01
<MEAN> 6
 8.910789e+01 -7.282861e+02 1.139022e+02 -3.439134e+00 -3.025693e-01 -6.214424e+01
<VARIANCE> 6
 4.383844e+02 2.359810e+06 1.908231e+06 2.988645e+02 4.035168e+04 5.162498e+07
<GCONST> 8.031104e+01
<MIXTURE> 2 2.298340e-01
<MEAN> 6
 7.410220e+01 1.189324e+03 -1.317341e+02 2.352586e+00 3.702005e+01 1.326801e+03
<VARIANCE> 6
 3.161099e+01 2.518772e+06 4.909536e+05 2.988645e+02 4.035168e+04 5.162498e+07
<GCONST> 7.638905e+01
<MIXTURE> 3 1.486094e-01
<MEAN> 6
 6.951418e+01 -3.498269e+03 6.642233e+02 -1.876192e+00 -2.162163e+00 -9.693729e+01
<VARIANCE> 6
 7.813728e+01 1.754427e+07 8.331019e+05 2.988645e+02 4.035168e+04 5.162498e+07
<GCONST> 7.976377e+01
<MIXTURE> 4 2.298340e-01
<MEAN> 6
 7.185325e+01 5.544981e+02 -4.120065e+02 -4.562493e+00 -4.333086e+01 -1.547220e+03
<VARIANCE> 6
 3.161099e+01 2.518772e+06 4.909536e+05 2.988645e+02 4.035168e+04 5.162498e+07
<GCONST> 7.638905e+01
<STATE> 6
<NUMMIXES> 4
<MIXTURE> 1 3.759472e-02
<MEAN> 6
 4.416513e+01 3.664395e+02 -1.110143e+02 -1.902743e+01 -5.520934e+02 3.144088e+03
<VARIANCE> 6
 6.656909e+03 1.424393e+07 1.325403e+06 2.644633e+05 1.195725e+08 1.686352e+11
<GCONST> 1.073356e+02
<MIXTURE> 2 2.779627e-01
<MEAN> 6
 4.527122e+01 1.729962e+02 7.375401e+01 6.922330e+01 1.603857e+02 7.809758e+02
<VARIANCE> 6
 4.025901e+03 4.385864e+05 1.042596e+05 2.042071e+04 2.773535e+05 5.162498e+07
<GCONST> 8.409058e+01
<MIXTURE> 3 4.066837e-01
<MEAN> 6
 2.943090e+01 -5.715403e+01 -2.036419e+00 -5.265183e+01 -2.368320e+01 6.461724e+02
<VARIANCE> 6
 3.906904e+03 3.542835e+05 1.931549e+05 5.192080e+04 1.939099e+06 5.269361e+08
<GCONST> 8.966467e+01
<MIXTURE> 4 2.779627e-01
<MEAN> 6
 1.989122e+01 -9.190726e+01 -5.540302e+01 1.206288e+01 -5.027180e+01 -2.093045e+03
<VARIANCE> 6
 4.025901e+03 4.385864e+05 1.042596e+05 2.042071e+04 2.773535e+05 5.162498e+07
<GCONST> 8.409058e+01
<TRANSP> 7
 0.000000e+00 1.000000e+00 0.000000e+00 0.000000e+00 0.000000e+00 0.000000e+00 0.000000e+00
 0.000000e+00 9.998020e-01 1.979531e-04 0.000000e+00 0.000000e+00 0.000000e+00 0.000000e+00
 0.000000e+00 0.000000e+00 9.993663e-01 6.337239e-04 0.000000e+00 0.000000e+00 0.000000e+00
 0.000000e+00 0.000000e+00 0.000000e+00 9.990144e-01 9.855796e-04 0.000000e+00 0.000000e+00
 0.000000e+00 0.000000e+00 0.000000e+00 0.000000e+00 9.992015e-01 7.985787e-04 0.000000e+00
 0.000000e+00 0.000000e+00 0.000000e+00 0.000000e+00 0.000000e+00 9.999449e-01 5.509189e-05
 0.000000e+00 0.000000e+00 0.000000e+00 0.000000e+00 0.000000e+00 0.000000e+00 0.000000e+00
<ENDHMM>
~h "SegundoESO"
<BEGINHMM>
<NUMSTATES> 7
<STATE> 2
<NUMMIXES> 4
<MIXTURE> 1 2.170320e-01
<MEAN> 6
 8.334017e+01 7.669176e+02 7.217667e+02 2.829473e+01 -8.588313e+01 1.242031e+03
<VARIANCE> 6
 2.745718e+02 1.647450e+07 2.160417e+07 5.754920e+03 5.588016e+04 5.162498e+07
<GCONST> 8.749648e+01
<MIXTURE> 2 2.812843e-01
<MEAN> 6
 -3.122454e+01 6.920840e+02 1.110895e+03 1.586196e+01 4.986526e+02 -3.895926e+02
<VARIANCE> 6
 1.462827e+03 1.302733e+06 7.166806e+06 3.872374e+04 5.176882e+05 1.227757e+08
<GCONST> 9.052754e+01
<MIXTURE> 3 2.845492e-01
<MEAN> 6
 2.844846e+01 -1.480495e+01 -1.247703e+02 -2.930690e+01 -2.915049e+02 6.206521e+02
<VARIANCE> 6
 2.810094e+03 1.261015e+07 4.787157e+06 3.630937e+04 6.409772e+05 1.260130e+08
<GCONST> 9.322217e+01
<MIXTURE> 4 2.170320e-01
<MEAN> 6
 7.671209e+01 -8.566340e+02 -1.137445e+03 -2.049748e+00 -1.804391e+02 -1.631990e+03
<VARIANCE> 6
 2.745718e+02 1.647450e+07 2.160417e+07 5.754920e+03 5.588016e+04 5.162498e+07
<GCONST> 8.749648e+01
<STATE> 3
<NUMMIXES> 4
<MIXTURE> 1 2.184477e-01
<MEAN> 6
 8.405963e+01 -5.898471e+02 3.369556e+02 2.457351e+00 3.663105e+01 1.336563e+03
<VARIANCE> 6
 3.161099e+01 7.005604e+05 9.849337e+04 2.988645e+02 4.035168e+04 5.162498e+07
<GCONST> 7.350304e+01
<MIXTURE> 2 2.577602e-01
<MEAN> 6
 9.306091e+01 -2.087096e+03 -2.164333e+03 -5.722024e+00 2.778412e+00 7.240376e+01
<VARIANCE> 6
 9.926759e+01 9.005955e+06 1.814595e+07 2.988645e+02 4.035168e+04 5.162498e+07
<GCONST> 8.241734e+01
<MIXTURE> 3 3.053259e-01
<MEAN> 6
 7.945188e+01 1.972546e+01 -3.621931e+02 -1.091290e+00 1.930213e+00 -6.397682e+01
<VARIANCE> 6
 3.161099e+01 1.686256e+06 3.371549e+06 2.988645e+02 4.035168e+04 5.162498e+07
<GCONST> 7.791457e+01
<MIXTURE> 4 2.184477e-01
<MEAN> 6
 8.181068e+01 -9.246451e+02 2.114210e+02 -4.457728e+00 -4.371987e+01 -1.537458e+03
<VARIANCE> 6
 3.161099e+01 7.005604e+05 9.849337e+04 2.988645e+02 4.035168e+04 5.162498e+07
<GCONST> 7.350304e+01
<STATE> 4
<NUMMIXES> 4
<MIXTURE> 1 2.885569e-01
<MEAN> 6
 6.286601e+01 6.139850e+02 -6.923310e+02 3.107809e+00 3.586975e+01 1.323775e+03
<VARIANCE> 6
 3.161099e+01 2.563585e+06 3.966038e+05 2.988645e+02 4.035168e+04 5.162498e+07
<GCONST> 7.619327e+01
<MIXTURE> 2 2.168993e-01
<MEAN> 6
 6.434728e+01 -4.714575e+02 -3.235954e+02 -4.385204e-01 -3.733959e+00 -9.315179e+01
<VARIANCE> 6
 3.161099e+01 1.498383e+06 1.321642e+06 2.988645e+02 4.035168e+04 5.162498e+07
<GCONST> 7.685995e+01
<MIXTURE> 3 2.059560e-01
<MEAN> 6
 5.888017e+01 3.429205e+02 -2.404766e+03 -2.304485e-01 -1.653094e+00 -8.220764e+01
<VARIANCE> 6
 3.161099e+01 1.843930e+05 3.067436e+06 2.988645e+02 4.035168e+04 5.162498e+07
<GCONST> 7.560683e+01
<MIXTURE> 4 2.885569e-01
<MEAN> 6
 6.061707e+01 -2.646301e+01 -9.442370e+02 -3.807271e+00 -4.448117e+01 -1.550246e+03
<VARIANCE> 6
 3.161099e+01 2.563585e+06 3.966038e+05 2.988645e+02 4.035168e+04 5.162498e+07
<GCONST> 7.619327e+01
<STATE> 5
<NUMMIXES> 4
<MIXTURE> 1 2.456612e-01
<MEAN> 6
 7.247401e+01 5.373253e+02 -9.330022e+01 2.946139e+00 3.353328e+01 1.319412e+03
<VARIANCE> 6
 3.161099e+01 1.897049e+05 1.686773e+05 2.988645e+02 4.035168e+04 5.162498e+07
<GCONST> 7.273463e+01
<MIXTURE> 2 2.645784e-01
<MEAN> 6
 6.563151e+01 2.024208e+01 1.678157e+02 -2.505513e-01 -5.257904e+00 -1.378557e+02
<VARIANCE> 6
 3.161099e+01 1.601750e+05 3.473328e+04 2.988645e+02 4.035168e+04 5.162498e+07
<GCONST> 7.098514e+01
<MIXTURE> 3 2.440471e-01
<MEAN> 6
 6.092928e+01 -5.452715e+01 -3.922591e+01 7.228549e-02 -3.597970e+00 -1.617320e+02
<VARIANCE> 6
 3.161099e+01 7.505122e+04 3.877624e+04 2.988645e+02 4.035168e+04 5.162498e+07
<GCONST> 7.033715e+01
<MIXTURE> 4 2.456612e-01
<MEAN> 6
 7.022506e+01 3.631047e+02 -2.575816e+02 -3.968940e+00 -4.681763e+01 -1.554609e+03
<VARIANCE> 6
 3.161099e+01 1.897049e+05 1.686773e+05 2.988645e+02 4.035168e+04 5.162498e+07
<GCONST> 7.273463e+01
<STATE> 6
<NUMMIXES> 4
<MIXTURE> 1 2.969855e-01
<MEAN> 6
 3.043244e+01 1.015551e+02 6.858332e+01 3.169763e+01 -1.995222e+01 -3.538629e+02
<VARIANCE> 6
 2.773888e+03 6.709899e+05 1.179434e+06 1.292274e+04 1.529214e+05 5.162498e+07
<GCONST> 8.551626e+01
<MIXTURE> 2 2.623678e-01
<MEAN> 6
 6.725689e+00 -1.091780e+02 1.646040e+02 -4.732589e+01 1.939557e+02 1.025910e+03
<VARIANCE> 6
 3.028729e+03 2.004747e+06 5.808429e+05 3.626509e+04 1.387853e+06 3.477445e+08
<GCONST> 9.113528e+01
<MIXTURE> 3 2.200017e-01
<MEAN> 6
 3.745027e+01 8.885309e+01 7.627643e+01 3.634470e+01 -2.339188e+00 1.128023e+03
<VARIANCE> 6
 2.111762e+03 2.939610e+05 1.171111e+05 2.117511e+04 2.391900e+05 5.162498e+07
<GCONST> 8.304974e+01
<MIXTURE> 4 2.200017e-01
<MEAN> 6
 1.906871e+01 -1.280196e+02 -6.060958e+01 -2.186199e+01 -1.979674e+02 -1.745998e+03
<VARIANCE> 6
 2.111762e+03 2.939610e+05 1.171111e+05 2.117511e+04 2.391900e+05 5.162498e+07
<GCONST> 8.304974e+01
<TRANSP> 7
 0.000000e+00 1.000000e+00 0.000000e+00 0.000000e+00 0.000000e+00 0.000000e+00 0.000000e+00
 0.000000e+00 9.996895e-01 3.105000e-04 0.000000e+00 0.000000e+00 0.000000e+00 0.000000e+00
 0.000000e+00 0.000000e+00 9.991690e-01 8.310314e-04 0.000000e+00 0.000000e+00 0.000000e+00
 0.000000e+00 0.000000e+00 0.000000e+00 9.990867e-01 9.132423e-04 0.000000e+00 0.000000e+00
 0.000000e+00 0.000000e+00 0.000000e+00 0.000000e+00 9.995515e-01 4.485122e-04 0.000000e+00
 0.000000e+00 0.000000e+00 0.000000e+00 0.000000e+00 0.000000e+00 9.999488e-01 5.119184e-05
 0.000000e+00 0.000000e+00 0.000000e+00 0.000000e+00 0.000000e+00 0.000000e+00 0.000000e+00
<ENDHMM>
~h "QuintoPRIMARIA"
<BEGINHMM>
<NUMSTATES> 7
<STATE> 2
<NUMMIXES> 4
<MIXTURE> 1 3.282808e-01
<MEAN> 6
 3.199750e+01 -1.018004e+02 2.640318e+02 2.597250e+01 -7.028713e-01 -3.018826e+02
<VARIANCE> 6
 3.220915e+03 3.450437e+05 1.363775e+06 7.689849e+03 9.945480e+04 5.162498e+07
<GCONST> 8.419651e+01
<MIXTURE> 2 2.085238e-01
<MEAN> 6
 3.023978e+01 4.234811e+02 2.035752e+02 1.351736e+01 2.627361e+02 4.160051e+03
<VARIANCE> 6
 3.379390e+03 2.207496e+06 8.117947e+06 3.800334e+04 1.157477e+06 3.292225e+08
<GCONST> 9.378909e+01
<MIXTURE> 3 2.542035e-01
<MEAN> 6
 2.854675e+01 -1.938498e+02 -6.823582e+01 1.065454e+01 -7.598048e+01 -5.135721e+02
<VARIANCE> 6
 2.783537e+03 3.471089e+05 5.725748e+05 2.148904e+04 3.132519e+05 5.162498e+07
<GCONST> 8.536360e+01
<MIXTURE> 4 2.085238e-01
<MEAN> 6
 6.986775e+00 -1.708247e+02 -9.361052e+02 -6.446042e+01 -1.676083e+02 -3.097745e+03
<VARIANCE> 6
 3.379390e+03 2.207496e+06 8.117947e+06 3.800334e+04 1.157477e+06 3.292225e+08
<GCONST> 9.378909e+01
<STATE> 3
<NUMMIXES> 4
<MIXTURE> 1 2.078415e-01
<MEAN> 6
 6.913268e+01 1.957886e+02 -4.071046e+01 -3.761539e-01 -5.356951e+00 -1.257940e+02
<VARIANCE> 6
 5.882732e+01 3.810366e+04 3.188734e+04 2.988645e+02 4.035168e+04 5.162498e+07
<GCONST> 7.008479e+01
<MIXTURE> 2 2.100999e-01
<MEAN> 6
 6.232712e+01 -2.011301e+02 9.141831e+01 3.618733e+00 3.666188e+01 1.359815e+03
<VARIANCE> 6
 6.277396e+01 2.616091e+05 1.154942e+05 2.988645e+02 4.035168e+04 5.162498e+07
<GCONST> 7.336328e+01
<MIXTURE> 3 3.719517e-01
<MEAN> 6
 6.234298e+01 9.329357e-01 -1.925934e+02 -2.250643e-01 -5.962465e+00 -1.404027e+02
<VARIANCE> 6
 3.504570e+01 3.878559e+04 7.258353e+04 2.988645e+02 4.035168e+04 5.162498e+07
<GCONST> 7.040710e+01
<MIXTURE> 4 2.100999e-01
<MEAN> 6
 5.915792e+01 -4.057211e+02 -4.451945e+01 -3.296346e+00 -4.368904e+01 -1.514206e+03
<VARIANCE> 6
 6.277396e+01 2.616091e+05 1.154942e+05 2.988645e+02 4.035168e+04 5.162498e+07
<GCONST> 7.336328e+01
<STATE> 4
<NUMMIXES> 4
<MIXTURE> 1 2.185736e-01
<MEAN> 6
 9.319656e+01 9.586486e+02 1.705724e+03 2.637565e-01 4.079025e+01 1.536972e+03
<VARIANCE> 6
 3.793213e+02 7.082851e+06 3.686035e+06 2.988645e+02 4.035168e+04 5.162498e+07
<GCONST> 8.192379e+01
<MIXTURE> 2 2.067864e-01
<MEAN> 6
 8.073282e+01 9.403280e+02 1.140124e+02 -1.581655e+00 -3.564915e+00 2.475425e+01
<VARIANCE> 6
 3.012906e+02 4.432344e+05 2.531966e+06 2.988645e+02 4.035168e+04 5.162498e+07
<GCONST> 7.854659e+01
<MIXTURE> 3 3.560644e-01
<MEAN> 6
 7.894324e+01 8.941349e+02 -5.051107e+02 -1.160532e+00 -3.564274e+00 -6.691574e+00
<VARIANCE> 6
 1.585327e+02 1.645726e+05 1.342473e+06 2.988645e+02 4.035168e+04 5.162498e+07
<GCONST> 7.627925e+01
<MIXTURE> 4 2.185736e-01
<MEAN> 6
 8.540610e+01 -1.058965e+02 9.377621e+02 -6.651322e+00 -3.956066e+01 -1.337049e+03
<VARIANCE> 6
 3.793213e+02 7.082851e+06 3.686035e+06 2.988645e+02 4.035168e+04 5.162498e+07
<GCONST> 8.192379e+01
<STATE> 5
<NUMMIXES> 4
<MIXTURE> 1 2.209395e-01
<MEAN> 6
 9.064804e+01 5.308339e+01 -2.401007e+02 -1.363989e+00 -3.792809e+00 -6.090920e+01
<VARIANCE> 6
 9.540572e+01 1.683410e+05 1.149197e+05 2.988645e+02 4.035168e+04 5.162498e+07
<GCONST> 7.333603e+01
<MIXTURE> 2 2.618201e-01
<MEAN> 6
 8.034992e+01 -6.037339e+01 3.331548e+02 2.348421e+00 3.634288e+01 1.341568e+03
<VARIANCE> 6
 3.418526e+01 9.749416e+04 5.889924e+05 2.988645e+02 4.035168e+04 5.162498e+07
<GCONST> 7.339767e+01
<MIXTURE> 3 2.554359e-01
<MEAN> 6
 8.933622e+01 -1.577941e+02 -3.392235e+02 -9.499716e-01 -4.093970e+00 -5.096290e+01
<VARIANCE> 6
 8.528117e+01 1.396210e+05 9.494407e+04 2.988645e+02 4.035168e+04 5.162498e+07
<GCONST> 7.284584e+01
<MIXTURE> 4 2.618201e-01
<MEAN> 6
 7.801119e+01 -1.852696e+02 2.617142e+01 -4.566658e+00 -4.400803e+01 -1.532453e+03
<VARIANCE> 6
 3.418526e+01 9.749416e+04 5.889924e+05 2.988645e+02 4.035168e+04 5.162498e+07
<GCONST> 7.339767e+01
<STATE> 6
<NUMMIXES> 4
<MIXTURE> 1 2.553881e-01
<MEAN> 6
 5.066451e+01 1.014663e+02 1.438461e+02 4.269893e+01 3.840079e+01 1.128521e+03
<VARIANCE> 6
 2.946584e+03 4.872161e+05 3.384565e+05 1.804410e+04 2.697735e+05 5.162498e+07
<GCONST> 8.490971e+01
<MIXTURE> 2 3.093143e-02
<MEAN> 6
 9.768679e+00 -2.913056e+02 1.663736e+02 -4.196506e+01 -7.821254e+01 5.157057e+03
<VARIANCE> 6
 8.563178e+03 2.391368e+06 1.493600e+06 9.157553e+05 4.831772e+08 7.072608e+11
<GCONST> 1.099946e+02
<MIXTURE> 3 4.582945e-01
<MEAN> 6
 1.397145e+01 -6.319819e+00 1.576746e+01 -1.396147e+01 8.010036e+01 4.700570e+01
<VARIANCE> 6
 3.314041e+03 1.932659e+05 8.990590e+04 3.727179e+04 1.117874e+06 2.932336e+08
<GCONST> 8.666094e+01
<MIXTURE> 4 2.553881e-01
<MEAN> 6
 2.895153e+01 -1.777372e+02 -8.886194e+01 -1.103241e+01 -1.693581e+02 -1.745500e+03
<VARIANCE> 6
 2.946584e+03 4.872161e+05 3.384565e+05 1.804410e+04 2.697735e+05 5.162498e+07
<GCONST> 8.490971e+01
<TRANSP> 7
 0.000000e+00 1.000000e+00 0.000000e+00 0.000000e+00 0.000000e+00 0.000000e+00 0.000000e+00
 0.000000e+00 9.998966e-01 1.034395e-04 0.000000e+00 0.000000e+00 0.000000e+00 0.000000e+00
 0.000000e+00 0.000000e+00 9.993672e-01 6.327839e-04 0.000000e+00 0.000000e+00 0.000000e+00
 0.000000e+00 0.000000e+00 0.000000e+00 9.992793e-01 7.206969e-04 0.000000e+00 0.000000e+00
 0.000000e+00 0.000000e+00 0.000000e+00 0.000000e+00 9.990037e-01 9.963174e-04 0.000000e+00
 0.000000e+00 0.000000e+00 0.000000e+00 0.000000e+00 0.000000e+00 9.999303e-01 6.971324e-05
 0.000000e+00 0.000000e+00 0.000000e+00 0.000000e+00 0.000000e+00 0.000000e+00 0.000000e+00
<ENDHMM>
