~o
<STREAMINFO> 1 6
<VECSIZE> 6<NULLD><USER><DIAGC>
~h "SegundoPRIMARIA"
<BEGINHMM>
<NUMSTATES> 10
<STATE> 2
<NUMMIXES> 15
<MIXTURE> 1 5.545268e-02
<MEAN> 6
 7.433535e+01 1.541141e+03 -4.573548e+02 3.104549e+00 -2.998445e+01 -1.510202e+02
<VARIANCE> 6
 5.605682e+01 8.860673e+05 7.432486e+05 2.998339e+02 4.032245e+04 5.181961e+07
<GCONST> 7.633813e+01
<MIXTURE> 2 4.118351e-02
<MEAN> 6
 1.730740e+01 4.365193e+02 -5.407811e+02 -8.529086e+01 -3.065879e+02 3.400484e+03
<VARIANCE> 6
 4.818810e+03 2.477021e+07 1.572353e+06 9.746408e+04 6.368994e+06 4.805193e+09
<GCONST> 1.002479e+02
<MIXTURE> 3 3.929196e-02
<MEAN> 6
 9.590184e+01 -1.691665e+03 5.199273e+02 -1.297394e+01 -4.486333e+01 -3.495797e+02
<VARIANCE> 6
 3.361741e+02 3.780128e+07 8.447201e+05 4.059200e+02 4.032245e+04 5.181961e+07
<GCONST> 8.231360e+01
<MIXTURE> 4 4.600547e-02
<MEAN> 6
 -3.850963e+01 1.106336e+02 2.135297e+02 -8.858065e+01 1.268084e+03 2.741875e+03
<VARIANCE> 6
 8.543061e+02 7.796357e+05 1.667048e+06 7.243859e+04 1.072220e+06 7.227780e+08
<GCONST> 9.114505e+01
<MIXTURE> 5 7.646972e-02
<MEAN> 6
 2.100807e+01 -2.780837e-01 -5.077542e+01 2.593249e+02 -1.601823e+02 -4.558990e+03
<VARIANCE> 6
 8.107183e+02 4.549274e+05 1.568797e+06 5.911408e+03 2.139808e+05 6.640774e+07
<GCONST> 8.398850e+01
<MIXTURE> 6 7.256133e-02
<MEAN> 6
 8.974574e+01 -5.351245e+02 1.540426e+03 -4.766780e+00 -2.223463e+01 -1.308225e+02
<VARIANCE> 6
 2.538217e+02 2.394523e+05 2.119618e+06 2.998339e+02 4.032245e+04 5.181961e+07
<GCONST> 7.758792e+01
<MIXTURE> 7 7.415230e-02
<MEAN> 6
 9.407695e+01 2.597214e+02 -7.830305e+01 3.495667e+01 -8.112245e+02 -5.625463e+02
<VARIANCE> 6
 3.394990e+02 8.720009e+05 1.812891e+06 1.730843e+04 8.959798e+05 4.578847e+08
<GCONST> 8.835046e+01
<MIXTURE> 8 8.532950e-02
<MEAN> 6
 -7.063396e+01 8.553665e+01 -3.214736e+02 -2.382714e+00 1.308588e+02 2.880681e+02
<VARIANCE> 6
 1.986123e+02 6.173384e+05 1.092736e+06 7.238502e+02 6.548257e+04 5.181961e+07
<GCONST> 7.899339e+01
<MIXTURE> 9 7.385894e-02
<MEAN> 6
 6.277089e+01 -4.240173e+02 1.288707e+03 6.842422e-01 -3.307221e+00 -9.624174e+01
<VARIANCE> 6
 3.807324e+01 2.167940e+05 5.484455e+05 2.998339e+02 4.032245e+04 5.181961e+07
<GCONST> 7.423949e+01
<MIXTURE> 10 5.600867e-02
<MEAN> 6
 -4.819505e+01 -5.434921e+00 3.674039e+01 1.577753e+02 7.828719e+02 -1.195889e+03
<VARIANCE> 6
 3.069448e+02 3.663096e+05 1.185679e+06 1.024134e+04 2.005780e+05 6.081723e+07
<GCONST> 8.291753e+01
<MIXTURE> 11 7.330753e-02
<MEAN> 6
 5.308180e+01 -4.664464e+01 -1.306256e+02 -1.436875e+02 -1.026835e+03 2.667632e+03
<VARIANCE> 6
 6.800802e+02 2.470802e+05 2.195831e+06 4.897879e+04 4.820858e+05 2.079453e+08
<GCONST> 8.760682e+01
<MIXTURE> 12 9.658950e-02
<MEAN> 6
 5.453012e+01 -1.592497e+02 8.784892e+01 -5.159349e+01 -4.068403e+02 4.553526e+02
<VARIANCE> 6
 9.335993e+02 3.772391e+05 5.619312e+05 2.893048e+04 1.566434e+05 5.181961e+07
<GCONST> 8.394374e+01
<MIXTURE> 13 9.484026e-02
<MEAN> 6
 7.877420e+01 2.012911e+02 -1.049394e+03 6.424685e-01 -4.134317e+01 -3.561262e+02
<VARIANCE> 6
 2.116019e+02 9.492595e+04 1.126822e+06 2.998339e+02 4.032245e+04 5.181961e+07
<GCONST> 7.584891e+01
<MIXTURE> 14 6.687246e-02
<MEAN> 6
 -6.731236e+01 -6.278144e+01 -1.114227e+02 -3.077082e+00 5.888373e+02 -1.213352e+01
<VARIANCE> 6
 5.165825e+02 1.259485e+05 2.112336e+06 1.308346e+04 1.817242e+05 1.030596e+08
<GCONST> 8.362160e+01
<MIXTURE> 15 4.787304e-02
<MEAN> 6
 -4.573878e+01 -8.291683e-01 -1.385922e+02 -1.453799e+02 1.183634e+03 -8.885577e+01
<VARIANCE> 6
 7.594213e+02 6.502264e+05 1.837675e+06 3.777813e+04 9.762794e+05 5.760790e+08
<GCONST> 8.997165e+01
<STATE> 3
<NUMMIXES> 15
<MIXTURE> 1 6.199408e-02
<MEAN> 6
 1.147599e+02 -1.015930e+02 -4.509546e+02 -4.233536e+00 5.004979e-01 -2.444689e+01
<VARIANCE> 6
 3.179780e+01 1.274201e+05 1.446404e+04 2.998339e+02 4.032245e+04 5.181961e+07
<GCONST> 6.989250e+01
<MIXTURE> 2 4.650922e-02
<MEAN> 6
 8.013975e+01 1.492690e+02 -7.243096e+02 1.290441e+00 4.026752e+00 -2.095176e+02
<VARIANCE> 6
 3.179780e+01 1.280424e+04 1.446404e+04 2.998339e+02 4.032245e+04 5.181961e+07
<GCONST> 6.759479e+01
<MIXTURE> 3 2.661174e-02
<MEAN> 6
 6.983681e+01 3.475059e+01 -9.820393e+02 4.105266e-01 6.568041e+00 -3.004169e+02
<VARIANCE> 6
 3.179780e+01 1.532128e+04 1.392055e+05 2.998339e+02 4.032245e+04 5.181961e+07
<GCONST> 7.003854e+01
<MIXTURE> 4 5.823246e-02
<MEAN> 6
 9.423976e+01 4.434381e+01 -4.382799e+02 -2.360446e+00 -2.153572e+00 -5.782938e+01
<VARIANCE> 6
 3.179780e+01 1.280424e+04 1.446404e+04 2.998339e+02 4.032245e+04 5.181961e+07
<GCONST> 6.759479e+01
<MIXTURE> 5 6.713661e-02
<MEAN> 6
 6.581545e+01 -2.678108e+02 -1.272904e+03 3.150290e+00 -1.294985e+01 1.188865e+02
<VARIANCE> 6
 3.179780e+01 1.280424e+04 1.446404e+04 2.998339e+02 4.032245e+04 5.181961e+07
<GCONST> 6.759479e+01
<MIXTURE> 6 7.158703e-02
<MEAN> 6
 9.283492e+01 -5.602344e+02 -5.415140e+02 1.441864e+00 -3.311030e+00 -1.411882e+02
<VARIANCE> 6
 3.179780e+01 1.280424e+04 1.446404e+04 2.998339e+02 4.032245e+04 5.181961e+07
<GCONST> 6.759479e+01
<MIXTURE> 7 9.383754e-02
<MEAN> 6
 6.817422e+01 6.829084e+00 -9.008013e+02 -9.670587e-01 -7.686365e+00 -1.839173e+02
<VARIANCE> 6
 3.179780e+01 1.280424e+04 1.795131e+04 2.998339e+02 4.032245e+04 5.181961e+07
<GCONST> 6.781078e+01
<MIXTURE> 8 7.047541e-02
<MEAN> 6
 8.532681e+01 -2.010401e+02 -8.583168e+02 -5.113634e+00 -4.120919e+00 -6.967997e+01
<VARIANCE> 6
 3.179780e+01 2.001242e+04 1.446404e+04 2.998339e+02 4.032245e+04 5.181961e+07
<GCONST> 6.804137e+01
<MIXTURE> 9 7.753953e-02
<MEAN> 6
 9.442453e+01 -3.408627e+02 -5.505274e+02 -1.217966e+00 -2.837449e+00 8.232494e+01
<VARIANCE> 6
 3.179780e+01 1.280424e+04 1.446404e+04 2.998339e+02 4.032245e+04 5.181961e+07
<GCONST> 6.759479e+01
<MIXTURE> 10 8.243176e-02
<MEAN> 6
 6.510054e+01 -1.607239e+02 -9.288060e+02 4.949722e-01 -1.568754e+01 -1.460446e+02
<VARIANCE> 6
 3.179780e+01 1.994216e+04 1.446404e+04 2.998339e+02 4.032245e+04 5.181961e+07
<GCONST> 6.803784e+01
<MIXTURE> 11 7.224887e-02
<MEAN> 6
 9.283354e+01 -5.602909e+02 -5.415127e+02 1.442350e+00 -3.300357e+00 -1.411626e+02
<VARIANCE> 6
 3.179780e+01 1.280424e+04 1.446404e+04 2.998339e+02 4.032245e+04 5.181961e+07
<GCONST> 6.759479e+01
<MIXTURE> 12 7.543539e-02
<MEAN> 6
 9.449573e+01 -3.451913e+02 -5.504565e+02 -1.186708e+00 -3.717528e+00 7.301894e+01
<VARIANCE> 6
 3.179780e+01 1.280424e+04 1.446404e+04 2.998339e+02 4.032245e+04 5.181961e+07
<GCONST> 6.759479e+01
<MIXTURE> 13 8.990512e-02
<MEAN> 6
 6.811472e+01 -7.238298e-01 -9.380559e+02 -1.094566e+00 -5.918288e+00 -1.354844e+02
<VARIANCE> 6
 3.179780e+01 1.280424e+04 1.505111e+04 2.998339e+02 4.032245e+04 5.181961e+07
<GCONST> 6.763457e+01
<MIXTURE> 14 5.977105e-02
<MEAN> 6
 7.050168e+01 2.802523e+01 -1.023752e+03 -1.913304e+00 -6.699133e+00 -4.170232e+01
<VARIANCE> 6
 3.179780e+01 1.280424e+04 2.288730e+04 2.998339e+02 4.032245e+04 5.181961e+07
<GCONST> 6.805370e+01
<MIXTURE> 15 4.626517e-02
<MEAN> 6
 7.964700e+01 1.498487e+02 -7.288387e+02 1.177501e+00 3.111008e+00 -1.926409e+02
<VARIANCE> 6
 3.179780e+01 1.280424e+04 1.446404e+04 2.998339e+02 4.032245e+04 5.181961e+07
<GCONST> 6.759479e+01
<STATE> 4
<NUMMIXES> 15
<MIXTURE> 1 1.017329e-01
<MEAN> 6
 7.416262e+01 5.258385e+01 1.297514e+02 -1.648692e-03 -2.022281e+00 -7.264228e+01
<VARIANCE> 6
 3.179780e+01 1.280424e+04 1.446404e+04 2.998339e+02 4.032245e+04 5.181961e+07
<GCONST> 6.759479e+01
<MIXTURE> 2 2.361708e-02
<MEAN> 6
 8.096538e+01 -2.765873e+02 -5.948151e+01 -8.916398e+00 -3.572685e+00 1.087076e+02
<VARIANCE> 6
 4.129338e+01 7.295228e+04 1.446404e+04 2.998339e+02 4.032245e+04 5.181961e+07
<GCONST> 6.959612e+01
<MIXTURE> 3 5.276122e-02
<MEAN> 6
 6.667372e+01 -4.850607e+01 -2.233634e+02 8.559485e-01 2.053660e+00 -1.071055e+02
<VARIANCE> 6
 3.179780e+01 1.280424e+04 1.446404e+04 2.998339e+02 4.032245e+04 5.181961e+07
<GCONST> 6.759479e+01
<MIXTURE> 4 2.973786e-02
<MEAN> 6
 6.736003e+01 -5.105003e+01 3.240169e+02 1.465662e+00 -5.323219e+00 -2.545119e+01
<VARIANCE> 6
 3.179780e+01 1.280424e+04 2.776040e+04 2.998339e+02 4.032245e+04 5.181961e+07
<GCONST> 6.824673e+01
<MIXTURE> 5 9.453730e-02
<MEAN> 6
 7.567257e+01 6.851086e+01 -3.050381e+02 -6.433149e-01 -6.722932e+00 -1.063239e+02
<VARIANCE> 6
 3.179780e+01 1.280424e+04 1.446404e+04 2.998339e+02 4.032245e+04 5.181961e+07
<GCONST> 6.759479e+01
<MIXTURE> 6 7.024255e-02
<MEAN> 6
 7.409324e+01 -3.535096e+02 3.535337e+02 -2.079152e+00 3.452317e-01 -3.868924e+01
<VARIANCE> 6
 3.179780e+01 1.280424e+04 1.446404e+04 2.998339e+02 4.032245e+04 5.181961e+07
<GCONST> 6.759479e+01
<MIXTURE> 7 5.349517e-02
<MEAN> 6
 6.694219e+01 -4.014427e+01 -2.190754e+02 8.037204e-01 2.177963e+00 -1.111195e+02
<VARIANCE> 6
 3.179780e+01 1.280424e+04 1.446404e+04 2.998339e+02 4.032245e+04 5.181961e+07
<GCONST> 6.759479e+01
<MIXTURE> 8 7.955958e-02
<MEAN> 6
 6.976357e+01 -1.162985e+02 1.525934e+02 1.002875e+00 3.666935e+00 -1.492822e+02
<VARIANCE> 6
 3.179780e+01 1.280424e+04 1.446404e+04 2.998339e+02 4.032245e+04 5.181961e+07
<GCONST> 6.759479e+01
<MIXTURE> 9 4.858356e-02
<MEAN> 6
 7.332911e+01 1.321105e+02 -2.625968e+02 -4.308679e-01 -5.350021e+00 -4.614779e+01
<VARIANCE> 6
 3.179780e+01 1.280424e+04 1.446404e+04 2.998339e+02 4.032245e+04 5.181961e+07
<GCONST> 6.759479e+01
<MIXTURE> 10 9.864804e-02
<MEAN> 6
 7.399849e+01 4.602423e+01 1.318307e+02 5.462994e-02 -1.668056e+00 -8.677572e+01
<VARIANCE> 6
 3.179780e+01 1.280424e+04 1.446404e+04 2.998339e+02 4.032245e+04 5.181961e+07
<GCONST> 6.759479e+01
<MIXTURE> 11 9.984496e-02
<MEAN> 6
 7.009045e+01 -1.745271e+02 1.060835e+02 4.340037e-01 2.922697e+00 -1.425244e+02
<VARIANCE> 6
 3.179780e+01 1.280424e+04 1.446404e+04 2.998339e+02 4.032245e+04 5.181961e+07
<GCONST> 6.759479e+01
<MIXTURE> 12 9.412575e-02
<MEAN> 6
 7.577387e+01 6.619326e+01 -3.080702e+02 -6.477064e-01 -6.754167e+00 -1.098791e+02
<VARIANCE> 6
 3.179780e+01 1.280424e+04 1.446404e+04 2.998339e+02 4.032245e+04 5.181961e+07
<GCONST> 6.759479e+01
<MIXTURE> 13 4.623846e-02
<MEAN> 6
 6.702361e+01 1.513217e+02 -3.535796e+02 4.011443e+00 4.502992e+00 -2.256525e+02
<VARIANCE> 6
 3.179780e+01 1.280424e+04 1.446404e+04 2.998339e+02 4.032245e+04 5.181961e+07
<GCONST> 6.759479e+01
<MIXTURE> 14 5.334201e-02
<MEAN> 6
 6.610318e+01 -6.113773e+01 -2.505238e+02 1.160636e+00 2.876519e+00 -1.074069e+02
<VARIANCE> 6
 3.179780e+01 1.280424e+04 1.446404e+04 2.998339e+02 4.032245e+04 5.181961e+07
<GCONST> 6.759479e+01
<MIXTURE> 15 5.344844e-02
<MEAN> 6
 6.585705e+01 -6.955295e+01 -2.575479e+02 1.246959e+00 3.036644e+00 -1.050379e+02
<VARIANCE> 6
 3.179780e+01 1.280424e+04 1.446404e+04 2.998339e+02 4.032245e+04 5.181961e+07
<GCONST> 6.759479e+01
<STATE> 5
<NUMMIXES> 15
<MIXTURE> 1 5.452603e-02
<MEAN> 6
 9.957104e+01 -3.299032e+02 7.918489e+02 -7.259006e-01 -1.130799e+01 -9.220451e+01
<VARIANCE> 6
 3.179780e+01 1.280424e+04 7.990236e+04 2.998339e+02 4.032245e+04 5.181961e+07
<GCONST> 6.930392e+01
<MIXTURE> 2 5.870497e-02
<MEAN> 6
 8.751977e+01 4.268988e+02 4.459805e+02 2.743712e-01 -5.178245e+00 2.335164e+00
<VARIANCE> 6
 3.179780e+01 1.540163e+04 1.446404e+04 2.998339e+02 4.032245e+04 5.181961e+07
<GCONST> 6.777948e+01
<MIXTURE> 3 7.522953e-02
<MEAN> 6
 9.275682e+01 1.126616e+02 1.081032e+02 -2.000562e+00 -1.544837e+01 -7.500783e+01
<VARIANCE> 6
 3.179780e+01 1.601933e+04 1.446404e+04 2.998339e+02 4.032245e+04 5.181961e+07
<GCONST> 6.781880e+01
<MIXTURE> 4 7.193421e-02
<MEAN> 6
 9.441057e+01 6.779162e+02 1.498425e+02 -5.086064e+00 1.095280e+01 9.250390e+01
<VARIANCE> 6
 3.179780e+01 1.280424e+04 1.446404e+04 2.998339e+02 4.032245e+04 5.181961e+07
<GCONST> 6.759479e+01
<MIXTURE> 5 6.424216e-02
<MEAN> 6
 8.965376e+01 -1.268022e+01 5.854089e+02 -2.836235e+00 5.141116e+00 -1.013810e+02
<VARIANCE> 6
 3.179780e+01 1.280424e+04 1.446404e+04 2.998339e+02 4.032245e+04 5.181961e+07
<GCONST> 6.759479e+01
<MIXTURE> 6 4.618400e-02
<MEAN> 6
 8.585139e+01 2.686223e+02 3.617846e+01 1.348838e+00 5.514562e+00 -9.954011e+01
<VARIANCE> 6
 3.179780e+01 1.280424e+04 1.446404e+04 2.998339e+02 4.032245e+04 5.181961e+07
<GCONST> 6.759479e+01
<MIXTURE> 7 6.582206e-02
<MEAN> 6
 8.813057e+01 -4.597823e+02 3.437458e+02 -2.021962e+00 1.823257e+00 6.337439e+01
<VARIANCE> 6
 3.179780e+01 4.353409e+04 1.446404e+04 2.998339e+02 4.032245e+04 5.181961e+07
<GCONST> 6.881855e+01
<MIXTURE> 8 4.222799e-02
<MEAN> 6
 9.517330e+01 -7.863426e+02 -1.251327e+01 2.972307e-01 -1.554648e+01 -1.589238e+02
<VARIANCE> 6
 3.179780e+01 6.137983e+04 1.446404e+04 2.998339e+02 4.032245e+04 5.181961e+07
<GCONST> 6.916209e+01
<MIXTURE> 9 8.614948e-02
<MEAN> 6
 9.233220e+01 -6.860098e+01 7.005542e+01 -2.202635e-01 1.068064e+00 -1.883679e+02
<VARIANCE> 6
 3.179780e+01 1.280424e+04 1.446404e+04 2.998339e+02 4.032245e+04 5.181961e+07
<GCONST> 6.759479e+01
<MIXTURE> 10 8.639548e-02
<MEAN> 6
 8.946275e+01 -4.916568e+01 -9.113518e+01 -4.356922e-01 -1.211915e+00 -1.992690e+02
<VARIANCE> 6
 3.179780e+01 1.280424e+04 1.446404e+04 2.998339e+02 4.032245e+04 5.181961e+07
<GCONST> 6.759479e+01
<MIXTURE> 11 8.855616e-02
<MEAN> 6
 9.267270e+01 -8.790501e+01 5.189191e+00 -3.703017e-01 2.347239e+00 -1.472062e+02
<VARIANCE> 6
 3.179780e+01 1.280424e+04 1.562379e+04 2.998339e+02 4.032245e+04 5.181961e+07
<GCONST> 6.767191e+01
<MIXTURE> 12 7.131628e-02
<MEAN> 6
 9.245419e+01 4.920681e+01 9.840551e+01 -1.396628e+00 -5.152000e+00 -1.417738e+02
<VARIANCE> 6
 3.179780e+01 1.743817e+04 1.446404e+04 2.998339e+02 4.032245e+04 5.181961e+07
<GCONST> 6.790367e+01
<MIXTURE> 13 7.212397e-02
<MEAN> 6
 8.746844e+01 3.054742e+02 3.903334e+02 2.155459e+00 -3.091543e+00 -1.334290e+02
<VARIANCE> 6
 3.179780e+01 1.280424e+04 1.446404e+04 2.998339e+02 4.032245e+04 5.181961e+07
<GCONST> 6.759479e+01
<MIXTURE> 14 7.037640e-02
<MEAN> 6
 8.418763e+01 -5.289163e+01 4.781837e+02 -3.325482e+00 7.872142e+00 -1.327424e+02
<VARIANCE> 6
 3.179780e+01 1.280424e+04 1.446404e+04 2.998339e+02 4.032245e+04 5.181961e+07
<GCONST> 6.759479e+01
<MIXTURE> 15 4.617560e-02
<MEAN> 6
 8.555399e+01 2.324055e+02 -9.423213e+00 1.531800e+00 1.078058e+00 -1.099031e+02
<VARIANCE> 6
 3.179780e+01 1.280424e+04 1.446404e+04 2.998339e+02 4.032245e+04 5.181961e+07
<GCONST> 6.759479e+01
<STATE> 6
<NUMMIXES> 15
<MIXTURE> 1 6.200807e-02
<MEAN> 6
 1.062547e+02 1.763735e+03 4.965631e+02 -4.165468e+00 -1.119771e+00 8.415804e+00
<VARIANCE> 6
 3.179780e+01 7.596845e+04 2.585169e+04 2.998339e+02 4.032245e+04 5.181961e+07
<GCONST> 6.995604e+01
<MIXTURE> 2 7.837063e-02
<MEAN> 6
 8.024694e+01 6.086618e+02 4.377035e+02 -3.304340e-01 -1.938340e+00 -1.531915e+02
<VARIANCE> 6
 3.179780e+01 1.280424e+04 1.446404e+04 2.998339e+02 4.032245e+04 5.181961e+07
<GCONST> 6.759479e+01
<MIXTURE> 3 6.010191e-02
<MEAN> 6
 6.130675e+01 5.241761e+02 1.711736e+01 3.096769e+00 -1.010117e+01 -1.354767e+02
<VARIANCE> 6
 3.179780e+01 1.280424e+04 1.446404e+04 2.998339e+02 4.032245e+04 5.181961e+07
<GCONST> 6.759479e+01
<MIXTURE> 4 5.700932e-02
<MEAN> 6
 8.925659e+01 8.664365e+02 1.137746e+03 -4.846513e+00 8.964685e-01 5.286918e+01
<VARIANCE> 6
 3.179780e+01 4.666087e+04 1.446404e+04 2.998339e+02 4.032245e+04 5.181961e+07
<GCONST> 6.888791e+01
<MIXTURE> 5 4.282160e-02
<MEAN> 6
 9.850867e+01 8.229127e+02 3.134738e+02 -5.064494e+00 -1.479817e+00 4.503535e+01
<VARIANCE> 6
 3.179780e+01 1.280424e+04 1.446404e+04 2.998339e+02 4.032245e+04 5.181961e+07
<GCONST> 6.759479e+01
<MIXTURE> 6 1.143482e-01
<MEAN> 6
 5.350460e+01 4.140926e+02 -2.325336e+02 8.348266e-01 -3.013359e+00 -1.271909e+02
<VARIANCE> 6
 3.179780e+01 1.280424e+04 1.446404e+04 2.998339e+02 4.032245e+04 5.181961e+07
<GCONST> 6.759479e+01
<MIXTURE> 7 7.268703e-02
<MEAN> 6
 7.414467e+01 4.558197e+02 -1.288584e+01 1.486248e+00 -5.844272e+00 -1.249194e+02
<VARIANCE> 6
 3.179780e+01 1.280424e+04 2.384324e+04 2.998339e+02 4.032245e+04 5.181961e+07
<GCONST> 6.809462e+01
<MIXTURE> 8 7.567880e-02
<MEAN> 6
 7.040928e+01 9.834191e+02 6.924191e+02 5.281207e-01 3.217688e+00 -6.113567e+01
<VARIANCE> 6
 3.179780e+01 3.758811e+04 1.446404e+04 2.998339e+02 4.032245e+04 5.181961e+07
<GCONST> 6.867169e+01
<MIXTURE> 9 7.455543e-02
<MEAN> 6
 8.646277e+01 1.049172e+03 2.906537e+02 -1.487915e+00 -1.899179e+00 -1.868649e+02
<VARIANCE> 6
 3.179780e+01 1.786657e+04 1.446404e+04 2.998339e+02 4.032245e+04 5.181961e+07
<GCONST> 6.792794e+01
<MIXTURE> 10 2.880291e-02
<MEAN> 6
 7.220925e+01 6.370432e+02 6.778129e+02 -3.977993e-01 -5.559682e+00 -1.103882e+02
<VARIANCE> 6
 3.179780e+01 1.237589e+05 1.446404e+04 2.998339e+02 4.032245e+04 5.181961e+07
<GCONST> 6.986334e+01
<MIXTURE> 11 7.529234e-02
<MEAN> 6
 7.493188e+01 4.338864e+02 6.494064e+02 -1.458572e+00 -4.400200e+00 -8.492200e+01
<VARIANCE> 6
 3.179780e+01 1.290689e+04 9.271791e+04 2.998339e+02 4.032245e+04 5.181961e+07
<GCONST> 6.946066e+01
<MIXTURE> 12 5.598711e-02
<MEAN> 6
 7.946580e+01 1.482703e+03 4.562962e+02 -1.596341e+00 -6.177637e+00 -2.117096e+02
<VARIANCE> 6
 3.179780e+01 1.626524e+04 1.446404e+04 2.998339e+02 4.032245e+04 5.181961e+07
<GCONST> 6.783404e+01
<MIXTURE> 13 5.825568e-02
<MEAN> 6
 7.369584e+01 3.802108e+02 4.357633e+02 -7.179339e-01 -1.194402e+01 -2.620517e+02
<VARIANCE> 6
 3.179780e+01 1.817104e+04 1.327613e+05 2.998339e+02 4.032245e+04 5.181961e+07
<GCONST> 7.016173e+01
<MIXTURE> 14 7.515683e-02
<MEAN> 6
 8.754125e+01 9.368345e+02 2.425134e+02 -1.491664e+00 1.966299e-01 -3.745280e+01
<VARIANCE> 6
 3.179780e+01 1.280424e+04 1.446404e+04 2.998339e+02 4.032245e+04 5.181961e+07
<GCONST> 6.759479e+01
<MIXTURE> 15 6.890101e-02
<MEAN> 6
 7.196112e+01 4.700174e+02 -1.261103e+02 6.633959e-01 -3.714949e+00 -7.410661e+01
<VARIANCE> 6
 3.179780e+01 1.280424e+04 2.245007e+04 2.998339e+02 4.032245e+04 5.181961e+07
<GCONST> 6.803441e+01
<STATE> 7
<NUMMIXES> 15
<MIXTURE> 1 8.316994e-02
<MEAN> 6
 6.567122e+01 9.837369e+02 -1.864841e+02 -7.829125e-01 2.275424e+00 -5.747423e+01
<VARIANCE> 6
 3.179780e+01 1.280424e+04 1.446404e+04 2.998339e+02 4.032245e+04 5.181961e+07
<GCONST> 6.759479e+01
<MIXTURE> 2 5.282603e-02
<MEAN> 6
 7.526954e+01 -1.025739e+03 1.795257e+02 2.326604e-01 1.784580e+01 2.132574e+01
<VARIANCE> 6
 3.179780e+01 1.632266e+04 1.087214e+05 2.998339e+02 4.032245e+04 5.181961e+07
<GCONST> 6.985468e+01
<MIXTURE> 3 5.124636e-02
<MEAN> 6
 7.780745e+01 -1.776722e+03 -7.868232e+02 7.279074e-01 -4.032377e+00 -2.559280e+02
<VARIANCE> 6
 3.179780e+01 5.294039e+04 1.446404e+04 2.998339e+02 4.032245e+04 5.181961e+07
<GCONST> 6.901418e+01
<MIXTURE> 4 4.526684e-02
<MEAN> 6
 6.215436e+01 4.845830e+02 -6.305892e+02 9.932472e-01 -2.293907e+00 -7.526543e+01
<VARIANCE> 6
 3.179780e+01 1.672959e+04 1.446404e+04 2.998339e+02 4.032245e+04 5.181961e+07
<GCONST> 6.786218e+01
<MIXTURE> 5 5.172981e-02
<MEAN> 6
 6.276236e+01 -5.747051e+02 2.186265e+02 2.186586e+00 -5.476653e+00 -2.318829e+02
<VARIANCE> 6
 3.179780e+01 1.280424e+04 1.446404e+04 2.998339e+02 4.032245e+04 5.181961e+07
<GCONST> 6.759479e+01
<MIXTURE> 6 9.807932e-02
<MEAN> 6
 5.804793e+01 -4.191066e+02 -1.776332e+02 5.137570e-01 2.287505e+00 -2.262030e+02
<VARIANCE> 6
 3.179780e+01 1.280424e+04 2.396687e+04 2.998339e+02 4.032245e+04 5.181961e+07
<GCONST> 6.809979e+01
<MIXTURE> 7 9.837461e-02
<MEAN> 6
 7.318097e+01 -8.133670e+02 -6.029062e+02 -3.394419e+00 -1.056874e+00 -1.333396e+02
<VARIANCE> 6
 3.179780e+01 1.313881e+04 1.446404e+04 2.998339e+02 4.032245e+04 5.181961e+07
<GCONST> 6.762057e+01
<MIXTURE> 8 4.086981e-02
<MEAN> 6
 6.494370e+01 6.351258e+02 -1.997495e+02 -8.891324e-01 -2.923405e+01 -5.098238e+02
<VARIANCE> 6
 3.179780e+01 5.720296e+04 1.446404e+04 2.998339e+02 4.032245e+04 5.181961e+07
<GCONST> 6.909161e+01
<MIXTURE> 9 5.222592e-02
<MEAN> 6
 6.452448e+01 -5.167979e+02 -5.490811e+02 -1.239006e+00 1.843243e+00 -1.362217e+02
<VARIANCE> 6
 3.179780e+01 1.280424e+04 1.446404e+04 2.998339e+02 4.032245e+04 5.181961e+07
<GCONST> 6.759479e+01
<MIXTURE> 10 8.600282e-02
<MEAN> 6
 5.720936e+01 -1.288988e+03 -5.684695e+02 3.184120e+00 -8.404251e+00 3.168038e+01
<VARIANCE> 6
 3.179780e+01 4.237841e+04 1.905515e+04 2.998339e+02 4.032245e+04 5.181961e+07
<GCONST> 6.906732e+01
<MIXTURE> 11 8.687247e-02
<MEAN> 6
 6.582632e+01 9.097347e+02 -1.833683e+02 -8.240882e-01 -6.924922e-01 -9.872244e+01
<VARIANCE> 6
 3.179780e+01 1.698112e+04 1.446404e+04 2.998339e+02 4.032245e+04 5.181961e+07
<GCONST> 6.787711e+01
<MIXTURE> 12 1.009646e-01
<MEAN> 6
 5.825157e+01 -4.367652e+02 -2.731349e+02 4.100087e-01 -4.210112e+00 -2.306119e+02
<VARIANCE> 6
 3.179780e+01 1.280424e+04 1.753561e+04 2.998339e+02 4.032245e+04 5.181961e+07
<GCONST> 6.778735e+01
<MIXTURE> 13 4.653178e-02
<MEAN> 6
 6.940131e+01 -7.732548e+02 -9.720361e+02 -1.633347e+00 -3.425517e-01 -4.882189e+01
<VARIANCE> 6
 3.179780e+01 1.280424e+04 5.019854e+04 2.998339e+02 4.032245e+04 5.181961e+07
<GCONST> 6.883910e+01
<MIXTURE> 14 5.233128e-02
<MEAN> 6
 6.467992e+01 -5.190231e+02 -5.512689e+02 -1.292621e+00 1.794852e+00 -1.359104e+02
<VARIANCE> 6
 3.179780e+01 1.280424e+04 1.446404e+04 2.998339e+02 4.032245e+04 5.181961e+07
<GCONST> 6.759479e+01
<MIXTURE> 15 5.348203e-02
<MEAN> 6
 7.531004e+01 -1.042185e+03 9.480996e+01 5.745820e-02 8.557582e+00 -1.672977e+01
<VARIANCE> 6
 3.179780e+01 1.549948e+04 1.184581e+05 2.998339e+02 4.032245e+04 5.181961e+07
<GCONST> 6.988871e+01
<STATE> 8
<NUMMIXES> 15
<MIXTURE> 1 8.327647e-02
<MEAN> 6
 1.174805e+02 -4.715368e+02 2.420667e+03 -1.236078e+00 1.692476e+00 -2.431265e+02
<VARIANCE> 6
 3.179780e+01 1.280424e+04 3.949170e+04 2.998339e+02 4.032245e+04 5.181961e+07
<GCONST> 6.859921e+01
<MIXTURE> 2 5.363559e-02
<MEAN> 6
 8.954649e+01 1.113726e+03 -1.070164e+03 -3.564960e+00 7.044402e-01 -8.208845e+00
<VARIANCE> 6
 3.179780e+01 1.280424e+04 2.290884e+04 2.998339e+02 4.032245e+04 5.181961e+07
<GCONST> 6.805464e+01
<MIXTURE> 3 7.734290e-02
<MEAN> 6
 9.040923e+01 -9.551897e+01 -3.122885e+03 -7.442233e+00 1.628980e+00 2.474266e+02
<VARIANCE> 6
 6.270649e+01 1.280424e+04 1.446404e+04 2.998339e+02 4.032245e+04 5.181961e+07
<GCONST> 6.827385e+01
<MIXTURE> 4 7.955001e-02
<MEAN> 6
 8.720051e+01 1.426316e+03 -3.307647e+02 -2.860956e+00 -1.162824e+01 3.109814e+01
<VARIANCE> 6
 4.170110e+01 1.856823e+05 3.362268e+04 2.998339e+02 4.032245e+04 5.181961e+07
<GCONST> 7.138371e+01
<MIXTURE> 5 5.595844e-02
<MEAN> 6
 1.043863e+02 -1.681878e+03 6.006786e+02 -4.958120e+00 2.998439e+01 -2.939392e+02
<VARIANCE> 6
 3.179780e+01 5.040665e+04 1.473057e+04 2.998339e+02 4.032245e+04 5.181961e+07
<GCONST> 6.898338e+01
<MIXTURE> 6 3.286534e-02
<MEAN> 6
 6.917736e+01 4.267978e+02 -1.091773e+03 -5.365933e+00 -1.288996e+00 1.510673e+00
<VARIANCE> 6
 3.179780e+01 3.904713e+04 1.446404e+04 2.998339e+02 4.032245e+04 5.181961e+07
<GCONST> 6.870978e+01
<MIXTURE> 7 9.229479e-02
<MEAN> 6
 9.937877e+01 -3.771464e+03 3.726726e+00 -4.466858e+00 1.240625e+01 1.089912e+00
<VARIANCE> 6
 3.179780e+01 1.145985e+05 1.446404e+04 2.998339e+02 4.032245e+04 5.181961e+07
<GCONST> 6.978644e+01
<MIXTURE> 8 8.539742e-02
<MEAN> 6
 8.872900e+01 1.016424e+03 -2.211194e+03 8.397233e-01 -1.586113e+01 5.409290e+01
<VARIANCE> 6
 3.179780e+01 1.280424e+04 2.123906e+04 2.998339e+02 4.032245e+04 5.181961e+07
<GCONST> 6.797896e+01
<MIXTURE> 9 4.718255e-02
<MEAN> 6
 9.725865e+01 -2.151422e+03 -2.185030e+02 -4.905588e+00 -2.636950e+01 -5.910152e+02
<VARIANCE> 6
 3.179780e+01 2.035291e+05 1.446404e+04 2.998339e+02 4.032245e+04 5.181961e+07
<GCONST> 7.036082e+01
<MIXTURE> 10 8.586803e-02
<MEAN> 6
 8.696011e+01 8.431937e+02 -6.104951e+02 -1.160618e+00 -3.796431e+00 -2.132573e+01
<VARIANCE> 6
 3.179780e+01 3.937227e+04 1.446404e+04 2.998339e+02 4.032245e+04 5.181961e+07
<GCONST> 6.871807e+01
<MIXTURE> 11 9.757783e-02
<MEAN> 6
 7.611246e+01 1.956739e+02 -1.380107e+03 2.409205e+00 1.888232e+01 -1.228835e+01
<VARIANCE> 6
 3.179780e+01 1.280424e+04 1.446404e+04 2.998339e+02 4.032245e+04 5.181961e+07
<GCONST> 6.759479e+01
<MIXTURE> 12 6.110529e-02
<MEAN> 6
 8.076463e+01 3.429294e+02 -6.170267e+02 -4.847574e-01 1.879191e+01 -2.084343e+02
<VARIANCE> 6
 3.179780e+01 1.753474e+04 1.446404e+04 2.998339e+02 4.032245e+04 5.181961e+07
<GCONST> 6.790919e+01
<MIXTURE> 13 3.522701e-02
<MEAN> 6
 7.648794e+01 -3.350014e+02 -2.677756e+03 -1.028064e+00 -3.992965e+00 -1.998666e+02
<VARIANCE> 6
 3.179780e+01 1.280424e+04 1.446404e+04 2.998339e+02 4.032245e+04 5.181961e+07
<GCONST> 6.759479e+01
<MIXTURE> 14 5.904207e-02
<MEAN> 6
 1.030248e+02 -2.919337e+03 -2.340315e+02 -2.529053e+00 -1.467869e+01 -1.936011e+02
<VARIANCE> 6
 3.179780e+01 7.310613e+04 1.446404e+04 2.998339e+02 4.032245e+04 5.181961e+07
<GCONST> 6.933692e+01
<MIXTURE> 15 5.367233e-02
<MEAN> 6
 8.255285e+01 1.141360e+03 -1.279706e+03 -1.402041e+00 -6.360644e+00 5.785840e+01
<VARIANCE> 6
 3.179780e+01 1.280424e+04 1.446404e+04 2.998339e+02 4.032245e+04 5.181961e+07
<GCONST> 6.759479e+01
<STATE> 9
<NUMMIXES> 15
<MIXTURE> 1 4.272755e-03
<MEAN> 6
 3.254071e+00 -5.433044e+02 6.368639e+01 8.865933e+01 -3.966890e+02 2.626083e+03
<VARIANCE> 6
 9.892576e+03 6.210749e+05 9.966356e+05 1.773153e+06 9.962002e+08 1.444666e+12
<GCONST> 1.104848e+02
<MIXTURE> 2 8.477854e-02
<MEAN> 6
 3.050027e+01 1.104877e+02 1.794272e+01 2.103930e+02 -5.791977e+01 -6.531702e+02
<VARIANCE> 6
 7.089651e+02 1.965404e+05 1.048125e+05 4.061832e+03 1.304282e+05 5.181961e+07
<GCONST> 7.919087e+01
<MIXTURE> 3 3.127261e-02
<MEAN> 6
 4.024570e+01 4.999796e+01 1.569986e+02 -3.799464e+01 -5.185289e+02 4.946905e+03
<VARIANCE> 6
 6.133086e+03 1.247548e+06 1.355224e+06 7.251516e+04 6.831903e+06 5.028834e+09
<GCONST> 9.717200e+01
<MIXTURE> 4 6.657459e-02
<MEAN> 6
 9.914414e+01 1.438364e+02 -7.053393e+00 -4.966221e+00 -2.020126e+01 -2.646299e+02
<VARIANCE> 6
 5.482716e+02 1.098759e+06 3.685575e+05 2.998339e+02 4.032245e+04 5.181961e+07
<GCONST> 7.813225e+01
<MIXTURE> 5 7.637274e-02
<MEAN> 6
 -4.422262e+01 -3.564014e+01 -8.311725e+00 -1.192924e+02 1.661159e+03 5.535298e+02
<VARIANCE> 6
 3.387553e+02 2.046080e+05 1.138933e+05 3.450968e+04 9.488716e+05 7.710193e+08
<GCONST> 8.539966e+01
<MIXTURE> 6 6.804586e-02
<MEAN> 6
 7.905054e+01 -3.193578e+01 1.961134e+02 -2.065949e+01 -5.016268e+02 -3.812043e+02
<VARIANCE> 6
 5.087251e+02 1.730149e+05 3.833090e+05 2.479131e+04 1.709634e+05 5.181961e+07
<GCONST> 8.210764e+01
<MIXTURE> 7 6.781553e-02
<MEAN> 6
 -3.397741e+01 8.664404e+01 4.959520e+01 1.315102e+02 8.268475e+02 -1.637752e+03
<VARIANCE> 6
 2.419528e+02 2.704385e+05 5.045567e+04 1.306660e+04 2.457556e+05 5.185602e+07
<GCONST> 7.950655e+01
<MIXTURE> 8 9.918443e-02
<MEAN> 6
 1.861360e+01 -1.330480e+01 4.885820e+01 -2.975320e+02 -2.272638e+02 7.767093e+03
<VARIANCE> 6
 6.445962e+02 1.300324e+05 1.634821e+05 9.842875e+03 7.173874e+05 2.795272e+08
<GCONST> 8.340237e+01
<MIXTURE> 9 5.563876e-02
<MEAN> 6
 9.595928e+01 -7.410654e+01 6.549081e+00 -3.843361e+00 -1.978833e+01 -2.534236e+02
<VARIANCE> 6
 1.965605e+02 1.130712e+05 8.169612e+04 2.998339e+02 4.032245e+04 5.181961e+07
<GCONST> 7.332594e+01
<MIXTURE> 10 9.818117e-02
<MEAN> 6
 9.686631e+01 -2.026496e+01 2.342098e+01 1.997509e+01 -9.295253e+02 -1.171214e+03
<VARIANCE> 6
 4.959172e+02 4.989751e+05 1.276088e+05 2.496575e+04 1.636208e+06 7.595666e+08
<GCONST> 8.699211e+01
<MIXTURE> 11 6.842320e-02
<MEAN> 6
 -5.237561e+01 6.114782e+01 1.078422e+01 5.678777e+00 1.610318e+02 2.728380e+02
<VARIANCE> 6
 2.415867e+02 2.036396e+05 8.798591e+04 5.986291e+02 6.799070e+04 5.181961e+07
<GCONST> 7.540857e+01
<MIXTURE> 12 5.056833e-02
<MEAN> 6
 2.188018e+01 -7.424084e+01 1.517993e+01 3.390024e+02 7.561375e+01 -1.056121e+04
<VARIANCE> 6
 9.303267e+02 2.051753e+05 9.673722e+04 4.108692e+03 6.310270e+05 1.849826e+08
<GCONST> 8.228591e+01
<MIXTURE> 13 9.572344e-02
<MEAN> 6
 8.190294e+01 1.687184e+01 1.945127e+01 -5.421605e+01 -8.153604e+02 -1.088243e+03
<VARIANCE> 6
 3.153555e+02 6.670842e+04 4.123085e+04 2.407732e+04 2.709271e+05 8.052313e+07
<GCONST> 7.931868e+01
<MIXTURE> 14 7.689593e-02
<MEAN> 6
 -4.975169e+01 6.446881e-01 -2.463525e+01 1.362295e+01 7.303091e+02 1.202836e+02
<VARIANCE> 6
 3.784588e+02 8.829200e+04 2.200035e+05 1.257294e+04 1.524308e+05 7.449273e+07
<GCONST> 8.015315e+01
<MIXTURE> 15 5.550756e-02
<MEAN> 6
 9.057622e+01 -1.866763e+02 -1.245206e+02 -5.185079e+00 -4.178762e+01 -1.958150e+02
<VARIANCE> 6
 2.006473e+02 1.757173e+05 9.018173e+04 2.998339e+02 4.032245e+04 5.181961e+07
<GCONST> 7.388620e+01
<TRANSP> 10
 0.000000e+00 1.000000e+00 0.000000e+00 0.000000e+00 0.000000e+00 0.000000e+00 0.000000e+00 0.000000e+00 0.000000e+00 0.000000e+00
 0.000000e+00 9.998030e-01 1.969961e-04 0.000000e+00 0.000000e+00 0.000000e+00 0.000000e+00 0.000000e+00 0.000000e+00 0.000000e+00
 0.000000e+00 0.000000e+00 9.979879e-01 2.012112e-03 0.000000e+00 0.000000e+00 0.000000e+00 0.000000e+00 0.000000e+00 0.000000e+00
 0.000000e+00 0.000000e+00 0.000000e+00 9.991265e-01 8.735324e-04 0.000000e+00 0.000000e+00 0.000000e+00 0.000000e+00 0.000000e+00
 0.000000e+00 0.000000e+00 0.000000e+00 0.000000e+00 9.982142e-01 1.785754e-03 0.000000e+00 0.000000e+00 0.000000e+00 0.000000e+00
 0.000000e+00 0.000000e+00 0.000000e+00 0.000000e+00 0.000000e+00 9.982545e-01 1.745443e-03 0.000000e+00 0.000000e+00 0.000000e+00
 0.000000e+00 0.000000e+00 0.000000e+00 0.000000e+00 0.000000e+00 0.000000e+00 9.982809e-01 1.719102e-03 0.000000e+00 0.000000e+00
 0.000000e+00 0.000000e+00 0.000000e+00 0.000000e+00 0.000000e+00 0.000000e+00 0.000000e+00 9.976424e-01 2.357625e-03 0.000000e+00
 0.000000e+00 0.000000e+00 0.000000e+00 0.000000e+00 0.000000e+00 0.000000e+00 0.000000e+00 0.000000e+00 9.999446e-01 5.540845e-05
 0.000000e+00 0.000000e+00 0.000000e+00 0.000000e+00 0.000000e+00 0.000000e+00 0.000000e+00 0.000000e+00 0.000000e+00 0.000000e+00
<ENDHMM>
~h "SegundoESO"
<BEGINHMM>
<NUMSTATES> 10
<STATE> 2
<NUMMIXES> 15
<MIXTURE> 1 7.220920e-02
<MEAN> 6
 8.887373e+01 -4.359126e+03 5.882880e+03 -1.428435e+00 -7.770352e+00 -1.179263e+02
<VARIANCE> 6
 3.251164e+01 1.142720e+05 1.246617e+07 2.998339e+02 4.032245e+04 5.181961e+07
<GCONST> 7.656490e+01
<MIXTURE> 2 6.656975e-02
<MEAN> 6
 5.922975e+01 2.473238e+03 -2.499795e+02 3.918634e-01 -4.668574e+00 -1.870008e+02
<VARIANCE> 6
 3.179780e+01 1.593066e+05 1.446404e+04 2.998339e+02 4.032245e+04 5.181961e+07
<GCONST> 7.011584e+01
<MIXTURE> 3 6.263378e-02
<MEAN> 6
 5.850133e+01 5.787941e+02 -3.386518e+03 1.676706e+00 -4.306331e+00 -7.886433e+01
<VARIANCE> 6
 3.179780e+01 4.463950e+04 1.007047e+06 2.998339e+02 4.032245e+04 5.181961e+07
<GCONST> 7.308674e+01
<MIXTURE> 4 3.613105e-02
<MEAN> 6
 7.217348e+01 1.526727e+03 -2.403631e+03 4.512287e-02 -3.916504e+00 -1.574386e+02
<VARIANCE> 6
 3.179780e+01 1.280424e+04 1.668994e+05 2.998339e+02 4.032245e+04 5.181961e+07
<GCONST> 7.004051e+01
<MIXTURE> 5 1.203262e-01
<MEAN> 6
 7.550021e+01 2.882892e+01 -2.102415e+03 -2.250851e+00 -2.061282e+00 -8.478531e+01
<VARIANCE> 6
 3.179780e+01 2.697906e+04 5.234052e+06 2.998339e+02 4.032245e+04 5.181961e+07
<GCONST> 7.423134e+01
<MIXTURE> 6 5.070535e-02
<MEAN> 6
 6.526520e+01 2.315713e+03 -1.268397e+03 -2.360686e-01 -1.167643e+01 -1.190114e+02
<VARIANCE> 6
 3.179780e+01 1.391059e+06 1.446404e+04 2.998339e+02 4.032245e+04 5.181961e+07
<GCONST> 7.228283e+01
<MIXTURE> 7 7.120371e-02
<MEAN> 6
 7.414367e+01 -3.339392e+02 -8.254030e+03 -2.455036e-02 -2.221753e+00 -6.365537e+01
<VARIANCE> 6
 3.179780e+01 1.280424e+04 1.328932e+06 2.998339e+02 4.032245e+04 5.181961e+07
<GCONST> 7.211525e+01
<MIXTURE> 8 5.525266e-02
<MEAN> 6
 7.113899e+01 9.769123e+03 1.079636e+03 -4.647820e+00 1.003989e+01 6.760271e+01
<VARIANCE> 6
 3.179780e+01 4.716588e+07 4.038154e+07 1.399664e+03 1.153573e+05 5.181961e+07
<GCONST> 8.633278e+01
<MIXTURE> 9 1.000952e-01
<MEAN> 6
 6.241056e+01 6.109899e+01 -1.700179e+03 4.253425e-01 -2.471994e+00 -1.724560e+02
<VARIANCE> 6
 3.179780e+01 5.264402e+04 5.665206e+04 2.998339e+02 4.032245e+04 5.181961e+07
<GCONST> 7.037383e+01
<MIXTURE> 10 4.305396e-02
<MEAN> 6
 6.082291e+01 -2.082251e+03 -4.325922e+02 -1.767835e-01 -3.015845e+00 -1.193861e+02
<VARIANCE> 6
 3.179780e+01 2.123858e+05 4.432394e+04 2.998339e+02 4.032245e+04 5.181961e+07
<GCONST> 7.152327e+01
<MIXTURE> 11 3.293701e-02
<MEAN> 6
 7.191866e+01 6.862875e+02 -6.526446e+03 -3.690368e-01 -1.106579e+00 3.877888e+01
<VARIANCE> 6
 3.179780e+01 1.280424e+04 5.760521e+06 2.998339e+02 4.032245e+04 5.181961e+07
<GCONST> 7.358190e+01
<MIXTURE> 12 1.055217e-01
<MEAN> 6
 6.255791e+01 1.089855e+03 -1.022473e+03 2.381636e-01 -1.161403e+00 -5.786155e+01
<VARIANCE> 6
 3.179780e+01 3.214173e+05 1.112084e+05 2.998339e+02 4.032245e+04 5.181961e+07
<GCONST> 7.285748e+01
<MIXTURE> 13 5.696613e-02
<MEAN> 6
 8.262272e+01 -3.996151e+03 7.890096e+03 -4.586746e-01 -1.868765e+01 -1.847140e+02
<VARIANCE> 6
 9.351714e+01 5.116506e+06 4.261030e+07 2.998339e+02 4.032245e+04 5.181961e+07
<GCONST> 8.265216e+01
<MIXTURE> 14 6.245647e-02
<MEAN> 6
 5.985192e+01 2.047902e+03 -2.989826e+02 5.931361e-01 -4.550830e+00 -1.819895e+02
<VARIANCE> 6
 3.179780e+01 1.466332e+05 1.446404e+04 2.998339e+02 4.032245e+04 5.181961e+07
<GCONST> 7.003294e+01
<MIXTURE> 15 6.390420e-02
<MEAN> 6
 5.599015e+01 4.041383e+02 -4.038480e+03 1.157647e+00 4.957150e-01 -3.021284e+01
<VARIANCE> 6
 3.179780e+01 7.513220e+04 1.377574e+06 2.998339e+02 4.032245e+04 5.181961e+07
<GCONST> 7.392067e+01
<STATE> 3
<NUMMIXES> 15
<MIXTURE> 1 1.109473e-01
<MEAN> 6
 7.056650e+01 1.066500e+03 1.147523e+02 -8.803978e-01 -4.206349e+00 -9.889159e+01
<VARIANCE> 6
 3.179780e+01 2.719443e+05 1.446404e+04 2.998339e+02 4.032245e+04 5.181961e+07
<GCONST> 7.065060e+01
<MIXTURE> 2 2.217293e-02
<MEAN> 6
 -1.954761e+01 2.872530e+02 -1.251486e+03 2.158681e-01 9.996926e+00 1.985029e+02
<VARIANCE> 6
 3.179780e+01 1.280424e+04 1.542830e+06 2.998339e+02 4.032245e+04 5.181961e+07
<GCONST> 7.226450e+01
<MIXTURE> 3 4.909454e-02
<MEAN> 6
 5.856992e+01 1.504716e+02 4.104112e+02 3.641706e-02 -1.974021e-01 -4.784697e+01
<VARIANCE> 6
 6.336197e+01 1.280424e+04 5.085660e+04 2.998339e+02 4.032245e+04 5.181961e+07
<GCONST> 6.954160e+01
<MIXTURE> 4 7.758600e-02
<MEAN> 6
 6.650711e+01 -3.957006e+02 3.255924e+02 -2.828442e-01 -7.148338e+00 -1.232001e+02
<VARIANCE> 6
 3.179780e+01 1.280424e+04 1.446404e+04 2.998339e+02 4.032245e+04 5.181961e+07
<GCONST> 6.759479e+01
<MIXTURE> 5 5.586383e-02
<MEAN> 6
 6.725944e+01 5.797761e+02 -2.616609e+02 7.118355e-03 -3.306014e+00 -1.364654e+02
<VARIANCE> 6
 3.179780e+01 2.708994e+04 1.446404e+04 2.998339e+02 4.032245e+04 5.181961e+07
<GCONST> 6.834417e+01
<MIXTURE> 6 2.544255e-02
<MEAN> 6
 5.960221e+01 -2.735493e+00 -1.721622e+02 1.702826e-01 -5.094603e+00 -1.426252e+02
<VARIANCE> 6
 3.179780e+01 1.280424e+04 1.446404e+04 2.998339e+02 4.032245e+04 5.181961e+07
<GCONST> 6.759479e+01
<MIXTURE> 7 8.229427e-02
<MEAN> 6
 5.980153e+01 -3.004378e+02 -4.025392e+02 9.073075e-02 -9.408636e-01 -9.683302e+01
<VARIANCE> 6
 3.179780e+01 1.280424e+04 7.168090e+04 2.998339e+02 4.032245e+04 5.181961e+07
<GCONST> 6.919534e+01
<MIXTURE> 8 9.975420e-02
<MEAN> 6
 7.519751e+01 2.798023e+02 -7.398480e+02 3.973995e-02 -2.998185e+00 -7.672765e+01
<VARIANCE> 6
 3.179780e+01 7.352855e+04 2.221610e+04 2.998339e+02 4.032245e+04 5.181961e+07
<GCONST> 6.977184e+01
<MIXTURE> 9 7.939884e-02
<MEAN> 6
 5.887529e+01 1.601223e+01 -1.551921e+02 1.279467e-01 -4.701787e+00 -1.442583e+02
<VARIANCE> 6
 3.179780e+01 1.280424e+04 1.446404e+04 2.998339e+02 4.032245e+04 5.181961e+07
<GCONST> 6.759479e+01
<MIXTURE> 10 6.910092e-02
<MEAN> 6
 6.155197e+01 6.780253e+01 4.078673e+01 -3.580900e-01 -6.218040e+00 -1.610351e+02
<VARIANCE> 6
 3.179780e+01 1.280424e+04 5.356385e+04 2.998339e+02 4.032245e+04 5.181961e+07
<GCONST> 6.890399e+01
<MIXTURE> 11 6.338178e-02
<MEAN> 6
 6.665518e+01 4.089913e+02 -2.181176e+02 5.339189e-01 -3.986720e+00 -1.028779e+02
<VARIANCE> 6
 3.179780e+01 1.280424e+04 1.446404e+04 2.998339e+02 4.032245e+04 5.181961e+07
<GCONST> 6.759479e+01
<MIXTURE> 12 6.169336e-02
<MEAN> 6
 6.373845e+01 -6.112828e+02 -5.719697e+02 2.262876e-02 -4.336596e+00 -6.561975e+01
<VARIANCE> 6
 3.179780e+01 2.651091e+04 5.985689e+04 2.998339e+02 4.032245e+04 5.181961e+07
<GCONST> 6.974286e+01
<MIXTURE> 13 7.259877e-02
<MEAN> 6
 6.203717e+01 -3.591137e+02 1.222543e+02 -7.013655e-01 -4.520619e+00 -1.045588e+02
<VARIANCE> 6
 3.179780e+01 3.020935e+04 1.446404e+04 2.998339e+02 4.032245e+04 5.181961e+07
<GCONST> 6.845316e+01
<MIXTURE> 14 6.719753e-02
<MEAN> 6
 5.926665e+01 7.869141e+01 -1.520641e+02 -7.373815e-01 -2.816609e+00 -1.149683e+02
<VARIANCE> 6
 3.179780e+01 1.280424e+04 7.515414e+04 2.998339e+02 4.032245e+04 5.181961e+07
<GCONST> 6.924266e+01
<MIXTURE> 15 6.339039e-02
<MEAN> 6
 6.619522e+01 3.961909e+02 -2.257762e+02 4.255374e-01 -4.480831e+00 -1.186483e+02
<VARIANCE> 6
 3.179780e+01 1.280424e+04 1.446404e+04 2.998339e+02 4.032245e+04 5.181961e+07
<GCONST> 6.759479e+01
<STATE> 4
<NUMMIXES> 15
<MIXTURE> 1 4.645123e-02
<MEAN> 6
 7.267567e+01 6.522296e+02 1.363599e+03 9.004591e-01 -1.806195e+00 -1.725898e+02
<VARIANCE> 6
 3.179780e+01 1.280424e+04 2.802931e+05 2.998339e+02 4.032245e+04 5.181961e+07
<GCONST> 7.055895e+01
<MIXTURE> 2 7.186041e-02
<MEAN> 6
 7.918955e+01 -5.043831e+02 -6.897344e+01 -2.738175e-01 -7.052079e+00 -1.279671e+02
<VARIANCE> 6
 3.179780e+01 1.280424e+04 1.446404e+04 2.998339e+02 4.032245e+04 5.181961e+07
<GCONST> 6.759479e+01
<MIXTURE> 3 5.421622e-02
<MEAN> 6
 8.798633e+01 -1.627906e+03 4.409891e+02 5.901434e-01 -5.369025e+00 -2.167355e+02
<VARIANCE> 6
 3.179780e+01 1.280424e+04 2.006339e+04 2.998339e+02 4.032245e+04 5.181961e+07
<GCONST> 6.792201e+01
<MIXTURE> 4 8.696948e-02
<MEAN> 6
 7.647639e+01 -8.047412e+02 2.871111e+03 1.786061e+00 -6.595279e+00 -1.976212e+02
<VARIANCE> 6
 3.179780e+01 8.491214e+05 2.636012e+05 2.998339e+02 4.032245e+04 5.181961e+07
<GCONST> 7.469199e+01
<MIXTURE> 5 6.701368e-02
<MEAN> 6
 8.321520e+01 -7.666895e+02 1.080960e+02 -1.878177e-01 -3.084000e+00 -6.892882e+01
<VARIANCE> 6
 3.179780e+01 1.280424e+04 1.446404e+04 2.998339e+02 4.032245e+04 5.181961e+07
<GCONST> 6.759479e+01
<MIXTURE> 6 8.980064e-02
<MEAN> 6
 8.097509e+01 2.915462e+02 5.024073e+02 4.271333e-02 -5.529144e+00 -1.275306e+02
<VARIANCE> 6
 3.179780e+01 2.470403e+04 3.333206e+04 2.998339e+02 4.032245e+04 5.181961e+07
<GCONST> 6.908682e+01
<MIXTURE> 7 8.823642e-02
<MEAN> 6
 7.894365e+01 -1.961425e+03 -1.248715e+02 -9.248837e-01 1.106596e+00 -1.752217e+02
<VARIANCE> 6
 5.570547e+01 4.177958e+05 5.724482e+04 2.998339e+02 4.032245e+04 5.181961e+07
<GCONST> 7.301636e+01
<MIXTURE> 8 6.665727e-02
<MEAN> 6
 7.018313e+01 -9.715211e+01 1.691646e+03 -1.101661e+00 -3.164362e+00 -1.796878e+02
<VARIANCE> 6
 8.309427e+01 2.368335e+04 1.776161e+04 2.998339e+02 4.032245e+04 5.181961e+07
<GCONST> 6.937573e+01
<MIXTURE> 9 9.139014e-02
<MEAN> 6
 7.519802e+01 -4.083397e+02 7.867184e+02 -1.125750e+00 3.483215e-01 -8.608211e+01
<VARIANCE> 6
 3.179780e+01 1.280424e+04 1.074903e+05 2.998339e+02 4.032245e+04 5.181961e+07
<GCONST> 6.960052e+01
<MIXTURE> 10 7.239115e-02
<MEAN> 6
 8.156660e+01 -8.397492e+02 1.883854e+02 -1.844921e-01 -2.404607e+00 -1.329266e+02
<VARIANCE> 6
 3.179780e+01 1.389151e+04 2.320849e+04 2.998339e+02 4.032245e+04 5.181961e+07
<GCONST> 6.814914e+01
<MIXTURE> 11 6.068847e-02
<MEAN> 6
 7.615366e+01 6.275273e+02 1.155319e+03 -3.766668e-01 -1.496100e+00 -8.989801e+01
<VARIANCE> 6
 3.179780e+01 4.697535e+05 7.791754e+04 2.998339e+02 4.032245e+04 5.181961e+07
<GCONST> 7.288120e+01
<MIXTURE> 12 6.363762e-02
<MEAN> 6
 8.803434e+01 -2.285828e+03 -3.245180e+02 -3.314809e+00 -2.244450e+00 -1.888799e+02
<VARIANCE> 6
 6.836156e+01 2.189877e+06 1.115112e+05 2.998339e+02 4.032245e+04 5.181961e+07
<GCONST> 7.554448e+01
<MIXTURE> 13 2.793505e-02
<MEAN> 6
 8.046984e+01 -7.118102e+02 5.888594e+02 -5.488274e+00 4.749010e+00 -6.265657e+00
<VARIANCE> 6
 3.179780e+01 2.729632e+04 7.240064e+04 2.998339e+02 4.032245e+04 5.181961e+07
<GCONST> 6.996231e+01
<MIXTURE> 14 6.649275e-02
<MEAN> 6
 8.312160e+01 -7.778672e+02 1.114528e+02 -1.853429e-01 -2.506056e+00 -7.209988e+01
<VARIANCE> 6
 3.179780e+01 1.280424e+04 1.446404e+04 2.998339e+02 4.032245e+04 5.181961e+07
<GCONST> 6.759479e+01
<MIXTURE> 15 4.622168e-02
<MEAN> 6
 7.291045e+01 6.487569e+02 1.296244e+03 8.628808e-01 -1.116372e+00 -1.592306e+02
<VARIANCE> 6
 3.179780e+01 1.280424e+04 2.477464e+05 2.998339e+02 4.032245e+04 5.181961e+07
<GCONST> 7.043552e+01
<STATE> 5
<NUMMIXES> 15
<MIXTURE> 1 9.346168e-02
<MEAN> 6
 7.822722e+01 -1.123201e+02 1.928658e+02 -3.675014e+00 -6.616631e+01 -2.847073e+02
<VARIANCE> 6
 9.205854e+01 6.482484e+05 6.110251e+05 2.998339e+02 4.032245e+04 5.181961e+07
<GCONST> 7.632578e+01
<MIXTURE> 2 4.121863e-02
<MEAN> 6
 5.919756e+00 4.184404e+02 -5.949944e+01 -3.033291e+02 -1.071326e+02 1.152603e+04
<VARIANCE> 6
 6.406043e+02 7.067217e+05 1.853475e+06 4.388241e+03 5.304320e+05 2.581153e+08
<GCONST> 8.632769e+01
<MIXTURE> 3 4.717708e-02
<MEAN> 6
 -3.115741e+01 -2.736542e+01 3.136938e+01 2.109339e+02 9.126279e+02 -4.444736e+03
<VARIANCE> 6
 1.011565e+02 5.706179e+05 1.862685e+05 3.825136e+03 1.564997e+05 5.339445e+07
<GCONST> 7.903673e+01
<MIXTURE> 4 8.404352e-02
<MEAN> 6
 -2.797329e+00 2.034951e+00 5.080417e+01 3.801458e+01 1.046102e+02 -1.677150e+03
<VARIANCE> 6
 2.492499e+02 3.450292e+05 2.168212e+05 3.794902e+04 4.800590e+04 5.181961e+07
<GCONST> 8.067029e+01
<MIXTURE> 5 7.312675e-02
<MEAN> 6
 4.956948e+01 1.381216e+02 -3.294142e+01 1.678876e+02 -3.451034e+02 -1.916030e+02
<VARIANCE> 6
 3.051222e+02 5.810966e+05 4.566247e+05 2.597586e+03 8.388212e+04 5.181961e+07
<GCONST> 8.001505e+01
<MIXTURE> 6 6.261329e-02
<MEAN> 6
 -5.911783e+01 6.092427e+01 4.425996e+01 1.141179e+01 1.752992e+02 -2.691880e+02
<VARIANCE> 6
 1.305695e+02 3.250096e+05 6.213354e+05 4.661635e+02 5.018532e+04 5.181961e+07
<GCONST> 7.666170e+01
<MIXTURE> 7 6.346636e-02
<MEAN> 6
 8.692437e+01 1.810466e+02 -7.499606e+01 3.997519e+01 -1.074433e+03 -1.208095e+03
<VARIANCE> 6
 3.132244e+02 2.306096e+06 8.755001e+05 1.735647e+04 1.044888e+06 7.487947e+08
<GCONST> 8.916291e+01
<MIXTURE> 8 6.656001e-02
<MEAN> 6
 -1.738812e+01 -2.934806e+01 -9.699278e+01 -4.130377e+01 3.418062e+02 -2.037097e+03
<VARIANCE> 6
 1.757480e+02 7.244159e+05 5.054502e+05 4.486911e+04 1.701973e+05 1.551839e+08
<GCONST> 8.443898e+01
<MIXTURE> 9 3.797554e-02
<MEAN> 6
 6.131848e+01 2.189437e+02 3.225729e+01 -1.457132e+02 -7.482092e+02 2.988216e+03
<VARIANCE> 6
 1.813258e+02 2.507406e+05 1.471590e+06 1.079472e+04 2.316804e+05 5.181961e+07
<GCONST> 8.226479e+01
<MIXTURE> 10 6.591476e-02
<MEAN> 6
 -4.880556e+01 1.864376e+02 1.176450e+02 -1.379958e+02 1.527015e+03 2.805975e+03
<VARIANCE> 6
 1.897760e+02 1.058820e+06 7.008655e+05 1.489972e+04 6.335193e+05 5.159300e+08
<GCONST> 8.663547e+01
<MIXTURE> 11 6.934827e-02
<MEAN> 6
 7.583327e+01 -4.046080e+01 1.707876e+02 5.405462e+00 -5.692733e+02 9.013870e+00
<VARIANCE> 6
 1.836389e+02 6.489530e+05 3.539742e+05 1.082103e+04 1.126764e+05 5.181961e+07
<GCONST> 8.108513e+01
<MIXTURE> 12 6.619474e-02
<MEAN> 6
 3.088996e+01 -6.561517e+02 5.094866e+01 -2.271440e+02 -3.232437e+02 3.760036e+03
<VARIANCE> 6
 2.964186e+02 2.832211e+06 2.345391e+05 3.947146e+03 1.663370e+05 6.667437e+07
<GCONST> 8.225883e+01
<MIXTURE> 13 1.019889e-01
<MEAN> 6
 -5.234964e+01 7.688203e+01 7.991383e+01 4.141117e+01 7.941415e+02 8.615271e+01
<VARIANCE> 6
 1.114932e+02 4.291548e+05 3.341583e+05 7.161454e+03 1.206071e+05 5.181961e+07
<GCONST> 7.977021e+01
<MIXTURE> 14 5.988454e-02
<MEAN> 6
 2.693583e+01 -8.131956e+01 -1.559355e+02 2.582489e+02 -3.717229e+02 -4.497622e+03
<VARIANCE> 6
 3.309178e+02 9.210855e+05 6.404236e+05 3.528656e+03 1.501083e+05 5.181961e+07
<GCONST> 8.178339e+01
<MIXTURE> 15 6.664978e-02
<MEAN> 6
 7.035783e+01 -2.357528e+02 3.749902e+01 -5.008789e+01 -7.435736e+02 -1.942827e+03
<VARIANCE> 6
 1.452955e+02 6.937975e+05 2.399330e+05 1.265010e+04 1.530342e+05 5.181961e+07
<GCONST> 8.099120e+01
<STATE> 6
<NUMMIXES> 15
<MIXTURE> 1 8.416307e-02
<MEAN> 6
 2.000221e+01 -7.515773e+02 2.655261e+02 9.568661e+00 9.738227e+00 1.085114e+02
<VARIANCE> 6
 2.384528e+03 3.844966e+07 3.659949e+05 2.513545e+04 1.911370e+05 5.181961e+07
<GCONST> 8.913531e+01
<MIXTURE> 2 6.183979e-02
<MEAN> 6
 -4.453275e+01 4.101044e+02 1.399155e+03 -1.166226e+02 1.187991e+03 2.130474e+03
<VARIANCE> 6
 4.128442e+02 2.988249e+06 5.531286e+06 2.919695e+04 4.853621e+05 3.175034e+08
<GCONST> 9.043693e+01
<MIXTURE> 3 4.835510e-02
<MEAN> 6
 1.651131e+01 4.016412e+02 1.853055e+03 -5.482850e+01 -9.364832e+01 1.304583e+03
<VARIANCE> 6
 3.727747e+02 9.843028e+05 5.755884e+06 7.229648e+04 1.562259e+05 1.860578e+08
<GCONST> 8.850282e+01
<MIXTURE> 4 1.009050e-01
<MEAN> 6
 8.331797e+01 -1.436697e+03 1.199395e+03 -7.531669e+00 -4.599312e+01 -1.549297e+02
<VARIANCE> 6
 2.360460e+02 5.111398e+06 2.870036e+06 2.998339e+02 4.032245e+04 5.181961e+07
<GCONST> 8.087927e+01
<MIXTURE> 5 9.225534e-02
<MEAN> 6
 -5.760722e+01 8.995866e+01 5.161507e+02 1.359479e+01 1.416665e+02 -3.886751e+01
<VARIANCE> 6
 8.750051e+01 8.669209e+05 4.684408e+06 7.070100e+02 4.718874e+04 5.181961e+07
<GCONST> 7.961760e+01
<MIXTURE> 6 4.631048e-02
<MEAN> 6
 8.922311e+01 -2.315732e+02 -7.244271e+01 -6.327748e+00 -9.824825e+02 -1.016951e+03
<VARIANCE> 6
 2.364916e+02 1.753447e+07 5.733472e+06 1.831481e+04 6.306101e+05 3.243567e+08
<GCONST> 9.150195e+01
<MIXTURE> 7 8.449783e-02
<MEAN> 6
 7.625151e+01 -3.719362e+02 1.196397e+03 7.687893e+01 -3.597830e+02 -4.283639e+02
<VARIANCE> 6
 3.530513e+02 1.009696e+06 4.648182e+06 6.072260e+03 7.342152e+04 5.181961e+07
<GCONST> 8.374976e+01
<MIXTURE> 8 6.206461e-02
<MEAN> 6
 3.363873e+01 3.053307e+03 -3.300578e+03 4.389026e+01 -6.120443e+01 -2.421087e+02
<VARIANCE> 6
 1.402278e+03 1.398418e+06 1.770318e+06 1.777669e+04 7.945131e+04 5.181961e+07
<GCONST> 8.564246e+01
<MIXTURE> 9 4.978343e-02
<MEAN> 6
 -1.539648e+01 1.334035e+02 2.993437e+02 -4.926919e+01 3.131027e+02 3.277527e+02
<VARIANCE> 6
 2.393642e+02 1.551096e+06 2.893348e+06 3.188152e+04 6.810430e+04 5.194987e+07
<GCONST> 8.490201e+01
<MIXTURE> 10 5.228190e-02
<MEAN> 6
 6.273354e+01 -8.214981e+01 2.047734e+03 -5.704940e+01 -9.989961e+02 1.014234e+03
<VARIANCE> 6
 4.808575e+02 7.963608e+05 4.505720e+06 4.823151e+04 1.312298e+05 7.638993e+07
<GCONST> 8.683133e+01
<MIXTURE> 11 8.538144e-02
<MEAN> 6
 -4.500308e+01 3.966108e+02 9.273452e+02 8.164407e+01 8.209534e+02 -1.082432e+03
<VARIANCE> 6
 2.452802e+02 1.223168e+06 6.466202e+06 1.522131e+04 1.105765e+05 5.181961e+07
<GCONST> 8.523592e+01
<MIXTURE> 12 5.564189e-02
<MEAN> 6
 7.081203e+01 2.977616e+02 -5.257834e+02 7.039998e-01 -3.047818e+02 4.292718e+02
<VARIANCE> 6
 3.441762e+02 8.198734e+05 3.358420e+06 1.194737e+04 5.911267e+04 5.181961e+07
<GCONST> 8.365105e+01
<MIXTURE> 13 5.191282e-02
<MEAN> 6
 -1.743834e+01 3.693790e+02 3.150677e+02 1.473111e+01 1.034028e+02 -3.984733e+02
<VARIANCE> 6
 1.523206e+02 4.399151e+05 9.117161e+05 1.129413e+04 6.203034e+04 5.181961e+07
<GCONST> 8.090137e+01
<MIXTURE> 14 7.141995e-02
<MEAN> 6
 1.859044e+01 -9.328661e+01 -7.873284e+02 4.973403e+01 -8.321073e+00 -1.115157e+03
<VARIANCE> 6
 2.966333e+02 1.176605e+06 3.930035e+06 3.188521e+04 5.416414e+04 5.181961e+07
<GCONST> 8.491501e+01
<MIXTURE> 15 5.301672e-02
<MEAN> 6
 6.897298e+01 -2.566586e+01 -1.027356e+03 -6.020210e+01 -4.189114e+02 2.673511e+02
<VARIANCE> 6
 3.220820e+02 9.895610e+05 3.247556e+06 1.384556e+04 6.110091e+04 5.181961e+07
<GCONST> 8.391978e+01
<STATE> 7
<NUMMIXES> 15
<MIXTURE> 1 8.042116e-02
<MEAN> 6
 9.282552e+01 2.038240e+03 -1.883001e+03 -3.699786e+00 -7.374039e+00 2.314087e+02
<VARIANCE> 6
 1.506464e+02 1.172792e+05 7.877561e+05 2.998339e+02 4.032245e+04 5.181961e+07
<GCONST> 7.536263e+01
<MIXTURE> 2 4.968662e-02
<MEAN> 6
 8.123328e+01 5.347442e+02 -3.931395e+03 -2.296383e+00 6.245205e-01 1.623693e+01
<VARIANCE> 6
 7.982726e+01 2.223766e+04 2.099653e+05 2.998339e+02 4.032245e+04 5.181961e+07
<GCONST> 7.174254e+01
<MIXTURE> 3 7.261848e-02
<MEAN> 6
 9.630177e+01 -8.913425e+02 -7.844314e+03 -5.528430e+00 5.846185e+00 8.762168e+01
<VARIANCE> 6
 1.667608e+02 6.999240e+04 4.407260e+06 2.998339e+02 4.032245e+04 5.181961e+07
<GCONST> 7.666990e+01
<MIXTURE> 4 5.752677e-02
<MEAN> 6
 1.111918e+02 1.095261e+03 -6.818223e+02 -7.551729e+00 -5.283007e+00 5.588261e+02
<VARIANCE> 6
 3.179780e+01 3.738701e+05 7.345323e+04 2.998339e+02 4.032245e+04 5.181961e+07
<GCONST> 7.259390e+01
<MIXTURE> 5 7.933570e-02
<MEAN> 6
 9.082510e+01 7.877760e+02 5.900278e+02 -3.672923e+00 -8.365024e+00 3.284964e+02
<VARIANCE> 6
 3.179780e+01 1.894744e+05 1.076331e+06 2.998339e+02 4.032245e+04 5.181961e+07
<GCONST> 7.459891e+01
<MIXTURE> 6 9.071142e-02
<MEAN> 6
 8.818777e+01 -5.522680e+03 5.390649e+01 -6.630633e+00 1.282358e+01 7.511016e+01
<VARIANCE> 6
 6.815003e+01 5.523628e+06 1.339167e+06 2.998339e+02 4.032245e+04 5.181961e+07
<GCONST> 7.895225e+01
<MIXTURE> 7 2.487327e-02
<MEAN> 6
 6.763654e+01 -3.907912e+02 2.974832e+03 -1.658689e+00 -1.001350e+01 1.303163e+02
<VARIANCE> 6
 3.179780e+01 1.441582e+04 1.446404e+04 2.998339e+02 4.032245e+04 5.181961e+07
<GCONST> 6.771333e+01
<MIXTURE> 8 7.579257e-02
<MEAN> 6
 9.512212e+01 -1.735974e+02 2.624721e+01 -4.858674e+00 -3.168771e-01 1.045227e+01
<VARIANCE> 6
 3.179780e+01 6.196672e+04 1.446404e+04 2.998339e+02 4.032245e+04 5.181961e+07
<GCONST> 6.917160e+01
<MIXTURE> 9 5.197743e-02
<MEAN> 6
 8.359409e+01 -5.833158e+02 -5.751700e+01 -4.910353e+00 -1.868664e+01 2.373420e+02
<VARIANCE> 6
 3.179780e+01 1.057703e+05 1.574392e+06 2.998339e+02 4.032245e+04 5.181961e+07
<GCONST> 7.439624e+01
<MIXTURE> 10 7.272224e-02
<MEAN> 6
 8.827045e+01 1.837026e+02 3.059497e+02 -4.246237e+00 2.993729e+00 9.135912e+01
<VARIANCE> 6
 5.467878e+01 2.547231e+04 3.011580e+06 2.998339e+02 4.032245e+04 5.181961e+07
<GCONST> 7.416323e+01
<MIXTURE> 11 7.336490e-02
<MEAN> 6
 8.432032e+01 -8.644453e+02 1.367727e+03 -5.517854e+00 -4.118666e+00 1.354646e+02
<VARIANCE> 6
 3.179780e+01 2.070204e+04 1.671883e+06 2.998339e+02 4.032245e+04 5.181961e+07
<GCONST> 7.282528e+01
<MIXTURE> 12 9.806812e-02
<MEAN> 6
 9.484367e+01 3.094621e+02 -3.816788e+02 -4.630309e+00 -1.560112e-02 4.886606e+01
<VARIANCE> 6
 3.179780e+01 2.953509e+04 2.244946e+04 2.998339e+02 4.032245e+04 5.181961e+07
<GCONST> 6.887019e+01
<MIXTURE> 13 3.888103e-02
<MEAN> 6
 7.523860e+01 -1.286109e+03 9.709887e+02 -3.977989e+00 3.518427e+00 8.466754e+01
<VARIANCE> 6
 3.179780e+01 6.321255e+04 6.312357e+04 2.998339e+02 4.032245e+04 5.181961e+07
<GCONST> 7.066494e+01
<MIXTURE> 14 7.118154e-02
<MEAN> 6
 8.157822e+01 -7.543994e+02 -1.282193e+03 -3.561153e+00 -4.285462e+00 1.149088e+02
<VARIANCE> 6
 3.179780e+01 1.511115e+05 5.119614e+05 2.998339e+02 4.032245e+04 5.181961e+07
<GCONST> 7.362961e+01
<MIXTURE> 15 6.279341e-02
<MEAN> 6
 7.995161e+01 6.413779e+01 -9.711537e+02 -4.087208e+00 -7.349050e-01 8.032291e+01
<VARIANCE> 6
 7.570346e+01 2.015287e+04 2.197706e+06 2.998339e+02 4.032245e+04 5.181961e+07
<GCONST> 7.393929e+01
<STATE> 8
<NUMMIXES> 15
<MIXTURE> 1 8.693039e-02
<MEAN> 6
 7.111206e+01 5.631594e+02 5.075652e+02 -2.451056e+00 2.285517e+00 1.009031e+01
<VARIANCE> 6
 3.179780e+01 1.369553e+04 2.228349e+04 2.998339e+02 4.032245e+04 5.181961e+07
<GCONST> 6.809425e+01
<MIXTURE> 2 8.394209e-02
<MEAN> 6
 7.700966e+01 -1.638593e+02 1.837839e+02 -1.131490e+00 -4.605762e+00 9.808057e+01
<VARIANCE> 6
 3.179780e+01 2.414849e+04 1.446404e+04 2.998339e+02 4.032245e+04 5.181961e+07
<GCONST> 6.822923e+01
<MIXTURE> 3 8.046293e-02
<MEAN> 6
 6.911781e+01 4.393781e+02 1.224790e+02 -8.688064e-01 -8.220383e+00 -1.304964e+02
<VARIANCE> 6
 4.479371e+01 1.280424e+04 1.446404e+04 2.998339e+02 4.032245e+04 5.181961e+07
<GCONST> 6.793745e+01
<MIXTURE> 4 5.073733e-02
<MEAN> 6
 6.159135e+01 2.093856e+03 8.741310e+02 -8.875933e-01 9.125685e+00 -2.228845e+01
<VARIANCE> 6
 3.179780e+01 4.908696e+05 2.334003e+05 2.998339e+02 4.032245e+04 5.181961e+07
<GCONST> 7.402228e+01
<MIXTURE> 5 9.019905e-02
<MEAN> 6
 7.514198e+01 8.818620e+02 -4.149688e+02 -1.645369e+00 -4.453702e+00 5.708104e+01
<VARIANCE> 6
 3.179780e+01 2.210550e+05 4.942993e+04 2.998339e+02 4.032245e+04 5.181961e+07
<GCONST> 7.167231e+01
<MIXTURE> 6 9.070867e-02
<MEAN> 6
 6.807986e+01 -9.263745e+02 2.839373e+01 -1.681357e+00 1.619150e+00 3.981487e+01
<VARIANCE> 6
 3.179780e+01 5.961460e+04 2.585282e+04 2.998339e+02 4.032245e+04 5.181961e+07
<GCONST> 6.971366e+01
<MIXTURE> 7 6.081460e-02
<MEAN> 6
 7.596886e+01 9.655710e+02 9.314238e+01 -3.628456e+00 6.346443e+00 3.076285e+01
<VARIANCE> 6
 3.179780e+01 3.309144e+04 5.450398e+04 2.998339e+02 4.032245e+04 5.181961e+07
<GCONST> 6.987090e+01
<MIXTURE> 8 7.304900e-02
<MEAN> 6
 7.872024e+01 2.253027e+02 -2.098657e+02 -1.147384e+00 -9.352030e+00 9.605646e-01
<VARIANCE> 6
 3.179780e+01 7.706273e+04 1.833627e+04 2.998339e+02 4.032245e+04 5.181961e+07
<GCONST> 6.962685e+01
<MIXTURE> 9 4.584081e-02
<MEAN> 6
 5.440460e+01 8.422005e+02 3.049025e-02 1.263007e+00 4.280818e+00 -1.109015e+02
<VARIANCE> 6
 3.179780e+01 1.280424e+04 1.446404e+04 2.998339e+02 4.032245e+04 5.181961e+07
<GCONST> 6.759479e+01
<MIXTURE> 10 3.288760e-02
<MEAN> 6
 6.955467e+01 -1.827930e+03 -1.641319e+02 -1.716524e+00 -1.077480e+00 2.412744e+01
<VARIANCE> 6
 7.808398e+01 6.876649e+04 1.446404e+04 2.998339e+02 4.032245e+04 5.181961e+07
<GCONST> 7.017411e+01
<MIXTURE> 11 5.569791e-02
<MEAN> 6
 6.067952e+01 4.897810e+02 1.151030e+02 -7.928453e-02 -1.759735e+00 -1.454941e+02
<VARIANCE> 6
 3.179780e+01 1.280424e+04 1.446404e+04 2.998339e+02 4.032245e+04 5.181961e+07
<GCONST> 6.759479e+01
<MIXTURE> 12 6.709279e-02
<MEAN> 6
 6.804475e+01 -3.020060e+01 4.807241e+01 -3.340796e-01 -2.149949e-01 -3.077026e+01
<VARIANCE> 6
 3.179780e+01 1.280424e+04 1.446404e+04 2.998339e+02 4.032245e+04 5.181961e+07
<GCONST> 6.759479e+01
<MIXTURE> 13 4.986450e-02
<MEAN> 6
 7.601482e+01 7.626974e+02 -2.813144e+02 -2.269251e+00 -4.027616e+00 1.149352e+02
<VARIANCE> 6
 3.179780e+01 1.111215e+05 1.506840e+05 2.998339e+02 4.032245e+04 5.181961e+07
<GCONST> 7.209915e+01
<MIXTURE> 14 7.591742e-02
<MEAN> 6
 7.524010e+01 -1.892133e+02 -2.536525e+02 -1.892653e+00 -6.303931e+00 -6.197496e+01
<VARIANCE> 6
 3.179780e+01 3.208920e+04 2.931977e+04 2.998339e+02 4.032245e+04 5.181961e+07
<GCONST> 6.922012e+01
<MIXTURE> 15 5.578954e-02
<MEAN> 6
 5.982653e+01 4.905563e+02 1.033123e+02 -1.177307e-01 -1.483214e-02 -1.317937e+02
<VARIANCE> 6
 3.179780e+01 1.280424e+04 1.446404e+04 2.998339e+02 4.032245e+04 5.181961e+07
<GCONST> 6.759479e+01
<STATE> 9
<NUMMIXES> 15
<MIXTURE> 1 1.040736e-01
<MEAN> 6
 7.016588e+01 -1.592533e+02 9.807618e+00 -7.259640e+00 -4.397998e+01 1.120752e+02
<VARIANCE> 6
 5.608201e+01 1.885673e+05 4.654145e+04 2.998339e+02 4.032245e+04 5.181961e+07
<GCONST> 7.202055e+01
<MIXTURE> 2 1.851820e-02
<MEAN> 6
 -3.616738e+01 7.333618e+01 2.105983e+02 -1.301321e+02 1.212441e+03 8.685797e+03
<VARIANCE> 6
 3.933477e+02 1.709570e+05 6.534198e+05 2.096559e+04 7.078802e+05 4.676957e+08
<GCONST> 8.582510e+01
<MIXTURE> 3 6.504584e-02
<MEAN> 6
 8.080879e+01 -3.722694e+02 -4.127933e+01 1.967767e+01 -8.168315e+02 -1.580185e+03
<VARIANCE> 6
 1.844917e+02 6.719729e+05 7.736353e+04 9.454932e+03 6.402408e+05 2.693161e+08
<GCONST> 8.285440e+01
<MIXTURE> 4 7.403035e-02
<MEAN> 6
 2.947353e+01 1.376618e+02 9.933787e+01 -2.163664e+02 -2.959152e+02 6.000942e+03
<VARIANCE> 6
 2.402996e+02 1.459154e+05 3.659493e+04 4.376029e+03 2.118335e+05 1.341194e+08
<GCONST> 7.826929e+01
<MIXTURE> 5 9.506088e-02
<MEAN> 6
 -4.664873e+01 3.274644e+01 -4.678023e+01 2.377949e+01 1.036385e+03 -1.297584e+03
<VARIANCE> 6
 1.039210e+02 8.209013e+04 4.845769e+04 1.306965e+04 1.860884e+05 1.091240e+08
<GCONST> 7.789493e+01
<MIXTURE> 6 5.801591e-02
<MEAN> 6
 5.886406e+01 2.362352e+00 9.085550e+01 3.562966e+01 -2.501170e+02 -1.021401e+02
<VARIANCE> 6
 1.053302e+02 2.310495e+05 5.645258e+04 8.888733e+03 4.573535e+04 5.181961e+07
<GCONST> 7.656235e+01
<MIXTURE> 7 5.565704e-02
<MEAN> 6
 -1.672471e+00 1.932717e+01 5.163935e+01 2.317776e+02 1.991638e+00 -7.043460e+03
<VARIANCE> 6
 4.489051e+02 7.500159e+04 6.746288e+04 3.083521e+03 2.376427e+05 1.374484e+08
<GCONST> 7.862978e+01
<MIXTURE> 8 7.523116e-02
<MEAN> 6
 -2.769387e+01 -6.713168e+01 3.371971e+00 5.967891e+01 2.426202e+02 -1.637551e+02
<VARIANCE> 6
 2.539671e+02 6.614100e+04 1.540801e+04 1.970221e+03 8.279672e+04 5.181961e+07
<GCONST> 7.397998e+01
<MIXTURE> 9 5.448497e-02
<MEAN> 6
 6.464648e+01 4.048105e+01 1.327641e+01 3.047781e+01 -5.782551e+02 -1.476206e+03
<VARIANCE> 6
 1.886534e+02 6.711453e+04 1.446404e+04 1.404191e+04 1.043835e+05 5.181961e+07
<GCONST> 7.582966e+01
<MIXTURE> 10 5.734535e-02
<MEAN> 6
 2.056993e+01 1.297802e+01 7.276955e+01 1.523133e+02 -4.108389e+01 -3.539493e+02
<VARIANCE> 6
 3.622832e+02 9.948755e+04 8.092661e+04 1.451778e+03 5.851673e+04 5.181961e+07
<GCONST> 7.574966e+01
<MIXTURE> 11 1.062734e-01
<MEAN> 6
 -1.050559e+01 -2.109782e+01 6.912563e+01 -1.747560e+02 2.847070e+02 1.394762e+03
<VARIANCE> 6
 3.138986e+02 8.017810e+04 4.437031e+04 3.450038e+03 1.892120e+05 1.413085e+08
<GCONST> 7.783189e+01
<MIXTURE> 12 6.696627e-02
<MEAN> 6
 -3.699895e+01 4.635983e+01 -1.288304e+02 -1.236621e+01 2.637993e+02 2.978368e+02
<VARIANCE> 6
 1.554289e+02 7.084884e+04 9.925960e+04 3.523372e+03 5.837647e+04 5.181961e+07
<GCONST> 7.565237e+01
<MIXTURE> 13 6.268228e-02
<MEAN> 6
 5.529018e+01 -9.306001e+01 -1.321598e+02 6.185688e+01 -2.841600e+02 -3.236635e+02
<VARIANCE> 6
 1.135404e+02 4.162758e+04 7.933667e+04 8.327736e+03 6.154430e+04 5.181961e+07
<GCONST> 7.549553e+01
<MIXTURE> 14 5.006585e-02
<MEAN> 6
 6.356086e+01 -3.046531e+01 2.264396e+01 -1.195812e+02 -7.931511e+02 5.922061e+02
<VARIANCE> 6
 1.640618e+02 1.058004e+05 1.446404e+04 5.241172e+03 1.779710e+05 5.181961e+07
<GCONST> 7.569319e+01
<MIXTURE> 15 5.635858e-02
<MEAN> 6
 1.659766e+01 -2.252399e+02 -9.799374e+01 1.391465e+02 -2.131141e+01 -5.726066e+02
<VARIANCE> 6
 3.891691e+02 1.324012e+05 5.736423e+04 1.631553e+03 4.791793e+04 5.181961e+07
<GCONST> 7.567986e+01
<TRANSP> 10
 0.000000e+00 1.000000e+00 0.000000e+00 0.000000e+00 0.000000e+00 0.000000e+00 0.000000e+00 0.000000e+00 0.000000e+00 0.000000e+00
 0.000000e+00 9.991558e-01 8.442092e-04 0.000000e+00 0.000000e+00 0.000000e+00 0.000000e+00 0.000000e+00 0.000000e+00 0.000000e+00
 0.000000e+00 0.000000e+00 9.994363e-01 5.636610e-04 0.000000e+00 0.000000e+00 0.000000e+00 0.000000e+00 0.000000e+00 0.000000e+00
 0.000000e+00 0.000000e+00 0.000000e+00 9.990447e-01 9.553513e-04 0.000000e+00 0.000000e+00 0.000000e+00 0.000000e+00 0.000000e+00
 0.000000e+00 0.000000e+00 0.000000e+00 0.000000e+00 9.999101e-01 8.995352e-05 0.000000e+00 0.000000e+00 0.000000e+00 0.000000e+00
 0.000000e+00 0.000000e+00 0.000000e+00 0.000000e+00 0.000000e+00 9.997500e-01 2.499725e-04 0.000000e+00 0.000000e+00 0.000000e+00
 0.000000e+00 0.000000e+00 0.000000e+00 0.000000e+00 0.000000e+00 0.000000e+00 9.991350e-01 8.650600e-04 0.000000e+00 0.000000e+00
 0.000000e+00 0.000000e+00 0.000000e+00 0.000000e+00 0.000000e+00 0.000000e+00 0.000000e+00 9.991783e-01 8.217616e-04 0.000000e+00
 0.000000e+00 0.000000e+00 0.000000e+00 0.000000e+00 0.000000e+00 0.000000e+00 0.000000e+00 0.000000e+00 9.998207e-01 1.793153e-04
 0.000000e+00 0.000000e+00 0.000000e+00 0.000000e+00 0.000000e+00 0.000000e+00 0.000000e+00 0.000000e+00 0.000000e+00 0.000000e+00
<ENDHMM>
~h "QuintoPRIMARIA"
<BEGINHMM>
<NUMSTATES> 10
<STATE> 2
<NUMMIXES> 15
<MIXTURE> 1 5.325164e-02
<MEAN> 6
 7.508209e+01 3.898606e+02 5.767293e+02 -6.201318e-01 -1.875230e+01 -2.575735e+02
<VARIANCE> 6
 6.201181e+01 1.532752e+06 6.928379e+05 2.998339e+02 4.032245e+04 5.181961e+07
<GCONST> 7.691689e+01
<MIXTURE> 2 2.173645e-02
<MEAN> 6
 4.340252e+01 -2.346866e+03 -1.334955e+03 -1.784804e+01 -5.557403e+02 1.814594e+03
<VARIANCE> 6
 2.526885e+03 2.953221e+07 1.944116e+06 4.686388e+04 3.742446e+06 1.896515e+09
<GCONST> 9.779684e+01
<MIXTURE> 3 8.781958e-02
<MEAN> 6
 -3.460943e+01 -2.305322e+02 2.022071e+02 1.965856e+02 6.752758e+02 -2.907198e+03
<VARIANCE> 6
 3.583117e+02 3.268272e+05 1.504613e+06 8.341341e+03 1.830669e+05 5.181961e+07
<GCONST> 8.273976e+01
<MIXTURE> 4 9.653975e-02
<MEAN> 6
 3.389582e+01 -2.899737e+02 4.668143e+02 2.194274e+02 -3.375669e+02 -2.766716e+03
<VARIANCE> 6
 5.675006e+02 3.779465e+05 2.349995e+06 9.144685e+03 1.594441e+05 7.256458e+07
<GCONST> 8.408130e+01
<MIXTURE> 5 4.639774e-02
<MEAN> 6
 8.561906e+01 -2.408395e+02 -3.635841e+02 -9.913191e-01 -2.693773e+01 -1.422826e+02
<VARIANCE> 6
 1.988732e+02 4.438321e+05 7.974819e+04 2.998339e+02 4.032245e+04 5.181961e+07
<GCONST> 7.468093e+01
<MIXTURE> 6 5.415731e-02
<MEAN> 6
 8.518237e+01 -1.900012e+02 -6.735555e+02 4.051874e+01 -1.016813e+03 -1.144062e+03
<VARIANCE> 6
 2.691219e+02 6.119305e+05 7.071036e+06 2.236224e+04 1.100088e+06 7.147985e+08
<GCONST> 9.003186e+01
<MIXTURE> 7 5.205671e-02
<MEAN> 6
 -6.542345e+01 1.193950e+01 1.323639e+02 2.719519e+01 4.727502e+02 1.636916e+03
<VARIANCE> 6
 1.009454e+02 5.322623e+05 2.054960e+06 3.192587e+03 1.443966e+05 5.181961e+07
<GCONST> 8.107468e+01
<MIXTURE> 8 7.071753e-02
<MEAN> 6
 5.834019e+01 -3.237526e+02 3.528625e+01 1.690611e+00 -1.625874e+01 -9.246089e+01
<VARIANCE> 6
 8.448356e+01 3.837522e+05 5.321919e+05 2.998339e+02 4.032245e+04 5.181961e+07
<GCONST> 7.557750e+01
<MIXTURE> 9 6.964621e-02
<MEAN> 6
 8.361316e+01 3.496078e+02 1.252746e+03 -2.160781e+00 -3.038888e+01 -2.254433e+02
<VARIANCE> 6
 1.932576e+02 1.742907e+05 5.024546e+06 2.998339e+02 4.032245e+04 5.181961e+07
<GCONST> 7.786078e+01
<MIXTURE> 10 9.532246e-02
<MEAN> 6
 5.059924e+00 -1.326215e+02 -7.575939e+02 -2.685732e+02 -1.357061e+02 5.568442e+03
<VARIANCE> 6
 7.183281e+02 6.316702e+05 7.617820e+06 8.382263e+03 4.374087e+05 2.231096e+08
<GCONST> 8.805199e+01
<MIXTURE> 11 6.798799e-02
<MEAN> 6
 -5.600986e+01 -2.045973e+02 -5.113528e+02 -1.259553e+02 1.457989e+03 9.028275e+02
<VARIANCE> 6
 2.324053e+02 6.146658e+05 2.978444e+06 1.968242e+04 8.020387e+05 5.869814e+08
<GCONST> 8.838439e+01
<MIXTURE> 12 1.033858e-01
<MEAN> 6
 6.849573e+01 1.880791e+01 -1.676414e+02 -8.049437e+01 -7.268367e+02 -3.733159e+02
<VARIANCE> 6
 4.447178e+02 1.012624e+06 1.668441e+06 1.788706e+04 2.197687e+05 5.788475e+07
<GCONST> 8.524628e+01
<MIXTURE> 13 6.674295e-02
<MEAN> 6
 6.170292e+01 -2.165044e+02 -7.059702e+02 9.065663e-01 -1.759748e+01 -8.639592e+01
<VARIANCE> 6
 5.877555e+01 2.196067e+05 1.411563e+06 2.998339e+02 4.032245e+04 5.181961e+07
<GCONST> 7.563196e+01
<MIXTURE> 14 6.161118e-02
<MEAN> 6
 6.547947e+01 3.435653e+02 -7.884514e+02 1.366994e+00 -2.160143e+01 -1.024967e+02
<VARIANCE> 6
 1.874431e+02 1.595302e+05 7.417293e+06 2.998339e+02 4.032245e+04 5.181961e+07
<GCONST> 7.813123e+01
<MIXTURE> 15 5.216202e-02
<MEAN> 6
 -7.073677e+01 -1.747352e+02 -1.620015e+02 3.162146e+00 2.488461e+02 -7.228105e+02
<VARIANCE> 6
 8.494103e+01 2.081434e+05 2.020302e+06 1.084535e+03 1.121850e+05 5.181961e+07
<GCONST> 7.861404e+01
<STATE> 3
<NUMMIXES> 15
<MIXTURE> 1 6.152112e-02
<MEAN> 6
 6.894302e+01 7.760217e+01 1.395137e+02 -1.275633e+00 -3.841365e+01 -2.646372e+02
<VARIANCE> 6
 1.198234e+02 1.344823e+04 3.238937e+04 2.998339e+02 4.032245e+04 5.181961e+07
<GCONST> 6.977664e+01
<MIXTURE> 2 2.885448e-02
<MEAN> 6
 -2.400724e+01 -1.790036e+01 9.733673e+01 -2.403203e+02 1.056217e+03 1.442968e+04
<VARIANCE> 6
 1.017044e+03 8.339670e+04 1.399220e+06 2.396182e+04 2.063807e+06 1.115770e+09
<GCONST> 8.889180e+01
<MIXTURE> 3 9.047998e-02
<MEAN> 6
 -4.450449e+01 1.109153e+01 1.264873e+02 7.073357e+01 8.447752e+02 -1.033368e+02
<VARIANCE> 6
 2.742360e+02 9.802695e+04 1.824209e+05 1.422921e+04 1.398936e+05 5.181961e+07
<GCONST> 7.942329e+01
<MIXTURE> 4 1.006695e-01
<MEAN> 6
 3.902493e+01 -4.837151e+01 5.719757e+00 1.745851e+02 -2.536634e+02 -5.831711e+02
<VARIANCE> 6
 4.406794e+02 7.519477e+04 7.595481e+04 5.460401e+03 1.286296e+05 5.181961e+07
<GCONST> 7.771457e+01
<MIXTURE> 5 5.341736e-02
<MEAN> 6
 -5.062849e+00 2.186639e+01 1.384519e+02 2.679534e+02 3.306182e+02 -1.033010e+04
<VARIANCE> 6
 2.034074e+02 1.374410e+05 1.924955e+05 7.294725e+03 2.872425e+05 1.119586e+08
<GCONST> 8.033788e+01
<MIXTURE> 6 4.893769e-02
<MEAN> 6
 8.988536e+01 -5.959216e+01 -1.601462e+02 3.460447e+01 -1.123630e+03 4.823674e+02
<VARIANCE> 6
 1.321025e+02 6.350709e+05 2.112178e+05 1.366281e+04 1.151955e+06 6.715449e+08
<GCONST> 8.533748e+01
<MIXTURE> 7 5.784284e-02
<MEAN> 6
 8.124365e+01 9.314000e+01 -3.069901e+01 -4.941459e+00 -5.303112e+02 4.029280e+02
<VARIANCE> 6
 2.377842e+02 6.928741e+04 4.114551e+04 9.281757e+03 1.793360e+05 5.579770e+07
<GCONST> 7.733958e+01
<MIXTURE> 8 5.911099e-02
<MEAN> 6
 6.025246e+01 -1.081898e+02 -8.493887e+01 -2.089215e-01 -2.034483e+01 -1.766339e+02
<VARIANCE> 6
 3.179780e+01 1.607185e+04 4.133027e+04 2.998339e+02 4.032245e+04 5.181961e+07
<GCONST> 6.887201e+01
<MIXTURE> 9 9.109180e-02
<MEAN> 6
 -4.927527e+01 -3.900409e+01 1.995568e+01 1.851541e+01 2.304031e+02 4.370668e+01
<VARIANCE> 6
 2.434065e+02 4.557294e+04 7.286573e+04 8.578760e+02 6.726966e+04 5.181961e+07
<GCONST> 7.407964e+01
<MIXTURE> 10 8.195220e-02
<MEAN> 6
 5.634291e+01 6.804407e+01 -1.055082e+02 4.181505e+01 -7.590406e+02 -1.178785e+03
<VARIANCE> 6
 3.997997e+02 3.052927e+05 2.865358e+05 4.270541e+04 3.439079e+05 1.094404e+08
<GCONST> 8.413397e+01
<MIXTURE> 11 9.563982e-02
<MEAN> 6
 2.024188e+01 1.500320e+01 -1.894732e+01 -2.331844e+02 -2.871426e+02 4.194481e+03
<VARIANCE> 6
 6.130853e+02 3.817640e+04 1.004289e+05 5.540609e+03 3.916426e+05 1.379414e+08
<GCONST> 7.975325e+01
<MIXTURE> 12 4.698930e-02
<MEAN> 6
 -1.060929e+01 -2.053962e+02 7.426168e+01 -1.411083e+02 2.680023e+02 3.515462e+03
<VARIANCE> 6
 2.672343e+02 1.272580e+05 7.292173e+04 3.115216e+04 1.740445e+05 1.742697e+08
<GCONST> 8.095632e+01
<MIXTURE> 13 6.966714e-02
<MEAN> 6
 -4.966249e+01 -7.677905e+01 4.322091e+01 -3.633896e+01 1.340680e+03 -2.073908e+03
<VARIANCE> 6
 2.621263e+02 1.792060e+05 6.772792e+04 2.800457e+04 3.992696e+05 3.031122e+08
<GCONST> 8.248276e+01
<MIXTURE> 14 5.518785e-02
<MEAN> 6
 7.926054e+01 -5.235927e+01 -1.901009e+01 -9.070851e+00 -5.944568e+01 -5.139327e+02
<VARIANCE> 6
 1.410753e+02 3.271227e+04 7.563995e+04 2.998339e+02 4.032245e+04 5.181961e+07
<GCONST> 7.167697e+01
<MIXTURE> 15 5.820793e-02
<MEAN> 6
 7.164194e+01 -3.636863e+01 -2.898769e+01 -6.657011e+01 -7.482222e+02 -2.315320e+03
<VARIANCE> 6
 2.017793e+02 6.624497e+04 4.724943e+04 1.040851e+04 2.126803e+05 5.308579e+07
<GCONST> 7.750410e+01
<STATE> 4
<NUMMIXES> 15
<MIXTURE> 1 5.792341e-02
<MEAN> 6
 1.005468e+02 1.323511e+03 1.978114e+03 -1.268303e+00 7.475207e-01 -8.397042e+00
<VARIANCE> 6
 3.179780e+01 4.285869e+04 5.470901e+04 2.998339e+02 4.032245e+04 5.181961e+07
<GCONST> 7.013328e+01
<MIXTURE> 2 8.549533e-02
<MEAN> 6
 1.033372e+02 4.390766e+02 4.131546e+02 -6.067062e+00 6.299881e+00 3.828728e+01
<VARIANCE> 6
 1.152447e+02 5.411176e+04 1.446404e+04 2.998339e+02 4.032245e+04 5.181961e+07
<GCONST> 7.032372e+01
<MIXTURE> 3 9.343212e-02
<MEAN> 6
 1.006138e+02 6.069151e+02 -1.829589e+03 -1.461033e+00 3.470709e+00 1.074779e+02
<VARIANCE> 6
 3.179780e+01 1.796236e+04 1.446404e+04 2.998339e+02 4.032245e+04 5.181961e+07
<GCONST> 6.793329e+01
<MIXTURE> 4 6.546242e-02
<MEAN> 6
 1.017106e+02 4.899359e+02 -3.620516e+02 -9.046584e+00 -7.470263e+00 2.132281e+02
<VARIANCE> 6
 5.678163e+01 1.280424e+04 1.096096e+05 2.998339e+02 4.032245e+04 5.181961e+07
<GCONST> 7.019986e+01
<MIXTURE> 5 1.177436e-02
<MEAN> 6
 8.777053e+01 3.714655e+02 3.254948e+03 8.519583e+00 1.405601e+02 1.364540e+02
<VARIANCE> 6
 4.927441e+01 1.417461e+04 1.446404e+04 1.337709e+03 3.556270e+05 2.484188e+08
<GCONST> 7.337428e+01
<MIXTURE> 6 8.566086e-02
<MEAN> 6
 1.009358e+02 9.859642e+02 2.224657e+02 -3.521568e+00 -2.238064e+00 2.906164e+02
<VARIANCE> 6
 3.179780e+01 1.280424e+04 1.446404e+04 2.998339e+02 4.032245e+04 5.181961e+07
<GCONST> 6.759479e+01
<MIXTURE> 7 6.014082e-02
<MEAN> 6
 8.915188e+01 5.369667e+02 -1.353177e+03 6.372492e-01 -1.269059e+01 -2.204282e+02
<VARIANCE> 6
 3.179780e+01 1.765875e+04 1.446404e+04 2.998339e+02 4.032245e+04 5.181961e+07
<GCONST> 6.791624e+01
<MIXTURE> 8 7.162008e-02
<MEAN> 6
 9.082217e+01 4.573429e+02 1.184129e+02 -7.194665e+00 8.292802e+00 8.485617e+01
<VARIANCE> 6
 3.179780e+01 1.280424e+04 1.446404e+04 2.998339e+02 4.032245e+04 5.181961e+07
<GCONST> 6.759479e+01
<MIXTURE> 9 8.819214e-02
<MEAN> 6
 9.123808e+01 4.747566e+02 2.075675e+03 6.933727e-01 -3.025736e+00 -6.480892e+01
<VARIANCE> 6
 3.179780e+01 1.929652e+04 3.672947e+04 2.998339e+02 4.032245e+04 5.181961e+07
<GCONST> 6.893684e+01
<MIXTURE> 10 7.824604e-02
<MEAN> 6
 1.022330e+02 1.978937e+02 1.440517e+03 -4.613892e+00 2.530865e+00 8.115224e+02
<VARIANCE> 6
 3.179780e+01 1.586481e+05 9.795696e+05 2.998339e+02 4.032245e+04 5.181961e+07
<GCONST> 7.432715e+01
<MIXTURE> 11 5.409076e-02
<MEAN> 6
 9.022601e+01 7.475601e+02 -2.607260e+03 -2.872329e+00 2.061223e+00 -1.088451e+01
<VARIANCE> 6
 3.179780e+01 1.280424e+04 2.682746e+04 2.998339e+02 4.032245e+04 5.181961e+07
<GCONST> 6.821254e+01
<MIXTURE> 12 4.913328e-02
<MEAN> 6
 9.998939e+01 7.973202e+02 1.408266e+02 -4.134568e+00 -6.602282e+00 1.383763e+02
<VARIANCE> 6
 3.179780e+01 1.460697e+04 1.446404e+04 2.998339e+02 4.032245e+04 5.181961e+07
<GCONST> 6.772650e+01
<MIXTURE> 13 6.095403e-02
<MEAN> 6
 8.864043e+01 3.555570e+02 -1.321314e+03 -2.297873e+00 1.742057e+00 1.915697e+01
<VARIANCE> 6
 3.179780e+01 1.673100e+04 1.446404e+04 2.998339e+02 4.032245e+04 5.181961e+07
<GCONST> 6.786227e+01
<MIXTURE> 14 8.823688e-02
<MEAN> 6
 9.712154e+01 1.086294e+02 3.330273e+03 -6.095076e+00 -3.305139e+00 7.522895e+01
<VARIANCE> 6
 3.179780e+01 3.621216e+04 1.692846e+04 2.998339e+02 4.032245e+04 5.181961e+07
<GCONST> 6.879173e+01
<MIXTURE> 15 4.961991e-02
<MEAN> 6
 9.870664e+01 7.642939e+02 1.081383e+02 -4.333639e+00 -9.154694e+00 -3.483360e+01
<VARIANCE> 6
 3.179780e+01 1.316533e+04 1.446404e+04 2.998339e+02 4.032245e+04 5.181961e+07
<GCONST> 6.762259e+01
<STATE> 5
<NUMMIXES> 15
<MIXTURE> 1 9.011043e-02
<MEAN> 6
 7.764479e+01 1.119117e+02 -7.385190e+02 -1.989082e+00 -1.963772e+01 1.389190e+02
<VARIANCE> 6
 3.179780e+01 1.280424e+04 1.446404e+04 2.998339e+02 4.032245e+04 5.181961e+07
<GCONST> 6.759479e+01
<MIXTURE> 2 4.062701e-02
<MEAN> 6
 8.182802e+01 2.114991e+03 4.744565e+02 -5.652254e+00 6.821032e+00 7.482008e+01
<VARIANCE> 6
 3.179780e+01 5.853457e+04 6.276608e+04 2.998339e+02 4.032245e+04 5.181961e+07
<GCONST> 7.058237e+01
<MIXTURE> 3 7.392593e-02
<MEAN> 6
 7.837839e+01 6.874874e+02 -8.503856e+02 -1.797508e+00 -2.124759e+00 -1.732302e+01
<VARIANCE> 6
 3.179780e+01 1.280424e+04 1.446404e+04 2.998339e+02 4.032245e+04 5.181961e+07
<GCONST> 6.759479e+01
<MIXTURE> 4 6.879572e-02
<MEAN> 6
 8.789018e+01 1.116954e+03 -1.683880e+02 -5.311116e+00 -1.844957e+01 4.239114e+02
<VARIANCE> 6
 3.179780e+01 1.823065e+05 1.446404e+04 2.998339e+02 4.032245e+04 5.181961e+07
<GCONST> 7.025070e+01
<MIXTURE> 5 9.921881e-02
<MEAN> 6
 7.422491e+01 1.268281e+03 -1.183976e+03 -2.051512e+00 9.098770e-02 -2.413475e+02
<VARIANCE> 6
 3.179780e+01 2.518596e+04 1.958863e+04 2.998339e+02 4.032245e+04 5.181961e+07
<GCONST> 6.857458e+01
<MIXTURE> 6 4.736960e-02
<MEAN> 6
 8.248560e+01 -4.786485e+02 -1.236064e+02 6.064313e+00 -7.029452e+01 9.157007e+02
<VARIANCE> 6
 3.179780e+01 1.348638e+05 1.747091e+05 2.998339e+02 4.032245e+04 5.181961e+07
<GCONST> 7.244073e+01
<MIXTURE> 7 5.201578e-02
<MEAN> 6
 7.474804e+01 2.345719e+03 -5.565896e+02 -2.610910e+00 -3.972586e+00 -2.331596e+02
<VARIANCE> 6
 3.179780e+01 4.989151e+05 1.917283e+04 2.998339e+02 4.032245e+04 5.181961e+07
<GCONST> 7.153928e+01
<MIXTURE> 8 8.732864e-02
<MEAN> 6
 7.710688e+01 1.225313e+03 -1.709323e+03 -2.830200e+00 -1.446042e+01 -7.975728e+01
<VARIANCE> 6
 3.179780e+01 1.280424e+04 1.861739e+04 2.998339e+02 4.032245e+04 5.181961e+07
<GCONST> 6.784721e+01
<MIXTURE> 9 8.319530e-02
<MEAN> 6
 8.438177e+01 5.435396e+02 -3.099702e+02 -3.626651e+00 -1.054238e+01 1.022827e+02
<VARIANCE> 6
 3.179780e+01 1.280424e+04 1.446404e+04 2.998339e+02 4.032245e+04 5.181961e+07
<GCONST> 6.759479e+01
<MIXTURE> 10 5.625418e-02
<MEAN> 6
 7.119948e+01 4.001356e+02 -1.260384e+03 -2.117918e+00 -3.158779e+00 -1.365274e+01
<VARIANCE> 6
 3.179780e+01 1.280424e+04 1.865207e+04 2.998339e+02 4.032245e+04 5.181961e+07
<GCONST> 6.784908e+01
<MIXTURE> 11 7.508205e-02
<MEAN> 6
 7.837308e+01 6.861856e+02 -8.515011e+02 -1.760025e+00 -2.227741e+00 -1.917894e+01
<VARIANCE> 6
 3.179780e+01 1.280424e+04 1.446404e+04 2.998339e+02 4.032245e+04 5.181961e+07
<GCONST> 6.759479e+01
<MIXTURE> 12 4.580623e-02
<MEAN> 6
 7.341093e+01 1.280529e+03 3.969366e+02 -9.368508e-01 -2.203351e+00 -4.482505e+01
<VARIANCE> 6
 3.179780e+01 7.392537e+04 1.446404e+04 2.998339e+02 4.032245e+04 5.181961e+07
<GCONST> 6.934807e+01
<MIXTURE> 13 4.265634e-02
<MEAN> 6
 7.130131e+01 1.012861e+03 -1.789410e+03 -2.858088e-01 -1.517840e+01 2.604286e+01
<VARIANCE> 6
 3.179780e+01 1.280424e+04 1.446404e+04 2.998339e+02 4.032245e+04 5.181961e+07
<GCONST> 6.759479e+01
<MIXTURE> 14 8.903153e-02
<MEAN> 6
 8.254513e+01 1.277714e+03 -2.795663e+02 -2.754424e+00 -1.291782e+01 7.698434e+01
<VARIANCE> 6
 3.179780e+01 3.761726e+05 1.446404e+04 2.998339e+02 4.032245e+04 5.181961e+07
<GCONST> 7.097505e+01
<MIXTURE> 15 4.855688e-02
<MEAN> 6
 7.509648e+01 1.872264e+03 -6.923773e+02 -1.107285e+00 -3.976897e+00 -2.588032e+02
<VARIANCE> 6
 4.478369e+01 1.993536e+05 2.769677e+04 2.998339e+02 4.032245e+04 5.181961e+07
<GCONST> 7.133218e+01
<STATE> 6
<NUMMIXES> 15
<MIXTURE> 1 8.189857e-02
<MEAN> 6
 6.763240e+01 4.662785e+03 -6.822432e+02 -9.401870e-01 7.266518e-01 -1.036802e+01
<VARIANCE> 6
 3.179780e+01 1.223314e+05 1.446404e+04 2.998339e+02 4.032245e+04 5.181961e+07
<GCONST> 6.985175e+01
<MIXTURE> 2 8.652329e-02
<MEAN> 6
 8.464566e+01 -4.275362e+02 1.435994e+03 -3.935373e+00 1.255614e+00 8.435132e+00
<VARIANCE> 6
 3.179780e+01 1.280424e+04 1.446404e+04 2.998339e+02 4.032245e+04 5.181961e+07
<GCONST> 6.759479e+01
<MIXTURE> 3 7.886581e-02
<MEAN> 6
 5.156268e+01 2.280323e+03 2.593768e+03 7.050896e-01 -6.962171e+00 1.609977e+01
<VARIANCE> 6
 3.179780e+01 2.987631e+04 3.120914e+04 2.998339e+02 4.032245e+04 5.181961e+07
<GCONST> 6.921112e+01
<MIXTURE> 4 5.061182e-02
<MEAN> 6
 7.560159e+01 8.922155e+02 1.264255e+03 -2.884392e+00 -1.843503e+01 3.154630e+02
<VARIANCE> 6
 3.179780e+01 2.567679e+04 7.648236e+04 2.998339e+02 4.032245e+04 5.181961e+07
<GCONST> 6.995599e+01
<MIXTURE> 5 6.069082e-02
<MEAN> 6
 7.452340e+01 -4.373842e+02 1.107773e+03 7.732607e-02 -9.745442e-02 -7.295084e+00
<VARIANCE> 6
 3.179780e+01 1.280424e+04 1.446404e+04 2.998339e+02 4.032245e+04 5.181961e+07
<GCONST> 6.759479e+01
<MIXTURE> 6 5.849031e-02
<MEAN> 6
 7.455399e+01 -4.279300e+02 8.921924e+02 -7.145901e-01 -8.291110e+00 -8.819066e+01
<VARIANCE> 6
 3.179780e+01 1.280424e+04 1.446404e+04 2.998339e+02 4.032245e+04 5.181961e+07
<GCONST> 6.759479e+01
<MIXTURE> 7 5.707898e-02
<MEAN> 6
 8.213602e+01 -5.997919e+02 2.911338e+03 -1.765855e+00 -1.292797e+00 -9.081388e+01
<VARIANCE> 6
 3.179780e+01 1.280424e+04 1.446404e+04 2.998339e+02 4.032245e+04 5.181961e+07
<GCONST> 6.759479e+01
<MIXTURE> 8 7.945131e-02
<MEAN> 6
 5.581519e+01 1.377173e+03 1.141159e+03 3.650963e+00 -9.821661e+00 1.170067e+02
<VARIANCE> 6
 3.179780e+01 1.907623e+04 3.309711e+04 2.998339e+02 4.032245e+04 5.181961e+07
<GCONST> 6.882123e+01
<MIXTURE> 9 6.250889e-02
<MEAN> 6
 7.455473e+01 -4.281674e+02 8.892250e+02 -7.486393e-01 -8.731884e+00 -9.246770e+01
<VARIANCE> 6
 3.179780e+01 1.280424e+04 1.446404e+04 2.998339e+02 4.032245e+04 5.181961e+07
<GCONST> 6.759479e+01
<MIXTURE> 10 9.297164e-02
<MEAN> 6
 5.805622e+01 2.150868e+01 3.062853e+03 -8.965693e+00 9.367301e+00 2.986075e+02
<VARIANCE> 6
 5.511541e+01 2.016567e+04 1.321772e+05 2.998339e+02 4.032245e+04 5.181961e+07
<GCONST> 7.081149e+01
<MIXTURE> 11 4.765258e-02
<MEAN> 6
 7.456472e+01 -4.277977e+02 9.543917e+02 -3.922405e-01 -4.276505e+00 -4.693424e+01
<VARIANCE> 6
 3.179780e+01 1.280424e+04 1.755970e+04 2.998339e+02 4.032245e+04 5.181961e+07
<GCONST> 6.778873e+01
<MIXTURE> 12 7.631052e-02
<MEAN> 6
 7.528049e+01 -8.224476e+02 3.285895e+03 -1.430560e+00 9.956779e-01 -3.426655e-01
<VARIANCE> 6
 3.179780e+01 1.280424e+04 1.474072e+04 2.998339e+02 4.032245e+04 5.181961e+07
<GCONST> 6.761373e+01
<MIXTURE> 13 6.179350e-02
<MEAN> 6
 7.455533e+01 -4.282923e+02 8.877712e+02 -7.662307e-01 -8.958784e+00 -9.465081e+01
<VARIANCE> 6
 3.179780e+01 1.280424e+04 1.446404e+04 2.998339e+02 4.032245e+04 5.181961e+07
<GCONST> 6.759479e+01
<MIXTURE> 14 5.810118e-02
<MEAN> 6
 7.455628e+01 -4.285232e+02 8.852007e+02 -7.989559e-01 -9.379958e+00 -9.865591e+01
<VARIANCE> 6
 3.179780e+01 1.280424e+04 1.446404e+04 2.998339e+02 4.032245e+04 5.181961e+07
<GCONST> 6.759479e+01
<MIXTURE> 15 4.704777e-02
<MEAN> 6
 7.180382e+01 6.280818e+02 9.084048e+02 -2.092044e+00 -7.300608e+00 1.057898e+02
<VARIANCE> 6
 3.179780e+01 5.056197e+04 1.064858e+05 2.998339e+02 4.032245e+04 5.181961e+07
<GCONST> 7.096455e+01
<STATE> 7
<NUMMIXES> 15
<MIXTURE> 1 9.241062e-02
<MEAN> 6
 6.614813e+01 4.992095e+02 3.291938e+02 -1.255382e+00 5.315053e+00 -4.121301e+01
<VARIANCE> 6
 5.762403e+01 3.427311e+04 2.236244e+04 2.998339e+02 4.032245e+04 5.181961e+07
<GCONST> 6.960963e+01
<MIXTURE> 2 5.022676e-02
<MEAN> 6
 6.342819e+01 3.077147e+01 -2.994555e+02 -1.042381e+00 -1.112002e+00 -3.475714e+01
<VARIANCE> 6
 3.179780e+01 1.280424e+04 1.446404e+04 2.998339e+02 4.032245e+04 5.181961e+07
<GCONST> 6.759479e+01
<MIXTURE> 3 7.127684e-02
<MEAN> 6
 7.048528e+01 6.760105e+01 6.514507e+02 -2.471814e+00 -1.204055e+00 7.266251e+01
<VARIANCE> 6
 3.179780e+01 1.280424e+04 3.165637e+04 2.998339e+02 4.032245e+04 5.181961e+07
<GCONST> 6.837805e+01
<MIXTURE> 4 5.367005e-02
<MEAN> 6
 6.349941e+01 3.434641e+01 -2.891934e+02 -1.106364e+00 -9.238829e-01 -2.766934e+01
<VARIANCE> 6
 3.179780e+01 1.280424e+04 1.446404e+04 2.998339e+02 4.032245e+04 5.181961e+07
<GCONST> 6.759479e+01
<MIXTURE> 5 8.204827e-02
<MEAN> 6
 6.733149e+01 1.974458e+02 1.485344e+02 -2.372975e+00 3.688591e+00 -4.024295e+01
<VARIANCE> 6
 3.179780e+01 1.280424e+04 1.446404e+04 2.998339e+02 4.032245e+04 5.181961e+07
<GCONST> 6.759479e+01
<MIXTURE> 6 7.165031e-02
<MEAN> 6
 7.495229e+01 -6.660795e+01 4.650524e+02 -2.523351e+00 -4.451961e+00 1.380412e+02
<VARIANCE> 6
 3.179780e+01 1.280424e+04 1.446404e+04 2.998339e+02 4.032245e+04 5.181961e+07
<GCONST> 6.759479e+01
<MIXTURE> 7 7.244191e-02
<MEAN> 6
 6.297831e+01 -2.002738e+01 -4.681780e+02 -1.296726e+00 -6.344755e+00 -2.681913e+01
<VARIANCE> 6
 3.179780e+01 1.280424e+04 1.446404e+04 2.998339e+02 4.032245e+04 5.181961e+07
<GCONST> 6.759479e+01
<MIXTURE> 8 7.254338e-02
<MEAN> 6
 7.503178e+01 7.099366e+01 6.549382e+01 -5.011424e+00 3.165243e+00 5.586325e+01
<VARIANCE> 6
 3.179780e+01 1.280424e+04 1.446404e+04 2.998339e+02 4.032245e+04 5.181961e+07
<GCONST> 6.759479e+01
<MIXTURE> 9 5.112470e-02
<MEAN> 6
 6.353925e+01 3.851737e+01 -2.935657e+02 -1.130158e+00 -1.065833e+00 -2.638112e+01
<VARIANCE> 6
 3.179780e+01 1.280424e+04 1.446404e+04 2.998339e+02 4.032245e+04 5.181961e+07
<GCONST> 6.759479e+01
<MIXTURE> 10 5.564136e-02
<MEAN> 6
 6.033890e+01 -3.610537e+01 -6.405199e+02 -1.922072e+00 -2.937568e+00 9.603824e+00
<VARIANCE> 6
 3.179780e+01 1.280424e+04 1.446404e+04 2.998339e+02 4.032245e+04 5.181961e+07
<GCONST> 6.759479e+01
<MIXTURE> 11 8.874837e-02
<MEAN> 6
 7.319962e+01 -7.616351e+01 9.519134e+01 -4.275455e+00 7.846774e+00 1.187456e+02
<VARIANCE> 6
 3.179780e+01 2.089605e+04 1.446404e+04 2.998339e+02 4.032245e+04 5.181961e+07
<GCONST> 6.808456e+01
<MIXTURE> 12 9.028398e-02
<MEAN> 6
 6.671140e+01 1.681494e+02 1.288024e+02 -2.102538e+00 3.611017e+00 -4.272113e+01
<VARIANCE> 6
 3.179780e+01 1.280424e+04 1.446404e+04 2.998339e+02 4.032245e+04 5.181961e+07
<GCONST> 6.759479e+01
<MIXTURE> 13 4.358881e-02
<MEAN> 6
 7.641335e+01 -1.414081e+02 4.543083e+02 -1.120233e+00 -2.166412e+01 -3.594804e+01
<VARIANCE> 6
 3.179780e+01 1.507275e+04 1.446404e+04 2.998339e+02 4.032245e+04 5.181961e+07
<GCONST> 6.775790e+01
<MIXTURE> 14 5.347271e-02
<MEAN> 6
 6.329554e+01 2.077673e+01 -3.321075e+02 -9.018872e-01 -1.878298e+00 -5.179410e+01
<VARIANCE> 6
 3.179780e+01 1.280424e+04 1.446404e+04 2.998339e+02 4.032245e+04 5.181961e+07
<GCONST> 6.759479e+01
<MIXTURE> 15 5.082430e-02
<MEAN> 6
 6.321217e+01 1.097948e+01 -3.454946e+02 -8.283120e-01 -2.197163e+00 -5.957580e+01
<VARIANCE> 6
 3.179780e+01 1.280424e+04 1.446404e+04 2.998339e+02 4.032245e+04 5.181961e+07
<GCONST> 6.759479e+01
<STATE> 8
<NUMMIXES> 15
<MIXTURE> 1 7.260262e-02
<MEAN> 6
 9.738012e+01 9.451281e+01 -1.372874e+02 -3.584863e+00 -1.500625e+01 4.000488e+02
<VARIANCE> 6
 3.179780e+01 1.280424e+04 1.446404e+04 2.998339e+02 4.032245e+04 5.181961e+07
<GCONST> 6.759479e+01
<MIXTURE> 2 4.427318e-02
<MEAN> 6
 9.590152e+01 -4.013925e+02 1.538135e+01 -6.609074e+00 1.581376e+01 2.652845e+02
<VARIANCE> 6
 1.453610e+02 1.280424e+04 1.446404e+04 2.998339e+02 4.032245e+04 5.181961e+07
<GCONST> 6.911461e+01
<MIXTURE> 3 8.145586e-02
<MEAN> 6
 8.738911e+01 6.785862e+01 7.702202e+01 -7.032671e-01 -2.748316e-01 1.658626e+01
<VARIANCE> 6
 3.179780e+01 1.280424e+04 1.446404e+04 2.998339e+02 4.032245e+04 5.181961e+07
<GCONST> 6.759479e+01
<MIXTURE> 4 4.650462e-02
<MEAN> 6
 7.191048e+01 -8.947968e+02 -4.837934e+02 -1.102932e+00 -1.068646e+01 -6.898479e+01
<VARIANCE> 6
 3.179780e+01 1.106979e+05 5.715001e+04 2.998339e+02 4.032245e+04 5.181961e+07
<GCONST> 7.112582e+01
<MIXTURE> 5 5.565126e-02
<MEAN> 6
 8.621413e+01 -2.266617e+02 -4.009764e+02 -2.931630e+00 4.598654e-01 2.246817e+00
<VARIANCE> 6
 4.769537e+01 1.280424e+04 1.446404e+04 2.998339e+02 4.032245e+04 5.181961e+07
<GCONST> 6.800022e+01
<MIXTURE> 6 1.014207e-01
<MEAN> 6
 8.580453e+01 4.285718e+01 -2.067076e+02 -4.725750e-01 -1.388921e+00 -4.905828e+00
<VARIANCE> 6
 3.179780e+01 1.280424e+04 1.446404e+04 2.998339e+02 4.032245e+04 5.181961e+07
<GCONST> 6.759479e+01
<MIXTURE> 7 5.631812e-02
<MEAN> 6
 7.255338e+01 -5.269426e+02 1.513553e+02 -2.914569e+00 3.098095e+00 -6.050759e+01
<VARIANCE> 6
 3.179780e+01 1.280424e+04 1.446404e+04 2.998339e+02 4.032245e+04 5.181961e+07
<GCONST> 6.759479e+01
<MIXTURE> 8 5.883607e-02
<MEAN> 6
 8.752731e+01 -1.461862e+02 3.503963e+01 -2.151244e+00 -1.006627e+00 -8.883818e+01
<VARIANCE> 6
 3.179780e+01 1.452628e+04 1.446404e+04 2.998339e+02 4.032245e+04 5.181961e+07
<GCONST> 6.772096e+01
<MIXTURE> 9 9.931339e-02
<MEAN> 6
 8.577376e+01 4.250166e+01 -2.076521e+02 -4.645983e-01 -1.393934e+00 -4.513872e+00
<VARIANCE> 6
 3.179780e+01 1.280424e+04 1.446404e+04 2.998339e+02 4.032245e+04 5.181961e+07
<GCONST> 6.759479e+01
<MIXTURE> 10 5.693385e-02
<MEAN> 6
 7.213811e+01 -3.485711e+02 -5.710040e+02 -5.840855e-01 -1.577788e+01 -1.058882e+02
<VARIANCE> 6
 3.179780e+01 1.280424e+04 1.446404e+04 2.998339e+02 4.032245e+04 5.181961e+07
<GCONST> 6.759479e+01
<MIXTURE> 11 5.406727e-02
<MEAN> 6
 8.694700e+01 3.398097e+01 4.998952e+01 -1.294940e+00 1.505067e+00 -2.239211e+01
<VARIANCE> 6
 3.179780e+01 4.248182e+04 1.446404e+04 2.998339e+02 4.032245e+04 5.181961e+07
<GCONST> 6.879408e+01
<MIXTURE> 12 8.855297e-02
<MEAN> 6
 8.649153e+01 -2.362333e+02 5.332950e+01 -3.496442e+00 1.684525e+00 -1.503448e+02
<VARIANCE> 6
 3.179780e+01 1.280424e+04 1.446404e+04 2.998339e+02 4.032245e+04 5.181961e+07
<GCONST> 6.759479e+01
<MIXTURE> 13 5.797018e-02
<MEAN> 6
 7.199143e+01 -5.520148e+02 1.681865e+02 -2.372136e+00 1.114325e+00 -8.140511e+01
<VARIANCE> 6
 3.179780e+01 1.280424e+04 1.446404e+04 2.998339e+02 4.032245e+04 5.181961e+07
<GCONST> 6.759479e+01
<MIXTURE> 14 6.729598e-02
<MEAN> 6
 7.972328e+01 -2.952764e+02 -3.226749e+02 -2.617422e+00 5.176736e-01 9.133329e+00
<VARIANCE> 6
 3.179780e+01 1.549778e+04 1.446404e+04 2.998339e+02 4.032245e+04 5.181961e+07
<GCONST> 6.778571e+01
<MIXTURE> 15 5.875212e-02
<MEAN> 6
 7.155904e+01 -1.049006e+03 -5.877941e+02 -1.496228e+00 -6.481326e+00 -2.411951e+01
<VARIANCE> 6
 3.179780e+01 1.495952e+05 1.633426e+04 2.998339e+02 4.032245e+04 5.181961e+07
<GCONST> 7.017454e+01
<STATE> 9
<NUMMIXES> 15
<MIXTURE> 1 5.617481e-02
<MEAN> 6
 8.668787e+01 1.425765e+02 8.919700e+02 -4.123022e+00 -3.179557e+01 2.166383e+01
<VARIANCE> 6
 1.024952e+02 1.970456e+06 1.715366e+06 2.998339e+02 4.032245e+04 5.181961e+07
<GCONST> 7.857716e+01
<MIXTURE> 2 3.064192e-02
<MEAN> 6
 -4.917747e+00 1.605961e+02 1.121168e+02 -2.203926e+01 -2.036177e+01 4.347606e+03
<VARIANCE> 6
 1.172593e+04 1.969276e+05 4.206232e+05 2.062150e+06 1.128782e+09 1.659809e+12
<GCONST> 1.090583e+02
<MIXTURE> 3 8.991972e-02
<MEAN> 6
 4.050060e+01 1.858201e+02 5.117002e+01 2.189852e+02 -4.366215e+02 -1.664998e+03
<VARIANCE> 6
 4.882662e+02 1.811408e+06 8.109334e+05 4.580570e+03 1.829715e+05 5.181961e+07
<GCONST> 8.354362e+01
<MIXTURE> 4 8.427022e-02
<MEAN> 6
 -6.308297e+01 4.012479e+02 1.376624e+01 8.664739e+00 1.328696e+02 1.308123e+02
<VARIANCE> 6
 8.855587e+01 7.319692e+05 4.055256e+05 4.688033e+02 4.760454e+04 5.181961e+07
<GCONST> 7.661148e+01
<MIXTURE> 5 7.167648e-02
<MEAN> 6
 -3.126866e+01 1.162876e+02 1.387533e+02 -8.849729e+01 5.605057e+02 1.885512e+03
<VARIANCE> 6
 4.335535e+03 1.106674e+06 4.360168e+05 6.035313e+04 3.421696e+06 2.668424e+09
<GCONST> 9.406255e+01
<MIXTURE> 6 6.306291e-02
<MEAN> 6
 -3.968897e+01 1.138129e+02 1.478016e+02 8.921539e+01 8.525623e+02 -2.261494e+02
<VARIANCE> 6
 1.122462e+02 1.423804e+06 3.930616e+05 2.560121e+04 2.615392e+05 5.181961e+07
<GCONST> 8.318654e+01
<MIXTURE> 7 7.188269e-02
<MEAN> 6
 8.236162e+01 2.230841e+02 -6.203476e+01 -5.434045e+00 -1.007064e+01 -2.509374e+02
<VARIANCE> 6
 3.179780e+01 7.107652e+05 1.284579e+05 2.998339e+02 4.032245e+04 5.181961e+07
<GCONST> 7.379529e+01
<MIXTURE> 8 6.293898e-02
<MEAN> 6
 9.534579e+01 4.478140e+01 3.021666e+02 1.384553e+01 -5.985004e+02 2.433250e+02
<VARIANCE> 6
 1.276648e+02 1.166779e+06 8.305716e+05 8.580527e+03 1.103279e+06 6.702168e+08
<GCONST> 8.677045e+01
<MIXTURE> 9 9.062477e-02
<MEAN> 6
 8.391627e+01 -2.260763e+02 -2.283468e+02 -3.053874e+00 -2.321082e+00 -2.033493e+02
<VARIANCE> 6
 3.179780e+01 1.541929e+05 3.306739e+05 2.998339e+02 4.032245e+04 5.181961e+07
<GCONST> 7.321268e+01
<MIXTURE> 10 7.299070e-02
<MEAN> 6
 -1.203149e+01 -5.932665e+01 2.391328e+02 1.438890e+01 3.397123e+02 -2.976002e+03
<VARIANCE> 6
 2.493917e+02 8.694993e+05 3.723248e+05 6.102073e+04 1.439027e+05 1.102964e+08
<GCONST> 8.446403e+01
<MIXTURE> 11 7.615391e-02
<MEAN> 6
 3.779827e+01 2.824056e+02 1.729316e+02 -2.473000e+02 -5.977276e+02 3.933014e+03
<VARIANCE> 6
 5.903350e+02 2.045363e+06 4.282750e+05 5.814045e+03 4.598718e+05 1.017380e+08
<GCONST> 8.505121e+01
<MIXTURE> 12 5.737394e-02
<MEAN> 6
 8.215456e+01 9.934311e+01 7.130046e+01 2.064703e+01 -4.360117e+02 5.600437e+02
<VARIANCE> 6
 1.082495e+02 6.127041e+05 3.826782e+05 1.047910e+04 1.067745e+05 5.181961e+07
<GCONST> 8.049118e+01
<MIXTURE> 13 6.904509e-02
<MEAN> 6
 -6.025970e+01 1.961256e+02 2.553240e+00 9.358232e+00 8.531323e+02 -7.812626e+02
<VARIANCE> 6
 7.008390e+01 7.278467e+05 4.389143e+05 9.051416e+03 1.908833e+05 1.349777e+08
<GCONST> 8.175758e+01
<MIXTURE> 14 5.066653e-02
<MEAN> 6
 9.732030e+01 -6.416732e+02 -1.636840e+02 -7.972486e+00 -2.479357e+01 -1.594109e+01
<VARIANCE> 6
 1.905513e+02 1.429131e+06 6.789299e+05 2.998339e+02 4.032245e+04 5.181961e+07
<GCONST> 7.794920e+01
<MIXTURE> 15 5.243376e-02
<MEAN> 6
 7.616063e+01 -1.057073e+02 -1.527819e+01 -4.022532e+01 -6.813668e+02 -2.536105e+03
<VARIANCE> 6
 1.078678e+02 5.515179e+05 2.984577e+05 1.375207e+04 1.471217e+05 5.181961e+07
<GCONST> 8.072623e+01
<TRANSP> 10
 0.000000e+00 1.000000e+00 0.000000e+00 0.000000e+00 0.000000e+00 0.000000e+00 0.000000e+00 0.000000e+00 0.000000e+00 0.000000e+00
 0.000000e+00 9.998826e-01 1.173915e-04 0.000000e+00 0.000000e+00 0.000000e+00 0.000000e+00 0.000000e+00 0.000000e+00 0.000000e+00
 0.000000e+00 0.000000e+00 9.998989e-01 1.011119e-04 0.000000e+00 0.000000e+00 0.000000e+00 0.000000e+00 0.000000e+00 0.000000e+00
 0.000000e+00 0.000000e+00 0.000000e+00 9.982747e-01 1.725331e-03 0.000000e+00 0.000000e+00 0.000000e+00 0.000000e+00 0.000000e+00
 0.000000e+00 0.000000e+00 0.000000e+00 0.000000e+00 9.978496e-01 2.150435e-03 0.000000e+00 0.000000e+00 0.000000e+00 0.000000e+00
 0.000000e+00 0.000000e+00 0.000000e+00 0.000000e+00 0.000000e+00 9.974539e-01 2.546052e-03 0.000000e+00 0.000000e+00 0.000000e+00
 0.000000e+00 0.000000e+00 0.000000e+00 0.000000e+00 0.000000e+00 0.000000e+00 9.987939e-01 1.206095e-03 0.000000e+00 0.000000e+00
 0.000000e+00 0.000000e+00 0.000000e+00 0.000000e+00 0.000000e+00 0.000000e+00 0.000000e+00 9.989879e-01 1.012083e-03 0.000000e+00
 0.000000e+00 0.000000e+00 0.000000e+00 0.000000e+00 0.000000e+00 0.000000e+00 0.000000e+00 0.000000e+00 9.998371e-01 1.629103e-04
 0.000000e+00 0.000000e+00 0.000000e+00 0.000000e+00 0.000000e+00 0.000000e+00 0.000000e+00 0.000000e+00 0.000000e+00 0.000000e+00
<ENDHMM>
