~o
<STREAMINFO> 1 6
<VECSIZE> 6<NULLD><USER><DIAGC>
~h "SegundoPRIMARIA"
<BEGINHMM>
<NUMSTATES> 6
<STATE> 2
<NUMMIXES> 15
<MIXTURE> 1 8.071842e-02
<MEAN> 6
 1.049955e+02 -9.970100e+01 2.823806e+02 -5.650781e+00 -5.142817e+01 -3.624219e+02
<VARIANCE> 6
 1.720482e+02 4.844241e+05 1.240635e+06 2.921389e+02 3.619357e+04 4.561591e+07
<GCONST> 7.710652e+01
<MIXTURE> 2 4.722249e-02
<MEAN> 6
 -5.100111e+00 3.184687e+01 1.775196e+02 -3.484799e+02 6.940837e+02 1.910806e+04
<VARIANCE> 6
 7.911207e+02 4.795576e+05 1.763056e+06 1.086455e+04 2.216060e+06 7.865561e+08
<GCONST> 8.955157e+01
<MIXTURE> 3 7.215955e-02
<MEAN> 6
 1.865882e+01 3.443786e+00 3.714242e+01 5.023702e+01 3.476108e+01 -9.379907e+02
<VARIANCE> 6
 7.903385e+02 1.812540e+05 5.489591e+05 4.493547e+04 1.257757e+05 4.561591e+07
<GCONST> 8.311416e+01
<MIXTURE> 4 8.056671e-02
<MEAN> 6
 -4.218359e+01 1.951785e+01 -2.048222e+02 3.037025e+01 1.219781e+03 -6.633396e+03
<VARIANCE> 6
 6.547376e+02 3.989582e+05 1.306881e+06 4.211218e+04 6.204823e+05 3.889480e+08
<GCONST> 8.825656e+01
<MIXTURE> 5 5.527701e-02
<MEAN> 6
 1.032199e+02 -2.621780e+02 -4.203080e+01 4.296773e+01 -9.310681e+02 8.286467e+02
<VARIANCE> 6
 4.326830e+02 1.442797e+06 1.088404e+06 2.031956e+04 1.935566e+06 9.639559e+08
<GCONST> 9.026138e+01
<MIXTURE> 6 6.584404e-02
<MEAN> 6
 7.195931e+01 1.006564e+03 -1.638383e+02 3.169666e+00 -2.099493e+01 -5.164642e+01
<VARIANCE> 6
 6.265749e+01 1.658400e+05 8.894001e+05 2.921389e+02 3.619357e+04 4.561591e+07
<GCONST> 7.469166e+01
<MIXTURE> 7 8.871429e-02
<MEAN> 6
 8.781570e+01 -4.221183e+01 1.497027e+02 -1.315837e+01 -5.374333e+02 -9.742711e+02
<VARIANCE> 6
 4.008552e+02 1.968480e+05 9.679131e+05 1.346819e+04 1.182897e+05 4.561591e+07
<GCONST> 8.181870e+01
<MIXTURE> 8 7.768686e-02
<MEAN> 6
 -5.952804e+01 2.309645e+01 -2.596815e+02 -5.208753e+00 9.255199e+01 2.830829e+02
<VARIANCE> 6
 4.118817e+02 1.925701e+05 8.822314e+05 3.547443e+02 3.641234e+04 4.561591e+07
<GCONST> 7.691625e+01
<MIXTURE> 9 9.071991e-02
<MEAN> 6
 7.391811e+01 2.051767e+02 -5.561759e+02 1.073860e+00 -1.429707e+01 -1.226796e+02
<VARIANCE> 6
 1.187574e+02 2.624686e+04 1.675225e+06 2.921389e+02 3.619357e+04 4.561591e+07
<GCONST> 7.412074e+01
<MIXTURE> 10 4.340677e-02
<MEAN> 6
 6.854383e+01 -7.057224e+02 2.129535e+03 -1.509013e-01 -2.122120e+00 -3.618834e+01
<VARIANCE> 6
 1.050239e+02 7.201525e+04 1.279866e+06 2.921389e+02 3.619357e+04 4.561591e+07
<GCONST> 7.473798e+01
<MIXTURE> 11 5.962951e-02
<MEAN> 6
 -4.079344e+01 7.157569e+00 -2.704788e+01 8.697430e+01 6.652684e+02 3.750348e+02
<VARIANCE> 6
 3.296652e+02 2.280768e+05 8.898004e+05 1.472849e+04 1.093884e+05 4.561591e+07
<GCONST> 8.169749e+01
<MIXTURE> 12 5.960993e-02
<MEAN> 6
 4.034691e+01 -8.202133e+01 -2.823480e+02 2.630289e+02 -3.304896e+02 -5.772951e+03
<VARIANCE> 6
 7.769362e+02 4.461078e+05 1.864128e+06 9.409774e+03 3.030517e+05 1.516249e+08
<GCONST> 8.573733e+01
<MIXTURE> 13 6.972388e-02
<MEAN> 6
 6.303654e+01 -3.885109e+01 2.452898e+01 -1.582633e+02 -1.187437e+03 1.131490e+03
<VARIANCE> 6
 4.864998e+02 2.785726e+05 1.511094e+06 3.562152e+04 4.041311e+05 1.678217e+08
<GCONST> 8.630888e+01
<MIXTURE> 14 4.984444e-02
<MEAN> 6
 6.932550e+01 -1.860789e+02 -8.267845e+02 -2.952246e-01 -1.358981e+01 -1.024472e+02
<VARIANCE> 6
 3.160286e+01 7.730616e+04 1.021943e+05 2.921389e+02 3.619357e+04 4.561591e+07
<GCONST> 7.108031e+01
<MIXTURE> 15 5.854586e-02
<MEAN> 6
 -6.253450e+01 -4.931898e+01 -1.713117e+02 6.880950e+00 4.953996e+02 1.060420e+02
<VARIANCE> 6
 4.426874e+02 1.862815e+05 1.993755e+06 7.220599e+03 1.136835e+05 8.094491e+07
<GCONST> 8.249582e+01
<STATE> 3
<NUMMIXES> 15
<MIXTURE> 1 7.914421e-02
<MEAN> 6
 8.705785e+01 4.611966e+02 3.539426e+02 -2.211516e+00 -4.294707e+00 3.651614e+01
<VARIANCE> 6
 3.160286e+01 4.229553e+04 1.927596e+04 2.921389e+02 3.619357e+04 4.561591e+07
<GCONST> 6.880920e+01
<MIXTURE> 2 5.096649e-02
<MEAN> 6
 7.805222e+01 1.855599e+02 5.331337e+01 -1.090472e-01 -5.743581e+00 -4.859201e+00
<VARIANCE> 6
 3.160286e+01 2.321787e+04 1.515386e+04 2.921389e+02 3.619357e+04 4.561591e+07
<GCONST> 6.796883e+01
<MIXTURE> 3 6.666134e-02
<MEAN> 6
 5.242221e+01 6.205805e+01 -3.350570e+02 1.413582e+00 1.338644e+00 -9.247166e+01
<VARIANCE> 6
 3.160286e+01 9.474112e+04 1.515386e+04 2.921389e+02 3.619357e+04 4.561591e+07
<GCONST> 6.937506e+01
<MIXTURE> 4 5.470885e-02
<MEAN> 6
 6.486981e+01 6.309073e+02 3.048414e+01 -3.007280e-01 4.699677e+00 -6.333337e+01
<VARIANCE> 6
 3.160286e+01 3.142273e+04 1.515386e+04 2.921389e+02 3.619357e+04 4.561591e+07
<GCONST> 6.827144e+01
<MIXTURE> 5 8.328944e-02
<MEAN> 6
 7.729091e+01 -6.495238e+02 -5.555251e+02 -1.600560e+00 1.860907e+00 -6.046282e+01
<VARIANCE> 6
 1.497192e+02 1.988314e+04 1.515386e+04 2.921389e+02 3.619357e+04 4.561591e+07
<GCONST> 6.936929e+01
<MIXTURE> 6 6.684894e-02
<MEAN> 6
 6.844195e+01 2.577402e+02 -2.495201e+02 9.706259e-01 -2.335973e+00 -1.885134e+02
<VARIANCE> 6
 3.160286e+01 3.429072e+04 1.515386e+04 2.921389e+02 3.619357e+04 4.561591e+07
<GCONST> 6.835879e+01
<MIXTURE> 7 7.550140e-02
<MEAN> 6
 7.444447e+01 -9.237444e+00 2.433421e+02 -2.212643e-01 -4.039457e-01 -1.040131e+02
<VARIANCE> 6
 3.442316e+01 1.383016e+04 2.605456e+04 2.921389e+02 3.619357e+04 4.561591e+07
<GCONST> 6.807818e+01
<MIXTURE> 8 8.444726e-02
<MEAN> 6
 7.735738e+01 5.154111e+01 -2.609510e+02 -6.937670e-01 -4.354001e+00 -6.823183e+01
<VARIANCE> 6
 3.505525e+01 1.383016e+04 1.515386e+04 2.921389e+02 3.619357e+04 4.561591e+07
<GCONST> 6.755444e+01
<MIXTURE> 9 5.259446e-02
<MEAN> 6
 7.219347e+01 -4.000278e+02 3.106636e+02 -8.176448e-01 -1.491707e+00 -1.130334e+02
<VARIANCE> 6
 8.625954e+01 2.535167e+04 1.589295e+04 2.921389e+02 3.619357e+04 4.561591e+07
<GCONST> 6.910849e+01
<MIXTURE> 10 1.802242e-02
<MEAN> 6
 5.896181e+01 3.179787e+02 1.051007e+02 2.915841e+00 1.167052e+01 -1.354358e+02
<VARIANCE> 6
 3.160286e+01 2.069576e+05 1.515386e+04 2.921389e+02 3.619357e+04 4.561591e+07
<GCONST> 7.015643e+01
<MIXTURE> 11 9.446868e-02
<MEAN> 6
 6.659747e+01 -3.918246e+02 -2.041301e+02 -1.170012e+00 -5.070156e+00 -7.166888e+01
<VARIANCE> 6
 6.625833e+01 6.757609e+04 1.515386e+04 2.921389e+02 3.619357e+04 4.561591e+07
<GCONST> 6.977747e+01
<MIXTURE> 12 9.566493e-02
<MEAN> 6
 6.680120e+01 -3.447870e+01 -2.565118e+02 6.300702e-01 2.406703e+00 -1.143025e+02
<VARIANCE> 6
 3.160286e+01 1.383016e+04 1.515386e+04 2.921389e+02 3.619357e+04 4.561591e+07
<GCONST> 6.745076e+01
<MIXTURE> 13 4.692166e-02
<MEAN> 6
 7.915431e+01 9.424011e+01 6.054917e+00 -3.266708e-01 -6.651457e+00 -3.565033e+01
<VARIANCE> 6
 3.160286e+01 3.679677e+04 1.515386e+04 2.921389e+02 3.619357e+04 4.561591e+07
<GCONST> 6.842932e+01
<MIXTURE> 14 8.476086e-02
<MEAN> 6
 6.963741e+01 -1.116609e+02 1.419718e+02 1.437612e+00 6.016987e+00 -1.119165e+02
<VARIANCE> 6
 3.160286e+01 1.383016e+04 1.515386e+04 2.921389e+02 3.619357e+04 4.561591e+07
<GCONST> 6.745076e+01
<MIXTURE> 15 4.584711e-02
<MEAN> 6
 7.275446e+01 -4.633919e+02 1.669592e+02 -1.674161e+00 -5.456414e+00 -1.180539e+02
<VARIANCE> 6
 1.050769e+02 3.088270e+04 4.558012e+04 2.921389e+02 3.619357e+04 4.561591e+07
<GCONST> 7.055677e+01
<STATE> 4
<NUMMIXES> 15
<MIXTURE> 1 7.142217e-02
<MEAN> 6
 1.225402e+02 5.403675e+02 1.684020e+03 -2.554746e+00 1.326760e+00 -3.466205e+01
<VARIANCE> 6
 3.160286e+01 9.629463e+05 3.892592e+05 2.921389e+02 3.619357e+04 4.561591e+07
<GCONST> 7.493990e+01
<MIXTURE> 2 2.627438e-02
<MEAN> 6
 8.013226e+01 1.439348e+03 4.387088e+02 -1.517071e+00 -5.034010e+00 -1.793260e+02
<VARIANCE> 6
 3.160286e+01 2.757610e+04 1.515386e+04 2.921389e+02 3.619357e+04 4.561591e+07
<GCONST> 6.814086e+01
<MIXTURE> 3 5.900675e-02
<MEAN> 6
 8.721800e+01 3.374946e+02 -2.651988e+03 -2.948258e+00 -6.582839e+00 6.826667e+01
<VARIANCE> 6
 5.438628e+01 3.578700e+05 1.852710e+05 2.921389e+02 3.619357e+04 4.561591e+07
<GCONST> 7.375050e+01
<MIXTURE> 4 6.972651e-02
<MEAN> 6
 6.847994e+01 -6.902822e+03 1.317546e+03 -2.428804e+00 -3.847094e+00 -4.062996e+01
<VARIANCE> 6
 8.505222e+01 6.822390e+06 1.468347e+05 2.921389e+02 3.619357e+04 4.561591e+07
<GCONST> 7.691295e+01
<MIXTURE> 5 4.911886e-02
<MEAN> 6
 9.843240e+01 8.517613e+01 1.118819e+03 -1.755061e+00 -9.062184e+00 7.518348e+01
<VARIANCE> 6
 3.160286e+01 6.804890e+04 2.254065e+04 2.921389e+02 3.619357e+04 4.561591e+07
<GCONST> 6.944120e+01
<MIXTURE> 6 4.586725e-02
<MEAN> 6
 6.738669e+01 -1.570692e+03 -7.109402e+02 3.119193e+00 -1.118875e+01 -7.253094e+01
<VARIANCE> 6
 1.148269e+02 6.563077e+04 1.515386e+04 2.921389e+02 3.619357e+04 4.561591e+07
<GCONST> 7.029813e+01
<MIXTURE> 7 4.528011e-02
<MEAN> 6
 9.524908e+01 -1.493544e+03 7.385419e+02 -1.000662e+00 5.197881e-01 -1.749878e+02
<VARIANCE> 6
 4.973032e+01 4.326589e+04 2.241609e+04 2.921389e+02 3.619357e+04 4.561591e+07
<GCONST> 6.943616e+01
<MIXTURE> 8 1.025609e-01
<MEAN> 6
 9.456976e+01 -4.906127e+01 4.800349e+01 -2.595484e-01 3.461617e+00 -1.486385e+02
<VARIANCE> 6
 3.160286e+01 3.268633e+04 1.515386e+04 2.921389e+02 3.619357e+04 4.561591e+07
<GCONST> 6.831087e+01
<MIXTURE> 9 9.925645e-02
<MEAN> 6
 7.601865e+01 3.063923e+03 3.741353e+01 -2.303020e+00 -7.838509e+00 -1.204810e+02
<VARIANCE> 6
 3.160286e+01 1.963409e+05 9.376919e+04 2.921389e+02 3.619357e+04 4.561591e+07
<GCONST> 7.192634e+01
<MIXTURE> 10 6.181316e-02
<MEAN> 6
 1.002042e+02 -3.071822e+03 -1.140949e+02 -4.397525e+00 -2.221547e+00 -1.726170e+02
<VARIANCE> 6
 3.160286e+01 6.633510e+05 1.806219e+04 2.921389e+02 3.619357e+04 4.561591e+07
<GCONST> 7.149678e+01
<MIXTURE> 11 6.537278e-02
<MEAN> 6
 9.511437e+01 -2.278331e+02 -5.720894e+02 -1.333579e+00 -7.039098e+00 -1.531439e+02
<VARIANCE> 6
 3.160286e+01 4.108782e+04 3.043755e+04 2.921389e+02 3.619357e+04 4.561591e+07
<GCONST> 6.923705e+01
<MIXTURE> 12 9.738202e-02
<MEAN> 6
 6.957998e+01 -9.756331e+02 1.989172e+02 -1.161765e-01 4.863014e+00 -6.080787e+01
<VARIANCE> 6
 1.710052e+02 2.967001e+04 1.845424e+05 2.921389e+02 3.619357e+04 4.561591e+07
<GCONST> 7.240211e+01
<MIXTURE> 13 4.105143e-02
<MEAN> 6
 7.825074e+01 2.829207e+03 -6.462596e+02 -3.189303e+00 -1.963145e+00 -9.426062e+01
<VARIANCE> 6
 2.456677e+02 9.485035e+04 3.771554e+04 2.921389e+02 3.619357e+04 4.561591e+07
<GCONST> 7.233876e+01
<MIXTURE> 14 1.028345e-01
<MEAN> 6
 8.848518e+01 1.053527e+03 2.391087e+02 -1.494269e+00 -1.295677e+00 -4.087244e+01
<VARIANCE> 6
 3.160286e+01 3.242331e+04 1.515386e+04 2.921389e+02 3.619357e+04 4.561591e+07
<GCONST> 6.830279e+01
<MIXTURE> 15 6.301202e-02
<MEAN> 6
 9.541782e+01 -2.152642e+02 6.911589e+02 -4.089627e+00 4.077756e+00 -1.098431e+02
<VARIANCE> 6
 3.160286e+01 4.021703e+04 2.685879e+04 2.921389e+02 3.619357e+04 4.561591e+07
<GCONST> 6.909054e+01
<STATE> 5
<NUMMIXES> 15
<MIXTURE> 1 6.355823e-03
<MEAN> 6
 1.406691e+01 -2.732268e+02 5.266560e+00 -2.001377e+00 -5.310950e+02 8.964177e+03
<VARIANCE> 6
 9.039272e+03 9.812063e+05 1.047458e+06 1.190430e+06 6.313865e+08 9.117655e+11
<GCONST> 1.095869e+02
<MIXTURE> 2 8.587695e-02
<MEAN> 6
 2.453285e+01 1.250448e+02 6.160471e+00 2.013472e+02 9.345836e+00 -8.425707e+02
<VARIANCE> 6
 8.411674e+02 2.642791e+05 5.523631e+04 3.916840e+03 1.239938e+05 4.561591e+07
<GCONST> 7.880299e+01
<MIXTURE> 3 7.941294e-02
<MEAN> 6
 1.001130e+02 -2.869973e-01 1.221488e+01 3.507207e+01 -1.087963e+03 -7.143754e+02
<VARIANCE> 6
 6.035454e+02 6.652685e+05 1.995482e+05 2.992057e+04 2.895103e+06 1.763630e+09
<GCONST> 8.951731e+01
<MIXTURE> 4 2.017944e-02
<MEAN> 6
 1.167465e+02 3.413553e+02 2.010753e+02 -8.572415e+00 -2.136059e+01 -4.036977e+02
<VARIANCE> 6
 3.107180e+02 1.042706e+07 1.722833e+05 2.921389e+02 3.619357e+04 4.561591e+07
<GCONST> 7.879259e+01
<MIXTURE> 5 3.585690e-02
<MEAN> 6
 2.915872e+00 1.876243e+02 -8.149792e+01 -4.955652e+01 1.461010e+02 7.663588e+02
<VARIANCE> 6
 4.778837e+03 9.667585e+06 1.560271e+06 6.119740e+04 2.395133e+06 1.284037e+09
<GCONST> 9.652795e+01
<MIXTURE> 6 5.634599e-02
<MEAN> 6
 -3.223340e+01 2.610427e+01 1.122637e+01 -2.456092e+02 1.583114e+03 7.766380e+03
<VARIANCE> 6
 4.251877e+02 1.283833e+05 7.299761e+04 1.705387e+04 1.437538e+06 1.076366e+09
<GCONST> 8.476018e+01
<MIXTURE> 7 8.934270e-02
<MEAN> 6
 8.380865e+01 1.280613e+01 5.331028e+01 -2.134771e+01 -5.763584e+02 -6.840986e+02
<VARIANCE> 6
 3.156521e+02 2.622587e+05 1.430383e+05 1.823632e+04 1.352664e+05 5.657943e+07
<GCONST> 8.060719e+01
<MIXTURE> 8 9.604031e-02
<MEAN> 6
 -5.179357e+01 6.903431e+01 2.885430e+01 8.222576e+00 2.491142e+02 5.226668e+02
<VARIANCE> 6
 2.247593e+02 2.296901e+05 7.291855e+04 1.551546e+03 8.958405e+04 4.561591e+07
<GCONST> 7.636958e+01
<MIXTURE> 9 9.018198e-02
<MEAN> 6
 2.354139e+01 1.074550e+01 9.063098e+01 -2.906973e+02 -3.251056e+02 6.879568e+03
<VARIANCE> 6
 6.016460e+02 1.550795e+05 1.711545e+05 1.049613e+04 6.238221e+05 2.237586e+08
<GCONST> 8.325740e+01
<MIXTURE> 10 7.983454e-02
<MEAN> 6
 9.431534e+01 -1.657336e+02 4.421021e+01 -5.525670e+00 -2.779149e+01 -1.459388e+02
<VARIANCE> 6
 2.103365e+02 1.268739e+05 6.361788e+04 2.921389e+02 3.619357e+04 4.561591e+07
<GCONST> 7.299720e+01
<MIXTURE> 11 7.587426e-02
<MEAN> 6
 -3.681634e+01 4.843612e+01 1.939613e+01 1.092069e+02 9.539664e+02 -1.255995e+03
<VARIANCE> 6
 2.155251e+02 1.404306e+05 4.435470e+04 1.841198e+04 2.385557e+05 7.238058e+07
<GCONST> 7.925334e+01
<MIXTURE> 12 5.615700e-02
<MEAN> 6
 2.448152e+01 -5.914920e+01 3.060047e+01 3.318684e+02 1.760417e+01 -9.375740e+03
<VARIANCE> 6
 8.858527e+02 1.991243e+05 9.776510e+04 4.227751e+03 5.903776e+05 1.891937e+08
<GCONST> 8.220205e+01
<MIXTURE> 13 8.776733e-02
<MEAN> 6
 8.054426e+01 1.092942e+01 2.466281e+01 -4.133817e+01 -9.511131e+02 -1.596459e+03
<VARIANCE> 6
 3.339133e+02 5.221014e+04 3.830527e+04 2.806398e+04 4.331934e+05 1.412367e+08
<GCONST> 8.024165e+01
<MIXTURE> 14 7.444328e-02
<MEAN> 6
 8.922686e+01 6.259734e+01 -2.279162e+02 -2.498967e+00 -1.255662e+01 -2.578894e+02
<VARIANCE> 6
 3.443288e+02 6.590688e+05 1.317027e+05 2.921389e+02 3.619357e+04 4.561591e+07
<GCONST> 7.586538e+01
<MIXTURE> 15 6.551489e-02
<MEAN> 6
 -5.582434e+01 -6.708138e+01 -5.602490e+01 1.418266e+01 9.975313e+02 -2.845504e+03
<VARIANCE> 6
 2.838300e+02 3.365988e+05 2.233040e+05 1.546062e+04 3.932684e+05 2.321810e+08
<GCONST> 8.350990e+01
<TRANSP> 6
 0.000000e+00 1.000000e+00 0.000000e+00 0.000000e+00 0.000000e+00 0.000000e+00
 0.000000e+00 9.998430e-01 1.570057e-04 0.000000e+00 0.000000e+00 0.000000e+00
 0.000000e+00 0.000000e+00 9.995173e-01 4.827032e-04 0.000000e+00 0.000000e+00
 0.000000e+00 0.000000e+00 0.000000e+00 9.992037e-01 7.962550e-04 0.000000e+00
 0.000000e+00 0.000000e+00 0.000000e+00 0.000000e+00 9.999420e-01 5.801094e-05
 0.000000e+00 0.000000e+00 0.000000e+00 0.000000e+00 0.000000e+00 0.000000e+00
<ENDHMM>
~h "SegundoESO"
<BEGINHMM>
<NUMSTATES> 6
<STATE> 2
<NUMMIXES> 15
<MIXTURE> 1 1.656065e-02
<MEAN> 6
 7.677911e+01 6.304937e+03 1.201331e+03 1.676197e+00 -1.527876e+01 -2.230015e+02
<VARIANCE> 6
 9.377814e+01 6.002298e+07 3.843663e+07 2.921389e+02 3.619357e+04 4.561591e+07
<GCONST> 8.475259e+01
<MIXTURE> 2 4.320720e-02
<MEAN> 6
 8.563287e+01 3.651464e+02 4.790540e+02 4.210284e+01 -1.111700e+03 -3.136259e+02
<VARIANCE> 6
 3.540104e+02 1.922049e+07 1.247371e+07 2.462902e+04 1.087569e+06 5.753271e+08
<GCONST> 9.418879e+01
<MIXTURE> 3 8.843195e-02
<MEAN> 6
 4.132118e+01 7.605273e+02 -9.381750e+01 2.116021e+02 -3.713956e+02 -1.900837e+03
<VARIANCE> 6
 4.894546e+02 7.129456e+06 6.143830e+06 5.412326e+03 1.121772e+05 4.561591e+07
<GCONST> 8.649129e+01
<MIXTURE> 4 8.326059e-02
<MEAN> 6
 -5.080405e+01 3.494117e+02 1.207038e+03 -3.826160e+01 1.238285e+03 1.133921e+03
<VARIANCE> 6
 3.023023e+02 1.671814e+06 5.242360e+06 4.130365e+04 4.898255e+05 3.002965e+08
<GCONST> 8.979118e+01
<MIXTURE> 5 5.625156e-02
<MEAN> 6
 7.523701e+01 -2.532166e+02 1.998282e+03 7.958669e-01 -2.326998e+01 -3.871753e+01
<VARIANCE> 6
 3.287304e+01 6.912047e+05 5.285329e+05 2.921389e+02 3.619357e+04 4.561591e+07
<GCONST> 7.495360e+01
<MIXTURE> 6 7.969995e-02
<MEAN> 6
 -6.315712e+01 3.247867e+02 4.980705e+02 1.090886e+01 1.913659e+02 9.302570e+01
<VARIANCE> 6
 6.610403e+01 1.079286e+06 3.657755e+06 8.770287e+02 5.754866e+04 4.561591e+07
<GCONST> 7.959535e+01
<MIXTURE> 7 7.096466e-02
<MEAN> 6
 8.221066e+01 -1.963891e+02 8.502887e+02 6.013686e+01 -4.296244e+02 7.656605e+01
<VARIANCE> 6
 2.022921e+02 9.635606e+05 3.968484e+06 5.702356e+03 7.400943e+04 4.561591e+07
<GCONST> 8.280561e+01
<MIXTURE> 8 6.018143e-02
<MEAN> 6
 7.049845e+01 1.315560e+02 -5.075904e+03 -5.849972e-04 -5.598166e+00 -1.048604e+02
<VARIANCE> 6
 1.262325e+02 2.959286e+05 9.289363e+06 2.921389e+02 3.619357e+04 4.561591e+07
<GCONST> 7.831728e+01
<MIXTURE> 9 9.334136e-02
<MEAN> 6
 -1.408813e+01 5.191024e+02 -3.169899e+02 3.635094e+01 2.735609e+02 -2.494588e+03
<VARIANCE> 6
 2.635688e+02 3.930000e+06 4.801780e+06 4.241575e+04 8.103442e+04 5.414208e+07
<GCONST> 8.693525e+01
<MIXTURE> 10 7.094587e-02
<MEAN> 6
 2.440591e+01 -1.304722e+02 3.092846e+02 -2.704748e+02 -2.925359e+02 5.852245e+03
<VARIANCE> 6
 5.599382e+02 4.560059e+06 4.435297e+06 6.265464e+03 3.772180e+05 9.174036e+07
<GCONST> 8.791090e+01
<MIXTURE> 11 9.362032e-02
<MEAN> 6
 7.494239e+01 1.158334e+03 -1.682752e+03 6.792275e-01 -1.544931e+01 -7.292387e+01
<VARIANCE> 6
 3.160286e+01 7.116467e+05 3.353956e+06 2.921389e+02 3.619357e+04 4.561591e+07
<GCONST> 7.679113e+01
<MIXTURE> 12 6.121128e-02
<MEAN> 6
 -4.720184e+01 -1.208805e+02 2.116927e+02 5.340154e+01 6.339986e+02 -1.014484e+02
<VARIANCE> 6
 1.924526e+02 1.691067e+07 4.359662e+05 1.520253e+04 1.649811e+05 4.561591e+07
<GCONST> 8.519446e+01
<MIXTURE> 13 5.665705e-02
<MEAN> 6
 9.200816e+01 -1.766372e+03 1.261548e+03 -5.838922e+00 -2.351767e+01 -8.065809e+01
<VARIANCE> 6
 1.761020e+02 5.082944e+06 2.817659e+07 2.921389e+02 3.619357e+04 4.561591e+07
<GCONST> 8.260336e+01
<MIXTURE> 14 6.638926e-02
<MEAN> 6
 7.481307e+01 -7.061180e+02 -3.168645e+02 -1.221979e+02 -6.658509e+02 -1.086177e+03
<VARIANCE> 6
 2.133817e+02 4.474091e+06 3.390257e+06 4.933289e+03 1.833313e+05 4.561591e+07
<GCONST> 8.499915e+01
<MIXTURE> 15 5.901840e-02
<MEAN> 6
 8.891501e+01 -3.130326e+03 9.796123e+02 -7.386860e+00 -4.106150e+01 -2.332014e+02
<VARIANCE> 6
 1.108144e+02 8.523569e+06 4.635148e+06 2.921389e+02 3.619357e+04 4.561591e+07
<GCONST> 8.085227e+01
<STATE> 3
<NUMMIXES> 15
<MIXTURE> 1 5.602279e-02
<MEAN> 6
 8.155972e+01 5.959554e+02 6.739416e+02 -1.278725e+00 4.666475e+00 -7.166287e+01
<VARIANCE> 6
 3.160286e+01 9.489095e+04 6.901700e+04 2.921389e+02 3.619357e+04 4.561591e+07
<GCONST> 7.089274e+01
<MIXTURE> 2 9.369832e-02
<MEAN> 6
 7.437644e+01 4.750250e+02 -7.455987e+02 -6.704579e-01 -4.105764e+00 -6.788672e+01
<VARIANCE> 6
 3.160286e+01 3.140272e+05 1.515386e+04 2.921389e+02 3.619357e+04 4.561591e+07
<GCONST> 7.057339e+01
<MIXTURE> 3 9.193412e-02
<MEAN> 6
 8.469479e+01 -1.335962e+03 1.524572e+02 -1.330345e+00 -3.264560e+00 -9.660752e+01
<VARIANCE> 6
 3.160286e+01 2.173839e+05 1.098967e+05 2.921389e+02 3.619357e+04 4.561591e+07
<GCONST> 7.218686e+01
<MIXTURE> 4 6.388172e-02
<MEAN> 6
 9.182661e+01 2.175718e+02 -1.713604e+03 -5.641177e+00 3.936609e+00 4.231953e+01
<VARIANCE> 6
 3.160286e+01 9.929948e+04 2.060241e+06 2.921389e+02 3.619357e+04 4.561591e+07
<GCONST> 7.433437e+01
<MIXTURE> 5 1.131737e-01
<MEAN> 6
 8.337246e+01 -7.810722e+02 1.802942e+02 -4.486210e-01 -4.815087e-01 -9.892351e+01
<VARIANCE> 6
 3.160286e+01 1.383016e+04 2.219497e+04 2.921389e+02 3.619357e+04 4.561591e+07
<GCONST> 6.783237e+01
<MIXTURE> 6 8.249642e-02
<MEAN> 6
 6.493506e+01 5.568142e+01 -1.040316e+03 -3.007616e-01 -2.238159e+00 -1.233052e+02
<VARIANCE> 6
 3.509753e+01 4.383498e+05 1.290105e+05 2.921389e+02 3.619357e+04 4.561591e+07
<GCONST> 7.315345e+01
<MIXTURE> 7 6.003224e-02
<MEAN> 6
 7.016517e+01 -2.253822e+03 -1.778395e+02 -6.762136e-01 -4.567617e+00 -3.826590e+01
<VARIANCE> 6
 3.160286e+01 6.280864e+04 2.558515e+05 2.921389e+02 3.619357e+04 4.561591e+07
<GCONST> 7.179034e+01
<MIXTURE> 8 5.961482e-02
<MEAN> 6
 7.207324e+01 2.357067e+02 -5.290923e+02 -8.935691e-01 -5.678249e+00 -1.193540e+02
<VARIANCE> 6
 3.160286e+01 5.643569e+04 1.515386e+04 2.921389e+02 3.619357e+04 4.561591e+07
<GCONST> 6.885701e+01
<MIXTURE> 9 5.972815e-02
<MEAN> 6
 6.373169e+01 1.532799e+02 -1.897680e+03 -1.270973e+00 -5.910277e+00 -1.388800e+02
<VARIANCE> 6
 3.615412e+01 2.689130e+04 7.281908e+04 2.921389e+02 3.619357e+04 4.561591e+07
<GCONST> 6.981998e+01
<MIXTURE> 10 4.350019e-02
<MEAN> 6
 7.437737e+01 -3.905463e+02 7.729081e+02 -1.381238e-01 -2.301234e+00 -2.556321e+01
<VARIANCE> 6
 3.160286e+01 1.383016e+04 4.539414e+04 2.921389e+02 3.619357e+04 4.561591e+07
<GCONST> 6.854789e+01
<MIXTURE> 11 2.845760e-02
<MEAN> 6
 8.330525e+01 -3.523757e+03 -1.071506e+02 -5.551895e+00 8.087380e+00 -1.897491e+02
<VARIANCE> 6
 5.388467e+01 9.339768e+05 5.649231e+04 2.921389e+02 3.619357e+04 4.561591e+07
<GCONST> 7.351281e+01
<MIXTURE> 12 5.244862e-02
<MEAN> 6
 7.812803e+01 -4.310152e+02 -6.103649e+01 -7.060155e-01 -9.288092e+00 4.577305e+01
<VARIANCE> 6
 3.160286e+01 1.531623e+04 1.515386e+04 2.921389e+02 3.619357e+04 4.561591e+07
<GCONST> 6.755283e+01
<MIXTURE> 13 7.908544e-02
<MEAN> 6
 5.999555e+01 8.198871e+02 -1.121615e+03 -4.539211e-01 -3.351989e+00 -7.900135e+01
<VARIANCE> 6
 3.160286e+01 4.881971e+05 1.167610e+05 2.921389e+02 3.619357e+04 4.561591e+07
<GCONST> 7.305650e+01
<MIXTURE> 14 5.994421e-02
<MEAN> 6
 7.249186e+01 1.812660e+02 -5.304536e+02 -8.428897e-01 -5.750446e+00 -1.277373e+02
<VARIANCE> 6
 3.160286e+01 5.855061e+04 1.515386e+04 2.921389e+02 3.619357e+04 4.561591e+07
<GCONST> 6.889380e+01
<MIXTURE> 15 5.590953e-02
<MEAN> 6
 7.823905e+01 3.052374e+02 6.654089e+02 -1.566722e+00 2.207901e+00 -6.306255e+01
<VARIANCE> 6
 3.160286e+01 2.460061e+04 1.964517e+05 2.921389e+02 3.619357e+04 4.561591e+07
<GCONST> 7.058884e+01
<STATE> 4
<NUMMIXES> 15
<MIXTURE> 1 8.159177e-02
<MEAN> 6
 7.278022e+01 6.143257e+02 3.226339e+02 -5.609540e-01 -3.889386e+00 -6.370487e+01
<VARIANCE> 6
 3.160286e+01 2.233990e+04 1.515386e+04 2.921389e+02 3.619357e+04 4.561591e+07
<GCONST> 6.793028e+01
<MIXTURE> 2 6.216127e-02
<MEAN> 6
 5.932929e+01 2.271188e+03 -2.827506e+02 3.527345e-01 -4.096384e+00 -1.741263e+02
<VARIANCE> 6
 3.160286e+01 1.712630e+05 1.515386e+04 2.921389e+02 3.619357e+04 4.561591e+07
<GCONST> 6.996711e+01
<MIXTURE> 3 6.979616e-02
<MEAN> 6
 7.139211e+01 4.025724e+02 -1.665839e+02 3.062990e-01 -1.023082e+01 -1.431525e+02
<VARIANCE> 6
 3.456285e+01 4.029412e+04 1.515386e+04 2.921389e+02 3.619357e+04 4.561591e+07
<GCONST> 6.860965e+01
<MIXTURE> 4 8.097400e-02
<MEAN> 6
 5.829325e+01 5.751090e+02 6.048222e+01 4.333695e-01 2.823500e+00 -8.434512e+01
<VARIANCE> 6
 3.160286e+01 4.375079e+04 1.515386e+04 2.921389e+02 3.619357e+04 4.561591e+07
<GCONST> 6.860242e+01
<MIXTURE> 5 5.478910e-02
<MEAN> 6
 6.954192e+01 1.027059e+03 8.079122e+01 -6.141629e-01 -5.481455e+00 -1.481315e+02
<VARIANCE> 6
 3.160286e+01 1.705574e+05 1.515386e+04 2.921389e+02 3.619357e+04 4.561591e+07
<GCONST> 6.996298e+01
<MIXTURE> 6 9.380314e-02
<MEAN> 6
 6.102859e+01 1.084384e+01 -1.149638e+02 -1.005078e-01 -5.795527e+00 -1.638659e+02
<VARIANCE> 6
 3.160286e+01 1.383016e+04 1.515386e+04 2.921389e+02 3.619357e+04 4.561591e+07
<GCONST> 6.745076e+01
<MIXTURE> 7 1.642187e-04
<MEAN> 6
 7.642134e+01 -1.044616e+03 -1.048755e+03 -1.203694e+01 -2.918543e+02 -5.852904e+03
<VARIANCE> 6
 1.183485e+02 7.090204e+06 8.428590e+06 2.921389e+02 9.446438e+04 5.596032e+07
<GCONST> 8.249562e+01
<MIXTURE> 8 1.045541e-01
<MEAN> 6
 6.866786e+01 -4.132287e+01 2.245490e+02 -3.053958e-01 -4.440611e+00 -1.225779e+02
<VARIANCE> 6
 3.160286e+01 7.717985e+04 1.515386e+04 2.921389e+02 3.619357e+04 4.561591e+07
<GCONST> 6.917005e+01
<MIXTURE> 9 5.888360e-02
<MEAN> 6
 6.653235e+01 -7.520270e+02 9.387798e+01 1.407564e-01 -3.473515e+00 -1.151463e+02
<VARIANCE> 6
 3.160286e+01 4.101934e+05 2.646699e+04 2.921389e+02 3.619357e+04 4.561591e+07
<GCONST> 7.139819e+01
<MIXTURE> 10 4.478513e-02
<MEAN> 6
 5.681971e+01 -2.152836e+03 -3.441792e+02 7.168280e-02 -4.001809e+00 -1.166943e+02
<VARIANCE> 6
 3.160286e+01 1.698396e+05 1.548284e+04 2.921389e+02 3.619357e+04 4.561591e+07
<GCONST> 6.998024e+01
<MIXTURE> 11 9.303521e-02
<MEAN> 6
 6.708208e+01 4.441761e+02 -2.062943e+02 6.851037e-01 -3.741453e+00 -1.159385e+02
<VARIANCE> 6
 3.160286e+01 1.383016e+04 1.515386e+04 2.921389e+02 3.619357e+04 4.561591e+07
<GCONST> 6.745076e+01
<MIXTURE> 12 9.081396e-02
<MEAN> 6
 6.728576e+01 -1.790867e+02 2.877949e+02 -1.825696e-01 -4.397383e+00 -9.766567e+01
<VARIANCE> 6
 3.160286e+01 7.394241e+04 2.227613e+04 2.921389e+02 3.619357e+04 4.561591e+07
<GCONST> 6.951246e+01
<MIXTURE> 13 4.154685e-02
<MEAN> 6
 5.795511e+01 5.912493e+01 -2.410378e+02 1.949270e-01 4.960467e-01 -9.679046e+01
<VARIANCE> 6
 3.160286e+01 1.383016e+04 3.097854e+04 2.921389e+02 3.619357e+04 4.561591e+07
<GCONST> 6.816580e+01
<MIXTURE> 14 7.079146e-02
<MEAN> 6
 6.068435e+01 -2.794071e+02 -9.540977e+01 -2.752695e-01 -2.620077e+00 -1.252194e+02
<VARIANCE> 6
 3.160286e+01 1.123227e+05 1.793751e+04 2.921389e+02 3.619357e+04 4.561591e+07
<GCONST> 6.971392e+01
<MIXTURE> 15 5.217537e-02
<MEAN> 6
 6.923631e+01 9.698155e+02 6.472386e+01 -5.597440e-01 -5.645968e+00 -1.424599e+02
<VARIANCE> 6
 3.160286e+01 2.599112e+05 1.515386e+04 2.921389e+02 3.619357e+04 4.561591e+07
<GCONST> 7.038425e+01
<STATE> 5
<NUMMIXES> 15
<MIXTURE> 1 8.348288e-02
<MEAN> 6
 8.290125e+01 -1.993429e+01 1.187147e+02 -5.347719e+00 -2.602720e+01 1.377322e+02
<VARIANCE> 6
 2.018267e+02 1.757825e+06 1.232062e+06 2.921389e+02 3.619357e+04 4.561591e+07
<GCONST> 7.854810e+01
<MIXTURE> 2 2.616088e-02
<MEAN> 6
 4.525196e+01 -4.353504e+02 2.278466e+00 -6.651219e+01 -6.746110e+02 4.180265e+03
<VARIANCE> 6
 1.766040e+03 5.543266e+06 4.084697e+06 4.903173e+04 1.270755e+06 7.999059e+08
<GCONST> 9.460995e+01
<MIXTURE> 3 1.023696e-01
<MEAN> 6
 -4.382077e+01 7.191456e+01 9.921259e+00 6.848643e+01 9.155620e+02 -1.094561e+03
<VARIANCE> 6
 1.649669e+02 4.169639e+05 1.874223e+05 1.452976e+04 1.374411e+05 6.520385e+07
<GCONST> 8.062282e+01
<MIXTURE> 4 5.144627e-02
<MEAN> 6
 2.906475e+01 5.352256e+02 1.449422e+02 1.614358e+02 -1.291306e+02 -1.136775e+03
<VARIANCE> 6
 4.867439e+02 8.786324e+05 3.247202e+05 5.068727e+03 6.950948e+04 4.561591e+07
<GCONST> 8.090768e+01
<MIXTURE> 5 1.053483e-01
<MEAN> 6
 7.033581e+00 -3.163778e+01 1.304604e+02 -2.276427e+02 2.750785e+00 5.041120e+03
<VARIANCE> 6
 5.438862e+02 7.677658e+05 3.202235e+05 5.806506e+03 2.222164e+05 1.330622e+08
<GCONST> 8.323849e+01
<MIXTURE> 6 9.993494e-02
<MEAN> 6
 6.892463e+01 -3.317773e+02 1.249307e+02 -1.715009e+01 -6.528218e+02 1.479334e+01
<VARIANCE> 6
 2.339762e+02 1.388370e+06 5.596948e+05 1.682000e+04 1.351352e+05 4.561591e+07
<GCONST> 8.304139e+01
<MIXTURE> 7 6.994478e-02
<MEAN> 6
 -7.558839e+00 7.245096e+01 -1.017912e+01 4.970908e+01 1.319922e+02 -4.903631e+02
<VARIANCE> 6
 2.953981e+02 2.554934e+05 4.915092e+04 1.827573e+04 4.516214e+04 4.561591e+07
<GCONST> 7.813630e+01
<MIXTURE> 8 7.097890e-02
<MEAN> 6
 -5.199078e+01 1.750073e+01 1.550015e+01 1.941166e+01 2.647389e+02 -1.009136e+02
<VARIANCE> 6
 1.988065e+02 3.630356e+05 5.396960e+05 7.534049e+02 7.525391e+04 4.561591e+07
<GCONST> 7.780961e+01
<MIXTURE> 9 5.806240e-02
<MEAN> 6
 5.719168e+01 2.154866e+01 -3.610714e+01 6.393658e+01 -3.052513e+02 -6.706686e+02
<VARIANCE> 6
 1.917478e+02 1.326229e+05 6.718296e+04 1.153315e+04 5.578704e+04 4.561591e+07
<GCONST> 7.711193e+01
<MIXTURE> 10 4.829942e-02
<MEAN> 6
 8.090717e+01 8.801960e+01 4.419648e+00 2.135351e+01 -1.023232e+03 -2.531640e+03
<VARIANCE> 6
 2.995296e+02 8.609539e+05 1.917680e+05 1.927834e+04 6.398245e+05 3.594500e+08
<GCONST> 8.549509e+01
<MIXTURE> 11 7.721776e-02
<MEAN> 6
 7.557223e+01 -8.870827e+01 3.246614e+01 -5.247753e+00 -3.664900e+01 -1.749753e+02
<VARIANCE> 6
 1.146728e+02 4.026044e+05 9.977789e+04 2.921389e+02 3.619357e+04 4.561591e+07
<GCONST> 7.399539e+01
<MIXTURE> 12 4.819967e-02
<MEAN> 6
 -4.828300e+01 1.833319e+02 4.580732e+01 -1.343535e+02 1.475946e+03 3.563154e+03
<VARIANCE> 6
 2.071059e+02 7.948710e+05 8.702234e+05 1.672169e+04 6.502363e+05 5.427692e+08
<GCONST> 8.684468e+01
<MIXTURE> 13 4.419308e-02
<MEAN> 6
 -1.831474e+01 -2.297134e+01 3.493150e+01 6.149400e+01 3.140268e+02 -6.198441e+03
<VARIANCE> 6
 1.436924e+02 1.115933e+05 6.851862e+04 3.237677e+04 1.927265e+05 1.276687e+08
<GCONST> 7.997159e+01
<MIXTURE> 14 5.794255e-02
<MEAN> 6
 5.730459e+01 5.276118e+00 2.690919e+01 -7.805714e+01 -6.095401e+02 8.968820e+02
<VARIANCE> 6
 2.448936e+02 1.652138e+05 3.233811e+04 1.910350e+04 1.471117e+05 4.561591e+07
<GCONST> 7.831943e+01
<MIXTURE> 15 5.551937e-02
<MEAN> 6
 1.953468e+01 -1.257961e+02 -1.183960e+02 2.126213e+02 -1.643184e+02 -3.460000e+03
<VARIANCE> 6
 4.186380e+02 3.454082e+05 6.690124e+05 6.092517e+03 1.229412e+05 4.561591e+07
<GCONST> 8.130035e+01
<TRANSP> 6
 0.000000e+00 1.000000e+00 0.000000e+00 0.000000e+00 0.000000e+00 0.000000e+00
 0.000000e+00 9.998275e-01 1.724949e-04 0.000000e+00 0.000000e+00 0.000000e+00
 0.000000e+00 0.000000e+00 9.994708e-01 5.291752e-04 0.000000e+00 0.000000e+00
 0.000000e+00 0.000000e+00 0.000000e+00 9.995185e-01 4.815058e-04 0.000000e+00
 0.000000e+00 0.000000e+00 0.000000e+00 0.000000e+00 9.999433e-01 5.676198e-05
 0.000000e+00 0.000000e+00 0.000000e+00 0.000000e+00 0.000000e+00 0.000000e+00
<ENDHMM>
~h "QuintoPRIMARIA"
<BEGINHMM>
<NUMSTATES> 6
<STATE> 2
<NUMMIXES> 15
<MIXTURE> 1 5.734779e-02
<MEAN> 6
 7.762299e+01 2.032515e+01 1.198871e+02 -6.981799e+00 -4.011345e+01 -4.477673e+02
<VARIANCE> 6
 5.639027e+01 2.488395e+04 6.466580e+04 2.921389e+02 3.619357e+04 4.561591e+07
<GCONST> 7.006816e+01
<MIXTURE> 2 1.706693e-02
<MEAN> 6
 9.739388e+00 -3.453439e+02 -2.835213e+02 -2.016440e+02 -5.029469e+01 1.511515e+04
<VARIANCE> 6
 2.448224e+03 1.040830e+06 3.182430e+06 4.348025e+04 2.889455e+06 1.082423e+09
<GCONST> 9.401817e+01
<MIXTURE> 3 9.166475e-02
<MEAN> 6
 3.416144e+01 -7.145328e+00 1.234413e+01 1.764144e+02 -1.760910e+02 -2.877786e+02
<VARIANCE> 6
 5.423036e+02 7.154377e+04 7.930558e+04 4.196316e+03 1.234711e+05 4.561591e+07
<GCONST> 7.748371e+01
<MIXTURE> 4 4.943876e-02
<MEAN> 6
 9.262437e+01 8.906434e+01 -5.793008e+01 4.387600e+01 -1.171215e+03 -7.683811e+02
<VARIANCE> 6
 1.381157e+02 1.991973e+05 1.533373e+05 1.548466e+04 1.215924e+06 7.206013e+08
<GCONST> 8.415202e+01
<MIXTURE> 5 5.445611e-02
<MEAN> 6
 6.587851e+01 -4.063120e+00 -1.653457e+02 -3.114654e+01 -6.847560e+02 5.351678e+02
<VARIANCE> 6
 3.028383e+02 7.283019e+05 2.750832e+05 2.617137e+04 2.178077e+05 6.515908e+07
<GCONST> 8.321989e+01
<MIXTURE> 6 5.270656e-02
<MEAN> 6
 -3.612278e+01 7.857030e+01 1.957929e+02 1.428218e+02 8.233452e+02 -7.024258e+02
<VARIANCE> 6
 3.822711e+02 1.473099e+05 2.933468e+05 8.690802e+03 1.999372e+05 4.561591e+07
<GCONST> 8.037434e+01
<MIXTURE> 7 1.075810e-01
<MEAN> 6
 7.694156e+00 -3.475867e+00 -4.829912e+01 -2.329248e+02 -6.177050e+01 4.221527e+03
<VARIANCE> 6
 5.457515e+02 6.809648e+04 1.118966e+05 6.690499e+03 3.200976e+05 1.744387e+08
<GCONST> 8.054534e+01
<MIXTURE> 8 1.128286e-01
<MEAN> 6
 7.701120e+01 -3.293133e+01 -1.541922e+02 -4.562230e+00 -1.743429e+01 -2.350336e+02
<VARIANCE> 6
 1.621692e+02 3.544424e+05 1.862236e+05 2.921389e+02 3.619357e+04 4.561591e+07
<GCONST> 7.483854e+01
<MIXTURE> 9 7.554824e-02
<MEAN> 6
 -5.005932e+01 2.427578e+01 -1.785351e+00 1.746515e+01 1.536456e+02 1.794302e+02
<VARIANCE> 6
 2.681990e+02 1.000201e+05 9.571687e+04 5.026347e+02 5.406999e+04 4.561591e+07
<GCONST> 7.435493e+01
<MIXTURE> 10 6.462488e-02
<MEAN> 6
 7.566978e+01 9.158672e+01 -1.926097e+01 -5.286096e+00 -4.495156e+02 -4.951336e+02
<VARIANCE> 6
 2.821834e+02 8.021991e+04 3.948349e+04 1.292933e+04 1.180882e+05 4.561591e+07
<GCONST> 7.732819e+01
<MIXTURE> 11 7.603428e-02
<MEAN> 6
 5.883731e+01 -3.167940e+01 7.689165e+01 5.690763e-02 -1.699324e+01 -2.167380e+02
<VARIANCE> 6
 3.160286e+01 2.439983e+04 1.247665e+05 2.921389e+02 3.619357e+04 4.561591e+07
<GCONST> 7.012667e+01
<MIXTURE> 12 6.517406e-02
<MEAN> 6
 -4.756631e+01 -6.425626e+01 -1.625189e+01 -1.114024e+02 1.469020e+03 1.558679e+03
<VARIANCE> 6
 2.719829e+02 1.063435e+05 1.258414e+05 2.315031e+04 6.103378e+05 5.506262e+08
<GCONST> 8.344830e+01
<MIXTURE> 13 4.626202e-02
<MEAN> 6
 1.058025e+01 -2.604843e+00 8.986861e+01 3.083700e+02 7.996207e+00 -1.164493e+04
<VARIANCE> 6
 6.396180e+02 1.538096e+05 1.443588e+05 4.237812e+03 6.777044e+05 1.567563e+08
<GCONST> 8.196014e+01
<MIXTURE> 14 5.525266e-02
<MEAN> 6
 6.289972e+01 7.927278e+00 4.432625e+01 -9.570172e+01 -8.862363e+02 -1.182492e+03
<VARIANCE> 6
 2.306657e+02 4.867706e+04 6.609433e+04 1.767477e+04 2.395245e+05 7.216750e+07
<GCONST> 7.862083e+01
<MIXTURE> 15 7.359666e-02
<MEAN> 6
 -4.324852e+01 -4.786672e+01 -9.630445e+00 4.190850e+01 6.916169e+02 -6.746756e+02
<VARIANCE> 6
 3.098605e+02 7.907893e+04 6.254129e+04 1.136136e+04 9.796943e+04 4.819082e+07
<GCONST> 7.760623e+01
<STATE> 3
<NUMMIXES> 15
<MIXTURE> 1 4.384001e-02
<MEAN> 6
 1.119649e+02 2.397761e+03 -6.141619e+02 -5.508913e+00 1.079891e+01 8.274780e+01
<VARIANCE> 6
 1.926333e+02 1.603898e+06 2.129795e+04 2.921389e+02 3.619357e+04 4.561591e+07
<GCONST> 7.435200e+01
<MIXTURE> 2 2.932015e-02
<MEAN> 6
 6.655865e+01 -6.059612e+02 -3.155076e+03 9.672712e+00 -1.801989e+01 -2.566646e+02
<VARIANCE> 6
 1.616754e+02 9.546110e+05 8.641046e+06 3.711011e+02 3.619357e+04 4.561591e+07
<GCONST> 7.990282e+01
<MIXTURE> 3 9.198392e-02
<MEAN> 6
 7.689287e+01 2.922273e+02 3.812558e+03 9.743147e-02 -1.817573e+00 -1.027599e+02
<VARIANCE> 6
 8.883107e+01 8.321314e+04 1.673001e+05 2.921389e+02 3.619357e+04 4.561591e+07
<GCONST> 7.268034e+01
<MIXTURE> 4 9.892342e-02
<MEAN> 6
 6.172412e+01 3.667952e+02 -3.080619e+03 3.249794e-01 -6.061500e+00 -1.098295e+02
<VARIANCE> 6
 3.160286e+01 1.006809e+05 1.034197e+05 2.921389e+02 3.619357e+04 4.561591e+07
<GCONST> 7.135641e+01
<MIXTURE> 5 7.338367e-02
<MEAN> 6
 7.064124e+01 1.295200e+03 1.415842e+03 -3.453646e-01 1.233686e+00 -1.415822e+02
<VARIANCE> 6
 3.160286e+01 3.668798e+05 1.459253e+05 2.921389e+02 3.619357e+04 4.561591e+07
<GCONST> 7.299378e+01
<MIXTURE> 6 9.454822e-02
<MEAN> 6
 5.044293e+01 -4.079313e+02 8.010544e+02 1.260947e+00 -3.625473e+00 -6.823608e+01
<VARIANCE> 6
 3.160286e+01 6.870182e+05 6.107018e+05 2.921389e+02 3.619357e+04 4.561591e+07
<GCONST> 7.505263e+01
<MIXTURE> 7 9.954501e-02
<MEAN> 6
 7.830777e+01 -4.902243e+02 1.593381e+03 -5.930135e-01 -4.112690e+00 -8.260880e+01
<VARIANCE> 6
 3.160286e+01 2.592381e+04 4.261535e+05 2.921389e+02 3.619357e+04 4.561591e+07
<GCONST> 7.141562e+01
<MIXTURE> 8 5.302767e-02
<MEAN> 6
 8.728965e+01 4.701887e+02 -9.221752e+02 -2.643707e+00 2.402240e+00 -1.027325e+02
<VARIANCE> 6
 3.151420e+02 1.570150e+04 1.602294e+05 2.921389e+02 3.619357e+04 4.561591e+07
<GCONST> 7.223579e+01
<MIXTURE> 9 7.857153e-02
<MEAN> 6
 6.491545e+01 -5.330706e+02 -1.467930e+03 1.093220e+00 -2.581895e+00 -6.433644e+01
<VARIANCE> 6
 4.331446e+01 4.210950e+04 4.613071e+04 2.921389e+02 3.619357e+04 4.561591e+07
<GCONST> 6.999265e+01
<MIXTURE> 10 5.784229e-02
<MEAN> 6
 6.615050e+01 1.375145e+03 -5.977267e+02 -2.843752e-01 -3.634734e+00 -1.012353e+02
<VARIANCE> 6
 3.160286e+01 3.563469e+04 4.867921e+04 2.921389e+02 3.619357e+04 4.561591e+07
<GCONST> 6.956422e+01
<MIXTURE> 11 3.110187e-02
<MEAN> 6
 5.698752e+01 -8.429843e+03 -1.992101e+03 -3.531191e-01 -4.924225e+00 -7.525130e+01
<VARIANCE> 6
 3.160286e+01 2.348653e+07 3.206446e+04 2.921389e+02 3.619357e+04 4.561591e+07
<GCONST> 7.563758e+01
<MIXTURE> 12 4.801464e-02
<MEAN> 6
 9.028968e+01 1.819682e+03 -2.014839e+02 -2.233172e+00 -2.412148e+00 -1.799700e+02
<VARIANCE> 6
 3.160286e+01 4.396203e+05 1.515386e+04 2.921389e+02 3.619357e+04 4.561591e+07
<GCONST> 7.090982e+01
<MIXTURE> 13 9.730487e-02
<MEAN> 6
 6.347149e+01 -1.210836e+03 -6.168802e+03 -6.258447e-01 -4.744751e+00 -3.512848e+01
<VARIANCE> 6
 3.160286e+01 1.488523e+06 4.179339e+06 2.921389e+02 3.619357e+04 4.561591e+07
<GCONST> 7.774910e+01
<MIXTURE> 14 4.489761e-02
<MEAN> 6
 6.470950e+01 1.097521e+03 -1.272551e+03 5.706464e-01 -1.044208e+00 -1.003970e+02
<VARIANCE> 6
 3.673802e+01 2.144373e+04 1.668765e+05 2.921389e+02 3.619357e+04 4.561591e+07
<GCONST> 7.043890e+01
<MIXTURE> 15 5.765266e-02
<MEAN> 6
 7.486446e+01 4.509775e+02 -1.373290e+03 -1.480339e+00 7.262051e-01 -5.971501e+01
<VARIANCE> 6
 3.192571e+02 2.853002e+04 9.233775e+04 2.921389e+02 3.619357e+04 4.561591e+07
<GCONST> 7.229482e+01
<STATE> 4
<NUMMIXES> 15
<MIXTURE> 1 4.810831e-02
<MEAN> 6
 8.637794e+01 6.876751e+01 6.533273e+01 -3.943918e+00 3.507447e+00 9.659887e+00
<VARIANCE> 6
 3.160286e+01 1.383016e+04 1.515386e+04 2.921389e+02 3.619357e+04 4.561591e+07
<GCONST> 6.745076e+01
<MIXTURE> 2 4.474530e-02
<MEAN> 6
 7.874846e+01 2.062264e+02 4.467445e+02 -4.205836e+00 8.101362e+00 -5.353922e+01
<VARIANCE> 6
 1.952062e+02 3.751045e+04 1.515386e+04 2.921389e+02 3.619357e+04 4.561591e+07
<GCONST> 7.026934e+01
<MIXTURE> 3 3.589728e-02
<MEAN> 6
 6.723610e+01 3.903240e+00 -3.578315e+02 -1.798546e+00 -4.855232e+00 -4.064174e+01
<VARIANCE> 6
 3.160286e+01 7.185395e+04 1.065204e+05 2.921389e+02 3.619357e+04 4.561591e+07
<GCONST> 7.104863e+01
<MIXTURE> 4 5.988791e-02
<MEAN> 6
 7.859798e+01 -2.488094e+02 3.709763e+02 -2.650131e+00 -5.068649e+00 2.137058e+01
<VARIANCE> 6
 3.160286e+01 2.448517e+04 1.769483e+04 2.921389e+02 3.619357e+04 4.561591e+07
<GCONST> 6.817699e+01
<MIXTURE> 5 5.682746e-02
<MEAN> 6
 8.104031e+01 5.060736e+02 -2.720350e+02 -1.966508e+00 -3.259071e+00 -7.165253e+01
<VARIANCE> 6
 3.160286e+01 1.383016e+04 1.515386e+04 2.921389e+02 3.619357e+04 4.561591e+07
<GCONST> 6.745076e+01
<MIXTURE> 6 7.802051e-02
<MEAN> 6
 7.703489e+01 -9.694054e+02 -7.159100e+01 -1.602145e+00 -3.643610e+00 -1.808551e+01
<VARIANCE> 6
 3.160286e+01 1.349760e+05 4.071762e+04 2.921389e+02 3.619357e+04 4.561591e+07
<GCONST> 7.071741e+01
<MIXTURE> 7 7.370067e-02
<MEAN> 6
 6.626167e+01 -3.193698e+02 -1.517557e+02 -4.201334e-01 3.481120e-01 -2.967238e+01
<VARIANCE> 6
 3.160286e+01 2.663893e+04 4.743014e+04 2.921389e+02 3.619357e+04 4.561591e+07
<GCONST> 6.924728e+01
<MIXTURE> 8 7.986785e-02
<MEAN> 6
 8.160779e+01 -1.607220e+02 -3.833553e+02 -1.329717e+00 -5.942381e+00 -3.953793e+01
<VARIANCE> 6
 3.160286e+01 3.814842e+04 2.998744e+04 2.921389e+02 3.619357e+04 4.561591e+07
<GCONST> 6.914792e+01
<MIXTURE> 9 7.837452e-02
<MEAN> 6
 6.757045e+01 1.865289e+02 1.636658e+02 -2.585849e+00 5.921680e+00 -1.018937e+01
<VARIANCE> 6
 3.160286e+01 1.383016e+04 1.515386e+04 2.921389e+02 3.619357e+04 4.561591e+07
<GCONST> 6.745076e+01
<MIXTURE> 10 5.872956e-02
<MEAN> 6
 9.517741e+01 -1.803396e+02 -8.130010e+01 -7.080297e+00 9.927906e+00 9.909555e+01
<VARIANCE> 6
 6.080011e+01 9.579553e+04 2.273270e+04 2.921389e+02 3.619357e+04 4.561591e+07
<GCONST> 7.044602e+01
<MIXTURE> 11 1.096048e-01
<MEAN> 6
 6.338132e+01 2.925126e+01 -3.805435e+02 -1.167997e+00 -3.975044e-01 -3.162620e+01
<VARIANCE> 6
 3.160286e+01 1.383016e+04 4.390686e+04 2.921389e+02 3.619357e+04 4.561591e+07
<GCONST> 6.851458e+01
<MIXTURE> 12 7.478888e-02
<MEAN> 6
 7.559162e+01 -6.151548e+02 1.628384e+02 -1.721326e+00 9.486537e-02 -1.037849e+02
<VARIANCE> 6
 3.160286e+01 1.607793e+04 1.515386e+04 2.921389e+02 3.619357e+04 4.561591e+07
<GCONST> 6.760136e+01
<MIXTURE> 13 1.086051e-01
<MEAN> 6
 8.537088e+01 -1.439722e+02 4.716469e+01 -4.385326e+00 5.897456e+00 6.591423e+00
<VARIANCE> 6
 3.160286e+01 3.389536e+04 1.515386e+04 2.921389e+02 3.619357e+04 4.561591e+07
<GCONST> 6.834719e+01
<MIXTURE> 14 4.331348e-02
<MEAN> 6
 8.460460e+01 1.577542e+02 -2.521879e+02 -5.866417e-01 -3.091339e+00 -8.376014e+01
<VARIANCE> 6
 3.160286e+01 6.142193e+04 1.515386e+04 2.921389e+02 3.619357e+04 4.561591e+07
<GCONST> 6.894167e+01
<MIXTURE> 15 4.935615e-02
<MEAN> 6
 8.569324e+01 3.304683e+01 -1.628734e+01 -2.443778e+00 2.312989e+00 -3.366846e+01
<VARIANCE> 6
 3.160286e+01 1.383016e+04 2.210650e+04 2.921389e+02 3.619357e+04 4.561591e+07
<GCONST> 6.782838e+01
<STATE> 5
<NUMMIXES> 15
<MIXTURE> 1 5.291570e-02
<MEAN> 6
 8.782085e+01 -1.242918e+02 1.314704e+03 -4.250423e+00 -1.491930e+01 -1.617839e+01
<VARIANCE> 6
 2.342064e+02 4.228262e+06 3.363868e+06 2.921389e+02 3.619357e+04 4.561591e+07
<GCONST> 8.057900e+01
<MIXTURE> 2 1.269044e-02
<MEAN> 6
 -8.230540e+00 1.649780e+02 1.110635e+02 -2.116246e+01 9.713791e+01 5.672695e+03
<VARIANCE> 6
 1.168474e+04 1.884656e+05 4.003964e+05 2.020918e+06 1.106550e+09 1.627371e+12
<GCONST> 1.089017e+02
<MIXTURE> 3 9.110992e-02
<MEAN> 6
 6.979736e+01 2.941549e+02 3.064289e+02 -2.775450e+01 -6.869206e+02 -1.451013e+02
<VARIANCE> 6
 4.115821e+02 2.209300e+06 4.831771e+06 2.550581e+04 2.423195e+05 6.220058e+07
<GCONST> 8.753673e+01
<MIXTURE> 4 4.665006e-02
<MEAN> 6
 -2.439362e+01 -1.179724e+02 2.432577e+02 2.268714e+02 6.267490e+02 -4.703413e+03
<VARIANCE> 6
 3.201762e+02 1.894865e+06 1.911220e+06 6.190304e+03 1.907232e+05 4.561591e+07
<GCONST> 8.423913e+01
<MIXTURE> 5 7.969690e-02
<MEAN> 6
 4.247755e+01 -3.850875e+02 2.173913e+02 1.944347e+02 -3.788155e+02 -7.844988e+02
<VARIANCE> 6
 4.469863e+02 5.081218e+05 1.058069e+06 6.608141e+03 1.247758e+05 4.561591e+07
<GCONST> 8.230632e+01
<MIXTURE> 6 5.930131e-02
<MEAN> 6
 2.621054e+01 -5.809259e+01 -8.533547e+02 -4.905188e+01 -3.556329e+02 3.610067e+03
<VARIANCE> 6
 4.573547e+03 3.178519e+06 7.763485e+06 7.173234e+04 4.357478e+06 2.858399e+09
<GCONST> 9.853381e+01
<MIXTURE> 7 9.341123e-02
<MEAN> 6
 8.472412e+01 1.152175e+02 6.135898e+01 -1.388029e+01 -5.939480e+02 -1.421366e+03
<VARIANCE> 6
 1.870534e+02 5.842317e+05 3.940468e+05 1.368050e+04 6.296490e+05 2.834369e+08
<GCONST> 8.476009e+01
<MIXTURE> 8 6.755102e-02
<MEAN> 6
 9.429079e+01 6.324406e+02 -1.773822e+01 -4.873318e+00 -2.576863e+01 -6.411783e+01
<VARIANCE> 6
 9.878771e+01 1.280242e+05 1.946470e+06 2.921389e+02 3.619357e+04 4.561591e+07
<GCONST> 7.567137e+01
<MIXTURE> 9 8.328071e-02
<MEAN> 6
 -6.584139e+01 1.673871e+02 -5.305148e+01 5.561351e+00 1.933388e+02 2.996233e+02
<VARIANCE> 6
 2.321470e+02 9.938156e+05 1.869298e+06 8.031912e+02 8.719784e+04 4.561591e+07
<GCONST> 8.042531e+01
<MIXTURE> 10 8.636563e-02
<MEAN> 6
 7.553840e+01 -1.673741e+02 7.093967e+01 2.984810e-02 -2.134781e+01 -2.009516e+02
<VARIANCE> 6
 2.464217e+02 2.315535e+05 5.136986e+05 2.921389e+02 3.619357e+04 4.561591e+07
<GCONST> 7.584590e+01
<MIXTURE> 11 7.733221e-02
<MEAN> 6
 -5.540604e+01 -1.253850e+02 -1.040408e+02 -7.192747e+01 1.349126e+03 -6.591603e+02
<VARIANCE> 6
 2.290084e+02 9.607558e+05 2.452521e+06 2.397820e+04 6.937731e+05 4.087883e+08
<GCONST> 8.831264e+01
<MIXTURE> 12 5.051487e-02
<MEAN> 6
 5.551126e+00 -1.787250e+02 1.059543e+02 5.733036e+01 1.794254e+01 -4.951042e+03
<VARIANCE> 6
 4.165414e+02 4.002182e+05 3.776752e+06 5.624927e+04 1.145002e+05 7.470585e+07
<GCONST> 8.581834e+01
<MIXTURE> 13 8.263260e-02
<MEAN> 6
 1.476378e+01 -8.472899e+00 -7.534127e+01 -2.589261e+02 -2.400254e+02 5.410299e+03
<VARIANCE> 6
 8.817138e+02 1.293923e+06 8.978631e+05 6.977453e+03 4.955000e+05 1.665910e+08
<GCONST> 8.648491e+01
<MIXTURE> 14 6.058317e-02
<MEAN> 6
 -4.825721e+01 -3.293720e+02 1.004660e+02 9.519015e+01 7.182203e+02 2.888426e+02
<VARIANCE> 6
 2.894056e+02 6.172452e+05 3.983760e+05 1.072489e+04 1.308736e+05 4.561591e+07
<GCONST> 8.162134e+01
<MIXTURE> 15 5.541557e-02
<MEAN> 6
 8.055388e+01 4.365889e+02 5.777526e+02 -3.412688e+00 -1.771585e+01 -8.664021e+01
<VARIANCE> 6
 1.935641e+02 2.832774e+06 2.668019e+06 2.921389e+02 3.619357e+04 4.561591e+07
<GCONST> 7.975612e+01
<TRANSP> 6
 0.000000e+00 1.000000e+00 0.000000e+00 0.000000e+00 0.000000e+00 0.000000e+00
 0.000000e+00 9.999085e-01 9.146843e-05 0.000000e+00 0.000000e+00 0.000000e+00
 0.000000e+00 0.000000e+00 9.994149e-01 5.851742e-04 0.000000e+00 0.000000e+00
 0.000000e+00 0.000000e+00 0.000000e+00 9.994631e-01 5.369064e-04 0.000000e+00
 0.000000e+00 0.000000e+00 0.000000e+00 0.000000e+00 9.999253e-01 7.467330e-05
 0.000000e+00 0.000000e+00 0.000000e+00 0.000000e+00 0.000000e+00 0.000000e+00
<ENDHMM>
