~o
<STREAMINFO> 1 6
<VECSIZE> 6<NULLD><USER><DIAGC>
~h "SegundoPRIMARIA"
<BEGINHMM>
<NUMSTATES> 3
<STATE> 2
<NUMMIXES> 7
<MIXTURE> 1 4.490722e-03
<MEAN> 6
 1.992884e+01 -2.456246e+02 -2.385348e+00 3.053231e+01 -7.324031e+02 1.662677e+03
<VARIANCE> 6
 9.112887e+03 1.074907e+06 9.899031e+05 1.187455e+06 6.397542e+08 9.240181e+11
<GCONST> 1.096537e+02
<MIXTURE> 2 4.610538e-02
<MEAN> 6
 9.458231e+01 -3.112421e+02 8.912480e+01 -2.362111e+01 -2.262683e+02 -2.240061e+02
<VARIANCE> 6
 3.535707e+02 1.134756e+07 4.811041e+05 2.516350e+03 1.269737e+05 5.105329e+07
<GCONST> 8.355438e+01
<MIXTURE> 3 1.376092e-01
<MEAN> 6
 2.390153e+01 -1.266502e+01 -2.409834e+01 -5.484116e+01 -4.094177e+01 2.680718e+03
<VARIANCE> 6
 4.728063e+03 1.920223e+06 1.457610e+06 6.001591e+04 3.071718e+06 1.284784e+09
<GCONST> 9.506277e+01
<MIXTURE> 4 2.716619e-01
<MEAN> 6
 -1.066791e+01 8.173331e+01 3.676186e+01 7.055221e+01 2.812602e+02 -8.411598e+02
<VARIANCE> 6
 2.653211e+03 2.246626e+05 2.067929e+05 2.596064e+04 3.302292e+05 5.105329e+07
<GCONST> 8.409288e+01
<MIXTURE> 5 1.441480e-01
<MEAN> 6
 8.739462e+01 9.362096e+01 8.217101e+01 -1.395653e+00 -6.604727e+00 8.059717e+01
<VARIANCE> 6
 2.939171e+02 3.949252e+05 7.094681e+05 3.016574e+02 3.984683e+04 5.105329e+07
<GCONST> 7.711976e+01
<MIXTURE> 6 2.490296e-01
<MEAN> 6
 3.535880e+01 -1.922202e+01 1.880289e+01 -3.901205e+01 -2.040098e+02 -3.593809e+02
<VARIANCE> 6
 3.280134e+03 9.487911e+04 9.939437e+04 4.782737e+04 1.180469e+06 2.203965e+08
<GCONST> 8.605782e+01
<MIXTURE> 7 1.447259e-01
<MEAN> 6
 8.204588e+01 -9.523164e+01 -1.888582e+02 -3.357008e+00 -3.763025e+01 -4.225654e+02
<VARIANCE> 6
 2.637305e+02 3.572225e+05 6.455872e+05 3.016574e+02 3.984683e+04 5.105329e+07
<GCONST> 7.681670e+01
<TRANSP> 3
 0.000000e+00 1.000000e+00 0.000000e+00
 0.000000e+00 9.999632e-01 3.685923e-05
 0.000000e+00 0.000000e+00 0.000000e+00
<ENDHMM>
~h "SegundoESO"
<BEGINHMM>
<NUMSTATES> 3
<STATE> 2
<NUMMIXES> 7
<MIXTURE> 1 8.387502e-02
<MEAN> 6
 3.310689e+01 -6.477737e+01 4.692766e+02 2.615280e+01 -1.646546e+02 -2.220533e+02
<VARIANCE> 6
 2.580950e+03 1.613500e+07 1.013363e+07 2.770187e+04 2.747996e+05 5.105329e+07
<GCONST> 9.211248e+01
<MIXTURE> 2 1.812242e-01
<MEAN> 6
 7.095247e+01 1.821465e+01 -2.446960e+01 -1.456794e+00 -3.196178e+01 -1.182244e+02
<VARIANCE> 6
 9.889803e+01 4.027147e+05 1.465230e+05 3.016574e+02 3.984683e+04 5.105329e+07
<GCONST> 7.447275e+01
<MIXTURE> 3 1.713853e-01
<MEAN> 6
 8.046273e+00 7.027118e+01 2.913010e+02 -5.852411e+01 9.045788e+01 1.602644e+03
<VARIANCE> 6
 3.142982e+03 1.232822e+06 1.236976e+06 3.630211e+04 1.397392e+06 3.586424e+08
<GCONST> 9.148077e+01
<MIXTURE> 4 1.031977e-01
<MEAN> 6
 -1.608160e+01 2.217144e+02 1.278958e+02 7.225787e+01 3.882416e+02 -1.638236e+02
<VARIANCE> 6
 1.467286e+03 3.331259e+05 1.569515e+05 1.797260e+04 2.790822e+05 5.105329e+07
<GCONST> 8.308265e+01
<MIXTURE> 5 1.390179e-01
<MEAN> 6
 7.890979e+01 -1.467277e+02 -6.536030e+02 -2.880760e+00 -2.867163e+01 -1.446695e-01
<VARIANCE> 6
 2.044171e+02 1.905167e+06 5.732710e+06 3.016574e+02 3.984683e+04 5.105329e+07
<GCONST> 8.041968e+01
<MIXTURE> 6 2.115154e-01
<MEAN> 6
 3.689419e+01 -5.962663e+01 -2.067361e+01 -9.464924e+00 -3.177037e+02 2.272392e+01
<VARIANCE> 6
 1.488071e+03 3.656365e+05 1.360915e+05 2.853288e+04 2.339451e+05 5.105329e+07
<GCONST> 8.333301e+01
<MIXTURE> 7 1.077741e-01
<MEAN> 6
 -2.315989e+01 1.826818e+00 -2.745779e+01 3.019674e+01 3.266652e+02 -2.046774e+03
<VARIANCE> 6
 1.259031e+03 3.029437e+05 1.588185e+05 1.870435e+04 2.357756e+05 5.105329e+07
<GCONST> 8.271770e+01
<TRANSP> 3
 0.000000e+00 1.000000e+00 0.000000e+00
 0.000000e+00 9.999633e-01 3.664459e-05
 0.000000e+00 0.000000e+00 0.000000e+00
<ENDHMM>
~h "QuintoPRIMARIA"
<BEGINHMM>
<NUMSTATES> 3
<STATE> 2
<NUMMIXES> 7
<MIXTURE> 1 1.516176e-01
<MEAN> 6
 8.077443e+01 1.537303e+02 9.152063e+01 -2.451672e+00 -2.225212e+01 -1.791425e+01
<VARIANCE> 6
 2.500777e+02 1.772221e+06 5.368678e+06 3.016574e+02 3.984683e+04 5.105329e+07
<GCONST> 8.048335e+01
<MIXTURE> 2 1.110055e-02
<MEAN> 6
 1.517499e+01 -1.177453e+03 -3.600347e+02 -1.371957e+01 -4.118433e+02 4.173042e+03
<VARIANCE> 6
 9.994933e+03 1.498834e+07 1.890333e+06 1.279617e+06 6.934360e+08 1.016661e+12
<GCONST> 1.132789e+02
<MIXTURE> 3 1.520466e-01
<MEAN> 6
 1.039335e+01 5.689008e+01 7.882258e+01 5.614207e+01 9.431543e+01 3.781853e+02
<VARIANCE> 6
 2.959981e+03 1.323293e+05 1.260101e+05 2.678072e+04 4.506128e+05 5.619031e+07
<GCONST> 8.361542e+01
<MIXTURE> 4 1.562168e-01
<MEAN> 6
 1.713650e+01 1.645731e+02 -3.359482e+01 1.079101e+01 -1.384217e+02 -1.624896e+02
<VARIANCE> 6
 3.099219e+03 2.664614e+06 5.198292e+06 3.737177e+04 5.399904e+05 8.601045e+07
<GCONST> 9.132354e+01
<MIXTURE> 5 1.713800e-01
<MEAN> 6
 6.633777e+00 -1.240523e+02 -2.477937e+01 -5.175032e+01 1.420556e+02 1.444162e+03
<VARIANCE> 6
 3.734831e+03 6.408186e+05 9.072115e+05 4.629573e+04 1.974715e+06 6.817256e+08
<GCONST> 9.192023e+01
<MIXTURE> 6 2.037820e-01
<MEAN> 6
 7.654154e+01 -6.132438e+01 -2.259873e+01 -2.961985e+00 -2.446828e+01 -2.004006e+02
<VARIANCE> 6
 1.693977e+02 1.908340e+05 1.752737e+05 3.016574e+02 3.984683e+04 5.105329e+07
<GCONST> 7.444325e+01
<MIXTURE> 7 1.524456e-01
<MEAN> 6
 5.067745e+00 -7.127760e+01 -5.081254e+01 6.364431e-01 -2.680339e+01 -1.828143e+03
<VARIANCE> 6
 2.999631e+03 1.350570e+05 1.256724e+05 2.856505e+04 4.582379e+05 5.746201e+07
<GCONST> 8.375011e+01
<TRANSP> 3
 0.000000e+00 1.000000e+00 0.000000e+00
 0.000000e+00 9.999640e-01 3.601545e-05
 0.000000e+00 0.000000e+00 0.000000e+00
<ENDHMM>
