~o
<STREAMINFO> 1 6
<VECSIZE> 6<NULLD><USER><DIAGC>
~h "SegundoPRIMARIA"
<BEGINHMM>
<NUMSTATES> 4
<STATE> 2
<MEAN> 6
 4.801048e+01 2.510401e+01 1.599866e+01 -3.101559e+00 -7.552369e+00 -1.072532e+01
<VARIANCE> 6
 3.408827e+03 4.594031e+06 1.530370e+06 2.191107e+04 7.515488e+05 3.006112e+08
<GCONST> 9.178864e+01
<STATE> 3
<MEAN> 6
 3.689159e+01 -4.991248e+00 -3.181383e+00 9.705379e-01 1.441376e+00 1.196700e+00
<VARIANCE> 6
 3.647640e+03 2.615954e+05 2.970842e+05 3.471763e+04 3.247817e+06 3.846228e+09
<GCONST> 9.182428e+01
<TRANSP> 4
 0.000000e+00 1.000000e+00 0.000000e+00 0.000000e+00
 0.000000e+00 9.997764e-01 2.236149e-04 0.000000e+00
 0.000000e+00 0.000000e+00 9.999555e-01 4.447094e-05
 0.000000e+00 0.000000e+00 0.000000e+00 0.000000e+00
<ENDHMM>
~h "SegundoESO"
<BEGINHMM>
<NUMSTATES> 4
<STATE> 2
<MEAN> 6
 4.535296e+01 1.145949e+02 -1.948305e+02 -1.557205e+00 -7.639544e+00 -2.531463e+01
<VARIANCE> 6
 2.512803e+03 1.060438e+07 8.654618e+06 1.315698e+04 2.503979e+05 4.838864e+07
<GCONST> 9.061709e+01
<STATE> 3
<MEAN> 6
 2.873241e+01 -2.191571e+01 3.725080e+01 6.130834e-01 1.348897e+00 4.632226e+00
<VARIANCE> 6
 2.558053e+03 8.036929e+05 4.988751e+05 2.076730e+04 4.648099e+05 1.027277e+08
<GCONST> 8.702946e+01
<TRANSP> 4
 0.000000e+00 1.000000e+00 0.000000e+00 0.000000e+00
 0.000000e+00 9.997689e-01 2.310650e-04 0.000000e+00
 0.000000e+00 0.000000e+00 9.999558e-01 4.419528e-05
 0.000000e+00 0.000000e+00 0.000000e+00 0.000000e+00
<ENDHMM>
~h "QuintoPRIMARIA"
<BEGINHMM>
<NUMSTATES> 4
<STATE> 2
<MEAN> 6
 3.330456e+01 3.636297e+00 -9.933205e+00 2.121940e-01 -4.260360e-02 1.991363e+00
<VARIANCE> 6
 3.102834e+03 9.477799e+05 1.320148e+06 2.348881e+04 6.302533e+05 1.811208e+08
<GCONST> 8.935530e+01
<STATE> 3
<MEAN> 6
 3.541137e+01 -7.586734e+01 2.070936e+02 1.924915e+00 1.608308e+00 2.757476e+01
<VARIANCE> 6
 6.435169e+03 6.423854e+05 6.551709e+05 3.206884e+05 1.687538e+08 2.478362e+11
<GCONST> 1.044206e+02
<TRANSP> 4
 0.000000e+00 1.000000e+00 0.000000e+00 0.000000e+00
 0.000000e+00 9.999621e-01 3.792232e-05 0.000000e+00
 0.000000e+00 0.000000e+00 9.992083e-01 7.917583e-04
 0.000000e+00 0.000000e+00 0.000000e+00 0.000000e+00
<ENDHMM>
