~o
<STREAMINFO> 1 6
<VECSIZE> 6<NULLD><USER><DIAGC>
~h "SegundoPRIMARIA"
<BEGINHMM>
<NUMSTATES> 5
<STATE> 2
<NUMMIXES> 15
<MIXTURE> 1 4.839900e-02
<MEAN> 6
 1.118210e+02 -2.006493e+01 8.457747e+02 -5.495922e+00 -3.628356e+01 -3.663542e+02
<VARIANCE> 6
 1.648634e+02 1.420769e+05 1.232403e+06 3.003832e+02 4.056576e+04 5.205853e+07
<GCONST> 7.610460e+01
<MIXTURE> 2 3.885582e-02
<MEAN> 6
 4.496617e+01 -4.759899e+02 -5.200094e+01 -3.124565e+01 -4.765904e+02 2.532858e+03
<VARIANCE> 6
 4.853330e+03 3.602982e+07 1.879163e+06 7.232174e+04 4.874588e+06 3.718821e+09
<GCONST> 9.998598e+01
<MIXTURE> 3 5.438216e-02
<MEAN> 6
 -3.922520e+01 -7.936363e+01 6.873144e+01 1.842152e+02 8.547147e+02 -2.990101e+03
<VARIANCE> 6
 3.820703e+02 4.946982e+05 3.765316e+05 1.016260e+04 2.604376e+05 8.061122e+07
<GCONST> 8.282507e+01
<MIXTURE> 4 7.561624e-02
<MEAN> 6
 -6.657385e+01 3.174887e+01 -1.974825e+02 -2.185776e+00 1.263677e+02 2.943849e+02
<VARIANCE> 6
 2.659912e+02 4.225781e+05 7.769542e+05 6.243687e+02 6.682185e+04 5.205853e+07
<GCONST> 7.844240e+01
<MIXTURE> 5 9.448875e-02
<MEAN> 6
 2.898744e+01 -5.672642e+01 -1.674166e+01 2.483590e+02 -1.838289e+02 -3.215490e+03
<VARIANCE> 6
 7.914059e+02 4.114171e+05 1.049120e+06 6.670323e+03 2.269399e+05 7.847578e+07
<GCONST> 8.380806e+01
<MIXTURE> 6 1.077818e-01
<MEAN> 6
 7.431771e+01 6.098367e+02 -2.747805e+02 1.425763e+00 -2.158482e+01 -1.870127e+02
<VARIANCE> 6
 8.313326e+01 7.901668e+05 6.322000e+05 3.003832e+02 4.056576e+04 5.205853e+07
<GCONST> 7.646828e+01
<MIXTURE> 7 8.543777e-02
<MEAN> 6
 8.895718e+01 -6.594563e+01 -2.435884e+01 3.252388e+01 -8.732274e+02 -9.665925e+02
<VARIANCE> 6
 5.909753e+02 7.175252e+05 1.378332e+06 2.796897e+04 1.217677e+06 5.521720e+08
<GCONST> 8.940966e+01
<MIXTURE> 8 6.299785e-02
<MEAN> 6
 -4.961714e+01 -1.610624e+02 1.407051e+01 -1.211229e+02 1.607548e+03 2.018815e+02
<VARIANCE> 6
 4.396045e+02 6.611959e+05 1.337095e+06 4.150204e+04 1.091492e+06 8.584740e+08
<GCONST> 8.972818e+01
<MIXTURE> 9 6.420803e-02
<MEAN> 6
 6.730483e+01 -4.961273e+02 1.453149e+03 -6.008886e-02 -3.041540e+00 -7.729041e+01
<VARIANCE> 6
 9.251845e+01 2.058129e+05 1.635308e+06 3.003832e+02 4.056576e+04 5.205853e+07
<GCONST> 7.618036e+01
<MIXTURE> 10 5.388395e-02
<MEAN> 6
 8.339851e+01 -2.215504e+01 1.822227e+02 -1.956397e+01 -4.515422e+02 5.574884e+01
<VARIANCE> 6
 5.308761e+02 1.746804e+05 6.777992e+05 1.571479e+04 1.365075e+05 5.205853e+07
<GCONST> 8.205348e+01
<MIXTURE> 11 6.786199e-02
<MEAN> 6
 1.611350e+01 -1.293520e+02 -4.269566e+01 -3.073385e+02 -3.370502e+02 8.000066e+03
<VARIANCE> 6
 6.739779e+02 3.665586e+05 1.146352e+06 8.640247e+03 6.888174e+05 2.311196e+08
<GCONST> 8.606983e+01
<MIXTURE> 12 6.102985e-02
<MEAN> 6
 8.117624e+01 2.762610e+02 -1.596695e+03 -3.065729e-01 -2.123432e+01 -1.004892e+02
<VARIANCE> 6
 1.070735e+02 2.014343e+05 9.616920e+05 3.003832e+02 4.056576e+04 5.205853e+07
<GCONST> 7.577406e+01
<MIXTURE> 13 8.028352e-02
<MEAN> 6
 -5.826796e+01 3.672057e+00 -9.161681e+01 9.402104e+00 5.841825e+02 2.401264e+02
<VARIANCE> 6
 5.300733e+02 2.024880e+05 1.848684e+06 1.294797e+04 1.660289e+05 8.743072e+07
<GCONST> 8.372368e+01
<MIXTURE> 14 5.103406e-02
<MEAN> 6
 1.000458e+02 -2.493983e+02 3.037487e+02 -7.854046e+00 -3.609047e+01 -1.561655e+02
<VARIANCE> 6
 1.735174e+02 4.408328e+06 5.146280e+05 3.003832e+02 4.056576e+04 5.205853e+07
<GCONST> 7.871736e+01
<MIXTURE> 15 5.340791e-02
<MEAN> 6
 7.161063e+01 -7.933250e+01 -6.465182e+01 -9.879569e+01 -7.231562e+02 -1.832159e+03
<VARIANCE> 6
 4.607180e+02 2.492475e+05 6.965314e+05 1.666855e+04 2.585128e+05 5.205853e+07
<GCONST> 8.299197e+01
<STATE> 3
<NUMMIXES> 15
<MIXTURE> 1 2.218262e-02
<MEAN> 6
 1.161545e+02 2.112597e+03 3.564264e+02 -5.451743e+00 -3.963760e+00 1.193594e+02
<VARIANCE> 6
 1.084463e+02 1.602209e+05 3.719914e+04 3.003832e+02 4.056576e+04 5.205853e+07
<GCONST> 7.230548e+01
<MIXTURE> 2 5.099601e-02
<MEAN> 6
 9.370314e+01 -4.490993e+02 -5.438783e+02 1.877749e-01 -4.733831e+00 -2.562454e+01
<VARIANCE> 6
 3.171015e+01 2.078465e+04 1.155935e+04 3.003832e+02 4.056576e+04 5.205853e+07
<GCONST> 6.786474e+01
<MIXTURE> 3 5.136710e-02
<MEAN> 6
 9.327222e+01 6.053427e+02 2.172762e+02 -2.391989e+00 -2.414633e+00 -2.117711e+01
<VARIANCE> 6
 3.171015e+01 1.786331e+05 1.209867e+04 3.003832e+02 4.056576e+04 5.205853e+07
<GCONST> 7.006146e+01
<MIXTURE> 4 7.198025e-02
<MEAN> 6
 6.742638e+01 -3.290551e+02 2.703533e+02 7.342690e-01 5.045101e+00 -1.232805e+02
<VARIANCE> 6
 3.725396e+01 3.338069e+04 1.393857e+04 3.003832e+02 4.056576e+04 5.205853e+07
<GCONST> 6.868678e+01
<MIXTURE> 5 6.445546e-02
<MEAN> 6
 6.716930e+01 -7.552724e+01 -1.018598e+03 -3.495648e-01 -8.692478e+00 -7.987498e+01
<VARIANCE> 6
 3.171015e+01 2.425192e+04 2.786071e+04 3.003832e+02 4.056576e+04 5.205853e+07
<GCONST> 6.889874e+01
<MIXTURE> 6 7.983381e-02
<MEAN> 6
 6.617342e+01 4.036475e+02 -1.409304e+02 -2.936195e-01 2.923135e-01 -1.118292e+02
<VARIANCE> 6
 3.171015e+01 1.873169e+05 1.449066e+04 3.003832e+02 4.056576e+04 5.205853e+07
<GCONST> 7.028934e+01
<MIXTURE> 7 9.189768e-02
<MEAN> 6
 7.578417e+01 7.699442e+01 -2.217372e+02 -1.021472e-01 -3.639310e+00 -1.559071e+02
<VARIANCE> 6
 3.171015e+01 1.281363e+04 1.018242e+05 3.003832e+02 4.056576e+04 5.205853e+07
<GCONST> 6.955679e+01
<MIXTURE> 8 3.216926e-02
<MEAN> 6
 7.138367e+01 -7.265300e+02 -5.914814e+02 -2.574446e+00 -6.869667e+00 3.936496e+01
<VARIANCE> 6
 3.171015e+01 1.497230e+04 1.199064e+05 3.003832e+02 4.056576e+04 5.205853e+07
<GCONST> 6.987595e+01
<MIXTURE> 9 5.839571e-02
<MEAN> 6
 6.161503e+01 -3.088490e+02 -5.776713e+02 5.131173e-01 -1.303068e+00 -2.562950e+01
<VARIANCE> 6
 3.171015e+01 6.582996e+05 1.155935e+04 3.003832e+02 4.056576e+04 5.205853e+07
<GCONST> 7.132018e+01
<MIXTURE> 10 1.029117e-01
<MEAN> 6
 7.562193e+01 -2.229696e+02 1.396090e+02 -1.836551e-01 -9.339041e-01 -1.339958e+02
<VARIANCE> 6
 3.171015e+01 2.616297e+05 4.610049e+04 3.003832e+02 4.056576e+04 5.205853e+07
<GCONST> 7.178078e+01
<MIXTURE> 11 7.936053e-02
<MEAN> 6
 6.574854e+01 1.171328e+01 -2.499151e+02 7.779660e-01 -2.865417e+00 -1.220294e+02
<VARIANCE> 6
 3.171015e+01 6.116582e+04 1.155935e+04 3.003832e+02 4.056576e+04 5.205853e+07
<GCONST> 6.894411e+01
<MIXTURE> 12 6.645877e-02
<MEAN> 6
 8.661411e+01 1.607298e+02 3.480647e+02 -9.253891e-01 -1.017164e+00 -5.804484e+01
<VARIANCE> 6
 3.171015e+01 1.025254e+05 4.213570e+04 3.003832e+02 4.056576e+04 5.205853e+07
<GCONST> 7.075404e+01
<MIXTURE> 13 9.320298e-02
<MEAN> 6
 7.465010e+01 6.162125e+01 -2.025258e+02 -2.537472e-02 -2.389448e+00 -1.563442e+02
<VARIANCE> 6
 3.171015e+01 1.281363e+04 9.704807e+04 3.003832e+02 4.056576e+04 5.205853e+07
<GCONST> 6.950874e+01
<MIXTURE> 14 7.099764e-02
<MEAN> 6
 6.094912e+01 -3.518700e+01 -2.751826e+02 1.386989e+00 -7.162156e-01 -1.279994e+02
<VARIANCE> 6
 4.113481e+01 1.845102e+05 1.155935e+04 3.003832e+02 4.056576e+04 5.205853e+07
<GCONST> 7.030844e+01
<MIXTURE> 15 6.367490e-02
<MEAN> 6
 8.424023e+01 2.597894e+01 1.939000e+02 -1.089512e+00 -2.110789e+00 -5.835167e+01
<VARIANCE> 6
 4.226298e+01 1.029002e+05 4.052140e+04 3.003832e+02 4.056576e+04 5.205853e+07
<GCONST> 7.100589e+01
<STATE> 4
<NUMMIXES> 15
<MIXTURE> 1 4.806915e-03
<MEAN> 6
 -4.919393e-01 -5.496509e+02 7.438438e+01 8.331563e+01 -2.177241e+02 4.714944e+03
<VARIANCE> 6
 9.689054e+03 6.266142e+05 1.004948e+06 1.845952e+06 1.034109e+09 1.499499e+12
<GCONST> 1.105960e+02
<MIXTURE> 2 5.706729e-02
<MEAN> 6
 2.810444e+01 3.340664e+01 2.598809e+01 3.236571e+02 -2.996305e+00 -8.660772e+03
<VARIANCE> 6
 9.269077e+02 1.667827e+05 1.338731e+05 5.542729e+03 5.796096e+05 2.043975e+08
<GCONST> 8.271414e+01
<MIXTURE> 3 2.425110e-02
<MEAN> 6
 4.307727e+01 2.304736e+02 1.045089e+02 -2.020202e+00 -6.488409e+02 4.786441e+02
<VARIANCE> 6
 6.750312e+03 1.522879e+06 1.338353e+06 6.877858e+04 8.502305e+06 6.921685e+09
<GCONST> 9.794009e+01
<MIXTURE> 4 8.198888e-02
<MEAN> 6
 9.788859e+01 -1.683347e+02 -5.659422e+01 -5.019335e+00 -2.478850e+01 -2.218446e+02
<VARIANCE> 6
 3.543718e+02 6.042065e+05 2.123305e+05 3.003832e+02 4.056576e+04 5.205853e+07
<GCONST> 7.655880e+01
<MIXTURE> 5 5.825332e-02
<MEAN> 6
 -7.143668e+00 4.742449e+01 3.688282e+01 -3.381706e+02 7.102491e+02 1.993706e+04
<VARIANCE> 6
 5.996155e+02 8.374176e+04 8.183942e+04 1.066297e+04 1.831983e+06 7.114274e+08
<GCONST> 8.414979e+01
<MIXTURE> 6 6.463006e-02
<MEAN> 6
 7.250684e+01 4.388695e+01 1.639993e+02 5.162951e+01 -3.656058e+02 -7.244798e+02
<VARIANCE> 6
 4.396701e+02 5.899955e+04 2.742787e+05 2.194463e+04 1.417277e+05 5.205853e+07
<GCONST> 8.024629e+01
<MIXTURE> 7 5.505406e-02
<MEAN> 6
 -3.460203e+01 9.865790e+01 3.227231e+01 1.276995e+02 8.958682e+02 -1.270160e+03
<VARIANCE> 6
 2.282921e+02 1.177472e+05 5.759703e+04 1.689258e+04 2.231795e+05 6.139986e+07
<GCONST> 7.907869e+01
<MIXTURE> 8 8.812180e-02
<MEAN> 6
 9.777232e+01 -1.926543e+00 1.004517e+01 1.996449e+01 -9.532674e+02 -5.463181e+02
<VARIANCE> 6
 4.775027e+02 4.592642e+05 1.845009e+05 2.476872e+04 1.968040e+06 9.126395e+08
<GCONST> 8.760036e+01
<MIXTURE> 9 1.032366e-01
<MEAN> 6
 9.304869e+01 -7.455550e+01 -4.201974e+01 -3.999212e+00 -2.745051e+01 -2.720747e+02
<VARIANCE> 6
 1.586622e+02 7.270041e+04 9.018804e+04 3.003832e+02 4.056576e+04 5.205853e+07
<GCONST> 7.278142e+01
<MIXTURE> 10 8.092250e-02
<MEAN> 6
 -5.397742e+01 5.500167e+01 1.486443e+01 8.679003e+00 2.551289e+02 5.356951e+02
<VARIANCE> 6
 2.082673e+02 1.095784e+05 1.016410e+05 1.074137e+03 9.155415e+04 5.205853e+07
<GCONST> 7.567152e+01
<MIXTURE> 11 1.015740e-01
<MEAN> 6
 8.691714e+01 -6.534130e+00 3.101356e+01 -4.218091e+01 -8.519349e+02 -1.422838e+03
<VARIANCE> 6
 2.655151e+02 8.416388e+04 4.434113e+04 1.973199e+04 2.551677e+05 9.872396e+07
<GCONST> 7.939664e+01
<MIXTURE> 12 7.765372e-02
<MEAN> 6
 3.623095e+01 4.579643e+00 1.847441e+02 -2.693720e+02 -5.811121e+02 2.904072e+03
<VARIANCE> 6
 6.334517e+02 9.218630e+04 2.875751e+05 8.424141e+03 5.797908e+05 1.229499e+08
<GCONST> 8.241582e+01
<MIXTURE> 13 7.477115e-02
<MEAN> 6
 -5.384457e+01 6.792071e+01 -4.680527e+01 -3.345114e+01 1.403392e+03 -6.158287e+03
<VARIANCE> 6
 3.158891e+02 1.367578e+05 2.496203e+05 2.338043e+04 8.221978e+05 4.545837e+08
<GCONST> 8.465060e+01
<MIXTURE> 14 6.857653e-02
<MEAN> 6
 2.222204e+01 5.713348e+01 6.171377e+00 2.198953e+02 1.186826e+01 -1.319042e+03
<VARIANCE> 6
 6.018069e+02 9.959746e+04 4.027534e+04 4.526367e+03 1.323077e+05 5.205853e+07
<GCONST> 7.751803e+01
<MIXTURE> 15 5.851824e-02
<MEAN> 6
 -3.978983e+01 -8.809003e+00 -1.066144e+01 3.354282e+01 7.558376e+02 -8.104444e+02
<VARIANCE> 6
 3.057758e+02 1.129722e+05 4.312871e+04 2.086567e+04 1.779547e+05 5.892448e+07
<GCONST> 7.898387e+01
<TRANSP> 5
 0.000000e+00 1.000000e+00 0.000000e+00 0.000000e+00 0.000000e+00
 0.000000e+00 9.998826e-01 1.173878e-04 0.000000e+00 0.000000e+00
 0.000000e+00 0.000000e+00 9.996505e-01 3.495155e-04 0.000000e+00
 0.000000e+00 0.000000e+00 0.000000e+00 9.999352e-01 6.481680e-05
 0.000000e+00 0.000000e+00 0.000000e+00 0.000000e+00 0.000000e+00
<ENDHMM>
~h "SegundoESO"
<BEGINHMM>
<NUMSTATES> 5
<STATE> 2
<NUMMIXES> 15
<MIXTURE> 1 3.159972e-02
<MEAN> 6
 7.809648e+01 7.148246e+03 -4.817202e+02 -9.606954e-01 -1.106790e+01 -8.736043e+01
<VARIANCE> 6
 1.336640e+02 5.113853e+07 5.463262e+06 3.003832e+02 4.056576e+04 5.205853e+07
<GCONST> 8.326982e+01
<MIXTURE> 2 4.555208e-02
<MEAN> 6
 4.371863e+01 3.669084e+03 1.157763e+03 -5.784898e+01 -3.700500e+02 1.910809e+03
<VARIANCE> 6
 2.773539e+03 4.501204e+07 2.340193e+07 3.771179e+04 1.365986e+06 3.676566e+08
<GCONST> 9.793369e+01
<MIXTURE> 3 9.233300e-02
<MEAN> 6
 -4.246609e+01 3.398813e+02 1.691333e+02 9.292080e+00 9.424674e+02 -1.564324e+02
<VARIANCE> 6
 1.811457e+02 4.418802e+06 4.708564e+06 2.148364e+04 2.120078e+05 1.190956e+08
<GCONST> 8.772770e+01
<MIXTURE> 4 7.938155e-02
<MEAN> 6
 6.681455e+01 2.046262e+03 -2.964147e+03 5.262322e+01 -1.949228e+02 -2.418450e+02
<VARIANCE> 6
 3.614713e+02 2.435188e+06 2.128780e+06 1.103307e+04 4.056576e+04 5.205853e+07
<GCONST> 8.388126e+01
<MIXTURE> 5 8.901417e-02
<MEAN> 6
 7.625227e+01 2.250574e+02 1.690434e+03 -1.514947e+00 -1.269773e+01 -5.930120e+01
<VARIANCE> 6
 3.171015e+01 8.356489e+05 4.967149e+05 3.003832e+02 4.056576e+04 5.205853e+07
<GCONST> 7.531925e+01
<MIXTURE> 6 7.017086e-02
<MEAN> 6
 -5.987514e+01 -5.869533e+02 4.311505e+02 1.916114e+00 1.239956e+02 1.364694e+02
<VARIANCE> 6
 4.039315e+01 5.315524e+06 3.296092e+06 4.176349e+02 4.056576e+04 5.205853e+07
<GCONST> 7.963348e+01
<MIXTURE> 7 5.536946e-02
<MEAN> 6
 7.321582e+01 -2.888148e+03 4.272533e+02 4.267405e+01 -3.851649e+02 -1.369218e+02
<VARIANCE> 6
 4.412859e+02 7.852450e+06 4.841317e+05 1.668566e+04 6.403655e+04 5.205853e+07
<GCONST> 8.464079e+01
<MIXTURE> 8 9.388302e-02
<MEAN> 6
 9.480205e+01 -1.771030e+03 1.899387e+03 -3.108728e+00 -2.170580e+01 -5.653617e+01
<VARIANCE> 6
 1.569945e+02 6.228850e+06 3.934704e+07 3.003832e+02 4.056576e+04 5.205853e+07
<GCONST> 8.329973e+01
<MIXTURE> 9 6.211616e-02
<MEAN> 6
 -8.350991e+00 -1.691367e+03 6.439916e+02 -1.108354e+00 2.216545e+02 -1.422993e+03
<VARIANCE> 6
 4.391381e+02 7.894174e+06 1.217588e+06 3.961141e+04 9.741020e+04 5.205853e+07
<GCONST> 8.684753e+01
<MIXTURE> 10 5.225949e-02
<MEAN> 6
 6.341502e+01 7.151137e+02 4.349633e+02 -2.293797e+01 -6.018225e+02 1.059949e+03
<VARIANCE> 6
 6.357520e+02 2.725927e+06 5.943546e+06 3.584439e+04 2.470918e+05 8.100498e+07
<GCONST> 8.901269e+01
<MIXTURE> 11 9.830772e-02
<MEAN> 6
 -1.113439e+00 1.433111e+03 -2.088907e+03 -2.149285e+00 1.180204e+02 -1.794573e+02
<VARIANCE> 6
 4.386255e+02 2.942468e+06 2.801486e+06 2.997466e+04 5.503234e+04 5.205853e+07
<GCONST> 8.584300e+01
<MIXTURE> 12 6.401840e-02
<MEAN> 6
 9.183137e+01 -3.745440e+03 -2.648624e+02 -6.194881e+00 -3.313313e+01 -5.552324e+01
<VARIANCE> 6
 6.476068e+01 9.579695e+06 6.145889e+05 3.003832e+02 4.056576e+04 5.205853e+07
<GCONST> 7.868545e+01
<MIXTURE> 13 5.375122e-02
<MEAN> 6
 7.097073e+01 -1.059868e+03 1.230254e+03 8.478984e-01 -7.318390e+00 -1.383428e+02
<VARIANCE> 6
 3.171015e+01 4.080503e+06 3.157912e+06 3.003832e+02 4.056576e+04 5.205853e+07
<GCONST> 7.875467e+01
<MIXTURE> 14 5.927826e-02
<MEAN> 6
 7.042044e+01 -2.290238e+02 -6.819255e+02 -2.177744e+01 -5.217728e+02 3.180882e+01
<VARIANCE> 6
 5.731247e+02 1.102190e+06 3.623721e+06 2.479487e+04 1.315076e+05 5.205853e+07
<GCONST> 8.606728e+01
<MIXTURE> 15 5.281537e-02
<MEAN> 6
 6.973858e+01 -1.346084e+03 1.337358e+03 7.650782e-01 -6.591900e+00 -1.366014e+02
<VARIANCE> 6
 3.171015e+01 3.709002e+06 2.778242e+06 3.003832e+02 4.056576e+04 5.205853e+07
<GCONST> 7.853112e+01
<STATE> 3
<NUMMIXES> 15
<MIXTURE> 1 6.397578e-02
<MEAN> 6
 7.475727e+01 5.146708e+02 4.085419e+02 -3.277414e-01 -3.276586e+00 -4.350630e+01
<VARIANCE> 6
 3.171015e+01 3.176933e+04 1.084822e+05 3.003832e+02 4.056576e+04 5.205853e+07
<GCONST> 7.052811e+01
<MIXTURE> 2 1.020983e-01
<MEAN> 6
 6.734833e+01 6.203095e+02 -1.351617e+03 -4.077187e-01 -3.430611e+00 -1.109051e+02
<VARIANCE> 6
 4.041983e+01 5.076608e+05 5.320439e+05 3.003832e+02 4.056576e+04 5.205853e+07
<GCONST> 7.513225e+01
<MIXTURE> 3 8.422501e-02
<MEAN> 6
 6.728694e+01 6.638271e+02 1.044046e+02 -4.105502e-01 -4.387417e+00 -1.292367e+02
<VARIANCE> 6
 3.171015e+01 3.981133e+05 1.155935e+04 3.003832e+02 4.056576e+04 5.205853e+07
<GCONST> 7.081726e+01
<MIXTURE> 4 1.035420e-01
<MEAN> 6
 6.123967e+01 5.643828e+02 -3.620345e+02 3.328607e-01 -1.370542e+00 -1.229478e+02
<VARIANCE> 6
 3.171015e+01 2.427344e+06 3.335190e+04 3.003832e+02 4.056576e+04 5.205853e+07
<GCONST> 7.368469e+01
<MIXTURE> 5 6.212119e-02
<MEAN> 6
 8.365388e+01 -7.897202e+02 1.783544e+02 -4.924429e-01 -3.325423e+00 -1.032402e+02
<VARIANCE> 6
 3.171015e+01 1.281363e+04 2.183279e+04 3.003832e+02 4.056576e+04 5.205853e+07
<GCONST> 6.801695e+01
<MIXTURE> 6 4.881084e-02
<MEAN> 6
 5.850674e+01 5.149042e+02 6.194681e+01 3.419482e-01 1.951982e+00 -9.581682e+01
<VARIANCE> 6
 3.171015e+01 7.790461e+04 1.155935e+04 3.003832e+02 4.056576e+04 5.205853e+07
<GCONST> 6.918600e+01
<MIXTURE> 7 6.428491e-02
<MEAN> 6
 6.334772e+01 3.624090e+02 -2.993693e+03 -4.714280e-01 -9.153755e-01 -5.467845e+01
<VARIANCE> 6
 6.345432e+01 7.200952e+04 2.075142e+06 3.003832e+02 4.056576e+04 5.205853e+07
<GCONST> 7.499129e+01
<MIXTURE> 8 7.678563e-02
<MEAN> 6
 6.548411e+01 -1.890564e+02 2.972905e+02 -1.804961e-01 -2.721756e+00 -8.655124e+01
<VARIANCE> 6
 3.171015e+01 6.332800e+04 1.204090e+04 3.003832e+02 4.056576e+04 5.205853e+07
<GCONST> 6.901967e+01
<MIXTURE> 9 5.991367e-02
<MEAN> 6
 6.454033e+01 2.785678e+02 -1.814283e+02 5.707029e-01 -3.285891e+00 -1.334128e+02
<VARIANCE> 6
 3.171015e+01 6.074916e+04 1.155935e+04 3.003832e+02 4.056576e+04 5.205853e+07
<GCONST> 6.893728e+01
<MIXTURE> 10 5.168049e-02
<MEAN> 6
 7.456905e+01 -1.561206e+02 4.409825e+02 -2.493908e-01 -4.727362e+00 -6.798504e+01
<VARIANCE> 6
 3.171015e+01 1.512412e+05 1.899782e+05 3.003832e+02 4.056576e+04 5.205853e+07
<GCONST> 7.264881e+01
<MIXTURE> 11 6.611446e-02
<MEAN> 6
 6.439094e+01 -5.946551e+02 2.459318e+01 -8.717680e-02 -2.005154e+00 -1.044206e+02
<VARIANCE> 6
 3.171015e+01 1.799741e+05 1.339583e+04 3.003832e+02 4.056576e+04 5.205853e+07
<GCONST> 7.017078e+01
<MIXTURE> 12 4.289471e-02
<MEAN> 6
 8.394308e+01 -1.450136e+03 1.593111e+02 -1.461861e+00 -5.006908e+00 -1.085956e+02
<VARIANCE> 6
 3.171015e+01 1.218909e+05 8.903065e+04 3.003832e+02 4.056576e+04 5.205853e+07
<GCONST> 7.167514e+01
<MIXTURE> 13 4.848910e-02
<MEAN> 6
 7.310048e+01 -6.235916e+01 8.164636e+01 -3.234907e-01 -5.742303e+00 -1.038214e+02
<VARIANCE> 6
 3.171015e+01 1.131905e+05 3.487629e+05 3.003832e+02 4.056576e+04 5.205853e+07
<GCONST> 7.296649e+01
<MIXTURE> 14 6.591514e-02
<MEAN> 6
 7.340430e+01 2.965159e+02 -4.147093e+02 -5.147148e-01 -6.201301e+00 -9.419386e+01
<VARIANCE> 6
 3.171015e+01 3.806835e+04 1.472552e+05 3.003832e+02 4.056576e+04 5.205853e+07
<GCONST> 7.101458e+01
<MIXTURE> 15 5.891652e-02
<MEAN> 6
 6.037547e+01 7.498891e+01 -1.533875e+02 2.650841e-01 -2.977726e+00 -1.448679e+02
<VARIANCE> 6
 3.171015e+01 3.452562e+04 1.155935e+04 3.003832e+02 4.056576e+04 5.205853e+07
<GCONST> 6.837222e+01
<STATE> 4
<NUMMIXES> 15
<MIXTURE> 1 8.575548e-02
<MEAN> 6
 8.312754e+01 -6.593075e+01 1.363958e+02 -5.551209e+00 -3.845843e+01 1.145147e+02
<VARIANCE> 6
 1.916079e+02 1.851232e+06 1.516426e+06 3.003832e+02 4.056576e+04 5.205853e+07
<GCONST> 7.902956e+01
<MIXTURE> 2 1.559680e-02
<MEAN> 6
 3.074196e+01 -2.772802e+02 -2.517888e+02 -1.125856e+02 -4.126928e+02 8.488916e+03
<VARIANCE> 6
 2.322087e+03 4.958117e+06 4.814758e+06 6.112900e+04 2.624420e+06 1.431447e+09
<GCONST> 9.646428e+01
<MIXTURE> 3 8.703770e-02
<MEAN> 6
 -4.438027e+01 6.230832e+01 7.113496e+00 6.044285e+01 8.469447e+02 -1.845414e+02
<VARIANCE> 6
 1.295497e+02 2.174218e+05 1.352752e+05 1.188331e+04 1.339445e+05 5.205853e+07
<GCONST> 7.895193e+01
<MIXTURE> 4 9.962101e-02
<MEAN> 6
 6.235557e+01 2.590863e+01 1.000387e+01 -4.906807e+00 -4.796277e+02 -2.369692e+02
<VARIANCE> 6
 1.838265e+02 1.373984e+05 5.523611e+04 1.683886e+04 1.125214e+05 5.205853e+07
<GCONST> 7.812149e+01
<MIXTURE> 5 5.681704e-02
<MEAN> 6
 3.772852e+01 2.712915e+02 1.639319e+02 1.707417e+02 -2.281230e+02 -8.526863e+02
<VARIANCE> 6
 5.021597e+02 9.184242e+05 6.883647e+05 4.543400e+03 8.997048e+04 5.205853e+07
<GCONST> 8.201521e+01
<MIXTURE> 6 7.966315e-02
<MEAN> 6
 -1.024114e+01 9.278934e+01 9.651189e+01 -2.201900e+02 2.724596e+02 4.818111e+03
<VARIANCE> 6
 3.413991e+02 6.310251e+05 5.104752e+05 6.212070e+03 2.395653e+05 1.927879e+08
<GCONST> 8.355644e+01
<MIXTURE> 7 5.579447e-02
<MEAN> 6
 8.527685e+01 4.306491e+01 8.028802e+01 2.977705e+01 -9.203016e+02 -1.481210e+03
<VARIANCE> 6
 2.520337e+02 1.688431e+06 8.527059e+05 1.313648e+04 5.944865e+05 3.160450e+08
<GCONST> 8.690231e+01
<MIXTURE> 8 7.524677e-02
<MEAN> 6
 -5.211212e+01 -1.614615e+01 8.658138e+00 1.700028e+01 2.484050e+02 -1.552226e+02
<VARIANCE> 6
 1.951316e+02 4.800121e+05 7.457142e+05 8.050677e+02 7.617310e+04 5.205853e+07
<GCONST> 7.860417e+01
<MIXTURE> 9 6.013445e-02
<MEAN> 6
 3.674450e+01 -1.009544e+02 3.551558e+01 -2.304611e+02 -4.446318e+02 4.685771e+03
<VARIANCE> 6
 2.362167e+02 1.813166e+06 6.200119e+05 4.905153e+03 1.859129e+05 7.285737e+07
<GCONST> 8.297517e+01
<MIXTURE> 10 8.619078e-02
<MEAN> 6
 -5.077330e+00 -2.423187e+01 -2.714412e+00 1.951215e+01 1.014654e+02 -3.798113e+02
<VARIANCE> 6
 4.465391e+02 8.391677e+04 3.784849e+04 2.488679e+04 7.033314e+04 5.205853e+07
<GCONST> 7.805869e+01
<MIXTURE> 11 7.867385e-02
<MEAN> 6
 7.817413e+01 -7.469657e+01 -1.539437e+01 -5.716631e+00 -3.760388e+01 -1.739336e+02
<VARIANCE> 6
 1.248642e+02 2.416699e+05 1.421850e+05 3.003832e+02 4.056576e+04 5.205853e+07
<GCONST> 7.419832e+01
<MIXTURE> 12 4.376786e-02
<MEAN> 6
 -1.498410e+01 -5.622858e+01 1.326753e+01 2.228842e+02 3.912811e+02 -8.529827e+03
<VARIANCE> 6
 1.521555e+02 5.922101e+05 3.876884e+05 7.263143e+03 1.770381e+05 8.708566e+07
<GCONST> 8.146883e+01
<MIXTURE> 13 5.529520e-02
<MEAN> 6
 -5.174801e+01 6.904211e+00 5.387726e+01 -6.855704e+01 1.458135e+03 -3.528705e+02
<VARIANCE> 6
 1.439876e+02 1.033236e+06 7.594297e+05 1.989251e+04 4.991824e+05 3.864330e+08
<GCONST> 8.617681e+01
<MIXTURE> 14 6.295478e-02
<MEAN> 6
 7.415633e+01 -2.092989e+02 1.211496e+02 -3.437703e+01 -8.275062e+02 -5.085938e+02
<VARIANCE> 6
 1.372692e+02 6.957941e+05 3.835758e+05 1.490686e+04 2.232574e+05 8.367830e+07
<GCONST> 8.242746e+01
<MIXTURE> 15 5.666485e-02
<MEAN> 6
 3.152743e+01 -1.000525e+02 -9.520815e+01 2.019086e+02 -2.855613e+02 -2.293430e+03
<VARIANCE> 6
 4.548796e+02 6.047006e+05 6.080818e+05 5.752354e+03 1.141992e+05 5.205853e+07
<GCONST> 8.184879e+01
<TRANSP> 5
 0.000000e+00 1.000000e+00 0.000000e+00 0.000000e+00 0.000000e+00
 0.000000e+00 9.996991e-01 3.008855e-04 0.000000e+00 0.000000e+00
 0.000000e+00 0.000000e+00 9.997445e-01 2.554482e-04 0.000000e+00
 0.000000e+00 0.000000e+00 0.000000e+00 9.999493e-01 5.066955e-05
 0.000000e+00 0.000000e+00 0.000000e+00 0.000000e+00 0.000000e+00
<ENDHMM>
~h "QuintoPRIMARIA"
<BEGINHMM>
<NUMSTATES> 5
<STATE> 2
<NUMMIXES> 15
<MIXTURE> 1 5.146114e-02
<MEAN> 6
 1.898302e+01 6.788133e+02 1.447875e+02 3.093111e+01 -1.356322e+02 -1.215038e+03
<VARIANCE> 6
 7.868781e+02 3.369747e+06 6.059982e+05 4.834321e+04 2.081668e+05 5.784740e+07
<GCONST> 8.694582e+01
<MIXTURE> 2 8.729055e-02
<MEAN> 6
 7.268485e+01 1.217582e+03 7.289291e+01 -2.164600e+00 -1.473615e+01 -1.465477e+02
<VARIANCE> 6
 7.694311e+01 4.308111e+05 1.245994e+06 3.003832e+02 4.056576e+04 5.205853e+07
<GCONST> 7.646281e+01
<MIXTURE> 3 5.492192e-02
<MEAN> 6
 4.043464e+01 1.246202e+02 -1.514192e+03 -1.064792e+02 -6.724198e+02 7.314281e+03
<VARIANCE> 6
 2.113744e+03 1.438806e+06 1.070436e+07 6.263714e+04 2.790559e+06 1.814562e+09
<GCONST> 9.625494e+01
<MIXTURE> 4 8.913367e-02
<MEAN> 6
 -4.259885e+01 -3.303032e+02 1.019299e+02 1.510948e+02 7.248347e+02 -1.495662e+03
<VARIANCE> 6
 3.407648e+02 8.498526e+05 8.090995e+05 9.131344e+03 1.514797e+05 5.205853e+07
<GCONST> 8.293051e+01
<MIXTURE> 5 1.906542e-02
<MEAN> 6
 7.942496e+01 -2.165458e+03 -9.630655e+02 -1.661434e+00 -1.027803e+01 -2.161808e+01
<VARIANCE> 6
 5.723423e+02 2.978806e+07 7.404916e+05 3.003832e+02 4.056576e+04 5.205853e+07
<GCONST> 8.218530e+01
<MIXTURE> 6 7.157107e-02
<MEAN> 6
 8.266616e+01 3.000959e+02 -1.853490e+01 -8.475491e+00 -7.254503e+02 -1.690728e+03
<VARIANCE> 6
 2.051374e+02 1.306682e+06 5.119148e+05 1.492703e+04 5.237965e+05 2.320416e+08
<GCONST> 8.562207e+01
<MIXTURE> 7 6.621421e-02
<MEAN> 6
 8.297272e+01 1.128011e+02 7.298492e+02 -1.843835e+00 -3.846028e+01 -1.739445e+02
<VARIANCE> 6
 1.468395e+02 2.708568e+05 3.616214e+06 3.003832e+02 4.056576e+04 5.205853e+07
<GCONST> 7.771050e+01
<MIXTURE> 8 8.347714e-02
<MEAN> 6
 -6.473183e+01 3.849787e+01 -2.275682e+01 4.382257e+00 2.002857e+02 2.572481e+02
<VARIANCE> 6
 1.479485e+02 5.559548e+05 1.474835e+06 7.118408e+02 7.569440e+04 5.205853e+07
<GCONST> 7.902682e+01
<MIXTURE> 9 6.538433e-02
<MEAN> 6
 5.644942e+01 -3.587584e+01 2.908448e+02 4.331316e+01 -4.603238e+02 4.700421e+02
<VARIANCE> 6
 3.770610e+02 5.198329e+05 2.179084e+06 2.423167e+04 1.046688e+05 5.205853e+07
<GCONST> 8.413721e+01
<MIXTURE> 10 5.027813e-02
<MEAN> 6
 5.927271e+01 3.448882e+02 -9.087021e+02 5.714008e-01 -1.373009e+01 -6.495756e+01
<VARIANCE> 6
 5.017316e+01 1.365407e+05 6.772934e+06 3.003832e+02 4.056576e+04 5.205853e+07
<GCONST> 7.657919e+01
<MIXTURE> 11 8.279905e-02
<MEAN> 6
 6.669487e+01 -6.968961e+02 4.561930e+01 1.175542e+00 -1.147200e+01 -1.094520e+02
<VARIANCE> 6
 9.378766e+01 1.386382e+05 4.075579e+05 3.003832e+02 4.056576e+04 5.205853e+07
<GCONST> 7.440948e+01
<MIXTURE> 12 7.349699e-02
<MEAN> 6
 -5.319421e+01 -2.223545e+02 -3.577388e+02 -1.223889e+02 1.313731e+03 1.074490e+03
<VARIANCE> 6
 2.798752e+02 9.719252e+05 2.089247e+06 1.900272e+04 8.762492e+05 5.414150e+08
<GCONST> 8.864639e+01
<MIXTURE> 13 8.100157e-02
<MEAN> 6
 2.189543e+00 -1.956369e+02 5.163533e+01 -1.406938e+01 -1.303075e+01 -2.095875e+03
<VARIANCE> 6
 4.771973e+02 3.434426e+05 2.554532e+06 6.147054e+04 1.884157e+05 1.165192e+08
<GCONST> 8.644164e+01
<MIXTURE> 14 6.209591e-02
<MEAN> 6
 7.693105e+01 -2.934749e+02 5.587990e+02 -4.089426e-01 -2.626939e+01 -1.764127e+02
<VARIANCE> 6
 1.823782e+02 1.713160e+05 3.100947e+06 3.003832e+02 4.056576e+04 5.205853e+07
<GCONST> 7.731544e+01
<MIXTURE> 15 6.120068e-02
<MEAN> 6
 5.517290e+01 -3.139475e+02 -3.244590e+02 -2.127437e+01 -7.074732e+02 4.838390e+01
<VARIANCE> 6
 4.006440e+02 6.772995e+05 1.576596e+06 3.912650e+04 2.064664e+05 5.559852e+07
<GCONST> 8.536310e+01
<STATE> 3
<NUMMIXES> 15
<MIXTURE> 1 7.134139e-02
<MEAN> 6
 9.702190e+01 5.547697e+02 2.515356e+03 -2.453113e+00 2.797554e+00 2.743510e+01
<VARIANCE> 6
 4.175309e+01 2.859635e+05 4.169084e+05 3.003832e+02 4.056576e+04 5.205853e+07
<GCONST> 7.434689e+01
<MIXTURE> 2 3.601549e-02
<MEAN> 6
 7.376323e+01 1.416505e+02 6.650400e+02 7.859890e-01 2.479621e-01 -1.426904e+02
<VARIANCE> 6
 3.171015e+01 1.580016e+04 2.023078e+04 3.003832e+02 4.056576e+04 5.205853e+07
<GCONST> 6.815025e+01
<MIXTURE> 3 7.855130e-02
<MEAN> 6
 7.427158e+01 1.548168e+02 3.922829e+01 3.457265e-01 -3.263363e+00 -1.575747e+02
<VARIANCE> 6
 3.171015e+01 1.281363e+04 1.155935e+04 3.003832e+02 4.056576e+04 5.205853e+07
<GCONST> 6.738103e+01
<MIXTURE> 4 5.518638e-02
<MEAN> 6
 6.053084e+01 2.090911e+02 -1.885003e+02 -4.636144e-01 -3.376949e-02 -1.456921e+02
<VARIANCE> 6
 3.171015e+01 3.474673e+04 5.695515e+04 3.003832e+02 4.056576e+04 5.205853e+07
<GCONST> 6.997338e+01
<MIXTURE> 5 7.291105e-02
<MEAN> 6
 8.639034e+01 5.349795e+01 -2.054783e+02 -1.166109e+00 -2.675303e+00 -6.215299e+00
<VARIANCE> 6
 3.171015e+01 1.281363e+04 1.155935e+04 3.003832e+02 4.056576e+04 5.205853e+07
<GCONST> 6.738103e+01
<MIXTURE> 6 9.225877e-02
<MEAN> 6
 5.724717e+01 9.778742e+00 2.841161e+02 -7.791257e-02 -2.178937e+00 -1.590520e+02
<VARIANCE> 6
 3.171015e+01 1.281363e+04 3.155412e+04 3.003832e+02 4.056576e+04 5.205853e+07
<GCONST> 6.838524e+01
<MIXTURE> 7 6.997743e-02
<MEAN> 6
 6.838013e+01 5.241834e+02 -2.087703e+02 -1.343500e+00 -2.778913e+00 -1.056607e+02
<VARIANCE> 6
 3.330913e+01 1.300880e+05 1.155935e+04 3.003832e+02 4.056576e+04 5.205853e+07
<GCONST> 6.974792e+01
<MIXTURE> 8 8.801149e-02
<MEAN> 6
 6.188142e+01 -1.599530e+02 -2.201439e+02 -1.225250e-01 -3.716475e+00 -1.109378e+02
<VARIANCE> 6
 3.171015e+01 1.281363e+04 5.747792e+04 3.003832e+02 4.056576e+04 5.205853e+07
<GCONST> 6.898494e+01
<MIXTURE> 9 2.735706e-02
<MEAN> 6
 5.754322e+01 -2.234862e+02 7.234807e+02 -5.579599e-01 -6.012259e+00 -7.121497e+01
<VARIANCE> 6
 3.171015e+01 1.281363e+04 6.972144e+04 3.003832e+02 4.056576e+04 5.205853e+07
<GCONST> 6.917805e+01
<MIXTURE> 10 5.332852e-02
<MEAN> 6
 8.414188e+01 -9.882351e+01 -6.574136e+01 -2.316869e-01 -2.345975e+00 -4.657638e+01
<VARIANCE> 6
 3.171015e+01 1.281363e+04 1.463016e+04 3.003832e+02 4.056576e+04 5.205853e+07
<GCONST> 6.761662e+01
<MIXTURE> 11 8.457876e-02
<MEAN> 6
 6.257837e+01 -1.630323e+02 -4.195756e+02 -3.041425e-01 -4.770324e+00 -1.368465e+02
<VARIANCE> 6
 3.171015e+01 1.281363e+04 5.706579e+04 3.003832e+02 4.056576e+04 5.205853e+07
<GCONST> 6.897775e+01
<MIXTURE> 12 1.002133e-01
<MEAN> 6
 5.869568e+01 -2.243792e+01 7.657113e+01 -1.083798e-01 -5.392193e+00 -1.574357e+02
<VARIANCE> 6
 3.171015e+01 1.423621e+04 3.130643e+04 3.003832e+02 4.056576e+04 5.205853e+07
<GCONST> 6.848264e+01
<MIXTURE> 13 6.663883e-02
<MEAN> 6
 9.843163e+01 6.195707e+02 -7.825121e+02 -2.264132e+00 -1.187643e+00 7.468328e+01
<VARIANCE> 6
 3.171015e+01 2.757589e+04 7.043381e+05 3.003832e+02 4.056576e+04 5.205853e+07
<GCONST> 7.225723e+01
<MIXTURE> 14 5.165568e-02
<MEAN> 6
 6.316086e+01 8.898142e+01 -4.333726e+02 -4.442815e-01 -5.459569e+00 -1.500732e+02
<VARIANCE> 6
 3.171015e+01 2.283662e+04 4.266309e+04 3.003832e+02 4.056576e+04 5.205853e+07
<GCONST> 6.926472e+01
<MIXTURE> 15 5.182872e-02
<MEAN> 6
 8.159001e+01 -1.478103e+02 -1.828226e+02 -1.833540e-01 -4.967380e+00 -4.234138e+01
<VARIANCE> 6
 3.171015e+01 1.281363e+04 2.118431e+04 3.003832e+02 4.056576e+04 5.205853e+07
<GCONST> 6.798680e+01
<STATE> 4
<NUMMIXES> 15
<MIXTURE> 1 1.274512e-02
<MEAN> 6
 -6.292884e+00 1.567467e+02 1.115362e+02 -2.635337e+01 6.213232e+01 5.218906e+03
<VARIANCE> 6
 1.176857e+04 1.954527e+05 4.066781e+05 2.075748e+06 1.137867e+09 1.673098e+12
<GCONST> 1.090433e+02
<MIXTURE> 2 4.816341e-02
<MEAN> 6
 6.273777e+01 1.131133e+01 2.272912e+01 -5.191628e+00 -7.832339e+02 1.513930e+03
<VARIANCE> 6
 7.548871e+02 1.047196e+06 1.479038e+06 4.439344e+04 3.265281e+05 1.229646e+08
<GCONST> 8.774689e+01
<MIXTURE> 3 3.546254e-02
<MEAN> 6
 -1.552853e+01 -1.278101e+02 2.200801e+02 -4.603102e+01 2.119867e+02 1.477949e+03
<VARIANCE> 6
 4.527168e+03 7.253161e+05 8.752388e+05 7.375924e+04 3.279049e+06 2.599972e+09
<GCONST> 9.451212e+01
<MIXTURE> 4 7.891002e-02
<MEAN> 6
 7.793774e+01 1.178587e+01 8.526842e+01 -6.977931e+00 -2.942769e+01 -2.905755e+02
<VARIANCE> 6
 1.331329e+02 3.691230e+04 4.355053e+04 3.003832e+02 4.056576e+04 5.205853e+07
<GCONST> 7.120021e+01
<MIXTURE> 5 6.091225e-02
<MEAN> 6
 -3.598973e+01 6.274771e+01 1.863752e+02 1.388363e+02 8.190678e+02 -1.739681e+03
<VARIANCE> 6
 3.944990e+02 1.440023e+05 2.296520e+05 1.596084e+04 1.648719e+05 5.205853e+07
<GCONST> 8.068549e+01
<MIXTURE> 6 7.643856e-02
<MEAN> 6
 7.293744e+01 5.989067e+01 -2.303351e+01 2.500138e+01 -4.112111e+02 -8.751270e+02
<VARIANCE> 6
 2.842768e+02 8.628269e+04 3.650970e+04 1.663122e+04 1.244104e+05 5.205853e+07
<GCONST> 7.776619e+01
<MIXTURE> 7 7.824136e-02
<MEAN> 6
 -5.417275e+01 3.187526e+01 2.072274e+01 1.585607e+01 1.895312e+02 2.350329e+02
<VARIANCE> 6
 2.675113e+02 8.797570e+04 9.903973e+04 5.862900e+02 6.354615e+04 5.205853e+07
<GCONST> 7.470573e+01
<MIXTURE> 8 9.097835e-02
<MEAN> 6
 2.529484e+01 -1.276529e+01 4.590589e+01 1.431648e+02 -1.614886e+02 -2.715651e+03
<VARIANCE> 6
 4.793600e+02 1.508320e+05 1.769095e+05 3.103489e+04 1.166227e+05 5.205853e+07
<GCONST> 8.098447e+01
<MIXTURE> 9 5.411762e-02
<MEAN> 6
 8.604066e+01 -1.067635e+02 2.836865e+02 -6.940483e+00 -1.357864e+01 8.424908e+01
<VARIANCE> 6
 1.481936e+02 1.046640e+06 7.114957e+05 3.003832e+02 4.056576e+04 5.205853e+07
<GCONST> 7.744562e+01
<MIXTURE> 10 6.787891e-02
<MEAN> 6
 -4.777612e+01 -7.032569e+01 4.183245e+01 -8.510783e+01 1.443971e+03 9.204986e+02
<VARIANCE> 6
 2.770519e+02 1.557252e+05 1.390311e+05 3.126565e+04 5.844471e+05 4.768359e+08
<GCONST> 8.406114e+01
<MIXTURE> 11 6.415419e-02
<MEAN> 6
 8.910982e+01 9.116978e+01 -4.507610e+01 2.607708e+01 -9.454550e+02 -1.148387e+03
<VARIANCE> 6
 1.869726e+02 2.307962e+05 1.047967e+05 1.660357e+04 1.184185e+06 6.059956e+08
<GCONST> 8.409161e+01
<MIXTURE> 12 9.152760e-02
<MEAN> 6
 3.382520e+00 -4.206604e+00 -5.651575e-01 -1.509105e+02 1.330231e+01 3.328531e+03
<VARIANCE> 6
 4.845497e+02 4.935134e+04 7.616325e+04 4.428951e+04 3.558832e+05 2.584756e+08
<GCONST> 8.210901e+01
<MIXTURE> 13 9.226599e-02
<MEAN> 6
 8.334943e+01 -1.911781e+02 -1.980261e+02 -5.537541e+00 -1.790960e+01 -2.341718e+02
<VARIANCE> 6
 1.326686e+02 1.230456e+05 1.321493e+05 3.003832e+02 4.056576e+04 5.205853e+07
<GCONST> 7.351073e+01
<MIXTURE> 14 8.209479e-02
<MEAN> 6
 5.945652e+01 1.693496e+01 2.529197e+00 -6.623842e+01 -8.369519e+02 5.096674e+02
<VARIANCE> 6
 2.780322e+02 7.724973e+04 1.027200e+05 3.246965e+04 2.197415e+05 6.522053e+07
<GCONST> 8.013112e+01
<MIXTURE> 15 6.531773e-02
<MEAN> 6
 -4.481820e+01 -7.513098e+01 2.321016e+01 4.643241e+01 7.079628e+02 -9.723806e+02
<VARIANCE> 6
 3.225361e+02 1.577792e+05 1.321792e+05 1.673880e+04 1.042132e+05 5.205853e+07
<GCONST> 7.961191e+01
<TRANSP> 5
 0.000000e+00 1.000000e+00 0.000000e+00 0.000000e+00 0.000000e+00
 0.000000e+00 9.999041e-01 9.588287e-05 0.000000e+00 0.000000e+00
 0.000000e+00 0.000000e+00 9.996277e-01 3.722772e-04 0.000000e+00
 0.000000e+00 0.000000e+00 0.000000e+00 9.999317e-01 6.831351e-05
 0.000000e+00 0.000000e+00 0.000000e+00 0.000000e+00 0.000000e+00
<ENDHMM>
