~o
<STREAMINFO> 1 6
<VECSIZE> 6<NULLD><USER><DIAGC>
~h "SegundoPRIMARIA"
<BEGINHMM>
<NUMSTATES> 4
<STATE> 2
<NUMMIXES> 4
<MIXTURE> 1 3.060756e-01
<MEAN> 6
 8.283043e+01 1.440181e+00 -8.737903e+01 -2.311621e+00 -2.827985e+01 -1.876855e+02
<VARIANCE> 6
 2.663862e+02 1.861788e+05 1.535610e+05 2.981577e+02 3.965016e+04 5.092014e+07
<GCONST> 7.471977e+01
<MIXTURE> 2 1.238143e-01
<MEAN> 6
 4.773204e+01 7.451626e+01 8.176622e+01 -4.603342e+01 -3.669442e+02 2.014244e+03
<VARIANCE> 6
 3.756957e+03 4.011822e+05 4.261993e+05 6.338738e+04 3.566072e+06 1.674571e+09
<GCONST> 9.250628e+01
<MIXTURE> 3 3.538984e-01
<MEAN> 6
 1.779404e-01 3.953485e+01 2.225778e+00 7.496003e+01 2.250121e+02 -1.108705e+03
<VARIANCE> 6
 2.876268e+03 9.131829e+04 7.914625e+04 2.625540e+04 3.975227e+05 5.092014e+07
<GCONST> 8.250708e+01
<MIXTURE> 4 2.154362e-01
<MEAN> 6
 3.137209e+01 5.352839e+00 1.896859e+01 -9.426470e+01 -1.194879e+02 9.289779e+02
<VARIANCE> 6
 3.313089e+03 7.399502e+04 1.199138e+05 4.528199e+04 1.591852e+06 3.028831e+08
<GCONST> 8.656911e+01
<STATE> 3
<NUMMIXES> 4
<MIXTURE> 1 3.305360e-02
<MEAN> 6
 2.852456e+01 1.628648e+02 -2.048776e+02 -4.919852e+01 -2.802445e+02 4.336180e+03
<VARIANCE> 6
 7.009218e+03 1.477851e+07 1.462901e+06 5.137626e+05 2.522537e+08 3.620834e+11
<GCONST> 1.096975e+02
<MIXTURE> 2 3.258037e-01
<MEAN> 6
 8.516318e+01 -3.992717e+01 1.009796e+02 -2.424251e+00 -3.353257e+01 -1.392944e+02
<VARIANCE> 6
 3.237825e+02 8.235914e+05 1.760101e+06 2.981577e+02 3.965016e+04 5.092014e+07
<GCONST> 7.884090e+01
<MIXTURE> 3 5.306518e-01
<MEAN> 6
 1.360584e+01 -1.909025e+01 -9.649942e+00 7.929807e+00 2.720757e+01 -2.161692e+02
<VARIANCE> 6
 4.007348e+03 5.908598e+05 1.171201e+06 4.465375e+04 1.066976e+06 2.516275e+08
<GCONST> 9.051652e+01
<MIXTURE> 4 1.099679e-01
<MEAN> 6
 7.784863e+00 -2.615113e+02 7.842938e+00 -5.202456e+00 5.329124e+01 1.126510e+02
<VARIANCE> 6
 6.328766e+03 1.139996e+07 7.784173e+05 2.981577e+02 3.965016e+04 5.092014e+07
<GCONST> 8.362550e+01
<TRANSP> 4
 0.000000e+00 1.000000e+00 0.000000e+00 0.000000e+00
 0.000000e+00 9.999434e-01 5.659539e-05 0.000000e+00
 0.000000e+00 0.000000e+00 9.998941e-01 1.058921e-04
 0.000000e+00 0.000000e+00 0.000000e+00 0.000000e+00
<ENDHMM>
~h "SegundoESO"
<BEGINHMM>
<NUMSTATES> 4
<STATE> 2
<NUMMIXES> 4
<MIXTURE> 1 1.533693e-01
<MEAN> 6
 8.283893e+01 -5.643199e+02 -9.786894e+02 -3.284972e+00 -2.958777e+01 -1.242894e+02
<VARIANCE> 6
 1.501685e+02 1.287221e+07 1.666854e+07 2.981577e+02 3.965016e+04 5.092014e+07
<GCONST> 8.306989e+01
<MIXTURE> 2 1.696776e-01
<MEAN> 6
 1.242699e+01 9.427172e+01 5.137093e+02 -1.318760e+01 -3.936275e+00 8.306118e+02
<VARIANCE> 6
 3.009111e+03 1.139077e+07 7.714813e+06 4.249100e+04 1.027974e+06 2.675855e+08
<GCONST> 9.504872e+01
<MIXTURE> 3 4.193207e-01
<MEAN> 6
 6.874867e+01 7.322167e+01 -7.246540e+01 -5.456145e-01 -1.005486e+01 -9.555402e+01
<VARIANCE> 6
 8.543955e+01 8.406962e+05 5.598680e+05 2.981577e+02 3.965016e+04 5.092014e+07
<GCONST> 7.638376e+01
<MIXTURE> 4 2.572283e-01
<MEAN> 6
 2.744377e+00 -9.426956e+00 2.505630e+02 8.284876e+00 2.580002e+01 -3.999385e+02
<VARIANCE> 6
 3.003263e+03 1.664727e+06 1.783242e+06 2.830346e+04 5.215247e+05 5.092014e+07
<GCONST> 8.891486e+01
<STATE> 3
<NUMMIXES> 4
<MIXTURE> 1 2.431814e-01
<MEAN> 6
 7.452269e+01 -5.006895e+01 4.183210e+00 1.025929e+01 -1.810894e+02 -5.731650e+01
<VARIANCE> 6
 3.116992e+02 9.883629e+05 7.060648e+05 5.194372e+03 6.951862e+04 5.092014e+07
<GCONST> 8.149103e+01
<MIXTURE> 2 2.979212e-01
<MEAN> 6
 1.169193e+01 1.146367e+02 5.902992e+01 -4.324023e+01 2.273342e+01 9.675591e+02
<VARIANCE> 6
 2.751770e+03 1.033314e+06 5.556442e+05 3.660035e+04 1.181000e+06 2.956436e+08
<GCONST> 9.001778e+01
<MIXTURE> 3 2.469524e-01
<MEAN> 6
 -1.439696e+01 6.017089e+01 3.245965e+01 5.216419e+01 2.917094e+02 -8.941694e+02
<VARIANCE> 6
 1.410449e+03 2.022286e+05 1.132831e+05 1.806088e+04 2.239896e+05 5.092014e+07
<GCONST> 8.200035e+01
<MIXTURE> 4 2.111508e-01
<MEAN> 6
 2.423386e+01 -4.197412e+01 -3.638799e+01 -7.257626e+00 -1.570972e+02 -1.869180e+02
<VARIANCE> 6
 1.757591e+03 2.165059e+05 7.743289e+04 2.706574e+04 2.561430e+05 5.092014e+07
<GCONST> 8.244679e+01
<TRANSP> 4
 0.000000e+00 1.000000e+00 0.000000e+00 0.000000e+00
 0.000000e+00 9.999077e-01 9.231392e-05 0.000000e+00
 0.000000e+00 0.000000e+00 9.999389e-01 6.109526e-05
 0.000000e+00 0.000000e+00 0.000000e+00 0.000000e+00
<ENDHMM>
~h "QuintoPRIMARIA"
<BEGINHMM>
<NUMSTATES> 4
<STATE> 2
<NUMMIXES> 4
<MIXTURE> 1 3.605734e-01
<MEAN> 6
 7.420892e+01 -3.153969e+01 -4.726278e+01 -3.584986e+00 -3.209894e+01 -1.306727e+02
<VARIANCE> 6
 1.592846e+02 1.420375e+05 1.228502e+05 2.981577e+02 3.965016e+04 5.092014e+07
<GCONST> 7.371178e+01
<MIXTURE> 2 8.956138e-02
<MEAN> 6
 2.446479e+01 -3.738381e+02 -1.620959e+01 -4.582330e+01 -5.925957e+01 2.722176e+03
<VARIANCE> 6
 3.341077e+03 5.045261e+06 6.092827e+05 4.920461e+04 2.611753e+06 9.984681e+08
<GCONST> 9.419631e+01
<MIXTURE> 3 2.785417e-01
<MEAN> 6
 1.695478e+00 5.335138e+01 6.595129e+01 3.887539e+01 1.207439e+02 -7.789564e+02
<VARIANCE> 6
 2.527326e+03 9.679758e+04 1.369638e+05 3.010284e+04 4.924314e+05 6.591751e+07
<GCONST> 8.359343e+01
<MIXTURE> 4 2.707776e-01
<MEAN> 6
 1.583360e+01 -2.811667e+01 -4.339216e+01 -2.173674e+01 -6.484737e+01 7.504559e+01
<VARIANCE> 6
 2.786478e+03 9.259147e+04 7.151770e+04 3.462466e+04 8.010999e+05 1.514794e+08
<GCONST> 8.445547e+01
<STATE> 3
<NUMMIXES> 4
<MIXTURE> 1 3.704262e-01
<MEAN> 6
 7.913510e+01 1.296698e+02 8.162768e+01 -2.024253e+00 -2.257240e+01 -8.852646e+01
<VARIANCE> 6
 2.501709e+02 1.770891e+06 4.559656e+06 2.981577e+02 3.965016e+04 5.092014e+07
<GCONST> 8.030040e+01
<MIXTURE> 2 1.970607e-02
<MEAN> 6
 1.385848e+01 -4.039285e+02 -1.016265e+02 3.490759e+01 -5.875364e+02 1.383163e+03
<VARIANCE> 6
 1.141118e+04 2.851144e+06 8.058103e+05 1.452202e+06 8.042902e+08 1.185124e+12
<GCONST> 1.113274e+02
<MIXTURE> 3 3.767300e-01
<MEAN> 6
 5.117358e+00 6.062357e+01 1.068092e+02 3.766890e+01 -4.932855e+00 -7.419501e+02
<VARIANCE> 6
 3.296749e+03 1.421966e+06 1.047164e+06 2.934771e+04 4.272999e+05 5.410117e+07
<GCONST> 8.821568e+01
<MIXTURE> 4 2.329362e-01
<MEAN> 6
 5.778387e+00 -9.458308e+01 -2.387691e+02 -5.612307e+01 9.764799e+01 1.243269e+03
<VARIANCE> 6
 3.725489e+03 8.477091e+05 5.278626e+06 4.325376e+04 1.528767e+06 4.830834e+08
<GCONST> 9.329019e+01
<TRANSP> 4
 0.000000e+00 1.000000e+00 0.000000e+00 0.000000e+00
 0.000000e+00 9.999310e-01 6.899140e-05 0.000000e+00
 0.000000e+00 0.000000e+00 9.999251e-01 7.489260e-05
 0.000000e+00 0.000000e+00 0.000000e+00 0.000000e+00
<ENDHMM>
