~o
<STREAMINFO> 1 6
<VECSIZE> 6<NULLD><USER><DIAGC>
~h "SegundoPRIMARIA"
<BEGINHMM>
<NUMSTATES> 7
<STATE> 2
<NUMMIXES> 8
<MIXTURE> 1 1.350019e-01
<MEAN> 6
 9.196858e+01 9.936137e+01 4.443945e+01 -3.359459e+00 -4.134217e+01 -3.183267e+02
<VARIANCE> 6
 4.249599e+02 9.221768e+05 1.483646e+06 2.942113e+02 3.713070e+04 4.707254e+07
<GCONST> 7.889746e+01
<MIXTURE> 2 8.105487e-02
<MEAN> 6
 4.141936e+01 -3.957515e+02 -1.770704e+01 -5.093005e+01 -1.040789e+02 3.120325e+03
<VARIANCE> 6
 5.150983e+03 2.645438e+07 1.711700e+06 6.642136e+04 4.756498e+06 2.917225e+09
<GCONST> 9.929083e+01
<MIXTURE> 3 1.044751e-01
<MEAN> 6
 -3.929372e+01 4.397186e+01 1.488841e+02 4.278075e+01 9.249473e+02 9.210240e+02
<VARIANCE> 6
 7.237575e+02 3.494139e+05 1.305759e+06 4.625274e+04 4.781321e+05 1.998698e+08
<GCONST> 8.739072e+01
<MIXTURE> 4 1.740186e-01
<MEAN> 6
 5.434001e+01 -5.762062e+01 1.819845e+01 5.525471e+01 -3.271282e+02 -1.147268e+03
<VARIANCE> 6
 1.241276e+03 3.086817e+05 8.638629e+05 4.111408e+04 1.717586e+05 4.707254e+07
<GCONST> 8.480554e+01
<MIXTURE> 5 9.765228e-02
<MEAN> 6
 -6.730552e+01 1.188336e+02 -2.099468e+02 -1.699106e+00 1.831935e+02 2.929706e+02
<VARIANCE> 6
 3.288771e+02 3.351849e+05 1.350886e+06 9.423887e+02 6.375914e+04 4.707254e+07
<GCONST> 7.924014e+01
<MIXTURE> 6 1.451604e-01
<MEAN> 6
 7.253193e+01 -1.420104e+01 -1.998864e+01 -5.865682e+01 -8.450908e+02 1.086140e+03
<VARIANCE> 6
 1.229232e+03 3.258736e+05 1.768881e+06 5.085982e+04 7.165571e+05 3.274718e+08
<GCONST> 8.914748e+01
<MIXTURE> 7 1.579192e-01
<MEAN> 6
 7.230197e+01 -9.667076e+01 1.787639e+02 7.084091e-01 -1.418286e+01 -9.990671e+01
<VARIANCE> 6
 1.340762e+02 3.632549e+05 3.051814e+06 2.942113e+02 3.713070e+04 4.707254e+07
<GCONST> 7.753348e+01
<MIXTURE> 8 1.044182e-01
<MEAN> 6
 -4.733374e+01 -1.150833e+02 -2.031231e+02 -3.493116e+00 7.816718e+02 -2.688399e+03
<VARIANCE> 6
 7.177482e+02 3.167440e+05 1.343333e+06 3.850214e+04 4.428595e+05 2.122068e+08
<GCONST> 8.711244e+01
<STATE> 3
<NUMMIXES> 8
<MIXTURE> 1 9.663450e-02
<MEAN> 6
 8.837483e+01 7.337441e+02 3.086529e+02 -1.393259e+00 6.384811e-01 1.150391e+00
<VARIANCE> 6
 5.024431e+01 5.818857e+04 1.843872e+04 2.942113e+02 3.713070e+04 4.707254e+07
<GCONST> 6.961151e+01
<MIXTURE> 2 1.373125e-01
<MEAN> 6
 7.993902e+01 2.139446e+02 -2.192991e+02 8.030713e-01 -4.608490e-01 -8.675387e+01
<VARIANCE> 6
 3.158553e+01 1.392960e+04 1.165146e+05 2.942113e+02 3.713070e+04 4.707254e+07
<GCONST> 6.956120e+01
<MIXTURE> 3 1.536768e-01
<MEAN> 6
 9.050641e+01 1.374695e+01 1.788939e+02 -1.593638e+00 -7.416950e-01 -7.918052e+01
<VARIANCE> 6
 3.158553e+01 2.222009e+04 8.691010e+04 2.942113e+02 3.713070e+04 4.707254e+07
<GCONST> 6.973504e+01
<MIXTURE> 4 8.398307e-02
<MEAN> 6
 9.168919e+01 -2.965155e+02 3.191606e+01 -2.075112e+00 -3.329526e+00 -3.222756e+01
<VARIANCE> 6
 3.158553e+01 1.608551e+05 2.144759e+04 2.942113e+02 3.713070e+04 4.707254e+07
<GCONST> 7.031528e+01
<MIXTURE> 5 1.212697e-01
<MEAN> 6
 9.375446e+01 -4.308327e+02 -5.431295e+02 -1.967802e-01 -3.992172e+00 4.175394e-01
<VARIANCE> 6
 3.158553e+01 2.723972e+04 1.341569e+04 2.942113e+02 3.713070e+04 4.707254e+07
<GCONST> 6.807027e+01
<MIXTURE> 6 1.743759e-01
<MEAN> 6
 7.723494e+01 6.175744e+01 -3.400851e+02 -1.043316e+00 2.648840e-01 -1.053407e+02
<VARIANCE> 6
 3.158553e+01 1.212822e+04 1.341569e+04 2.942113e+02 3.713070e+04 4.707254e+07
<GCONST> 6.726113e+01
<MIXTURE> 7 1.353880e-01
<MEAN> 6
 8.817866e+01 -8.519412e+01 1.461753e+02 -1.843607e+00 7.108452e-01 -6.004729e+01
<VARIANCE> 6
 3.158553e+01 6.768255e+04 6.468707e+04 2.942113e+02 3.713070e+04 4.707254e+07
<GCONST> 7.055356e+01
<MIXTURE> 8 9.727941e-02
<MEAN> 6
 8.631319e+01 6.523758e+02 2.761133e+02 -7.944934e-01 -1.059586e+01 -1.330194e+02
<VARIANCE> 6
 4.180358e+01 6.404706e+04 2.186487e+04 2.942113e+02 3.713070e+04 4.707254e+07
<GCONST> 6.969395e+01
<STATE> 4
<NUMMIXES> 8
<MIXTURE> 1 1.498420e-01
<MEAN> 6
 1.222941e+02 9.401675e+02 1.212013e+03 -5.051607e+00 2.366567e+00 6.988786e+01
<VARIANCE> 6
 4.842635e+01 1.618972e+06 7.228169e+05 2.942113e+02 3.713070e+04 4.707254e+07
<GCONST> 7.656921e+01
<MIXTURE> 2 1.062315e-01
<MEAN> 6
 7.493432e+01 1.243401e+03 6.221022e+02 -8.551240e-01 6.003721e+00 -2.987439e+01
<VARIANCE> 6
 3.158553e+01 1.204284e+06 3.125157e+04 2.942113e+02 3.713070e+04 4.707254e+07
<GCONST> 7.270488e+01
<MIXTURE> 3 8.288342e-02
<MEAN> 6
 1.001779e+02 -3.146670e+03 -1.175639e+02 -4.305449e+00 -3.723813e+00 -1.647282e+02
<VARIANCE> 6
 3.158553e+01 5.312940e+05 1.821356e+04 2.942113e+02 3.713070e+04 4.707254e+07
<GCONST> 7.134665e+01
<MIXTURE> 4 1.822238e-01
<MEAN> 6
 8.735296e+01 5.611054e+02 -1.651227e+03 -3.200594e+00 -6.918486e+00 3.648412e+01
<VARIANCE> 6
 3.764845e+01 3.986942e+05 1.047076e+06 2.942113e+02 3.713070e+04 4.707254e+07
<GCONST> 7.528671e+01
<MIXTURE> 5 6.210283e-02
<MEAN> 6
 8.114130e+01 1.912481e+03 -2.969363e+02 -2.377655e+00 3.335116e+00 -1.112635e+02
<VARIANCE> 6
 3.158553e+01 1.159378e+06 2.814819e+04 2.942113e+02 3.713070e+04 4.707254e+07
<GCONST> 7.256229e+01
<MIXTURE> 6 1.514127e-01
<MEAN> 6
 9.905016e+01 1.768931e+02 8.329519e+02 -2.718619e+00 -1.556934e+00 -8.286212e+01
<VARIANCE> 6
 4.455400e+01 1.166330e+06 1.006164e+05 2.942113e+02 3.713070e+04 4.707254e+07
<GCONST> 7.418610e+01
<MIXTURE> 7 1.618848e-01
<MEAN> 6
 7.619819e+01 -9.667212e+02 -4.731269e+02 -2.014652e+00 -3.170262e+00 1.697957e+01
<VARIANCE> 6
 3.158553e+01 2.244093e+05 1.450764e+05 2.942113e+02 3.713070e+04 4.707254e+07
<GCONST> 7.255990e+01
<MIXTURE> 8 1.033709e-01
<MEAN> 6
 7.423048e+01 9.894289e+02 5.929131e+02 -1.507583e+00 -1.169357e+01 -3.555815e+02
<VARIANCE> 6
 3.158553e+01 1.303341e+06 2.398530e+04 2.942113e+02 3.713070e+04 4.707254e+07
<GCONST> 7.251929e+01
<STATE> 5
<NUMMIXES> 8
<MIXTURE> 1 2.207398e-01
<MEAN> 6
 7.200343e+01 -3.072861e+01 1.355720e+02 3.245934e-01 -1.273400e-02 -1.246530e+02
<VARIANCE> 6
 3.158553e+01 2.284750e+04 1.341569e+04 2.942113e+02 3.713070e+04 4.707254e+07
<GCONST> 6.789444e+01
<MIXTURE> 2 1.206493e-01
<MEAN> 6
 6.729364e+01 -5.185176e+01 -9.721694e+02 -7.799026e-01 -4.720074e+00 -1.048958e+02
<VARIANCE> 6
 3.158553e+01 3.404641e+04 4.437773e+04 2.942113e+02 3.713070e+04 4.707254e+07
<GCONST> 6.948963e+01
<MIXTURE> 3 1.028588e-01
<MEAN> 6
 6.536766e+01 3.994720e+02 -1.513218e+02 -2.556711e-01 -2.849681e+00 -1.614664e+02
<VARIANCE> 6
 3.158553e+01 2.002419e+05 1.341569e+04 2.942113e+02 3.713070e+04 4.707254e+07
<GCONST> 7.006512e+01
<MIXTURE> 4 1.158475e-01
<MEAN> 6
 6.259403e+01 -5.123107e+02 -5.676548e+02 5.970300e-01 -3.797396e-01 -1.000841e+02
<VARIANCE> 6
 3.158553e+01 3.634697e+05 2.607035e+04 2.942113e+02 3.713070e+04 4.707254e+07
<GCONST> 7.132566e+01
<MIXTURE> 5 1.167106e-01
<MEAN> 6
 6.832783e+01 -3.566910e+02 3.113256e+02 -7.090387e-02 -2.229065e+00 -1.123190e+02
<VARIANCE> 6
 3.516594e+01 3.330025e+04 1.341569e+04 2.942113e+02 3.713070e+04 4.707254e+07
<GCONST> 6.837854e+01
<MIXTURE> 6 1.098902e-01
<MEAN> 6
 6.409077e+01 1.712652e+01 -2.151216e+02 9.827886e-01 8.527636e+00 -3.408362e+01
<VARIANCE> 6
 3.158553e+01 1.099384e+05 1.341569e+04 2.942113e+02 3.713070e+04 4.707254e+07
<GCONST> 6.946552e+01
<MIXTURE> 7 1.022647e-01
<MEAN> 6
 6.531457e+01 1.514828e+02 -1.850810e+02 -9.045132e-02 -4.545053e+00 -1.363260e+02
<VARIANCE> 6
 3.158553e+01 1.822639e+05 1.341569e+04 2.942113e+02 3.713070e+04 4.707254e+07
<GCONST> 6.997105e+01
<MIXTURE> 8 1.108975e-01
<MEAN> 6
 6.205965e+01 -1.062038e+02 -2.557807e+02 3.196640e-01 -1.177979e+01 -2.621893e+02
<VARIANCE> 6
 3.158553e+01 1.153019e+05 1.341569e+04 2.942113e+02 3.713070e+04 4.707254e+07
<GCONST> 6.951315e+01
<STATE> 6
<NUMMIXES> 8
<MIXTURE> 1 7.849066e-03
<MEAN> 6
 1.985902e+01 6.226903e+01 1.702683e+02 5.481194e+01 -7.940553e+02 -8.322645e+02
<VARIANCE> 6
 9.068885e+03 2.093532e+06 2.372792e+06 9.483492e+05 5.170697e+08 7.488111e+11
<GCONST> 1.105417e+02
<MIXTURE> 2 1.629364e-01
<MEAN> 6
 -1.262370e+01 1.078051e+02 3.618514e+01 8.997922e+01 4.769488e+02 -2.959081e+03
<VARIANCE> 6
 7.553207e+02 1.680433e+05 4.131468e+04 4.371936e+04 3.343274e+05 8.061281e+07
<GCONST> 8.192594e+01
<MIXTURE> 3 1.455426e-01
<MEAN> 6
 5.869979e+01 -1.886686e+01 1.775473e+02 -3.868731e+01 -6.607391e+02 1.330000e+02
<VARIANCE> 6
 1.286108e+03 1.059730e+05 4.141100e+05 5.981171e+04 7.691068e+05 3.018484e+08
<GCONST> 8.676884e+01
<MIXTURE> 4 1.698769e-01
<MEAN> 6
 9.406808e+01 -9.464647e+01 -7.699752e+01 -4.877456e+00 -2.908292e+01 -2.505656e+02
<VARIANCE> 6
 2.523948e+02 4.438888e+05 1.529682e+05 2.942113e+02 3.713070e+04 4.707254e+07
<GCONST> 7.537327e+01
<MIXTURE> 5 1.332641e-01
<MEAN> 6
 2.153606e+01 -5.210276e+01 -1.471883e+01 -1.025358e+02 3.003813e+02 4.776593e+03
<VARIANCE> 6
 4.494959e+03 6.151602e+05 1.840634e+05 5.909955e+04 3.949185e+06 1.571280e+09
<GCONST> 9.224180e+01
<MIXTURE> 6 1.036527e-01
<MEAN> 6
 7.751707e+01 1.163151e+02 6.185970e+01 4.305413e+01 -4.770536e+02 5.942341e+02
<VARIANCE> 6
 6.622384e+02 1.859904e+05 5.965615e+04 2.924573e+04 2.580104e+05 6.745626e+07
<GCONST> 8.142393e+01
<MIXTURE> 7 1.723515e-01
<MEAN> 6
 -5.122425e+01 2.697982e+01 -1.744607e+01 1.905860e+01 6.405999e+02 2.998530e+02
<VARIANCE> 6
 2.674127e+02 1.677648e+05 1.637163e+05 1.001367e+04 3.079172e+05 8.331937e+07
<GCONST> 8.073975e+01
<MIXTURE> 8 1.035032e-01
<MEAN> 6
 7.153008e+01 -5.710755e+01 -3.137118e+01 -2.136016e+01 -6.859644e+02 -2.137366e+03
<VARIANCE> 6
 6.458649e+02 1.843630e+05 5.925616e+04 3.534406e+04 2.668658e+05 6.791215e+07
<GCONST> 8.161325e+01
<TRANSP> 7
 0.000000e+00 1.000000e+00 0.000000e+00 0.000000e+00 0.000000e+00 0.000000e+00 0.000000e+00
 0.000000e+00 9.998223e-01 1.776905e-04 0.000000e+00 0.000000e+00 0.000000e+00 0.000000e+00
 0.000000e+00 0.000000e+00 9.991239e-01 8.761844e-04 0.000000e+00 0.000000e+00 0.000000e+00
 0.000000e+00 0.000000e+00 0.000000e+00 9.989185e-01 1.081504e-03 0.000000e+00 0.000000e+00
 0.000000e+00 0.000000e+00 0.000000e+00 0.000000e+00 9.993817e-01 6.182902e-04 0.000000e+00
 0.000000e+00 0.000000e+00 0.000000e+00 0.000000e+00 0.000000e+00 9.999427e-01 5.728809e-05
 0.000000e+00 0.000000e+00 0.000000e+00 0.000000e+00 0.000000e+00 0.000000e+00 0.000000e+00
<ENDHMM>
~h "SegundoESO"
<BEGINHMM>
<NUMSTATES> 7
<STATE> 2
<NUMMIXES> 8
<MIXTURE> 1 1.075513e-01
<MEAN> 6
 8.747134e+01 -1.092785e+03 2.329645e+03 -2.560414e+00 -2.905511e+01 -2.495539e+01
<VARIANCE> 6
 1.257904e+02 4.805389e+07 2.614670e+07 2.942113e+02 3.713070e+04 4.707254e+07
<GCONST> 8.450264e+01
<MIXTURE> 2 1.009788e-01
<MEAN> 6
 1.540276e+01 9.141548e+02 1.165379e+03 -3.785072e+01 -5.660779e+01 6.370128e+02
<VARIANCE> 6
 2.782665e+03 3.175318e+07 1.434713e+07 4.511381e+04 1.046800e+06 2.674003e+08
<GCONST> 9.669344e+01
<MIXTURE> 3 1.669094e-01
<MEAN> 6
 7.330267e+01 -5.027862e+02 1.160382e+03 -1.240133e-01 -5.331088e+00 -9.346257e+01
<VARIANCE> 6
 3.253024e+01 4.292720e+06 2.988957e+06 2.942113e+02 3.713070e+04 4.707254e+07
<GCONST> 7.856599e+01
<MIXTURE> 4 1.192860e-01
<MEAN> 6
 -4.738456e+01 6.106210e+02 1.580426e+03 1.690268e+01 7.174304e+02 -1.278575e+02
<VARIANCE> 6
 4.143437e+02 1.511081e+06 7.090960e+06 2.273257e+04 2.825967e+05 6.521207e+07
<GCONST> 8.763311e+01
<MIXTURE> 5 1.080131e-01
<MEAN> 6
 7.260732e+01 2.469003e+02 1.633443e+02 5.054660e+01 -3.972306e+02 6.704448e+02
<VARIANCE> 6
 4.413735e+02 6.761574e+06 8.521026e+06 1.881523e+04 1.015969e+05 4.707254e+07
<GCONST> 8.784035e+01
<MIXTURE> 6 1.393906e-01
<MEAN> 6
 8.451315e+01 -3.574008e+02 -3.361875e+03 -3.381261e+00 -2.761265e+01 -4.183267e+01
<VARIANCE> 6
 1.749151e+02 1.320709e+06 2.122065e+07 2.942113e+02 3.713070e+04 4.707254e+07
<GCONST> 8.102943e+01
<MIXTURE> 7 1.499219e-01
<MEAN> 6
 -1.433991e+01 3.876434e+02 -1.039356e+03 -2.838005e+00 1.547384e+02 -1.708580e+02
<VARIANCE> 6
 9.883281e+02 6.555610e+06 4.772942e+06 2.385094e+04 4.853184e+04 4.707254e+07
<GCONST> 8.753433e+01
<MIXTURE> 8 1.077650e-01
<MEAN> 6
 6.784808e+01 -4.764986e+02 -5.107162e+02 -9.411846e+00 -5.013372e+02 -9.067916e+02
<VARIANCE> 6
 4.880769e+02 7.926398e+06 6.785968e+06 2.594212e+04 1.148545e+05 4.707254e+07
<GCONST> 8.831606e+01
<STATE> 3
<NUMMIXES> 8
<MIXTURE> 1 1.397558e-01
<MEAN> 6
 7.306871e+01 3.358889e+02 1.874741e+02 -3.443047e-01 -4.822229e+00 -7.671877e+01
<VARIANCE> 6
 3.158553e+01 1.645196e+05 3.423178e+05 2.942113e+02 3.713070e+04 4.707254e+07
<GCONST> 7.310794e+01
<MIXTURE> 2 7.929035e-02
<MEAN> 6
 6.540464e+01 2.821491e+02 -1.658841e+03 4.615006e-01 3.435989e+00 -2.719482e+01
<VARIANCE> 6
 7.090421e+01 1.219437e+05 3.292450e+06 2.942113e+02 3.713070e+04 4.707254e+07
<GCONST> 7.588074e+01
<MIXTURE> 3 1.537917e-01
<MEAN> 6
 6.926703e+01 4.311399e+02 -1.386367e+02 -3.464861e-01 -3.670569e+00 -1.029820e+02
<VARIANCE> 6
 3.158553e+01 4.442353e+05 1.731030e+05 2.942113e+02 3.713070e+04 4.707254e+07
<GCONST> 7.341941e+01
<MIXTURE> 4 1.162257e-01
<MEAN> 6
 8.041836e+01 -9.480894e+02 2.305685e+02 -1.047420e+00 -3.692977e+00 -1.058940e+02
<VARIANCE> 6
 7.116310e+01 5.077330e+05 4.888075e+04 2.942113e+02 3.713070e+04 4.707254e+07
<GCONST> 7.310078e+01
<MIXTURE> 5 1.293197e-01
<MEAN> 6
 6.054860e+01 4.739187e+02 -3.945367e+02 3.081450e-02 -1.863223e-01 -9.764152e+01
<VARIANCE> 6
 3.158553e+01 2.235663e+06 6.875870e+04 2.942113e+02 3.713070e+04 4.707254e+07
<GCONST> 7.411207e+01
<MIXTURE> 6 1.597475e-01
<MEAN> 6
 7.123810e+01 -5.466103e+02 9.082491e+01 -2.797193e-01 -2.784908e+00 -9.705724e+01
<VARIANCE> 6
 9.398967e+01 1.050070e+05 3.878713e+04 2.942113e+02 3.713070e+04 4.707254e+07
<GCONST> 7.157177e+01
<MIXTURE> 7 1.428778e-01
<MEAN> 6
 7.088067e+01 1.711857e+02 -2.365481e+01 -2.711684e-01 -3.835290e+00 -8.828098e+01
<VARIANCE> 6
 3.158553e+01 2.045815e+05 3.635275e+05 2.942113e+02 3.713070e+04 4.707254e+07
<GCONST> 7.338599e+01
<MIXTURE> 8 7.885776e-02
<MEAN> 6
 6.282145e+01 2.023579e+02 -2.110486e+03 -2.999825e-01 -6.347290e+00 -1.228170e+02
<VARIANCE> 6
 7.145840e+01 1.125458e+05 3.452821e+06 2.942113e+02 3.713070e+04 4.707254e+07
<GCONST> 7.585590e+01
<STATE> 4
<NUMMIXES> 8
<MIXTURE> 1 8.966437e-02
<MEAN> 6
 1.635368e+01 -1.007863e+02 1.715781e+02 -9.412331e+01 7.670644e+01 4.141779e+03
<VARIANCE> 6
 3.177377e+03 2.922908e+06 2.976756e+06 4.693607e+04 2.373588e+06 7.947457e+08
<GCONST> 9.481550e+01
<MIXTURE> 2 1.486492e-01
<MEAN> 6
 -4.183746e+01 6.131406e+01 5.296411e+01 3.462682e+01 1.005016e+03 -1.073667e+03
<VARIANCE> 6
 1.932985e+02 6.013674e+05 3.278829e+05 2.681210e+04 2.490352e+05 1.385756e+08
<GCONST> 8.366776e+01
<MIXTURE> 3 1.719358e-01
<MEAN> 6
 7.623112e+01 -6.983370e+01 1.856287e+02 1.693221e+01 -2.658294e+02 -4.878188e+02
<VARIANCE> 6
 1.980853e+02 5.304626e+05 8.401031e+05 6.222080e+03 9.221998e+04 4.707254e+07
<GCONST> 8.097373e+01
<MIXTURE> 4 1.158844e-01
<MEAN> 6
 -4.528051e+00 1.490296e+02 1.666927e+02 -8.991543e+01 1.268360e+02 1.844809e+03
<VARIANCE> 6
 3.981357e+02 4.587350e+05 5.964476e+05 4.072150e+04 1.167129e+05 9.144426e+07
<GCONST> 8.396225e+01
<MIXTURE> 5 1.125381e-01
<MEAN> 6
 6.626698e+01 1.599616e+02 1.645852e+02 7.383282e+00 -6.471585e+02 1.572241e+03
<VARIANCE> 6
 4.503083e+02 1.277413e+06 3.658581e+05 2.962633e+04 2.129476e+05 8.917937e+07
<GCONST> 8.487892e+01
<MIXTURE> 6 1.286374e-01
<MEAN> 6
 1.167895e+01 -4.198792e+01 -1.103699e+02 1.082976e+02 -4.420559e+01 -2.859208e+03
<VARIANCE> 6
 4.418688e+02 7.204365e+05 4.684720e+05 3.569260e+04 8.612501e+04 4.707254e+07
<GCONST> 8.317657e+01
<MIXTURE> 7 1.196017e-01
<MEAN> 6
 -5.647079e+01 -3.725237e+01 5.876646e+01 1.972281e+01 3.573795e+02 -2.146221e+02
<VARIANCE> 6
 1.119023e+02 5.126176e+05 8.590873e+05 1.670002e+03 1.223587e+05 4.707254e+07
<GCONST> 7.935829e+01
<MIXTURE> 8 1.122235e-01
<MEAN> 6
 6.038882e+01 -1.930291e+02 -1.416319e+01 -5.069246e+01 -7.914500e+02 -9.908145e+02
<VARIANCE> 6
 4.370980e+02 1.385252e+06 3.467035e+05 3.298217e+04 2.132570e+05 8.787897e+07
<GCONST> 8.497049e+01
<STATE> 5
<NUMMIXES> 8
<MIXTURE> 1 1.271638e-01
<MEAN> 6
 9.631157e+01 1.013749e+03 -1.227330e+03 -5.308403e+00 8.942561e-01 1.938832e+02
<VARIANCE> 6
 1.521123e+02 7.252722e+05 7.286070e+05 2.942113e+02 3.713070e+04 4.707254e+07
<GCONST> 7.691877e+01
<MIXTURE> 2 1.645124e-01
<MEAN> 6
 8.417366e+01 3.321903e+02 -1.122470e+02 -3.196262e+00 -2.274655e+00 4.862706e+01
<VARIANCE> 6
 1.121168e+02 2.581194e+05 1.424420e+05 2.942113e+02 3.713070e+04 4.707254e+07
<GCONST> 7.394836e+01
<MIXTURE> 3 1.022708e-01
<MEAN> 6
 5.885266e+01 5.025970e+02 4.985796e+01 3.492872e-01 1.157730e+00 -1.058532e+02
<VARIANCE> 6
 3.158553e+01 5.985500e+04 1.341569e+04 2.942113e+02 3.713070e+04 4.707254e+07
<GCONST> 6.885752e+01
<MIXTURE> 4 1.119725e-01
<MEAN> 6
 7.197855e+01 -3.046879e+02 6.812036e+02 -3.414525e+00 4.202025e+00 1.003447e+02
<VARIANCE> 6
 9.723079e+01 4.696565e+06 9.996378e+05 2.942113e+02 3.713070e+04 4.707254e+07
<GCONST> 7.865554e+01
<MIXTURE> 5 1.105214e-01
<MEAN> 6
 8.695354e+01 -1.179237e+02 -2.808582e+01 -3.625359e+00 6.614914e-01 1.764648e+02
<VARIANCE> 6
 7.345886e+01 3.266415e+05 2.911898e+06 2.942113e+02 3.713070e+04 4.707254e+07
<GCONST> 7.677862e+01
<MIXTURE> 6 1.424937e-01
<MEAN> 6
 7.662426e+01 -7.563186e+01 -5.180409e+01 -2.858180e+00 -5.991185e-01 5.344129e+01
<VARIANCE> 6
 6.513338e+01 9.731431e+05 8.771235e+04 2.942113e+02 3.713070e+04 4.707254e+07
<GCONST> 7.424750e+01
<MIXTURE> 7 1.289789e-01
<MEAN> 6
 6.034064e+01 1.130730e+02 -1.186458e+02 1.881686e-02 -2.572218e+00 -1.064228e+02
<VARIANCE> 6
 3.158553e+01 2.903969e+04 1.341569e+04 2.942113e+02 3.713070e+04 4.707254e+07
<GCONST> 6.813425e+01
<MIXTURE> 8 1.119321e-01
<MEAN> 6
 8.384854e+01 -3.180976e+02 -4.963472e+02 -3.875913e+00 -6.252239e+00 7.794812e+01
<VARIANCE> 6
 7.524133e+01 3.025806e+05 2.619986e+06 2.942113e+02 3.713070e+04 4.707254e+07
<GCONST> 7.662045e+01
<STATE> 6
<NUMMIXES> 8
<MIXTURE> 1 1.698311e-01
<MEAN> 6
 7.023370e+01 -2.152263e+02 1.674228e+01 -1.910297e-01 -1.515798e+02 -6.402081e+01
<VARIANCE> 6
 1.039909e+02 3.167585e+05 7.580113e+04 1.334225e+03 5.757642e+04 4.707254e+07
<GCONST> 7.539750e+01
<MIXTURE> 2 1.255360e-01
<MEAN> 6
 -1.696750e+01 5.847678e+01 1.210027e+02 -9.134970e+01 5.247832e+02 2.328568e+03
<VARIANCE> 6
 5.783248e+02 1.656239e+05 1.779875e+05 2.836957e+04 4.743860e+05 2.863040e+08
<GCONST> 8.428976e+01
<MIXTURE> 3 1.600281e-01
<MEAN> 6
 2.855505e+01 -5.557076e+01 -9.764879e+00 1.008391e+02 -1.167907e+02 -1.142171e+03
<VARIANCE> 6
 6.998807e+02 1.719373e+05 7.470147e+04 1.326553e+04 5.862205e+04 4.707254e+07
<GCONST> 7.899330e+01
<MIXTURE> 4 1.527102e-01
<MEAN> 6
 6.623611e+01 -4.106918e+01 1.411301e+01 -4.127966e+01 -8.090914e+02 1.253236e+02
<VARIANCE> 6
 3.003827e+02 2.366525e+05 3.494675e+04 1.899920e+04 3.200106e+05 1.690627e+08
<GCONST> 8.104229e+01
<MIXTURE> 5 1.048639e-01
<MEAN> 6
 -4.130289e+01 5.935270e+00 -5.893147e-02 3.908201e+01 8.086364e+02 -2.157050e+03
<VARIANCE> 6
 1.758091e+02 5.832423e+04 2.658185e+04 1.412802e+04 2.551573e+05 7.286894e+07
<GCONST> 7.746814e+01
<MIXTURE> 6 9.270003e-02
<MEAN> 6
 2.301796e+01 3.216695e+01 5.110531e+01 1.112203e+01 -6.799138e+01 1.517226e+03
<VARIANCE> 6
 7.455482e+02 4.693355e+04 3.180148e+04 2.915162e+04 1.045177e+05 4.707254e+07
<GCONST> 7.826971e+01
<MIXTURE> 7 1.032833e-01
<MEAN> 6
 -3.717661e+01 1.951028e+01 -8.910750e+01 2.832413e+00 3.611103e+02 3.209239e+02
<VARIANCE> 6
 1.601001e+02 7.842388e+04 7.606322e+04 5.512391e+03 8.213859e+04 4.707254e+07
<GCONST> 7.621038e+01
<MIXTURE> 8 9.077124e-02
<MEAN> 6
 1.557402e+01 -5.436903e+01 -9.201900e+00 -3.301318e+01 -1.372942e+02 -5.815785e+02
<VARIANCE> 6
 7.812781e+02 4.691318e+04 3.063577e+04 2.863265e+04 1.070273e+05 4.707254e+07
<GCONST> 7.828451e+01
<TRANSP> 7
 0.000000e+00 1.000000e+00 0.000000e+00 0.000000e+00 0.000000e+00 0.000000e+00 0.000000e+00
 0.000000e+00 9.996657e-01 3.343298e-04 0.000000e+00 0.000000e+00 0.000000e+00 0.000000e+00
 0.000000e+00 0.000000e+00 9.997064e-01 2.936599e-04 0.000000e+00 0.000000e+00 0.000000e+00
 0.000000e+00 0.000000e+00 0.000000e+00 9.999241e-01 7.585908e-05 0.000000e+00 0.000000e+00
 0.000000e+00 0.000000e+00 0.000000e+00 0.000000e+00 9.995684e-01 4.315964e-04 0.000000e+00
 0.000000e+00 0.000000e+00 0.000000e+00 0.000000e+00 0.000000e+00 9.998114e-01 1.886691e-04
 0.000000e+00 0.000000e+00 0.000000e+00 0.000000e+00 0.000000e+00 0.000000e+00 0.000000e+00
<ENDHMM>
~h "QuintoPRIMARIA"
<BEGINHMM>
<NUMSTATES> 7
<STATE> 2
<NUMMIXES> 8
<MIXTURE> 1 1.535387e-01
<MEAN> 6
 -3.796329e+01 -4.312923e+01 1.325120e+02 -2.595078e+01 1.024478e+03 -1.916531e+01
<VARIANCE> 6
 5.016270e+02 1.997817e+05 2.200309e+05 4.363025e+04 5.313864e+05 2.874209e+08
<GCONST> 8.509483e+01
<MIXTURE> 2 6.748175e-02
<MEAN> 6
 4.055526e+01 -1.727290e+02 -1.631729e+01 -3.564834e+01 -5.137010e+02 3.638159e+03
<VARIANCE> 6
 2.712377e+03 1.121880e+06 1.091976e+06 5.505757e+04 2.458229e+06 1.073972e+09
<GCONST> 9.319258e+01
<MIXTURE> 3 1.236829e-01
<MEAN> 6
 7.212329e+01 2.997705e+01 -1.224169e+01 -1.753380e+00 -1.140724e+01 -6.428723e+01
<VARIANCE> 6
 1.624224e+02 1.619152e+05 1.570311e+05 2.942113e+02 3.713070e+04 4.707254e+07
<GCONST> 7.395019e+01
<MIXTURE> 4 1.509039e-01
<MEAN> 6
 4.895944e+01 4.875351e+01 7.202473e+00 4.943718e+01 -4.427120e+02 -1.139663e+03
<VARIANCE> 6
 7.310576e+02 1.913888e+05 9.369413e+04 3.606129e+04 2.463771e+05 6.168274e+07
<GCONST> 8.207672e+01
<MIXTURE> 5 5.747918e-02
<MEAN> 6
 8.193484e+01 4.941104e+01 -1.458603e+01 -4.830915e+01 -5.601968e+02 -8.442308e+02
<VARIANCE> 6
 1.560334e+02 7.609616e+04 2.889963e+04 5.255283e+03 1.730332e+05 5.216084e+07
<GCONST> 7.598674e+01
<MIXTURE> 6 1.602456e-01
<MEAN> 6
 -4.480381e+01 -9.153602e-01 2.414136e+01 4.345222e+01 4.240142e+02 -2.012348e+02
<VARIANCE> 6
 3.841232e+02 6.977365e+04 7.476234e+04 7.327552e+03 1.305212e+05 4.707254e+07
<GCONST> 7.769919e+01
<MIXTURE> 7 1.622269e-01
<MEAN> 6
 3.982466e+01 6.895237e-01 -4.859924e+01 -5.156430e+01 -4.737520e+02 7.367578e+02
<VARIANCE> 6
 1.028339e+03 6.133100e+04 1.337688e+05 4.516454e+04 4.416550e+05 1.540885e+08
<GCONST> 8.336026e+01
<MIXTURE> 8 1.237026e-01
<MEAN> 6
 6.924953e+01 -1.075864e+02 -1.253749e+02 -3.184019e+00 -3.605119e+01 -4.873000e+02
<VARIANCE> 6
 1.482780e+02 1.707668e+05 1.459831e+05 2.942113e+02 3.713070e+04 4.707254e+07
<GCONST> 7.383935e+01
<STATE> 3
<NUMMIXES> 8
<MIXTURE> 1 1.749408e-01
<MEAN> 6
 9.513121e+01 8.652120e+01 -8.450167e+01 4.550896e+01 -9.422301e+02 4.882263e+03
<VARIANCE> 6
 1.329392e+02 1.817249e+05 2.235086e+05 1.042000e+04 1.537930e+06 7.427359e+08
<GCONST> 8.426789e+01
<MIXTURE> 2 1.648778e-01
<MEAN> 6
 3.217699e+01 2.953873e+00 -4.168504e+01 2.051535e+02 -1.350424e+02 -1.434345e+03
<VARIANCE> 6
 5.657277e+02 4.411939e+04 3.170843e+04 3.790090e+03 2.062061e+05 5.297157e+07
<GCONST> 7.668641e+01
<MIXTURE> 3 1.060125e-01
<MEAN> 6
 2.580321e+01 1.541280e+02 3.040880e+02 3.479922e+02 -2.817731e+02 -1.445602e+04
<VARIANCE> 6
 9.725513e+02 2.326422e+05 2.362963e+05 5.875872e+03 8.986244e+05 2.698322e+08
<GCONST> 8.443782e+01
<MIXTURE> 4 1.011819e-01
<MEAN> 6
 7.473435e+01 1.617084e+02 -1.046689e+02 1.190784e+02 -4.774831e+02 -1.997677e+02
<VARIANCE> 6
 2.303071e+02 1.413648e+05 1.009048e+05 3.791222e+03 1.815448e+05 4.707254e+07
<GCONST> 7.786461e+01
<MIXTURE> 5 5.981050e-02
<MEAN> 6
 6.735229e+01 -1.072879e+03 -2.770527e+02 5.648728e+01 -2.557813e+02 1.860086e+02
<VARIANCE> 6
 2.896917e+02 1.660290e+06 1.632820e+06 5.200164e+03 3.199810e+05 7.343914e+07
<GCONST> 8.466883e+01
<MIXTURE> 6 1.582506e-01
<MEAN> 6
 2.858002e+01 -9.374664e+01 -1.916635e+02 1.465739e+02 -1.042421e+02 1.670253e+02
<VARIANCE> 6
 6.433419e+02 1.205158e+05 2.842051e+05 2.773284e+03 7.644928e+04 4.707254e+07
<GCONST> 7.859029e+01
<MIXTURE> 7 1.336648e-01
<MEAN> 6
 -3.967249e+00 -1.810965e+02 3.455675e+02 2.488999e+02 3.481039e+02 -5.207063e+03
<VARIANCE> 6
 5.190424e+02 2.393287e+05 2.099596e+05 1.873965e+03 3.655482e+05 5.992436e+07
<GCONST> 8.017307e+01
<MIXTURE> 8 1.012446e-01
<MEAN> 6
 7.001012e+01 5.983878e+00 -2.495156e+02 1.086864e+02 -6.015709e+02 -1.443510e+03
<VARIANCE> 6
 2.271928e+02 1.565666e+05 1.073470e+05 3.337425e+03 1.868405e+05 4.707254e+07
<GCONST> 7.791629e+01
<STATE> 4
<NUMMIXES> 8
<MIXTURE> 1 1.041615e-01
<MEAN> 6
 6.931435e+01 1.482309e+03 -6.394902e+02 -1.358106e+00 -2.260668e+00 5.662697e+00
<VARIANCE> 6
 3.158553e+01 3.076378e+06 1.341569e+04 2.942113e+02 3.713070e+04 4.707254e+07
<GCONST> 7.279710e+01
<MIXTURE> 2 1.115155e-01
<MEAN> 6
 9.118887e+01 1.692289e+02 -7.786699e+01 -7.014557e+00 -3.398075e+00 2.354912e+02
<VARIANCE> 6
 6.494727e+01 2.189458e+05 5.674409e+04 2.942113e+02 3.713070e+04 4.707254e+07
<GCONST> 7.231742e+01
<MIXTURE> 3 1.806180e-01
<MEAN> 6
 8.511933e+01 -4.499136e+01 -4.711229e+00 -2.722173e+00 9.172408e-01 -3.380547e+01
<VARIANCE> 6
 3.158553e+01 3.153404e+04 4.402666e+04 2.942113e+02 3.713070e+04 4.707254e+07
<GCONST> 6.940503e+01
<MIXTURE> 4 9.858191e-02
<MEAN> 6
 7.995318e+01 5.223450e+02 -2.993682e+02 -2.215983e+00 -4.222497e+00 2.696210e+01
<VARIANCE> 6
 3.158553e+01 1.329478e+06 2.062718e+04 2.942113e+02 3.713070e+04 4.707254e+07
<GCONST> 7.238832e+01
<MIXTURE> 5 1.090364e-01
<MEAN> 6
 7.687831e+01 -5.511198e+02 8.169974e+01 -1.870068e+00 7.380129e+00 4.507922e+01
<VARIANCE> 6
 3.158553e+01 1.104745e+05 4.002059e+04 2.942113e+02 3.713070e+04 4.707254e+07
<GCONST> 7.056335e+01
<MIXTURE> 6 1.132117e-01
<MEAN> 6
 8.961414e+01 -1.345788e+00 -9.214073e+01 -4.355601e+00 -1.599384e+00 3.361566e+01
<VARIANCE> 6
 6.863831e+01 8.379909e+04 4.673278e+04 2.942113e+02 3.713070e+04 4.707254e+07
<GCONST> 7.121819e+01
<MIXTURE> 7 1.737266e-01
<MEAN> 6
 8.116843e+01 -1.743258e+02 -4.350245e+01 -2.695097e+00 -4.029329e+00 5.211422e+01
<VARIANCE> 6
 3.158553e+01 3.769118e+04 1.321789e+05 2.942113e+02 3.713070e+04 4.707254e+07
<GCONST> 7.068275e+01
<MIXTURE> 8 1.091008e-01
<MEAN> 6
 7.508784e+01 -7.142957e+02 -1.967089e+01 -1.930292e+00 -8.033501e+00 -1.222433e+02
<VARIANCE> 6
 3.158553e+01 1.258332e+05 5.441177e+04 2.942113e+02 3.713070e+04 4.707254e+07
<GCONST> 7.100071e+01
<STATE> 5
<NUMMIXES> 8
<MIXTURE> 1 1.183328e-01
<MEAN> 6
 7.657204e+01 3.295864e+02 3.497646e+03 -6.518044e-02 -3.183323e+00 -1.124842e+02
<VARIANCE> 6
 7.663357e+01 8.948461e+04 6.070623e+05 2.942113e+02 3.713070e+04 4.707254e+07
<GCONST> 7.395821e+01
<MIXTURE> 2 1.156283e-01
<MEAN> 6
 6.750762e+01 1.599761e+02 2.864928e+02 -2.407852e+00 2.415705e+00 8.628397e+00
<VARIANCE> 6
 3.158553e+01 3.431020e+04 4.326028e+04 2.942113e+02 3.713070e+04 4.707254e+07
<GCONST> 6.947185e+01
<MIXTURE> 3 1.331638e-01
<MEAN> 6
 6.366698e+01 2.558338e+02 -1.036316e+03 8.448884e-01 1.306889e+00 -2.876160e+01
<VARIANCE> 6
 4.836258e+01 7.210655e+05 1.511957e+06 2.942113e+02 3.713070e+04 4.707254e+07
<GCONST> 7.649709e+01
<MIXTURE> 4 1.376361e-01
<MEAN> 6
 6.204840e+01 5.918734e+01 -1.487438e+02 -2.379492e+00 2.581364e+00 7.655545e+00
<VARIANCE> 6
 3.158553e+01 1.212822e+04 8.252633e+04 2.942113e+02 3.713070e+04 4.707254e+07
<GCONST> 6.907782e+01
<MIXTURE> 5 3.232424e-02
<MEAN> 6
 5.714883e+01 -8.706522e+03 -1.988203e+03 -4.891147e-01 -5.061678e+00 -7.090358e+01
<VARIANCE> 6
 3.158553e+01 2.140048e+07 3.237751e+04 2.942113e+02 3.713070e+04 4.707254e+07
<GCONST> 7.561780e+01
<MIXTURE> 6 1.180274e-01
<MEAN> 6
 7.735794e+01 -4.773784e+02 1.495429e+03 -9.188459e-01 -2.612669e+00 -5.642448e+01
<VARIANCE> 6
 3.158553e+01 2.697275e+04 4.091458e+05 2.942113e+02 3.713070e+04 4.707254e+07
<GCONST> 7.147807e+01
<MIXTURE> 7 2.118791e-01
<MEAN> 6
 5.681098e+01 1.620857e+02 -1.134293e+03 1.343552e+00 -3.872921e+00 -5.825630e+01
<VARIANCE> 6
 5.597477e+01 4.898430e+05 5.551737e+06 2.942113e+02 3.713070e+04 4.707254e+07
<GCONST> 7.755732e+01
<MIXTURE> 8 1.329712e-01
<MEAN> 6
 6.148520e+01 -4.752558e+01 -1.327986e+03 1.204364e-01 -9.791538e+00 -1.512330e+02
<VARIANCE> 6
 5.240524e+01 6.848579e+05 1.528916e+06 2.942113e+02 3.713070e+04 4.707254e+07
<GCONST> 7.653700e+01
<STATE> 6
<NUMMIXES> 8
<MIXTURE> 1 1.356074e-01
<MEAN> 6
 8.614577e+01 3.719910e+02 4.762729e+02 -2.980658e+00 -2.194997e+01 -8.918189e+01
<VARIANCE> 6
 1.694671e+02 6.253178e+05 2.866764e+06 2.942113e+02 3.713070e+04 4.707254e+07
<GCONST> 7.824833e+01
<MIXTURE> 2 1.715621e-02
<MEAN> 6
 -5.042367e+00 1.577406e+02 1.065740e+02 -1.911695e+01 -2.203178e+01 2.867870e+03
<VARIANCE> 6
 1.144787e+04 1.998475e+05 4.129888e+05 1.805095e+06 9.844883e+08 1.447950e+12
<GCONST> 1.086242e+02
<MIXTURE> 3 1.524632e-01
<MEAN> 6
 1.068714e+01 9.799718e+01 -6.301148e+02 -9.957993e+01 1.293180e+02 2.755736e+03
<VARIANCE> 6
 3.813286e+03 1.840397e+06 5.418669e+06 4.874341e+04 2.589042e+06 1.103560e+09
<GCONST> 9.558730e+01
<MIXTURE> 4 1.856033e-01
<MEAN> 6
 -5.567400e+01 -3.220983e+00 -5.797358e+01 4.329324e+01 5.946109e+02 -2.125188e+02
<VARIANCE> 6
 2.793011e+02 8.690748e+05 9.471406e+05 1.189634e+04 2.591191e+05 6.043888e+07
<GCONST> 8.386211e+01
<MIXTURE> 5 1.113247e-01
<MEAN> 6
 6.839329e+01 1.919314e+02 2.652668e+02 3.144006e+01 -5.211129e+02 1.137524e+03
<VARIANCE> 6
 5.321446e+02 1.073398e+06 1.160240e+06 2.446636e+04 2.043227e+05 7.716917e+07
<GCONST> 8.564868e+01
<MIXTURE> 6 1.472906e-01
<MEAN> 6
 -2.176570e+00 -2.746752e+02 3.053264e+02 5.045855e+01 8.776284e+01 -2.173503e+03
<VARIANCE> 6
 1.445127e+03 2.799232e+05 2.424606e+06 4.572098e+04 1.894041e+05 6.574291e+07
<GCONST> 8.642989e+01
<MIXTURE> 7 1.388915e-01
<MEAN> 6
 8.352068e+01 1.100099e+02 2.645790e+01 -1.932764e+00 -2.115554e+01 -1.785554e+02
<VARIANCE> 6
 2.404664e+02 1.007262e+06 1.164856e+06 2.942113e+02 3.713070e+04 4.707254e+07
<GCONST> 7.817439e+01
<MIXTURE> 8 1.110707e-01
<MEAN> 6
 6.222043e+01 -1.803273e+02 -1.330765e+02 -2.060181e+01 -7.020054e+02 -1.625568e+03
<VARIANCE> 6
 5.687717e+02 9.208778e+05 1.136278e+06 3.396802e+04 2.254065e+05 7.739738e+07
<GCONST> 8.597038e+01
<TRANSP> 7
 0.000000e+00 1.000000e+00 0.000000e+00 0.000000e+00 0.000000e+00 0.000000e+00 0.000000e+00
 0.000000e+00 9.999204e-01 7.964266e-05 0.000000e+00 0.000000e+00 0.000000e+00 0.000000e+00
 0.000000e+00 0.000000e+00 9.971361e-01 2.863938e-03 0.000000e+00 0.000000e+00 0.000000e+00
 0.000000e+00 0.000000e+00 0.000000e+00 9.994406e-01 5.593711e-04 0.000000e+00 0.000000e+00
 0.000000e+00 0.000000e+00 0.000000e+00 0.000000e+00 9.993916e-01 6.084146e-04 0.000000e+00
 0.000000e+00 0.000000e+00 0.000000e+00 0.000000e+00 0.000000e+00 9.999129e-01 8.712012e-05
 0.000000e+00 0.000000e+00 0.000000e+00 0.000000e+00 0.000000e+00 0.000000e+00 0.000000e+00
<ENDHMM>
