~o
<STREAMINFO> 1 6
<VECSIZE> 6<NULLD><USER><DIAGC>
~h "SegundoPRIMARIA"
<BEGINHMM>
<NUMSTATES> 4
<STATE> 2
<NUMMIXES> 15
<MIXTURE> 1 8.706349e-02
<MEAN> 6
 8.772311e+01 8.656755e+01 1.242562e+02 -3.077709e+00 -2.495679e+01 -1.207962e+02
<VARIANCE> 6
 3.229863e+02 2.224461e+05 3.528178e+04 2.995507e+02 3.990629e+04 5.126798e+07
<GCONST> 7.363758e+01
<MIXTURE> 2 2.275668e-02
<MEAN> 6
 6.626147e+01 1.360455e+02 2.103544e+02 3.418454e+01 -9.484686e+02 2.137850e+03
<VARIANCE> 6
 3.763732e+03 7.382436e+05 1.060819e+06 7.213590e+04 7.237822e+06 5.218948e+09
<GCONST> 9.600371e+01
<MIXTURE> 3 7.691994e-02
<MEAN> 6
 -4.314812e+01 5.334290e+01 -5.914751e+01 -1.035029e+02 1.623995e+03 6.314804e+02
<VARIANCE> 6
 4.099501e+02 1.222865e+05 1.513411e+05 4.446508e+04 9.528623e+05 8.127277e+08
<GCONST> 8.567030e+01
<MIXTURE> 4 5.809438e-02
<MEAN> 6
 2.886689e+01 1.060488e+02 5.467337e+01 2.568651e+02 8.117857e+00 -2.582375e+03
<VARIANCE> 6
 7.382728e+02 1.258253e+05 6.779635e+04 7.545010e+03 2.739777e+05 9.698374e+07
<GCONST> 8.033799e+01
<MIXTURE> 5 7.354690e-02
<MEAN> 6
 8.368970e+01 -3.077901e+01 -1.094624e+02 -1.983387e+00 -1.679043e+01 -2.085598e+02
<VARIANCE> 6
 2.229602e+02 3.422891e+04 7.621255e+04 2.995507e+02 3.990629e+04 5.126798e+07
<GCONST> 7.216551e+01
<MIXTURE> 6 7.979085e-02
<MEAN> 6
 9.428644e+01 7.133630e+01 5.107181e+01 3.466410e+01 -9.459792e+02 -2.124997e+03
<VARIANCE> 6
 5.063271e+02 3.052879e+05 8.401565e+04 2.742923e+04 1.686554e+06 7.698965e+08
<GCONST> 8.624155e+01
<MIXTURE> 7 1.063397e-01
<MEAN> 6
 -4.218098e+01 3.667520e+01 9.023152e+00 7.916300e+01 8.283311e+02 -9.495460e+02
<VARIANCE> 6
 2.817458e+02 1.125172e+05 5.645070e+04 1.597641e+04 1.883587e+05 6.290351e+07
<GCONST> 7.902234e+01
<MIXTURE> 8 7.784439e-02
<MEAN> 6
 7.757809e+01 4.449518e+01 8.661919e+00 -1.002940e+00 -1.137230e+01 -1.593957e+02
<VARIANCE> 6
 2.930830e+02 4.195164e+05 1.637596e+05 2.995507e+02 3.990629e+04 5.126798e+07
<GCONST> 7.570988e+01
<MIXTURE> 9 5.632682e-02
<MEAN> 6
 2.883725e+01 4.024203e+01 8.260064e+01 -3.363934e+02 -5.605776e+02 1.230054e+04
<VARIANCE> 6
 5.877740e+02 1.349592e+05 2.367534e+05 8.669874e+03 7.877678e+05 3.431154e+08
<GCONST> 8.388926e+01
<MIXTURE> 10 3.950859e-02
<MEAN> 6
 2.143796e+00 -3.066270e+01 2.765580e+01 -2.226825e+02 2.235743e+02 1.296266e+03
<VARIANCE> 6
 4.996677e+02 4.147356e+04 4.423574e+04 7.166993e+03 2.729662e+05 1.268431e+08
<GCONST> 7.862411e+01
<MIXTURE> 11 6.822743e-02
<MEAN> 6
 8.397194e+01 6.715700e+01 4.934888e+01 1.180107e+01 -5.825841e+02 -2.471164e+02
<VARIANCE> 6
 2.722649e+02 7.251065e+04 9.047025e+04 1.853316e+04 1.493869e+05 5.875566e+07
<GCONST> 7.886881e+01
<MIXTURE> 12 6.826575e-02
<MEAN> 6
 -5.411002e+01 5.185550e+01 -2.482503e+01 6.481750e+00 2.191220e+02 3.074698e+02
<VARIANCE> 6
 2.060842e+02 9.160816e+04 1.244875e+05 8.534642e+02 8.157060e+04 5.126798e+07
<GCONST> 7.532388e+01
<MIXTURE> 13 6.179140e-02
<MEAN> 6
 7.220285e+01 -1.348221e+02 -4.851784e+02 -3.850814e-01 -5.695365e+00 -1.206590e+02
<VARIANCE> 6
 1.237624e+02 7.591670e+04 1.325156e+05 2.995507e+02 3.990629e+04 5.126798e+07
<GCONST> 7.292662e+01
<MIXTURE> 14 6.403688e-02
<MEAN> 6
 7.687267e+01 -5.301485e+01 1.805883e+01 -1.005163e+02 -9.580060e+02 -1.843114e+03
<VARIANCE> 6
 3.256727e+02 7.297046e+04 8.339568e+04 2.169802e+04 2.787070e+05 7.641202e+07
<GCONST> 8.001686e+01
<MIXTURE> 15 5.874767e-02
<MEAN> 6
 2.213794e+01 -1.552492e+01 -4.704320e+01 2.454005e+02 -4.924800e+01 -4.562004e+03
<VARIANCE> 6
 6.973699e+02 1.047302e+05 6.672980e+04 7.886950e+03 2.487089e+05 8.491248e+07
<GCONST> 7.989626e+01
<STATE> 3
<NUMMIXES> 15
<MIXTURE> 1 7.996443e-03
<MEAN> 6
 -5.621739e+00 -4.661372e+02 2.481412e+01 1.589754e+01 1.636479e+02 7.850933e+03
<VARIANCE> 6
 8.949331e+03 6.955954e+05 1.213352e+06 1.685972e+06 9.230070e+08 1.337469e+12
<GCONST> 1.104908e+02
<MIXTURE> 2 9.195589e-02
<MEAN> 6
 1.051528e+02 -7.807404e+01 5.821887e+02 -5.257635e+00 -3.325786e+01 -1.898383e+02
<VARIANCE> 6
 2.545973e+02 6.415274e+05 8.735224e+05 2.995507e+02 3.990629e+04 5.126798e+07
<GCONST> 7.766799e+01
<MIXTURE> 3 5.434554e-02
<MEAN> 6
 -4.023183e+01 -2.936342e+01 1.039304e+02 9.774895e+01 7.461509e+02 -1.871935e+02
<VARIANCE> 6
 5.143629e+02 6.621546e+05 4.800352e+05 2.132573e+04 1.857035e+05 6.859070e+07
<GCONST> 8.389830e+01
<MIXTURE> 4 1.908357e-02
<MEAN> 6
 5.603087e+01 -2.648480e+03 6.672997e+02 -5.460415e+00 8.054202e+00 -2.228211e+02
<VARIANCE> 6
 4.191774e+03 3.947112e+07 8.409048e+05 2.995507e+02 3.990629e+04 5.126798e+07
<GCONST> 8.455061e+01
<MIXTURE> 5 3.182624e-02
<MEAN> 6
 4.380583e+01 4.787257e+02 -3.451294e+02 -4.376249e+01 -6.683194e+02 2.395242e+03
<VARIANCE> 6
 5.434842e+03 1.563812e+07 1.293978e+06 7.753089e+04 5.663838e+06 4.748435e+09
<GCONST> 9.935542e+01
<MIXTURE> 6 7.806766e-02
<MEAN> 6
 7.897799e+01 4.752727e+02 -8.809991e+02 9.605672e-01 -2.456563e+01 -1.177274e+02
<VARIANCE> 6
 1.164354e+02 3.949734e+05 1.665970e+06 2.995507e+02 3.990629e+04 5.126798e+07
<GCONST> 7.704624e+01
<MIXTURE> 7 7.545184e-02
<MEAN> 6
 3.335587e+01 -4.839812e+00 -7.316019e+01 2.033125e+02 -1.072524e+02 -2.524034e+03
<VARIANCE> 6
 9.300692e+02 5.668735e+05 8.940110e+05 1.796172e+04 1.406152e+05 5.307414e+07
<GCONST> 8.425086e+01
<MIXTURE> 8 9.649344e-02
<MEAN> 6
 -3.683584e+01 -8.620773e+01 -9.197334e+01 -8.393058e+01 1.145847e+03 1.089589e+03
<VARIANCE> 6
 9.096870e+02 4.234567e+05 1.794361e+06 5.890190e+04 1.054678e+06 6.551412e+08
<GCONST> 9.034946e+01
<MIXTURE> 9 8.194900e-02
<MEAN> 6
 -6.267533e+01 1.507005e+01 -2.471631e+02 -2.534446e+00 1.423669e+02 4.582446e+02
<VARIANCE> 6
 4.077704e+02 3.715589e+05 9.836382e+05 6.558201e+02 5.896765e+04 5.126798e+07
<GCONST> 7.888565e+01
<MIXTURE> 10 7.058726e-02
<MEAN> 6
 9.949266e+01 -7.256808e+01 -3.617201e+01 3.269666e+01 -7.472001e+02 -1.047602e+03
<VARIANCE> 6
 4.634430e+02 1.122669e+06 6.252322e+05 2.491307e+04 1.401942e+06 6.314918e+08
<GCONST> 8.898315e+01
<MIXTURE> 11 1.076857e-01
<MEAN> 6
 9.471478e+01 3.112165e+02 -9.619640e+01 -4.912307e+00 -2.507338e+01 -1.461402e+02
<VARIANCE> 6
 3.224609e+02 2.989816e+06 2.660592e+05 2.995507e+02 3.990629e+04 5.126798e+07
<GCONST> 7.825459e+01
<MIXTURE> 12 7.741202e-02
<MEAN> 6
 6.877473e+01 -3.883920e+02 8.818612e+02 3.414592e-01 -1.702348e+00 -1.196577e+02
<VARIANCE> 6
 8.259493e+01 2.703884e+05 1.955910e+06 2.995507e+02 3.990629e+04 5.126798e+07
<GCONST> 7.648434e+01
<MIXTURE> 13 8.741580e-02
<MEAN> 6
 6.985992e+01 -9.835309e+01 1.433443e+02 -7.602666e+01 -5.236107e+02 3.997288e+02
<VARIANCE> 6
 9.900151e+02 2.776018e+05 4.595074e+05 2.782264e+04 1.675432e+05 5.126798e+07
<GCONST> 8.351202e+01
<MIXTURE> 14 6.381059e-02
<MEAN> 6
 5.625340e+01 -1.090258e+02 -3.673707e+01 -1.041801e+02 -9.856512e+02 1.994394e+03
<VARIANCE> 6
 8.550009e+02 3.990975e+05 2.105810e+06 6.695098e+04 5.016592e+05 2.683646e+08
<GCONST> 8.888079e+01
<MIXTURE> 15 5.536667e-02
<MEAN> 6
 -4.840464e+01 -1.782391e+02 -6.466483e+01 3.455567e+01 6.317573e+02 -1.908121e+03
<VARIANCE> 6
 5.763928e+02 5.536121e+05 4.747786e+05 1.982909e+04 1.733922e+05 8.549441e+07
<GCONST> 8.390105e+01
<TRANSP> 4
 0.000000e+00 1.000000e+00 0.000000e+00 0.000000e+00
 0.000000e+00 9.999402e-01 5.981189e-05 0.000000e+00
 0.000000e+00 0.000000e+00 9.999042e-01 9.584740e-05
 0.000000e+00 0.000000e+00 0.000000e+00 0.000000e+00
<ENDHMM>
~h "SegundoESO"
<BEGINHMM>
<NUMSTATES> 4
<STATE> 2
<NUMMIXES> 15
<MIXTURE> 1 3.395369e-02
<MEAN> 6
 8.935241e+01 1.526301e+03 9.509431e+02 -3.036801e+00 -2.375957e+01 -1.369636e+01
<VARIANCE> 6
 2.100045e+02 5.342085e+07 4.446097e+07 2.995507e+02 3.990629e+04 5.126798e+07
<GCONST> 8.582738e+01
<MIXTURE> 2 3.408840e-02
<MEAN> 6
 3.328217e+01 2.196794e+03 1.035251e+03 -8.431179e+01 -4.007971e+02 2.899938e+03
<VARIANCE> 6
 2.482380e+03 3.394747e+07 1.862917e+07 5.332529e+04 1.415155e+06 4.128246e+08
<GCONST> 9.781026e+01
<MIXTURE> 3 8.969192e-02
<MEAN> 6
 6.728819e+01 6.284968e+01 1.977975e+02 -2.407034e-01 -3.301247e+00 -8.735334e+01
<VARIANCE> 6
 3.198792e+01 7.965352e+05 2.568520e+04 2.995507e+02 3.990629e+04 5.126798e+07
<GCONST> 7.228346e+01
<MIXTURE> 4 8.736219e-02
<MEAN> 6
 7.555549e+01 9.385999e+02 -1.453278e+03 1.653653e-01 -8.711468e+00 -9.605463e+01
<VARIANCE> 6
 3.198792e+01 4.464593e+05 5.137630e+06 2.995507e+02 3.990629e+04 5.126798e+07
<GCONST> 7.700298e+01
<MIXTURE> 5 7.066164e-02
<MEAN> 6
 -5.081947e+01 7.199684e+02 1.494513e+03 1.046259e+01 7.392910e+02 -3.641963e+02
<VARIANCE> 6
 3.518524e+02 1.679428e+06 7.217442e+06 2.151413e+04 3.393885e+05 9.138772e+07
<GCONST> 8.805843e+01
<MIXTURE> 6 4.893230e-02
<MEAN> 6
 5.989323e+01 4.440415e+02 -2.721553e+02 5.966242e-01 -2.951577e+00 -1.304832e+02
<VARIANCE> 6
 3.198792e+01 3.687960e+06 1.585752e+04 2.995507e+02 3.990629e+04 5.126798e+07
<GCONST> 7.333375e+01
<MIXTURE> 7 9.165694e-02
<MEAN> 6
 7.269580e+01 4.079813e+02 -1.792488e+02 -5.391434e-01 -6.619024e+00 -7.347894e+01
<VARIANCE> 6
 3.198792e+01 4.895848e+04 2.514087e+05 2.995507e+02 3.990629e+04 5.126798e+07
<GCONST> 7.177533e+01
<MIXTURE> 8 4.432908e-02
<MEAN> 6
 4.908117e+01 1.317527e+03 -2.827333e+02 1.819026e+02 -2.820081e+02 -1.544222e+03
<VARIANCE> 6
 6.388864e+02 5.748434e+06 1.064901e+07 4.891254e+03 7.734391e+04 5.126798e+07
<GCONST> 8.673621e+01
<MIXTURE> 9 9.713584e-02
<MEAN> 6
 6.058678e+01 1.476050e+02 -1.489245e+01 5.943097e-02 -1.398141e+00 -1.282628e+02
<VARIANCE> 6
 3.198792e+01 1.385188e+05 2.335159e+04 2.995507e+02 3.990629e+04 5.126798e+07
<GCONST> 7.043895e+01
<MIXTURE> 10 5.035777e-02
<MEAN> 6
 6.398883e+01 1.752140e+02 -5.931861e+02 7.539463e-02 -3.130257e+00 -8.976938e+01
<VARIANCE> 6
 3.203077e+01 2.066485e+05 1.196599e+06 2.995507e+02 3.990629e+04 5.126798e+07
<GCONST> 7.477688e+01
<MIXTURE> 11 7.701255e-02
<MEAN> 6
 7.508396e+01 -7.475652e+02 -9.327759e+01 -5.419615e+01 -5.537267e+02 8.208600e+01
<VARIANCE> 6
 3.742835e+02 6.654800e+06 6.496113e+06 1.695970e+04 1.515903e+05 5.126798e+07
<GCONST> 8.776995e+01
<MIXTURE> 12 8.846475e-02
<MEAN> 6
 -1.675828e+01 -2.161877e+02 -8.025283e+02 -2.047125e+01 2.032793e+02 3.782351e+01
<VARIANCE> 6
 7.992064e+02 8.408925e+06 4.278798e+06 2.565300e+04 7.106553e+04 5.126798e+07
<GCONST> 8.800122e+01
<MIXTURE> 13 4.502822e-02
<MEAN> 6
 7.666000e+01 -1.651485e+02 -4.510368e+03 -1.060312e+00 -8.408484e+00 -1.405039e+02
<VARIANCE> 6
 3.198792e+01 1.960026e+05 1.764472e+07 2.995507e+02 3.990629e+04 5.126798e+07
<GCONST> 7.741360e+01
<MIXTURE> 14 9.198519e-02
<MEAN> 6
 8.489059e+01 -2.777013e+03 1.622640e+03 -4.816410e+00 -2.689516e+01 -6.803879e+01
<VARIANCE> 6
 1.279903e+02 4.953118e+06 7.467258e+06 2.995507e+02 3.990629e+04 5.126798e+07
<GCONST> 8.116993e+01
<MIXTURE> 15 4.904893e-02
<MEAN> 6
 6.151386e+01 8.580326e+01 -1.112232e+03 -5.746841e-03 -4.705157e+00 -1.034759e+02
<VARIANCE> 6
 3.198792e+01 1.542463e+05 1.673599e+06 2.995507e+02 3.990629e+04 5.126798e+07
<GCONST> 7.481856e+01
<STATE> 3
<NUMMIXES> 15
<MIXTURE> 1 4.997440e-02
<MEAN> 6
 8.553249e+01 2.581877e+02 7.511703e+00 -4.896576e+00 -1.893023e+01 1.249797e+02
<VARIANCE> 6
 2.062083e+02 1.206068e+06 1.793713e+06 2.995507e+02 3.990629e+04 5.126798e+07
<GCONST> 7.880797e+01
<MIXTURE> 2 5.868020e-02
<MEAN> 6
 -4.491726e+01 2.387713e+02 2.509971e+02 -1.434126e+02 1.324514e+03 4.177070e+03
<VARIANCE> 6
 3.334622e+02 8.056609e+05 1.347364e+06 2.303983e+04 7.728499e+05 5.310741e+08
<GCONST> 8.824310e+01
<MIXTURE> 3 6.495669e-02
<MEAN> 6
 -4.307428e+01 -5.611356e+01 5.553176e+01 1.175769e+02 9.855452e+02 -3.559340e+03
<VARIANCE> 6
 2.315608e+02 6.702489e+05 3.529038e+05 1.464808e+04 1.393489e+05 8.203135e+07
<GCONST> 8.232087e+01
<MIXTURE> 4 7.652864e-02
<MEAN> 6
 2.778627e+01 -4.556483e+01 8.386672e+01 -8.536108e+00 -2.573122e+02 -2.074991e+02
<VARIANCE> 6
 6.890446e+02 2.209885e+06 2.008030e+06 5.383721e+04 1.948860e+05 7.523152e+07
<GCONST> 8.789366e+01
<MIXTURE> 5 5.103853e-02
<MEAN> 6
 8.270415e+01 -2.505267e+02 2.361092e+02 3.631562e+01 -1.099549e+03 -1.103312e+03
<VARIANCE> 6
 3.571905e+02 2.283446e+06 1.293101e+06 2.253100e+04 9.873947e+05 6.616330e+08
<GCONST> 8.975497e+01
<MIXTURE> 6 7.035356e-02
<MEAN> 6
 4.230370e+01 8.194140e+01 4.788010e+01 1.616455e+02 -2.233971e+02 -1.038394e+03
<VARIANCE> 6
 3.917521e+02 4.431827e+05 3.344089e+05 3.560317e+03 6.731207e+04 5.126798e+07
<GCONST> 7.976703e+01
<MIXTURE> 7 5.248852e-02
<MEAN> 6
 -5.912935e+01 3.074610e+00 3.243961e+01 1.348394e+01 2.511675e+02 -2.976251e+02
<VARIANCE> 6
 1.185546e+02 6.053470e+05 6.644281e+05 6.451168e+02 7.962009e+04 5.126798e+07
<GCONST> 7.802991e+01
<MIXTURE> 8 8.602414e-02
<MEAN> 6
 4.929796e+00 7.184505e+01 6.950517e+01 -2.215638e+02 5.052834e+01 4.440751e+03
<VARIANCE> 6
 4.962188e+02 4.592208e+05 1.520431e+05 5.839365e+03 2.171633e+05 1.503114e+08
<GCONST> 8.199249e+01
<MIXTURE> 9 9.621968e-02
<MEAN> 6
 7.917055e+01 -3.303810e+02 1.138867e+02 -4.094616e+00 -2.884053e+01 -1.338026e+02
<VARIANCE> 6
 1.017064e+02 3.422608e+05 1.359461e+05 2.995507e+02 3.990629e+04 5.126798e+07
<GCONST> 7.426184e+01
<MIXTURE> 10 6.536534e-02
<MEAN> 6
 7.689140e+01 -2.717283e+02 1.547918e+02 1.999091e+00 -6.531467e+02 -8.836731e+02
<VARIANCE> 6
 2.100392e+02 8.711024e+05 5.227621e+05 1.220075e+04 1.017054e+05 5.126798e+07
<GCONST> 8.191062e+01
<MIXTURE> 11 9.354058e-02
<MEAN> 6
 -5.332500e+00 1.994272e+01 2.470765e+00 1.301673e+02 1.109750e+02 -2.865062e+03
<VARIANCE> 6
 2.223542e+02 2.594890e+05 1.384366e+05 1.482518e+04 7.185391e+04 5.583216e+07
<GCONST> 7.936050e+01
<MIXTURE> 12 7.166441e-02
<MEAN> 6
 -4.066862e+01 4.623601e+01 -5.232146e+01 1.359887e+01 5.582487e+02 7.723782e+02
<VARIANCE> 6
 1.583798e+02 8.564423e+04 8.407938e+04 1.030576e+04 1.415516e+05 5.126798e+07
<GCONST> 7.764319e+01
<MIXTURE> 13 6.071591e-02
<MEAN> 6
 5.418310e+01 5.621872e+01 -7.086729e+00 1.336702e+01 -3.486274e+02 -4.031815e+02
<VARIANCE> 6
 2.388424e+02 8.663529e+04 3.272454e+04 2.147217e+04 8.566225e+04 5.126798e+07
<GCONST> 7.735367e+01
<MIXTURE> 14 5.180745e-02
<MEAN> 6
 6.616647e+01 3.784166e+01 4.277578e+01 -1.167019e+02 -9.107888e+02 1.599044e+03
<VARIANCE> 6
 2.202736e+02 5.067652e+05 1.489626e+05 1.519496e+04 1.907829e+05 7.919007e+07
<GCONST> 8.144436e+01
<MIXTURE> 15 4.954815e-02
<MEAN> 6
 8.272135e+01 -7.987604e+01 -2.285154e+01 -5.202893e+00 -3.400269e+01 5.003784e+00
<VARIANCE> 6
 1.728021e+02 1.325021e+06 1.647739e+06 2.995507e+02 3.990629e+04 5.126798e+07
<GCONST> 7.864041e+01
<TRANSP> 4
 0.000000e+00 1.000000e+00 0.000000e+00 0.000000e+00
 0.000000e+00 9.998555e-01 1.445539e-04 0.000000e+00
 0.000000e+00 0.000000e+00 9.999510e-01 4.898208e-05
 0.000000e+00 0.000000e+00 0.000000e+00 0.000000e+00
<ENDHMM>
~h "QuintoPRIMARIA"
<BEGINHMM>
<NUMSTATES> 4
<STATE> 2
<NUMMIXES> 15
<MIXTURE> 1 1.066590e-01
<MEAN> 6
 8.218831e+01 -7.357195e+01 2.484340e+01 -6.367383e+00 -2.519788e+01 -2.531816e+02
<VARIANCE> 6
 5.325630e+01 5.925084e+04 6.140932e+04 2.995507e+02 3.990629e+04 5.126798e+07
<GCONST> 7.106638e+01
<MIXTURE> 2 3.097990e-02
<MEAN> 6
 4.919606e+01 -1.072433e+01 -2.250727e+02 -2.555062e+01 -8.191642e+02 2.024586e+03
<VARIANCE> 6
 1.693806e+03 1.243434e+06 1.878912e+06 6.057371e+04 1.286494e+06 6.016365e+08
<GCONST> 9.223580e+01
<MIXTURE> 3 5.434797e-02
<MEAN> 6
 -3.354382e+01 6.640942e+01 2.729594e+02 1.605844e+02 8.861398e+02 -5.255730e+03
<VARIANCE> 6
 4.859190e+02 2.244721e+05 3.551214e+05 2.142037e+04 3.110715e+05 1.186550e+08
<GCONST> 8.352663e+01
<MIXTURE> 4 9.738339e-02
<MEAN> 6
 2.739089e+01 -1.596786e+01 3.172583e+01 2.059517e+02 -1.805239e+02 -2.458775e+03
<VARIANCE> 6
 5.986934e+02 8.999930e+04 1.250686e+05 6.421070e+03 1.613838e+05 5.224806e+07
<GCONST> 7.909658e+01
<MIXTURE> 5 5.510495e-02
<MEAN> 6
 8.022913e+01 2.078323e+01 -4.210422e+02 -2.995796e+00 -2.060059e+01 4.155041e+01
<VARIANCE> 6
 1.642719e+02 5.943951e+05 7.022750e+04 2.995507e+02 3.990629e+04 5.126798e+07
<GCONST> 7.463273e+01
<MIXTURE> 6 5.499511e-02
<MEAN> 6
 7.682047e+01 7.637247e+01 -1.398804e+00 1.504658e+01 -1.094064e+03 -1.366837e+03
<VARIANCE> 6
 5.049047e+02 1.029960e+05 4.766459e+04 3.018765e+04 7.632097e+05 3.809823e+08
<GCONST> 8.318477e+01
<MIXTURE> 7 6.881240e-02
<MEAN> 6
 -5.361636e+01 1.780923e+01 2.407083e+00 1.782032e+01 2.004276e+02 1.979014e+02
<VARIANCE> 6
 2.382527e+02 9.014301e+04 1.061994e+05 7.265552e+02 6.620709e+04 5.126798e+07
<GCONST> 7.492426e+01
<MIXTURE> 8 6.216767e-02
<MEAN> 6
 6.763831e+01 -2.675078e+01 2.511810e+02 -8.440489e-01 -1.773509e+01 -1.237482e+02
<VARIANCE> 6
 7.229323e+01 8.026604e+04 1.437067e+05 2.995507e+02 3.990629e+04 5.126798e+07
<GCONST> 7.252577e+01
<MIXTURE> 9 6.254074e-02
<MEAN> 6
 7.313203e+01 1.166227e+02 -6.142484e+01 -1.641680e-01 -5.541482e+02 5.551477e+02
<VARIANCE> 6
 2.750313e+02 2.228935e+05 1.273066e+05 1.729620e+04 1.605274e+05 5.126798e+07
<GCONST> 8.020999e+01
<MIXTURE> 10 4.409654e-02
<MEAN> 6
 -4.623178e+01 -6.738716e+01 1.939168e+01 -1.784401e+02 1.500268e+03 5.583439e+03
<VARIANCE> 6
 3.236034e+02 1.533354e+05 2.244422e+05 1.616281e+04 8.566324e+05 7.387559e+08
<GCONST> 8.484025e+01
<MIXTURE> 11 5.253525e-02
<MEAN> 6
 7.248262e+01 -3.667575e+02 -6.228526e+01 -3.138970e+00 -1.395873e+01 -1.153033e+02
<VARIANCE> 6
 2.178417e+02 2.905950e+05 5.282076e+04 2.995507e+02 3.990629e+04 5.126798e+07
<GCONST> 7.391453e+01
<MIXTURE> 12 9.194745e-02
<MEAN> 6
 7.946054e+00 -2.069810e+01 -1.632021e+01 -2.382235e+02 -5.266927e+01 4.171555e+03
<VARIANCE> 6
 5.328169e+02 8.700653e+04 1.293309e+05 6.842763e+03 2.998314e+05 1.529978e+08
<GCONST> 8.073717e+01
<MIXTURE> 13 7.481054e-02
<MEAN> 6
 6.066151e+01 -3.357577e+01 -1.176454e+02 -5.403863e-01 -1.538188e+01 -1.776087e+02
<VARIANCE> 6
 3.198792e+01 1.950368e+04 1.200009e+05 2.995507e+02 3.990629e+04 5.126798e+07
<GCONST> 7.011538e+01
<MIXTURE> 14 8.055495e-02
<MEAN> 6
 -4.541229e+01 -4.549315e+01 3.185238e+01 4.755934e+01 8.123828e+02 -3.224360e+02
<VARIANCE> 6
 2.874624e+02 9.231704e+04 7.023919e+04 1.502543e+04 1.361625e+05 6.090397e+07
<GCONST> 7.864491e+01
<MIXTURE> 15 6.228765e-02
<MEAN> 6
 6.659104e+01 -2.462704e+01 -1.083547e+02 -5.425845e+01 -7.198578e+02 -1.014786e+03
<VARIANCE> 6
 2.576354e+02 2.193772e+05 1.620702e+05 1.997477e+04 1.771176e+05 5.126798e+07
<GCONST> 8.061251e+01
<STATE> 3
<NUMMIXES> 15
<MIXTURE> 1 7.520455e-02
<MEAN> 6
 8.365816e+01 6.845372e+02 8.771483e+02 -3.250252e+00 -1.104094e+01 1.931212e+01
<VARIANCE> 6
 2.914291e+02 5.403076e+06 2.814717e+06 2.995507e+02 3.990629e+04 5.126798e+07
<GCONST> 8.110406e+01
<MIXTURE> 2 1.386715e-02
<MEAN> 6
 -7.343109e+00 1.789221e+02 6.549720e+01 3.344867e+01 -1.071393e+02 1.351467e+03
<VARIANCE> 6
 1.296729e+04 1.807220e+05 3.861354e+05 2.121708e+06 1.186056e+09 1.752015e+12
<GCONST> 1.091195e+02
<MIXTURE> 3 9.106404e-02
<MEAN> 6
 -4.751104e+01 -1.286454e+02 1.197373e+02 1.272501e+02 7.694607e+02 -1.341202e+03
<VARIANCE> 6
 3.117110e+02 8.391389e+05 1.335532e+06 1.362774e+04 1.477893e+05 5.126798e+07
<GCONST> 8.369029e+01
<MIXTURE> 4 6.037905e-02
<MEAN> 6
 3.009208e+01 6.395525e+01 -7.268251e+02 -7.323881e+01 -4.968629e+02 4.280681e+03
<VARIANCE> 6
 4.170993e+03 3.934678e+06 1.170745e+07 6.582550e+04 3.061946e+06 1.922064e+09
<GCONST> 9.823024e+01
<MIXTURE> 5 3.844237e-02
<MEAN> 6
 6.294323e+01 -3.359565e+02 -3.535386e+03 -1.700653e-01 -8.675473e+00 -5.524729e+01
<VARIANCE> 6
 3.198792e+01 1.367466e+06 8.410313e+06 2.995507e+02 3.990629e+04 5.126798e+07
<GCONST> 7.861520e+01
<MIXTURE> 6 9.831547e-02
<MEAN> 6
 4.758800e+01 -2.244450e+02 9.381182e+01 7.818523e+01 -3.944841e+02 -3.034175e+02
<VARIANCE> 6
 4.326674e+02 4.745470e+05 1.761679e+06 2.966682e+04 9.983170e+04 5.126798e+07
<GCONST> 8.411073e+01
<MIXTURE> 7 6.889235e-02
<MEAN> 6
 8.800945e+01 2.544000e+02 2.491917e+02 -2.331702e+00 -5.591740e+02 -1.465604e+03
<VARIANCE> 6
 1.384259e+02 9.767406e+05 2.011475e+06 1.071190e+04 4.963037e+05 1.798683e+08
<GCONST> 8.566574e+01
<MIXTURE> 8 7.533078e-02
<MEAN> 6
 -6.839571e+01 1.159603e+01 5.850096e+01 3.638628e+00 1.658439e+02 3.651518e+02
<VARIANCE> 6
 2.412661e+02 5.526444e+05 1.558912e+06 6.613642e+02 8.148808e+04 5.126798e+07
<GCONST> 7.955022e+01
<MIXTURE> 9 8.839086e-02
<MEAN> 6
 9.116278e+01 5.657164e+02 -2.752486e+02 -4.521654e+00 -2.328336e+01 -9.625279e+01
<VARIANCE> 6
 1.490909e+02 2.584713e+05 6.258099e+05 2.995507e+02 3.990629e+04 5.126798e+07
<GCONST> 7.589030e+01
<MIXTURE> 10 5.114659e-02
<MEAN> 6
 3.961060e+00 1.510761e+02 3.282245e+02 1.979195e+00 1.190434e+02 -8.929628e+02
<VARIANCE> 6
 4.494590e+02 1.180955e+06 1.982918e+06 6.544968e+04 1.696987e+05 1.008960e+08
<GCONST> 8.717764e+01
<MIXTURE> 11 8.251036e-02
<MEAN> 6
 8.365005e+01 -2.057220e+02 1.672111e+03 -1.645594e+00 -1.327481e+01 -1.305577e+02
<VARIANCE> 6
 1.067467e+02 4.841110e+05 2.194880e+06 2.995507e+02 3.990629e+04 5.126798e+07
<GCONST> 7.743858e+01
<MIXTURE> 12 6.166226e-02
<MEAN> 6
 -5.631062e+01 -2.130752e+02 -2.013267e+02 -1.176477e+02 1.336258e+03 1.537946e+03
<VARIANCE> 6
 2.731455e+02 7.994498e+05 2.330846e+06 2.187880e+04 8.406171e+05 4.801983e+08
<GCONST> 8.851556e+01
<MIXTURE> 13 8.386301e-02
<MEAN> 6
 6.675798e+01 -1.203132e+02 -3.238897e+01 1.497885e+00 -1.736351e+01 -1.163943e+02
<VARIANCE> 6
 1.905286e+02 2.735862e+05 2.434284e+06 2.995507e+02 3.990629e+04 5.126798e+07
<GCONST> 7.755074e+01
<MIXTURE> 14 5.913869e-02
<MEAN> 6
 6.377800e+01 -8.977589e+01 -2.167925e+02 -7.397025e+01 -9.081056e+02 9.178549e+02
<VARIANCE> 6
 3.263365e+02 1.517886e+06 1.084501e+06 3.790861e+04 2.768446e+05 1.132276e+08
<GCONST> 8.656371e+01
<MIXTURE> 15 5.131232e-02
<MEAN> 6
 -2.771131e+00 -2.198035e+02 -2.701332e+02 -4.389505e+01 -2.563352e+01 -2.351207e+03
<VARIANCE> 6
 3.769071e+02 8.102911e+05 2.288788e+06 6.540425e+04 1.942551e+05 1.098294e+08
<GCONST> 8.698766e+01
<TRANSP> 4
 0.000000e+00 1.000000e+00 0.000000e+00 0.000000e+00
 0.000000e+00 9.999338e-01 6.620005e-05 0.000000e+00
 0.000000e+00 0.000000e+00 9.999219e-01 7.811028e-05
 0.000000e+00 0.000000e+00 0.000000e+00 0.000000e+00
<ENDHMM>
