~o
<STREAMINFO> 1 6
<VECSIZE> 6<NULLD><USER><DIAGC>
~h "SegundoPRIMARIA"
<BEGINHMM>
<NUMSTATES> 8
<STATE> 2
<NUMMIXES> 10
<MIXTURE> 1 1.320187e-01
<MEAN> 6
 9.617076e+01 -1.005551e+02 7.315720e+02 -6.677355e+00 -4.239354e+01 -2.645856e+02
<VARIANCE> 6
 2.608046e+02 7.234809e+05 3.104428e+06 2.998339e+02 4.032245e+04 5.181961e+07
<GCONST> 7.910237e+01
<MIXTURE> 2 6.484177e-02
<MEAN> 6
 1.132955e+01 3.662864e+02 -4.165705e+02 -1.692938e+02 2.590989e+02 7.482975e+03
<VARIANCE> 6
 3.310771e+03 1.148928e+06 2.226644e+06 6.924318e+04 3.718704e+06 1.817586e+09
<GCONST> 9.529758e+01
<MIXTURE> 3 6.773544e-02
<MEAN> 6
 4.039686e+01 -9.223163e+02 2.623481e+02 -2.496384e+01 2.312501e+01 9.977069e+02
<VARIANCE> 6
 4.719551e+03 4.277125e+07 1.509837e+06 2.338249e+04 4.922703e+05 2.614359e+08
<GCONST> 9.383385e+01
<MIXTURE> 4 8.007699e-02
<MEAN> 6
 -4.582209e+01 9.940746e+01 1.481653e+02 6.777463e+01 8.811437e+02 3.011148e+02
<VARIANCE> 6
 5.237003e+02 2.745890e+05 1.873462e+06 3.601189e+04 3.284435e+05 1.447175e+08
<GCONST> 8.623853e+01
<MIXTURE> 5 1.297058e-01
<MEAN> 6
 3.296994e+01 1.579572e+01 -1.107241e+02 8.626785e+01 -2.099559e+02 -1.243095e+03
<VARIANCE> 6
 9.138595e+02 2.681692e+05 1.129835e+06 4.404414e+04 1.466180e+05 5.181961e+07
<GCONST> 8.463371e+01
<MIXTURE> 6 1.039017e-01
<MEAN> 6
 7.223353e+01 6.372896e+02 -9.731329e+02 3.663846e+00 -3.397242e+01 -1.074835e+02
<VARIANCE> 6
 9.057375e+01 3.424251e+05 1.053313e+06 2.998339e+02 4.032245e+04 5.181961e+07
<GCONST> 7.621586e+01
<MIXTURE> 7 1.370930e-01
<MEAN> 6
 7.463256e+01 -7.898764e+00 4.061749e+01 -2.871123e+01 -9.402859e+02 -1.252464e+03
<VARIANCE> 6
 6.360926e+02 3.602569e+05 2.002239e+06 3.527541e+04 4.136508e+05 1.602241e+08
<GCONST> 8.708276e+01
<MIXTURE> 8 1.026878e-01
<MEAN> 6
 -7.206239e+01 7.254212e+01 -3.517134e+02 -3.047409e+00 1.883402e+02 4.584110e+02
<VARIANCE> 6
 2.508101e+02 3.114329e+05 1.322162e+06 1.160223e+03 6.991969e+04 5.181961e+07
<GCONST> 7.927042e+01
<MIXTURE> 9 1.007444e-01
<MEAN> 6
 6.329062e+01 -3.823402e+02 1.232818e+03 4.183149e-01 -6.526451e+00 -1.104690e+02
<VARIANCE> 6
 4.659369e+01 2.249157e+05 8.488051e+05 2.998339e+02 4.032245e+04 5.181961e+07
<GCONST> 7.491496e+01
<MIXTURE> 10 8.103508e-02
<MEAN> 6
 -5.427384e+01 -6.524821e+01 -2.132670e+02 1.187629e+01 7.204201e+02 -2.971637e+03
<VARIANCE> 6
 5.607947e+02 2.393558e+05 1.846884e+06 3.013228e+04 2.956557e+05 1.542498e+08
<GCONST> 8.593571e+01
<STATE> 3
<NUMMIXES> 10
<MIXTURE> 1 7.348459e-02
<MEAN> 6
 5.476727e+01 3.745448e+02 -2.840687e+02 2.162660e+00 -9.522179e-01 -7.447219e+01
<VARIANCE> 6
 3.179780e+01 1.563128e+04 1.446404e+04 2.998339e+02 4.032245e+04 5.181961e+07
<GCONST> 6.779428e+01
<MIXTURE> 2 8.095023e-02
<MEAN> 6
 7.555201e+01 1.547679e+02 -9.688737e+02 3.018968e-01 5.669522e+00 -4.748231e+01
<VARIANCE> 6
 3.179780e+01 1.280424e+04 1.302920e+05 2.998339e+02 4.032245e+04 5.181961e+07
<GCONST> 6.979289e+01
<MIXTURE> 3 7.315638e-02
<MEAN> 6
 1.000957e+02 -1.757986e+02 -4.891760e+02 -1.506857e+00 8.221027e+00 3.942407e+01
<VARIANCE> 6
 1.004834e+02 7.738869e+04 1.446404e+04 2.998339e+02 4.032245e+04 5.181961e+07
<GCONST> 7.054444e+01
<MIXTURE> 4 1.329903e-01
<MEAN> 6
 7.487345e+01 1.209658e+02 -3.262793e+02 -8.610587e-02 -1.295307e+00 -9.083733e+01
<VARIANCE> 6
 3.179780e+01 1.280424e+04 1.446404e+04 2.998339e+02 4.032245e+04 5.181961e+07
<GCONST> 6.759479e+01
<MIXTURE> 5 1.301042e-01
<MEAN> 6
 7.422054e+01 -1.527236e+02 -9.337230e+02 -1.825051e+00 -6.352616e+00 -1.385361e+02
<VARIANCE> 6
 7.114065e+01 2.243316e+04 1.446404e+04 2.998339e+02 4.032245e+04 5.181961e+07
<GCONST> 6.896081e+01
<MIXTURE> 6 1.320480e-01
<MEAN> 6
 8.003942e+01 -5.677025e+02 -5.751260e+02 -6.367766e-01 3.024452e+00 -9.683736e+01
<VARIANCE> 6
 1.773884e+02 1.280424e+04 1.446404e+04 2.998339e+02 4.032245e+04 5.181961e+07
<GCONST> 6.931373e+01
<MIXTURE> 7 1.294348e-01
<MEAN> 6
 7.696003e+01 6.935184e+01 -3.345051e+02 -6.109233e-01 -1.970008e+00 -1.182007e+02
<VARIANCE> 6
 3.179780e+01 1.280424e+04 1.446404e+04 2.998339e+02 4.032245e+04 5.181961e+07
<GCONST> 6.759479e+01
<MIXTURE> 8 8.918723e-02
<MEAN> 6
 6.751458e+01 -1.782953e+02 -1.102093e+03 1.092014e+00 -1.055850e+01 -1.509777e+01
<VARIANCE> 6
 3.179780e+01 2.581916e+04 2.794857e+04 2.998339e+02 4.032245e+04 5.181961e+07
<GCONST> 6.895482e+01
<MIXTURE> 9 8.431691e-02
<MEAN> 6
 7.208640e+01 1.024280e+02 -9.639614e+02 -2.610938e-01 3.095712e+00 -7.042520e+01
<VARIANCE> 6
 3.179780e+01 1.280424e+04 8.165563e+04 2.998339e+02 4.032245e+04 5.181961e+07
<GCONST> 6.932562e+01
<MIXTURE> 10 7.429077e-02
<MEAN> 6
 9.569004e+01 -2.993902e+02 -5.319816e+02 -1.882631e+00 -1.198923e+01 -8.826709e+01
<VARIANCE> 6
 6.365982e+01 5.553537e+04 1.446404e+04 2.998339e+02 4.032245e+04 5.181961e+07
<GCONST> 6.975618e+01
<STATE> 4
<NUMMIXES> 10
<MIXTURE> 1 1.421039e-01
<MEAN> 6
 7.521230e+01 2.062596e+02 1.023504e+02 1.720792e+00 -6.314010e+00 -4.539466e+01
<VARIANCE> 6
 3.179780e+01 4.255537e+04 1.446404e+04 2.998339e+02 4.032245e+04 5.181961e+07
<GCONST> 6.879581e+01
<MIXTURE> 2 1.036701e-01
<MEAN> 6
 6.901332e+01 -4.364620e+01 1.008500e+02 7.485585e-01 2.169533e-01 -1.103286e+02
<VARIANCE> 6
 3.179780e+01 1.280424e+04 4.510220e+04 2.998339e+02 4.032245e+04 5.181961e+07
<GCONST> 6.873205e+01
<MIXTURE> 3 1.226191e-01
<MEAN> 6
 5.867212e+01 -4.219655e+02 -2.236880e+02 5.139959e-01 -1.282710e+00 -5.236077e+01
<VARIANCE> 6
 3.179780e+01 1.280424e+04 2.635056e+04 2.998339e+02 4.032245e+04 5.181961e+07
<GCONST> 6.819461e+01
<MIXTURE> 4 8.467994e-02
<MEAN> 6
 7.198734e+01 -4.889873e+01 1.603570e+02 1.251863e+00 1.196988e+01 -8.353650e+01
<VARIANCE> 6
 3.179780e+01 1.403959e+04 1.446404e+04 2.998339e+02 4.032245e+04 5.181961e+07
<GCONST> 6.768689e+01
<MIXTURE> 5 1.112117e-01
<MEAN> 6
 6.592806e+01 -5.571239e+01 -2.156995e+02 4.304686e-01 1.120165e+00 -1.255700e+02
<VARIANCE> 6
 3.179780e+01 1.280424e+04 1.446404e+04 2.998339e+02 4.032245e+04 5.181961e+07
<GCONST> 6.759479e+01
<MIXTURE> 6 1.094663e-01
<MEAN> 6
 6.922411e+01 -3.514754e+02 2.839329e+02 -3.002196e-01 -2.269768e+00 -8.834400e+01
<VARIANCE> 6
 3.215928e+01 3.211214e+04 1.446404e+04 2.998339e+02 4.032245e+04 5.181961e+07
<GCONST> 6.852554e+01
<MIXTURE> 7 6.609726e-02
<MEAN> 6
 7.575614e+01 1.248933e+02 7.077381e+01 3.194275e-01 -8.307199e+00 -2.908490e+01
<VARIANCE> 6
 3.179780e+01 3.950393e+04 1.446404e+04 2.998339e+02 4.032245e+04 5.181961e+07
<GCONST> 6.872141e+01
<MIXTURE> 8 1.091211e-01
<MEAN> 6
 6.522680e+01 -6.704758e+01 -2.734001e+02 8.233254e-01 4.132568e+00 -1.426333e+02
<VARIANCE> 6
 3.179780e+01 1.280424e+04 1.446404e+04 2.998339e+02 4.032245e+04 5.181961e+07
<GCONST> 6.759479e+01
<MIXTURE> 9 6.611333e-02
<MEAN> 6
 7.544183e+01 -3.422265e+01 2.043401e+01 -1.358360e+00 -9.661177e+00 -4.555765e+01
<VARIANCE> 6
 3.179780e+01 6.296378e+04 1.446404e+04 2.998339e+02 4.032245e+04 5.181961e+07
<GCONST> 6.918757e+01
<MIXTURE> 10 8.483540e-02
<MEAN> 6
 7.034757e+01 -1.063951e+02 1.204115e+02 2.605672e-01 -8.186703e+00 -2.725231e+02
<VARIANCE> 6
 3.179780e+01 1.480498e+04 1.446404e+04 2.998339e+02 4.032245e+04 5.181961e+07
<GCONST> 6.773997e+01
<STATE> 5
<NUMMIXES> 10
<MIXTURE> 1 5.996165e-02
<MEAN> 6
 1.049988e+02 1.002242e+03 5.096005e+02 -3.991942e+00 -3.058250e+00 -6.787646e+01
<VARIANCE> 6
 3.179780e+01 1.643696e+06 2.582768e+04 2.998339e+02 4.032245e+04 5.181961e+07
<GCONST> 7.302950e+01
<MIXTURE> 2 7.955182e-02
<MEAN> 6
 9.149528e+01 8.948942e+02 2.494619e+02 -2.557935e+00 2.494183e+00 -8.938721e+00
<VARIANCE> 6
 4.334869e+01 3.421575e+04 1.446404e+04 2.998339e+02 4.032245e+04 5.181961e+07
<GCONST> 6.888757e+01
<MIXTURE> 3 1.063017e-01
<MEAN> 6
 8.908727e+01 -1.987915e+02 4.283329e+02 -2.032149e+00 -1.108125e-02 -3.190210e+01
<VARIANCE> 6
 3.179780e+01 8.464199e+04 2.528462e+04 2.998339e+02 4.032245e+04 5.181961e+07
<GCONST> 7.004197e+01
<MIXTURE> 4 1.578457e-01
<MEAN> 6
 9.203195e+01 4.996985e+01 9.488647e+01 -8.908964e-01 -4.756759e+00 -1.504662e+02
<VARIANCE> 6
 3.179780e+01 2.684449e+04 1.446404e+04 2.998339e+02 4.032245e+04 5.181961e+07
<GCONST> 6.833507e+01
<MIXTURE> 5 1.234152e-01
<MEAN> 6
 9.933941e+01 -2.642634e+03 -1.004949e+02 -3.516267e+00 -5.367455e+00 -1.901629e+02
<VARIANCE> 6
 3.179780e+01 1.388918e+06 1.685445e+04 2.998339e+02 4.032245e+04 5.181961e+07
<GCONST> 7.243423e+01
<MIXTURE> 6 8.538317e-02
<MEAN> 6
 8.469907e+01 4.501593e+02 4.262844e+02 -4.319537e-01 -7.195815e-02 -6.365611e+01
<VARIANCE> 6
 3.179780e+01 5.524476e+04 1.446404e+04 2.998339e+02 4.032245e+04 5.181961e+07
<GCONST> 6.905678e+01
<MIXTURE> 7 1.291109e-01
<MEAN> 6
 9.101183e+01 -4.890587e+01 -5.050106e+01 -5.782096e-01 2.009839e-01 -1.594392e+02
<VARIANCE> 6
 3.179780e+01 1.582206e+04 1.446404e+04 2.998339e+02 4.032245e+04 5.181961e+07
<GCONST> 6.780641e+01
<MIXTURE> 8 8.684019e-02
<MEAN> 6
 8.527152e+01 2.637950e+02 4.531226e+02 -1.161902e+00 1.834135e+00 -8.511970e+01
<VARIANCE> 6
 3.179780e+01 9.040355e+04 1.446404e+04 2.998339e+02 4.032245e+04 5.181961e+07
<GCONST> 6.954929e+01
<MIXTURE> 9 9.173191e-02
<MEAN> 6
 9.557432e+01 -1.136689e+03 7.913512e+02 -9.900386e-01 -1.288082e+00 -1.222592e+02
<VARIANCE> 6
 3.915020e+01 3.103851e+05 3.759668e+04 2.998339e+02 4.032245e+04 5.181961e+07
<GCONST> 7.194608e+01
<MIXTURE> 10 7.980817e-02
<MEAN> 6
 8.993652e+01 8.274634e+02 2.141062e+02 -2.402018e+00 -4.974159e+00 -1.497108e+02
<VARIANCE> 6
 3.324374e+01 3.750662e+04 1.446404e+04 2.998339e+02 4.032245e+04 5.181961e+07
<GCONST> 6.871399e+01
<STATE> 6
<NUMMIXES> 10
<MIXTURE> 1 1.285632e-01
<MEAN> 6
 8.830675e+01 1.064267e+03 -1.409647e+03 -1.349617e+00 -4.655981e+00 8.723480e+00
<VARIANCE> 6
 3.179780e+01 1.526197e+04 4.401171e+05 2.998339e+02 4.032245e+04 5.181961e+07
<GCONST> 7.118575e+01
<MIXTURE> 2 1.109704e-01
<MEAN> 6
 7.721571e+01 2.748526e+03 1.526203e+02 -2.064199e+00 -9.621206e+00 -1.050859e+02
<VARIANCE> 6
 3.179780e+01 5.471969e+04 1.130593e+05 2.998339e+02 4.032245e+04 5.181961e+07
<GCONST> 7.110348e+01
<MIXTURE> 3 1.069297e-01
<MEAN> 6
 6.553322e+01 8.357332e+02 -1.417268e+02 -3.427788e-01 -1.164073e+00 -1.678858e+02
<VARIANCE> 6
 3.179780e+01 4.027414e+04 1.446404e+04 2.998339e+02 4.032245e+04 5.181961e+07
<GCONST> 6.874072e+01
<MIXTURE> 4 7.903498e-02
<MEAN> 6
 7.292553e+01 -9.420176e+02 -1.903631e+02 -4.080856e-01 1.802208e+01 7.271790e+01
<VARIANCE> 6
 3.179780e+01 2.079269e+04 2.799422e+05 2.998339e+02 4.032245e+04 5.181961e+07
<GCONST> 7.104253e+01
<MIXTURE> 5 1.041846e-01
<MEAN> 6
 7.858376e+01 9.844605e+02 7.044625e+02 -2.607811e+00 -4.627274e+00 -1.645103e+02
<VARIANCE> 6
 3.179780e+01 2.074596e+05 6.821802e+04 2.998339e+02 4.032245e+04 5.181961e+07
<GCONST> 7.193098e+01
<MIXTURE> 6 6.212172e-02
<MEAN> 6
 8.605341e+01 -1.704559e+02 -2.983593e+03 -5.435440e+00 -1.659227e-01 1.082357e+02
<VARIANCE> 6
 8.600335e+01 2.003461e+04 5.182182e+04 2.998339e+02 4.032245e+04 5.181961e+07
<GCONST> 7.031360e+01
<MIXTURE> 7 1.089042e-01
<MEAN> 6
 6.597919e+01 -1.441661e+03 -6.649338e+02 2.139546e+00 -8.287827e+00 -8.634196e+01
<VARIANCE> 6
 1.095505e+02 1.168071e+05 2.021302e+04 2.998339e+02 4.032245e+04 5.181961e+07
<GCONST> 7.137718e+01
<MIXTURE> 8 1.105200e-01
<MEAN> 6
 6.480751e+01 5.829772e+02 -1.284835e+02 -8.016559e-01 -7.605597e+00 -2.557199e+02
<VARIANCE> 6
 3.179780e+01 3.661905e+04 1.446404e+04 2.998339e+02 4.032245e+04 5.181961e+07
<GCONST> 6.864558e+01
<MIXTURE> 9 1.089607e-01
<MEAN> 6
 7.200644e+01 7.096447e+02 6.896255e+02 -5.724969e-01 -3.930373e+00 -1.190364e+02
<VARIANCE> 6
 3.179780e+01 1.210763e+05 1.446404e+04 2.998339e+02 4.032245e+04 5.181961e+07
<GCONST> 6.984143e+01
<MIXTURE> 10 7.979116e-02
<MEAN> 6
 7.097068e+01 -9.352734e+02 -3.611615e+02 -1.308577e+00 -3.370420e+00 -2.131508e+02
<VARIANCE> 6
 3.535706e+01 2.137643e+04 2.524806e+05 2.998339e+02 4.032245e+04 5.181961e+07
<GCONST> 7.107307e+01
<STATE> 7
<NUMMIXES> 10
<MIXTURE> 1 5.718852e-03
<MEAN> 6
 1.356018e+01 -3.350632e+02 -2.866638e+01 1.733924e+01 -6.095649e+02 9.302765e+03
<VARIANCE> 6
 9.385363e+03 1.814095e+06 1.080010e+06 1.331196e+06 7.216852e+08 1.043972e+12
<GCONST> 1.106505e+02
<MIXTURE> 2 1.217340e-01
<MEAN> 6
 2.014560e+01 5.000322e+01 2.814496e+01 2.475850e+02 5.547826e+01 -3.425564e+03
<VARIANCE> 6
 8.255049e+02 2.131753e+05 1.024037e+05 6.649908e+03 2.314284e+05 6.288080e+07
<GCONST> 8.066094e+01
<MIXTURE> 3 1.037401e-01
<MEAN> 6
 4.987960e+01 -1.235178e+01 9.832432e+01 -2.523272e+01 -4.283541e+02 6.568462e+02
<VARIANCE> 6
 4.411095e+03 9.123615e+05 8.084485e+05 6.492071e+04 4.014546e+06 2.067118e+09
<GCONST> 9.448158e+01
<MIXTURE> 4 6.618050e-02
<MEAN> 6
 1.012399e+02 1.829236e+02 5.323178e+01 -5.532876e+00 -2.325313e+01 -2.935059e+02
<VARIANCE> 6
 4.755518e+02 1.016514e+06 3.566144e+05 2.998339e+02 4.032245e+04 5.181961e+07
<GCONST> 7.787921e+01
<MIXTURE> 5 1.365414e-01
<MEAN> 6
 -3.814567e+01 -1.910179e+01 8.353535e+00 -4.551699e+01 1.292462e+03 -2.693518e+02
<VARIANCE> 6
 4.320025e+02 1.739592e+05 9.677486e+04 4.849919e+04 6.534052e+05 4.104168e+08
<GCONST> 8.465434e+01
<MIXTURE> 6 7.970870e-02
<MEAN> 6
 8.739848e+01 7.396059e+01 1.407195e+02 2.513243e+01 -5.622596e+02 4.773962e+01
<VARIANCE> 6
 3.722190e+02 1.942130e+05 1.610702e+05 2.230824e+04 2.468857e+05 8.372156e+07
<GCONST> 8.178545e+01
<MIXTURE> 7 1.460492e-01
<MEAN> 6
 -5.103521e+01 4.248141e+01 1.854799e+00 2.347413e+01 4.153537e+02 2.920257e+02
<VARIANCE> 6
 2.849161e+02 2.114832e+05 1.320589e+05 4.376651e+03 1.565491e+05 5.181961e+07
<GCONST> 7.884081e+01
<MIXTURE> 8 1.451293e-01
<MEAN> 6
 5.180112e+01 -3.512398e+00 3.685891e+01 -1.594571e+02 -5.869525e+02 4.169519e+03
<VARIANCE> 6
 1.433456e+03 9.913602e+04 7.121077e+04 3.804679e+04 7.441058e+05 2.580571e+08
<GCONST> 8.440795e+01
<MIXTURE> 9 1.138008e-01
<MEAN> 6
 9.088387e+01 -1.199691e+02 -1.069194e+02 -3.943740e+00 -2.638328e+01 -2.321053e+02
<VARIANCE> 6
 2.120046e+02 2.169579e+05 9.683079e+04 2.998339e+02 4.032245e+04 5.181961e+07
<GCONST> 7.422322e+01
<MIXTURE> 10 8.027750e-02
<MEAN> 6
 8.120080e+01 -1.048130e+02 -5.597490e+00 -3.018252e+01 -7.583660e+02 -3.199286e+03
<VARIANCE> 6
 3.668710e+02 2.029639e+05 1.574962e+05 2.524553e+04 2.522723e+05 8.362632e+07
<GCONST> 8.193674e+01
<TRANSP> 8
 0.000000e+00 1.000000e+00 0.000000e+00 0.000000e+00 0.000000e+00 0.000000e+00 0.000000e+00 0.000000e+00
 0.000000e+00 9.997704e-01 2.296176e-04 0.000000e+00 0.000000e+00 0.000000e+00 0.000000e+00 0.000000e+00
 0.000000e+00 0.000000e+00 9.990114e-01 9.886208e-04 0.000000e+00 0.000000e+00 0.000000e+00 0.000000e+00
 0.000000e+00 0.000000e+00 0.000000e+00 9.990623e-01 9.377161e-04 0.000000e+00 0.000000e+00 0.000000e+00
 0.000000e+00 0.000000e+00 0.000000e+00 0.000000e+00 9.988484e-01 1.151568e-03 0.000000e+00 0.000000e+00
 0.000000e+00 0.000000e+00 0.000000e+00 0.000000e+00 0.000000e+00 9.986991e-01 1.300989e-03 0.000000e+00
 0.000000e+00 0.000000e+00 0.000000e+00 0.000000e+00 0.000000e+00 0.000000e+00 9.999469e-01 5.309389e-05
 0.000000e+00 0.000000e+00 0.000000e+00 0.000000e+00 0.000000e+00 0.000000e+00 0.000000e+00 0.000000e+00
<ENDHMM>
~h "SegundoESO"
<BEGINHMM>
<NUMSTATES> 8
<STATE> 2
<NUMMIXES> 10
<MIXTURE> 1 1.142399e-01
<MEAN> 6
 5.964935e+01 2.249525e+03 -2.714365e+02 3.885491e-01 -4.801461e+00 -1.693702e+02
<VARIANCE> 6
 3.179780e+01 1.762426e+05 1.446404e+04 2.998339e+02 4.032245e+04 5.181961e+07
<GCONST> 7.021687e+01
<MIXTURE> 2 9.717847e-02
<MEAN> 6
 8.896050e+01 -4.001122e+03 3.867729e+03 -2.136583e+00 -6.653851e+00 -8.848051e+01
<VARIANCE> 6
 7.034532e+01 1.256241e+06 1.999290e+07 2.998339e+02 4.032245e+04 5.181961e+07
<GCONST> 8.020638e+01
<MIXTURE> 3 6.010821e-02
<MEAN> 6
 7.320695e+01 8.705815e+02 -2.500387e+03 1.405349e-01 -7.723202e+00 -9.457723e+01
<VARIANCE> 6
 3.179780e+01 5.318039e+05 2.131797e+05 2.998339e+02 4.032245e+04 5.181961e+07
<GCONST> 7.401175e+01
<MIXTURE> 4 1.346733e-01
<MEAN> 6
 7.454770e+01 -4.422703e+01 -6.434420e+03 -2.886092e-01 -3.092660e+00 -5.463328e+01
<VARIANCE> 6
 3.179780e+01 1.524952e+05 6.176700e+06 2.998339e+02 4.032245e+04 5.181961e+07
<GCONST> 7.612901e+01
<MIXTURE> 5 9.903214e-02
<MEAN> 6
 6.370510e+01 1.793660e+03 -1.165185e+03 -1.377247e-01 -6.065931e+00 -7.465585e+01
<VARIANCE> 6
 3.179780e+01 1.339009e+06 6.730939e+04 2.998339e+02 4.032245e+04 5.181961e+07
<GCONST> 7.378233e+01
<MIXTURE> 6 1.093609e-01
<MEAN> 6
 5.714654e+01 4.779487e+02 -3.739616e+03 1.180658e+00 3.676299e-02 -4.573873e+01
<VARIANCE> 6
 3.179780e+01 6.526457e+04 1.332616e+06 2.998339e+02 4.032245e+04 5.181961e+07
<GCONST> 7.374669e+01
<MIXTURE> 7 1.173055e-01
<MEAN> 6
 6.577243e+01 -1.495478e+03 -3.891795e+02 2.883536e-01 -2.289647e+00 -1.108886e+02
<VARIANCE> 6
 3.638150e+01 1.000399e+06 5.623723e+04 2.998339e+02 4.032245e+04 5.181961e+07
<GCONST> 7.344574e+01
<MIXTURE> 8 1.238006e-01
<MEAN> 6
 6.302396e+01 1.487854e+02 -1.511714e+03 -1.540424e-01 -1.273388e+00 -1.299740e+02
<VARIANCE> 6
 3.179780e+01 1.401037e+05 1.550973e+05 2.998339e+02 4.032245e+04 5.181961e+07
<GCONST> 7.235977e+01
<MIXTURE> 9 7.294703e-02
<MEAN> 6
 6.111614e+01 -2.732776e+02 -4.717948e+02 7.235365e-01 5.145412e+00 -3.927576e+01
<VARIANCE> 6
 3.179780e+01 3.280345e+05 4.457020e+04 2.998339e+02 4.032245e+04 5.181961e+07
<GCONST> 7.196353e+01
<MIXTURE> 10 7.132863e-02
<MEAN> 6
 5.981749e+01 -4.011550e+02 -5.454308e+02 -6.217704e-01 -8.607033e+00 -1.147114e+02
<VARIANCE> 6
 3.179780e+01 2.904010e+05 4.710404e+04 2.998339e+02 4.032245e+04 5.181961e+07
<GCONST> 7.189696e+01
<STATE> 3
<NUMMIXES> 10
<MIXTURE> 1 1.263742e-01
<MEAN> 6
 7.282659e+01 1.051624e+02 9.438768e+02 -6.391457e-01 -5.985628e-01 -8.393889e+01
<VARIANCE> 6
 4.756451e+01 1.953006e+05 5.710739e+05 2.998339e+02 4.032245e+04 5.181961e+07
<GCONST> 7.439809e+01
<MIXTURE> 2 1.037025e-01
<MEAN> 6
 6.432999e+01 8.721393e+02 7.157750e+01 -2.207029e-01 -1.956644e+00 -1.257497e+02
<VARIANCE> 6
 4.926636e+01 2.190759e+05 1.446404e+04 2.998339e+02 4.032245e+04 5.181961e+07
<GCONST> 7.087227e+01
<MIXTURE> 3 1.035295e-01
<MEAN> 6
 6.487743e+01 -3.760222e+02 2.226916e+02 -4.514660e-01 -3.419978e+00 -6.619199e+01
<VARIANCE> 6
 3.179780e+01 2.005223e+04 2.120174e+04 2.998339e+02 4.032245e+04 5.181961e+07
<GCONST> 6.842577e+01
<MIXTURE> 4 6.923349e-02
<MEAN> 6
 8.480029e+01 -1.138197e+03 2.604258e+02 -1.395040e+00 -3.438727e+00 -1.641510e+02
<VARIANCE> 6
 3.179780e+01 4.195320e+05 7.794470e+04 2.998339e+02 4.032245e+04 5.181961e+07
<GCONST> 7.276848e+01
<MIXTURE> 5 8.782553e-02
<MEAN> 6
 5.989769e+01 7.970892e+01 4.762514e+01 2.288203e-01 1.134384e+00 -8.176624e+01
<VARIANCE> 6
 3.179780e+01 1.280424e+04 7.447312e+04 2.998339e+02 4.032245e+04 5.181961e+07
<GCONST> 6.923355e+01
<MIXTURE> 6 9.119131e-02
<MEAN> 6
 7.455157e+01 4.420496e+02 2.269709e+02 1.139942e-02 -6.990545e+00 -9.824482e+01
<VARIANCE> 6
 3.179780e+01 9.180345e+04 4.195958e+05 2.998339e+02 4.032245e+04 5.181961e+07
<GCONST> 7.293228e+01
<MIXTURE> 7 1.500242e-01
<MEAN> 6
 6.481363e+01 4.556697e+02 -1.020768e+02 4.111532e-01 -1.942323e+00 -1.168686e+02
<VARIANCE> 6
 3.179780e+01 1.280424e+04 4.042343e+04 2.998339e+02 4.032245e+04 5.181961e+07
<GCONST> 6.862253e+01
<MIXTURE> 8 8.448163e-02
<MEAN> 6
 7.488597e+01 2.095945e+02 -4.526151e+02 -5.303324e-01 -7.150490e+00 -1.127953e+02
<VARIANCE> 6
 3.179780e+01 7.472426e+04 1.625253e+05 2.998339e+02 4.032245e+04 5.181961e+07
<GCONST> 7.177798e+01
<MIXTURE> 9 9.635374e-02
<MEAN> 6
 8.201595e+01 -7.308677e+02 6.911199e+01 -4.227988e-01 -3.926323e+00 -1.193716e+02
<VARIANCE> 6
 3.179780e+01 3.614128e+04 3.966209e+04 2.998339e+02 4.032245e+04 5.181961e+07
<GCONST> 6.964117e+01
<MIXTURE> 10 8.712216e-02
<MEAN> 6
 5.834980e+01 3.782903e+01 -7.012891e+01 -2.074528e-01 -7.582302e+00 -2.326241e+02
<VARIANCE> 6
 3.179780e+01 1.280424e+04 6.007259e+04 2.998339e+02 4.032245e+04 5.181961e+07
<GCONST> 6.901868e+01
<STATE> 4
<NUMMIXES> 10
<MIXTURE> 1 1.190643e-01
<MEAN> 6
 -4.542329e+01 1.413712e+02 1.341746e+02 -5.415282e+01 1.264756e+03 2.124063e+03
<VARIANCE> 6
 2.087391e+02 9.258446e+05 7.691408e+05 3.196607e+04 4.994839e+05 3.402421e+08
<GCONST> 8.679877e+01
<MIXTURE> 2 6.127425e-02
<MEAN> 6
 6.954996e+01 2.325607e+02 3.881097e+01 -6.991215e+00 -9.980667e+02 2.604437e+02
<VARIANCE> 6
 1.125137e+03 2.369410e+06 2.774006e+06 3.835962e+04 1.167246e+06 8.109612e+08
<GCONST> 9.260553e+01
<MIXTURE> 3 9.314769e-02
<MEAN> 6
 7.842768e+01 -1.455215e+02 2.842833e+02 -5.108349e+00 -6.532535e+01 -3.032953e+02
<VARIANCE> 6
 8.636430e+01 6.366474e+05 7.374283e+05 2.998339e+02 4.032245e+04 5.181961e+07
<GCONST> 7.643190e+01
<MIXTURE> 4 8.903805e-02
<MEAN> 6
 3.596598e+01 1.770665e+02 2.171608e+01 1.131903e+02 -2.066470e+02 -1.394567e+03
<VARIANCE> 6
 5.149304e+02 3.477232e+05 3.675285e+05 2.408988e+04 5.798309e+04 5.181961e+07
<GCONST> 8.166574e+01
<MIXTURE> 5 8.674356e-02
<MEAN> 6
 -1.598694e+01 1.617911e+02 1.101698e+02 5.225709e+01 4.172791e+02 -7.674022e+02
<VARIANCE> 6
 2.962992e+02 4.942656e+05 2.684329e+05 3.842951e+04 1.384691e+05 7.389158e+07
<GCONST> 8.284291e+01
<MIXTURE> 6 1.037163e-01
<MEAN> 6
 4.660845e+01 -3.985591e+02 3.670337e+01 -9.626686e+01 -5.082352e+02 3.726834e+03
<VARIANCE> 6
 8.749338e+02 3.251510e+06 2.012679e+05 3.693278e+04 2.373984e+05 1.097591e+08
<GCONST> 8.641658e+01
<MIXTURE> 7 1.173320e-01
<MEAN> 6
 -5.727470e+01 3.112577e+01 4.762644e+01 2.246167e+01 3.973661e+02 -2.244451e+02
<VARIANCE> 6
 1.049187e+02 3.505258e+05 7.083501e+05 1.877464e+03 1.292613e+05 5.181961e+07
<GCONST> 7.898888e+01
<MIXTURE> 8 1.575194e-01
<MEAN> 6
 7.097842e+01 -6.028503e+01 7.601079e+01 -1.247601e+00 -6.822443e+02 -9.297723e+02
<VARIANCE> 6
 1.831622e+02 5.344221e+05 5.177014e+05 1.784133e+04 1.371335e+05 5.181961e+07
<GCONST> 8.196500e+01
<MIXTURE> 9 8.532940e-02
<MEAN> 6
 2.166065e+01 -1.281060e+02 -2.786618e+02 -3.148262e+00 -1.504982e+02 -9.225513e+01
<VARIANCE> 6
 5.534254e+02 5.182881e+05 1.506732e+06 4.705738e+04 8.650206e+04 5.181961e+07
<GCONST> 8.461745e+01
<MIXTURE> 10 8.626882e-02
<MEAN> 6
 -1.937028e+01 -9.035851e+01 -8.523102e+01 8.107576e+00 3.057742e+02 -2.776078e+03
<VARIANCE> 6
 2.783869e+02 5.234286e+05 2.865240e+05 3.748252e+04 1.380177e+05 7.703763e+07
<GCONST> 8.291658e+01
<STATE> 5
<NUMMIXES> 10
<MIXTURE> 1 6.221420e-02
<MEAN> 6
 9.806242e+01 1.766892e+03 -1.009477e+03 -4.650127e+00 -9.335382e+00 4.235572e+02
<VARIANCE> 6
 2.410938e+02 2.597859e+05 1.316926e+05 2.998339e+02 4.032245e+04 5.181961e+07
<GCONST> 7.483946e+01
<MIXTURE> 2 9.498450e-02
<MEAN> 6
 7.357462e+01 1.044064e+03 1.613696e+02 -2.213468e+00 4.694847e+00 4.085205e+01
<VARIANCE> 6
 3.267942e+01 6.670656e+05 2.900946e+05 2.998339e+02 4.032245e+04 5.181961e+07
<GCONST> 7.457378e+01
<MIXTURE> 3 1.151524e-01
<MEAN> 6
 8.388319e+01 1.705732e+02 1.420156e+03 -2.604683e+00 -9.930935e+00 1.736624e+02
<VARIANCE> 6
 3.862000e+01 4.069167e+05 1.315410e+06 2.998339e+02 4.032245e+04 5.181961e+07
<GCONST> 7.575822e+01
<MIXTURE> 4 1.041849e-01
<MEAN> 6
 7.651026e+01 -1.215423e+03 1.553543e+03 -1.399707e+00 -1.597840e+00 -6.094255e+01
<VARIANCE> 6
 3.179780e+01 2.756630e+05 3.438853e+06 2.998339e+02 4.032245e+04 5.181961e+07
<GCONST> 7.613541e+01
<MIXTURE> 5 1.083391e-01
<MEAN> 6
 7.775316e+01 -1.672900e+02 3.598613e+01 -2.086783e+00 -2.821063e+00 2.620640e+01
<VARIANCE> 6
 3.179780e+01 3.233994e+05 4.315650e+04 2.998339e+02 4.032245e+04 5.181961e+07
<GCONST> 7.191707e+01
<MIXTURE> 6 1.141562e-01
<MEAN> 6
 8.973153e+01 1.650795e+02 1.559158e+00 -3.606865e+00 -5.770859e+00 7.833929e+01
<VARIANCE> 6
 7.665757e+01 2.909830e+05 5.903560e+04 2.998339e+02 4.032245e+04 5.181961e+07
<GCONST> 7.300470e+01
<MIXTURE> 7 5.838700e-02
<MEAN> 6
 6.607434e+01 -1.202868e+03 -5.733180e+01 -1.027847e+00 -4.280058e-01 4.797771e+01
<VARIANCE> 6
 3.179780e+01 2.609267e+05 2.603255e+04 2.998339e+02 4.032245e+04 5.181961e+07
<GCONST> 7.119693e+01
<MIXTURE> 8 1.075081e-01
<MEAN> 6
 9.139636e+01 3.150697e+02 -3.882469e+02 -3.999482e+00 -3.484942e-01 1.796933e+01
<VARIANCE> 6
 1.169380e+02 4.591580e+04 3.250490e+04 2.998339e+02 4.032245e+04 5.181961e+07
<GCONST> 7.098379e+01
<MIXTURE> 9 1.395015e-01
<MEAN> 6
 8.153755e+01 -3.504298e+02 1.091844e+02 -3.181700e+00 -6.649690e+00 1.140199e+02
<VARIANCE> 6
 3.179780e+01 2.740352e+05 1.891511e+06 2.998339e+02 4.032245e+04 5.181961e+07
<GCONST> 7.553172e+01
<MIXTURE> 10 9.548504e-02
<MEAN> 6
 7.290184e+01 8.091084e+02 1.337159e+01 -2.981152e+00 -7.995071e-01 -3.396399e+01
<VARIANCE> 6
 3.179780e+01 5.659094e+05 2.667854e+05 2.998339e+02 4.032245e+04 5.181961e+07
<GCONST> 7.429822e+01
<STATE> 6
<NUMMIXES> 10
<MIXTURE> 1 3.821790e-02
<MEAN> 6
 7.768227e+01 4.855170e+03 2.355717e+03 3.970291e-02 -1.454502e+01 -1.097550e+02
<VARIANCE> 6
 7.898653e+01 7.079678e+07 5.007021e+07 2.998339e+02 4.032245e+04 5.181961e+07
<GCONST> 8.527197e+01
<MIXTURE> 2 8.601490e-02
<MEAN> 6
 -4.854676e+01 7.848969e+02 1.962621e+03 3.851965e+01 8.233513e+02 1.148915e+03
<VARIANCE> 6
 2.915769e+02 1.282259e+06 6.366379e+06 2.457473e+04 3.150003e+05 7.995292e+07
<GCONST> 8.739999e+01
<MIXTURE> 3 5.728410e-02
<MEAN> 6
 3.426448e+01 3.080117e+03 1.787268e+03 -1.277782e+01 -3.203138e+02 8.257347e+02
<VARIANCE> 6
 2.615089e+03 4.026704e+07 2.142594e+07 5.719888e+04 1.292353e+06 3.498361e+08
<GCONST> 9.798672e+01
<MIXTURE> 4 1.295122e-01
<MEAN> 6
 5.972606e+01 1.197050e+03 -7.630537e+02 9.169437e+01 -2.627096e+02 -6.872947e+02
<VARIANCE> 6
 5.374982e+02 3.356810e+06 8.903232e+06 1.489314e+04 4.541052e+04 5.181961e+07
<GCONST> 8.643805e+01
<MIXTURE> 5 1.405555e-01
<MEAN> 6
 6.572408e-01 1.056409e+03 -6.444921e+02 -4.323435e+01 1.517693e+02 3.182778e+02
<VARIANCE> 6
 5.130824e+02 3.030928e+06 7.301478e+06 4.037009e+04 7.428645e+04 5.816018e+07
<GCONST> 8.769591e+01
<MIXTURE> 6 1.303891e-01
<MEAN> 6
 9.092141e+01 9.706410e+01 -2.542055e+03 -5.018646e+00 -3.809168e+01 2.086209e+01
<VARIANCE> 6
 2.225184e+02 1.071923e+06 1.197726e+07 2.998339e+02 4.032245e+04 5.181961e+07
<GCONST> 8.068692e+01
<MIXTURE> 7 1.597124e-01
<MEAN> 6
 7.749142e+01 -9.894606e+02 7.410751e+02 -3.622971e+01 -6.347147e+02 3.652639e+02
<VARIANCE> 6
 4.131396e+02 5.859414e+06 5.238948e+06 2.317584e+04 1.599992e+05 5.181961e+07
<GCONST> 8.790331e+01
<MIXTURE> 8 7.754034e-02
<MEAN> 6
 -2.801488e+01 -2.338310e+03 7.081555e+02 9.353351e+00 2.424627e+02 -6.888229e+02
<VARIANCE> 6
 6.653652e+02 7.422077e+06 6.562456e+05 1.676736e+04 8.489308e+04 5.181961e+07
<GCONST> 8.558147e+01
<MIXTURE> 9 9.394860e-02
<MEAN> 6
 8.388452e+01 -3.652321e+03 1.225321e+03 -4.546030e+00 -3.540850e+01 1.851406e+01
<VARIANCE> 6
 1.917963e+02 9.162275e+06 4.113874e+06 2.998339e+02 4.032245e+04 5.181961e+07
<GCONST> 8.161534e+01
<MIXTURE> 10 8.674020e-02
<MEAN> 6
 -5.506107e+01 3.204992e+02 9.741609e+02 -6.640373e+00 6.161962e+02 -1.144034e+03
<VARIANCE> 6
 2.381735e+02 1.062541e+06 7.086758e+06 1.489360e+04 3.163888e+05 8.053111e+07
<GCONST> 8.662775e+01
<STATE> 7
<NUMMIXES> 10
<MIXTURE> 1 1.158635e-01
<MEAN> 6
 6.940524e+01 -1.360842e+02 7.809711e+00 -7.033365e+00 -4.050899e+01 4.667694e+01
<VARIANCE> 6
 5.368578e+01 1.764691e+05 3.624662e+04 2.998339e+02 4.032245e+04 5.181961e+07
<GCONST> 7.166058e+01
<MIXTURE> 2 1.046236e-01
<MEAN> 6
 -1.372019e+01 3.391682e+01 7.402026e+01 -1.347838e+02 5.028412e+02 3.912703e+03
<VARIANCE> 6
 6.553650e+02 9.749797e+04 5.419993e+04 2.293987e+04 5.533485e+05 3.293114e+08
<GCONST> 8.277736e+01
<MIXTURE> 3 7.782970e-02
<MEAN> 6
 8.033997e+01 -3.571612e+02 -2.425178e+01 1.177091e+01 -8.236937e+02 -1.646094e+03
<VARIANCE> 6
 1.791931e+02 6.104416e+05 6.057015e+04 1.043106e+04 5.625641e+05 2.432994e+08
<GCONST> 8.235183e+01
<MIXTURE> 4 7.386685e-02
<MEAN> 6
 2.593016e+01 1.320963e+00 2.813623e+01 1.712144e+02 -9.640845e+01 -7.389352e+02
<VARIANCE> 6
 5.091076e+02 1.080164e+05 5.431903e+04 2.874353e+03 7.644519e+04 5.181961e+07
<GCONST> 7.672379e+01
<MIXTURE> 5 9.479395e-02
<MEAN> 6
 -4.163054e+01 1.015822e+00 -1.347038e+01 5.467120e+01 8.158176e+02 -2.716843e+03
<VARIANCE> 6
 1.423726e+02 6.175047e+04 2.491076e+04 1.232041e+04 2.527158e+05 7.602722e+07
<GCONST> 7.714526e+01
<MIXTURE> 6 1.443434e-01
<MEAN> 6
 5.254526e+01 9.405901e+01 4.623068e+01 -9.810989e+01 -5.623611e+02 1.639376e+03
<VARIANCE> 6
 2.976104e+02 1.051282e+05 2.111163e+04 1.651722e+04 1.601496e+05 6.213637e+07
<GCONST> 7.788443e+01
<MIXTURE> 7 1.442221e-01
<MEAN> 6
 -8.718220e+00 -2.065731e+01 2.574281e+01 -2.721475e+01 1.373744e+02 -2.298976e+02
<VARIANCE> 6
 3.409197e+02 7.431868e+04 7.024928e+04 2.415171e+04 6.087051e+04 5.181961e+07
<GCONST> 7.810672e+01
<MIXTURE> 8 8.563221e-02
<MEAN> 6
 6.096181e+01 -1.292595e+02 -5.175031e+01 4.659367e+01 -3.129937e+02 -4.713958e+02
<VARIANCE> 6
 6.616840e+01 9.062354e+04 7.826708e+04 5.788480e+03 6.182548e+04 5.181961e+07
<GCONST> 7.536079e+01
<MIXTURE> 9 8.510489e-02
<MEAN> 6
 -4.188513e+01 3.191335e+01 -1.343543e+02 9.161972e-01 5.220732e+02 6.791071e+02
<VARIANCE> 6
 1.397724e+02 1.006764e+05 1.100188e+05 5.249298e+03 1.621966e+05 5.181961e+07
<GCONST> 7.742104e+01
<MIXTURE> 10 7.346288e-02
<MEAN> 6
 1.995808e+01 -1.485051e+02 -6.266279e+01 1.568584e+02 -1.406877e+02 -2.454273e+03
<VARIANCE> 6
 5.361897e+02 1.265934e+05 5.496089e+04 2.873600e+03 7.279727e+04 5.181961e+07
<GCONST> 7.689690e+01
<TRANSP> 8
 0.000000e+00 1.000000e+00 0.000000e+00 0.000000e+00 0.000000e+00 0.000000e+00 0.000000e+00 0.000000e+00
 0.000000e+00 9.992669e-01 7.331399e-04 0.000000e+00 0.000000e+00 0.000000e+00 0.000000e+00 0.000000e+00
 0.000000e+00 0.000000e+00 9.996322e-01 3.678040e-04 0.000000e+00 0.000000e+00 0.000000e+00 0.000000e+00
 0.000000e+00 0.000000e+00 0.000000e+00 9.999217e-01 7.827725e-05 0.000000e+00 0.000000e+00 0.000000e+00
 0.000000e+00 0.000000e+00 0.000000e+00 0.000000e+00 9.994135e-01 5.864518e-04 0.000000e+00 0.000000e+00
 0.000000e+00 0.000000e+00 0.000000e+00 0.000000e+00 0.000000e+00 9.996751e-01 3.248818e-04 0.000000e+00
 0.000000e+00 0.000000e+00 0.000000e+00 0.000000e+00 0.000000e+00 0.000000e+00 9.998159e-01 1.841219e-04
 0.000000e+00 0.000000e+00 0.000000e+00 0.000000e+00 0.000000e+00 0.000000e+00 0.000000e+00 0.000000e+00
<ENDHMM>
~h "QuintoPRIMARIA"
<BEGINHMM>
<NUMSTATES> 8
<STATE> 2
<NUMMIXES> 10
<MIXTURE> 1 1.599590e-01
<MEAN> 6
 -4.757952e+01 -1.565228e+02 3.589886e+01 4.796271e+01 8.975348e+02 -1.154526e+03
<VARIANCE> 6
 3.170768e+02 5.001521e+05 1.213067e+06 2.932711e+04 3.050116e+05 1.468627e+08
<GCONST> 8.563712e+01
<MIXTURE> 2 9.922415e-02
<MEAN> 6
 3.033302e+01 1.328117e+02 3.079841e+02 9.921745e+01 -2.669162e+02 -1.824466e+03
<VARIANCE> 6
 6.792065e+02 1.821665e+06 1.635790e+06 3.890180e+04 1.529565e+05 5.181961e+07
<GCONST> 8.654106e+01
<MIXTURE> 3 8.461815e-02
<MEAN> 6
 8.178335e+01 6.727983e+02 3.590685e+02 -2.510046e+00 -3.778913e+01 -1.884996e+02
<VARIANCE> 6
 1.715062e+02 9.451788e+05 2.489650e+06 2.998339e+02 4.032245e+04 5.181961e+07
<GCONST> 7.872984e+01
<MIXTURE> 4 7.622068e-02
<MEAN> 6
 1.783380e+01 -4.089236e+02 -1.369708e+03 -1.386875e+02 6.513635e+01 5.979439e+03
<VARIANCE> 6
 3.536359e+03 9.119618e+06 8.311292e+06 4.689981e+04 3.414265e+06 1.338447e+09
<GCONST> 9.797120e+01
<MIXTURE> 5 8.002993e-02
<MEAN> 6
 7.791766e+01 9.813701e+01 1.433313e+02 1.063475e+01 -6.717914e+02 1.165910e+03
<VARIANCE> 6
 3.174512e+02 9.054551e+05 1.513150e+06 2.074815e+04 2.440221e+05 1.163025e+08
<GCONST> 8.565041e+01
<MIXTURE> 6 1.221633e-01
<MEAN> 6
 7.001916e+01 -6.066615e+02 -1.947025e+01 9.033936e-01 -2.396925e+01 -1.344300e+02
<VARIANCE> 6
 1.699701e+02 2.308766e+05 5.737053e+05 2.998339e+02 4.032245e+04 5.181961e+07
<GCONST> 7.584357e+01
<MIXTURE> 7 9.600892e-02
<MEAN> 6
 -6.609687e+01 2.071362e+02 -6.392231e+01 7.524137e+00 2.264731e+02 1.835002e+02
<VARIANCE> 6
 1.047268e+02 7.447179e+05 1.499240e+06 9.173178e+02 8.007609e+04 5.181961e+07
<GCONST> 7.929531e+01
<MIXTURE> 8 1.035722e-01
<MEAN> 6
 8.290743e+00 -2.458250e+02 9.920098e+01 -3.915771e+01 -9.761365e+01 -2.561351e+01
<VARIANCE> 6
 7.163939e+02 2.583261e+05 2.963134e+06 6.342604e+04 2.483703e+05 1.314885e+08
<GCONST> 8.713997e+01
<MIXTURE> 9 9.799577e-02
<MEAN> 6
 7.201195e+01 2.868167e+02 -2.448335e+02 2.403211e-01 -2.836076e+01 -1.185736e+02
<VARIANCE> 6
 2.597750e+02 1.988141e+05 6.209713e+06 2.998339e+02 4.032245e+04 5.181961e+07
<GCONST> 7.850000e+01
<MIXTURE> 10 7.949609e-02
<MEAN> 6
 7.095418e+01 -2.375574e+02 -3.058813e+02 -4.674299e+01 -8.870407e+02 -1.988133e+03
<VARIANCE> 6
 3.347125e+02 8.596490e+05 1.453066e+06 2.750026e+04 2.742664e+05 1.127199e+08
<GCONST> 8.597823e+01
<STATE> 3
<NUMMIXES> 10
<MIXTURE> 1 1.075118e-01
<MEAN> 6
 9.071428e+01 1.047213e+03 -3.135088e+02 -1.763706e+00 -1.615698e+00 2.277210e+02
<VARIANCE> 6
 6.400443e+02 9.456502e+06 1.169111e+05 2.998339e+02 4.032245e+04 5.181961e+07
<GCONST> 7.929135e+01
<MIXTURE> 2 5.048021e-02
<MEAN> 6
 9.875389e+01 9.565401e+01 -2.064966e+02 -4.680776e+00 -3.927520e+00 -1.923718e+02
<VARIANCE> 6
 3.179780e+01 1.280424e+04 4.317314e+04 2.998339e+02 4.032245e+04 5.181961e+07
<GCONST> 6.868834e+01
<MIXTURE> 3 6.769034e-02
<MEAN> 6
 8.072758e+01 3.432546e+02 2.324219e+02 -3.821579e-01 -6.483572e+00 -5.910545e+01
<VARIANCE> 6
 3.179780e+01 1.280424e+04 1.446404e+04 2.998339e+02 4.032245e+04 5.181961e+07
<GCONST> 6.759479e+01
<MIXTURE> 4 1.413877e-01
<MEAN> 6
 9.755407e+01 -4.995074e+02 -5.423068e+02 -1.056910e+00 -3.133885e+00 -7.590256e+01
<VARIANCE> 6
 3.290407e+01 1.280424e+04 1.446404e+04 2.998339e+02 4.032245e+04 5.181961e+07
<GCONST> 6.762898e+01
<MIXTURE> 5 8.743929e-02
<MEAN> 6
 8.487007e+01 -1.039419e+02 -3.411764e+01 -6.389861e-02 -2.210764e+00 1.223831e+01
<VARIANCE> 6
 3.179780e+01 1.280424e+04 1.446404e+04 2.998339e+02 4.032245e+04 5.181961e+07
<GCONST> 6.759479e+01
<MIXTURE> 6 1.178014e-01
<MEAN> 6
 8.439518e+01 -3.160200e+02 -1.013047e+03 -1.032579e+00 -3.063501e+00 3.039566e+01
<VARIANCE> 6
 3.179780e+01 2.865812e+04 1.232143e+05 2.998339e+02 4.032245e+04 5.181961e+07
<GCONST> 7.054270e+01
<MIXTURE> 7 1.569414e-01
<MEAN> 6
 8.361040e+01 -1.090527e+02 -2.797928e+02 -4.080479e-01 -7.338690e+00 7.888951e+01
<VARIANCE> 6
 3.179780e+01 1.280424e+04 3.026942e+04 2.998339e+02 4.032245e+04 5.181961e+07
<GCONST> 6.833325e+01
<MIXTURE> 8 9.198514e-02
<MEAN> 6
 7.578259e+01 1.755213e+02 3.916569e+01 -3.846982e-01 -1.192551e-01 -4.146240e+01
<VARIANCE> 6
 3.179780e+01 1.280424e+04 1.446404e+04 2.998339e+02 4.032245e+04 5.181961e+07
<GCONST> 6.759479e+01
<MIXTURE> 9 8.690361e-02
<MEAN> 6
 8.479954e+01 -1.085810e+02 -3.828824e+01 -5.743513e-02 -2.364081e+00 1.223369e+01
<VARIANCE> 6
 3.179780e+01 1.280424e+04 1.446404e+04 2.998339e+02 4.032245e+04 5.181961e+07
<GCONST> 6.759479e+01
<MIXTURE> 10 9.181412e-02
<MEAN> 6
 7.447162e+01 1.377586e+02 6.912109e+00 -9.575765e-01 -8.598846e+00 -1.595265e+02
<VARIANCE> 6
 3.179780e+01 1.280424e+04 1.446404e+04 2.998339e+02 4.032245e+04 5.181961e+07
<GCONST> 6.759479e+01
<STATE> 4
<NUMMIXES> 10
<MIXTURE> 1 6.376570e-02
<MEAN> 6
 5.192606e+01 2.118677e+03 2.340624e+03 2.199574e+00 -7.417936e+00 6.384639e+01
<VARIANCE> 6
 3.179780e+01 1.467421e+05 3.351013e+05 2.998339e+02 4.032245e+04 5.181961e+07
<GCONST> 7.317645e+01
<MIXTURE> 2 9.388399e-02
<MEAN> 6
 1.007409e+02 8.651803e+02 2.197824e+03 -2.042265e+00 4.573399e+00 1.186068e+02
<VARIANCE> 6
 3.179780e+01 3.805278e+05 2.781692e+05 2.998339e+02 4.032245e+04 5.181961e+07
<GCONST> 7.394313e+01
<MIXTURE> 3 1.404771e-01
<MEAN> 6
 1.032658e+02 7.146127e+02 2.089765e+02 -4.406247e+00 2.220717e+00 8.236537e+01
<VARIANCE> 6
 6.481277e+01 1.634947e+04 2.857624e+04 2.998339e+02 4.032245e+04 5.181961e+07
<GCONST> 6.923222e+01
<MIXTURE> 4 1.033007e-01
<MEAN> 6
 8.107465e+01 1.261872e+03 1.531183e+02 -3.479059e+00 -3.804665e-01 -1.287759e+01
<VARIANCE> 6
 3.179780e+01 3.122887e+04 1.446404e+04 2.998339e+02 4.032245e+04 5.181961e+07
<GCONST> 6.848635e+01
<MIXTURE> 5 7.545343e-02
<MEAN> 6
 9.801291e+01 6.832287e+01 3.346418e+03 -4.720456e+00 1.802794e+00 1.587347e+02
<VARIANCE> 6
 3.179780e+01 3.089640e+04 1.446404e+04 2.998339e+02 4.032245e+04 5.181961e+07
<GCONST> 6.847565e+01
<MIXTURE> 6 7.750171e-02
<MEAN> 6
 7.349358e+01 8.428693e+02 8.008292e+02 -1.430074e+00 -4.863133e+00 2.042802e+02
<VARIANCE> 6
 3.179780e+01 2.926843e+04 2.971762e+05 2.998339e+02 4.032245e+04 5.181961e+07
<GCONST> 7.144418e+01
<MIXTURE> 7 1.580144e-01
<MEAN> 6
 7.089314e+01 1.409358e+03 1.182857e+03 -2.224733e+00 7.751386e-01 2.501981e+02
<VARIANCE> 6
 1.246010e+02 2.020921e+05 5.974144e+05 2.998339e+02 4.032245e+04 5.181961e+07
<GCONST> 7.544040e+01
<MIXTURE> 8 8.578679e-02
<MEAN> 6
 8.946596e+01 4.014420e+02 2.362096e+03 -1.147703e+00 1.669647e+01 8.970036e+01
<VARIANCE> 6
 3.179780e+01 1.280424e+04 3.400751e+05 2.998339e+02 4.032245e+04 5.181961e+07
<GCONST> 7.075229e+01
<MIXTURE> 9 1.080005e-01
<MEAN> 6
 7.136849e+01 1.030308e+03 -2.791805e+02 -4.023435e-01 -3.318500e+00 -7.791117e+01
<VARIANCE> 6
 3.179780e+01 2.256014e+04 1.537900e+04 2.998339e+02 4.032245e+04 5.181961e+07
<GCONST> 6.822253e+01
<MIXTURE> 10 9.379117e-02
<MEAN> 6
 1.007922e+02 6.491963e+02 1.985630e+03 -2.241978e+00 -1.577556e+01 -9.264380e+01
<VARIANCE> 6
 3.179780e+01 3.776881e+05 3.517959e+05 2.998339e+02 4.032245e+04 5.181961e+07
<GCONST> 7.417046e+01
<STATE> 5
<NUMMIXES> 10
<MIXTURE> 1 9.299412e-02
<MEAN> 6
 7.795835e+01 1.232457e+03 -1.404421e+03 -3.232105e+00 -3.822852e-01 -2.227762e+01
<VARIANCE> 6
 3.179780e+01 1.280424e+04 1.122964e+05 2.998339e+02 4.032245e+04 5.181961e+07
<GCONST> 6.964426e+01
<MIXTURE> 2 8.347145e-02
<MEAN> 6
 9.827701e+01 6.504728e+02 -1.947365e+03 -2.137488e+00 1.050690e+00 7.754041e+01
<VARIANCE> 6
 4.498232e+01 2.580934e+04 3.919225e+05 2.998339e+02 4.032245e+04 5.181961e+07
<GCONST> 7.194202e+01
<MIXTURE> 3 1.085545e-01
<MEAN> 6
 9.356637e+01 4.890665e+02 -1.151857e+02 -3.332140e+00 4.043283e-01 2.183756e+01
<VARIANCE> 6
 3.179780e+01 1.667744e+04 5.143239e+04 2.998339e+02 4.032245e+04 5.181961e+07
<GCONST> 6.912767e+01
<MIXTURE> 4 1.092402e-01
<MEAN> 6
 7.864090e+01 6.892665e+02 -8.524402e+02 -3.100202e-01 -3.883565e+00 -8.024754e+01
<VARIANCE> 6
 3.179780e+01 1.280424e+04 1.446404e+04 2.998339e+02 4.032245e+04 5.181961e+07
<GCONST> 6.759479e+01
<MIXTURE> 5 6.599076e-02
<MEAN> 6
 6.955496e+01 4.116421e+02 -8.441854e+02 -1.935089e+00 -3.167945e+00 -2.489352e+01
<VARIANCE> 6
 3.179780e+01 1.280424e+04 3.091365e+05 2.998339e+02 4.032245e+04 5.181961e+07
<GCONST> 7.065690e+01
<MIXTURE> 6 1.324789e-01
<MEAN> 6
 8.301959e+01 3.154692e+02 -7.107944e+02 -2.824688e+00 -6.351186e+00 -5.195584e+01
<VARIANCE> 6
 3.179780e+01 1.280424e+04 4.669159e+04 2.998339e+02 4.032245e+04 5.181961e+07
<GCONST> 6.876668e+01
<MIXTURE> 7 9.978371e-02
<MEAN> 6
 7.290120e+01 4.793367e+02 -2.494183e+02 -1.299168e+00 -3.401927e+00 -3.577761e+01
<VARIANCE> 6
 3.179780e+01 1.280424e+04 1.446404e+04 2.998339e+02 4.032245e+04 5.181961e+07
<GCONST> 6.759479e+01
<MIXTURE> 8 1.262005e-01
<MEAN> 6
 5.960486e+01 3.146141e+02 -2.289743e+02 2.701722e-01 2.908810e-01 -2.503144e+02
<VARIANCE> 6
 4.444384e+01 1.280424e+04 1.446404e+04 2.998339e+02 4.032245e+04 5.181961e+07
<GCONST> 6.792961e+01
<MIXTURE> 9 9.731759e-02
<MEAN> 6
 7.159932e+01 4.728744e+02 -2.494847e+02 -1.136016e+00 -3.382543e+00 -5.005272e+01
<VARIANCE> 6
 3.179780e+01 1.280424e+04 1.446404e+04 2.998339e+02 4.032245e+04 5.181961e+07
<GCONST> 6.759479e+01
<MIXTURE> 10 8.394878e-02
<MEAN> 6
 9.632502e+01 6.439695e+02 -2.157010e+03 -3.531380e+00 -5.382652e-01 -1.601685e+01
<VARIANCE> 6
 4.427293e+01 2.676944e+04 4.338585e+05 2.998339e+02 4.032245e+04 5.181961e+07
<GCONST> 7.206430e+01
<STATE> 6
<NUMMIXES> 10
<MIXTURE> 1 9.262943e-02
<MEAN> 6
 7.449923e+01 -4.033599e+02 2.551989e+03 -4.223681e+00 2.487701e+00 8.450940e+01
<VARIANCE> 6
 1.470934e+02 1.173948e+05 8.611174e+05 2.998339e+02 4.032245e+04 5.181961e+07
<GCONST> 7.542879e+01
<MIXTURE> 2 1.182873e-01
<MEAN> 6
 6.896455e+01 2.414937e+00 7.132982e+02 -1.565485e-01 -2.031462e+00 -9.485367e+01
<VARIANCE> 6
 7.705201e+01 4.409432e+04 3.007046e+04 2.998339e+02 4.032245e+04 5.181961e+07
<GCONST> 7.044830e+01
<MIXTURE> 3 1.138169e-01
<MEAN> 6
 5.787007e+01 2.286335e+01 3.306634e+02 -3.134094e-01 -6.358511e-01 -1.022421e+02
<VARIANCE> 6
 3.179780e+01 1.280424e+04 1.853643e+04 2.998339e+02 4.032245e+04 5.181961e+07
<GCONST> 6.784285e+01
<MIXTURE> 4 1.190817e-01
<MEAN> 6
 6.344475e+01 3.518365e+01 -4.959774e+02 -3.369896e-01 -6.176307e+00 -1.514443e+02
<VARIANCE> 6
 3.179780e+01 1.531607e+04 2.385105e+04 2.998339e+02 4.032245e+04 5.181961e+07
<GCONST> 6.827407e+01
<MIXTURE> 5 1.263588e-01
<MEAN> 6
 6.259203e+01 -1.689936e+02 -2.938949e+02 -8.259720e-02 -4.676354e+00 -1.270243e+02
<VARIANCE> 6
 3.179780e+01 1.280424e+04 3.779696e+04 2.998339e+02 4.032245e+04 5.181961e+07
<GCONST> 6.855534e+01
<MIXTURE> 6 8.715893e-02
<MEAN> 6
 5.996240e+01 1.454575e+00 5.267622e+01 -2.262846e-02 -8.846203e+00 -1.989771e+02
<VARIANCE> 6
 3.179780e+01 1.345317e+04 1.751913e+04 2.998339e+02 4.032245e+04 5.181961e+07
<GCONST> 6.783585e+01
<MIXTURE> 7 6.445936e-02
<MEAN> 6
 6.326818e+01 -1.587440e+02 -3.928498e+02 -3.597426e-02 1.618767e+00 -5.773669e+01
<VARIANCE> 6
 3.179780e+01 1.280424e+04 5.123373e+04 2.998339e+02 4.032245e+04 5.181961e+07
<GCONST> 6.885951e+01
<MIXTURE> 8 9.211596e-02
<MEAN> 6
 5.840015e+01 1.399939e+01 2.311827e+02 -2.240261e-01 -3.963070e+00 -1.375353e+02
<VARIANCE> 6
 3.179780e+01 1.280424e+04 3.587978e+04 2.998339e+02 4.032245e+04 5.181961e+07
<GCONST> 6.850330e+01
<MIXTURE> 9 1.210063e-01
<MEAN> 6
 5.799947e+01 -5.445456e+01 -2.470694e+01 -1.377894e-01 -8.322598e+00 -1.657117e+02
<VARIANCE> 6
 3.179780e+01 1.280424e+04 1.446404e+04 2.998339e+02 4.032245e+04 5.181961e+07
<GCONST> 6.759479e+01
<MIXTURE> 10 6.501018e-02
<MEAN> 6
 6.219241e+01 -1.939094e+02 -4.857714e+02 -8.217096e-01 -1.431459e+01 -2.477991e+02
<VARIANCE> 6
 3.179780e+01 1.280424e+04 5.022587e+04 2.998339e+02 4.032245e+04 5.181961e+07
<GCONST> 6.883965e+01
<STATE> 7
<NUMMIXES> 10
<MIXTURE> 1 9.932321e-02
<MEAN> 6
 8.356670e+01 4.973045e+01 -8.931742e+00 -8.318422e+00 -2.288283e+01 -1.666376e+02
<VARIANCE> 6
 1.460947e+02 3.316021e+05 1.038363e+05 2.998339e+02 4.032245e+04 5.181961e+07
<GCONST> 7.434496e+01
<MIXTURE> 2 1.510243e-02
<MEAN> 6
 -8.943789e+00 1.525104e+02 1.328851e+02 -2.763061e+01 1.799389e+02 5.381135e+03
<VARIANCE> 6
 1.175808e+04 1.997549e+05 4.543417e+05 1.995956e+06 1.094123e+09 1.609538e+12
<GCONST> 1.090578e+02
<MIXTURE> 3 6.920808e-02
<MEAN> 6
 3.674158e+01 -1.776542e+02 3.109737e+02 1.256583e+01 -2.148906e+02 -2.233309e+02
<VARIANCE> 6
 2.821229e+03 1.048480e+06 1.420942e+06 3.575347e+04 3.468594e+05 6.682349e+07
<GCONST> 8.826051e+01
<MIXTURE> 4 1.759577e-01
<MEAN> 6
 -3.554644e+01 -3.687966e+01 1.253940e+02 1.678633e+01 9.344824e+02 -9.358347e+02
<VARIANCE> 6
 4.872589e+02 1.569832e+05 1.653565e+05 4.049558e+04 3.850975e+05 1.779023e+08
<GCONST> 8.366276e+01
<MIXTURE> 5 7.194001e-02
<MEAN> 6
 2.694043e+01 -8.751178e+00 -1.728092e+00 -5.103859e+01 -2.755269e+02 2.711319e+03
<VARIANCE> 6
 4.543346e+03 4.905666e+05 2.735753e+05 5.525546e+04 3.160637e+06 1.703473e+09
<GCONST> 9.221327e+01
<MIXTURE> 6 1.667307e-01
<MEAN> 6
 6.384410e+01 1.267538e+01 -2.945969e+01 4.141393e+01 -5.068205e+02 -1.016245e+03
<VARIANCE> 6
 5.258226e+02 1.545553e+05 6.796841e+04 2.288112e+04 1.842011e+05 5.181961e+07
<GCONST> 8.029247e+01
<MIXTURE> 7 1.140154e-01
<MEAN> 6
 -5.098697e+01 -1.093090e+01 4.877570e+01 2.847035e+01 3.486687e+02 1.310763e+02
<VARIANCE> 6
 2.843186e+02 7.338460e+04 9.542641e+04 2.388905e+03 1.058253e+05 5.181961e+07
<GCONST> 7.645836e+01
<MIXTURE> 8 9.037560e-02
<MEAN> 6
 4.392139e+01 5.020659e+01 3.574125e+01 -1.307268e+01 -3.715243e+02 2.347417e+03
<VARIANCE> 6
 1.101535e+03 4.437339e+04 1.102612e+05 4.311914e+04 4.303532e+05 1.506603e+08
<GCONST> 8.281735e+01
<MIXTURE> 9 1.064753e-01
<MEAN> 6
 7.735543e+01 -1.010118e+02 -1.275646e+01 -5.087773e+00 -2.684190e+01 -2.164759e+02
<VARIANCE> 6
 1.114976e+02 1.289795e+05 1.558416e+05 2.998339e+02 4.032245e+04 5.181961e+07
<GCONST> 7.353644e+01
<MIXTURE> 10 9.017734e-02
<MEAN> 6
 3.482736e+01 -2.860565e+01 -8.059455e+01 -7.544473e+01 -5.340993e+02 -1.021050e+03
<VARIANCE> 6
 1.101943e+03 4.417296e+04 1.102307e+05 4.421756e+04 4.601867e+05 1.466376e+08
<GCONST> 8.287804e+01
<TRANSP> 8
 0.000000e+00 1.000000e+00 0.000000e+00 0.000000e+00 0.000000e+00 0.000000e+00 0.000000e+00 0.000000e+00
 0.000000e+00 9.999119e-01 8.810395e-05 0.000000e+00 0.000000e+00 0.000000e+00 0.000000e+00 0.000000e+00
 0.000000e+00 0.000000e+00 9.989188e-01 1.081205e-03 0.000000e+00 0.000000e+00 0.000000e+00 0.000000e+00
 0.000000e+00 0.000000e+00 0.000000e+00 9.982973e-01 1.702725e-03 0.000000e+00 0.000000e+00 0.000000e+00
 0.000000e+00 0.000000e+00 0.000000e+00 0.000000e+00 9.984098e-01 1.590237e-03 0.000000e+00 0.000000e+00
 0.000000e+00 0.000000e+00 0.000000e+00 0.000000e+00 0.000000e+00 9.993147e-01 6.852774e-04 0.000000e+00
 0.000000e+00 0.000000e+00 0.000000e+00 0.000000e+00 0.000000e+00 0.000000e+00 9.999222e-01 7.781548e-05
 0.000000e+00 0.000000e+00 0.000000e+00 0.000000e+00 0.000000e+00 0.000000e+00 0.000000e+00 0.000000e+00
<ENDHMM>
