~o
<STREAMINFO> 1 6
<VECSIZE> 6<NULLD><USER><DIAGC>
~h "SegundoPRIMARIA"
<BEGINHMM>
<NUMSTATES> 3
<STATE> 2
<NUMMIXES> 8
<MIXTURE> 1 4.110694e-03
<MEAN> 6
 1.261317e+01 -2.907969e+02 7.482737e+00 1.558396e+01 -5.132039e+02 2.133791e+03
<VARIANCE> 6
 8.916302e+03 8.285318e+05 1.004475e+06 1.265722e+06 6.766143e+08 9.776771e+11
<GCONST> 1.095625e+02
<MIXTURE> 2 1.368128e-01
<MEAN> 6
 8.765820e+01 2.262172e+02 6.104778e+01 1.355218e+00 1.706792e+01 1.236849e+03
<VARIANCE> 6
 2.979745e+02 8.378344e+05 2.228486e+05 2.986748e+02 3.908852e+04 4.982587e+07
<GCONST> 7.667408e+01
<MIXTURE> 3 1.013881e-01
<MEAN> 6
 2.942794e+01 -1.000673e+02 -5.328077e+01 -5.602842e+01 1.871720e+01 3.677396e+03
<VARIANCE> 6
 4.561228e+03 5.713936e+06 1.737422e+06 6.186629e+04 3.499905e+06 1.578865e+09
<GCONST> 9.665989e+01
<MIXTURE> 4 2.421171e-01
<MEAN> 6
 -3.766298e+01 7.758224e+00 2.329382e+00 2.349620e+01 7.418250e+02 -1.012127e+03
<VARIANCE> 6
 6.108743e+02 1.848900e+05 1.478046e+05 3.273145e+04 4.238057e+05 1.453454e+08
<GCONST> 8.362106e+01
<MIXTURE> 5 1.525217e-01
<MEAN> 6
 6.088437e+01 6.291254e+01 7.576526e+01 5.201133e+01 -4.020346e+02 -1.123469e+03
<VARIANCE> 6
 9.868918e+02 1.961163e+05 2.427366e+05 4.097039e+04 2.728287e+05 7.584825e+07
<GCONST> 8.378947e+01
<MIXTURE> 6 8.418077e-02
<MEAN> 6
 1.894291e+01 -2.596738e+01 7.504095e+00 -1.362301e+00 3.756298e+01 4.386820e+01
<VARIANCE> 6
 5.343309e+03 2.948114e+05 2.398703e+06 2.986748e+02 3.908852e+04 4.982587e+07
<GCONST> 8.089238e+01
<MIXTURE> 7 1.401859e-01
<MEAN> 6
 6.828710e+01 -6.945142e+01 1.231798e+01 -5.029066e+01 -8.155297e+02 5.435245e+02
<VARIANCE> 6
 1.089687e+03 1.672676e+05 1.108787e+05 5.169281e+04 7.719189e+05 3.202121e+08
<GCONST> 8.565865e+01
<MIXTURE> 8 1.368128e-01
<MEAN> 6
 8.075343e+01 -1.399160e+02 -1.277796e+02 -5.557666e+00 -6.201534e+01 -1.586649e+03
<VARIANCE> 6
 2.979745e+02 8.378344e+05 2.228486e+05 2.986748e+02 3.908852e+04 4.982587e+07
<GCONST> 7.667408e+01
<TRANSP> 3
 0.000000e+00 1.000000e+00 0.000000e+00
 0.000000e+00 9.999631e-01 3.690844e-05
 0.000000e+00 0.000000e+00 0.000000e+00
<ENDHMM>
~h "SegundoESO"
<BEGINHMM>
<NUMSTATES> 3
<STATE> 2
<NUMMIXES> 8
<MIXTURE> 1 1.027026e-01
<MEAN> 6
 7.457858e+01 1.594564e+02 6.486074e+01 1.487886e+00 1.403270e+01 1.315781e+03
<VARIANCE> 6
 1.112213e+02 5.990742e+05 2.077792e+05 2.986748e+02 3.908852e+04 4.982587e+07
<GCONST> 7.528314e+01
<MIXTURE> 2 1.100252e-01
<MEAN> 6
 2.198171e+01 2.811594e+02 3.256822e+02 -2.690871e+01 -1.196726e+02 9.608562e+02
<VARIANCE> 6
 3.159624e+03 1.142289e+07 5.266584e+06 4.260645e+04 1.309689e+06 3.965505e+08
<GCONST> 9.535686e+01
<MIXTURE> 3 1.259255e-01
<MEAN> 6
 -3.433199e+01 9.925497e+01 3.459423e+01 -3.020069e+01 7.985452e+02 2.979649e+02
<VARIANCE> 6
 4.709547e+02 6.909027e+05 2.079264e+05 3.286414e+04 4.397875e+05 1.934521e+08
<GCONST> 8.534744e+01
<MIXTURE> 4 1.376521e-01
<MEAN> 6
 4.702432e+01 1.258776e+02 1.532962e+02 6.838189e+01 -3.233812e+02 -9.560582e+02
<VARIANCE> 6
 6.408571e+02 8.157065e+05 5.939111e+05 2.540790e+04 9.819197e+04 4.982587e+07
<GCONST> 8.375790e+01
<MIXTURE> 5 1.230591e-01
<MEAN> 6
 7.869167e+01 -4.757738e+02 -6.008281e+02 -2.707917e+00 -2.284625e+01 -4.049672e+01
<VARIANCE> 6
 1.840161e+02 3.921509e+06 9.172021e+06 2.986748e+02 3.908852e+04 4.982587e+07
<GCONST> 8.145293e+01
<MIXTURE> 6 1.602709e-01
<MEAN> 6
 -3.171145e+01 3.098123e+01 5.615904e+01 3.560944e+01 3.017286e+02 -5.811431e+02
<VARIANCE> 6
 6.210439e+02 2.925738e+05 5.752162e+05 1.427172e+04 1.038783e+05 4.982587e+07
<GCONST> 8.214869e+01
<MIXTURE> 7 1.355731e-01
<MEAN> 6
 5.623796e+01 -6.136490e+01 6.493066e+01 -5.422887e+01 -6.102199e+02 7.775652e+02
<VARIANCE> 6
 6.460934e+02 7.074758e+05 1.653893e+05 2.732010e+04 2.478469e+05 8.221544e+07
<GCONST> 8.384452e+01
<MIXTURE> 8 1.027026e-01
<MEAN> 6
 7.036012e+01 -1.501431e+02 -1.174705e+02 -5.424998e+00 -6.505057e+01 -1.507716e+03
<VARIANCE> 6
 1.112213e+02 5.990742e+05 2.077792e+05 2.986748e+02 3.908852e+04 4.982587e+07
<GCONST> 7.528314e+01
<TRANSP> 3
 0.000000e+00 1.000000e+00 0.000000e+00
 0.000000e+00 9.999636e-01 3.639077e-05
 0.000000e+00 0.000000e+00 0.000000e+00
<ENDHMM>
~h "QuintoPRIMARIA"
<BEGINHMM>
<NUMSTATES> 3
<STATE> 2
<NUMMIXES> 8
<MIXTURE> 1 1.491980e-01
<MEAN> 6
 8.201881e+01 3.540235e+02 2.288940e+02 -2.171391e+00 -1.770007e+01 -4.077136e+01
<VARIANCE> 6
 2.283141e+02 1.548798e+06 2.655576e+06 2.986748e+02 3.908852e+04 4.982587e+07
<GCONST> 7.950014e+01
<MIXTURE> 2 8.569996e-03
<MEAN> 6
 2.999405e+00 3.421198e+01 9.778947e+01 -1.714986e+01 -1.915809e+02 2.499291e+03
<VARIANCE> 6
 1.111649e+04 6.701677e+05 4.987038e+05 1.581866e+06 8.595517e+08 1.262723e+12
<GCONST> 1.095888e+02
<MIXTURE> 3 1.093040e-01
<MEAN> 6
 -3.709641e+01 3.376060e+01 1.535406e+02 6.791805e+01 6.811648e+02 9.884097e+02
<VARIANCE> 6
 5.970904e+02 2.448432e+05 2.972050e+05 2.249215e+04 2.807447e+05 7.083111e+07
<GCONST> 8.307182e+01
<MIXTURE> 4 1.635756e-01
<MEAN> 6
 1.210135e+01 -1.205566e+02 -2.270771e+02 -4.308979e+01 6.193845e+01 1.634123e+03
<VARIANCE> 6
 3.632359e+03 1.767130e+06 3.586427e+06 5.140635e+04 2.016544e+06 7.323326e+08
<GCONST> 9.447859e+01
<MIXTURE> 5 1.268131e-01
<MEAN> 6
 6.078560e+01 3.712131e+01 2.820671e+01 2.724661e+01 -4.570809e+02 -3.279049e+02
<VARIANCE> 6
 6.387317e+02 2.355399e+05 2.675111e+05 2.859998e+04 1.915787e+05 5.687987e+07
<GCONST> 8.263397e+01
<MIXTURE> 6 2.080995e-01
<MEAN> 6
 7.601025e+01 -5.990482e+01 -3.706352e+01 -3.163336e+00 -1.561239e+01 -2.199730e+02
<VARIANCE> 6
 1.782092e+02 1.705748e+05 1.254942e+05 2.986748e+02 3.908852e+04 4.982587e+07
<GCONST> 7.399415e+01
<MIXTURE> 7 1.234688e-01
<MEAN> 6
 5.071017e+01 -9.117752e+01 -2.636247e+01 -2.638095e+01 -5.642262e+02 -3.405213e+02
<VARIANCE> 6
 9.851130e+02 3.245471e+05 1.579522e+05 4.457964e+04 4.029487e+05 1.291024e+08
<GCONST> 8.486797e+01
<MIXTURE> 8 1.093040e-01
<MEAN> 6
 -4.687057e+01 -1.641659e+02 -6.452540e+01 7.928513e+00 4.692234e+02 -2.378039e+03
<VARIANCE> 6
 5.970904e+02 2.448432e+05 2.972050e+05 2.249215e+04 2.807447e+05 7.083111e+07
<GCONST> 8.307182e+01
<TRANSP> 3
 0.000000e+00 1.000000e+00 0.000000e+00
 0.000000e+00 9.999643e-01 3.566330e-05
 0.000000e+00 0.000000e+00 0.000000e+00
<ENDHMM>
