~o
<STREAMINFO> 1 6
<VECSIZE> 6<NULLD><USER><DIAGC>
~h "SegundoPRIMARIA"
<BEGINHMM>
<NUMSTATES> 7
<STATE> 2
<MEAN> 6
 3.153903e+01 1.480247e+00 1.848190e+01 2.116737e-01 1.059268e+00 -7.036156e+00
<VARIANCE> 6
 2.914170e+03 3.706932e+05 1.010882e+06 1.712360e+04 3.750773e+05 9.236354e+07
<GCONST> 8.657841e+01
<STATE> 3
<MEAN> 6
 9.291946e+01 1.131324e+02 9.010837e+01 -1.011572e+00 -3.663581e+00 -3.613324e+01
<VARIANCE> 6
 5.751214e+01 3.318697e+05 1.834350e+05 2.966935e+02 3.907247e+04 4.999102e+07
<GCONST> 7.390459e+01
<STATE> 4
<MEAN> 6
 7.036933e+01 -4.511268e+00 -1.564527e+02 -1.404759e-01 -3.271207e+00 -1.288667e+02
<VARIANCE> 6
 4.855200e+01 1.766253e+05 1.433899e+05 2.966935e+02 3.907247e+04 4.999102e+07
<GCONST> 7.285823e+01
<STATE> 5
<MEAN> 6
 7.563063e+01 -2.455523e+02 8.291266e+01 -9.822127e-01 -3.235799e+00 -1.030533e+02
<VARIANCE> 6
 1.107472e+02 7.155884e+06 2.329246e+06 2.966935e+02 3.907247e+04 4.999102e+07
<GCONST> 8.017224e+01
<STATE> 6
<MEAN> 6
 3.203915e+01 7.810207e+00 -2.121203e+00 6.052022e-01 2.910023e-01 2.022463e+01
<VARIANCE> 6
 4.439419e+03 9.052204e+05 3.585050e+05 4.791149e+04 5.533941e+06 6.577037e+09
<GCONST> 9.484155e+01
<TRANSP> 7
 0.000000e+00 1.000000e+00 0.000000e+00 0.000000e+00 0.000000e+00 0.000000e+00 0.000000e+00
 0.000000e+00 9.998255e-01 1.744987e-04 0.000000e+00 0.000000e+00 0.000000e+00 0.000000e+00
 0.000000e+00 0.000000e+00 9.990313e-01 9.687184e-04 0.000000e+00 0.000000e+00 0.000000e+00
 0.000000e+00 0.000000e+00 0.000000e+00 9.993690e-01 6.310655e-04 0.000000e+00 0.000000e+00
 0.000000e+00 0.000000e+00 0.000000e+00 0.000000e+00 9.990379e-01 9.621143e-04 0.000000e+00
 0.000000e+00 0.000000e+00 0.000000e+00 0.000000e+00 0.000000e+00 9.999430e-01 5.699322e-05
 0.000000e+00 0.000000e+00 0.000000e+00 0.000000e+00 0.000000e+00 0.000000e+00 0.000000e+00
<ENDHMM>
~h "SegundoESO"
<BEGINHMM>
<NUMSTATES> 7
<STATE> 2
<MEAN> 6
 3.683335e+01 -3.541992e+00 1.728110e+02 3.552435e+00 -2.539635e-03 -2.812588e+01
<VARIANCE> 6
 3.127604e+03 2.362288e+07 1.427631e+07 1.530458e+04 2.371250e+05 4.999102e+07
<GCONST> 9.226672e+01
<STATE> 3
<MEAN> 6
 8.377064e+01 -6.392493e+02 -3.206668e+01 -1.655682e+00 -3.853847e+00 -1.853002e+01
<VARIANCE> 6
 6.878350e+01 1.663233e+06 7.453195e+06 2.966935e+02 3.907247e+04 4.999102e+07
<GCONST> 7.939988e+01
<STATE> 4
<MEAN> 6
 6.489059e+01 4.522799e+02 -1.638300e+03 -1.870836e-02 -2.999477e+00 -1.121992e+02
<VARIANCE> 6
 7.368790e+01 2.695996e+06 2.131890e+06 2.966935e+02 3.907247e+04 4.999102e+07
<GCONST> 7.870013e+01
<STATE> 5
<MEAN> 6
 6.777386e+01 2.419741e+02 -9.966286e+01 -1.566899e-01 -5.159056e+00 -1.179270e+02
<VARIANCE> 6
 5.068260e+01 3.430900e+05 2.435770e+05 2.966935e+02 3.907247e+04 4.999102e+07
<GCONST> 7.409501e+01
<STATE> 6
<MEAN> 6
 2.308320e+01 -3.372602e+01 7.387131e+01 1.765696e-01 8.565182e-01 2.508646e+01
<VARIANCE> 6
 2.785201e+03 1.272282e+06 7.867078e+05 2.434770e+04 5.345049e+05 1.143480e+08
<GCONST> 8.843532e+01
<TRANSP> 7
 0.000000e+00 1.000000e+00 0.000000e+00 0.000000e+00 0.000000e+00 0.000000e+00 0.000000e+00
 0.000000e+00 9.992679e-01 7.321390e-04 0.000000e+00 0.000000e+00 0.000000e+00 0.000000e+00
 0.000000e+00 0.000000e+00 9.984964e-01 1.503658e-03 0.000000e+00 0.000000e+00 0.000000e+00
 0.000000e+00 0.000000e+00 0.000000e+00 9.988957e-01 1.104291e-03 0.000000e+00 0.000000e+00
 0.000000e+00 0.000000e+00 0.000000e+00 0.000000e+00 9.996724e-01 3.276076e-04 0.000000e+00
 0.000000e+00 0.000000e+00 0.000000e+00 0.000000e+00 0.000000e+00 9.999530e-01 4.695629e-05
 0.000000e+00 0.000000e+00 0.000000e+00 0.000000e+00 0.000000e+00 0.000000e+00 0.000000e+00
<ENDHMM>
~h "QuintoPRIMARIA"
<BEGINHMM>
<NUMSTATES> 7
<STATE> 2
<MEAN> 6
 2.703160e+01 -5.215601e+01 -4.286469e+01 5.767677e-01 5.763226e-01 -1.113218e+01
<VARIANCE> 6
 2.820612e+03 1.372159e+06 1.855178e+06 1.825906e+04 4.167166e+05 1.049470e+08
<GCONST> 8.875890e+01
<STATE> 3
<MEAN> 6
 5.874253e+01 1.051072e+03 -1.050877e+03 4.008781e-01 -4.416159e+00 8.895262e+01
<VARIANCE> 6
 3.371944e+01 6.506000e+04 1.598413e+05 2.966935e+02 3.907247e+04 4.999102e+07
<GCONST> 7.160357e+01
<STATE> 4
<MEAN> 6
 8.806474e+01 1.877499e+03 1.413442e+02 -2.053308e+00 -3.769749e+00 5.429257e+01
<VARIANCE> 6
 3.886741e+02 2.785888e+06 1.027218e+06 2.966935e+02 3.907247e+04 4.999102e+07
<GCONST> 7.966567e+01
<STATE> 5
<MEAN> 6
 7.313786e+01 -1.447579e+01 -2.955414e+00 -8.718794e-01 -4.454207e+00 -5.896325e+01
<VARIANCE> 6
 1.706725e+02 2.646018e+05 3.296611e+06 2.966935e+02 3.907247e+04 4.999102e+07
<GCONST> 7.765462e+01
<STATE> 6
<MEAN> 6
 2.641656e+01 -3.166155e+01 3.874082e+01 4.483527e-01 1.018771e+00 2.944096e+01
<VARIANCE> 6
 3.855518e+03 6.660686e+05 1.534674e+06 6.410468e+04 1.773536e+07 2.503746e+10
<GCONST> 9.864048e+01
<TRANSP> 7
 0.000000e+00 1.000000e+00 0.000000e+00 0.000000e+00 0.000000e+00 0.000000e+00 0.000000e+00
 0.000000e+00 9.999147e-01 8.528308e-05 0.000000e+00 0.000000e+00 0.000000e+00 0.000000e+00
 0.000000e+00 0.000000e+00 9.696701e-01 3.032992e-02 0.000000e+00 0.000000e+00 0.000000e+00
 0.000000e+00 0.000000e+00 0.000000e+00 9.981428e-01 1.857159e-03 0.000000e+00 0.000000e+00
 0.000000e+00 0.000000e+00 0.000000e+00 0.000000e+00 9.997091e-01 2.909377e-04 0.000000e+00
 0.000000e+00 0.000000e+00 0.000000e+00 0.000000e+00 0.000000e+00 9.999179e-01 8.213844e-05
 0.000000e+00 0.000000e+00 0.000000e+00 0.000000e+00 0.000000e+00 0.000000e+00 0.000000e+00
<ENDHMM>
