~o
<STREAMINFO> 1 6
<VECSIZE> 6<NULLD><USER><DIAGC>
~h "SegundoPRIMARIA"
<BEGINHMM>
<NUMSTATES> 4
<STATE> 2
<NUMMIXES> 5
<MIXTURE> 1 1.650321e-01
<MEAN> 6
 9.060435e+01 7.755404e+00 1.949855e+02 -3.490290e+00 -2.554490e+01 -1.062617e+02
<VARIANCE> 6
 4.377656e+02 3.075403e+06 1.040785e+06 2.941669e+02 3.973678e+04 5.104936e+07
<GCONST> 7.992587e+01
<MIXTURE> 2 1.058015e-01
<MEAN> 6
 2.917472e+01 -2.441727e+02 4.287113e+01 -7.427129e+01 -9.348929e+01 3.214252e+03
<VARIANCE> 6
 4.585225e+03 8.413071e+06 1.395340e+06 6.546847e+04 3.530284e+06 1.636141e+09
<GCONST> 9.693362e+01
<MIXTURE> 3 2.281443e-01
<MEAN> 6
 5.451931e+00 2.525073e+01 7.401003e+01 3.419625e+01 7.216747e+01 2.314454e+02
<VARIANCE> 6
 3.712615e+03 3.166583e+05 5.257804e+05 3.360271e+04 6.098413e+05 9.113084e+07
<GCONST> 8.715610e+01
<MIXTURE> 4 2.694232e-01
<MEAN> 6
 7.493873e+01 9.639974e+01 -1.322515e+02 -2.149634e-01 -1.853110e+01 -1.352259e+02
<VARIANCE> 6
 1.570558e+02 2.384847e+05 4.113488e+05 2.941669e+02 3.973678e+04 5.104936e+07
<GCONST> 7.541560e+01
<MIXTURE> 5 2.305311e-01
<MEAN> 6
 7.509383e+00 -1.151948e+02 -1.100303e+02 1.256274e+00 7.940436e+00 -1.489976e+03
<VARIANCE> 6
 3.818126e+03 2.747352e+05 6.266260e+05 3.710311e+04 7.751255e+05 1.096983e+08
<GCONST> 8.774193e+01
<STATE> 3
<NUMMIXES> 5
<MIXTURE> 1 2.108343e-02
<MEAN> 6
 4.531251e+01 2.440606e+02 1.087143e+02 3.188139e+01 -9.809825e+02 5.611376e+03
<VARIANCE> 6
 7.869999e+03 2.191894e+06 1.338163e+06 5.950811e+05 3.162143e+08 4.554340e+11
<GCONST> 1.084181e+02
<MIXTURE> 2 3.321083e-01
<MEAN> 6
 -1.556241e+01 9.241859e+01 2.548538e+01 7.680373e+01 3.717081e+02 -9.972155e+02
<VARIANCE> 6
 1.613552e+03 1.542741e+05 3.416005e+04 2.412297e+04 2.435367e+05 5.142315e+07
<GCONST> 8.104829e+01
<MIXTURE> 3 1.541668e-01
<MEAN> 6
 3.087749e+01 9.017587e+01 6.815274e+01 -4.387099e+01 -5.254337e+01 1.583692e+03
<VARIANCE> 6
 3.647513e+03 1.772764e+05 1.462836e+05 6.370886e+04 2.436932e+06 8.654107e+08
<GCONST> 8.955488e+01
<MIXTURE> 4 3.362596e-01
<MEAN> 6
 8.717673e+01 -5.771515e+01 -5.136995e+00 -1.100757e+01 -3.566443e+02 -4.524079e+02
<VARIANCE> 6
 5.060666e+02 3.794173e+05 6.824602e+04 1.478268e+04 2.349498e+05 5.104936e+07
<GCONST> 8.094784e+01
<MIXTURE> 5 1.557839e-01
<MEAN> 6
 1.584279e+01 -3.659844e+01 -6.506559e+01 -9.252040e+01 1.678510e+02 8.036550e+02
<VARIANCE> 6
 3.612981e+03 1.438409e+05 1.261190e+05 5.460466e+04 2.552731e+06 7.145231e+08
<GCONST> 8.888866e+01
<TRANSP> 4
 0.000000e+00 1.000000e+00 0.000000e+00 0.000000e+00
 0.000000e+00 9.999332e-01 6.679622e-05 0.000000e+00
 0.000000e+00 0.000000e+00 9.999152e-01 8.476858e-05
 0.000000e+00 0.000000e+00 0.000000e+00 0.000000e+00
<ENDHMM>
~h "SegundoESO"
<BEGINHMM>
<NUMSTATES> 4
<STATE> 2
<NUMMIXES> 5
<MIXTURE> 1 1.987210e-01
<MEAN> 6
 7.493288e+01 9.963633e+01 -2.059329e+02 -1.933218e+00 -2.884654e+01 -7.426807e+01
<VARIANCE> 6
 1.206969e+02 1.756511e+06 2.185056e+06 2.941669e+02 3.973678e+04 5.104936e+07
<GCONST> 7.881902e+01
<MIXTURE> 2 2.243120e-01
<MEAN> 6
 -7.225199e+00 2.422937e+02 7.086130e+02 3.980451e+00 1.037737e+02 1.415734e+02
<VARIANCE> 6
 2.435024e+03 7.665851e+05 4.591349e+06 3.304992e+04 4.498354e+05 5.808666e+07
<GCONST> 8.901422e+01
<MIXTURE> 3 1.863803e-01
<MEAN> 6
 4.824578e+01 -1.317330e+02 6.113068e+01 2.056646e+01 -3.795968e+02 -3.388470e+02
<VARIANCE> 6
 1.451717e+03 1.745540e+07 1.066603e+06 2.794429e+04 2.272490e+05 5.104936e+07
<GCONST> 8.918299e+01
<MIXTURE> 4 2.223707e-01
<MEAN> 6
 -1.063250e+01 -7.970090e+01 1.845358e+02 -1.821889e+01 2.530099e+02 2.563598e+02
<VARIANCE> 6
 2.713220e+03 1.819402e+06 7.438216e+05 3.708671e+04 1.193571e+06 2.802035e+08
<GCONST> 9.083123e+01
<MIXTURE> 5 1.674912e-01
<MEAN> 6
 7.392167e+01 -2.719711e+02 -1.122368e+03 -1.821082e+00 -2.184782e+01 -9.470987e+01
<VARIANCE> 6
 1.046531e+02 2.610959e+06 9.802092e+06 2.941669e+02 3.973678e+04 5.104936e+07
<GCONST> 8.057373e+01
<STATE> 3
<NUMMIXES> 5
<MIXTURE> 1 2.790853e-01
<MEAN> 6
 7.146097e+01 1.154439e+01 -8.869490e+01 -2.499142e+00 -2.440751e+01 -7.492373e+01
<VARIANCE> 6
 1.255191e+02 4.134481e+05 1.731899e+05 2.941669e+02 3.973678e+04 5.104936e+07
<GCONST> 7.487664e+01
<MIXTURE> 2 1.058549e-01
<MEAN> 6
 1.389598e+01 5.879500e+01 2.153665e+02 -7.347448e+01 5.692146e+01 3.093123e+03
<VARIANCE> 6
 2.696674e+03 1.018147e+06 8.854846e+05 3.188414e+04 1.467019e+06 4.485261e+08
<GCONST> 9.094451e+01
<MIXTURE> 3 1.587963e-01
<MEAN> 6
 5.014906e+01 8.618111e+01 6.882844e+01 4.156310e+01 -3.330549e+02 -1.640092e+02
<VARIANCE> 6
 5.690063e+02 5.438629e+05 1.592699e+05 2.193903e+04 1.171322e+05 5.104936e+07
<GCONST> 8.197134e+01
<MIXTURE> 4 2.986779e-01
<MEAN> 6
 -2.757109e+01 3.188064e+01 1.529224e+01 2.064828e+01 4.320676e+02 -7.845205e+02
<VARIANCE> 6
 5.077055e+02 2.529902e+05 1.189022e+05 1.993924e+04 2.120348e+05 6.426586e+07
<GCONST> 8.152782e+01
<MIXTURE> 5 1.570002e-01
<MEAN> 6
 5.187521e+01 -1.560432e+02 -2.124708e+01 -2.423555e+01 -4.756582e+02 -2.822729e+02
<VARIANCE> 6
 6.045461e+02 6.647478e+05 1.289403e+05 2.575456e+04 1.860359e+05 5.104936e+07
<GCONST> 8.264438e+01
<TRANSP> 4
 0.000000e+00 1.000000e+00 0.000000e+00 0.000000e+00
 0.000000e+00 9.999008e-01 9.917401e-05 0.000000e+00
 0.000000e+00 0.000000e+00 9.999412e-01 5.876168e-05
 0.000000e+00 0.000000e+00 0.000000e+00 0.000000e+00
<ENDHMM>
~h "QuintoPRIMARIA"
<BEGINHMM>
<NUMSTATES> 4
<STATE> 2
<NUMMIXES> 5
<MIXTURE> 1 1.396086e-01
<MEAN> 6
 7.767320e+01 2.500912e+02 1.048806e+02 -2.037074e+00 -3.276908e+01 -2.300534e+02
<VARIANCE> 6
 2.475015e+02 6.991596e+05 1.418417e+06 2.941669e+02 3.973678e+04 5.104936e+07
<GCONST> 7.818385e+01
<MIXTURE> 2 2.443503e-01
<MEAN> 6
 1.260486e+01 -4.375309e+01 -1.488565e+02 -3.253215e+01 7.443865e+01 1.121742e+03
<VARIANCE> 6
 3.324987e+03 3.156940e+06 4.489124e+06 4.674363e+04 1.749496e+06 6.201051e+08
<GCONST> 9.479144e+01
<MIXTURE> 3 2.405789e-01
<MEAN> 6
 -3.311638e+01 -4.364371e+01 5.804604e+01 5.631358e+01 4.726236e+02 -8.102452e+02
<VARIANCE> 6
 1.080912e+03 1.584501e+05 5.011872e+05 1.932394e+04 2.730487e+05 5.269943e+07
<GCONST> 8.327737e+01
<MIXTURE> 4 2.382480e-01
<MEAN> 6
 5.290595e+01 -8.023993e+00 1.310129e-01 -1.948549e+01 -5.110176e+02 -1.483824e+02
<VARIANCE> 6
 1.033886e+03 1.655942e+05 1.439895e+05 3.537299e+04 3.220987e+05 1.147118e+08
<GCONST> 8.357739e+01
<MIXTURE> 5 1.354549e-01
<MEAN> 6
 6.991013e+01 -1.147072e+02 -3.818726e+02 -9.128001e-01 -2.863307e+01 -1.688291e+02
<VARIANCE> 6
 1.689456e+02 4.049759e+05 4.077712e+06 2.941669e+02 3.973678e+04 5.104936e+07
<GCONST> 7.831195e+01
<STATE> 3
<NUMMIXES> 5
<MIXTURE> 1 2.442654e-01
<MEAN> 6
 8.911874e+01 6.275091e+01 1.656020e+03 -3.349705e+00 7.129772e-01 1.094552e+02
<VARIANCE> 6
 2.105823e+02 4.862246e+06 2.254079e+06 2.941669e+02 3.973678e+04 5.104936e+07
<GCONST> 8.042489e+01
<MIXTURE> 2 5.464951e-02
<MEAN> 6
 -6.267802e+00 1.972598e+02 1.581738e+02 -4.426896e+01 5.298070e+01 5.210422e+03
<VARIANCE> 6
 1.123199e+04 1.267978e+05 4.242749e+05 1.901886e+06 1.045728e+09 1.544205e+12
<GCONST> 1.083541e+02
<MIXTURE> 3 1.020735e-01
<MEAN> 6
 1.637920e+01 1.060299e+02 1.073169e+02 3.397269e+01 -1.768559e+02 -2.158853e+03
<VARIANCE> 6
 8.169987e+03 1.537236e+05 3.024929e+05 2.575501e+04 1.914709e+06 1.804787e+09
<GCONST> 9.053337e+01
<MIXTURE> 4 2.891939e-01
<MEAN> 6
 8.574589e+01 1.149271e+02 1.457149e+01 -4.028566e+00 6.623281e+00 -1.116819e+01
<VARIANCE> 6
 2.069508e+02 2.582067e+05 1.114782e+05 2.941669e+02 3.973678e+04 5.104936e+07
<GCONST> 7.446533e+01
<MIXTURE> 5 3.097890e-01
<MEAN> 6
 7.817848e+01 -1.460914e+02 -1.145477e+02 -2.560592e+00 5.448756e+00 -7.190972e+00
<VARIANCE> 6
 1.578640e+02 1.217224e+05 1.382327e+05 2.941669e+02 3.973678e+04 5.104936e+07
<GCONST> 7.365768e+01
<TRANSP> 4
 0.000000e+00 1.000000e+00 0.000000e+00 0.000000e+00
 0.000000e+00 9.999586e-01 4.144934e-05 0.000000e+00
 0.000000e+00 0.000000e+00 9.997266e-01 2.733812e-04
 0.000000e+00 0.000000e+00 0.000000e+00 0.000000e+00
<ENDHMM>
