~o
<STREAMINFO> 1 6
<VECSIZE> 6<NULLD><USER><DIAGC>
~h "SegundoPRIMARIA"
<BEGINHMM>
<NUMSTATES> 3
<STATE> 2
<NUMMIXES> 5
<MIXTURE> 1 3.611046e-02
<MEAN> 6
 4.152645e+01 -2.569129e+02 1.450833e+02 -6.142835e+01 -3.342677e+02 5.783075e+03
<VARIANCE> 6
 5.401457e+03 1.488998e+06 1.538845e+06 1.233575e+05 3.230508e+07 3.632100e+10
<GCONST> 1.014111e+02
<MIXTURE> 2 2.848458e-01
<MEAN> 6
 8.487766e+01 6.860786e+01 -5.499199e+01 -1.974842e+00 -9.357113e+00 -6.758979e+01
<VARIANCE> 6
 3.056595e+02 8.415544e+05 4.773556e+05 2.455197e+02 9.839272e+03 6.018968e+06
<GCONST> 7.377670e+01
<MIXTURE> 3 1.817061e-01
<MEAN> 6
 2.005812e+01 1.392623e+02 1.418387e+02 6.638988e+01 9.145129e+01 1.646813e+02
<VARIANCE> 6
 3.579305e+03 1.872942e+05 2.789160e+05 2.787085e+04 4.332853e+05 5.784239e+07
<GCONST> 8.497701e+01
<MIXTURE> 4 3.109199e-01
<MEAN> 6
 2.491464e+01 -1.066202e+02 -1.741240e+01 -3.652728e+01 -6.189423e-01 3.912998e+02
<VARIANCE> 6
 3.915987e+03 3.167071e+05 1.775262e+05 4.921263e+04 1.533066e+06 3.563278e+08
<GCONST> 8.879073e+01
<MIXTURE> 5 1.858229e-01
<MEAN> 6
 1.015576e+01 -1.290294e+01 -5.390739e+01 1.287463e+01 -8.973984e+00 -1.843930e+03
<VARIANCE> 6
 3.742094e+03 1.666694e+05 2.926641e+05 2.875845e+04 4.420507e+05 5.640615e+07
<GCONST> 8.497916e+01
<TRANSP> 3
 0.000000e+00 1.000000e+00 0.000000e+00
 0.000000e+00 9.999627e-01 3.731061e-05
 0.000000e+00 0.000000e+00 0.000000e+00
<ENDHMM>
~h "SegundoESO"
<BEGINHMM>
<NUMSTATES> 3
<STATE> 2
<NUMMIXES> 5
<MIXTURE> 1 1.471648e-01
<MEAN> 6
 7.472872e+01 6.436824e+01 -3.841537e+00 -1.309287e+00 -5.311680e-01 1.076080e+02
<VARIANCE> 6
 1.338440e+02 1.499508e+06 3.745315e+06 2.455197e+02 9.839272e+03 6.018968e+06
<GCONST> 7.558854e+01
<MIXTURE> 2 1.941128e-01
<MEAN> 6
 1.423341e+01 9.781247e+01 2.328138e+02 -3.738660e+01 8.959087e+01 1.372819e+03
<VARIANCE> 6
 3.074560e+03 8.193518e+06 5.180268e+06 3.599709e+04 1.151375e+06 3.139949e+08
<GCONST> 9.444995e+01
<MIXTURE> 3 2.775962e-01
<MEAN> 6
 -1.529419e+01 6.188108e+01 5.868259e+01 4.266887e+01 3.139835e+02 -9.333734e+02
<VARIANCE> 6
 1.567285e+03 2.793531e+05 3.117942e+05 1.889096e+04 2.718768e+05 4.721115e+07
<GCONST> 8.360438e+01
<MIXTURE> 4 2.330150e-01
<MEAN> 6
 4.861985e+01 -9.628088e+01 5.526327e+01 -1.628136e+01 -4.365448e+02 4.020850e+01
<VARIANCE> 6
 1.045720e+03 7.279084e+05 2.157167e+05 2.722602e+04 2.217451e+05 6.704406e+07
<GCONST> 8.430145e+01
<MIXTURE> 5 1.461752e-01
<MEAN> 6
 7.140931e+01 -1.587064e+02 -5.055063e+02 -2.099288e+00 -1.823719e+01 -2.239998e+02
<VARIANCE> 6
 1.184120e+02 1.518575e+06 4.495375e+06 2.455197e+02 9.839272e+03 6.018968e+06
<GCONST> 7.566122e+01
<TRANSP> 3
 0.000000e+00 1.000000e+00 0.000000e+00
 0.000000e+00 9.999631e-01 3.690337e-05
 0.000000e+00 0.000000e+00 0.000000e+00
<ENDHMM>
~h "QuintoPRIMARIA"
<BEGINHMM>
<NUMSTATES> 3
<STATE> 2
<NUMMIXES> 5
<MIXTURE> 1 1.569833e-01
<MEAN> 6
 7.747800e+01 2.613502e+02 3.246837e+02 -1.440100e+00 7.963963e-01 1.368080e+02
<VARIANCE> 6
 2.309820e+02 6.817039e+05 1.657840e+06 2.455197e+02 9.839272e+03 6.018968e+06
<GCONST> 7.453092e+01
<MIXTURE> 2 1.370401e-01
<MEAN> 6
 1.587427e+01 -5.921241e+00 -3.618643e+02 -4.642791e+01 7.881161e+01 1.932191e+03
<VARIANCE> 6
 3.634082e+03 4.371691e+06 5.182900e+06 5.084532e+04 3.734144e+06 2.312587e+09
<GCONST> 9.750812e+01
<MIXTURE> 3 2.704508e-01
<MEAN> 6
 -1.054445e+01 -4.176911e+01 1.042504e+02 4.274408e+01 2.786981e+02 -6.827042e+02
<VARIANCE> 6
 2.484293e+03 1.624440e+05 5.289579e+05 2.283067e+04 4.079520e+05 5.465488e+07
<GCONST> 8.479308e+01
<MIXTURE> 4 2.744047e-01
<MEAN> 6
 3.570549e+01 -8.454947e+01 -2.706470e+01 -1.584780e+01 -3.026117e+02 -2.102953e+02
<VARIANCE> 6
 2.374337e+03 5.572091e+05 2.520762e+05 3.473503e+04 5.282025e+05 1.265908e+08
<GCONST> 8.675713e+01
<MIXTURE> 5 1.592755e-01
<MEAN> 6
 7.199189e+01 -3.560878e+01 -1.378158e+02 -2.095099e+00 -2.050275e+01 -2.630940e+02
<VARIANCE> 6
 1.933839e+02 4.852334e+05 1.234804e+06 2.455197e+02 9.839272e+03 6.018968e+06
<GCONST> 7.371868e+01
<TRANSP> 3
 0.000000e+00 1.000000e+00 0.000000e+00
 0.000000e+00 9.999638e-01 3.620385e-05
 0.000000e+00 0.000000e+00 0.000000e+00
<ENDHMM>
