~o
<STREAMINFO> 1 6
<VECSIZE> 6<NULLD><USER><DIAGC>
~h "SegundoPRIMARIA"
<BEGINHMM>
<NUMSTATES> 5
<STATE> 2
<NUMMIXES> 5
<MIXTURE> 1 1.610824e-01
<MEAN> 6
 8.834595e+01 1.252038e+02 3.318846e+02 -1.783510e+00 -2.747400e+01 -2.427158e+02
<VARIANCE> 6
 4.079528e+02 5.405439e+05 1.892090e+06 2.937141e+02 3.786116e+04 4.883858e+07
<GCONST> 7.862025e+01
<MIXTURE> 2 2.536360e-01
<MEAN> 6
 2.823692e+01 -5.455782e+01 -3.528296e+01 -5.782876e+01 -7.185299e+01 1.224744e+03
<VARIANCE> 6
 3.964218e+03 4.804748e+05 1.577492e+06 5.525132e+04 2.103638e+06 6.417358e+08
<GCONST> 9.242471e+01
<MIXTURE> 3 2.077558e-01
<MEAN> 6
 -1.955902e+01 3.555116e+01 3.055282e+01 6.927218e+01 3.297178e+02 -7.850394e+02
<VARIANCE> 6
 2.105115e+03 1.426049e+05 3.810065e+05 1.884919e+04 2.319653e+05 4.883858e+07
<GCONST> 8.330039e+01
<MIXTURE> 4 2.118417e-01
<MEAN> 6
 3.199460e+01 -8.348222e+01 9.888512e+00 4.279700e+00 -1.891376e+02 -3.693599e+02
<VARIANCE> 6
 3.467496e+03 1.268547e+05 9.065988e+05 2.895008e+04 3.523456e+05 4.883858e+07
<GCONST> 8.539643e+01
<MIXTURE> 5 1.652559e-01
<MEAN> 6
 8.065784e+01 4.137432e+01 -2.465733e+02 -1.751637e+00 -3.332337e+01 -2.040732e+02
<VARIANCE> 6
 2.205903e+02 4.439416e+05 1.691700e+06 2.937141e+02 3.786116e+04 4.883858e+07
<GCONST> 7.769659e+01
<STATE> 3
<NUMMIXES> 5
<MIXTURE> 1 1.427939e-01
<MEAN> 6
 8.291830e+01 2.569081e+02 8.459039e-01 -1.403254e+00 -3.035981e+00 -3.603426e+01
<VARIANCE> 6
 1.558578e+02 6.288891e+05 1.655805e+05 2.937141e+02 3.786116e+04 4.883858e+07
<GCONST> 7.537345e+01
<MIXTURE> 2 1.809662e-01
<MEAN> 6
 8.065876e+01 -1.133129e+03 1.975302e+02 -2.497540e+00 -1.577891e+00 -8.520817e+01
<VARIANCE> 6
 2.354090e+02 1.401538e+07 5.223402e+05 2.937141e+02 3.786116e+04 4.883858e+07
<GCONST> 8.003865e+01
<MIXTURE> 3 3.039408e-01
<MEAN> 6
 7.324122e+01 7.600579e+01 -4.191417e+01 2.441939e-01 -6.591234e-01 -1.015221e+02
<VARIANCE> 6
 1.294330e+02 8.235920e+04 3.785381e+04 2.937141e+02 3.786116e+04 4.883858e+07
<GCONST> 7.167908e+01
<MIXTURE> 4 2.276878e-01
<MEAN> 6
 6.531669e+01 -3.543618e+02 -2.568689e+02 -3.813298e-01 -3.951709e-02 -9.023515e+01
<VARIANCE> 6
 9.200880e+01 2.073847e+05 1.120221e+05 2.937141e+02 3.786116e+04 4.883858e+07
<GCONST> 7.334625e+01
<MIXTURE> 5 1.445435e-01
<MEAN> 6
 8.053037e+01 -1.720615e+02 -1.588990e+02 -1.580985e+00 -3.916284e+00 -6.419676e+01
<VARIANCE> 6
 1.981293e+02 5.442650e+05 1.978906e+05 2.937141e+02 3.786116e+04 4.883858e+07
<GCONST> 7.564716e+01
<STATE> 4
<NUMMIXES> 5
<MIXTURE> 1 3.567065e-02
<MEAN> 6
 4.405411e+01 5.867537e+02 -2.440485e+02 -2.974321e+01 -5.784656e+02 3.564962e+03
<VARIANCE> 6
 6.123363e+03 1.807871e+07 1.428230e+06 2.412909e+05 1.074772e+08 1.609431e+11
<GCONST> 1.073202e+02
<MIXTURE> 2 3.186278e-01
<MEAN> 6
 -4.529504e+00 7.732915e+01 3.751307e+00 6.169494e+01 3.294460e+02 -6.773527e+02
<VARIANCE> 6
 3.649872e+03 6.661288e+05 1.257398e+05 1.616615e+04 1.997845e+05 4.883858e+07
<GCONST> 8.398062e+01
<MIXTURE> 3 1.605902e-01
<MEAN> 6
 2.143643e+01 8.727443e+01 8.023240e+01 -4.031799e+01 1.016105e+02 1.470171e+03
<VARIANCE> 6
 3.615261e+03 2.027287e+05 1.204408e+05 6.292144e+04 2.215648e+06 7.538219e+08
<GCONST> 8.924008e+01
<MIXTURE> 4 3.239830e-01
<MEAN> 6
 7.495179e+01 6.119840e-01 8.524125e+00 5.120728e+00 -3.675795e+02 -5.313849e+02
<VARIANCE> 6
 9.889117e+02 1.789493e+05 5.700819e+04 2.524612e+04 2.280252e+05 4.883858e+07
<GCONST> 8.114735e+01
<MIXTURE> 5 1.606490e-01
<MEAN> 6
 1.877305e+01 -7.184527e+01 -2.533133e+01 -8.062342e+01 1.151682e+02 2.500226e+02
<VARIANCE> 6
 3.740909e+03 2.511291e+05 1.075344e+05 5.531585e+04 2.475159e+06 6.582310e+08
<GCONST> 8.922134e+01
<TRANSP> 5
 0.000000e+00 1.000000e+00 0.000000e+00 0.000000e+00 0.000000e+00
 0.000000e+00 9.998912e-01 1.088184e-04 0.000000e+00 0.000000e+00
 0.000000e+00 0.000000e+00 9.996619e-01 3.380927e-04 0.000000e+00
 0.000000e+00 0.000000e+00 0.000000e+00 9.999325e-01 6.745224e-05
 0.000000e+00 0.000000e+00 0.000000e+00 0.000000e+00 0.000000e+00
<ENDHMM>
~h "SegundoESO"
<BEGINHMM>
<NUMSTATES> 5
<STATE> 2
<NUMMIXES> 5
<MIXTURE> 1 1.768597e-01
<MEAN> 6
 1.025454e+01 3.059194e+02 9.751835e+02 -3.389019e+01 8.176878e+01 7.841697e+02
<VARIANCE> 6
 3.159454e+03 5.016724e+06 9.227709e+06 4.409794e+04 1.221064e+06 2.479831e+08
<GCONST> 9.458970e+01
<MIXTURE> 2 2.474045e-01
<MEAN> 6
 7.809080e+01 -4.637557e+02 6.520069e+01 -2.200219e+00 -2.888377e+01 -1.158618e+02
<VARIANCE> 6
 9.869407e+01 4.281780e+06 3.725838e+06 2.937141e+02 3.786116e+04 4.883858e+07
<GCONST> 7.994829e+01
<MIXTURE> 3 1.597474e-01
<MEAN> 6
 8.123730e+01 -5.705963e+02 -1.340047e+03 -1.624606e+00 -2.342496e+01 -5.100104e+01
<VARIANCE> 6
 2.287307e+02 3.825145e+06 3.052892e+07 2.937141e+02 3.786116e+04 4.883858e+07
<GCONST> 8.277942e+01
<MIXTURE> 4 2.128644e-01
<MEAN> 6
 6.141136e+00 5.435069e+02 8.559208e+01 5.121612e+01 2.551166e+01 -4.126405e+02
<VARIANCE> 6
 2.965883e+03 2.389890e+06 4.797566e+06 1.911591e+04 2.513862e+05 4.883858e+07
<GCONST> 8.908963e+01
<MIXTURE> 5 2.026187e-01
<MEAN> 6
 1.138123e+01 1.844807e+01 -1.401190e+02 -1.684279e+01 -4.699053e+01 -1.364130e+02
<VARIANCE> 6
 3.001439e+03 2.258151e+06 3.429634e+06 2.229090e+04 2.569038e+05 4.883858e+07
<GCONST> 8.888456e+01
<STATE> 3
<NUMMIXES> 5
<MIXTURE> 1 1.966955e-01
<MEAN> 6
 7.538807e+01 -5.109655e+02 1.164774e+02 -6.302602e-01 -5.053388e+00 -1.016452e+02
<VARIANCE> 6
 7.481126e+01 5.287445e+05 3.385359e+04 2.937141e+02 3.786116e+04 4.883858e+07
<GCONST> 7.287862e+01
<MIXTURE> 2 1.691517e-01
<MEAN> 6
 6.537162e+01 2.447162e+02 -3.047302e+01 -4.374422e-02 -4.294827e+00 -1.173160e+02
<VARIANCE> 6
 4.247718e+01 1.491871e+05 8.268941e+04 2.937141e+02 3.786116e+04 4.883858e+07
<GCONST> 7.194035e+01
<MIXTURE> 3 2.762346e-01
<MEAN> 6
 6.565728e+01 2.395481e+02 -6.677844e+02 -4.979728e-01 -2.842519e+00 -8.787437e+01
<VARIANCE> 6
 4.696394e+01 2.319211e+05 7.787466e+05 2.937141e+02 3.786116e+04 4.883858e+07
<GCONST> 7.472456e+01
<MIXTURE> 4 1.853713e-01
<MEAN> 6
 6.281963e+01 -1.531235e+02 -2.526040e+02 3.624956e-02 -2.900121e+00 -1.078477e+02
<VARIANCE> 6
 4.587799e+01 2.092031e+06 7.189802e+04 2.937141e+02 3.786116e+04 4.883858e+07
<GCONST> 7.451822e+01
<MIXTURE> 5 1.723614e-01
<MEAN> 6
 6.202891e+01 2.854302e+01 -1.060516e+02 -2.044285e-02 -2.568756e+00 -1.229295e+02
<VARIANCE> 6
 3.817502e+01 1.239182e+05 7.751609e+04 2.937141e+02 3.786116e+04 4.883858e+07
<GCONST> 7.158338e+01
<STATE> 4
<NUMMIXES> 5
<MIXTURE> 1 1.746681e-01
<MEAN> 6
 1.420128e+00 9.930684e+01 1.479629e+02 -7.296139e+01 1.917130e+02 2.159798e+03
<VARIANCE> 6
 2.468843e+03 1.402668e+06 1.092651e+06 4.393912e+04 1.487146e+06 4.410762e+08
<GCONST> 9.170442e+01
<MIXTURE> 2 1.995256e-01
<MEAN> 6
 7.507089e+01 8.022418e+01 3.741204e+01 1.228078e+01 -2.006315e+02 -2.333527e+00
<VARIANCE> 6
 2.349745e+02 8.009019e+05 6.540352e+05 4.955126e+03 9.451447e+04 4.883858e+07
<GCONST> 8.113987e+01
<MIXTURE> 3 2.444614e-01
<MEAN> 6
 -3.593951e+01 4.490350e+01 5.705956e+01 4.695199e+01 5.344709e+02 -1.173231e+03
<VARIANCE> 6
 5.116107e+02 2.939060e+05 2.346005e+05 1.623301e+04 2.061098e+05 5.121062e+07
<GCONST> 8.190391e+01
<MIXTURE> 4 2.044096e-01
<MEAN> 6
 2.078746e+01 4.771889e+00 -3.158030e+00 6.720587e+00 -1.033992e+02 2.455933e+01
<VARIANCE> 6
 1.005857e+03 2.308452e+05 7.797123e+04 3.345864e+04 9.239815e+04 4.883858e+07
<GCONST> 8.111041e+01
<MIXTURE> 5 1.756857e-01
<MEAN> 6
 6.598637e+01 -1.816425e+02 4.647752e+01 -1.327054e+01 -5.828531e+02 -4.058279e+02
<VARIANCE> 6
 2.939508e+02 1.524729e+06 3.220412e+05 1.908800e+04 2.334095e+05 4.883858e+07
<GCONST> 8.355183e+01
<TRANSP> 5
 0.000000e+00 1.000000e+00 0.000000e+00 0.000000e+00 0.000000e+00
 0.000000e+00 9.998278e-01 1.722054e-04 0.000000e+00 0.000000e+00
 0.000000e+00 0.000000e+00 9.997048e-01 2.951757e-04 0.000000e+00
 0.000000e+00 0.000000e+00 0.000000e+00 9.999447e-01 5.530693e-05
 0.000000e+00 0.000000e+00 0.000000e+00 0.000000e+00 0.000000e+00
<ENDHMM>
~h "QuintoPRIMARIA"
<BEGINHMM>
<NUMSTATES> 5
<STATE> 2
<NUMMIXES> 5
<MIXTURE> 1 1.556305e-01
<MEAN> 6
 -2.955583e+01 2.184942e+01 1.158100e+02 8.118169e+01 5.502252e+02 -8.050511e+02
<VARIANCE> 6
 1.012305e+03 1.032990e+05 1.086410e+05 2.014508e+04 2.710224e+05 5.226300e+07
<GCONST> 8.128090e+01
<MIXTURE> 2 1.692465e-01
<MEAN> 6
 4.785017e+00 -9.058328e+00 6.096214e+01 -6.141090e+01 2.945875e+02 2.608556e+03
<VARIANCE> 6
 2.984902e+03 7.227369e+05 6.829851e+05 5.150354e+04 2.073036e+06 7.380099e+08
<GCONST> 9.176701e+01
<MIXTURE> 3 3.208643e-01
<MEAN> 6
 7.274003e+01 -3.069248e+00 -1.126345e+02 1.145624e+00 -1.009883e+02 -3.044581e+02
<VARIANCE> 6
 1.889305e+02 1.935885e+05 1.344374e+05 3.690780e+03 5.184766e+04 4.883858e+07
<GCONST> 7.702467e+01
<MIXTURE> 4 2.061714e-01
<MEAN> 6
 5.753037e+01 4.708557e+01 -2.531747e+01 -1.436672e+01 -7.749717e+02 -2.585264e+02
<VARIANCE> 6
 8.247874e+02 1.196802e+05 9.524095e+04 4.427952e+04 3.585180e+05 1.538364e+08
<GCONST> 8.323855e+01
<MIXTURE> 5 1.476771e-01
<MEAN> 6
 -2.622763e+01 -7.964543e+01 -6.269158e+00 7.445310e+00 3.800643e+02 -1.139890e+03
<VARIANCE> 6
 1.019827e+03 1.112658e+05 8.340413e+04 2.636156e+04 1.973584e+05 5.397655e+07
<GCONST> 8.108228e+01
<STATE> 3
<NUMMIXES> 5
<MIXTURE> 1 1.859484e-01
<MEAN> 6
 6.188384e+01 -1.244374e+03 -3.562864e+03 7.654580e-01 -5.375685e+00 -9.451824e+01
<VARIANCE> 6
 3.144599e+01 9.686269e+06 6.314844e+06 2.937141e+02 3.786116e+04 4.883858e+07
<GCONST> 8.014849e+01
<MIXTURE> 2 2.113457e-01
<MEAN> 6
 8.513354e+01 8.137810e+01 3.795735e+01 -4.477554e+00 2.188056e+00 5.167372e+01
<VARIANCE> 6
 1.404020e+02 2.352817e+05 5.316872e+04 2.937141e+02 3.786116e+04 4.883858e+07
<GCONST> 7.314986e+01
<MIXTURE> 3 2.005974e-01
<MEAN> 6
 7.582000e+01 -3.638533e+02 -8.182148e+01 -1.375799e+00 -1.697565e+00 -1.928500e+01
<VARIANCE> 6
 6.727287e+01 1.110600e+05 8.992691e+05 2.937141e+02 3.786116e+04 4.883858e+07
<GCONST> 7.449150e+01
<MIXTURE> 4 2.055197e-01
<MEAN> 6
 7.480827e+01 -2.842875e+02 2.233530e+02 -1.930176e+00 -8.530375e-02 -3.734171e+01
<VARIANCE> 6
 6.064418e+01 1.307534e+05 2.197825e+05 2.937141e+02 3.786116e+04 4.883858e+07
<GCONST> 7.314207e+01
<MIXTURE> 5 1.964472e-01
<MEAN> 6
 7.621486e+01 -2.963631e+02 -3.454934e+01 -2.681254e+00 9.215817e-01 -1.421379e+01
<VARIANCE> 6
 2.077265e+02 3.661569e+05 5.034400e+04 2.937141e+02 3.786116e+04 4.883858e+07
<GCONST> 7.392926e+01
<STATE> 4
<NUMMIXES> 5
<MIXTURE> 1 3.034555e-01
<MEAN> 6
 8.392265e+01 2.629497e+02 3.759147e+02 -2.896418e+00 -2.565993e+01 -1.353720e+02
<VARIANCE> 6
 2.215141e+02 1.776241e+06 2.208362e+06 2.937141e+02 3.786116e+04 4.883858e+07
<GCONST> 7.935384e+01
<MIXTURE> 2 2.300137e-02
<MEAN> 6
 1.412891e+01 -2.184269e+02 -7.788453e+01 2.968453e+01 -6.039651e+02 2.413974e+03
<VARIANCE> 6
 1.149650e+04 1.972407e+06 7.344507e+05 1.451057e+06 8.039130e+08 1.184863e+12
<GCONST> 1.108721e+02
<MIXTURE> 3 1.707608e-01
<MEAN> 6
 1.561710e+01 4.206806e+02 5.681829e+02 -1.864889e+01 -3.719859e+01 9.730704e+02
<VARIANCE> 6
 3.384489e+03 2.497376e+06 4.582682e+06 4.311379e+04 1.102195e+06 2.840540e+08
<GCONST> 9.327185e+01
<MIXTURE> 4 3.273633e-01
<MEAN> 6
 1.985470e+00 -2.915305e+01 6.990441e+01 4.324930e+01 9.644612e+00 -5.877014e+02
<VARIANCE> 6
 3.333628e+03 4.640743e+05 1.260794e+06 2.240859e+04 2.830243e+05 4.883858e+07
<GCONST> 8.650866e+01
<MIXTURE> 5 1.747499e-01
<MEAN> 6
 3.887812e+00 -1.566941e+02 -2.722433e+02 -5.933772e+01 1.458506e+02 1.460480e+02
<VARIANCE> 6
 3.541449e+03 1.759606e+06 2.409223e+06 4.374190e+04 1.611816e+06 4.890173e+08
<GCONST> 9.326181e+01
<TRANSP> 5
 0.000000e+00 1.000000e+00 0.000000e+00 0.000000e+00 0.000000e+00
 0.000000e+00 9.999219e-01 7.809389e-05 0.000000e+00 0.000000e+00
 0.000000e+00 0.000000e+00 9.996848e-01 3.151400e-04 0.000000e+00
 0.000000e+00 0.000000e+00 0.000000e+00 9.999154e-01 8.454939e-05
 0.000000e+00 0.000000e+00 0.000000e+00 0.000000e+00 0.000000e+00
<ENDHMM>
