~o
<STREAMINFO> 1 6
<VECSIZE> 6<NULLD><USER><DIAGC>
~h "SegundoPRIMARIA"
<BEGINHMM>
<NUMSTATES> 4
<STATE> 2
<NUMMIXES> 4
<MIXTURE> 1 3.130392e-01
<MEAN> 6
 6.981198e+01 2.050808e+01 -9.617256e+00 2.399235e+01 -7.065259e+01 -3.281759e+02
<VARIANCE> 6
 9.970223e+02 2.244105e+05 1.676670e+05 1.084825e+04 4.800263e+04 5.036115e+07
<GCONST> 8.008850e+01
<MIXTURE> 2 1.881453e-01
<MEAN> 6
 2.618655e+01 9.913185e+01 1.031147e+02 -3.682148e+00 5.916165e+01 3.471899e+03
<VARIANCE> 6
 3.605070e+03 2.114265e+05 1.652798e+05 6.040044e+04 2.118682e+06 7.186643e+08
<GCONST> 8.946235e+01
<MIXTURE> 3 3.084467e-01
<MEAN> 6
 1.442317e+01 -9.249786e+00 6.296154e+00 1.629308e+01 7.651543e+01 -3.712013e+02
<VARIANCE> 6
 4.066712e+03 9.038849e+04 3.424713e+05 1.434757e+04 3.081815e+05 5.036115e+07
<GCONST> 8.343817e+01
<MIXTURE> 4 1.887105e-01
<MEAN> 6
 1.687285e+01 -6.411238e+01 -3.198213e+01 -6.030745e+01 -5.865533e+01 -2.391778e+03
<VARIANCE> 6
 3.401925e+03 1.819756e+05 1.489253e+05 5.833429e+04 2.231747e+06 6.355904e+08
<GCONST> 8.904449e+01
<STATE> 3
<NUMMIXES> 4
<MIXTURE> 1 3.018791e-02
<MEAN> 6
 2.863383e+01 -1.231638e+02 -1.198986e+02 7.320508e+00 -5.471298e+02 5.409422e+03
<VARIANCE> 6
 8.602985e+03 1.919152e+06 1.209765e+06 8.459261e+05 4.446315e+08 6.412431e+11
<GCONST> 1.093081e+02
<MIXTURE> 2 2.965703e-01
<MEAN> 6
 8.144678e+01 1.400506e+02 1.646908e+02 -1.272923e+00 6.483516e+00 3.133767e+02
<VARIANCE> 6
 1.659309e+03 8.928155e+05 1.336090e+06 3.553503e+02 3.923279e+04 5.036115e+07
<GCONST> 8.043391e+01
<MIXTURE> 3 3.829329e-01
<MEAN> 6
 1.745119e+01 -9.037630e+01 -7.924082e+01 3.595323e+00 4.645419e+01 -2.514192e+02
<VARIANCE> 6
 4.124240e+03 6.762525e+06 1.516672e+06 4.952562e+04 1.406418e+06 3.989103e+08
<GCONST> 9.408189e+01
<MIXTURE> 4 2.899139e-01
<MEAN> 6
 6.861857e+01 -1.328984e+02 -1.996217e+02 -4.227494e+00 -3.056403e+01 -4.095266e+02
<VARIANCE> 6
 2.750646e+03 6.763061e+05 1.196092e+06 4.496310e+02 3.923279e+04 5.036115e+07
<GCONST> 8.078625e+01
<TRANSP> 4
 0.000000e+00 1.000000e+00 0.000000e+00 0.000000e+00
 0.000000e+00 9.999525e-01 4.748407e-05 0.000000e+00
 0.000000e+00 0.000000e+00 9.998343e-01 1.656894e-04
 0.000000e+00 0.000000e+00 0.000000e+00 0.000000e+00
<ENDHMM>
~h "SegundoESO"
<BEGINHMM>
<NUMSTATES> 4
<STATE> 2
<NUMMIXES> 4
<MIXTURE> 1 1.177658e-01
<MEAN> 6
 8.226457e+01 -7.965048e+02 -5.624753e+02 -3.075745e+00 -2.698855e+01 -9.164455e+01
<VARIANCE> 6
 1.657815e+02 1.402111e+07 2.121189e+07 2.949931e+02 3.923279e+04 5.036115e+07
<GCONST> 8.346303e+01
<MIXTURE> 2 2.379821e-01
<MEAN> 6
 7.881110e+00 4.088108e+02 4.586368e+02 2.745295e+01 7.311942e+01 1.294750e+03
<VARIANCE> 6
 3.033093e+03 4.615728e+06 3.391544e+06 3.491661e+04 6.983958e+05 1.322079e+08
<GCONST> 9.204352e+01
<MIXTURE> 3 4.048692e-01
<MEAN> 6
 7.143604e+01 7.350726e+01 -9.087843e+01 -7.822196e-01 -1.749944e+01 -9.999343e+01
<VARIANCE> 6
 1.020519e+02 7.830116e+05 9.097652e+05 2.949931e+02 3.923279e+04 5.036115e+07
<GCONST> 7.694354e+01
<MIXTURE> 4 2.392947e-01
<MEAN> 6
 4.615099e+00 -2.372486e+02 -9.201714e+01 -2.518932e+01 -3.840951e+01 -1.166523e+03
<VARIANCE> 6
 3.007571e+03 3.774798e+06 2.867856e+06 3.237186e+04 7.041245e+05 1.238007e+08
<GCONST> 9.153302e+01
<STATE> 3
<NUMMIXES> 4
<MIXTURE> 1 2.701994e-01
<MEAN> 6
 5.305017e+01 4.346871e+01 -4.746724e+01 3.262826e+01 -8.062625e+01 -2.717503e+02
<VARIANCE> 6
 1.509122e+03 7.525036e+05 3.096447e+05 8.458258e+03 4.035014e+04 5.036115e+07
<GCONST> 8.190387e+01
<MIXTURE> 2 3.079902e-01
<MEAN> 6
 1.075997e+01 5.414121e+01 8.458567e+01 -3.350661e+01 1.051005e+02 7.696288e+02
<VARIANCE> 6
 3.082278e+03 1.064056e+06 6.588289e+05 3.450030e+04 1.255130e+06 3.304200e+08
<GCONST> 9.044386e+01
<MIXTURE> 3 2.130282e-01
<MEAN> 6
 1.542824e+01 5.641475e+01 5.213589e+01 2.869160e+01 2.636043e+01 5.855016e+02
<VARIANCE> 6
 2.234456e+03 1.874583e+05 8.769925e+04 2.399406e+04 3.224603e+05 5.036115e+07
<GCONST> 8.276602e+01
<MIXTURE> 4 2.082263e-01
<MEAN> 6
 1.241310e+01 -9.244397e+01 -4.860497e+01 -1.893489e+01 -6.969592e+01 -1.288728e+03
<VARIANCE> 6
 2.216531e+03 1.951375e+05 8.818454e+04 2.479768e+04 3.272265e+05 5.036115e+07
<GCONST> 8.285126e+01
<TRANSP> 4
 0.000000e+00 1.000000e+00 0.000000e+00 0.000000e+00
 0.000000e+00 9.999232e-01 7.688631e-05 0.000000e+00
 0.000000e+00 0.000000e+00 9.999306e-01 6.943940e-05
 0.000000e+00 0.000000e+00 0.000000e+00 0.000000e+00
<ENDHMM>
~h "QuintoPRIMARIA"
<BEGINHMM>
<NUMSTATES> 4
<STATE> 2
<NUMMIXES> 4
<MIXTURE> 1 4.123327e-01
<MEAN> 6
 4.289574e+01 1.025450e+01 -2.304752e+01 1.457400e+01 -1.870726e+01 -1.825403e+02
<VARIANCE> 6
 2.245287e+03 8.550149e+04 1.143882e+05 5.319353e+03 6.589878e+04 5.036115e+07
<GCONST> 7.915720e+01
<MIXTURE> 2 1.173497e-01
<MEAN> 6
 1.905974e+01 -1.721510e+01 -1.310869e+02 -6.196612e+01 5.059487e+01 3.175152e+03
<VARIANCE> 6
 3.499730e+03 4.821753e+05 3.540010e+06 4.946811e+04 2.357517e+06 8.558912e+08
<GCONST> 9.340326e+01
<MIXTURE> 3 2.354122e-01
<MEAN> 6
 1.625077e+01 4.581099e+01 6.069255e+01 3.265942e+01 6.810759e+01 8.304597e+02
<VARIANCE> 6
 2.590263e+03 8.637622e+04 8.416916e+04 3.594296e+04 7.497594e+05 1.016409e+08
<GCONST> 8.404798e+01
<MIXTURE> 4 2.344694e-01
<MEAN> 6
 1.278954e+01 -6.225057e+01 -4.543119e+01 -2.613170e+01 -5.990628e+01 -2.084207e+03
<VARIANCE> 6
 2.547270e+03 8.659107e+04 8.321086e+04 3.598595e+04 7.747352e+05 1.048214e+08
<GCONST> 8.408705e+01
<STATE> 3
<NUMMIXES> 4
<MIXTURE> 1 4.444131e-01
<MEAN> 6
 7.935155e+01 1.643369e+01 1.363805e+01 -2.467358e+00 -1.906668e+01 -9.146789e+01
<VARIANCE> 6
 1.937918e+02 2.214398e+06 2.888818e+06 2.949931e+02 3.923279e+04 5.036115e+07
<GCONST> 7.977985e+01
<MIXTURE> 2 2.911190e-02
<MEAN> 6
 1.058606e+01 -3.079829e+02 9.916368e+00 -2.572649e+01 -1.113797e+02 4.882002e+03
<VARIANCE> 6
 9.077178e+03 2.393885e+06 1.023342e+06 9.318689e+05 5.036039e+08 7.401488e+11
<GCONST> 1.097802e+02
<MIXTURE> 3 2.634724e-01
<MEAN> 6
 1.001874e+01 1.942306e+02 2.850303e+02 2.780458e+01 8.188066e+01 1.315584e+03
<VARIANCE> 6
 3.410540e+03 1.329380e+06 1.729680e+06 3.429666e+04 7.544986e+05 1.455771e+08
<GCONST> 9.039838e+01
<MIXTURE> 4 2.628482e-01
<MEAN> 6
 7.824192e-01 -1.832870e+02 -2.412187e+02 -1.969743e+01 -3.778348e+01 -1.703600e+03
<VARIANCE> 6
 3.411081e+03 1.120307e+06 1.993808e+06 3.559816e+04 7.650185e+05 1.517225e+08
<GCONST> 9.046199e+01
<TRANSP> 4
 0.000000e+00 1.000000e+00 0.000000e+00 0.000000e+00
 0.000000e+00 9.999216e-01 7.838511e-05 0.000000e+00
 0.000000e+00 0.000000e+00 9.999332e-01 6.674039e-05
 0.000000e+00 0.000000e+00 0.000000e+00 0.000000e+00
<ENDHMM>
