~o
<STREAMINFO> 1 6
<VECSIZE> 6<NULLD><USER><DIAGC>
~h "SegundoPRIMARIA"
<BEGINHMM>
<NUMSTATES> 7
<STATE> 2
<NUMMIXES> 9
<MIXTURE> 1 4.226657e-02
<MEAN> 6
 9.403788e+01 -9.177279e+01 3.023503e+02 -3.619586e-01 -1.300808e+01 -2.442097e+02
<VARIANCE> 6
 7.796661e+01 6.738848e+05 3.462650e+05 2.993205e+02 3.994559e+04 5.111338e+07
<GCONST> 7.560567e+01
<MIXTURE> 2 8.748066e-02
<MEAN> 6
 4.928208e+01 2.702876e+02 -3.295075e+02 -9.532055e+00 6.524956e+01 -6.801068e+01
<VARIANCE> 6
 1.426417e+03 4.962534e+05 5.576178e+05 1.357778e+04 8.814075e+05 2.280949e+08
<GCONST> 8.708719e+01
<MIXTURE> 3 1.054791e-01
<MEAN> 6
 7.421141e+01 8.725418e+01 -8.381731e+02 -4.327776e-01 -1.890431e+00 -7.104504e+01
<VARIANCE> 6
 3.167854e+01 1.492834e+04 1.603331e+05 2.993205e+02 3.994559e+04 5.111338e+07
<GCONST> 7.012527e+01
<MIXTURE> 4 1.606841e-01
<MEAN> 6
 8.880827e+01 -1.103655e+01 -4.372708e+02 -2.294883e+00 -4.169625e-01 -7.299564e+01
<VARIANCE> 6
 2.820706e+02 3.566050e+04 1.604832e+04 2.993205e+02 3.994559e+04 5.111338e+07
<GCONST> 7.088093e+01
<MIXTURE> 5 1.161286e-01
<MEAN> 6
 6.821532e+01 -2.877638e+02 -5.813116e+02 -1.410915e+00 5.726056e-01 -1.291165e+02
<VARIANCE> 6
 4.288887e+01 3.714873e+05 1.604832e+04 2.993205e+02 3.994559e+04 5.111338e+07
<GCONST> 7.134085e+01
<MIXTURE> 6 1.435906e-01
<MEAN> 6
 9.372630e+01 -4.618198e+02 -5.462047e+02 1.235535e-01 -5.323777e+00 -4.877657e+01
<VARIANCE> 6
 3.167854e+01 1.938312e+04 1.604832e+04 2.993205e+02 3.994559e+04 5.111338e+07
<GCONST> 6.808477e+01
<MIXTURE> 7 1.398155e-01
<MEAN> 6
 7.291626e+01 -2.029521e+02 -9.547070e+02 -3.179717e-01 -8.502869e+00 -2.175267e+02
<VARIANCE> 6
 9.511320e+01 1.602927e+04 1.604832e+04 2.993205e+02 3.994559e+04 5.111338e+07
<GCONST> 6.899421e+01
<MIXTURE> 8 9.348544e-02
<MEAN> 6
 6.980757e+01 -1.312481e+03 -6.839489e+02 1.242444e+00 -4.554664e+00 -1.032725e+02
<VARIANCE> 6
 1.051460e+02 2.106854e+05 1.604832e+04 2.993205e+02 3.994559e+04 5.111338e+07
<GCONST> 7.167044e+01
<MIXTURE> 9 1.109648e-01
<MEAN> 6
 7.095270e+01 2.791376e+01 -9.706077e+02 -1.080663e+00 -2.101788e+00 -1.428827e+02
<VARIANCE> 6
 3.167854e+01 1.803148e+04 1.208058e+05 2.993205e+02 3.994559e+04 5.111338e+07
<GCONST> 7.003106e+01
<STATE> 3
<NUMMIXES> 9
<MIXTURE> 1 1.599065e-01
<MEAN> 6
 7.470669e+01 7.276862e+01 1.229592e+02 -2.398867e-01 -7.004990e+00 -8.085213e+01
<VARIANCE> 6
 3.167854e+01 1.492834e+04 1.604832e+04 2.993205e+02 3.994559e+04 5.111338e+07
<GCONST> 6.782362e+01
<MIXTURE> 2 1.502655e-01
<MEAN> 6
 6.648411e+01 6.098896e+02 3.173038e+01 8.930723e-01 2.471927e+00 -7.016233e+01
<VARIANCE> 6
 4.128400e+01 5.260823e+04 1.604832e+04 2.993205e+02 3.994559e+04 5.111338e+07
<GCONST> 6.934808e+01
<MIXTURE> 3 1.497321e-01
<MEAN> 6
 6.574567e+01 8.431414e+00 -2.629163e+02 1.335632e+00 -1.203403e+00 -1.453554e+02
<VARIANCE> 6
 3.167854e+01 3.064517e+04 1.604832e+04 2.993205e+02 3.994559e+04 5.111338e+07
<GCONST> 6.854284e+01
<MIXTURE> 4 1.025840e-01
<MEAN> 6
 9.289396e+01 -6.128118e+01 5.566640e+01 -5.664667e-01 -1.199706e-01 -8.167361e+01
<VARIANCE> 6
 3.167854e+01 1.492834e+04 1.604832e+04 2.993205e+02 3.994559e+04 5.111338e+07
<GCONST> 6.782362e+01
<MIXTURE> 5 8.586146e-02
<MEAN> 6
 5.645551e+01 -9.780109e+01 -2.582257e+02 9.889674e-01 1.950927e+00 -1.219560e+02
<VARIANCE> 6
 3.167854e+01 1.530489e+05 1.604832e+04 2.993205e+02 3.994559e+04 5.111338e+07
<GCONST> 7.015112e+01
<MIXTURE> 6 8.581988e-02
<MEAN> 6
 6.663882e+01 2.195565e+02 -2.376698e+01 6.139147e-01 1.218105e+00 -1.055411e+02
<VARIANCE> 6
 5.308345e+01 1.781260e+05 3.066527e+04 2.993205e+02 3.994559e+04 5.111338e+07
<GCONST> 7.146661e+01
<MIXTURE> 7 6.165120e-02
<MEAN> 6
 8.208752e+01 -1.335375e+01 -8.669852e+01 -1.397248e+00 -6.045714e+00 -4.836057e+01
<VARIANCE> 6
 7.085155e+01 5.276977e+04 1.604832e+04 2.993205e+02 3.994559e+04 5.111338e+07
<GCONST> 6.989125e+01
<MIXTURE> 8 1.205023e-01
<MEAN> 6
 6.890840e+01 -1.060336e+02 1.436308e+02 8.591121e-01 3.011189e+00 -1.187302e+02
<VARIANCE> 6
 3.167854e+01 1.627929e+04 1.604832e+04 2.993205e+02 3.994559e+04 5.111338e+07
<GCONST> 6.791026e+01
<MIXTURE> 9 8.357268e-02
<MEAN> 6
 5.356346e+01 -1.167090e+02 -3.189296e+02 1.008265e+00 6.460053e-02 -8.001396e+01
<VARIANCE> 6
 3.167854e+01 1.407359e+05 1.604832e+04 2.993205e+02 3.994559e+04 5.111338e+07
<GCONST> 7.006725e+01
<STATE> 4
<NUMMIXES> 9
<MIXTURE> 1 4.661465e-02
<MEAN> 6
 8.550450e+01 7.959688e+02 1.108460e+03 -2.582936e+00 -2.023571e+00 2.541716e+01
<VARIANCE> 6
 5.982773e+01 6.556276e+04 1.604832e+04 2.993205e+02 3.994559e+04 5.111338e+07
<GCONST> 6.993920e+01
<MIXTURE> 2 1.658835e-01
<MEAN> 6
 6.561256e+01 2.361433e+02 9.108130e+02 5.413237e-01 2.367802e+00 -1.117519e+02
<VARIANCE> 6
 7.419742e+01 1.492834e+04 2.134179e+04 2.993205e+02 3.994559e+04 5.111338e+07
<GCONST> 6.895978e+01
<MIXTURE> 3 1.702003e-01
<MEAN> 6
 9.418185e+01 -6.562941e+02 6.264831e+02 -6.969722e-01 -8.223970e+00 -9.136571e+01
<VARIANCE> 6
 3.167854e+01 2.546179e+05 6.250866e+04 2.993205e+02 3.994559e+04 5.111338e+07
<GCONST> 7.201983e+01
<MIXTURE> 4 1.155297e-01
<MEAN> 6
 8.703249e+01 1.122679e+03 2.388858e+02 -8.349355e-01 -1.720932e+00 -6.894627e+01
<VARIANCE> 6
 3.167854e+01 3.240161e+04 1.604832e+04 2.993205e+02 3.994559e+04 5.111338e+07
<GCONST> 6.859857e+01
<MIXTURE> 5 1.135990e-01
<MEAN> 6
 8.441125e+01 4.425742e+02 4.396529e+02 -9.114282e-01 1.423672e+00 -9.891658e+01
<VARIANCE> 6
 3.167854e+01 1.070369e+05 1.604832e+04 2.993205e+02 3.994559e+04 5.111338e+07
<GCONST> 6.979354e+01
<MIXTURE> 6 1.296895e-01
<MEAN> 6
 9.255098e+01 5.940475e+02 2.016007e+02 -2.445437e+00 -5.368375e+00 -3.361520e+01
<VARIANCE> 6
 3.287352e+01 8.253395e+04 1.604832e+04 2.993205e+02 3.994559e+04 5.111338e+07
<GCONST> 6.957060e+01
<MIXTURE> 7 9.277773e-02
<MEAN> 6
 7.546744e+01 1.089935e+03 7.184090e+02 -7.718771e-01 -3.380113e+00 -1.346497e+02
<VARIANCE> 6
 3.167854e+01 1.014652e+05 3.204549e+04 2.993205e+02 3.994559e+04 5.111338e+07
<GCONST> 7.043163e+01
<MIXTURE> 8 7.459895e-02
<MEAN> 6
 7.959087e+01 -3.204121e+02 3.955404e+02 -5.755761e-01 7.565860e+00 -9.778152e+01
<VARIANCE> 6
 4.224892e+01 1.492834e+04 1.604832e+04 2.993205e+02 3.994559e+04 5.111338e+07
<GCONST> 6.811156e+01
<MIXTURE> 9 9.105721e-02
<MEAN> 6
 7.491885e+01 9.234225e+02 6.908541e+02 -8.709291e-01 -4.634616e+00 -1.343191e+02
<VARIANCE> 6
 3.167854e+01 1.493422e+05 2.672941e+04 2.993205e+02 3.994559e+04 5.111338e+07
<GCONST> 7.063676e+01
<STATE> 5
<NUMMIXES> 9
<MIXTURE> 1 5.537541e-02
<MEAN> 6
 7.920807e+01 -8.377416e+02 4.093244e+03 -1.405866e+00 -4.272214e+00 -3.348959e+01
<VARIANCE> 6
 3.167854e+01 1.322012e+05 3.990349e+05 2.993205e+02 3.994559e+04 5.111338e+07
<GCONST> 7.321813e+01
<MIXTURE> 2 1.504682e-01
<MEAN> 6
 7.646996e+01 3.032119e+03 1.804950e+01 -2.509861e+00 -8.172010e+00 -1.249368e+02
<VARIANCE> 6
 3.167854e+01 2.155788e+05 9.602153e+04 2.993205e+02 3.994559e+04 5.111338e+07
<GCONST> 7.228266e+01
<MIXTURE> 3 1.250563e-01
<MEAN> 6
 6.074499e+01 -5.179345e+02 2.049021e+03 -1.208107e-01 -1.253763e+01 -2.201479e+02
<VARIANCE> 6
 5.915079e+01 1.492834e+04 3.238979e+05 2.993205e+02 3.994559e+04 5.111338e+07
<GCONST> 7.145290e+01
<MIXTURE> 4 9.943914e-02
<MEAN> 6
 6.861439e+01 -6.897948e+03 1.327910e+03 -2.508499e+00 -4.393265e+00 -5.826570e+01
<VARIANCE> 6
 8.401566e+01 6.802435e+06 1.432948e+05 2.993205e+02 3.994559e+04 5.111338e+07
<GCONST> 7.711006e+01
<MIXTURE> 5 1.145385e-01
<MEAN> 6
 1.024760e+02 -2.079756e+03 -1.653826e+02 -7.863573e+00 -4.955775e+00 -1.000286e+02
<VARIANCE> 6
 1.461882e+02 4.593390e+06 4.166847e+04 2.993205e+02 3.994559e+04 5.111338e+07
<GCONST> 7.603613e+01
<MIXTURE> 6 1.246428e-01
<MEAN> 6
 6.770028e+01 -9.028859e+02 1.117772e+03 -1.222322e+00 2.789397e+00 -5.335030e+01
<VARIANCE> 6
 4.037193e+01 1.941048e+04 3.167793e+05 2.993205e+02 3.994559e+04 5.111338e+07
<GCONST> 7.131127e+01
<MIXTURE> 7 1.148857e-01
<MEAN> 6
 7.019279e+01 3.612598e+02 -9.285010e+02 -6.569058e-02 -4.242450e+00 -8.436327e+01
<VARIANCE> 6
 5.101932e+01 1.492834e+04 1.624238e+06 2.993205e+02 3.994559e+04 5.111338e+07
<GCONST> 7.291738e+01
<MIXTURE> 8 9.067532e-02
<MEAN> 6
 6.949300e+01 1.964621e+03 -9.919906e+02 7.189739e-01 -5.211764e+00 -1.563989e+02
<VARIANCE> 6
 3.167854e+01 6.998934e+05 3.083772e+04 2.993205e+02 3.994559e+04 5.111338e+07
<GCONST> 7.232442e+01
<MIXTURE> 9 1.249072e-01
<MEAN> 6
 6.620836e+01 -9.651968e+02 7.676740e+02 -1.106435e+00 2.720162e+00 -1.428551e+02
<VARIANCE> 6
 6.833068e+01 2.274846e+04 3.067773e+05 2.993205e+02 3.994559e+04 5.111338e+07
<GCONST> 7.196410e+01
<STATE> 6
<NUMMIXES> 9
<MIXTURE> 1 1.198099e-02
<MEAN> 6
 1.787480e+01 7.238661e+02 -1.946934e+02 -3.599261e+01 -2.770761e+02 5.376467e+03
<VARIANCE> 6
 7.585890e+03 2.983831e+07 1.106278e+06 5.604949e+05 2.878304e+08 4.140650e+11
<GCONST> 1.105529e+02
<MIXTURE> 2 1.507484e-01
<MEAN> 6
 -1.714353e+01 2.083025e+01 1.507859e+01 8.976122e+01 5.566923e+02 -3.051956e+03
<VARIANCE> 6
 7.053022e+02 2.048720e+05 6.043731e+04 4.273312e+04 3.270941e+05 9.119954e+07
<GCONST> 8.251469e+01
<MIXTURE> 3 9.556639e-02
<MEAN> 6
 8.861871e+01 3.320231e+01 -8.278457e+00 2.594986e+01 -1.038256e+03 -1.408625e+03
<VARIANCE> 6
 9.555018e+02 1.126476e+06 1.124274e+06 4.282924e+04 2.382158e+06 1.464514e+09
<GCONST> 9.221004e+01
<MIXTURE> 4 9.396780e-02
<MEAN> 6
 9.816640e+01 8.195171e+01 1.106506e+02 -4.567417e+00 -1.630191e+01 -2.536821e+02
<VARIANCE> 6
 3.864781e+02 9.069870e+05 5.730746e+05 2.993205e+02 3.994559e+04 5.111338e+07
<GCONST> 7.800734e+01
<MIXTURE> 5 1.251560e-01
<MEAN> 6
 -3.692609e+01 -4.045539e+01 -1.020432e+02 -9.910760e+01 1.172035e+03 3.144363e+03
<VARIANCE> 6
 9.613087e+02 4.270567e+05 1.176563e+06 5.521655e+04 1.277705e+06 7.760798e+08
<GCONST> 9.028770e+01
<MIXTURE> 6 1.569310e-01
<MEAN> 6
 6.335136e+01 4.965596e+01 3.149665e+01 6.262189e+01 -3.447542e+02 -1.030621e+03
<VARIANCE> 6
 8.295257e+02 2.352920e+05 1.882323e+05 3.423808e+04 1.921294e+05 5.307037e+07
<GCONST> 8.265628e+01
<MIXTURE> 7 1.280224e-01
<MEAN> 6
 -5.488464e+01 2.735664e+01 -3.995101e+01 1.517203e+01 3.867183e+02 6.583041e+02
<VARIANCE> 6
 2.255779e+02 3.227100e+05 2.400158e+05 3.133311e+03 1.633965e+05 5.111338e+07
<GCONST> 7.932224e+01
<MIXTURE> 8 1.409493e-01
<MEAN> 6
 6.731052e+01 -5.653292e+01 3.502547e+01 -9.676933e+01 -8.341881e+02 1.969118e+03
<VARIANCE> 6
 1.034274e+03 1.201470e+05 1.019663e+05 4.592999e+04 5.483431e+05 2.476273e+08
<GCONST> 8.447456e+01
<MIXTURE> 9 9.561430e-02
<MEAN> 6
 8.960027e+01 -7.655994e+01 -2.551716e+02 -4.430261e+00 -4.099182e+01 -2.314159e+02
<VARIANCE> 6
 2.568826e+02 7.321617e+05 6.832065e+05 2.993205e+02 3.994559e+04 5.111338e+07
<GCONST> 7.756054e+01
<TRANSP> 7
 0.000000e+00 1.000000e+00 0.000000e+00 0.000000e+00 0.000000e+00 0.000000e+00 0.000000e+00
 0.000000e+00 9.989508e-01 1.049236e-03 0.000000e+00 0.000000e+00 0.000000e+00 0.000000e+00
 0.000000e+00 0.000000e+00 9.992979e-01 7.021615e-04 0.000000e+00 0.000000e+00 0.000000e+00
 0.000000e+00 0.000000e+00 0.000000e+00 9.989613e-01 1.038647e-03 0.000000e+00 0.000000e+00
 0.000000e+00 0.000000e+00 0.000000e+00 0.000000e+00 9.989973e-01 1.002660e-03 0.000000e+00
 0.000000e+00 0.000000e+00 0.000000e+00 0.000000e+00 0.000000e+00 9.999562e-01 4.383855e-05
 0.000000e+00 0.000000e+00 0.000000e+00 0.000000e+00 0.000000e+00 0.000000e+00 0.000000e+00
<ENDHMM>
~h "SegundoESO"
<BEGINHMM>
<NUMSTATES> 7
<STATE> 2
<NUMMIXES> 9
<MIXTURE> 1 7.077749e-02
<MEAN> 6
 8.482352e+01 -2.713843e+01 2.610000e+03 -2.765316e+00 -2.873151e+01 -1.251556e+02
<VARIANCE> 6
 1.565347e+02 4.037396e+07 2.617916e+07 2.993205e+02 3.994559e+04 5.111338e+07
<GCONST> 8.472105e+01
<MIXTURE> 2 7.117041e-02
<MEAN> 6
 3.116971e+01 -3.128104e+01 8.219529e+02 -1.040552e+02 -3.066591e+02 4.032901e+03
<VARIANCE> 6
 3.269812e+03 5.432080e+06 1.207731e+07 6.021662e+04 2.463206e+06 7.161267e+08
<GCONST> 9.704646e+01
<MIXTURE> 3 1.674962e-01
<MEAN> 6
 4.010419e+01 6.391511e+02 -9.331121e+02 4.487515e+01 -1.822261e+02 -8.466116e+02
<VARIANCE> 6
 1.118594e+03 1.385885e+07 4.939936e+06 3.760253e+04 1.055572e+05 5.111338e+07
<GCONST> 8.975578e+01
<MIXTURE> 4 8.065776e-02
<MEAN> 6
 -3.643269e+01 6.032912e+01 2.084923e+02 1.468249e+00 7.164702e+02 -1.342260e+03
<VARIANCE> 6
 5.021627e+02 1.742256e+07 1.137818e+06 3.649182e+04 3.800526e+05 1.060783e+08
<GCONST> 8.969669e+01
<MIXTURE> 5 1.546447e-01
<MEAN> 6
 7.543614e+01 6.416416e+02 -2.509605e+03 4.514224e-02 -1.313730e+01 -1.248205e+02
<VARIANCE> 6
 3.167854e+01 6.931918e+05 9.938935e+06 2.993205e+02 3.994559e+04 5.111338e+07
<GCONST> 7.809029e+01
<MIXTURE> 6 1.123007e-01
<MEAN> 6
 -4.322473e+01 5.894388e+02 1.331557e+03 2.389084e+01 8.159669e+02 -3.353348e+02
<VARIANCE> 6
 5.069435e+02 1.388284e+06 5.768215e+06 3.783249e+04 2.594802e+05 7.494423e+07
<GCONST> 8.810674e+01
<MIXTURE> 7 1.621936e-01
<MEAN> 6
 7.236522e+01 -2.779169e+02 8.341888e+02 -1.325579e+01 -6.656922e+02 1.489901e+02
<VARIANCE> 6
 4.831713e+02 1.669659e+06 4.374490e+06 3.064002e+04 1.902110e+05 5.667100e+07
<GCONST> 8.716579e+01
<MIXTURE> 8 8.147543e-02
<MEAN> 6
 -5.573713e+01 5.799003e+02 1.993510e+02 1.546614e+01 2.189156e+02 1.525854e+02
<VARIANCE> 6
 3.099768e+02 1.370711e+06 3.675002e+06 2.562159e+03 5.644584e+04 5.111338e+07
<GCONST> 8.255087e+01
<MIXTURE> 9 9.898374e-02
<MEAN> 6
 8.653458e+01 -2.522947e+03 1.225672e+03 -6.399610e+00 -4.007417e+01 -2.437707e+02
<VARIANCE> 6
 1.324034e+02 7.211613e+06 4.994294e+06 2.993205e+02 3.994559e+04 5.111338e+07
<GCONST> 8.117447e+01
<STATE> 3
<NUMMIXES> 9
<MIXTURE> 1 1.119406e-01
<MEAN> 6
 7.601064e+01 6.069394e+02 5.296555e+02 6.167572e-03 -3.526243e+00 1.183368e+01
<VARIANCE> 6
 3.167854e+01 1.492834e+04 5.334174e+04 2.993205e+02 3.994559e+04 5.111338e+07
<GCONST> 6.902474e+01
<MIXTURE> 2 1.802285e-01
<MEAN> 6
 8.516975e+01 -1.187404e+03 1.696953e+02 -1.956136e+00 -6.534208e+00 -5.401827e+01
<VARIANCE> 6
 3.167854e+01 5.191942e+05 1.596002e+05 2.993205e+02 3.994559e+04 5.111338e+07
<GCONST> 7.366971e+01
<MIXTURE> 3 8.566911e-02
<MEAN> 6
 7.343646e+01 3.957651e+02 2.447112e+02 -5.225226e-01 -4.118890e+00 -9.520884e+01
<VARIANCE> 6
 3.167854e+01 2.003625e+05 1.604832e+04 2.993205e+02 3.994559e+04 5.111338e+07
<GCONST> 7.042049e+01
<MIXTURE> 4 1.006477e-01
<MEAN> 6
 7.225604e+01 -2.273484e+03 -3.051387e+02 -1.590053e+00 1.160203e+00 -6.606124e+01
<VARIANCE> 6
 3.167854e+01 3.359715e+05 1.156647e+05 2.993205e+02 3.994559e+04 5.111338e+07
<GCONST> 7.291248e+01
<MIXTURE> 5 1.422070e-01
<MEAN> 6
 7.273999e+01 1.299358e+02 1.962473e+02 -3.951785e-01 -4.560716e+00 -8.669258e+01
<VARIANCE> 6
 3.167854e+01 1.653889e+05 1.604832e+04 2.993205e+02 3.994559e+04 5.111338e+07
<GCONST> 7.022867e+01
<MIXTURE> 6 1.116717e-01
<MEAN> 6
 8.291385e+01 -7.876157e+02 2.067714e+02 -5.829477e-01 -1.552347e+00 -1.248946e+02
<VARIANCE> 6
 3.167854e+01 1.492834e+04 2.491624e+04 2.993205e+02 3.994559e+04 5.111338e+07
<GCONST> 6.826354e+01
<MIXTURE> 7 8.916774e-02
<MEAN> 6
 7.944218e+01 2.592867e+02 2.502790e+02 -1.323957e+00 -3.681502e+00 -1.012549e+02
<VARIANCE> 6
 3.167854e+01 1.492834e+04 1.291522e+05 2.993205e+02 3.994559e+04 5.111338e+07
<GCONST> 6.990901e+01
<MIXTURE> 8 9.147264e-02
<MEAN> 6
 8.183656e+01 -7.082712e+02 6.559383e+01 -3.027634e-01 -3.967820e+00 -9.872650e+01
<VARIANCE> 6
 3.167854e+01 2.755651e+04 2.101012e+04 2.993205e+02 3.994559e+04 5.111338e+07
<GCONST> 6.870600e+01
<MIXTURE> 9 8.693601e-02
<MEAN> 6
 7.280798e+01 1.904086e+02 1.972626e+02 -3.942881e-01 -4.545307e+00 -8.916923e+01
<VARIANCE> 6
 3.167854e+01 1.879319e+05 1.604832e+04 2.993205e+02 3.994559e+04 5.111338e+07
<GCONST> 7.035645e+01
<STATE> 4
<NUMMIXES> 9
<MIXTURE> 1 1.399786e-01
<MEAN> 6
 7.494119e+01 8.629877e+02 -7.078867e+02 -9.817173e-01 -3.416595e+00 -6.188708e+01
<VARIANCE> 6
 3.167854e+01 2.173385e+05 3.267760e+04 2.993205e+02 3.994559e+04 5.111338e+07
<GCONST> 7.121291e+01
<MIXTURE> 2 1.193888e-01
<MEAN> 6
 9.738454e+01 -1.144462e+02 -6.193253e+03 -6.039467e+00 2.117836e+00 1.363007e+02
<VARIANCE> 6
 1.395001e+02 1.560026e+06 9.082301e+06 2.993205e+02 3.994559e+04 5.111338e+07
<GCONST> 8.029372e+01
<MIXTURE> 3 6.073830e-02
<MEAN> 6
 9.052155e+01 3.193770e+02 -1.878245e+03 -4.986817e+00 5.284544e+00 -4.199360e+01
<VARIANCE> 6
 7.155966e+01 2.172543e+04 3.266040e+06 2.993205e+02 3.994559e+04 5.111338e+07
<GCONST> 7.432947e+01
<MIXTURE> 4 1.357971e-01
<MEAN> 6
 5.739021e+01 4.335042e+02 -3.442917e+03 -1.486570e-02 -2.013137e+00 -6.987392e+01
<VARIANCE> 6
 3.167854e+01 6.384859e+04 1.383928e+06 2.993205e+02 3.994559e+04 5.111338e+07
<GCONST> 7.373396e+01
<MIXTURE> 5 5.399857e-02
<MEAN> 6
 5.996226e+01 1.645252e+03 -1.241141e+03 -1.092740e+00 1.713297e-01 -1.104152e+01
<VARIANCE> 6
 3.167854e+01 9.089311e+04 1.530552e+05 2.993205e+02 3.994559e+04 5.111338e+07
<GCONST> 7.188524e+01
<MIXTURE> 6 1.300698e-01
<MEAN> 6
 7.376435e+01 1.681646e+02 -5.731354e+02 -1.036489e+00 -2.503459e+00 -8.727776e+01
<VARIANCE> 6
 3.167854e+01 4.456804e+04 3.579764e+04 2.993205e+02 3.994559e+04 5.111338e+07
<GCONST> 6.971966e+01
<MIXTURE> 7 1.164480e-01
<MEAN> 6
 6.440926e+01 -1.305503e+01 -1.482124e+03 -4.208215e-01 -3.965831e+00 -1.873242e+02
<VARIANCE> 6
 3.167854e+01 1.044345e+05 7.548201e+04 2.993205e+02 3.994559e+04 5.111338e+07
<GCONST> 7.131721e+01
<MIXTURE> 8 1.280606e-01
<MEAN> 6
 7.326181e+01 1.084253e+02 -5.827036e+02 -9.531766e-01 -3.474766e+00 -1.515103e+02
<VARIANCE> 6
 3.167854e+01 3.188721e+04 1.956370e+04 2.993205e+02 3.994559e+04 5.111338e+07
<GCONST> 6.878064e+01
<MIXTURE> 9 1.154385e-01
<MEAN> 6
 6.348690e+01 4.500501e+01 -1.588258e+03 -4.275954e-01 -5.745130e+00 -1.991510e+02
<VARIANCE> 6
 3.167854e+01 8.421274e+04 6.440727e+04 2.993205e+02 3.994559e+04 5.111338e+07
<GCONST> 7.094334e+01
<STATE> 5
<NUMMIXES> 9
<MIXTURE> 1 8.825969e-02
<MEAN> 6
 6.804823e+01 1.170648e+03 5.849612e+01 -1.009246e+00 -4.519093e+00 -1.463184e+02
<VARIANCE> 6
 3.167854e+01 1.475080e+05 1.604832e+04 2.993205e+02 3.994559e+04 5.111338e+07
<GCONST> 7.011425e+01
<MIXTURE> 2 1.603040e-01
<MEAN> 6
 6.240812e+01 2.491607e+02 -5.203325e+01 -1.472374e-01 -5.165738e+00 -1.407681e+02
<VARIANCE> 6
 3.167854e+01 6.068378e+04 2.953530e+04 2.993205e+02 3.994559e+04 5.111338e+07
<GCONST> 6.983602e+01
<MIXTURE> 3 9.568576e-02
<MEAN> 6
 6.017713e+01 9.359588e+02 -2.923026e+02 4.042068e-01 -4.060446e+00 -1.523469e+02
<VARIANCE> 6
 3.167854e+01 2.444733e+06 1.604832e+04 2.993205e+02 3.994559e+04 5.111338e+07
<GCONST> 7.292206e+01
<MIXTURE> 4 3.649281e-02
<MEAN> 6
 5.537378e+01 1.460003e+02 2.885972e+02 -6.417891e-01 -1.653119e+00 -1.107741e+02
<VARIANCE> 6
 4.902581e+01 1.492834e+04 1.632161e+05 2.993205e+02 3.994559e+04 5.111338e+07
<GCONST> 7.057980e+01
<MIXTURE> 5 1.093953e-01
<MEAN> 6
 6.463177e+01 -4.003513e+02 4.449692e-01 -1.227595e-01 -4.171200e+00 -1.227576e+02
<VARIANCE> 6
 3.167854e+01 1.598686e+04 1.350532e+05 2.993205e+02 3.994559e+04 5.111338e+07
<GCONST> 7.002219e+01
<MIXTURE> 6 1.757236e-01
<MEAN> 6
 6.380168e+01 6.773609e+01 -1.624544e+02 -1.845229e-03 -6.404661e+00 -1.555220e+02
<VARIANCE> 6
 3.167854e+01 1.282537e+05 1.604832e+04 2.993205e+02 3.994559e+04 5.111338e+07
<GCONST> 6.997437e+01
<MIXTURE> 7 1.337659e-01
<MEAN> 6
 6.235949e+01 -2.768725e+02 6.147252e+01 -8.440109e-02 -3.859084e+00 -1.206480e+02
<VARIANCE> 6
 3.167854e+01 3.519608e+05 1.604832e+04 2.993205e+02 3.994559e+04 5.111338e+07
<GCONST> 7.098389e+01
<MIXTURE> 8 9.224941e-02
<MEAN> 6
 5.823953e+01 -1.280779e+03 -4.053812e+02 2.046091e-01 -3.925800e+00 -1.232159e+02
<VARIANCE> 6
 3.167854e+01 1.511376e+06 1.611638e+04 2.993205e+02 3.994559e+04 5.111338e+07
<GCONST> 7.244537e+01
<MIXTURE> 9 1.080340e-01
<MEAN> 6
 6.266117e+01 -4.929798e+02 -3.634252e+02 2.123603e-02 -2.682280e+00 -1.029576e+02
<VARIANCE> 6
 3.167854e+01 4.255809e+04 1.554745e+05 2.993205e+02 3.994559e+04 5.111338e+07
<GCONST> 7.114211e+01
<STATE> 6
<NUMMIXES> 9
<MIXTURE> 1 8.740912e-02
<MEAN> 6
 4.412807e+01 1.190734e+02 1.764587e+02 1.136403e+02 -1.951468e+02 -1.063695e+03
<VARIANCE> 6
 5.591736e+02 8.030857e+05 1.491938e+06 1.475041e+04 5.366670e+04 5.111338e+07
<GCONST> 8.340466e+01
<MIXTURE> 2 8.039520e-02
<MEAN> 6
 3.614499e+01 -7.382297e+01 2.369492e+02 -6.900816e+01 -3.416280e+02 2.481031e+03
<VARIANCE> 6
 2.815087e+03 3.038284e+06 1.680732e+06 4.068319e+04 1.948408e+06 7.010074e+08
<GCONST> 9.369567e+01
<MIXTURE> 3 1.255210e-01
<MEAN> 6
 -4.114033e+01 1.741705e+02 6.975414e+01 -1.265131e-01 1.046478e+03 -3.910134e+02
<VARIANCE> 6
 1.977635e+02 4.349675e+05 2.737602e+05 2.641146e+04 2.670026e+05 1.706373e+08
<GCONST> 8.344899e+01
<MIXTURE> 4 1.602513e-01
<MEAN> 6
 8.007976e+01 -1.260320e+02 6.760135e+00 -5.912631e+00 -3.567701e+01 -4.848116e+01
<VARIANCE> 6
 1.519740e+02 9.622696e+05 5.747024e+05 2.993205e+02 3.994559e+04 5.111338e+07
<GCONST> 7.713598e+01
<MIXTURE> 5 1.146302e-01
<MEAN> 6
 5.607092e+00 1.108579e+02 1.279056e+02 -1.260330e+02 1.901097e+01 3.480524e+03
<VARIANCE> 6
 4.778106e+02 4.830804e+05 2.490788e+05 3.020327e+04 1.205075e+05 8.312194e+07
<GCONST> 8.296093e+01
<MIXTURE> 6 1.104127e-01
<MEAN> 6
 6.538889e+01 7.154662e+00 6.855093e+01 8.259953e+00 -5.468256e+02 2.936794e+02
<VARIANCE> 6
 2.799762e+02 5.466887e+05 1.907406e+05 1.925754e+04 1.427800e+05 5.336201e+07
<GCONST> 8.155960e+01
<MIXTURE> 7 1.130112e-01
<MEAN> 6
 -4.748364e+00 3.105267e+01 -3.572246e+01 1.047657e+02 1.493988e+02 -3.291749e+03
<VARIANCE> 6
 3.657558e+02 2.869998e+05 8.219356e+04 2.184454e+04 9.634591e+04 5.111338e+07
<GCONST> 8.003027e+01
<MIXTURE> 8 9.980469e-02
<MEAN> 6
 -5.161592e+01 4.473177e+01 6.616853e+01 2.156320e+01 3.552866e+02 -8.583712e+01
<VARIANCE> 6
 1.742998e+02 3.119051e+05 6.303189e+05 1.688495e+03 1.035259e+05 5.111338e+07
<GCONST> 7.892120e+01
<MIXTURE> 9 1.072518e-01
<MEAN> 6
 6.276889e+01 -1.772571e+02 7.719105e+00 -3.428306e+01 -6.912636e+02 -6.861422e+02
<VARIANCE> 6
 2.902996e+02 6.870339e+05 1.656665e+05 2.359158e+04 1.842305e+05 6.562045e+07
<GCONST> 8.234803e+01
<TRANSP> 7
 0.000000e+00 1.000000e+00 0.000000e+00 0.000000e+00 0.000000e+00 0.000000e+00 0.000000e+00
 0.000000e+00 9.998013e-01 1.987412e-04 0.000000e+00 0.000000e+00 0.000000e+00 0.000000e+00
 0.000000e+00 0.000000e+00 9.992722e-01 7.277971e-04 0.000000e+00 0.000000e+00 0.000000e+00
 0.000000e+00 0.000000e+00 0.000000e+00 9.990080e-01 9.919957e-04 0.000000e+00 0.000000e+00
 0.000000e+00 0.000000e+00 0.000000e+00 0.000000e+00 9.994264e-01 5.735663e-04 0.000000e+00
 0.000000e+00 0.000000e+00 0.000000e+00 0.000000e+00 0.000000e+00 9.999451e-01 5.490673e-05
 0.000000e+00 0.000000e+00 0.000000e+00 0.000000e+00 0.000000e+00 0.000000e+00 0.000000e+00
<ENDHMM>
~h "QuintoPRIMARIA"
<BEGINHMM>
<NUMSTATES> 7
<STATE> 2
<NUMMIXES> 9
<MIXTURE> 1 1.217553e-01
<MEAN> 6
 8.522226e+01 6.351230e+02 7.106279e+02 -2.823279e+00 -2.872754e+01 -1.377005e+02
<VARIANCE> 6
 2.592638e+02 1.285493e+06 3.682784e+06 2.993205e+02 3.994559e+04 5.111338e+07
<GCONST> 7.981729e+01
<MIXTURE> 2 1.681386e-01
<MEAN> 6
 4.176193e+01 -1.074204e+02 3.413712e+02 6.709708e+01 -3.657960e+02 -1.187319e+03
<VARIANCE> 6
 9.140191e+02 1.285658e+06 3.209676e+06 3.974130e+04 1.381073e+05 5.111338e+07
<GCONST> 8.706907e+01
<MIXTURE> 3 1.158614e-01
<MEAN> 6
 -6.497758e+01 1.515475e+02 -2.443604e+01 1.313882e+01 3.253962e+02 3.804014e+02
<VARIANCE> 6
 1.294133e+02 9.617791e+05 1.658281e+06 2.123383e+03 1.186552e+05 5.111338e+07
<GCONST> 8.108241e+01
<MIXTURE> 4 9.665325e-02
<MEAN> 6
 2.128721e+01 1.214127e+02 -8.496201e+02 -1.361679e+02 -3.191643e+01 5.389458e+03
<VARIANCE> 6
 3.570242e+03 4.158966e+06 9.431194e+06 5.370974e+04 3.351947e+06 1.389588e+09
<GCONST> 9.747664e+01
<MIXTURE> 5 2.957176e-02
<MEAN> 6
 6.273732e+01 -6.899009e+02 -4.823404e+03 -5.216942e-02 -6.258452e+00 -5.022216e+01
<VARIANCE> 6
 3.167854e+01 1.410230e+06 6.541487e+06 2.993205e+02 3.994559e+04 5.111338e+07
<GCONST> 7.838219e+01
<MIXTURE> 6 9.249526e-02
<MEAN> 6
 -3.324439e+01 -1.125039e+01 4.193658e+02 7.187042e+01 7.017561e+02 -1.581072e+03
<VARIANCE> 6
 4.960849e+02 1.010824e+06 1.436314e+06 4.140493e+04 3.137828e+05 1.021224e+08
<GCONST> 8.696717e+01
<MIXTURE> 7 1.318470e-01
<MEAN> 6
 7.085055e+01 -2.032375e+02 -1.581998e+02 -4.360462e+01 -7.789357e+02 -1.639877e+02
<VARIANCE> 6
 5.063998e+02 7.792403e+05 8.759496e+05 2.916731e+04 3.137182e+05 1.334289e+08
<GCONST> 8.614986e+01
<MIXTURE> 8 1.511425e-01
<MEAN> 6
 6.985857e+01 -2.683529e+02 -1.726385e+02 1.031045e+00 -3.090853e+01 -1.751521e+02
<VARIANCE> 6
 1.985385e+02 4.348425e+05 1.670103e+06 2.993205e+02 3.994559e+04 5.111338e+07
<GCONST> 7.767573e+01
<MIXTURE> 9 9.193943e-02
<MEAN> 6
 -4.050557e+01 -3.646376e+02 -1.106117e+02 3.623261e+00 7.963278e+02 -1.709930e+03
<VARIANCE> 6
 5.817981e+02 4.524694e+05 1.772066e+06 4.174088e+04 5.007863e+05 1.876272e+08
<GCONST> 8.761665e+01
<STATE> 3
<NUMMIXES> 9
<MIXTURE> 1 1.314865e-01
<MEAN> 6
 8.150359e+01 1.541106e+03 7.096790e+01 -4.005079e+00 -1.159890e+01 -3.524300e+01
<VARIANCE> 6
 3.167854e+01 2.211523e+05 1.151911e+05 2.993205e+02 3.994559e+04 5.111338e+07
<GCONST> 7.249020e+01
<MIXTURE> 2 1.120023e-01
<MEAN> 6
 7.750081e+01 1.178505e+03 -7.303995e+02 -2.667870e+00 -2.574442e+00 5.620440e+01
<VARIANCE> 6
 3.167854e+01 2.234828e+04 6.946602e+05 2.993205e+02 3.994559e+04 5.111338e+07
<GCONST> 7.199493e+01
<MIXTURE> 3 1.406972e-01
<MEAN> 6
 9.714625e+01 6.497122e+02 -1.809323e+03 -2.563373e+00 -1.624837e-01 2.048248e+01
<VARIANCE> 6
 3.948589e+01 1.940285e+04 9.074141e+05 2.993205e+02 3.994559e+04 5.111338e+07
<GCONST> 7.234108e+01
<MIXTURE> 4 6.488375e-02
<MEAN> 6
 5.307135e+01 1.245905e+03 2.740116e+03 -3.598063e+00 3.570198e+00 6.374318e+01
<VARIANCE> 6
 3.167854e+01 1.356018e+06 9.336961e+04 2.993205e+02 3.994559e+04 5.111338e+07
<GCONST> 7.409364e+01
<MIXTURE> 5 1.182174e-01
<MEAN> 6
 7.585018e+01 5.474355e+02 -4.657450e+02 -1.059530e+00 -3.147023e+00 -3.867663e+01
<VARIANCE> 6
 3.167854e+01 2.952930e+04 2.804283e+05 2.993205e+02 3.994559e+04 5.111338e+07
<GCONST> 7.136646e+01
<MIXTURE> 6 9.051374e-02
<MEAN> 6
 8.560405e+01 3.581985e+02 -1.027755e+02 -2.816667e+00 -5.833561e+00 2.159390e+01
<VARIANCE> 6
 4.807157e+01 1.492834e+04 1.406099e+05 2.993205e+02 3.994559e+04 5.111338e+07
<GCONST> 7.041106e+01
<MIXTURE> 7 1.366489e-01
<MEAN> 6
 7.453805e+01 4.421850e+02 -3.105837e+02 -1.204854e+00 -4.229248e+00 -3.543703e+01
<VARIANCE> 6
 3.167854e+01 1.536693e+04 3.096434e+05 2.993205e+02 3.994559e+04 5.111338e+07
<GCONST> 7.081240e+01
<MIXTURE> 8 1.134626e-01
<MEAN> 6
 7.470561e+01 9.446832e+02 3.853376e+01 -1.700248e+00 -5.232677e+00 1.006869e+02
<VARIANCE> 6
 3.167854e+01 4.592722e+04 6.253151e+05 2.993205e+02 3.994559e+04 5.111338e+07
<GCONST> 7.261008e+01
<MIXTURE> 9 9.205268e-02
<MEAN> 6
 8.342062e+01 3.060690e+02 -3.135924e+02 -3.198008e+00 -5.063538e+00 8.590400e+01
<VARIANCE> 6
 5.392268e+01 1.492834e+04 2.252828e+05 2.993205e+02 3.994559e+04 5.111338e+07
<GCONST> 7.099729e+01
<STATE> 4
<NUMMIXES> 9
<MIXTURE> 1 8.908296e-02
<MEAN> 6
 1.121303e+02 6.735731e+02 6.553329e+01 -4.026972e+00 -8.843971e-01 9.078503e+01
<VARIANCE> 6
 4.664845e+01 2.288258e+04 7.897684e+04 2.993205e+02 3.994559e+04 5.111338e+07
<GCONST> 7.023129e+01
<MIXTURE> 2 1.642528e-01
<MEAN> 6
 8.444116e+01 2.400078e+03 -3.661447e+02 -3.288010e+00 3.660611e+00 1.370260e+02
<VARIANCE> 6
 5.269263e+02 1.050174e+07 1.402748e+05 2.993205e+02 3.994559e+04 5.111338e+07
<GCONST> 7.935908e+01
<MIXTURE> 3 5.149191e-02
<MEAN> 6
 1.065255e+02 -2.446265e+03 4.036135e+03 -5.202872e+00 -1.014154e+01 2.521686e+02
<VARIANCE> 6
 3.167854e+01 1.363246e+06 5.648109e+05 2.993205e+02 3.994559e+04 5.111338e+07
<GCONST> 7.589887e+01
<MIXTURE> 4 1.323308e-01
<MEAN> 6
 8.340176e+01 -4.416132e+02 5.600746e+01 -2.689402e+00 -3.270973e+00 -6.336117e+01
<VARIANCE> 6
 3.167854e+01 1.492834e+04 1.349662e+06 2.993205e+02 3.994559e+04 5.111338e+07
<GCONST> 7.225563e+01
<MIXTURE> 5 1.081191e-01
<MEAN> 6
 9.886172e+01 6.553621e+02 2.431654e+03 -2.400432e+00 -3.808119e+00 6.851635e+00
<VARIANCE> 6
 3.167854e+01 3.989919e+05 4.554985e+05 2.993205e+02 3.994559e+04 5.111338e+07
<GCONST> 7.445509e+01
<MIXTURE> 6 1.432402e-01
<MEAN> 6
 9.768059e+01 -5.006571e+02 -5.413890e+02 -1.141625e+00 -2.179302e+00 -7.076011e+01
<VARIANCE> 6
 3.199079e+01 1.492834e+04 1.604832e+04 2.993205e+02 3.994559e+04 5.111338e+07
<GCONST> 6.783344e+01
<MIXTURE> 7 1.389775e-01
<MEAN> 6
 8.984949e+01 -2.032835e+03 2.954589e+03 -3.428153e+00 7.872647e+00 9.912195e+01
<VARIANCE> 6
 3.864699e+01 2.357100e+06 7.843514e+04 2.993205e+02 3.994559e+04 5.111338e+07
<GCONST> 7.467105e+01
<MIXTURE> 8 6.398419e-02
<MEAN> 6
 5.712999e+01 -8.804464e+03 -1.989527e+03 -5.955019e-01 -6.642513e+00 -8.984837e+01
<VARIANCE> 6
 3.167854e+01 2.072550e+07 3.210180e+04 2.993205e+02 3.994559e+04 5.111338e+07
<GCONST> 7.575279e+01
<MIXTURE> 9 1.085052e-01
<MEAN> 6
 9.571932e+01 3.853518e+02 2.363208e+03 -2.033328e+00 2.685134e+00 3.126128e+01
<VARIANCE> 6
 5.516194e+01 1.995640e+05 5.497338e+05 2.993205e+02 3.994559e+04 5.111338e+07
<GCONST> 7.450497e+01
<STATE> 5
<NUMMIXES> 9
<MIXTURE> 1 1.321395e-01
<MEAN> 6
 6.819955e+01 -5.742834e+00 6.022010e+02 6.094407e-01 -9.709303e-01 -9.916825e+01
<VARIANCE> 6
 7.201820e+01 2.793912e+04 5.106870e+04 2.993205e+02 3.994559e+04 5.111338e+07
<GCONST> 7.042924e+01
<MIXTURE> 2 6.773543e-02
<MEAN> 6
 6.706802e+01 -1.166898e+03 -1.579274e+02 6.180867e-01 -6.977059e+00 -7.504437e+01
<VARIANCE> 6
 3.167854e+01 8.606527e+04 1.954741e+05 2.993205e+02 3.994559e+04 5.111338e+07
<GCONST> 7.207529e+01
<MIXTURE> 3 9.010761e-02
<MEAN> 6
 6.276959e+01 7.044099e+01 -2.746563e+01 2.190458e-01 -3.557851e+00 -1.845853e+02
<VARIANCE> 6
 3.956226e+01 2.256048e+04 1.853298e+04 2.993205e+02 3.994559e+04 5.111338e+07
<GCONST> 6.860275e+01
<MIXTURE> 4 1.459582e-01
<MEAN> 6
 6.414620e+01 -5.999540e+01 -2.978406e+02 6.501164e-02 -3.745508e+00 -1.376209e+02
<VARIANCE> 6
 3.167854e+01 2.300596e+04 2.874293e+04 2.993205e+02 3.994559e+04 5.111338e+07
<GCONST> 6.883891e+01
<MIXTURE> 5 1.331856e-01
<MEAN> 6
 8.343204e+01 -1.114036e+02 -1.049517e+02 1.584787e-01 -8.348101e-01 -1.923492e+01
<VARIANCE> 6
 3.167854e+01 1.492834e+04 2.719863e+04 2.993205e+02 3.994559e+04 5.111338e+07
<GCONST> 6.835119e+01
<MIXTURE> 6 1.479703e-01
<MEAN> 6
 5.716521e+01 1.150733e+00 2.701509e+02 -2.495601e-01 -4.328375e+00 -1.337558e+02
<VARIANCE> 6
 3.167854e+01 1.492834e+04 3.393680e+04 2.993205e+02 3.994559e+04 5.111338e+07
<GCONST> 6.857252e+01
<MIXTURE> 7 1.242960e-01
<MEAN> 6
 6.357734e+01 -1.872830e+02 -4.315872e+02 -2.341262e-01 -4.114237e+00 -1.442328e+02
<VARIANCE> 6
 3.167854e+01 1.492834e+04 4.315032e+04 2.993205e+02 3.994559e+04 5.111338e+07
<GCONST> 6.881271e+01
<MIXTURE> 8 6.419954e-02
<MEAN> 6
 5.471476e+01 -1.492585e+02 3.944245e+01 -4.260107e-01 -8.914295e-01 -5.118240e+01
<VARIANCE> 6
 3.167854e+01 5.974334e+04 3.107273e+04 2.993205e+02 3.994559e+04 5.111338e+07
<GCONST> 6.987115e+01
<MIXTURE> 9 9.427311e-02
<MEAN> 6
 5.972511e+01 2.628310e+01 -7.229339e+01 9.186691e-02 -3.724048e+00 -1.500983e+02
<VARIANCE> 6
 3.167854e+01 3.154685e+04 1.610285e+04 2.993205e+02 3.994559e+04 5.111338e+07
<GCONST> 6.857523e+01
<STATE> 6
<NUMMIXES> 9
<MIXTURE> 1 9.252273e-02
<MEAN> 6
 2.676732e+01 3.949807e+02 3.140273e+02 6.087173e+00 -5.642214e+01 -2.887557e+02
<VARIANCE> 6
 3.063832e+03 1.765281e+06 2.184419e+06 2.398973e+04 2.742366e+05 5.111338e+07
<GCONST> 8.839204e+01
<MIXTURE> 2 1.510247e-02
<MEAN> 6
 -1.012139e+01 1.525649e+02 1.251172e+02 -3.260040e+01 2.021799e+02 5.669661e+03
<VARIANCE> 6
 1.160909e+04 1.965257e+05 4.293899e+05 1.917753e+06 1.050041e+09 1.544533e+12
<GCONST> 1.088500e+02
<MIXTURE> 3 8.987155e-02
<MEAN> 6
 3.428700e+01 6.321616e+01 -8.978322e+00 -4.331759e+01 -3.909993e+02 1.964790e+03
<VARIANCE> 6
 3.759359e+03 5.006047e+05 3.409219e+05 5.518759e+04 2.488742e+06 1.318052e+09
<GCONST> 9.176745e+01
<MIXTURE> 4 9.208854e-02
<MEAN> 6
 8.248772e+01 5.174389e+01 5.239488e+01 -7.481175e+00 -1.306080e+01 -1.893810e+02
<VARIANCE> 6
 1.517039e+02 2.747121e+05 1.504644e+05 2.993205e+02 3.994559e+04 5.111338e+07
<GCONST> 7.454050e+01
<MIXTURE> 5 1.283806e-01
<MEAN> 6
 -4.187260e+01 -2.481277e+01 1.461412e+02 -6.974911e+00 1.102238e+03 -1.183328e+02
<VARIANCE> 6
 3.950471e+02 1.877223e+05 1.836668e+05 3.774900e+04 3.938966e+05 2.283203e+08
<GCONST> 8.393869e+01
<MIXTURE> 6 1.575428e-01
<MEAN> 6
 6.268545e+01 1.205595e+01 -4.090205e+00 4.481590e+01 -4.397274e+02 -7.694417e+02
<VARIANCE> 6
 5.444597e+02 1.417814e+05 6.638323e+04 2.134785e+04 1.809641e+05 5.111338e+07
<GCONST> 8.011661e+01
<MIXTURE> 7 1.598071e-01
<MEAN> 6
 -3.630602e+01 -3.168900e+01 1.800903e+01 4.320766e+01 3.571570e+02 -6.412063e+02
<VARIANCE> 6
 6.256179e+02 6.705142e+04 8.076057e+04 1.230214e+04 1.120341e+05 5.111338e+07
<GCONST> 7.867211e+01
<MIXTURE> 8 1.713437e-01
<MEAN> 6
 4.424489e+01 -2.180277e+01 -5.015461e+01 -4.349539e+01 -5.101178e+02 3.807754e+02
<VARIANCE> 6
 1.038232e+03 7.863673e+04 1.354764e+05 4.359672e+04 4.088774e+05 1.407727e+08
<GCONST> 8.342825e+01
<MIXTURE> 9 9.245867e-02
<MEAN> 6
 7.862445e+01 -1.318085e+02 -6.668147e+01 -6.750769e+00 -2.613524e+01 -2.547966e+02
<VARIANCE> 6
 1.462822e+02 2.268559e+05 1.493782e+05 2.993205e+02 3.994559e+04 5.111338e+07
<GCONST> 7.430546e+01
<TRANSP> 7
 0.000000e+00 1.000000e+00 0.000000e+00 0.000000e+00 0.000000e+00 0.000000e+00 0.000000e+00
 0.000000e+00 9.999058e-01 9.416347e-05 0.000000e+00 0.000000e+00 0.000000e+00 0.000000e+00
 0.000000e+00 0.000000e+00 9.988848e-01 1.115228e-03 0.000000e+00 0.000000e+00 0.000000e+00
 0.000000e+00 0.000000e+00 0.000000e+00 9.988915e-01 1.108532e-03 0.000000e+00 0.000000e+00
 0.000000e+00 0.000000e+00 0.000000e+00 0.000000e+00 9.994652e-01 5.348077e-04 0.000000e+00
 0.000000e+00 0.000000e+00 0.000000e+00 0.000000e+00 0.000000e+00 9.999254e-01 7.463969e-05
 0.000000e+00 0.000000e+00 0.000000e+00 0.000000e+00 0.000000e+00 0.000000e+00 0.000000e+00
<ENDHMM>
