~o
<STREAMINFO> 1 6
<VECSIZE> 6<NULLD><USER><DIAGC>
~h "SegundoPRIMARIA"
<BEGINHMM>
<NUMSTATES> 12
<STATE> 2
<NUMMIXES> 5
<MIXTURE> 1 2.803700e-01
<MEAN> 6
 7.790095e+01 5.803626e+01 2.204557e+01 5.795277e-01 -3.877195e+01 -1.898492e+02
<VARIANCE> 6
 3.231048e+02 3.249230e+05 2.283332e+06 2.998198e+02 4.022584e+04 5.158639e+07
<GCONST> 7.820194e+01
<MIXTURE> 2 1.279700e-01
<MEAN> 6
 3.688504e+01 -5.621750e+00 1.953416e+02 -8.328216e+01 -2.192967e+02 3.592003e+03
<VARIANCE> 6
 3.311948e+03 2.853263e+05 1.617119e+06 6.423577e+04 2.195811e+06 8.916526e+08
<GCONST> 9.227106e+01
<MIXTURE> 3 2.453794e-01
<MEAN> 6
 4.256661e+01 5.022152e+00 6.214674e+01 5.212967e+01 -2.288942e+02 -1.694075e+03
<VARIANCE> 6
 2.321261e+03 1.120458e+05 4.277298e+05 3.537631e+04 4.013387e+05 5.177585e+07
<GCONST> 8.450883e+01
<MIXTURE> 4 2.133815e-01
<MEAN> 6
 -5.470770e+01 -1.172617e+01 -1.540859e+02 2.850317e+01 4.959010e+02 1.557567e+02
<VARIANCE> 6
 5.386168e+02 1.630035e+05 1.252927e+06 1.166934e+04 1.792921e+05 5.158639e+07
<GCONST> 8.257905e+01
<MIXTURE> 5 1.327329e-01
<MEAN> 6
 3.034875e+01 -1.272138e+02 -1.785047e+02 -5.798910e+01 -7.732404e+01 -2.686066e+02
<VARIANCE> 6
 3.432938e+03 4.311836e+05 1.566093e+06 5.861775e+04 2.244742e+06 4.643588e+08
<GCONST> 9.196588e+01
<STATE> 3
<NUMMIXES> 5
<MIXTURE> 1 2.151743e-01
<MEAN> 6
 8.026936e+01 2.161185e+02 -8.018102e+01 3.100791e-01 -1.167651e+01 1.949522e+01
<VARIANCE> 6
 3.185104e+01 2.406054e+04 1.387160e+04 2.998198e+02 4.022584e+04 5.158639e+07
<GCONST> 6.817847e+01
<MIXTURE> 2 1.494960e-01
<MEAN> 6
 8.791573e+01 -3.877059e+02 -8.431881e+01 -1.696516e+00 -2.291967e+00 -4.829573e+01
<VARIANCE> 6
 4.628553e+01 1.268391e+05 1.387160e+04 2.998198e+02 4.022584e+04 5.158639e+07
<GCONST> 7.021458e+01
<MIXTURE> 3 2.544343e-01
<MEAN> 6
 9.398557e+01 -4.081701e+02 -5.353405e+02 -1.064468e-01 -1.322547e+00 -4.569878e+01
<VARIANCE> 6
 3.185104e+01 3.348616e+04 1.387160e+04 2.998198e+02 4.022584e+04 5.158639e+07
<GCONST> 6.850903e+01
<MIXTURE> 4 1.860271e-01
<MEAN> 6
 7.708697e+01 6.791824e+01 -3.103484e+02 -6.681879e-01 -7.823896e-02 -3.363264e+01
<VARIANCE> 6
 3.185104e+01 1.195217e+04 1.387160e+04 2.998198e+02 4.022584e+04 5.158639e+07
<GCONST> 6.747881e+01
<MIXTURE> 5 1.948517e-01
<MEAN> 6
 7.321169e+01 1.000835e+02 -3.795115e+02 1.199880e+00 2.898338e+00 3.074437e+01
<VARIANCE> 6
 3.674949e+01 1.195217e+04 1.387160e+04 2.998198e+02 4.022584e+04 5.158639e+07
<GCONST> 6.762186e+01
<STATE> 4
<NUMMIXES> 5
<MIXTURE> 1 3.023801e-01
<MEAN> 6
 7.422976e+01 3.778216e+01 1.648116e+02 -9.206550e-01 -3.477998e+00 -4.782485e+01
<VARIANCE> 6
 3.185104e+01 1.221186e+04 1.387160e+04 2.998198e+02 4.022584e+04 5.158639e+07
<GCONST> 6.750031e+01
<MIXTURE> 2 1.469567e-01
<MEAN> 6
 7.002226e+01 -1.586100e+02 1.003388e+02 -5.726147e-02 -5.868690e+00 -1.450119e+02
<VARIANCE> 6
 3.185104e+01 6.158382e+04 2.979983e+04 2.998198e+02 4.022584e+04 5.158639e+07
<GCONST> 6.988296e+01
<MIXTURE> 3 1.656766e-01
<MEAN> 6
 6.399234e+01 -4.298203e+02 2.457928e+02 4.784440e-01 8.603178e-01 -9.306931e+01
<VARIANCE> 6
 3.185104e+01 2.399014e+04 1.387160e+04 2.998198e+02 4.022584e+04 5.158639e+07
<GCONST> 6.817554e+01
<MIXTURE> 4 1.893339e-01
<MEAN> 6
 6.906853e+01 -6.079259e+01 3.017729e+01 8.004122e-01 2.441056e+00 -1.307727e+02
<VARIANCE> 6
 3.185104e+01 1.195217e+04 4.161761e+04 2.998198e+02 4.022584e+04 5.158639e+07
<GCONST> 6.857749e+01
<MIXTURE> 5 1.956233e-01
<MEAN> 6
 6.839198e+01 -8.080714e+01 -6.041868e+01 9.315945e-01 4.623788e+00 -1.514999e+02
<VARIANCE> 6
 3.185104e+01 1.195217e+04 2.539099e+04 2.998198e+02 4.022584e+04 5.158639e+07
<GCONST> 6.808337e+01
<STATE> 5
<NUMMIXES> 5
<MIXTURE> 1 2.459243e-01
<MEAN> 6
 9.307693e+01 7.572137e+02 2.101660e+02 -2.971553e+00 -2.646982e-01 -4.228505e+01
<VARIANCE> 6
 3.185104e+01 3.822723e+04 1.387160e+04 2.998198e+02 4.022584e+04 5.158639e+07
<GCONST> 6.864145e+01
<MIXTURE> 2 2.174033e-01
<MEAN> 6
 8.677784e+01 9.201335e+01 4.030700e+02 -2.205102e+00 2.627545e+00 3.860920e+01
<VARIANCE> 6
 3.185104e+01 1.539869e+05 1.387160e+04 2.998198e+02 4.022584e+04 5.158639e+07
<GCONST> 7.003477e+01
<MIXTURE> 3 2.042426e-01
<MEAN> 6
 9.351031e+01 7.073817e+01 1.224277e+02 -1.581094e+00 -1.690030e+00 -9.806796e+01
<VARIANCE> 6
 3.185104e+01 2.203025e+04 1.387160e+04 2.998198e+02 4.022584e+04 5.158639e+07
<GCONST> 6.809032e+01
<MIXTURE> 4 1.163436e-01
<MEAN> 6
 8.897442e+01 -1.411095e+02 2.976011e+02 -6.974577e-01 -1.515014e+01 -3.453139e+01
<VARIANCE> 6
 3.185104e+01 3.221997e+05 3.088013e+04 2.998198e+02 4.022584e+04 5.158639e+07
<GCONST> 7.157334e+01
<MIXTURE> 5 2.160654e-01
<MEAN> 6
 9.446030e+01 5.518438e+00 8.510703e+01 -1.083156e+00 1.238113e+00 -1.027273e+02
<VARIANCE> 6
 3.185104e+01 2.231646e+04 1.387160e+04 2.998198e+02 4.022584e+04 5.158639e+07
<GCONST> 6.810323e+01
<STATE> 6
<NUMMIXES> 5
<MIXTURE> 1 4.114881e-01
<MEAN> 6
 7.998438e+01 -1.508473e+02 -7.284109e+02 -1.646982e+00 -1.037341e+01 -1.341032e+02
<VARIANCE> 6
 3.343875e+01 9.153808e+04 2.200261e+04 2.998198e+02 4.022584e+04 5.158639e+07
<GCONST> 7.002462e+01
<MIXTURE> 2 1.317317e-01
<MEAN> 6
 9.040584e+01 -9.495341e+01 -3.122197e+03 -7.472600e+00 -3.322926e-01 2.947615e+02
<VARIANCE> 6
 6.303276e+01 1.195217e+04 1.387160e+04 2.998198e+02 4.022584e+04 5.158639e+07
<GCONST> 6.816140e+01
<MIXTURE> 3 5.930359e-02
<MEAN> 6
 7.650182e+01 -3.357274e+02 -2.677494e+03 -9.306928e-01 -4.073719e+00 -1.892052e+02
<VARIANCE> 6
 3.185104e+01 1.195217e+04 1.387160e+04 2.998198e+02 4.022584e+04 5.158639e+07
<GCONST> 6.747881e+01
<MIXTURE> 4 2.003897e-01
<MEAN> 6
 7.666409e+01 -6.262105e+02 -6.615003e+02 -1.965611e+00 -2.161298e+00 -3.754004e+01
<VARIANCE> 6
 3.185104e+01 3.236808e+05 1.387160e+04 2.998198e+02 4.022584e+04 5.158639e+07
<GCONST> 7.077766e+01
<MIXTURE> 5 1.970854e-01
<MEAN> 6
 7.757021e+01 -1.114957e+03 -7.308253e+02 -1.092343e+00 -2.590214e+00 -1.557778e+02
<VARIANCE> 6
 3.185104e+01 5.656616e+05 1.387160e+04 2.998198e+02 4.022584e+04 5.158639e+07
<GCONST> 7.133590e+01
<STATE> 7
<NUMMIXES> 5
<MIXTURE> 1 2.098790e-01
<MEAN> 6
 1.256224e+02 1.055116e+03 1.276829e+03 -3.794368e+00 2.809019e+00 1.259085e+02
<VARIANCE> 6
 3.185104e+01 6.460205e+05 1.424105e+05 2.998198e+02 4.022584e+04 5.158639e+07
<GCONST> 7.379761e+01
<MIXTURE> 2 1.865215e-01
<MEAN> 6
 1.039324e+02 -4.944667e+02 2.262187e+03 -2.646821e+00 3.529878e+00 -1.206871e+02
<VARIANCE> 6
 2.592871e+02 1.195217e+04 5.956506e+04 2.998198e+02 4.022584e+04 5.158639e+07
<GCONST> 7.103291e+01
<MIXTURE> 3 1.750972e-01
<MEAN> 6
 9.618958e+01 -1.314062e+02 8.567064e+02 -2.402629e+00 -6.303929e+00 -1.211272e+02
<VARIANCE> 6
 3.185104e+01 4.829123e+04 7.499751e+04 2.998198e+02 4.022584e+04 5.158639e+07
<GCONST> 7.056277e+01
<MIXTURE> 4 2.355644e-01
<MEAN> 6
 9.395109e+01 5.327671e+02 1.152133e+03 -3.109517e+00 -9.412489e+00 9.274268e+01
<VARIANCE> 6
 6.470279e+01 1.289742e+05 1.387160e+04 2.998198e+02 4.022584e+04 5.158639e+07
<GCONST> 7.056625e+01
<MIXTURE> 5 1.929362e-01
<MEAN> 6
 9.693791e+01 -2.251807e+02 7.194053e+02 -4.617873e+00 -5.305367e+00 -9.499472e+01
<VARIANCE> 6
 3.458065e+01 4.165622e+04 3.706973e+04 2.998198e+02 4.022584e+04 5.158639e+07
<GCONST> 6.979253e+01
<STATE> 8
<NUMMIXES> 5
<MIXTURE> 1 1.865076e-01
<MEAN> 6
 1.124604e+02 -2.088436e+02 -4.255550e+02 -4.184047e+00 -1.397840e+00 -1.272296e+02
<VARIANCE> 6
 3.185104e+01 1.437296e+05 1.387160e+04 2.998198e+02 4.022584e+04 5.158639e+07
<GCONST> 6.996584e+01
<MIXTURE> 2 7.795718e-02
<MEAN> 6
 1.291717e+02 -1.929899e+03 7.037817e+01 -3.850974e+01 -3.299278e+01 -1.100101e+02
<VARIANCE> 6
 4.166176e+02 9.070208e+05 5.163385e+04 2.998198e+02 4.022584e+04 5.158639e+07
<GCONST> 7.569350e+01
<MIXTURE> 3 2.785169e-01
<MEAN> 6
 9.974413e+01 -3.430297e+03 -7.179055e+01 -3.099476e+00 2.578247e+00 -1.241501e+02
<VARIANCE> 6
 3.185104e+01 4.111746e+05 1.545988e+04 2.998198e+02 4.022584e+04 5.158639e+07
<GCONST> 7.112533e+01
<MIXTURE> 4 2.767142e-01
<MEAN> 6
 9.979593e+01 -2.827753e+03 -1.738300e+02 -3.131714e+00 -7.184557e+00 -2.556632e+02
<VARIANCE> 6
 3.185104e+01 5.627783e+05 1.486078e+04 2.998198e+02 4.022584e+04 5.158639e+07
<GCONST> 7.139967e+01
<MIXTURE> 5 1.803003e-01
<MEAN> 6
 1.097424e+02 -4.513295e+02 -3.739529e+02 -4.064252e+00 1.843455e+00 -6.729169e+01
<VARIANCE> 6
 3.185104e+01 1.194903e+05 1.489786e+04 2.998198e+02 4.022584e+04 5.158639e+07
<GCONST> 6.985251e+01
<STATE> 9
<NUMMIXES> 5
<MIXTURE> 1 1.238809e-01
<MEAN> 6
 6.692586e+01 -2.867760e+02 -8.455449e+02 2.768242e-01 -4.513396e+00 -1.259304e+02
<VARIANCE> 6
 3.185104e+01 1.700593e+05 1.068163e+05 2.998198e+02 4.022584e+04 5.158639e+07
<GCONST> 7.217532e+01
<MIXTURE> 2 1.792565e-01
<MEAN> 6
 6.457407e+01 6.298364e+02 -1.516121e+02 -3.300779e-01 -2.002297e+00 -1.555538e+02
<VARIANCE> 6
 3.185104e+01 1.093749e+05 1.387160e+04 2.998198e+02 4.022584e+04 5.158639e+07
<GCONST> 6.969268e+01
<MIXTURE> 3 2.014326e-01
<MEAN> 6
 7.053327e+01 5.902533e+02 -1.090930e+03 -2.638583e-01 -6.514440e+00 -2.877423e+01
<VARIANCE> 6
 3.185104e+01 5.204143e+05 1.686952e+04 2.998198e+02 4.022584e+04 5.158639e+07
<GCONST> 7.144819e+01
<MIXTURE> 4 3.102773e-01
<MEAN> 6
 6.283856e+01 -5.806919e+02 -4.178086e+02 -3.146809e-02 -2.699294e+00 -1.483137e+02
<VARIANCE> 6
 3.574339e+01 1.865748e+05 3.479681e+04 2.998198e+02 4.022584e+04 5.158639e+07
<GCONST> 7.126171e+01
<MIXTURE> 5 1.851378e-01
<MEAN> 6
 6.036255e+01 1.690064e+02 -2.240950e+02 2.378354e-01 -3.763259e+00 -1.604742e+02
<VARIANCE> 6
 4.517389e+01 2.064130e+05 1.387160e+04 2.998198e+02 4.022584e+04 5.158639e+07
<GCONST> 7.067723e+01
<STATE> 10
<NUMMIXES> 5
<MIXTURE> 1 1.725583e-01
<MEAN> 6
 8.314333e+01 -6.161638e+02 7.533965e+02 -3.574287e-01 1.129666e+01 -1.893824e+02
<VARIANCE> 6
 6.298273e+01 9.529844e+05 2.235593e+04 2.998198e+02 4.022584e+04 5.158639e+07
<GCONST> 7.301654e+01
<MIXTURE> 2 1.250997e-01
<MEAN> 6
 7.522239e+01 -8.923374e+03 1.475683e+03 -2.608202e+00 -6.865839e+00 -7.537285e+01
<VARIANCE> 6
 3.185104e+01 1.973722e+04 1.768709e+05 2.998198e+02 4.022584e+04 5.158639e+07
<GCONST> 7.052599e+01
<MIXTURE> 3 2.165009e-01
<MEAN> 6
 7.657770e+01 1.712821e+03 3.802597e+02 -1.309314e+00 -7.317616e+00 -1.259311e+02
<VARIANCE> 6
 3.185104e+01 1.379306e+06 6.549809e+04 2.998198e+02 4.022584e+04 5.158639e+07
<GCONST> 7.377941e+01
<MIXTURE> 4 2.240144e-01
<MEAN> 6
 7.647998e+01 7.590005e+02 1.031853e+02 -9.527880e-01 -5.570256e+00 -1.806506e+00
<VARIANCE> 6
 3.185104e+01 2.676831e+06 1.050979e+05 2.998198e+02 4.022584e+04 5.158639e+07
<GCONST> 7.491534e+01
<MIXTURE> 5 2.618216e-01
<MEAN> 6
 7.493539e+01 6.391519e+02 5.998190e+02 -6.465034e-01 1.195921e+00 -1.447212e+02
<VARIANCE> 6
 3.185104e+01 3.319713e+05 2.307775e+04 2.998198e+02 4.022584e+04 5.158639e+07
<GCONST> 7.131197e+01
<STATE> 11
<NUMMIXES> 5
<MIXTURE> 1 2.616022e-02
<MEAN> 6
 3.385526e+01 8.194368e+02 -2.046741e+02 -1.160429e+01 -5.579653e+02 3.682688e+03
<VARIANCE> 6
 7.148804e+03 1.954208e+07 1.617811e+06 3.705460e+05 1.800319e+08 2.572130e+11
<GCONST> 1.090912e+02
<MIXTURE> 2 3.200576e-01
<MEAN> 6
 -2.133337e+01 9.372688e+01 2.465491e+01 7.772289e+01 3.998954e+02 -1.048588e+03
<VARIANCE> 6
 1.522902e+03 2.119281e+05 6.148217e+04 2.629398e+04 2.901263e+05 5.534112e+07
<GCONST> 8.223033e+01
<MIXTURE> 3 1.594865e-01
<MEAN> 6
 3.563530e+01 9.082229e+01 1.266840e+02 -2.723758e+01 -2.395256e+02 1.498738e+02
<VARIANCE> 6
 3.735273e+03 2.429750e+05 3.561068e+05 6.468141e+04 2.311830e+06 8.722430e+08
<GCONST> 9.075390e+01
<MIXTURE> 4 3.316434e-01
<MEAN> 6
 9.021222e+01 -3.684665e+01 -1.302171e+01 -9.777464e+00 -2.924359e+02 -4.590845e+02
<VARIANCE> 6
 3.567689e+02 5.166087e+05 1.224053e+05 9.837558e+03 1.990205e+05 5.158639e+07
<GCONST> 8.092838e+01
<MIXTURE> 5 1.616314e-01
<MEAN> 6
 1.660528e+01 -1.128529e+02 -5.368706e+01 -1.024403e+02 1.347959e+02 2.389190e+03
<VARIANCE> 6
 3.540153e+03 2.990809e+05 1.705145e+05 5.562248e+04 2.349939e+06 5.814570e+08
<GCONST> 8.963152e+01
<TRANSP> 12
 0.000000e+00 1.000000e+00 0.000000e+00 0.000000e+00 0.000000e+00 0.000000e+00 0.000000e+00 0.000000e+00 0.000000e+00 0.000000e+00 0.000000e+00 0.000000e+00
 0.000000e+00 9.998341e-01 1.659185e-04 0.000000e+00 0.000000e+00 0.000000e+00 0.000000e+00 0.000000e+00 0.000000e+00 0.000000e+00 0.000000e+00 0.000000e+00
 0.000000e+00 0.000000e+00 9.983615e-01 1.638491e-03 0.000000e+00 0.000000e+00 0.000000e+00 0.000000e+00 0.000000e+00 0.000000e+00 0.000000e+00 0.000000e+00
 0.000000e+00 0.000000e+00 0.000000e+00 9.986174e-01 1.382632e-03 0.000000e+00 0.000000e+00 0.000000e+00 0.000000e+00 0.000000e+00 0.000000e+00 0.000000e+00
 0.000000e+00 0.000000e+00 0.000000e+00 0.000000e+00 9.976391e-01 2.360910e-03 0.000000e+00 0.000000e+00 0.000000e+00 0.000000e+00 0.000000e+00 0.000000e+00
 0.000000e+00 0.000000e+00 0.000000e+00 0.000000e+00 0.000000e+00 9.960034e-01 3.996486e-03 0.000000e+00 0.000000e+00 0.000000e+00 0.000000e+00 0.000000e+00
 0.000000e+00 0.000000e+00 0.000000e+00 0.000000e+00 0.000000e+00 0.000000e+00 9.968984e-01 3.101675e-03 0.000000e+00 0.000000e+00 0.000000e+00 0.000000e+00
 0.000000e+00 0.000000e+00 0.000000e+00 0.000000e+00 0.000000e+00 0.000000e+00 0.000000e+00 9.932777e-01 6.722298e-03 0.000000e+00 0.000000e+00 0.000000e+00
 0.000000e+00 0.000000e+00 0.000000e+00 0.000000e+00 0.000000e+00 0.000000e+00 0.000000e+00 0.000000e+00 9.987972e-01 1.202750e-03 0.000000e+00 0.000000e+00
 0.000000e+00 0.000000e+00 0.000000e+00 0.000000e+00 0.000000e+00 0.000000e+00 0.000000e+00 0.000000e+00 0.000000e+00 9.978047e-01 2.195280e-03 0.000000e+00
 0.000000e+00 0.000000e+00 0.000000e+00 0.000000e+00 0.000000e+00 0.000000e+00 0.000000e+00 0.000000e+00 0.000000e+00 0.000000e+00 9.999410e-01 5.897918e-05
 0.000000e+00 0.000000e+00 0.000000e+00 0.000000e+00 0.000000e+00 0.000000e+00 0.000000e+00 0.000000e+00 0.000000e+00 0.000000e+00 0.000000e+00 0.000000e+00
<ENDHMM>
~h "SegundoESO"
<BEGINHMM>
<NUMSTATES> 12
<STATE> 2
<NUMMIXES> 5
<MIXTURE> 1 1.455173e-01
<MEAN> 6
 6.925824e+01 8.500036e+03 -1.226510e+03 -5.501987e-01 -8.113738e+00 -1.486287e+02
<VARIANCE> 6
 3.185104e+01 2.694327e+07 1.387160e+04 2.998198e+02 4.022584e+04 5.158639e+07
<GCONST> 7.519939e+01
<MIXTURE> 2 2.704983e-01
<MEAN> 6
 6.537681e+01 1.281407e+03 -1.480767e+03 5.818462e-01 -4.586529e+00 -8.264448e+01
<VARIANCE> 6
 3.185104e+01 2.097850e+05 5.033029e+05 2.998198e+02 4.022584e+04 5.158639e+07
<GCONST> 7.393533e+01
<MIXTURE> 3 1.765869e-01
<MEAN> 6
 7.498856e+01 8.439337e+01 -4.741736e+03 -5.095136e-01 -4.090096e+00 -6.620168e+01
<VARIANCE> 6
 3.185104e+01 1.300559e+05 5.550286e+06 2.998198e+02 4.022584e+04 5.158639e+07
<GCONST> 7.585763e+01
<MIXTURE> 4 2.372367e-01
<MEAN> 6
 5.660045e+01 4.673542e+02 -3.624709e+03 2.199768e+00 2.204318e+00 -4.839735e+01
<VARIANCE> 6
 3.185104e+01 6.801248e+04 1.717761e+06 2.998198e+02 4.022584e+04 5.158639e+07
<GCONST> 7.403653e+01
<MIXTURE> 5 1.701387e-01
<MEAN> 6
 7.459249e+01 -1.413152e+02 -6.871396e+03 -2.188985e-01 -3.014665e+00 -5.958237e+01
<VARIANCE> 6
 3.185104e+01 1.329954e+05 6.756290e+06 2.998198e+02 4.022584e+04 5.158639e+07
<GCONST> 7.607661e+01
<STATE> 3
<NUMMIXES> 5
<MIXTURE> 1 2.046925e-01
<MEAN> 6
 7.244243e+01 5.056501e+02 1.215447e+03 2.161644e-01 -1.198919e+00 -1.209456e+02
<VARIANCE> 6
 3.410344e+01 1.200374e+06 4.733397e+05 2.998198e+02 4.022584e+04 5.158639e+07
<GCONST> 7.568659e+01
<MIXTURE> 2 2.352212e-01
<MEAN> 6
 8.379617e+01 -7.503018e+02 1.494915e+02 -7.958817e-01 -3.033317e+00 -1.363356e+02
<VARIANCE> 6
 3.185104e+01 1.495017e+05 5.414381e+04 2.998198e+02 4.022584e+04 5.158639e+07
<GCONST> 7.136701e+01
<MIXTURE> 3 2.147168e-01
<MEAN> 6
 7.545033e+01 4.985324e+02 2.619727e+02 -1.598964e-01 -3.735882e+00 -7.741278e+01
<VARIANCE> 6
 3.185104e+01 6.473605e+04 3.076690e+05 2.998198e+02 4.022584e+04 5.158639e+07
<GCONST> 7.226740e+01
<MIXTURE> 4 1.394871e-01
<MEAN> 6
 8.197222e+01 -2.074363e+03 2.146905e+01 -1.220605e+00 -3.148525e+00 -9.077257e+01
<VARIANCE> 6
 1.009498e+02 1.093672e+06 1.944228e+05 2.998198e+02 4.022584e+04 5.158639e+07
<GCONST> 7.578894e+01
<MIXTURE> 5 2.057706e-01
<MEAN> 6
 7.637553e+01 3.175316e+02 -7.429193e+01 -3.552737e-01 -4.700323e+00 -9.037550e+01
<VARIANCE> 6
 3.185104e+01 9.200876e+04 3.584975e+05 2.998198e+02 4.022584e+04 5.158639e+07
<GCONST> 7.277187e+01
<STATE> 4
<NUMMIXES> 5
<MIXTURE> 1 2.519138e-01
<MEAN> 6
 8.592032e+01 -1.781838e+03 3.822451e+03 -2.212945e+00 -4.101178e+01 -6.840775e+01
<VARIANCE> 6
 9.378925e+01 5.156110e+06 1.896946e+07 2.998198e+02 4.022584e+04 5.158639e+07
<GCONST> 8.184657e+01
<MIXTURE> 2 9.619718e-02
<MEAN> 6
 -3.865369e+00 1.490950e+02 2.970654e+03 1.303364e+02 1.455368e+02 -2.003191e+03
<VARIANCE> 6
 2.763212e+03 6.247688e+06 2.239883e+07 1.751368e+04 4.101772e+05 5.933872e+07
<GCONST> 9.211751e+01
<MIXTURE> 3 2.382455e-01
<MEAN> 6
 -4.078209e+01 5.994969e+02 2.420156e+03 -5.399583e+01 8.906573e+02 9.433536e+02
<VARIANCE> 6
 8.305401e+02 1.558827e+06 4.290628e+06 5.504586e+04 5.611240e+05 2.460090e+08
<GCONST> 9.075523e+01
<MIXTURE> 4 2.722848e-01
<MEAN> 6
 6.763361e+01 -8.732926e+01 1.904561e+03 -2.391599e+01 -8.475162e+02 2.813184e+02
<VARIANCE> 6
 6.328868e+02 7.089362e+05 5.356006e+06 4.241241e+04 2.945402e+05 1.198108e+08
<GCONST> 8.829259e+01
<MIXTURE> 5 1.413559e-01
<MEAN> 6
 -1.457709e+01 -1.192927e+02 9.592598e+02 5.118103e+01 7.535989e+01 -7.763125e+02
<VARIANCE> 6
 2.842686e+03 5.284843e+06 4.322127e+06 1.760505e+04 2.666998e+05 5.158639e+07
<GCONST> 8.976797e+01
<STATE> 5
<NUMMIXES> 5
<MIXTURE> 1 2.817772e-01
<MEAN> 6
 6.686469e+01 -1.266131e+01 9.222496e+01 -3.492875e-01 -6.427617e+00 -1.132862e+02
<VARIANCE> 6
 3.185104e+01 4.055326e+05 4.641993e+04 2.998198e+02 4.022584e+04 5.158639e+07
<GCONST> 7.221099e+01
<MIXTURE> 2 2.190808e-01
<MEAN> 6
 6.684128e+01 2.642773e+02 -1.574692e+02 -2.768466e-01 -5.364538e+00 -1.320286e+02
<VARIANCE> 6
 3.185104e+01 1.122937e+06 7.735588e+04 2.998198e+02 4.022584e+04 5.158639e+07
<GCONST> 7.374018e+01
<MIXTURE> 3 1.869630e-01
<MEAN> 6
 6.718301e+01 -8.817758e+01 -3.715971e+02 -4.811302e-01 -7.075344e+00 -1.281823e+02
<VARIANCE> 6
 4.941470e+01 1.560315e+06 1.164217e+05 2.998198e+02 4.022584e+04 5.158639e+07
<GCONST> 7.491710e+01
<MIXTURE> 4 1.521988e-01
<MEAN> 6
 6.428972e+01 -4.666745e+01 5.212077e+01 -1.514512e-01 -5.653847e+00 -1.192631e+02
<VARIANCE> 6
 4.482415e+01 9.282962e+04 1.628501e+05 2.998198e+02 4.022584e+04 5.158639e+07
<GCONST> 7.233334e+01
<MIXTURE> 5 1.599217e-01
<MEAN> 6
 6.126206e+01 -1.673232e+02 -1.756437e+02 -2.505347e-01 -3.187157e+00 -1.012463e+02
<VARIANCE> 6
 3.516364e+01 1.066514e+05 1.812608e+05 2.998198e+02 4.022584e+04 5.158639e+07
<GCONST> 7.233650e+01
<STATE> 6
<NUMMIXES> 5
<MIXTURE> 1 1.135060e-01
<MEAN> 6
 -2.650676e+01 1.380905e+02 7.832040e+01 -1.670413e+02 8.385735e+02 4.802782e+03
<VARIANCE> 6
 8.533729e+02 1.103399e+06 8.853791e+05 3.004321e+04 1.020661e+06 5.134949e+08
<GCONST> 8.958723e+01
<MIXTURE> 2 3.130513e-01
<MEAN> 6
 2.706918e+01 6.016930e+01 -1.151197e+01 3.156599e+01 -1.401272e+02 -9.170172e+02
<VARIANCE> 6
 1.045580e+03 5.109132e+05 2.310639e+05 4.139391e+04 1.032025e+05 5.158639e+07
<GCONST> 8.340810e+01
<MIXTURE> 3 1.772617e-01
<MEAN> 6
 7.558474e+01 -4.942583e+01 2.000637e+02 1.925113e+00 -5.620464e+02 4.200977e+01
<VARIANCE> 6
 2.009918e+02 7.721273e+05 5.687686e+05 1.303462e+04 1.869459e+05 6.162387e+07
<GCONST> 8.268916e+01
<MIXTURE> 4 2.618546e-01
<MEAN> 6
 -4.654585e+01 2.580257e+01 9.470570e+01 5.105257e+01 6.487516e+02 -1.001188e+03
<VARIANCE> 6
 2.391007e+02 4.733405e+05 2.732322e+05 1.331772e+04 2.150820e+05 5.543149e+07
<GCONST> 8.169608e+01
<MIXTURE> 5 1.338945e-01
<MEAN> 6
 6.718465e+01 -1.308015e+02 -7.091092e+00 -2.795929e+01 -8.866176e+02 6.216238e+01
<VARIANCE> 6
 5.020241e+02 2.483069e+06 2.828099e+05 3.128950e+04 5.098204e+05 2.755703e+08
<GCONST> 8.745065e+01
<STATE> 7
<NUMMIXES> 5
<MIXTURE> 1 2.504898e-01
<MEAN> 6
 8.825437e+01 -1.915964e+02 9.203398e+02 -4.470834e+00 -2.244452e+01 3.517997e+02
<VARIANCE> 6
 3.185104e+01 2.084821e+05 8.486808e+05 2.998198e+02 4.022584e+04 5.158639e+07
<GCONST> 7.445159e+01
<MIXTURE> 2 1.223240e-01
<MEAN> 6
 7.469960e+01 -4.191038e+03 3.289384e+03 -8.458930e-01 -4.656499e+00 -1.163290e+02
<VARIANCE> 6
 1.116231e+02 6.581230e+04 1.963917e+05 2.998198e+02 4.022584e+04 5.158639e+07
<GCONST> 7.308904e+01
<MIXTURE> 3 2.602974e-01
<MEAN> 6
 7.292355e+01 -1.493816e+03 8.729461e+02 -2.788418e+00 -1.360374e+01 1.446052e+02
<VARIANCE> 6
 8.777415e+01 1.060444e+06 8.541139e+05 2.998198e+02 4.022584e+04 5.158639e+07
<GCONST> 7.709827e+01
<MIXTURE> 4 1.820664e-01
<MEAN> 6
 8.301459e+01 -8.197651e+02 8.719147e+02 -4.284578e+00 -7.936844e+00 1.678559e+02
<VARIANCE> 6
 4.659111e+01 7.325002e+04 1.755647e+06 2.998198e+02 4.022584e+04 5.158639e+07
<GCONST> 7.451287e+01
<MIXTURE> 5 1.848013e-01
<MEAN> 6
 8.289119e+01 -9.771216e+02 2.144156e+02 -4.199271e+00 -4.719461e+00 1.642828e+02
<VARIANCE> 6
 3.343496e+01 1.063469e+05 9.143209e+05 2.998198e+02 4.022584e+04 5.158639e+07
<GCONST> 7.390148e+01
<STATE> 8
<NUMMIXES> 5
<MIXTURE> 1 2.000571e-01
<MEAN> 6
 2.736522e+01 -9.022875e+02 1.062334e+02 -2.175637e+01 -4.822868e+01 5.571537e+02
<VARIANCE> 6
 3.211570e+03 3.483992e+07 1.347198e+06 2.215211e+04 6.510371e+05 1.188080e+08
<GCONST> 9.256662e+01
<MIXTURE> 2 1.293349e-01
<MEAN> 6
 2.131607e+01 1.844255e+03 -2.499276e+03 4.309375e+01 2.191258e+01 -2.025024e+02
<VARIANCE> 6
 1.901752e+03 3.257755e+06 3.472222e+06 2.034999e+04 1.854510e+05 5.158639e+07
<GCONST> 8.844479e+01
<MIXTURE> 3 2.660562e-01
<MEAN> 6
 -2.617741e+01 4.150864e+01 2.892961e+02 7.659982e+00 2.473042e+02 -2.591425e+02
<VARIANCE> 6
 1.181781e+03 7.016358e+05 1.778690e+06 1.258322e+04 9.434434e+04 5.158639e+07
<GCONST> 8.460819e+01
<MIXTURE> 4 2.730210e-01
<MEAN> 6
 6.700356e+01 -1.169233e+02 -5.795642e+02 1.670375e+00 -3.212729e+02 6.513451e+01
<VARIANCE> 6
 3.998902e+02 7.947629e+05 3.596088e+06 1.345072e+04 9.501571e+04 5.158639e+07
<GCONST> 8.442696e+01
<MIXTURE> 5 1.314515e-01
<MEAN> 6
 3.805579e+00 1.019729e+03 -2.282273e+03 -3.340495e+00 2.022611e+02 -2.104828e+02
<VARIANCE> 6
 1.706649e+03 3.369368e+06 2.790897e+06 2.752806e+04 2.463579e+05 5.233903e+07
<GCONST> 8.875242e+01
<STATE> 9
<NUMMIXES> 5
<MIXTURE> 1 2.226614e-01
<MEAN> 6
 9.048173e+01 5.711323e+02 -4.358345e+02 -4.446769e+00 3.985494e-03 1.382098e+02
<VARIANCE> 6
 1.538781e+02 2.918944e+05 1.258616e+05 2.998198e+02 4.022584e+04 5.158639e+07
<GCONST> 7.445473e+01
<MIXTURE> 2 2.474676e-01
<MEAN> 6
 8.423348e+01 -1.813176e+03 -2.276633e+03 -4.345131e+00 1.147537e+00 1.276022e+02
<VARIANCE> 6
 2.443552e+02 1.039180e+07 1.735356e+07 2.998198e+02 4.022584e+04 5.158639e+07
<GCONST> 8.341593e+01
<MIXTURE> 3 1.643181e-01
<MEAN> 6
 9.257223e+01 4.472420e+00 -9.770356e+02 -4.393109e+00 7.017351e-01 5.565141e+01
<VARIANCE> 6
 5.364672e+01 1.788497e+05 9.389869e+05 2.998198e+02 4.022584e+04 5.158639e+07
<GCONST> 7.492075e+01
<MIXTURE> 4 2.027266e-01
<MEAN> 6
 8.613141e+01 1.214903e+03 -7.825234e+02 -4.055400e+00 -4.034388e-01 1.346540e+02
<VARIANCE> 6
 1.978838e+02 6.808541e+05 3.952255e+05 2.998198e+02 4.022584e+04 5.158639e+07
<GCONST> 7.669747e+01
<MIXTURE> 5 1.627964e-01
<MEAN> 6
 8.474579e+01 5.917730e+01 -1.891143e+03 -3.680345e+00 3.787040e-01 4.552255e+01
<VARIANCE> 6
 9.372591e+01 2.250615e+05 1.680957e+06 2.998198e+02 4.022584e+04 5.158639e+07
<GCONST> 7.629086e+01
<STATE> 10
<NUMMIXES> 5
<MIXTURE> 1 2.691526e-01
<MEAN> 6
 7.456377e+01 4.452393e+02 1.527112e+02 -2.524876e+00 -6.416867e+00 -3.506386e+01
<VARIANCE> 6
 3.185104e+01 1.545504e+05 1.386418e+05 2.998198e+02 4.022584e+04 5.158639e+07
<GCONST> 7.234047e+01
<MIXTURE> 2 2.676412e-01
<MEAN> 6
 5.907520e+01 5.154487e+02 4.709195e+01 4.708197e-01 1.524446e-01 -1.337177e+02
<VARIANCE> 6
 3.185104e+01 4.408568e+04 1.454526e+04 2.998198e+02 4.022584e+04 5.158639e+07
<GCONST> 6.883146e+01
<MIXTURE> 3 2.002726e-01
<MEAN> 6
 5.877509e+01 1.315140e+01 -1.143950e+02 2.968566e-01 -5.037454e+00 -1.712948e+02
<VARIANCE> 6
 3.185104e+01 1.195217e+04 1.387160e+04 2.998198e+02 4.022584e+04 5.158639e+07
<GCONST> 6.747881e+01
<MIXTURE> 4 1.298306e-01
<MEAN> 6
 7.337646e+01 -5.857536e+01 -3.124319e+01 -1.730271e+00 -6.020529e+00 -4.509679e+01
<VARIANCE> 6
 3.185104e+01 3.548014e+05 5.329209e+04 2.998198e+02 4.022584e+04 5.158639e+07
<GCONST> 7.221541e+01
<MIXTURE> 5 1.330384e-01
<MEAN> 6
 7.131287e+01 -3.555008e+02 -8.666864e+01 -1.949146e+00 -3.226225e+00 -1.367374e+01
<VARIANCE> 6
 3.185104e+01 2.116303e+05 4.233760e+04 2.998198e+02 4.022584e+04 5.158639e+07
<GCONST> 7.146857e+01
<STATE> 11
<NUMMIXES> 5
<MIXTURE> 1 1.423815e-01
<MEAN> 6
 -2.710801e+01 5.146732e+01 1.986382e+01 1.029525e+01 4.924919e+02 -3.481348e+02
<VARIANCE> 6
 4.634697e+02 6.041846e+04 2.005797e+05 1.908293e+04 2.731578e+05 7.547365e+07
<GCONST> 8.089767e+01
<MIXTURE> 2 1.449984e-01
<MEAN> 6
 1.863416e+01 8.345037e+00 4.885062e+01 -1.102528e+02 -1.000231e+02 3.419587e+03
<VARIANCE> 6
 2.035381e+03 1.554721e+05 2.520136e+04 2.466984e+04 1.083926e+06 3.061600e+08
<GCONST> 8.428363e+01
<MIXTURE> 3 2.539731e-01
<MEAN> 6
 4.439750e+01 1.696377e+01 3.370768e+01 2.801342e+01 -2.273755e+02 -4.832603e+02
<VARIANCE> 6
 6.093083e+02 7.804187e+04 2.616744e+04 1.925649e+04 8.799774e+04 5.158639e+07
<GCONST> 7.788630e+01
<MIXTURE> 4 2.501962e-01
<MEAN> 6
 6.170123e+01 -2.232464e+02 -4.197100e+01 1.375310e+01 -2.721124e+02 -2.521877e+02
<VARIANCE> 6
 3.743740e+02 2.116281e+05 6.411601e+04 8.387565e+03 1.228451e+05 5.158639e+07
<GCONST> 7.879551e+01
<MIXTURE> 5 2.082751e-01
<MEAN> 6
 -2.847198e+01 -5.946262e+01 -2.657206e+01 1.927686e+01 3.409736e+02 -1.112051e+03
<VARIANCE> 6
 3.276754e+02 5.971207e+04 2.950353e+04 1.323266e+04 1.373162e+05 5.238421e+07
<GCONST> 7.720345e+01
<TRANSP> 12
 0.000000e+00 1.000000e+00 0.000000e+00 0.000000e+00 0.000000e+00 0.000000e+00 0.000000e+00 0.000000e+00 0.000000e+00 0.000000e+00 0.000000e+00 0.000000e+00
 0.000000e+00 9.984356e-01 1.564410e-03 0.000000e+00 0.000000e+00 0.000000e+00 0.000000e+00 0.000000e+00 0.000000e+00 0.000000e+00 0.000000e+00 0.000000e+00
 0.000000e+00 0.000000e+00 9.992736e-01 7.263767e-04 0.000000e+00 0.000000e+00 0.000000e+00 0.000000e+00 0.000000e+00 0.000000e+00 0.000000e+00 0.000000e+00
 0.000000e+00 0.000000e+00 0.000000e+00 9.993044e-01 6.955359e-04 0.000000e+00 0.000000e+00 0.000000e+00 0.000000e+00 0.000000e+00 0.000000e+00 0.000000e+00
 0.000000e+00 0.000000e+00 0.000000e+00 0.000000e+00 9.994895e-01 5.105003e-04 0.000000e+00 0.000000e+00 0.000000e+00 0.000000e+00 0.000000e+00 0.000000e+00
 0.000000e+00 0.000000e+00 0.000000e+00 0.000000e+00 0.000000e+00 9.999176e-01 8.234862e-05 0.000000e+00 0.000000e+00 0.000000e+00 0.000000e+00 0.000000e+00
 0.000000e+00 0.000000e+00 0.000000e+00 0.000000e+00 0.000000e+00 0.000000e+00 9.984571e-01 1.542885e-03 0.000000e+00 0.000000e+00 0.000000e+00 0.000000e+00
 0.000000e+00 0.000000e+00 0.000000e+00 0.000000e+00 0.000000e+00 0.000000e+00 0.000000e+00 9.995817e-01 4.183033e-04 0.000000e+00 0.000000e+00 0.000000e+00
 0.000000e+00 0.000000e+00 0.000000e+00 0.000000e+00 0.000000e+00 0.000000e+00 0.000000e+00 0.000000e+00 9.991338e-01 8.661938e-04 0.000000e+00 0.000000e+00
 0.000000e+00 0.000000e+00 0.000000e+00 0.000000e+00 0.000000e+00 0.000000e+00 0.000000e+00 0.000000e+00 0.000000e+00 9.990646e-01 9.354535e-04 0.000000e+00
 0.000000e+00 0.000000e+00 0.000000e+00 0.000000e+00 0.000000e+00 0.000000e+00 0.000000e+00 0.000000e+00 0.000000e+00 0.000000e+00 9.997810e-01 2.190496e-04
 0.000000e+00 0.000000e+00 0.000000e+00 0.000000e+00 0.000000e+00 0.000000e+00 0.000000e+00 0.000000e+00 0.000000e+00 0.000000e+00 0.000000e+00 0.000000e+00
<ENDHMM>
~h "QuintoPRIMARIA"
<BEGINHMM>
<NUMSTATES> 12
<STATE> 2
<NUMMIXES> 5
<MIXTURE> 1 2.819360e-01
<MEAN> 6
 7.058545e+01 2.555843e+01 1.021312e+02 -1.274498e+00 -4.428506e+01 -1.524365e+02
<VARIANCE> 6
 2.113103e+02 2.513180e+05 2.561247e+06 2.998198e+02 4.022584e+04 5.158639e+07
<GCONST> 7.763528e+01
<MIXTURE> 2 2.584007e-01
<MEAN> 6
 1.124406e+01 -1.090661e+02 -2.924245e+02 -3.305963e+01 7.347123e+00 1.047267e+03
<VARIANCE> 6
 2.898126e+03 8.221830e+05 5.023926e+06 4.599718e+04 1.355616e+06 3.901426e+08
<GCONST> 9.268665e+01
<MIXTURE> 3 1.832105e-01
<MEAN> 6
 1.285182e+01 5.510271e+00 1.050907e+02 5.012920e+01 3.354148e+01 -5.456530e+02
<VARIANCE> 6
 2.374341e+03 7.656165e+04 1.830526e+05 2.537609e+04 4.499486e+05 5.158639e+07
<GCONST> 8.308034e+01
<MIXTURE> 4 9.155641e-02
<MEAN> 6
 -5.821294e+01 -9.256538e+01 -6.032942e+01 1.590170e+01 2.426367e+02 1.938269e+02
<VARIANCE> 6
 2.565755e+02 8.545880e+04 1.009806e+06 1.162042e+03 6.348923e+04 5.158639e+07
<GCONST> 7.763107e+01
<MIXTURE> 5 1.843755e-01
<MEAN> 6
 2.024737e+01 -6.559914e+01 -6.278592e+01 -6.070724e+00 -9.430929e+01 -8.329642e+02
<VARIANCE> 6
 2.337607e+03 7.351339e+04 1.418695e+05 2.895632e+04 5.218774e+05 7.238736e+07
<GCONST> 8.338831e+01
<STATE> 3
<NUMMIXES> 5
<MIXTURE> 1 1.873613e-01
<MEAN> 6
 6.371868e+01 -3.309312e+01 -1.839617e+02 -4.921339e-01 -7.854217e+00 2.280289e+01
<VARIANCE> 6
 7.747179e+01 4.432912e+04 1.387160e+04 2.998198e+02 4.022584e+04 5.158639e+07
<GCONST> 6.967838e+01
<MIXTURE> 2 2.322235e-01
<MEAN> 6
 6.309843e+01 -2.215778e+01 -4.594510e+02 -8.203325e-01 -4.222477e+00 9.257923e+00
<VARIANCE> 6
 3.185104e+01 1.195217e+04 5.008578e+04 2.998198e+02 4.022584e+04 5.158639e+07
<GCONST> 6.876271e+01
<MIXTURE> 3 1.927356e-01
<MEAN> 6
 6.238362e+01 1.584566e+00 -2.418689e+02 -5.945028e-01 -3.908026e+00 -3.104253e+01
<VARIANCE> 6
 3.312529e+01 3.981167e+04 1.387160e+04 2.998198e+02 4.022584e+04 5.158639e+07
<GCONST> 6.872129e+01
<MIXTURE> 4 1.975801e-01
<MEAN> 6
 6.184924e+01 -2.588050e+01 -2.169593e+02 -5.513358e-01 -4.338544e+00 -3.691275e+01
<VARIANCE> 6
 4.371415e+01 4.292394e+04 1.387160e+04 2.998198e+02 4.022584e+04 5.158639e+07
<GCONST> 6.907393e+01
<MIXTURE> 5 1.900979e-01
<MEAN> 6
 6.149202e+01 -7.238736e+01 -2.535320e+02 -4.881041e-01 -3.244983e+00 -6.813116e+01
<VARIANCE> 6
 3.185104e+01 3.650877e+04 1.387160e+04 2.998198e+02 4.022584e+04 5.158639e+07
<GCONST> 6.859545e+01
<STATE> 4
<NUMMIXES> 5
<MIXTURE> 1 1.961537e-01
<MEAN> 6
 9.138338e+01 4.306445e+02 2.399669e+03 -2.234934e-01 4.090574e+00 -7.619574e+00
<VARIANCE> 6
 3.185104e+01 2.826539e+04 3.377981e+05 2.998198e+02 4.022584e+04 5.158639e+07
<GCONST> 7.153214e+01
<MIXTURE> 2 1.331919e-01
<MEAN> 6
 7.828565e+01 -7.052198e+02 2.972258e+03 -1.655453e+00 -1.056243e+00 -8.002123e+00
<VARIANCE> 6
 3.185104e+01 2.826410e+04 6.456701e+05 2.998198e+02 4.022584e+04 5.158639e+07
<GCONST> 7.217994e+01
<MIXTURE> 3 1.921257e-01
<MEAN> 6
 7.939163e+01 -4.292189e+02 1.177016e+03 -2.629196e+00 -3.459870e+00 2.995159e+01
<VARIANCE> 6
 4.744358e+01 1.195217e+04 6.758989e+04 2.998198e+02 4.022584e+04 5.158639e+07
<GCONST> 6.946090e+01
<MIXTURE> 4 1.974781e-01
<MEAN> 6
 8.132452e+01 7.569719e+00 3.148562e+03 -6.770114e+00 6.951543e+00 3.791105e+02
<VARIANCE> 6
 4.723624e+02 2.217238e+04 1.260606e+05 2.998198e+02 4.022584e+04 5.158639e+07
<GCONST> 7.300034e+01
<MIXTURE> 5 2.810560e-01
<MEAN> 6
 7.329486e+01 -4.130282e+02 9.225386e+02 -1.125834e+00 -4.438628e+00 -4.084762e+01
<VARIANCE> 6
 3.185104e+01 1.195217e+04 1.387160e+04 2.998198e+02 4.022584e+04 5.158639e+07
<GCONST> 6.747881e+01
<STATE> 5
<NUMMIXES> 5
<MIXTURE> 1 3.290870e-01
<MEAN> 6
 7.690719e+01 -4.636861e+02 1.843957e+02 -2.029907e+00 -3.019631e+00 -2.120906e+01
<VARIANCE> 6
 3.185104e+01 1.731528e+04 1.387160e+04 2.998198e+02 4.022584e+04 5.158639e+07
<GCONST> 6.784949e+01
<MIXTURE> 2 2.769471e-01
<MEAN> 6
 7.130125e+01 -9.851173e+02 -8.075609e+01 4.935134e-01 -6.656603e+00 -6.581542e+01
<VARIANCE> 6
 3.185104e+01 6.352458e+04 1.142771e+05 2.998198e+02 4.022584e+04 5.158639e+07
<GCONST> 7.125811e+01
<MIXTURE> 3 4.629157e-02
<MEAN> 6
 4.816666e+01 -5.415024e+02 1.948517e+00 5.603015e+00 -5.398925e+00 3.882950e+00
<VARIANCE> 6
 3.377300e+02 1.869810e+04 1.727459e+04 2.998198e+02 4.022584e+04 5.158639e+07
<GCONST> 7.050690e+01
<MIXTURE> 4 7.356167e-02
<MEAN> 6
 8.388184e+01 -1.500976e+03 -1.195489e+03 1.223128e+00 -1.590010e+01 -3.338241e+00
<VARIANCE> 6
 9.679735e+01 1.195217e+04 1.618710e+05 3.010241e+02 4.022584e+04 5.158639e+07
<GCONST> 7.105133e+01
<MIXTURE> 5 2.741081e-01
<MEAN> 6
 7.198476e+01 -1.110928e+03 -2.491230e+02 4.735406e-02 -8.728425e+00 -3.287199e+01
<VARIANCE> 6
 3.185104e+01 9.879559e+04 1.492817e+05 2.998198e+02 4.022584e+04 5.158639e+07
<GCONST> 7.196694e+01
<STATE> 6
<NUMMIXES> 5
<MIXTURE> 1 3.000429e-01
<MEAN> 6
 7.572642e+01 -3.619046e+01 5.015128e+02 -2.023490e+00 -6.362050e+00 -1.373403e+00
<VARIANCE> 6
 3.185104e+01 1.195217e+04 1.387160e+04 2.998198e+02 4.022584e+04 5.158639e+07
<GCONST> 6.747881e+01
<MIXTURE> 2 1.778416e-01
<MEAN> 6
 7.329961e+01 1.080169e+02 8.482252e+01 -1.822837e+00 -6.913352e+00 -5.512867e+01
<VARIANCE> 6
 7.350652e+01 1.195217e+04 1.387160e+04 2.998198e+02 4.022584e+04 5.158639e+07
<GCONST> 6.831512e+01
<MIXTURE> 3 2.681645e-02
<MEAN> 6
 6.811037e+01 -1.999400e+01 3.813471e+02 -9.579430e-01 -8.388958e+00 1.091840e+02
<VARIANCE> 6
 1.204352e+02 4.654532e+04 1.545527e+05 2.998198e+02 4.022584e+04 5.158639e+07
<GCONST> 7.257906e+01
<MIXTURE> 4 3.293315e-01
<MEAN> 6
 6.769075e+01 1.271214e+02 8.985719e+01 -4.908866e-02 -3.537843e+00 -1.179170e+02
<VARIANCE> 6
 6.403308e+01 1.195217e+04 1.387160e+04 2.998198e+02 4.022584e+04 5.158639e+07
<GCONST> 6.817715e+01
<MIXTURE> 5 1.659324e-01
<MEAN> 6
 7.187938e+01 1.116813e+02 8.609980e+01 -1.579079e+00 -6.175605e+00 -7.088684e+01
<VARIANCE> 6
 8.110344e+01 1.195217e+04 1.387160e+04 2.998198e+02 4.022584e+04 5.158639e+07
<GCONST> 6.841347e+01
<STATE> 7
<NUMMIXES> 5
<MIXTURE> 1 7.914571e-02
<MEAN> 6
 9.299714e+01 2.021438e+02 1.719028e+02 -4.468019e+00 -1.142444e+01 2.797852e+02
<VARIANCE> 6
 6.335533e+01 1.867071e+04 1.076008e+05 2.998198e+02 4.022584e+04 5.158639e+07
<GCONST> 7.066113e+01
<MIXTURE> 2 2.214247e-01
<MEAN> 6
 8.604603e+01 -5.400780e+01 -1.092725e+02 -9.302690e-01 -4.237809e-01 -1.629559e+01
<VARIANCE> 6
 3.185104e+01 3.161608e+04 2.475987e+04 2.998198e+02 4.022584e+04 5.158639e+07
<GCONST> 6.903095e+01
<MIXTURE> 3 2.018728e-01
<MEAN> 6
 9.750299e+01 -4.979302e+02 -5.410927e+02 -1.002867e+00 -2.516148e+00 -7.319672e+01
<VARIANCE> 6
 3.220733e+01 1.195217e+04 1.387160e+04 2.998198e+02 4.022584e+04 5.158639e+07
<GCONST> 6.748994e+01
<MIXTURE> 4 2.570214e-01
<MEAN> 6
 8.629664e+01 1.128449e+01 -1.146637e+02 -1.035848e+00 1.650962e+00 -1.374107e+01
<VARIANCE> 6
 3.185104e+01 1.218304e+04 2.402713e+04 2.998198e+02 4.022584e+04 5.158639e+07
<GCONST> 6.804729e+01
<MIXTURE> 5 2.405295e-01
<MEAN> 6
 8.567656e+01 -1.471031e+02 -1.685288e+02 -1.096501e+00 -1.343022e+00 -1.770550e+01
<VARIANCE> 6
 3.185104e+01 4.533119e+04 2.506938e+04 2.998198e+02 4.022584e+04 5.158639e+07
<GCONST> 6.940370e+01
<STATE> 8
<NUMMIXES> 5
<MIXTURE> 1 1.090988e-01
<MEAN> 6
 8.046516e+01 2.154777e+03 -1.626248e+02 -3.090365e+00 -7.207561e+00 -2.233786e+02
<VARIANCE> 6
 3.185104e+01 2.408709e+05 1.967264e+05 2.998198e+02 4.022584e+04 5.158639e+07
<GCONST> 7.313413e+01
<MIXTURE> 2 1.816571e-01
<MEAN> 6
 6.917713e+01 1.051183e+03 -4.260842e+02 -6.875783e-01 -3.650504e+00 -9.753479e+01
<VARIANCE> 6
 3.185104e+01 1.546391e+05 4.108561e+04 2.998198e+02 4.022584e+04 5.158639e+07
<GCONST> 7.112481e+01
<MIXTURE> 3 2.107277e-01
<MEAN> 6
 6.567858e+01 7.846595e+02 7.768351e+02 4.036121e-01 -8.013462e+00 7.657444e+01
<VARIANCE> 6
 6.626870e+01 2.249488e+05 1.491642e+05 2.998198e+02 4.022584e+04 5.158639e+07
<GCONST> 7.352163e+01
<MIXTURE> 4 3.500350e-01
<MEAN> 6
 7.281303e+01 5.336748e+02 -6.610195e+02 -1.797842e+00 -8.813190e+00 -5.036079e+01
<VARIANCE> 6
 3.185104e+01 1.882370e+05 1.280875e+05 2.998198e+02 4.022584e+04 5.158639e+07
<GCONST> 7.245847e+01
<MIXTURE> 5 1.484202e-01
<MEAN> 6
 6.918655e+01 1.009338e+03 -5.014776e+02 -9.337902e-01 -3.266242e+00 -9.232024e+01
<VARIANCE> 6
 3.185104e+01 1.930691e+05 6.626907e+04 2.998198e+02 4.022584e+04 5.158639e+07
<GCONST> 7.182483e+01
<STATE> 9
<NUMMIXES> 5
<MIXTURE> 1 1.761137e-01
<MEAN> 6
 6.031066e+01 3.422118e+03 8.413088e+02 -2.073668e-01 -5.100543e+00 -4.666815e+01
<VARIANCE> 6
 8.050845e+01 1.561872e+06 2.609865e+06 2.998198e+02 4.022584e+04 5.158639e+07
<GCONST> 7.851604e+01
<MIXTURE> 2 2.158225e-01
<MEAN> 6
 1.055440e+02 5.743450e+02 -5.276642e+02 -5.801696e+00 9.833694e-01 1.512716e+02
<VARIANCE> 6
 6.522118e+01 2.005180e+04 8.974555e+05 2.998198e+02 4.022584e+04 5.158639e+07
<GCONST> 7.288266e+01
<MIXTURE> 3 2.649476e-01
<MEAN> 6
 9.442185e+01 6.642898e+02 -1.927222e+03 -1.534925e+00 -2.492928e+00 -8.253757e+01
<VARIANCE> 6
 3.185104e+01 1.315182e+04 7.835368e+05 2.998198e+02 4.022584e+04 5.158639e+07
<GCONST> 7.160844e+01
<MIXTURE> 4 1.570197e-01
<MEAN> 6
 9.208106e+01 4.226078e+02 -6.137582e+02 -2.536571e+00 1.477837e+00 -1.321091e+01
<VARIANCE> 6
 3.185104e+01 1.195217e+04 3.781922e+05 2.998198e+02 4.022584e+04 5.158639e+07
<GCONST> 7.078437e+01
<MIXTURE> 5 1.860919e-01
<MEAN> 6
 8.848803e+01 3.398001e+02 -1.070549e+03 -2.510022e+00 2.181581e+00 -1.433546e+00
<VARIANCE> 6
 3.185104e+01 1.195217e+04 8.007494e+04 2.998198e+02 4.022584e+04 5.158639e+07
<GCONST> 6.923193e+01
<STATE> 10
<NUMMIXES> 5
<MIXTURE> 1 5.940923e-02
<MEAN> 6
 7.390717e+01 -5.317789e+01 -1.179930e+02 -1.096124e+02 -2.157384e+03 -2.744031e+04
<VARIANCE> 6
 1.781410e+02 6.602191e+04 4.739071e+04 6.205281e+03 1.068021e+06 7.793332e+08
<GCONST> 8.116219e+01
<MIXTURE> 2 2.456871e-01
<MEAN> 6
 6.456502e+01 3.044568e+02 -1.260745e+02 -1.095195e+02 -1.168173e+03 -6.934505e+03
<VARIANCE> 6
 1.043438e+02 9.471554e+05 2.373798e+05 3.544704e+03 3.078252e+05 1.013495e+08
<GCONST> 8.105817e+01
<MIXTURE> 3 1.550151e-01
<MEAN> 6
 3.744891e+01 2.648736e+02 -1.650806e+00 -2.793139e+02 -1.100433e+03 9.309638e+03
<VARIANCE> 6
 3.420037e+02 1.957665e+06 3.906181e+05 4.541138e+03 1.028462e+06 1.523539e+08
<GCONST> 8.533105e+01
<MIXTURE> 4 3.094781e-01
<MEAN> 6
 -4.378949e+01 1.298860e+02 -1.637094e+02 -2.670717e+02 2.134617e+03 9.184795e+03
<VARIANCE> 6
 6.281178e+02 1.313955e+06 8.777722e+05 2.459967e+04 2.308146e+06 2.195671e+09
<GCONST> 9.151588e+01
<MIXTURE> 5 2.304004e-01
<MEAN> 6
 1.685236e+01 -1.364384e+02 -1.134179e+02 -3.750485e+02 -8.747266e+02 1.055456e+04
<VARIANCE> 6
 4.712657e+02 5.917262e+05 4.899181e+05 7.090199e+03 6.423282e+05 2.892667e+08
<GCONST> 8.529766e+01
<STATE> 11
<NUMMIXES> 5
<MIXTURE> 1 2.781415e-01
<MEAN> 6
 8.089409e+01 4.167518e+01 3.434215e+01 1.008424e+01 -1.259360e+02 -1.117562e+02
<VARIANCE> 6
 2.671762e+02 6.421432e+05 4.461932e+05 6.830811e+03 8.605987e+04 5.158639e+07
<GCONST> 8.094701e+01
<MIXTURE> 2 2.428404e-02
<MEAN> 6
 -1.102943e+00 4.016177e+02 1.121049e+02 -2.259450e+01 -2.216831e+01 3.879758e+03
<VARIANCE> 6
 1.038399e+04 2.573679e+06 1.261569e+06 1.505519e+06 8.187393e+08 1.203335e+12
<GCONST> 1.116480e+02
<MIXTURE> 3 1.978761e-01
<MEAN> 6
 2.264082e+01 7.593814e+01 1.567888e+02 -4.274938e+01 -1.677999e+02 1.632537e+03
<VARIANCE> 6
 3.945312e+03 3.581439e+05 7.565698e+05 5.394777e+04 2.226818e+06 9.286598e+08
<GCONST> 9.179389e+01
<MIXTURE> 4 2.782622e-01
<MEAN> 6
 -3.715856e+01 -1.137408e+02 4.260855e+01 4.845564e+01 6.182256e+02 -1.318406e+03
<VARIANCE> 6
 9.858730e+02 6.562756e+05 1.472391e+05 3.157596e+04 3.849636e+05 9.875702e+07
<GCONST> 8.484416e+01
<MIXTURE> 5 2.206434e-01
<MEAN> 6
 5.897689e+01 4.246641e+01 -3.634929e+01 -9.130424e+00 -4.531126e+02 -2.754032e+02
<VARIANCE> 6
 1.212520e+03 9.466198e+05 2.127136e+05 3.281243e+04 2.812465e+05 5.158639e+07
<GCONST> 8.486039e+01
<TRANSP> 12
 0.000000e+00 1.000000e+00 0.000000e+00 0.000000e+00 0.000000e+00 0.000000e+00 0.000000e+00 0.000000e+00 0.000000e+00 0.000000e+00 0.000000e+00 0.000000e+00
 0.000000e+00 9.999244e-01 7.563153e-05 0.000000e+00 0.000000e+00 0.000000e+00 0.000000e+00 0.000000e+00 0.000000e+00 0.000000e+00 0.000000e+00 0.000000e+00
 0.000000e+00 0.000000e+00 9.983686e-01 1.631340e-03 0.000000e+00 0.000000e+00 0.000000e+00 0.000000e+00 0.000000e+00 0.000000e+00 0.000000e+00 0.000000e+00
 0.000000e+00 0.000000e+00 0.000000e+00 9.976230e-01 2.376919e-03 0.000000e+00 0.000000e+00 0.000000e+00 0.000000e+00 0.000000e+00 0.000000e+00 0.000000e+00
 0.000000e+00 0.000000e+00 0.000000e+00 0.000000e+00 9.983904e-01 1.609622e-03 0.000000e+00 0.000000e+00 0.000000e+00 0.000000e+00 0.000000e+00 0.000000e+00
 0.000000e+00 0.000000e+00 0.000000e+00 0.000000e+00 0.000000e+00 9.981070e-01 1.893057e-03 0.000000e+00 0.000000e+00 0.000000e+00 0.000000e+00 0.000000e+00
 0.000000e+00 0.000000e+00 0.000000e+00 0.000000e+00 0.000000e+00 0.000000e+00 9.984556e-01 1.544385e-03 0.000000e+00 0.000000e+00 0.000000e+00 0.000000e+00
 0.000000e+00 0.000000e+00 0.000000e+00 0.000000e+00 0.000000e+00 0.000000e+00 0.000000e+00 9.985604e-01 1.439542e-03 0.000000e+00 0.000000e+00 0.000000e+00
 0.000000e+00 0.000000e+00 0.000000e+00 0.000000e+00 0.000000e+00 0.000000e+00 0.000000e+00 0.000000e+00 9.974601e-01 2.539850e-03 0.000000e+00 0.000000e+00
 0.000000e+00 0.000000e+00 0.000000e+00 0.000000e+00 0.000000e+00 0.000000e+00 0.000000e+00 0.000000e+00 0.000000e+00 9.952270e-01 4.773017e-03 0.000000e+00
 0.000000e+00 0.000000e+00 0.000000e+00 0.000000e+00 0.000000e+00 0.000000e+00 0.000000e+00 0.000000e+00 0.000000e+00 0.000000e+00 9.999066e-01 9.340102e-05
 0.000000e+00 0.000000e+00 0.000000e+00 0.000000e+00 0.000000e+00 0.000000e+00 0.000000e+00 0.000000e+00 0.000000e+00 0.000000e+00 0.000000e+00 0.000000e+00
<ENDHMM>
