~o
<STREAMINFO> 1 6
<VECSIZE> 6<NULLD><USER><DIAGC>
~h "SegundoPRIMARIA"
<BEGINHMM>
<NUMSTATES> 5
<STATE> 2
<NUMMIXES> 15
<MIXTURE> 1 6.888612e-02
<MEAN> 6
 8.573887e+01 1.400884e+02 2.816494e+02 -1.424934e+00 -2.701332e+01 -8.432294e+01
<VARIANCE> 6
 7.442374e+01 7.326309e+05 4.226160e+06 2.917190e+02 3.617517e+04 4.607186e+07
<GCONST> 7.791588e+01
<MIXTURE> 2 2.219254e-02
<MEAN> 6
 1.382544e+01 -3.125952e+00 -1.584080e+02 -1.787722e+02 2.917202e+02 1.024757e+04
<VARIANCE> 6
 3.279843e+03 2.752078e+06 1.877931e+06 1.445584e+05 9.548404e+06 6.724780e+09
<GCONST> 9.897875e+01
<MIXTURE> 3 6.211276e-02
<MEAN> 6
 -2.735250e+00 1.725599e+02 1.928575e+02 5.800795e+01 2.481846e+02 -1.774925e+03
<VARIANCE> 6
 7.050843e+02 1.626202e+05 1.060955e+06 4.658397e+04 1.047058e+05 5.113133e+07
<GCONST> 8.351726e+01
<MIXTURE> 4 6.947804e-02
<MEAN> 6
 1.098548e+02 -5.111653e+00 9.842303e+02 -4.935513e+00 -3.155187e+01 -3.767332e+02
<VARIANCE> 6
 2.054880e+02 1.135786e+05 1.077991e+06 2.917190e+02 3.617517e+04 4.607186e+07
<GCONST> 7.570114e+01
<MIXTURE> 5 6.890251e-02
<MEAN> 6
 8.777548e+01 5.269792e+01 1.765658e+02 -3.505742e+01 -5.997013e+02 -1.135402e+03
<VARIANCE> 6
 3.134600e+02 1.791930e+05 1.401095e+06 1.367562e+04 1.485200e+05 4.607186e+07
<GCONST> 8.210148e+01
<MIXTURE> 6 8.064588e-02
<MEAN> 6
 -6.026756e+01 1.380387e+02 -3.158628e+02 -1.243058e+00 1.006516e+02 1.955476e+02
<VARIANCE> 6
 5.053025e+02 2.368617e+05 1.042919e+06 4.068345e+02 4.264439e+04 4.607186e+07
<GCONST> 7.779996e+01
<MIXTURE> 7 8.613490e-02
<MEAN> 6
 7.950114e+01 8.373178e+01 -1.313091e+03 -7.618768e-01 -1.451830e+01 -1.558008e+02
<VARIANCE> 6
 1.150047e+02 5.492866e+04 9.177746e+05 2.917190e+02 3.617517e+04 4.607186e+07
<GCONST> 7.423337e+01
<MIXTURE> 8 5.816035e-02
<MEAN> 6
 1.049263e+02 1.422964e+01 -9.226064e+01 3.390532e+01 -9.344159e+02 1.185871e+03
<VARIANCE> 6
 3.111855e+02 1.202157e+06 1.133260e+06 1.735010e+04 1.679626e+06 7.386209e+08
<GCONST> 8.922362e+01
<MIXTURE> 9 5.736361e-02
<MEAN> 6
 -3.071374e+01 1.539089e+02 -7.455669e+01 -3.241307e+01 1.310169e+03 1.682414e+03
<VARIANCE> 6
 8.372284e+02 3.495528e+05 1.500747e+06 7.542416e+04 8.059423e+05 5.526296e+08
<GCONST> 8.970409e+01
<MIXTURE> 10 1.036230e-01
<MEAN> 6
 7.021820e+01 1.390197e+02 2.420746e+02 6.030268e-01 -6.068189e+00 -1.041844e+02
<VARIANCE> 6
 3.147899e+01 5.548650e+05 1.230933e+06 2.917190e+02 3.617517e+04 4.607186e+07
<GCONST> 7.554398e+01
<MIXTURE> 11 9.493338e-02
<MEAN> 6
 5.644571e+01 -6.148337e+01 1.723442e+01 -1.123487e+02 -1.001239e+03 1.579034e+03
<VARIANCE> 6
 6.683076e+02 3.494048e+05 1.558485e+06 6.933949e+04 6.493517e+05 2.768477e+08
<GCONST> 8.852470e+01
<MIXTURE> 12 5.117105e-02
<MEAN> 6
 4.671481e+01 4.919775e+01 -2.579094e+02 2.223605e+02 -2.788877e+02 -2.518942e+03
<VARIANCE> 6
 5.854167e+02 3.934845e+05 1.103309e+06 1.312066e+04 1.551611e+05 4.858245e+07
<GCONST> 8.332913e+01
<MIXTURE> 13 7.313908e-02
<MEAN> 6
 -5.472064e+01 -1.857722e+01 -3.286390e+02 4.305167e+01 6.396083e+02 8.309585e+02
<VARIANCE> 6
 6.092145e+02 9.612558e+04 8.623694e+05 1.206113e+04 1.377558e+05 6.679451e+07
<GCONST> 8.182840e+01
<MIXTURE> 14 4.749650e-02
<MEAN> 6
 9.834126e+01 -8.197510e+02 5.929850e+02 -8.967548e+00 -3.730487e+01 -2.668728e+02
<VARIANCE> 6
 6.501023e+01 1.015736e+06 9.146495e+04 4.298100e+02 3.617517e+04 4.607186e+07
<GCONST> 7.466183e+01
<MIXTURE> 15 5.545061e-02
<MEAN> 6
 -5.013584e+01 1.002359e+02 -8.428667e+01 -5.170306e+00 1.097001e+03 -4.318558e+03
<VARIANCE> 6
 6.955881e+02 6.744624e+05 1.999228e+06 3.890271e+04 7.228299e+05 3.757136e+08
<GCONST> 8.930605e+01
<STATE> 3
<NUMMIXES> 15
<MIXTURE> 1 3.420674e-02
<MEAN> 6
 8.928706e+01 9.832997e+02 2.100989e+02 -1.589861e+00 -4.344699e+00 2.395858e+01
<VARIANCE> 6
 3.147899e+01 8.562706e+04 1.596790e+04 2.917190e+02 3.617517e+04 4.607186e+07
<GCONST> 6.933031e+01
<MIXTURE> 2 5.819685e-02
<MEAN> 6
 7.424554e+01 3.051949e+03 -1.295886e+02 -1.737239e+00 -6.669900e+00 -1.175261e+02
<VARIANCE> 6
 3.147899e+01 1.564564e+05 1.789892e+05 2.917190e+02 3.617517e+04 4.607186e+07
<GCONST> 7.234982e+01
<MIXTURE> 3 1.021457e-01
<MEAN> 6
 7.869545e+01 4.849252e+01 1.160131e+02 3.476335e-01 -3.261045e-01 -9.765803e+01
<VARIANCE> 6
 5.978033e+01 2.701033e+04 1.596790e+04 2.917190e+02 3.617517e+04 4.607186e+07
<GCONST> 6.881789e+01
<MIXTURE> 4 6.115109e-02
<MEAN> 6
 8.419069e+01 -5.488270e+02 -5.418861e+02 -4.411915e-01 -8.517807e-01 -1.166445e+02
<VARIANCE> 6
 1.753114e+02 1.790526e+04 1.596790e+04 2.917190e+02 3.617517e+04 4.607186e+07
<GCONST> 6.948265e+01
<MIXTURE> 5 5.865923e-02
<MEAN> 6
 6.447572e+01 5.795676e+02 1.922008e+01 2.231361e-01 5.317112e+00 -7.149271e+01
<VARIANCE> 6
 3.981910e+01 4.253799e+04 1.667540e+04 2.917190e+02 3.617517e+04 4.607186e+07
<GCONST> 6.890909e+01
<MIXTURE> 6 7.410531e-02
<MEAN> 6
 6.907156e+01 -3.253945e+02 2.550193e+02 2.442961e-01 4.113173e+00 -1.171890e+02
<VARIANCE> 6
 4.119622e+01 2.905826e+04 1.726695e+04 2.917190e+02 3.617517e+04 4.607186e+07
<GCONST> 6.859685e+01
<MIXTURE> 7 7.744294e-02
<MEAN> 6
 6.401357e+01 -8.736774e+01 -2.236846e+02 2.185672e-01 4.655040e-01 -1.195545e+02
<VARIANCE> 6
 4.547091e+01 1.322807e+05 1.596790e+04 2.917190e+02 3.617517e+04 4.607186e+07
<GCONST> 7.013298e+01
<MIXTURE> 8 1.064338e-01
<MEAN> 6
 6.833602e+01 -9.665859e+02 -2.062060e+02 -8.521733e-01 -2.182727e-01 -8.086037e+01
<VARIANCE> 6
 7.968720e+01 1.659225e+05 2.940438e+05 2.917190e+02 3.617517e+04 4.607186e+07
<GCONST> 7.383377e+01
<MIXTURE> 9 6.283493e-02
<MEAN> 6
 7.355290e+01 6.531154e+01 -2.198263e+02 -2.492496e-01 -4.064829e+00 -1.017735e+02
<VARIANCE> 6
 4.340155e+01 1.594498e+04 1.596790e+04 2.917190e+02 3.617517e+04 4.607186e+07
<GCONST> 6.797063e+01
<MIXTURE> 10 3.052106e-02
<MEAN> 6
 6.895162e+01 -7.188599e+03 1.342669e+03 -2.518626e+00 -3.250775e+00 -1.908431e+01
<VARIANCE> 6
 8.485534e+01 5.396814e+06 1.392609e+05 2.917190e+02 3.617517e+04 4.607186e+07
<GCONST> 7.663127e+01
<MIXTURE> 11 9.093736e-02
<MEAN> 6
 8.333266e+01 4.247588e+02 4.034993e+02 -2.075552e+00 -2.526534e+00 -3.591939e+01
<VARIANCE> 6
 3.147899e+01 3.573423e+05 1.596790e+04 2.917190e+02 3.617517e+04 4.607186e+07
<GCONST> 7.075900e+01
<MIXTURE> 12 3.756531e-02
<MEAN> 6
 9.937307e+01 -1.860873e+03 -1.993418e+02 -4.860369e+00 -3.764195e+00 -7.305810e+01
<VARIANCE> 6
 3.147899e+01 5.081858e+06 4.176287e+04 2.917190e+02 3.617517e+04 4.607186e+07
<GCONST> 7.437517e+01
<MIXTURE> 13 8.099832e-02
<MEAN> 6
 8.140137e+01 -7.347644e+01 1.373480e+00 -1.228917e+00 -3.548907e+00 -3.160919e+01
<VARIANCE> 6
 6.331142e+01 7.837460e+04 1.596790e+04 2.917190e+02 3.617517e+04 4.607186e+07
<GCONST> 6.994055e+01
<MIXTURE> 14 6.248466e-02
<MEAN> 6
 5.524595e+01 -4.776050e+01 -3.312389e+02 1.201746e+00 3.310466e+00 -1.178315e+02
<VARIANCE> 6
 4.668330e+01 1.087096e+05 1.596790e+04 2.917190e+02 3.617517e+04 4.607186e+07
<GCONST> 6.996306e+01
<MIXTURE> 15 6.217736e-02
<MEAN> 6
 7.023180e+01 7.759241e+00 -2.347531e+02 2.944711e-01 -1.119397e+00 -1.128345e+02
<VARIANCE> 6
 3.703605e+01 1.496847e+04 1.596790e+04 2.917190e+02 3.617517e+04 4.607186e+07
<GCONST> 6.774883e+01
<STATE> 4
<NUMMIXES> 15
<MIXTURE> 1 4.955853e-03
<MEAN> 6
 1.740734e+01 -2.312906e+02 1.029024e+02 9.604340e+00 -8.196937e+02 1.028983e+04
<VARIANCE> 6
 8.780007e+03 1.154047e+06 1.095033e+06 1.078072e+06 5.878029e+08 9.006816e+11
<GCONST> 1.095816e+02
<MIXTURE> 2 7.839964e-02
<MEAN> 6
 4.108056e+01 1.092945e+02 -3.333365e-01 2.295013e+02 -2.196705e+02 -1.392595e+03
<VARIANCE> 6
 6.206646e+02 3.275372e+05 1.170244e+05 6.187053e+03 1.695031e+05 5.481403e+07
<GCONST> 8.041784e+01
<MIXTURE> 3 9.399836e-02
<MEAN> 6
 2.797463e+01 1.672804e+01 9.891907e+01 -2.859410e+02 -4.206338e+02 6.113604e+03
<VARIANCE> 6
 6.365439e+02 1.323536e+05 1.706778e+05 9.786224e+03 6.231480e+05 1.984113e+08
<GCONST> 8.296120e+01
<MIXTURE> 4 2.795767e-02
<MEAN> 6
 1.097589e+02 2.089656e+02 2.308236e+02 -7.364551e+00 -1.608009e+01 -2.733693e+02
<VARIANCE> 6
 1.614095e+02 8.498801e+06 3.680710e+05 2.917190e+02 3.617517e+04 4.607186e+07
<GCONST> 7.870030e+01
<MIXTURE> 5 3.458341e-02
<MEAN> 6
 1.139482e+01 1.805512e+02 -1.580825e+02 -4.061549e+01 1.135968e+02 7.467802e+02
<VARIANCE> 6
 5.041101e+03 1.052224e+07 1.145444e+06 4.927734e+04 1.983850e+06 1.127614e+09
<GCONST> 9.582208e+01
<MIXTURE> 6 9.372743e-02
<MEAN> 6
 8.747149e+01 1.392488e+01 4.180020e+01 -8.951099e+00 -7.140139e+02 -1.184840e+03
<VARIANCE> 6
 2.031349e+02 5.474727e+04 4.733979e+04 1.508866e+04 3.914797e+05 1.306900e+08
<GCONST> 7.920445e+01
<MIXTURE> 7 5.727159e-02
<MEAN> 6
 -2.987556e+01 2.456445e+01 1.362000e+01 -2.591093e+02 1.534904e+03 9.418937e+03
<VARIANCE> 6
 4.767429e+02 1.433321e+05 8.176598e+04 1.710879e+04 1.577438e+06 1.139039e+09
<GCONST> 8.525089e+01
<MIXTURE> 8 7.576776e-02
<MEAN> 6
 9.397987e+01 -6.686843e+01 2.330559e+01 6.472707e+01 -1.126827e+03 -2.569206e+03
<VARIANCE> 6
 5.719302e+02 4.453337e+05 1.442805e+05 3.518157e+04 2.892494e+06 1.725901e+09
<GCONST> 8.887730e+01
<MIXTURE> 9 9.805550e-02
<MEAN> 6
 -5.190346e+01 6.086531e+01 3.027958e+01 9.443516e+00 2.389501e+02 6.014213e+02
<VARIANCE> 6
 2.098400e+02 2.481390e+05 9.113871e+04 1.373228e+03 8.823158e+04 4.607186e+07
<GCONST> 7.647385e+01
<MIXTURE> 10 7.677144e-02
<MEAN> 6
 9.581106e+01 -1.901017e+02 4.483702e+01 -5.403416e+00 -3.449679e+01 -1.685856e+02
<VARIANCE> 6
 1.752796e+02 1.388872e+05 5.823966e+04 2.917190e+02 3.617517e+04 4.607186e+07
<GCONST> 7.282501e+01
<MIXTURE> 11 7.135323e-02
<MEAN> 6
 -3.831933e+01 9.654588e+01 4.394117e+01 9.636122e+01 9.897689e+02 -1.322000e+03
<VARIANCE> 6
 2.399702e+02 1.829030e+05 7.481052e+04 2.150859e+04 2.855058e+05 1.010173e+08
<GCONST> 8.081623e+01
<MIXTURE> 12 7.483552e-02
<MEAN> 6
 8.131161e+01 -3.850899e+01 1.174103e+01 -6.578635e+01 -7.224441e+02 -9.859355e+02
<VARIANCE> 6
 3.437184e+02 3.578655e+05 1.555410e+05 1.995920e+04 1.911239e+05 5.270515e+07
<GCONST> 8.145201e+01
<MIXTURE> 13 7.431258e-02
<MEAN> 6
 6.842014e+00 3.074734e+01 1.673293e+01 2.477282e+02 2.462427e+02 -5.131124e+03
<VARIANCE> 6
 6.064589e+02 1.378819e+05 3.391486e+04 8.936540e+03 2.085161e+05 9.158369e+07
<GCONST> 7.937910e+01
<MIXTURE> 14 6.782757e-02
<MEAN> 6
 8.812289e+01 1.133715e+02 -1.875688e+02 -2.527184e+00 -1.786700e+01 -2.316174e+02
<VARIANCE> 6
 3.410862e+02 5.267111e+05 1.265212e+05 2.917190e+02 3.617517e+04 4.607186e+07
<GCONST> 7.559961e+01
<MIXTURE> 15 6.938526e-02
<MEAN> 6
 -5.116122e+01 -5.207413e+01 -6.066036e+01 1.697928e+01 9.727104e+02 -3.398346e+03
<VARIANCE> 6
 3.258214e+02 2.236334e+05 1.455920e+05 1.721671e+04 3.347480e+05 2.035747e+08
<GCONST> 8.262625e+01
<TRANSP> 5
 0.000000e+00 1.000000e+00 0.000000e+00 0.000000e+00 0.000000e+00
 0.000000e+00 9.998273e-01 1.727624e-04 0.000000e+00 0.000000e+00
 0.000000e+00 0.000000e+00 9.996758e-01 3.241654e-04 0.000000e+00
 0.000000e+00 0.000000e+00 0.000000e+00 9.999446e-01 5.541860e-05
 0.000000e+00 0.000000e+00 0.000000e+00 0.000000e+00 0.000000e+00
<ENDHMM>
~h "SegundoESO"
<BEGINHMM>
<NUMSTATES> 5
<STATE> 2
<NUMMIXES> 15
<MIXTURE> 1 2.238235e-02
<MEAN> 6
 8.123042e+01 3.255252e+03 3.563815e+03 3.712599e-01 -1.833489e+01 -1.025395e+02
<VARIANCE> 6
 1.332611e+02 6.339952e+07 4.696983e+07 2.917190e+02 3.617517e+04 4.607186e+07
<GCONST> 8.536720e+01
<MIXTURE> 2 3.546776e-02
<MEAN> 6
 8.053455e+01 8.608776e+02 7.597267e+02 4.878768e+01 -1.075933e+03 -6.595576e+02
<VARIANCE> 6
 5.187629e+02 2.078405e+07 1.524441e+07 2.857144e+04 9.831782e+05 5.652028e+08
<GCONST> 9.487953e+01
<MIXTURE> 3 8.718064e-02
<MEAN> 6
 4.184510e+01 7.022075e+02 -1.447400e+02 2.013458e+02 -3.406775e+02 -1.574604e+03
<VARIANCE> 6
 5.077938e+02 5.663498e+06 5.757261e+06 4.491247e+03 1.056982e+05 4.607186e+07
<GCONST> 8.599680e+01
<MIXTURE> 4 8.299522e-02
<MEAN> 6
 -4.971141e+01 3.289365e+02 1.113193e+03 -3.505103e+01 1.161912e+03 9.124459e+02
<VARIANCE> 6
 2.923232e+02 1.598746e+06 5.431671e+06 3.652271e+04 4.352412e+05 2.612481e+08
<GCONST> 8.936794e+01
<MIXTURE> 5 9.515955e-02
<MEAN> 6
 7.445448e+01 -9.072136e+01 1.204127e+03 4.077673e-01 -2.140343e+01 -6.540955e+01
<VARIANCE> 6
 3.147899e+01 1.954843e+06 1.527958e+06 2.917190e+02 3.617517e+04 4.607186e+07
<GCONST> 7.701947e+01
<MIXTURE> 6 7.897840e-02
<MEAN> 6
 -6.233736e+01 2.925301e+02 3.027778e+02 1.143760e+01 1.837321e+02 7.632822e+01
<VARIANCE> 6
 6.987903e+01 1.013533e+06 3.955164e+06 8.239495e+02 5.773350e+04 4.607186e+07
<GCONST> 7.961693e+01
<MIXTURE> 7 5.646731e-02
<MEAN> 6
 8.012787e+01 1.110695e+03 -2.192516e+03 -1.028285e+00 -1.792549e+01 -6.805334e+01
<VARIANCE> 6
 1.490352e+02 7.248287e+05 1.484005e+06 2.917190e+02 3.617517e+04 4.607186e+07
<GCONST> 7.755302e+01
<MIXTURE> 8 6.495066e-02
<MEAN> 6
 8.285564e+01 -2.380139e+02 9.764261e+02 4.637342e+01 -4.383677e+02 1.319245e+02
<VARIANCE> 6
 1.976887e+02 7.781746e+05 3.669380e+06 6.719321e+03 8.181984e+04 4.607186e+07
<GCONST> 8.276493e+01
<MIXTURE> 9 8.361080e-02
<MEAN> 6
 -1.439822e+01 6.770880e+02 -4.399941e+02 5.058392e+01 2.647340e+02 -2.476618e+03
<VARIANCE> 6
 2.673515e+02 3.222911e+06 4.563810e+06 3.568413e+04 8.085113e+04 4.963104e+07
<GCONST> 8.643825e+01
<MIXTURE> 10 8.298343e-02
<MEAN> 6
 8.725758e+01 -3.151925e+03 1.480992e+03 -6.494588e+00 -2.270083e+01 -2.310846e+02
<VARIANCE> 6
 1.103619e+02 6.092088e+06 5.896079e+06 2.917190e+02 3.617517e+04 4.607186e+07
<GCONST> 8.076096e+01
<MIXTURE> 11 7.274064e-02
<MEAN> 6
 2.317854e+01 -1.245538e+02 3.484208e+02 -2.577788e+02 -2.517340e+02 5.165311e+03
<VARIANCE> 6
 5.858702e+02 4.389522e+06 4.431976e+06 5.657729e+03 3.417160e+05 8.786988e+07
<GCONST> 8.767332e+01
<MIXTURE> 12 5.443225e-02
<MEAN> 6
 8.572658e+01 -3.293434e+02 -4.363984e+03 -4.624882e+00 -1.400817e+01 -6.444164e+01
<VARIANCE> 6
 1.941140e+02 2.468913e+05 1.609687e+07 2.917190e+02 3.617517e+04 4.607186e+07
<GCONST> 7.912418e+01
<MIXTURE> 13 5.493497e-02
<MEAN> 6
 -4.339721e+01 -2.144370e+02 2.174541e+02 4.714095e+01 5.603210e+02 -1.977668e+02
<VARIANCE> 6
 2.279440e+02 1.803713e+07 4.368505e+05 1.671793e+04 1.522812e+05 4.607186e+07
<GCONST> 8.545509e+01
<MIXTURE> 14 6.973411e-02
<MEAN> 6
 7.571562e+01 -6.549862e+02 -4.243745e+02 -9.532735e+01 -6.240671e+02 -8.033077e+02
<VARIANCE> 6
 2.063462e+02 5.562776e+06 3.522525e+06 8.010119e+03 1.858218e+05 4.607186e+07
<GCONST> 8.572984e+01
<MIXTURE> 15 5.772918e-02
<MEAN> 6
 7.023248e+01 6.177513e+02 -3.261256e+03 5.364138e-01 -6.672420e+00 -1.055948e+02
<VARIANCE> 6
 1.133448e+02 2.247937e+05 2.358620e+06 2.917190e+02 3.617517e+04 4.607186e+07
<GCONST> 7.657185e+01
<STATE> 3
<NUMMIXES> 15
<MIXTURE> 1 4.956738e-02
<MEAN> 6
 8.447292e+01 -1.393972e+03 1.578328e+02 -1.330205e+00 -3.435395e+00 -8.303311e+01
<VARIANCE> 6
 3.147899e+01 2.461576e+05 9.782488e+04 2.917190e+02 3.617517e+04 4.607186e+07
<GCONST> 7.219888e+01
<MIXTURE> 2 6.432144e-02
<MEAN> 6
 7.677181e+01 2.119931e+02 5.598525e+02 -7.651098e-01 -2.039841e+00 -3.294988e+01
<VARIANCE> 6
 3.147899e+01 1.700407e+05 1.472894e+05 2.917190e+02 3.617517e+04 4.607186e+07
<GCONST> 7.223816e+01
<MIXTURE> 3 3.606647e-02
<MEAN> 6
 5.935177e+01 2.272739e+03 -2.848350e+02 3.953878e-01 -3.758350e+00 -1.709542e+02
<VARIANCE> 6
 3.147899e+01 1.746905e+05 1.596790e+04 2.917190e+02 3.617517e+04 4.607186e+07
<GCONST> 7.004332e+01
<MIXTURE> 4 6.471764e-02
<MEAN> 6
 7.282959e+01 3.883154e+02 2.978813e+02 -7.066832e-01 -3.491339e+00 -8.151356e+01
<VARIANCE> 6
 3.147899e+01 1.671340e+05 1.596790e+04 2.917190e+02 3.617517e+04 4.607186e+07
<GCONST> 6.999910e+01
<MIXTURE> 5 3.692812e-02
<MEAN> 6
 5.999090e+01 -2.185833e+03 -4.289177e+02 -6.752171e-01 -2.082630e+00 -7.332475e+01
<VARIANCE> 6
 3.897114e+01 1.468229e+05 4.991136e+04 2.917190e+02 3.617517e+04 4.607186e+07
<GCONST> 7.122270e+01
<MIXTURE> 6 7.000750e-02
<MEAN> 6
 6.060088e+01 7.283160e+02 -1.297335e+03 -7.112013e-01 -5.055004e+00 -9.215359e+01
<VARIANCE> 6
 3.147899e+01 3.374934e+05 1.790993e+05 2.917190e+02 3.617517e+04 4.607186e+07
<GCONST> 7.311922e+01
<MIXTURE> 7 5.648563e-02
<MEAN> 6
 5.894140e+01 5.288654e+02 4.856414e+01 4.175683e-01 2.596251e+00 -8.939132e+01
<VARIANCE> 6
 3.147899e+01 6.791508e+04 1.596790e+04 2.917190e+02 3.617517e+04 4.607186e+07
<GCONST> 6.909857e+01
<MIXTURE> 8 7.714095e-02
<MEAN> 6
 7.424626e+01 4.364538e+02 -6.660322e+02 -7.142373e-01 -5.664333e+00 -1.038680e+02
<VARIANCE> 6
 3.147899e+01 2.967605e+05 2.740032e+04 2.917190e+02 3.617517e+04 4.607186e+07
<GCONST> 7.111320e+01
<MIXTURE> 9 6.342126e-02
<MEAN> 6
 8.325455e+01 -7.638094e+02 1.516847e+02 -3.484581e-01 -2.858777e+00 -1.106184e+02
<VARIANCE> 6
 3.147899e+01 1.496847e+04 2.411812e+04 2.917190e+02 3.617517e+04 4.607186e+07
<GCONST> 6.799864e+01
<MIXTURE> 10 1.233253e-01
<MEAN> 6
 6.922699e+01 3.781953e+02 -2.765679e+02 1.477259e-02 -6.383113e+00 -1.209145e+02
<VARIANCE> 6
 3.147899e+01 3.571918e+04 3.594430e+04 2.917190e+02 3.617517e+04 4.607186e+07
<GCONST> 6.926738e+01
<MIXTURE> 11 6.567926e-02
<MEAN> 6
 6.891778e+01 3.343097e+02 6.142755e+01 -4.557415e-01 -3.953515e+00 -1.105537e+02
<VARIANCE> 6
 3.147899e+01 7.841348e+05 1.596790e+04 2.917190e+02 3.617517e+04 4.607186e+07
<GCONST> 7.154489e+01
<MIXTURE> 12 8.735569e-02
<MEAN> 6
 5.946023e+01 -2.388678e+01 -1.542865e+02 1.713225e-01 -1.563201e+00 -1.286956e+02
<VARIANCE> 6
 3.147899e+01 4.806829e+04 1.596790e+04 2.917190e+02 3.617517e+04 4.607186e+07
<GCONST> 6.875293e+01
<MIXTURE> 13 7.150029e-02
<MEAN> 6
 7.139902e+01 -3.258785e+02 -1.875984e+02 -4.423151e-01 -3.606111e+00 -8.605656e+01
<VARIANCE> 6
 3.147899e+01 5.615870e+04 7.153049e+05 2.917190e+02 3.617517e+04 4.607186e+07
<GCONST> 7.271062e+01
<MIXTURE> 14 6.786499e-02
<MEAN> 6
 6.907449e+01 -4.294033e+01 2.955186e+02 -2.915493e-01 -3.130131e+00 -8.070682e+01
<VARIANCE> 6
 3.147899e+01 1.705190e+05 1.596790e+04 2.917190e+02 3.617517e+04 4.607186e+07
<GCONST> 7.001915e+01
<MIXTURE> 15 6.538841e-02
<MEAN> 6
 6.818421e+01 -8.359787e+01 2.361290e+01 -3.616891e-01 -2.135188e+00 -1.059350e+02
<VARIANCE> 6
 3.147899e+01 1.036400e+06 1.644902e+04 2.917190e+02 3.617517e+04 4.607186e+07
<GCONST> 7.185350e+01
<STATE> 4
<NUMMIXES> 15
<MIXTURE> 1 8.337820e-02
<MEAN> 6
 8.327818e+01 -3.194758e+01 9.391496e+01 -5.092156e+00 -2.888858e+01 1.437618e+02
<VARIANCE> 6
 2.018463e+02 1.797950e+06 1.175717e+06 2.917190e+02 3.617517e+04 4.607186e+07
<GCONST> 7.853195e+01
<MIXTURE> 2 2.273238e-02
<MEAN> 6
 3.875758e+01 -5.073736e+02 8.019375e+01 -8.917590e+01 -6.030230e+02 6.007188e+03
<VARIANCE> 6
 1.941453e+03 5.866015e+06 2.984380e+06 6.149424e+04 1.885930e+06 1.033708e+09
<GCONST> 9.532510e+01
<MIXTURE> 3 8.742321e-02
<MEAN> 6
 -4.310673e+01 9.883725e+01 7.146410e+00 7.573017e+01 9.537738e+02 -1.048070e+03
<VARIANCE> 6
 1.645179e+02 4.889060e+05 1.792315e+05 1.609350e+04 1.303163e+05 6.746784e+07
<GCONST> 8.081770e+01
<MIXTURE> 4 5.549213e-02
<MEAN> 6
 3.399686e+01 4.911401e+02 1.996982e+02 1.465478e+02 -1.446148e+02 -5.780530e+02
<VARIANCE> 6
 5.202836e+02 8.219582e+05 4.405213e+05 4.573917e+03 5.720249e+04 4.607186e+07
<GCONST> 8.092499e+01
<MIXTURE> 5 1.060262e-01
<MEAN> 6
 6.376383e+00 -3.407441e+01 1.084190e+02 -2.315019e+02 1.374749e+01 5.272858e+03
<VARIANCE> 6
 5.507717e+02 7.238312e+05 3.159192e+05 6.075162e+03 2.388391e+05 1.449044e+08
<GCONST> 8.338123e+01
<MIXTURE> 6 6.216523e-02
<MEAN> 6
 8.280968e+01 4.496771e+01 -1.528234e+01 2.795811e+01 -9.795961e+02 -2.508563e+03
<VARIANCE> 6
 2.638044e+02 1.132239e+06 5.459474e+05 1.704961e+04 5.594726e+05 3.150264e+08
<GCONST> 8.629926e+01
<MIXTURE> 7 7.538369e-02
<MEAN> 6
 -7.423528e+00 5.601088e+01 -8.690533e+00 5.092266e+01 1.276379e+02 -5.353825e+02
<VARIANCE> 6
 2.680378e+02 2.584099e+05 5.551832e+04 1.810595e+04 4.721332e+04 4.607186e+07
<GCONST> 7.821730e+01
<MIXTURE> 8 7.470121e-02
<MEAN> 6
 -5.245002e+01 3.661555e+01 3.235951e+01 2.036750e+01 3.002151e+02 -7.523209e+01
<VARIANCE> 6
 1.981515e+02 3.214386e+05 4.074598e+05 9.148146e+02 8.477837e+04 4.607186e+07
<GCONST> 7.772678e+01
<MIXTURE> 9 5.343714e-02
<MEAN> 6
 5.989386e+01 5.462478e+01 1.483608e+01 3.346000e+01 -3.729838e+02 -7.954695e+01
<VARIANCE> 6
 2.113189e+02 1.322877e+05 4.684163e+04 1.453511e+04 8.661052e+04 4.607186e+07
<GCONST> 7.752711e+01
<MIXTURE> 10 8.243185e-02
<MEAN> 6
 7.598758e+01 -6.776141e+01 4.416916e+01 -4.734651e+00 -3.879417e+01 -1.567998e+02
<VARIANCE> 6
 1.169039e+02 4.040540e+05 1.106322e+05 2.917190e+02 3.617517e+04 4.607186e+07
<GCONST> 7.412952e+01
<MIXTURE> 11 8.920887e-02
<MEAN> 6
 6.566333e+01 -4.315728e+02 1.497170e+02 -5.309359e+01 -6.968235e+02 7.477543e+02
<VARIANCE> 6
 2.315769e+02 1.513548e+06 3.247627e+05 1.881625e+04 1.447442e+05 4.607186e+07
<GCONST> 8.276391e+01
<MIXTURE> 12 4.649163e-02
<MEAN> 6
 -2.323620e+01 -1.081020e+01 2.412060e+01 3.986881e+01 4.066534e+02 -4.794655e+03
<VARIANCE> 6
 1.671991e+02 8.359584e+04 5.664329e+04 2.965356e+04 1.819889e+05 1.281698e+08
<GCONST> 7.950263e+01
<MIXTURE> 13 4.721740e-02
<MEAN> 6
 -5.172738e+01 1.554135e+02 3.092064e+01 -1.136651e+02 1.551905e+03 2.117283e+03
<VARIANCE> 6
 1.742688e+02 8.387728e+05 7.140651e+05 1.862680e+04 5.835778e+05 5.094106e+08
<GCONST> 8.646434e+01
<MIXTURE> 14 5.881083e-02
<MEAN> 6
 1.933687e+01 -9.521847e+01 -1.845072e+01 2.323314e+02 -1.802728e+02 -4.552532e+03
<VARIANCE> 6
 4.129517e+02 3.752347e+05 3.224957e+05 5.456063e+03 1.504427e+05 4.607186e+07
<GCONST> 8.074129e+01
<MIXTURE> 15 5.415844e-02
<MEAN> 6
 5.770823e+01 -5.181664e+01 -2.625011e+01 -2.796083e+01 -5.017243e+02 -3.275747e+02
<VARIANCE> 6
 2.410590e+02 1.270442e+05 3.895466e+04 2.024159e+04 1.210711e+05 4.607186e+07
<GCONST> 7.810009e+01
<TRANSP> 5
 0.000000e+00 1.000000e+00 0.000000e+00 0.000000e+00 0.000000e+00
 0.000000e+00 9.998446e-01 1.553952e-04 0.000000e+00 0.000000e+00
 0.000000e+00 0.000000e+00 9.997239e-01 2.761582e-04 0.000000e+00
 0.000000e+00 0.000000e+00 0.000000e+00 9.999426e-01 5.742341e-05
 0.000000e+00 0.000000e+00 0.000000e+00 0.000000e+00 0.000000e+00
<ENDHMM>
~h "QuintoPRIMARIA"
<BEGINHMM>
<NUMSTATES> 5
<STATE> 2
<NUMMIXES> 15
<MIXTURE> 1 9.727476e-02
<MEAN> 6
 7.613988e+01 3.433250e+01 1.455875e+02 -7.297462e+00 -2.390508e+01 -4.123557e+02
<VARIANCE> 6
 1.369240e+02 4.551531e+04 6.005547e+04 2.917190e+02 3.617517e+04 4.607186e+07
<GCONST> 7.149315e+01
<MIXTURE> 2 1.108658e-02
<MEAN> 6
 2.907950e+01 -5.404587e+02 -5.892756e+02 -1.325945e+02 -4.472008e+02 7.226534e+03
<VARIANCE> 6
 1.568595e+03 1.701838e+06 5.256654e+06 4.699505e+04 1.173163e+06 3.166889e+08
<GCONST> 9.251387e+01
<MIXTURE> 3 9.173808e-02
<MEAN> 6
 7.267134e+01 5.794858e+01 -2.263723e+01 -7.980072e+00 -5.167513e+02 -8.764861e+02
<VARIANCE> 6
 2.694810e+02 8.317334e+04 5.292886e+04 1.730396e+04 1.406456e+05 4.608440e+07
<GCONST> 7.808782e+01
<MIXTURE> 4 5.564095e-02
<MEAN> 6
 -3.356237e+01 1.476447e+01 2.417260e+02 1.748194e+02 9.478203e+02 -6.124236e+03
<VARIANCE> 6
 5.420087e+02 2.652133e+05 3.720393e+05 1.825707e+04 3.660488e+05 1.547889e+08
<GCONST> 8.411800e+01
<MIXTURE> 5 6.543486e-02
<MEAN> 6
 -5.299691e+01 3.634746e+01 1.830427e+01 1.577733e+01 1.396138e+02 8.745797e+01
<VARIANCE> 6
 2.080579e+02 1.100747e+05 1.054461e+05 4.256150e+02 4.402365e+04 4.607186e+07
<GCONST> 7.393169e+01
<MIXTURE> 6 6.022628e-02
<MEAN> 6
 9.078471e+01 1.520333e+00 -5.554109e+01 3.478327e+01 -1.128651e+03 1.000651e+02
<VARIANCE> 6
 1.180863e+02 5.624450e+05 1.790834e+05 1.442106e+04 1.233357e+06 7.228257e+08
<GCONST> 8.513470e+01
<MIXTURE> 7 8.368709e-02
<MEAN> 6
 7.398614e+01 -7.723382e+01 -9.341147e+01 -2.956525e+00 -1.774229e+01 -1.972503e+02
<VARIANCE> 6
 3.147899e+01 4.882455e+05 2.409301e+05 2.917190e+02 3.617517e+04 4.607186e+07
<GCONST> 7.378505e+01
<MIXTURE> 8 6.414591e-02
<MEAN> 6
 -3.547753e+01 -9.366441e+01 -1.872821e+01 -2.143897e+02 1.174970e+03 7.567947e+03
<VARIANCE> 6
 4.460934e+02 1.176083e+05 1.722536e+05 1.139117e+04 1.100218e+06 6.765880e+08
<GCONST> 8.444381e+01
<MIXTURE> 9 7.197733e-02
<MEAN> 6
 2.870876e+01 7.295989e+00 4.253332e+01 2.148149e+02 -1.215902e+02 -2.297201e+03
<VARIANCE> 6
 5.976254e+02 9.107341e+04 5.008730e+04 4.471848e+03 1.448596e+05 4.650510e+07
<GCONST> 7.760532e+01
<MIXTURE> 10 4.937993e-02
<MEAN> 6
 6.215018e+01 6.826223e+01 -9.066460e+01 -2.395549e-01 -1.236114e+01 -1.092728e+02
<VARIANCE> 6
 3.147899e+01 4.070846e+04 1.154043e+05 2.917190e+02 3.617517e+04 4.607186e+07
<GCONST> 7.056461e+01
<MIXTURE> 11 6.569227e-02
<MEAN> 6
 2.392480e+01 -1.476238e+00 -1.173756e+01 -7.019040e+01 -4.411655e+02 1.827413e+03
<VARIANCE> 6
 4.756096e+02 6.546083e+04 1.336596e+05 7.125530e+04 5.343548e+05 3.134707e+08
<GCONST> 8.401017e+01
<MIXTURE> 12 1.000854e-01
<MEAN> 6
 -4.749389e+01 -2.186741e+01 2.159462e+01 4.452517e+01 7.838141e+02 -4.057502e+02
<VARIANCE> 6
 2.321180e+02 8.281988e+04 6.540382e+04 1.207347e+04 1.321216e+05 5.894561e+07
<GCONST> 7.796964e+01
<MIXTURE> 13 7.272325e-02
<MEAN> 6
 6.020655e+01 1.078166e+02 -9.528667e+01 -6.410832e+01 -7.837195e+02 -1.400953e+02
<VARIANCE> 6
 2.452628e+02 2.762284e+05 2.340104e+05 3.045428e+04 2.448200e+05 5.634434e+07
<GCONST> 8.200095e+01
<MIXTURE> 14 6.086234e-02
<MEAN> 6
 4.121541e+00 -5.705849e+01 -3.897472e+01 -1.031443e+02 6.032402e+01 1.075981e+02
<VARIANCE> 6
 4.431495e+02 8.753983e+04 1.161003e+05 3.124321e+04 1.108725e+05 4.607186e+07
<GCONST> 7.977464e+01
<MIXTURE> 15 4.952821e-02
<MEAN> 6
 6.152632e+01 -2.780487e+01 -1.310919e+02 -1.378431e-01 -1.316984e+01 -1.092897e+02
<VARIANCE> 6
 3.147899e+01 2.074829e+04 1.289341e+05 2.917190e+02 3.617517e+04 4.607186e+07
<GCONST> 7.000150e+01
<STATE> 3
<NUMMIXES> 15
<MIXTURE> 1 7.804167e-02
<MEAN> 6
 7.652049e+01 3.340841e+02 3.443436e+03 -8.775041e-02 -2.902407e+00 -1.084319e+02
<VARIANCE> 6
 7.221632e+01 9.353677e+04 6.727726e+05 2.917190e+02 3.617517e+04 4.607186e+07
<GCONST> 7.398984e+01
<MIXTURE> 2 8.445337e-02
<MEAN> 6
 6.574033e+01 1.170023e+03 -8.350608e+02 -4.690521e-02 -8.783657e-01 -7.406340e+01
<VARIANCE> 6
 3.147899e+01 1.276535e+05 1.868929e+05 2.917190e+02 3.617517e+04 4.607186e+07
<GCONST> 7.218958e+01
<MIXTURE> 3 2.862653e-02
<MEAN> 6
 9.782178e+01 -2.005337e+02 -5.963109e+01 -7.653123e+00 1.246121e+01 2.225587e+02
<VARIANCE> 6
 5.243486e+01 7.122180e+04 2.345615e+04 2.917190e+02 3.617517e+04 4.607186e+07
<GCONST> 7.004091e+01
<MIXTURE> 4 8.464926e-02
<MEAN> 6
 6.249077e+01 -3.123795e+03 -5.103773e+03 7.472452e-01 -6.519405e+00 -8.777137e+01
<VARIANCE> 6
 3.147899e+01 1.599111e+07 7.627996e+06 2.917190e+02 3.617517e+04 4.607186e+07
<GCONST> 8.072910e+01
<MIXTURE> 5 8.056581e-02
<MEAN> 6
 7.639908e+01 -3.931778e+02 9.371765e+02 -1.235043e+00 -2.893426e+00 -2.802692e+01
<VARIANCE> 6
 3.147899e+01 1.496847e+04 1.151813e+06 2.917190e+02 3.617517e+04 4.607186e+07
<GCONST> 7.186476e+01
<MIXTURE> 6 5.270192e-02
<MEAN> 6
 6.496053e+01 -5.394141e+02 -1.469136e+03 1.175598e+00 -1.764297e+00 -6.774620e+01
<VARIANCE> 6
 4.400348e+01 4.368643e+04 4.711398e+04 2.917190e+02 3.617517e+04 4.607186e+07
<GCONST> 7.007428e+01
<MIXTURE> 7 8.901442e-02
<MEAN> 6
 6.108240e+01 3.615843e+02 -3.146196e+03 2.838334e-01 -5.917528e+00 -1.137393e+02
<VARIANCE> 6
 3.147899e+01 9.616888e+04 7.970694e+05 2.917190e+02 3.617517e+04 4.607186e+07
<GCONST> 7.335677e+01
<MIXTURE> 8 6.536862e-02
<MEAN> 6
 8.900609e+01 1.413778e+03 -2.976963e+02 -2.971229e+00 -4.216208e+00 -7.430299e+01
<VARIANCE> 6
 6.001393e+01 1.319106e+06 4.461914e+04 2.917190e+02 3.617517e+04 4.607186e+07
<GCONST> 7.373785e+01
<MIXTURE> 9 9.053093e-02
<MEAN> 6
 7.706049e+01 -7.642158e+02 6.332526e+01 -1.873909e+00 -5.456250e-01 -8.615968e+01
<VARIANCE> 6
 3.147899e+01 9.171941e+04 2.689354e+04 2.917190e+02 3.617517e+04 4.607186e+07
<GCONST> 6.992035e+01
<MIXTURE> 10 4.854257e-02
<MEAN> 6
 8.119804e+01 4.291150e+02 -1.324083e+03 -2.223534e+00 3.185419e+00 -5.990432e+01
<VARIANCE> 6
 2.621004e+02 3.025235e+04 7.094123e+04 2.917190e+02 3.617517e+04 4.607186e+07
<GCONST> 7.190056e+01
<MIXTURE> 11 5.344649e-02
<MEAN> 6
 8.288197e+01 2.733618e+02 -2.554441e+02 -2.242661e+00 8.393323e-01 -5.389474e+01
<VARIANCE> 6
 3.147899e+01 1.335808e+05 1.596790e+04 2.917190e+02 3.617517e+04 4.607186e+07
<GCONST> 6.977501e+01
<MIXTURE> 12 9.179231e-02
<MEAN> 6
 8.653288e+01 -1.330310e+02 5.441211e+01 -3.853306e+00 8.358067e+00 -5.870943e+01
<VARIANCE> 6
 3.147899e+01 2.519588e+04 1.596790e+04 2.917190e+02 3.617517e+04 4.607186e+07
<GCONST> 6.810699e+01
<MIXTURE> 13 3.786500e-02
<MEAN> 6
 5.156378e+01 -1.068220e+03 3.129497e+02 -3.253876e-01 -3.130733e+00 -1.254613e+02
<VARIANCE> 6
 3.147899e+01 1.496847e+04 1.572215e+05 2.917190e+02 3.617517e+04 4.607186e+07
<GCONST> 6.987332e+01
<MIXTURE> 14 6.152728e-02
<MEAN> 6
 7.052650e+01 -4.377952e+02 -5.932126e+01 -1.385362e+00 -5.906973e+00 -4.179845e+01
<VARIANCE> 6
 5.485815e+01 1.496847e+04 8.705680e+04 2.917190e+02 3.617517e+04 4.607186e+07
<GCONST> 6.983766e+01
<MIXTURE> 15 5.276418e-02
<MEAN> 6
 8.209391e+01 3.814160e+01 -3.204709e+02 -2.145189e+00 1.168752e+00 -2.038744e+01
<VARIANCE> 6
 3.147899e+01 1.251187e+05 1.596790e+04 2.917190e+02 3.617517e+04 4.607186e+07
<GCONST> 6.970956e+01
<STATE> 4
<NUMMIXES> 15
<MIXTURE> 1 5.685716e-02
<MEAN> 6
 8.913221e+01 2.289413e+02 9.178355e+02 -4.534698e+00 -1.641139e+01 -1.555961e+01
<VARIANCE> 6
 3.061379e+02 6.035808e+06 3.330262e+06 2.917190e+02 3.617517e+04 4.607186e+07
<GCONST> 8.120071e+01
<MIXTURE> 2 1.320352e-02
<MEAN> 6
 -7.870087e+00 1.667945e+02 1.077100e+02 -2.329033e+01 1.036146e+02 7.756552e+03
<VARIANCE> 6
 1.172377e+04 1.806041e+05 3.915700e+05 2.117700e+06 1.160198e+09 1.705894e+12
<GCONST> 1.089814e+02
<MIXTURE> 3 9.201664e-02
<MEAN> 6
 2.456560e+01 2.549698e+02 -4.358789e+02 -2.458947e+02 -4.131671e+02 5.811786e+03
<VARIANCE> 6
 1.289189e+03 2.419004e+06 7.585224e+06 1.196956e+04 6.348926e+05 1.988353e+08
<GCONST> 9.058893e+01
<MIXTURE> 4 8.646784e-02
<MEAN> 6
 -3.815414e+01 -2.704511e+02 1.860805e+02 1.779907e+02 7.389071e+02 -2.123069e+03
<VARIANCE> 6
 3.476350e+02 1.059507e+06 1.428205e+06 7.334027e+03 1.612995e+05 4.607186e+07
<GCONST> 8.346067e+01
<MIXTURE> 5 4.376695e-02
<MEAN> 6
 4.520417e+01 3.230128e+02 7.316674e+02 1.997740e+02 -3.932663e+02 -1.030995e+03
<VARIANCE> 6
 7.837768e+02 2.347758e+06 4.338435e+06 6.449144e+03 2.021834e+05 5.787844e+07
<GCONST> 8.650587e+01
<MIXTURE> 6 3.923437e-02
<MEAN> 6
 3.134539e+01 -4.328548e+02 -4.376608e+02 4.061379e+01 -6.872184e+02 -1.764902e+03
<VARIANCE> 6
 5.671102e+03 2.983008e+06 3.406897e+06 6.830199e+04 5.532667e+06 4.542091e+09
<GCONST> 9.851469e+01
<MIXTURE> 7 6.205773e-02
<MEAN> 6
 8.777673e+01 9.265603e+01 2.619976e+01 1.974616e+01 -5.306078e+02 -7.975103e+02
<VARIANCE> 6
 1.827136e+02 8.948088e+05 4.829909e+05 1.242628e+04 1.015213e+06 5.568288e+08
<GCONST> 8.642325e+01
<MIXTURE> 8 8.185192e-02
<MEAN> 6
 9.036800e+01 3.636917e+02 3.439835e+02 -3.999891e+00 -2.249270e+01 -6.178491e+01
<VARIANCE> 6
 1.037578e+02 3.401124e+05 3.029983e+06 2.917190e+02 3.617517e+04 4.607186e+07
<GCONST> 7.714806e+01
<MIXTURE> 9 9.552052e-02
<MEAN> 6
 -6.600753e+01 1.218276e+02 -4.903694e+01 7.108414e+00 2.460262e+02 3.802917e+02
<VARIANCE> 6
 2.114885e+02 1.025812e+06 1.784669e+06 1.107691e+03 1.057786e+05 4.607186e+07
<GCONST> 8.084203e+01
<MIXTURE> 10 6.616818e-02
<MEAN> 6
 7.905323e+01 8.339299e+00 1.048847e+02 -3.148640e-01 -1.153189e+01 -2.773465e+02
<VARIANCE> 6
 3.425907e+02 3.729195e+05 1.312834e+05 2.917190e+02 3.617517e+04 4.607186e+07
<GCONST> 7.529567e+01
<MIXTURE> 11 8.239836e-02
<MEAN> 6
 -5.330948e+01 -3.159076e+01 -1.364922e+02 -1.027318e+02 1.368212e+03 7.748174e+02
<VARIANCE> 6
 2.691972e+02 1.422910e+06 2.722012e+06 2.347523e+04 7.744014e+05 4.961645e+08
<GCONST> 8.925377e+01
<MIXTURE> 12 7.464297e-02
<MEAN> 6
 1.366777e+01 -2.922186e+02 1.936929e+02 3.679126e+00 -1.286744e+00 -1.842457e+03
<VARIANCE> 6
 6.693755e+02 2.920358e+05 5.175108e+05 5.127789e+04 1.399899e+05 8.912083e+07
<GCONST> 8.427487e+01
<MIXTURE> 13 9.000164e-02
<MEAN> 6
 7.500137e+01 6.064070e+01 9.141210e+00 -6.656915e+01 -6.575079e+02 -8.771477e+02
<VARIANCE> 6
 2.368598e+02 7.437114e+05 1.327206e+06 1.256081e+04 1.514274e+05 4.607186e+07
<GCONST> 8.312464e+01
<MIXTURE> 14 6.508813e-02
<MEAN> 6
 7.693214e+01 3.458277e+02 7.856791e+02 -1.858974e+00 -1.792598e+01 -1.352860e+02
<VARIANCE> 6
 2.176704e+02 1.768867e+06 1.878865e+06 2.917190e+02 3.617517e+04 4.607186e+07
<GCONST> 7.905991e+01
<MIXTURE> 15 5.009752e-02
<MEAN> 6
 3.991221e+01 -4.431818e+02 4.384341e+01 2.170962e+02 -4.240558e+02 -2.410696e+03
<VARIANCE> 6
 5.964946e+02 7.542753e+05 2.060499e+06 5.218930e+03 1.555302e+05 5.301754e+07
<GCONST> 8.379108e+01
<TRANSP> 5
 0.000000e+00 1.000000e+00 0.000000e+00 0.000000e+00 0.000000e+00
 0.000000e+00 9.999104e-01 8.960847e-05 0.000000e+00 0.000000e+00
 0.000000e+00 0.000000e+00 9.996526e-01 3.473483e-04 0.000000e+00
 0.000000e+00 0.000000e+00 0.000000e+00 9.999278e-01 7.220156e-05
 0.000000e+00 0.000000e+00 0.000000e+00 0.000000e+00 0.000000e+00
<ENDHMM>
