~o
<STREAMINFO> 1 6
<VECSIZE> 6<NULLD><USER><DIAGC>
~h "SegundoPRIMARIA"
<BEGINHMM>
<NUMSTATES> 5
<STATE> 2
<NUMMIXES> 5
<MIXTURE> 1 1.862692e-01
<MEAN> 6
 7.604630e+01 3.042528e+02 3.704907e+02 1.874287e+00 1.740957e+01 1.293668e+03
<VARIANCE> 6
 2.425366e+03 8.833182e+05 2.125518e+06 2.989969e+02 3.923064e+04 5.001988e+07
<GCONST> 8.108755e+01
<MIXTURE> 2 1.709944e-01
<MEAN> 6
 3.334192e+01 -2.200114e+02 1.490471e+01 -5.935545e+01 -7.900525e+01 2.422425e+03
<VARIANCE> 6
 4.384736e+03 1.194503e+07 1.486369e+06 6.374646e+04 3.058979e+06 1.515773e+09
<GCONST> 9.705627e+01
<MIXTURE> 3 2.212054e-01
<MEAN> 6
 -2.133794e+01 9.158508e+01 -5.409288e+01 5.611445e+01 3.436740e+02 -2.355168e+02
<VARIANCE> 6
 2.940902e+03 3.011080e+05 1.110287e+06 2.579885e+04 3.888707e+05 6.763954e+07
<GCONST> 8.660787e+01
<MIXTURE> 4 2.349932e-01
<MEAN> 6
 2.894598e+01 -8.002224e+01 -1.091221e+02 -6.020037e+00 -2.297249e+02 -1.354513e+03
<VARIANCE> 6
 3.506371e+03 2.149482e+05 1.436658e+06 4.220664e+04 8.104751e+05 1.114024e+08
<GCONST> 8.842995e+01
<MIXTURE> 5 1.862692e-01
<MEAN> 6
 5.634710e+01 -7.168722e+01 -2.126756e+02 -5.042323e+00 -6.181733e+01 -1.535322e+03
<VARIANCE> 6
 2.425366e+03 8.833182e+05 2.125518e+06 2.989969e+02 3.923064e+04 5.001988e+07
<GCONST> 8.108755e+01
<STATE> 3
<NUMMIXES> 5
<MIXTURE> 1 1.764592e-01
<MEAN> 6
 8.760153e+01 -3.403879e+01 -3.318671e+01 -2.621335e+00 -2.818371e+00 -1.140736e+02
<VARIANCE> 6
 2.638513e+02 4.579812e+06 2.221723e+05 2.989969e+02 3.923064e+04 5.001988e+07
<GCONST> 7.825660e+01
<MIXTURE> 2 2.106156e-01
<MEAN> 6
 8.306928e+01 4.011607e+02 2.794937e+02 -9.534323e-01 -3.316698e+00 -5.883061e+01
<VARIANCE> 6
 9.137545e+01 3.316167e+05 4.438264e+04 2.989969e+02 3.923064e+04 5.001988e+07
<GCONST> 7.296016e+01
<MIXTURE> 3 1.977827e-01
<MEAN> 6
 7.284482e+01 -9.708773e+01 -2.294904e+02 3.399989e+00 3.816399e+01 1.330445e+03
<VARIANCE> 6
 1.399647e+02 1.710628e+05 1.381576e+05 2.989969e+02 3.923064e+04 5.001988e+07
<GCONST> 7.386017e+01
<MIXTURE> 4 2.172749e-01
<MEAN> 6
 7.255362e+01 1.194346e+01 -1.246435e+01 3.596364e-01 -8.219723e-01 -1.091419e+02
<VARIANCE> 6
 8.958717e+01 8.420358e+04 4.998293e+04 2.989969e+02 3.923064e+04 5.001988e+07
<GCONST> 7.168848e+01
<MIXTURE> 5 1.977827e-01
<MEAN> 6
 6.811255e+01 -2.625267e+02 -3.781686e+02 -3.516622e+00 -4.106292e+01 -1.498544e+03
<VARIANCE> 6
 1.399647e+02 1.710628e+05 1.381576e+05 2.989969e+02 3.923064e+04 5.001988e+07
<GCONST> 7.386017e+01
<STATE> 4
<NUMMIXES> 5
<MIXTURE> 1 1.495221e-02
<MEAN> 6
 3.756490e+01 2.523644e+02 6.974808e+01 7.056275e+00 -6.909837e+02 4.835462e+03
<VARIANCE> 6
 7.443765e+03 2.358968e+06 1.468091e+06 5.857906e+05 3.052372e+08 4.385105e+11
<GCONST> 1.084396e+02
<MIXTURE> 2 2.988589e-01
<MEAN> 6
 1.138378e+01 9.325333e+01 4.167591e+01 7.121095e+01 1.971819e+02 -7.830640e+02
<VARIANCE> 6
 3.663213e+03 2.834045e+05 5.701745e+04 2.058320e+04 2.725416e+05 5.001988e+07
<GCONST> 8.291481e+01
<MIXTURE> 3 1.922150e-01
<MEAN> 6
 3.445654e+01 7.269636e+01 1.368906e+02 -7.487896e+00 3.179805e+02 5.759095e+03
<VARIANCE> 6
 3.714807e+03 2.260178e+05 2.171639e+05 5.741979e+04 2.165278e+06 6.076278e+08
<GCONST> 8.963540e+01
<MIXTURE> 4 3.017698e-01
<MEAN> 6
 6.265956e+01 -9.286306e+01 -4.564449e+01 1.195192e+00 -1.905968e+02 -4.653212e+02
<VARIANCE> 6
 2.694781e+03 2.888538e+05 1.076067e+05 1.469554e+04 2.303908e+05 5.001988e+07
<GCONST> 8.275702e+01
<MIXTURE> 5 1.922150e-01
<MEAN> 6
 1.007686e+01 -1.174690e+02 -4.951283e+01 -1.033376e+02 -2.706148e+02 -4.100948e+03
<VARIANCE> 6
 3.714807e+03 2.260178e+05 2.171639e+05 5.741979e+04 2.165278e+06 6.076278e+08
<GCONST> 8.963540e+01
<TRANSP> 5
 0.000000e+00 1.000000e+00 0.000000e+00 0.000000e+00 0.000000e+00
 0.000000e+00 9.998553e-01 1.446731e-04 0.000000e+00 0.000000e+00
 0.000000e+00 0.000000e+00 9.997043e-01 2.957166e-04 0.000000e+00
 0.000000e+00 0.000000e+00 0.000000e+00 9.999401e-01 5.986672e-05
 0.000000e+00 0.000000e+00 0.000000e+00 0.000000e+00 0.000000e+00
<ENDHMM>
~h "SegundoESO"
<BEGINHMM>
<NUMSTATES> 5
<STATE> 2
<NUMMIXES> 5
<MIXTURE> 1 3.410613e-01
<MEAN> 6
 8.069904e+01 -6.525670e+02 -4.501962e+02 -2.363298e+00 -2.235441e+01 -1.006852e+02
<VARIANCE> 6
 1.291490e+02 4.204589e+06 1.206383e+07 2.989969e+02 3.923064e+04 5.001988e+07
<GCONST> 8.145122e+01
<MIXTURE> 2 1.865773e-01
<MEAN> 6
 -2.557674e+01 4.880625e+02 8.317537e+02 3.130040e+01 5.900116e+02 2.418909e+03
<VARIANCE> 6
 1.160272e+03 2.884978e+06 3.725376e+06 3.536028e+04 4.443387e+05 1.331411e+08
<GCONST> 9.027399e+01
<MIXTURE> 3 1.862072e-01
<MEAN> 6
 6.975012e+01 -5.647527e+01 2.995208e+02 -9.834866e+00 -7.003713e+02 1.074242e+02
<VARIANCE> 6
 4.838574e+02 8.895745e+05 4.929365e+06 2.957311e+04 2.641231e+05 7.972870e+07
<GCONST> 8.729120e+01
<MIXTURE> 4 9.947712e-02
<MEAN> 6
 5.781869e+01 1.393933e+03 -2.548032e+02 6.086037e+01 -3.326459e+02 -3.587982e+02
<VARIANCE> 6
 1.046774e+03 3.298380e+07 2.436246e+06 2.519833e+04 1.644975e+05 5.001988e+07
<GCONST> 8.987135e+01
<MIXTURE> 5 1.865773e-01
<MEAN> 6
 -3.920184e+01 -1.913465e+02 5.970435e+01 -4.391693e+01 3.233766e+02 -2.196562e+03
<VARIANCE> 6
 1.160272e+03 2.884978e+06 3.725376e+06 3.536028e+04 4.443387e+05 1.331411e+08
<GCONST> 9.027399e+01
<STATE> 3
<NUMMIXES> 5
<MIXTURE> 1 2.372133e-01
<MEAN> 6
 7.722678e+01 -2.606995e+02 2.506326e+02 -7.977714e-01 -3.516110e+00 -9.433289e+01
<VARIANCE> 6
 7.423536e+01 5.196526e+05 7.274721e+04 2.989969e+02 3.923064e+04 5.001988e+07
<GCONST> 7.369574e+01
<MIXTURE> 2 1.730508e-01
<MEAN> 6
 7.116090e+01 3.923924e+02 -1.161863e+03 -1.156188e+00 -2.291058e+00 -7.222423e+01
<VARIANCE> 6
 1.245585e+02 1.272315e+05 2.200058e+06 2.989969e+02 3.923064e+04 5.001988e+07
<GCONST> 7.621537e+01
<MIXTURE> 3 1.645666e-01
<MEAN> 6
 6.675925e+01 4.926374e+02 -2.182787e+02 3.266119e+00 3.606702e+01 1.296319e+03
<VARIANCE> 6
 5.513192e+01 1.658517e+06 1.165047e+05 2.989969e+02 3.923064e+04 5.001988e+07
<GCONST> 7.502969e+01
<MIXTURE> 4 2.605449e-01
<MEAN> 6
 6.769084e+01 1.127544e+02 1.410693e+01 -2.765212e-01 -4.218617e+00 -1.189255e+02
<VARIANCE> 6
 5.702414e+01 1.609639e+05 8.625545e+04 2.989969e+02 3.923064e+04 5.001988e+07
<GCONST> 7.243032e+01
<MIXTURE> 5 1.645666e-01
<MEAN> 6
 6.378922e+01 -2.249637e+01 -3.548099e+02 -3.650491e+00 -4.315989e+01 -1.532671e+03
<VARIANCE> 6
 5.513192e+01 1.658517e+06 1.165047e+05 2.989969e+02 3.923064e+04 5.001988e+07
<GCONST> 7.502969e+01
<STATE> 4
<NUMMIXES> 5
<MIXTURE> 1 2.629116e-01
<MEAN> 6
 4.765305e+01 5.209339e+01 4.858210e+01 3.346121e+01 -1.191607e+02 -3.007225e+02
<VARIANCE> 6
 1.931392e+03 1.162631e+06 8.774122e+05 1.124936e+04 8.516044e+04 5.001988e+07
<GCONST> 8.465248e+01
<MIXTURE> 2 2.024691e-01
<MEAN> 6
 6.049430e+00 -1.346785e+02 5.751857e+01 -6.071242e+01 1.721855e+02 1.507223e+03
<VARIANCE> 6
 2.956756e+03 2.411982e+06 5.118441e+05 3.827012e+04 1.501208e+06 4.245773e+08
<GCONST> 9.150166e+01
<MIXTURE> 3 1.415468e-01
<MEAN> 6
 2.160042e+00 1.593850e+02 8.782890e+01 6.344168e+01 3.742176e+02 6.788068e+02
<VARIANCE> 6
 1.927715e+03 2.005020e+05 1.033933e+05 1.955769e+04 2.910693e+05 5.001988e+07
<GCONST> 8.253661e+01
<MIXTURE> 4 2.508488e-01
<MEAN> 6
 4.226064e+01 -6.335917e+01 1.580401e+01 -2.557977e+01 -3.112131e+02 2.997321e+01
<VARIANCE> 6
 1.458212e+03 3.254188e+05 8.216580e+04 2.307846e+04 2.472800e+05 5.001988e+07
<GCONST> 8.251445e+01
<MIXTURE> 5 1.415468e-01
<MEAN> 6
 -1.540226e+01 -1.972476e+01 -4.079041e+01 7.502157e+00 1.584142e+02 -2.150183e+03
<VARIANCE> 6
 1.927715e+03 2.005020e+05 1.033933e+05 1.955769e+04 2.910693e+05 5.001988e+07
<GCONST> 8.253661e+01
<TRANSP> 5
 0.000000e+00 1.000000e+00 0.000000e+00 0.000000e+00 0.000000e+00
 0.000000e+00 9.998547e-01 1.452532e-04 0.000000e+00 0.000000e+00
 0.000000e+00 0.000000e+00 9.997377e-01 2.623454e-04 0.000000e+00
 0.000000e+00 0.000000e+00 0.000000e+00 9.999402e-01 5.976320e-05
 0.000000e+00 0.000000e+00 0.000000e+00 0.000000e+00 0.000000e+00
<ENDHMM>
~h "QuintoPRIMARIA"
<BEGINHMM>
<NUMSTATES> 5
<STATE> 2
<NUMMIXES> 5
<MIXTURE> 1 2.885586e-01
<MEAN> 6
 6.101477e+01 5.491954e+00 -2.107470e+01 -7.667756e-02 -4.118366e+01 -1.433222e+02
<VARIANCE> 6
 1.356757e+03 1.838192e+05 1.618159e+05 2.132673e+03 3.923064e+04 5.001988e+07
<GCONST> 7.832632e+01
<MIXTURE> 2 1.309802e-01
<MEAN> 6
 2.891321e+01 -5.926698e+01 -2.110369e+02 -6.445019e+01 -1.219825e+02 3.232854e+03
<VARIANCE> 6
 3.733165e+03 5.715218e+05 4.825127e+06 4.157767e+04 2.125691e+06 7.013880e+08
<GCONST> 9.347118e+01
<MIXTURE> 3 2.899298e-01
<MEAN> 6
 9.726748e+00 3.804490e+01 3.983754e+01 4.653937e+01 5.694465e+01 -7.597087e+02
<VARIANCE> 6
 2.633319e+03 8.076605e+04 6.431201e+04 2.644497e+04 4.625397e+05 5.001988e+07
<GCONST> 8.222932e+01
<MIXTURE> 4 1.450344e-01
<MEAN> 6
 2.245393e+01 2.643428e+01 1.909501e+01 2.486874e+01 2.221480e+02 2.072533e+03
<VARIANCE> 6
 2.628518e+03 7.695538e+04 7.234239e+04 3.863959e+04 8.414340e+05 1.750229e+08
<GCONST> 8.452690e+01
<MIXTURE> 5 1.450344e-01
<MEAN> 6
 1.946295e+00 -8.452905e+01 -8.849115e+01 -5.375908e+01 -1.447709e+02 -3.219316e+03
<VARIANCE> 6
 2.628518e+03 7.695538e+04 7.234239e+04 3.863959e+04 8.414340e+05 1.750229e+08
<GCONST> 8.452690e+01
<STATE> 3
<NUMMIXES> 5
<MIXTURE> 1 2.368969e-01
<MEAN> 6
 8.544867e+01 5.779181e+02 5.426174e+02 -1.919870e+00 -2.250051e+00 -1.289515e+01
<VARIANCE> 6
 2.572833e+02 1.419244e+06 2.143617e+06 2.989969e+02 3.923064e+04 5.001988e+07
<GCONST> 7.932666e+01
<MIXTURE> 2 2.238986e-01
<MEAN> 6
 7.858793e+01 -5.193400e+01 -5.984766e+01 -2.215816e+00 6.724555e-01 -2.809531e+01
<VARIANCE> 6
 1.366471e+02 9.126352e+04 7.319551e+04 2.989969e+02 3.923064e+04 5.001988e+07
<GCONST> 7.257264e+01
<MIXTURE> 3 2.391189e-01
<MEAN> 6
 7.438475e+01 -1.743976e+02 -9.366838e+01 -1.683992e+00 -1.004265e+00 -4.172389e+01
<VARIANCE> 6
 1.401299e+02 1.774892e+05 8.259009e+04 2.989969e+02 3.923064e+04 5.001988e+07
<GCONST> 7.338372e+01
<MIXTURE> 4 1.500180e-01
<MEAN> 6
 7.074094e+01 2.164178e+02 -1.480455e+02 3.198273e+00 3.646258e+01 1.345450e+03
<VARIANCE> 6
 1.241596e+02 6.768334e+05 3.436938e+06 2.989969e+02 3.923064e+04 5.001988e+07
<GCONST> 7.832968e+01
<MIXTURE> 5 1.500180e-01
<MEAN> 6
 6.628386e+01 -1.126617e+02 -8.896047e+02 -3.718338e+00 -4.276433e+01 -1.483539e+03
<VARIANCE> 6
 1.241596e+02 6.768334e+05 3.436938e+06 2.989969e+02 3.923064e+04 5.001988e+07
<GCONST> 7.832968e+01
<STATE> 4
<NUMMIXES> 5
<MIXTURE> 1 3.504302e-01
<MEAN> 6
 6.645947e+01 1.041811e+02 1.771694e+02 5.894813e+00 -9.157762e+01 -1.196290e+02
<VARIANCE> 6
 1.689983e+03 5.453686e+05 1.621752e+06 5.352752e+03 6.104858e+04 5.001988e+07
<GCONST> 8.330069e+01
<MIXTURE> 2 2.404799e-02
<MEAN> 6
 1.640708e+01 -2.548036e+02 -8.611913e+01 -1.667777e+01 -5.018807e+02 4.334708e+03
<VARIANCE> 6
 1.007721e+04 2.681632e+06 1.036209e+06 1.212140e+06 6.525302e+08 9.563056e+11
<GCONST> 1.107889e+02
<MIXTURE> 3 2.062536e-01
<MEAN> 6
 9.566666e+00 -1.540189e+01 2.560038e+02 2.807121e+01 4.152557e+02 4.214831e+03
<VARIANCE> 6
 3.478012e+03 7.132825e+05 1.113459e+06 4.490221e+04 1.352632e+06 4.021749e+08
<GCONST> 9.122429e+01
<MIXTURE> 4 2.122694e-01
<MEAN> 6
 2.080585e+01 8.701611e+01 -1.575305e+02 2.164478e+01 -1.438702e+02 -5.912557e+02
<VARIANCE> 6
 3.189005e+03 5.192616e+06 3.338490e+06 3.149775e+04 4.137989e+05 5.009129e+07
<GCONST> 9.059867e+01
<MIXTURE> 5 2.062536e-01
<MEAN> 6
 -1.402320e+01 -3.532261e+02 -1.660784e+02 -5.668935e+01 -4.995512e+01 -3.806889e+03
<VARIANCE> 6
 3.478012e+03 7.132825e+05 1.113459e+06 4.490221e+04 1.352632e+06 4.021749e+08
<GCONST> 9.122429e+01
<TRANSP> 5
 0.000000e+00 1.000000e+00 0.000000e+00 0.000000e+00 0.000000e+00
 0.000000e+00 9.999063e-01 9.368497e-05 0.000000e+00 0.000000e+00
 0.000000e+00 0.000000e+00 9.997507e-01 2.492483e-04 0.000000e+00
 0.000000e+00 0.000000e+00 0.000000e+00 9.999243e-01 7.567171e-05
 0.000000e+00 0.000000e+00 0.000000e+00 0.000000e+00 0.000000e+00
<ENDHMM>
